-0.012,-1.726
-0.031,-2.495
-0.209,0.482
-0.233,-1.391
-0.211,-0.495
-0.278,0.616
-0.311,-0.24
-0.353,-0.29
-0.401,-2.375
-0.409,-0.956
-0.39,-1.618
-0.366,0.416
-0.374,0.338
-0.418,-0.61
-0.465,-1.319
-0.553,0.149
-0.656,1.279
-0.753,-2.26
-1.051,0.246
-1.179,-0.568
-1.256,-1.04
-1.284,-1.046
-1.313,-0.409
-1.28,-1.921
-1.31,0.074
-1.502,-0.625
-1.586,-0.319
-1.709,-1.979
-1.745,-0.617
-1.717,-1.552
-1.855,-0.151
-1.797,-1.224
-1.918,-1.295
-1.854,-0.105
-1.962,-1.305
-1.899,-1.538
-1.976,-0.835
-2.061,-0.205
-2.058,-2.362
-2.063,1.387
-2.08,-2.256
-2.017,-0.944
-2.018,1.249
-2.022,-1.447
-2.054,-0.123
-2.071,-0.602
-2.164,0.268
-2.206,-0.076
-2.138,1.284
-2.169,-2.328
-2.256,-1.119
-2.176,0.79
-2.27,-0.397
-2.298,0.038
-2.361,-0.073
-2.422,-1.78
-2.464,-1.986
-2.468,0.316
-2.499,0.352
-2.529,-1.496
-2.547,-0.31
-2.543,-1.27
-2.484,0.122
-2.497,1.34
-2.623,0.786
-2.618,-0.989
-2.612,0.544
-2.625,-2.166
-2.736,-1.803
-2.677,0.002
-2.791,-1.285
-2.776,0.222
-2.8,-2.417
-2.782,0.761
-2.842,0.287
-2.862,-1.853
-2.794,0.109
-2.814,0.24
-2.876,0.302
-2.917,-0.8
-2.961,-0.43
-2.894,0.667
-2.925,0.498
-3.008,-0.61
-3.004,-1.091
-3.068,-0.753
-3.075,-1.783
-3.099,0.609
-3.124,0.293
-3.139,-1.959
-3.084,-2.174
-3.1,0.193
3.04,0.238
2.987,-1.422
3.003,-0.784
2.915,-0.468
2.813,-1.919
2.762,-1.008
2.754,-1.546
2.788,-1.903
2.683,-2.438
2.672,-0.876
2.666,-1.84
2.677,-1.626
2.697,-1.268
2.574,-2.012
2.538,-1.632
2.531,-2.187
2.451,1.278
2.338,-2.454
2.241,0.297
2.162,-0.225
2.102,1.287
2.017,-0.221
2.074,-0.987
2.052,-0.852
2.067,-0.728
1.694,-1.187
1.636,-1.528
1.599,-1.615
1.481,-2.237
1.401,-0.15
1.317,0.959
1.355,-0.449
1.235,-2.231
1.306,0.839
1.265,-0.965
1.089,0.999
1.054,-0.655
1.024,0.639
0.88,0.321
0.768,0.965
0.775,0.53
0.538,-1.814
0.425,-1.683
0.425,-1.525
0.385,1.285
0.284,-1.203
0.282,-0.836
0.348,-1.06
0.324,-1.532
0.312,-1.117
0.24,-1.6
0.296,-2.24
0.255,-2.425
0.201,-1.917
0.236,0.315
0.142,-0.885
0.12,0.882
0.119,-1.739
0.142,-2.462
0.075,0.113
0.08,-1.652
-0.02,-0.017
-0.045,0.991
-0.047,-1.938
-0.183,-2.616
-0.795,-2.777
-0.969,-2.63
-1.453,-2.641
-1.418,-2.809
-1.79,-2.556
-1.845,-2.643
-2.315,-2.73
-2.399,-2.964
-2.936,-2.834
2.819,-2.615
2.415,-2.633
1.532,-2.648
1.432,-2.836
0.9,-2.878
0.734,-2.747
0.699,-2.635
-0.977,1.587
-1.356,1.674
-1.578,1.78
-1.991,1.742
-2.044,1.78
-2.387,1.717
-2.385,1.845
2.409,1.645
2.294,1.847
2.182,1.497
1.909,1.53
1.785,1.715
1.377,1.611
0.211,1.852
0.125,1.584
-2.447,-2.0
2.885,-0.98
2.66,1.406
1.056,-2.009
-0.776,-2.885
-2.93,1.498
0.016,-1.0
-0.029,0.616
-0.178,-1.451
-0.098,-0.981
-0.117,-0.778
-0.12,-1.429
-0.283,0.224
-0.17,-0.623
-0.198,-2.037
-0.262,0.064
-0.41,-1.792
-0.395,0.062
-0.922,-1.047
-1.096,-1.187
-1.001,-1.05
-1.171,-0.725
-1.215,-0.73
-1.289,1.334
-1.228,0.54
-1.242,-1.094
-1.381,-1.178
-1.595,1.071
-1.609,-0.013
-1.647,-1.379
-1.565,-1.153
-1.679,-1.401
-1.782,-1.429
-1.928,1.21
-1.946,0.318
-1.986,1.28
-2.007,-2.398
-1.971,-0.955
-2.356,-1.398
-2.344,-0.817
-2.338,-0.831
-2.44,-0.792
-2.65,-0.456
-2.545,-1.42
-2.694,-2.013
-2.622,-1.769
-2.624,-1.025
-2.672,0.31
-2.681,-2.396
-2.885,0.131
-2.801,-0.004
-2.894,-0.292
3.079,0.378
-3.093,0.494
2.907,-0.155
2.751,-1.123
2.714,-1.095
2.705,-0.269
2.148,0.587
1.982,-1.384
2.094,-0.613
2.051,-0.519
1.959,-1.362
1.793,1.284
1.783,-1.429
1.639,-1.206
1.704,-1.577
1.561,-0.069
1.449,-0.582
1.54,1.444
1.534,-0.42
1.427,-0.645
1.413,-0.306
1.365,-0.624
1.475,-2.274
1.434,-2.221
1.435,-0.199
1.244,-1.443
1.131,-0.69
0.914,-2.248
0.883,-2.051
0.86,-1.584
0.719,-1.884
0.36,-1.017
0.369,-1.023
0.375,-2.289
0.251,-2.085
0.117,0.139
0.107,-0.959
-0.06,0.097
-0.825,-2.772
-0.959,-2.712
-1.08,-2.605
-1.558,-2.653
-2.293,-2.861
-2.958,-2.78
1.847,-2.785
1.353,-2.823
0.284,-2.735
-0.756,1.432
-2.14,1.603
-2.342,1.531
-2.614,1.587
-2.5,1.578
-2.697,1.449
-2.995,1.701
3.09,1.657
2.792,1.45
1.956,1.77
1.748,1.79
1.062,1.536
0.884,1.794
0.355,1.556
-2.755,-1.766
2.363,-0.819
1.408,-1.795
1.423,0.784
1.776,-0.08
1.623,-0.856
0.701,-1.314
0.724,0.681
0.64,-0.823
0.599,-0.497
0.647,-0.308
-1.839,0.172
-2.811,-1.225
2.936,1.067
0.751,-2.222
1.575,1.142
0.783,1.345
0.397,1.239
0.436,1.392
0.169,1.255
-1.538,-2.356
0.73,-2.31
0.815,-2.584
0.627,1.858
0.129,1.601
0.776,1.608
-0.019,-0.769
-0.197,2.208
-0.221,0.335
-0.199,1.231
-0.266,2.342
-0.299,1.486
-0.341,1.436
-0.389,-0.649
-0.397,0.77
-0.378,0.108
-0.354,2.142
-0.362,2.064
-0.406,1.116
-0.453,0.407
-0.541,1.875
-0.644,3.005
-0.741,-0.534
-1.039,1.972
-1.167,1.158
-1.244,0.686
-1.272,0.68
-1.301,1.317
-1.268,-0.195
-1.298,1.8
-1.49,1.101
-1.574,1.407
-1.697,-0.253
-1.733,1.109
-1.705,0.174
-1.843,1.575
-1.785,0.502
-1.906,0.431
-1.842,1.621
-1.95,0.421
-1.887,0.188
-1.964,0.891
-2.049,1.521
-2.046,-0.636
-2.051,3.113
-2.068,-0.53
-2.005,0.782
-2.006,2.975
-2.01,0.279
-2.042,1.603
-2.059,1.124
-2.152,1.994
-2.194,1.65
-2.126,3.01
-2.157,-0.602
-2.244,0.607
-2.164,2.516
-2.258,1.329
-2.286,1.764
-2.349,1.653
-2.41,-0.054
-2.452,-0.26
-2.456,2.042
-2.487,2.078
-2.517,0.23
-2.535,1.416
-2.531,0.456
-2.472,1.848
-2.485,3.066
-2.611,2.512
-2.606,0.737
-2.6,2.27
-2.613,-0.44
-2.724,-0.077
-2.665,1.728
-2.779,0.441
-2.764,1.948
-2.788,-0.691
-2.77,2.487
-2.83,2.013
-2.85,-0.127
-2.782,1.835
-2.802,1.966
-2.864,2.028
-2.905,0.926
-2.949,1.296
-2.882,2.393
-2.913,2.224
-2.996,1.116
-2.992,0.635
-3.056,0.973
-3.063,-0.057
-3.087,2.335
-3.112,2.019
-3.127,-0.233
-3.072,-0.448
-3.088,1.919
3.052,1.964
2.999,0.304
3.015,0.942
2.927,1.258
2.825,-0.193
2.774,0.718
2.766,0.18
2.8,-0.177
2.695,-0.712
2.684,0.85
2.678,-0.114
2.689,0.1
2.709,0.458
2.586,-0.286
2.55,0.094
2.543,-0.461
2.463,3.004
2.35,-0.728
2.253,2.023
2.174,1.501
2.114,3.013
2.029,1.505
2.086,0.739
2.064,0.874
2.079,0.998
1.706,0.539
1.648,0.198
1.611,0.111
1.493,-0.511
1.413,1.576
1.329,2.685
1.367,1.277
1.247,-0.505
1.318,2.565
1.277,0.761
1.101,2.725
1.066,1.071
1.036,2.365
0.892,2.047
0.78,2.691
0.787,2.256
0.55,-0.088
0.437,0.043
0.437,0.201
0.397,3.011
0.296,0.523
0.294,0.89
0.36,0.666
0.336,0.194
0.324,0.609
0.252,0.126
0.308,-0.514
0.267,-0.699
0.213,-0.191
0.248,2.041
0.154,0.841
0.132,2.608
0.131,-0.013
0.154,-0.736
0.087,1.839
0.092,0.074
-0.008,1.709
-0.033,2.717
-0.035,-0.212
-0.171,-0.89
-0.783,-1.051
-0.957,-0.904
-1.441,-0.915
-1.406,-1.083
-1.778,-0.83
-1.833,-0.917
-2.303,-1.004
-2.387,-1.238
-2.924,-1.108
2.831,-0.889
2.427,-0.907
1.544,-0.922
1.444,-1.11
0.912,-1.152
0.746,-1.021
0.711,-0.909
-0.965,3.313
-1.344,3.4
-1.566,3.506
-1.979,3.468
-2.032,3.506
-2.375,3.443
-2.373,3.571
2.421,3.371
2.306,3.573
2.194,3.223
1.921,3.256
1.797,3.441
1.389,3.337
0.223,3.578
0.137,3.31
-2.435,-0.274
2.897,0.746
2.672,3.132
1.068,-0.283
-0.764,-1.159
-2.918,3.224
0.028,0.726
-0.017,2.342
-0.166,0.275
-0.086,0.745
-0.105,0.948
-0.108,0.297
-0.271,1.95
-0.158,1.103
-0.186,-0.311
-0.25,1.79
-0.398,-0.066
-0.383,1.788
-0.91,0.679
-1.084,0.539
-0.989,0.676
-1.159,1.001
-1.203,0.996
-1.277,3.06
-1.216,2.266
-1.23,0.632
-1.369,0.548
-1.583,2.797
-1.597,1.713
-1.635,0.347
-1.553,0.573
-1.667,0.325
-1.77,0.297
-1.916,2.936
-1.934,2.044
-1.974,3.006
-1.995,-0.672
-1.959,0.771
-2.344,0.328
-2.332,0.909
-2.326,0.895
-2.428,0.934
-2.638,1.27
-2.533,0.306
-2.682,-0.287
-2.61,-0.043
-2.612,0.701
-2.66,2.036
-2.669,-0.67
-2.873,1.857
-2.789,1.722
-2.882,1.434
3.091,2.104
-3.081,2.22
2.919,1.571
2.763,0.603
2.726,0.631
2.717,1.457
2.16,2.313
1.994,0.342
2.106,1.113
2.063,1.207
1.971,0.364
1.805,3.01
1.795,0.297
1.651,0.52
1.716,0.149
1.573,1.657
1.461,1.144
1.552,3.17
1.546,1.306
1.439,1.081
1.425,1.42
1.377,1.102
1.487,-0.548
1.446,-0.495
1.447,1.527
1.256,0.283
1.143,1.036
0.926,-0.522
0.895,-0.325
0.872,0.142
0.731,-0.158
0.372,0.709
0.381,0.703
0.387,-0.563
0.263,-0.359
0.129,1.865
0.119,0.767
-0.048,1.823
-0.813,-1.046
-0.947,-0.986
-1.068,-0.879
-1.546,-0.927
-2.281,-1.135
-2.946,-1.054
1.859,-1.059
1.365,-1.097
0.296,-1.009
-0.744,3.158
-2.128,3.329
-2.33,3.257
-2.602,3.313
-2.488,3.304
-2.685,3.175
-2.983,3.427
3.102,3.383
2.804,3.176
1.968,3.496
1.76,3.516
1.074,3.262
0.896,3.52
0.367,3.282
-2.743,-0.04
2.375,0.907
1.42,-0.069
1.435,2.51
1.788,1.646
1.635,0.87
0.713,0.412
0.736,2.407
0.652,0.903
0.611,1.229
0.659,1.418
-1.827,1.898
-2.799,0.501
2.948,2.793
0.763,-0.496
1.587,2.868
0.795,3.071
0.409,2.965
0.448,3.118
0.181,2.981
-1.526,-0.63
0.742,-0.584
0.827,-0.858
0.639,3.584
0.141,3.327
0.788,3.334
-0.178,2.977
-0.202,1.104
-0.18,2.0
-0.247,3.111
-0.28,2.255
-0.322,2.205
-0.37,0.12
-0.378,1.539
-0.359,0.877
-0.335,2.911
-0.343,2.833
-0.387,1.885
-0.434,1.176
-0.522,2.644
-0.625,3.774
-0.722,0.235
-1.02,2.741
-1.148,1.927
-1.225,1.455
-1.253,1.449
-1.282,2.086
-1.249,0.574
-1.279,2.569
-1.471,1.87
-1.555,2.176
-1.678,0.516
-1.714,1.878
-1.686,0.943
-1.824,2.344
-1.766,1.271
-1.887,1.2
-1.823,2.39
-1.931,1.19
-1.868,0.957
-1.945,1.66
-2.03,2.29
-2.027,0.133
-2.032,3.882
-2.049,0.239
-1.986,1.551
-1.987,3.744
-1.991,1.048
-2.023,2.372
-2.04,1.893
-2.133,2.763
-2.175,2.419
-2.107,3.779
-2.138,0.167
-2.225,1.376
-2.145,3.285
-2.239,2.098
-2.267,2.533
-2.33,2.422
-2.391,0.715
-2.433,0.509
-2.437,2.811
-2.468,2.847
-2.498,0.999
-2.516,2.185
-2.512,1.225
-2.453,2.617
-2.466,3.835
-2.592,3.281
-2.587,1.506
-2.581,3.039
-2.594,0.329
-2.705,0.692
-2.646,2.497
-2.76,1.21
-2.745,2.717
-2.769,0.078
-2.751,3.256
-2.811,2.782
-2.831,0.642
-2.763,2.604
-2.783,2.735
-2.845,2.797
-2.886,1.695
-2.93,2.065
-2.863,3.162
-2.894,2.993
-2.977,1.885
-2.973,1.404
-3.037,1.742
-3.044,0.712
-3.068,3.104
-3.093,2.788
-3.108,0.536
-3.053,0.321
-3.069,2.688
3.071,2.733
3.018,1.073
3.034,1.711
2.946,2.027
2.844,0.576
2.793,1.487
2.785,0.949
2.819,0.592
2.714,0.057
2.703,1.619
2.697,0.655
2.708,0.869
2.728,1.227
2.605,0.483
2.569,0.863
2.562,0.308
2.482,3.773
2.369,0.041
2.272,2.792
2.193,2.27
2.133,3.782
2.048,2.274
2.105,1.508
2.083,1.643
2.098,1.767
1.725,1.308
1.667,0.967
1.63,0.88
1.512,0.258
1.432,2.345
1.348,3.454
1.386,2.046
1.266,0.264
1.337,3.334
1.296,1.53
1.12,3.494
1.085,1.84
1.055,3.134
0.911,2.816
0.799,3.46
0.806,3.025
0.569,0.681
0.456,0.812
0.456,0.97
0.416,3.78
0.315,1.292
0.313,1.659
0.379,1.435
0.355,0.963
0.343,1.378
0.271,0.895
0.327,0.255
0.286,0.07
0.232,0.578
0.267,2.81
0.173,1.61
0.151,3.377
0.15,0.756
0.173,0.033
0.106,2.608
0.111,0.843
0.011,2.478
-0.014,3.486
-0.016,0.557
-0.152,-0.121
-0.764,-0.282
-0.938,-0.135
-1.422,-0.146
-1.387,-0.314
-1.759,-0.061
-1.814,-0.148
-2.284,-0.235
-2.368,-0.469
-2.905,-0.339
2.85,-0.12
2.446,-0.138
1.563,-0.153
1.463,-0.341
0.931,-0.383
0.765,-0.252
0.73,-0.14
-0.946,4.082
-1.325,4.169
-1.547,4.275
-1.96,4.237
-2.013,4.275
-2.356,4.212
-2.354,4.34
2.44,4.14
2.325,4.342
2.213,3.992
1.94,4.025
1.816,4.21
1.408,4.106
0.242,4.347
0.156,4.079
-2.416,0.495
2.916,1.515
2.691,3.901
1.087,0.486
-0.745,-0.39
-2.899,3.993
0.047,1.495
0.002,3.111
-0.147,1.044
-0.067,1.514
-0.086,1.717
-0.089,1.066
-0.252,2.719
-0.139,1.872
-0.167,0.458
-0.231,2.559
-0.379,0.703
-0.364,2.557
-0.891,1.448
-1.065,1.308
-0.97,1.445
-1.14,1.77
-1.184,1.765
-1.258,3.829
-1.197,3.035
-1.211,1.401
-1.35,1.317
-1.564,3.566
-1.578,2.482
-1.616,1.116
-1.534,1.342
-1.648,1.094
-1.751,1.066
-1.897,3.705
-1.915,2.813
-1.955,3.775
-1.976,0.097
-1.94,1.54
-2.325,1.097
-2.313,1.678
-2.307,1.664
-2.409,1.703
-2.619,2.039
-2.514,1.075
-2.663,0.482
-2.591,0.726
-2.593,1.47
-2.641,2.805
-2.65,0.099
-2.854,2.626
-2.77,2.491
-2.863,2.203
3.11,2.873
-3.062,2.989
2.938,2.34
2.782,1.372
2.745,1.4
2.736,2.226
2.179,3.082
2.013,1.111
2.125,1.882
2.082,1.976
1.99,1.133
1.824,3.779
1.814,1.066
1.67,1.289
1.735,0.918
1.592,2.426
1.48,1.913
1.571,3.939
1.565,2.075
1.458,1.85
1.444,2.189
1.396,1.871
1.506,0.221
1.465,0.274
1.466,2.296
1.275,1.052
1.162,1.805
0.945,0.247
0.914,0.444
0.891,0.911
0.75,0.611
0.391,1.478
0.4,1.472
0.406,0.206
0.282,0.41
0.148,2.634
0.138,1.536
-0.029,2.592
-0.794,-0.277
-0.928,-0.217
-1.049,-0.11
-1.527,-0.158
-2.262,-0.366
-2.927,-0.285
1.878,-0.29
1.384,-0.328
0.315,-0.24
-0.725,3.927
-2.109,4.098
-2.311,4.026
-2.583,4.082
-2.469,4.073
-2.666,3.944
-2.964,4.196
3.121,4.152
2.823,3.945
1.987,4.265
1.779,4.285
1.093,4.031
0.915,4.289
0.386,4.051
-2.724,0.729
2.394,1.676
1.439,0.7
1.454,3.279
1.807,2.415
1.654,1.639
0.732,1.181
0.755,3.176
0.671,1.672
0.63,1.998
0.678,2.187
-1.808,2.667
-2.78,1.27
2.967,3.562
0.782,0.273
1.606,3.637
0.814,3.84
0.428,3.734
0.467,3.887
0.2,3.75
-1.507,0.139
0.761,0.185
0.846,-0.089
0.658,4.353
0.16,4.096
0.807,4.103
-0.024,-1.873
-0.002,-0.977
-0.069,0.134
-0.102,-0.722
-0.144,-0.772
-0.192,-2.857
-0.2,-1.438
-0.181,-2.1
-0.157,-0.066
-0.165,-0.144
-0.209,-1.092
-0.256,-1.801
-0.344,-0.333
-0.447,0.797
-0.544,-2.742
-0.842,-0.236
-0.97,-1.05
-1.047,-1.522
-1.075,-1.528
-1.104,-0.891
-1.071,-2.403
-1.101,-0.408
-1.293,-1.107
-1.377,-0.801
-1.5,-2.461
-1.536,-1.099
-1.508,-2.034
-1.646,-0.633
-1.588,-1.706
-1.709,-1.777
-1.645,-0.587
-1.753,-1.787
-1.69,-2.02
-1.767,-1.317
-1.852,-0.687
-1.849,-2.844
-1.854,0.905
-1.871,-2.738
-1.808,-1.426
-1.809,0.767
-1.813,-1.929
-1.845,-0.605
-1.862,-1.084
-1.955,-0.214
-1.997,-0.558
-1.929,0.802
-1.96,-2.81
-2.047,-1.601
-1.967,0.308
-2.061,-0.879
-2.089,-0.444
-2.152,-0.555
-2.213,-2.262
-2.255,-2.468
-2.259,-0.166
-2.29,-0.13
-2.32,-1.978
-2.338,-0.792
-2.334,-1.752
-2.275,-0.36
-2.288,0.858
-2.414,0.304
-2.409,-1.471
-2.403,0.062
-2.416,-2.648
-2.527,-2.285
-2.468,-0.48
-2.582,-1.767
-2.567,-0.26
-2.591,-2.899
-2.573,0.279
-2.633,-0.195
-2.653,-2.335
-2.585,-0.373
-2.605,-0.242
-2.667,-0.18
-2.708,-1.282
-2.752,-0.912
-2.685,0.185
-2.716,0.016
-2.799,-1.092
-2.795,-1.573
-2.859,-1.235
-2.866,-2.265
-2.89,0.127
-2.915,-0.189
-2.93,-2.441
-2.875,-2.656
-2.891,-0.289
-3.034,-0.244
-3.087,-1.904
-3.071,-1.266
3.124,-0.95
3.022,-2.401
2.971,-1.49
2.963,-2.028
2.997,-2.385
2.892,-2.92
2.881,-1.358
2.875,-2.322
2.886,-2.108
2.906,-1.75
2.783,-2.494
2.747,-2.114
2.74,-2.669
2.66,0.796
2.547,-2.936
2.45,-0.185
2.371,-0.707
2.311,0.805
2.226,-0.703
2.283,-1.469
2.261,-1.334
2.276,-1.21
1.903,-1.669
1.845,-2.01
1.808,-2.097
1.69,-2.719
1.61,-0.632
1.526,0.477
1.564,-0.931
1.444,-2.713
1.515,0.357
1.474,-1.447
1.298,0.517
1.263,-1.137
1.233,0.157
1.089,-0.161
0.977,0.483
0.984,0.048
0.747,-2.296
0.634,-2.165
0.634,-2.007
0.594,0.803
0.493,-1.685
0.491,-1.318
0.557,-1.542
0.533,-2.014
0.521,-1.599
0.449,-2.082
0.505,-2.722
0.464,-2.907
0.41,-2.399
0.445,-0.167
0.351,-1.367
0.329,0.4
0.328,-2.221
0.351,-2.944
0.284,-0.369
0.289,-2.134
0.189,-0.499
0.164,0.509
0.162,-2.42
0.026,-3.098
-0.586,-3.259
-0.76,-3.112
-1.244,-3.123
-1.209,-3.291
-1.581,-3.038
-1.636,-3.125
-2.106,-3.212
-2.19,-3.446
-2.727,-3.316
3.028,-3.097
2.624,-3.115
1.741,-3.13
1.641,-3.318
1.109,-3.36
0.943,-3.229
0.908,-3.117
-0.768,1.105
-1.147,1.192
-1.369,1.298
-1.782,1.26
-1.835,1.298
-2.178,1.235
-2.176,1.363
2.618,1.163
2.503,1.365
2.391,1.015
2.118,1.048
1.994,1.233
1.586,1.129
0.42,1.37
0.334,1.102
-2.238,-2.482
3.094,-1.462
2.869,0.924
1.265,-2.491
-0.567,-3.367
-2.721,1.016
0.225,-1.482
0.18,0.134
0.031,-1.933
0.111,-1.463
0.092,-1.26
0.089,-1.911
-0.074,-0.258
0.039,-1.105
0.011,-2.519
-0.053,-0.418
-0.201,-2.274
-0.186,-0.42
-0.713,-1.529
-0.887,-1.669
-0.792,-1.532
-0.962,-1.207
-1.006,-1.212
-1.08,0.852
-1.019,0.058
-1.033,-1.576
-1.172,-1.66
-1.386,0.589
-1.4,-0.495
-1.438,-1.861
-1.356,-1.635
-1.47,-1.883
-1.573,-1.911
-1.719,0.728
-1.737,-0.164
-1.777,0.798
-1.798,-2.88
-1.762,-1.437
-2.147,-1.88
-2.135,-1.299
-2.129,-1.313
-2.231,-1.274
-2.441,-0.938
-2.336,-1.902
-2.485,-2.495
-2.413,-2.251
-2.415,-1.507
-2.463,-0.172
-2.472,-2.878
-2.676,-0.351
-2.592,-0.486
-2.685,-0.774
-2.995,-0.104
-2.884,0.012
3.116,-0.637
2.96,-1.605
2.923,-1.577
2.914,-0.751
2.357,0.105
2.191,-1.866
2.303,-1.095
2.26,-1.001
2.168,-1.844
2.002,0.802
1.992,-1.911
1.848,-1.688
1.913,-2.059
1.77,-0.551
1.658,-1.064
1.749,0.962
1.743,-0.902
1.636,-1.127
1.622,-0.788
1.574,-1.106
1.684,-2.756
1.643,-2.703
1.644,-0.681
1.453,-1.925
1.34,-1.172
1.123,-2.73
1.092,-2.533
1.069,-2.066
0.928,-2.366
0.569,-1.499
0.578,-1.505
0.584,-2.771
0.46,-2.567
0.326,-0.343
0.316,-1.441
0.149,-0.385
-0.616,-3.254
-0.75,-3.194
-0.871,-3.087
-1.349,-3.135
-2.084,-3.343
-2.749,-3.262
2.056,-3.267
1.562,-3.305
0.493,-3.217
-0.547,0.95
-1.931,1.121
-2.133,1.049
-2.405,1.105
-2.291,1.096
-2.488,0.967
-2.786,1.219
-2.984,1.175
3.001,0.968
2.165,1.288
1.957,1.308
1.271,1.054
1.093,1.312
0.564,1.074
-2.546,-2.248
2.572,-1.301
1.617,-2.277
1.632,0.302
1.985,-0.562
1.832,-1.338
0.91,-1.796
0.933,0.199
0.849,-1.305
0.808,-0.979
0.856,-0.79
-1.63,-0.31
-2.602,-1.707
-3.138,0.585
0.96,-2.704
1.784,0.66
0.992,0.863
0.606,0.757
0.645,0.91
0.378,0.773
-1.329,-2.838
0.939,-2.792
1.024,-3.066
0.836,1.376
0.338,1.119
0.985,1.126
0.022,0.896
-0.045,2.007
-0.078,1.151
-0.12,1.101
-0.168,-0.984
-0.176,0.435
-0.157,-0.227
-0.133,1.807
-0.141,1.729
-0.185,0.781
-0.232,0.072
-0.32,1.54
-0.423,2.67
-0.52,-0.869
-0.818,1.637
-0.946,0.823
-1.023,0.351
-1.051,0.345
-1.08,0.982
-1.047,-0.53
-1.077,1.465
-1.269,0.766
-1.353,1.072
-1.476,-0.588
-1.512,0.774
-1.484,-0.161
-1.622,1.24
-1.564,0.167
-1.685,0.096
-1.621,1.286
-1.729,0.086
-1.666,-0.147
-1.743,0.556
-1.828,1.186
-1.825,-0.971
-1.83,2.778
-1.847,-0.865
-1.784,0.447
-1.785,2.64
-1.789,-0.056
-1.821,1.268
-1.838,0.789
-1.931,1.659
-1.973,1.315
-1.905,2.675
-1.936,-0.937
-2.023,0.272
-1.943,2.181
-2.037,0.994
-2.065,1.429
-2.128,1.318
-2.189,-0.389
-2.231,-0.595
-2.235,1.707
-2.266,1.743
-2.296,-0.105
-2.314,1.081
-2.31,0.121
-2.251,1.513
-2.264,2.731
-2.39,2.177
-2.385,0.402
-2.379,1.935
-2.392,-0.775
-2.503,-0.412
-2.444,1.393
-2.558,0.106
-2.543,1.613
-2.567,-1.026
-2.549,2.152
-2.609,1.678
-2.629,-0.462
-2.561,1.5
-2.581,1.631
-2.643,1.693
-2.684,0.591
-2.728,0.961
-2.661,2.058
-2.692,1.889
-2.775,0.781
-2.771,0.3
-2.835,0.638
-2.842,-0.392
-2.866,2.0
-2.891,1.684
-2.906,-0.568
-2.851,-0.783
-2.867,1.584
-3.01,1.629
-3.063,-0.031
-3.047,0.607
-3.135,0.923
3.046,-0.528
2.995,0.383
2.987,-0.155
3.021,-0.512
2.916,-1.047
2.905,0.515
2.899,-0.449
2.91,-0.235
2.93,0.123
2.807,-0.621
2.771,-0.241
2.764,-0.796
2.684,2.669
2.571,-1.063
2.474,1.688
2.395,1.166
2.335,2.678
2.25,1.17
2.307,0.404
2.285,0.539
2.3,0.663
1.927,0.204
1.869,-0.137
1.832,-0.224
1.714,-0.846
1.634,1.241
1.55,2.35
1.588,0.942
1.468,-0.84
1.539,2.23
1.498,0.426
1.322,2.39
1.287,0.736
1.257,2.03
1.113,1.712
1.001,2.356
1.008,1.921
0.771,-0.423
0.658,-0.292
0.658,-0.134
0.618,2.676
0.517,0.188
0.515,0.555
0.581,0.331
0.557,-0.141
0.545,0.274
0.473,-0.209
0.529,-0.849
0.488,-1.034
0.434,-0.526
0.469,1.706
0.375,0.506
0.353,2.273
0.352,-0.348
0.375,-1.071
0.308,1.504
0.313,-0.261
0.213,1.374
0.188,2.382
0.186,-0.547
0.05,-1.225
-0.562,-1.386
-0.736,-1.239
-1.22,-1.25
-1.185,-1.418
-1.557,-1.165
-1.612,-1.252
-2.082,-1.339
-2.166,-1.573
-2.703,-1.443
3.052,-1.224
2.648,-1.242
1.765,-1.257
1.665,-1.445
1.133,-1.487
0.967,-1.356
0.932,-1.244
-0.744,2.978
-1.123,3.065
-1.345,3.171
-1.758,3.133
-1.811,3.171
-2.154,3.108
-2.152,3.236
2.642,3.036
2.527,3.238
2.415,2.888
2.142,2.921
2.018,3.106
1.61,3.002
0.444,3.243
0.358,2.975
-2.214,-0.609
3.118,0.411
2.893,2.797
1.289,-0.618
-0.543,-1.494
-2.697,2.889
0.249,0.391
0.204,2.007
0.055,-0.06
0.135,0.41
0.116,0.613
0.113,-0.038
-0.05,1.615
0.063,0.768
0.035,-0.646
-0.029,1.455
-0.177,-0.401
-0.162,1.453
-0.689,0.344
-0.863,0.204
-0.768,0.341
-0.938,0.666
-0.982,0.661
-1.056,2.725
-0.995,1.931
-1.009,0.297
-1.148,0.213
-1.362,2.462
-1.376,1.378
-1.414,0.012
-1.332,0.238
-1.446,-0.01
-1.549,-0.038
-1.695,2.601
-1.713,1.709
-1.753,2.671
-1.774,-1.007
-1.738,0.436
-2.123,-0.007
-2.111,0.574
-2.105,0.56
-2.207,0.599
-2.417,0.935
-2.312,-0.029
-2.461,-0.622
-2.389,-0.378
-2.391,0.366
-2.439,1.701
-2.448,-1.005
-2.652,1.522
-2.568,1.387
-2.661,1.099
-2.971,1.769
-2.86,1.885
3.14,1.236
2.984,0.268
2.947,0.296
2.938,1.122
2.381,1.978
2.215,0.007
2.327,0.778
2.284,0.872
2.192,0.029
2.026,2.675
2.016,-0.038
1.872,0.185
1.937,-0.186
1.794,1.322
1.682,0.809
1.773,2.835
1.767,0.971
1.66,0.746
1.646,1.085
1.598,0.767
1.708,-0.883
1.667,-0.83
1.668,1.192
1.477,-0.052
1.364,0.701
1.147,-0.857
1.116,-0.66
1.093,-0.193
0.952,-0.493
0.593,0.374
0.602,0.368
0.608,-0.898
0.484,-0.694
0.35,1.53
0.34,0.432
0.173,1.488
-0.592,-1.381
-0.726,-1.321
-0.847,-1.214
-1.325,-1.262
-2.06,-1.47
-2.725,-1.389
2.08,-1.394
1.586,-1.432
0.517,-1.344
-0.523,2.823
-1.907,2.994
-2.109,2.922
-2.381,2.978
-2.267,2.969
-2.464,2.84
-2.762,3.092
-2.96,3.048
3.025,2.841
2.189,3.161
1.981,3.181
1.295,2.927
1.117,3.185
0.588,2.947
-2.522,-0.375
2.596,0.572
1.641,-0.404
1.656,2.175
2.009,1.311
1.856,0.535
0.934,0.077
0.957,2.072
0.873,0.568
0.832,0.894
0.88,1.083
-1.606,1.563
-2.578,0.166
-3.114,2.458
0.984,-0.831
1.808,2.533
1.016,2.736
0.63,2.63
0.669,2.783
0.402,2.646
-1.305,-0.965
0.963,-0.919
1.048,-1.193
0.86,3.249
0.362,2.992
1.009,2.999
-0.067,1.111
-0.1,0.255
-0.142,0.205
-0.19,-1.88
-0.198,-0.461
-0.179,-1.123
-0.155,0.911
-0.163,0.833
-0.207,-0.115
-0.254,-0.824
-0.342,0.644
-0.445,1.774
-0.542,-1.765
-0.84,0.741
-0.968,-0.073
-1.045,-0.545
-1.073,-0.551
-1.102,0.086
-1.069,-1.426
-1.099,0.569
-1.291,-0.13
-1.375,0.176
-1.498,-1.484
-1.534,-0.122
-1.506,-1.057
-1.644,0.344
-1.586,-0.729
-1.707,-0.8
-1.643,0.39
-1.751,-0.81
-1.688,-1.043
-1.765,-0.34
-1.85,0.29
-1.847,-1.867
-1.852,1.882
-1.869,-1.761
-1.806,-0.449
-1.807,1.744
-1.811,-0.952
-1.843,0.372
-1.86,-0.107
-1.953,0.763
-1.995,0.419
-1.927,1.779
-1.958,-1.833
-2.045,-0.624
-1.965,1.285
-2.059,0.098
-2.087,0.533
-2.15,0.422
-2.211,-1.285
-2.253,-1.491
-2.257,0.811
-2.288,0.847
-2.318,-1.001
-2.336,0.185
-2.332,-0.775
-2.273,0.617
-2.286,1.835
-2.412,1.281
-2.407,-0.494
-2.401,1.039
-2.414,-1.671
-2.525,-1.308
-2.466,0.497
-2.58,-0.79
-2.565,0.717
-2.589,-1.922
-2.571,1.256
-2.631,0.782
-2.651,-1.358
-2.583,0.604
-2.603,0.735
-2.665,0.797
-2.706,-0.305
-2.75,0.065
-2.683,1.162
-2.714,0.993
-2.797,-0.115
-2.793,-0.596
-2.857,-0.258
-2.864,-1.288
-2.888,1.104
-2.913,0.788
-2.928,-1.464
-2.873,-1.679
-2.889,0.688
-3.032,0.733
-3.085,-0.927
-3.069,-0.289
3.126,0.027
3.024,-1.424
2.973,-0.513
2.965,-1.051
2.999,-1.408
2.894,-1.943
2.883,-0.381
2.877,-1.345
2.888,-1.131
2.908,-0.773
2.785,-1.517
2.749,-1.137
2.742,-1.692
2.662,1.773
2.549,-1.959
2.452,0.792
2.373,0.27
2.313,1.782
2.228,0.274
2.285,-0.492
2.263,-0.357
2.278,-0.233
1.905,-0.692
1.847,-1.033
1.81,-1.12
1.692,-1.742
1.612,0.345
1.528,1.454
1.566,0.046
1.446,-1.736
1.517,1.334
1.476,-0.47
1.3,1.494
1.265,-0.16
1.235,1.134
1.091,0.816
0.979,1.46
0.986,1.025
0.749,-1.319
0.636,-1.188
0.636,-1.03
0.596,1.78
0.495,-0.708
0.493,-0.341
0.559,-0.565
0.535,-1.037
0.523,-0.622
0.451,-1.105
0.507,-1.745
0.466,-1.93
0.412,-1.422
0.447,0.81
0.353,-0.39
0.331,1.377
0.33,-1.244
0.353,-1.967
0.286,0.608
0.291,-1.157
0.191,0.478
0.166,1.486
0.164,-1.443
0.028,-2.121
-0.584,-2.282
-0.758,-2.135
-1.242,-2.146
-1.207,-2.314
-1.579,-2.061
-1.634,-2.148
-2.104,-2.235
-2.188,-2.469
-2.725,-2.339
3.03,-2.12
2.626,-2.138
1.743,-2.153
1.643,-2.341
1.111,-2.383
0.945,-2.252
0.91,-2.14
-0.766,2.082
-1.145,2.169
-1.367,2.275
-1.78,2.237
-1.833,2.275
-2.176,2.212
-2.174,2.34
2.62,2.14
2.505,2.342
2.393,1.992
2.12,2.025
1.996,2.21
1.588,2.106
0.422,2.347
0.336,2.079
-2.236,-1.505
3.096,-0.485
2.871,1.901
1.267,-1.514
-0.565,-2.39
-2.719,1.993
0.227,-0.505
0.182,1.111
0.033,-0.956
0.113,-0.486
0.094,-0.283
0.091,-0.934
-0.072,0.719
0.041,-0.128
0.013,-1.542
-0.051,0.559
-0.199,-1.297
-0.184,0.557
-0.711,-0.552
-0.885,-0.692
-0.79,-0.555
-0.96,-0.23
-1.004,-0.235
-1.078,1.829
-1.017,1.035
-1.031,-0.599
-1.17,-0.683
-1.384,1.566
-1.398,0.482
-1.436,-0.884
-1.354,-0.658
-1.468,-0.906
-1.571,-0.934
-1.717,1.705
-1.735,0.813
-1.775,1.775
-1.796,-1.903
-1.76,-0.46
-2.145,-0.903
-2.133,-0.322
-2.127,-0.336
-2.229,-0.297
-2.439,0.039
-2.334,-0.925
-2.483,-1.518
-2.411,-1.274
-2.413,-0.53
-2.461,0.805
-2.47,-1.901
-2.674,0.626
-2.59,0.491
-2.683,0.203
-2.993,0.873
-2.882,0.989
3.118,0.34
2.962,-0.628
2.925,-0.6
2.916,0.226
2.359,1.082
2.193,-0.889
2.305,-0.118
2.262,-0.024
2.17,-0.867
2.004,1.779
1.994,-0.934
1.85,-0.711
1.915,-1.082
1.772,0.426
1.66,-0.087
1.751,1.939
1.745,0.075
1.638,-0.15
1.624,0.189
1.576,-0.129
1.686,-1.779
1.645,-1.726
1.646,0.296
1.455,-0.948
1.342,-0.195
1.125,-1.753
1.094,-1.556
1.071,-1.089
0.93,-1.389
0.571,-0.522
0.58,-0.528
0.586,-1.794
0.462,-1.59
0.328,0.634
0.318,-0.464
0.151,0.592
-0.614,-2.277
-0.748,-2.217
-0.869,-2.11
-1.347,-2.158
-2.082,-2.366
-2.747,-2.285
2.058,-2.29
1.564,-2.328
0.495,-2.24
-0.545,1.927
-1.929,2.098
-2.131,2.026
-2.403,2.082
-2.289,2.073
-2.486,1.944
-2.784,2.196
-2.982,2.152
3.003,1.945
2.167,2.265
1.959,2.285
1.273,2.031
1.095,2.289
0.566,2.051
-2.544,-1.271
2.574,-0.324
1.619,-1.3
1.634,1.279
1.987,0.415
1.834,-0.361
0.912,-0.819
0.935,1.176
0.851,-0.328
0.81,-0.002
0.858,0.187
-1.628,0.667
-2.6,-0.73
-3.136,1.562
0.962,-1.727
1.786,1.637
0.994,1.84
0.608,1.734
0.647,1.887
0.38,1.75
-1.327,-1.861
0.941,-1.815
1.026,-2.089
0.838,2.353
0.34,2.096
0.987,2.103
-0.033,-0.856
-0.075,-0.906
-0.123,-2.991
-0.131,-1.572
-0.112,-2.234
-0.088,-0.2
-0.096,-0.278
-0.14,-1.226
-0.187,-1.935
-0.275,-0.467
-0.378,0.663
-0.475,-2.876
-0.773,-0.37
-0.901,-1.184
-0.978,-1.656
-1.006,-1.662
-1.035,-1.025
-1.002,-2.537
-1.032,-0.542
-1.224,-1.241
-1.308,-0.935
-1.431,-2.595
-1.467,-1.233
-1.439,-2.168
-1.577,-0.767
-1.519,-1.84
-1.64,-1.911
-1.576,-0.721
-1.684,-1.921
-1.621,-2.154
-1.698,-1.451
-1.783,-0.821
-1.78,-2.978
-1.785,0.771
-1.802,-2.872
-1.739,-1.56
-1.74,0.633
-1.744,-2.063
-1.776,-0.739
-1.793,-1.218
-1.886,-0.348
-1.928,-0.692
-1.86,0.668
-1.891,-2.944
-1.978,-1.735
-1.898,0.174
-1.992,-1.013
-2.02,-0.578
-2.083,-0.689
-2.144,-2.396
-2.186,-2.602
-2.19,-0.3
-2.221,-0.264
-2.251,-2.112
-2.269,-0.926
-2.265,-1.886
-2.206,-0.494
-2.219,0.724
-2.345,0.17
-2.34,-1.605
-2.334,-0.072
-2.347,-2.782
-2.458,-2.419
-2.399,-0.614
-2.513,-1.901
-2.498,-0.394
-2.522,-3.033
-2.504,0.145
-2.564,-0.329
-2.584,-2.469
-2.516,-0.507
-2.536,-0.376
-2.598,-0.314
-2.639,-1.416
-2.683,-1.046
-2.616,0.051
-2.647,-0.118
-2.73,-1.226
-2.726,-1.707
-2.79,-1.369
-2.797,-2.399
-2.821,-0.007
-2.846,-0.323
-2.861,-2.575
-2.806,-2.79
-2.822,-0.423
-2.965,-0.378
-3.018,-2.038
-3.002,-1.4
-3.09,-1.084
3.091,-2.535
3.04,-1.624
3.032,-2.162
3.066,-2.519
2.961,-3.054
2.95,-1.492
2.944,-2.456
2.955,-2.242
2.975,-1.884
2.852,-2.628
2.816,-2.248
2.809,-2.803
2.729,0.662
2.616,-3.07
2.519,-0.319
2.44,-0.841
2.38,0.671
2.295,-0.837
2.352,-1.603
2.33,-1.468
2.345,-1.344
1.972,-1.803
1.914,-2.144
1.877,-2.231
1.759,-2.853
1.679,-0.766
1.595,0.343
1.633,-1.065
1.513,-2.847
1.584,0.223
1.543,-1.581
1.367,0.383
1.332,-1.271
1.302,0.023
1.158,-0.295
1.046,0.349
1.053,-0.086
0.816,-2.43
0.703,-2.299
0.703,-2.141
0.663,0.669
0.562,-1.819
0.56,-1.452
0.626,-1.676
0.602,-2.148
0.59,-1.733
0.518,-2.216
0.574,-2.856
0.533,-3.041
0.479,-2.533
0.514,-0.301
0.42,-1.501
0.398,0.266
0.397,-2.355
0.42,-3.078
0.353,-0.503
0.358,-2.268
0.258,-0.633
0.233,0.375
0.231,-2.554
0.095,-3.232
-0.517,-3.393
-0.691,-3.246
-1.175,-3.257
-1.14,-3.425
-1.512,-3.172
-1.567,-3.259
-2.037,-3.346
-2.121,-3.58
-2.658,-3.45
3.097,-3.231
2.693,-3.249
1.81,-3.264
1.71,-3.452
1.178,-3.494
1.012,-3.363
0.977,-3.251
-0.699,0.971
-1.078,1.058
-1.3,1.164
-1.713,1.126
-1.766,1.164
-2.109,1.101
-2.107,1.229
2.687,1.029
2.572,1.231
2.46,0.881
2.187,0.914
2.063,1.099
1.655,0.995
0.489,1.236
0.403,0.968
-2.169,-2.616
-3.12,-1.596
2.938,0.79
1.334,-2.625
-0.498,-3.501
-2.652,0.882
0.294,-1.616
0.249,0.0
0.1,-2.067
0.18,-1.597
0.161,-1.394
0.158,-2.045
-0.005,-0.392
0.108,-1.239
0.08,-2.653
0.016,-0.552
-0.132,-2.408
-0.117,-0.554
-0.644,-1.663
-0.818,-1.803
-0.723,-1.666
-0.893,-1.341
-0.937,-1.346
-1.011,0.718
-0.95,-0.076
-0.964,-1.71
-1.103,-1.794
-1.317,0.455
-1.331,-0.629
-1.369,-1.995
-1.287,-1.769
-1.401,-2.017
-1.504,-2.045
-1.65,0.594
-1.668,-0.298
-1.708,0.664
-1.729,-3.014
-1.693,-1.571
-2.078,-2.014
-2.066,-1.433
-2.06,-1.447
-2.162,-1.408
-2.372,-1.072
-2.267,-2.036
-2.416,-2.629
-2.344,-2.385
-2.346,-1.641
-2.394,-0.306
-2.403,-3.012
-2.607,-0.485
-2.523,-0.62
-2.616,-0.908
-2.926,-0.238
-2.815,-0.122
-3.098,-0.771
3.029,-1.739
2.992,-1.711
2.983,-0.885
2.426,-0.029
2.26,-2.0
2.372,-1.229
2.329,-1.135
2.237,-1.978
2.071,0.668
2.061,-2.045
1.917,-1.822
1.982,-2.193
1.839,-0.685
1.727,-1.198
1.818,0.828
1.812,-1.036
1.705,-1.261
1.691,-0.922
1.643,-1.24
1.753,-2.89
1.712,-2.837
1.713,-0.815
1.522,-2.059
1.409,-1.306
1.192,-2.864
1.161,-2.667
1.138,-2.2
0.997,-2.5
0.638,-1.633
0.647,-1.639
0.653,-2.905
0.529,-2.701
0.395,-0.477
0.385,-1.575
0.218,-0.519
-0.547,-3.388
-0.681,-3.328
-0.802,-3.221
-1.28,-3.269
-2.015,-3.477
-2.68,-3.396
2.125,-3.401
1.631,-3.439
0.562,-3.351
-0.478,0.816
-1.862,0.987
-2.064,0.915
-2.336,0.971
-2.222,0.962
-2.419,0.833
-2.717,1.085
-2.915,1.041
3.07,0.834
2.234,1.154
2.026,1.174
1.34,0.92
1.162,1.178
0.633,0.94
-2.477,-2.382
2.641,-1.435
1.686,-2.411
1.701,0.168
2.054,-0.696
1.901,-1.472
0.979,-1.93
1.002,0.065
0.918,-1.439
0.877,-1.113
0.925,-0.924
-1.561,-0.444
-2.533,-1.841
-3.069,0.451
1.029,-2.838
1.853,0.526
1.061,0.729
0.675,0.623
0.714,0.776
0.447,0.639
-1.26,-2.972
1.008,-2.926
1.093,-3.2
0.905,1.242
0.407,0.985
1.054,0.992
-0.042,-0.05
-0.09,-2.135
-0.098,-0.716
-0.079,-1.378
-0.055,0.656
-0.063,0.578
-0.107,-0.37
-0.154,-1.079
-0.242,0.389
-0.345,1.519
-0.442,-2.02
-0.74,0.486
-0.868,-0.328
-0.945,-0.8
-0.973,-0.806
-1.002,-0.169
-0.969,-1.681
-0.999,0.314
-1.191,-0.385
-1.275,-0.079
-1.398,-1.739
-1.434,-0.377
-1.406,-1.312
-1.544,0.089
-1.486,-0.984
-1.607,-1.055
-1.543,0.135
-1.651,-1.065
-1.588,-1.298
-1.665,-0.595
-1.75,0.035
-1.747,-2.122
-1.752,1.627
-1.769,-2.016
-1.706,-0.704
-1.707,1.489
-1.711,-1.207
-1.743,0.117
-1.76,-0.362
-1.853,0.508
-1.895,0.164
-1.827,1.524
-1.858,-2.088
-1.945,-0.879
-1.865,1.03
-1.959,-0.157
-1.987,0.278
-2.05,0.167
-2.111,-1.54
-2.153,-1.746
-2.157,0.556
-2.188,0.592
-2.218,-1.256
-2.236,-0.07
-2.232,-1.03
-2.173,0.362
-2.186,1.58
-2.312,1.026
-2.307,-0.749
-2.301,0.784
-2.314,-1.926
-2.425,-1.563
-2.366,0.242
-2.48,-1.045
-2.465,0.462
-2.489,-2.177
-2.471,1.001
-2.531,0.527
-2.551,-1.613
-2.483,0.349
-2.503,0.48
-2.565,0.542
-2.606,-0.56
-2.65,-0.19
-2.583,0.907
-2.614,0.738
-2.697,-0.37
-2.693,-0.851
-2.757,-0.513
-2.764,-1.543
-2.788,0.849
-2.813,0.533
-2.828,-1.719
-2.773,-1.934
-2.789,0.433
-2.932,0.478
-2.985,-1.182
-2.969,-0.544
-3.057,-0.228
3.124,-1.679
3.073,-0.768
3.065,-1.306
3.099,-1.663
2.994,-2.198
2.983,-0.636
2.977,-1.6
2.988,-1.386
3.008,-1.028
2.885,-1.772
2.849,-1.392
2.842,-1.947
2.762,1.518
2.649,-2.214
2.552,0.537
2.473,0.015
2.413,1.527
2.328,0.019
2.385,-0.747
2.363,-0.612
2.378,-0.488
2.005,-0.947
1.947,-1.288
1.91,-1.375
1.792,-1.997
1.712,0.09
1.628,1.199
1.666,-0.209
1.546,-1.991
1.617,1.079
1.576,-0.725
1.4,1.239
1.365,-0.415
1.335,0.879
1.191,0.561
1.079,1.205
1.086,0.77
0.849,-1.574
0.736,-1.443
0.736,-1.285
0.696,1.525
0.595,-0.963
0.593,-0.596
0.659,-0.82
0.635,-1.292
0.623,-0.877
0.551,-1.36
0.607,-2.0
0.566,-2.185
0.512,-1.677
0.547,0.555
0.453,-0.645
0.431,1.122
0.43,-1.499
0.453,-2.222
0.386,0.353
0.391,-1.412
0.291,0.223
0.266,1.231
0.264,-1.698
0.128,-2.376
-0.484,-2.537
-0.658,-2.39
-1.142,-2.401
-1.107,-2.569
-1.479,-2.316
-1.534,-2.403
-2.004,-2.49
-2.088,-2.724
-2.625,-2.594
3.13,-2.375
2.726,-2.393
1.843,-2.408
1.743,-2.596
1.211,-2.638
1.045,-2.507
1.01,-2.395
-0.666,1.827
-1.045,1.914
-1.267,2.02
-1.68,1.982
-1.733,2.02
-2.076,1.957
-2.074,2.085
2.72,1.885
2.605,2.087
2.493,1.737
2.22,1.77
2.096,1.955
1.688,1.851
0.522,2.092
0.436,1.824
-2.136,-1.76
-3.087,-0.74
2.971,1.646
1.367,-1.769
-0.465,-2.645
-2.619,1.738
0.327,-0.76
0.282,0.856
0.133,-1.211
0.213,-0.741
0.194,-0.538
0.191,-1.189
0.028,0.464
0.141,-0.383
0.113,-1.797
0.049,0.304
-0.099,-1.552
-0.084,0.302
-0.611,-0.807
-0.785,-0.947
-0.69,-0.81
-0.86,-0.485
-0.904,-0.49
-0.978,1.574
-0.917,0.78
-0.931,-0.854
-1.07,-0.938
-1.284,1.311
-1.298,0.227
-1.336,-1.139
-1.254,-0.913
-1.368,-1.161
-1.471,-1.189
-1.617,1.45
-1.635,0.558
-1.675,1.52
-1.696,-2.158
-1.66,-0.715
-2.045,-1.158
-2.033,-0.577
-2.027,-0.591
-2.129,-0.552
-2.339,-0.216
-2.234,-1.18
-2.383,-1.773
-2.311,-1.529
-2.313,-0.785
-2.361,0.55
-2.37,-2.156
-2.574,0.371
-2.49,0.236
-2.583,-0.052
-2.893,0.618
-2.782,0.734
-3.065,0.085
3.062,-0.883
3.025,-0.855
3.016,-0.029
2.459,0.827
2.293,-1.144
2.405,-0.373
2.362,-0.279
2.27,-1.122
2.104,1.524
2.094,-1.189
1.95,-0.966
2.015,-1.337
1.872,0.171
1.76,-0.342
1.851,1.684
1.845,-0.18
1.738,-0.405
1.724,-0.066
1.676,-0.384
1.786,-2.034
1.745,-1.981
1.746,0.041
1.555,-1.203
1.442,-0.45
1.225,-2.008
1.194,-1.811
1.171,-1.344
1.03,-1.644
0.671,-0.777
0.68,-0.783
0.686,-2.049
0.562,-1.845
0.428,0.379
0.418,-0.719
0.251,0.337
-0.514,-2.532
-0.648,-2.472
-0.769,-2.365
-1.247,-2.413
-1.982,-2.621
-2.647,-2.54
2.158,-2.545
1.664,-2.583
0.595,-2.495
-0.445,1.672
-1.829,1.843
-2.031,1.771
-2.303,1.827
-2.189,1.818
-2.386,1.689
-2.684,1.941
-2.882,1.897
3.103,1.69
2.267,2.01
2.059,2.03
1.373,1.776
1.195,2.034
0.666,1.796
-2.444,-1.526
2.674,-0.579
1.719,-1.555
1.734,1.024
2.087,0.16
1.934,-0.616
1.012,-1.074
1.035,0.921
0.951,-0.583
0.91,-0.257
0.958,-0.068
-1.528,0.412
-2.5,-0.985
-3.036,1.307
1.062,-1.982
1.886,1.382
1.094,1.585
0.708,1.479
0.747,1.632
0.48,1.495
-1.227,-2.116
1.041,-2.07
1.126,-2.344
0.938,2.098
0.44,1.841
1.087,1.848
-0.048,-2.085
-0.056,-0.666
-0.037,-1.328
-0.013,0.706
-0.021,0.628
-0.065,-0.32
-0.112,-1.029
-0.2,0.439
-0.303,1.569
-0.4,-1.97
-0.698,0.536
-0.826,-0.278
-0.903,-0.75
-0.931,-0.756
-0.96,-0.119
-0.927,-1.631
-0.957,0.364
-1.149,-0.335
-1.233,-0.029
-1.356,-1.689
-1.392,-0.327
-1.364,-1.262
-1.502,0.139
-1.444,-0.934
-1.565,-1.005
-1.501,0.185
-1.609,-1.015
-1.546,-1.248
-1.623,-0.545
-1.708,0.085
-1.705,-2.072
-1.71,1.677
-1.727,-1.966
-1.664,-0.654
-1.665,1.539
-1.669,-1.157
-1.701,0.167
-1.718,-0.312
-1.811,0.558
-1.853,0.214
-1.785,1.574
-1.816,-2.038
-1.903,-0.829
-1.823,1.08
-1.917,-0.107
-1.945,0.328
-2.008,0.217
-2.069,-1.49
-2.111,-1.696
-2.115,0.606
-2.146,0.642
-2.176,-1.206
-2.194,-0.02
-2.19,-0.98
-2.131,0.412
-2.144,1.63
-2.27,1.076
-2.265,-0.699
-2.259,0.834
-2.272,-1.876
-2.383,-1.513
-2.324,0.292
-2.438,-0.995
-2.423,0.512
-2.447,-2.127
-2.429,1.051
-2.489,0.577
-2.509,-1.563
-2.441,0.399
-2.461,0.53
-2.523,0.592
-2.564,-0.51
-2.608,-0.14
-2.541,0.957
-2.572,0.788
-2.655,-0.32
-2.651,-0.801
-2.715,-0.463
-2.722,-1.493
-2.746,0.899
-2.771,0.583
-2.786,-1.669
-2.731,-1.884
-2.747,0.483
-2.89,0.528
-2.943,-1.132
-2.927,-0.494
-3.015,-0.178
-3.117,-1.629
3.115,-0.718
3.107,-1.256
3.141,-1.613
3.036,-2.148
3.025,-0.586
3.019,-1.55
3.03,-1.336
3.05,-0.978
2.927,-1.722
2.891,-1.342
2.884,-1.897
2.804,1.568
2.691,-2.164
2.594,0.587
2.515,0.065
2.455,1.577
2.37,0.069
2.427,-0.697
2.405,-0.562
2.42,-0.438
2.047,-0.897
1.989,-1.238
1.952,-1.325
1.834,-1.947
1.754,0.14
1.67,1.249
1.708,-0.159
1.588,-1.941
1.659,1.129
1.618,-0.675
1.442,1.289
1.407,-0.365
1.377,0.929
1.233,0.611
1.121,1.255
1.128,0.82
0.891,-1.524
0.778,-1.393
0.778,-1.235
0.738,1.575
0.637,-0.913
0.635,-0.546
0.701,-0.77
0.677,-1.242
0.665,-0.827
0.593,-1.31
0.649,-1.95
0.608,-2.135
0.554,-1.627
0.589,0.605
0.495,-0.595
0.473,1.172
0.472,-1.449
0.495,-2.172
0.428,0.403
0.433,-1.362
0.333,0.273
0.308,1.281
0.306,-1.648
0.17,-2.326
-0.442,-2.487
-0.616,-2.34
-1.1,-2.351
-1.065,-2.519
-1.437,-2.266
-1.492,-2.353
-1.962,-2.44
-2.046,-2.674
-2.583,-2.544
-3.111,-2.325
2.768,-2.343
1.885,-2.358
1.785,-2.546
1.253,-2.588
1.087,-2.457
1.052,-2.345
-0.624,1.877
-1.003,1.964
-1.225,2.07
-1.638,2.032
-1.691,2.07
-2.034,2.007
-2.032,2.135
2.762,1.935
2.647,2.137
2.535,1.787
2.262,1.82
2.138,2.005
1.73,1.901
0.564,2.142
0.478,1.874
-2.094,-1.71
-3.045,-0.69
3.013,1.696
1.409,-1.719
-0.423,-2.595
-2.577,1.788
0.369,-0.71
0.324,0.906
0.175,-1.161
0.255,-0.691
0.236,-0.488
0.233,-1.139
0.07,0.514
0.183,-0.333
0.155,-1.747
0.091,0.354
-0.057,-1.502
-0.042,0.352
-0.569,-0.757
-0.743,-0.897
-0.648,-0.76
-0.818,-0.435
-0.862,-0.44
-0.936,1.624
-0.875,0.83
-0.889,-0.804
-1.028,-0.888
-1.242,1.361
-1.256,0.277
-1.294,-1.089
-1.212,-0.863
-1.326,-1.111
-1.429,-1.139
-1.575,1.5
-1.593,0.608
-1.633,1.57
-1.654,-2.108
-1.618,-0.665
-2.003,-1.108
-1.991,-0.527
-1.985,-0.541
-2.087,-0.502
-2.297,-0.166
-2.192,-1.13
-2.341,-1.723
-2.269,-1.479
-2.271,-0.735
-2.319,0.6
-2.328,-2.106
-2.532,0.421
-2.448,0.286
-2.541,-0.002
-2.851,0.668
-2.74,0.784
-3.023,0.135
3.104,-0.833
3.067,-0.805
3.058,0.021
2.501,0.877
2.335,-1.094
2.447,-0.323
2.404,-0.229
2.312,-1.072
2.146,1.574
2.136,-1.139
1.992,-0.916
2.057,-1.287
1.914,0.221
1.802,-0.292
1.893,1.734
1.887,-0.13
1.78,-0.355
1.766,-0.016
1.718,-0.334
1.828,-1.984
1.787,-1.931
1.788,0.091
1.597,-1.153
1.484,-0.4
1.267,-1.958
1.236,-1.761
1.213,-1.294
1.072,-1.594
0.713,-0.727
0.722,-0.733
0.728,-1.999
0.604,-1.795
0.47,0.429
0.46,-0.669
0.293,0.387
-0.472,-2.482
-0.606,-2.422
-0.727,-2.315
-1.205,-2.363
-1.94,-2.571
-2.605,-2.49
2.2,-2.495
1.706,-2.533
0.637,-2.445
-0.403,1.722
-1.787,1.893
-1.989,1.821
-2.261,1.877
-2.147,1.868
-2.344,1.739
-2.642,1.991
-2.84,1.947
-3.138,1.74
2.309,2.06
2.101,2.08
1.415,1.826
1.237,2.084
0.708,1.846
-2.402,-1.476
2.716,-0.529
1.761,-1.505
1.776,1.074
2.129,0.21
1.976,-0.566
1.054,-1.024
1.077,0.971
0.993,-0.533
0.952,-0.207
1.0,-0.018
-1.486,0.462
-2.458,-0.935
-2.994,1.357
1.104,-1.932
1.928,1.432
1.136,1.635
0.75,1.529
0.789,1.682
0.522,1.545
-1.185,-2.066
1.083,-2.02
1.168,-2.294
0.98,2.148
0.482,1.891
1.129,1.898
-0.008,1.419
0.011,0.757
0.035,2.791
0.027,2.713
-0.017,1.765
-0.064,1.056
-0.152,2.524
-0.255,3.654
-0.352,0.115
-0.65,2.621
-0.778,1.807
-0.855,1.335
-0.883,1.329
-0.912,1.966
-0.879,0.454
-0.909,2.449
-1.101,1.75
-1.185,2.056
-1.308,0.396
-1.344,1.758
-1.316,0.823
-1.454,2.224
-1.396,1.151
-1.517,1.08
-1.453,2.27
-1.561,1.07
-1.498,0.837
-1.575,1.54
-1.66,2.17
-1.657,0.013
-1.662,3.762
-1.679,0.119
-1.616,1.431
-1.617,3.624
-1.621,0.928
-1.653,2.252
-1.67,1.773
-1.763,2.643
-1.805,2.299
-1.737,3.659
-1.768,0.047
-1.855,1.256
-1.775,3.165
-1.869,1.978
-1.897,2.413
-1.96,2.302
-2.021,0.595
-2.063,0.389
-2.067,2.691
-2.098,2.727
-2.128,0.879
-2.146,2.065
-2.142,1.105
-2.083,2.497
-2.096,3.715
-2.222,3.161
-2.217,1.386
-2.211,2.919
-2.224,0.209
-2.335,0.572
-2.276,2.377
-2.39,1.09
-2.375,2.597
-2.399,-0.042
-2.381,3.136
-2.441,2.662
-2.461,0.522
-2.393,2.484
-2.413,2.615
-2.475,2.677
-2.516,1.575
-2.56,1.945
-2.493,3.042
-2.524,2.873
-2.607,1.765
-2.603,1.284
-2.667,1.622
-2.674,0.592
-2.698,2.984
-2.723,2.668
-2.738,0.416
-2.683,0.201
-2.699,2.568
-2.842,2.613
-2.895,0.953
-2.879,1.591
-2.967,1.907
-3.069,0.456
-3.12,1.367
-3.128,0.829
-3.094,0.472
3.084,-0.063
3.073,1.499
3.067,0.535
3.078,0.749
3.098,1.107
2.975,0.363
2.939,0.743
2.932,0.188
2.852,3.653
2.739,-0.079
2.642,2.672
2.563,2.15
2.503,3.662
2.418,2.154
2.475,1.388
2.453,1.523
2.468,1.647
2.095,1.188
2.037,0.847
2.0,0.76
1.882,0.138
1.802,2.225
1.718,3.334
1.756,1.926
1.636,0.144
1.707,3.214
1.666,1.41
1.49,3.374
1.455,1.72
1.425,3.014
1.281,2.696
1.169,3.34
1.176,2.905
0.939,0.561
0.826,0.692
0.826,0.85
0.786,3.66
0.685,1.172
0.683,1.539
0.749,1.315
0.725,0.843
0.713,1.258
0.641,0.775
0.697,0.135
0.656,-0.05
0.602,0.458
0.637,2.69
0.543,1.49
0.521,3.257
0.52,0.636
0.543,-0.087
0.476,2.488
0.481,0.723
0.381,2.358
0.356,3.366
0.354,0.437
0.218,-0.241
-0.394,-0.402
-0.568,-0.255
-1.052,-0.266
-1.017,-0.434
-1.389,-0.181
-1.444,-0.268
-1.914,-0.355
-1.998,-0.589
-2.535,-0.459
-3.063,-0.24
2.816,-0.258
1.933,-0.273
1.833,-0.461
1.301,-0.503
1.135,-0.372
1.1,-0.26
-0.576,3.962
-0.955,4.049
-1.177,4.155
-1.59,4.117
-1.643,4.155
-1.986,4.092
-1.984,4.22
2.81,4.02
2.695,4.222
2.583,3.872
2.31,3.905
2.186,4.09
1.778,3.986
0.612,4.227
0.526,3.959
-2.046,0.375
-2.997,1.395
3.061,3.781
1.457,0.366
-0.375,-0.51
-2.529,3.873
0.417,1.375
0.372,2.991
0.223,0.924
0.303,1.394
0.284,1.597
0.281,0.946
0.118,2.599
0.231,1.752
0.203,0.338
0.139,2.439
-0.009,0.583
0.006,2.437
-0.521,1.328
-0.695,1.188
-0.6,1.325
-0.77,1.65
-0.814,1.645
-0.888,3.709
-0.827,2.915
-0.841,1.281
-0.98,1.197
-1.194,3.446
-1.208,2.362
-1.246,0.996
-1.164,1.222
-1.278,0.974
-1.381,0.946
-1.527,3.585
-1.545,2.693
-1.585,3.655
-1.606,-0.023
-1.57,1.42
-1.955,0.977
-1.943,1.558
-1.937,1.544
-2.039,1.583
-2.249,1.919
-2.144,0.955
-2.293,0.362
-2.221,0.606
-2.223,1.35
-2.271,2.685
-2.28,-0.021
-2.484,2.506
-2.4,2.371
-2.493,2.083
-2.803,2.753
-2.692,2.869
-2.975,2.22
-3.131,1.252
3.115,1.28
3.106,2.106
2.549,2.962
2.383,0.991
2.495,1.762
2.452,1.856
2.36,1.013
2.194,3.659
2.184,0.946
2.04,1.169
2.105,0.798
1.962,2.306
1.85,1.793
1.941,3.819
1.935,1.955
1.828,1.73
1.814,2.069
1.766,1.751
1.876,0.101
1.835,0.154
1.836,2.176
1.645,0.932
1.532,1.685
1.315,0.127
1.284,0.324
1.261,0.791
1.12,0.491
0.761,1.358
0.77,1.352
0.776,0.086
0.652,0.29
0.518,2.514
0.508,1.416
0.341,2.472
-0.424,-0.397
-0.558,-0.337
-0.679,-0.23
-1.157,-0.278
-1.892,-0.486
-2.557,-0.405
2.248,-0.41
1.754,-0.448
0.685,-0.36
-0.355,3.807
-1.739,3.978
-1.941,3.906
-2.213,3.962
-2.099,3.953
-2.296,3.824
-2.594,4.076
-2.792,4.032
-3.09,3.825
2.357,4.145
2.149,4.165
1.463,3.911
1.285,4.169
0.756,3.931
-2.354,0.609
2.764,1.556
1.809,0.58
1.824,3.159
2.177,2.295
2.024,1.519
1.102,1.061
1.125,3.056
1.041,1.552
1.0,1.878
1.048,2.067
-1.438,2.547
-2.41,1.15
-2.946,3.442
1.152,0.153
1.976,3.517
1.184,3.72
0.798,3.614
0.837,3.767
0.57,3.63
-1.137,0.019
1.131,0.065
1.216,-0.209
1.028,4.233
0.53,3.976
1.177,3.983
0.019,-0.662
0.043,1.372
0.035,1.294
-0.009,0.346
-0.056,-0.363
-0.144,1.105
-0.247,2.235
-0.344,-1.304
-0.642,1.202
-0.77,0.388
-0.847,-0.084
-0.875,-0.09
-0.904,0.547
-0.871,-0.965
-0.901,1.03
-1.093,0.331
-1.177,0.637
-1.3,-1.023
-1.336,0.339
-1.308,-0.596
-1.446,0.805
-1.388,-0.268
-1.509,-0.339
-1.445,0.851
-1.553,-0.349
-1.49,-0.582
-1.567,0.121
-1.652,0.751
-1.649,-1.406
-1.654,2.343
-1.671,-1.3
-1.608,0.012
-1.609,2.205
-1.613,-0.491
-1.645,0.833
-1.662,0.354
-1.755,1.224
-1.797,0.88
-1.729,2.24
-1.76,-1.372
-1.847,-0.163
-1.767,1.746
-1.861,0.559
-1.889,0.994
-1.952,0.883
-2.013,-0.824
-2.055,-1.03
-2.059,1.272
-2.09,1.308
-2.12,-0.54
-2.138,0.646
-2.134,-0.314
-2.075,1.078
-2.088,2.296
-2.214,1.742
-2.209,-0.033
-2.203,1.5
-2.216,-1.21
-2.327,-0.847
-2.268,0.958
-2.382,-0.329
-2.367,1.178
-2.391,-1.461
-2.373,1.717
-2.433,1.243
-2.453,-0.897
-2.385,1.065
-2.405,1.196
-2.467,1.258
-2.508,0.156
-2.552,0.526
-2.485,1.623
-2.516,1.454
-2.599,0.346
-2.595,-0.135
-2.659,0.203
-2.666,-0.827
-2.69,1.565
-2.715,1.249
-2.73,-1.003
-2.675,-1.218
-2.691,1.149
-2.834,1.194
-2.887,-0.466
-2.871,0.172
-2.959,0.488
-3.061,-0.963
-3.112,-0.052
-3.12,-0.59
-3.086,-0.947
3.092,-1.482
3.081,0.08
3.075,-0.884
3.086,-0.67
3.106,-0.312
2.983,-1.056
2.947,-0.676
2.94,-1.231
2.86,2.234
2.747,-1.498
2.65,1.253
2.571,0.731
2.511,2.243
2.426,0.735
2.483,-0.031
2.461,0.104
2.476,0.228
2.103,-0.231
2.045,-0.572
2.008,-0.659
1.89,-1.281
1.81,0.806
1.726,1.915
1.764,0.507
1.644,-1.275
1.715,1.795
1.674,-0.009
1.498,1.955
1.463,0.301
1.433,1.595
1.289,1.277
1.177,1.921
1.184,1.486
0.947,-0.858
0.834,-0.727
0.834,-0.569
0.794,2.241
0.693,-0.247
0.691,0.12
0.757,-0.104
0.733,-0.576
0.721,-0.161
0.649,-0.644
0.705,-1.284
0.664,-1.469
0.61,-0.961
0.645,1.271
0.551,0.071
0.529,1.838
0.528,-0.783
0.551,-1.506
0.484,1.069
0.489,-0.696
0.389,0.939
0.364,1.947
0.362,-0.982
0.226,-1.66
-0.386,-1.821
-0.56,-1.674
-1.044,-1.685
-1.009,-1.853
-1.381,-1.6
-1.436,-1.687
-1.906,-1.774
-1.99,-2.008
-2.527,-1.878
-3.055,-1.659
2.824,-1.677
1.941,-1.692
1.841,-1.88
1.309,-1.922
1.143,-1.791
1.108,-1.679
-0.568,2.543
-0.947,2.63
-1.169,2.736
-1.582,2.698
-1.635,2.736
-1.978,2.673
-1.976,2.801
2.818,2.601
2.703,2.803
2.591,2.453
2.318,2.486
2.194,2.671
1.786,2.567
0.62,2.808
0.534,2.54
-2.038,-1.044
-2.989,-0.024
3.069,2.362
1.465,-1.053
-0.367,-1.929
-2.521,2.454
0.425,-0.044
0.38,1.572
0.231,-0.495
0.311,-0.025
0.292,0.178
0.289,-0.473
0.126,1.18
0.239,0.333
0.211,-1.081
0.147,1.02
-0.001,-0.836
0.014,1.018
-0.513,-0.091
-0.687,-0.231
-0.592,-0.094
-0.762,0.231
-0.806,0.226
-0.88,2.29
-0.819,1.496
-0.833,-0.138
-0.972,-0.222
-1.186,2.027
-1.2,0.943
-1.238,-0.423
-1.156,-0.197
-1.27,-0.445
-1.373,-0.473
-1.519,2.166
-1.537,1.274
-1.577,2.236
-1.598,-1.442
-1.562,0.001
-1.947,-0.442
-1.935,0.139
-1.929,0.125
-2.031,0.164
-2.241,0.5
-2.136,-0.464
-2.285,-1.057
-2.213,-0.813
-2.215,-0.069
-2.263,1.266
-2.272,-1.44
-2.476,1.087
-2.392,0.952
-2.485,0.664
-2.795,1.334
-2.684,1.45
-2.967,0.801
-3.123,-0.167
3.123,-0.139
3.114,0.687
2.557,1.543
2.391,-0.428
2.503,0.343
2.46,0.437
2.368,-0.406
2.202,2.24
2.192,-0.473
2.048,-0.25
2.113,-0.621
1.97,0.887
1.858,0.374
1.949,2.4
1.943,0.536
1.836,0.311
1.822,0.65
1.774,0.332
1.884,-1.318
1.843,-1.265
1.844,0.757
1.653,-0.487
1.54,0.266
1.323,-1.292
1.292,-1.095
1.269,-0.628
1.128,-0.928
0.769,-0.061
0.778,-0.067
0.784,-1.333
0.66,-1.129
0.526,1.095
0.516,-0.003
0.349,1.053
-0.416,-1.816
-0.55,-1.756
-0.671,-1.649
-1.149,-1.697
-1.884,-1.905
-2.549,-1.824
2.256,-1.829
1.762,-1.867
0.693,-1.779
-0.347,2.388
-1.731,2.559
-1.933,2.487
-2.205,2.543
-2.091,2.534
-2.288,2.405
-2.586,2.657
-2.784,2.613
-3.082,2.406
2.365,2.726
2.157,2.746
1.471,2.492
1.293,2.75
0.764,2.512
-2.346,-0.81
2.772,0.137
1.817,-0.839
1.832,1.74
2.185,0.876
2.032,0.1
1.11,-0.358
1.133,1.637
1.049,0.133
1.008,0.459
1.056,0.648
-1.43,1.128
-2.402,-0.269
-2.938,2.023
1.16,-1.266
1.984,2.098
1.192,2.301
0.806,2.195
0.845,2.348
0.578,2.211
-1.129,-1.4
1.139,-1.354
1.224,-1.628
1.036,2.814
0.538,2.557
1.185,2.564
0.024,2.034
0.016,1.956
-0.028,1.008
-0.075,0.299
-0.163,1.767
-0.266,2.897
-0.363,-0.642
-0.661,1.864
-0.789,1.05
-0.866,0.578
-0.894,0.572
-0.923,1.209
-0.89,-0.303
-0.92,1.692
-1.112,0.993
-1.196,1.299
-1.319,-0.361
-1.355,1.001
-1.327,0.066
-1.465,1.467
-1.407,0.394
-1.528,0.323
-1.464,1.513
-1.572,0.313
-1.509,0.08
-1.586,0.783
-1.671,1.413
-1.668,-0.744
-1.673,3.005
-1.69,-0.638
-1.627,0.674
-1.628,2.867
-1.632,0.171
-1.664,1.495
-1.681,1.016
-1.774,1.886
-1.816,1.542
-1.748,2.902
-1.779,-0.71
-1.866,0.499
-1.786,2.408
-1.88,1.221
-1.908,1.656
-1.971,1.545
-2.032,-0.162
-2.074,-0.368
-2.078,1.934
-2.109,1.97
-2.139,0.122
-2.157,1.308
-2.153,0.348
-2.094,1.74
-2.107,2.958
-2.233,2.404
-2.228,0.629
-2.222,2.162
-2.235,-0.548
-2.346,-0.185
-2.287,1.62
-2.401,0.333
-2.386,1.84
-2.41,-0.799
-2.392,2.379
-2.452,1.905
-2.472,-0.235
-2.404,1.727
-2.424,1.858
-2.486,1.92
-2.527,0.818
-2.571,1.188
-2.504,2.285
-2.535,2.116
-2.618,1.008
-2.614,0.527
-2.678,0.865
-2.685,-0.165
-2.709,2.227
-2.734,1.911
-2.749,-0.341
-2.694,-0.556
-2.71,1.811
-2.853,1.856
-2.906,0.196
-2.89,0.834
-2.978,1.15
-3.08,-0.301
-3.131,0.61
-3.139,0.072
-3.105,-0.285
3.073,-0.82
3.062,0.742
3.056,-0.222
3.067,-0.008
3.087,0.35
2.964,-0.394
2.928,-0.014
2.921,-0.569
2.841,2.896
2.728,-0.836
2.631,1.915
2.552,1.393
2.492,2.905
2.407,1.397
2.464,0.631
2.442,0.766
2.457,0.89
2.084,0.431
2.026,0.09
1.989,0.003
1.871,-0.619
1.791,1.468
1.707,2.577
1.745,1.169
1.625,-0.613
1.696,2.457
1.655,0.653
1.479,2.617
1.444,0.963
1.414,2.257
1.27,1.939
1.158,2.583
1.165,2.148
0.928,-0.196
0.815,-0.065
0.815,0.093
0.775,2.903
0.674,0.415
0.672,0.782
0.738,0.558
0.714,0.086
0.702,0.501
0.63,0.018
0.686,-0.622
0.645,-0.807
0.591,-0.299
0.626,1.933
0.532,0.733
0.51,2.5
0.509,-0.121
0.532,-0.844
0.465,1.731
0.47,-0.034
0.37,1.601
0.345,2.609
0.343,-0.32
0.207,-0.998
-0.405,-1.159
-0.579,-1.012
-1.063,-1.023
-1.028,-1.191
-1.4,-0.938
-1.455,-1.025
-1.925,-1.112
-2.009,-1.346
-2.546,-1.216
-3.074,-0.997
2.805,-1.015
1.922,-1.03
1.822,-1.218
1.29,-1.26
1.124,-1.129
1.089,-1.017
-0.587,3.205
-0.966,3.292
-1.188,3.398
-1.601,3.36
-1.654,3.398
-1.997,3.335
-1.995,3.463
2.799,3.263
2.684,3.465
2.572,3.115
2.299,3.148
2.175,3.333
1.767,3.229
0.601,3.47
0.515,3.202
-2.057,-0.382
-3.008,0.638
3.05,3.024
1.446,-0.391
-0.386,-1.267
-2.54,3.116
0.406,0.618
0.361,2.234
0.212,0.167
0.292,0.637
0.273,0.84
0.27,0.189
0.107,1.842
0.22,0.995
0.192,-0.419
0.128,1.682
-0.02,-0.174
-0.005,1.68
-0.532,0.571
-0.706,0.431
-0.611,0.568
-0.781,0.893
-0.825,0.888
-0.899,2.952
-0.838,2.158
-0.852,0.524
-0.991,0.44
-1.205,2.689
-1.219,1.605
-1.257,0.239
-1.175,0.465
-1.289,0.217
-1.392,0.189
-1.538,2.828
-1.556,1.936
-1.596,2.898
-1.617,-0.78
-1.581,0.663
-1.966,0.22
-1.954,0.801
-1.948,0.787
-2.05,0.826
-2.26,1.162
-2.155,0.198
-2.304,-0.395
-2.232,-0.151
-2.234,0.593
-2.282,1.928
-2.291,-0.778
-2.495,1.749
-2.411,1.614
-2.504,1.326
-2.814,1.996
-2.703,2.112
-2.986,1.463
3.141,0.495
3.104,0.523
3.095,1.349
2.538,2.205
2.372,0.234
2.484,1.005
2.441,1.099
2.349,0.256
2.183,2.902
2.173,0.189
2.029,0.412
2.094,0.041
1.951,1.549
1.839,1.036
1.93,3.062
1.924,1.198
1.817,0.973
1.803,1.312
1.755,0.994
1.865,-0.656
1.824,-0.603
1.825,1.419
1.634,0.175
1.521,0.928
1.304,-0.63
1.273,-0.433
1.25,0.034
1.109,-0.266
0.75,0.601
0.759,0.595
0.765,-0.671
0.641,-0.467
0.507,1.757
0.497,0.659
0.33,1.715
-0.435,-1.154
-0.569,-1.094
-0.69,-0.987
-1.168,-1.035
-1.903,-1.243
-2.568,-1.162
2.237,-1.167
1.743,-1.205
0.674,-1.117
-0.366,3.05
-1.75,3.221
-1.952,3.149
-2.224,3.205
-2.11,3.196
-2.307,3.067
-2.605,3.319
-2.803,3.275
-3.101,3.068
2.346,3.388
2.138,3.408
1.452,3.154
1.274,3.412
0.745,3.174
-2.365,-0.148
2.753,0.799
1.798,-0.177
1.813,2.402
2.166,1.538
2.013,0.762
1.091,0.304
1.114,2.299
1.03,0.795
0.989,1.121
1.037,1.31
-1.449,1.79
-2.421,0.393
-2.957,2.685
1.141,-0.604
1.965,2.76
1.173,2.963
0.787,2.857
0.826,3.01
0.559,2.873
-1.148,-0.738
1.12,-0.692
1.205,-0.966
1.017,3.476
0.519,3.219
1.166,3.226
-0.008,-0.078
-0.052,-1.026
-0.099,-1.735
-0.187,-0.267
-0.29,0.863
-0.387,-2.676
-0.685,-0.17
-0.813,-0.984
-0.89,-1.456
-0.918,-1.462
-0.947,-0.825
-0.914,-2.337
-0.944,-0.342
-1.136,-1.041
-1.22,-0.735
-1.343,-2.395
-1.379,-1.033
-1.351,-1.968
-1.489,-0.567
-1.431,-1.64
-1.552,-1.711
-1.488,-0.521
-1.596,-1.721
-1.533,-1.954
-1.61,-1.251
-1.695,-0.621
-1.692,-2.778
-1.697,0.971
-1.714,-2.672
-1.651,-1.36
-1.652,0.833
-1.656,-1.863
-1.688,-0.539
-1.705,-1.018
-1.798,-0.148
-1.84,-0.492
-1.772,0.868
-1.803,-2.744
-1.89,-1.535
-1.81,0.374
-1.904,-0.813
-1.932,-0.378
-1.995,-0.489
-2.056,-2.196
-2.098,-2.402
-2.102,-0.1
-2.133,-0.064
-2.163,-1.912
-2.181,-0.726
-2.177,-1.686
-2.118,-0.294
-2.131,0.924
-2.257,0.37
-2.252,-1.405
-2.246,0.128
-2.259,-2.582
-2.37,-2.219
-2.311,-0.414
-2.425,-1.701
-2.41,-0.194
-2.434,-2.833
-2.416,0.345
-2.476,-0.129
-2.496,-2.269
-2.428,-0.307
-2.448,-0.176
-2.51,-0.114
-2.551,-1.216
-2.595,-0.846
-2.528,0.251
-2.559,0.082
-2.642,-1.026
-2.638,-1.507
-2.702,-1.169
-2.709,-2.199
-2.733,0.193
-2.758,-0.123
-2.773,-2.375
-2.718,-2.59
-2.734,-0.223
-2.877,-0.178
-2.93,-1.838
-2.914,-1.2
-3.002,-0.884
-3.104,-2.335
3.128,-1.424
3.12,-1.962
-3.129,-2.319
3.049,-2.854
3.038,-1.292
3.032,-2.256
3.043,-2.042
3.063,-1.684
2.94,-2.428
2.904,-2.048
2.897,-2.603
2.817,0.862
2.704,-2.87
2.607,-0.119
2.528,-0.641
2.468,0.871
2.383,-0.637
2.44,-1.403
2.418,-1.268
2.433,-1.144
2.06,-1.603
2.002,-1.944
1.965,-2.031
1.847,-2.653
1.767,-0.566
1.683,0.543
1.721,-0.865
1.601,-2.647
1.672,0.423
1.631,-1.381
1.455,0.583
1.42,-1.071
1.39,0.223
1.246,-0.095
1.134,0.549
1.141,0.114
0.904,-2.23
0.791,-2.099
0.791,-1.941
0.751,0.869
0.65,-1.619
0.648,-1.252
0.714,-1.476
0.69,-1.948
0.678,-1.533
0.606,-2.016
0.662,-2.656
0.621,-2.841
0.567,-2.333
0.602,-0.101
0.508,-1.301
0.486,0.466
0.485,-2.155
0.508,-2.878
0.441,-0.303
0.446,-2.068
0.346,-0.433
0.321,0.575
0.319,-2.354
0.183,-3.032
-0.429,-3.193
-0.603,-3.046
-1.087,-3.057
-1.052,-3.225
-1.424,-2.972
-1.479,-3.059
-1.949,-3.146
-2.033,-3.38
-2.57,-3.25
-3.098,-3.031
2.781,-3.049
1.898,-3.064
1.798,-3.252
1.266,-3.294
1.1,-3.163
1.065,-3.051
-0.611,1.171
-0.99,1.258
-1.212,1.364
-1.625,1.326
-1.678,1.364
-2.021,1.301
-2.019,1.429
2.775,1.229
2.66,1.431
2.548,1.081
2.275,1.114
2.151,1.299
1.743,1.195
0.577,1.436
0.491,1.168
-2.081,-2.416
-3.032,-1.396
3.026,0.99
1.422,-2.425
-0.41,-3.301
-2.564,1.082
0.382,-1.416
0.337,0.2
0.188,-1.867
0.268,-1.397
0.249,-1.194
0.246,-1.845
0.083,-0.192
0.196,-1.039
0.168,-2.453
0.104,-0.352
-0.044,-2.208
-0.029,-0.354
-0.556,-1.463
-0.73,-1.603
-0.635,-1.466
-0.805,-1.141
-0.849,-1.146
-0.923,0.918
-0.862,0.124
-0.876,-1.51
-1.015,-1.594
-1.229,0.655
-1.243,-0.429
-1.281,-1.795
-1.199,-1.569
-1.313,-1.817
-1.416,-1.845
-1.562,0.794
-1.58,-0.098
-1.62,0.864
-1.641,-2.814
-1.605,-1.371
-1.99,-1.814
-1.978,-1.233
-1.972,-1.247
-2.074,-1.208
-2.284,-0.872
-2.179,-1.836
-2.328,-2.429
-2.256,-2.185
-2.258,-1.441
-2.306,-0.106
-2.315,-2.812
-2.519,-0.285
-2.435,-0.42
-2.528,-0.708
-2.838,-0.038
-2.727,0.078
-3.01,-0.571
3.117,-1.539
3.08,-1.511
3.071,-0.685
2.514,0.171
2.348,-1.8
2.46,-1.029
2.417,-0.935
2.325,-1.778
2.159,0.868
2.149,-1.845
2.005,-1.622
2.07,-1.993
1.927,-0.485
1.815,-0.998
1.906,1.028
1.9,-0.836
1.793,-1.061
1.779,-0.722
1.731,-1.04
1.841,-2.69
1.8,-2.637
1.801,-0.615
1.61,-1.859
1.497,-1.106
1.28,-2.664
1.249,-2.467
1.226,-2.0
1.085,-2.3
0.726,-1.433
0.735,-1.439
0.741,-2.705
0.617,-2.501
0.483,-0.277
0.473,-1.375
0.306,-0.319
-0.459,-3.188
-0.593,-3.128
-0.714,-3.021
-1.192,-3.069
-1.927,-3.277
-2.592,-3.196
2.213,-3.201
1.719,-3.239
0.65,-3.151
-0.39,1.016
-1.774,1.187
-1.976,1.115
-2.248,1.171
-2.134,1.162
-2.331,1.033
-2.629,1.285
-2.827,1.241
-3.125,1.034
2.322,1.354
2.114,1.374
1.428,1.12
1.25,1.378
0.721,1.14
-2.389,-2.182
2.729,-1.235
1.774,-2.211
1.789,0.368
2.142,-0.496
1.989,-1.272
1.067,-1.73
1.09,0.265
1.006,-1.239
0.965,-0.913
1.013,-0.724
-1.473,-0.244
-2.445,-1.641
-2.981,0.651
1.117,-2.638
1.941,0.726
1.149,0.929
0.763,0.823
0.802,0.976
0.535,0.839
-1.172,-2.772
1.096,-2.726
1.181,-3.0
0.993,1.442
0.495,1.185
1.142,1.192
-0.044,-0.948
-0.091,-1.657
-0.179,-0.189
-0.282,0.941
-0.379,-2.598
-0.677,-0.092
-0.805,-0.906
-0.882,-1.378
-0.91,-1.384
-0.939,-0.747
-0.906,-2.259
-0.936,-0.264
-1.128,-0.963
-1.212,-0.657
-1.335,-2.317
-1.371,-0.955
-1.343,-1.89
-1.481,-0.489
-1.423,-1.562
-1.544,-1.633
-1.48,-0.443
-1.588,-1.643
-1.525,-1.876
-1.602,-1.173
-1.687,-0.543
-1.684,-2.7
-1.689,1.049
-1.706,-2.594
-1.643,-1.282
-1.644,0.911
-1.648,-1.785
-1.68,-0.461
-1.697,-0.94
-1.79,-0.07
-1.832,-0.414
-1.764,0.946
-1.795,-2.666
-1.882,-1.457
-1.802,0.452
-1.896,-0.735
-1.924,-0.3
-1.987,-0.411
-2.048,-2.118
-2.09,-2.324
-2.094,-0.022
-2.125,0.014
-2.155,-1.834
-2.173,-0.648
-2.169,-1.608
-2.11,-0.216
-2.123,1.002
-2.249,0.448
-2.244,-1.327
-2.238,0.206
-2.251,-2.504
-2.362,-2.141
-2.303,-0.336
-2.417,-1.623
-2.402,-0.116
-2.426,-2.755
-2.408,0.423
-2.468,-0.051
-2.488,-2.191
-2.42,-0.229
-2.44,-0.098
-2.502,-0.036
-2.543,-1.138
-2.587,-0.768
-2.52,0.329
-2.551,0.16
-2.634,-0.948
-2.63,-1.429
-2.694,-1.091
-2.701,-2.121
-2.725,0.271
-2.75,-0.045
-2.765,-2.297
-2.71,-2.512
-2.726,-0.145
-2.869,-0.1
-2.922,-1.76
-2.906,-1.122
-2.994,-0.806
-3.096,-2.257
3.136,-1.346
3.128,-1.884
-3.121,-2.241
3.057,-2.776
3.046,-1.214
3.04,-2.178
3.051,-1.964
3.071,-1.606
2.948,-2.35
2.912,-1.97
2.905,-2.525
2.825,0.94
2.712,-2.792
2.615,-0.041
2.536,-0.563
2.476,0.949
2.391,-0.559
2.448,-1.325
2.426,-1.19
2.441,-1.066
2.068,-1.525
2.01,-1.866
1.973,-1.953
1.855,-2.575
1.775,-0.488
1.691,0.621
1.729,-0.787
1.609,-2.569
1.68,0.501
1.639,-1.303
1.463,0.661
1.428,-0.993
1.398,0.301
1.254,-0.017
1.142,0.627
1.149,0.192
0.912,-2.152
0.799,-2.021
0.799,-1.863
0.759,0.947
0.658,-1.541
0.656,-1.174
0.722,-1.398
0.698,-1.87
0.686,-1.455
0.614,-1.938
0.67,-2.578
0.629,-2.763
0.575,-2.255
0.61,-0.023
0.516,-1.223
0.494,0.544
0.493,-2.077
0.516,-2.8
0.449,-0.225
0.454,-1.99
0.354,-0.355
0.329,0.653
0.327,-2.276
0.191,-2.954
-0.421,-3.115
-0.595,-2.968
-1.079,-2.979
-1.044,-3.147
-1.416,-2.894
-1.471,-2.981
-1.941,-3.068
-2.025,-3.302
-2.562,-3.172
-3.09,-2.953
2.789,-2.971
1.906,-2.986
1.806,-3.174
1.274,-3.216
1.108,-3.085
1.073,-2.973
-0.603,1.249
-0.982,1.336
-1.204,1.442
-1.617,1.404
-1.67,1.442
-2.013,1.379
-2.011,1.507
2.783,1.307
2.668,1.509
2.556,1.159
2.283,1.192
2.159,1.377
1.751,1.273
0.585,1.514
0.499,1.246
-2.073,-2.338
-3.024,-1.318
3.034,1.068
1.43,-2.347
-0.402,-3.223
-2.556,1.16
0.39,-1.338
0.345,0.278
0.196,-1.789
0.276,-1.319
0.257,-1.116
0.254,-1.767
0.091,-0.114
0.204,-0.961
0.176,-2.375
0.112,-0.274
-0.036,-2.13
-0.021,-0.276
-0.548,-1.385
-0.722,-1.525
-0.627,-1.388
-0.797,-1.063
-0.841,-1.068
-0.915,0.996
-0.854,0.202
-0.868,-1.432
-1.007,-1.516
-1.221,0.733
-1.235,-0.351
-1.273,-1.717
-1.191,-1.491
-1.305,-1.739
-1.408,-1.767
-1.554,0.872
-1.572,-0.02
-1.612,0.942
-1.633,-2.736
-1.597,-1.293
-1.982,-1.736
-1.97,-1.155
-1.964,-1.169
-2.066,-1.13
-2.276,-0.794
-2.171,-1.758
-2.32,-2.351
-2.248,-2.107
-2.25,-1.363
-2.298,-0.028
-2.307,-2.734
-2.511,-0.207
-2.427,-0.342
-2.52,-0.63
-2.83,0.04
-2.719,0.156
-3.002,-0.493
3.125,-1.461
3.088,-1.433
3.079,-0.607
2.522,0.249
2.356,-1.722
2.468,-0.951
2.425,-0.857
2.333,-1.7
2.167,0.946
2.157,-1.767
2.013,-1.544
2.078,-1.915
1.935,-0.407
1.823,-0.92
1.914,1.106
1.908,-0.758
1.801,-0.983
1.787,-0.644
1.739,-0.962
1.849,-2.612
1.808,-2.559
1.809,-0.537
1.618,-1.781
1.505,-1.028
1.288,-2.586
1.257,-2.389
1.234,-1.922
1.093,-2.222
0.734,-1.355
0.743,-1.361
0.749,-2.627
0.625,-2.423
0.491,-0.199
0.481,-1.297
0.314,-0.241
-0.451,-3.11
-0.585,-3.05
-0.706,-2.943
-1.184,-2.991
-1.919,-3.199
-2.584,-3.118
2.221,-3.123
1.727,-3.161
0.658,-3.073
-0.382,1.094
-1.766,1.265
-1.968,1.193
-2.24,1.249
-2.126,1.24
-2.323,1.111
-2.621,1.363
-2.819,1.319
-3.117,1.112
2.33,1.432
2.122,1.452
1.436,1.198
1.258,1.456
0.729,1.218
-2.381,-2.104
2.737,-1.157
1.782,-2.133
1.797,0.446
2.15,-0.418
1.997,-1.194
1.075,-1.652
1.098,0.343
1.014,-1.161
0.973,-0.835
1.021,-0.646
-1.465,-0.166
-2.437,-1.563
-2.973,0.729
1.125,-2.56
1.949,0.804
1.157,1.007
0.771,0.901
0.81,1.054
0.543,0.917
-1.164,-2.694
1.104,-2.648
1.189,-2.922
1.001,1.52
0.503,1.263
1.15,1.27
-0.047,-0.709
-0.135,0.759
-0.238,1.889
-0.335,-1.65
-0.633,0.856
-0.761,0.042
-0.838,-0.43
-0.866,-0.436
-0.895,0.201
-0.862,-1.311
-0.892,0.684
-1.084,-0.015
-1.168,0.291
-1.291,-1.369
-1.327,-0.007
-1.299,-0.942
-1.437,0.459
-1.379,-0.614
-1.5,-0.685
-1.436,0.505
-1.544,-0.695
-1.481,-0.928
-1.558,-0.225
-1.643,0.405
-1.64,-1.752
-1.645,1.997
-1.662,-1.646
-1.599,-0.334
-1.6,1.859
-1.604,-0.837
-1.636,0.487
-1.653,0.008
-1.746,0.878
-1.788,0.534
-1.72,1.894
-1.751,-1.718
-1.838,-0.509
-1.758,1.4
-1.852,0.213
-1.88,0.648
-1.943,0.537
-2.004,-1.17
-2.046,-1.376
-2.05,0.926
-2.081,0.962
-2.111,-0.886
-2.129,0.3
-2.125,-0.66
-2.066,0.732
-2.079,1.95
-2.205,1.396
-2.2,-0.379
-2.194,1.154
-2.207,-1.556
-2.318,-1.193
-2.259,0.612
-2.373,-0.675
-2.358,0.832
-2.382,-1.807
-2.364,1.371
-2.424,0.897
-2.444,-1.243
-2.376,0.719
-2.396,0.85
-2.458,0.912
-2.499,-0.19
-2.543,0.18
-2.476,1.277
-2.507,1.108
-2.59,0.0
-2.586,-0.481
-2.65,-0.143
-2.657,-1.173
-2.681,1.219
-2.706,0.903
-2.721,-1.349
-2.666,-1.564
-2.682,0.803
-2.825,0.848
-2.878,-0.812
-2.862,-0.174
-2.95,0.142
-3.052,-1.309
-3.103,-0.398
-3.111,-0.936
-3.077,-1.293
3.101,-1.828
3.09,-0.266
3.084,-1.23
3.095,-1.016
3.115,-0.658
2.992,-1.402
2.956,-1.022
2.949,-1.577
2.869,1.888
2.756,-1.844
2.659,0.907
2.58,0.385
2.52,1.897
2.435,0.389
2.492,-0.377
2.47,-0.242
2.485,-0.118
2.112,-0.577
2.054,-0.918
2.017,-1.005
1.899,-1.627
1.819,0.46
1.735,1.569
1.773,0.161
1.653,-1.621
1.724,1.449
1.683,-0.355
1.507,1.609
1.472,-0.045
1.442,1.249
1.298,0.931
1.186,1.575
1.193,1.14
0.956,-1.204
0.843,-1.073
0.843,-0.915
0.803,1.895
0.702,-0.593
0.7,-0.226
0.766,-0.45
0.742,-0.922
0.73,-0.507
0.658,-0.99
0.714,-1.63
0.673,-1.815
0.619,-1.307
0.654,0.925
0.56,-0.275
0.538,1.492
0.537,-1.129
0.56,-1.852
0.493,0.723
0.498,-1.042
0.398,0.593
0.373,1.601
0.371,-1.328
0.235,-2.006
-0.377,-2.167
-0.551,-2.02
-1.035,-2.031
-1.0,-2.199
-1.372,-1.946
-1.427,-2.033
-1.897,-2.12
-1.981,-2.354
-2.518,-2.224
-3.046,-2.005
2.833,-2.023
1.95,-2.038
1.85,-2.226
1.318,-2.268
1.152,-2.137
1.117,-2.025
-0.559,2.197
-0.938,2.284
-1.16,2.39
-1.573,2.352
-1.626,2.39
-1.969,2.327
-1.967,2.455
2.827,2.255
2.712,2.457
2.6,2.107
2.327,2.14
2.203,2.325
1.795,2.221
0.629,2.462
0.543,2.194
-2.029,-1.39
-2.98,-0.37
3.078,2.016
1.474,-1.399
-0.358,-2.275
-2.512,2.108
0.434,-0.39
0.389,1.226
0.24,-0.841
0.32,-0.371
0.301,-0.168
0.298,-0.819
0.135,0.834
0.248,-0.013
0.22,-1.427
0.156,0.674
0.008,-1.182
0.023,0.672
-0.504,-0.437
-0.678,-0.577
-0.583,-0.44
-0.753,-0.115
-0.797,-0.12
-0.871,1.944
-0.81,1.15
-0.824,-0.484
-0.963,-0.568
-1.177,1.681
-1.191,0.597
-1.229,-0.769
-1.147,-0.543
-1.261,-0.791
-1.364,-0.819
-1.51,1.82
-1.528,0.928
-1.568,1.89
-1.589,-1.788
-1.553,-0.345
-1.938,-0.788
-1.926,-0.207
-1.92,-0.221
-2.022,-0.182
-2.232,0.154
-2.127,-0.81
-2.276,-1.403
-2.204,-1.159
-2.206,-0.415
-2.254,0.92
-2.263,-1.786
-2.467,0.741
-2.383,0.606
-2.476,0.318
-2.786,0.988
-2.675,1.104
-2.958,0.455
-3.114,-0.513
3.132,-0.485
3.123,0.341
2.566,1.197
2.4,-0.774
2.512,-0.003
2.469,0.091
2.377,-0.752
2.211,1.894
2.201,-0.819
2.057,-0.596
2.122,-0.967
1.979,0.541
1.867,0.028
1.958,2.054
1.952,0.19
1.845,-0.035
1.831,0.304
1.783,-0.014
1.893,-1.664
1.852,-1.611
1.853,0.411
1.662,-0.833
1.549,-0.08
1.332,-1.638
1.301,-1.441
1.278,-0.974
1.137,-1.274
0.778,-0.407
0.787,-0.413
0.793,-1.679
0.669,-1.475
0.535,0.749
0.525,-0.349
0.358,0.707
-0.407,-2.162
-0.541,-2.102
-0.662,-1.995
-1.14,-2.043
-1.875,-2.251
-2.54,-2.17
2.265,-2.175
1.771,-2.213
0.702,-2.125
-0.338,2.042
-1.722,2.213
-1.924,2.141
-2.196,2.197
-2.082,2.188
-2.279,2.059
-2.577,2.311
-2.775,2.267
-3.073,2.06
2.374,2.38
2.166,2.4
1.48,2.146
1.302,2.404
0.773,2.166
-2.337,-1.156
2.781,-0.209
1.826,-1.185
1.841,1.394
2.194,0.53
2.041,-0.246
1.119,-0.704
1.142,1.291
1.058,-0.213
1.017,0.113
1.065,0.302
-1.421,0.782
-2.393,-0.615
-2.929,1.677
1.169,-1.612
1.993,1.752
1.201,1.955
0.815,1.849
0.854,2.002
0.587,1.865
-1.12,-1.746
1.148,-1.7
1.233,-1.974
1.045,2.468
0.547,2.211
1.194,2.218
-0.088,1.468
-0.191,2.598
-0.288,-0.941
-0.586,1.565
-0.714,0.751
-0.791,0.279
-0.819,0.273
-0.848,0.91
-0.815,-0.602
-0.845,1.393
-1.037,0.694
-1.121,1.0
-1.244,-0.66
-1.28,0.702
-1.252,-0.233
-1.39,1.168
-1.332,0.095
-1.453,0.024
-1.389,1.214
-1.497,0.014
-1.434,-0.219
-1.511,0.484
-1.596,1.114
-1.593,-1.043
-1.598,2.706
-1.615,-0.937
-1.552,0.375
-1.553,2.568
-1.557,-0.128
-1.589,1.196
-1.606,0.717
-1.699,1.587
-1.741,1.243
-1.673,2.603
-1.704,-1.009
-1.791,0.2
-1.711,2.109
-1.805,0.922
-1.833,1.357
-1.896,1.246
-1.957,-0.461
-1.999,-0.667
-2.003,1.635
-2.034,1.671
-2.064,-0.177
-2.082,1.009
-2.078,0.049
-2.019,1.441
-2.032,2.659
-2.158,2.105
-2.153,0.33
-2.147,1.863
-2.16,-0.847
-2.271,-0.484
-2.212,1.321
-2.326,0.034
-2.311,1.541
-2.335,-1.098
-2.317,2.08
-2.377,1.606
-2.397,-0.534
-2.329,1.428
-2.349,1.559
-2.411,1.621
-2.452,0.519
-2.496,0.889
-2.429,1.986
-2.46,1.817
-2.543,0.709
-2.539,0.228
-2.603,0.566
-2.61,-0.464
-2.634,1.928
-2.659,1.612
-2.674,-0.64
-2.619,-0.855
-2.635,1.512
-2.778,1.557
-2.831,-0.103
-2.815,0.535
-2.903,0.851
-3.005,-0.6
-3.056,0.311
-3.064,-0.227
-3.03,-0.584
-3.135,-1.119
3.137,0.443
3.131,-0.521
-3.141,-0.307
-3.121,0.051
3.039,-0.693
3.003,-0.313
2.996,-0.868
2.916,2.597
2.803,-1.135
2.706,1.616
2.627,1.094
2.567,2.606
2.482,1.098
2.539,0.332
2.517,0.467
2.532,0.591
2.159,0.132
2.101,-0.209
2.064,-0.296
1.946,-0.918
1.866,1.169
1.782,2.278
1.82,0.87
1.7,-0.912
1.771,2.158
1.73,0.354
1.554,2.318
1.519,0.664
1.489,1.958
1.345,1.64
1.233,2.284
1.24,1.849
1.003,-0.495
0.89,-0.364
0.89,-0.206
0.85,2.604
0.749,0.116
0.747,0.483
0.813,0.259
0.789,-0.213
0.777,0.202
0.705,-0.281
0.761,-0.921
0.72,-1.106
0.666,-0.598
0.701,1.634
0.607,0.434
0.585,2.201
0.584,-0.42
0.607,-1.143
0.54,1.432
0.545,-0.333
0.445,1.302
0.42,2.31
0.418,-0.619
0.282,-1.297
-0.33,-1.458
-0.504,-1.311
-0.988,-1.322
-0.953,-1.49
-1.325,-1.237
-1.38,-1.324
-1.85,-1.411
-1.934,-1.645
-2.471,-1.515
-2.999,-1.296
2.88,-1.314
1.997,-1.329
1.897,-1.517
1.365,-1.559
1.199,-1.428
1.164,-1.316
-0.512,2.906
-0.891,2.993
-1.113,3.099
-1.526,3.061
-1.579,3.099
-1.922,3.036
-1.92,3.164
2.874,2.964
2.759,3.166
2.647,2.816
2.374,2.849
2.25,3.034
1.842,2.93
0.676,3.171
0.59,2.903
-1.982,-0.681
-2.933,0.339
3.125,2.725
1.521,-0.69
-0.311,-1.566
-2.465,2.817
0.481,0.319
0.436,1.935
0.287,-0.132
0.367,0.338
0.348,0.541
0.345,-0.11
0.182,1.543
0.295,0.696
0.267,-0.718
0.203,1.383
0.055,-0.473
0.07,1.381
-0.457,0.272
-0.631,0.132
-0.536,0.269
-0.706,0.594
-0.75,0.589
-0.824,2.653
-0.763,1.859
-0.777,0.225
-0.916,0.141
-1.13,2.39
-1.144,1.306
-1.182,-0.06
-1.1,0.166
-1.214,-0.082
-1.317,-0.11
-1.463,2.529
-1.481,1.637
-1.521,2.599
-1.542,-1.079
-1.506,0.364
-1.891,-0.079
-1.879,0.502
-1.873,0.488
-1.975,0.527
-2.185,0.863
-2.08,-0.101
-2.229,-0.694
-2.157,-0.45
-2.159,0.294
-2.207,1.629
-2.216,-1.077
-2.42,1.45
-2.336,1.315
-2.429,1.027
-2.739,1.697
-2.628,1.813
-2.911,1.164
-3.067,0.196
-3.104,0.224
-3.113,1.05
2.613,1.906
2.447,-0.065
2.559,0.706
2.516,0.8
2.424,-0.043
2.258,2.603
2.248,-0.11
2.104,0.113
2.169,-0.258
2.026,1.25
1.914,0.737
2.005,2.763
1.999,0.899
1.892,0.674
1.878,1.013
1.83,0.695
1.94,-0.955
1.899,-0.902
1.9,1.12
1.709,-0.124
1.596,0.629
1.379,-0.929
1.348,-0.732
1.325,-0.265
1.184,-0.565
0.825,0.302
0.834,0.296
0.84,-0.97
0.716,-0.766
0.582,1.458
0.572,0.36
0.405,1.416
-0.36,-1.453
-0.494,-1.393
-0.615,-1.286
-1.093,-1.334
-1.828,-1.542
-2.493,-1.461
2.312,-1.466
1.818,-1.504
0.749,-1.416
-0.291,2.751
-1.675,2.922
-1.877,2.85
-2.149,2.906
-2.035,2.897
-2.232,2.768
-2.53,3.02
-2.728,2.976
-3.026,2.769
2.421,3.089
2.213,3.109
1.527,2.855
1.349,3.113
0.82,2.875
-2.29,-0.447
2.828,0.5
1.873,-0.476
1.888,2.103
2.241,1.239
2.088,0.463
1.166,0.005
1.189,2.0
1.105,0.496
1.064,0.822
1.112,1.011
-1.374,1.491
-2.346,0.094
-2.882,2.386
1.216,-0.903
2.04,2.461
1.248,2.664
0.862,2.558
0.901,2.711
0.634,2.574
-1.073,-1.037
1.195,-0.991
1.28,-1.265
1.092,3.177
0.594,2.92
1.241,2.927
-0.103,1.13
-0.2,-2.409
-0.498,0.097
-0.626,-0.717
-0.703,-1.189
-0.731,-1.195
-0.76,-0.558
-0.727,-2.07
-0.757,-0.075
-0.949,-0.774
-1.033,-0.468
-1.156,-2.128
-1.192,-0.766
-1.164,-1.701
-1.302,-0.3
-1.244,-1.373
-1.365,-1.444
-1.301,-0.254
-1.409,-1.454
-1.346,-1.687
-1.423,-0.984
-1.508,-0.354
-1.505,-2.511
-1.51,1.238
-1.527,-2.405
-1.464,-1.093
-1.465,1.1
-1.469,-1.596
-1.501,-0.272
-1.518,-0.751
-1.611,0.119
-1.653,-0.225
-1.585,1.135
-1.616,-2.477
-1.703,-1.268
-1.623,0.641
-1.717,-0.546
-1.745,-0.111
-1.808,-0.222
-1.869,-1.929
-1.911,-2.135
-1.915,0.167
-1.946,0.203
-1.976,-1.645
-1.994,-0.459
-1.99,-1.419
-1.931,-0.027
-1.944,1.191
-2.07,0.637
-2.065,-1.138
-2.059,0.395
-2.072,-2.315
-2.183,-1.952
-2.124,-0.147
-2.238,-1.434
-2.223,0.073
-2.247,-2.566
-2.229,0.612
-2.289,0.138
-2.309,-2.002
-2.241,-0.04
-2.261,0.091
-2.323,0.153
-2.364,-0.949
-2.408,-0.579
-2.341,0.518
-2.372,0.349
-2.455,-0.759
-2.451,-1.24
-2.515,-0.902
-2.522,-1.932
-2.546,0.46
-2.571,0.144
-2.586,-2.108
-2.531,-2.323
-2.547,0.044
-2.69,0.089
-2.743,-1.571
-2.727,-0.933
-2.815,-0.617
-2.917,-2.068
-2.968,-1.157
-2.976,-1.695
-2.942,-2.052
-3.047,-2.587
-3.058,-1.025
-3.064,-1.989
-3.053,-1.775
-3.033,-1.417
3.127,-2.161
3.091,-1.781
3.084,-2.336
3.004,1.129
2.891,-2.603
2.794,0.148
2.715,-0.374
2.655,1.138
2.57,-0.37
2.627,-1.136
2.605,-1.001
2.62,-0.877
2.247,-1.336
2.189,-1.677
2.152,-1.764
2.034,-2.386
1.954,-0.299
1.87,0.81
1.908,-0.598
1.788,-2.38
1.859,0.69
1.818,-1.114
1.642,0.85
1.607,-0.804
1.577,0.49
1.433,0.172
1.321,0.816
1.328,0.381
1.091,-1.963
0.978,-1.832
0.978,-1.674
0.938,1.136
0.837,-1.352
0.835,-0.985
0.901,-1.209
0.877,-1.681
0.865,-1.266
0.793,-1.749
0.849,-2.389
0.808,-2.574
0.754,-2.066
0.789,0.166
0.695,-1.034
0.673,0.733
0.672,-1.888
0.695,-2.611
0.628,-0.036
0.633,-1.801
0.533,-0.166
0.508,0.842
0.506,-2.087
0.37,-2.765
-0.242,-2.926
-0.416,-2.779
-0.9,-2.79
-0.865,-2.958
-1.237,-2.705
-1.292,-2.792
-1.762,-2.879
-1.846,-3.113
-2.383,-2.983
-2.911,-2.764
2.968,-2.782
2.085,-2.797
1.985,-2.985
1.453,-3.027
1.287,-2.896
1.252,-2.784
-0.424,1.438
-0.803,1.525
-1.025,1.631
-1.438,1.593
-1.491,1.631
-1.834,1.568
-1.832,1.696
2.962,1.496
2.847,1.698
2.735,1.348
2.462,1.381
2.338,1.566
1.93,1.462
0.764,1.703
0.678,1.435
-1.894,-2.149
-2.845,-1.129
-3.07,1.257
1.609,-2.158
-0.223,-3.034
-2.377,1.349
0.569,-1.149
0.524,0.467
0.375,-1.6
0.455,-1.13
0.436,-0.927
0.433,-1.578
0.27,0.075
0.383,-0.772
0.355,-2.186
0.291,-0.085
0.143,-1.941
0.158,-0.087
-0.369,-1.196
-0.543,-1.336
-0.448,-1.199
-0.618,-0.874
-0.662,-0.879
-0.736,1.185
-0.675,0.391
-0.689,-1.243
-0.828,-1.327
-1.042,0.922
-1.056,-0.162
-1.094,-1.528
-1.012,-1.302
-1.126,-1.55
-1.229,-1.578
-1.375,1.061
-1.393,0.169
-1.433,1.131
-1.454,-2.547
-1.418,-1.104
-1.803,-1.547
-1.791,-0.966
-1.785,-0.98
-1.887,-0.941
-2.097,-0.605
-1.992,-1.569
-2.141,-2.162
-2.069,-1.918
-2.071,-1.174
-2.119,0.161
-2.128,-2.545
-2.332,-0.018
-2.248,-0.153
-2.341,-0.441
-2.651,0.229
-2.54,0.345
-2.823,-0.304
-2.979,-1.272
-3.016,-1.244
-3.025,-0.418
2.701,0.438
2.535,-1.533
2.647,-0.762
2.604,-0.668
2.512,-1.511
2.346,1.135
2.336,-1.578
2.192,-1.355
2.257,-1.726
2.114,-0.218
2.002,-0.731
2.093,1.295
2.087,-0.569
1.98,-0.794
1.966,-0.455
1.918,-0.773
2.028,-2.423
1.987,-2.37
1.988,-0.348
1.797,-1.592
1.684,-0.839
1.467,-2.397
1.436,-2.2
1.413,-1.733
1.272,-2.033
0.913,-1.166
0.922,-1.172
0.928,-2.438
0.804,-2.234
0.67,-0.01
0.66,-1.108
0.493,-0.052
-0.272,-2.921
-0.406,-2.861
-0.527,-2.754
-1.005,-2.802
-1.74,-3.01
-2.405,-2.929
2.4,-2.934
1.906,-2.972
0.837,-2.884
-0.203,1.283
-1.587,1.454
-1.789,1.382
-2.061,1.438
-1.947,1.429
-2.144,1.3
-2.442,1.552
-2.64,1.508
-2.938,1.301
2.509,1.621
2.301,1.641
1.615,1.387
1.437,1.645
0.908,1.407
-2.202,-1.915
2.916,-0.968
1.961,-1.944
1.976,0.635
2.329,-0.229
2.176,-1.005
1.254,-1.463
1.277,0.532
1.193,-0.972
1.152,-0.646
1.2,-0.457
-1.286,0.023
-2.258,-1.374
-2.794,0.918
1.304,-2.371
2.128,0.993
1.336,1.196
0.95,1.09
0.989,1.243
0.722,1.106
-0.985,-2.505
1.283,-2.459
1.368,-2.733
1.18,1.709
0.682,1.452
1.329,1.459
-0.097,-3.539
-0.395,-1.033
-0.523,-1.847
-0.6,-2.319
-0.628,-2.325
-0.657,-1.688
-0.624,-3.2
-0.654,-1.205
-0.846,-1.904
-0.93,-1.598
-1.053,-3.258
-1.089,-1.896
-1.061,-2.831
-1.199,-1.43
-1.141,-2.503
-1.262,-2.574
-1.198,-1.384
-1.306,-2.584
-1.243,-2.817
-1.32,-2.114
-1.405,-1.484
-1.402,-3.641
-1.407,0.108
-1.424,-3.535
-1.361,-2.223
-1.362,-0.03
-1.366,-2.726
-1.398,-1.402
-1.415,-1.881
-1.508,-1.011
-1.55,-1.355
-1.482,0.005
-1.513,-3.607
-1.6,-2.398
-1.52,-0.489
-1.614,-1.676
-1.642,-1.241
-1.705,-1.352
-1.766,-3.059
-1.808,-3.265
-1.812,-0.963
-1.843,-0.927
-1.873,-2.775
-1.891,-1.589
-1.887,-2.549
-1.828,-1.157
-1.841,0.061
-1.967,-0.493
-1.962,-2.268
-1.956,-0.735
-1.969,-3.445
-2.08,-3.082
-2.021,-1.277
-2.135,-2.564
-2.12,-1.057
-2.144,-3.696
-2.126,-0.518
-2.186,-0.992
-2.206,-3.132
-2.138,-1.17
-2.158,-1.039
-2.22,-0.977
-2.261,-2.079
-2.305,-1.709
-2.238,-0.612
-2.269,-0.781
-2.352,-1.889
-2.348,-2.37
-2.412,-2.032
-2.419,-3.062
-2.443,-0.67
-2.468,-0.986
-2.483,-3.238
-2.428,-3.453
-2.444,-1.086
-2.587,-1.041
-2.64,-2.701
-2.624,-2.063
-2.712,-1.747
-2.814,-3.198
-2.865,-2.287
-2.873,-2.825
-2.839,-3.182
-2.944,-3.717
-2.955,-2.155
-2.961,-3.119
-2.95,-2.905
-2.93,-2.547
-3.053,-3.291
-3.089,-2.911
-3.096,-3.466
3.107,-0.001
2.994,-3.733
2.897,-0.982
2.818,-1.504
2.758,0.008
2.673,-1.5
2.73,-2.266
2.708,-2.131
2.723,-2.007
2.35,-2.466
2.292,-2.807
2.255,-2.894
2.137,-3.516
2.057,-1.429
1.973,-0.32
2.011,-1.728
1.891,-3.51
1.962,-0.44
1.921,-2.244
1.745,-0.28
1.71,-1.934
1.68,-0.64
1.536,-0.958
1.424,-0.314
1.431,-0.749
1.194,-3.093
1.081,-2.962
1.081,-2.804
1.041,0.006
0.94,-2.482
0.938,-2.115
1.004,-2.339
0.98,-2.811
0.968,-2.396
0.896,-2.879
0.952,-3.519
0.911,-3.704
0.857,-3.196
0.892,-0.964
0.798,-2.164
0.776,-0.397
0.775,-3.018
0.798,-3.741
0.731,-1.166
0.736,-2.931
0.636,-1.296
0.611,-0.288
0.609,-3.217
0.473,-3.895
-0.139,-4.056
-0.313,-3.909
-0.797,-3.92
-0.762,-4.088
-1.134,-3.835
-1.189,-3.922
-1.659,-4.009
-1.743,-4.243
-2.28,-4.113
-2.808,-3.894
3.071,-3.912
2.188,-3.927
2.088,-4.115
1.556,-4.157
1.39,-4.026
1.355,-3.914
-0.321,0.308
-0.7,0.395
-0.922,0.501
-1.335,0.463
-1.388,0.501
-1.731,0.438
-1.729,0.566
3.065,0.366
2.95,0.568
2.838,0.218
2.565,0.251
2.441,0.436
2.033,0.332
0.867,0.573
0.781,0.305
-1.791,-3.279
-2.742,-2.259
-2.967,0.127
1.712,-3.288
-0.12,-4.164
-2.274,0.219
0.672,-2.279
0.627,-0.663
0.478,-2.73
0.558,-2.26
0.539,-2.057
0.536,-2.708
0.373,-1.055
0.486,-1.902
0.458,-3.316
0.394,-1.215
0.246,-3.071
0.261,-1.217
-0.266,-2.326
-0.44,-2.466
-0.345,-2.329
-0.515,-2.004
-0.559,-2.009
-0.633,0.055
-0.572,-0.739
-0.586,-2.373
-0.725,-2.457
-0.939,-0.208
-0.953,-1.292
-0.991,-2.658
-0.909,-2.432
-1.023,-2.68
-1.126,-2.708
-1.272,-0.069
-1.29,-0.961
-1.33,0.001
-1.351,-3.677
-1.315,-2.234
-1.7,-2.677
-1.688,-2.096
-1.682,-2.11
-1.784,-2.071
-1.994,-1.735
-1.889,-2.699
-2.038,-3.292
-1.966,-3.048
-1.968,-2.304
-2.016,-0.969
-2.025,-3.675
-2.229,-1.148
-2.145,-1.283
-2.238,-1.571
-2.548,-0.901
-2.437,-0.785
-2.72,-1.434
-2.876,-2.402
-2.913,-2.374
-2.922,-1.548
2.804,-0.692
2.638,-2.663
2.75,-1.892
2.707,-1.798
2.615,-2.641
2.449,0.005
2.439,-2.708
2.295,-2.485
2.36,-2.856
2.217,-1.348
2.105,-1.861
2.196,0.165
2.19,-1.699
2.083,-1.924
2.069,-1.585
2.021,-1.903
2.131,-3.553
2.09,-3.5
2.091,-1.478
1.9,-2.722
1.787,-1.969
1.57,-3.527
1.539,-3.33
1.516,-2.863
1.375,-3.163
1.016,-2.296
1.025,-2.302
1.031,-3.568
0.907,-3.364
0.773,-1.14
0.763,-2.238
0.596,-1.182
-0.169,-4.051
-0.303,-3.991
-0.424,-3.884
-0.902,-3.932
-1.637,-4.14
-2.302,-4.059
2.503,-4.064
2.009,-4.102
0.94,-4.014
-0.1,0.153
-1.484,0.324
-1.686,0.252
-1.958,0.308
-1.844,0.299
-2.041,0.17
-2.339,0.422
-2.537,0.378
-2.835,0.171
2.612,0.491
2.404,0.511
1.718,0.257
1.54,0.515
1.011,0.277
-2.099,-3.045
3.019,-2.098
2.064,-3.074
2.079,-0.495
2.432,-1.359
2.279,-2.135
1.357,-2.593
1.38,-0.598
1.296,-2.102
1.255,-1.776
1.303,-1.587
-1.183,-1.107
-2.155,-2.504
-2.691,-0.212
1.407,-3.501
2.231,-0.137
1.439,0.066
1.053,-0.04
1.092,0.113
0.825,-0.024
-0.882,-3.635
1.386,-3.589
1.471,-3.863
1.283,0.579
0.785,0.322
1.432,0.329
-0.298,2.506
-0.426,1.692
-0.503,1.22
-0.531,1.214
-0.56,1.851
-0.527,0.339
-0.557,2.334
-0.749,1.635
-0.833,1.941
-0.956,0.281
-0.992,1.643
-0.964,0.708
-1.102,2.109
-1.044,1.036
-1.165,0.965
-1.101,2.155
-1.209,0.955
-1.146,0.722
-1.223,1.425
-1.308,2.055
-1.305,-0.102
-1.31,3.647
-1.327,0.004
-1.264,1.316
-1.265,3.509
-1.269,0.813
-1.301,2.137
-1.318,1.658
-1.411,2.528
-1.453,2.184
-1.385,3.544
-1.416,-0.068
-1.503,1.141
-1.423,3.05
-1.517,1.863
-1.545,2.298
-1.608,2.187
-1.669,0.48
-1.711,0.274
-1.715,2.576
-1.746,2.612
-1.776,0.764
-1.794,1.95
-1.79,0.99
-1.731,2.382
-1.744,3.6
-1.87,3.046
-1.865,1.271
-1.859,2.804
-1.872,0.094
-1.983,0.457
-1.924,2.262
-2.038,0.975
-2.023,2.482
-2.047,-0.157
-2.029,3.021
-2.089,2.547
-2.109,0.407
-2.041,2.369
-2.061,2.5
-2.123,2.562
-2.164,1.46
-2.208,1.83
-2.141,2.927
-2.172,2.758
-2.255,1.65
-2.251,1.169
-2.315,1.507
-2.322,0.477
-2.346,2.869
-2.371,2.553
-2.386,0.301
-2.331,0.086
-2.347,2.453
-2.49,2.498
-2.543,0.838
-2.527,1.476
-2.615,1.792
-2.717,0.341
-2.768,1.252
-2.776,0.714
-2.742,0.357
-2.847,-0.178
-2.858,1.384
-2.864,0.42
-2.853,0.634
-2.833,0.992
-2.956,0.248
-2.992,0.628
-2.999,0.073
-3.079,3.538
3.091,-0.194
2.994,2.557
2.915,2.035
2.855,3.547
2.77,2.039
2.827,1.273
2.805,1.408
2.82,1.532
2.447,1.073
2.389,0.732
2.352,0.645
2.234,0.023
2.154,2.11
2.07,3.219
2.108,1.811
1.988,0.029
2.059,3.099
2.018,1.295
1.842,3.259
1.807,1.605
1.777,2.899
1.633,2.581
1.521,3.225
1.528,2.79
1.291,0.446
1.178,0.577
1.178,0.735
1.138,3.545
1.037,1.057
1.035,1.424
1.101,1.2
1.077,0.728
1.065,1.143
0.993,0.66
1.049,0.02
1.008,-0.165
0.954,0.343
0.989,2.575
0.895,1.375
0.873,3.142
0.872,0.521
0.895,-0.202
0.828,2.373
0.833,0.608
0.733,2.243
0.708,3.251
0.706,0.322
0.57,-0.356
-0.042,-0.517
-0.216,-0.37
-0.7,-0.381
-0.665,-0.549
-1.037,-0.296
-1.092,-0.383
-1.562,-0.47
-1.646,-0.704
-2.183,-0.574
-2.711,-0.355
-3.115,-0.373
2.285,-0.388
2.185,-0.576
1.653,-0.618
1.487,-0.487
1.452,-0.375
-0.224,3.847
-0.603,3.934
-0.825,4.04
-1.238,4.002
-1.291,4.04
-1.634,3.977
-1.632,4.105
-3.121,3.905
3.047,4.107
2.935,3.757
2.662,3.79
2.538,3.975
2.13,3.871
0.964,4.112
0.878,3.844
-1.694,0.26
-2.645,1.28
-2.87,3.666
1.809,0.251
-0.023,-0.625
-2.177,3.758
0.769,1.26
0.724,2.876
0.575,0.809
0.655,1.279
0.636,1.482
0.633,0.831
0.47,2.484
0.583,1.637
0.555,0.223
0.491,2.324
0.343,0.468
0.358,2.322
-0.169,1.213
-0.343,1.073
-0.248,1.21
-0.418,1.535
-0.462,1.53
-0.536,3.594
-0.475,2.8
-0.489,1.166
-0.628,1.082
-0.842,3.331
-0.856,2.247
-0.894,0.881
-0.812,1.107
-0.926,0.859
-1.029,0.831
-1.175,3.47
-1.193,2.578
-1.233,3.54
-1.254,-0.138
-1.218,1.305
-1.603,0.862
-1.591,1.443
-1.585,1.429
-1.687,1.468
-1.897,1.804
-1.792,0.84
-1.941,0.247
-1.869,0.491
-1.871,1.235
-1.919,2.57
-1.928,-0.136
-2.132,2.391
-2.048,2.256
-2.141,1.968
-2.451,2.638
-2.34,2.754
-2.623,2.105
-2.779,1.137
-2.816,1.165
-2.825,1.991
2.901,2.847
2.735,0.876
2.847,1.647
2.804,1.741
2.712,0.898
2.546,3.544
2.536,0.831
2.392,1.054
2.457,0.683
2.314,2.191
2.202,1.678
2.293,3.704
2.287,1.84
2.18,1.615
2.166,1.954
2.118,1.636
2.228,-0.014
2.187,0.039
2.188,2.061
1.997,0.817
1.884,1.57
1.667,0.012
1.636,0.209
1.613,0.676
1.472,0.376
1.113,1.243
1.122,1.237
1.128,-0.029
1.004,0.175
0.87,2.399
0.86,1.301
0.693,2.357
-0.072,-0.512
-0.206,-0.452
-0.327,-0.345
-0.805,-0.393
-1.54,-0.601
-2.205,-0.52
2.6,-0.525
2.106,-0.563
1.037,-0.475
-0.003,3.692
-1.387,3.863
-1.589,3.791
-1.861,3.847
-1.747,3.838
-1.944,3.709
-2.242,3.961
-2.44,3.917
-2.738,3.71
2.709,4.03
2.501,4.05
1.815,3.796
1.637,4.054
1.108,3.816
-2.002,0.494
3.116,1.441
2.161,0.465
2.176,3.044
2.529,2.18
2.376,1.404
1.454,0.946
1.477,2.941
1.393,1.437
1.352,1.763
1.4,1.952
-1.086,2.432
-2.058,1.035
-2.594,3.327
1.504,0.038
2.328,3.402
1.536,3.605
1.15,3.499
1.189,3.652
0.922,3.515
-0.785,-0.096
1.483,-0.05
1.568,-0.324
1.38,4.118
0.882,3.861
1.529,3.868
-0.128,-0.814
-0.205,-1.286
-0.233,-1.292
-0.262,-0.655
-0.229,-2.167
-0.259,-0.172
-0.451,-0.871
-0.535,-0.565
-0.658,-2.225
-0.694,-0.863
-0.666,-1.798
-0.804,-0.397
-0.746,-1.47
-0.867,-1.541
-0.803,-0.351
-0.911,-1.551
-0.848,-1.784
-0.925,-1.081
-1.01,-0.451
-1.007,-2.608
-1.012,1.141
-1.029,-2.502
-0.966,-1.19
-0.967,1.003
-0.971,-1.693
-1.003,-0.369
-1.02,-0.848
-1.113,0.022
-1.155,-0.322
-1.087,1.038
-1.118,-2.574
-1.205,-1.365
-1.125,0.544
-1.219,-0.643
-1.247,-0.208
-1.31,-0.319
-1.371,-2.026
-1.413,-2.232
-1.417,0.07
-1.448,0.106
-1.478,-1.742
-1.496,-0.556
-1.492,-1.516
-1.433,-0.124
-1.446,1.094
-1.572,0.54
-1.567,-1.235
-1.561,0.298
-1.574,-2.412
-1.685,-2.049
-1.626,-0.244
-1.74,-1.531
-1.725,-0.024
-1.749,-2.663
-1.731,0.515
-1.791,0.041
-1.811,-2.099
-1.743,-0.137
-1.763,-0.006
-1.825,0.056
-1.866,-1.046
-1.91,-0.676
-1.843,0.421
-1.874,0.252
-1.957,-0.856
-1.953,-1.337
-2.017,-0.999
-2.024,-2.029
-2.048,0.363
-2.073,0.047
-2.088,-2.205
-2.033,-2.42
-2.049,-0.053
-2.192,-0.008
-2.245,-1.668
-2.229,-1.03
-2.317,-0.714
-2.419,-2.165
-2.47,-1.254
-2.478,-1.792
-2.444,-2.149
-2.549,-2.684
-2.56,-1.122
-2.566,-2.086
-2.555,-1.872
-2.535,-1.514
-2.658,-2.258
-2.694,-1.878
-2.701,-2.433
-2.781,1.032
-2.894,-2.7
-2.991,0.051
-3.07,-0.471
-3.13,1.041
3.068,-0.467
3.125,-1.233
3.103,-1.098
3.118,-0.974
2.745,-1.433
2.687,-1.774
2.65,-1.861
2.532,-2.483
2.452,-0.396
2.368,0.713
2.406,-0.695
2.286,-2.477
2.357,0.593
2.316,-1.211
2.14,0.753
2.105,-0.901
2.075,0.393
1.931,0.075
1.819,0.719
1.826,0.284
1.589,-2.06
1.476,-1.929
1.476,-1.771
1.436,1.039
1.335,-1.449
1.333,-1.082
1.399,-1.306
1.375,-1.778
1.363,-1.363
1.291,-1.846
1.347,-2.486
1.306,-2.671
1.252,-2.163
1.287,0.069
1.193,-1.131
1.171,0.636
1.17,-1.985
1.193,-2.708
1.126,-0.133
1.131,-1.898
1.031,-0.263
1.006,0.745
1.004,-2.184
0.868,-2.862
0.256,-3.023
0.082,-2.876
-0.402,-2.887
-0.367,-3.055
-0.739,-2.802
-0.794,-2.889
-1.264,-2.976
-1.348,-3.21
-1.885,-3.08
-2.413,-2.861
-2.817,-2.879
2.583,-2.894
2.483,-3.082
1.951,-3.124
1.785,-2.993
1.75,-2.881
0.074,1.341
-0.305,1.428
-0.527,1.534
-0.94,1.496
-0.993,1.534
-1.336,1.471
-1.334,1.599
-2.823,1.399
-2.938,1.601
-3.05,1.251
2.96,1.284
2.836,1.469
2.428,1.365
1.262,1.606
1.176,1.338
-1.396,-2.246
-2.347,-1.226
-2.572,1.16
2.107,-2.255
0.275,-3.131
-1.879,1.252
1.067,-1.246
1.022,0.37
0.873,-1.697
0.953,-1.227
0.934,-1.024
0.931,-1.675
0.768,-0.022
0.881,-0.869
0.853,-2.283
0.789,-0.182
0.641,-2.038
0.656,-0.184
0.129,-1.293
-0.045,-1.433
0.05,-1.296
-0.12,-0.971
-0.164,-0.976
-0.238,1.088
-0.177,0.294
-0.191,-1.34
-0.33,-1.424
-0.544,0.825
-0.558,-0.259
-0.596,-1.625
-0.514,-1.399
-0.628,-1.647
-0.731,-1.675
-0.877,0.964
-0.895,0.072
-0.935,1.034
-0.956,-2.644
-0.92,-1.201
-1.305,-1.644
-1.293,-1.063
-1.287,-1.077
-1.389,-1.038
-1.599,-0.702
-1.494,-1.666
-1.643,-2.259
-1.571,-2.015
-1.573,-1.271
-1.621,0.064
-1.63,-2.642
-1.834,-0.115
-1.75,-0.25
-1.843,-0.538
-2.153,0.132
-2.042,0.248
-2.325,-0.401
-2.481,-1.369
-2.518,-1.341
-2.527,-0.515
-3.084,0.341
3.033,-1.63
-3.138,-0.859
3.102,-0.765
3.01,-1.608
2.844,1.038
2.834,-1.675
2.69,-1.452
2.755,-1.823
2.612,-0.315
2.5,-0.828
2.591,1.198
2.585,-0.666
2.478,-0.891
2.464,-0.552
2.416,-0.87
2.526,-2.52
2.485,-2.467
2.486,-0.445
2.295,-1.689
2.182,-0.936
1.965,-2.494
1.934,-2.297
1.911,-1.83
1.77,-2.13
1.411,-1.263
1.42,-1.269
1.426,-2.535
1.302,-2.331
1.168,-0.107
1.158,-1.205
0.991,-0.149
0.226,-3.018
0.092,-2.958
-0.029,-2.851
-0.507,-2.899
-1.242,-3.107
-1.907,-3.026
2.898,-3.031
2.404,-3.069
1.335,-2.981
0.295,1.186
-1.089,1.357
-1.291,1.285
-1.563,1.341
-1.449,1.332
-1.646,1.203
-1.944,1.455
-2.142,1.411
-2.44,1.204
3.007,1.524
2.799,1.544
2.113,1.29
1.935,1.548
1.406,1.31
-1.704,-2.012
-2.869,-1.065
2.459,-2.041
2.474,0.538
2.827,-0.326
2.674,-1.102
1.752,-1.56
1.775,0.435
1.691,-1.069
1.65,-0.743
1.698,-0.554
-0.788,-0.074
-1.76,-1.471
-2.296,0.821
1.802,-2.468
2.626,0.896
1.834,1.099
1.448,0.993
1.487,1.146
1.22,1.009
-0.487,-2.602
1.781,-2.556
1.866,-2.83
1.678,1.612
1.18,1.355
1.827,1.362
-0.077,-0.472
-0.105,-0.478
-0.134,0.159
-0.101,-1.353
-0.131,0.642
-0.323,-0.057
-0.407,0.249
-0.53,-1.411
-0.566,-0.049
-0.538,-0.984
-0.676,0.417
-0.618,-0.656
-0.739,-0.727
-0.675,0.463
-0.783,-0.737
-0.72,-0.97
-0.797,-0.267
-0.882,0.363
-0.879,-1.794
-0.884,1.955
-0.901,-1.688
-0.838,-0.376
-0.839,1.817
-0.843,-0.879
-0.875,0.445
-0.892,-0.034
-0.985,0.836
-1.027,0.492
-0.959,1.852
-0.99,-1.76
-1.077,-0.551
-0.997,1.358
-1.091,0.171
-1.119,0.606
-1.182,0.495
-1.243,-1.212
-1.285,-1.418
-1.289,0.884
-1.32,0.92
-1.35,-0.928
-1.368,0.258
-1.364,-0.702
-1.305,0.69
-1.318,1.908
-1.444,1.354
-1.439,-0.421
-1.433,1.112
-1.446,-1.598
-1.557,-1.235
-1.498,0.57
-1.612,-0.717
-1.597,0.79
-1.621,-1.849
-1.603,1.329
-1.663,0.855
-1.683,-1.285
-1.615,0.677
-1.635,0.808
-1.697,0.87
-1.738,-0.232
-1.782,0.138
-1.715,1.235
-1.746,1.066
-1.829,-0.042
-1.825,-0.523
-1.889,-0.185
-1.896,-1.215
-1.92,1.177
-1.945,0.861
-1.96,-1.391
-1.905,-1.606
-1.921,0.761
-2.064,0.806
-2.117,-0.854
-2.101,-0.216
-2.189,0.1
-2.291,-1.351
-2.342,-0.44
-2.35,-0.978
-2.316,-1.335
-2.421,-1.87
-2.432,-0.308
-2.438,-1.272
-2.427,-1.058
-2.407,-0.7
-2.53,-1.444
-2.566,-1.064
-2.573,-1.619
-2.653,1.846
-2.766,-1.886
-2.863,0.865
-2.942,0.343
-3.002,1.855
-3.087,0.347
-3.03,-0.419
-3.052,-0.284
-3.037,-0.16
2.873,-0.619
2.815,-0.96
2.778,-1.047
2.66,-1.669
2.58,0.418
2.496,1.527
2.534,0.119
2.414,-1.663
2.485,1.407
2.444,-0.397
2.268,1.567
2.233,-0.087
2.203,1.207
2.059,0.889
1.947,1.533
1.954,1.098
1.717,-1.246
1.604,-1.115
1.604,-0.957
1.564,1.853
1.463,-0.635
1.461,-0.268
1.527,-0.492
1.503,-0.964
1.491,-0.549
1.419,-1.032
1.475,-1.672
1.434,-1.857
1.38,-1.349
1.415,0.883
1.321,-0.317
1.299,1.45
1.298,-1.171
1.321,-1.894
1.254,0.681
1.259,-1.084
1.159,0.551
1.134,1.559
1.132,-1.37
0.996,-2.048
0.384,-2.209
0.21,-2.062
-0.274,-2.073
-0.239,-2.241
-0.611,-1.988
-0.666,-2.075
-1.136,-2.162
-1.22,-2.396
-1.757,-2.266
-2.285,-2.047
-2.689,-2.065
2.711,-2.08
2.611,-2.268
2.079,-2.31
1.913,-2.179
1.878,-2.067
0.202,2.155
-0.177,2.242
-0.399,2.348
-0.812,2.31
-0.865,2.348
-1.208,2.285
-1.206,2.413
-2.695,2.213
-2.81,2.415
-2.922,2.065
3.088,2.098
2.964,2.283
2.556,2.179
1.39,2.42
1.304,2.152
-1.268,-1.432
-2.219,-0.412
-2.444,1.974
2.235,-1.441
0.403,-2.317
-1.751,2.066
1.195,-0.432
1.15,1.184
1.001,-0.883
1.081,-0.413
1.062,-0.21
1.059,-0.861
0.896,0.792
1.009,-0.055
0.981,-1.469
0.917,0.632
0.769,-1.224
0.784,0.63
0.257,-0.479
0.083,-0.619
0.178,-0.482
0.008,-0.157
-0.036,-0.162
-0.11,1.902
-0.049,1.108
-0.063,-0.526
-0.202,-0.61
-0.416,1.639
-0.43,0.555
-0.468,-0.811
-0.386,-0.585
-0.5,-0.833
-0.603,-0.861
-0.749,1.778
-0.767,0.886
-0.807,1.848
-0.828,-1.83
-0.792,-0.387
-1.177,-0.83
-1.165,-0.249
-1.159,-0.263
-1.261,-0.224
-1.471,0.112
-1.366,-0.852
-1.515,-1.445
-1.443,-1.201
-1.445,-0.457
-1.493,0.878
-1.502,-1.828
-1.706,0.699
-1.622,0.564
-1.715,0.276
-2.025,0.946
-1.914,1.062
-2.197,0.413
-2.353,-0.555
-2.39,-0.527
-2.399,0.299
-2.956,1.155
-3.122,-0.816
-3.01,-0.045
-3.053,0.049
3.138,-0.794
2.972,1.852
2.962,-0.861
2.818,-0.638
2.883,-1.009
2.74,0.499
2.628,-0.014
2.719,2.012
2.713,0.148
2.606,-0.077
2.592,0.262
2.544,-0.056
2.654,-1.706
2.613,-1.653
2.614,0.369
2.423,-0.875
2.31,-0.122
2.093,-1.68
2.062,-1.483
2.039,-1.016
1.898,-1.316
1.539,-0.449
1.548,-0.455
1.554,-1.721
1.43,-1.517
1.296,0.707
1.286,-0.391
1.119,0.665
0.354,-2.204
0.22,-2.144
0.099,-2.037
-0.379,-2.085
-1.114,-2.293
-1.779,-2.212
3.026,-2.217
2.532,-2.255
1.463,-2.167
0.423,2.0
-0.961,2.171
-1.163,2.099
-1.435,2.155
-1.321,2.146
-1.518,2.017
-1.816,2.269
-2.014,2.225
-2.312,2.018
3.135,2.338
2.927,2.358
2.241,2.104
2.063,2.362
1.534,2.124
-1.576,-1.198
-2.741,-0.251
2.587,-1.227
2.602,1.352
2.955,0.488
2.802,-0.288
1.88,-0.746
1.903,1.249
1.819,-0.255
1.778,0.071
1.826,0.26
-0.66,0.74
-1.632,-0.657
-2.168,1.635
1.93,-1.654
2.754,1.71
1.962,1.913
1.576,1.807
1.615,1.96
1.348,1.823
-0.359,-1.788
1.909,-1.742
1.994,-2.016
1.806,2.426
1.308,2.169
1.955,2.176
-0.028,-0.006
-0.057,0.631
-0.024,-0.881
-0.054,1.114
-0.246,0.415
-0.33,0.721
-0.453,-0.939
-0.489,0.423
-0.461,-0.512
-0.599,0.889
-0.541,-0.184
-0.662,-0.255
-0.598,0.935
-0.706,-0.265
-0.643,-0.498
-0.72,0.205
-0.805,0.835
-0.802,-1.322
-0.807,2.427
-0.824,-1.216
-0.761,0.096
-0.762,2.289
-0.766,-0.407
-0.798,0.917
-0.815,0.438
-0.908,1.308
-0.95,0.964
-0.882,2.324
-0.913,-1.288
-1.0,-0.079
-0.92,1.83
-1.014,0.643
-1.042,1.078
-1.105,0.967
-1.166,-0.74
-1.208,-0.946
-1.212,1.356
-1.243,1.392
-1.273,-0.456
-1.291,0.73
-1.287,-0.23
-1.228,1.162
-1.241,2.38
-1.367,1.826
-1.362,0.051
-1.356,1.584
-1.369,-1.126
-1.48,-0.763
-1.421,1.042
-1.535,-0.245
-1.52,1.262
-1.544,-1.377
-1.526,1.801
-1.586,1.327
-1.606,-0.813
-1.538,1.149
-1.558,1.28
-1.62,1.342
-1.661,0.24
-1.705,0.61
-1.638,1.707
-1.669,1.538
-1.752,0.43
-1.748,-0.051
-1.812,0.287
-1.819,-0.743
-1.843,1.649
-1.868,1.333
-1.883,-0.919
-1.828,-1.134
-1.844,1.233
-1.987,1.278
-2.04,-0.382
-2.024,0.256
-2.112,0.572
-2.214,-0.879
-2.265,0.032
-2.273,-0.506
-2.239,-0.863
-2.344,-1.398
-2.355,0.164
-2.361,-0.8
-2.35,-0.586
-2.33,-0.228
-2.453,-0.972
-2.489,-0.592
-2.496,-1.147
-2.576,2.318
-2.689,-1.414
-2.786,1.337
-2.865,0.815
-2.925,2.327
-3.01,0.819
-2.953,0.053
-2.975,0.188
-2.96,0.312
2.95,-0.147
2.892,-0.488
2.855,-0.575
2.737,-1.197
2.657,0.89
2.573,1.999
2.611,0.591
2.491,-1.191
2.562,1.879
2.521,0.075
2.345,2.039
2.31,0.385
2.28,1.679
2.136,1.361
2.024,2.005
2.031,1.57
1.794,-0.774
1.681,-0.643
1.681,-0.485
1.641,2.325
1.54,-0.163
1.538,0.204
1.604,-0.02
1.58,-0.492
1.568,-0.077
1.496,-0.56
1.552,-1.2
1.511,-1.385
1.457,-0.877
1.492,1.355
1.398,0.155
1.376,1.922
1.375,-0.699
1.398,-1.422
1.331,1.153
1.336,-0.612
1.236,1.023
1.211,2.031
1.209,-0.898
1.073,-1.576
0.461,-1.737
0.287,-1.59
-0.197,-1.601
-0.162,-1.769
-0.534,-1.516
-0.589,-1.603
-1.059,-1.69
-1.143,-1.924
-1.68,-1.794
-2.208,-1.575
-2.612,-1.593
2.788,-1.608
2.688,-1.796
2.156,-1.838
1.99,-1.707
1.955,-1.595
0.279,2.627
-0.1,2.714
-0.322,2.82
-0.735,2.782
-0.788,2.82
-1.131,2.757
-1.129,2.885
-2.618,2.685
-2.733,2.887
-2.845,2.537
-3.118,2.57
3.041,2.755
2.633,2.651
1.467,2.892
1.381,2.624
-1.191,-0.96
-2.142,0.06
-2.367,2.446
2.312,-0.969
0.48,-1.845
-1.674,2.538
1.272,0.04
1.227,1.656
1.078,-0.411
1.158,0.059
1.139,0.262
1.136,-0.389
0.973,1.264
1.086,0.417
1.058,-0.997
0.994,1.104
0.846,-0.752
0.861,1.102
0.334,-0.007
0.16,-0.147
0.255,-0.01
0.085,0.315
0.041,0.31
-0.033,2.374
0.028,1.58
0.014,-0.054
-0.125,-0.138
-0.339,2.111
-0.353,1.027
-0.391,-0.339
-0.309,-0.113
-0.423,-0.361
-0.526,-0.389
-0.672,2.25
-0.69,1.358
-0.73,2.32
-0.751,-1.358
-0.715,0.085
-1.1,-0.358
-1.088,0.223
-1.082,0.209
-1.184,0.248
-1.394,0.584
-1.289,-0.38
-1.438,-0.973
-1.366,-0.729
-1.368,0.015
-1.416,1.35
-1.425,-1.356
-1.629,1.171
-1.545,1.036
-1.638,0.748
-1.948,1.418
-1.837,1.534
-2.12,0.885
-2.276,-0.083
-2.313,-0.055
-2.322,0.771
-2.879,1.627
-3.045,-0.344
-2.933,0.427
-2.976,0.521
-3.068,-0.322
3.049,2.324
3.039,-0.389
2.895,-0.166
2.96,-0.537
2.817,0.971
2.705,0.458
2.796,2.484
2.79,0.62
2.683,0.395
2.669,0.734
2.621,0.416
2.731,-1.234
2.69,-1.181
2.691,0.841
2.5,-0.403
2.387,0.35
2.17,-1.208
2.139,-1.011
2.116,-0.544
1.975,-0.844
1.616,0.023
1.625,0.017
1.631,-1.249
1.507,-1.045
1.373,1.179
1.363,0.081
1.196,1.137
0.431,-1.732
0.297,-1.672
0.176,-1.565
-0.302,-1.613
-1.037,-1.821
-1.702,-1.74
3.103,-1.745
2.609,-1.783
1.54,-1.695
0.5,2.472
-0.884,2.643
-1.086,2.571
-1.358,2.627
-1.244,2.618
-1.441,2.489
-1.739,2.741
-1.937,2.697
-2.235,2.49
-3.071,2.81
3.004,2.83
2.318,2.576
2.14,2.834
1.611,2.596
-1.499,-0.726
-2.664,0.221
2.664,-0.755
2.679,1.824
3.032,0.96
2.879,0.184
1.957,-0.274
1.98,1.721
1.896,0.217
1.855,0.543
1.903,0.732
-0.583,1.212
-1.555,-0.185
-2.091,2.107
2.007,-1.182
2.831,2.182
2.039,2.385
1.653,2.279
1.692,2.432
1.425,2.295
-0.282,-1.316
1.986,-1.27
2.071,-1.544
1.883,2.898
1.385,2.641
2.032,2.648
-0.029,0.637
0.004,-0.875
-0.026,1.12
-0.218,0.421
-0.302,0.727
-0.425,-0.933
-0.461,0.429
-0.433,-0.506
-0.571,0.895
-0.513,-0.178
-0.634,-0.249
-0.57,0.941
-0.678,-0.259
-0.615,-0.492
-0.692,0.211
-0.777,0.841
-0.774,-1.316
-0.779,2.433
-0.796,-1.21
-0.733,0.102
-0.734,2.295
-0.738,-0.401
-0.77,0.923
-0.787,0.444
-0.88,1.314
-0.922,0.97
-0.854,2.33
-0.885,-1.282
-0.972,-0.073
-0.892,1.836
-0.986,0.649
-1.014,1.084
-1.077,0.973
-1.138,-0.734
-1.18,-0.94
-1.184,1.362
-1.215,1.398
-1.245,-0.45
-1.263,0.736
-1.259,-0.224
-1.2,1.168
-1.213,2.386
-1.339,1.832
-1.334,0.057
-1.328,1.59
-1.341,-1.12
-1.452,-0.757
-1.393,1.048
-1.507,-0.239
-1.492,1.268
-1.516,-1.371
-1.498,1.807
-1.558,1.333
-1.578,-0.807
-1.51,1.155
-1.53,1.286
-1.592,1.348
-1.633,0.246
-1.677,0.616
-1.61,1.713
-1.641,1.544
-1.724,0.436
-1.72,-0.045
-1.784,0.293
-1.791,-0.737
-1.815,1.655
-1.84,1.339
-1.855,-0.913
-1.8,-1.128
-1.816,1.239
-1.959,1.284
-2.012,-0.376
-1.996,0.262
-2.084,0.578
-2.186,-0.873
-2.237,0.038
-2.245,-0.5
-2.211,-0.857
-2.316,-1.392
-2.327,0.17
-2.333,-0.794
-2.322,-0.58
-2.302,-0.222
-2.425,-0.966
-2.461,-0.586
-2.468,-1.141
-2.548,2.324
-2.661,-1.408
-2.758,1.343
-2.837,0.821
-2.897,2.333
-2.982,0.825
-2.925,0.059
-2.947,0.194
-2.932,0.318
2.978,-0.141
2.92,-0.482
2.883,-0.569
2.765,-1.191
2.685,0.896
2.601,2.005
2.639,0.597
2.519,-1.185
2.59,1.885
2.549,0.081
2.373,2.045
2.338,0.391
2.308,1.685
2.164,1.367
2.052,2.011
2.059,1.576
1.822,-0.768
1.709,-0.637
1.709,-0.479
1.669,2.331
1.568,-0.157
1.566,0.21
1.632,-0.014
1.608,-0.486
1.596,-0.071
1.524,-0.554
1.58,-1.194
1.539,-1.379
1.485,-0.871
1.52,1.361
1.426,0.161
1.404,1.928
1.403,-0.693
1.426,-1.416
1.359,1.159
1.364,-0.606
1.264,1.029
1.239,2.037
1.237,-0.892
1.101,-1.57
0.489,-1.731
0.315,-1.584
-0.169,-1.595
-0.134,-1.763
-0.506,-1.51
-0.561,-1.597
-1.031,-1.684
-1.115,-1.918
-1.652,-1.788
-2.18,-1.569
-2.584,-1.587
2.816,-1.602
2.716,-1.79
2.184,-1.832
2.018,-1.701
1.983,-1.589
0.307,2.633
-0.072,2.72
-0.294,2.826
-0.707,2.788
-0.76,2.826
-1.103,2.763
-1.101,2.891
-2.59,2.691
-2.705,2.893
-2.817,2.543
-3.09,2.576
3.069,2.761
2.661,2.657
1.495,2.898
1.409,2.63
-1.163,-0.954
-2.114,0.066
-2.339,2.452
2.34,-0.963
0.508,-1.839
-1.646,2.544
1.3,0.046
1.255,1.662
1.106,-0.405
1.186,0.065
1.167,0.268
1.164,-0.383
1.001,1.27
1.114,0.423
1.086,-0.991
1.022,1.11
0.874,-0.746
0.889,1.108
0.362,-0.001
0.188,-0.141
0.283,-0.004
0.113,0.321
0.069,0.316
-0.005,2.38
0.056,1.586
0.042,-0.048
-0.097,-0.132
-0.311,2.117
-0.325,1.033
-0.363,-0.333
-0.281,-0.107
-0.395,-0.355
-0.498,-0.383
-0.644,2.256
-0.662,1.364
-0.702,2.326
-0.723,-1.352
-0.687,0.091
-1.072,-0.352
-1.06,0.229
-1.054,0.215
-1.156,0.254
-1.366,0.59
-1.261,-0.374
-1.41,-0.967
-1.338,-0.723
-1.34,0.021
-1.388,1.356
-1.397,-1.35
-1.601,1.177
-1.517,1.042
-1.61,0.754
-1.92,1.424
-1.809,1.54
-2.092,0.891
-2.248,-0.077
-2.285,-0.049
-2.294,0.777
-2.851,1.633
-3.017,-0.338
-2.905,0.433
-2.948,0.527
-3.04,-0.316
3.077,2.33
3.067,-0.383
2.923,-0.16
2.988,-0.531
2.845,0.977
2.733,0.464
2.824,2.49
2.818,0.626
2.711,0.401
2.697,0.74
2.649,0.422
2.759,-1.228
2.718,-1.175
2.719,0.847
2.528,-0.397
2.415,0.356
2.198,-1.202
2.167,-1.005
2.144,-0.538
2.003,-0.838
1.644,0.029
1.653,0.023
1.659,-1.243
1.535,-1.039
1.401,1.185
1.391,0.087
1.224,1.143
0.459,-1.726
0.325,-1.666
0.204,-1.559
-0.274,-1.607
-1.009,-1.815
-1.674,-1.734
3.131,-1.739
2.637,-1.777
1.568,-1.689
0.528,2.478
-0.856,2.649
-1.058,2.577
-1.33,2.633
-1.216,2.624
-1.413,2.495
-1.711,2.747
-1.909,2.703
-2.207,2.496
-3.043,2.816
3.032,2.836
2.346,2.582
2.168,2.84
1.639,2.602
-1.471,-0.72
-2.636,0.227
2.692,-0.749
2.707,1.83
3.06,0.966
2.907,0.19
1.985,-0.268
2.008,1.727
1.924,0.223
1.883,0.549
1.931,0.738
-0.555,1.218
-1.527,-0.179
-2.063,2.113
2.035,-1.176
2.859,2.188
2.067,2.391
1.681,2.285
1.72,2.438
1.453,2.301
-0.254,-1.31
2.014,-1.264
2.099,-1.538
1.911,2.904
1.413,2.647
2.06,2.654
0.033,-1.512
0.003,0.483
-0.189,-0.216
-0.273,0.09
-0.396,-1.57
-0.432,-0.208
-0.404,-1.143
-0.542,0.258
-0.484,-0.815
-0.605,-0.886
-0.541,0.304
-0.649,-0.896
-0.586,-1.129
-0.663,-0.426
-0.748,0.204
-0.745,-1.953
-0.75,1.796
-0.767,-1.847
-0.704,-0.535
-0.705,1.658
-0.709,-1.038
-0.741,0.286
-0.758,-0.193
-0.851,0.677
-0.893,0.333
-0.825,1.693
-0.856,-1.919
-0.943,-0.71
-0.863,1.199
-0.957,0.012
-0.985,0.447
-1.048,0.336
-1.109,-1.371
-1.151,-1.577
-1.155,0.725
-1.186,0.761
-1.216,-1.087
-1.234,0.099
-1.23,-0.861
-1.171,0.531
-1.184,1.749
-1.31,1.195
-1.305,-0.58
-1.299,0.953
-1.312,-1.757
-1.423,-1.394
-1.364,0.411
-1.478,-0.876
-1.463,0.631
-1.487,-2.008
-1.469,1.17
-1.529,0.696
-1.549,-1.444
-1.481,0.518
-1.501,0.649
-1.563,0.711
-1.604,-0.391
-1.648,-0.021
-1.581,1.076
-1.612,0.907
-1.695,-0.201
-1.691,-0.682
-1.755,-0.344
-1.762,-1.374
-1.786,1.018
-1.811,0.702
-1.826,-1.55
-1.771,-1.765
-1.787,0.602
-1.93,0.647
-1.983,-1.013
-1.967,-0.375
-2.055,-0.059
-2.157,-1.51
-2.208,-0.599
-2.216,-1.137
-2.182,-1.494
-2.287,-2.029
-2.298,-0.467
-2.304,-1.431
-2.293,-1.217
-2.273,-0.859
-2.396,-1.603
-2.432,-1.223
-2.439,-1.778
-2.519,1.687
-2.632,-2.045
-2.729,0.706
-2.808,0.184
-2.868,1.696
-2.953,0.188
-2.896,-0.578
-2.918,-0.443
-2.903,-0.319
3.007,-0.778
2.949,-1.119
2.912,-1.206
2.794,-1.828
2.714,0.259
2.63,1.368
2.668,-0.04
2.548,-1.822
2.619,1.248
2.578,-0.556
2.402,1.408
2.367,-0.246
2.337,1.048
2.193,0.73
2.081,1.374
2.088,0.939
1.851,-1.405
1.738,-1.274
1.738,-1.116
1.698,1.694
1.597,-0.794
1.595,-0.427
1.661,-0.651
1.637,-1.123
1.625,-0.708
1.553,-1.191
1.609,-1.831
1.568,-2.016
1.514,-1.508
1.549,0.724
1.455,-0.476
1.433,1.291
1.432,-1.33
1.455,-2.053
1.388,0.522
1.393,-1.243
1.293,0.392
1.268,1.4
1.266,-1.529
1.13,-2.207
0.518,-2.368
0.344,-2.221
-0.14,-2.232
-0.105,-2.4
-0.477,-2.147
-0.532,-2.234
-1.002,-2.321
-1.086,-2.555
-1.623,-2.425
-2.151,-2.206
-2.555,-2.224
2.845,-2.239
2.745,-2.427
2.213,-2.469
2.047,-2.338
2.012,-2.226
0.336,1.996
-0.043,2.083
-0.265,2.189
-0.678,2.151
-0.731,2.189
-1.074,2.126
-1.072,2.254
-2.561,2.054
-2.676,2.256
-2.788,1.906
-3.061,1.939
3.098,2.124
2.69,2.02
1.524,2.261
1.438,1.993
-1.134,-1.591
-2.085,-0.571
-2.31,1.815
2.369,-1.6
0.537,-2.476
-1.617,1.907
1.329,-0.591
1.284,1.025
1.135,-1.042
1.215,-0.572
1.196,-0.369
1.193,-1.02
1.03,0.633
1.143,-0.214
1.115,-1.628
1.051,0.473
0.903,-1.383
0.918,0.471
0.391,-0.638
0.217,-0.778
0.312,-0.641
0.142,-0.316
0.098,-0.321
0.024,1.743
0.085,0.949
0.071,-0.685
-0.068,-0.769
-0.282,1.48
-0.296,0.396
-0.334,-0.97
-0.252,-0.744
-0.366,-0.992
-0.469,-1.02
-0.615,1.619
-0.633,0.727
-0.673,1.689
-0.694,-1.989
-0.658,-0.546
-1.043,-0.989
-1.031,-0.408
-1.025,-0.422
-1.127,-0.383
-1.337,-0.047
-1.232,-1.011
-1.381,-1.604
-1.309,-1.36
-1.311,-0.616
-1.359,0.719
-1.368,-1.987
-1.572,0.54
-1.488,0.405
-1.581,0.117
-1.891,0.787
-1.78,0.903
-2.063,0.254
-2.219,-0.714
-2.256,-0.686
-2.265,0.14
-2.822,0.996
-2.988,-0.975
-2.876,-0.204
-2.919,-0.11
-3.011,-0.953
3.106,1.693
3.096,-1.02
2.952,-0.797
3.017,-1.168
2.874,0.34
2.762,-0.173
2.853,1.853
2.847,-0.011
2.74,-0.236
2.726,0.103
2.678,-0.215
2.788,-1.865
2.747,-1.812
2.748,0.21
2.557,-1.034
2.444,-0.281
2.227,-1.839
2.196,-1.642
2.173,-1.175
2.032,-1.475
1.673,-0.608
1.682,-0.614
1.688,-1.88
1.564,-1.676
1.43,0.548
1.42,-0.55
1.253,0.506
0.488,-2.363
0.354,-2.303
0.233,-2.196
-0.245,-2.244
-0.98,-2.452
-1.645,-2.371
-3.123,-2.376
2.666,-2.414
1.597,-2.326
0.557,1.841
-0.827,2.012
-1.029,1.94
-1.301,1.996
-1.187,1.987
-1.384,1.858
-1.682,2.11
-1.88,2.066
-2.178,1.859
-3.014,2.179
3.061,2.199
2.375,1.945
2.197,2.203
1.668,1.965
-1.442,-1.357
-2.607,-0.41
2.721,-1.386
2.736,1.193
3.089,0.329
2.936,-0.447
2.014,-0.905
2.037,1.09
1.953,-0.414
1.912,-0.088
1.96,0.101
-0.526,0.581
-1.498,-0.816
-2.034,1.476
2.064,-1.813
2.888,1.551
2.096,1.754
1.71,1.648
1.749,1.801
1.482,1.664
-0.225,-1.947
2.043,-1.901
2.128,-2.175
1.94,2.267
1.442,2.01
2.089,2.017
-0.03,1.995
-0.222,1.296
-0.306,1.602
-0.429,-0.058
-0.465,1.304
-0.437,0.369
-0.575,1.77
-0.517,0.697
-0.638,0.626
-0.574,1.816
-0.682,0.616
-0.619,0.383
-0.696,1.086
-0.781,1.716
-0.778,-0.441
-0.783,3.308
-0.8,-0.335
-0.737,0.977
-0.738,3.17
-0.742,0.474
-0.774,1.798
-0.791,1.319
-0.884,2.189
-0.926,1.845
-0.858,3.205
-0.889,-0.407
-0.976,0.802
-0.896,2.711
-0.99,1.524
-1.018,1.959
-1.081,1.848
-1.142,0.141
-1.184,-0.065
-1.188,2.237
-1.219,2.273
-1.249,0.425
-1.267,1.611
-1.263,0.651
-1.204,2.043
-1.217,3.261
-1.343,2.707
-1.338,0.932
-1.332,2.465
-1.345,-0.245
-1.456,0.118
-1.397,1.923
-1.511,0.636
-1.496,2.143
-1.52,-0.496
-1.502,2.682
-1.562,2.208
-1.582,0.068
-1.514,2.03
-1.534,2.161
-1.596,2.223
-1.637,1.121
-1.681,1.491
-1.614,2.588
-1.645,2.419
-1.728,1.311
-1.724,0.83
-1.788,1.168
-1.795,0.138
-1.819,2.53
-1.844,2.214
-1.859,-0.038
-1.804,-0.253
-1.82,2.114
-1.963,2.159
-2.016,0.499
-2.0,1.137
-2.088,1.453
-2.19,0.002
-2.241,0.913
-2.249,0.375
-2.215,0.018
-2.32,-0.517
-2.331,1.045
-2.337,0.081
-2.326,0.295
-2.306,0.653
-2.429,-0.091
-2.465,0.289
-2.472,-0.266
-2.552,3.199
-2.665,-0.533
-2.762,2.218
-2.841,1.696
-2.901,3.208
-2.986,1.7
-2.929,0.934
-2.951,1.069
-2.936,1.193
2.974,0.734
2.916,0.393
2.879,0.306
2.761,-0.316
2.681,1.771
2.597,2.88
2.635,1.472
2.515,-0.31
2.586,2.76
2.545,0.956
2.369,2.92
2.334,1.266
2.304,2.56
2.16,2.242
2.048,2.886
2.055,2.451
1.818,0.107
1.705,0.238
1.705,0.396
1.665,3.206
1.564,0.718
1.562,1.085
1.628,0.861
1.604,0.389
1.592,0.804
1.52,0.321
1.576,-0.319
1.535,-0.504
1.481,0.004
1.516,2.236
1.422,1.036
1.4,2.803
1.399,0.182
1.422,-0.541
1.355,2.034
1.36,0.269
1.26,1.904
1.235,2.912
1.233,-0.017
1.097,-0.695
0.485,-0.856
0.311,-0.709
-0.173,-0.72
-0.138,-0.888
-0.51,-0.635
-0.565,-0.722
-1.035,-0.809
-1.119,-1.043
-1.656,-0.913
-2.184,-0.694
-2.588,-0.712
2.812,-0.727
2.712,-0.915
2.18,-0.957
2.014,-0.826
1.979,-0.714
0.303,3.508
-0.076,3.595
-0.298,3.701
-0.711,3.663
-0.764,3.701
-1.107,3.638
-1.105,3.766
-2.594,3.566
-2.709,3.768
-2.821,3.418
-3.094,3.451
3.065,3.636
2.657,3.532
1.491,3.773
1.405,3.505
-1.167,-0.079
-2.118,0.941
-2.343,3.327
2.336,-0.088
0.504,-0.964
-1.65,3.419
1.296,0.921
1.251,2.537
1.102,0.47
1.182,0.94
1.163,1.143
1.16,0.492
0.997,2.145
1.11,1.298
1.082,-0.116
1.018,1.985
0.87,0.129
0.885,1.983
0.358,0.874
0.184,0.734
0.279,0.871
0.109,1.196
0.065,1.191
-0.009,3.255
0.052,2.461
0.038,0.827
-0.101,0.743
-0.315,2.992
-0.329,1.908
-0.367,0.542
-0.285,0.768
-0.399,0.52
-0.502,0.492
-0.648,3.131
-0.666,2.239
-0.706,3.201
-0.727,-0.477
-0.691,0.966
-1.076,0.523
-1.064,1.104
-1.058,1.09
-1.16,1.129
-1.37,1.465
-1.265,0.501
-1.414,-0.092
-1.342,0.152
-1.344,0.896
-1.392,2.231
-1.401,-0.475
-1.605,2.052
-1.521,1.917
-1.614,1.629
-1.924,2.299
-1.813,2.415
-2.096,1.766
-2.252,0.798
-2.289,0.826
-2.298,1.652
-2.855,2.508
-3.021,0.537
-2.909,1.308
-2.952,1.402
-3.044,0.559
3.073,3.205
3.063,0.492
2.919,0.715
2.984,0.344
2.841,1.852
2.729,1.339
2.82,3.365
2.814,1.501
2.707,1.276
2.693,1.615
2.645,1.297
2.755,-0.353
2.714,-0.3
2.715,1.722
2.524,0.478
2.411,1.231
2.194,-0.327
2.163,-0.13
2.14,0.337
1.999,0.037
1.64,0.904
1.649,0.898
1.655,-0.368
1.531,-0.164
1.397,2.06
1.387,0.962
1.22,2.018
0.455,-0.851
0.321,-0.791
0.2,-0.684
-0.278,-0.732
-1.013,-0.94
-1.678,-0.859
3.127,-0.864
2.633,-0.902
1.564,-0.814
0.524,3.353
-0.86,3.524
-1.062,3.452
-1.334,3.508
-1.22,3.499
-1.417,3.37
-1.715,3.622
-1.913,3.578
-2.211,3.371
-3.047,3.691
3.028,3.711
2.342,3.457
2.164,3.715
1.635,3.477
-1.475,0.155
-2.64,1.102
2.688,0.126
2.703,2.705
3.056,1.841
2.903,1.065
1.981,0.607
2.004,2.602
1.92,1.098
1.879,1.424
1.927,1.613
-0.559,2.093
-1.531,0.696
-2.067,2.988
2.031,-0.301
2.855,3.063
2.063,3.266
1.677,3.16
1.716,3.313
1.449,3.176
-0.258,-0.435
2.01,-0.389
2.095,-0.663
1.907,3.779
1.409,3.522
2.056,3.529
-0.192,-0.699
-0.276,-0.393
-0.399,-2.053
-0.435,-0.691
-0.407,-1.626
-0.545,-0.225
-0.487,-1.298
-0.608,-1.369
-0.544,-0.179
-0.652,-1.379
-0.589,-1.612
-0.666,-0.909
-0.751,-0.279
-0.748,-2.436
-0.753,1.313
-0.77,-2.33
-0.707,-1.018
-0.708,1.175
-0.712,-1.521
-0.744,-0.197
-0.761,-0.676
-0.854,0.194
-0.896,-0.15
-0.828,1.21
-0.859,-2.402
-0.946,-1.193
-0.866,0.716
-0.96,-0.471
-0.988,-0.036
-1.051,-0.147
-1.112,-1.854
-1.154,-2.06
-1.158,0.242
-1.189,0.278
-1.219,-1.57
-1.237,-0.384
-1.233,-1.344
-1.174,0.048
-1.187,1.266
-1.313,0.712
-1.308,-1.063
-1.302,0.47
-1.315,-2.24
-1.426,-1.877
-1.367,-0.072
-1.481,-1.359
-1.466,0.148
-1.49,-2.491
-1.472,0.687
-1.532,0.213
-1.552,-1.927
-1.484,0.035
-1.504,0.166
-1.566,0.228
-1.607,-0.874
-1.651,-0.504
-1.584,0.593
-1.615,0.424
-1.698,-0.684
-1.694,-1.165
-1.758,-0.827
-1.765,-1.857
-1.789,0.535
-1.814,0.219
-1.829,-2.033
-1.774,-2.248
-1.79,0.119
-1.933,0.164
-1.986,-1.496
-1.97,-0.858
-2.058,-0.542
-2.16,-1.993
-2.211,-1.082
-2.219,-1.62
-2.185,-1.977
-2.29,-2.512
-2.301,-0.95
-2.307,-1.914
-2.296,-1.7
-2.276,-1.342
-2.399,-2.086
-2.435,-1.706
-2.442,-2.261
-2.522,1.204
-2.635,-2.528
-2.732,0.223
-2.811,-0.299
-2.871,1.213
-2.956,-0.295
-2.899,-1.061
-2.921,-0.926
-2.906,-0.802
3.004,-1.261
2.946,-1.602
2.909,-1.689
2.791,-2.311
2.711,-0.224
2.627,0.885
2.665,-0.523
2.545,-2.305
2.616,0.765
2.575,-1.039
2.399,0.925
2.364,-0.729
2.334,0.565
2.19,0.247
2.078,0.891
2.085,0.456
1.848,-1.888
1.735,-1.757
1.735,-1.599
1.695,1.211
1.594,-1.277
1.592,-0.91
1.658,-1.134
1.634,-1.606
1.622,-1.191
1.55,-1.674
1.606,-2.314
1.565,-2.499
1.511,-1.991
1.546,0.241
1.452,-0.959
1.43,0.808
1.429,-1.813
1.452,-2.536
1.385,0.039
1.39,-1.726
1.29,-0.091
1.265,0.917
1.263,-2.012
1.127,-2.69
0.515,-2.851
0.341,-2.704
-0.143,-2.715
-0.108,-2.883
-0.48,-2.63
-0.535,-2.717
-1.005,-2.804
-1.089,-3.038
-1.626,-2.908
-2.154,-2.689
-2.558,-2.707
2.842,-2.722
2.742,-2.91
2.21,-2.952
2.044,-2.821
2.009,-2.709
0.333,1.513
-0.046,1.6
-0.268,1.706
-0.681,1.668
-0.734,1.706
-1.077,1.643
-1.075,1.771
-2.564,1.571
-2.679,1.773
-2.791,1.423
-3.064,1.456
3.095,1.641
2.687,1.537
1.521,1.778
1.435,1.51
-1.137,-2.074
-2.088,-1.054
-2.313,1.332
2.366,-2.083
0.534,-2.959
-1.62,1.424
1.326,-1.074
1.281,0.542
1.132,-1.525
1.212,-1.055
1.193,-0.852
1.19,-1.503
1.027,0.15
1.14,-0.697
1.112,-2.111
1.048,-0.01
0.9,-1.866
0.915,-0.012
0.388,-1.121
0.214,-1.261
0.309,-1.124
0.139,-0.799
0.095,-0.804
0.021,1.26
0.082,0.466
0.068,-1.168
-0.071,-1.252
-0.285,0.997
-0.299,-0.087
-0.337,-1.453
-0.255,-1.227
-0.369,-1.475
-0.472,-1.503
-0.618,1.136
-0.636,0.244
-0.676,1.206
-0.697,-2.472
-0.661,-1.029
-1.046,-1.472
-1.034,-0.891
-1.028,-0.905
-1.13,-0.866
-1.34,-0.53
-1.235,-1.494
-1.384,-2.087
-1.312,-1.843
-1.314,-1.099
-1.362,0.236
-1.371,-2.47
-1.575,0.057
-1.491,-0.078
-1.584,-0.366
-1.894,0.304
-1.783,0.42
-2.066,-0.229
-2.222,-1.197
-2.259,-1.169
-2.268,-0.343
-2.825,0.513
-2.991,-1.458
-2.879,-0.687
-2.922,-0.593
-3.014,-1.436
3.103,1.21
3.093,-1.503
2.949,-1.28
3.014,-1.651
2.871,-0.143
2.759,-0.656
2.85,1.37
2.844,-0.494
2.737,-0.719
2.723,-0.38
2.675,-0.698
2.785,-2.348
2.744,-2.295
2.745,-0.273
2.554,-1.517
2.441,-0.764
2.224,-2.322
2.193,-2.125
2.17,-1.658
2.029,-1.958
1.67,-1.091
1.679,-1.097
1.685,-2.363
1.561,-2.159
1.427,0.065
1.417,-1.033
1.25,0.023
0.485,-2.846
0.351,-2.786
0.23,-2.679
-0.248,-2.727
-0.983,-2.935
-1.648,-2.854
-3.126,-2.859
2.663,-2.897
1.594,-2.809
0.554,1.358
-0.83,1.529
-1.032,1.457
-1.304,1.513
-1.19,1.504
-1.387,1.375
-1.685,1.627
-1.883,1.583
-2.181,1.376
-3.017,1.696
3.058,1.716
2.372,1.462
2.194,1.72
1.665,1.482
-1.445,-1.84
-2.61,-0.893
2.718,-1.869
2.733,0.71
3.086,-0.154
2.933,-0.93
2.011,-1.388
2.034,0.607
1.95,-0.897
1.909,-0.571
1.957,-0.382
-0.529,0.098
-1.501,-1.299
-2.037,0.993
2.061,-2.296
2.885,1.068
2.093,1.271
1.707,1.165
1.746,1.318
1.479,1.181
-0.228,-2.43
2.04,-2.384
2.125,-2.658
1.937,1.784
1.439,1.527
2.086,1.534
-0.084,0.306
-0.207,-1.354
-0.243,0.008
-0.215,-0.927
-0.353,0.474
-0.295,-0.599
-0.416,-0.67
-0.352,0.52
-0.46,-0.68
-0.397,-0.913
-0.474,-0.21
-0.559,0.42
-0.556,-1.737
-0.561,2.012
-0.578,-1.631
-0.515,-0.319
-0.516,1.874
-0.52,-0.822
-0.552,0.502
-0.569,0.023
-0.662,0.893
-0.704,0.549
-0.636,1.909
-0.667,-1.703
-0.754,-0.494
-0.674,1.415
-0.768,0.228
-0.796,0.663
-0.859,0.552
-0.92,-1.155
-0.962,-1.361
-0.966,0.941
-0.997,0.977
-1.027,-0.871
-1.045,0.315
-1.041,-0.645
-0.982,0.747
-0.995,1.965
-1.121,1.411
-1.116,-0.364
-1.11,1.169
-1.123,-1.541
-1.234,-1.178
-1.175,0.627
-1.289,-0.66
-1.274,0.847
-1.298,-1.792
-1.28,1.386
-1.34,0.912
-1.36,-1.228
-1.292,0.734
-1.312,0.865
-1.374,0.927
-1.415,-0.175
-1.459,0.195
-1.392,1.292
-1.423,1.123
-1.506,0.015
-1.502,-0.466
-1.566,-0.128
-1.573,-1.158
-1.597,1.234
-1.622,0.918
-1.637,-1.334
-1.582,-1.549
-1.598,0.818
-1.741,0.863
-1.794,-0.797
-1.778,-0.159
-1.866,0.157
-1.968,-1.294
-2.019,-0.383
-2.027,-0.921
-1.993,-1.278
-2.098,-1.813
-2.109,-0.251
-2.115,-1.215
-2.104,-1.001
-2.084,-0.643
-2.207,-1.387
-2.243,-1.007
-2.25,-1.562
-2.33,1.903
-2.443,-1.829
-2.54,0.922
-2.619,0.4
-2.679,1.912
-2.764,0.404
-2.707,-0.362
-2.729,-0.227
-2.714,-0.103
-3.087,-0.562
3.138,-0.903
3.101,-0.99
2.983,-1.612
2.903,0.475
2.819,1.584
2.857,0.176
2.737,-1.606
2.808,1.464
2.767,-0.34
2.591,1.624
2.556,-0.03
2.526,1.264
2.382,0.946
2.27,1.59
2.277,1.155
2.04,-1.189
1.927,-1.058
1.927,-0.9
1.887,1.91
1.786,-0.578
1.784,-0.211
1.85,-0.435
1.826,-0.907
1.814,-0.492
1.742,-0.975
1.798,-1.615
1.757,-1.8
1.703,-1.292
1.738,0.94
1.644,-0.26
1.622,1.507
1.621,-1.114
1.644,-1.837
1.577,0.738
1.582,-1.027
1.482,0.608
1.457,1.616
1.455,-1.313
1.319,-1.991
0.707,-2.152
0.533,-2.005
0.049,-2.016
0.084,-2.184
-0.288,-1.931
-0.343,-2.018
-0.813,-2.105
-0.897,-2.339
-1.434,-2.209
-1.962,-1.99
-2.366,-2.008
3.034,-2.023
2.934,-2.211
2.402,-2.253
2.236,-2.122
2.201,-2.01
0.525,2.212
0.146,2.299
-0.076,2.405
-0.489,2.367
-0.542,2.405
-0.885,2.342
-0.883,2.47
-2.372,2.27
-2.487,2.472
-2.599,2.122
-2.872,2.155
-2.996,2.34
2.879,2.236
1.713,2.477
1.627,2.209
-0.945,-1.375
-1.896,-0.355
-2.121,2.031
2.558,-1.384
0.726,-2.26
-1.428,2.123
1.518,-0.375
1.473,1.241
1.324,-0.826
1.404,-0.356
1.385,-0.153
1.382,-0.804
1.219,0.849
1.332,0.002
1.304,-1.412
1.24,0.689
1.092,-1.167
1.107,0.687
0.58,-0.422
0.406,-0.562
0.501,-0.425
0.331,-0.1
0.287,-0.105
0.213,1.959
0.274,1.165
0.26,-0.469
0.121,-0.553
-0.093,1.696
-0.107,0.612
-0.145,-0.754
-0.063,-0.528
-0.177,-0.776
-0.28,-0.804
-0.426,1.835
-0.444,0.943
-0.484,1.905
-0.505,-1.773
-0.469,-0.33
-0.854,-0.773
-0.842,-0.192
-0.836,-0.206
-0.938,-0.167
-1.148,0.169
-1.043,-0.795
-1.192,-1.388
-1.12,-1.144
-1.122,-0.4
-1.17,0.935
-1.179,-1.771
-1.383,0.756
-1.299,0.621
-1.392,0.333
-1.702,1.003
-1.591,1.119
-1.874,0.47
-2.03,-0.498
-2.067,-0.47
-2.076,0.356
-2.633,1.212
-2.799,-0.759
-2.687,0.012
-2.73,0.106
-2.822,-0.737
-2.988,1.909
-2.998,-0.804
3.141,-0.581
-3.077,-0.952
3.063,0.556
2.951,0.043
3.042,2.069
3.036,0.205
2.929,-0.02
2.915,0.319
2.867,0.001
2.977,-1.649
2.936,-1.596
2.937,0.426
2.746,-0.818
2.633,-0.065
2.416,-1.623
2.385,-1.426
2.362,-0.959
2.221,-1.259
1.862,-0.392
1.871,-0.398
1.877,-1.664
1.753,-1.46
1.619,0.764
1.609,-0.334
1.442,0.722
0.677,-2.147
0.543,-2.087
0.422,-1.98
-0.056,-2.028
-0.791,-2.236
-1.456,-2.155
-2.934,-2.16
2.855,-2.198
1.786,-2.11
0.746,2.057
-0.638,2.228
-0.84,2.156
-1.112,2.212
-0.998,2.203
-1.195,2.074
-1.493,2.326
-1.691,2.282
-1.989,2.075
-2.825,2.395
-3.033,2.415
2.564,2.161
2.386,2.419
1.857,2.181
-1.253,-1.141
-2.418,-0.194
2.91,-1.17
2.925,1.409
-3.005,0.545
3.125,-0.231
2.203,-0.689
2.226,1.306
2.142,-0.198
2.101,0.128
2.149,0.317
-0.337,0.797
-1.309,-0.6
-1.845,1.692
2.253,-1.597
3.077,1.767
2.285,1.97
1.899,1.864
1.938,2.017
1.671,1.88
-0.036,-1.731
2.232,-1.685
2.317,-1.959
2.129,2.483
1.631,2.226
2.278,2.233
-0.123,-1.66
-0.159,-0.298
-0.131,-1.233
-0.269,0.168
-0.211,-0.905
-0.332,-0.976
-0.268,0.214
-0.376,-0.986
-0.313,-1.219
-0.39,-0.516
-0.475,0.114
-0.472,-2.043
-0.477,1.706
-0.494,-1.937
-0.431,-0.625
-0.432,1.568
-0.436,-1.128
-0.468,0.196
-0.485,-0.283
-0.578,0.587
-0.62,0.243
-0.552,1.603
-0.583,-2.009
-0.67,-0.8
-0.59,1.109
-0.684,-0.078
-0.712,0.357
-0.775,0.246
-0.836,-1.461
-0.878,-1.667
-0.882,0.635
-0.913,0.671
-0.943,-1.177
-0.961,0.009
-0.957,-0.951
-0.898,0.441
-0.911,1.659
-1.037,1.105
-1.032,-0.67
-1.026,0.863
-1.039,-1.847
-1.15,-1.484
-1.091,0.321
-1.205,-0.966
-1.19,0.541
-1.214,-2.098
-1.196,1.08
-1.256,0.606
-1.276,-1.534
-1.208,0.428
-1.228,0.559
-1.29,0.621
-1.331,-0.481
-1.375,-0.111
-1.308,0.986
-1.339,0.817
-1.422,-0.291
-1.418,-0.772
-1.482,-0.434
-1.489,-1.464
-1.513,0.928
-1.538,0.612
-1.553,-1.64
-1.498,-1.855
-1.514,0.512
-1.657,0.557
-1.71,-1.103
-1.694,-0.465
-1.782,-0.149
-1.884,-1.6
-1.935,-0.689
-1.943,-1.227
-1.909,-1.584
-2.014,-2.119
-2.025,-0.557
-2.031,-1.521
-2.02,-1.307
-2.0,-0.949
-2.123,-1.693
-2.159,-1.313
-2.166,-1.868
-2.246,1.597
-2.359,-2.135
-2.456,0.616
-2.535,0.094
-2.595,1.606
-2.68,0.098
-2.623,-0.668
-2.645,-0.533
-2.63,-0.409
-3.003,-0.868
-3.061,-1.209
-3.098,-1.296
3.067,-1.918
2.987,0.169
2.903,1.278
2.941,-0.13
2.821,-1.912
2.892,1.158
2.851,-0.646
2.675,1.318
2.64,-0.336
2.61,0.958
2.466,0.64
2.354,1.284
2.361,0.849
2.124,-1.495
2.011,-1.364
2.011,-1.206
1.971,1.604
1.87,-0.884
1.868,-0.517
1.934,-0.741
1.91,-1.213
1.898,-0.798
1.826,-1.281
1.882,-1.921
1.841,-2.106
1.787,-1.598
1.822,0.634
1.728,-0.566
1.706,1.201
1.705,-1.42
1.728,-2.143
1.661,0.432
1.666,-1.333
1.566,0.302
1.541,1.31
1.539,-1.619
1.403,-2.297
0.791,-2.458
0.617,-2.311
0.133,-2.322
0.168,-2.49
-0.204,-2.237
-0.259,-2.324
-0.729,-2.411
-0.813,-2.645
-1.35,-2.515
-1.878,-2.296
-2.282,-2.314
3.118,-2.329
3.018,-2.517
2.486,-2.559
2.32,-2.428
2.285,-2.316
0.609,1.906
0.23,1.993
0.008,2.099
-0.405,2.061
-0.458,2.099
-0.801,2.036
-0.799,2.164
-2.288,1.964
-2.403,2.166
-2.515,1.816
-2.788,1.849
-2.912,2.034
2.963,1.93
1.797,2.171
1.711,1.903
-0.861,-1.681
-1.812,-0.661
-2.037,1.725
2.642,-1.69
0.81,-2.566
-1.344,1.817
1.602,-0.681
1.557,0.935
1.408,-1.132
1.488,-0.662
1.469,-0.459
1.466,-1.11
1.303,0.543
1.416,-0.304
1.388,-1.718
1.324,0.383
1.176,-1.473
1.191,0.381
0.664,-0.728
0.49,-0.868
0.585,-0.731
0.415,-0.406
0.371,-0.411
0.297,1.653
0.358,0.859
0.344,-0.775
0.205,-0.859
-0.009,1.39
-0.023,0.306
-0.061,-1.06
0.021,-0.834
-0.093,-1.082
-0.196,-1.11
-0.342,1.529
-0.36,0.637
-0.4,1.599
-0.421,-2.079
-0.385,-0.636
-0.77,-1.079
-0.758,-0.498
-0.752,-0.512
-0.854,-0.473
-1.064,-0.137
-0.959,-1.101
-1.108,-1.694
-1.036,-1.45
-1.038,-0.706
-1.086,0.629
-1.095,-2.077
-1.299,0.45
-1.215,0.315
-1.308,0.027
-1.618,0.697
-1.507,0.813
-1.79,0.164
-1.946,-0.804
-1.983,-0.776
-1.992,0.05
-2.549,0.906
-2.715,-1.065
-2.603,-0.294
-2.646,-0.2
-2.738,-1.043
-2.904,1.603
-2.914,-1.11
-3.058,-0.887
-2.993,-1.258
-3.136,0.25
3.035,-0.263
3.126,1.763
3.12,-0.101
3.013,-0.326
2.999,0.013
2.951,-0.305
3.061,-1.955
3.02,-1.902
3.021,0.12
2.83,-1.124
2.717,-0.371
2.5,-1.929
2.469,-1.732
2.446,-1.265
2.305,-1.565
1.946,-0.698
1.955,-0.704
1.961,-1.97
1.837,-1.766
1.703,0.458
1.693,-0.64
1.526,0.416
0.761,-2.453
0.627,-2.393
0.506,-2.286
0.028,-2.334
-0.707,-2.542
-1.372,-2.461
-2.85,-2.466
2.939,-2.504
1.87,-2.416
0.83,1.751
-0.554,1.922
-0.756,1.85
-1.028,1.906
-0.914,1.897
-1.111,1.768
-1.409,2.02
-1.607,1.976
-1.905,1.769
-2.741,2.089
-2.949,2.109
2.648,1.855
2.47,2.113
1.941,1.875
-1.169,-1.447
-2.334,-0.5
2.994,-1.476
3.009,1.103
-2.921,0.239
-3.074,-0.537
2.287,-0.995
2.31,1.0
2.226,-0.504
2.185,-0.178
2.233,0.011
-0.253,0.491
-1.225,-0.906
-1.761,1.386
2.337,-1.903
-3.122,1.461
2.369,1.664
1.983,1.558
2.022,1.711
1.755,1.574
0.048,-2.037
2.316,-1.991
2.401,-2.265
2.213,2.177
1.715,1.92
2.362,1.927
-0.036,1.362
-0.008,0.427
-0.146,1.828
-0.088,0.755
-0.209,0.684
-0.145,1.874
-0.253,0.674
-0.19,0.441
-0.267,1.144
-0.352,1.774
-0.349,-0.383
-0.354,3.366
-0.371,-0.277
-0.308,1.035
-0.309,3.228
-0.313,0.532
-0.345,1.856
-0.362,1.377
-0.455,2.247
-0.497,1.903
-0.429,3.263
-0.46,-0.349
-0.547,0.86
-0.467,2.769
-0.561,1.582
-0.589,2.017
-0.652,1.906
-0.713,0.199
-0.755,-0.007
-0.759,2.295
-0.79,2.331
-0.82,0.483
-0.838,1.669
-0.834,0.709
-0.775,2.101
-0.788,3.319
-0.914,2.765
-0.909,0.99
-0.903,2.523
-0.916,-0.187
-1.027,0.176
-0.968,1.981
-1.082,0.694
-1.067,2.201
-1.091,-0.438
-1.073,2.74
-1.133,2.266
-1.153,0.126
-1.085,2.088
-1.105,2.219
-1.167,2.281
-1.208,1.179
-1.252,1.549
-1.185,2.646
-1.216,2.477
-1.299,1.369
-1.295,0.888
-1.359,1.226
-1.366,0.196
-1.39,2.588
-1.415,2.272
-1.43,0.02
-1.375,-0.195
-1.391,2.172
-1.534,2.217
-1.587,0.557
-1.571,1.195
-1.659,1.511
-1.761,0.06
-1.812,0.971
-1.82,0.433
-1.786,0.076
-1.891,-0.459
-1.902,1.103
-1.908,0.139
-1.897,0.353
-1.877,0.711
-2.0,-0.033
-2.036,0.347
-2.043,-0.208
-2.123,3.257
-2.236,-0.475
-2.333,2.276
-2.412,1.754
-2.472,3.266
-2.557,1.758
-2.5,0.992
-2.522,1.127
-2.507,1.251
-2.88,0.792
-2.938,0.451
-2.975,0.364
-3.093,-0.258
3.11,1.829
3.026,2.938
3.064,1.53
2.944,-0.252
3.015,2.818
2.974,1.014
2.798,2.978
2.763,1.324
2.733,2.618
2.589,2.3
2.477,2.944
2.484,2.509
2.247,0.165
2.134,0.296
2.134,0.454
2.094,3.264
1.993,0.776
1.991,1.143
2.057,0.919
2.033,0.447
2.021,0.862
1.949,0.379
2.005,-0.261
1.964,-0.446
1.91,0.062
1.945,2.294
1.851,1.094
1.829,2.861
1.828,0.24
1.851,-0.483
1.784,2.092
1.789,0.327
1.689,1.962
1.664,2.97
1.662,0.041
1.526,-0.637
0.914,-0.798
0.74,-0.651
0.256,-0.662
0.291,-0.83
-0.081,-0.577
-0.136,-0.664
-0.606,-0.751
-0.69,-0.985
-1.227,-0.855
-1.755,-0.636
-2.159,-0.654
-3.042,-0.669
3.141,-0.857
2.609,-0.899
2.443,-0.768
2.408,-0.656
0.732,3.566
0.353,3.653
0.131,3.759
-0.282,3.721
-0.335,3.759
-0.678,3.696
-0.676,3.824
-2.165,3.624
-2.28,3.826
-2.392,3.476
-2.665,3.509
-2.789,3.694
3.086,3.59
1.92,3.831
1.834,3.563
-0.738,-0.021
-1.689,0.999
-1.914,3.385
2.765,-0.03
0.933,-0.906
-1.221,3.477
1.725,0.979
1.68,2.595
1.531,0.528
1.611,0.998
1.592,1.201
1.589,0.55
1.426,2.203
1.539,1.356
1.511,-0.058
1.447,2.043
1.299,0.187
1.314,2.041
0.787,0.932
0.613,0.792
0.708,0.929
0.538,1.254
0.494,1.249
0.42,3.313
0.481,2.519
0.467,0.885
0.328,0.801
0.114,3.05
0.1,1.966
0.062,0.6
0.144,0.826
0.03,0.578
-0.073,0.55
-0.219,3.189
-0.237,2.297
-0.277,3.259
-0.298,-0.419
-0.262,1.024
-0.647,0.581
-0.635,1.162
-0.629,1.148
-0.731,1.187
-0.941,1.523
-0.836,0.559
-0.985,-0.034
-0.913,0.21
-0.915,0.954
-0.963,2.289
-0.972,-0.417
-1.176,2.11
-1.092,1.975
-1.185,1.687
-1.495,2.357
-1.384,2.473
-1.667,1.824
-1.823,0.856
-1.86,0.884
-1.869,1.71
-2.426,2.566
-2.592,0.595
-2.48,1.366
-2.523,1.46
-2.615,0.617
-2.781,3.263
-2.791,0.55
-2.935,0.773
-2.87,0.402
-3.013,1.91
-3.125,1.397
-3.034,3.423
-3.04,1.559
3.136,1.334
3.122,1.673
3.074,1.355
-3.099,-0.295
-3.14,-0.242
-3.139,1.78
2.953,0.536
2.84,1.289
2.623,-0.269
2.592,-0.072
2.569,0.395
2.428,0.095
2.069,0.962
2.078,0.956
2.084,-0.31
1.96,-0.106
1.826,2.118
1.816,1.02
1.649,2.076
0.884,-0.793
0.75,-0.733
0.629,-0.626
0.151,-0.674
-0.584,-0.882
-1.249,-0.801
-2.727,-0.806
3.062,-0.844
1.993,-0.756
0.953,3.411
-0.431,3.582
-0.633,3.51
-0.905,3.566
-0.791,3.557
-0.988,3.428
-1.286,3.68
-1.484,3.636
-1.782,3.429
-2.618,3.749
-2.826,3.769
2.771,3.515
2.593,3.773
2.064,3.535
-1.046,0.213
-2.211,1.16
3.117,0.184
3.132,2.763
-2.798,1.899
-2.951,1.123
2.41,0.665
2.433,2.66
2.349,1.156
2.308,1.482
2.356,1.671
-0.13,2.151
-1.102,0.754
-1.638,3.046
2.46,-0.243
-2.999,3.121
2.492,3.324
2.106,3.218
2.145,3.371
1.878,3.234
0.171,-0.377
2.439,-0.331
2.524,-0.605
2.336,3.837
1.838,3.58
2.485,3.587
0.028,-0.935
-0.11,0.466
-0.052,-0.607
-0.173,-0.678
-0.109,0.512
-0.217,-0.688
-0.154,-0.921
-0.231,-0.218
-0.316,0.412
-0.313,-1.745
-0.318,2.004
-0.335,-1.639
-0.272,-0.327
-0.273,1.866
-0.277,-0.83
-0.309,0.494
-0.326,0.015
-0.419,0.885
-0.461,0.541
-0.393,1.901
-0.424,-1.711
-0.511,-0.502
-0.431,1.407
-0.525,0.22
-0.553,0.655
-0.616,0.544
-0.677,-1.163
-0.719,-1.369
-0.723,0.933
-0.754,0.969
-0.784,-0.879
-0.802,0.307
-0.798,-0.653
-0.739,0.739
-0.752,1.957
-0.878,1.403
-0.873,-0.372
-0.867,1.161
-0.88,-1.549
-0.991,-1.186
-0.932,0.619
-1.046,-0.668
-1.031,0.839
-1.055,-1.8
-1.037,1.378
-1.097,0.904
-1.117,-1.236
-1.049,0.726
-1.069,0.857
-1.131,0.919
-1.172,-0.183
-1.216,0.187
-1.149,1.284
-1.18,1.115
-1.263,0.007
-1.259,-0.474
-1.323,-0.136
-1.33,-1.166
-1.354,1.226
-1.379,0.91
-1.394,-1.342
-1.339,-1.557
-1.355,0.81
-1.498,0.855
-1.551,-0.805
-1.535,-0.167
-1.623,0.149
-1.725,-1.302
-1.776,-0.391
-1.784,-0.929
-1.75,-1.286
-1.855,-1.821
-1.866,-0.259
-1.872,-1.223
-1.861,-1.009
-1.841,-0.651
-1.964,-1.395
-2.0,-1.015
-2.007,-1.57
-2.087,1.895
-2.2,-1.837
-2.297,0.914
-2.376,0.392
-2.436,1.904
-2.521,0.396
-2.464,-0.37
-2.486,-0.235
-2.471,-0.111
-2.844,-0.57
-2.902,-0.911
-2.939,-0.998
-3.057,-1.62
-3.137,0.467
3.062,1.576
3.1,0.168
2.98,-1.614
3.051,1.456
3.01,-0.348
2.834,1.616
2.799,-0.038
2.769,1.256
2.625,0.938
2.513,1.582
2.52,1.147
2.283,-1.197
2.17,-1.066
2.17,-0.908
2.13,1.902
2.029,-0.586
2.027,-0.219
2.093,-0.443
2.069,-0.915
2.057,-0.5
1.985,-0.983
2.041,-1.623
2.0,-1.808
1.946,-1.3
1.981,0.932
1.887,-0.268
1.865,1.499
1.864,-1.122
1.887,-1.845
1.82,0.73
1.825,-1.035
1.725,0.6
1.7,1.608
1.698,-1.321
1.562,-1.999
0.95,-2.16
0.776,-2.013
0.292,-2.024
0.327,-2.192
-0.045,-1.939
-0.1,-2.026
-0.57,-2.113
-0.654,-2.347
-1.191,-2.217
-1.719,-1.998
-2.123,-2.016
-3.006,-2.031
-3.106,-2.219
2.645,-2.261
2.479,-2.13
2.444,-2.018
0.768,2.204
0.389,2.291
0.167,2.397
-0.246,2.359
-0.299,2.397
-0.642,2.334
-0.64,2.462
-2.129,2.262
-2.244,2.464
-2.356,2.114
-2.629,2.147
-2.753,2.332
3.122,2.228
1.956,2.469
1.87,2.201
-0.702,-1.383
-1.653,-0.363
-1.878,2.023
2.801,-1.392
0.969,-2.268
-1.185,2.115
1.761,-0.383
1.716,1.233
1.567,-0.834
1.647,-0.364
1.628,-0.161
1.625,-0.812
1.462,0.841
1.575,-0.006
1.547,-1.42
1.483,0.681
1.335,-1.175
1.35,0.679
0.823,-0.43
0.649,-0.57
0.744,-0.433
0.574,-0.108
0.53,-0.113
0.456,1.951
0.517,1.157
0.503,-0.477
0.364,-0.561
0.15,1.688
0.136,0.604
0.098,-0.762
0.18,-0.536
0.066,-0.784
-0.037,-0.812
-0.183,1.827
-0.201,0.935
-0.241,1.897
-0.262,-1.781
-0.226,-0.338
-0.611,-0.781
-0.599,-0.2
-0.593,-0.214
-0.695,-0.175
-0.905,0.161
-0.8,-0.803
-0.949,-1.396
-0.877,-1.152
-0.879,-0.408
-0.927,0.927
-0.936,-1.779
-1.14,0.748
-1.056,0.613
-1.149,0.325
-1.459,0.995
-1.348,1.111
-1.631,0.462
-1.787,-0.506
-1.824,-0.478
-1.833,0.348
-2.39,1.204
-2.556,-0.767
-2.444,0.004
-2.487,0.098
-2.579,-0.745
-2.745,1.901
-2.755,-0.812
-2.899,-0.589
-2.834,-0.96
-2.977,0.548
-3.089,0.035
-2.998,2.061
-3.004,0.197
-3.111,-0.028
-3.125,0.311
3.11,-0.007
-3.063,-1.657
-3.104,-1.604
-3.103,0.418
2.989,-0.826
2.876,-0.073
2.659,-1.631
2.628,-1.434
2.605,-0.967
2.464,-1.267
2.105,-0.4
2.114,-0.406
2.12,-1.672
1.996,-1.468
1.862,0.756
1.852,-0.342
1.685,0.714
0.92,-2.155
0.786,-2.095
0.665,-1.988
0.187,-2.036
-0.548,-2.244
-1.213,-2.163
-2.691,-2.168
3.098,-2.206
2.029,-2.118
0.989,2.049
-0.395,2.22
-0.597,2.148
-0.869,2.204
-0.755,2.195
-0.952,2.066
-1.25,2.318
-1.448,2.274
-1.746,2.067
-2.582,2.387
-2.79,2.407
2.807,2.153
2.629,2.411
2.1,2.173
-1.01,-1.149
-2.175,-0.202
-3.13,-1.178
-3.115,1.401
-2.762,0.537
-2.915,-0.239
2.446,-0.697
2.469,1.298
2.385,-0.206
2.344,0.12
2.392,0.309
-0.094,0.789
-1.066,-0.608
-1.602,1.684
2.496,-1.605
-2.963,1.759
2.528,1.962
2.142,1.856
2.181,2.009
1.914,1.872
0.207,-1.739
2.475,-1.693
2.56,-1.967
2.372,2.475
1.874,2.218
2.521,2.225
-0.138,1.401
-0.08,0.328
-0.201,0.257
-0.137,1.447
-0.245,0.247
-0.182,0.014
-0.259,0.717
-0.344,1.347
-0.341,-0.81
-0.346,2.939
-0.363,-0.704
-0.3,0.608
-0.301,2.801
-0.305,0.105
-0.337,1.429
-0.354,0.95
-0.447,1.82
-0.489,1.476
-0.421,2.836
-0.452,-0.776
-0.539,0.433
-0.459,2.342
-0.553,1.155
-0.581,1.59
-0.644,1.479
-0.705,-0.228
-0.747,-0.434
-0.751,1.868
-0.782,1.904
-0.812,0.056
-0.83,1.242
-0.826,0.282
-0.767,1.674
-0.78,2.892
-0.906,2.338
-0.901,0.563
-0.895,2.096
-0.908,-0.614
-1.019,-0.251
-0.96,1.554
-1.074,0.267
-1.059,1.774
-1.083,-0.865
-1.065,2.313
-1.125,1.839
-1.145,-0.301
-1.077,1.661
-1.097,1.792
-1.159,1.854
-1.2,0.752
-1.244,1.122
-1.177,2.219
-1.208,2.05
-1.291,0.942
-1.287,0.461
-1.351,0.799
-1.358,-0.231
-1.382,2.161
-1.407,1.845
-1.422,-0.407
-1.367,-0.622
-1.383,1.745
-1.526,1.79
-1.579,0.13
-1.563,0.768
-1.651,1.084
-1.753,-0.367
-1.804,0.544
-1.812,0.006
-1.778,-0.351
-1.883,-0.886
-1.894,0.676
-1.9,-0.288
-1.889,-0.074
-1.869,0.284
-1.992,-0.46
-2.028,-0.08
-2.035,-0.635
-2.115,2.83
-2.228,-0.902
-2.325,1.849
-2.404,1.327
-2.464,2.839
-2.549,1.331
-2.492,0.565
-2.514,0.7
-2.499,0.824
-2.872,0.365
-2.93,0.024
-2.967,-0.063
-3.085,-0.685
3.118,1.402
3.034,2.511
3.072,1.103
2.952,-0.679
3.023,2.391
2.982,0.587
2.806,2.551
2.771,0.897
2.741,2.191
2.597,1.873
2.485,2.517
2.492,2.082
2.255,-0.262
2.142,-0.131
2.142,0.027
2.102,2.837
2.001,0.349
1.999,0.716
2.065,0.492
2.041,0.02
2.029,0.435
1.957,-0.048
2.013,-0.688
1.972,-0.873
1.918,-0.365
1.953,1.867
1.859,0.667
1.837,2.434
1.836,-0.187
1.859,-0.91
1.792,1.665
1.797,-0.1
1.697,1.535
1.672,2.543
1.67,-0.386
1.534,-1.064
0.922,-1.225
0.748,-1.078
0.264,-1.089
0.299,-1.257
-0.073,-1.004
-0.128,-1.091
-0.598,-1.178
-0.682,-1.412
-1.219,-1.282
-1.747,-1.063
-2.151,-1.081
-3.034,-1.096
-3.134,-1.284
2.617,-1.326
2.451,-1.195
2.416,-1.083
0.74,3.139
0.361,3.226
0.139,3.332
-0.274,3.294
-0.327,3.332
-0.67,3.269
-0.668,3.397
-2.157,3.197
-2.272,3.399
-2.384,3.049
-2.657,3.082
-2.781,3.267
3.094,3.163
1.928,3.404
1.842,3.136
-0.73,-0.448
-1.681,0.572
-1.906,2.958
2.773,-0.457
0.941,-1.333
-1.213,3.05
1.733,0.552
1.688,2.168
1.539,0.101
1.619,0.571
1.6,0.774
1.597,0.123
1.434,1.776
1.547,0.929
1.519,-0.485
1.455,1.616
1.307,-0.24
1.322,1.614
0.795,0.505
0.621,0.365
0.716,0.502
0.546,0.827
0.502,0.822
0.428,2.886
0.489,2.092
0.475,0.458
0.336,0.374
0.122,2.623
0.108,1.539
0.07,0.173
0.152,0.399
0.038,0.151
-0.065,0.123
-0.211,2.762
-0.229,1.87
-0.269,2.832
-0.29,-0.846
-0.254,0.597
-0.639,0.154
-0.627,0.735
-0.621,0.721
-0.723,0.76
-0.933,1.096
-0.828,0.132
-0.977,-0.461
-0.905,-0.217
-0.907,0.527
-0.955,1.862
-0.964,-0.844
-1.168,1.683
-1.084,1.548
-1.177,1.26
-1.487,1.93
-1.376,2.046
-1.659,1.397
-1.815,0.429
-1.852,0.457
-1.861,1.283
-2.418,2.139
-2.584,0.168
-2.472,0.939
-2.515,1.033
-2.607,0.19
-2.773,2.836
-2.783,0.123
-2.927,0.346
-2.862,-0.025
-3.005,1.483
-3.117,0.97
-3.026,2.996
-3.032,1.132
-3.139,0.907
3.13,1.246
3.082,0.928
-3.091,-0.722
-3.132,-0.669
-3.131,1.353
2.961,0.109
2.848,0.862
2.631,-0.696
2.6,-0.499
2.577,-0.032
2.436,-0.332
2.077,0.535
2.086,0.529
2.092,-0.737
1.968,-0.533
1.834,1.691
1.824,0.593
1.657,1.649
0.892,-1.22
0.758,-1.16
0.637,-1.053
0.159,-1.101
-0.576,-1.309
-1.241,-1.228
-2.719,-1.233
3.07,-1.271
2.001,-1.183
0.961,2.984
-0.423,3.155
-0.625,3.083
-0.897,3.139
-0.783,3.13
-0.98,3.001
-1.278,3.253
-1.476,3.209
-1.774,3.002
-2.61,3.322
-2.818,3.342
2.779,3.088
2.601,3.346
2.072,3.108
-1.038,-0.214
-2.203,0.733
3.125,-0.243
3.14,2.336
-2.79,1.472
-2.943,0.696
2.418,0.238
2.441,2.233
2.357,0.729
2.316,1.055
2.364,1.244
-0.122,1.724
-1.094,0.327
-1.63,2.619
2.468,-0.67
-2.991,2.694
2.5,2.897
2.114,2.791
2.153,2.944
1.886,2.807
0.179,-0.804
2.447,-0.758
2.532,-1.032
2.344,3.41
1.846,3.153
2.493,3.16
0.058,-1.073
-0.063,-1.144
0.001,0.046
-0.107,-1.154
-0.044,-1.387
-0.121,-0.684
-0.206,-0.054
-0.203,-2.211
-0.208,1.538
-0.225,-2.105
-0.162,-0.793
-0.163,1.4
-0.167,-1.296
-0.199,0.028
-0.216,-0.451
-0.309,0.419
-0.351,0.075
-0.283,1.435
-0.314,-2.177
-0.401,-0.968
-0.321,0.941
-0.415,-0.246
-0.443,0.189
-0.506,0.078
-0.567,-1.629
-0.609,-1.835
-0.613,0.467
-0.644,0.503
-0.674,-1.345
-0.692,-0.159
-0.688,-1.119
-0.629,0.273
-0.642,1.491
-0.768,0.937
-0.763,-0.838
-0.757,0.695
-0.77,-2.015
-0.881,-1.652
-0.822,0.153
-0.936,-1.134
-0.921,0.373
-0.945,-2.266
-0.927,0.912
-0.987,0.438
-1.007,-1.702
-0.939,0.26
-0.959,0.391
-1.021,0.453
-1.062,-0.649
-1.106,-0.279
-1.039,0.818
-1.07,0.649
-1.153,-0.459
-1.149,-0.94
-1.213,-0.602
-1.22,-1.632
-1.244,0.76
-1.269,0.444
-1.284,-1.808
-1.229,-2.023
-1.245,0.344
-1.388,0.389
-1.441,-1.271
-1.425,-0.633
-1.513,-0.317
-1.615,-1.768
-1.666,-0.857
-1.674,-1.395
-1.64,-1.752
-1.745,-2.287
-1.756,-0.725
-1.762,-1.689
-1.751,-1.475
-1.731,-1.117
-1.854,-1.861
-1.89,-1.481
-1.897,-2.036
-1.977,1.429
-2.09,-2.303
-2.187,0.448
-2.266,-0.074
-2.326,1.438
-2.411,-0.07
-2.354,-0.836
-2.376,-0.701
-2.361,-0.577
-2.734,-1.036
-2.792,-1.377
-2.829,-1.464
-2.947,-2.086
-3.027,0.001
-3.111,1.11
-3.073,-0.298
3.09,-2.08
-3.122,0.99
3.12,-0.814
2.944,1.15
2.909,-0.504
2.879,0.79
2.735,0.472
2.623,1.116
2.63,0.681
2.393,-1.663
2.28,-1.532
2.28,-1.374
2.24,1.436
2.139,-1.052
2.137,-0.685
2.203,-0.909
2.179,-1.381
2.167,-0.966
2.095,-1.449
2.151,-2.089
2.11,-2.274
2.056,-1.766
2.091,0.466
1.997,-0.734
1.975,1.033
1.974,-1.588
1.997,-2.311
1.93,0.264
1.935,-1.501
1.835,0.134
1.81,1.142
1.808,-1.787
1.672,-2.465
1.06,-2.626
0.886,-2.479
0.402,-2.49
0.437,-2.658
0.065,-2.405
0.01,-2.492
-0.46,-2.579
-0.544,-2.813
-1.081,-2.683
-1.609,-2.464
-2.013,-2.482
-2.896,-2.497
-2.996,-2.685
2.755,-2.727
2.589,-2.596
2.554,-2.484
0.878,1.738
0.499,1.825
0.277,1.931
-0.136,1.893
-0.189,1.931
-0.532,1.868
-0.53,1.996
-2.019,1.796
-2.134,1.998
-2.246,1.648
-2.519,1.681
-2.643,1.866
-3.051,1.762
2.066,2.003
1.98,1.735
-0.592,-1.849
-1.543,-0.829
-1.768,1.557
2.911,-1.858
1.079,-2.734
-1.075,1.649
1.871,-0.849
1.826,0.767
1.677,-1.3
1.757,-0.83
1.738,-0.627
1.735,-1.278
1.572,0.375
1.685,-0.472
1.657,-1.886
1.593,0.215
1.445,-1.641
1.46,0.213
0.933,-0.896
0.759,-1.036
0.854,-0.899
0.684,-0.574
0.64,-0.579
0.566,1.485
0.627,0.691
0.613,-0.943
0.474,-1.027
0.26,1.222
0.246,0.138
0.208,-1.228
0.29,-1.002
0.176,-1.25
0.073,-1.278
-0.073,1.361
-0.091,0.469
-0.131,1.431
-0.152,-2.247
-0.116,-0.804
-0.501,-1.247
-0.489,-0.666
-0.483,-0.68
-0.585,-0.641
-0.795,-0.305
-0.69,-1.269
-0.839,-1.862
-0.767,-1.618
-0.769,-0.874
-0.817,0.461
-0.826,-2.245
-1.03,0.282
-0.946,0.147
-1.039,-0.141
-1.349,0.529
-1.238,0.645
-1.521,-0.004
-1.677,-0.972
-1.714,-0.944
-1.723,-0.118
-2.28,0.738
-2.446,-1.233
-2.334,-0.462
-2.377,-0.368
-2.469,-1.211
-2.635,1.435
-2.645,-1.278
-2.789,-1.055
-2.724,-1.426
-2.867,0.082
-2.979,-0.431
-2.888,1.595
-2.894,-0.269
-3.001,-0.494
-3.015,-0.155
-3.063,-0.473
-2.953,-2.123
-2.994,-2.07
-2.993,-0.048
3.099,-1.292
2.986,-0.539
2.769,-2.097
2.738,-1.9
2.715,-1.433
2.574,-1.733
2.215,-0.866
2.224,-0.872
2.23,-2.138
2.106,-1.934
1.972,0.29
1.962,-0.808
1.795,0.248
1.03,-2.621
0.896,-2.561
0.775,-2.454
0.297,-2.502
-0.438,-2.71
-1.103,-2.629
-2.581,-2.634
-3.075,-2.672
2.139,-2.584
1.099,1.583
-0.285,1.754
-0.487,1.682
-0.759,1.738
-0.645,1.729
-0.842,1.6
-1.14,1.852
-1.338,1.808
-1.636,1.601
-2.472,1.921
-2.68,1.941
2.917,1.687
2.739,1.945
2.21,1.707
-0.9,-1.615
-2.065,-0.668
-3.02,-1.644
-3.005,0.935
-2.652,0.071
-2.805,-0.705
2.556,-1.163
2.579,0.832
2.495,-0.672
2.454,-0.346
2.502,-0.157
0.016,0.323
-0.956,-1.074
-1.492,1.218
2.606,-2.071
-2.853,1.293
2.638,1.496
2.252,1.39
2.291,1.543
2.024,1.406
0.317,-2.205
2.585,-2.159
2.67,-2.433
2.482,2.009
1.984,1.752
2.631,1.759
-0.121,-0.071
-0.057,1.119
-0.165,-0.081
-0.102,-0.314
-0.179,0.389
-0.264,1.019
-0.261,-1.138
-0.266,2.611
-0.283,-1.032
-0.22,0.28
-0.221,2.473
-0.225,-0.223
-0.257,1.101
-0.274,0.622
-0.367,1.492
-0.409,1.148
-0.341,2.508
-0.372,-1.104
-0.459,0.105
-0.379,2.014
-0.473,0.827
-0.501,1.262
-0.564,1.151
-0.625,-0.556
-0.667,-0.762
-0.671,1.54
-0.702,1.576
-0.732,-0.272
-0.75,0.914
-0.746,-0.046
-0.687,1.346
-0.7,2.564
-0.826,2.01
-0.821,0.235
-0.815,1.768
-0.828,-0.942
-0.939,-0.579
-0.88,1.226
-0.994,-0.061
-0.979,1.446
-1.003,-1.193
-0.985,1.985
-1.045,1.511
-1.065,-0.629
-0.997,1.333
-1.017,1.464
-1.079,1.526
-1.12,0.424
-1.164,0.794
-1.097,1.891
-1.128,1.722
-1.211,0.614
-1.207,0.133
-1.271,0.471
-1.278,-0.559
-1.302,1.833
-1.327,1.517
-1.342,-0.735
-1.287,-0.95
-1.303,1.417
-1.446,1.462
-1.499,-0.198
-1.483,0.44
-1.571,0.756
-1.673,-0.695
-1.724,0.216
-1.732,-0.322
-1.698,-0.679
-1.803,-1.214
-1.814,0.348
-1.82,-0.616
-1.809,-0.402
-1.789,-0.044
-1.912,-0.788
-1.948,-0.408
-1.955,-0.963
-2.035,2.502
-2.148,-1.23
-2.245,1.521
-2.324,0.999
-2.384,2.511
-2.469,1.003
-2.412,0.237
-2.434,0.372
-2.419,0.496
-2.792,0.037
-2.85,-0.304
-2.887,-0.391
-3.005,-1.013
-3.085,1.074
3.114,2.183
-3.131,0.775
3.032,-1.007
3.103,2.063
3.062,0.259
2.886,2.223
2.851,0.569
2.821,1.863
2.677,1.545
2.565,2.189
2.572,1.754
2.335,-0.59
2.222,-0.459
2.222,-0.301
2.182,2.509
2.081,0.021
2.079,0.388
2.145,0.164
2.121,-0.308
2.109,0.107
2.037,-0.376
2.093,-1.016
2.052,-1.201
1.998,-0.693
2.033,1.539
1.939,0.339
1.917,2.106
1.916,-0.515
1.939,-1.238
1.872,1.337
1.877,-0.428
1.777,1.207
1.752,2.215
1.75,-0.714
1.614,-1.392
1.002,-1.553
0.828,-1.406
0.344,-1.417
0.379,-1.585
0.007,-1.332
-0.048,-1.419
-0.518,-1.506
-0.602,-1.74
-1.139,-1.61
-1.667,-1.391
-2.071,-1.409
-2.954,-1.424
-3.054,-1.612
2.697,-1.654
2.531,-1.523
2.496,-1.411
0.82,2.811
0.441,2.898
0.219,3.004
-0.194,2.966
-0.247,3.004
-0.59,2.941
-0.588,3.069
-2.077,2.869
-2.192,3.071
-2.304,2.721
-2.577,2.754
-2.701,2.939
-3.109,2.835
2.008,3.076
1.922,2.808
-0.65,-0.776
-1.601,0.244
-1.826,2.63
2.853,-0.785
1.021,-1.661
-1.133,2.722
1.813,0.224
1.768,1.84
1.619,-0.227
1.699,0.243
1.68,0.446
1.677,-0.205
1.514,1.448
1.627,0.601
1.599,-0.813
1.535,1.288
1.387,-0.568
1.402,1.286
0.875,0.177
0.701,0.037
0.796,0.174
0.626,0.499
0.582,0.494
0.508,2.558
0.569,1.764
0.555,0.13
0.416,0.046
0.202,2.295
0.188,1.211
0.15,-0.155
0.232,0.071
0.118,-0.177
0.015,-0.205
-0.131,2.434
-0.149,1.542
-0.189,2.504
-0.21,-1.174
-0.174,0.269
-0.559,-0.174
-0.547,0.407
-0.541,0.393
-0.643,0.432
-0.853,0.768
-0.748,-0.196
-0.897,-0.789
-0.825,-0.545
-0.827,0.199
-0.875,1.534
-0.884,-1.172
-1.088,1.355
-1.004,1.22
-1.097,0.932
-1.407,1.602
-1.296,1.718
-1.579,1.069
-1.735,0.101
-1.772,0.129
-1.781,0.955
-2.338,1.811
-2.504,-0.16
-2.392,0.611
-2.435,0.705
-2.527,-0.138
-2.693,2.508
-2.703,-0.205
-2.847,0.018
-2.782,-0.353
-2.925,1.155
-3.037,0.642
-2.946,2.668
-2.952,0.804
-3.059,0.579
-3.073,0.918
-3.121,0.6
-3.011,-1.05
-3.052,-0.997
-3.051,1.025
3.041,-0.219
2.928,0.534
2.711,-1.024
2.68,-0.827
2.657,-0.36
2.516,-0.66
2.157,0.207
2.166,0.201
2.172,-1.065
2.048,-0.861
1.914,1.363
1.904,0.265
1.737,1.321
0.972,-1.548
0.838,-1.488
0.717,-1.381
0.239,-1.429
-0.496,-1.637
-1.161,-1.556
-2.639,-1.561
-3.133,-1.599
2.081,-1.511
1.041,2.656
-0.343,2.827
-0.545,2.755
-0.817,2.811
-0.703,2.802
-0.9,2.673
-1.198,2.925
-1.396,2.881
-1.694,2.674
-2.53,2.994
-2.738,3.014
2.859,2.76
2.681,3.018
2.152,2.78
-0.958,-0.542
-2.123,0.405
-3.078,-0.571
-3.063,2.008
-2.71,1.144
-2.863,0.368
2.498,-0.09
2.521,1.905
2.437,0.401
2.396,0.727
2.444,0.916
-0.042,1.396
-1.014,-0.001
-1.55,2.291
2.548,-0.998
-2.911,2.366
2.58,2.569
2.194,2.463
2.233,2.616
1.966,2.479
0.259,-1.132
2.527,-1.086
2.612,-1.36
2.424,3.082
1.926,2.825
2.573,2.832
0.064,1.19
-0.044,-0.01
0.019,-0.243
-0.058,0.46
-0.143,1.09
-0.14,-1.067
-0.145,2.682
-0.162,-0.961
-0.099,0.351
-0.1,2.544
-0.104,-0.152
-0.136,1.172
-0.153,0.693
-0.246,1.563
-0.288,1.219
-0.22,2.579
-0.251,-1.033
-0.338,0.176
-0.258,2.085
-0.352,0.898
-0.38,1.333
-0.443,1.222
-0.504,-0.485
-0.546,-0.691
-0.55,1.611
-0.581,1.647
-0.611,-0.201
-0.629,0.985
-0.625,0.025
-0.566,1.417
-0.579,2.635
-0.705,2.081
-0.7,0.306
-0.694,1.839
-0.707,-0.871
-0.818,-0.508
-0.759,1.297
-0.873,0.01
-0.858,1.517
-0.882,-1.122
-0.864,2.056
-0.924,1.582
-0.944,-0.558
-0.876,1.404
-0.896,1.535
-0.958,1.597
-0.999,0.495
-1.043,0.865
-0.976,1.962
-1.007,1.793
-1.09,0.685
-1.086,0.204
-1.15,0.542
-1.157,-0.488
-1.181,1.904
-1.206,1.588
-1.221,-0.664
-1.166,-0.879
-1.182,1.488
-1.325,1.533
-1.378,-0.127
-1.362,0.511
-1.45,0.827
-1.552,-0.624
-1.603,0.287
-1.611,-0.251
-1.577,-0.608
-1.682,-1.143
-1.693,0.419
-1.699,-0.545
-1.688,-0.331
-1.668,0.027
-1.791,-0.717
-1.827,-0.337
-1.834,-0.892
-1.914,2.573
-2.027,-1.159
-2.124,1.592
-2.203,1.07
-2.263,2.582
-2.348,1.074
-2.291,0.308
-2.313,0.443
-2.298,0.567
-2.671,0.108
-2.729,-0.233
-2.766,-0.32
-2.884,-0.942
-2.964,1.145
-3.048,2.254
-3.01,0.846
-3.13,-0.936
-3.059,2.134
-3.1,0.33
3.007,2.294
2.972,0.64
2.942,1.934
2.798,1.616
2.686,2.26
2.693,1.825
2.456,-0.519
2.343,-0.388
2.343,-0.23
2.303,2.58
2.202,0.092
2.2,0.459
2.266,0.235
2.242,-0.237
2.23,0.178
2.158,-0.305
2.214,-0.945
2.173,-1.13
2.119,-0.622
2.154,1.61
2.06,0.41
2.038,2.177
2.037,-0.444
2.06,-1.167
1.993,1.408
1.998,-0.357
1.898,1.278
1.873,2.286
1.871,-0.643
1.735,-1.321
1.123,-1.482
0.949,-1.335
0.465,-1.346
0.5,-1.514
0.128,-1.261
0.073,-1.348
-0.397,-1.435
-0.481,-1.669
-1.018,-1.539
-1.546,-1.32
-1.95,-1.338
-2.833,-1.353
-2.933,-1.541
2.818,-1.583
2.652,-1.452
2.617,-1.34
0.941,2.882
0.562,2.969
0.34,3.075
-0.073,3.037
-0.126,3.075
-0.469,3.012
-0.467,3.14
-1.956,2.94
-2.071,3.142
-2.183,2.792
-2.456,2.825
-2.58,3.01
-2.988,2.906
2.129,3.147
2.043,2.879
-0.529,-0.705
-1.48,0.315
-1.705,2.701
2.974,-0.714
1.142,-1.59
-1.012,2.793
1.934,0.295
1.889,1.911
1.74,-0.156
1.82,0.314
1.801,0.517
1.798,-0.134
1.635,1.519
1.748,0.672
1.72,-0.742
1.656,1.359
1.508,-0.497
1.523,1.357
0.996,0.248
0.822,0.108
0.917,0.245
0.747,0.57
0.703,0.565
0.629,2.629
0.69,1.835
0.676,0.201
0.537,0.117
0.323,2.366
0.309,1.282
0.271,-0.084
0.353,0.142
0.239,-0.106
0.136,-0.134
-0.01,2.505
-0.028,1.613
-0.068,2.575
-0.089,-1.103
-0.053,0.34
-0.438,-0.103
-0.426,0.478
-0.42,0.464
-0.522,0.503
-0.732,0.839
-0.627,-0.125
-0.776,-0.718
-0.704,-0.474
-0.706,0.27
-0.754,1.605
-0.763,-1.101
-0.967,1.426
-0.883,1.291
-0.976,1.003
-1.286,1.673
-1.175,1.789
-1.458,1.14
-1.614,0.172
-1.651,0.2
-1.66,1.026
-2.217,1.882
-2.383,-0.089
-2.271,0.682
-2.314,0.776
-2.406,-0.067
-2.572,2.579
-2.582,-0.134
-2.726,0.089
-2.661,-0.282
-2.804,1.226
-2.916,0.713
-2.825,2.739
-2.831,0.875
-2.938,0.65
-2.952,0.989
-3.0,0.671
-2.89,-0.979
-2.931,-0.926
-2.93,1.096
-3.121,-0.148
3.049,0.605
2.832,-0.953
2.801,-0.756
2.778,-0.289
2.637,-0.589
2.278,0.278
2.287,0.272
2.293,-0.994
2.169,-0.79
2.035,1.434
2.025,0.336
1.858,1.392
1.093,-1.477
0.959,-1.417
0.838,-1.31
0.36,-1.358
-0.375,-1.566
-1.04,-1.485
-2.518,-1.49
-3.012,-1.528
2.202,-1.44
1.162,2.727
-0.222,2.898
-0.424,2.826
-0.696,2.882
-0.582,2.873
-0.779,2.744
-1.077,2.996
-1.275,2.952
-1.573,2.745
-2.409,3.065
-2.617,3.085
2.98,2.831
2.802,3.089
2.273,2.851
-0.837,-0.471
-2.002,0.476
-2.957,-0.5
-2.942,2.079
-2.589,1.215
-2.742,0.439
2.619,-0.019
2.642,1.976
2.558,0.472
2.517,0.798
2.565,0.987
0.079,1.467
-0.893,0.07
-1.429,2.362
2.669,-0.927
-2.79,2.437
2.701,2.64
2.315,2.534
2.354,2.687
2.087,2.55
0.38,-1.061
2.648,-1.015
2.733,-1.289
2.545,3.153
2.047,2.896
2.694,2.903
-0.108,-1.2
-0.045,-1.433
-0.122,-0.73
-0.207,-0.1
-0.204,-2.257
-0.209,1.492
-0.226,-2.151
-0.163,-0.839
-0.164,1.354
-0.168,-1.342
-0.2,-0.018
-0.217,-0.497
-0.31,0.373
-0.352,0.029
-0.284,1.389
-0.315,-2.223
-0.402,-1.014
-0.322,0.895
-0.416,-0.292
-0.444,0.143
-0.507,0.032
-0.568,-1.675
-0.61,-1.881
-0.614,0.421
-0.645,0.457
-0.675,-1.391
-0.693,-0.205
-0.689,-1.165
-0.63,0.227
-0.643,1.445
-0.769,0.891
-0.764,-0.884
-0.758,0.649
-0.771,-2.061
-0.882,-1.698
-0.823,0.107
-0.937,-1.18
-0.922,0.327
-0.946,-2.312
-0.928,0.866
-0.988,0.392
-1.008,-1.748
-0.94,0.214
-0.96,0.345
-1.022,0.407
-1.063,-0.695
-1.107,-0.325
-1.04,0.772
-1.071,0.603
-1.154,-0.505
-1.15,-0.986
-1.214,-0.648
-1.221,-1.678
-1.245,0.714
-1.27,0.398
-1.285,-1.854
-1.23,-2.069
-1.246,0.298
-1.389,0.343
-1.442,-1.317
-1.426,-0.679
-1.514,-0.363
-1.616,-1.814
-1.667,-0.903
-1.675,-1.441
-1.641,-1.798
-1.746,-2.333
-1.757,-0.771
-1.763,-1.735
-1.752,-1.521
-1.732,-1.163
-1.855,-1.907
-1.891,-1.527
-1.898,-2.082
-1.978,1.383
-2.091,-2.349
-2.188,0.402
-2.267,-0.12
-2.327,1.392
-2.412,-0.116
-2.355,-0.882
-2.377,-0.747
-2.362,-0.623
-2.735,-1.082
-2.793,-1.423
-2.83,-1.51
-2.948,-2.132
-3.028,-0.045
-3.112,1.064
-3.074,-0.344
3.089,-2.126
-3.123,0.944
3.119,-0.86
2.943,1.104
2.908,-0.55
2.878,0.744
2.734,0.426
2.622,1.07
2.629,0.635
2.392,-1.709
2.279,-1.578
2.279,-1.42
2.239,1.39
2.138,-1.098
2.136,-0.731
2.202,-0.955
2.178,-1.427
2.166,-1.012
2.094,-1.495
2.15,-2.135
2.109,-2.32
2.055,-1.812
2.09,0.42
1.996,-0.78
1.974,0.987
1.973,-1.634
1.996,-2.357
1.929,0.218
1.934,-1.547
1.834,0.088
1.809,1.096
1.807,-1.833
1.671,-2.511
1.059,-2.672
0.885,-2.525
0.401,-2.536
0.436,-2.704
0.064,-2.451
0.009,-2.538
-0.461,-2.625
-0.545,-2.859
-1.082,-2.729
-1.61,-2.51
-2.014,-2.528
-2.897,-2.543
-2.997,-2.731
2.754,-2.773
2.588,-2.642
2.553,-2.53
0.877,1.692
0.498,1.779
0.276,1.885
-0.137,1.847
-0.19,1.885
-0.533,1.822
-0.531,1.95
-2.02,1.75
-2.135,1.952
-2.247,1.602
-2.52,1.635
-2.644,1.82
-3.052,1.716
2.065,1.957
1.979,1.689
-0.593,-1.895
-1.544,-0.875
-1.769,1.511
2.91,-1.904
1.078,-2.78
-1.076,1.603
1.87,-0.895
1.825,0.721
1.676,-1.346
1.756,-0.876
1.737,-0.673
1.734,-1.324
1.571,0.329
1.684,-0.518
1.656,-1.932
1.592,0.169
1.444,-1.687
1.459,0.167
0.932,-0.942
0.758,-1.082
0.853,-0.945
0.683,-0.62
0.639,-0.625
0.565,1.439
0.626,0.645
0.612,-0.989
0.473,-1.073
0.259,1.176
0.245,0.092
0.207,-1.274
0.289,-1.048
0.175,-1.296
0.072,-1.324
-0.074,1.315
-0.092,0.423
-0.132,1.385
-0.153,-2.293
-0.117,-0.85
-0.502,-1.293
-0.49,-0.712
-0.484,-0.726
-0.586,-0.687
-0.796,-0.351
-0.691,-1.315
-0.84,-1.908
-0.768,-1.664
-0.77,-0.92
-0.818,0.415
-0.827,-2.291
-1.031,0.236
-0.947,0.101
-1.04,-0.187
-1.35,0.483
-1.239,0.599
-1.522,-0.05
-1.678,-1.018
-1.715,-0.99
-1.724,-0.164
-2.281,0.692
-2.447,-1.279
-2.335,-0.508
-2.378,-0.414
-2.47,-1.257
-2.636,1.389
-2.646,-1.324
-2.79,-1.101
-2.725,-1.472
-2.868,0.036
-2.98,-0.477
-2.889,1.549
-2.895,-0.315
-3.002,-0.54
-3.016,-0.201
-3.064,-0.519
-2.954,-2.169
-2.995,-2.116
-2.994,-0.094
3.098,-1.338
2.985,-0.585
2.768,-2.143
2.737,-1.946
2.714,-1.479
2.573,-1.779
2.214,-0.912
2.223,-0.918
2.229,-2.184
2.105,-1.98
1.971,0.244
1.961,-0.854
1.794,0.202
1.029,-2.667
0.895,-2.607
0.774,-2.5
0.296,-2.548
-0.439,-2.756
-1.104,-2.675
-2.582,-2.68
-3.076,-2.718
2.138,-2.63
1.098,1.537
-0.286,1.708
-0.488,1.636
-0.76,1.692
-0.646,1.683
-0.843,1.554
-1.141,1.806
-1.339,1.762
-1.637,1.555
-2.473,1.875
-2.681,1.895
2.916,1.641
2.738,1.899
2.209,1.661
-0.901,-1.661
-2.066,-0.714
-3.021,-1.69
-3.006,0.889
-2.653,0.025
-2.806,-0.751
2.555,-1.209
2.578,0.786
2.494,-0.718
2.453,-0.392
2.501,-0.203
0.015,0.277
-0.957,-1.12
-1.493,1.172
2.605,-2.117
-2.854,1.247
2.637,1.45
2.251,1.344
2.29,1.497
2.023,1.36
0.316,-2.251
2.584,-2.205
2.669,-2.479
2.481,1.963
1.983,1.706
2.63,1.713
0.063,-0.233
-0.014,0.47
-0.099,1.1
-0.096,-1.057
-0.101,2.692
-0.118,-0.951
-0.055,0.361
-0.056,2.554
-0.06,-0.142
-0.092,1.182
-0.109,0.703
-0.202,1.573
-0.244,1.229
-0.176,2.589
-0.207,-1.023
-0.294,0.186
-0.214,2.095
-0.308,0.908
-0.336,1.343
-0.399,1.232
-0.46,-0.475
-0.502,-0.681
-0.506,1.621
-0.537,1.657
-0.567,-0.191
-0.585,0.995
-0.581,0.035
-0.522,1.427
-0.535,2.645
-0.661,2.091
-0.656,0.316
-0.65,1.849
-0.663,-0.861
-0.774,-0.498
-0.715,1.307
-0.829,0.02
-0.814,1.527
-0.838,-1.112
-0.82,2.066
-0.88,1.592
-0.9,-0.548
-0.832,1.414
-0.852,1.545
-0.914,1.607
-0.955,0.505
-0.999,0.875
-0.932,1.972
-0.963,1.803
-1.046,0.695
-1.042,0.214
-1.106,0.552
-1.113,-0.478
-1.137,1.914
-1.162,1.598
-1.177,-0.654
-1.122,-0.869
-1.138,1.498
-1.281,1.543
-1.334,-0.117
-1.318,0.521
-1.406,0.837
-1.508,-0.614
-1.559,0.297
-1.567,-0.241
-1.533,-0.598
-1.638,-1.133
-1.649,0.429
-1.655,-0.535
-1.644,-0.321
-1.624,0.037
-1.747,-0.707
-1.783,-0.327
-1.79,-0.882
-1.87,2.583
-1.983,-1.149
-2.08,1.602
-2.159,1.08
-2.219,2.592
-2.304,1.084
-2.247,0.318
-2.269,0.453
-2.254,0.577
-2.627,0.118
-2.685,-0.223
-2.722,-0.31
-2.84,-0.932
-2.92,1.155
-3.004,2.264
-2.966,0.856
-3.086,-0.926
-3.015,2.144
-3.056,0.34
3.051,2.304
3.016,0.65
2.986,1.944
2.842,1.626
2.73,2.27
2.737,1.835
2.5,-0.509
2.387,-0.378
2.387,-0.22
2.347,2.59
2.246,0.102
2.244,0.469
2.31,0.245
2.286,-0.227
2.274,0.188
2.202,-0.295
2.258,-0.935
2.217,-1.12
2.163,-0.612
2.198,1.62
2.104,0.42
2.082,2.187
2.081,-0.434
2.104,-1.157
2.037,1.418
2.042,-0.347
1.942,1.288
1.917,2.296
1.915,-0.633
1.779,-1.311
1.167,-1.472
0.993,-1.325
0.509,-1.336
0.544,-1.504
0.172,-1.251
0.117,-1.338
-0.353,-1.425
-0.437,-1.659
-0.974,-1.529
-1.502,-1.31
-1.906,-1.328
-2.789,-1.343
-2.889,-1.531
2.862,-1.573
2.696,-1.442
2.661,-1.33
0.985,2.892
0.606,2.979
0.384,3.085
-0.029,3.047
-0.082,3.085
-0.425,3.022
-0.423,3.15
-1.912,2.95
-2.027,3.152
-2.139,2.802
-2.412,2.835
-2.536,3.02
-2.944,2.916
2.173,3.157
2.087,2.889
-0.485,-0.695
-1.436,0.325
-1.661,2.711
3.018,-0.704
1.186,-1.58
-0.968,2.803
1.978,0.305
1.933,1.921
1.784,-0.146
1.864,0.324
1.845,0.527
1.842,-0.124
1.679,1.529
1.792,0.682
1.764,-0.732
1.7,1.369
1.552,-0.487
1.567,1.367
1.04,0.258
0.866,0.118
0.961,0.255
0.791,0.58
0.747,0.575
0.673,2.639
0.734,1.845
0.72,0.211
0.581,0.127
0.367,2.376
0.353,1.292
0.315,-0.074
0.397,0.152
0.283,-0.096
0.18,-0.124
0.034,2.515
0.016,1.623
-0.024,2.585
-0.045,-1.093
-0.009,0.35
-0.394,-0.093
-0.382,0.488
-0.376,0.474
-0.478,0.513
-0.688,0.849
-0.583,-0.115
-0.732,-0.708
-0.66,-0.464
-0.662,0.28
-0.71,1.615
-0.719,-1.091
-0.923,1.436
-0.839,1.301
-0.932,1.013
-1.242,1.683
-1.131,1.799
-1.414,1.15
-1.57,0.182
-1.607,0.21
-1.616,1.036
-2.173,1.892
-2.339,-0.079
-2.227,0.692
-2.27,0.786
-2.362,-0.057
-2.528,2.589
-2.538,-0.124
-2.682,0.099
-2.617,-0.272
-2.76,1.236
-2.872,0.723
-2.781,2.749
-2.787,0.885
-2.894,0.66
-2.908,0.999
-2.956,0.681
-2.846,-0.969
-2.887,-0.916
-2.886,1.106
-3.077,-0.138
3.093,0.615
2.876,-0.943
2.845,-0.746
2.822,-0.279
2.681,-0.579
2.322,0.288
2.331,0.282
2.337,-0.984
2.213,-0.78
2.079,1.444
2.069,0.346
1.902,1.402
1.137,-1.467
1.003,-1.407
0.882,-1.3
0.404,-1.348
-0.331,-1.556
-0.996,-1.475
-2.474,-1.48
-2.968,-1.518
2.246,-1.43
1.206,2.737
-0.178,2.908
-0.38,2.836
-0.652,2.892
-0.538,2.883
-0.735,2.754
-1.033,3.006
-1.231,2.962
-1.529,2.755
-2.365,3.075
-2.573,3.095
3.024,2.841
2.846,3.099
2.317,2.861
-0.793,-0.461
-1.958,0.486
-2.913,-0.49
-2.898,2.089
-2.545,1.225
-2.698,0.449
2.663,-0.009
2.686,1.986
2.602,0.482
2.561,0.808
2.609,0.997
0.123,1.477
-0.849,0.08
-1.385,2.372
2.713,-0.917
-2.746,2.447
2.745,2.65
2.359,2.544
2.398,2.697
2.131,2.56
0.424,-1.051
2.692,-1.005
2.777,-1.279
2.589,3.163
2.091,2.906
2.738,2.913
-0.077,0.703
-0.162,1.333
-0.159,-0.824
-0.164,2.925
-0.181,-0.718
-0.118,0.594
-0.119,2.787
-0.123,0.091
-0.155,1.415
-0.172,0.936
-0.265,1.806
-0.307,1.462
-0.239,2.822
-0.27,-0.79
-0.357,0.419
-0.277,2.328
-0.371,1.141
-0.399,1.576
-0.462,1.465
-0.523,-0.242
-0.565,-0.448
-0.569,1.854
-0.6,1.89
-0.63,0.042
-0.648,1.228
-0.644,0.268
-0.585,1.66
-0.598,2.878
-0.724,2.324
-0.719,0.549
-0.713,2.082
-0.726,-0.628
-0.837,-0.265
-0.778,1.54
-0.892,0.253
-0.877,1.76
-0.901,-0.879
-0.883,2.299
-0.943,1.825
-0.963,-0.315
-0.895,1.647
-0.915,1.778
-0.977,1.84
-1.018,0.738
-1.062,1.108
-0.995,2.205
-1.026,2.036
-1.109,0.928
-1.105,0.447
-1.169,0.785
-1.176,-0.245
-1.2,2.147
-1.225,1.831
-1.24,-0.421
-1.185,-0.636
-1.201,1.731
-1.344,1.776
-1.397,0.116
-1.381,0.754
-1.469,1.07
-1.571,-0.381
-1.622,0.53
-1.63,-0.008
-1.596,-0.365
-1.701,-0.9
-1.712,0.662
-1.718,-0.302
-1.707,-0.088
-1.687,0.27
-1.81,-0.474
-1.846,-0.094
-1.853,-0.649
-1.933,2.816
-2.046,-0.916
-2.143,1.835
-2.222,1.313
-2.282,2.825
-2.367,1.317
-2.31,0.551
-2.332,0.686
-2.317,0.81
-2.69,0.351
-2.748,0.01
-2.785,-0.077
-2.903,-0.699
-2.983,1.388
-3.067,2.497
-3.029,1.089
3.134,-0.693
-3.078,2.377
-3.119,0.573
2.988,2.537
2.953,0.883
2.923,2.177
2.779,1.859
2.667,2.503
2.674,2.068
2.437,-0.276
2.324,-0.145
2.324,0.013
2.284,2.823
2.183,0.335
2.181,0.702
2.247,0.478
2.223,0.006
2.211,0.421
2.139,-0.062
2.195,-0.702
2.154,-0.887
2.1,-0.379
2.135,1.853
2.041,0.653
2.019,2.42
2.018,-0.201
2.041,-0.924
1.974,1.651
1.979,-0.114
1.879,1.521
1.854,2.529
1.852,-0.4
1.716,-1.078
1.104,-1.239
0.93,-1.092
0.446,-1.103
0.481,-1.271
0.109,-1.018
0.054,-1.105
-0.416,-1.192
-0.5,-1.426
-1.037,-1.296
-1.565,-1.077
-1.969,-1.095
-2.852,-1.11
-2.952,-1.298
2.799,-1.34
2.633,-1.209
2.598,-1.097
0.922,3.125
0.543,3.212
0.321,3.318
-0.092,3.28
-0.145,3.318
-0.488,3.255
-0.486,3.383
-1.975,3.183
-2.09,3.385
-2.202,3.035
-2.475,3.068
-2.599,3.253
-3.007,3.149
2.11,3.39
2.024,3.122
-0.548,-0.462
-1.499,0.558
-1.724,2.944
2.955,-0.471
1.123,-1.347
-1.031,3.036
1.915,0.538
1.87,2.154
1.721,0.087
1.801,0.557
1.782,0.76
1.779,0.109
1.616,1.762
1.729,0.915
1.701,-0.499
1.637,1.602
1.489,-0.254
1.504,1.6
0.977,0.491
0.803,0.351
0.898,0.488
0.728,0.813
0.684,0.808
0.61,2.872
0.671,2.078
0.657,0.444
0.518,0.36
0.304,2.609
0.29,1.525
0.252,0.159
0.334,0.385
0.22,0.137
0.117,0.109
-0.029,2.748
-0.047,1.856
-0.087,2.818
-0.108,-0.86
-0.072,0.583
-0.457,0.14
-0.445,0.721
-0.439,0.707
-0.541,0.746
-0.751,1.082
-0.646,0.118
-0.795,-0.475
-0.723,-0.231
-0.725,0.513
-0.773,1.848
-0.782,-0.858
-0.986,1.669
-0.902,1.534
-0.995,1.246
-1.305,1.916
-1.194,2.032
-1.477,1.383
-1.633,0.415
-1.67,0.443
-1.679,1.269
-2.236,2.125
-2.402,0.154
-2.29,0.925
-2.333,1.019
-2.425,0.176
-2.591,2.822
-2.601,0.109
-2.745,0.332
-2.68,-0.039
-2.823,1.469
-2.935,0.956
-2.844,2.982
-2.85,1.118
-2.957,0.893
-2.971,1.232
-3.019,0.914
-2.909,-0.736
-2.95,-0.683
-2.949,1.339
-3.14,0.095
3.03,0.848
2.813,-0.71
2.782,-0.513
2.759,-0.046
2.618,-0.346
2.259,0.521
2.268,0.515
2.274,-0.751
2.15,-0.547
2.016,1.677
2.006,0.579
1.839,1.635
1.074,-1.234
0.94,-1.174
0.819,-1.067
0.341,-1.115
-0.394,-1.323
-1.059,-1.242
-2.537,-1.247
-3.031,-1.285
2.183,-1.197
1.143,2.97
-0.241,3.141
-0.443,3.069
-0.715,3.125
-0.601,3.116
-0.798,2.987
-1.096,3.239
-1.294,3.195
-1.592,2.988
-2.428,3.308
-2.636,3.328
2.961,3.074
2.783,3.332
2.254,3.094
-0.856,-0.228
-2.021,0.719
-2.976,-0.257
-2.961,2.322
-2.608,1.458
-2.761,0.682
2.6,0.224
2.623,2.219
2.539,0.715
2.498,1.041
2.546,1.23
0.06,1.71
-0.912,0.313
-1.448,2.605
2.65,-0.684
-2.809,2.68
2.682,2.883
2.296,2.777
2.335,2.93
2.068,2.793
0.361,-0.818
2.629,-0.772
2.714,-1.046
2.526,3.396
2.028,3.139
2.675,3.146
-0.085,0.63
-0.082,-1.527
-0.087,2.222
-0.104,-1.421
-0.041,-0.109
-0.042,2.084
-0.046,-0.612
-0.078,0.712
-0.095,0.233
-0.188,1.103
-0.23,0.759
-0.162,2.119
-0.193,-1.493
-0.28,-0.284
-0.2,1.625
-0.294,0.438
-0.322,0.873
-0.385,0.762
-0.446,-0.945
-0.488,-1.151
-0.492,1.151
-0.523,1.187
-0.553,-0.661
-0.571,0.525
-0.567,-0.435
-0.508,0.957
-0.521,2.175
-0.647,1.621
-0.642,-0.154
-0.636,1.379
-0.649,-1.331
-0.76,-0.968
-0.701,0.837
-0.815,-0.45
-0.8,1.057
-0.824,-1.582
-0.806,1.596
-0.866,1.122
-0.886,-1.018
-0.818,0.944
-0.838,1.075
-0.9,1.137
-0.941,0.035
-0.985,0.405
-0.918,1.502
-0.949,1.333
-1.032,0.225
-1.028,-0.256
-1.092,0.082
-1.099,-0.948
-1.123,1.444
-1.148,1.128
-1.163,-1.124
-1.108,-1.339
-1.124,1.028
-1.267,1.073
-1.32,-0.587
-1.304,0.051
-1.392,0.367
-1.494,-1.084
-1.545,-0.173
-1.553,-0.711
-1.519,-1.068
-1.624,-1.603
-1.635,-0.041
-1.641,-1.005
-1.63,-0.791
-1.61,-0.433
-1.733,-1.177
-1.769,-0.797
-1.776,-1.352
-1.856,2.113
-1.969,-1.619
-2.066,1.132
-2.145,0.61
-2.205,2.122
-2.29,0.614
-2.233,-0.152
-2.255,-0.017
-2.24,0.107
-2.613,-0.352
-2.671,-0.693
-2.708,-0.78
-2.826,-1.402
-2.906,0.685
-2.99,1.794
-2.952,0.386
-3.072,-1.396
-3.001,1.674
-3.042,-0.13
3.065,1.834
3.03,0.18
3.0,1.474
2.856,1.156
2.744,1.8
2.751,1.365
2.514,-0.979
2.401,-0.848
2.401,-0.69
2.361,2.12
2.26,-0.368
2.258,-0.001
2.324,-0.225
2.3,-0.697
2.288,-0.282
2.216,-0.765
2.272,-1.405
2.231,-1.59
2.177,-1.082
2.212,1.15
2.118,-0.05
2.096,1.717
2.095,-0.904
2.118,-1.627
2.051,0.948
2.056,-0.817
1.956,0.818
1.931,1.826
1.929,-1.103
1.793,-1.781
1.181,-1.942
1.007,-1.795
0.523,-1.806
0.558,-1.974
0.186,-1.721
0.131,-1.808
-0.339,-1.895
-0.423,-2.129
-0.96,-1.999
-1.488,-1.78
-1.892,-1.798
-2.775,-1.813
-2.875,-2.001
2.876,-2.043
2.71,-1.912
2.675,-1.8
0.999,2.422
0.62,2.509
0.398,2.615
-0.015,2.577
-0.068,2.615
-0.411,2.552
-0.409,2.68
-1.898,2.48
-2.013,2.682
-2.125,2.332
-2.398,2.365
-2.522,2.55
-2.93,2.446
2.187,2.687
2.101,2.419
-0.471,-1.165
-1.422,-0.145
-1.647,2.241
3.032,-1.174
1.2,-2.05
-0.954,2.333
1.992,-0.165
1.947,1.451
1.798,-0.616
1.878,-0.146
1.859,0.057
1.856,-0.594
1.693,1.059
1.806,0.212
1.778,-1.202
1.714,0.899
1.566,-0.957
1.581,0.897
1.054,-0.212
0.88,-0.352
0.975,-0.215
0.805,0.11
0.761,0.105
0.687,2.169
0.748,1.375
0.734,-0.259
0.595,-0.343
0.381,1.906
0.367,0.822
0.329,-0.544
0.411,-0.318
0.297,-0.566
0.194,-0.594
0.048,2.045
0.03,1.153
-0.01,2.115
-0.031,-1.563
0.005,-0.12
-0.38,-0.563
-0.368,0.018
-0.362,0.004
-0.464,0.043
-0.674,0.379
-0.569,-0.585
-0.718,-1.178
-0.646,-0.934
-0.648,-0.19
-0.696,1.145
-0.705,-1.561
-0.909,0.966
-0.825,0.831
-0.918,0.543
-1.228,1.213
-1.117,1.329
-1.4,0.68
-1.556,-0.288
-1.593,-0.26
-1.602,0.566
-2.159,1.422
-2.325,-0.549
-2.213,0.222
-2.256,0.316
-2.348,-0.527
-2.514,2.119
-2.524,-0.594
-2.668,-0.371
-2.603,-0.742
-2.746,0.766
-2.858,0.253
-2.767,2.279
-2.773,0.415
-2.88,0.19
-2.894,0.529
-2.942,0.211
-2.832,-1.439
-2.873,-1.386
-2.872,0.636
-3.063,-0.608
3.107,0.145
2.89,-1.413
2.859,-1.216
2.836,-0.749
2.695,-1.049
2.336,-0.182
2.345,-0.188
2.351,-1.454
2.227,-1.25
2.093,0.974
2.083,-0.124
1.916,0.932
1.151,-1.937
1.017,-1.877
0.896,-1.77
0.418,-1.818
-0.317,-2.026
-0.982,-1.945
-2.46,-1.95
-2.954,-1.988
2.26,-1.9
1.22,2.267
-0.164,2.438
-0.366,2.366
-0.638,2.422
-0.524,2.413
-0.721,2.284
-1.019,2.536
-1.217,2.492
-1.515,2.285
-2.351,2.605
-2.559,2.625
3.038,2.371
2.86,2.629
2.331,2.391
-0.779,-0.931
-1.944,0.016
-2.899,-0.96
-2.884,1.619
-2.531,0.755
-2.684,-0.021
2.677,-0.479
2.7,1.516
2.616,0.012
2.575,0.338
2.623,0.527
0.137,1.007
-0.835,-0.39
-1.371,1.902
2.727,-1.387
-2.732,1.977
2.759,2.18
2.373,2.074
2.412,2.227
2.145,2.09
0.438,-1.521
2.706,-1.475
2.791,-1.749
2.603,2.693
2.105,2.436
2.752,2.443
0.003,-2.157
-0.002,1.592
-0.019,-2.051
0.044,-0.739
0.043,1.454
0.039,-1.242
0.007,0.082
-0.01,-0.397
-0.103,0.473
-0.145,0.129
-0.077,1.489
-0.108,-2.123
-0.195,-0.914
-0.115,0.995
-0.209,-0.192
-0.237,0.243
-0.3,0.132
-0.361,-1.575
-0.403,-1.781
-0.407,0.521
-0.438,0.557
-0.468,-1.291
-0.486,-0.105
-0.482,-1.065
-0.423,0.327
-0.436,1.545
-0.562,0.991
-0.557,-0.784
-0.551,0.749
-0.564,-1.961
-0.675,-1.598
-0.616,0.207
-0.73,-1.08
-0.715,0.427
-0.739,-2.212
-0.721,0.966
-0.781,0.492
-0.801,-1.648
-0.733,0.314
-0.753,0.445
-0.815,0.507
-0.856,-0.595
-0.9,-0.225
-0.833,0.872
-0.864,0.703
-0.947,-0.405
-0.943,-0.886
-1.007,-0.548
-1.014,-1.578
-1.038,0.814
-1.063,0.498
-1.078,-1.754
-1.023,-1.969
-1.039,0.398
-1.182,0.443
-1.235,-1.217
-1.219,-0.579
-1.307,-0.263
-1.409,-1.714
-1.46,-0.803
-1.468,-1.341
-1.434,-1.698
-1.539,-2.233
-1.55,-0.671
-1.556,-1.635
-1.545,-1.421
-1.525,-1.063
-1.648,-1.807
-1.684,-1.427
-1.691,-1.982
-1.771,1.483
-1.884,-2.249
-1.981,0.502
-2.06,-0.02
-2.12,1.492
-2.205,-0.016
-2.148,-0.782
-2.17,-0.647
-2.155,-0.523
-2.528,-0.982
-2.586,-1.323
-2.623,-1.41
-2.741,-2.032
-2.821,0.055
-2.905,1.164
-2.867,-0.244
-2.987,-2.026
-2.916,1.044
-2.957,-0.76
-3.133,1.204
3.115,-0.45
3.085,0.844
2.941,0.526
2.829,1.17
2.836,0.735
2.599,-1.609
2.486,-1.478
2.486,-1.32
2.446,1.49
2.345,-0.998
2.343,-0.631
2.409,-0.855
2.385,-1.327
2.373,-0.912
2.301,-1.395
2.357,-2.035
2.316,-2.22
2.262,-1.712
2.297,0.52
2.203,-0.68
2.181,1.087
2.18,-1.534
2.203,-2.257
2.136,0.318
2.141,-1.447
2.041,0.188
2.016,1.196
2.014,-1.733
1.878,-2.411
1.266,-2.572
1.092,-2.425
0.608,-2.436
0.643,-2.604
0.271,-2.351
0.216,-2.438
-0.254,-2.525
-0.338,-2.759
-0.875,-2.629
-1.403,-2.41
-1.807,-2.428
-2.69,-2.443
-2.79,-2.631
2.961,-2.673
2.795,-2.542
2.76,-2.43
1.084,1.792
0.705,1.879
0.483,1.985
0.07,1.947
0.017,1.985
-0.326,1.922
-0.324,2.05
-1.813,1.85
-1.928,2.052
-2.04,1.702
-2.313,1.735
-2.437,1.92
-2.845,1.816
2.272,2.057
2.186,1.789
-0.386,-1.795
-1.337,-0.775
-1.562,1.611
3.117,-1.804
1.285,-2.68
-0.869,1.703
2.077,-0.795
2.032,0.821
1.883,-1.246
1.963,-0.776
1.944,-0.573
1.941,-1.224
1.778,0.429
1.891,-0.418
1.863,-1.832
1.799,0.269
1.651,-1.587
1.666,0.267
1.139,-0.842
0.965,-0.982
1.06,-0.845
0.89,-0.52
0.846,-0.525
0.772,1.539
0.833,0.745
0.819,-0.889
0.68,-0.973
0.466,1.276
0.452,0.192
0.414,-1.174
0.496,-0.948
0.382,-1.196
0.279,-1.224
0.133,1.415
0.115,0.523
0.075,1.485
0.054,-2.193
0.09,-0.75
-0.295,-1.193
-0.283,-0.612
-0.277,-0.626
-0.379,-0.587
-0.589,-0.251
-0.484,-1.215
-0.633,-1.808
-0.561,-1.564
-0.563,-0.82
-0.611,0.515
-0.62,-2.191
-0.824,0.336
-0.74,0.201
-0.833,-0.087
-1.143,0.583
-1.032,0.699
-1.315,0.05
-1.471,-0.918
-1.508,-0.89
-1.517,-0.064
-2.074,0.792
-2.24,-1.179
-2.128,-0.408
-2.171,-0.314
-2.263,-1.157
-2.429,1.489
-2.439,-1.224
-2.583,-1.001
-2.518,-1.372
-2.661,0.136
-2.773,-0.377
-2.682,1.649
-2.688,-0.215
-2.795,-0.44
-2.809,-0.101
-2.857,-0.419
-2.747,-2.069
-2.788,-2.016
-2.787,0.006
-2.978,-1.238
-3.091,-0.485
2.975,-2.043
2.944,-1.846
2.921,-1.379
2.78,-1.679
2.421,-0.812
2.43,-0.818
2.436,-2.084
2.312,-1.88
2.178,0.344
2.168,-0.754
2.001,0.302
1.236,-2.567
1.102,-2.507
0.981,-2.4
0.503,-2.448
-0.232,-2.656
-0.897,-2.575
-2.375,-2.58
-2.869,-2.618
2.345,-2.53
1.305,1.637
-0.079,1.808
-0.281,1.736
-0.553,1.792
-0.439,1.783
-0.636,1.654
-0.934,1.906
-1.132,1.862
-1.43,1.655
-2.266,1.975
-2.474,1.995
3.123,1.741
2.945,1.999
2.416,1.761
-0.694,-1.561
-1.859,-0.614
-2.814,-1.59
-2.799,0.989
-2.446,0.125
-2.599,-0.651
2.762,-1.109
2.785,0.886
2.701,-0.618
2.66,-0.292
2.708,-0.103
0.222,0.377
-0.75,-1.02
-1.286,1.272
2.812,-2.017
-2.647,1.347
2.844,1.55
2.458,1.444
2.497,1.597
2.23,1.46
0.523,-2.151
2.791,-2.105
2.876,-2.379
2.688,2.063
2.19,1.806
2.837,1.813
-0.005,3.749
-0.022,0.106
0.041,1.418
0.04,3.611
0.036,0.915
0.004,2.239
-0.013,1.76
-0.106,2.63
-0.148,2.286
-0.08,3.646
-0.111,0.034
-0.198,1.243
-0.118,3.152
-0.212,1.965
-0.24,2.4
-0.303,2.289
-0.364,0.582
-0.406,0.376
-0.41,2.678
-0.441,2.714
-0.471,0.866
-0.489,2.052
-0.485,1.092
-0.426,2.484
-0.439,3.702
-0.565,3.148
-0.56,1.373
-0.554,2.906
-0.567,0.196
-0.678,0.559
-0.619,2.364
-0.733,1.077
-0.718,2.584
-0.742,-0.055
-0.724,3.123
-0.784,2.649
-0.804,0.509
-0.736,2.471
-0.756,2.602
-0.818,2.664
-0.859,1.562
-0.903,1.932
-0.836,3.029
-0.867,2.86
-0.95,1.752
-0.946,1.271
-1.01,1.609
-1.017,0.579
-1.041,2.971
-1.066,2.655
-1.081,0.403
-1.026,0.188
-1.042,2.555
-1.185,2.6
-1.238,0.94
-1.222,1.578
-1.31,1.894
-1.412,0.443
-1.463,1.354
-1.471,0.816
-1.437,0.459
-1.542,-0.076
-1.553,1.486
-1.559,0.522
-1.548,0.736
-1.528,1.094
-1.651,0.35
-1.687,0.73
-1.694,0.175
-1.774,3.64
-1.887,-0.092
-1.984,2.659
-2.063,2.137
-2.123,3.649
-2.208,2.141
-2.151,1.375
-2.173,1.51
-2.158,1.634
-2.531,1.175
-2.589,0.834
-2.626,0.747
-2.744,0.125
-2.824,2.212
-2.908,3.321
-2.87,1.913
-2.99,0.131
-2.919,3.201
-2.96,1.397
-3.136,3.361
3.112,1.707
3.082,3.001
2.938,2.683
2.826,3.327
2.833,2.892
2.596,0.548
2.483,0.679
2.483,0.837
2.443,3.647
2.342,1.159
2.34,1.526
2.406,1.302
2.382,0.83
2.37,1.245
2.298,0.762
2.354,0.122
2.313,-0.063
2.259,0.445
2.294,2.677
2.2,1.477
2.178,3.244
2.177,0.623
2.2,-0.1
2.133,2.475
2.138,0.71
2.038,2.345
2.013,3.353
2.011,0.424
1.875,-0.254
1.263,-0.415
1.089,-0.268
0.605,-0.279
0.64,-0.447
0.268,-0.194
0.213,-0.281
-0.257,-0.368
-0.341,-0.602
-0.878,-0.472
-1.406,-0.253
-1.81,-0.271
-2.693,-0.286
-2.793,-0.474
2.958,-0.516
2.792,-0.385
2.757,-0.273
1.081,3.949
0.702,4.036
0.48,4.142
0.067,4.104
0.014,4.142
-0.329,4.079
-0.327,4.207
-1.816,4.007
-1.931,4.209
-2.043,3.859
-2.316,3.892
-2.44,4.077
-2.848,3.973
2.269,4.214
2.183,3.946
-0.389,0.362
-1.34,1.382
-1.565,3.768
3.114,0.353
1.282,-0.523
-0.872,3.86
2.074,1.362
2.029,2.978
1.88,0.911
1.96,1.381
1.941,1.584
1.938,0.933
1.775,2.586
1.888,1.739
1.86,0.325
1.796,2.426
1.648,0.57
1.663,2.424
1.136,1.315
0.962,1.175
1.057,1.312
0.887,1.637
0.843,1.632
0.769,3.696
0.83,2.902
0.816,1.268
0.677,1.184
0.463,3.433
0.449,2.349
0.411,0.983
0.493,1.209
0.379,0.961
0.276,0.933
0.13,3.572
0.112,2.68
0.072,3.642
0.051,-0.036
0.087,1.407
-0.298,0.964
-0.286,1.545
-0.28,1.531
-0.382,1.57
-0.592,1.906
-0.487,0.942
-0.636,0.349
-0.564,0.593
-0.566,1.337
-0.614,2.672
-0.623,-0.034
-0.827,2.493
-0.743,2.358
-0.836,2.07
-1.146,2.74
-1.035,2.856
-1.318,2.207
-1.474,1.239
-1.511,1.267
-1.52,2.093
-2.077,2.949
-2.243,0.978
-2.131,1.749
-2.174,1.843
-2.266,1.0
-2.432,3.646
-2.442,0.933
-2.586,1.156
-2.521,0.785
-2.664,2.293
-2.776,1.78
-2.685,3.806
-2.691,1.942
-2.798,1.717
-2.812,2.056
-2.86,1.738
-2.75,0.088
-2.791,0.141
-2.79,2.163
-2.981,0.919
-3.094,1.672
2.972,0.114
2.941,0.311
2.918,0.778
2.777,0.478
2.418,1.345
2.427,1.339
2.433,0.073
2.309,0.277
2.175,2.501
2.165,1.403
1.998,2.459
1.233,-0.41
1.099,-0.35
0.978,-0.243
0.5,-0.291
-0.235,-0.499
-0.9,-0.418
-2.378,-0.423
-2.872,-0.461
2.342,-0.373
1.302,3.794
-0.082,3.965
-0.284,3.893
-0.556,3.949
-0.442,3.94
-0.639,3.811
-0.937,4.063
-1.135,4.019
-1.433,3.812
-2.269,4.132
-2.477,4.152
3.12,3.898
2.942,4.156
2.413,3.918
-0.697,0.596
-1.862,1.543
-2.817,0.567
-2.802,3.146
-2.449,2.282
-2.602,1.506
2.759,1.048
2.782,3.043
2.698,1.539
2.657,1.865
2.705,2.054
0.219,2.534
-0.753,1.137
-1.289,3.429
2.809,0.14
-2.65,3.504
2.841,3.707
2.455,3.601
2.494,3.754
2.227,3.617
0.52,0.006
2.788,0.052
2.873,-0.222
2.685,4.22
2.187,3.963
2.834,3.97
-0.017,-3.643
0.046,-2.331
0.045,-0.138
0.041,-2.834
0.009,-1.51
-0.008,-1.989
-0.101,-1.119
-0.143,-1.463
-0.075,-0.103
-0.106,-3.715
-0.193,-2.506
-0.113,-0.597
-0.207,-1.784
-0.235,-1.349
-0.298,-1.46
-0.359,-3.167
-0.401,-3.373
-0.405,-1.071
-0.436,-1.035
-0.466,-2.883
-0.484,-1.697
-0.48,-2.657
-0.421,-1.265
-0.434,-0.047
-0.56,-0.601
-0.555,-2.376
-0.549,-0.843
-0.562,-3.553
-0.673,-3.19
-0.614,-1.385
-0.728,-2.672
-0.713,-1.165
-0.737,-3.804
-0.719,-0.626
-0.779,-1.1
-0.799,-3.24
-0.731,-1.278
-0.751,-1.147
-0.813,-1.085
-0.854,-2.187
-0.898,-1.817
-0.831,-0.72
-0.862,-0.889
-0.945,-1.997
-0.941,-2.478
-1.005,-2.14
-1.012,-3.17
-1.036,-0.778
-1.061,-1.094
-1.076,-3.346
-1.021,-3.561
-1.037,-1.194
-1.18,-1.149
-1.233,-2.809
-1.217,-2.171
-1.305,-1.855
-1.407,-3.306
-1.458,-2.395
-1.466,-2.933
-1.432,-3.29
-1.537,-3.825
-1.548,-2.263
-1.554,-3.227
-1.543,-3.013
-1.523,-2.655
-1.646,-3.399
-1.682,-3.019
-1.689,-3.574
-1.769,-0.109
-1.882,-3.841
-1.979,-1.09
-2.058,-1.612
-2.118,-0.1
-2.203,-1.608
-2.146,-2.374
-2.168,-2.239
-2.153,-2.115
-2.526,-2.574
-2.584,-2.915
-2.621,-3.002
-2.739,-3.624
-2.819,-1.537
-2.903,-0.428
-2.865,-1.836
-2.985,-3.618
-2.914,-0.548
-2.955,-2.352
-3.131,-0.388
3.117,-2.042
3.087,-0.748
2.943,-1.066
2.831,-0.422
2.838,-0.857
2.601,-3.201
2.488,-3.07
2.488,-2.912
2.448,-0.102
2.347,-2.59
2.345,-2.223
2.411,-2.447
2.387,-2.919
2.375,-2.504
2.303,-2.987
2.359,-3.627
2.318,-3.812
2.264,-3.304
2.299,-1.072
2.205,-2.272
2.183,-0.505
2.182,-3.126
2.205,-3.849
2.138,-1.274
2.143,-3.039
2.043,-1.404
2.018,-0.396
2.016,-3.325
1.88,-4.003
1.268,-4.164
1.094,-4.017
0.61,-4.028
0.645,-4.196
0.273,-3.943
0.218,-4.03
-0.252,-4.117
-0.336,-4.351
-0.873,-4.221
-1.401,-4.002
-1.805,-4.02
-2.688,-4.035
-2.788,-4.223
2.963,-4.265
2.797,-4.134
2.762,-4.022
1.086,0.2
0.707,0.287
0.485,0.393
0.072,0.355
0.019,0.393
-0.324,0.33
-0.322,0.458
-1.811,0.258
-1.926,0.46
-2.038,0.11
-2.311,0.143
-2.435,0.328
-2.843,0.224
2.274,0.465
2.188,0.197
-0.384,-3.387
-1.335,-2.367
-1.56,0.019
3.119,-3.396
1.287,-4.272
-0.867,0.111
2.079,-2.387
2.034,-0.771
1.885,-2.838
1.965,-2.368
1.946,-2.165
1.943,-2.816
1.78,-1.163
1.893,-2.01
1.865,-3.424
1.801,-1.323
1.653,-3.179
1.668,-1.325
1.141,-2.434
0.967,-2.574
1.062,-2.437
0.892,-2.112
0.848,-2.117
0.774,-0.053
0.835,-0.847
0.821,-2.481
0.682,-2.565
0.468,-0.316
0.454,-1.4
0.416,-2.766
0.498,-2.54
0.384,-2.788
0.281,-2.816
0.135,-0.177
0.117,-1.069
0.077,-0.107
0.056,-3.785
0.092,-2.342
-0.293,-2.785
-0.281,-2.204
-0.275,-2.218
-0.377,-2.179
-0.587,-1.843
-0.482,-2.807
-0.631,-3.4
-0.559,-3.156
-0.561,-2.412
-0.609,-1.077
-0.618,-3.783
-0.822,-1.256
-0.738,-1.391
-0.831,-1.679
-1.141,-1.009
-1.03,-0.893
-1.313,-1.542
-1.469,-2.51
-1.506,-2.482
-1.515,-1.656
-2.072,-0.8
-2.238,-2.771
-2.126,-2.0
-2.169,-1.906
-2.261,-2.749
-2.427,-0.103
-2.437,-2.816
-2.581,-2.593
-2.516,-2.964
-2.659,-1.456
-2.771,-1.969
-2.68,0.057
-2.686,-1.807
-2.793,-2.032
-2.807,-1.693
-2.855,-2.011
-2.745,-3.661
-2.786,-3.608
-2.785,-1.586
-2.976,-2.83
-3.089,-2.077
2.977,-3.635
2.946,-3.438
2.923,-2.971
2.782,-3.271
2.423,-2.404
2.432,-2.41
2.438,-3.676
2.314,-3.472
2.18,-1.248
2.17,-2.346
2.003,-1.29
1.238,-4.159
1.104,-4.099
0.983,-3.992
0.505,-4.04
-0.23,-4.248
-0.895,-4.167
-2.373,-4.172
-2.867,-4.21
2.347,-4.122
1.307,0.045
-0.077,0.216
-0.279,0.144
-0.551,0.2
-0.437,0.191
-0.634,0.062
-0.932,0.314
-1.13,0.27
-1.428,0.063
-2.264,0.383
-2.472,0.403
3.125,0.149
2.947,0.407
2.418,0.169
-0.692,-3.153
-1.857,-2.206
-2.812,-3.182
-2.797,-0.603
-2.444,-1.467
-2.597,-2.243
2.764,-2.701
2.787,-0.706
2.703,-2.21
2.662,-1.884
2.71,-1.695
0.224,-1.215
-0.748,-2.612
-1.284,-0.32
2.814,-3.609
-2.645,-0.245
2.846,-0.042
2.46,-0.148
2.499,0.005
2.232,-0.132
0.525,-3.743
2.793,-3.697
2.878,-3.971
2.69,0.471
2.192,0.214
2.839,0.221
0.063,1.312
0.062,3.505
0.058,0.809
0.026,2.133
0.009,1.654
-0.084,2.524
-0.126,2.18
-0.058,3.54
-0.089,-0.072
-0.176,1.137
-0.096,3.046
-0.19,1.859
-0.218,2.294
-0.281,2.183
-0.342,0.476
-0.384,0.27
-0.388,2.572
-0.419,2.608
-0.449,0.76
-0.467,1.946
-0.463,0.986
-0.404,2.378
-0.417,3.596
-0.543,3.042
-0.538,1.267
-0.532,2.8
-0.545,0.09
-0.656,0.453
-0.597,2.258
-0.711,0.971
-0.696,2.478
-0.72,-0.161
-0.702,3.017
-0.762,2.543
-0.782,0.403
-0.714,2.365
-0.734,2.496
-0.796,2.558
-0.837,1.456
-0.881,1.826
-0.814,2.923
-0.845,2.754
-0.928,1.646
-0.924,1.165
-0.988,1.503
-0.995,0.473
-1.019,2.865
-1.044,2.549
-1.059,0.297
-1.004,0.082
-1.02,2.449
-1.163,2.494
-1.216,0.834
-1.2,1.472
-1.288,1.788
-1.39,0.337
-1.441,1.248
-1.449,0.71
-1.415,0.353
-1.52,-0.182
-1.531,1.38
-1.537,0.416
-1.526,0.63
-1.506,0.988
-1.629,0.244
-1.665,0.624
-1.672,0.069
-1.752,3.534
-1.865,-0.198
-1.962,2.553
-2.041,2.031
-2.101,3.543
-2.186,2.035
-2.129,1.269
-2.151,1.404
-2.136,1.528
-2.509,1.069
-2.567,0.728
-2.604,0.641
-2.722,0.019
-2.802,2.106
-2.886,3.215
-2.848,1.807
-2.968,0.025
-2.897,3.095
-2.938,1.291
-3.114,3.255
3.134,1.601
3.104,2.895
2.96,2.577
2.848,3.221
2.855,2.786
2.618,0.442
2.505,0.573
2.505,0.731
2.465,3.541
2.364,1.053
2.362,1.42
2.428,1.196
2.404,0.724
2.392,1.139
2.32,0.656
2.376,0.016
2.335,-0.169
2.281,0.339
2.316,2.571
2.222,1.371
2.2,3.138
2.199,0.517
2.222,-0.206
2.155,2.369
2.16,0.604
2.06,2.239
2.035,3.247
2.033,0.318
1.897,-0.36
1.285,-0.521
1.111,-0.374
0.627,-0.385
0.662,-0.553
0.29,-0.3
0.235,-0.387
-0.235,-0.474
-0.319,-0.708
-0.856,-0.578
-1.384,-0.359
-1.788,-0.377
-2.671,-0.392
-2.771,-0.58
2.98,-0.622
2.814,-0.491
2.779,-0.379
1.103,3.843
0.724,3.93
0.502,4.036
0.089,3.998
0.036,4.036
-0.307,3.973
-0.305,4.101
-1.794,3.901
-1.909,4.103
-2.021,3.753
-2.294,3.786
-2.418,3.971
-2.826,3.867
2.291,4.108
2.205,3.84
-0.367,0.256
-1.318,1.276
-1.543,3.662
3.136,0.247
1.304,-0.629
-0.85,3.754
2.096,1.256
2.051,2.872
1.902,0.805
1.982,1.275
1.963,1.478
1.96,0.827
1.797,2.48
1.91,1.633
1.882,0.219
1.818,2.32
1.67,0.464
1.685,2.318
1.158,1.209
0.984,1.069
1.079,1.206
0.909,1.531
0.865,1.526
0.791,3.59
0.852,2.796
0.838,1.162
0.699,1.078
0.485,3.327
0.471,2.243
0.433,0.877
0.515,1.103
0.401,0.855
0.298,0.827
0.152,3.466
0.134,2.574
0.094,3.536
0.073,-0.142
0.109,1.301
-0.276,0.858
-0.264,1.439
-0.258,1.425
-0.36,1.464
-0.57,1.8
-0.465,0.836
-0.614,0.243
-0.542,0.487
-0.544,1.231
-0.592,2.566
-0.601,-0.14
-0.805,2.387
-0.721,2.252
-0.814,1.964
-1.124,2.634
-1.013,2.75
-1.296,2.101
-1.452,1.133
-1.489,1.161
-1.498,1.987
-2.055,2.843
-2.221,0.872
-2.109,1.643
-2.152,1.737
-2.244,0.894
-2.41,3.54
-2.42,0.827
-2.564,1.05
-2.499,0.679
-2.642,2.187
-2.754,1.674
-2.663,3.7
-2.669,1.836
-2.776,1.611
-2.79,1.95
-2.838,1.632
-2.728,-0.018
-2.769,0.035
-2.768,2.057
-2.959,0.813
-3.072,1.566
2.994,0.008
2.963,0.205
2.94,0.672
2.799,0.372
2.44,1.239
2.449,1.233
2.455,-0.033
2.331,0.171
2.197,2.395
2.187,1.297
2.02,2.353
1.255,-0.516
1.121,-0.456
1.0,-0.349
0.522,-0.397
-0.213,-0.605
-0.878,-0.524
-2.356,-0.529
-2.85,-0.567
2.364,-0.479
1.324,3.688
-0.06,3.859
-0.262,3.787
-0.534,3.843
-0.42,3.834
-0.617,3.705
-0.915,3.957
-1.113,3.913
-1.411,3.706
-2.247,4.026
-2.455,4.046
-3.141,3.792
2.964,4.05
2.435,3.812
-0.675,0.49
-1.84,1.437
-2.795,0.461
-2.78,3.04
-2.427,2.176
-2.58,1.4
2.781,0.942
2.804,2.937
2.72,1.433
2.679,1.759
2.727,1.948
0.241,2.428
-0.731,1.031
-1.267,3.323
2.831,0.034
-2.628,3.398
2.863,3.601
2.477,3.495
2.516,3.648
2.249,3.511
0.542,-0.1
2.81,-0.054
2.895,-0.328
2.707,4.114
2.209,3.857
2.856,3.864
-0.001,2.193
-0.005,-0.503
-0.037,0.821
-0.054,0.342
-0.147,1.212
-0.189,0.868
-0.121,2.228
-0.152,-1.384
-0.239,-0.175
-0.159,1.734
-0.253,0.547
-0.281,0.982
-0.344,0.871
-0.405,-0.836
-0.447,-1.042
-0.451,1.26
-0.482,1.296
-0.512,-0.552
-0.53,0.634
-0.526,-0.326
-0.467,1.066
-0.48,2.284
-0.606,1.73
-0.601,-0.045
-0.595,1.488
-0.608,-1.222
-0.719,-0.859
-0.66,0.946
-0.774,-0.341
-0.759,1.166
-0.783,-1.473
-0.765,1.705
-0.825,1.231
-0.845,-0.909
-0.777,1.053
-0.797,1.184
-0.859,1.246
-0.9,0.144
-0.944,0.514
-0.877,1.611
-0.908,1.442
-0.991,0.334
-0.987,-0.147
-1.051,0.191
-1.058,-0.839
-1.082,1.553
-1.107,1.237
-1.122,-1.015
-1.067,-1.23
-1.083,1.137
-1.226,1.182
-1.279,-0.478
-1.263,0.16
-1.351,0.476
-1.453,-0.975
-1.504,-0.064
-1.512,-0.602
-1.478,-0.959
-1.583,-1.494
-1.594,0.068
-1.6,-0.896
-1.589,-0.682
-1.569,-0.324
-1.692,-1.068
-1.728,-0.688
-1.735,-1.243
-1.815,2.222
-1.928,-1.51
-2.025,1.241
-2.104,0.719
-2.164,2.231
-2.249,0.723
-2.192,-0.043
-2.214,0.092
-2.199,0.216
-2.572,-0.243
-2.63,-0.584
-2.667,-0.671
-2.785,-1.293
-2.865,0.794
-2.949,1.903
-2.911,0.495
-3.031,-1.287
-2.96,1.783
-3.001,-0.021
3.106,1.943
3.071,0.289
3.041,1.583
2.897,1.265
2.785,1.909
2.792,1.474
2.555,-0.87
2.442,-0.739
2.442,-0.581
2.402,2.229
2.301,-0.259
2.299,0.108
2.365,-0.116
2.341,-0.588
2.329,-0.173
2.257,-0.656
2.313,-1.296
2.272,-1.481
2.218,-0.973
2.253,1.259
2.159,0.059
2.137,1.826
2.136,-0.795
2.159,-1.518
2.092,1.057
2.097,-0.708
1.997,0.927
1.972,1.935
1.97,-0.994
1.834,-1.672
1.222,-1.833
1.048,-1.686
0.564,-1.697
0.599,-1.865
0.227,-1.612
0.172,-1.699
-0.298,-1.786
-0.382,-2.02
-0.919,-1.89
-1.447,-1.671
-1.851,-1.689
-2.734,-1.704
-2.834,-1.892
2.917,-1.934
2.751,-1.803
2.716,-1.691
1.04,2.531
0.661,2.618
0.439,2.724
0.026,2.686
-0.027,2.724
-0.37,2.661
-0.368,2.789
-1.857,2.589
-1.972,2.791
-2.084,2.441
-2.357,2.474
-2.481,2.659
-2.889,2.555
2.228,2.796
2.142,2.528
-0.43,-1.056
-1.381,-0.036
-1.606,2.35
3.073,-1.065
1.241,-1.941
-0.913,2.442
2.033,-0.056
1.988,1.56
1.839,-0.507
1.919,-0.037
1.9,0.166
1.897,-0.485
1.734,1.168
1.847,0.321
1.819,-1.093
1.755,1.008
1.607,-0.848
1.622,1.006
1.095,-0.103
0.921,-0.243
1.016,-0.106
0.846,0.219
0.802,0.214
0.728,2.278
0.789,1.484
0.775,-0.15
0.636,-0.234
0.422,2.015
0.408,0.931
0.37,-0.435
0.452,-0.209
0.338,-0.457
0.235,-0.485
0.089,2.154
0.071,1.262
0.031,2.224
0.01,-1.454
0.046,-0.011
-0.339,-0.454
-0.327,0.127
-0.321,0.113
-0.423,0.152
-0.633,0.488
-0.528,-0.476
-0.677,-1.069
-0.605,-0.825
-0.607,-0.081
-0.655,1.254
-0.664,-1.452
-0.868,1.075
-0.784,0.94
-0.877,0.652
-1.187,1.322
-1.076,1.438
-1.359,0.789
-1.515,-0.179
-1.552,-0.151
-1.561,0.675
-2.118,1.531
-2.284,-0.44
-2.172,0.331
-2.215,0.425
-2.307,-0.418
-2.473,2.228
-2.483,-0.485
-2.627,-0.262
-2.562,-0.633
-2.705,0.875
-2.817,0.362
-2.726,2.388
-2.732,0.524
-2.839,0.299
-2.853,0.638
-2.901,0.32
-2.791,-1.33
-2.832,-1.277
-2.831,0.745
-3.022,-0.499
-3.135,0.254
2.931,-1.304
2.9,-1.107
2.877,-0.64
2.736,-0.94
2.377,-0.073
2.386,-0.079
2.392,-1.345
2.268,-1.141
2.134,1.083
2.124,-0.015
1.957,1.041
1.192,-1.828
1.058,-1.768
0.937,-1.661
0.459,-1.709
-0.276,-1.917
-0.941,-1.836
-2.419,-1.841
-2.913,-1.879
2.301,-1.791
1.261,2.376
-0.123,2.547
-0.325,2.475
-0.597,2.531
-0.483,2.522
-0.68,2.393
-0.978,2.645
-1.176,2.601
-1.474,2.394
-2.31,2.714
-2.518,2.734
3.079,2.48
2.901,2.738
2.372,2.5
-0.738,-0.822
-1.903,0.125
-2.858,-0.851
-2.843,1.728
-2.49,0.864
-2.643,0.088
2.718,-0.37
2.741,1.625
2.657,0.121
2.616,0.447
2.664,0.636
0.178,1.116
-0.794,-0.281
-1.33,2.011
2.768,-1.278
-2.691,2.086
2.8,2.289
2.414,2.183
2.453,2.336
2.186,2.199
0.479,-1.412
2.747,-1.366
2.832,-1.64
2.644,2.802
2.146,2.545
2.793,2.552
-0.004,-2.696
-0.036,-1.372
-0.053,-1.851
-0.146,-0.981
-0.188,-1.325
-0.12,0.035
-0.151,-3.577
-0.238,-2.368
-0.158,-0.459
-0.252,-1.646
-0.28,-1.211
-0.343,-1.322
-0.404,-3.029
-0.446,-3.235
-0.45,-0.933
-0.481,-0.897
-0.511,-2.745
-0.529,-1.559
-0.525,-2.519
-0.466,-1.127
-0.479,0.091
-0.605,-0.463
-0.6,-2.238
-0.594,-0.705
-0.607,-3.415
-0.718,-3.052
-0.659,-1.247
-0.773,-2.534
-0.758,-1.027
-0.782,-3.666
-0.764,-0.488
-0.824,-0.962
-0.844,-3.102
-0.776,-1.14
-0.796,-1.009
-0.858,-0.947
-0.899,-2.049
-0.943,-1.679
-0.876,-0.582
-0.907,-0.751
-0.99,-1.859
-0.986,-2.34
-1.05,-2.002
-1.057,-3.032
-1.081,-0.64
-1.106,-0.956
-1.121,-3.208
-1.066,-3.423
-1.082,-1.056
-1.225,-1.011
-1.278,-2.671
-1.262,-2.033
-1.35,-1.717
-1.452,-3.168
-1.503,-2.257
-1.511,-2.795
-1.477,-3.152
-1.582,-3.687
-1.593,-2.125
-1.599,-3.089
-1.588,-2.875
-1.568,-2.517
-1.691,-3.261
-1.727,-2.881
-1.734,-3.436
-1.814,0.029
-1.927,-3.703
-2.024,-0.952
-2.103,-1.474
-2.163,0.038
-2.248,-1.47
-2.191,-2.236
-2.213,-2.101
-2.198,-1.977
-2.571,-2.436
-2.629,-2.777
-2.666,-2.864
-2.784,-3.486
-2.864,-1.399
-2.948,-0.29
-2.91,-1.698
-3.03,-3.48
-2.959,-0.41
-3.0,-2.214
3.107,-0.25
3.072,-1.904
3.042,-0.61
2.898,-0.928
2.786,-0.284
2.793,-0.719
2.556,-3.063
2.443,-2.932
2.443,-2.774
2.403,0.036
2.302,-2.452
2.3,-2.085
2.366,-2.309
2.342,-2.781
2.33,-2.366
2.258,-2.849
2.314,-3.489
2.273,-3.674
2.219,-3.166
2.254,-0.934
2.16,-2.134
2.138,-0.367
2.137,-2.988
2.16,-3.711
2.093,-1.136
2.098,-2.901
1.998,-1.266
1.973,-0.258
1.971,-3.187
1.835,-3.865
1.223,-4.026
1.049,-3.879
0.565,-3.89
0.6,-4.058
0.228,-3.805
0.173,-3.892
-0.297,-3.979
-0.381,-4.213
-0.918,-4.083
-1.446,-3.864
-1.85,-3.882
-2.733,-3.897
-2.833,-4.085
2.918,-4.127
2.752,-3.996
2.717,-3.884
1.041,0.338
0.662,0.425
0.44,0.531
0.027,0.493
-0.026,0.531
-0.369,0.468
-0.367,0.596
-1.856,0.396
-1.971,0.598
-2.083,0.248
-2.356,0.281
-2.48,0.466
-2.888,0.362
2.229,0.603
2.143,0.335
-0.429,-3.249
-1.38,-2.229
-1.605,0.157
3.074,-3.258
1.242,-4.134
-0.912,0.249
2.034,-2.249
1.989,-0.633
1.84,-2.7
1.92,-2.23
1.901,-2.027
1.898,-2.678
1.735,-1.025
1.848,-1.872
1.82,-3.286
1.756,-1.185
1.608,-3.041
1.623,-1.187
1.096,-2.296
0.922,-2.436
1.017,-2.299
0.847,-1.974
0.803,-1.979
0.729,0.085
0.79,-0.709
0.776,-2.343
0.637,-2.427
0.423,-0.178
0.409,-1.262
0.371,-2.628
0.453,-2.402
0.339,-2.65
0.236,-2.678
0.09,-0.039
0.072,-0.931
0.032,0.031
0.011,-3.647
0.047,-2.204
-0.338,-2.647
-0.326,-2.066
-0.32,-2.08
-0.422,-2.041
-0.632,-1.705
-0.527,-2.669
-0.676,-3.262
-0.604,-3.018
-0.606,-2.274
-0.654,-0.939
-0.663,-3.645
-0.867,-1.118
-0.783,-1.253
-0.876,-1.541
-1.186,-0.871
-1.075,-0.755
-1.358,-1.404
-1.514,-2.372
-1.551,-2.344
-1.56,-1.518
-2.117,-0.662
-2.283,-2.633
-2.171,-1.862
-2.214,-1.768
-2.306,-2.611
-2.472,0.035
-2.482,-2.678
-2.626,-2.455
-2.561,-2.826
-2.704,-1.318
-2.816,-1.831
-2.725,0.195
-2.731,-1.669
-2.838,-1.894
-2.852,-1.555
-2.9,-1.873
-2.79,-3.523
-2.831,-3.47
-2.83,-1.448
-3.021,-2.692
-3.134,-1.939
2.932,-3.497
2.901,-3.3
2.878,-2.833
2.737,-3.133
2.378,-2.266
2.387,-2.272
2.393,-3.538
2.269,-3.334
2.135,-1.11
2.125,-2.208
1.958,-1.152
1.193,-4.021
1.059,-3.961
0.938,-3.854
0.46,-3.902
-0.275,-4.11
-0.94,-4.029
-2.418,-4.034
-2.912,-4.072
2.302,-3.984
1.262,0.183
-0.122,0.354
-0.324,0.282
-0.596,0.338
-0.482,0.329
-0.679,0.2
-0.977,0.452
-1.175,0.408
-1.473,0.201
-2.309,0.521
-2.517,0.541
3.08,0.287
2.902,0.545
2.373,0.307
-0.737,-3.015
-1.902,-2.068
-2.857,-3.044
-2.842,-0.465
-2.489,-1.329
-2.642,-2.105
2.719,-2.563
2.742,-0.568
2.658,-2.072
2.617,-1.746
2.665,-1.557
0.179,-1.077
-0.793,-2.474
-1.329,-0.182
2.769,-3.471
-2.69,-0.107
2.801,0.096
2.415,-0.01
2.454,0.143
2.187,0.006
0.48,-3.605
2.748,-3.559
2.833,-3.833
2.645,0.609
2.147,0.352
2.794,0.359
-0.032,1.324
-0.049,0.845
-0.142,1.715
-0.184,1.371
-0.116,2.731
-0.147,-0.881
-0.234,0.328
-0.154,2.237
-0.248,1.05
-0.276,1.485
-0.339,1.374
-0.4,-0.333
-0.442,-0.539
-0.446,1.763
-0.477,1.799
-0.507,-0.049
-0.525,1.137
-0.521,0.177
-0.462,1.569
-0.475,2.787
-0.601,2.233
-0.596,0.458
-0.59,1.991
-0.603,-0.719
-0.714,-0.356
-0.655,1.449
-0.769,0.162
-0.754,1.669
-0.778,-0.97
-0.76,2.208
-0.82,1.734
-0.84,-0.406
-0.772,1.556
-0.792,1.687
-0.854,1.749
-0.895,0.647
-0.939,1.017
-0.872,2.114
-0.903,1.945
-0.986,0.837
-0.982,0.356
-1.046,0.694
-1.053,-0.336
-1.077,2.056
-1.102,1.74
-1.117,-0.512
-1.062,-0.727
-1.078,1.64
-1.221,1.685
-1.274,0.025
-1.258,0.663
-1.346,0.979
-1.448,-0.472
-1.499,0.439
-1.507,-0.099
-1.473,-0.456
-1.578,-0.991
-1.589,0.571
-1.595,-0.393
-1.584,-0.179
-1.564,0.179
-1.687,-0.565
-1.723,-0.185
-1.73,-0.74
-1.81,2.725
-1.923,-1.007
-2.02,1.744
-2.099,1.222
-2.159,2.734
-2.244,1.226
-2.187,0.46
-2.209,0.595
-2.194,0.719
-2.567,0.26
-2.625,-0.081
-2.662,-0.168
-2.78,-0.79
-2.86,1.297
-2.944,2.406
-2.906,0.998
-3.026,-0.784
-2.955,2.286
-2.996,0.482
3.111,2.446
3.076,0.792
3.046,2.086
2.902,1.768
2.79,2.412
2.797,1.977
2.56,-0.367
2.447,-0.236
2.447,-0.078
2.407,2.732
2.306,0.244
2.304,0.611
2.37,0.387
2.346,-0.085
2.334,0.33
2.262,-0.153
2.318,-0.793
2.277,-0.978
2.223,-0.47
2.258,1.762
2.164,0.562
2.142,2.329
2.141,-0.292
2.164,-1.015
2.097,1.56
2.102,-0.205
2.002,1.43
1.977,2.438
1.975,-0.491
1.839,-1.169
1.227,-1.33
1.053,-1.183
0.569,-1.194
0.604,-1.362
0.232,-1.109
0.177,-1.196
-0.293,-1.283
-0.377,-1.517
-0.914,-1.387
-1.442,-1.168
-1.846,-1.186
-2.729,-1.201
-2.829,-1.389
2.922,-1.431
2.756,-1.3
2.721,-1.188
1.045,3.034
0.666,3.121
0.444,3.227
0.031,3.189
-0.022,3.227
-0.365,3.164
-0.363,3.292
-1.852,3.092
-1.967,3.294
-2.079,2.944
-2.352,2.977
-2.476,3.162
-2.884,3.058
2.233,3.299
2.147,3.031
-0.425,-0.553
-1.376,0.467
-1.601,2.853
3.078,-0.562
1.246,-1.438
-0.908,2.945
2.038,0.447
1.993,2.063
1.844,-0.004
1.924,0.466
1.905,0.669
1.902,0.018
1.739,1.671
1.852,0.824
1.824,-0.59
1.76,1.511
1.612,-0.345
1.627,1.509
1.1,0.4
0.926,0.26
1.021,0.397
0.851,0.722
0.807,0.717
0.733,2.781
0.794,1.987
0.78,0.353
0.641,0.269
0.427,2.518
0.413,1.434
0.375,0.068
0.457,0.294
0.343,0.046
0.24,0.018
0.094,2.657
0.076,1.765
0.036,2.727
0.015,-0.951
0.051,0.492
-0.334,0.049
-0.322,0.63
-0.316,0.616
-0.418,0.655
-0.628,0.991
-0.523,0.027
-0.672,-0.566
-0.6,-0.322
-0.602,0.422
-0.65,1.757
-0.659,-0.949
-0.863,1.578
-0.779,1.443
-0.872,1.155
-1.182,1.825
-1.071,1.941
-1.354,1.292
-1.51,0.324
-1.547,0.352
-1.556,1.178
-2.113,2.034
-2.279,0.063
-2.167,0.834
-2.21,0.928
-2.302,0.085
-2.468,2.731
-2.478,0.018
-2.622,0.241
-2.557,-0.13
-2.7,1.378
-2.812,0.865
-2.721,2.891
-2.727,1.027
-2.834,0.802
-2.848,1.141
-2.896,0.823
-2.786,-0.827
-2.827,-0.774
-2.826,1.248
-3.017,0.004
-3.13,0.757
2.936,-0.801
2.905,-0.604
2.882,-0.137
2.741,-0.437
2.382,0.43
2.391,0.424
2.397,-0.842
2.273,-0.638
2.139,1.586
2.129,0.488
1.962,1.544
1.197,-1.325
1.063,-1.265
0.942,-1.158
0.464,-1.206
-0.271,-1.414
-0.936,-1.333
-2.414,-1.338
-2.908,-1.376
2.306,-1.288
1.266,2.879
-0.118,3.05
-0.32,2.978
-0.592,3.034
-0.478,3.025
-0.675,2.896
-0.973,3.148
-1.171,3.104
-1.469,2.897
-2.305,3.217
-2.513,3.237
3.084,2.983
2.906,3.241
2.377,3.003
-0.733,-0.319
-1.898,0.628
-2.853,-0.348
-2.838,2.231
-2.485,1.367
-2.638,0.591
2.723,0.133
2.746,2.128
2.662,0.624
2.621,0.95
2.669,1.139
0.183,1.619
-0.789,0.222
-1.325,2.514
2.773,-0.775
-2.686,2.589
2.805,2.792
2.419,2.686
2.458,2.839
2.191,2.702
0.484,-0.909
2.752,-0.863
2.837,-1.137
2.649,3.305
2.151,3.048
2.798,3.055
-0.017,-0.479
-0.11,0.391
-0.152,0.047
-0.084,1.407
-0.115,-2.205
-0.202,-0.996
-0.122,0.913
-0.216,-0.274
-0.244,0.161
-0.307,0.05
-0.368,-1.657
-0.41,-1.863
-0.414,0.439
-0.445,0.475
-0.475,-1.373
-0.493,-0.187
-0.489,-1.147
-0.43,0.245
-0.443,1.463
-0.569,0.909
-0.564,-0.866
-0.558,0.667
-0.571,-2.043
-0.682,-1.68
-0.623,0.125
-0.737,-1.162
-0.722,0.345
-0.746,-2.294
-0.728,0.884
-0.788,0.41
-0.808,-1.73
-0.74,0.232
-0.76,0.363
-0.822,0.425
-0.863,-0.677
-0.907,-0.307
-0.84,0.79
-0.871,0.621
-0.954,-0.487
-0.95,-0.968
-1.014,-0.63
-1.021,-1.66
-1.045,0.732
-1.07,0.416
-1.085,-1.836
-1.03,-2.051
-1.046,0.316
-1.189,0.361
-1.242,-1.299
-1.226,-0.661
-1.314,-0.345
-1.416,-1.796
-1.467,-0.885
-1.475,-1.423
-1.441,-1.78
-1.546,-2.315
-1.557,-0.753
-1.563,-1.717
-1.552,-1.503
-1.532,-1.145
-1.655,-1.889
-1.691,-1.509
-1.698,-2.064
-1.778,1.401
-1.891,-2.331
-1.988,0.42
-2.067,-0.102
-2.127,1.41
-2.212,-0.098
-2.155,-0.864
-2.177,-0.729
-2.162,-0.605
-2.535,-1.064
-2.593,-1.405
-2.63,-1.492
-2.748,-2.114
-2.828,-0.027
-2.912,1.082
-2.874,-0.326
-2.994,-2.108
-2.923,0.962
-2.964,-0.842
-3.14,1.122
3.108,-0.532
3.078,0.762
2.934,0.444
2.822,1.088
2.829,0.653
2.592,-1.691
2.479,-1.56
2.479,-1.402
2.439,1.408
2.338,-1.08
2.336,-0.713
2.402,-0.937
2.378,-1.409
2.366,-0.994
2.294,-1.477
2.35,-2.117
2.309,-2.302
2.255,-1.794
2.29,0.438
2.196,-0.762
2.174,1.005
2.173,-1.616
2.196,-2.339
2.129,0.236
2.134,-1.529
2.034,0.106
2.009,1.114
2.007,-1.815
1.871,-2.493
1.259,-2.654
1.085,-2.507
0.601,-2.518
0.636,-2.686
0.264,-2.433
0.209,-2.52
-0.261,-2.607
-0.345,-2.841
-0.882,-2.711
-1.41,-2.492
-1.814,-2.51
-2.697,-2.525
-2.797,-2.713
2.954,-2.755
2.788,-2.624
2.753,-2.512
1.077,1.71
0.698,1.797
0.476,1.903
0.063,1.865
0.01,1.903
-0.333,1.84
-0.331,1.968
-1.82,1.768
-1.935,1.97
-2.047,1.62
-2.32,1.653
-2.444,1.838
-2.852,1.734
2.265,1.975
2.179,1.707
-0.393,-1.877
-1.344,-0.857
-1.569,1.529
3.11,-1.886
1.278,-2.762
-0.876,1.621
2.07,-0.877
2.025,0.739
1.876,-1.328
1.956,-0.858
1.937,-0.655
1.934,-1.306
1.771,0.347
1.884,-0.5
1.856,-1.914
1.792,0.187
1.644,-1.669
1.659,0.185
1.132,-0.924
0.958,-1.064
1.053,-0.927
0.883,-0.602
0.839,-0.607
0.765,1.457
0.826,0.663
0.812,-0.971
0.673,-1.055
0.459,1.194
0.445,0.11
0.407,-1.256
0.489,-1.03
0.375,-1.278
0.272,-1.306
0.126,1.333
0.108,0.441
0.068,1.403
0.047,-2.275
0.083,-0.832
-0.302,-1.275
-0.29,-0.694
-0.284,-0.708
-0.386,-0.669
-0.596,-0.333
-0.491,-1.297
-0.64,-1.89
-0.568,-1.646
-0.57,-0.902
-0.618,0.433
-0.627,-2.273
-0.831,0.254
-0.747,0.119
-0.84,-0.169
-1.15,0.501
-1.039,0.617
-1.322,-0.032
-1.478,-1.0
-1.515,-0.972
-1.524,-0.146
-2.081,0.71
-2.247,-1.261
-2.135,-0.49
-2.178,-0.396
-2.27,-1.239
-2.436,1.407
-2.446,-1.306
-2.59,-1.083
-2.525,-1.454
-2.668,0.054
-2.78,-0.459
-2.689,1.567
-2.695,-0.297
-2.802,-0.522
-2.816,-0.183
-2.864,-0.501
-2.754,-2.151
-2.795,-2.098
-2.794,-0.076
-2.985,-1.32
-3.098,-0.567
2.968,-2.125
2.937,-1.928
2.914,-1.461
2.773,-1.761
2.414,-0.894
2.423,-0.9
2.429,-2.166
2.305,-1.962
2.171,0.262
2.161,-0.836
1.994,0.22
1.229,-2.649
1.095,-2.589
0.974,-2.482
0.496,-2.53
-0.239,-2.738
-0.904,-2.657
-2.382,-2.662
-2.876,-2.7
2.338,-2.612
1.298,1.555
-0.086,1.726
-0.288,1.654
-0.56,1.71
-0.446,1.701
-0.643,1.572
-0.941,1.824
-1.139,1.78
-1.437,1.573
-2.273,1.893
-2.481,1.913
3.116,1.659
2.938,1.917
2.409,1.679
-0.701,-1.643
-1.866,-0.696
-2.821,-1.672
-2.806,0.907
-2.453,0.043
-2.606,-0.733
2.755,-1.191
2.778,0.804
2.694,-0.7
2.653,-0.374
2.701,-0.185
0.215,0.295
-0.757,-1.102
-1.293,1.19
2.805,-2.099
-2.654,1.265
2.837,1.468
2.451,1.362
2.49,1.515
2.223,1.378
0.516,-2.233
2.784,-2.187
2.869,-2.461
2.681,1.981
2.183,1.724
2.83,1.731
-0.093,0.87
-0.135,0.526
-0.067,1.886
-0.098,-1.726
-0.185,-0.517
-0.105,1.392
-0.199,0.205
-0.227,0.64
-0.29,0.529
-0.351,-1.178
-0.393,-1.384
-0.397,0.918
-0.428,0.954
-0.458,-0.894
-0.476,0.292
-0.472,-0.668
-0.413,0.724
-0.426,1.942
-0.552,1.388
-0.547,-0.387
-0.541,1.146
-0.554,-1.564
-0.665,-1.201
-0.606,0.604
-0.72,-0.683
-0.705,0.824
-0.729,-1.815
-0.711,1.363
-0.771,0.889
-0.791,-1.251
-0.723,0.711
-0.743,0.842
-0.805,0.904
-0.846,-0.198
-0.89,0.172
-0.823,1.269
-0.854,1.1
-0.937,-0.008
-0.933,-0.489
-0.997,-0.151
-1.004,-1.181
-1.028,1.211
-1.053,0.895
-1.068,-1.357
-1.013,-1.572
-1.029,0.795
-1.172,0.84
-1.225,-0.82
-1.209,-0.182
-1.297,0.134
-1.399,-1.317
-1.45,-0.406
-1.458,-0.944
-1.424,-1.301
-1.529,-1.836
-1.54,-0.274
-1.546,-1.238
-1.535,-1.024
-1.515,-0.666
-1.638,-1.41
-1.674,-1.03
-1.681,-1.585
-1.761,1.88
-1.874,-1.852
-1.971,0.899
-2.05,0.377
-2.11,1.889
-2.195,0.381
-2.138,-0.385
-2.16,-0.25
-2.145,-0.126
-2.518,-0.585
-2.576,-0.926
-2.613,-1.013
-2.731,-1.635
-2.811,0.452
-2.895,1.561
-2.857,0.153
-2.977,-1.629
-2.906,1.441
-2.947,-0.363
-3.123,1.601
3.125,-0.053
3.095,1.241
2.951,0.923
2.839,1.567
2.846,1.132
2.609,-1.212
2.496,-1.081
2.496,-0.923
2.456,1.887
2.355,-0.601
2.353,-0.234
2.419,-0.458
2.395,-0.93
2.383,-0.515
2.311,-0.998
2.367,-1.638
2.326,-1.823
2.272,-1.315
2.307,0.917
2.213,-0.283
2.191,1.484
2.19,-1.137
2.213,-1.86
2.146,0.715
2.151,-1.05
2.051,0.585
2.026,1.593
2.024,-1.336
1.888,-2.014
1.276,-2.175
1.102,-2.028
0.618,-2.039
0.653,-2.207
0.281,-1.954
0.226,-2.041
-0.244,-2.128
-0.328,-2.362
-0.865,-2.232
-1.393,-2.013
-1.797,-2.031
-2.68,-2.046
-2.78,-2.234
2.971,-2.276
2.805,-2.145
2.77,-2.033
1.094,2.189
0.715,2.276
0.493,2.382
0.08,2.344
0.027,2.382
-0.316,2.319
-0.314,2.447
-1.803,2.247
-1.918,2.449
-2.03,2.099
-2.303,2.132
-2.427,2.317
-2.835,2.213
2.282,2.454
2.196,2.186
-0.376,-1.398
-1.327,-0.378
-1.552,2.008
3.127,-1.407
1.295,-2.283
-0.859,2.1
2.087,-0.398
2.042,1.218
1.893,-0.849
1.973,-0.379
1.954,-0.176
1.951,-0.827
1.788,0.826
1.901,-0.021
1.873,-1.435
1.809,0.666
1.661,-1.19
1.676,0.664
1.149,-0.445
0.975,-0.585
1.07,-0.448
0.9,-0.123
0.856,-0.128
0.782,1.936
0.843,1.142
0.829,-0.492
0.69,-0.576
0.476,1.673
0.462,0.589
0.424,-0.777
0.506,-0.551
0.392,-0.799
0.289,-0.827
0.143,1.812
0.125,0.92
0.085,1.882
0.064,-1.796
0.1,-0.353
-0.285,-0.796
-0.273,-0.215
-0.267,-0.229
-0.369,-0.19
-0.579,0.146
-0.474,-0.818
-0.623,-1.411
-0.551,-1.167
-0.553,-0.423
-0.601,0.912
-0.61,-1.794
-0.814,0.733
-0.73,0.598
-0.823,0.31
-1.133,0.98
-1.022,1.096
-1.305,0.447
-1.461,-0.521
-1.498,-0.493
-1.507,0.333
-2.064,1.189
-2.23,-0.782
-2.118,-0.011
-2.161,0.083
-2.253,-0.76
-2.419,1.886
-2.429,-0.827
-2.573,-0.604
-2.508,-0.975
-2.651,0.533
-2.763,0.02
-2.672,2.046
-2.678,0.182
-2.785,-0.043
-2.799,0.296
-2.847,-0.022
-2.737,-1.672
-2.778,-1.619
-2.777,0.403
-2.968,-0.841
-3.081,-0.088
2.985,-1.646
2.954,-1.449
2.931,-0.982
2.79,-1.282
2.431,-0.415
2.44,-0.421
2.446,-1.687
2.322,-1.483
2.188,0.741
2.178,-0.357
2.011,0.699
1.246,-2.17
1.112,-2.11
0.991,-2.003
0.513,-2.051
-0.222,-2.259
-0.887,-2.178
-2.365,-2.183
-2.859,-2.221
2.355,-2.133
1.315,2.034
-0.069,2.205
-0.271,2.133
-0.543,2.189
-0.429,2.18
-0.626,2.051
-0.924,2.303
-1.122,2.259
-1.42,2.052
-2.256,2.372
-2.464,2.392
3.133,2.138
2.955,2.396
2.426,2.158
-0.684,-1.164
-1.849,-0.217
-2.804,-1.193
-2.789,1.386
-2.436,0.522
-2.589,-0.254
2.772,-0.712
2.795,1.283
2.711,-0.221
2.67,0.105
2.718,0.294
0.232,0.774
-0.74,-0.623
-1.276,1.669
2.822,-1.62
-2.637,1.744
2.854,1.947
2.468,1.841
2.507,1.994
2.24,1.857
0.533,-1.754
2.801,-1.708
2.886,-1.982
2.698,2.46
2.2,2.203
2.847,2.21
-0.042,-0.344
0.026,1.016
-0.005,-2.596
-0.092,-1.387
-0.012,0.522
-0.106,-0.665
-0.134,-0.23
-0.197,-0.341
-0.258,-2.048
-0.3,-2.254
-0.304,0.048
-0.335,0.084
-0.365,-1.764
-0.383,-0.578
-0.379,-1.538
-0.32,-0.146
-0.333,1.072
-0.459,0.518
-0.454,-1.257
-0.448,0.276
-0.461,-2.434
-0.572,-2.071
-0.513,-0.266
-0.627,-1.553
-0.612,-0.046
-0.636,-2.685
-0.618,0.493
-0.678,0.019
-0.698,-2.121
-0.63,-0.159
-0.65,-0.028
-0.712,0.034
-0.753,-1.068
-0.797,-0.698
-0.73,0.399
-0.761,0.23
-0.844,-0.878
-0.84,-1.359
-0.904,-1.021
-0.911,-2.051
-0.935,0.341
-0.96,0.025
-0.975,-2.227
-0.92,-2.442
-0.936,-0.075
-1.079,-0.03
-1.132,-1.69
-1.116,-1.052
-1.204,-0.736
-1.306,-2.187
-1.357,-1.276
-1.365,-1.814
-1.331,-2.171
-1.436,-2.706
-1.447,-1.144
-1.453,-2.108
-1.442,-1.894
-1.422,-1.536
-1.545,-2.28
-1.581,-1.9
-1.588,-2.455
-1.668,1.01
-1.781,-2.722
-1.878,0.029
-1.957,-0.493
-2.017,1.019
-2.102,-0.489
-2.045,-1.255
-2.067,-1.12
-2.052,-0.996
-2.425,-1.455
-2.483,-1.796
-2.52,-1.883
-2.638,-2.505
-2.718,-0.418
-2.802,0.691
-2.764,-0.717
-2.884,-2.499
-2.813,0.571
-2.854,-1.233
-3.03,0.731
-3.065,-0.923
-3.095,0.371
3.044,0.053
2.932,0.697
2.939,0.262
2.702,-2.082
2.589,-1.951
2.589,-1.793
2.549,1.017
2.448,-1.471
2.446,-1.104
2.512,-1.328
2.488,-1.8
2.476,-1.385
2.404,-1.868
2.46,-2.508
2.419,-2.693
2.365,-2.185
2.4,0.047
2.306,-1.153
2.284,0.614
2.283,-2.007
2.306,-2.73
2.239,-0.155
2.244,-1.92
2.144,-0.285
2.119,0.723
2.117,-2.206
1.981,-2.884
1.369,-3.045
1.195,-2.898
0.711,-2.909
0.746,-3.077
0.374,-2.824
0.319,-2.911
-0.151,-2.998
-0.235,-3.232
-0.772,-3.102
-1.3,-2.883
-1.704,-2.901
-2.587,-2.916
-2.687,-3.104
3.064,-3.146
2.898,-3.015
2.863,-2.903
1.187,1.319
0.808,1.406
0.586,1.512
0.173,1.474
0.12,1.512
-0.223,1.449
-0.221,1.577
-1.71,1.377
-1.825,1.579
-1.937,1.229
-2.21,1.262
-2.334,1.447
-2.742,1.343
2.375,1.584
2.289,1.316
-0.283,-2.268
-1.234,-1.248
-1.459,1.138
-3.063,-2.277
1.388,-3.153
-0.766,1.23
2.18,-1.268
2.135,0.348
1.986,-1.719
2.066,-1.249
2.047,-1.046
2.044,-1.697
1.881,-0.044
1.994,-0.891
1.966,-2.305
1.902,-0.204
1.754,-2.06
1.769,-0.206
1.242,-1.315
1.068,-1.455
1.163,-1.318
0.993,-0.993
0.949,-0.998
0.875,1.066
0.936,0.272
0.922,-1.362
0.783,-1.446
0.569,0.803
0.555,-0.281
0.517,-1.647
0.599,-1.421
0.485,-1.669
0.382,-1.697
0.236,0.942
0.218,0.05
0.178,1.012
0.157,-2.666
0.193,-1.223
-0.192,-1.666
-0.18,-1.085
-0.174,-1.099
-0.276,-1.06
-0.486,-0.724
-0.381,-1.688
-0.53,-2.281
-0.458,-2.037
-0.46,-1.293
-0.508,0.042
-0.517,-2.664
-0.721,-0.137
-0.637,-0.272
-0.73,-0.56
-1.04,0.11
-0.929,0.226
-1.212,-0.423
-1.368,-1.391
-1.405,-1.363
-1.414,-0.537
-1.971,0.319
-2.137,-1.652
-2.025,-0.881
-2.068,-0.787
-2.16,-1.63
-2.326,1.016
-2.336,-1.697
-2.48,-1.474
-2.415,-1.845
-2.558,-0.337
-2.67,-0.85
-2.579,1.176
-2.585,-0.688
-2.692,-0.913
-2.706,-0.574
-2.754,-0.892
-2.644,-2.542
-2.685,-2.489
-2.684,-0.467
-2.875,-1.711
-2.988,-0.958
3.078,-2.516
3.047,-2.319
3.024,-1.852
2.883,-2.152
2.524,-1.285
2.533,-1.291
2.539,-2.557
2.415,-2.353
2.281,-0.129
2.271,-1.227
2.104,-0.171
1.339,-3.04
1.205,-2.98
1.084,-2.873
0.606,-2.921
-0.129,-3.129
-0.794,-3.048
-2.272,-3.053
-2.766,-3.091
2.448,-3.003
1.408,1.164
0.024,1.335
-0.178,1.263
-0.45,1.319
-0.336,1.31
-0.533,1.181
-0.831,1.433
-1.029,1.389
-1.327,1.182
-2.163,1.502
-2.371,1.522
-3.057,1.268
3.048,1.526
2.519,1.288
-0.591,-2.034
-1.756,-1.087
-2.711,-2.063
-2.696,0.516
-2.343,-0.348
-2.496,-1.124
2.865,-1.582
2.888,0.413
2.804,-1.091
2.763,-0.765
2.811,-0.576
0.325,-0.096
-0.647,-1.493
-1.183,0.799
2.915,-2.49
-2.544,0.874
2.947,1.077
2.561,0.971
2.6,1.124
2.333,0.987
0.626,-2.624
2.894,-2.578
2.979,-2.852
2.791,1.59
2.293,1.333
2.94,1.34
0.068,1.36
0.037,-2.252
-0.05,-1.043
0.03,0.866
-0.064,-0.321
-0.092,0.114
-0.155,0.003
-0.216,-1.704
-0.258,-1.91
-0.262,0.392
-0.293,0.428
-0.323,-1.42
-0.341,-0.234
-0.337,-1.194
-0.278,0.198
-0.291,1.416
-0.417,0.862
-0.412,-0.913
-0.406,0.62
-0.419,-2.09
-0.53,-1.727
-0.471,0.078
-0.585,-1.209
-0.57,0.298
-0.594,-2.341
-0.576,0.837
-0.636,0.363
-0.656,-1.777
-0.588,0.185
-0.608,0.316
-0.67,0.378
-0.711,-0.724
-0.755,-0.354
-0.688,0.743
-0.719,0.574
-0.802,-0.534
-0.798,-1.015
-0.862,-0.677
-0.869,-1.707
-0.893,0.685
-0.918,0.369
-0.933,-1.883
-0.878,-2.098
-0.894,0.269
-1.037,0.314
-1.09,-1.346
-1.074,-0.708
-1.162,-0.392
-1.264,-1.843
-1.315,-0.932
-1.323,-1.47
-1.289,-1.827
-1.394,-2.362
-1.405,-0.8
-1.411,-1.764
-1.4,-1.55
-1.38,-1.192
-1.503,-1.936
-1.539,-1.556
-1.546,-2.111
-1.626,1.354
-1.739,-2.378
-1.836,0.373
-1.915,-0.149
-1.975,1.363
-2.06,-0.145
-2.003,-0.911
-2.025,-0.776
-2.01,-0.652
-2.383,-1.111
-2.441,-1.452
-2.478,-1.539
-2.596,-2.161
-2.676,-0.074
-2.76,1.035
-2.722,-0.373
-2.842,-2.155
-2.771,0.915
-2.812,-0.889
-2.988,1.075
-3.023,-0.579
-3.053,0.715
3.086,0.397
2.974,1.041
2.981,0.606
2.744,-1.738
2.631,-1.607
2.631,-1.449
2.591,1.361
2.49,-1.127
2.488,-0.76
2.554,-0.984
2.53,-1.456
2.518,-1.041
2.446,-1.524
2.502,-2.164
2.461,-2.349
2.407,-1.841
2.442,0.391
2.348,-0.809
2.326,0.958
2.325,-1.663
2.348,-2.386
2.281,0.189
2.286,-1.576
2.186,0.059
2.161,1.067
2.159,-1.862
2.023,-2.54
1.411,-2.701
1.237,-2.554
0.753,-2.565
0.788,-2.733
0.416,-2.48
0.361,-2.567
-0.109,-2.654
-0.193,-2.888
-0.73,-2.758
-1.258,-2.539
-1.662,-2.557
-2.545,-2.572
-2.645,-2.76
3.106,-2.802
2.94,-2.671
2.905,-2.559
1.229,1.663
0.85,1.75
0.628,1.856
0.215,1.818
0.162,1.856
-0.181,1.793
-0.179,1.921
-1.668,1.721
-1.783,1.923
-1.895,1.573
-2.168,1.606
-2.292,1.791
-2.7,1.687
2.417,1.928
2.331,1.66
-0.241,-1.924
-1.192,-0.904
-1.417,1.482
-3.021,-1.933
1.43,-2.809
-0.724,1.574
2.222,-0.924
2.177,0.692
2.028,-1.375
2.108,-0.905
2.089,-0.702
2.086,-1.353
1.923,0.3
2.036,-0.547
2.008,-1.961
1.944,0.14
1.796,-1.716
1.811,0.138
1.284,-0.971
1.11,-1.111
1.205,-0.974
1.035,-0.649
0.991,-0.654
0.917,1.41
0.978,0.616
0.964,-1.018
0.825,-1.102
0.611,1.147
0.597,0.063
0.559,-1.303
0.641,-1.077
0.527,-1.325
0.424,-1.353
0.278,1.286
0.26,0.394
0.22,1.356
0.199,-2.322
0.235,-0.879
-0.15,-1.322
-0.138,-0.741
-0.132,-0.755
-0.234,-0.716
-0.444,-0.38
-0.339,-1.344
-0.488,-1.937
-0.416,-1.693
-0.418,-0.949
-0.466,0.386
-0.475,-2.32
-0.679,0.207
-0.595,0.072
-0.688,-0.216
-0.998,0.454
-0.887,0.57
-1.17,-0.079
-1.326,-1.047
-1.363,-1.019
-1.372,-0.193
-1.929,0.663
-2.095,-1.308
-1.983,-0.537
-2.026,-0.443
-2.118,-1.286
-2.284,1.36
-2.294,-1.353
-2.438,-1.13
-2.373,-1.501
-2.516,0.007
-2.628,-0.506
-2.537,1.52
-2.543,-0.344
-2.65,-0.569
-2.664,-0.23
-2.712,-0.548
-2.602,-2.198
-2.643,-2.145
-2.642,-0.123
-2.833,-1.367
-2.946,-0.614
3.12,-2.172
3.089,-1.975
3.066,-1.508
2.925,-1.808
2.566,-0.941
2.575,-0.947
2.581,-2.213
2.457,-2.009
2.323,0.215
2.313,-0.883
2.146,0.173
1.381,-2.696
1.247,-2.636
1.126,-2.529
0.648,-2.577
-0.087,-2.785
-0.752,-2.704
-2.23,-2.709
-2.724,-2.747
2.49,-2.659
1.45,1.508
0.066,1.679
-0.136,1.607
-0.408,1.663
-0.294,1.654
-0.491,1.525
-0.789,1.777
-0.987,1.733
-1.285,1.526
-2.121,1.846
-2.329,1.866
-3.015,1.612
3.09,1.87
2.561,1.632
-0.549,-1.69
-1.714,-0.743
-2.669,-1.719
-2.654,0.86
-2.301,-0.004
-2.454,-0.78
2.907,-1.238
2.93,0.757
2.846,-0.747
2.805,-0.421
2.853,-0.232
0.367,0.248
-0.605,-1.149
-1.141,1.143
2.957,-2.146
-2.502,1.218
2.989,1.421
2.603,1.315
2.642,1.468
2.375,1.331
0.668,-2.28
2.936,-2.234
3.021,-2.508
2.833,1.934
2.335,1.677
2.982,1.684
-0.031,-3.612
-0.118,-2.403
-0.038,-0.494
-0.132,-1.681
-0.16,-1.246
-0.223,-1.357
-0.284,-3.064
-0.326,-3.27
-0.33,-0.968
-0.361,-0.932
-0.391,-2.78
-0.409,-1.594
-0.405,-2.554
-0.346,-1.162
-0.359,0.056
-0.485,-0.498
-0.48,-2.273
-0.474,-0.74
-0.487,-3.45
-0.598,-3.087
-0.539,-1.282
-0.653,-2.569
-0.638,-1.062
-0.662,-3.701
-0.644,-0.523
-0.704,-0.997
-0.724,-3.137
-0.656,-1.175
-0.676,-1.044
-0.738,-0.982
-0.779,-2.084
-0.823,-1.714
-0.756,-0.617
-0.787,-0.786
-0.87,-1.894
-0.866,-2.375
-0.93,-2.037
-0.937,-3.067
-0.961,-0.675
-0.986,-0.991
-1.001,-3.243
-0.946,-3.458
-0.962,-1.091
-1.105,-1.046
-1.158,-2.706
-1.142,-2.068
-1.23,-1.752
-1.332,-3.203
-1.383,-2.292
-1.391,-2.83
-1.357,-3.187
-1.462,-3.722
-1.473,-2.16
-1.479,-3.124
-1.468,-2.91
-1.448,-2.552
-1.571,-3.296
-1.607,-2.916
-1.614,-3.471
-1.694,-0.006
-1.807,-3.738
-1.904,-0.987
-1.983,-1.509
-2.043,0.003
-2.128,-1.505
-2.071,-2.271
-2.093,-2.136
-2.078,-2.012
-2.451,-2.471
-2.509,-2.812
-2.546,-2.899
-2.664,-3.521
-2.744,-1.434
-2.828,-0.325
-2.79,-1.733
-2.91,-3.515
-2.839,-0.445
-2.88,-2.249
-3.056,-0.285
-3.091,-1.939
-3.121,-0.645
3.018,-0.963
2.906,-0.319
2.913,-0.754
2.676,-3.098
2.563,-2.967
2.563,-2.809
2.523,0.001
2.422,-2.487
2.42,-2.12
2.486,-2.344
2.462,-2.816
2.45,-2.401
2.378,-2.884
2.434,-3.524
2.393,-3.709
2.339,-3.201
2.374,-0.969
2.28,-2.169
2.258,-0.402
2.257,-3.023
2.28,-3.746
2.213,-1.171
2.218,-2.936
2.118,-1.301
2.093,-0.293
2.091,-3.222
1.955,-3.9
1.343,-4.061
1.169,-3.914
0.685,-3.925
0.72,-4.093
0.348,-3.84
0.293,-3.927
-0.177,-4.014
-0.261,-4.248
-0.798,-4.118
-1.326,-3.899
-1.73,-3.917
-2.613,-3.932
-2.713,-4.12
3.038,-4.162
2.872,-4.031
2.837,-3.919
1.161,0.303
0.782,0.39
0.56,0.496
0.147,0.458
0.094,0.496
-0.249,0.433
-0.247,0.561
-1.736,0.361
-1.851,0.563
-1.963,0.213
-2.236,0.246
-2.36,0.431
-2.768,0.327
2.349,0.568
2.263,0.3
-0.309,-3.284
-1.26,-2.264
-1.485,0.122
-3.089,-3.293
1.362,-4.169
-0.792,0.214
2.154,-2.284
2.109,-0.668
1.96,-2.735
2.04,-2.265
2.021,-2.062
2.018,-2.713
1.855,-1.06
1.968,-1.907
1.94,-3.321
1.876,-1.22
1.728,-3.076
1.743,-1.222
1.216,-2.331
1.042,-2.471
1.137,-2.334
0.967,-2.009
0.923,-2.014
0.849,0.05
0.91,-0.744
0.896,-2.378
0.757,-2.462
0.543,-0.213
0.529,-1.297
0.491,-2.663
0.573,-2.437
0.459,-2.685
0.356,-2.713
0.21,-0.074
0.192,-0.966
0.152,-0.004
0.131,-3.682
0.167,-2.239
-0.218,-2.682
-0.206,-2.101
-0.2,-2.115
-0.302,-2.076
-0.512,-1.74
-0.407,-2.704
-0.556,-3.297
-0.484,-3.053
-0.486,-2.309
-0.534,-0.974
-0.543,-3.68
-0.747,-1.153
-0.663,-1.288
-0.756,-1.576
-1.066,-0.906
-0.955,-0.79
-1.238,-1.439
-1.394,-2.407
-1.431,-2.379
-1.44,-1.553
-1.997,-0.697
-2.163,-2.668
-2.051,-1.897
-2.094,-1.803
-2.186,-2.646
-2.352,0.0
-2.362,-2.713
-2.506,-2.49
-2.441,-2.861
-2.584,-1.353
-2.696,-1.866
-2.605,0.16
-2.611,-1.704
-2.718,-1.929
-2.732,-1.59
-2.78,-1.908
-2.67,-3.558
-2.711,-3.505
-2.71,-1.483
-2.901,-2.727
-3.014,-1.974
3.052,-3.532
3.021,-3.335
2.998,-2.868
2.857,-3.168
2.498,-2.301
2.507,-2.307
2.513,-3.573
2.389,-3.369
2.255,-1.145
2.245,-2.243
2.078,-1.187
1.313,-4.056
1.179,-3.996
1.058,-3.889
0.58,-3.937
-0.155,-4.145
-0.82,-4.064
-2.298,-4.069
-2.792,-4.107
2.422,-4.019
1.382,0.148
-0.002,0.319
-0.204,0.247
-0.476,0.303
-0.362,0.294
-0.559,0.165
-0.857,0.417
-1.055,0.373
-1.353,0.166
-2.189,0.486
-2.397,0.506
-3.083,0.252
3.022,0.51
2.493,0.272
-0.617,-3.05
-1.782,-2.103
-2.737,-3.079
-2.722,-0.5
-2.369,-1.364
-2.522,-2.14
2.839,-2.598
2.862,-0.603
2.778,-2.107
2.737,-1.781
2.785,-1.592
0.299,-1.112
-0.673,-2.509
-1.209,-0.217
2.889,-3.506
-2.57,-0.142
2.921,0.061
2.535,-0.045
2.574,0.108
2.307,-0.029
0.6,-3.64
2.868,-3.594
2.953,-3.868
2.765,0.574
2.267,0.317
2.914,0.324
-0.087,1.209
-0.007,3.118
-0.101,1.931
-0.129,2.366
-0.192,2.255
-0.253,0.548
-0.295,0.342
-0.299,2.644
-0.33,2.68
-0.36,0.832
-0.378,2.018
-0.374,1.058
-0.315,2.45
-0.328,3.668
-0.454,3.114
-0.449,1.339
-0.443,2.872
-0.456,0.162
-0.567,0.525
-0.508,2.33
-0.622,1.043
-0.607,2.55
-0.631,-0.089
-0.613,3.089
-0.673,2.615
-0.693,0.475
-0.625,2.437
-0.645,2.568
-0.707,2.63
-0.748,1.528
-0.792,1.898
-0.725,2.995
-0.756,2.826
-0.839,1.718
-0.835,1.237
-0.899,1.575
-0.906,0.545
-0.93,2.937
-0.955,2.621
-0.97,0.369
-0.915,0.154
-0.931,2.521
-1.074,2.566
-1.127,0.906
-1.111,1.544
-1.199,1.86
-1.301,0.409
-1.352,1.32
-1.36,0.782
-1.326,0.425
-1.431,-0.11
-1.442,1.452
-1.448,0.488
-1.437,0.702
-1.417,1.06
-1.54,0.316
-1.576,0.696
-1.583,0.141
-1.663,3.606
-1.776,-0.126
-1.873,2.625
-1.952,2.103
-2.012,3.615
-2.097,2.107
-2.04,1.341
-2.062,1.476
-2.047,1.6
-2.42,1.141
-2.478,0.8
-2.515,0.713
-2.633,0.091
-2.713,2.178
-2.797,3.287
-2.759,1.879
-2.879,0.097
-2.808,3.167
-2.849,1.363
-3.025,3.327
-3.06,1.673
-3.09,2.967
3.049,2.649
2.937,3.293
2.944,2.858
2.707,0.514
2.594,0.645
2.594,0.803
2.554,3.613
2.453,1.125
2.451,1.492
2.517,1.268
2.493,0.796
2.481,1.211
2.409,0.728
2.465,0.088
2.424,-0.097
2.37,0.411
2.405,2.643
2.311,1.443
2.289,3.21
2.288,0.589
2.311,-0.134
2.244,2.441
2.249,0.676
2.149,2.311
2.124,3.319
2.122,0.39
1.986,-0.288
1.374,-0.449
1.2,-0.302
0.716,-0.313
0.751,-0.481
0.379,-0.228
0.324,-0.315
-0.146,-0.402
-0.23,-0.636
-0.767,-0.506
-1.295,-0.287
-1.699,-0.305
-2.582,-0.32
-2.682,-0.508
3.069,-0.55
2.903,-0.419
2.868,-0.307
1.192,3.915
0.813,4.002
0.591,4.108
0.178,4.07
0.125,4.108
-0.218,4.045
-0.216,4.173
-1.705,3.973
-1.82,4.175
-1.932,3.825
-2.205,3.858
-2.329,4.043
-2.737,3.939
2.38,4.18
2.294,3.912
-0.278,0.328
-1.229,1.348
-1.454,3.734
-3.058,0.319
1.393,-0.557
-0.761,3.826
2.185,1.328
2.14,2.944
1.991,0.877
2.071,1.347
2.052,1.55
2.049,0.899
1.886,2.552
1.999,1.705
1.971,0.291
1.907,2.392
1.759,0.536
1.774,2.39
1.247,1.281
1.073,1.141
1.168,1.278
0.998,1.603
0.954,1.598
0.88,3.662
0.941,2.868
0.927,1.234
0.788,1.15
0.574,3.399
0.56,2.315
0.522,0.949
0.604,1.175
0.49,0.927
0.387,0.899
0.241,3.538
0.223,2.646
0.183,3.608
0.162,-0.07
0.198,1.373
-0.187,0.93
-0.175,1.511
-0.169,1.497
-0.271,1.536
-0.481,1.872
-0.376,0.908
-0.525,0.315
-0.453,0.559
-0.455,1.303
-0.503,2.638
-0.512,-0.068
-0.716,2.459
-0.632,2.324
-0.725,2.036
-1.035,2.706
-0.924,2.822
-1.207,2.173
-1.363,1.205
-1.4,1.233
-1.409,2.059
-1.966,2.915
-2.132,0.944
-2.02,1.715
-2.063,1.809
-2.155,0.966
-2.321,3.612
-2.331,0.899
-2.475,1.122
-2.41,0.751
-2.553,2.259
-2.665,1.746
-2.574,3.772
-2.58,1.908
-2.687,1.683
-2.701,2.022
-2.749,1.704
-2.639,0.054
-2.68,0.107
-2.679,2.129
-2.87,0.885
-2.983,1.638
3.083,0.08
3.052,0.277
3.029,0.744
2.888,0.444
2.529,1.311
2.538,1.305
2.544,0.039
2.42,0.243
2.286,2.467
2.276,1.369
2.109,2.425
1.344,-0.444
1.21,-0.384
1.089,-0.277
0.611,-0.325
-0.124,-0.533
-0.789,-0.452
-2.267,-0.457
-2.761,-0.495
2.453,-0.407
1.413,3.76
0.029,3.931
-0.173,3.859
-0.445,3.915
-0.331,3.906
-0.528,3.777
-0.826,4.029
-1.024,3.985
-1.322,3.778
-2.158,4.098
-2.366,4.118
-3.052,3.864
3.053,4.122
2.524,3.884
-0.586,0.562
-1.751,1.509
-2.706,0.533
-2.691,3.112
-2.338,2.248
-2.491,1.472
2.87,1.014
2.893,3.009
2.809,1.505
2.768,1.831
2.816,2.02
0.33,2.5
-0.642,1.103
-1.178,3.395
2.92,0.106
-2.539,3.47
2.952,3.673
2.566,3.567
2.605,3.72
2.338,3.583
0.631,-0.028
2.899,0.018
2.984,-0.256
2.796,4.186
2.298,3.929
2.945,3.936
0.08,1.909
-0.014,0.722
-0.042,1.157
-0.105,1.046
-0.166,-0.661
-0.208,-0.867
-0.212,1.435
-0.243,1.471
-0.273,-0.377
-0.291,0.809
-0.287,-0.151
-0.228,1.241
-0.241,2.459
-0.367,1.905
-0.362,0.13
-0.356,1.663
-0.369,-1.047
-0.48,-0.684
-0.421,1.121
-0.535,-0.166
-0.52,1.341
-0.544,-1.298
-0.526,1.88
-0.586,1.406
-0.606,-0.734
-0.538,1.228
-0.558,1.359
-0.62,1.421
-0.661,0.319
-0.705,0.689
-0.638,1.786
-0.669,1.617
-0.752,0.509
-0.748,0.028
-0.812,0.366
-0.819,-0.664
-0.843,1.728
-0.868,1.412
-0.883,-0.84
-0.828,-1.055
-0.844,1.312
-0.987,1.357
-1.04,-0.303
-1.024,0.335
-1.112,0.651
-1.214,-0.8
-1.265,0.111
-1.273,-0.427
-1.239,-0.784
-1.344,-1.319
-1.355,0.243
-1.361,-0.721
-1.35,-0.507
-1.33,-0.149
-1.453,-0.893
-1.489,-0.513
-1.496,-1.068
-1.576,2.397
-1.689,-1.335
-1.786,1.416
-1.865,0.894
-1.925,2.406
-2.01,0.898
-1.953,0.132
-1.975,0.267
-1.96,0.391
-2.333,-0.068
-2.391,-0.409
-2.428,-0.496
-2.546,-1.118
-2.626,0.969
-2.71,2.078
-2.672,0.67
-2.792,-1.112
-2.721,1.958
-2.762,0.154
-2.938,2.118
-2.973,0.464
-3.003,1.758
3.136,1.44
3.024,2.084
3.031,1.649
2.794,-0.695
2.681,-0.564
2.681,-0.406
2.641,2.404
2.54,-0.084
2.538,0.283
2.604,0.059
2.58,-0.413
2.568,0.002
2.496,-0.481
2.552,-1.121
2.511,-1.306
2.457,-0.798
2.492,1.434
2.398,0.234
2.376,2.001
2.375,-0.62
2.398,-1.343
2.331,1.232
2.336,-0.533
2.236,1.102
2.211,2.11
2.209,-0.819
2.073,-1.497
1.461,-1.658
1.287,-1.511
0.803,-1.522
0.838,-1.69
0.466,-1.437
0.411,-1.524
-0.059,-1.611
-0.143,-1.845
-0.68,-1.715
-1.208,-1.496
-1.612,-1.514
-2.495,-1.529
-2.595,-1.717
-3.127,-1.759
2.99,-1.628
2.955,-1.516
1.279,2.706
0.9,2.793
0.678,2.899
0.265,2.861
0.212,2.899
-0.131,2.836
-0.129,2.964
-1.618,2.764
-1.733,2.966
-1.845,2.616
-2.118,2.649
-2.242,2.834
-2.65,2.73
2.467,2.971
2.381,2.703
-0.191,-0.881
-1.142,0.139
-1.367,2.525
-2.971,-0.89
1.48,-1.766
-0.674,2.617
2.272,0.119
2.227,1.735
2.078,-0.332
2.158,0.138
2.139,0.341
2.136,-0.31
1.973,1.343
2.086,0.496
2.058,-0.918
1.994,1.183
1.846,-0.673
1.861,1.181
1.334,0.072
1.16,-0.068
1.255,0.069
1.085,0.394
1.041,0.389
0.967,2.453
1.028,1.659
1.014,0.025
0.875,-0.059
0.661,2.19
0.647,1.106
0.609,-0.26
0.691,-0.034
0.577,-0.282
0.474,-0.31
0.328,2.329
0.31,1.437
0.27,2.399
0.249,-1.279
0.285,0.164
-0.1,-0.279
-0.088,0.302
-0.082,0.288
-0.184,0.327
-0.394,0.663
-0.289,-0.301
-0.438,-0.894
-0.366,-0.65
-0.368,0.094
-0.416,1.429
-0.425,-1.277
-0.629,1.25
-0.545,1.115
-0.638,0.827
-0.948,1.497
-0.837,1.613
-1.12,0.964
-1.276,-0.004
-1.313,0.024
-1.322,0.85
-1.879,1.706
-2.045,-0.265
-1.933,0.506
-1.976,0.6
-2.068,-0.243
-2.234,2.403
-2.244,-0.31
-2.388,-0.087
-2.323,-0.458
-2.466,1.05
-2.578,0.537
-2.487,2.563
-2.493,0.699
-2.6,0.474
-2.614,0.813
-2.662,0.495
-2.552,-1.155
-2.593,-1.102
-2.592,0.92
-2.783,-0.324
-2.896,0.429
-3.113,-1.129
3.139,-0.932
3.116,-0.465
2.975,-0.765
2.616,0.102
2.625,0.096
2.631,-1.17
2.507,-0.966
2.373,1.258
2.363,0.16
2.196,1.216
1.431,-1.653
1.297,-1.593
1.176,-1.486
0.698,-1.534
-0.037,-1.742
-0.702,-1.661
-2.18,-1.666
-2.674,-1.704
2.54,-1.616
1.5,2.551
0.116,2.722
-0.086,2.65
-0.358,2.706
-0.244,2.697
-0.441,2.568
-0.739,2.82
-0.937,2.776
-1.235,2.569
-2.071,2.889
-2.279,2.909
-2.965,2.655
3.14,2.913
2.611,2.675
-0.499,-0.647
-1.664,0.3
-2.619,-0.676
-2.604,1.903
-2.251,1.039
-2.404,0.263
2.957,-0.195
2.98,1.8
2.896,0.296
2.855,0.622
2.903,0.811
0.417,1.291
-0.555,-0.106
-1.091,2.186
3.007,-1.103
-2.452,2.261
3.039,2.464
2.653,2.358
2.692,2.511
2.425,2.374
0.718,-1.237
2.986,-1.191
3.071,-1.465
2.883,2.977
2.385,2.72
3.032,2.727
-0.094,-1.187
-0.122,-0.752
-0.185,-0.863
-0.246,-2.57
-0.288,-2.776
-0.292,-0.474
-0.323,-0.438
-0.353,-2.286
-0.371,-1.1
-0.367,-2.06
-0.308,-0.668
-0.321,0.55
-0.447,-0.004
-0.442,-1.779
-0.436,-0.246
-0.449,-2.956
-0.56,-2.593
-0.501,-0.788
-0.615,-2.075
-0.6,-0.568
-0.624,-3.207
-0.606,-0.029
-0.666,-0.503
-0.686,-2.643
-0.618,-0.681
-0.638,-0.55
-0.7,-0.488
-0.741,-1.59
-0.785,-1.22
-0.718,-0.123
-0.749,-0.292
-0.832,-1.4
-0.828,-1.881
-0.892,-1.543
-0.899,-2.573
-0.923,-0.181
-0.948,-0.497
-0.963,-2.749
-0.908,-2.964
-0.924,-0.597
-1.067,-0.552
-1.12,-2.212
-1.104,-1.574
-1.192,-1.258
-1.294,-2.709
-1.345,-1.798
-1.353,-2.336
-1.319,-2.693
-1.424,-3.228
-1.435,-1.666
-1.441,-2.63
-1.43,-2.416
-1.41,-2.058
-1.533,-2.802
-1.569,-2.422
-1.576,-2.977
-1.656,0.488
-1.769,-3.244
-1.866,-0.493
-1.945,-1.015
-2.005,0.497
-2.09,-1.011
-2.033,-1.777
-2.055,-1.642
-2.04,-1.518
-2.413,-1.977
-2.471,-2.318
-2.508,-2.405
-2.626,-3.027
-2.706,-0.94
-2.79,0.169
-2.752,-1.239
-2.872,-3.021
-2.801,0.049
-2.842,-1.755
-3.018,0.209
-3.053,-1.445
-3.083,-0.151
3.056,-0.469
2.944,0.175
2.951,-0.26
2.714,-2.604
2.601,-2.473
2.601,-2.315
2.561,0.495
2.46,-1.993
2.458,-1.626
2.524,-1.85
2.5,-2.322
2.488,-1.907
2.416,-2.39
2.472,-3.03
2.431,-3.215
2.377,-2.707
2.412,-0.475
2.318,-1.675
2.296,0.092
2.295,-2.529
2.318,-3.252
2.251,-0.677
2.256,-2.442
2.156,-0.807
2.131,0.201
2.129,-2.728
1.993,-3.406
1.381,-3.567
1.207,-3.42
0.723,-3.431
0.758,-3.599
0.386,-3.346
0.331,-3.433
-0.139,-3.52
-0.223,-3.754
-0.76,-3.624
-1.288,-3.405
-1.692,-3.423
-2.575,-3.438
-2.675,-3.626
3.076,-3.668
2.91,-3.537
2.875,-3.425
1.199,0.797
0.82,0.884
0.598,0.99
0.185,0.952
0.132,0.99
-0.211,0.927
-0.209,1.055
-1.698,0.855
-1.813,1.057
-1.925,0.707
-2.198,0.74
-2.322,0.925
-2.73,0.821
2.387,1.062
2.301,0.794
-0.271,-2.79
-1.222,-1.77
-1.447,0.616
-3.051,-2.799
1.4,-3.675
-0.754,0.708
2.192,-1.79
2.147,-0.174
1.998,-2.241
2.078,-1.771
2.059,-1.568
2.056,-2.219
1.893,-0.566
2.006,-1.413
1.978,-2.827
1.914,-0.726
1.766,-2.582
1.781,-0.728
1.254,-1.837
1.08,-1.977
1.175,-1.84
1.005,-1.515
0.961,-1.52
0.887,0.544
0.948,-0.25
0.934,-1.884
0.795,-1.968
0.581,0.281
0.567,-0.803
0.529,-2.169
0.611,-1.943
0.497,-2.191
0.394,-2.219
0.248,0.42
0.23,-0.472
0.19,0.49
0.169,-3.188
0.205,-1.745
-0.18,-2.188
-0.168,-1.607
-0.162,-1.621
-0.264,-1.582
-0.474,-1.246
-0.369,-2.21
-0.518,-2.803
-0.446,-2.559
-0.448,-1.815
-0.496,-0.48
-0.505,-3.186
-0.709,-0.659
-0.625,-0.794
-0.718,-1.082
-1.028,-0.412
-0.917,-0.296
-1.2,-0.945
-1.356,-1.913
-1.393,-1.885
-1.402,-1.059
-1.959,-0.203
-2.125,-2.174
-2.013,-1.403
-2.056,-1.309
-2.148,-2.152
-2.314,0.494
-2.324,-2.219
-2.468,-1.996
-2.403,-2.367
-2.546,-0.859
-2.658,-1.372
-2.567,0.654
-2.573,-1.21
-2.68,-1.435
-2.694,-1.096
-2.742,-1.414
-2.632,-3.064
-2.673,-3.011
-2.672,-0.989
-2.863,-2.233
-2.976,-1.48
3.09,-3.038
3.059,-2.841
3.036,-2.374
2.895,-2.674
2.536,-1.807
2.545,-1.813
2.551,-3.079
2.427,-2.875
2.293,-0.651
2.283,-1.749
2.116,-0.693
1.351,-3.562
1.217,-3.502
1.096,-3.395
0.618,-3.443
-0.117,-3.651
-0.782,-3.57
-2.26,-3.575
-2.754,-3.613
2.46,-3.525
1.42,0.642
0.036,0.813
-0.166,0.741
-0.438,0.797
-0.324,0.788
-0.521,0.659
-0.819,0.911
-1.017,0.867
-1.315,0.66
-2.151,0.98
-2.359,1.0
-3.045,0.746
3.06,1.004
2.531,0.766
-0.579,-2.556
-1.744,-1.609
-2.699,-2.585
-2.684,-0.006
-2.331,-0.87
-2.484,-1.646
2.877,-2.104
2.9,-0.109
2.816,-1.613
2.775,-1.287
2.823,-1.098
0.337,-0.618
-0.635,-2.015
-1.171,0.277
2.927,-3.012
-2.532,0.352
2.959,0.555
2.573,0.449
2.612,0.602
2.345,0.465
0.638,-3.146
2.906,-3.1
2.991,-3.374
2.803,1.068
2.305,0.811
2.952,0.818
-0.028,0.435
-0.091,0.324
-0.152,-1.383
-0.194,-1.589
-0.198,0.713
-0.229,0.749
-0.259,-1.099
-0.277,0.087
-0.273,-0.873
-0.214,0.519
-0.227,1.737
-0.353,1.183
-0.348,-0.592
-0.342,0.941
-0.355,-1.769
-0.466,-1.406
-0.407,0.399
-0.521,-0.888
-0.506,0.619
-0.53,-2.02
-0.512,1.158
-0.572,0.684
-0.592,-1.456
-0.524,0.506
-0.544,0.637
-0.606,0.699
-0.647,-0.403
-0.691,-0.033
-0.624,1.064
-0.655,0.895
-0.738,-0.213
-0.734,-0.694
-0.798,-0.356
-0.805,-1.386
-0.829,1.006
-0.854,0.69
-0.869,-1.562
-0.814,-1.777
-0.83,0.59
-0.973,0.635
-1.026,-1.025
-1.01,-0.387
-1.098,-0.071
-1.2,-1.522
-1.251,-0.611
-1.259,-1.149
-1.225,-1.506
-1.33,-2.041
-1.341,-0.479
-1.347,-1.443
-1.336,-1.229
-1.316,-0.871
-1.439,-1.615
-1.475,-1.235
-1.482,-1.79
-1.562,1.675
-1.675,-2.057
-1.772,0.694
-1.851,0.172
-1.911,1.684
-1.996,0.176
-1.939,-0.59
-1.961,-0.455
-1.946,-0.331
-2.319,-0.79
-2.377,-1.131
-2.414,-1.218
-2.532,-1.84
-2.612,0.247
-2.696,1.356
-2.658,-0.052
-2.778,-1.834
-2.707,1.236
-2.748,-0.568
-2.924,1.396
-2.959,-0.258
-2.989,1.036
-3.133,0.718
3.038,1.362
3.045,0.927
2.808,-1.417
2.695,-1.286
2.695,-1.128
2.655,1.682
2.554,-0.806
2.552,-0.439
2.618,-0.663
2.594,-1.135
2.582,-0.72
2.51,-1.203
2.566,-1.843
2.525,-2.028
2.471,-1.52
2.506,0.712
2.412,-0.488
2.39,1.279
2.389,-1.342
2.412,-2.065
2.345,0.51
2.35,-1.255
2.25,0.38
2.225,1.388
2.223,-1.541
2.087,-2.219
1.475,-2.38
1.301,-2.233
0.817,-2.244
0.852,-2.412
0.48,-2.159
0.425,-2.246
-0.045,-2.333
-0.129,-2.567
-0.666,-2.437
-1.194,-2.218
-1.598,-2.236
-2.481,-2.251
-2.581,-2.439
-3.113,-2.481
3.004,-2.35
2.969,-2.238
1.293,1.984
0.914,2.071
0.692,2.177
0.279,2.139
0.226,2.177
-0.117,2.114
-0.115,2.242
-1.604,2.042
-1.719,2.244
-1.831,1.894
-2.104,1.927
-2.228,2.112
-2.636,2.008
2.481,2.249
2.395,1.981
-0.177,-1.603
-1.128,-0.583
-1.353,1.803
-2.957,-1.612
1.494,-2.488
-0.66,1.895
2.286,-0.603
2.241,1.013
2.092,-1.054
2.172,-0.584
2.153,-0.381
2.15,-1.032
1.987,0.621
2.1,-0.226
2.072,-1.64
2.008,0.461
1.86,-1.395
1.875,0.459
1.348,-0.65
1.174,-0.79
1.269,-0.653
1.099,-0.328
1.055,-0.333
0.981,1.731
1.042,0.937
1.028,-0.697
0.889,-0.781
0.675,1.468
0.661,0.384
0.623,-0.982
0.705,-0.756
0.591,-1.004
0.488,-1.032
0.342,1.607
0.324,0.715
0.284,1.677
0.263,-2.001
0.299,-0.558
-0.086,-1.001
-0.074,-0.42
-0.068,-0.434
-0.17,-0.395
-0.38,-0.059
-0.275,-1.023
-0.424,-1.616
-0.352,-1.372
-0.354,-0.628
-0.402,0.707
-0.411,-1.999
-0.615,0.528
-0.531,0.393
-0.624,0.105
-0.934,0.775
-0.823,0.891
-1.106,0.242
-1.262,-0.726
-1.299,-0.698
-1.308,0.128
-1.865,0.984
-2.031,-0.987
-1.919,-0.216
-1.962,-0.122
-2.054,-0.965
-2.22,1.681
-2.23,-1.032
-2.374,-0.809
-2.309,-1.18
-2.452,0.328
-2.564,-0.185
-2.473,1.841
-2.479,-0.023
-2.586,-0.248
-2.6,0.091
-2.648,-0.227
-2.538,-1.877
-2.579,-1.824
-2.578,0.198
-2.769,-1.046
-2.882,-0.293
-3.099,-1.851
-3.13,-1.654
3.13,-1.187
2.989,-1.487
2.63,-0.62
2.639,-0.626
2.645,-1.892
2.521,-1.688
2.387,0.536
2.377,-0.562
2.21,0.494
1.445,-2.375
1.311,-2.315
1.19,-2.208
0.712,-2.256
-0.023,-2.464
-0.688,-2.383
-2.166,-2.388
-2.66,-2.426
2.554,-2.338
1.514,1.829
0.13,2.0
-0.072,1.928
-0.344,1.984
-0.23,1.975
-0.427,1.846
-0.725,2.098
-0.923,2.054
-1.221,1.847
-2.057,2.167
-2.265,2.187
-2.951,1.933
-3.129,2.191
2.625,1.953
-0.485,-1.369
-1.65,-0.422
-2.605,-1.398
-2.59,1.181
-2.237,0.317
-2.39,-0.459
2.971,-0.917
2.994,1.078
2.91,-0.426
2.869,-0.1
2.917,0.089
0.431,0.569
-0.541,-0.828
-1.077,1.464
3.021,-1.825
-2.438,1.539
3.053,1.742
2.667,1.636
2.706,1.789
2.439,1.652
0.732,-1.959
3.0,-1.913
3.085,-2.187
2.897,2.255
2.399,1.998
3.046,2.005
-0.063,-0.111
-0.124,-1.818
-0.166,-2.024
-0.17,0.278
-0.201,0.314
-0.231,-1.534
-0.249,-0.348
-0.245,-1.308
-0.186,0.084
-0.199,1.302
-0.325,0.748
-0.32,-1.027
-0.314,0.506
-0.327,-2.204
-0.438,-1.841
-0.379,-0.036
-0.493,-1.323
-0.478,0.184
-0.502,-2.455
-0.484,0.723
-0.544,0.249
-0.564,-1.891
-0.496,0.071
-0.516,0.202
-0.578,0.264
-0.619,-0.838
-0.663,-0.468
-0.596,0.629
-0.627,0.46
-0.71,-0.648
-0.706,-1.129
-0.77,-0.791
-0.777,-1.821
-0.801,0.571
-0.826,0.255
-0.841,-1.997
-0.786,-2.212
-0.802,0.155
-0.945,0.2
-0.998,-1.46
-0.982,-0.822
-1.07,-0.506
-1.172,-1.957
-1.223,-1.046
-1.231,-1.584
-1.197,-1.941
-1.302,-2.476
-1.313,-0.914
-1.319,-1.878
-1.308,-1.664
-1.288,-1.306
-1.411,-2.05
-1.447,-1.67
-1.454,-2.225
-1.534,1.24
-1.647,-2.492
-1.744,0.259
-1.823,-0.263
-1.883,1.249
-1.968,-0.259
-1.911,-1.025
-1.933,-0.89
-1.918,-0.766
-2.291,-1.225
-2.349,-1.566
-2.386,-1.653
-2.504,-2.275
-2.584,-0.188
-2.668,0.921
-2.63,-0.487
-2.75,-2.269
-2.679,0.801
-2.72,-1.003
-2.896,0.961
-2.931,-0.693
-2.961,0.601
-3.105,0.283
3.066,0.927
3.073,0.492
2.836,-1.852
2.723,-1.721
2.723,-1.563
2.683,1.247
2.582,-1.241
2.58,-0.874
2.646,-1.098
2.622,-1.57
2.61,-1.155
2.538,-1.638
2.594,-2.278
2.553,-2.463
2.499,-1.955
2.534,0.277
2.44,-0.923
2.418,0.844
2.417,-1.777
2.44,-2.5
2.373,0.075
2.378,-1.69
2.278,-0.055
2.253,0.953
2.251,-1.976
2.115,-2.654
1.503,-2.815
1.329,-2.668
0.845,-2.679
0.88,-2.847
0.508,-2.594
0.453,-2.681
-0.017,-2.768
-0.101,-3.002
-0.638,-2.872
-1.166,-2.653
-1.57,-2.671
-2.453,-2.686
-2.553,-2.874
-3.085,-2.916
3.032,-2.785
2.997,-2.673
1.321,1.549
0.942,1.636
0.72,1.742
0.307,1.704
0.254,1.742
-0.089,1.679
-0.087,1.807
-1.576,1.607
-1.691,1.809
-1.803,1.459
-2.076,1.492
-2.2,1.677
-2.608,1.573
2.509,1.814
2.423,1.546
-0.149,-2.038
-1.1,-1.018
-1.325,1.368
-2.929,-2.047
1.522,-2.923
-0.632,1.46
2.314,-1.038
2.269,0.578
2.12,-1.489
2.2,-1.019
2.181,-0.816
2.178,-1.467
2.015,0.186
2.128,-0.661
2.1,-2.075
2.036,0.026
1.888,-1.83
1.903,0.024
1.376,-1.085
1.202,-1.225
1.297,-1.088
1.127,-0.763
1.083,-0.768
1.009,1.296
1.07,0.502
1.056,-1.132
0.917,-1.216
0.703,1.033
0.689,-0.051
0.651,-1.417
0.733,-1.191
0.619,-1.439
0.516,-1.467
0.37,1.172
0.352,0.28
0.312,1.242
0.291,-2.436
0.327,-0.993
-0.058,-1.436
-0.046,-0.855
-0.04,-0.869
-0.142,-0.83
-0.352,-0.494
-0.247,-1.458
-0.396,-2.051
-0.324,-1.807
-0.326,-1.063
-0.374,0.272
-0.383,-2.434
-0.587,0.093
-0.503,-0.042
-0.596,-0.33
-0.906,0.34
-0.795,0.456
-1.078,-0.193
-1.234,-1.161
-1.271,-1.133
-1.28,-0.307
-1.837,0.549
-2.003,-1.422
-1.891,-0.651
-1.934,-0.557
-2.026,-1.4
-2.192,1.246
-2.202,-1.467
-2.346,-1.244
-2.281,-1.615
-2.424,-0.107
-2.536,-0.62
-2.445,1.406
-2.451,-0.458
-2.558,-0.683
-2.572,-0.344
-2.62,-0.662
-2.51,-2.312
-2.551,-2.259
-2.55,-0.237
-2.741,-1.481
-2.854,-0.728
-3.071,-2.286
-3.102,-2.089
-3.125,-1.622
3.017,-1.922
2.658,-1.055
2.667,-1.061
2.673,-2.327
2.549,-2.123
2.415,0.101
2.405,-0.997
2.238,0.059
1.473,-2.81
1.339,-2.75
1.218,-2.643
0.74,-2.691
0.005,-2.899
-0.66,-2.818
-2.138,-2.823
-2.632,-2.861
2.582,-2.773
1.542,1.394
0.158,1.565
-0.044,1.493
-0.316,1.549
-0.202,1.54
-0.399,1.411
-0.697,1.663
-0.895,1.619
-1.193,1.412
-2.029,1.732
-2.237,1.752
-2.923,1.498
-3.101,1.756
2.653,1.518
-0.457,-1.804
-1.622,-0.857
-2.577,-1.833
-2.562,0.746
-2.209,-0.118
-2.362,-0.894
2.999,-1.352
3.022,0.643
2.938,-0.861
2.897,-0.535
2.945,-0.346
0.459,0.134
-0.513,-1.263
-1.049,1.029
3.049,-2.26
-2.41,1.104
3.081,1.307
2.695,1.201
2.734,1.354
2.467,1.217
0.76,-2.394
3.028,-2.348
3.113,-2.622
2.925,1.82
2.427,1.563
3.074,1.57
-0.061,-1.707
-0.103,-1.913
-0.107,0.389
-0.138,0.425
-0.168,-1.423
-0.186,-0.237
-0.182,-1.197
-0.123,0.195
-0.136,1.413
-0.262,0.859
-0.257,-0.916
-0.251,0.617
-0.264,-2.093
-0.375,-1.73
-0.316,0.075
-0.43,-1.212
-0.415,0.295
-0.439,-2.344
-0.421,0.834
-0.481,0.36
-0.501,-1.78
-0.433,0.182
-0.453,0.313
-0.515,0.375
-0.556,-0.727
-0.6,-0.357
-0.533,0.74
-0.564,0.571
-0.647,-0.537
-0.643,-1.018
-0.707,-0.68
-0.714,-1.71
-0.738,0.682
-0.763,0.366
-0.778,-1.886
-0.723,-2.101
-0.739,0.266
-0.882,0.311
-0.935,-1.349
-0.919,-0.711
-1.007,-0.395
-1.109,-1.846
-1.16,-0.935
-1.168,-1.473
-1.134,-1.83
-1.239,-2.365
-1.25,-0.803
-1.256,-1.767
-1.245,-1.553
-1.225,-1.195
-1.348,-1.939
-1.384,-1.559
-1.391,-2.114
-1.471,1.351
-1.584,-2.381
-1.681,0.37
-1.76,-0.152
-1.82,1.36
-1.905,-0.148
-1.848,-0.914
-1.87,-0.779
-1.855,-0.655
-2.228,-1.114
-2.286,-1.455
-2.323,-1.542
-2.441,-2.164
-2.521,-0.077
-2.605,1.032
-2.567,-0.376
-2.687,-2.158
-2.616,0.912
-2.657,-0.892
-2.833,1.072
-2.868,-0.582
-2.898,0.712
-3.042,0.394
3.129,1.038
3.136,0.603
2.899,-1.741
2.786,-1.61
2.786,-1.452
2.746,1.358
2.645,-1.13
2.643,-0.763
2.709,-0.987
2.685,-1.459
2.673,-1.044
2.601,-1.527
2.657,-2.167
2.616,-2.352
2.562,-1.844
2.597,0.388
2.503,-0.812
2.481,0.955
2.48,-1.666
2.503,-2.389
2.436,0.186
2.441,-1.579
2.341,0.056
2.316,1.064
2.314,-1.865
2.178,-2.543
1.566,-2.704
1.392,-2.557
0.908,-2.568
0.943,-2.736
0.571,-2.483
0.516,-2.57
0.046,-2.657
-0.038,-2.891
-0.575,-2.761
-1.103,-2.542
-1.507,-2.56
-2.39,-2.575
-2.49,-2.763
-3.022,-2.805
3.095,-2.674
3.06,-2.562
1.384,1.66
1.005,1.747
0.783,1.853
0.37,1.815
0.317,1.853
-0.026,1.79
-0.024,1.918
-1.513,1.718
-1.628,1.92
-1.74,1.57
-2.013,1.603
-2.137,1.788
-2.545,1.684
2.572,1.925
2.486,1.657
-0.086,-1.927
-1.037,-0.907
-1.262,1.479
-2.866,-1.936
1.585,-2.812
-0.569,1.571
2.377,-0.927
2.332,0.689
2.183,-1.378
2.263,-0.908
2.244,-0.705
2.241,-1.356
2.078,0.297
2.191,-0.55
2.163,-1.964
2.099,0.137
1.951,-1.719
1.966,0.135
1.439,-0.974
1.265,-1.114
1.36,-0.977
1.19,-0.652
1.146,-0.657
1.072,1.407
1.133,0.613
1.119,-1.021
0.98,-1.105
0.766,1.144
0.752,0.06
0.714,-1.306
0.796,-1.08
0.682,-1.328
0.579,-1.356
0.433,1.283
0.415,0.391
0.375,1.353
0.354,-2.325
0.39,-0.882
0.005,-1.325
0.017,-0.744
0.023,-0.758
-0.079,-0.719
-0.289,-0.383
-0.184,-1.347
-0.333,-1.94
-0.261,-1.696
-0.263,-0.952
-0.311,0.383
-0.32,-2.323
-0.524,0.204
-0.44,0.069
-0.533,-0.219
-0.843,0.451
-0.732,0.567
-1.015,-0.082
-1.171,-1.05
-1.208,-1.022
-1.217,-0.196
-1.774,0.66
-1.94,-1.311
-1.828,-0.54
-1.871,-0.446
-1.963,-1.289
-2.129,1.357
-2.139,-1.356
-2.283,-1.133
-2.218,-1.504
-2.361,0.004
-2.473,-0.509
-2.382,1.517
-2.388,-0.347
-2.495,-0.572
-2.509,-0.233
-2.557,-0.551
-2.447,-2.201
-2.488,-2.148
-2.487,-0.126
-2.678,-1.37
-2.791,-0.617
-3.008,-2.175
-3.039,-1.978
-3.062,-1.511
3.08,-1.811
2.721,-0.944
2.73,-0.95
2.736,-2.216
2.612,-2.012
2.478,0.212
2.468,-0.886
2.301,0.17
1.536,-2.699
1.402,-2.639
1.281,-2.532
0.803,-2.58
0.068,-2.788
-0.597,-2.707
-2.075,-2.712
-2.569,-2.75
2.645,-2.662
1.605,1.505
0.221,1.676
0.019,1.604
-0.253,1.66
-0.139,1.651
-0.336,1.522
-0.634,1.774
-0.832,1.73
-1.13,1.523
-1.966,1.843
-2.174,1.863
-2.86,1.609
-3.038,1.867
2.716,1.629
-0.394,-1.693
-1.559,-0.746
-2.514,-1.722
-2.499,0.857
-2.146,-0.007
-2.299,-0.783
3.062,-1.241
3.085,0.754
3.001,-0.75
2.96,-0.424
3.008,-0.235
0.522,0.245
-0.45,-1.152
-0.986,1.14
3.112,-2.149
-2.347,1.215
-3.139,1.418
2.758,1.312
2.797,1.465
2.53,1.328
0.823,-2.283
3.091,-2.237
-3.107,-2.511
2.988,1.931
2.49,1.674
3.137,1.681
-0.042,-0.206
-0.046,2.096
-0.077,2.132
-0.107,0.284
-0.125,1.47
-0.121,0.51
-0.062,1.902
-0.075,3.12
-0.201,2.566
-0.196,0.791
-0.19,2.324
-0.203,-0.386
-0.314,-0.023
-0.255,1.782
-0.369,0.495
-0.354,2.002
-0.378,-0.637
-0.36,2.541
-0.42,2.067
-0.44,-0.073
-0.372,1.889
-0.392,2.02
-0.454,2.082
-0.495,0.98
-0.539,1.35
-0.472,2.447
-0.503,2.278
-0.586,1.17
-0.582,0.689
-0.646,1.027
-0.653,-0.003
-0.677,2.389
-0.702,2.073
-0.717,-0.179
-0.662,-0.394
-0.678,1.973
-0.821,2.018
-0.874,0.358
-0.858,0.996
-0.946,1.312
-1.048,-0.139
-1.099,0.772
-1.107,0.234
-1.073,-0.123
-1.178,-0.658
-1.189,0.904
-1.195,-0.06
-1.184,0.154
-1.164,0.512
-1.287,-0.232
-1.323,0.148
-1.33,-0.407
-1.41,3.058
-1.523,-0.674
-1.62,2.077
-1.699,1.555
-1.759,3.067
-1.844,1.559
-1.787,0.793
-1.809,0.928
-1.794,1.052
-2.167,0.593
-2.225,0.252
-2.262,0.165
-2.38,-0.457
-2.46,1.63
-2.544,2.739
-2.506,1.331
-2.626,-0.451
-2.555,2.619
-2.596,0.815
-2.772,2.779
-2.807,1.125
-2.837,2.419
-2.981,2.101
-3.093,2.745
-3.086,2.31
2.96,-0.034
2.847,0.097
2.847,0.255
2.807,3.065
2.706,0.577
2.704,0.944
2.77,0.72
2.746,0.248
2.734,0.663
2.662,0.18
2.718,-0.46
2.677,-0.645
2.623,-0.137
2.658,2.095
2.564,0.895
2.542,2.662
2.541,0.041
2.564,-0.682
2.497,1.893
2.502,0.128
2.402,1.763
2.377,2.771
2.375,-0.158
2.239,-0.836
1.627,-0.997
1.453,-0.85
0.969,-0.861
1.004,-1.029
0.632,-0.776
0.577,-0.863
0.107,-0.95
0.023,-1.184
-0.514,-1.054
-1.042,-0.835
-1.446,-0.853
-2.329,-0.868
-2.429,-1.056
-2.961,-1.098
-3.127,-0.967
3.121,-0.855
1.445,3.367
1.066,3.454
0.844,3.56
0.431,3.522
0.378,3.56
0.035,3.497
0.037,3.625
-1.452,3.425
-1.567,3.627
-1.679,3.277
-1.952,3.31
-2.076,3.495
-2.484,3.391
2.633,3.632
2.547,3.364
-0.025,-0.22
-0.976,0.8
-1.201,3.186
-2.805,-0.229
1.646,-1.105
-0.508,3.278
2.438,0.78
2.393,2.396
2.244,0.329
2.324,0.799
2.305,1.002
2.302,0.351
2.139,2.004
2.252,1.157
2.224,-0.257
2.16,1.844
2.012,-0.012
2.027,1.842
1.5,0.733
1.326,0.593
1.421,0.73
1.251,1.055
1.207,1.05
1.133,3.114
1.194,2.32
1.18,0.686
1.041,0.602
0.827,2.851
0.813,1.767
0.775,0.401
0.857,0.627
0.743,0.379
0.64,0.351
0.494,2.99
0.476,2.098
0.436,3.06
0.415,-0.618
0.451,0.825
0.066,0.382
0.078,0.963
0.084,0.949
-0.018,0.988
-0.228,1.324
-0.123,0.36
-0.272,-0.233
-0.2,0.011
-0.202,0.755
-0.25,2.09
-0.259,-0.616
-0.463,1.911
-0.379,1.776
-0.472,1.488
-0.782,2.158
-0.671,2.274
-0.954,1.625
-1.11,0.657
-1.147,0.685
-1.156,1.511
-1.713,2.367
-1.879,0.396
-1.767,1.167
-1.81,1.261
-1.902,0.418
-2.068,3.064
-2.078,0.351
-2.222,0.574
-2.157,0.203
-2.3,1.711
-2.412,1.198
-2.321,3.224
-2.327,1.36
-2.434,1.135
-2.448,1.474
-2.496,1.156
-2.386,-0.494
-2.427,-0.441
-2.426,1.581
-2.617,0.337
-2.73,1.09
-2.947,-0.468
-2.978,-0.271
-3.001,0.196
3.141,-0.104
2.782,0.763
2.791,0.757
2.797,-0.509
2.673,-0.305
2.539,1.919
2.529,0.821
2.362,1.877
1.597,-0.992
1.463,-0.932
1.342,-0.825
0.864,-0.873
0.129,-1.081
-0.536,-1.0
-2.014,-1.005
-2.508,-1.043
2.706,-0.955
1.666,3.212
0.282,3.383
0.08,3.311
-0.192,3.367
-0.078,3.358
-0.275,3.229
-0.573,3.481
-0.771,3.437
-1.069,3.23
-1.905,3.55
-2.113,3.57
-2.799,3.316
-2.977,3.574
2.777,3.336
-0.333,0.014
-1.498,0.961
-2.453,-0.015
-2.438,2.564
-2.085,1.7
-2.238,0.924
3.123,0.466
-3.137,2.461
3.062,0.957
3.021,1.283
3.069,1.472
0.583,1.952
-0.389,0.555
-0.925,2.847
-3.11,-0.442
-2.286,2.922
-3.078,3.125
2.819,3.019
2.858,3.172
2.591,3.035
0.884,-0.576
-3.131,-0.53
-3.046,-0.804
3.049,3.638
2.551,3.381
-3.085,3.388
-0.004,2.302
-0.035,2.338
-0.065,0.49
-0.083,1.676
-0.079,0.716
-0.02,2.108
-0.033,3.326
-0.159,2.772
-0.154,0.997
-0.148,2.53
-0.161,-0.18
-0.272,0.183
-0.213,1.988
-0.327,0.701
-0.312,2.208
-0.336,-0.431
-0.318,2.747
-0.378,2.273
-0.398,0.133
-0.33,2.095
-0.35,2.226
-0.412,2.288
-0.453,1.186
-0.497,1.556
-0.43,2.653
-0.461,2.484
-0.544,1.376
-0.54,0.895
-0.604,1.233
-0.611,0.203
-0.635,2.595
-0.66,2.279
-0.675,0.027
-0.62,-0.188
-0.636,2.179
-0.779,2.224
-0.832,0.564
-0.816,1.202
-0.904,1.518
-1.006,0.067
-1.057,0.978
-1.065,0.44
-1.031,0.083
-1.136,-0.452
-1.147,1.11
-1.153,0.146
-1.142,0.36
-1.122,0.718
-1.245,-0.026
-1.281,0.354
-1.288,-0.201
-1.368,3.264
-1.481,-0.468
-1.578,2.283
-1.657,1.761
-1.717,3.273
-1.802,1.765
-1.745,0.999
-1.767,1.134
-1.752,1.258
-2.125,0.799
-2.183,0.458
-2.22,0.371
-2.338,-0.251
-2.418,1.836
-2.502,2.945
-2.464,1.537
-2.584,-0.245
-2.513,2.825
-2.554,1.021
-2.73,2.985
-2.765,1.331
-2.795,2.625
-2.939,2.307
-3.051,2.951
-3.044,2.516
3.002,0.172
2.889,0.303
2.889,0.461
2.849,3.271
2.748,0.783
2.746,1.15
2.812,0.926
2.788,0.454
2.776,0.869
2.704,0.386
2.76,-0.254
2.719,-0.439
2.665,0.069
2.7,2.301
2.606,1.101
2.584,2.868
2.583,0.247
2.606,-0.476
2.539,2.099
2.544,0.334
2.444,1.969
2.419,2.977
2.417,0.048
2.281,-0.63
1.669,-0.791
1.495,-0.644
1.011,-0.655
1.046,-0.823
0.674,-0.57
0.619,-0.657
0.149,-0.744
0.065,-0.978
-0.472,-0.848
-1.0,-0.629
-1.404,-0.647
-2.287,-0.662
-2.387,-0.85
-2.919,-0.892
-3.085,-0.761
-3.12,-0.649
1.487,3.573
1.108,3.66
0.886,3.766
0.473,3.728
0.42,3.766
0.077,3.703
0.079,3.831
-1.41,3.631
-1.525,3.833
-1.637,3.483
-1.91,3.516
-2.034,3.701
-2.442,3.597
2.675,3.838
2.589,3.57
0.017,-0.014
-0.934,1.006
-1.159,3.392
-2.763,-0.023
1.688,-0.899
-0.466,3.484
2.48,0.986
2.435,2.602
2.286,0.535
2.366,1.005
2.347,1.208
2.344,0.557
2.181,2.21
2.294,1.363
2.266,-0.051
2.202,2.05
2.054,0.194
2.069,2.048
1.542,0.939
1.368,0.799
1.463,0.936
1.293,1.261
1.249,1.256
1.175,3.32
1.236,2.526
1.222,0.892
1.083,0.808
0.869,3.057
0.855,1.973
0.817,0.607
0.899,0.833
0.785,0.585
0.682,0.557
0.536,3.196
0.518,2.304
0.478,3.266
0.457,-0.412
0.493,1.031
0.108,0.588
0.12,1.169
0.126,1.155
0.024,1.194
-0.186,1.53
-0.081,0.566
-0.23,-0.027
-0.158,0.217
-0.16,0.961
-0.208,2.296
-0.217,-0.41
-0.421,2.117
-0.337,1.982
-0.43,1.694
-0.74,2.364
-0.629,2.48
-0.912,1.831
-1.068,0.863
-1.105,0.891
-1.114,1.717
-1.671,2.573
-1.837,0.602
-1.725,1.373
-1.768,1.467
-1.86,0.624
-2.026,3.27
-2.036,0.557
-2.18,0.78
-2.115,0.409
-2.258,1.917
-2.37,1.404
-2.279,3.43
-2.285,1.566
-2.392,1.341
-2.406,1.68
-2.454,1.362
-2.344,-0.288
-2.385,-0.235
-2.384,1.787
-2.575,0.543
-2.688,1.296
-2.905,-0.262
-2.936,-0.065
-2.959,0.402
-3.1,0.102
2.824,0.969
2.833,0.963
2.839,-0.303
2.715,-0.099
2.581,2.125
2.571,1.027
2.404,2.083
1.639,-0.786
1.505,-0.726
1.384,-0.619
0.906,-0.667
0.171,-0.875
-0.494,-0.794
-1.972,-0.799
-2.466,-0.837
2.748,-0.749
1.708,3.418
0.324,3.589
0.122,3.517
-0.15,3.573
-0.036,3.564
-0.233,3.435
-0.531,3.687
-0.729,3.643
-1.027,3.436
-1.863,3.756
-2.071,3.776
-2.757,3.522
-2.935,3.78
2.819,3.542
-0.291,0.22
-1.456,1.167
-2.411,0.191
-2.396,2.77
-2.043,1.906
-2.196,1.13
-3.118,0.672
-3.095,2.667
3.104,1.163
3.063,1.489
3.111,1.678
0.625,2.158
-0.347,0.761
-0.883,3.053
-3.068,-0.236
-2.244,3.128
-3.036,3.331
2.861,3.225
2.9,3.378
2.633,3.241
0.926,-0.37
-3.089,-0.324
-3.004,-0.598
3.091,3.844
2.593,3.587
-3.043,3.594
-0.031,0.036
-0.061,-1.812
-0.079,-0.626
-0.075,-1.586
-0.016,-0.194
-0.029,1.024
-0.155,0.47
-0.15,-1.305
-0.144,0.228
-0.157,-2.482
-0.268,-2.119
-0.209,-0.314
-0.323,-1.601
-0.308,-0.094
-0.332,-2.733
-0.314,0.445
-0.374,-0.029
-0.394,-2.169
-0.326,-0.207
-0.346,-0.076
-0.408,-0.014
-0.449,-1.116
-0.493,-0.746
-0.426,0.351
-0.457,0.182
-0.54,-0.926
-0.536,-1.407
-0.6,-1.069
-0.607,-2.099
-0.631,0.293
-0.656,-0.023
-0.671,-2.275
-0.616,-2.49
-0.632,-0.123
-0.775,-0.078
-0.828,-1.738
-0.812,-1.1
-0.9,-0.784
-1.002,-2.235
-1.053,-1.324
-1.061,-1.862
-1.027,-2.219
-1.132,-2.754
-1.143,-1.192
-1.149,-2.156
-1.138,-1.942
-1.118,-1.584
-1.241,-2.328
-1.277,-1.948
-1.284,-2.503
-1.364,0.962
-1.477,-2.77
-1.574,-0.019
-1.653,-0.541
-1.713,0.971
-1.798,-0.537
-1.741,-1.303
-1.763,-1.168
-1.748,-1.044
-2.121,-1.503
-2.179,-1.844
-2.216,-1.931
-2.334,-2.553
-2.414,-0.466
-2.498,0.643
-2.46,-0.765
-2.58,-2.547
-2.509,0.523
-2.55,-1.281
-2.726,0.683
-2.761,-0.971
-2.791,0.323
-2.935,0.005
-3.047,0.649
-3.04,0.214
3.006,-2.13
2.893,-1.999
2.893,-1.841
2.853,0.969
2.752,-1.519
2.75,-1.152
2.816,-1.376
2.792,-1.848
2.78,-1.433
2.708,-1.916
2.764,-2.556
2.723,-2.741
2.669,-2.233
2.704,-0.001
2.61,-1.201
2.588,0.566
2.587,-2.055
2.61,-2.778
2.543,-0.203
2.548,-1.968
2.448,-0.333
2.423,0.675
2.421,-2.254
2.285,-2.932
1.673,-3.093
1.499,-2.946
1.015,-2.957
1.05,-3.125
0.678,-2.872
0.623,-2.959
0.153,-3.046
0.069,-3.28
-0.468,-3.15
-0.996,-2.931
-1.4,-2.949
-2.283,-2.964
-2.383,-3.152
-2.915,-3.194
-3.081,-3.063
-3.116,-2.951
1.491,1.271
1.112,1.358
0.89,1.464
0.477,1.426
0.424,1.464
0.081,1.401
0.083,1.529
-1.406,1.329
-1.521,1.531
-1.633,1.181
-1.906,1.214
-2.03,1.399
-2.438,1.295
2.679,1.536
2.593,1.268
0.021,-2.316
-0.93,-1.296
-1.155,1.09
-2.759,-2.325
1.692,-3.201
-0.462,1.182
2.484,-1.316
2.439,0.3
2.29,-1.767
2.37,-1.297
2.351,-1.094
2.348,-1.745
2.185,-0.092
2.298,-0.939
2.27,-2.353
2.206,-0.252
2.058,-2.108
2.073,-0.254
1.546,-1.363
1.372,-1.503
1.467,-1.366
1.297,-1.041
1.253,-1.046
1.179,1.018
1.24,0.224
1.226,-1.41
1.087,-1.494
0.873,0.755
0.859,-0.329
0.821,-1.695
0.903,-1.469
0.789,-1.717
0.686,-1.745
0.54,0.894
0.522,0.002
0.482,0.964
0.461,-2.714
0.497,-1.271
0.112,-1.714
0.124,-1.133
0.13,-1.147
0.028,-1.108
-0.182,-0.772
-0.077,-1.736
-0.226,-2.329
-0.154,-2.085
-0.156,-1.341
-0.204,-0.006
-0.213,-2.712
-0.417,-0.185
-0.333,-0.32
-0.426,-0.608
-0.736,0.062
-0.625,0.178
-0.908,-0.471
-1.064,-1.439
-1.101,-1.411
-1.11,-0.585
-1.667,0.271
-1.833,-1.7
-1.721,-0.929
-1.764,-0.835
-1.856,-1.678
-2.022,0.968
-2.032,-1.745
-2.176,-1.522
-2.111,-1.893
-2.254,-0.385
-2.366,-0.898
-2.275,1.128
-2.281,-0.736
-2.388,-0.961
-2.402,-0.622
-2.45,-0.94
-2.34,-2.59
-2.381,-2.537
-2.38,-0.515
-2.571,-1.759
-2.684,-1.006
-2.901,-2.564
-2.932,-2.367
-2.955,-1.9
-3.096,-2.2
2.828,-1.333
2.837,-1.339
2.843,-2.605
2.719,-2.401
2.585,-0.177
2.575,-1.275
2.408,-0.219
1.643,-3.088
1.509,-3.028
1.388,-2.921
0.91,-2.969
0.175,-3.177
-0.49,-3.096
-1.968,-3.101
-2.462,-3.139
2.752,-3.051
1.712,1.116
0.328,1.287
0.126,1.215
-0.146,1.271
-0.032,1.262
-0.229,1.133
-0.527,1.385
-0.725,1.341
-1.023,1.134
-1.859,1.454
-2.067,1.474
-2.753,1.22
-2.931,1.478
2.823,1.24
-0.287,-2.082
-1.452,-1.135
-2.407,-2.111
-2.392,0.468
-2.039,-0.396
-2.192,-1.172
-3.114,-1.63
-3.091,0.365
3.108,-1.139
3.067,-0.813
3.115,-0.624
0.629,-0.144
-0.343,-1.541
-0.879,0.751
-3.064,-2.538
-2.24,0.826
-3.032,1.029
2.865,0.923
2.904,1.076
2.637,0.939
0.93,-2.672
-3.085,-2.626
-3.0,-2.9
3.095,1.542
2.597,1.285
-3.039,1.292
-0.03,-1.848
-0.048,-0.662
-0.044,-1.622
0.015,-0.23
0.002,0.988
-0.124,0.434
-0.119,-1.341
-0.113,0.192
-0.126,-2.518
-0.237,-2.155
-0.178,-0.35
-0.292,-1.637
-0.277,-0.13
-0.301,-2.769
-0.283,0.409
-0.343,-0.065
-0.363,-2.205
-0.295,-0.243
-0.315,-0.112
-0.377,-0.05
-0.418,-1.152
-0.462,-0.782
-0.395,0.315
-0.426,0.146
-0.509,-0.962
-0.505,-1.443
-0.569,-1.105
-0.576,-2.135
-0.6,0.257
-0.625,-0.059
-0.64,-2.311
-0.585,-2.526
-0.601,-0.159
-0.744,-0.114
-0.797,-1.774
-0.781,-1.136
-0.869,-0.82
-0.971,-2.271
-1.022,-1.36
-1.03,-1.898
-0.996,-2.255
-1.101,-2.79
-1.112,-1.228
-1.118,-2.192
-1.107,-1.978
-1.087,-1.62
-1.21,-2.364
-1.246,-1.984
-1.253,-2.539
-1.333,0.926
-1.446,-2.806
-1.543,-0.055
-1.622,-0.577
-1.682,0.935
-1.767,-0.573
-1.71,-1.339
-1.732,-1.204
-1.717,-1.08
-2.09,-1.539
-2.148,-1.88
-2.185,-1.967
-2.303,-2.589
-2.383,-0.502
-2.467,0.607
-2.429,-0.801
-2.549,-2.583
-2.478,0.487
-2.519,-1.317
-2.695,0.647
-2.73,-1.007
-2.76,0.287
-2.904,-0.031
-3.016,0.613
-3.009,0.178
3.037,-2.166
2.924,-2.035
2.924,-1.877
2.884,0.933
2.783,-1.555
2.781,-1.188
2.847,-1.412
2.823,-1.884
2.811,-1.469
2.739,-1.952
2.795,-2.592
2.754,-2.777
2.7,-2.269
2.735,-0.037
2.641,-1.237
2.619,0.53
2.618,-2.091
2.641,-2.814
2.574,-0.239
2.579,-2.004
2.479,-0.369
2.454,0.639
2.452,-2.29
2.316,-2.968
1.704,-3.129
1.53,-2.982
1.046,-2.993
1.081,-3.161
0.709,-2.908
0.654,-2.995
0.184,-3.082
0.1,-3.316
-0.437,-3.186
-0.965,-2.967
-1.369,-2.985
-2.252,-3.0
-2.352,-3.188
-2.884,-3.23
-3.05,-3.099
-3.085,-2.987
1.522,1.235
1.143,1.322
0.921,1.428
0.508,1.39
0.455,1.428
0.112,1.365
0.114,1.493
-1.375,1.293
-1.49,1.495
-1.602,1.145
-1.875,1.178
-1.999,1.363
-2.407,1.259
2.71,1.5
2.624,1.232
0.052,-2.352
-0.899,-1.332
-1.124,1.054
-2.728,-2.361
1.723,-3.237
-0.431,1.146
2.515,-1.352
2.47,0.264
2.321,-1.803
2.401,-1.333
2.382,-1.13
2.379,-1.781
2.216,-0.128
2.329,-0.975
2.301,-2.389
2.237,-0.288
2.089,-2.144
2.104,-0.29
1.577,-1.399
1.403,-1.539
1.498,-1.402
1.328,-1.077
1.284,-1.082
1.21,0.982
1.271,0.188
1.257,-1.446
1.118,-1.53
0.904,0.719
0.89,-0.365
0.852,-1.731
0.934,-1.505
0.82,-1.753
0.717,-1.781
0.571,0.858
0.553,-0.034
0.513,0.928
0.492,-2.75
0.528,-1.307
0.143,-1.75
0.155,-1.169
0.161,-1.183
0.059,-1.144
-0.151,-0.808
-0.046,-1.772
-0.195,-2.365
-0.123,-2.121
-0.125,-1.377
-0.173,-0.042
-0.182,-2.748
-0.386,-0.221
-0.302,-0.356
-0.395,-0.644
-0.705,0.026
-0.594,0.142
-0.877,-0.507
-1.033,-1.475
-1.07,-1.447
-1.079,-0.621
-1.636,0.235
-1.802,-1.736
-1.69,-0.965
-1.733,-0.871
-1.825,-1.714
-1.991,0.932
-2.001,-1.781
-2.145,-1.558
-2.08,-1.929
-2.223,-0.421
-2.335,-0.934
-2.244,1.092
-2.25,-0.772
-2.357,-0.997
-2.371,-0.658
-2.419,-0.976
-2.309,-2.626
-2.35,-2.573
-2.349,-0.551
-2.54,-1.795
-2.653,-1.042
-2.87,-2.6
-2.901,-2.403
-2.924,-1.936
-3.065,-2.236
2.859,-1.369
2.868,-1.375
2.874,-2.641
2.75,-2.437
2.616,-0.213
2.606,-1.311
2.439,-0.255
1.674,-3.124
1.54,-3.064
1.419,-2.957
0.941,-3.005
0.206,-3.213
-0.459,-3.132
-1.937,-3.137
-2.431,-3.175
2.783,-3.087
1.743,1.08
0.359,1.251
0.157,1.179
-0.115,1.235
-0.001,1.226
-0.198,1.097
-0.496,1.349
-0.694,1.305
-0.992,1.098
-1.828,1.418
-2.036,1.438
-2.722,1.184
-2.9,1.442
2.854,1.204
-0.256,-2.118
-1.421,-1.171
-2.376,-2.147
-2.361,0.432
-2.008,-0.432
-2.161,-1.208
-3.083,-1.666
-3.06,0.329
3.139,-1.175
3.098,-0.849
-3.137,-0.66
0.66,-0.18
-0.312,-1.577
-0.848,0.715
-3.033,-2.574
-2.209,0.79
-3.001,0.993
2.896,0.887
2.935,1.04
2.668,0.903
0.961,-2.708
-3.054,-2.662
-2.969,-2.936
3.126,1.506
2.628,1.249
-3.008,1.256
-0.018,1.186
-0.014,0.226
0.045,1.618
0.032,2.836
-0.094,2.282
-0.089,0.507
-0.083,2.04
-0.096,-0.67
-0.207,-0.307
-0.148,1.498
-0.262,0.211
-0.247,1.718
-0.271,-0.921
-0.253,2.257
-0.313,1.783
-0.333,-0.357
-0.265,1.605
-0.285,1.736
-0.347,1.798
-0.388,0.696
-0.432,1.066
-0.365,2.163
-0.396,1.994
-0.479,0.886
-0.475,0.405
-0.539,0.743
-0.546,-0.287
-0.57,2.105
-0.595,1.789
-0.61,-0.463
-0.555,-0.678
-0.571,1.689
-0.714,1.734
-0.767,0.074
-0.751,0.712
-0.839,1.028
-0.941,-0.423
-0.992,0.488
-1.0,-0.05
-0.966,-0.407
-1.071,-0.942
-1.082,0.62
-1.088,-0.344
-1.077,-0.13
-1.057,0.228
-1.18,-0.516
-1.216,-0.136
-1.223,-0.691
-1.303,2.774
-1.416,-0.958
-1.513,1.793
-1.592,1.271
-1.652,2.783
-1.737,1.275
-1.68,0.509
-1.702,0.644
-1.687,0.768
-2.06,0.309
-2.118,-0.032
-2.155,-0.119
-2.273,-0.741
-2.353,1.346
-2.437,2.455
-2.399,1.047
-2.519,-0.735
-2.448,2.335
-2.489,0.531
-2.665,2.495
-2.7,0.841
-2.73,2.135
-2.874,1.817
-2.986,2.461
-2.979,2.026
3.067,-0.318
2.954,-0.187
2.954,-0.029
2.914,2.781
2.813,0.293
2.811,0.66
2.877,0.436
2.853,-0.036
2.841,0.379
2.769,-0.104
2.825,-0.744
2.784,-0.929
2.73,-0.421
2.765,1.811
2.671,0.611
2.649,2.378
2.648,-0.243
2.671,-0.966
2.604,1.609
2.609,-0.156
2.509,1.479
2.484,2.487
2.482,-0.442
2.346,-1.12
1.734,-1.281
1.56,-1.134
1.076,-1.145
1.111,-1.313
0.739,-1.06
0.684,-1.147
0.214,-1.234
0.13,-1.468
-0.407,-1.338
-0.935,-1.119
-1.339,-1.137
-2.222,-1.152
-2.322,-1.34
-2.854,-1.382
-3.02,-1.251
-3.055,-1.139
1.552,3.083
1.173,3.17
0.951,3.276
0.538,3.238
0.485,3.276
0.142,3.213
0.144,3.341
-1.345,3.141
-1.46,3.343
-1.572,2.993
-1.845,3.026
-1.969,3.211
-2.377,3.107
2.74,3.348
2.654,3.08
0.082,-0.504
-0.869,0.516
-1.094,2.902
-2.698,-0.513
1.753,-1.389
-0.401,2.994
2.545,0.496
2.5,2.112
2.351,0.045
2.431,0.515
2.412,0.718
2.409,0.067
2.246,1.72
2.359,0.873
2.331,-0.541
2.267,1.56
2.119,-0.296
2.134,1.558
1.607,0.449
1.433,0.309
1.528,0.446
1.358,0.771
1.314,0.766
1.24,2.83
1.301,2.036
1.287,0.402
1.148,0.318
0.934,2.567
0.92,1.483
0.882,0.117
0.964,0.343
0.85,0.095
0.747,0.067
0.601,2.706
0.583,1.814
0.543,2.776
0.522,-0.902
0.558,0.541
0.173,0.098
0.185,0.679
0.191,0.665
0.089,0.704
-0.121,1.04
-0.016,0.076
-0.165,-0.517
-0.093,-0.273
-0.095,0.471
-0.143,1.806
-0.152,-0.9
-0.356,1.627
-0.272,1.492
-0.365,1.204
-0.675,1.874
-0.564,1.99
-0.847,1.341
-1.003,0.373
-1.04,0.401
-1.049,1.227
-1.606,2.083
-1.772,0.112
-1.66,0.883
-1.703,0.977
-1.795,0.134
-1.961,2.78
-1.971,0.067
-2.115,0.29
-2.05,-0.081
-2.193,1.427
-2.305,0.914
-2.214,2.94
-2.22,1.076
-2.327,0.851
-2.341,1.19
-2.389,0.872
-2.279,-0.778
-2.32,-0.725
-2.319,1.297
-2.51,0.053
-2.623,0.806
-2.84,-0.752
-2.871,-0.555
-2.894,-0.088
-3.035,-0.388
2.889,0.479
2.898,0.473
2.904,-0.793
2.78,-0.589
2.646,1.635
2.636,0.537
2.469,1.593
1.704,-1.276
1.57,-1.216
1.449,-1.109
0.971,-1.157
0.236,-1.365
-0.429,-1.284
-1.907,-1.289
-2.401,-1.327
2.813,-1.239
1.773,2.928
0.389,3.099
0.187,3.027
-0.085,3.083
0.029,3.074
-0.168,2.945
-0.466,3.197
-0.664,3.153
-0.962,2.946
-1.798,3.266
-2.006,3.286
-2.692,3.032
-2.87,3.29
2.884,3.052
-0.226,-0.27
-1.391,0.677
-2.346,-0.299
-2.331,2.28
-1.978,1.416
-2.131,0.64
-3.053,0.182
-3.03,2.177
-3.114,0.673
3.128,0.999
-3.107,1.188
0.69,1.668
-0.282,0.271
-0.818,2.563
-3.003,-0.726
-2.179,2.638
-2.971,2.841
2.926,2.735
2.965,2.888
2.698,2.751
0.991,-0.86
-3.024,-0.814
-2.939,-1.088
-3.127,3.354
2.658,3.097
-2.978,3.104
0.004,-0.96
0.063,0.432
0.05,1.65
-0.076,1.096
-0.071,-0.679
-0.065,0.854
-0.078,-1.856
-0.189,-1.493
-0.13,0.312
-0.244,-0.975
-0.229,0.532
-0.253,-2.107
-0.235,1.071
-0.295,0.597
-0.315,-1.543
-0.247,0.419
-0.267,0.55
-0.329,0.612
-0.37,-0.49
-0.414,-0.12
-0.347,0.977
-0.378,0.808
-0.461,-0.3
-0.457,-0.781
-0.521,-0.443
-0.528,-1.473
-0.552,0.919
-0.577,0.603
-0.592,-1.649
-0.537,-1.864
-0.553,0.503
-0.696,0.548
-0.749,-1.112
-0.733,-0.474
-0.821,-0.158
-0.923,-1.609
-0.974,-0.698
-0.982,-1.236
-0.948,-1.593
-1.053,-2.128
-1.064,-0.566
-1.07,-1.53
-1.059,-1.316
-1.039,-0.958
-1.162,-1.702
-1.198,-1.322
-1.205,-1.877
-1.285,1.588
-1.398,-2.144
-1.495,0.607
-1.574,0.085
-1.634,1.597
-1.719,0.089
-1.662,-0.677
-1.684,-0.542
-1.669,-0.418
-2.042,-0.877
-2.1,-1.218
-2.137,-1.305
-2.255,-1.927
-2.335,0.16
-2.419,1.269
-2.381,-0.139
-2.501,-1.921
-2.43,1.149
-2.471,-0.655
-2.647,1.309
-2.682,-0.345
-2.712,0.949
-2.856,0.631
-2.968,1.275
-2.961,0.84
3.085,-1.504
2.972,-1.373
2.972,-1.215
2.932,1.595
2.831,-0.893
2.829,-0.526
2.895,-0.75
2.871,-1.222
2.859,-0.807
2.787,-1.29
2.843,-1.93
2.802,-2.115
2.748,-1.607
2.783,0.625
2.689,-0.575
2.667,1.192
2.666,-1.429
2.689,-2.152
2.622,0.423
2.627,-1.342
2.527,0.293
2.502,1.301
2.5,-1.628
2.364,-2.306
1.752,-2.467
1.578,-2.32
1.094,-2.331
1.129,-2.499
0.757,-2.246
0.702,-2.333
0.232,-2.42
0.148,-2.654
-0.389,-2.524
-0.917,-2.305
-1.321,-2.323
-2.204,-2.338
-2.304,-2.526
-2.836,-2.568
-3.002,-2.437
-3.037,-2.325
1.57,1.897
1.191,1.984
0.969,2.09
0.556,2.052
0.503,2.09
0.16,2.027
0.162,2.155
-1.327,1.955
-1.442,2.157
-1.554,1.807
-1.827,1.84
-1.951,2.025
-2.359,1.921
2.758,2.162
2.672,1.894
0.1,-1.69
-0.851,-0.67
-1.076,1.716
-2.68,-1.699
1.771,-2.575
-0.383,1.808
2.563,-0.69
2.518,0.926
2.369,-1.141
2.449,-0.671
2.43,-0.468
2.427,-1.119
2.264,0.534
2.377,-0.313
2.349,-1.727
2.285,0.374
2.137,-1.482
2.152,0.372
1.625,-0.737
1.451,-0.877
1.546,-0.74
1.376,-0.415
1.332,-0.42
1.258,1.644
1.319,0.85
1.305,-0.784
1.166,-0.868
0.952,1.381
0.938,0.297
0.9,-1.069
0.982,-0.843
0.868,-1.091
0.765,-1.119
0.619,1.52
0.601,0.628
0.561,1.59
0.54,-2.088
0.576,-0.645
0.191,-1.088
0.203,-0.507
0.209,-0.521
0.107,-0.482
-0.103,-0.146
0.002,-1.11
-0.147,-1.703
-0.075,-1.459
-0.077,-0.715
-0.125,0.62
-0.134,-2.086
-0.338,0.441
-0.254,0.306
-0.347,0.018
-0.657,0.688
-0.546,0.804
-0.829,0.155
-0.985,-0.813
-1.022,-0.785
-1.031,0.041
-1.588,0.897
-1.754,-1.074
-1.642,-0.303
-1.685,-0.209
-1.777,-1.052
-1.943,1.594
-1.953,-1.119
-2.097,-0.896
-2.032,-1.267
-2.175,0.241
-2.287,-0.272
-2.196,1.754
-2.202,-0.11
-2.309,-0.335
-2.323,0.004
-2.371,-0.314
-2.261,-1.964
-2.302,-1.911
-2.301,0.111
-2.492,-1.133
-2.605,-0.38
-2.822,-1.938
-2.853,-1.741
-2.876,-1.274
-3.017,-1.574
2.907,-0.707
2.916,-0.713
2.922,-1.979
2.798,-1.775
2.664,0.449
2.654,-0.649
2.487,0.407
1.722,-2.462
1.588,-2.402
1.467,-2.295
0.989,-2.343
0.254,-2.551
-0.411,-2.47
-1.889,-2.475
-2.383,-2.513
2.831,-2.425
1.791,1.742
0.407,1.913
0.205,1.841
-0.067,1.897
0.047,1.888
-0.15,1.759
-0.448,2.011
-0.646,1.967
-0.944,1.76
-1.78,2.08
-1.988,2.1
-2.674,1.846
-2.852,2.104
2.902,1.866
-0.208,-1.456
-1.373,-0.509
-2.328,-1.485
-2.313,1.094
-1.96,0.23
-2.113,-0.546
-3.035,-1.004
-3.012,0.991
-3.096,-0.513
-3.137,-0.187
-3.089,0.002
0.708,0.482
-0.264,-0.915
-0.8,1.377
-2.985,-1.912
-2.161,1.452
-2.953,1.655
2.944,1.549
2.983,1.702
2.716,1.565
1.009,-2.046
-3.006,-2.0
-2.921,-2.274
-3.109,2.168
2.676,1.911
-2.96,1.918
0.059,1.392
0.046,2.61
-0.08,2.056
-0.075,0.281
-0.069,1.814
-0.082,-0.896
-0.193,-0.533
-0.134,1.272
-0.248,-0.015
-0.233,1.492
-0.257,-1.147
-0.239,2.031
-0.299,1.557
-0.319,-0.583
-0.251,1.379
-0.271,1.51
-0.333,1.572
-0.374,0.47
-0.418,0.84
-0.351,1.937
-0.382,1.768
-0.465,0.66
-0.461,0.179
-0.525,0.517
-0.532,-0.513
-0.556,1.879
-0.581,1.563
-0.596,-0.689
-0.541,-0.904
-0.557,1.463
-0.7,1.508
-0.753,-0.152
-0.737,0.486
-0.825,0.802
-0.927,-0.649
-0.978,0.262
-0.986,-0.276
-0.952,-0.633
-1.057,-1.168
-1.068,0.394
-1.074,-0.57
-1.063,-0.356
-1.043,0.002
-1.166,-0.742
-1.202,-0.362
-1.209,-0.917
-1.289,2.548
-1.402,-1.184
-1.499,1.567
-1.578,1.045
-1.638,2.557
-1.723,1.049
-1.666,0.283
-1.688,0.418
-1.673,0.542
-2.046,0.083
-2.104,-0.258
-2.141,-0.345
-2.259,-0.967
-2.339,1.12
-2.423,2.229
-2.385,0.821
-2.505,-0.961
-2.434,2.109
-2.475,0.305
-2.651,2.269
-2.686,0.615
-2.716,1.909
-2.86,1.591
-2.972,2.235
-2.965,1.8
3.081,-0.544
2.968,-0.413
2.968,-0.255
2.928,2.555
2.827,0.067
2.825,0.434
2.891,0.21
2.867,-0.262
2.855,0.153
2.783,-0.33
2.839,-0.97
2.798,-1.155
2.744,-0.647
2.779,1.585
2.685,0.385
2.663,2.152
2.662,-0.469
2.685,-1.192
2.618,1.383
2.623,-0.382
2.523,1.253
2.498,2.261
2.496,-0.668
2.36,-1.346
1.748,-1.507
1.574,-1.36
1.09,-1.371
1.125,-1.539
0.753,-1.286
0.698,-1.373
0.228,-1.46
0.144,-1.694
-0.393,-1.564
-0.921,-1.345
-1.325,-1.363
-2.208,-1.378
-2.308,-1.566
-2.84,-1.608
-3.006,-1.477
-3.041,-1.365
1.566,2.857
1.187,2.944
0.965,3.05
0.552,3.012
0.499,3.05
0.156,2.987
0.158,3.115
-1.331,2.915
-1.446,3.117
-1.558,2.767
-1.831,2.8
-1.955,2.985
-2.363,2.881
2.754,3.122
2.668,2.854
0.096,-0.73
-0.855,0.29
-1.08,2.676
-2.684,-0.739
1.767,-1.615
-0.387,2.768
2.559,0.27
2.514,1.886
2.365,-0.181
2.445,0.289
2.426,0.492
2.423,-0.159
2.26,1.494
2.373,0.647
2.345,-0.767
2.281,1.334
2.133,-0.522
2.148,1.332
1.621,0.223
1.447,0.083
1.542,0.22
1.372,0.545
1.328,0.54
1.254,2.604
1.315,1.81
1.301,0.176
1.162,0.092
0.948,2.341
0.934,1.257
0.896,-0.109
0.978,0.117
0.864,-0.131
0.761,-0.159
0.615,2.48
0.597,1.588
0.557,2.55
0.536,-1.128
0.572,0.315
0.187,-0.128
0.199,0.453
0.205,0.439
0.103,0.478
-0.107,0.814
-0.002,-0.15
-0.151,-0.743
-0.079,-0.499
-0.081,0.245
-0.129,1.58
-0.138,-1.126
-0.342,1.401
-0.258,1.266
-0.351,0.978
-0.661,1.648
-0.55,1.764
-0.833,1.115
-0.989,0.147
-1.026,0.175
-1.035,1.001
-1.592,1.857
-1.758,-0.114
-1.646,0.657
-1.689,0.751
-1.781,-0.092
-1.947,2.554
-1.957,-0.159
-2.101,0.064
-2.036,-0.307
-2.179,1.201
-2.291,0.688
-2.2,2.714
-2.206,0.85
-2.313,0.625
-2.327,0.964
-2.375,0.646
-2.265,-1.004
-2.306,-0.951
-2.305,1.071
-2.496,-0.173
-2.609,0.58
-2.826,-0.978
-2.857,-0.781
-2.88,-0.314
-3.021,-0.614
2.903,0.253
2.912,0.247
2.918,-1.019
2.794,-0.815
2.66,1.409
2.65,0.311
2.483,1.367
1.718,-1.502
1.584,-1.442
1.463,-1.335
0.985,-1.383
0.25,-1.591
-0.415,-1.51
-1.893,-1.515
-2.387,-1.553
2.827,-1.465
1.787,2.702
0.403,2.873
0.201,2.801
-0.071,2.857
0.043,2.848
-0.154,2.719
-0.452,2.971
-0.65,2.927
-0.948,2.72
-1.784,3.04
-1.992,3.06
-2.678,2.806
-2.856,3.064
2.898,2.826
-0.212,-0.496
-1.377,0.451
-2.332,-0.525
-2.317,2.054
-1.964,1.19
-2.117,0.414
-3.039,-0.044
-3.016,1.951
-3.1,0.447
-3.141,0.773
-3.093,0.962
0.704,1.442
-0.268,0.045
-0.804,2.337
-2.989,-0.952
-2.165,2.412
-2.957,2.615
2.94,2.509
2.979,2.662
2.712,2.525
1.005,-1.086
-3.01,-1.04
-2.925,-1.314
-3.113,3.128
2.672,2.871
-2.964,2.878
-0.013,1.218
-0.139,0.664
-0.134,-1.111
-0.128,0.422
-0.141,-2.288
-0.252,-1.925
-0.193,-0.12
-0.307,-1.407
-0.292,0.1
-0.316,-2.539
-0.298,0.639
-0.358,0.165
-0.378,-1.975
-0.31,-0.013
-0.33,0.118
-0.392,0.18
-0.433,-0.922
-0.477,-0.552
-0.41,0.545
-0.441,0.376
-0.524,-0.732
-0.52,-1.213
-0.584,-0.875
-0.591,-1.905
-0.615,0.487
-0.64,0.171
-0.655,-2.081
-0.6,-2.296
-0.616,0.071
-0.759,0.116
-0.812,-1.544
-0.796,-0.906
-0.884,-0.59
-0.986,-2.041
-1.037,-1.13
-1.045,-1.668
-1.011,-2.025
-1.116,-2.56
-1.127,-0.998
-1.133,-1.962
-1.122,-1.748
-1.102,-1.39
-1.225,-2.134
-1.261,-1.754
-1.268,-2.309
-1.348,1.156
-1.461,-2.576
-1.558,0.175
-1.637,-0.347
-1.697,1.165
-1.782,-0.343
-1.725,-1.109
-1.747,-0.974
-1.732,-0.85
-2.105,-1.309
-2.163,-1.65
-2.2,-1.737
-2.318,-2.359
-2.398,-0.272
-2.482,0.837
-2.444,-0.571
-2.564,-2.353
-2.493,0.717
-2.534,-1.087
-2.71,0.877
-2.745,-0.777
-2.775,0.517
-2.919,0.199
-3.031,0.843
-3.024,0.408
3.022,-1.936
2.909,-1.805
2.909,-1.647
2.869,1.163
2.768,-1.325
2.766,-0.958
2.832,-1.182
2.808,-1.654
2.796,-1.239
2.724,-1.722
2.78,-2.362
2.739,-2.547
2.685,-2.039
2.72,0.193
2.626,-1.007
2.604,0.76
2.603,-1.861
2.626,-2.584
2.559,-0.009
2.564,-1.774
2.464,-0.139
2.439,0.869
2.437,-2.06
2.301,-2.738
1.689,-2.899
1.515,-2.752
1.031,-2.763
1.066,-2.931
0.694,-2.678
0.639,-2.765
0.169,-2.852
0.085,-3.086
-0.452,-2.956
-0.98,-2.737
-1.384,-2.755
-2.267,-2.77
-2.367,-2.958
-2.899,-3.0
-3.065,-2.869
-3.1,-2.757
1.507,1.465
1.128,1.552
0.906,1.658
0.493,1.62
0.44,1.658
0.097,1.595
0.099,1.723
-1.39,1.523
-1.505,1.725
-1.617,1.375
-1.89,1.408
-2.014,1.593
-2.422,1.489
2.695,1.73
2.609,1.462
0.037,-2.122
-0.914,-1.102
-1.139,1.284
-2.743,-2.131
1.708,-3.007
-0.446,1.376
2.5,-1.122
2.455,0.494
2.306,-1.573
2.386,-1.103
2.367,-0.9
2.364,-1.551
2.201,0.102
2.314,-0.745
2.286,-2.159
2.222,-0.058
2.074,-1.914
2.089,-0.06
1.562,-1.169
1.388,-1.309
1.483,-1.172
1.313,-0.847
1.269,-0.852
1.195,1.212
1.256,0.418
1.242,-1.216
1.103,-1.3
0.889,0.949
0.875,-0.135
0.837,-1.501
0.919,-1.275
0.805,-1.523
0.702,-1.551
0.556,1.088
0.538,0.196
0.498,1.158
0.477,-2.52
0.513,-1.077
0.128,-1.52
0.14,-0.939
0.146,-0.953
0.044,-0.914
-0.166,-0.578
-0.061,-1.542
-0.21,-2.135
-0.138,-1.891
-0.14,-1.147
-0.188,0.188
-0.197,-2.518
-0.401,0.009
-0.317,-0.126
-0.41,-0.414
-0.72,0.256
-0.609,0.372
-0.892,-0.277
-1.048,-1.245
-1.085,-1.217
-1.094,-0.391
-1.651,0.465
-1.817,-1.506
-1.705,-0.735
-1.748,-0.641
-1.84,-1.484
-2.006,1.162
-2.016,-1.551
-2.16,-1.328
-2.095,-1.699
-2.238,-0.191
-2.35,-0.704
-2.259,1.322
-2.265,-0.542
-2.372,-0.767
-2.386,-0.428
-2.434,-0.746
-2.324,-2.396
-2.365,-2.343
-2.364,-0.321
-2.555,-1.565
-2.668,-0.812
-2.885,-2.37
-2.916,-2.173
-2.939,-1.706
-3.08,-2.006
2.844,-1.139
2.853,-1.145
2.859,-2.411
2.735,-2.207
2.601,0.017
2.591,-1.081
2.424,-0.025
1.659,-2.894
1.525,-2.834
1.404,-2.727
0.926,-2.775
0.191,-2.983
-0.474,-2.902
-1.952,-2.907
-2.446,-2.945
2.768,-2.857
1.728,1.31
0.344,1.481
0.142,1.409
-0.13,1.465
-0.016,1.456
-0.213,1.327
-0.511,1.579
-0.709,1.535
-1.007,1.328
-1.843,1.648
-2.051,1.668
-2.737,1.414
-2.915,1.672
2.839,1.434
-0.271,-1.888
-1.436,-0.941
-2.391,-1.917
-2.376,0.662
-2.023,-0.202
-2.176,-0.978
-3.098,-1.436
-3.075,0.559
3.124,-0.945
3.083,-0.619
3.131,-0.43
0.645,0.05
-0.327,-1.347
-0.863,0.945
-3.048,-2.344
-2.224,1.02
-3.016,1.223
2.881,1.117
2.92,1.27
2.653,1.133
0.946,-2.478
-3.069,-2.432
-2.984,-2.706
3.111,1.736
2.613,1.479
-3.023,1.486
-0.126,-0.554
-0.121,-2.329
-0.115,-0.796
-0.128,-3.506
-0.239,-3.143
-0.18,-1.338
-0.294,-2.625
-0.279,-1.118
-0.303,-3.757
-0.285,-0.579
-0.345,-1.053
-0.365,-3.193
-0.297,-1.231
-0.317,-1.1
-0.379,-1.038
-0.42,-2.14
-0.464,-1.77
-0.397,-0.673
-0.428,-0.842
-0.511,-1.95
-0.507,-2.431
-0.571,-2.093
-0.578,-3.123
-0.602,-0.731
-0.627,-1.047
-0.642,-3.299
-0.587,-3.514
-0.603,-1.147
-0.746,-1.102
-0.799,-2.762
-0.783,-2.124
-0.871,-1.808
-0.973,-3.259
-1.024,-2.348
-1.032,-2.886
-0.998,-3.243
-1.103,-3.778
-1.114,-2.216
-1.12,-3.18
-1.109,-2.966
-1.089,-2.608
-1.212,-3.352
-1.248,-2.972
-1.255,-3.527
-1.335,-0.062
-1.448,-3.794
-1.545,-1.043
-1.624,-1.565
-1.684,-0.053
-1.769,-1.561
-1.712,-2.327
-1.734,-2.192
-1.719,-2.068
-2.092,-2.527
-2.15,-2.868
-2.187,-2.955
-2.305,-3.577
-2.385,-1.49
-2.469,-0.381
-2.431,-1.789
-2.551,-3.571
-2.48,-0.501
-2.521,-2.305
-2.697,-0.341
-2.732,-1.995
-2.762,-0.701
-2.906,-1.019
-3.018,-0.375
-3.011,-0.81
3.035,-3.154
2.922,-3.023
2.922,-2.865
2.882,-0.055
2.781,-2.543
2.779,-2.176
2.845,-2.4
2.821,-2.872
2.809,-2.457
2.737,-2.94
2.793,-3.58
2.752,-3.765
2.698,-3.257
2.733,-1.025
2.639,-2.225
2.617,-0.458
2.616,-3.079
2.639,-3.802
2.572,-1.227
2.577,-2.992
2.477,-1.357
2.452,-0.349
2.45,-3.278
2.314,-3.956
1.702,-4.117
1.528,-3.97
1.044,-3.981
1.079,-4.149
0.707,-3.896
0.652,-3.983
0.182,-4.07
0.098,-4.304
-0.439,-4.174
-0.967,-3.955
-1.371,-3.973
-2.254,-3.988
-2.354,-4.176
-2.886,-4.218
-3.052,-4.087
-3.087,-3.975
1.52,0.247
1.141,0.334
0.919,0.44
0.506,0.402
0.453,0.44
0.11,0.377
0.112,0.505
-1.377,0.305
-1.492,0.507
-1.604,0.157
-1.877,0.19
-2.001,0.375
-2.409,0.271
2.708,0.512
2.622,0.244
0.05,-3.34
-0.901,-2.32
-1.126,0.066
-2.73,-3.349
1.721,-4.225
-0.433,0.158
2.513,-2.34
2.468,-0.724
2.319,-2.791
2.399,-2.321
2.38,-2.118
2.377,-2.769
2.214,-1.116
2.327,-1.963
2.299,-3.377
2.235,-1.276
2.087,-3.132
2.102,-1.278
1.575,-2.387
1.401,-2.527
1.496,-2.39
1.326,-2.065
1.282,-2.07
1.208,-0.006
1.269,-0.8
1.255,-2.434
1.116,-2.518
0.902,-0.269
0.888,-1.353
0.85,-2.719
0.932,-2.493
0.818,-2.741
0.715,-2.769
0.569,-0.13
0.551,-1.022
0.511,-0.06
0.49,-3.738
0.526,-2.295
0.141,-2.738
0.153,-2.157
0.159,-2.171
0.057,-2.132
-0.153,-1.796
-0.048,-2.76
-0.197,-3.353
-0.125,-3.109
-0.127,-2.365
-0.175,-1.03
-0.184,-3.736
-0.388,-1.209
-0.304,-1.344
-0.397,-1.632
-0.707,-0.962
-0.596,-0.846
-0.879,-1.495
-1.035,-2.463
-1.072,-2.435
-1.081,-1.609
-1.638,-0.753
-1.804,-2.724
-1.692,-1.953
-1.735,-1.859
-1.827,-2.702
-1.993,-0.056
-2.003,-2.769
-2.147,-2.546
-2.082,-2.917
-2.225,-1.409
-2.337,-1.922
-2.246,0.104
-2.252,-1.76
-2.359,-1.985
-2.373,-1.646
-2.421,-1.964
-2.311,-3.614
-2.352,-3.561
-2.351,-1.539
-2.542,-2.783
-2.655,-2.03
-2.872,-3.588
-2.903,-3.391
-2.926,-2.924
-3.067,-3.224
2.857,-2.357
2.866,-2.363
2.872,-3.629
2.748,-3.425
2.614,-1.201
2.604,-2.299
2.437,-1.243
1.672,-4.112
1.538,-4.052
1.417,-3.945
0.939,-3.993
0.204,-4.201
-0.461,-4.12
-1.939,-4.125
-2.433,-4.163
2.781,-4.075
1.741,0.092
0.357,0.263
0.155,0.191
-0.117,0.247
-0.003,0.238
-0.2,0.109
-0.498,0.361
-0.696,0.317
-0.994,0.11
-1.83,0.43
-2.038,0.45
-2.724,0.196
-2.902,0.454
2.852,0.216
-0.258,-3.106
-1.423,-2.159
-2.378,-3.135
-2.363,-0.556
-2.01,-1.42
-2.163,-2.196
-3.085,-2.654
-3.062,-0.659
3.137,-2.163
3.096,-1.837
-3.139,-1.648
0.658,-1.168
-0.314,-2.565
-0.85,-0.273
-3.035,-3.562
-2.211,-0.198
-3.003,0.005
2.894,-0.101
2.933,0.052
2.666,-0.085
0.959,-3.696
-3.056,-3.65
-2.971,-3.924
3.124,0.518
2.626,0.261
-3.01,0.268
0.005,-1.775
0.011,-0.242
-0.002,-2.952
-0.113,-2.589
-0.054,-0.784
-0.168,-2.071
-0.153,-0.564
-0.177,-3.203
-0.159,-0.025
-0.219,-0.499
-0.239,-2.639
-0.171,-0.677
-0.191,-0.546
-0.253,-0.484
-0.294,-1.586
-0.338,-1.216
-0.271,-0.119
-0.302,-0.288
-0.385,-1.396
-0.381,-1.877
-0.445,-1.539
-0.452,-2.569
-0.476,-0.177
-0.501,-0.493
-0.516,-2.745
-0.461,-2.96
-0.477,-0.593
-0.62,-0.548
-0.673,-2.208
-0.657,-1.57
-0.745,-1.254
-0.847,-2.705
-0.898,-1.794
-0.906,-2.332
-0.872,-2.689
-0.977,-3.224
-0.988,-1.662
-0.994,-2.626
-0.983,-2.412
-0.963,-2.054
-1.086,-2.798
-1.122,-2.418
-1.129,-2.973
-1.209,0.492
-1.322,-3.24
-1.419,-0.489
-1.498,-1.011
-1.558,0.501
-1.643,-1.007
-1.586,-1.773
-1.608,-1.638
-1.593,-1.514
-1.966,-1.973
-2.024,-2.314
-2.061,-2.401
-2.179,-3.023
-2.259,-0.936
-2.343,0.173
-2.305,-1.235
-2.425,-3.017
-2.354,0.053
-2.395,-1.751
-2.571,0.213
-2.606,-1.441
-2.636,-0.147
-2.78,-0.465
-2.892,0.179
-2.885,-0.256
-3.122,-2.6
3.048,-2.469
3.048,-2.311
3.008,0.499
2.907,-1.989
2.905,-1.622
2.971,-1.846
2.947,-2.318
2.935,-1.903
2.863,-2.386
2.919,-3.026
2.878,-3.211
2.824,-2.703
2.859,-0.471
2.765,-1.671
2.743,0.096
2.742,-2.525
2.765,-3.248
2.698,-0.673
2.703,-2.438
2.603,-0.803
2.578,0.205
2.576,-2.724
2.44,-3.402
1.828,-3.563
1.654,-3.416
1.17,-3.427
1.205,-3.595
0.833,-3.342
0.778,-3.429
0.308,-3.516
0.224,-3.75
-0.313,-3.62
-0.841,-3.401
-1.245,-3.419
-2.128,-3.434
-2.228,-3.622
-2.76,-3.664
-2.926,-3.533
-2.961,-3.421
1.646,0.801
1.267,0.888
1.045,0.994
0.632,0.956
0.579,0.994
0.236,0.931
0.238,1.059
-1.251,0.859
-1.366,1.061
-1.478,0.711
-1.751,0.744
-1.875,0.929
-2.283,0.825
2.834,1.066
2.748,0.798
0.176,-2.786
-0.775,-1.766
-1.0,0.62
-2.604,-2.795
1.847,-3.671
-0.307,0.712
2.639,-1.786
2.594,-0.17
2.445,-2.237
2.525,-1.767
2.506,-1.564
2.503,-2.215
2.34,-0.562
2.453,-1.409
2.425,-2.823
2.361,-0.722
2.213,-2.578
2.228,-0.724
1.701,-1.833
1.527,-1.973
1.622,-1.836
1.452,-1.511
1.408,-1.516
1.334,0.548
1.395,-0.246
1.381,-1.88
1.242,-1.964
1.028,0.285
1.014,-0.799
0.976,-2.165
1.058,-1.939
0.944,-2.187
0.841,-2.215
0.695,0.424
0.677,-0.468
0.637,0.494
0.616,-3.184
0.652,-1.741
0.267,-2.184
0.279,-1.603
0.285,-1.617
0.183,-1.578
-0.027,-1.242
0.078,-2.206
-0.071,-2.799
0.001,-2.555
-0.001,-1.811
-0.049,-0.476
-0.058,-3.182
-0.262,-0.655
-0.178,-0.79
-0.271,-1.078
-0.581,-0.408
-0.47,-0.292
-0.753,-0.941
-0.909,-1.909
-0.946,-1.881
-0.955,-1.055
-1.512,-0.199
-1.678,-2.17
-1.566,-1.399
-1.609,-1.305
-1.701,-2.148
-1.867,0.498
-1.877,-2.215
-2.021,-1.992
-1.956,-2.363
-2.099,-0.855
-2.211,-1.368
-2.12,0.658
-2.126,-1.206
-2.233,-1.431
-2.247,-1.092
-2.295,-1.41
-2.185,-3.06
-2.226,-3.007
-2.225,-0.985
-2.416,-2.229
-2.529,-1.476
-2.746,-3.034
-2.777,-2.837
-2.8,-2.37
-2.941,-2.67
2.983,-1.803
2.992,-1.809
2.998,-3.075
2.874,-2.871
2.74,-0.647
2.73,-1.745
2.563,-0.689
1.798,-3.558
1.664,-3.498
1.543,-3.391
1.065,-3.439
0.33,-3.647
-0.335,-3.566
-1.813,-3.571
-2.307,-3.609
2.907,-3.521
1.867,0.646
0.483,0.817
0.281,0.745
0.009,0.801
0.123,0.792
-0.074,0.663
-0.372,0.915
-0.57,0.871
-0.868,0.664
-1.704,0.984
-1.912,1.004
-2.598,0.75
-2.776,1.008
2.978,0.77
-0.132,-2.552
-1.297,-1.605
-2.252,-2.581
-2.237,-0.002
-1.884,-0.866
-2.037,-1.642
-2.959,-2.1
-2.936,-0.105
-3.02,-1.609
-3.061,-1.283
-3.013,-1.094
0.784,-0.614
-0.188,-2.011
-0.724,0.281
-2.909,-3.008
-2.085,0.356
-2.877,0.559
3.02,0.453
3.059,0.606
2.792,0.469
1.085,-3.142
-2.93,-3.096
-2.845,-3.37
-3.033,1.072
2.752,0.815
-2.884,0.822
0.006,1.533
-0.007,-1.177
-0.118,-0.814
-0.059,0.991
-0.173,-0.296
-0.158,1.211
-0.182,-1.428
-0.164,1.75
-0.224,1.276
-0.244,-0.864
-0.176,1.098
-0.196,1.229
-0.258,1.291
-0.299,0.189
-0.343,0.559
-0.276,1.656
-0.307,1.487
-0.39,0.379
-0.386,-0.102
-0.45,0.236
-0.457,-0.794
-0.481,1.598
-0.506,1.282
-0.521,-0.97
-0.466,-1.185
-0.482,1.182
-0.625,1.227
-0.678,-0.433
-0.662,0.205
-0.75,0.521
-0.852,-0.93
-0.903,-0.019
-0.911,-0.557
-0.877,-0.914
-0.982,-1.449
-0.993,0.113
-0.999,-0.851
-0.988,-0.637
-0.968,-0.279
-1.091,-1.023
-1.127,-0.643
-1.134,-1.198
-1.214,2.267
-1.327,-1.465
-1.424,1.286
-1.503,0.764
-1.563,2.276
-1.648,0.768
-1.591,0.002
-1.613,0.137
-1.598,0.261
-1.971,-0.198
-2.029,-0.539
-2.066,-0.626
-2.184,-1.248
-2.264,0.839
-2.348,1.948
-2.31,0.54
-2.43,-1.242
-2.359,1.828
-2.4,0.024
-2.576,1.988
-2.611,0.334
-2.641,1.628
-2.785,1.31
-2.897,1.954
-2.89,1.519
-3.127,-0.825
3.043,-0.694
3.043,-0.536
3.003,2.274
2.902,-0.214
2.9,0.153
2.966,-0.071
2.942,-0.543
2.93,-0.128
2.858,-0.611
2.914,-1.251
2.873,-1.436
2.819,-0.928
2.854,1.304
2.76,0.104
2.738,1.871
2.737,-0.75
2.76,-1.473
2.693,1.102
2.698,-0.663
2.598,0.972
2.573,1.98
2.571,-0.949
2.435,-1.627
1.823,-1.788
1.649,-1.641
1.165,-1.652
1.2,-1.82
0.828,-1.567
0.773,-1.654
0.303,-1.741
0.219,-1.975
-0.318,-1.845
-0.846,-1.626
-1.25,-1.644
-2.133,-1.659
-2.233,-1.847
-2.765,-1.889
-2.931,-1.758
-2.966,-1.646
1.641,2.576
1.262,2.663
1.04,2.769
0.627,2.731
0.574,2.769
0.231,2.706
0.233,2.834
-1.256,2.634
-1.371,2.836
-1.483,2.486
-1.756,2.519
-1.88,2.704
-2.288,2.6
2.829,2.841
2.743,2.573
0.171,-1.011
-0.78,0.009
-1.005,2.395
-2.609,-1.02
1.842,-1.896
-0.312,2.487
2.634,-0.011
2.589,1.605
2.44,-0.462
2.52,0.008
2.501,0.211
2.498,-0.44
2.335,1.213
2.448,0.366
2.42,-1.048
2.356,1.053
2.208,-0.803
2.223,1.051
1.696,-0.058
1.522,-0.198
1.617,-0.061
1.447,0.264
1.403,0.259
1.329,2.323
1.39,1.529
1.376,-0.105
1.237,-0.189
1.023,2.06
1.009,0.976
0.971,-0.39
1.053,-0.164
0.939,-0.412
0.836,-0.44
0.69,2.199
0.672,1.307
0.632,2.269
0.611,-1.409
0.647,0.034
0.262,-0.409
0.274,0.172
0.28,0.158
0.178,0.197
-0.032,0.533
0.073,-0.431
-0.076,-1.024
-0.004,-0.78
-0.006,-0.036
-0.054,1.299
-0.063,-1.407
-0.267,1.12
-0.183,0.985
-0.276,0.697
-0.586,1.367
-0.475,1.483
-0.758,0.834
-0.914,-0.134
-0.951,-0.106
-0.96,0.72
-1.517,1.576
-1.683,-0.395
-1.571,0.376
-1.614,0.47
-1.706,-0.373
-1.872,2.273
-1.882,-0.44
-2.026,-0.217
-1.961,-0.588
-2.104,0.92
-2.216,0.407
-2.125,2.433
-2.131,0.569
-2.238,0.344
-2.252,0.683
-2.3,0.365
-2.19,-1.285
-2.231,-1.232
-2.23,0.79
-2.421,-0.454
-2.534,0.299
-2.751,-1.259
-2.782,-1.062
-2.805,-0.595
-2.946,-0.895
2.978,-0.028
2.987,-0.034
2.993,-1.3
2.869,-1.096
2.735,1.128
2.725,0.03
2.558,1.086
1.793,-1.783
1.659,-1.723
1.538,-1.616
1.06,-1.664
0.325,-1.872
-0.34,-1.791
-1.818,-1.796
-2.312,-1.834
2.902,-1.746
1.862,2.421
0.478,2.592
0.276,2.52
0.004,2.576
0.118,2.567
-0.079,2.438
-0.377,2.69
-0.575,2.646
-0.873,2.439
-1.709,2.759
-1.917,2.779
-2.603,2.525
-2.781,2.783
2.973,2.545
-0.137,-0.777
-1.302,0.17
-2.257,-0.806
-2.242,1.773
-1.889,0.909
-2.042,0.133
-2.964,-0.325
-2.941,1.67
-3.025,0.166
-3.066,0.492
-3.018,0.681
0.779,1.161
-0.193,-0.236
-0.729,2.056
-2.914,-1.233
-2.09,2.131
-2.882,2.334
3.015,2.228
3.054,2.381
2.787,2.244
1.08,-1.367
-2.935,-1.321
-2.85,-1.595
-3.038,2.847
2.747,2.59
-2.889,2.597
-0.013,-2.71
-0.124,-2.347
-0.065,-0.542
-0.179,-1.829
-0.164,-0.322
-0.188,-2.961
-0.17,0.217
-0.23,-0.257
-0.25,-2.397
-0.182,-0.435
-0.202,-0.304
-0.264,-0.242
-0.305,-1.344
-0.349,-0.974
-0.282,0.123
-0.313,-0.046
-0.396,-1.154
-0.392,-1.635
-0.456,-1.297
-0.463,-2.327
-0.487,0.065
-0.512,-0.251
-0.527,-2.503
-0.472,-2.718
-0.488,-0.351
-0.631,-0.306
-0.684,-1.966
-0.668,-1.328
-0.756,-1.012
-0.858,-2.463
-0.909,-1.552
-0.917,-2.09
-0.883,-2.447
-0.988,-2.982
-0.999,-1.42
-1.005,-2.384
-0.994,-2.17
-0.974,-1.812
-1.097,-2.556
-1.133,-2.176
-1.14,-2.731
-1.22,0.734
-1.333,-2.998
-1.43,-0.247
-1.509,-0.769
-1.569,0.743
-1.654,-0.765
-1.597,-1.531
-1.619,-1.396
-1.604,-1.272
-1.977,-1.731
-2.035,-2.072
-2.072,-2.159
-2.19,-2.781
-2.27,-0.694
-2.354,0.415
-2.316,-0.993
-2.436,-2.775
-2.365,0.295
-2.406,-1.509
-2.582,0.455
-2.617,-1.199
-2.647,0.095
-2.791,-0.223
-2.903,0.421
-2.896,-0.014
-3.133,-2.358
3.037,-2.227
3.037,-2.069
2.997,0.741
2.896,-1.747
2.894,-1.38
2.96,-1.604
2.936,-2.076
2.924,-1.661
2.852,-2.144
2.908,-2.784
2.867,-2.969
2.813,-2.461
2.848,-0.229
2.754,-1.429
2.732,0.338
2.731,-2.283
2.754,-3.006
2.687,-0.431
2.692,-2.196
2.592,-0.561
2.567,0.447
2.565,-2.482
2.429,-3.16
1.817,-3.321
1.643,-3.174
1.159,-3.185
1.194,-3.353
0.822,-3.1
0.767,-3.187
0.297,-3.274
0.213,-3.508
-0.324,-3.378
-0.852,-3.159
-1.256,-3.177
-2.139,-3.192
-2.239,-3.38
-2.771,-3.422
-2.937,-3.291
-2.972,-3.179
1.635,1.043
1.256,1.13
1.034,1.236
0.621,1.198
0.568,1.236
0.225,1.173
0.227,1.301
-1.262,1.101
-1.377,1.303
-1.489,0.953
-1.762,0.986
-1.886,1.171
-2.294,1.067
2.823,1.308
2.737,1.04
0.165,-2.544
-0.786,-1.524
-1.011,0.862
-2.615,-2.553
1.836,-3.429
-0.318,0.954
2.628,-1.544
2.583,0.072
2.434,-1.995
2.514,-1.525
2.495,-1.322
2.492,-1.973
2.329,-0.32
2.442,-1.167
2.414,-2.581
2.35,-0.48
2.202,-2.336
2.217,-0.482
1.69,-1.591
1.516,-1.731
1.611,-1.594
1.441,-1.269
1.397,-1.274
1.323,0.79
1.384,-0.004
1.37,-1.638
1.231,-1.722
1.017,0.527
1.003,-0.557
0.965,-1.923
1.047,-1.697
0.933,-1.945
0.83,-1.973
0.684,0.666
0.666,-0.226
0.626,0.736
0.605,-2.942
0.641,-1.499
0.256,-1.942
0.268,-1.361
0.274,-1.375
0.172,-1.336
-0.038,-1.0
0.067,-1.964
-0.082,-2.557
-0.01,-2.313
-0.012,-1.569
-0.06,-0.234
-0.069,-2.94
-0.273,-0.413
-0.189,-0.548
-0.282,-0.836
-0.592,-0.166
-0.481,-0.05
-0.764,-0.699
-0.92,-1.667
-0.957,-1.639
-0.966,-0.813
-1.523,0.043
-1.689,-1.928
-1.577,-1.157
-1.62,-1.063
-1.712,-1.906
-1.878,0.74
-1.888,-1.973
-2.032,-1.75
-1.967,-2.121
-2.11,-0.613
-2.222,-1.126
-2.131,0.9
-2.137,-0.964
-2.244,-1.189
-2.258,-0.85
-2.306,-1.168
-2.196,-2.818
-2.237,-2.765
-2.236,-0.743
-2.427,-1.987
-2.54,-1.234
-2.757,-2.792
-2.788,-2.595
-2.811,-2.128
-2.952,-2.428
2.972,-1.561
2.981,-1.567
2.987,-2.833
2.863,-2.629
2.729,-0.405
2.719,-1.503
2.552,-0.447
1.787,-3.316
1.653,-3.256
1.532,-3.149
1.054,-3.197
0.319,-3.405
-0.346,-3.324
-1.824,-3.329
-2.318,-3.367
2.896,-3.279
1.856,0.888
0.472,1.059
0.27,0.987
-0.002,1.043
0.112,1.034
-0.085,0.905
-0.383,1.157
-0.581,1.113
-0.879,0.906
-1.715,1.226
-1.923,1.246
-2.609,0.992
-2.787,1.25
2.967,1.012
-0.143,-2.31
-1.308,-1.363
-2.263,-2.339
-2.248,0.24
-1.895,-0.624
-2.048,-1.4
-2.97,-1.858
-2.947,0.137
-3.031,-1.367
-3.072,-1.041
-3.024,-0.852
0.773,-0.372
-0.199,-1.769
-0.735,0.523
-2.92,-2.766
-2.096,0.598
-2.888,0.801
3.009,0.695
3.048,0.848
2.781,0.711
1.074,-2.9
-2.941,-2.854
-2.856,-3.128
-3.044,1.314
2.741,1.057
-2.895,1.064
-0.111,0.363
-0.052,2.168
-0.166,0.881
-0.151,2.388
-0.175,-0.251
-0.157,2.927
-0.217,2.453
-0.237,0.313
-0.169,2.275
-0.189,2.406
-0.251,2.468
-0.292,1.366
-0.336,1.736
-0.269,2.833
-0.3,2.664
-0.383,1.556
-0.379,1.075
-0.443,1.413
-0.45,0.383
-0.474,2.775
-0.499,2.459
-0.514,0.207
-0.459,-0.008
-0.475,2.359
-0.618,2.404
-0.671,0.744
-0.655,1.382
-0.743,1.698
-0.845,0.247
-0.896,1.158
-0.904,0.62
-0.87,0.263
-0.975,-0.272
-0.986,1.29
-0.992,0.326
-0.981,0.54
-0.961,0.898
-1.084,0.154
-1.12,0.534
-1.127,-0.021
-1.207,3.444
-1.32,-0.288
-1.417,2.463
-1.496,1.941
-1.556,3.453
-1.641,1.945
-1.584,1.179
-1.606,1.314
-1.591,1.438
-1.964,0.979
-2.022,0.638
-2.059,0.551
-2.177,-0.071
-2.257,2.016
-2.341,3.125
-2.303,1.717
-2.423,-0.065
-2.352,3.005
-2.393,1.201
-2.569,3.165
-2.604,1.511
-2.634,2.805
-2.778,2.487
-2.89,3.131
-2.883,2.696
-3.12,0.352
3.05,0.483
3.05,0.641
3.01,3.451
2.909,0.963
2.907,1.33
2.973,1.106
2.949,0.634
2.937,1.049
2.865,0.566
2.921,-0.074
2.88,-0.259
2.826,0.249
2.861,2.481
2.767,1.281
2.745,3.048
2.744,0.427
2.767,-0.296
2.7,2.279
2.705,0.514
2.605,2.149
2.58,3.157
2.578,0.228
2.442,-0.45
1.83,-0.611
1.656,-0.464
1.172,-0.475
1.207,-0.643
0.835,-0.39
0.78,-0.477
0.31,-0.564
0.226,-0.798
-0.311,-0.668
-0.839,-0.449
-1.243,-0.467
-2.126,-0.482
-2.226,-0.67
-2.758,-0.712
-2.924,-0.581
-2.959,-0.469
1.648,3.753
1.269,3.84
1.047,3.946
0.634,3.908
0.581,3.946
0.238,3.883
0.24,4.011
-1.249,3.811
-1.364,4.013
-1.476,3.663
-1.749,3.696
-1.873,3.881
-2.281,3.777
2.836,4.018
2.75,3.75
0.178,0.166
-0.773,1.186
-0.998,3.572
-2.602,0.157
1.849,-0.719
-0.305,3.664
2.641,1.166
2.596,2.782
2.447,0.715
2.527,1.185
2.508,1.388
2.505,0.737
2.342,2.39
2.455,1.543
2.427,0.129
2.363,2.23
2.215,0.374
2.23,2.228
1.703,1.119
1.529,0.979
1.624,1.116
1.454,1.441
1.41,1.436
1.336,3.5
1.397,2.706
1.383,1.072
1.244,0.988
1.03,3.237
1.016,2.153
0.978,0.787
1.06,1.013
0.946,0.765
0.843,0.737
0.697,3.376
0.679,2.484
0.639,3.446
0.618,-0.232
0.654,1.211
0.269,0.768
0.281,1.349
0.287,1.335
0.185,1.374
-0.025,1.71
0.08,0.746
-0.069,0.153
0.003,0.397
0.001,1.141
-0.047,2.476
-0.056,-0.23
-0.26,2.297
-0.176,2.162
-0.269,1.874
-0.579,2.544
-0.468,2.66
-0.751,2.011
-0.907,1.043
-0.944,1.071
-0.953,1.897
-1.51,2.753
-1.676,0.782
-1.564,1.553
-1.607,1.647
-1.699,0.804
-1.865,3.45
-1.875,0.737
-2.019,0.96
-1.954,0.589
-2.097,2.097
-2.209,1.584
-2.118,3.61
-2.124,1.746
-2.231,1.521
-2.245,1.86
-2.293,1.542
-2.183,-0.108
-2.224,-0.055
-2.223,1.967
-2.414,0.723
-2.527,1.476
-2.744,-0.082
-2.775,0.115
-2.798,0.582
-2.939,0.282
2.985,1.149
2.994,1.143
3.0,-0.123
2.876,0.081
2.742,2.305
2.732,1.207
2.565,2.263
1.8,-0.606
1.666,-0.546
1.545,-0.439
1.067,-0.487
0.332,-0.695
-0.333,-0.614
-1.811,-0.619
-2.305,-0.657
2.909,-0.569
1.869,3.598
0.485,3.769
0.283,3.697
0.011,3.753
0.125,3.744
-0.072,3.615
-0.37,3.867
-0.568,3.823
-0.866,3.616
-1.702,3.936
-1.91,3.956
-2.596,3.702
-2.774,3.96
2.98,3.722
-0.13,0.4
-1.295,1.347
-2.25,0.371
-2.235,2.95
-1.882,2.086
-2.035,1.31
-2.957,0.852
-2.934,2.847
-3.018,1.343
-3.059,1.669
-3.011,1.858
0.786,2.338
-0.186,0.941
-0.722,3.233
-2.907,-0.056
-2.083,3.308
-2.875,3.511
3.022,3.405
3.061,3.558
2.794,3.421
1.087,-0.19
-2.928,-0.144
-2.843,-0.418
-3.031,4.024
2.754,3.767
-2.882,3.774
0.059,1.805
-0.055,0.518
-0.04,2.025
-0.064,-0.614
-0.046,2.564
-0.106,2.09
-0.126,-0.05
-0.058,1.912
-0.078,2.043
-0.14,2.105
-0.181,1.003
-0.225,1.373
-0.158,2.47
-0.189,2.301
-0.272,1.193
-0.268,0.712
-0.332,1.05
-0.339,0.02
-0.363,2.412
-0.388,2.096
-0.403,-0.156
-0.348,-0.371
-0.364,1.996
-0.507,2.041
-0.56,0.381
-0.544,1.019
-0.632,1.335
-0.734,-0.116
-0.785,0.795
-0.793,0.257
-0.759,-0.1
-0.864,-0.635
-0.875,0.927
-0.881,-0.037
-0.87,0.177
-0.85,0.535
-0.973,-0.209
-1.009,0.171
-1.016,-0.384
-1.096,3.081
-1.209,-0.651
-1.306,2.1
-1.385,1.578
-1.445,3.09
-1.53,1.582
-1.473,0.816
-1.495,0.951
-1.48,1.075
-1.853,0.616
-1.911,0.275
-1.948,0.188
-2.066,-0.434
-2.146,1.653
-2.23,2.762
-2.192,1.354
-2.312,-0.428
-2.241,2.642
-2.282,0.838
-2.458,2.802
-2.493,1.148
-2.523,2.442
-2.667,2.124
-2.779,2.768
-2.772,2.333
-3.009,-0.011
-3.122,0.12
-3.122,0.278
3.121,3.088
3.02,0.6
3.018,0.967
3.084,0.743
3.06,0.271
3.048,0.686
2.976,0.203
3.032,-0.437
2.991,-0.622
2.937,-0.114
2.972,2.118
2.878,0.918
2.856,2.685
2.855,0.064
2.878,-0.659
2.811,1.916
2.816,0.151
2.716,1.786
2.691,2.794
2.689,-0.135
2.553,-0.813
1.941,-0.974
1.767,-0.827
1.283,-0.838
1.318,-1.006
0.946,-0.753
0.891,-0.84
0.421,-0.927
0.337,-1.161
-0.2,-1.031
-0.728,-0.812
-1.132,-0.83
-2.015,-0.845
-2.115,-1.033
-2.647,-1.075
-2.813,-0.944
-2.848,-0.832
1.759,3.39
1.38,3.477
1.158,3.583
0.745,3.545
0.692,3.583
0.349,3.52
0.351,3.648
-1.138,3.448
-1.253,3.65
-1.365,3.3
-1.638,3.333
-1.762,3.518
-2.17,3.414
2.947,3.655
2.861,3.387
0.289,-0.197
-0.662,0.823
-0.887,3.209
-2.491,-0.206
1.96,-1.082
-0.194,3.301
2.752,0.803
2.707,2.419
2.558,0.352
2.638,0.822
2.619,1.025
2.616,0.374
2.453,2.027
2.566,1.18
2.538,-0.234
2.474,1.867
2.326,0.011
2.341,1.865
1.814,0.756
1.64,0.616
1.735,0.753
1.565,1.078
1.521,1.073
1.447,3.137
1.508,2.343
1.494,0.709
1.355,0.625
1.141,2.874
1.127,1.79
1.089,0.424
1.171,0.65
1.057,0.402
0.954,0.374
0.808,3.013
0.79,2.121
0.75,3.083
0.729,-0.595
0.765,0.848
0.38,0.405
0.392,0.986
0.398,0.972
0.296,1.011
0.086,1.347
0.191,0.383
0.042,-0.21
0.114,0.034
0.112,0.778
0.064,2.113
0.055,-0.593
-0.149,1.934
-0.065,1.799
-0.158,1.511
-0.468,2.181
-0.357,2.297
-0.64,1.648
-0.796,0.68
-0.833,0.708
-0.842,1.534
-1.399,2.39
-1.565,0.419
-1.453,1.19
-1.496,1.284
-1.588,0.441
-1.754,3.087
-1.764,0.374
-1.908,0.597
-1.843,0.226
-1.986,1.734
-2.098,1.221
-2.007,3.247
-2.013,1.383
-2.12,1.158
-2.134,1.497
-2.182,1.179
-2.072,-0.471
-2.113,-0.418
-2.112,1.604
-2.303,0.36
-2.416,1.113
-2.633,-0.445
-2.664,-0.248
-2.687,0.219
-2.828,-0.081
3.096,0.786
3.105,0.78
3.111,-0.486
2.987,-0.282
2.853,1.942
2.843,0.844
2.676,1.9
1.911,-0.969
1.777,-0.909
1.656,-0.802
1.178,-0.85
0.443,-1.058
-0.222,-0.977
-1.7,-0.982
-2.194,-1.02
3.02,-0.932
1.98,3.235
0.596,3.406
0.394,3.334
0.122,3.39
0.236,3.381
0.039,3.252
-0.259,3.504
-0.457,3.46
-0.755,3.253
-1.591,3.573
-1.799,3.593
-2.485,3.339
-2.663,3.597
3.091,3.359
-0.019,0.037
-1.184,0.984
-2.139,0.008
-2.124,2.587
-1.771,1.723
-1.924,0.947
-2.846,0.489
-2.823,2.484
-2.907,0.98
-2.948,1.306
-2.9,1.495
0.897,1.975
-0.075,0.578
-0.611,2.87
-2.796,-0.419
-1.972,2.945
-2.764,3.148
3.133,3.042
-3.111,3.195
2.905,3.058
1.198,-0.553
-2.817,-0.507
-2.732,-0.781
-2.92,3.661
2.865,3.404
-2.771,3.411
-0.114,-1.287
-0.099,0.22
-0.123,-2.419
-0.105,0.759
-0.165,0.285
-0.185,-1.855
-0.117,0.107
-0.137,0.238
-0.199,0.3
-0.24,-0.802
-0.284,-0.432
-0.217,0.665
-0.248,0.496
-0.331,-0.612
-0.327,-1.093
-0.391,-0.755
-0.398,-1.785
-0.422,0.607
-0.447,0.291
-0.462,-1.961
-0.407,-2.176
-0.423,0.191
-0.566,0.236
-0.619,-1.424
-0.603,-0.786
-0.691,-0.47
-0.793,-1.921
-0.844,-1.01
-0.852,-1.548
-0.818,-1.905
-0.923,-2.44
-0.934,-0.878
-0.94,-1.842
-0.929,-1.628
-0.909,-1.27
-1.032,-2.014
-1.068,-1.634
-1.075,-2.189
-1.155,1.276
-1.268,-2.456
-1.365,0.295
-1.444,-0.227
-1.504,1.285
-1.589,-0.223
-1.532,-0.989
-1.554,-0.854
-1.539,-0.73
-1.912,-1.189
-1.97,-1.53
-2.007,-1.617
-2.125,-2.239
-2.205,-0.152
-2.289,0.957
-2.251,-0.451
-2.371,-2.233
-2.3,0.837
-2.341,-0.967
-2.517,0.997
-2.552,-0.657
-2.582,0.637
-2.726,0.319
-2.838,0.963
-2.831,0.528
-3.068,-1.816
3.102,-1.685
3.102,-1.527
3.062,1.283
2.961,-1.205
2.959,-0.838
3.025,-1.062
3.001,-1.534
2.989,-1.119
2.917,-1.602
2.973,-2.242
2.932,-2.427
2.878,-1.919
2.913,0.313
2.819,-0.887
2.797,0.88
2.796,-1.741
2.819,-2.464
2.752,0.111
2.757,-1.654
2.657,-0.019
2.632,0.989
2.63,-1.94
2.494,-2.618
1.882,-2.779
1.708,-2.632
1.224,-2.643
1.259,-2.811
0.887,-2.558
0.832,-2.645
0.362,-2.732
0.278,-2.966
-0.259,-2.836
-0.787,-2.617
-1.191,-2.635
-2.074,-2.65
-2.174,-2.838
-2.706,-2.88
-2.872,-2.749
-2.907,-2.637
1.7,1.585
1.321,1.672
1.099,1.778
0.686,1.74
0.633,1.778
0.29,1.715
0.292,1.843
-1.197,1.643
-1.312,1.845
-1.424,1.495
-1.697,1.528
-1.821,1.713
-2.229,1.609
2.888,1.85
2.802,1.582
0.23,-2.002
-0.721,-0.982
-0.946,1.404
-2.55,-2.011
1.901,-2.887
-0.253,1.496
2.693,-1.002
2.648,0.614
2.499,-1.453
2.579,-0.983
2.56,-0.78
2.557,-1.431
2.394,0.222
2.507,-0.625
2.479,-2.039
2.415,0.062
2.267,-1.794
2.282,0.06
1.755,-1.049
1.581,-1.189
1.676,-1.052
1.506,-0.727
1.462,-0.732
1.388,1.332
1.449,0.538
1.435,-1.096
1.296,-1.18
1.082,1.069
1.068,-0.015
1.03,-1.381
1.112,-1.155
0.998,-1.403
0.895,-1.431
0.749,1.208
0.731,0.316
0.691,1.278
0.67,-2.4
0.706,-0.957
0.321,-1.4
0.333,-0.819
0.339,-0.833
0.237,-0.794
0.027,-0.458
0.132,-1.422
-0.017,-2.015
0.055,-1.771
0.053,-1.027
0.005,0.308
-0.004,-2.398
-0.208,0.129
-0.124,-0.006
-0.217,-0.294
-0.527,0.376
-0.416,0.492
-0.699,-0.157
-0.855,-1.125
-0.892,-1.097
-0.901,-0.271
-1.458,0.585
-1.624,-1.386
-1.512,-0.615
-1.555,-0.521
-1.647,-1.364
-1.813,1.282
-1.823,-1.431
-1.967,-1.208
-1.902,-1.579
-2.045,-0.071
-2.157,-0.584
-2.066,1.442
-2.072,-0.422
-2.179,-0.647
-2.193,-0.308
-2.241,-0.626
-2.131,-2.276
-2.172,-2.223
-2.171,-0.201
-2.362,-1.445
-2.475,-0.692
-2.692,-2.25
-2.723,-2.053
-2.746,-1.586
-2.887,-1.886
3.037,-1.019
3.046,-1.025
3.052,-2.291
2.928,-2.087
2.794,0.137
2.784,-0.961
2.617,0.095
1.852,-2.774
1.718,-2.714
1.597,-2.607
1.119,-2.655
0.384,-2.863
-0.281,-2.782
-1.759,-2.787
-2.253,-2.825
2.961,-2.737
1.921,1.43
0.537,1.601
0.335,1.529
0.063,1.585
0.177,1.576
-0.02,1.447
-0.318,1.699
-0.516,1.655
-0.814,1.448
-1.65,1.768
-1.858,1.788
-2.544,1.534
-2.722,1.792
3.032,1.554
-0.078,-1.768
-1.243,-0.821
-2.198,-1.797
-2.183,0.782
-1.83,-0.082
-1.983,-0.858
-2.905,-1.316
-2.882,0.679
-2.966,-0.825
-3.007,-0.499
-2.959,-0.31
0.838,0.17
-0.134,-1.227
-0.67,1.065
-2.855,-2.224
-2.031,1.14
-2.823,1.343
3.074,1.237
3.113,1.39
2.846,1.253
1.139,-2.358
-2.876,-2.312
-2.791,-2.586
-2.979,1.856
2.806,1.599
-2.83,1.606
0.015,1.507
-0.009,-1.132
0.009,2.046
-0.051,1.572
-0.071,-0.568
-0.003,1.394
-0.023,1.525
-0.085,1.587
-0.126,0.485
-0.17,0.855
-0.103,1.952
-0.134,1.783
-0.217,0.675
-0.213,0.194
-0.277,0.532
-0.284,-0.498
-0.308,1.894
-0.333,1.578
-0.348,-0.674
-0.293,-0.889
-0.309,1.478
-0.452,1.523
-0.505,-0.137
-0.489,0.501
-0.577,0.817
-0.679,-0.634
-0.73,0.277
-0.738,-0.261
-0.704,-0.618
-0.809,-1.153
-0.82,0.409
-0.826,-0.555
-0.815,-0.341
-0.795,0.017
-0.918,-0.727
-0.954,-0.347
-0.961,-0.902
-1.041,2.563
-1.154,-1.169
-1.251,1.582
-1.33,1.06
-1.39,2.572
-1.475,1.064
-1.418,0.298
-1.44,0.433
-1.425,0.557
-1.798,0.098
-1.856,-0.243
-1.893,-0.33
-2.011,-0.952
-2.091,1.135
-2.175,2.244
-2.137,0.836
-2.257,-0.946
-2.186,2.124
-2.227,0.32
-2.403,2.284
-2.438,0.63
-2.468,1.924
-2.612,1.606
-2.724,2.25
-2.717,1.815
-2.954,-0.529
-3.067,-0.398
-3.067,-0.24
-3.107,2.57
3.075,0.082
3.073,0.449
3.139,0.225
3.115,-0.247
3.103,0.168
3.031,-0.315
3.087,-0.955
3.046,-1.14
2.992,-0.632
3.027,1.6
2.933,0.4
2.911,2.167
2.91,-0.454
2.933,-1.177
2.866,1.398
2.871,-0.367
2.771,1.268
2.746,2.276
2.744,-0.653
2.608,-1.331
1.996,-1.492
1.822,-1.345
1.338,-1.356
1.373,-1.524
1.001,-1.271
0.946,-1.358
0.476,-1.445
0.392,-1.679
-0.145,-1.549
-0.673,-1.33
-1.077,-1.348
-1.96,-1.363
-2.06,-1.551
-2.592,-1.593
-2.758,-1.462
-2.793,-1.35
1.814,2.872
1.435,2.959
1.213,3.065
0.8,3.027
0.747,3.065
0.404,3.002
0.406,3.13
-1.083,2.93
-1.198,3.132
-1.31,2.782
-1.583,2.815
-1.707,3.0
-2.115,2.896
3.002,3.137
2.916,2.869
0.344,-0.715
-0.607,0.305
-0.832,2.691
-2.436,-0.724
2.015,-1.6
-0.139,2.783
2.807,0.285
2.762,1.901
2.613,-0.166
2.693,0.304
2.674,0.507
2.671,-0.144
2.508,1.509
2.621,0.662
2.593,-0.752
2.529,1.349
2.381,-0.507
2.396,1.347
1.869,0.238
1.695,0.098
1.79,0.235
1.62,0.56
1.576,0.555
1.502,2.619
1.563,1.825
1.549,0.191
1.41,0.107
1.196,2.356
1.182,1.272
1.144,-0.094
1.226,0.132
1.112,-0.116
1.009,-0.144
0.863,2.495
0.845,1.603
0.805,2.565
0.784,-1.113
0.82,0.33
0.435,-0.113
0.447,0.468
0.453,0.454
0.351,0.493
0.141,0.829
0.246,-0.135
0.097,-0.728
0.169,-0.484
0.167,0.26
0.119,1.595
0.11,-1.111
-0.094,1.416
-0.01,1.281
-0.103,0.993
-0.413,1.663
-0.302,1.779
-0.585,1.13
-0.741,0.162
-0.778,0.19
-0.787,1.016
-1.344,1.872
-1.51,-0.099
-1.398,0.672
-1.441,0.766
-1.533,-0.077
-1.699,2.569
-1.709,-0.144
-1.853,0.079
-1.788,-0.292
-1.931,1.216
-2.043,0.703
-1.952,2.729
-1.958,0.865
-2.065,0.64
-2.079,0.979
-2.127,0.661
-2.017,-0.989
-2.058,-0.936
-2.057,1.086
-2.248,-0.158
-2.361,0.595
-2.578,-0.963
-2.609,-0.766
-2.632,-0.299
-2.773,-0.599
-3.132,0.268
-3.123,0.262
-3.117,-1.004
3.042,-0.8
2.908,1.424
2.898,0.326
2.731,1.382
1.966,-1.487
1.832,-1.427
1.711,-1.32
1.233,-1.368
0.498,-1.576
-0.167,-1.495
-1.645,-1.5
-2.139,-1.538
3.075,-1.45
2.035,2.717
0.651,2.888
0.449,2.816
0.177,2.872
0.291,2.863
0.094,2.734
-0.204,2.986
-0.402,2.942
-0.7,2.735
-1.536,3.055
-1.744,3.075
-2.43,2.821
-2.608,3.079
-3.137,2.841
0.036,-0.481
-1.129,0.466
-2.084,-0.51
-2.069,2.069
-1.716,1.205
-1.869,0.429
-2.791,-0.029
-2.768,1.966
-2.852,0.462
-2.893,0.788
-2.845,0.977
0.952,1.457
-0.02,0.06
-0.556,2.352
-2.741,-0.937
-1.917,2.427
-2.709,2.63
-3.095,2.524
-3.056,2.677
2.96,2.54
1.253,-1.071
-2.762,-1.025
-2.677,-1.299
-2.865,3.143
2.92,2.886
-2.716,2.893
-0.024,-2.639
-0.006,0.539
-0.066,0.065
-0.086,-2.075
-0.018,-0.113
-0.038,0.018
-0.1,0.08
-0.141,-1.022
-0.185,-0.652
-0.118,0.445
-0.149,0.276
-0.232,-0.832
-0.228,-1.313
-0.292,-0.975
-0.299,-2.005
-0.323,0.387
-0.348,0.071
-0.363,-2.181
-0.308,-2.396
-0.324,-0.029
-0.467,0.016
-0.52,-1.644
-0.504,-1.006
-0.592,-0.69
-0.694,-2.141
-0.745,-1.23
-0.753,-1.768
-0.719,-2.125
-0.824,-2.66
-0.835,-1.098
-0.841,-2.062
-0.83,-1.848
-0.81,-1.49
-0.933,-2.234
-0.969,-1.854
-0.976,-2.409
-1.056,1.056
-1.169,-2.676
-1.266,0.075
-1.345,-0.447
-1.405,1.065
-1.49,-0.443
-1.433,-1.209
-1.455,-1.074
-1.44,-0.95
-1.813,-1.409
-1.871,-1.75
-1.908,-1.837
-2.026,-2.459
-2.106,-0.372
-2.19,0.737
-2.152,-0.671
-2.272,-2.453
-2.201,0.617
-2.242,-1.187
-2.418,0.777
-2.453,-0.877
-2.483,0.417
-2.627,0.099
-2.739,0.743
-2.732,0.308
-2.969,-2.036
-3.082,-1.905
-3.082,-1.747
-3.122,1.063
3.06,-1.425
3.058,-1.058
3.124,-1.282
3.1,-1.754
3.088,-1.339
3.016,-1.822
3.072,-2.462
3.031,-2.647
2.977,-2.139
3.012,0.093
2.918,-1.107
2.896,0.66
2.895,-1.961
2.918,-2.684
2.851,-0.109
2.856,-1.874
2.756,-0.239
2.731,0.769
2.729,-2.16
2.593,-2.838
1.981,-2.999
1.807,-2.852
1.323,-2.863
1.358,-3.031
0.986,-2.778
0.931,-2.865
0.461,-2.952
0.377,-3.186
-0.16,-3.056
-0.688,-2.837
-1.092,-2.855
-1.975,-2.87
-2.075,-3.058
-2.607,-3.1
-2.773,-2.969
-2.808,-2.857
1.799,1.365
1.42,1.452
1.198,1.558
0.785,1.52
0.732,1.558
0.389,1.495
0.391,1.623
-1.098,1.423
-1.213,1.625
-1.325,1.275
-1.598,1.308
-1.722,1.493
-2.13,1.389
2.987,1.63
2.901,1.362
0.329,-2.222
-0.622,-1.202
-0.847,1.184
-2.451,-2.231
2.0,-3.107
-0.154,1.276
2.792,-1.222
2.747,0.394
2.598,-1.673
2.678,-1.203
2.659,-1.0
2.656,-1.651
2.493,0.002
2.606,-0.845
2.578,-2.259
2.514,-0.158
2.366,-2.014
2.381,-0.16
1.854,-1.269
1.68,-1.409
1.775,-1.272
1.605,-0.947
1.561,-0.952
1.487,1.112
1.548,0.318
1.534,-1.316
1.395,-1.4
1.181,0.849
1.167,-0.235
1.129,-1.601
1.211,-1.375
1.097,-1.623
0.994,-1.651
0.848,0.988
0.83,0.096
0.79,1.058
0.769,-2.62
0.805,-1.177
0.42,-1.62
0.432,-1.039
0.438,-1.053
0.336,-1.014
0.126,-0.678
0.231,-1.642
0.082,-2.235
0.154,-1.991
0.152,-1.247
0.104,0.088
0.095,-2.618
-0.109,-0.091
-0.025,-0.226
-0.118,-0.514
-0.428,0.156
-0.317,0.272
-0.6,-0.377
-0.756,-1.345
-0.793,-1.317
-0.802,-0.491
-1.359,0.365
-1.525,-1.606
-1.413,-0.835
-1.456,-0.741
-1.548,-1.584
-1.714,1.062
-1.724,-1.651
-1.868,-1.428
-1.803,-1.799
-1.946,-0.291
-2.058,-0.804
-1.967,1.222
-1.973,-0.642
-2.08,-0.867
-2.094,-0.528
-2.142,-0.846
-2.032,-2.496
-2.073,-2.443
-2.072,-0.421
-2.263,-1.665
-2.376,-0.912
-2.593,-2.47
-2.624,-2.273
-2.647,-1.806
-2.788,-2.106
3.136,-1.239
-3.138,-1.245
-3.132,-2.511
3.027,-2.307
2.893,-0.083
2.883,-1.181
2.716,-0.125
1.951,-2.994
1.817,-2.934
1.696,-2.827
1.218,-2.875
0.483,-3.083
-0.182,-3.002
-1.66,-3.007
-2.154,-3.045
3.06,-2.957
2.02,1.21
0.636,1.381
0.434,1.309
0.162,1.365
0.276,1.356
0.079,1.227
-0.219,1.479
-0.417,1.435
-0.715,1.228
-1.551,1.548
-1.759,1.568
-2.445,1.314
-2.623,1.572
3.131,1.334
0.021,-1.988
-1.144,-1.041
-2.099,-2.017
-2.084,0.562
-1.731,-0.302
-1.884,-1.078
-2.806,-1.536
-2.783,0.459
-2.867,-1.045
-2.908,-0.719
-2.86,-0.53
0.937,-0.05
-0.035,-1.447
-0.571,0.845
-2.756,-2.444
-1.932,0.92
-2.724,1.123
-3.11,1.017
-3.071,1.17
2.945,1.033
1.238,-2.578
-2.777,-2.532
-2.692,-2.806
-2.88,1.636
2.905,1.379
-2.731,1.386
0.018,3.178
-0.042,2.704
-0.062,0.564
0.006,2.526
-0.014,2.657
-0.076,2.719
-0.117,1.617
-0.161,1.987
-0.094,3.084
-0.125,2.915
-0.208,1.807
-0.204,1.326
-0.268,1.664
-0.275,0.634
-0.299,3.026
-0.324,2.71
-0.339,0.458
-0.284,0.243
-0.3,2.61
-0.443,2.655
-0.496,0.995
-0.48,1.633
-0.568,1.949
-0.67,0.498
-0.721,1.409
-0.729,0.871
-0.695,0.514
-0.8,-0.021
-0.811,1.541
-0.817,0.577
-0.806,0.791
-0.786,1.149
-0.909,0.405
-0.945,0.785
-0.952,0.23
-1.032,3.695
-1.145,-0.037
-1.242,2.714
-1.321,2.192
-1.381,3.704
-1.466,2.196
-1.409,1.43
-1.431,1.565
-1.416,1.689
-1.789,1.23
-1.847,0.889
-1.884,0.802
-2.002,0.18
-2.082,2.267
-2.166,3.376
-2.128,1.968
-2.248,0.186
-2.177,3.256
-2.218,1.452
-2.394,3.416
-2.429,1.762
-2.459,3.056
-2.603,2.738
-2.715,3.382
-2.708,2.947
-2.945,0.603
-3.058,0.734
-3.058,0.892
-3.098,3.702
3.084,1.214
3.082,1.581
-3.135,1.357
3.124,0.885
3.112,1.3
3.04,0.817
3.096,0.177
3.055,-0.008
3.001,0.5
3.036,2.732
2.942,1.532
2.92,3.299
2.919,0.678
2.942,-0.045
2.875,2.53
2.88,0.765
2.78,2.4
2.755,3.408
2.753,0.479
2.617,-0.199
2.005,-0.36
1.831,-0.213
1.347,-0.224
1.382,-0.392
1.01,-0.139
0.955,-0.226
0.485,-0.313
0.401,-0.547
-0.136,-0.417
-0.664,-0.198
-1.068,-0.216
-1.951,-0.231
-2.051,-0.419
-2.583,-0.461
-2.749,-0.33
-2.784,-0.218
1.823,4.004
1.444,4.091
1.222,4.197
0.809,4.159
0.756,4.197
0.413,4.134
0.415,4.262
-1.074,4.062
-1.189,4.264
-1.301,3.914
-1.574,3.947
-1.698,4.132
-2.106,4.028
3.011,4.269
2.925,4.001
0.353,0.417
-0.598,1.437
-0.823,3.823
-2.427,0.408
2.024,-0.468
-0.13,3.915
2.816,1.417
2.771,3.033
2.622,0.966
2.702,1.436
2.683,1.639
2.68,0.988
2.517,2.641
2.63,1.794
2.602,0.38
2.538,2.481
2.39,0.625
2.405,2.479
1.878,1.37
1.704,1.23
1.799,1.367
1.629,1.692
1.585,1.687
1.511,3.751
1.572,2.957
1.558,1.323
1.419,1.239
1.205,3.488
1.191,2.404
1.153,1.038
1.235,1.264
1.121,1.016
1.018,0.988
0.872,3.627
0.854,2.735
0.814,3.697
0.793,0.019
0.829,1.462
0.444,1.019
0.456,1.6
0.462,1.586
0.36,1.625
0.15,1.961
0.255,0.997
0.106,0.404
0.178,0.648
0.176,1.392
0.128,2.727
0.119,0.021
-0.085,2.548
-0.001,2.413
-0.094,2.125
-0.404,2.795
-0.293,2.911
-0.576,2.262
-0.732,1.294
-0.769,1.322
-0.778,2.148
-1.335,3.004
-1.501,1.033
-1.389,1.804
-1.432,1.898
-1.524,1.055
-1.69,3.701
-1.7,0.988
-1.844,1.211
-1.779,0.84
-1.922,2.348
-2.034,1.835
-1.943,3.861
-1.949,1.997
-2.056,1.772
-2.07,2.111
-2.118,1.793
-2.008,0.143
-2.049,0.196
-2.048,2.218
-2.239,0.974
-2.352,1.727
-2.569,0.169
-2.6,0.366
-2.623,0.833
-2.764,0.533
-3.123,1.4
-3.114,1.394
-3.108,0.128
3.051,0.332
2.917,2.556
2.907,1.458
2.74,2.514
1.975,-0.355
1.841,-0.295
1.72,-0.188
1.242,-0.236
0.507,-0.444
-0.158,-0.363
-1.636,-0.368
-2.13,-0.406
3.084,-0.318
2.044,3.849
0.66,4.02
0.458,3.948
0.186,4.004
0.3,3.995
0.103,3.866
-0.195,4.118
-0.393,4.074
-0.691,3.867
-1.527,4.187
-1.735,4.207
-2.421,3.953
-2.599,4.211
-3.128,3.973
0.045,0.651
-1.12,1.598
-2.075,0.622
-2.06,3.201
-1.707,2.337
-1.86,1.561
-2.782,1.103
-2.759,3.098
-2.843,1.594
-2.884,1.92
-2.836,2.109
0.961,2.589
-0.011,1.192
-0.547,3.484
-2.732,0.195
-1.908,3.559
-2.7,3.762
-3.086,3.656
-3.047,3.809
2.969,3.672
1.262,0.061
-2.753,0.107
-2.668,-0.167
-2.856,4.275
2.929,4.018
-2.707,4.025
-0.06,-0.474
-0.08,-2.614
-0.012,-0.652
-0.032,-0.521
-0.094,-0.459
-0.135,-1.561
-0.179,-1.191
-0.112,-0.094
-0.143,-0.263
-0.226,-1.371
-0.222,-1.852
-0.286,-1.514
-0.293,-2.544
-0.317,-0.152
-0.342,-0.468
-0.357,-2.72
-0.302,-2.935
-0.318,-0.568
-0.461,-0.523
-0.514,-2.183
-0.498,-1.545
-0.586,-1.229
-0.688,-2.68
-0.739,-1.769
-0.747,-2.307
-0.713,-2.664
-0.818,-3.199
-0.829,-1.637
-0.835,-2.601
-0.824,-2.387
-0.804,-2.029
-0.927,-2.773
-0.963,-2.393
-0.97,-2.948
-1.05,0.517
-1.163,-3.215
-1.26,-0.464
-1.339,-0.986
-1.399,0.526
-1.484,-0.982
-1.427,-1.748
-1.449,-1.613
-1.434,-1.489
-1.807,-1.948
-1.865,-2.289
-1.902,-2.376
-2.02,-2.998
-2.1,-0.911
-2.184,0.198
-2.146,-1.21
-2.266,-2.992
-2.195,0.078
-2.236,-1.726
-2.412,0.238
-2.447,-1.416
-2.477,-0.122
-2.621,-0.44
-2.733,0.204
-2.726,-0.231
-2.963,-2.575
-3.076,-2.444
-3.076,-2.286
-3.116,0.524
3.066,-1.964
3.064,-1.597
3.13,-1.821
3.106,-2.293
3.094,-1.878
3.022,-2.361
3.078,-3.001
3.037,-3.186
2.983,-2.678
3.018,-0.446
2.924,-1.646
2.902,0.121
2.901,-2.5
2.924,-3.223
2.857,-0.648
2.862,-2.413
2.762,-0.778
2.737,0.23
2.735,-2.699
2.599,-3.377
1.987,-3.538
1.813,-3.391
1.329,-3.402
1.364,-3.57
0.992,-3.317
0.937,-3.404
0.467,-3.491
0.383,-3.725
-0.154,-3.595
-0.682,-3.376
-1.086,-3.394
-1.969,-3.409
-2.069,-3.597
-2.601,-3.639
-2.767,-3.508
-2.802,-3.396
1.805,0.826
1.426,0.913
1.204,1.019
0.791,0.981
0.738,1.019
0.395,0.956
0.397,1.084
-1.092,0.884
-1.207,1.086
-1.319,0.736
-1.592,0.769
-1.716,0.954
-2.124,0.85
2.993,1.091
2.907,0.823
0.335,-2.761
-0.616,-1.741
-0.841,0.645
-2.445,-2.77
2.006,-3.646
-0.148,0.737
2.798,-1.761
2.753,-0.145
2.604,-2.212
2.684,-1.742
2.665,-1.539
2.662,-2.19
2.499,-0.537
2.612,-1.384
2.584,-2.798
2.52,-0.697
2.372,-2.553
2.387,-0.699
1.86,-1.808
1.686,-1.948
1.781,-1.811
1.611,-1.486
1.567,-1.491
1.493,0.573
1.554,-0.221
1.54,-1.855
1.401,-1.939
1.187,0.31
1.173,-0.774
1.135,-2.14
1.217,-1.914
1.103,-2.162
1.0,-2.19
0.854,0.449
0.836,-0.443
0.796,0.519
0.775,-3.159
0.811,-1.716
0.426,-2.159
0.438,-1.578
0.444,-1.592
0.342,-1.553
0.132,-1.217
0.237,-2.181
0.088,-2.774
0.16,-2.53
0.158,-1.786
0.11,-0.451
0.101,-3.157
-0.103,-0.63
-0.019,-0.765
-0.112,-1.053
-0.422,-0.383
-0.311,-0.267
-0.594,-0.916
-0.75,-1.884
-0.787,-1.856
-0.796,-1.03
-1.353,-0.174
-1.519,-2.145
-1.407,-1.374
-1.45,-1.28
-1.542,-2.123
-1.708,0.523
-1.718,-2.19
-1.862,-1.967
-1.797,-2.338
-1.94,-0.83
-2.052,-1.343
-1.961,0.683
-1.967,-1.181
-2.074,-1.406
-2.088,-1.067
-2.136,-1.385
-2.026,-3.035
-2.067,-2.982
-2.066,-0.96
-2.257,-2.204
-2.37,-1.451
-2.587,-3.009
-2.618,-2.812
-2.641,-2.345
-2.782,-2.645
-3.141,-1.778
-3.132,-1.784
-3.126,-3.05
3.033,-2.846
2.899,-0.622
2.889,-1.72
2.722,-0.664
1.957,-3.533
1.823,-3.473
1.702,-3.366
1.224,-3.414
0.489,-3.622
-0.176,-3.541
-1.654,-3.546
-2.148,-3.584
3.066,-3.496
2.026,0.671
0.642,0.842
0.44,0.77
0.168,0.826
0.282,0.817
0.085,0.688
-0.213,0.94
-0.411,0.896
-0.709,0.689
-1.545,1.009
-1.753,1.029
-2.439,0.775
-2.617,1.033
3.137,0.795
0.027,-2.527
-1.138,-1.58
-2.093,-2.556
-2.078,0.023
-1.725,-0.841
-1.878,-1.617
-2.8,-2.075
-2.777,-0.08
-2.861,-1.584
-2.902,-1.258
-2.854,-1.069
0.943,-0.589
-0.029,-1.986
-0.565,0.306
-2.75,-2.983
-1.926,0.381
-2.718,0.584
-3.104,0.478
-3.065,0.631
2.951,0.494
1.244,-3.117
-2.771,-3.071
-2.686,-3.345
-2.874,1.097
2.911,0.84
-2.725,0.847
-0.02,-2.14
0.048,-0.178
0.028,-0.047
-0.034,0.015
-0.075,-1.087
-0.119,-0.717
-0.052,0.38
-0.083,0.211
-0.166,-0.897
-0.162,-1.378
-0.226,-1.04
-0.233,-2.07
-0.257,0.322
-0.282,0.006
-0.297,-2.246
-0.242,-2.461
-0.258,-0.094
-0.401,-0.049
-0.454,-1.709
-0.438,-1.071
-0.526,-0.755
-0.628,-2.206
-0.679,-1.295
-0.687,-1.833
-0.653,-2.19
-0.758,-2.725
-0.769,-1.163
-0.775,-2.127
-0.764,-1.913
-0.744,-1.555
-0.867,-2.299
-0.903,-1.919
-0.91,-2.474
-0.99,0.991
-1.103,-2.741
-1.2,0.01
-1.279,-0.512
-1.339,1.0
-1.424,-0.508
-1.367,-1.274
-1.389,-1.139
-1.374,-1.015
-1.747,-1.474
-1.805,-1.815
-1.842,-1.902
-1.96,-2.524
-2.04,-0.437
-2.124,0.672
-2.086,-0.736
-2.206,-2.518
-2.135,0.552
-2.176,-1.252
-2.352,0.712
-2.387,-0.942
-2.417,0.352
-2.561,0.034
-2.673,0.678
-2.666,0.243
-2.903,-2.101
-3.016,-1.97
-3.016,-1.812
-3.056,0.998
3.126,-1.49
3.124,-1.123
-3.093,-1.347
-3.117,-1.819
-3.129,-1.404
3.082,-1.887
3.138,-2.527
3.097,-2.712
3.043,-2.204
3.078,0.028
2.984,-1.172
2.962,0.595
2.961,-2.026
2.984,-2.749
2.917,-0.174
2.922,-1.939
2.822,-0.304
2.797,0.704
2.795,-2.225
2.659,-2.903
2.047,-3.064
1.873,-2.917
1.389,-2.928
1.424,-3.096
1.052,-2.843
0.997,-2.93
0.527,-3.017
0.443,-3.251
-0.094,-3.121
-0.622,-2.902
-1.026,-2.92
-1.909,-2.935
-2.009,-3.123
-2.541,-3.165
-2.707,-3.034
-2.742,-2.922
1.865,1.3
1.486,1.387
1.264,1.493
0.851,1.455
0.798,1.493
0.455,1.43
0.457,1.558
-1.032,1.358
-1.147,1.56
-1.259,1.21
-1.532,1.243
-1.656,1.428
-2.064,1.324
3.053,1.565
2.967,1.297
0.395,-2.287
-0.556,-1.267
-0.781,1.119
-2.385,-2.296
2.066,-3.172
-0.088,1.211
2.858,-1.287
2.813,0.329
2.664,-1.738
2.744,-1.268
2.725,-1.065
2.722,-1.716
2.559,-0.063
2.672,-0.91
2.644,-2.324
2.58,-0.223
2.432,-2.079
2.447,-0.225
1.92,-1.334
1.746,-1.474
1.841,-1.337
1.671,-1.012
1.627,-1.017
1.553,1.047
1.614,0.253
1.6,-1.381
1.461,-1.465
1.247,0.784
1.233,-0.3
1.195,-1.666
1.277,-1.44
1.163,-1.688
1.06,-1.716
0.914,0.923
0.896,0.031
0.856,0.993
0.835,-2.685
0.871,-1.242
0.486,-1.685
0.498,-1.104
0.504,-1.118
0.402,-1.079
0.192,-0.743
0.297,-1.707
0.148,-2.3
0.22,-2.056
0.218,-1.312
0.17,0.023
0.161,-2.683
-0.043,-0.156
0.041,-0.291
-0.052,-0.579
-0.362,0.091
-0.251,0.207
-0.534,-0.442
-0.69,-1.41
-0.727,-1.382
-0.736,-0.556
-1.293,0.3
-1.459,-1.671
-1.347,-0.9
-1.39,-0.806
-1.482,-1.649
-1.648,0.997
-1.658,-1.716
-1.802,-1.493
-1.737,-1.864
-1.88,-0.356
-1.992,-0.869
-1.901,1.157
-1.907,-0.707
-2.014,-0.932
-2.028,-0.593
-2.076,-0.911
-1.966,-2.561
-2.007,-2.508
-2.006,-0.486
-2.197,-1.73
-2.31,-0.977
-2.527,-2.535
-2.558,-2.338
-2.581,-1.871
-2.722,-2.171
-3.081,-1.304
-3.072,-1.31
-3.066,-2.576
3.093,-2.372
2.959,-0.148
2.949,-1.246
2.782,-0.19
2.017,-3.059
1.883,-2.999
1.762,-2.892
1.284,-2.94
0.549,-3.148
-0.116,-3.067
-1.594,-3.072
-2.088,-3.11
3.126,-3.022
2.086,1.145
0.702,1.316
0.5,1.244
0.228,1.3
0.342,1.291
0.145,1.162
-0.153,1.414
-0.351,1.37
-0.649,1.163
-1.485,1.483
-1.693,1.503
-2.379,1.249
-2.557,1.507
-3.086,1.269
0.087,-2.053
-1.078,-1.106
-2.033,-2.082
-2.018,0.497
-1.665,-0.367
-1.818,-1.143
-2.74,-1.601
-2.717,0.394
-2.801,-1.11
-2.842,-0.784
-2.794,-0.595
1.003,-0.115
0.031,-1.512
-0.505,0.78
-2.69,-2.509
-1.866,0.855
-2.658,1.058
-3.044,0.952
-3.005,1.105
3.011,0.968
1.304,-2.643
-2.711,-2.597
-2.626,-2.871
-2.814,1.571
2.971,1.314
-2.665,1.321
0.068,1.962
0.048,2.093
-0.014,2.155
-0.055,1.053
-0.099,1.423
-0.032,2.52
-0.063,2.351
-0.146,1.243
-0.142,0.762
-0.206,1.1
-0.213,0.07
-0.237,2.462
-0.262,2.146
-0.277,-0.106
-0.222,-0.321
-0.238,2.046
-0.381,2.091
-0.434,0.431
-0.418,1.069
-0.506,1.385
-0.608,-0.066
-0.659,0.845
-0.667,0.307
-0.633,-0.05
-0.738,-0.585
-0.749,0.977
-0.755,0.013
-0.744,0.227
-0.724,0.585
-0.847,-0.159
-0.883,0.221
-0.89,-0.334
-0.97,3.131
-1.083,-0.601
-1.18,2.15
-1.259,1.628
-1.319,3.14
-1.404,1.632
-1.347,0.866
-1.369,1.001
-1.354,1.125
-1.727,0.666
-1.785,0.325
-1.822,0.238
-1.94,-0.384
-2.02,1.703
-2.104,2.812
-2.066,1.404
-2.186,-0.378
-2.115,2.692
-2.156,0.888
-2.332,2.852
-2.367,1.198
-2.397,2.492
-2.541,2.174
-2.653,2.818
-2.646,2.383
-2.883,0.039
-2.996,0.17
-2.996,0.328
-3.036,3.138
-3.137,0.65
-3.139,1.017
-3.073,0.793
-3.097,0.321
-3.109,0.736
3.102,0.253
-3.125,-0.387
3.117,-0.572
3.063,-0.064
3.098,2.168
3.004,0.968
2.982,2.735
2.981,0.114
3.004,-0.609
2.937,1.966
2.942,0.201
2.842,1.836
2.817,2.844
2.815,-0.085
2.679,-0.763
2.067,-0.924
1.893,-0.777
1.409,-0.788
1.444,-0.956
1.072,-0.703
1.017,-0.79
0.547,-0.877
0.463,-1.111
-0.074,-0.981
-0.602,-0.762
-1.006,-0.78
-1.889,-0.795
-1.989,-0.983
-2.521,-1.025
-2.687,-0.894
-2.722,-0.782
1.885,3.44
1.506,3.527
1.284,3.633
0.871,3.595
0.818,3.633
0.475,3.57
0.477,3.698
-1.012,3.498
-1.127,3.7
-1.239,3.35
-1.512,3.383
-1.636,3.568
-2.044,3.464
3.073,3.705
2.987,3.437
0.415,-0.147
-0.536,0.873
-0.761,3.259
-2.365,-0.156
2.086,-1.032
-0.068,3.351
2.878,0.853
2.833,2.469
2.684,0.402
2.764,0.872
2.745,1.075
2.742,0.424
2.579,2.077
2.692,1.23
2.664,-0.184
2.6,1.917
2.452,0.061
2.467,1.915
1.94,0.806
1.766,0.666
1.861,0.803
1.691,1.128
1.647,1.123
1.573,3.187
1.634,2.393
1.62,0.759
1.481,0.675
1.267,2.924
1.253,1.84
1.215,0.474
1.297,0.7
1.183,0.452
1.08,0.424
0.934,3.063
0.916,2.171
0.876,3.133
0.855,-0.545
0.891,0.898
0.506,0.455
0.518,1.036
0.524,1.022
0.422,1.061
0.212,1.397
0.317,0.433
0.168,-0.16
0.24,0.084
0.238,0.828
0.19,2.163
0.181,-0.543
-0.023,1.984
0.061,1.849
-0.032,1.561
-0.342,2.231
-0.231,2.347
-0.514,1.698
-0.67,0.73
-0.707,0.758
-0.716,1.584
-1.273,2.44
-1.439,0.469
-1.327,1.24
-1.37,1.334
-1.462,0.491
-1.628,3.137
-1.638,0.424
-1.782,0.647
-1.717,0.276
-1.86,1.784
-1.972,1.271
-1.881,3.297
-1.887,1.433
-1.994,1.208
-2.008,1.547
-2.056,1.229
-1.946,-0.421
-1.987,-0.368
-1.986,1.654
-2.177,0.41
-2.29,1.163
-2.507,-0.395
-2.538,-0.198
-2.561,0.269
-2.702,-0.031
-3.061,0.836
-3.052,0.83
-3.046,-0.436
3.113,-0.232
2.979,1.992
2.969,0.894
2.802,1.95
2.037,-0.919
1.903,-0.859
1.782,-0.752
1.304,-0.8
0.569,-1.008
-0.096,-0.927
-1.574,-0.932
-2.068,-0.97
-3.137,-0.882
2.106,3.285
0.722,3.456
0.52,3.384
0.248,3.44
0.362,3.431
0.165,3.302
-0.133,3.554
-0.331,3.51
-0.629,3.303
-1.465,3.623
-1.673,3.643
-2.359,3.389
-2.537,3.647
-3.066,3.409
0.107,0.087
-1.058,1.034
-2.013,0.058
-1.998,2.637
-1.645,1.773
-1.798,0.997
-2.72,0.539
-2.697,2.534
-2.781,1.03
-2.822,1.356
-2.774,1.545
1.023,2.025
0.051,0.628
-0.485,2.92
-2.67,-0.369
-1.846,2.995
-2.638,3.198
-3.024,3.092
-2.985,3.245
3.031,3.108
1.324,-0.503
-2.691,-0.457
-2.606,-0.731
-2.794,3.711
2.991,3.454
-2.645,3.461
-0.02,0.131
-0.082,0.193
-0.123,-0.909
-0.167,-0.539
-0.1,0.558
-0.131,0.389
-0.214,-0.719
-0.21,-1.2
-0.274,-0.862
-0.281,-1.892
-0.305,0.5
-0.33,0.184
-0.345,-2.068
-0.29,-2.283
-0.306,0.084
-0.449,0.129
-0.502,-1.531
-0.486,-0.893
-0.574,-0.577
-0.676,-2.028
-0.727,-1.117
-0.735,-1.655
-0.701,-2.012
-0.806,-2.547
-0.817,-0.985
-0.823,-1.949
-0.812,-1.735
-0.792,-1.377
-0.915,-2.121
-0.951,-1.741
-0.958,-2.296
-1.038,1.169
-1.151,-2.563
-1.248,0.188
-1.327,-0.334
-1.387,1.178
-1.472,-0.33
-1.415,-1.096
-1.437,-0.961
-1.422,-0.837
-1.795,-1.296
-1.853,-1.637
-1.89,-1.724
-2.008,-2.346
-2.088,-0.259
-2.172,0.85
-2.134,-0.558
-2.254,-2.34
-2.183,0.73
-2.224,-1.074
-2.4,0.89
-2.435,-0.764
-2.465,0.53
-2.609,0.212
-2.721,0.856
-2.714,0.421
-2.951,-1.923
-3.064,-1.792
-3.064,-1.634
-3.104,1.176
3.078,-1.312
3.076,-0.945
-3.141,-1.169
3.118,-1.641
3.106,-1.226
3.034,-1.709
3.09,-2.349
3.049,-2.534
2.995,-2.026
3.03,0.206
2.936,-0.994
2.914,0.773
2.913,-1.848
2.936,-2.571
2.869,0.004
2.874,-1.761
2.774,-0.126
2.749,0.882
2.747,-2.047
2.611,-2.725
1.999,-2.886
1.825,-2.739
1.341,-2.75
1.376,-2.918
1.004,-2.665
0.949,-2.752
0.479,-2.839
0.395,-3.073
-0.142,-2.943
-0.67,-2.724
-1.074,-2.742
-1.957,-2.757
-2.057,-2.945
-2.589,-2.987
-2.755,-2.856
-2.79,-2.744
1.817,1.478
1.438,1.565
1.216,1.671
0.803,1.633
0.75,1.671
0.407,1.608
0.409,1.736
-1.08,1.536
-1.195,1.738
-1.307,1.388
-1.58,1.421
-1.704,1.606
-2.112,1.502
3.005,1.743
2.919,1.475
0.347,-2.109
-0.604,-1.089
-0.829,1.297
-2.433,-2.118
2.018,-2.994
-0.136,1.389
2.81,-1.109
2.765,0.507
2.616,-1.56
2.696,-1.09
2.677,-0.887
2.674,-1.538
2.511,0.115
2.624,-0.732
2.596,-2.146
2.532,-0.045
2.384,-1.901
2.399,-0.047
1.872,-1.156
1.698,-1.296
1.793,-1.159
1.623,-0.834
1.579,-0.839
1.505,1.225
1.566,0.431
1.552,-1.203
1.413,-1.287
1.199,0.962
1.185,-0.122
1.147,-1.488
1.229,-1.262
1.115,-1.51
1.012,-1.538
0.866,1.101
0.848,0.209
0.808,1.171
0.787,-2.507
0.823,-1.064
0.438,-1.507
0.45,-0.926
0.456,-0.94
0.354,-0.901
0.144,-0.565
0.249,-1.529
0.1,-2.122
0.172,-1.878
0.17,-1.134
0.122,0.201
0.113,-2.505
-0.091,0.022
-0.007,-0.113
-0.1,-0.401
-0.41,0.269
-0.299,0.385
-0.582,-0.264
-0.738,-1.232
-0.775,-1.204
-0.784,-0.378
-1.341,0.478
-1.507,-1.493
-1.395,-0.722
-1.438,-0.628
-1.53,-1.471
-1.696,1.175
-1.706,-1.538
-1.85,-1.315
-1.785,-1.686
-1.928,-0.178
-2.04,-0.691
-1.949,1.335
-1.955,-0.529
-2.062,-0.754
-2.076,-0.415
-2.124,-0.733
-2.014,-2.383
-2.055,-2.33
-2.054,-0.308
-2.245,-1.552
-2.358,-0.799
-2.575,-2.357
-2.606,-2.16
-2.629,-1.693
-2.77,-1.993
-3.129,-1.126
-3.12,-1.132
-3.114,-2.398
3.045,-2.194
2.911,0.03
2.901,-1.068
2.734,-0.012
1.969,-2.881
1.835,-2.821
1.714,-2.714
1.236,-2.762
0.501,-2.97
-0.164,-2.889
-1.642,-2.894
-2.136,-2.932
3.078,-2.844
2.038,1.323
0.654,1.494
0.452,1.422
0.18,1.478
0.294,1.469
0.097,1.34
-0.201,1.592
-0.399,1.548
-0.697,1.341
-1.533,1.661
-1.741,1.681
-2.427,1.427
-2.605,1.685
-3.134,1.447
0.039,-1.875
-1.126,-0.928
-2.081,-1.904
-2.066,0.675
-1.713,-0.189
-1.866,-0.965
-2.788,-1.423
-2.765,0.572
-2.849,-0.932
-2.89,-0.606
-2.842,-0.417
0.955,0.063
-0.017,-1.334
-0.553,0.958
-2.738,-2.331
-1.914,1.033
-2.706,1.236
-3.092,1.13
-3.053,1.283
2.963,1.146
1.256,-2.465
-2.759,-2.419
-2.674,-2.693
-2.862,1.749
2.923,1.492
-2.713,1.499
-0.062,0.062
-0.103,-1.04
-0.147,-0.67
-0.08,0.427
-0.111,0.258
-0.194,-0.85
-0.19,-1.331
-0.254,-0.993
-0.261,-2.023
-0.285,0.369
-0.31,0.053
-0.325,-2.199
-0.27,-2.414
-0.286,-0.047
-0.429,-0.002
-0.482,-1.662
-0.466,-1.024
-0.554,-0.708
-0.656,-2.159
-0.707,-1.248
-0.715,-1.786
-0.681,-2.143
-0.786,-2.678
-0.797,-1.116
-0.803,-2.08
-0.792,-1.866
-0.772,-1.508
-0.895,-2.252
-0.931,-1.872
-0.938,-2.427
-1.018,1.038
-1.131,-2.694
-1.228,0.057
-1.307,-0.465
-1.367,1.047
-1.452,-0.461
-1.395,-1.227
-1.417,-1.092
-1.402,-0.968
-1.775,-1.427
-1.833,-1.768
-1.87,-1.855
-1.988,-2.477
-2.068,-0.39
-2.152,0.719
-2.114,-0.689
-2.234,-2.471
-2.163,0.599
-2.204,-1.205
-2.38,0.759
-2.415,-0.895
-2.445,0.399
-2.589,0.081
-2.701,0.725
-2.694,0.29
-2.931,-2.054
-3.044,-1.923
-3.044,-1.765
-3.084,1.045
3.098,-1.443
3.096,-1.076
-3.121,-1.3
3.138,-1.772
3.126,-1.357
3.054,-1.84
3.11,-2.48
3.069,-2.665
3.015,-2.157
3.05,0.075
2.956,-1.125
2.934,0.642
2.933,-1.979
2.956,-2.702
2.889,-0.127
2.894,-1.892
2.794,-0.257
2.769,0.751
2.767,-2.178
2.631,-2.856
2.019,-3.017
1.845,-2.87
1.361,-2.881
1.396,-3.049
1.024,-2.796
0.969,-2.883
0.499,-2.97
0.415,-3.204
-0.122,-3.074
-0.65,-2.855
-1.054,-2.873
-1.937,-2.888
-2.037,-3.076
-2.569,-3.118
-2.735,-2.987
-2.77,-2.875
1.837,1.347
1.458,1.434
1.236,1.54
0.823,1.502
0.77,1.54
0.427,1.477
0.429,1.605
-1.06,1.405
-1.175,1.607
-1.287,1.257
-1.56,1.29
-1.684,1.475
-2.092,1.371
3.025,1.612
2.939,1.344
0.367,-2.24
-0.584,-1.22
-0.809,1.166
-2.413,-2.249
2.038,-3.125
-0.116,1.258
2.83,-1.24
2.785,0.376
2.636,-1.691
2.716,-1.221
2.697,-1.018
2.694,-1.669
2.531,-0.016
2.644,-0.863
2.616,-2.277
2.552,-0.176
2.404,-2.032
2.419,-0.178
1.892,-1.287
1.718,-1.427
1.813,-1.29
1.643,-0.965
1.599,-0.97
1.525,1.094
1.586,0.3
1.572,-1.334
1.433,-1.418
1.219,0.831
1.205,-0.253
1.167,-1.619
1.249,-1.393
1.135,-1.641
1.032,-1.669
0.886,0.97
0.868,0.078
0.828,1.04
0.807,-2.638
0.843,-1.195
0.458,-1.638
0.47,-1.057
0.476,-1.071
0.374,-1.032
0.164,-0.696
0.269,-1.66
0.12,-2.253
0.192,-2.009
0.19,-1.265
0.142,0.07
0.133,-2.636
-0.071,-0.109
0.013,-0.244
-0.08,-0.532
-0.39,0.138
-0.279,0.254
-0.562,-0.395
-0.718,-1.363
-0.755,-1.335
-0.764,-0.509
-1.321,0.347
-1.487,-1.624
-1.375,-0.853
-1.418,-0.759
-1.51,-1.602
-1.676,1.044
-1.686,-1.669
-1.83,-1.446
-1.765,-1.817
-1.908,-0.309
-2.02,-0.822
-1.929,1.204
-1.935,-0.66
-2.042,-0.885
-2.056,-0.546
-2.104,-0.864
-1.994,-2.514
-2.035,-2.461
-2.034,-0.439
-2.225,-1.683
-2.338,-0.93
-2.555,-2.488
-2.586,-2.291
-2.609,-1.824
-2.75,-2.124
-3.109,-1.257
-3.1,-1.263
-3.094,-2.529
3.065,-2.325
2.931,-0.101
2.921,-1.199
2.754,-0.143
1.989,-3.012
1.855,-2.952
1.734,-2.845
1.256,-2.893
0.521,-3.101
-0.144,-3.02
-1.622,-3.025
-2.116,-3.063
3.098,-2.975
2.058,1.192
0.674,1.363
0.472,1.291
0.2,1.347
0.314,1.338
0.117,1.209
-0.181,1.461
-0.379,1.417
-0.677,1.21
-1.513,1.53
-1.721,1.55
-2.407,1.296
-2.585,1.554
-3.114,1.316
0.059,-2.006
-1.106,-1.059
-2.061,-2.035
-2.046,0.544
-1.693,-0.32
-1.846,-1.096
-2.768,-1.554
-2.745,0.441
-2.829,-1.063
-2.87,-0.737
-2.822,-0.548
0.975,-0.068
0.003,-1.465
-0.533,0.827
-2.718,-2.462
-1.894,0.902
-2.686,1.105
-3.072,0.999
-3.033,1.152
2.983,1.015
1.276,-2.596
-2.739,-2.55
-2.654,-2.824
-2.842,1.618
2.943,1.361
-2.693,1.368
-0.041,-1.102
-0.085,-0.732
-0.018,0.365
-0.049,0.196
-0.132,-0.912
-0.128,-1.393
-0.192,-1.055
-0.199,-2.085
-0.223,0.307
-0.248,-0.009
-0.263,-2.261
-0.208,-2.476
-0.224,-0.109
-0.367,-0.064
-0.42,-1.724
-0.404,-1.086
-0.492,-0.77
-0.594,-2.221
-0.645,-1.31
-0.653,-1.848
-0.619,-2.205
-0.724,-2.74
-0.735,-1.178
-0.741,-2.142
-0.73,-1.928
-0.71,-1.57
-0.833,-2.314
-0.869,-1.934
-0.876,-2.489
-0.956,0.976
-1.069,-2.756
-1.166,-0.005
-1.245,-0.527
-1.305,0.985
-1.39,-0.523
-1.333,-1.289
-1.355,-1.154
-1.34,-1.03
-1.713,-1.489
-1.771,-1.83
-1.808,-1.917
-1.926,-2.539
-2.006,-0.452
-2.09,0.657
-2.052,-0.751
-2.172,-2.533
-2.101,0.537
-2.142,-1.267
-2.318,0.697
-2.353,-0.957
-2.383,0.337
-2.527,0.019
-2.639,0.663
-2.632,0.228
-2.869,-2.116
-2.982,-1.985
-2.982,-1.827
-3.022,0.983
-3.123,-1.505
-3.125,-1.138
-3.059,-1.362
-3.083,-1.834
-3.095,-1.419
3.116,-1.902
-3.111,-2.542
3.131,-2.727
3.077,-2.219
3.112,0.013
3.018,-1.187
2.996,0.58
2.995,-2.041
3.018,-2.764
2.951,-0.189
2.956,-1.954
2.856,-0.319
2.831,0.689
2.829,-2.24
2.693,-2.918
2.081,-3.079
1.907,-2.932
1.423,-2.943
1.458,-3.111
1.086,-2.858
1.031,-2.945
0.561,-3.032
0.477,-3.266
-0.06,-3.136
-0.588,-2.917
-0.992,-2.935
-1.875,-2.95
-1.975,-3.138
-2.507,-3.18
-2.673,-3.049
-2.708,-2.937
1.899,1.285
1.52,1.372
1.298,1.478
0.885,1.44
0.832,1.478
0.489,1.415
0.491,1.543
-0.998,1.343
-1.113,1.545
-1.225,1.195
-1.498,1.228
-1.622,1.413
-2.03,1.309
3.087,1.55
3.001,1.282
0.429,-2.302
-0.522,-1.282
-0.747,1.104
-2.351,-2.311
2.1,-3.187
-0.054,1.196
2.892,-1.302
2.847,0.314
2.698,-1.753
2.778,-1.283
2.759,-1.08
2.756,-1.731
2.593,-0.078
2.706,-0.925
2.678,-2.339
2.614,-0.238
2.466,-2.094
2.481,-0.24
1.954,-1.349
1.78,-1.489
1.875,-1.352
1.705,-1.027
1.661,-1.032
1.587,1.032
1.648,0.238
1.634,-1.396
1.495,-1.48
1.281,0.769
1.267,-0.315
1.229,-1.681
1.311,-1.455
1.197,-1.703
1.094,-1.731
0.948,0.908
0.93,0.016
0.89,0.978
0.869,-2.7
0.905,-1.257
0.52,-1.7
0.532,-1.119
0.538,-1.133
0.436,-1.094
0.226,-0.758
0.331,-1.722
0.182,-2.315
0.254,-2.071
0.252,-1.327
0.204,0.008
0.195,-2.698
-0.009,-0.171
0.075,-0.306
-0.018,-0.594
-0.328,0.076
-0.217,0.192
-0.5,-0.457
-0.656,-1.425
-0.693,-1.397
-0.702,-0.571
-1.259,0.285
-1.425,-1.686
-1.313,-0.915
-1.356,-0.821
-1.448,-1.664
-1.614,0.982
-1.624,-1.731
-1.768,-1.508
-1.703,-1.879
-1.846,-0.371
-1.958,-0.884
-1.867,1.142
-1.873,-0.722
-1.98,-0.947
-1.994,-0.608
-2.042,-0.926
-1.932,-2.576
-1.973,-2.523
-1.972,-0.501
-2.163,-1.745
-2.276,-0.992
-2.493,-2.55
-2.524,-2.353
-2.547,-1.886
-2.688,-2.186
-3.047,-1.319
-3.038,-1.325
-3.032,-2.591
3.127,-2.387
2.993,-0.163
2.983,-1.261
2.816,-0.205
2.051,-3.074
1.917,-3.014
1.796,-2.907
1.318,-2.955
0.583,-3.163
-0.082,-3.082
-1.56,-3.087
-2.054,-3.125
-3.123,-3.037
2.12,1.13
0.736,1.301
0.534,1.229
0.262,1.285
0.376,1.276
0.179,1.147
-0.119,1.399
-0.317,1.355
-0.615,1.148
-1.451,1.468
-1.659,1.488
-2.345,1.234
-2.523,1.492
-3.052,1.254
0.121,-2.068
-1.044,-1.121
-1.999,-2.097
-1.984,0.482
-1.631,-0.382
-1.784,-1.158
-2.706,-1.616
-2.683,0.379
-2.767,-1.125
-2.808,-0.799
-2.76,-0.61
1.037,-0.13
0.065,-1.527
-0.471,0.765
-2.656,-2.524
-1.832,0.84
-2.624,1.043
-3.01,0.937
-2.971,1.09
3.045,0.953
1.338,-2.658
-2.677,-2.612
-2.592,-2.886
-2.78,1.556
3.005,1.299
-2.631,1.306
-0.044,0.37
0.023,1.467
-0.008,1.298
-0.091,0.19
-0.087,-0.291
-0.151,0.047
-0.158,-0.983
-0.182,1.409
-0.207,1.093
-0.222,-1.159
-0.167,-1.374
-0.183,0.993
-0.326,1.038
-0.379,-0.622
-0.363,0.016
-0.451,0.332
-0.553,-1.119
-0.604,-0.208
-0.612,-0.746
-0.578,-1.103
-0.683,-1.638
-0.694,-0.076
-0.7,-1.04
-0.689,-0.826
-0.669,-0.468
-0.792,-1.212
-0.828,-0.832
-0.835,-1.387
-0.915,2.078
-1.028,-1.654
-1.125,1.097
-1.204,0.575
-1.264,2.087
-1.349,0.579
-1.292,-0.187
-1.314,-0.052
-1.299,0.072
-1.672,-0.387
-1.73,-0.728
-1.767,-0.815
-1.885,-1.437
-1.965,0.65
-2.049,1.759
-2.011,0.351
-2.131,-1.431
-2.06,1.639
-2.101,-0.165
-2.277,1.799
-2.312,0.145
-2.342,1.439
-2.486,1.121
-2.598,1.765
-2.591,1.33
-2.828,-1.014
-2.941,-0.883
-2.941,-0.725
-2.981,2.085
-3.082,-0.403
-3.084,-0.036
-3.018,-0.26
-3.042,-0.732
-3.054,-0.317
-3.126,-0.8
-3.07,-1.44
-3.111,-1.625
3.118,-1.117
-3.13,1.115
3.059,-0.085
3.037,1.682
3.036,-0.939
3.059,-1.662
2.992,0.913
2.997,-0.852
2.897,0.783
2.872,1.791
2.87,-1.138
2.734,-1.816
2.122,-1.977
1.948,-1.83
1.464,-1.841
1.499,-2.009
1.127,-1.756
1.072,-1.843
0.602,-1.93
0.518,-2.164
-0.019,-2.034
-0.547,-1.815
-0.951,-1.833
-1.834,-1.848
-1.934,-2.036
-2.466,-2.078
-2.632,-1.947
-2.667,-1.835
1.94,2.387
1.561,2.474
1.339,2.58
0.926,2.542
0.873,2.58
0.53,2.517
0.532,2.645
-0.957,2.445
-1.072,2.647
-1.184,2.297
-1.457,2.33
-1.581,2.515
-1.989,2.411
3.128,2.652
3.042,2.384
0.47,-1.2
-0.481,-0.18
-0.706,2.206
-2.31,-1.209
2.141,-2.085
-0.013,2.298
2.933,-0.2
2.888,1.416
2.739,-0.651
2.819,-0.181
2.8,0.022
2.797,-0.629
2.634,1.024
2.747,0.177
2.719,-1.237
2.655,0.864
2.507,-0.992
2.522,0.862
1.995,-0.247
1.821,-0.387
1.916,-0.25
1.746,0.075
1.702,0.07
1.628,2.134
1.689,1.34
1.675,-0.294
1.536,-0.378
1.322,1.871
1.308,0.787
1.27,-0.579
1.352,-0.353
1.238,-0.601
1.135,-0.629
0.989,2.01
0.971,1.118
0.931,2.08
0.91,-1.598
0.946,-0.155
0.561,-0.598
0.573,-0.017
0.579,-0.031
0.477,0.008
0.267,0.344
0.372,-0.62
0.223,-1.213
0.295,-0.969
0.293,-0.225
0.245,1.11
0.236,-1.596
0.032,0.931
0.116,0.796
0.023,0.508
-0.287,1.178
-0.176,1.294
-0.459,0.645
-0.615,-0.323
-0.652,-0.295
-0.661,0.531
-1.218,1.387
-1.384,-0.584
-1.272,0.187
-1.315,0.281
-1.407,-0.562
-1.573,2.084
-1.583,-0.629
-1.727,-0.406
-1.662,-0.777
-1.805,0.731
-1.917,0.218
-1.826,2.244
-1.832,0.38
-1.939,0.155
-1.953,0.494
-2.001,0.176
-1.891,-1.474
-1.932,-1.421
-1.931,0.601
-2.122,-0.643
-2.235,0.11
-2.452,-1.448
-2.483,-1.251
-2.506,-0.784
-2.647,-1.084
-3.006,-0.217
-2.997,-0.223
-2.991,-1.489
-3.115,-1.285
3.034,0.939
3.024,-0.159
2.857,0.897
2.092,-1.972
1.958,-1.912
1.837,-1.805
1.359,-1.853
0.624,-2.061
-0.041,-1.98
-1.519,-1.985
-2.013,-2.023
-3.082,-1.935
2.161,2.232
0.777,2.403
0.575,2.331
0.303,2.387
0.417,2.378
0.22,2.249
-0.078,2.501
-0.276,2.457
-0.574,2.25
-1.41,2.57
-1.618,2.59
-2.304,2.336
-2.482,2.594
-3.011,2.356
0.162,-0.966
-1.003,-0.019
-1.958,-0.995
-1.943,1.584
-1.59,0.72
-1.743,-0.056
-2.665,-0.514
-2.642,1.481
-2.726,-0.023
-2.767,0.303
-2.719,0.492
1.078,0.972
0.106,-0.425
-0.43,1.867
-2.615,-1.422
-1.791,1.942
-2.583,2.145
-2.969,2.039
-2.93,2.192
3.086,2.055
1.379,-1.556
-2.636,-1.51
-2.551,-1.784
-2.739,2.658
3.046,2.401
-2.59,2.408
0.067,1.097
0.036,0.928
-0.047,-0.18
-0.043,-0.661
-0.107,-0.323
-0.114,-1.353
-0.138,1.039
-0.163,0.723
-0.178,-1.529
-0.123,-1.744
-0.139,0.623
-0.282,0.668
-0.335,-0.992
-0.319,-0.354
-0.407,-0.038
-0.509,-1.489
-0.56,-0.578
-0.568,-1.116
-0.534,-1.473
-0.639,-2.008
-0.65,-0.446
-0.656,-1.41
-0.645,-1.196
-0.625,-0.838
-0.748,-1.582
-0.784,-1.202
-0.791,-1.757
-0.871,1.708
-0.984,-2.024
-1.081,0.727
-1.16,0.205
-1.22,1.717
-1.305,0.209
-1.248,-0.557
-1.27,-0.422
-1.255,-0.298
-1.628,-0.757
-1.686,-1.098
-1.723,-1.185
-1.841,-1.807
-1.921,0.28
-2.005,1.389
-1.967,-0.019
-2.087,-1.801
-2.016,1.269
-2.057,-0.535
-2.233,1.429
-2.268,-0.225
-2.298,1.069
-2.442,0.751
-2.554,1.395
-2.547,0.96
-2.784,-1.384
-2.897,-1.253
-2.897,-1.095
-2.937,1.715
-3.038,-0.773
-3.04,-0.406
-2.974,-0.63
-2.998,-1.102
-3.01,-0.687
-3.082,-1.17
-3.026,-1.81
-3.067,-1.995
-3.121,-1.487
-3.086,0.745
3.103,-0.455
3.081,1.312
3.08,-1.309
3.103,-2.032
3.036,0.543
3.041,-1.222
2.941,0.413
2.916,1.421
2.914,-1.508
2.778,-2.186
2.166,-2.347
1.992,-2.2
1.508,-2.211
1.543,-2.379
1.171,-2.126
1.116,-2.213
0.646,-2.3
0.562,-2.534
0.025,-2.404
-0.503,-2.185
-0.907,-2.203
-1.79,-2.218
-1.89,-2.406
-2.422,-2.448
-2.588,-2.317
-2.623,-2.205
1.984,2.017
1.605,2.104
1.383,2.21
0.97,2.172
0.917,2.21
0.574,2.147
0.576,2.275
-0.913,2.075
-1.028,2.277
-1.14,1.927
-1.413,1.96
-1.537,2.145
-1.945,2.041
-3.111,2.282
3.086,2.014
0.514,-1.57
-0.437,-0.55
-0.662,1.836
-2.266,-1.579
2.185,-2.455
0.031,1.928
2.977,-0.57
2.932,1.046
2.783,-1.021
2.863,-0.551
2.844,-0.348
2.841,-0.999
2.678,0.654
2.791,-0.193
2.763,-1.607
2.699,0.494
2.551,-1.362
2.566,0.492
2.039,-0.617
1.865,-0.757
1.96,-0.62
1.79,-0.295
1.746,-0.3
1.672,1.764
1.733,0.97
1.719,-0.664
1.58,-0.748
1.366,1.501
1.352,0.417
1.314,-0.949
1.396,-0.723
1.282,-0.971
1.179,-0.999
1.033,1.64
1.015,0.748
0.975,1.71
0.954,-1.968
0.99,-0.525
0.605,-0.968
0.617,-0.387
0.623,-0.401
0.521,-0.362
0.311,-0.026
0.416,-0.99
0.267,-1.583
0.339,-1.339
0.337,-0.595
0.289,0.74
0.28,-1.966
0.076,0.561
0.16,0.426
0.067,0.138
-0.243,0.808
-0.132,0.924
-0.415,0.275
-0.571,-0.693
-0.608,-0.665
-0.617,0.161
-1.174,1.017
-1.34,-0.954
-1.228,-0.183
-1.271,-0.089
-1.363,-0.932
-1.529,1.714
-1.539,-0.999
-1.683,-0.776
-1.618,-1.147
-1.761,0.361
-1.873,-0.152
-1.782,1.874
-1.788,0.01
-1.895,-0.215
-1.909,0.124
-1.957,-0.194
-1.847,-1.844
-1.888,-1.791
-1.887,0.231
-2.078,-1.013
-2.191,-0.26
-2.408,-1.818
-2.439,-1.621
-2.462,-1.154
-2.603,-1.454
-2.962,-0.587
-2.953,-0.593
-2.947,-1.859
-3.071,-1.655
3.078,0.569
3.068,-0.529
2.901,0.527
2.136,-2.342
2.002,-2.282
1.881,-2.175
1.403,-2.223
0.668,-2.431
0.003,-2.35
-1.475,-2.355
-1.969,-2.393
-3.038,-2.305
2.205,1.862
0.821,2.033
0.619,1.961
0.347,2.017
0.461,2.008
0.264,1.879
-0.034,2.131
-0.232,2.087
-0.53,1.88
-1.366,2.2
-1.574,2.22
-2.26,1.966
-2.438,2.224
-2.967,1.986
0.206,-1.336
-0.959,-0.389
-1.914,-1.365
-1.899,1.214
-1.546,0.35
-1.699,-0.426
-2.621,-0.884
-2.598,1.111
-2.682,-0.393
-2.723,-0.067
-2.675,0.122
1.122,0.602
0.15,-0.795
-0.386,1.497
-2.571,-1.792
-1.747,1.572
-2.539,1.775
-2.925,1.669
-2.886,1.822
3.13,1.685
1.423,-1.926
-2.592,-1.88
-2.507,-2.154
-2.695,2.288
3.09,2.031
-2.546,2.038
-0.031,-0.169
-0.114,-1.277
-0.11,-1.758
-0.174,-1.42
-0.181,-2.45
-0.205,-0.058
-0.23,-0.374
-0.245,-2.626
-0.19,-2.841
-0.206,-0.474
-0.349,-0.429
-0.402,-2.089
-0.386,-1.451
-0.474,-1.135
-0.576,-2.586
-0.627,-1.675
-0.635,-2.213
-0.601,-2.57
-0.706,-3.105
-0.717,-1.543
-0.723,-2.507
-0.712,-2.293
-0.692,-1.935
-0.815,-2.679
-0.851,-2.299
-0.858,-2.854
-0.938,0.611
-1.051,-3.121
-1.148,-0.37
-1.227,-0.892
-1.287,0.62
-1.372,-0.888
-1.315,-1.654
-1.337,-1.519
-1.322,-1.395
-1.695,-1.854
-1.753,-2.195
-1.79,-2.282
-1.908,-2.904
-1.988,-0.817
-2.072,0.292
-2.034,-1.116
-2.154,-2.898
-2.083,0.172
-2.124,-1.632
-2.3,0.332
-2.335,-1.322
-2.365,-0.028
-2.509,-0.346
-2.621,0.298
-2.614,-0.137
-2.851,-2.481
-2.964,-2.35
-2.964,-2.192
-3.004,0.618
-3.105,-1.87
-3.107,-1.503
-3.041,-1.727
-3.065,-2.199
-3.077,-1.784
3.134,-2.267
-3.093,-2.907
-3.134,-3.092
3.095,-2.584
3.13,-0.352
3.036,-1.552
3.014,0.215
3.013,-2.406
3.036,-3.129
2.969,-0.554
2.974,-2.319
2.874,-0.684
2.849,0.324
2.847,-2.605
2.711,-3.283
2.099,-3.444
1.925,-3.297
1.441,-3.308
1.476,-3.476
1.104,-3.223
1.049,-3.31
0.579,-3.397
0.495,-3.631
-0.042,-3.501
-0.57,-3.282
-0.974,-3.3
-1.857,-3.315
-1.957,-3.503
-2.489,-3.545
-2.655,-3.414
-2.69,-3.302
1.917,0.92
1.538,1.007
1.316,1.113
0.903,1.075
0.85,1.113
0.507,1.05
0.509,1.178
-0.98,0.978
-1.095,1.18
-1.207,0.83
-1.48,0.863
-1.604,1.048
-2.012,0.944
3.105,1.185
3.019,0.917
0.447,-2.667
-0.504,-1.647
-0.729,0.739
-2.333,-2.676
2.118,-3.552
-0.036,0.831
2.91,-1.667
2.865,-0.051
2.716,-2.118
2.796,-1.648
2.777,-1.445
2.774,-2.096
2.611,-0.443
2.724,-1.29
2.696,-2.704
2.632,-0.603
2.484,-2.459
2.499,-0.605
1.972,-1.714
1.798,-1.854
1.893,-1.717
1.723,-1.392
1.679,-1.397
1.605,0.667
1.666,-0.127
1.652,-1.761
1.513,-1.845
1.299,0.404
1.285,-0.68
1.247,-2.046
1.329,-1.82
1.215,-2.068
1.112,-2.096
0.966,0.543
0.948,-0.349
0.908,0.613
0.887,-3.065
0.923,-1.622
0.538,-2.065
0.55,-1.484
0.556,-1.498
0.454,-1.459
0.244,-1.123
0.349,-2.087
0.2,-2.68
0.272,-2.436
0.27,-1.692
0.222,-0.357
0.213,-3.063
0.009,-0.536
0.093,-0.671
0.0,-0.959
-0.31,-0.289
-0.199,-0.173
-0.482,-0.822
-0.638,-1.79
-0.675,-1.762
-0.684,-0.936
-1.241,-0.08
-1.407,-2.051
-1.295,-1.28
-1.338,-1.186
-1.43,-2.029
-1.596,0.617
-1.606,-2.096
-1.75,-1.873
-1.685,-2.244
-1.828,-0.736
-1.94,-1.249
-1.849,0.777
-1.855,-1.087
-1.962,-1.312
-1.976,-0.973
-2.024,-1.291
-1.914,-2.941
-1.955,-2.888
-1.954,-0.866
-2.145,-2.11
-2.258,-1.357
-2.475,-2.915
-2.506,-2.718
-2.529,-2.251
-2.67,-2.551
-3.029,-1.684
-3.02,-1.69
-3.014,-2.956
-3.138,-2.752
3.011,-0.528
3.001,-1.626
2.834,-0.57
2.069,-3.439
1.935,-3.379
1.814,-3.272
1.336,-3.32
0.601,-3.528
-0.064,-3.447
-1.542,-3.452
-2.036,-3.49
-3.105,-3.402
2.138,0.765
0.754,0.936
0.552,0.864
0.28,0.92
0.394,0.911
0.197,0.782
-0.101,1.034
-0.299,0.99
-0.597,0.783
-1.433,1.103
-1.641,1.123
-2.327,0.869
-2.505,1.127
-3.034,0.889
0.139,-2.433
-1.026,-1.486
-1.981,-2.462
-1.966,0.117
-1.613,-0.747
-1.766,-1.523
-2.688,-1.981
-2.665,0.014
-2.749,-1.49
-2.79,-1.164
-2.742,-0.975
1.055,-0.495
0.083,-1.892
-0.453,0.4
-2.638,-2.889
-1.814,0.475
-2.606,0.678
-2.992,0.572
-2.953,0.725
3.063,0.588
1.356,-3.023
-2.659,-2.977
-2.574,-3.251
-2.762,1.191
3.023,0.934
-2.613,0.941
-0.083,-1.108
-0.079,-1.589
-0.143,-1.251
-0.15,-2.281
-0.174,0.111
-0.199,-0.205
-0.214,-2.457
-0.159,-2.672
-0.175,-0.305
-0.318,-0.26
-0.371,-1.92
-0.355,-1.282
-0.443,-0.966
-0.545,-2.417
-0.596,-1.506
-0.604,-2.044
-0.57,-2.401
-0.675,-2.936
-0.686,-1.374
-0.692,-2.338
-0.681,-2.124
-0.661,-1.766
-0.784,-2.51
-0.82,-2.13
-0.827,-2.685
-0.907,0.78
-1.02,-2.952
-1.117,-0.201
-1.196,-0.723
-1.256,0.789
-1.341,-0.719
-1.284,-1.485
-1.306,-1.35
-1.291,-1.226
-1.664,-1.685
-1.722,-2.026
-1.759,-2.113
-1.877,-2.735
-1.957,-0.648
-2.041,0.461
-2.003,-0.947
-2.123,-2.729
-2.052,0.341
-2.093,-1.463
-2.269,0.501
-2.304,-1.153
-2.334,0.141
-2.478,-0.177
-2.59,0.467
-2.583,0.032
-2.82,-2.312
-2.933,-2.181
-2.933,-2.023
-2.973,0.787
-3.074,-1.701
-3.076,-1.334
-3.01,-1.558
-3.034,-2.03
-3.046,-1.615
-3.118,-2.098
-3.062,-2.738
-3.103,-2.923
3.126,-2.415
-3.122,-0.183
3.067,-1.383
3.045,0.384
3.044,-2.237
3.067,-2.96
3.0,-0.385
3.005,-2.15
2.905,-0.515
2.88,0.493
2.878,-2.436
2.742,-3.114
2.13,-3.275
1.956,-3.128
1.472,-3.139
1.507,-3.307
1.135,-3.054
1.08,-3.141
0.61,-3.228
0.526,-3.462
-0.011,-3.332
-0.539,-3.113
-0.943,-3.131
-1.826,-3.146
-1.926,-3.334
-2.458,-3.376
-2.624,-3.245
-2.659,-3.133
1.948,1.089
1.569,1.176
1.347,1.282
0.934,1.244
0.881,1.282
0.538,1.219
0.54,1.347
-0.949,1.147
-1.064,1.349
-1.176,0.999
-1.449,1.032
-1.573,1.217
-1.981,1.113
3.136,1.354
3.05,1.086
0.478,-2.498
-0.473,-1.478
-0.698,0.908
-2.302,-2.507
2.149,-3.383
-0.005,1.0
2.941,-1.498
2.896,0.118
2.747,-1.949
2.827,-1.479
2.808,-1.276
2.805,-1.927
2.642,-0.274
2.755,-1.121
2.727,-2.535
2.663,-0.434
2.515,-2.29
2.53,-0.436
2.003,-1.545
1.829,-1.685
1.924,-1.548
1.754,-1.223
1.71,-1.228
1.636,0.836
1.697,0.042
1.683,-1.592
1.544,-1.676
1.33,0.573
1.316,-0.511
1.278,-1.877
1.36,-1.651
1.246,-1.899
1.143,-1.927
0.997,0.712
0.979,-0.18
0.939,0.782
0.918,-2.896
0.954,-1.453
0.569,-1.896
0.581,-1.315
0.587,-1.329
0.485,-1.29
0.275,-0.954
0.38,-1.918
0.231,-2.511
0.303,-2.267
0.301,-1.523
0.253,-0.188
0.244,-2.894
0.04,-0.367
0.124,-0.502
0.031,-0.79
-0.279,-0.12
-0.168,-0.004
-0.451,-0.653
-0.607,-1.621
-0.644,-1.593
-0.653,-0.767
-1.21,0.089
-1.376,-1.882
-1.264,-1.111
-1.307,-1.017
-1.399,-1.86
-1.565,0.786
-1.575,-1.927
-1.719,-1.704
-1.654,-2.075
-1.797,-0.567
-1.909,-1.08
-1.818,0.946
-1.824,-0.918
-1.931,-1.143
-1.945,-0.804
-1.993,-1.122
-1.883,-2.772
-1.924,-2.719
-1.923,-0.697
-2.114,-1.941
-2.227,-1.188
-2.444,-2.746
-2.475,-2.549
-2.498,-2.082
-2.639,-2.382
-2.998,-1.515
-2.989,-1.521
-2.983,-2.787
-3.107,-2.583
3.042,-0.359
3.032,-1.457
2.865,-0.401
2.1,-3.27
1.966,-3.21
1.845,-3.103
1.367,-3.151
0.632,-3.359
-0.033,-3.278
-1.511,-3.283
-2.005,-3.321
-3.074,-3.233
2.169,0.934
0.785,1.105
0.583,1.033
0.311,1.089
0.425,1.08
0.228,0.951
-0.07,1.203
-0.268,1.159
-0.566,0.952
-1.402,1.272
-1.61,1.292
-2.296,1.038
-2.474,1.296
-3.003,1.058
0.17,-2.264
-0.995,-1.317
-1.95,-2.293
-1.935,0.286
-1.582,-0.578
-1.735,-1.354
-2.657,-1.812
-2.634,0.183
-2.718,-1.321
-2.759,-0.995
-2.711,-0.806
1.086,-0.326
0.114,-1.723
-0.422,0.569
-2.607,-2.72
-1.783,0.644
-2.575,0.847
-2.961,0.741
-2.922,0.894
3.094,0.757
1.387,-2.854
-2.628,-2.808
-2.543,-3.082
-2.731,1.36
3.054,1.103
-2.582,1.11
0.004,-0.481
-0.06,-0.143
-0.067,-1.173
-0.091,1.219
-0.116,0.903
-0.131,-1.349
-0.076,-1.564
-0.092,0.803
-0.235,0.848
-0.288,-0.812
-0.272,-0.174
-0.36,0.142
-0.462,-1.309
-0.513,-0.398
-0.521,-0.936
-0.487,-1.293
-0.592,-1.828
-0.603,-0.266
-0.609,-1.23
-0.598,-1.016
-0.578,-0.658
-0.701,-1.402
-0.737,-1.022
-0.744,-1.577
-0.824,1.888
-0.937,-1.844
-1.034,0.907
-1.113,0.385
-1.173,1.897
-1.258,0.389
-1.201,-0.377
-1.223,-0.242
-1.208,-0.118
-1.581,-0.577
-1.639,-0.918
-1.676,-1.005
-1.794,-1.627
-1.874,0.46
-1.958,1.569
-1.92,0.161
-2.04,-1.621
-1.969,1.449
-2.01,-0.355
-2.186,1.609
-2.221,-0.045
-2.251,1.249
-2.395,0.931
-2.507,1.575
-2.5,1.14
-2.737,-1.204
-2.85,-1.073
-2.85,-0.915
-2.89,1.895
-2.991,-0.593
-2.993,-0.226
-2.927,-0.45
-2.951,-0.922
-2.963,-0.507
-3.035,-0.99
-2.979,-1.63
-3.02,-1.815
-3.074,-1.307
-3.039,0.925
-3.133,-0.275
3.128,1.492
3.127,-1.129
-3.133,-1.852
3.083,0.723
3.088,-1.042
2.988,0.593
2.963,1.601
2.961,-1.328
2.825,-2.006
2.213,-2.167
2.039,-2.02
1.555,-2.031
1.59,-2.199
1.218,-1.946
1.163,-2.033
0.693,-2.12
0.609,-2.354
0.072,-2.224
-0.456,-2.005
-0.86,-2.023
-1.743,-2.038
-1.843,-2.226
-2.375,-2.268
-2.541,-2.137
-2.576,-2.025
2.031,2.197
1.652,2.284
1.43,2.39
1.017,2.352
0.964,2.39
0.621,2.327
0.623,2.455
-0.866,2.255
-0.981,2.457
-1.093,2.107
-1.366,2.14
-1.49,2.325
-1.898,2.221
-3.064,2.462
3.133,2.194
0.561,-1.39
-0.39,-0.37
-0.615,2.016
-2.219,-1.399
2.232,-2.275
0.078,2.108
3.024,-0.39
2.979,1.226
2.83,-0.841
2.91,-0.371
2.891,-0.168
2.888,-0.819
2.725,0.834
2.838,-0.013
2.81,-1.427
2.746,0.674
2.598,-1.182
2.613,0.672
2.086,-0.437
1.912,-0.577
2.007,-0.44
1.837,-0.115
1.793,-0.12
1.719,1.944
1.78,1.15
1.766,-0.484
1.627,-0.568
1.413,1.681
1.399,0.597
1.361,-0.769
1.443,-0.543
1.329,-0.791
1.226,-0.819
1.08,1.82
1.062,0.928
1.022,1.89
1.001,-1.788
1.037,-0.345
0.652,-0.788
0.664,-0.207
0.67,-0.221
0.568,-0.182
0.358,0.154
0.463,-0.81
0.314,-1.403
0.386,-1.159
0.384,-0.415
0.336,0.92
0.327,-1.786
0.123,0.741
0.207,0.606
0.114,0.318
-0.196,0.988
-0.085,1.104
-0.368,0.455
-0.524,-0.513
-0.561,-0.485
-0.57,0.341
-1.127,1.197
-1.293,-0.774
-1.181,-0.003
-1.224,0.091
-1.316,-0.752
-1.482,1.894
-1.492,-0.819
-1.636,-0.596
-1.571,-0.967
-1.714,0.541
-1.826,0.028
-1.735,2.054
-1.741,0.19
-1.848,-0.035
-1.862,0.304
-1.91,-0.014
-1.8,-1.664
-1.841,-1.611
-1.84,0.411
-2.031,-0.833
-2.144,-0.08
-2.361,-1.638
-2.392,-1.441
-2.415,-0.974
-2.556,-1.274
-2.915,-0.407
-2.906,-0.413
-2.9,-1.679
-3.024,-1.475
3.125,0.749
3.115,-0.349
2.948,0.707
2.183,-2.162
2.049,-2.102
1.928,-1.995
1.45,-2.043
0.715,-2.251
0.05,-2.17
-1.428,-2.175
-1.922,-2.213
-2.991,-2.125
2.252,2.042
0.868,2.213
0.666,2.141
0.394,2.197
0.508,2.188
0.311,2.059
0.013,2.311
-0.185,2.267
-0.483,2.06
-1.319,2.38
-1.527,2.4
-2.213,2.146
-2.391,2.404
-2.92,2.166
0.253,-1.156
-0.912,-0.209
-1.867,-1.185
-1.852,1.394
-1.499,0.53
-1.652,-0.246
-2.574,-0.704
-2.551,1.291
-2.635,-0.213
-2.676,0.113
-2.628,0.302
1.169,0.782
0.197,-0.615
-0.339,1.677
-2.524,-1.612
-1.7,1.752
-2.492,1.955
-2.878,1.849
-2.839,2.002
-3.106,1.865
1.47,-1.746
-2.545,-1.7
-2.46,-1.974
-2.648,2.468
3.137,2.211
-2.499,2.218
-0.064,0.338
-0.071,-0.692
-0.095,1.7
-0.12,1.384
-0.135,-0.868
-0.08,-1.083
-0.096,1.284
-0.239,1.329
-0.292,-0.331
-0.276,0.307
-0.364,0.623
-0.466,-0.828
-0.517,0.083
-0.525,-0.455
-0.491,-0.812
-0.596,-1.347
-0.607,0.215
-0.613,-0.749
-0.602,-0.535
-0.582,-0.177
-0.705,-0.921
-0.741,-0.541
-0.748,-1.096
-0.828,2.369
-0.941,-1.363
-1.038,1.388
-1.117,0.866
-1.177,2.378
-1.262,0.87
-1.205,0.104
-1.227,0.239
-1.212,0.363
-1.585,-0.096
-1.643,-0.437
-1.68,-0.524
-1.798,-1.146
-1.878,0.941
-1.962,2.05
-1.924,0.642
-2.044,-1.14
-1.973,1.93
-2.014,0.126
-2.19,2.09
-2.225,0.436
-2.255,1.73
-2.399,1.412
-2.511,2.056
-2.504,1.621
-2.741,-0.723
-2.854,-0.592
-2.854,-0.434
-2.894,2.376
-2.995,-0.112
-2.997,0.255
-2.931,0.031
-2.955,-0.441
-2.967,-0.026
-3.039,-0.509
-2.983,-1.149
-3.024,-1.334
-3.078,-0.826
-3.043,1.406
-3.137,0.206
3.124,1.973
3.123,-0.648
-3.137,-1.371
3.079,1.204
3.084,-0.561
2.984,1.074
2.959,2.082
2.957,-0.847
2.821,-1.525
2.209,-1.686
2.035,-1.539
1.551,-1.55
1.586,-1.718
1.214,-1.465
1.159,-1.552
0.689,-1.639
0.605,-1.873
0.068,-1.743
-0.46,-1.524
-0.864,-1.542
-1.747,-1.557
-1.847,-1.745
-2.379,-1.787
-2.545,-1.656
-2.58,-1.544
2.027,2.678
1.648,2.765
1.426,2.871
1.013,2.833
0.96,2.871
0.617,2.808
0.619,2.936
-0.87,2.736
-0.985,2.938
-1.097,2.588
-1.37,2.621
-1.494,2.806
-1.902,2.702
-3.068,2.943
3.129,2.675
0.557,-0.909
-0.394,0.111
-0.619,2.497
-2.223,-0.918
2.228,-1.794
0.074,2.589
3.02,0.091
2.975,1.707
2.826,-0.36
2.906,0.11
2.887,0.313
2.884,-0.338
2.721,1.315
2.834,0.468
2.806,-0.946
2.742,1.155
2.594,-0.701
2.609,1.153
2.082,0.044
1.908,-0.096
2.003,0.041
1.833,0.366
1.789,0.361
1.715,2.425
1.776,1.631
1.762,-0.003
1.623,-0.087
1.409,2.162
1.395,1.078
1.357,-0.288
1.439,-0.062
1.325,-0.31
1.222,-0.338
1.076,2.301
1.058,1.409
1.018,2.371
0.997,-1.307
1.033,0.136
0.648,-0.307
0.66,0.274
0.666,0.26
0.564,0.299
0.354,0.635
0.459,-0.329
0.31,-0.922
0.382,-0.678
0.38,0.066
0.332,1.401
0.323,-1.305
0.119,1.222
0.203,1.087
0.11,0.799
-0.2,1.469
-0.089,1.585
-0.372,0.936
-0.528,-0.032
-0.565,-0.004
-0.574,0.822
-1.131,1.678
-1.297,-0.293
-1.185,0.478
-1.228,0.572
-1.32,-0.271
-1.486,2.375
-1.496,-0.338
-1.64,-0.115
-1.575,-0.486
-1.718,1.022
-1.83,0.509
-1.739,2.535
-1.745,0.671
-1.852,0.446
-1.866,0.785
-1.914,0.467
-1.804,-1.183
-1.845,-1.13
-1.844,0.892
-2.035,-0.352
-2.148,0.401
-2.365,-1.157
-2.396,-0.96
-2.419,-0.493
-2.56,-0.793
-2.919,0.074
-2.91,0.068
-2.904,-1.198
-3.028,-0.994
3.121,1.23
3.111,0.132
2.944,1.188
2.179,-1.681
2.045,-1.621
1.924,-1.514
1.446,-1.562
0.711,-1.77
0.046,-1.689
-1.432,-1.694
-1.926,-1.732
-2.995,-1.644
2.248,2.523
0.864,2.694
0.662,2.622
0.39,2.678
0.504,2.669
0.307,2.54
0.009,2.792
-0.189,2.748
-0.487,2.541
-1.323,2.861
-1.531,2.881
-2.217,2.627
-2.395,2.885
-2.924,2.647
0.249,-0.675
-0.916,0.272
-1.871,-0.704
-1.856,1.875
-1.503,1.011
-1.656,0.235
-2.578,-0.223
-2.555,1.772
-2.639,0.268
-2.68,0.594
-2.632,0.783
1.165,1.263
0.193,-0.134
-0.343,2.158
-2.528,-1.131
-1.704,2.233
-2.496,2.436
-2.882,2.33
-2.843,2.483
-3.11,2.346
1.466,-1.265
-2.549,-1.219
-2.464,-1.493
-2.652,2.949
3.133,2.692
-2.503,2.699
-0.007,-1.03
-0.031,1.362
-0.056,1.046
-0.071,-1.206
-0.016,-1.421
-0.032,0.946
-0.175,0.991
-0.228,-0.669
-0.212,-0.031
-0.3,0.285
-0.402,-1.166
-0.453,-0.255
-0.461,-0.793
-0.427,-1.15
-0.532,-1.685
-0.543,-0.123
-0.549,-1.087
-0.538,-0.873
-0.518,-0.515
-0.641,-1.259
-0.677,-0.879
-0.684,-1.434
-0.764,2.031
-0.877,-1.701
-0.974,1.05
-1.053,0.528
-1.113,2.04
-1.198,0.532
-1.141,-0.234
-1.163,-0.099
-1.148,0.025
-1.521,-0.434
-1.579,-0.775
-1.616,-0.862
-1.734,-1.484
-1.814,0.603
-1.898,1.712
-1.86,0.304
-1.98,-1.478
-1.909,1.592
-1.95,-0.212
-2.126,1.752
-2.161,0.098
-2.191,1.392
-2.335,1.074
-2.447,1.718
-2.44,1.283
-2.677,-1.061
-2.79,-0.93
-2.79,-0.772
-2.83,2.038
-2.931,-0.45
-2.933,-0.083
-2.867,-0.307
-2.891,-0.779
-2.903,-0.364
-2.975,-0.847
-2.919,-1.487
-2.96,-1.672
-3.014,-1.164
-2.979,1.068
-3.073,-0.132
-3.095,1.635
-3.096,-0.986
-3.073,-1.709
-3.14,0.866
-3.135,-0.899
3.048,0.736
3.023,1.744
3.021,-1.185
2.885,-1.863
2.273,-2.024
2.099,-1.877
1.615,-1.888
1.65,-2.056
1.278,-1.803
1.223,-1.89
0.753,-1.977
0.669,-2.211
0.132,-2.081
-0.396,-1.862
-0.8,-1.88
-1.683,-1.895
-1.783,-2.083
-2.315,-2.125
-2.481,-1.994
-2.516,-1.882
2.091,2.34
1.712,2.427
1.49,2.533
1.077,2.495
1.024,2.533
0.681,2.47
0.683,2.598
-0.806,2.398
-0.921,2.6
-1.033,2.25
-1.306,2.283
-1.43,2.468
-1.838,2.364
-3.004,2.605
-3.09,2.337
0.621,-1.247
-0.33,-0.227
-0.555,2.159
-2.159,-1.256
2.292,-2.132
0.138,2.251
3.084,-0.247
3.039,1.369
2.89,-0.698
2.97,-0.228
2.951,-0.025
2.948,-0.676
2.785,0.977
2.898,0.13
2.87,-1.284
2.806,0.817
2.658,-1.039
2.673,0.815
2.146,-0.294
1.972,-0.434
2.067,-0.297
1.897,0.028
1.853,0.023
1.779,2.087
1.84,1.293
1.826,-0.341
1.687,-0.425
1.473,1.824
1.459,0.74
1.421,-0.626
1.503,-0.4
1.389,-0.648
1.286,-0.676
1.14,1.963
1.122,1.071
1.082,2.033
1.061,-1.645
1.097,-0.202
0.712,-0.645
0.724,-0.064
0.73,-0.078
0.628,-0.039
0.418,0.297
0.523,-0.667
0.374,-1.26
0.446,-1.016
0.444,-0.272
0.396,1.063
0.387,-1.643
0.183,0.884
0.267,0.749
0.174,0.461
-0.136,1.131
-0.025,1.247
-0.308,0.598
-0.464,-0.37
-0.501,-0.342
-0.51,0.484
-1.067,1.34
-1.233,-0.631
-1.121,0.14
-1.164,0.234
-1.256,-0.609
-1.422,2.037
-1.432,-0.676
-1.576,-0.453
-1.511,-0.824
-1.654,0.684
-1.766,0.171
-1.675,2.197
-1.681,0.333
-1.788,0.108
-1.802,0.447
-1.85,0.129
-1.74,-1.521
-1.781,-1.468
-1.78,0.554
-1.971,-0.69
-2.084,0.063
-2.301,-1.495
-2.332,-1.298
-2.355,-0.831
-2.496,-1.131
-2.855,-0.264
-2.846,-0.27
-2.84,-1.536
-2.964,-1.332
-3.098,0.892
-3.108,-0.206
3.008,0.85
2.243,-2.019
2.109,-1.959
1.988,-1.852
1.51,-1.9
0.775,-2.108
0.11,-2.027
-1.368,-2.032
-1.862,-2.07
-2.931,-1.982
2.312,2.185
0.928,2.356
0.726,2.284
0.454,2.34
0.568,2.331
0.371,2.202
0.073,2.454
-0.125,2.41
-0.423,2.203
-1.259,2.523
-1.467,2.543
-2.153,2.289
-2.331,2.547
-2.86,2.309
0.313,-1.013
-0.852,-0.066
-1.807,-1.042
-1.792,1.537
-1.439,0.673
-1.592,-0.103
-2.514,-0.561
-2.491,1.434
-2.575,-0.07
-2.616,0.256
-2.568,0.445
1.229,0.925
0.257,-0.472
-0.279,1.82
-2.464,-1.469
-1.64,1.895
-2.432,2.098
-2.818,1.992
-2.779,2.145
-3.046,2.008
1.53,-1.603
-2.485,-1.557
-2.4,-1.831
-2.588,2.611
-3.086,2.354
-2.439,2.361
-0.024,2.392
-0.049,2.076
-0.064,-0.176
-0.009,-0.391
-0.025,1.976
-0.168,2.021
-0.221,0.361
-0.205,0.999
-0.293,1.315
-0.395,-0.136
-0.446,0.775
-0.454,0.237
-0.42,-0.12
-0.525,-0.655
-0.536,0.907
-0.542,-0.057
-0.531,0.157
-0.511,0.515
-0.634,-0.229
-0.67,0.151
-0.677,-0.404
-0.757,3.061
-0.87,-0.671
-0.967,2.08
-1.046,1.558
-1.106,3.07
-1.191,1.562
-1.134,0.796
-1.156,0.931
-1.141,1.055
-1.514,0.596
-1.572,0.255
-1.609,0.168
-1.727,-0.454
-1.807,1.633
-1.891,2.742
-1.853,1.334
-1.973,-0.448
-1.902,2.622
-1.943,0.818
-2.119,2.782
-2.154,1.128
-2.184,2.422
-2.328,2.104
-2.44,2.748
-2.433,2.313
-2.67,-0.031
-2.783,0.1
-2.783,0.258
-2.823,3.068
-2.924,0.58
-2.926,0.947
-2.86,0.723
-2.884,0.251
-2.896,0.666
-2.968,0.183
-2.912,-0.457
-2.953,-0.642
-3.007,-0.134
-2.972,2.098
-3.066,0.898
-3.088,2.665
-3.089,0.044
-3.066,-0.679
-3.133,1.896
-3.128,0.131
3.055,1.766
3.03,2.774
3.028,-0.155
2.892,-0.833
2.28,-0.994
2.106,-0.847
1.622,-0.858
1.657,-1.026
1.285,-0.773
1.23,-0.86
0.76,-0.947
0.676,-1.181
0.139,-1.051
-0.389,-0.832
-0.793,-0.85
-1.676,-0.865
-1.776,-1.053
-2.308,-1.095
-2.474,-0.964
-2.509,-0.852
2.098,3.37
1.719,3.457
1.497,3.563
1.084,3.525
1.031,3.563
0.688,3.5
0.69,3.628
-0.799,3.428
-0.914,3.63
-1.026,3.28
-1.299,3.313
-1.423,3.498
-1.831,3.394
-2.997,3.635
-3.083,3.367
0.628,-0.217
-0.323,0.803
-0.548,3.189
-2.152,-0.226
2.299,-1.102
0.145,3.281
3.091,0.783
3.046,2.399
2.897,0.332
2.977,0.802
2.958,1.005
2.955,0.354
2.792,2.007
2.905,1.16
2.877,-0.254
2.813,1.847
2.665,-0.009
2.68,1.845
2.153,0.736
1.979,0.596
2.074,0.733
1.904,1.058
1.86,1.053
1.786,3.117
1.847,2.323
1.833,0.689
1.694,0.605
1.48,2.854
1.466,1.77
1.428,0.404
1.51,0.63
1.396,0.382
1.293,0.354
1.147,2.993
1.129,2.101
1.089,3.063
1.068,-0.615
1.104,0.828
0.719,0.385
0.731,0.966
0.737,0.952
0.635,0.991
0.425,1.327
0.53,0.363
0.381,-0.23
0.453,0.014
0.451,0.758
0.403,2.093
0.394,-0.613
0.19,1.914
0.274,1.779
0.181,1.491
-0.129,2.161
-0.018,2.277
-0.301,1.628
-0.457,0.66
-0.494,0.688
-0.503,1.514
-1.06,2.37
-1.226,0.399
-1.114,1.17
-1.157,1.264
-1.249,0.421
-1.415,3.067
-1.425,0.354
-1.569,0.577
-1.504,0.206
-1.647,1.714
-1.759,1.201
-1.668,3.227
-1.674,1.363
-1.781,1.138
-1.795,1.477
-1.843,1.159
-1.733,-0.491
-1.774,-0.438
-1.773,1.584
-1.964,0.34
-2.077,1.093
-2.294,-0.465
-2.325,-0.268
-2.348,0.199
-2.489,-0.101
-2.848,0.766
-2.839,0.76
-2.833,-0.506
-2.957,-0.302
-3.091,1.922
-3.101,0.824
3.015,1.88
2.25,-0.989
2.116,-0.929
1.995,-0.822
1.517,-0.87
0.782,-1.078
0.117,-0.997
-1.361,-1.002
-1.855,-1.04
-2.924,-0.952
2.319,3.215
0.935,3.386
0.733,3.314
0.461,3.37
0.575,3.361
0.378,3.232
0.08,3.484
-0.118,3.44
-0.416,3.233
-1.252,3.553
-1.46,3.573
-2.146,3.319
-2.324,3.577
-2.853,3.339
0.32,0.017
-0.845,0.964
-1.8,-0.012
-1.785,2.567
-1.432,1.703
-1.585,0.927
-2.507,0.469
-2.484,2.464
-2.568,0.96
-2.609,1.286
-2.561,1.475
1.236,1.955
0.264,0.558
-0.272,2.85
-2.457,-0.439
-1.633,2.925
-2.425,3.128
-2.811,3.022
-2.772,3.175
-3.039,3.038
1.537,-0.573
-2.478,-0.527
-2.393,-0.801
-2.581,3.641
-3.079,3.384
-2.432,3.391
-0.025,-0.316
-0.04,-2.568
0.015,-2.783
-0.001,-0.416
-0.144,-0.371
-0.197,-2.031
-0.181,-1.393
-0.269,-1.077
-0.371,-2.528
-0.422,-1.617
-0.43,-2.155
-0.396,-2.512
-0.501,-3.047
-0.512,-1.485
-0.518,-2.449
-0.507,-2.235
-0.487,-1.877
-0.61,-2.621
-0.646,-2.241
-0.653,-2.796
-0.733,0.669
-0.846,-3.063
-0.943,-0.312
-1.022,-0.834
-1.082,0.678
-1.167,-0.83
-1.11,-1.596
-1.132,-1.461
-1.117,-1.337
-1.49,-1.796
-1.548,-2.137
-1.585,-2.224
-1.703,-2.846
-1.783,-0.759
-1.867,0.35
-1.829,-1.058
-1.949,-2.84
-1.878,0.23
-1.919,-1.574
-2.095,0.39
-2.13,-1.264
-2.16,0.03
-2.304,-0.288
-2.416,0.356
-2.409,-0.079
-2.646,-2.423
-2.759,-2.292
-2.759,-2.134
-2.799,0.676
-2.9,-1.812
-2.902,-1.445
-2.836,-1.669
-2.86,-2.141
-2.872,-1.726
-2.944,-2.209
-2.888,-2.849
-2.929,-3.034
-2.983,-2.526
-2.948,-0.294
-3.042,-1.494
-3.064,0.273
-3.065,-2.348
-3.042,-3.071
-3.109,-0.496
-3.104,-2.261
3.079,-0.626
3.054,0.382
3.052,-2.547
2.916,-3.225
2.304,-3.386
2.13,-3.239
1.646,-3.25
1.681,-3.418
1.309,-3.165
1.254,-3.252
0.784,-3.339
0.7,-3.573
0.163,-3.443
-0.365,-3.224
-0.769,-3.242
-1.652,-3.257
-1.752,-3.445
-2.284,-3.487
-2.45,-3.356
-2.485,-3.244
2.122,0.978
1.743,1.065
1.521,1.171
1.108,1.133
1.055,1.171
0.712,1.108
0.714,1.236
-0.775,1.036
-0.89,1.238
-1.002,0.888
-1.275,0.921
-1.399,1.106
-1.807,1.002
-2.973,1.243
-3.059,0.975
0.652,-2.609
-0.299,-1.589
-0.524,0.797
-2.128,-2.618
2.323,-3.494
0.169,0.889
3.115,-1.609
3.07,0.007
2.921,-2.06
3.001,-1.59
2.982,-1.387
2.979,-2.038
2.816,-0.385
2.929,-1.232
2.901,-2.646
2.837,-0.545
2.689,-2.401
2.704,-0.547
2.177,-1.656
2.003,-1.796
2.098,-1.659
1.928,-1.334
1.884,-1.339
1.81,0.725
1.871,-0.069
1.857,-1.703
1.718,-1.787
1.504,0.462
1.49,-0.622
1.452,-1.988
1.534,-1.762
1.42,-2.01
1.317,-2.038
1.171,0.601
1.153,-0.291
1.113,0.671
1.092,-3.007
1.128,-1.564
0.743,-2.007
0.755,-1.426
0.761,-1.44
0.659,-1.401
0.449,-1.065
0.554,-2.029
0.405,-2.622
0.477,-2.378
0.475,-1.634
0.427,-0.299
0.418,-3.005
0.214,-0.478
0.298,-0.613
0.205,-0.901
-0.105,-0.231
0.006,-0.115
-0.277,-0.764
-0.433,-1.732
-0.47,-1.704
-0.479,-0.878
-1.036,-0.022
-1.202,-1.993
-1.09,-1.222
-1.133,-1.128
-1.225,-1.971
-1.391,0.675
-1.401,-2.038
-1.545,-1.815
-1.48,-2.186
-1.623,-0.678
-1.735,-1.191
-1.644,0.835
-1.65,-1.029
-1.757,-1.254
-1.771,-0.915
-1.819,-1.233
-1.709,-2.883
-1.75,-2.83
-1.749,-0.808
-1.94,-2.052
-2.053,-1.299
-2.27,-2.857
-2.301,-2.66
-2.324,-2.193
-2.465,-2.493
-2.824,-1.626
-2.815,-1.632
-2.809,-2.898
-2.933,-2.694
-3.067,-0.47
-3.077,-1.568
3.039,-0.512
2.274,-3.381
2.14,-3.321
2.019,-3.214
1.541,-3.262
0.806,-3.47
0.141,-3.389
-1.337,-3.394
-1.831,-3.432
-2.9,-3.344
2.343,0.823
0.959,0.994
0.757,0.922
0.485,0.978
0.599,0.969
0.402,0.84
0.104,1.092
-0.094,1.048
-0.392,0.841
-1.228,1.161
-1.436,1.181
-2.122,0.927
-2.3,1.185
-2.829,0.947
0.344,-2.375
-0.821,-1.428
-1.776,-2.404
-1.761,0.175
-1.408,-0.689
-1.561,-1.465
-2.483,-1.923
-2.46,0.072
-2.544,-1.432
-2.585,-1.106
-2.537,-0.917
1.26,-0.437
0.288,-1.834
-0.248,0.458
-2.433,-2.831
-1.609,0.533
-2.401,0.736
-2.787,0.63
-2.748,0.783
-3.015,0.646
1.561,-2.965
-2.454,-2.919
-2.369,-3.193
-2.557,1.249
-3.055,0.992
-2.408,0.999
-0.015,-2.252
0.04,-2.467
0.024,-0.1
-0.119,-0.055
-0.172,-1.715
-0.156,-1.077
-0.244,-0.761
-0.346,-2.212
-0.397,-1.301
-0.405,-1.839
-0.371,-2.196
-0.476,-2.731
-0.487,-1.169
-0.493,-2.133
-0.482,-1.919
-0.462,-1.561
-0.585,-2.305
-0.621,-1.925
-0.628,-2.48
-0.708,0.985
-0.821,-2.747
-0.918,0.004
-0.997,-0.518
-1.057,0.994
-1.142,-0.514
-1.085,-1.28
-1.107,-1.145
-1.092,-1.021
-1.465,-1.48
-1.523,-1.821
-1.56,-1.908
-1.678,-2.53
-1.758,-0.443
-1.842,0.666
-1.804,-0.742
-1.924,-2.524
-1.853,0.546
-1.894,-1.258
-2.07,0.706
-2.105,-0.948
-2.135,0.346
-2.279,0.028
-2.391,0.672
-2.384,0.237
-2.621,-2.107
-2.734,-1.976
-2.734,-1.818
-2.774,0.992
-2.875,-1.496
-2.877,-1.129
-2.811,-1.353
-2.835,-1.825
-2.847,-1.41
-2.919,-1.893
-2.863,-2.533
-2.904,-2.718
-2.958,-2.21
-2.923,0.022
-3.017,-1.178
-3.039,0.589
-3.04,-2.032
-3.017,-2.755
-3.084,-0.18
-3.079,-1.945
3.104,-0.31
3.079,0.698
3.077,-2.231
2.941,-2.909
2.329,-3.07
2.155,-2.923
1.671,-2.934
1.706,-3.102
1.334,-2.849
1.279,-2.936
0.809,-3.023
0.725,-3.257
0.188,-3.127
-0.34,-2.908
-0.744,-2.926
-1.627,-2.941
-1.727,-3.129
-2.259,-3.171
-2.425,-3.04
-2.46,-2.928
2.147,1.294
1.768,1.381
1.546,1.487
1.133,1.449
1.08,1.487
0.737,1.424
0.739,1.552
-0.75,1.352
-0.865,1.554
-0.977,1.204
-1.25,1.237
-1.374,1.422
-1.782,1.318
-2.948,1.559
-3.034,1.291
0.677,-2.293
-0.274,-1.273
-0.499,1.113
-2.103,-2.302
2.348,-3.178
0.194,1.205
3.14,-1.293
3.095,0.323
2.946,-1.744
3.026,-1.274
3.007,-1.071
3.004,-1.722
2.841,-0.069
2.954,-0.916
2.926,-2.33
2.862,-0.229
2.714,-2.085
2.729,-0.231
2.202,-1.34
2.028,-1.48
2.123,-1.343
1.953,-1.018
1.909,-1.023
1.835,1.041
1.896,0.247
1.882,-1.387
1.743,-1.471
1.529,0.778
1.515,-0.306
1.477,-1.672
1.559,-1.446
1.445,-1.694
1.342,-1.722
1.196,0.917
1.178,0.025
1.138,0.987
1.117,-2.691
1.153,-1.248
0.768,-1.691
0.78,-1.11
0.786,-1.124
0.684,-1.085
0.474,-0.749
0.579,-1.713
0.43,-2.306
0.502,-2.062
0.5,-1.318
0.452,0.017
0.443,-2.689
0.239,-0.162
0.323,-0.297
0.23,-0.585
-0.08,0.085
0.031,0.201
-0.252,-0.448
-0.408,-1.416
-0.445,-1.388
-0.454,-0.562
-1.011,0.294
-1.177,-1.677
-1.065,-0.906
-1.108,-0.812
-1.2,-1.655
-1.366,0.991
-1.376,-1.722
-1.52,-1.499
-1.455,-1.87
-1.598,-0.362
-1.71,-0.875
-1.619,1.151
-1.625,-0.713
-1.732,-0.938
-1.746,-0.599
-1.794,-0.917
-1.684,-2.567
-1.725,-2.514
-1.724,-0.492
-1.915,-1.736
-2.028,-0.983
-2.245,-2.541
-2.276,-2.344
-2.299,-1.877
-2.44,-2.177
-2.799,-1.31
-2.79,-1.316
-2.784,-2.582
-2.908,-2.378
-3.042,-0.154
-3.052,-1.252
3.064,-0.196
2.299,-3.065
2.165,-3.005
2.044,-2.898
1.566,-2.946
0.831,-3.154
0.166,-3.073
-1.312,-3.078
-1.806,-3.116
-2.875,-3.028
2.368,1.139
0.984,1.31
0.782,1.238
0.51,1.294
0.624,1.285
0.427,1.156
0.129,1.408
-0.069,1.364
-0.367,1.157
-1.203,1.477
-1.411,1.497
-2.097,1.243
-2.275,1.501
-2.804,1.263
0.369,-2.059
-0.796,-1.112
-1.751,-2.088
-1.736,0.491
-1.383,-0.373
-1.536,-1.149
-2.458,-1.607
-2.435,0.388
-2.519,-1.116
-2.56,-0.79
-2.512,-0.601
1.285,-0.121
0.313,-1.518
-0.223,0.774
-2.408,-2.515
-1.584,0.849
-2.376,1.052
-2.762,0.946
-2.723,1.099
-2.99,0.962
1.586,-2.649
-2.429,-2.603
-2.344,-2.877
-2.532,1.565
-3.03,1.308
-2.383,1.315
0.055,-0.215
0.039,2.152
-0.104,2.197
-0.157,0.537
-0.141,1.175
-0.229,1.491
-0.331,0.04
-0.382,0.951
-0.39,0.413
-0.356,0.056
-0.461,-0.479
-0.472,1.083
-0.478,0.119
-0.467,0.333
-0.447,0.691
-0.57,-0.053
-0.606,0.327
-0.613,-0.228
-0.693,3.237
-0.806,-0.495
-0.903,2.256
-0.982,1.734
-1.042,3.246
-1.127,1.738
-1.07,0.972
-1.092,1.107
-1.077,1.231
-1.45,0.772
-1.508,0.431
-1.545,0.344
-1.663,-0.278
-1.743,1.809
-1.827,2.918
-1.789,1.51
-1.909,-0.272
-1.838,2.798
-1.879,0.994
-2.055,2.958
-2.09,1.304
-2.12,2.598
-2.264,2.28
-2.376,2.924
-2.369,2.489
-2.606,0.145
-2.719,0.276
-2.719,0.434
-2.759,3.244
-2.86,0.756
-2.862,1.123
-2.796,0.899
-2.82,0.427
-2.832,0.842
-2.904,0.359
-2.848,-0.281
-2.889,-0.466
-2.943,0.042
-2.908,2.274
-3.002,1.074
-3.024,2.841
-3.025,0.22
-3.002,-0.503
-3.069,2.072
-3.064,0.307
3.119,1.942
3.094,2.95
3.092,0.021
2.956,-0.657
2.344,-0.818
2.17,-0.671
1.686,-0.682
1.721,-0.85
1.349,-0.597
1.294,-0.684
0.824,-0.771
0.74,-1.005
0.203,-0.875
-0.325,-0.656
-0.729,-0.674
-1.612,-0.689
-1.712,-0.877
-2.244,-0.919
-2.41,-0.788
-2.445,-0.676
2.162,3.546
1.783,3.633
1.561,3.739
1.148,3.701
1.095,3.739
0.752,3.676
0.754,3.804
-0.735,3.604
-0.85,3.806
-0.962,3.456
-1.235,3.489
-1.359,3.674
-1.767,3.57
-2.933,3.811
-3.019,3.543
0.692,-0.041
-0.259,0.979
-0.484,3.365
-2.088,-0.05
2.363,-0.926
0.209,3.457
-3.128,0.959
3.11,2.575
2.961,0.508
3.041,0.978
3.022,1.181
3.019,0.53
2.856,2.183
2.969,1.336
2.941,-0.078
2.877,2.023
2.729,0.167
2.744,2.021
2.217,0.912
2.043,0.772
2.138,0.909
1.968,1.234
1.924,1.229
1.85,3.293
1.911,2.499
1.897,0.865
1.758,0.781
1.544,3.03
1.53,1.946
1.492,0.58
1.574,0.806
1.46,0.558
1.357,0.53
1.211,3.169
1.193,2.277
1.153,3.239
1.132,-0.439
1.168,1.004
0.783,0.561
0.795,1.142
0.801,1.128
0.699,1.167
0.489,1.503
0.594,0.539
0.445,-0.054
0.517,0.19
0.515,0.934
0.467,2.269
0.458,-0.437
0.254,2.09
0.338,1.955
0.245,1.667
-0.065,2.337
0.046,2.453
-0.237,1.804
-0.393,0.836
-0.43,0.864
-0.439,1.69
-0.996,2.546
-1.162,0.575
-1.05,1.346
-1.093,1.44
-1.185,0.597
-1.351,3.243
-1.361,0.53
-1.505,0.753
-1.44,0.382
-1.583,1.89
-1.695,1.377
-1.604,3.403
-1.61,1.539
-1.717,1.314
-1.731,1.653
-1.779,1.335
-1.669,-0.315
-1.71,-0.262
-1.709,1.76
-1.9,0.516
-2.013,1.269
-2.23,-0.289
-2.261,-0.092
-2.284,0.375
-2.425,0.075
-2.784,0.942
-2.775,0.936
-2.769,-0.33
-2.893,-0.126
-3.027,2.098
-3.037,1.0
3.079,2.056
2.314,-0.813
2.18,-0.753
2.059,-0.646
1.581,-0.694
0.846,-0.902
0.181,-0.821
-1.297,-0.826
-1.791,-0.864
-2.86,-0.776
2.383,3.391
0.999,3.562
0.797,3.49
0.525,3.546
0.639,3.537
0.442,3.408
0.144,3.66
-0.054,3.616
-0.352,3.409
-1.188,3.729
-1.396,3.749
-2.082,3.495
-2.26,3.753
-2.789,3.515
0.384,0.193
-0.781,1.14
-1.736,0.164
-1.721,2.743
-1.368,1.879
-1.521,1.103
-2.443,0.645
-2.42,2.64
-2.504,1.136
-2.545,1.462
-2.497,1.651
1.3,2.131
0.328,0.734
-0.208,3.026
-2.393,-0.263
-1.569,3.101
-2.361,3.304
-2.747,3.198
-2.708,3.351
-2.975,3.214
1.601,-0.397
-2.414,-0.351
-2.329,-0.625
-2.517,3.817
-3.015,3.56
-2.368,3.567
-0.016,2.367
-0.159,2.412
-0.212,0.752
-0.196,1.39
-0.284,1.706
-0.386,0.255
-0.437,1.166
-0.445,0.628
-0.411,0.271
-0.516,-0.264
-0.527,1.298
-0.533,0.334
-0.522,0.548
-0.502,0.906
-0.625,0.162
-0.661,0.542
-0.668,-0.013
-0.748,3.452
-0.861,-0.28
-0.958,2.471
-1.037,1.949
-1.097,3.461
-1.182,1.953
-1.125,1.187
-1.147,1.322
-1.132,1.446
-1.505,0.987
-1.563,0.646
-1.6,0.559
-1.718,-0.063
-1.798,2.024
-1.882,3.133
-1.844,1.725
-1.964,-0.057
-1.893,3.013
-1.934,1.209
-2.11,3.173
-2.145,1.519
-2.175,2.813
-2.319,2.495
-2.431,3.139
-2.424,2.704
-2.661,0.36
-2.774,0.491
-2.774,0.649
-2.814,3.459
-2.915,0.971
-2.917,1.338
-2.851,1.114
-2.875,0.642
-2.887,1.057
-2.959,0.574
-2.903,-0.066
-2.944,-0.251
-2.998,0.257
-2.963,2.489
-3.057,1.289
-3.079,3.056
-3.08,0.435
-3.057,-0.288
-3.124,2.287
-3.119,0.522
3.064,2.157
3.039,3.165
3.037,0.236
2.901,-0.442
2.289,-0.603
2.115,-0.456
1.631,-0.467
1.666,-0.635
1.294,-0.382
1.239,-0.469
0.769,-0.556
0.685,-0.79
0.148,-0.66
-0.38,-0.441
-0.784,-0.459
-1.667,-0.474
-1.767,-0.662
-2.299,-0.704
-2.465,-0.573
-2.5,-0.461
2.107,3.761
1.728,3.848
1.506,3.954
1.093,3.916
1.04,3.954
0.697,3.891
0.699,4.019
-0.79,3.819
-0.905,4.021
-1.017,3.671
-1.29,3.704
-1.414,3.889
-1.822,3.785
-2.988,4.026
-3.074,3.758
0.637,0.174
-0.314,1.194
-0.539,3.58
-2.143,0.165
2.308,-0.711
0.154,3.672
3.1,1.174
3.055,2.79
2.906,0.723
2.986,1.193
2.967,1.396
2.964,0.745
2.801,2.398
2.914,1.551
2.886,0.137
2.822,2.238
2.674,0.382
2.689,2.236
2.162,1.127
1.988,0.987
2.083,1.124
1.913,1.449
1.869,1.444
1.795,3.508
1.856,2.714
1.842,1.08
1.703,0.996
1.489,3.245
1.475,2.161
1.437,0.795
1.519,1.021
1.405,0.773
1.302,0.745
1.156,3.384
1.138,2.492
1.098,3.454
1.077,-0.224
1.113,1.219
0.728,0.776
0.74,1.357
0.746,1.343
0.644,1.382
0.434,1.718
0.539,0.754
0.39,0.161
0.462,0.405
0.46,1.149
0.412,2.484
0.403,-0.222
0.199,2.305
0.283,2.17
0.19,1.882
-0.12,2.552
-0.009,2.668
-0.292,2.019
-0.448,1.051
-0.485,1.079
-0.494,1.905
-1.051,2.761
-1.217,0.79
-1.105,1.561
-1.148,1.655
-1.24,0.812
-1.406,3.458
-1.416,0.745
-1.56,0.968
-1.495,0.597
-1.638,2.105
-1.75,1.592
-1.659,3.618
-1.665,1.754
-1.772,1.529
-1.786,1.868
-1.834,1.55
-1.724,-0.1
-1.765,-0.047
-1.764,1.975
-1.955,0.731
-2.068,1.484
-2.285,-0.074
-2.316,0.123
-2.339,0.59
-2.48,0.29
-2.839,1.157
-2.83,1.151
-2.824,-0.115
-2.948,0.089
-3.082,2.313
-3.092,1.215
3.024,2.271
2.259,-0.598
2.125,-0.538
2.004,-0.431
1.526,-0.479
0.791,-0.687
0.126,-0.606
-1.352,-0.611
-1.846,-0.649
-2.915,-0.561
2.328,3.606
0.944,3.777
0.742,3.705
0.47,3.761
0.584,3.752
0.387,3.623
0.089,3.875
-0.109,3.831
-0.407,3.624
-1.243,3.944
-1.451,3.964
-2.137,3.71
-2.315,3.968
-2.844,3.73
0.329,0.408
-0.836,1.355
-1.791,0.379
-1.776,2.958
-1.423,2.094
-1.576,1.318
-2.498,0.86
-2.475,2.855
-2.559,1.351
-2.6,1.677
-2.552,1.866
1.245,2.346
0.273,0.949
-0.263,3.241
-2.448,-0.048
-1.624,3.316
-2.416,3.519
-2.802,3.413
-2.763,3.566
-3.03,3.429
1.546,-0.182
-2.469,-0.136
-2.384,-0.41
-2.572,4.032
-3.07,3.775
-2.423,3.782
-0.143,0.045
-0.196,-1.615
-0.18,-0.977
-0.268,-0.661
-0.37,-2.112
-0.421,-1.201
-0.429,-1.739
-0.395,-2.096
-0.5,-2.631
-0.511,-1.069
-0.517,-2.033
-0.506,-1.819
-0.486,-1.461
-0.609,-2.205
-0.645,-1.825
-0.652,-2.38
-0.732,1.085
-0.845,-2.647
-0.942,0.104
-1.021,-0.418
-1.081,1.094
-1.166,-0.414
-1.109,-1.18
-1.131,-1.045
-1.116,-0.921
-1.489,-1.38
-1.547,-1.721
-1.584,-1.808
-1.702,-2.43
-1.782,-0.343
-1.866,0.766
-1.828,-0.642
-1.948,-2.424
-1.877,0.646
-1.918,-1.158
-2.094,0.806
-2.129,-0.848
-2.159,0.446
-2.303,0.128
-2.415,0.772
-2.408,0.337
-2.645,-2.007
-2.758,-1.876
-2.758,-1.718
-2.798,1.092
-2.899,-1.396
-2.901,-1.029
-2.835,-1.253
-2.859,-1.725
-2.871,-1.31
-2.943,-1.793
-2.887,-2.433
-2.928,-2.618
-2.982,-2.11
-2.947,0.122
-3.041,-1.078
-3.063,0.689
-3.064,-1.932
-3.041,-2.655
-3.108,-0.08
-3.103,-1.845
3.08,-0.21
3.055,0.798
3.053,-2.131
2.917,-2.809
2.305,-2.97
2.131,-2.823
1.647,-2.834
1.682,-3.002
1.31,-2.749
1.255,-2.836
0.785,-2.923
0.701,-3.157
0.164,-3.027
-0.364,-2.808
-0.768,-2.826
-1.651,-2.841
-1.751,-3.029
-2.283,-3.071
-2.449,-2.94
-2.484,-2.828
2.123,1.394
1.744,1.481
1.522,1.587
1.109,1.549
1.056,1.587
0.713,1.524
0.715,1.652
-0.774,1.452
-0.889,1.654
-1.001,1.304
-1.274,1.337
-1.398,1.522
-1.806,1.418
-2.972,1.659
-3.058,1.391
0.653,-2.193
-0.298,-1.173
-0.523,1.213
-2.127,-2.202
2.324,-3.078
0.17,1.305
3.116,-1.193
3.071,0.423
2.922,-1.644
3.002,-1.174
2.983,-0.971
2.98,-1.622
2.817,0.031
2.93,-0.816
2.902,-2.23
2.838,-0.129
2.69,-1.985
2.705,-0.131
2.178,-1.24
2.004,-1.38
2.099,-1.243
1.929,-0.918
1.885,-0.923
1.811,1.141
1.872,0.347
1.858,-1.287
1.719,-1.371
1.505,0.878
1.491,-0.206
1.453,-1.572
1.535,-1.346
1.421,-1.594
1.318,-1.622
1.172,1.017
1.154,0.125
1.114,1.087
1.093,-2.591
1.129,-1.148
0.744,-1.591
0.756,-1.01
0.762,-1.024
0.66,-0.985
0.45,-0.649
0.555,-1.613
0.406,-2.206
0.478,-1.962
0.476,-1.218
0.428,0.117
0.419,-2.589
0.215,-0.062
0.299,-0.197
0.206,-0.485
-0.104,0.185
0.007,0.301
-0.276,-0.348
-0.432,-1.316
-0.469,-1.288
-0.478,-0.462
-1.035,0.394
-1.201,-1.577
-1.089,-0.806
-1.132,-0.712
-1.224,-1.555
-1.39,1.091
-1.4,-1.622
-1.544,-1.399
-1.479,-1.77
-1.622,-0.262
-1.734,-0.775
-1.643,1.251
-1.649,-0.613
-1.756,-0.838
-1.77,-0.499
-1.818,-0.817
-1.708,-2.467
-1.749,-2.414
-1.748,-0.392
-1.939,-1.636
-2.052,-0.883
-2.269,-2.441
-2.3,-2.244
-2.323,-1.777
-2.464,-2.077
-2.823,-1.21
-2.814,-1.216
-2.808,-2.482
-2.932,-2.278
-3.066,-0.054
-3.076,-1.152
3.04,-0.096
2.275,-2.965
2.141,-2.905
2.02,-2.798
1.542,-2.846
0.807,-3.054
0.142,-2.973
-1.336,-2.978
-1.83,-3.016
-2.899,-2.928
2.344,1.239
0.96,1.41
0.758,1.338
0.486,1.394
0.6,1.385
0.403,1.256
0.105,1.508
-0.093,1.464
-0.391,1.257
-1.227,1.577
-1.435,1.597
-2.121,1.343
-2.299,1.601
-2.828,1.363
0.345,-1.959
-0.82,-1.012
-1.775,-1.988
-1.76,0.591
-1.407,-0.273
-1.56,-1.049
-2.482,-1.507
-2.459,0.488
-2.543,-1.016
-2.584,-0.69
-2.536,-0.501
1.261,-0.021
0.289,-1.418
-0.247,0.874
-2.432,-2.415
-1.608,0.949
-2.4,1.152
-2.786,1.046
-2.747,1.199
-3.014,1.062
1.562,-2.549
-2.453,-2.503
-2.368,-2.777
-2.556,1.665
-3.054,1.408
-2.407,1.415
-0.053,-1.66
-0.037,-1.022
-0.125,-0.706
-0.227,-2.157
-0.278,-1.246
-0.286,-1.784
-0.252,-2.141
-0.357,-2.676
-0.368,-1.114
-0.374,-2.078
-0.363,-1.864
-0.343,-1.506
-0.466,-2.25
-0.502,-1.87
-0.509,-2.425
-0.589,1.04
-0.702,-2.692
-0.799,0.059
-0.878,-0.463
-0.938,1.049
-1.023,-0.459
-0.966,-1.225
-0.988,-1.09
-0.973,-0.966
-1.346,-1.425
-1.404,-1.766
-1.441,-1.853
-1.559,-2.475
-1.639,-0.388
-1.723,0.721
-1.685,-0.687
-1.805,-2.469
-1.734,0.601
-1.775,-1.203
-1.951,0.761
-1.986,-0.893
-2.016,0.401
-2.16,0.083
-2.272,0.727
-2.265,0.292
-2.502,-2.052
-2.615,-1.921
-2.615,-1.763
-2.655,1.047
-2.756,-1.441
-2.758,-1.074
-2.692,-1.298
-2.716,-1.77
-2.728,-1.355
-2.8,-1.838
-2.744,-2.478
-2.785,-2.663
-2.839,-2.155
-2.804,0.077
-2.898,-1.123
-2.92,0.644
-2.921,-1.977
-2.898,-2.7
-2.965,-0.125
-2.96,-1.89
-3.06,-0.255
-3.085,0.753
-3.087,-2.176
3.06,-2.854
2.448,-3.015
2.274,-2.868
1.79,-2.879
1.825,-3.047
1.453,-2.794
1.398,-2.881
0.928,-2.968
0.844,-3.202
0.307,-3.072
-0.221,-2.853
-0.625,-2.871
-1.508,-2.886
-1.608,-3.074
-2.14,-3.116
-2.306,-2.985
-2.341,-2.873
2.266,1.349
1.887,1.436
1.665,1.542
1.252,1.504
1.199,1.542
0.856,1.479
0.858,1.607
-0.631,1.407
-0.746,1.609
-0.858,1.259
-1.131,1.292
-1.255,1.477
-1.663,1.373
-2.829,1.614
-2.915,1.346
0.796,-2.238
-0.155,-1.218
-0.38,1.168
-1.984,-2.247
2.467,-3.123
0.313,1.26
-3.024,-1.238
-3.069,0.378
3.065,-1.689
-3.138,-1.219
3.126,-1.016
3.123,-1.667
2.96,-0.014
3.073,-0.861
3.045,-2.275
2.981,-0.174
2.833,-2.03
2.848,-0.176
2.321,-1.285
2.147,-1.425
2.242,-1.288
2.072,-0.963
2.028,-0.968
1.954,1.096
2.015,0.302
2.001,-1.332
1.862,-1.416
1.648,0.833
1.634,-0.251
1.596,-1.617
1.678,-1.391
1.564,-1.639
1.461,-1.667
1.315,0.972
1.297,0.08
1.257,1.042
1.236,-2.636
1.272,-1.193
0.887,-1.636
0.899,-1.055
0.905,-1.069
0.803,-1.03
0.593,-0.694
0.698,-1.658
0.549,-2.251
0.621,-2.007
0.619,-1.263
0.571,0.072
0.562,-2.634
0.358,-0.107
0.442,-0.242
0.349,-0.53
0.039,0.14
0.15,0.256
-0.133,-0.393
-0.289,-1.361
-0.326,-1.333
-0.335,-0.507
-0.892,0.349
-1.058,-1.622
-0.946,-0.851
-0.989,-0.757
-1.081,-1.6
-1.247,1.046
-1.257,-1.667
-1.401,-1.444
-1.336,-1.815
-1.479,-0.307
-1.591,-0.82
-1.5,1.206
-1.506,-0.658
-1.613,-0.883
-1.627,-0.544
-1.675,-0.862
-1.565,-2.512
-1.606,-2.459
-1.605,-0.437
-1.796,-1.681
-1.909,-0.928
-2.126,-2.486
-2.157,-2.289
-2.18,-1.822
-2.321,-2.122
-2.68,-1.255
-2.671,-1.261
-2.665,-2.527
-2.789,-2.323
-2.923,-0.099
-2.933,-1.197
-3.1,-0.141
2.418,-3.01
2.284,-2.95
2.163,-2.843
1.685,-2.891
0.95,-3.099
0.285,-3.018
-1.193,-3.023
-1.687,-3.061
-2.756,-2.973
2.487,1.194
1.103,1.365
0.901,1.293
0.629,1.349
0.743,1.34
0.546,1.211
0.248,1.463
0.05,1.419
-0.248,1.212
-1.084,1.532
-1.292,1.552
-1.978,1.298
-2.156,1.556
-2.685,1.318
0.488,-2.004
-0.677,-1.057
-1.632,-2.033
-1.617,0.546
-1.264,-0.318
-1.417,-1.094
-2.339,-1.552
-2.316,0.443
-2.4,-1.061
-2.441,-0.735
-2.393,-0.546
1.404,-0.066
0.432,-1.463
-0.104,0.829
-2.289,-2.46
-1.465,0.904
-2.257,1.107
-2.643,1.001
-2.604,1.154
-2.871,1.017
1.705,-2.594
-2.31,-2.548
-2.225,-2.822
-2.413,1.62
-2.911,1.363
-2.264,1.37
0.016,0.638
-0.072,0.954
-0.174,-0.497
-0.225,0.414
-0.233,-0.124
-0.199,-0.481
-0.304,-1.016
-0.315,0.546
-0.321,-0.418
-0.31,-0.204
-0.29,0.154
-0.413,-0.59
-0.449,-0.21
-0.456,-0.765
-0.536,2.7
-0.649,-1.032
-0.746,1.719
-0.825,1.197
-0.885,2.709
-0.97,1.201
-0.913,0.435
-0.935,0.57
-0.92,0.694
-1.293,0.235
-1.351,-0.106
-1.388,-0.193
-1.506,-0.815
-1.586,1.272
-1.67,2.381
-1.632,0.973
-1.752,-0.809
-1.681,2.261
-1.722,0.457
-1.898,2.421
-1.933,0.767
-1.963,2.061
-2.107,1.743
-2.219,2.387
-2.212,1.952
-2.449,-0.392
-2.562,-0.261
-2.562,-0.103
-2.602,2.707
-2.703,0.219
-2.705,0.586
-2.639,0.362
-2.663,-0.11
-2.675,0.305
-2.747,-0.178
-2.691,-0.818
-2.732,-1.003
-2.786,-0.495
-2.751,1.737
-2.845,0.537
-2.867,2.304
-2.868,-0.317
-2.845,-1.04
-2.912,1.535
-2.907,-0.23
-3.007,1.405
-3.032,2.413
-3.034,-0.516
3.113,-1.194
2.501,-1.355
2.327,-1.208
1.843,-1.219
1.878,-1.387
1.506,-1.134
1.451,-1.221
0.981,-1.308
0.897,-1.542
0.36,-1.412
-0.168,-1.193
-0.572,-1.211
-1.455,-1.226
-1.555,-1.414
-2.087,-1.456
-2.253,-1.325
-2.288,-1.213
2.319,3.009
1.94,3.096
1.718,3.202
1.305,3.164
1.252,3.202
0.909,3.139
0.911,3.267
-0.578,3.067
-0.693,3.269
-0.805,2.919
-1.078,2.952
-1.202,3.137
-1.61,3.033
-2.776,3.274
-2.862,3.006
0.849,-0.578
-0.102,0.442
-0.327,2.828
-1.931,-0.587
2.52,-1.463
0.366,2.92
-2.971,0.422
-3.016,2.038
3.118,-0.029
-3.085,0.441
-3.104,0.644
-3.107,-0.007
3.013,1.646
3.126,0.799
3.098,-0.615
3.034,1.486
2.886,-0.37
2.901,1.484
2.374,0.375
2.2,0.235
2.295,0.372
2.125,0.697
2.081,0.692
2.007,2.756
2.068,1.962
2.054,0.328
1.915,0.244
1.701,2.493
1.687,1.409
1.649,0.043
1.731,0.269
1.617,0.021
1.514,-0.007
1.368,2.632
1.35,1.74
1.31,2.702
1.289,-0.976
1.325,0.467
0.94,0.024
0.952,0.605
0.958,0.591
0.856,0.63
0.646,0.966
0.751,0.002
0.602,-0.591
0.674,-0.347
0.672,0.397
0.624,1.732
0.615,-0.974
0.411,1.553
0.495,1.418
0.402,1.13
0.092,1.8
0.203,1.916
-0.08,1.267
-0.236,0.299
-0.273,0.327
-0.282,1.153
-0.839,2.009
-1.005,0.038
-0.893,0.809
-0.936,0.903
-1.028,0.06
-1.194,2.706
-1.204,-0.007
-1.348,0.216
-1.283,-0.155
-1.426,1.353
-1.538,0.84
-1.447,2.866
-1.453,1.002
-1.56,0.777
-1.574,1.116
-1.622,0.798
-1.512,-0.852
-1.553,-0.799
-1.552,1.223
-1.743,-0.021
-1.856,0.732
-2.073,-0.826
-2.104,-0.629
-2.127,-0.162
-2.268,-0.462
-2.627,0.405
-2.618,0.399
-2.612,-0.867
-2.736,-0.663
-2.87,1.561
-2.88,0.463
-3.047,1.519
2.471,-1.35
2.337,-1.29
2.216,-1.183
1.738,-1.231
1.003,-1.439
0.338,-1.358
-1.14,-1.363
-1.634,-1.401
-2.703,-1.313
2.54,2.854
1.156,3.025
0.954,2.953
0.682,3.009
0.796,3.0
0.599,2.871
0.301,3.123
0.103,3.079
-0.195,2.872
-1.031,3.192
-1.239,3.212
-1.925,2.958
-2.103,3.216
-2.632,2.978
0.541,-0.344
-0.624,0.603
-1.579,-0.373
-1.564,2.206
-1.211,1.342
-1.364,0.566
-2.286,0.108
-2.263,2.103
-2.347,0.599
-2.388,0.925
-2.34,1.114
1.457,1.594
0.485,0.197
-0.051,2.489
-2.236,-0.8
-1.412,2.564
-2.204,2.767
-2.59,2.661
-2.551,2.814
-2.818,2.677
1.758,-0.934
-2.257,-0.888
-2.172,-1.162
-2.36,3.28
-2.858,3.023
-2.211,3.03
-0.088,0.316
-0.19,-1.135
-0.241,-0.224
-0.249,-0.762
-0.215,-1.119
-0.32,-1.654
-0.331,-0.092
-0.337,-1.056
-0.326,-0.842
-0.306,-0.484
-0.429,-1.228
-0.465,-0.848
-0.472,-1.403
-0.552,2.062
-0.665,-1.67
-0.762,1.081
-0.841,0.559
-0.901,2.071
-0.986,0.563
-0.929,-0.203
-0.951,-0.068
-0.936,0.056
-1.309,-0.403
-1.367,-0.744
-1.404,-0.831
-1.522,-1.453
-1.602,0.634
-1.686,1.743
-1.648,0.335
-1.768,-1.447
-1.697,1.623
-1.738,-0.181
-1.914,1.783
-1.949,0.129
-1.979,1.423
-2.123,1.105
-2.235,1.749
-2.228,1.314
-2.465,-1.03
-2.578,-0.899
-2.578,-0.741
-2.618,2.069
-2.719,-0.419
-2.721,-0.052
-2.655,-0.276
-2.679,-0.748
-2.691,-0.333
-2.763,-0.816
-2.707,-1.456
-2.748,-1.641
-2.802,-1.133
-2.767,1.099
-2.861,-0.101
-2.883,1.666
-2.884,-0.955
-2.861,-1.678
-2.928,0.897
-2.923,-0.868
-3.023,0.767
-3.048,1.775
-3.05,-1.154
3.097,-1.832
2.485,-1.993
2.311,-1.846
1.827,-1.857
1.862,-2.025
1.49,-1.772
1.435,-1.859
0.965,-1.946
0.881,-2.18
0.344,-2.05
-0.184,-1.831
-0.588,-1.849
-1.471,-1.864
-1.571,-2.052
-2.103,-2.094
-2.269,-1.963
-2.304,-1.851
2.303,2.371
1.924,2.458
1.702,2.564
1.289,2.526
1.236,2.564
0.893,2.501
0.895,2.629
-0.594,2.429
-0.709,2.631
-0.821,2.281
-1.094,2.314
-1.218,2.499
-1.626,2.395
-2.792,2.636
-2.878,2.368
0.833,-1.216
-0.118,-0.196
-0.343,2.19
-1.947,-1.225
2.504,-2.101
0.35,2.282
-2.987,-0.216
-3.032,1.4
3.102,-0.667
-3.101,-0.197
-3.12,0.006
-3.123,-0.645
2.997,1.008
3.11,0.161
3.082,-1.253
3.018,0.848
2.87,-1.008
2.885,0.846
2.358,-0.263
2.184,-0.403
2.279,-0.266
2.109,0.059
2.065,0.054
1.991,2.118
2.052,1.324
2.038,-0.31
1.899,-0.394
1.685,1.855
1.671,0.771
1.633,-0.595
1.715,-0.369
1.601,-0.617
1.498,-0.645
1.352,1.994
1.334,1.102
1.294,2.064
1.273,-1.614
1.309,-0.171
0.924,-0.614
0.936,-0.033
0.942,-0.047
0.84,-0.008
0.63,0.328
0.735,-0.636
0.586,-1.229
0.658,-0.985
0.656,-0.241
0.608,1.094
0.599,-1.612
0.395,0.915
0.479,0.78
0.386,0.492
0.076,1.162
0.187,1.278
-0.096,0.629
-0.252,-0.339
-0.289,-0.311
-0.298,0.515
-0.855,1.371
-1.021,-0.6
-0.909,0.171
-0.952,0.265
-1.044,-0.578
-1.21,2.068
-1.22,-0.645
-1.364,-0.422
-1.299,-0.793
-1.442,0.715
-1.554,0.202
-1.463,2.228
-1.469,0.364
-1.576,0.139
-1.59,0.478
-1.638,0.16
-1.528,-1.49
-1.569,-1.437
-1.568,0.585
-1.759,-0.659
-1.872,0.094
-2.089,-1.464
-2.12,-1.267
-2.143,-0.8
-2.284,-1.1
-2.643,-0.233
-2.634,-0.239
-2.628,-1.505
-2.752,-1.301
-2.886,0.923
-2.896,-0.175
-3.063,0.881
2.455,-1.988
2.321,-1.928
2.2,-1.821
1.722,-1.869
0.987,-2.077
0.322,-1.996
-1.156,-2.001
-1.65,-2.039
-2.719,-1.951
2.524,2.216
1.14,2.387
0.938,2.315
0.666,2.371
0.78,2.362
0.583,2.233
0.285,2.485
0.087,2.441
-0.211,2.234
-1.047,2.554
-1.255,2.574
-1.941,2.32
-2.119,2.578
-2.648,2.34
0.525,-0.982
-0.64,-0.035
-1.595,-1.011
-1.58,1.568
-1.227,0.704
-1.38,-0.072
-2.302,-0.53
-2.279,1.465
-2.363,-0.039
-2.404,0.287
-2.356,0.476
1.441,0.956
0.469,-0.441
-0.067,1.851
-2.252,-1.438
-1.428,1.926
-2.22,2.129
-2.606,2.023
-2.567,2.176
-2.834,2.039
1.742,-1.572
-2.273,-1.526
-2.188,-1.8
-2.376,2.642
-2.874,2.385
-2.227,2.392
-0.102,-1.451
-0.153,-0.54
-0.161,-1.078
-0.127,-1.435
-0.232,-1.97
-0.243,-0.408
-0.249,-1.372
-0.238,-1.158
-0.218,-0.8
-0.341,-1.544
-0.377,-1.164
-0.384,-1.719
-0.464,1.746
-0.577,-1.986
-0.674,0.765
-0.753,0.243
-0.813,1.755
-0.898,0.247
-0.841,-0.519
-0.863,-0.384
-0.848,-0.26
-1.221,-0.719
-1.279,-1.06
-1.316,-1.147
-1.434,-1.769
-1.514,0.318
-1.598,1.427
-1.56,0.019
-1.68,-1.763
-1.609,1.307
-1.65,-0.497
-1.826,1.467
-1.861,-0.187
-1.891,1.107
-2.035,0.789
-2.147,1.433
-2.14,0.998
-2.377,-1.346
-2.49,-1.215
-2.49,-1.057
-2.53,1.753
-2.631,-0.735
-2.633,-0.368
-2.567,-0.592
-2.591,-1.064
-2.603,-0.649
-2.675,-1.132
-2.619,-1.772
-2.66,-1.957
-2.714,-1.449
-2.679,0.783
-2.773,-0.417
-2.795,1.35
-2.796,-1.271
-2.773,-1.994
-2.84,0.581
-2.835,-1.184
-2.935,0.451
-2.96,1.459
-2.962,-1.47
-3.098,-2.148
2.573,-2.309
2.399,-2.162
1.915,-2.173
1.95,-2.341
1.578,-2.088
1.523,-2.175
1.053,-2.262
0.969,-2.496
0.432,-2.366
-0.096,-2.147
-0.5,-2.165
-1.383,-2.18
-1.483,-2.368
-2.015,-2.41
-2.181,-2.279
-2.216,-2.167
2.391,2.055
2.012,2.142
1.79,2.248
1.377,2.21
1.324,2.248
0.981,2.185
0.983,2.313
-0.506,2.113
-0.621,2.315
-0.733,1.965
-1.006,1.998
-1.13,2.183
-1.538,2.079
-2.704,2.32
-2.79,2.052
0.921,-1.532
-0.03,-0.512
-0.255,1.874
-1.859,-1.541
2.592,-2.417
0.438,1.966
-2.899,-0.532
-2.944,1.084
-3.093,-0.983
-3.013,-0.513
-3.032,-0.31
-3.035,-0.961
3.085,0.692
-3.085,-0.155
-3.113,-1.569
3.106,0.532
2.958,-1.324
2.973,0.53
2.446,-0.579
2.272,-0.719
2.367,-0.582
2.197,-0.257
2.153,-0.262
2.079,1.802
2.14,1.008
2.126,-0.626
1.987,-0.71
1.773,1.539
1.759,0.455
1.721,-0.911
1.803,-0.685
1.689,-0.933
1.586,-0.961
1.44,1.678
1.422,0.786
1.382,1.748
1.361,-1.93
1.397,-0.487
1.012,-0.93
1.024,-0.349
1.03,-0.363
0.928,-0.324
0.718,0.012
0.823,-0.952
0.674,-1.545
0.746,-1.301
0.744,-0.557
0.696,0.778
0.687,-1.928
0.483,0.599
0.567,0.464
0.474,0.176
0.164,0.846
0.275,0.962
-0.008,0.313
-0.164,-0.655
-0.201,-0.627
-0.21,0.199
-0.767,1.055
-0.933,-0.916
-0.821,-0.145
-0.864,-0.051
-0.956,-0.894
-1.122,1.752
-1.132,-0.961
-1.276,-0.738
-1.211,-1.109
-1.354,0.399
-1.466,-0.114
-1.375,1.912
-1.381,0.048
-1.488,-0.177
-1.502,0.162
-1.55,-0.156
-1.44,-1.806
-1.481,-1.753
-1.48,0.269
-1.671,-0.975
-1.784,-0.222
-2.001,-1.78
-2.032,-1.583
-2.055,-1.116
-2.196,-1.416
-2.555,-0.549
-2.546,-0.555
-2.54,-1.821
-2.664,-1.617
-2.798,0.607
-2.808,-0.491
-2.975,0.565
2.543,-2.304
2.409,-2.244
2.288,-2.137
1.81,-2.185
1.075,-2.393
0.41,-2.312
-1.068,-2.317
-1.562,-2.355
-2.631,-2.267
2.612,1.9
1.228,2.071
1.026,1.999
0.754,2.055
0.868,2.046
0.671,1.917
0.373,2.169
0.175,2.125
-0.123,1.918
-0.959,2.238
-1.167,2.258
-1.853,2.004
-2.031,2.262
-2.56,2.024
0.613,-1.298
-0.552,-0.351
-1.507,-1.327
-1.492,1.252
-1.139,0.388
-1.292,-0.388
-2.214,-0.846
-2.191,1.149
-2.275,-0.355
-2.316,-0.029
-2.268,0.16
1.529,0.64
0.557,-0.757
0.021,1.535
-2.164,-1.754
-1.34,1.61
-2.132,1.813
-2.518,1.707
-2.479,1.86
-2.746,1.723
1.83,-1.888
-2.185,-1.842
-2.1,-2.116
-2.288,2.326
-2.786,2.069
-2.139,2.076
-0.051,0.911
-0.059,0.373
-0.025,0.016
-0.13,-0.519
-0.141,1.043
-0.147,0.079
-0.136,0.293
-0.116,0.651
-0.239,-0.093
-0.275,0.287
-0.282,-0.268
-0.362,3.197
-0.475,-0.535
-0.572,2.216
-0.651,1.694
-0.711,3.206
-0.796,1.698
-0.739,0.932
-0.761,1.067
-0.746,1.191
-1.119,0.732
-1.177,0.391
-1.214,0.304
-1.332,-0.318
-1.412,1.769
-1.496,2.878
-1.458,1.47
-1.578,-0.312
-1.507,2.758
-1.548,0.954
-1.724,2.918
-1.759,1.264
-1.789,2.558
-1.933,2.24
-2.045,2.884
-2.038,2.449
-2.275,0.105
-2.388,0.236
-2.388,0.394
-2.428,3.204
-2.529,0.716
-2.531,1.083
-2.465,0.859
-2.489,0.387
-2.501,0.802
-2.573,0.319
-2.517,-0.321
-2.558,-0.506
-2.612,0.002
-2.577,2.234
-2.671,1.034
-2.693,2.801
-2.694,0.18
-2.671,-0.543
-2.738,2.032
-2.733,0.267
-2.833,1.902
-2.858,2.91
-2.86,-0.019
-2.996,-0.697
2.675,-0.858
2.501,-0.711
2.017,-0.722
2.052,-0.89
1.68,-0.637
1.625,-0.724
1.155,-0.811
1.071,-1.045
0.534,-0.915
0.006,-0.696
-0.398,-0.714
-1.281,-0.729
-1.381,-0.917
-1.913,-0.959
-2.079,-0.828
-2.114,-0.716
2.493,3.506
2.114,3.593
1.892,3.699
1.479,3.661
1.426,3.699
1.083,3.636
1.085,3.764
-0.404,3.564
-0.519,3.766
-0.631,3.416
-0.904,3.449
-1.028,3.634
-1.436,3.53
-2.602,3.771
-2.688,3.503
1.023,-0.081
0.072,0.939
-0.153,3.325
-1.757,-0.09
2.694,-0.966
0.54,3.417
-2.797,0.919
-2.842,2.535
-2.991,0.468
-2.911,0.938
-2.93,1.141
-2.933,0.49
-3.096,2.143
-2.983,1.296
-3.011,-0.118
-3.075,1.983
3.06,0.127
3.075,1.981
2.548,0.872
2.374,0.732
2.469,0.869
2.299,1.194
2.255,1.189
2.181,3.253
2.242,2.459
2.228,0.825
2.089,0.741
1.875,2.99
1.861,1.906
1.823,0.54
1.905,0.766
1.791,0.518
1.688,0.49
1.542,3.129
1.524,2.237
1.484,3.199
1.463,-0.479
1.499,0.964
1.114,0.521
1.126,1.102
1.132,1.088
1.03,1.127
0.82,1.463
0.925,0.499
0.776,-0.094
0.848,0.15
0.846,0.894
0.798,2.229
0.789,-0.477
0.585,2.05
0.669,1.915
0.576,1.627
0.266,2.297
0.377,2.413
0.094,1.764
-0.062,0.796
-0.099,0.824
-0.108,1.65
-0.665,2.506
-0.831,0.535
-0.719,1.306
-0.762,1.4
-0.854,0.557
-1.02,3.203
-1.03,0.49
-1.174,0.713
-1.109,0.342
-1.252,1.85
-1.364,1.337
-1.273,3.363
-1.279,1.499
-1.386,1.274
-1.4,1.613
-1.448,1.295
-1.338,-0.355
-1.379,-0.302
-1.378,1.72
-1.569,0.476
-1.682,1.229
-1.899,-0.329
-1.93,-0.132
-1.953,0.335
-2.094,0.035
-2.453,0.902
-2.444,0.896
-2.438,-0.37
-2.562,-0.166
-2.696,2.058
-2.706,0.96
-2.873,2.016
2.645,-0.853
2.511,-0.793
2.39,-0.686
1.912,-0.734
1.177,-0.942
0.512,-0.861
-0.966,-0.866
-1.46,-0.904
-2.529,-0.816
2.714,3.351
1.33,3.522
1.128,3.45
0.856,3.506
0.97,3.497
0.773,3.368
0.475,3.62
0.277,3.576
-0.021,3.369
-0.857,3.689
-1.065,3.709
-1.751,3.455
-1.929,3.713
-2.458,3.475
0.715,0.153
-0.45,1.1
-1.405,0.124
-1.39,2.703
-1.037,1.839
-1.19,1.063
-2.112,0.605
-2.089,2.6
-2.173,1.096
-2.214,1.422
-2.166,1.611
1.631,2.091
0.659,0.694
0.123,2.986
-2.062,-0.303
-1.238,3.061
-2.03,3.264
-2.416,3.158
-2.377,3.311
-2.644,3.174
1.932,-0.437
-2.083,-0.391
-1.998,-0.665
-2.186,3.777
-2.684,3.52
-2.037,3.527
-0.008,-0.538
0.026,-0.895
-0.079,-1.43
-0.09,0.132
-0.096,-0.832
-0.085,-0.618
-0.065,-0.26
-0.188,-1.004
-0.224,-0.624
-0.231,-1.179
-0.311,2.286
-0.424,-1.446
-0.521,1.305
-0.6,0.783
-0.66,2.295
-0.745,0.787
-0.688,0.021
-0.71,0.156
-0.695,0.28
-1.068,-0.179
-1.126,-0.52
-1.163,-0.607
-1.281,-1.229
-1.361,0.858
-1.445,1.967
-1.407,0.559
-1.527,-1.223
-1.456,1.847
-1.497,0.043
-1.673,2.007
-1.708,0.353
-1.738,1.647
-1.882,1.329
-1.994,1.973
-1.987,1.538
-2.224,-0.806
-2.337,-0.675
-2.337,-0.517
-2.377,2.293
-2.478,-0.195
-2.48,0.172
-2.414,-0.052
-2.438,-0.524
-2.45,-0.109
-2.522,-0.592
-2.466,-1.232
-2.507,-1.417
-2.561,-0.909
-2.526,1.323
-2.62,0.123
-2.642,1.89
-2.643,-0.731
-2.62,-1.454
-2.687,1.121
-2.682,-0.644
-2.782,0.991
-2.807,1.999
-2.809,-0.93
-2.945,-1.608
2.726,-1.769
2.552,-1.622
2.068,-1.633
2.103,-1.801
1.731,-1.548
1.676,-1.635
1.206,-1.722
1.122,-1.956
0.585,-1.826
0.057,-1.607
-0.347,-1.625
-1.23,-1.64
-1.33,-1.828
-1.862,-1.87
-2.028,-1.739
-2.063,-1.627
2.544,2.595
2.165,2.682
1.943,2.788
1.53,2.75
1.477,2.788
1.134,2.725
1.136,2.853
-0.353,2.653
-0.468,2.855
-0.58,2.505
-0.853,2.538
-0.977,2.723
-1.385,2.619
-2.551,2.86
-2.637,2.592
1.074,-0.992
0.123,0.028
-0.102,2.414
-1.706,-1.001
2.745,-1.877
0.591,2.506
-2.746,0.008
-2.791,1.624
-2.94,-0.443
-2.86,0.027
-2.879,0.23
-2.882,-0.421
-3.045,1.232
-2.932,0.385
-2.96,-1.029
-3.024,1.072
3.111,-0.784
3.126,1.07
2.599,-0.039
2.425,-0.179
2.52,-0.042
2.35,0.283
2.306,0.278
2.232,2.342
2.293,1.548
2.279,-0.086
2.14,-0.17
1.926,2.079
1.912,0.995
1.874,-0.371
1.956,-0.145
1.842,-0.393
1.739,-0.421
1.593,2.218
1.575,1.326
1.535,2.288
1.514,-1.39
1.55,0.053
1.165,-0.39
1.177,0.191
1.183,0.177
1.081,0.216
0.871,0.552
0.976,-0.412
0.827,-1.005
0.899,-0.761
0.897,-0.017
0.849,1.318
0.84,-1.388
0.636,1.139
0.72,1.004
0.627,0.716
0.317,1.386
0.428,1.502
0.145,0.853
-0.011,-0.115
-0.048,-0.087
-0.057,0.739
-0.614,1.595
-0.78,-0.376
-0.668,0.395
-0.711,0.489
-0.803,-0.354
-0.969,2.292
-0.979,-0.421
-1.123,-0.198
-1.058,-0.569
-1.201,0.939
-1.313,0.426
-1.222,2.452
-1.228,0.588
-1.335,0.363
-1.349,0.702
-1.397,0.384
-1.287,-1.266
-1.328,-1.213
-1.327,0.809
-1.518,-0.435
-1.631,0.318
-1.848,-1.24
-1.879,-1.043
-1.902,-0.576
-2.043,-0.876
-2.402,-0.009
-2.393,-0.015
-2.387,-1.281
-2.511,-1.077
-2.645,1.147
-2.655,0.049
-2.822,1.105
2.696,-1.764
2.562,-1.704
2.441,-1.597
1.963,-1.645
1.228,-1.853
0.563,-1.772
-0.915,-1.777
-1.409,-1.815
-2.478,-1.727
2.765,2.44
1.381,2.611
1.179,2.539
0.907,2.595
1.021,2.586
0.824,2.457
0.526,2.709
0.328,2.665
0.03,2.458
-0.806,2.778
-1.014,2.798
-1.7,2.544
-1.878,2.802
-2.407,2.564
0.766,-0.758
-0.399,0.189
-1.354,-0.787
-1.339,1.792
-0.986,0.928
-1.139,0.152
-2.061,-0.306
-2.038,1.689
-2.122,0.185
-2.163,0.511
-2.115,0.7
1.682,1.18
0.71,-0.217
0.174,2.075
-2.011,-1.214
-1.187,2.15
-1.979,2.353
-2.365,2.247
-2.326,2.4
-2.593,2.263
1.983,-1.348
-2.032,-1.302
-1.947,-1.576
-2.135,2.866
-2.633,2.609
-1.986,2.616
0.034,-0.357
-0.071,-0.892
-0.082,0.67
-0.088,-0.294
-0.077,-0.08
-0.057,0.278
-0.18,-0.466
-0.216,-0.086
-0.223,-0.641
-0.303,2.824
-0.416,-0.908
-0.513,1.843
-0.592,1.321
-0.652,2.833
-0.737,1.325
-0.68,0.559
-0.702,0.694
-0.687,0.818
-1.06,0.359
-1.118,0.018
-1.155,-0.069
-1.273,-0.691
-1.353,1.396
-1.437,2.505
-1.399,1.097
-1.519,-0.685
-1.448,2.385
-1.489,0.581
-1.665,2.545
-1.7,0.891
-1.73,2.185
-1.874,1.867
-1.986,2.511
-1.979,2.076
-2.216,-0.268
-2.329,-0.137
-2.329,0.021
-2.369,2.831
-2.47,0.343
-2.472,0.71
-2.406,0.486
-2.43,0.014
-2.442,0.429
-2.514,-0.054
-2.458,-0.694
-2.499,-0.879
-2.553,-0.371
-2.518,1.861
-2.612,0.661
-2.634,2.428
-2.635,-0.193
-2.612,-0.916
-2.679,1.659
-2.674,-0.106
-2.774,1.529
-2.799,2.537
-2.801,-0.392
-2.937,-1.07
2.734,-1.231
2.56,-1.084
2.076,-1.095
2.111,-1.263
1.739,-1.01
1.684,-1.097
1.214,-1.184
1.13,-1.418
0.593,-1.288
0.065,-1.069
-0.339,-1.087
-1.222,-1.102
-1.322,-1.29
-1.854,-1.332
-2.02,-1.201
-2.055,-1.089
2.552,3.133
2.173,3.22
1.951,3.326
1.538,3.288
1.485,3.326
1.142,3.263
1.144,3.391
-0.345,3.191
-0.46,3.393
-0.572,3.043
-0.845,3.076
-0.969,3.261
-1.377,3.157
-2.543,3.398
-2.629,3.13
1.082,-0.454
0.131,0.566
-0.094,2.952
-1.698,-0.463
2.753,-1.339
0.599,3.044
-2.738,0.546
-2.783,2.162
-2.932,0.095
-2.852,0.565
-2.871,0.768
-2.874,0.117
-3.037,1.77
-2.924,0.923
-2.952,-0.491
-3.016,1.61
3.119,-0.246
3.134,1.608
2.607,0.499
2.433,0.359
2.528,0.496
2.358,0.821
2.314,0.816
2.24,2.88
2.301,2.086
2.287,0.452
2.148,0.368
1.934,2.617
1.92,1.533
1.882,0.167
1.964,0.393
1.85,0.145
1.747,0.117
1.601,2.756
1.583,1.864
1.543,2.826
1.522,-0.852
1.558,0.591
1.173,0.148
1.185,0.729
1.191,0.715
1.089,0.754
0.879,1.09
0.984,0.126
0.835,-0.467
0.907,-0.223
0.905,0.521
0.857,1.856
0.848,-0.85
0.644,1.677
0.728,1.542
0.635,1.254
0.325,1.924
0.436,2.04
0.153,1.391
-0.003,0.423
-0.04,0.451
-0.049,1.277
-0.606,2.133
-0.772,0.162
-0.66,0.933
-0.703,1.027
-0.795,0.184
-0.961,2.83
-0.971,0.117
-1.115,0.34
-1.05,-0.031
-1.193,1.477
-1.305,0.964
-1.214,2.99
-1.22,1.126
-1.327,0.901
-1.341,1.24
-1.389,0.922
-1.279,-0.728
-1.32,-0.675
-1.319,1.347
-1.51,0.103
-1.623,0.856
-1.84,-0.702
-1.871,-0.505
-1.894,-0.038
-2.035,-0.338
-2.394,0.529
-2.385,0.523
-2.379,-0.743
-2.503,-0.539
-2.637,1.685
-2.647,0.587
-2.814,1.643
2.704,-1.226
2.57,-1.166
2.449,-1.059
1.971,-1.107
1.236,-1.315
0.571,-1.234
-0.907,-1.239
-1.401,-1.277
-2.47,-1.189
2.773,2.978
1.389,3.149
1.187,3.077
0.915,3.133
1.029,3.124
0.832,2.995
0.534,3.247
0.336,3.203
0.038,2.996
-0.798,3.316
-1.006,3.336
-1.692,3.082
-1.87,3.34
-2.399,3.102
0.774,-0.22
-0.391,0.727
-1.346,-0.249
-1.331,2.33
-0.978,1.466
-1.131,0.69
-2.053,0.232
-2.03,2.227
-2.114,0.723
-2.155,1.049
-2.107,1.238
1.69,1.718
0.718,0.321
0.182,2.613
-2.003,-0.676
-1.179,2.688
-1.971,2.891
-2.357,2.785
-2.318,2.938
-2.585,2.801
1.991,-0.81
-2.024,-0.764
-1.939,-1.038
-2.127,3.404
-2.625,3.147
-1.978,3.154
-0.105,-0.535
-0.116,1.027
-0.122,0.063
-0.111,0.277
-0.091,0.635
-0.214,-0.109
-0.25,0.271
-0.257,-0.284
-0.337,3.181
-0.45,-0.551
-0.547,2.2
-0.626,1.678
-0.686,3.19
-0.771,1.682
-0.714,0.916
-0.736,1.051
-0.721,1.175
-1.094,0.716
-1.152,0.375
-1.189,0.288
-1.307,-0.334
-1.387,1.753
-1.471,2.862
-1.433,1.454
-1.553,-0.328
-1.482,2.742
-1.523,0.938
-1.699,2.902
-1.734,1.248
-1.764,2.542
-1.908,2.224
-2.02,2.868
-2.013,2.433
-2.25,0.089
-2.363,0.22
-2.363,0.378
-2.403,3.188
-2.504,0.7
-2.506,1.067
-2.44,0.843
-2.464,0.371
-2.476,0.786
-2.548,0.303
-2.492,-0.337
-2.533,-0.522
-2.587,-0.014
-2.552,2.218
-2.646,1.018
-2.668,2.785
-2.669,0.164
-2.646,-0.559
-2.713,2.016
-2.708,0.251
-2.808,1.886
-2.833,2.894
-2.835,-0.035
-2.971,-0.713
2.7,-0.874
2.526,-0.727
2.042,-0.738
2.077,-0.906
1.705,-0.653
1.65,-0.74
1.18,-0.827
1.096,-1.061
0.559,-0.931
0.031,-0.712
-0.373,-0.73
-1.256,-0.745
-1.356,-0.933
-1.888,-0.975
-2.054,-0.844
-2.089,-0.732
2.518,3.49
2.139,3.577
1.917,3.683
1.504,3.645
1.451,3.683
1.108,3.62
1.11,3.748
-0.379,3.548
-0.494,3.75
-0.606,3.4
-0.879,3.433
-1.003,3.618
-1.411,3.514
-2.577,3.755
-2.663,3.487
1.048,-0.097
0.097,0.923
-0.128,3.309
-1.732,-0.106
2.719,-0.982
0.565,3.401
-2.772,0.903
-2.817,2.519
-2.966,0.452
-2.886,0.922
-2.905,1.125
-2.908,0.474
-3.071,2.127
-2.958,1.28
-2.986,-0.134
-3.05,1.967
3.085,0.111
3.1,1.965
2.573,0.856
2.399,0.716
2.494,0.853
2.324,1.178
2.28,1.173
2.206,3.237
2.267,2.443
2.253,0.809
2.114,0.725
1.9,2.974
1.886,1.89
1.848,0.524
1.93,0.75
1.816,0.502
1.713,0.474
1.567,3.113
1.549,2.221
1.509,3.183
1.488,-0.495
1.524,0.948
1.139,0.505
1.151,1.086
1.157,1.072
1.055,1.111
0.845,1.447
0.95,0.483
0.801,-0.11
0.873,0.134
0.871,0.878
0.823,2.213
0.814,-0.493
0.61,2.034
0.694,1.899
0.601,1.611
0.291,2.281
0.402,2.397
0.119,1.748
-0.037,0.78
-0.074,0.808
-0.083,1.634
-0.64,2.49
-0.806,0.519
-0.694,1.29
-0.737,1.384
-0.829,0.541
-0.995,3.187
-1.005,0.474
-1.149,0.697
-1.084,0.326
-1.227,1.834
-1.339,1.321
-1.248,3.347
-1.254,1.483
-1.361,1.258
-1.375,1.597
-1.423,1.279
-1.313,-0.371
-1.354,-0.318
-1.353,1.704
-1.544,0.46
-1.657,1.213
-1.874,-0.345
-1.905,-0.148
-1.928,0.319
-2.069,0.019
-2.428,0.886
-2.419,0.88
-2.413,-0.386
-2.537,-0.182
-2.671,2.042
-2.681,0.944
-2.848,2.0
2.67,-0.869
2.536,-0.809
2.415,-0.702
1.937,-0.75
1.202,-0.958
0.537,-0.877
-0.941,-0.882
-1.435,-0.92
-2.504,-0.832
2.739,3.335
1.355,3.506
1.153,3.434
0.881,3.49
0.995,3.481
0.798,3.352
0.5,3.604
0.302,3.56
0.004,3.353
-0.832,3.673
-1.04,3.693
-1.726,3.439
-1.904,3.697
-2.433,3.459
0.74,0.137
-0.425,1.084
-1.38,0.108
-1.365,2.687
-1.012,1.823
-1.165,1.047
-2.087,0.589
-2.064,2.584
-2.148,1.08
-2.189,1.406
-2.141,1.595
1.656,2.075
0.684,0.678
0.148,2.97
-2.037,-0.319
-1.213,3.045
-2.005,3.248
-2.391,3.142
-2.352,3.295
-2.619,3.158
1.957,-0.453
-2.058,-0.407
-1.973,-0.681
-2.161,3.761
-2.659,3.504
-2.012,3.511
-0.011,1.562
-0.017,0.598
-0.006,0.812
0.014,1.17
-0.109,0.426
-0.145,0.806
-0.152,0.251
-0.232,3.716
-0.345,-0.016
-0.442,2.735
-0.521,2.213
-0.581,3.725
-0.666,2.217
-0.609,1.451
-0.631,1.586
-0.616,1.71
-0.989,1.251
-1.047,0.91
-1.084,0.823
-1.202,0.201
-1.282,2.288
-1.366,3.397
-1.328,1.989
-1.448,0.207
-1.377,3.277
-1.418,1.473
-1.594,3.437
-1.629,1.783
-1.659,3.077
-1.803,2.759
-1.915,3.403
-1.908,2.968
-2.145,0.624
-2.258,0.755
-2.258,0.913
-2.298,3.723
-2.399,1.235
-2.401,1.602
-2.335,1.378
-2.359,0.906
-2.371,1.321
-2.443,0.838
-2.387,0.198
-2.428,0.013
-2.482,0.521
-2.447,2.753
-2.541,1.553
-2.563,3.32
-2.564,0.699
-2.541,-0.024
-2.608,2.551
-2.603,0.786
-2.703,2.421
-2.728,3.429
-2.73,0.5
-2.866,-0.178
2.805,-0.339
2.631,-0.192
2.147,-0.203
2.182,-0.371
1.81,-0.118
1.755,-0.205
1.285,-0.292
1.201,-0.526
0.664,-0.396
0.136,-0.177
-0.268,-0.195
-1.151,-0.21
-1.251,-0.398
-1.783,-0.44
-1.949,-0.309
-1.984,-0.197
2.623,4.025
2.244,4.112
2.022,4.218
1.609,4.18
1.556,4.218
1.213,4.155
1.215,4.283
-0.274,4.083
-0.389,4.285
-0.501,3.935
-0.774,3.968
-0.898,4.153
-1.306,4.049
-2.472,4.29
-2.558,4.022
1.153,0.438
0.202,1.458
-0.023,3.844
-1.627,0.429
2.824,-0.447
0.67,3.936
-2.667,1.438
-2.712,3.054
-2.861,0.987
-2.781,1.457
-2.8,1.66
-2.803,1.009
-2.966,2.662
-2.853,1.815
-2.881,0.401
-2.945,2.502
-3.093,0.646
-3.078,2.5
2.678,1.391
2.504,1.251
2.599,1.388
2.429,1.713
2.385,1.708
2.311,3.772
2.372,2.978
2.358,1.344
2.219,1.26
2.005,3.509
1.991,2.425
1.953,1.059
2.035,1.285
1.921,1.037
1.818,1.009
1.672,3.648
1.654,2.756
1.614,3.718
1.593,0.04
1.629,1.483
1.244,1.04
1.256,1.621
1.262,1.607
1.16,1.646
0.95,1.982
1.055,1.018
0.906,0.425
0.978,0.669
0.976,1.413
0.928,2.748
0.919,0.042
0.715,2.569
0.799,2.434
0.706,2.146
0.396,2.816
0.507,2.932
0.224,2.283
0.068,1.315
0.031,1.343
0.022,2.169
-0.535,3.025
-0.701,1.054
-0.589,1.825
-0.632,1.919
-0.724,1.076
-0.89,3.722
-0.9,1.009
-1.044,1.232
-0.979,0.861
-1.122,2.369
-1.234,1.856
-1.143,3.882
-1.149,2.018
-1.256,1.793
-1.27,2.132
-1.318,1.814
-1.208,0.164
-1.249,0.217
-1.248,2.239
-1.439,0.995
-1.552,1.748
-1.769,0.19
-1.8,0.387
-1.823,0.854
-1.964,0.554
-2.323,1.421
-2.314,1.415
-2.308,0.149
-2.432,0.353
-2.566,2.577
-2.576,1.479
-2.743,2.535
2.775,-0.334
2.641,-0.274
2.52,-0.167
2.042,-0.215
1.307,-0.423
0.642,-0.342
-0.836,-0.347
-1.33,-0.385
-2.399,-0.297
2.844,3.87
1.46,4.041
1.258,3.969
0.986,4.025
1.1,4.016
0.903,3.887
0.605,4.139
0.407,4.095
0.109,3.888
-0.727,4.208
-0.935,4.228
-1.621,3.974
-1.799,4.232
-2.328,3.994
0.845,0.672
-0.32,1.619
-1.275,0.643
-1.26,3.222
-0.907,2.358
-1.06,1.582
-1.982,1.124
-1.959,3.119
-2.043,1.615
-2.084,1.941
-2.036,2.13
1.761,2.61
0.789,1.213
0.253,3.505
-1.932,0.216
-1.108,3.58
-1.9,3.783
-2.286,3.677
-2.247,3.83
-2.514,3.693
2.062,0.082
-1.953,0.128
-1.868,-0.146
-2.056,4.296
-2.554,4.039
-1.907,4.046
-0.006,-0.964
0.005,-0.75
0.025,-0.392
-0.098,-1.136
-0.134,-0.756
-0.141,-1.311
-0.221,2.154
-0.334,-1.578
-0.431,1.173
-0.51,0.651
-0.57,2.163
-0.655,0.655
-0.598,-0.111
-0.62,0.024
-0.605,0.148
-0.978,-0.311
-1.036,-0.652
-1.073,-0.739
-1.191,-1.361
-1.271,0.726
-1.355,1.835
-1.317,0.427
-1.437,-1.355
-1.366,1.715
-1.407,-0.089
-1.583,1.875
-1.618,0.221
-1.648,1.515
-1.792,1.197
-1.904,1.841
-1.897,1.406
-2.134,-0.938
-2.247,-0.807
-2.247,-0.649
-2.287,2.161
-2.388,-0.327
-2.39,0.04
-2.324,-0.184
-2.348,-0.656
-2.36,-0.241
-2.432,-0.724
-2.376,-1.364
-2.417,-1.549
-2.471,-1.041
-2.436,1.191
-2.53,-0.009
-2.552,1.758
-2.553,-0.863
-2.53,-1.586
-2.597,0.989
-2.592,-0.776
-2.692,0.859
-2.717,1.867
-2.719,-1.062
-2.855,-1.74
2.816,-1.901
2.642,-1.754
2.158,-1.765
2.193,-1.933
1.821,-1.68
1.766,-1.767
1.296,-1.854
1.212,-2.088
0.675,-1.958
0.147,-1.739
-0.257,-1.757
-1.14,-1.772
-1.24,-1.96
-1.772,-2.002
-1.938,-1.871
-1.973,-1.759
2.634,2.463
2.255,2.55
2.033,2.656
1.62,2.618
1.567,2.656
1.224,2.593
1.226,2.721
-0.263,2.521
-0.378,2.723
-0.49,2.373
-0.763,2.406
-0.887,2.591
-1.295,2.487
-2.461,2.728
-2.547,2.46
1.164,-1.124
0.213,-0.104
-0.012,2.282
-1.616,-1.133
2.835,-2.009
0.681,2.374
-2.656,-0.124
-2.701,1.492
-2.85,-0.575
-2.77,-0.105
-2.789,0.098
-2.792,-0.553
-2.955,1.1
-2.842,0.253
-2.87,-1.161
-2.934,0.94
-3.082,-0.916
-3.067,0.938
2.689,-0.171
2.515,-0.311
2.61,-0.174
2.44,0.151
2.396,0.146
2.322,2.21
2.383,1.416
2.369,-0.218
2.23,-0.302
2.016,1.947
2.002,0.863
1.964,-0.503
2.046,-0.277
1.932,-0.525
1.829,-0.553
1.683,2.086
1.665,1.194
1.625,2.156
1.604,-1.522
1.64,-0.079
1.255,-0.522
1.267,0.059
1.273,0.045
1.171,0.084
0.961,0.42
1.066,-0.544
0.917,-1.137
0.989,-0.893
0.987,-0.149
0.939,1.186
0.93,-1.52
0.726,1.007
0.81,0.872
0.717,0.584
0.407,1.254
0.518,1.37
0.235,0.721
0.079,-0.247
0.042,-0.219
0.033,0.607
-0.524,1.463
-0.69,-0.508
-0.578,0.263
-0.621,0.357
-0.713,-0.486
-0.879,2.16
-0.889,-0.553
-1.033,-0.33
-0.968,-0.701
-1.111,0.807
-1.223,0.294
-1.132,2.32
-1.138,0.456
-1.245,0.231
-1.259,0.57
-1.307,0.252
-1.197,-1.398
-1.238,-1.345
-1.237,0.677
-1.428,-0.567
-1.541,0.186
-1.758,-1.372
-1.789,-1.175
-1.812,-0.708
-1.953,-1.008
-2.312,-0.141
-2.303,-0.147
-2.297,-1.413
-2.421,-1.209
-2.555,1.015
-2.565,-0.083
-2.732,0.973
2.786,-1.896
2.652,-1.836
2.531,-1.729
2.053,-1.777
1.318,-1.985
0.653,-1.904
-0.825,-1.909
-1.319,-1.947
-2.388,-1.859
2.855,2.308
1.471,2.479
1.269,2.407
0.997,2.463
1.111,2.454
0.914,2.325
0.616,2.577
0.418,2.533
0.12,2.326
-0.716,2.646
-0.924,2.666
-1.61,2.412
-1.788,2.67
-2.317,2.432
0.856,-0.89
-0.309,0.057
-1.264,-0.919
-1.249,1.66
-0.896,0.796
-1.049,0.02
-1.971,-0.438
-1.948,1.557
-2.032,0.053
-2.073,0.379
-2.025,0.568
1.772,1.048
0.8,-0.349
0.264,1.943
-1.921,-1.346
-1.097,2.018
-1.889,2.221
-2.275,2.115
-2.236,2.268
-2.503,2.131
2.073,-1.48
-1.942,-1.434
-1.857,-1.708
-2.045,2.734
-2.543,2.477
-1.896,2.484
0.011,0.214
0.031,0.572
-0.092,-0.172
-0.128,0.208
-0.135,-0.347
-0.215,3.118
-0.328,-0.614
-0.425,2.137
-0.504,1.615
-0.564,3.127
-0.649,1.619
-0.592,0.853
-0.614,0.988
-0.599,1.112
-0.972,0.653
-1.03,0.312
-1.067,0.225
-1.185,-0.397
-1.265,1.69
-1.349,2.799
-1.311,1.391
-1.431,-0.391
-1.36,2.679
-1.401,0.875
-1.577,2.839
-1.612,1.185
-1.642,2.479
-1.786,2.161
-1.898,2.805
-1.891,2.37
-2.128,0.026
-2.241,0.157
-2.241,0.315
-2.281,3.125
-2.382,0.637
-2.384,1.004
-2.318,0.78
-2.342,0.308
-2.354,0.723
-2.426,0.24
-2.37,-0.4
-2.411,-0.585
-2.465,-0.077
-2.43,2.155
-2.524,0.955
-2.546,2.722
-2.547,0.101
-2.524,-0.622
-2.591,1.953
-2.586,0.188
-2.686,1.823
-2.711,2.831
-2.713,-0.098
-2.849,-0.776
2.822,-0.937
2.648,-0.79
2.164,-0.801
2.199,-0.969
1.827,-0.716
1.772,-0.803
1.302,-0.89
1.218,-1.124
0.681,-0.994
0.153,-0.775
-0.251,-0.793
-1.134,-0.808
-1.234,-0.996
-1.766,-1.038
-1.932,-0.907
-1.967,-0.795
2.64,3.427
2.261,3.514
2.039,3.62
1.626,3.582
1.573,3.62
1.23,3.557
1.232,3.685
-0.257,3.485
-0.372,3.687
-0.484,3.337
-0.757,3.37
-0.881,3.555
-1.289,3.451
-2.455,3.692
-2.541,3.424
1.17,-0.16
0.219,0.86
-0.006,3.246
-1.61,-0.169
2.841,-1.045
0.687,3.338
-2.65,0.84
-2.695,2.456
-2.844,0.389
-2.764,0.859
-2.783,1.062
-2.786,0.411
-2.949,2.064
-2.836,1.217
-2.864,-0.197
-2.928,1.904
-3.076,0.048
-3.061,1.902
2.695,0.793
2.521,0.653
2.616,0.79
2.446,1.115
2.402,1.11
2.328,3.174
2.389,2.38
2.375,0.746
2.236,0.662
2.022,2.911
2.008,1.827
1.97,0.461
2.052,0.687
1.938,0.439
1.835,0.411
1.689,3.05
1.671,2.158
1.631,3.12
1.61,-0.558
1.646,0.885
1.261,0.442
1.273,1.023
1.279,1.009
1.177,1.048
0.967,1.384
1.072,0.42
0.923,-0.173
0.995,0.071
0.993,0.815
0.945,2.15
0.936,-0.556
0.732,1.971
0.816,1.836
0.723,1.548
0.413,2.218
0.524,2.334
0.241,1.685
0.085,0.717
0.048,0.745
0.039,1.571
-0.518,2.427
-0.684,0.456
-0.572,1.227
-0.615,1.321
-0.707,0.478
-0.873,3.124
-0.883,0.411
-1.027,0.634
-0.962,0.263
-1.105,1.771
-1.217,1.258
-1.126,3.284
-1.132,1.42
-1.239,1.195
-1.253,1.534
-1.301,1.216
-1.191,-0.434
-1.232,-0.381
-1.231,1.641
-1.422,0.397
-1.535,1.15
-1.752,-0.408
-1.783,-0.211
-1.806,0.256
-1.947,-0.044
-2.306,0.823
-2.297,0.817
-2.291,-0.449
-2.415,-0.245
-2.549,1.979
-2.559,0.881
-2.726,1.937
2.792,-0.932
2.658,-0.872
2.537,-0.765
2.059,-0.813
1.324,-1.021
0.659,-0.94
-0.819,-0.945
-1.313,-0.983
-2.382,-0.895
2.861,3.272
1.477,3.443
1.275,3.371
1.003,3.427
1.117,3.418
0.92,3.289
0.622,3.541
0.424,3.497
0.126,3.29
-0.71,3.61
-0.918,3.63
-1.604,3.376
-1.782,3.634
-2.311,3.396
0.862,0.074
-0.303,1.021
-1.258,0.045
-1.243,2.624
-0.89,1.76
-1.043,0.984
-1.965,0.526
-1.942,2.521
-2.026,1.017
-2.067,1.343
-2.019,1.532
1.778,2.012
0.806,0.615
0.27,2.907
-1.915,-0.382
-1.091,2.982
-1.883,3.185
-2.269,3.079
-2.23,3.232
-2.497,3.095
2.079,-0.516
-1.936,-0.47
-1.851,-0.744
-2.039,3.698
-2.537,3.441
-1.89,3.448
0.02,0.358
-0.103,-0.386
-0.139,-0.006
-0.146,-0.561
-0.226,2.904
-0.339,-0.828
-0.436,1.923
-0.515,1.401
-0.575,2.913
-0.66,1.405
-0.603,0.639
-0.625,0.774
-0.61,0.898
-0.983,0.439
-1.041,0.098
-1.078,0.011
-1.196,-0.611
-1.276,1.476
-1.36,2.585
-1.322,1.177
-1.442,-0.605
-1.371,2.465
-1.412,0.661
-1.588,2.625
-1.623,0.971
-1.653,2.265
-1.797,1.947
-1.909,2.591
-1.902,2.156
-2.139,-0.188
-2.252,-0.057
-2.252,0.101
-2.292,2.911
-2.393,0.423
-2.395,0.79
-2.329,0.566
-2.353,0.094
-2.365,0.509
-2.437,0.026
-2.381,-0.614
-2.422,-0.799
-2.476,-0.291
-2.441,1.941
-2.535,0.741
-2.557,2.508
-2.558,-0.113
-2.535,-0.836
-2.602,1.739
-2.597,-0.026
-2.697,1.609
-2.722,2.617
-2.724,-0.312
-2.86,-0.99
2.811,-1.151
2.637,-1.004
2.153,-1.015
2.188,-1.183
1.816,-0.93
1.761,-1.017
1.291,-1.104
1.207,-1.338
0.67,-1.208
0.142,-0.989
-0.262,-1.007
-1.145,-1.022
-1.245,-1.21
-1.777,-1.252
-1.943,-1.121
-1.978,-1.009
2.629,3.213
2.25,3.3
2.028,3.406
1.615,3.368
1.562,3.406
1.219,3.343
1.221,3.471
-0.268,3.271
-0.383,3.473
-0.495,3.123
-0.768,3.156
-0.892,3.341
-1.3,3.237
-2.466,3.478
-2.552,3.21
1.159,-0.374
0.208,0.646
-0.017,3.032
-1.621,-0.383
2.83,-1.259
0.676,3.124
-2.661,0.626
-2.706,2.242
-2.855,0.175
-2.775,0.645
-2.794,0.848
-2.797,0.197
-2.96,1.85
-2.847,1.003
-2.875,-0.411
-2.939,1.69
-3.087,-0.166
-3.072,1.688
2.684,0.579
2.51,0.439
2.605,0.576
2.435,0.901
2.391,0.896
2.317,2.96
2.378,2.166
2.364,0.532
2.225,0.448
2.011,2.697
1.997,1.613
1.959,0.247
2.041,0.473
1.927,0.225
1.824,0.197
1.678,2.836
1.66,1.944
1.62,2.906
1.599,-0.772
1.635,0.671
1.25,0.228
1.262,0.809
1.268,0.795
1.166,0.834
0.956,1.17
1.061,0.206
0.912,-0.387
0.984,-0.143
0.982,0.601
0.934,1.936
0.925,-0.77
0.721,1.757
0.805,1.622
0.712,1.334
0.402,2.004
0.513,2.12
0.23,1.471
0.074,0.503
0.037,0.531
0.028,1.357
-0.529,2.213
-0.695,0.242
-0.583,1.013
-0.626,1.107
-0.718,0.264
-0.884,2.91
-0.894,0.197
-1.038,0.42
-0.973,0.049
-1.116,1.557
-1.228,1.044
-1.137,3.07
-1.143,1.206
-1.25,0.981
-1.264,1.32
-1.312,1.002
-1.202,-0.648
-1.243,-0.595
-1.242,1.427
-1.433,0.183
-1.546,0.936
-1.763,-0.622
-1.794,-0.425
-1.817,0.042
-1.958,-0.258
-2.317,0.609
-2.308,0.603
-2.302,-0.663
-2.426,-0.459
-2.56,1.765
-2.57,0.667
-2.737,1.723
2.781,-1.146
2.647,-1.086
2.526,-0.979
2.048,-1.027
1.313,-1.235
0.648,-1.154
-0.83,-1.159
-1.324,-1.197
-2.393,-1.109
2.85,3.058
1.466,3.229
1.264,3.157
0.992,3.213
1.106,3.204
0.909,3.075
0.611,3.327
0.413,3.283
0.115,3.076
-0.721,3.396
-0.929,3.416
-1.615,3.162
-1.793,3.42
-2.322,3.182
0.851,-0.14
-0.314,0.807
-1.269,-0.169
-1.254,2.41
-0.901,1.546
-1.054,0.77
-1.976,0.312
-1.953,2.307
-2.037,0.803
-2.078,1.129
-2.03,1.318
1.767,1.798
0.795,0.401
0.259,2.693
-1.926,-0.596
-1.102,2.768
-1.894,2.971
-2.28,2.865
-2.241,3.018
-2.508,2.881
2.068,-0.73
-1.947,-0.684
-1.862,-0.958
-2.05,3.484
-2.548,3.227
-1.901,3.234
-0.123,-0.744
-0.159,-0.364
-0.166,-0.919
-0.246,2.546
-0.359,-1.186
-0.456,1.565
-0.535,1.043
-0.595,2.555
-0.68,1.047
-0.623,0.281
-0.645,0.416
-0.63,0.54
-1.003,0.081
-1.061,-0.26
-1.098,-0.347
-1.216,-0.969
-1.296,1.118
-1.38,2.227
-1.342,0.819
-1.462,-0.963
-1.391,2.107
-1.432,0.303
-1.608,2.267
-1.643,0.613
-1.673,1.907
-1.817,1.589
-1.929,2.233
-1.922,1.798
-2.159,-0.546
-2.272,-0.415
-2.272,-0.257
-2.312,2.553
-2.413,0.065
-2.415,0.432
-2.349,0.208
-2.373,-0.264
-2.385,0.151
-2.457,-0.332
-2.401,-0.972
-2.442,-1.157
-2.496,-0.649
-2.461,1.583
-2.555,0.383
-2.577,2.15
-2.578,-0.471
-2.555,-1.194
-2.622,1.381
-2.617,-0.384
-2.717,1.251
-2.742,2.259
-2.744,-0.67
-2.88,-1.348
2.791,-1.509
2.617,-1.362
2.133,-1.373
2.168,-1.541
1.796,-1.288
1.741,-1.375
1.271,-1.462
1.187,-1.696
0.65,-1.566
0.122,-1.347
-0.282,-1.365
-1.165,-1.38
-1.265,-1.568
-1.797,-1.61
-1.963,-1.479
-1.998,-1.367
2.609,2.855
2.23,2.942
2.008,3.048
1.595,3.01
1.542,3.048
1.199,2.985
1.201,3.113
-0.288,2.913
-0.403,3.115
-0.515,2.765
-0.788,2.798
-0.912,2.983
-1.32,2.879
-2.486,3.12
-2.572,2.852
1.139,-0.732
0.188,0.288
-0.037,2.674
-1.641,-0.741
2.81,-1.617
0.656,2.766
-2.681,0.268
-2.726,1.884
-2.875,-0.183
-2.795,0.287
-2.814,0.49
-2.817,-0.161
-2.98,1.492
-2.867,0.645
-2.895,-0.769
-2.959,1.332
-3.107,-0.524
-3.092,1.33
2.664,0.221
2.49,0.081
2.585,0.218
2.415,0.543
2.371,0.538
2.297,2.602
2.358,1.808
2.344,0.174
2.205,0.09
1.991,2.339
1.977,1.255
1.939,-0.111
2.021,0.115
1.907,-0.133
1.804,-0.161
1.658,2.478
1.64,1.586
1.6,2.548
1.579,-1.13
1.615,0.313
1.23,-0.13
1.242,0.451
1.248,0.437
1.146,0.476
0.936,0.812
1.041,-0.152
0.892,-0.745
0.964,-0.501
0.962,0.243
0.914,1.578
0.905,-1.128
0.701,1.399
0.785,1.264
0.692,0.976
0.382,1.646
0.493,1.762
0.21,1.113
0.054,0.145
0.017,0.173
0.008,0.999
-0.549,1.855
-0.715,-0.116
-0.603,0.655
-0.646,0.749
-0.738,-0.094
-0.904,2.552
-0.914,-0.161
-1.058,0.062
-0.993,-0.309
-1.136,1.199
-1.248,0.686
-1.157,2.712
-1.163,0.848
-1.27,0.623
-1.284,0.962
-1.332,0.644
-1.222,-1.006
-1.263,-0.953
-1.262,1.069
-1.453,-0.175
-1.566,0.578
-1.783,-0.98
-1.814,-0.783
-1.837,-0.316
-1.978,-0.616
-2.337,0.251
-2.328,0.245
-2.322,-1.021
-2.446,-0.817
-2.58,1.407
-2.59,0.309
-2.757,1.365
2.761,-1.504
2.627,-1.444
2.506,-1.337
2.028,-1.385
1.293,-1.593
0.628,-1.512
-0.85,-1.517
-1.344,-1.555
-2.413,-1.467
2.83,2.7
1.446,2.871
1.244,2.799
0.972,2.855
1.086,2.846
0.889,2.717
0.591,2.969
0.393,2.925
0.095,2.718
-0.741,3.038
-0.949,3.058
-1.635,2.804
-1.813,3.062
-2.342,2.824
0.831,-0.498
-0.334,0.449
-1.289,-0.527
-1.274,2.052
-0.921,1.188
-1.074,0.412
-1.996,-0.046
-1.973,1.949
-2.057,0.445
-2.098,0.771
-2.05,0.96
1.747,1.44
0.775,0.043
0.239,2.335
-1.946,-0.954
-1.122,2.41
-1.914,2.613
-2.3,2.507
-2.261,2.66
-2.528,2.523
2.048,-1.088
-1.967,-1.042
-1.882,-1.316
-2.07,3.126
-2.568,2.869
-1.921,2.876
-0.036,0.38
-0.043,-0.175
-0.123,3.29
-0.236,-0.442
-0.333,2.309
-0.412,1.787
-0.472,3.299
-0.557,1.791
-0.5,1.025
-0.522,1.16
-0.507,1.284
-0.88,0.825
-0.938,0.484
-0.975,0.397
-1.093,-0.225
-1.173,1.862
-1.257,2.971
-1.219,1.563
-1.339,-0.219
-1.268,2.851
-1.309,1.047
-1.485,3.011
-1.52,1.357
-1.55,2.651
-1.694,2.333
-1.806,2.977
-1.799,2.542
-2.036,0.198
-2.149,0.329
-2.149,0.487
-2.189,3.297
-2.29,0.809
-2.292,1.176
-2.226,0.952
-2.25,0.48
-2.262,0.895
-2.334,0.412
-2.278,-0.228
-2.319,-0.413
-2.373,0.095
-2.338,2.327
-2.432,1.127
-2.454,2.894
-2.455,0.273
-2.432,-0.45
-2.499,2.125
-2.494,0.36
-2.594,1.995
-2.619,3.003
-2.621,0.074
-2.757,-0.604
2.914,-0.765
2.74,-0.618
2.256,-0.629
2.291,-0.797
1.919,-0.544
1.864,-0.631
1.394,-0.718
1.31,-0.952
0.773,-0.822
0.245,-0.603
-0.159,-0.621
-1.042,-0.636
-1.142,-0.824
-1.674,-0.866
-1.84,-0.735
-1.875,-0.623
2.732,3.599
2.353,3.686
2.131,3.792
1.718,3.754
1.665,3.792
1.322,3.729
1.324,3.857
-0.165,3.657
-0.28,3.859
-0.392,3.509
-0.665,3.542
-0.789,3.727
-1.197,3.623
-2.363,3.864
-2.449,3.596
1.262,0.012
0.311,1.032
0.086,3.418
-1.518,0.003
2.933,-0.873
0.779,3.51
-2.558,1.012
-2.603,2.628
-2.752,0.561
-2.672,1.031
-2.691,1.234
-2.694,0.583
-2.857,2.236
-2.744,1.389
-2.772,-0.025
-2.836,2.076
-2.984,0.22
-2.969,2.074
2.787,0.965
2.613,0.825
2.708,0.962
2.538,1.287
2.494,1.282
2.42,3.346
2.481,2.552
2.467,0.918
2.328,0.834
2.114,3.083
2.1,1.999
2.062,0.633
2.144,0.859
2.03,0.611
1.927,0.583
1.781,3.222
1.763,2.33
1.723,3.292
1.702,-0.386
1.738,1.057
1.353,0.614
1.365,1.195
1.371,1.181
1.269,1.22
1.059,1.556
1.164,0.592
1.015,-0.001
1.087,0.243
1.085,0.987
1.037,2.322
1.028,-0.384
0.824,2.143
0.908,2.008
0.815,1.72
0.505,2.39
0.616,2.506
0.333,1.857
0.177,0.889
0.14,0.917
0.131,1.743
-0.426,2.599
-0.592,0.628
-0.48,1.399
-0.523,1.493
-0.615,0.65
-0.781,3.296
-0.791,0.583
-0.935,0.806
-0.87,0.435
-1.013,1.943
-1.125,1.43
-1.034,3.456
-1.04,1.592
-1.147,1.367
-1.161,1.706
-1.209,1.388
-1.099,-0.262
-1.14,-0.209
-1.139,1.813
-1.33,0.569
-1.443,1.322
-1.66,-0.236
-1.691,-0.039
-1.714,0.428
-1.855,0.128
-2.214,0.995
-2.205,0.989
-2.199,-0.277
-2.323,-0.073
-2.457,2.151
-2.467,1.053
-2.634,2.109
2.884,-0.76
2.75,-0.7
2.629,-0.593
2.151,-0.641
1.416,-0.849
0.751,-0.768
-0.727,-0.773
-1.221,-0.811
-2.29,-0.723
2.953,3.444
1.569,3.615
1.367,3.543
1.095,3.599
1.209,3.59
1.012,3.461
0.714,3.713
0.516,3.669
0.218,3.462
-0.618,3.782
-0.826,3.802
-1.512,3.548
-1.69,3.806
-2.219,3.568
0.954,0.246
-0.211,1.193
-1.166,0.217
-1.151,2.796
-0.798,1.932
-0.951,1.156
-1.873,0.698
-1.85,2.693
-1.934,1.189
-1.975,1.515
-1.927,1.704
1.87,2.184
0.898,0.787
0.362,3.079
-1.823,-0.21
-0.999,3.154
-1.791,3.357
-2.177,3.251
-2.138,3.404
-2.405,3.267
2.171,-0.344
-1.844,-0.298
-1.759,-0.572
-1.947,3.87
-2.445,3.613
-1.798,3.62
-0.007,-0.555
-0.087,2.91
-0.2,-0.822
-0.297,1.929
-0.376,1.407
-0.436,2.919
-0.521,1.411
-0.464,0.645
-0.486,0.78
-0.471,0.904
-0.844,0.445
-0.902,0.104
-0.939,0.017
-1.057,-0.605
-1.137,1.482
-1.221,2.591
-1.183,1.183
-1.303,-0.599
-1.232,2.471
-1.273,0.667
-1.449,2.631
-1.484,0.977
-1.514,2.271
-1.658,1.953
-1.77,2.597
-1.763,2.162
-2.0,-0.182
-2.113,-0.051
-2.113,0.107
-2.153,2.917
-2.254,0.429
-2.256,0.796
-2.19,0.572
-2.214,0.1
-2.226,0.515
-2.298,0.032
-2.242,-0.608
-2.283,-0.793
-2.337,-0.285
-2.302,1.947
-2.396,0.747
-2.418,2.514
-2.419,-0.107
-2.396,-0.83
-2.463,1.745
-2.458,-0.02
-2.558,1.615
-2.583,2.623
-2.585,-0.306
-2.721,-0.984
2.95,-1.145
2.776,-0.998
2.292,-1.009
2.327,-1.177
1.955,-0.924
1.9,-1.011
1.43,-1.098
1.346,-1.332
0.809,-1.202
0.281,-0.983
-0.123,-1.001
-1.006,-1.016
-1.106,-1.204
-1.638,-1.246
-1.804,-1.115
-1.839,-1.003
2.768,3.219
2.389,3.306
2.167,3.412
1.754,3.374
1.701,3.412
1.358,3.349
1.36,3.477
-0.129,3.277
-0.244,3.479
-0.356,3.129
-0.629,3.162
-0.753,3.347
-1.161,3.243
-2.327,3.484
-2.413,3.216
1.298,-0.368
0.347,0.652
0.122,3.038
-1.482,-0.377
2.969,-1.253
0.815,3.13
-2.522,0.632
-2.567,2.248
-2.716,0.181
-2.636,0.651
-2.655,0.854
-2.658,0.203
-2.821,1.856
-2.708,1.009
-2.736,-0.405
-2.8,1.696
-2.948,-0.16
-2.933,1.694
2.823,0.585
2.649,0.445
2.744,0.582
2.574,0.907
2.53,0.902
2.456,2.966
2.517,2.172
2.503,0.538
2.364,0.454
2.15,2.703
2.136,1.619
2.098,0.253
2.18,0.479
2.066,0.231
1.963,0.203
1.817,2.842
1.799,1.95
1.759,2.912
1.738,-0.766
1.774,0.677
1.389,0.234
1.401,0.815
1.407,0.801
1.305,0.84
1.095,1.176
1.2,0.212
1.051,-0.381
1.123,-0.137
1.121,0.607
1.073,1.942
1.064,-0.764
0.86,1.763
0.944,1.628
0.851,1.34
0.541,2.01
0.652,2.126
0.369,1.477
0.213,0.509
0.176,0.537
0.167,1.363
-0.39,2.219
-0.556,0.248
-0.444,1.019
-0.487,1.113
-0.579,0.27
-0.745,2.916
-0.755,0.203
-0.899,0.426
-0.834,0.055
-0.977,1.563
-1.089,1.05
-0.998,3.076
-1.004,1.212
-1.111,0.987
-1.125,1.326
-1.173,1.008
-1.063,-0.642
-1.104,-0.589
-1.103,1.433
-1.294,0.189
-1.407,0.942
-1.624,-0.616
-1.655,-0.419
-1.678,0.048
-1.819,-0.252
-2.178,0.615
-2.169,0.609
-2.163,-0.657
-2.287,-0.453
-2.421,1.771
-2.431,0.673
-2.598,1.729
2.92,-1.14
2.786,-1.08
2.665,-0.973
2.187,-1.021
1.452,-1.229
0.787,-1.148
-0.691,-1.153
-1.185,-1.191
-2.254,-1.103
2.989,3.064
1.605,3.235
1.403,3.163
1.131,3.219
1.245,3.21
1.048,3.081
0.75,3.333
0.552,3.289
0.254,3.082
-0.582,3.402
-0.79,3.422
-1.476,3.168
-1.654,3.426
-2.183,3.188
0.99,-0.134
-0.175,0.813
-1.13,-0.163
-1.115,2.416
-0.762,1.552
-0.915,0.776
-1.837,0.318
-1.814,2.313
-1.898,0.809
-1.939,1.135
-1.891,1.324
1.906,1.804
0.934,0.407
0.398,2.699
-1.787,-0.59
-0.963,2.774
-1.755,2.977
-2.141,2.871
-2.102,3.024
-2.369,2.887
2.207,-0.724
-1.808,-0.678
-1.723,-0.952
-1.911,3.49
-2.409,3.233
-1.762,3.24
-0.08,3.465
-0.193,-0.267
-0.29,2.484
-0.369,1.962
-0.429,3.474
-0.514,1.966
-0.457,1.2
-0.479,1.335
-0.464,1.459
-0.837,1.0
-0.895,0.659
-0.932,0.572
-1.05,-0.05
-1.13,2.037
-1.214,3.146
-1.176,1.738
-1.296,-0.044
-1.225,3.026
-1.266,1.222
-1.442,3.186
-1.477,1.532
-1.507,2.826
-1.651,2.508
-1.763,3.152
-1.756,2.717
-1.993,0.373
-2.106,0.504
-2.106,0.662
-2.146,3.472
-2.247,0.984
-2.249,1.351
-2.183,1.127
-2.207,0.655
-2.219,1.07
-2.291,0.587
-2.235,-0.053
-2.276,-0.238
-2.33,0.27
-2.295,2.502
-2.389,1.302
-2.411,3.069
-2.412,0.448
-2.389,-0.275
-2.456,2.3
-2.451,0.535
-2.551,2.17
-2.576,3.178
-2.578,0.249
-2.714,-0.429
2.957,-0.59
2.783,-0.443
2.299,-0.454
2.334,-0.622
1.962,-0.369
1.907,-0.456
1.437,-0.543
1.353,-0.777
0.816,-0.647
0.288,-0.428
-0.116,-0.446
-0.999,-0.461
-1.099,-0.649
-1.631,-0.691
-1.797,-0.56
-1.832,-0.448
2.775,3.774
2.396,3.861
2.174,3.967
1.761,3.929
1.708,3.967
1.365,3.904
1.367,4.032
-0.122,3.832
-0.237,4.034
-0.349,3.684
-0.622,3.717
-0.746,3.902
-1.154,3.798
-2.32,4.039
-2.406,3.771
1.305,0.187
0.354,1.207
0.129,3.593
-1.475,0.178
2.976,-0.698
0.822,3.685
-2.515,1.187
-2.56,2.803
-2.709,0.736
-2.629,1.206
-2.648,1.409
-2.651,0.758
-2.814,2.411
-2.701,1.564
-2.729,0.15
-2.793,2.251
-2.941,0.395
-2.926,2.249
2.83,1.14
2.656,1.0
2.751,1.137
2.581,1.462
2.537,1.457
2.463,3.521
2.524,2.727
2.51,1.093
2.371,1.009
2.157,3.258
2.143,2.174
2.105,0.808
2.187,1.034
2.073,0.786
1.97,0.758
1.824,3.397
1.806,2.505
1.766,3.467
1.745,-0.211
1.781,1.232
1.396,0.789
1.408,1.37
1.414,1.356
1.312,1.395
1.102,1.731
1.207,0.767
1.058,0.174
1.13,0.418
1.128,1.162
1.08,2.497
1.071,-0.209
0.867,2.318
0.951,2.183
0.858,1.895
0.548,2.565
0.659,2.681
0.376,2.032
0.22,1.064
0.183,1.092
0.174,1.918
-0.383,2.774
-0.549,0.803
-0.437,1.574
-0.48,1.668
-0.572,0.825
-0.738,3.471
-0.748,0.758
-0.892,0.981
-0.827,0.61
-0.97,2.118
-1.082,1.605
-0.991,3.631
-0.997,1.767
-1.104,1.542
-1.118,1.881
-1.166,1.563
-1.056,-0.087
-1.097,-0.034
-1.096,1.988
-1.287,0.744
-1.4,1.497
-1.617,-0.061
-1.648,0.136
-1.671,0.603
-1.812,0.303
-2.171,1.17
-2.162,1.164
-2.156,-0.102
-2.28,0.102
-2.414,2.326
-2.424,1.228
-2.591,2.284
2.927,-0.585
2.793,-0.525
2.672,-0.418
2.194,-0.466
1.459,-0.674
0.794,-0.593
-0.684,-0.598
-1.178,-0.636
-2.247,-0.548
2.996,3.619
1.612,3.79
1.41,3.718
1.138,3.774
1.252,3.765
1.055,3.636
0.757,3.888
0.559,3.844
0.261,3.637
-0.575,3.957
-0.783,3.977
-1.469,3.723
-1.647,3.981
-2.176,3.743
0.997,0.421
-0.168,1.368
-1.123,0.392
-1.108,2.971
-0.755,2.107
-0.908,1.331
-1.83,0.873
-1.807,2.868
-1.891,1.364
-1.932,1.69
-1.884,1.879
1.913,2.359
0.941,0.962
0.405,3.254
-1.78,-0.035
-0.956,3.329
-1.748,3.532
-2.134,3.426
-2.095,3.579
-2.362,3.442
2.214,-0.169
-1.801,-0.123
-1.716,-0.397
-1.904,4.045
-2.402,3.788
-1.755,3.795
-0.113,-3.732
-0.21,-0.981
-0.289,-1.503
-0.349,0.009
-0.434,-1.499
-0.377,-2.265
-0.399,-2.13
-0.384,-2.006
-0.757,-2.465
-0.815,-2.806
-0.852,-2.893
-0.97,-3.515
-1.05,-1.428
-1.134,-0.319
-1.096,-1.727
-1.216,-3.509
-1.145,-0.439
-1.186,-2.243
-1.362,-0.279
-1.397,-1.933
-1.427,-0.639
-1.571,-0.957
-1.683,-0.313
-1.676,-0.748
-1.913,-3.092
-2.026,-2.961
-2.026,-2.803
-2.066,0.007
-2.167,-2.481
-2.169,-2.114
-2.103,-2.338
-2.127,-2.81
-2.139,-2.395
-2.211,-2.878
-2.155,-3.518
-2.196,-3.703
-2.25,-3.195
-2.215,-0.963
-2.309,-2.163
-2.331,-0.396
-2.332,-3.017
-2.309,-3.74
-2.376,-1.165
-2.371,-2.93
-2.471,-1.295
-2.496,-0.287
-2.498,-3.216
-2.634,-3.894
3.037,-4.055
2.863,-3.908
2.379,-3.919
2.414,-4.087
2.042,-3.834
1.987,-3.921
1.517,-4.008
1.433,-4.242
0.896,-4.112
0.368,-3.893
-0.036,-3.911
-0.919,-3.926
-1.019,-4.114
-1.551,-4.156
-1.717,-4.025
-1.752,-3.913
2.855,0.309
2.476,0.396
2.254,0.502
1.841,0.464
1.788,0.502
1.445,0.439
1.447,0.567
-0.042,0.367
-0.157,0.569
-0.269,0.219
-0.542,0.252
-0.666,0.437
-1.074,0.333
-2.24,0.574
-2.326,0.306
1.385,-3.278
0.434,-2.258
0.209,0.128
-1.395,-3.287
3.056,-4.163
0.902,0.22
-2.435,-2.278
-2.48,-0.662
-2.629,-2.729
-2.549,-2.259
-2.568,-2.056
-2.571,-2.707
-2.734,-1.054
-2.621,-1.901
-2.649,-3.315
-2.713,-1.214
-2.861,-3.07
-2.846,-1.216
2.91,-2.325
2.736,-2.465
2.831,-2.328
2.661,-2.003
2.617,-2.008
2.543,0.056
2.604,-0.738
2.59,-2.372
2.451,-2.456
2.237,-0.207
2.223,-1.291
2.185,-2.657
2.267,-2.431
2.153,-2.679
2.05,-2.707
1.904,-0.068
1.886,-0.96
1.846,0.002
1.825,-3.676
1.861,-2.233
1.476,-2.676
1.488,-2.095
1.494,-2.109
1.392,-2.07
1.182,-1.734
1.287,-2.698
1.138,-3.291
1.21,-3.047
1.208,-2.303
1.16,-0.968
1.151,-3.674
0.947,-1.147
1.031,-1.282
0.938,-1.57
0.628,-0.9
0.739,-0.784
0.456,-1.433
0.3,-2.401
0.263,-2.373
0.254,-1.547
-0.303,-0.691
-0.469,-2.662
-0.357,-1.891
-0.4,-1.797
-0.492,-2.64
-0.658,0.006
-0.668,-2.707
-0.812,-2.484
-0.747,-2.855
-0.89,-1.347
-1.002,-1.86
-0.911,0.166
-0.917,-1.698
-1.024,-1.923
-1.038,-1.584
-1.086,-1.902
-0.976,-3.552
-1.017,-3.499
-1.016,-1.477
-1.207,-2.721
-1.32,-1.968
-1.537,-3.526
-1.568,-3.329
-1.591,-2.862
-1.732,-3.162
-2.091,-2.295
-2.082,-2.301
-2.076,-3.567
-2.2,-3.363
-2.334,-1.139
-2.344,-2.237
-2.511,-1.181
3.007,-4.05
2.873,-3.99
2.752,-3.883
2.274,-3.931
1.539,-4.139
0.874,-4.058
-0.604,-4.063
-1.098,-4.101
-2.167,-4.013
3.076,0.154
1.692,0.325
1.49,0.253
1.218,0.309
1.332,0.3
1.135,0.171
0.837,0.423
0.639,0.379
0.341,0.172
-0.495,0.492
-0.703,0.512
-1.389,0.258
-1.567,0.516
-2.096,0.278
1.077,-3.044
-0.088,-2.097
-1.043,-3.073
-1.028,-0.494
-0.675,-1.358
-0.828,-2.134
-1.75,-2.592
-1.727,-0.597
-1.811,-2.101
-1.852,-1.775
-1.804,-1.586
1.993,-1.106
1.021,-2.503
0.485,-0.211
-1.7,-3.5
-0.876,-0.136
-1.668,0.067
-2.054,-0.039
-2.015,0.114
-2.282,-0.023
2.294,-3.634
-1.721,-3.588
-1.636,-3.862
-1.824,0.58
-2.322,0.323
-1.675,0.33
-0.097,2.751
-0.176,2.229
-0.236,3.741
-0.321,2.233
-0.264,1.467
-0.286,1.602
-0.271,1.726
-0.644,1.267
-0.702,0.926
-0.739,0.839
-0.857,0.217
-0.937,2.304
-1.021,3.413
-0.983,2.005
-1.103,0.223
-1.032,3.293
-1.073,1.489
-1.249,3.453
-1.284,1.799
-1.314,3.093
-1.458,2.775
-1.57,3.419
-1.563,2.984
-1.8,0.64
-1.913,0.771
-1.913,0.929
-1.953,3.739
-2.054,1.251
-2.056,1.618
-1.99,1.394
-2.014,0.922
-2.026,1.337
-2.098,0.854
-2.042,0.214
-2.083,0.029
-2.137,0.537
-2.102,2.769
-2.196,1.569
-2.218,3.336
-2.219,0.715
-2.196,-0.008
-2.263,2.567
-2.258,0.802
-2.358,2.437
-2.383,3.445
-2.385,0.516
-2.521,-0.162
-3.133,-0.323
2.976,-0.176
2.492,-0.187
2.527,-0.355
2.155,-0.102
2.1,-0.189
1.63,-0.276
1.546,-0.51
1.009,-0.38
0.481,-0.161
0.077,-0.179
-0.806,-0.194
-0.906,-0.382
-1.438,-0.424
-1.604,-0.293
-1.639,-0.181
2.968,4.041
2.589,4.128
2.367,4.234
1.954,4.196
1.901,4.234
1.558,4.171
1.56,4.299
0.071,4.099
-0.044,4.301
-0.156,3.951
-0.429,3.984
-0.553,4.169
-0.961,4.065
-2.127,4.306
-2.213,4.038
1.498,0.454
0.547,1.474
0.322,3.86
-1.282,0.445
-3.114,-0.431
1.015,3.952
-2.322,1.454
-2.367,3.07
-2.516,1.003
-2.436,1.473
-2.455,1.676
-2.458,1.025
-2.621,2.678
-2.508,1.831
-2.536,0.417
-2.6,2.518
-2.748,0.662
-2.733,2.516
3.023,1.407
2.849,1.267
2.944,1.404
2.774,1.729
2.73,1.724
2.656,3.788
2.717,2.994
2.703,1.36
2.564,1.276
2.35,3.525
2.336,2.441
2.298,1.075
2.38,1.301
2.266,1.053
2.163,1.025
2.017,3.664
1.999,2.772
1.959,3.734
1.938,0.056
1.974,1.499
1.589,1.056
1.601,1.637
1.607,1.623
1.505,1.662
1.295,1.998
1.4,1.034
1.251,0.441
1.323,0.685
1.321,1.429
1.273,2.764
1.264,0.058
1.06,2.585
1.144,2.45
1.051,2.162
0.741,2.832
0.852,2.948
0.569,2.299
0.413,1.331
0.376,1.359
0.367,2.185
-0.19,3.041
-0.356,1.07
-0.244,1.841
-0.287,1.935
-0.379,1.092
-0.545,3.738
-0.555,1.025
-0.699,1.248
-0.634,0.877
-0.777,2.385
-0.889,1.872
-0.798,3.898
-0.804,2.034
-0.911,1.809
-0.925,2.148
-0.973,1.83
-0.863,0.18
-0.904,0.233
-0.903,2.255
-1.094,1.011
-1.207,1.764
-1.424,0.206
-1.455,0.403
-1.478,0.87
-1.619,0.57
-1.978,1.437
-1.969,1.431
-1.963,0.165
-2.087,0.369
-2.221,2.593
-2.231,1.495
-2.398,2.551
3.12,-0.318
2.986,-0.258
2.865,-0.151
2.387,-0.199
1.652,-0.407
0.987,-0.326
-0.491,-0.331
-0.985,-0.369
-2.054,-0.281
-3.094,3.886
1.805,4.057
1.603,3.985
1.331,4.041
1.445,4.032
1.248,3.903
0.95,4.155
0.752,4.111
0.454,3.904
-0.382,4.224
-0.59,4.244
-1.276,3.99
-1.454,4.248
-1.983,4.01
1.19,0.688
0.025,1.635
-0.93,0.659
-0.915,3.238
-0.562,2.374
-0.715,1.598
-1.637,1.14
-1.614,3.135
-1.698,1.631
-1.739,1.957
-1.691,2.146
2.106,2.626
1.134,1.229
0.598,3.521
-1.587,0.232
-0.763,3.596
-1.555,3.799
-1.941,3.693
-1.902,3.846
-2.169,3.709
2.407,0.098
-1.608,0.144
-1.523,-0.13
-1.711,4.312
-2.209,4.055
-1.562,4.062
-0.079,-0.522
-0.139,0.99
-0.224,-0.518
-0.167,-1.284
-0.189,-1.149
-0.174,-1.025
-0.547,-1.484
-0.605,-1.825
-0.642,-1.912
-0.76,-2.534
-0.84,-0.447
-0.924,0.662
-0.886,-0.746
-1.006,-2.528
-0.935,0.542
-0.976,-1.262
-1.152,0.702
-1.187,-0.952
-1.217,0.342
-1.361,0.024
-1.473,0.668
-1.466,0.233
-1.703,-2.111
-1.816,-1.98
-1.816,-1.822
-1.856,0.988
-1.957,-1.5
-1.959,-1.133
-1.893,-1.357
-1.917,-1.829
-1.929,-1.414
-2.001,-1.897
-1.945,-2.537
-1.986,-2.722
-2.04,-2.214
-2.005,0.018
-2.099,-1.182
-2.121,0.585
-2.122,-2.036
-2.099,-2.759
-2.166,-0.184
-2.161,-1.949
-2.261,-0.314
-2.286,0.694
-2.288,-2.235
-2.424,-2.913
-3.036,-3.074
3.073,-2.927
2.589,-2.938
2.624,-3.106
2.252,-2.853
2.197,-2.94
1.727,-3.027
1.643,-3.261
1.106,-3.131
0.578,-2.912
0.174,-2.93
-0.709,-2.945
-0.809,-3.133
-1.341,-3.175
-1.507,-3.044
-1.542,-2.932
3.065,1.29
2.686,1.377
2.464,1.483
2.051,1.445
1.998,1.483
1.655,1.42
1.657,1.548
0.168,1.348
0.053,1.55
-0.059,1.2
-0.332,1.233
-0.456,1.418
-0.864,1.314
-2.03,1.555
-2.116,1.287
1.595,-2.297
0.644,-1.277
0.419,1.109
-1.185,-2.306
-3.017,-3.182
1.112,1.201
-2.225,-1.297
-2.27,0.319
-2.419,-1.748
-2.339,-1.278
-2.358,-1.075
-2.361,-1.726
-2.524,-0.073
-2.411,-0.92
-2.439,-2.334
-2.503,-0.233
-2.651,-2.089
-2.636,-0.235
3.12,-1.344
2.946,-1.484
3.041,-1.347
2.871,-1.022
2.827,-1.027
2.753,1.037
2.814,0.243
2.8,-1.391
2.661,-1.475
2.447,0.774
2.433,-0.31
2.395,-1.676
2.477,-1.45
2.363,-1.698
2.26,-1.726
2.114,0.913
2.096,0.021
2.056,0.983
2.035,-2.695
2.071,-1.252
1.686,-1.695
1.698,-1.114
1.704,-1.128
1.602,-1.089
1.392,-0.753
1.497,-1.717
1.348,-2.31
1.42,-2.066
1.418,-1.322
1.37,0.013
1.361,-2.693
1.157,-0.166
1.241,-0.301
1.148,-0.589
0.838,0.081
0.949,0.197
0.666,-0.452
0.51,-1.42
0.473,-1.392
0.464,-0.566
-0.093,0.29
-0.259,-1.681
-0.147,-0.91
-0.19,-0.816
-0.282,-1.659
-0.448,0.987
-0.458,-1.726
-0.602,-1.503
-0.537,-1.874
-0.68,-0.366
-0.792,-0.879
-0.701,1.147
-0.707,-0.717
-0.814,-0.942
-0.828,-0.603
-0.876,-0.921
-0.766,-2.571
-0.807,-2.518
-0.806,-0.496
-0.997,-1.74
-1.11,-0.987
-1.327,-2.545
-1.358,-2.348
-1.381,-1.881
-1.522,-2.181
-1.881,-1.314
-1.872,-1.32
-1.866,-2.586
-1.99,-2.382
-2.124,-0.158
-2.134,-1.256
-2.301,-0.2
-3.066,-3.069
3.083,-3.009
2.962,-2.902
2.484,-2.95
1.749,-3.158
1.084,-3.077
-0.394,-3.082
-0.888,-3.12
-1.957,-3.032
-2.997,1.135
1.902,1.306
1.7,1.234
1.428,1.29
1.542,1.281
1.345,1.152
1.047,1.404
0.849,1.36
0.551,1.153
-0.285,1.473
-0.493,1.493
-1.179,1.239
-1.357,1.497
-1.886,1.259
1.287,-2.063
0.122,-1.116
-0.833,-2.092
-0.818,0.487
-0.465,-0.377
-0.618,-1.153
-1.54,-1.611
-1.517,0.384
-1.601,-1.12
-1.642,-0.794
-1.594,-0.605
2.203,-0.125
1.231,-1.522
0.695,0.77
-1.49,-2.519
-0.666,0.845
-1.458,1.048
-1.844,0.942
-1.805,1.095
-2.072,0.958
2.504,-2.653
-1.511,-2.607
-1.426,-2.881
-1.614,1.561
-2.112,1.304
-1.465,1.311
-0.06,1.512
-0.145,0.004
-0.088,-0.762
-0.11,-0.627
-0.095,-0.503
-0.468,-0.962
-0.526,-1.303
-0.563,-1.39
-0.681,-2.012
-0.761,0.075
-0.845,1.184
-0.807,-0.224
-0.927,-2.006
-0.856,1.064
-0.897,-0.74
-1.073,1.224
-1.108,-0.43
-1.138,0.864
-1.282,0.546
-1.394,1.19
-1.387,0.755
-1.624,-1.589
-1.737,-1.458
-1.737,-1.3
-1.777,1.51
-1.878,-0.978
-1.88,-0.611
-1.814,-0.835
-1.838,-1.307
-1.85,-0.892
-1.922,-1.375
-1.866,-2.015
-1.907,-2.2
-1.961,-1.692
-1.926,0.54
-2.02,-0.66
-2.042,1.107
-2.043,-1.514
-2.02,-2.237
-2.087,0.338
-2.082,-1.427
-2.182,0.208
-2.207,1.216
-2.209,-1.713
-2.345,-2.391
-2.957,-2.552
-3.131,-2.405
2.668,-2.416
2.703,-2.584
2.331,-2.331
2.276,-2.418
1.806,-2.505
1.722,-2.739
1.185,-2.609
0.657,-2.39
0.253,-2.408
-0.63,-2.423
-0.73,-2.611
-1.262,-2.653
-1.428,-2.522
-1.463,-2.41
-3.139,1.812
2.765,1.899
2.543,2.005
2.13,1.967
2.077,2.005
1.734,1.942
1.736,2.07
0.247,1.87
0.132,2.072
0.02,1.722
-0.253,1.755
-0.377,1.94
-0.785,1.836
-1.951,2.077
-2.037,1.809
1.674,-1.775
0.723,-0.755
0.498,1.631
-1.106,-1.784
-2.938,-2.66
1.191,1.723
-2.146,-0.775
-2.191,0.841
-2.34,-1.226
-2.26,-0.756
-2.279,-0.553
-2.282,-1.204
-2.445,0.449
-2.332,-0.398
-2.36,-1.812
-2.424,0.289
-2.572,-1.567
-2.557,0.287
-3.084,-0.822
3.025,-0.962
3.12,-0.825
2.95,-0.5
2.906,-0.505
2.832,1.559
2.893,0.765
2.879,-0.869
2.74,-0.953
2.526,1.296
2.512,0.212
2.474,-1.154
2.556,-0.928
2.442,-1.176
2.339,-1.204
2.193,1.435
2.175,0.543
2.135,1.505
2.114,-2.173
2.15,-0.73
1.765,-1.173
1.777,-0.592
1.783,-0.606
1.681,-0.567
1.471,-0.231
1.576,-1.195
1.427,-1.788
1.499,-1.544
1.497,-0.8
1.449,0.535
1.44,-2.171
1.236,0.356
1.32,0.221
1.227,-0.067
0.917,0.603
1.028,0.719
0.745,0.07
0.589,-0.898
0.552,-0.87
0.543,-0.044
-0.014,0.812
-0.18,-1.159
-0.068,-0.388
-0.111,-0.294
-0.203,-1.137
-0.369,1.509
-0.379,-1.204
-0.523,-0.981
-0.458,-1.352
-0.601,0.156
-0.713,-0.357
-0.622,1.669
-0.628,-0.195
-0.735,-0.42
-0.749,-0.081
-0.797,-0.399
-0.687,-2.049
-0.728,-1.996
-0.727,0.026
-0.918,-1.218
-1.031,-0.465
-1.248,-2.023
-1.279,-1.826
-1.302,-1.359
-1.443,-1.659
-1.802,-0.792
-1.793,-0.798
-1.787,-2.064
-1.911,-1.86
-2.045,0.364
-2.055,-0.734
-2.222,0.322
-2.987,-2.547
-3.121,-2.487
3.041,-2.38
2.563,-2.428
1.828,-2.636
1.163,-2.555
-0.315,-2.56
-0.809,-2.598
-1.878,-2.51
-2.918,1.657
1.981,1.828
1.779,1.756
1.507,1.812
1.621,1.803
1.424,1.674
1.126,1.926
0.928,1.882
0.63,1.675
-0.206,1.995
-0.414,2.015
-1.1,1.761
-1.278,2.019
-1.807,1.781
1.366,-1.541
0.201,-0.594
-0.754,-1.57
-0.739,1.009
-0.386,0.145
-0.539,-0.631
-1.461,-1.089
-1.438,0.906
-1.522,-0.598
-1.563,-0.272
-1.515,-0.083
2.282,0.397
1.31,-1.0
0.774,1.292
-1.411,-1.997
-0.587,1.367
-1.379,1.57
-1.765,1.464
-1.726,1.617
-1.993,1.48
2.583,-2.131
-1.432,-2.085
-1.347,-2.359
-1.535,2.083
-2.033,1.826
-1.386,1.833
-0.085,-1.508
-0.028,-2.274
-0.05,-2.139
-0.035,-2.015
-0.408,-2.474
-0.466,-2.815
-0.503,-2.902
-0.621,-3.524
-0.701,-1.437
-0.785,-0.328
-0.747,-1.736
-0.867,-3.518
-0.796,-0.448
-0.837,-2.252
-1.013,-0.288
-1.048,-1.942
-1.078,-0.648
-1.222,-0.966
-1.334,-0.322
-1.327,-0.757
-1.564,-3.101
-1.677,-2.97
-1.677,-2.812
-1.717,-0.002
-1.818,-2.49
-1.82,-2.123
-1.754,-2.347
-1.778,-2.819
-1.79,-2.404
-1.862,-2.887
-1.806,-3.527
-1.847,-3.712
-1.901,-3.204
-1.866,-0.972
-1.96,-2.172
-1.982,-0.405
-1.983,-3.026
-1.96,-3.749
-2.027,-1.174
-2.022,-2.939
-2.122,-1.304
-2.147,-0.296
-2.149,-3.225
-2.285,-3.903
-2.897,-4.064
-3.071,-3.917
2.728,-3.928
2.763,-4.096
2.391,-3.843
2.336,-3.93
1.866,-4.017
1.782,-4.251
1.245,-4.121
0.717,-3.902
0.313,-3.92
-0.57,-3.935
-0.67,-4.123
-1.202,-4.165
-1.368,-4.034
-1.403,-3.922
-3.079,0.3
2.825,0.387
2.603,0.493
2.19,0.455
2.137,0.493
1.794,0.43
1.796,0.558
0.307,0.358
0.192,0.56
0.08,0.21
-0.193,0.243
-0.317,0.428
-0.725,0.324
-1.891,0.565
-1.977,0.297
1.734,-3.287
0.783,-2.267
0.558,0.119
-1.046,-3.296
-2.878,-4.172
1.251,0.211
-2.086,-2.287
-2.131,-0.671
-2.28,-2.738
-2.2,-2.268
-2.219,-2.065
-2.222,-2.716
-2.385,-1.063
-2.272,-1.91
-2.3,-3.324
-2.364,-1.223
-2.512,-3.079
-2.497,-1.225
-3.024,-2.334
3.085,-2.474
-3.103,-2.337
3.01,-2.012
2.966,-2.017
2.892,0.047
2.953,-0.747
2.939,-2.381
2.8,-2.465
2.586,-0.216
2.572,-1.3
2.534,-2.666
2.616,-2.44
2.502,-2.688
2.399,-2.716
2.253,-0.077
2.235,-0.969
2.195,-0.007
2.174,-3.685
2.21,-2.242
1.825,-2.685
1.837,-2.104
1.843,-2.118
1.741,-2.079
1.531,-1.743
1.636,-2.707
1.487,-3.3
1.559,-3.056
1.557,-2.312
1.509,-0.977
1.5,-3.683
1.296,-1.156
1.38,-1.291
1.287,-1.579
0.977,-0.909
1.088,-0.793
0.805,-1.442
0.649,-2.41
0.612,-2.382
0.603,-1.556
0.046,-0.7
-0.12,-2.671
-0.008,-1.9
-0.051,-1.806
-0.143,-2.649
-0.309,-0.003
-0.319,-2.716
-0.463,-2.493
-0.398,-2.864
-0.541,-1.356
-0.653,-1.869
-0.562,0.157
-0.568,-1.707
-0.675,-1.932
-0.689,-1.593
-0.737,-1.911
-0.627,-3.561
-0.668,-3.508
-0.667,-1.486
-0.858,-2.73
-0.971,-1.977
-1.188,-3.535
-1.219,-3.338
-1.242,-2.871
-1.383,-3.171
-1.742,-2.304
-1.733,-2.31
-1.727,-3.576
-1.851,-3.372
-1.985,-1.148
-1.995,-2.246
-2.162,-1.19
-2.927,-4.059
-3.061,-3.999
3.101,-3.892
2.623,-3.94
1.888,-4.148
1.223,-4.067
-0.255,-4.072
-0.749,-4.11
-1.818,-4.022
-2.858,0.145
2.041,0.316
1.839,0.244
1.567,0.3
1.681,0.291
1.484,0.162
1.186,0.414
0.988,0.37
0.69,0.163
-0.146,0.483
-0.354,0.503
-1.04,0.249
-1.218,0.507
-1.747,0.269
1.426,-3.053
0.261,-2.106
-0.694,-3.082
-0.679,-0.503
-0.326,-1.367
-0.479,-2.143
-1.401,-2.601
-1.378,-0.606
-1.462,-2.11
-1.503,-1.784
-1.455,-1.595
2.342,-1.115
1.37,-2.512
0.834,-0.22
-1.351,-3.509
-0.527,-0.145
-1.319,0.058
-1.705,-0.048
-1.666,0.105
-1.933,-0.032
2.643,-3.643
-1.372,-3.597
-1.287,-3.871
-1.475,0.571
-1.973,0.314
-1.326,0.321
0.057,-0.766
0.035,-0.631
0.05,-0.507
-0.323,-0.966
-0.381,-1.307
-0.418,-1.394
-0.536,-2.016
-0.616,0.071
-0.7,1.18
-0.662,-0.228
-0.782,-2.01
-0.711,1.06
-0.752,-0.744
-0.928,1.22
-0.963,-0.434
-0.993,0.86
-1.137,0.542
-1.249,1.186
-1.242,0.751
-1.479,-1.593
-1.592,-1.462
-1.592,-1.304
-1.632,1.506
-1.733,-0.982
-1.735,-0.615
-1.669,-0.839
-1.693,-1.311
-1.705,-0.896
-1.777,-1.379
-1.721,-2.019
-1.762,-2.204
-1.816,-1.696
-1.781,0.536
-1.875,-0.664
-1.897,1.103
-1.898,-1.518
-1.875,-2.241
-1.942,0.334
-1.937,-1.431
-2.037,0.204
-2.062,1.212
-2.064,-1.717
-2.2,-2.395
-2.812,-2.556
-2.986,-2.409
2.813,-2.42
2.848,-2.588
2.476,-2.335
2.421,-2.422
1.951,-2.509
1.867,-2.743
1.33,-2.613
0.802,-2.394
0.398,-2.412
-0.485,-2.427
-0.585,-2.615
-1.117,-2.657
-1.283,-2.526
-1.318,-2.414
-2.994,1.808
2.91,1.895
2.688,2.001
2.275,1.963
2.222,2.001
1.879,1.938
1.881,2.066
0.392,1.866
0.277,2.068
0.165,1.718
-0.108,1.751
-0.232,1.936
-0.64,1.832
-1.806,2.073
-1.892,1.805
1.819,-1.779
0.868,-0.759
0.643,1.627
-0.961,-1.788
-2.793,-2.664
1.336,1.719
-2.001,-0.779
-2.046,0.837
-2.195,-1.23
-2.115,-0.76
-2.134,-0.557
-2.137,-1.208
-2.3,0.445
-2.187,-0.402
-2.215,-1.816
-2.279,0.285
-2.427,-1.571
-2.412,0.283
-2.939,-0.826
-3.113,-0.966
-3.018,-0.829
3.095,-0.504
3.051,-0.509
2.977,1.555
3.038,0.761
3.024,-0.873
2.885,-0.957
2.671,1.292
2.657,0.208
2.619,-1.158
2.701,-0.932
2.587,-1.18
2.484,-1.208
2.338,1.431
2.32,0.539
2.28,1.501
2.259,-2.177
2.295,-0.734
1.91,-1.177
1.922,-0.596
1.928,-0.61
1.826,-0.571
1.616,-0.235
1.721,-1.199
1.572,-1.792
1.644,-1.548
1.642,-0.804
1.594,0.531
1.585,-2.175
1.381,0.352
1.465,0.217
1.372,-0.071
1.062,0.599
1.173,0.715
0.89,0.066
0.734,-0.902
0.697,-0.874
0.688,-0.048
0.131,0.808
-0.035,-1.163
0.077,-0.392
0.034,-0.298
-0.058,-1.141
-0.224,1.505
-0.234,-1.208
-0.378,-0.985
-0.313,-1.356
-0.456,0.152
-0.568,-0.361
-0.477,1.665
-0.483,-0.199
-0.59,-0.424
-0.604,-0.085
-0.652,-0.403
-0.542,-2.053
-0.583,-2.0
-0.582,0.022
-0.773,-1.222
-0.886,-0.469
-1.103,-2.027
-1.134,-1.83
-1.157,-1.363
-1.298,-1.663
-1.657,-0.796
-1.648,-0.802
-1.642,-2.068
-1.766,-1.864
-1.9,0.36
-1.91,-0.738
-2.077,0.318
-2.842,-2.551
-2.976,-2.491
-3.097,-2.384
2.708,-2.432
1.973,-2.64
1.308,-2.559
-0.17,-2.564
-0.664,-2.602
-1.733,-2.514
-2.773,1.653
2.126,1.824
1.924,1.752
1.652,1.808
1.766,1.799
1.569,1.67
1.271,1.922
1.073,1.878
0.775,1.671
-0.061,1.991
-0.269,2.011
-0.955,1.757
-1.133,2.015
-1.662,1.777
1.511,-1.545
0.346,-0.598
-0.609,-1.574
-0.594,1.005
-0.241,0.141
-0.394,-0.635
-1.316,-1.093
-1.293,0.902
-1.377,-0.602
-1.418,-0.276
-1.37,-0.087
2.427,0.393
1.455,-1.004
0.919,1.288
-1.266,-2.001
-0.442,1.363
-1.234,1.566
-1.62,1.46
-1.581,1.613
-1.848,1.476
2.728,-2.135
-1.287,-2.089
-1.202,-2.363
-1.39,2.079
-1.888,1.822
-1.241,1.829
-0.022,0.135
-0.007,0.259
-0.38,-0.2
-0.438,-0.541
-0.475,-0.628
-0.593,-1.25
-0.673,0.837
-0.757,1.946
-0.719,0.538
-0.839,-1.244
-0.768,1.826
-0.809,0.022
-0.985,1.986
-1.02,0.332
-1.05,1.626
-1.194,1.308
-1.306,1.952
-1.299,1.517
-1.536,-0.827
-1.649,-0.696
-1.649,-0.538
-1.689,2.272
-1.79,-0.216
-1.792,0.151
-1.726,-0.073
-1.75,-0.545
-1.762,-0.13
-1.834,-0.613
-1.778,-1.253
-1.819,-1.438
-1.873,-0.93
-1.838,1.302
-1.932,0.102
-1.954,1.869
-1.955,-0.752
-1.932,-1.475
-1.999,1.1
-1.994,-0.665
-2.094,0.97
-2.119,1.978
-2.121,-0.951
-2.257,-1.629
-2.869,-1.79
-3.043,-1.643
2.756,-1.654
2.791,-1.822
2.419,-1.569
2.364,-1.656
1.894,-1.743
1.81,-1.977
1.273,-1.847
0.745,-1.628
0.341,-1.646
-0.542,-1.661
-0.642,-1.849
-1.174,-1.891
-1.34,-1.76
-1.375,-1.648
-3.051,2.574
2.853,2.661
2.631,2.767
2.218,2.729
2.165,2.767
1.822,2.704
1.824,2.832
0.335,2.632
0.22,2.834
0.108,2.484
-0.165,2.517
-0.289,2.702
-0.697,2.598
-1.863,2.839
-1.949,2.571
1.762,-1.013
0.811,0.007
0.586,2.393
-1.018,-1.022
-2.85,-1.898
1.279,2.485
-2.058,-0.013
-2.103,1.603
-2.252,-0.464
-2.172,0.006
-2.191,0.209
-2.194,-0.442
-2.357,1.211
-2.244,0.364
-2.272,-1.05
-2.336,1.051
-2.484,-0.805
-2.469,1.049
-2.996,-0.06
3.113,-0.2
-3.075,-0.063
3.038,0.262
2.994,0.257
2.92,2.321
2.981,1.527
2.967,-0.107
2.828,-0.191
2.614,2.058
2.6,0.974
2.562,-0.392
2.644,-0.166
2.53,-0.414
2.427,-0.442
2.281,2.197
2.263,1.305
2.223,2.267
2.202,-1.411
2.238,0.032
1.853,-0.411
1.865,0.17
1.871,0.156
1.769,0.195
1.559,0.531
1.664,-0.433
1.515,-1.026
1.587,-0.782
1.585,-0.038
1.537,1.297
1.528,-1.409
1.324,1.118
1.408,0.983
1.315,0.695
1.005,1.365
1.116,1.481
0.833,0.832
0.677,-0.136
0.64,-0.108
0.631,0.718
0.074,1.574
-0.092,-0.397
0.02,0.374
-0.023,0.468
-0.115,-0.375
-0.281,2.271
-0.291,-0.442
-0.435,-0.219
-0.37,-0.59
-0.513,0.918
-0.625,0.405
-0.534,2.431
-0.54,0.567
-0.647,0.342
-0.661,0.681
-0.709,0.363
-0.599,-1.287
-0.64,-1.234
-0.639,0.788
-0.83,-0.456
-0.943,0.297
-1.16,-1.261
-1.191,-1.064
-1.214,-0.597
-1.355,-0.897
-1.714,-0.03
-1.705,-0.036
-1.699,-1.302
-1.823,-1.098
-1.957,1.126
-1.967,0.028
-2.134,1.084
-2.899,-1.785
-3.033,-1.725
3.129,-1.618
2.651,-1.666
1.916,-1.874
1.251,-1.793
-0.227,-1.798
-0.721,-1.836
-1.79,-1.748
-2.83,2.419
2.069,2.59
1.867,2.518
1.595,2.574
1.709,2.565
1.512,2.436
1.214,2.688
1.016,2.644
0.718,2.437
-0.118,2.757
-0.326,2.777
-1.012,2.523
-1.19,2.781
-1.719,2.543
1.454,-0.779
0.289,0.168
-0.666,-0.808
-0.651,1.771
-0.298,0.907
-0.451,0.131
-1.373,-0.327
-1.35,1.668
-1.434,0.164
-1.475,0.49
-1.427,0.679
2.37,1.159
1.398,-0.238
0.862,2.054
-1.323,-1.235
-0.499,2.129
-1.291,2.332
-1.677,2.226
-1.638,2.379
-1.905,2.242
2.671,-1.369
-1.344,-1.323
-1.259,-1.597
-1.447,2.845
-1.945,2.588
-1.298,2.595
0.015,0.124
-0.358,-0.335
-0.416,-0.676
-0.453,-0.763
-0.571,-1.385
-0.651,0.702
-0.735,1.811
-0.697,0.403
-0.817,-1.379
-0.746,1.691
-0.787,-0.113
-0.963,1.851
-0.998,0.197
-1.028,1.491
-1.172,1.173
-1.284,1.817
-1.277,1.382
-1.514,-0.962
-1.627,-0.831
-1.627,-0.673
-1.667,2.137
-1.768,-0.351
-1.77,0.016
-1.704,-0.208
-1.728,-0.68
-1.74,-0.265
-1.812,-0.748
-1.756,-1.388
-1.797,-1.573
-1.851,-1.065
-1.816,1.167
-1.91,-0.033
-1.932,1.734
-1.933,-0.887
-1.91,-1.61
-1.977,0.965
-1.972,-0.8
-2.072,0.835
-2.097,1.843
-2.099,-1.086
-2.235,-1.764
-2.847,-1.925
-3.021,-1.778
2.778,-1.789
2.813,-1.957
2.441,-1.704
2.386,-1.791
1.916,-1.878
1.832,-2.112
1.295,-1.982
0.767,-1.763
0.363,-1.781
-0.52,-1.796
-0.62,-1.984
-1.152,-2.026
-1.318,-1.895
-1.353,-1.783
-3.029,2.439
2.875,2.526
2.653,2.632
2.24,2.594
2.187,2.632
1.844,2.569
1.846,2.697
0.357,2.497
0.242,2.699
0.13,2.349
-0.143,2.382
-0.267,2.567
-0.675,2.463
-1.841,2.704
-1.927,2.436
1.784,-1.148
0.833,-0.128
0.608,2.258
-0.996,-1.157
-2.828,-2.033
1.301,2.35
-2.036,-0.148
-2.081,1.468
-2.23,-0.599
-2.15,-0.129
-2.169,0.074
-2.172,-0.577
-2.335,1.076
-2.222,0.229
-2.25,-1.185
-2.314,0.916
-2.462,-0.94
-2.447,0.914
-2.974,-0.195
3.135,-0.335
-3.053,-0.198
3.06,0.127
3.016,0.122
2.942,2.186
3.003,1.392
2.989,-0.242
2.85,-0.326
2.636,1.923
2.622,0.839
2.584,-0.527
2.666,-0.301
2.552,-0.549
2.449,-0.577
2.303,2.062
2.285,1.17
2.245,2.132
2.224,-1.546
2.26,-0.103
1.875,-0.546
1.887,0.035
1.893,0.021
1.791,0.06
1.581,0.396
1.686,-0.568
1.537,-1.161
1.609,-0.917
1.607,-0.173
1.559,1.162
1.55,-1.544
1.346,0.983
1.43,0.848
1.337,0.56
1.027,1.23
1.138,1.346
0.855,0.697
0.699,-0.271
0.662,-0.243
0.653,0.583
0.096,1.439
-0.07,-0.532
0.042,0.239
-0.001,0.333
-0.093,-0.51
-0.259,2.136
-0.269,-0.577
-0.413,-0.354
-0.348,-0.725
-0.491,0.783
-0.603,0.27
-0.512,2.296
-0.518,0.432
-0.625,0.207
-0.639,0.546
-0.687,0.228
-0.577,-1.422
-0.618,-1.369
-0.617,0.653
-0.808,-0.591
-0.921,0.162
-1.138,-1.396
-1.169,-1.199
-1.192,-0.732
-1.333,-1.032
-1.692,-0.165
-1.683,-0.171
-1.677,-1.437
-1.801,-1.233
-1.935,0.991
-1.945,-0.107
-2.112,0.949
-2.877,-1.92
-3.011,-1.86
-3.132,-1.753
2.673,-1.801
1.938,-2.009
1.273,-1.928
-0.205,-1.933
-0.699,-1.971
-1.768,-1.883
-2.808,2.284
2.091,2.455
1.889,2.383
1.617,2.439
1.731,2.43
1.534,2.301
1.236,2.553
1.038,2.509
0.74,2.302
-0.096,2.622
-0.304,2.642
-0.99,2.388
-1.168,2.646
-1.697,2.408
1.476,-0.914
0.311,0.033
-0.644,-0.943
-0.629,1.636
-0.276,0.772
-0.429,-0.004
-1.351,-0.462
-1.328,1.533
-1.412,0.029
-1.453,0.355
-1.405,0.544
2.392,1.024
1.42,-0.373
0.884,1.919
-1.301,-1.37
-0.477,1.994
-1.269,2.197
-1.655,2.091
-1.616,2.244
-1.883,2.107
2.693,-1.504
-1.322,-1.458
-1.237,-1.732
-1.425,2.71
-1.923,2.453
-1.276,2.46
-0.373,-0.459
-0.431,-0.8
-0.468,-0.887
-0.586,-1.509
-0.666,0.578
-0.75,1.687
-0.712,0.279
-0.832,-1.503
-0.761,1.567
-0.802,-0.237
-0.978,1.727
-1.013,0.073
-1.043,1.367
-1.187,1.049
-1.299,1.693
-1.292,1.258
-1.529,-1.086
-1.642,-0.955
-1.642,-0.797
-1.682,2.013
-1.783,-0.475
-1.785,-0.108
-1.719,-0.332
-1.743,-0.804
-1.755,-0.389
-1.827,-0.872
-1.771,-1.512
-1.812,-1.697
-1.866,-1.189
-1.831,1.043
-1.925,-0.157
-1.947,1.61
-1.948,-1.011
-1.925,-1.734
-1.992,0.841
-1.987,-0.924
-2.087,0.711
-2.112,1.719
-2.114,-1.21
-2.25,-1.888
-2.862,-2.049
-3.036,-1.902
2.763,-1.913
2.798,-2.081
2.426,-1.828
2.371,-1.915
1.901,-2.002
1.817,-2.236
1.28,-2.106
0.752,-1.887
0.348,-1.905
-0.535,-1.92
-0.635,-2.108
-1.167,-2.15
-1.333,-2.019
-1.368,-1.907
-3.044,2.315
2.86,2.402
2.638,2.508
2.225,2.47
2.172,2.508
1.829,2.445
1.831,2.573
0.342,2.373
0.227,2.575
0.115,2.225
-0.158,2.258
-0.282,2.443
-0.69,2.339
-1.856,2.58
-1.942,2.312
1.769,-1.272
0.818,-0.252
0.593,2.134
-1.011,-1.281
-2.843,-2.157
1.286,2.226
-2.051,-0.272
-2.096,1.344
-2.245,-0.723
-2.165,-0.253
-2.184,-0.05
-2.187,-0.701
-2.35,0.952
-2.237,0.105
-2.265,-1.309
-2.329,0.792
-2.477,-1.064
-2.462,0.79
-2.989,-0.319
3.12,-0.459
-3.068,-0.322
3.045,0.003
3.001,-0.002
2.927,2.062
2.988,1.268
2.974,-0.366
2.835,-0.45
2.621,1.799
2.607,0.715
2.569,-0.651
2.651,-0.425
2.537,-0.673
2.434,-0.701
2.288,1.938
2.27,1.046
2.23,2.008
2.209,-1.67
2.245,-0.227
1.86,-0.67
1.872,-0.089
1.878,-0.103
1.776,-0.064
1.566,0.272
1.671,-0.692
1.522,-1.285
1.594,-1.041
1.592,-0.297
1.544,1.038
1.535,-1.668
1.331,0.859
1.415,0.724
1.322,0.436
1.012,1.106
1.123,1.222
0.84,0.573
0.684,-0.395
0.647,-0.367
0.638,0.459
0.081,1.315
-0.085,-0.656
0.027,0.115
-0.016,0.209
-0.108,-0.634
-0.274,2.012
-0.284,-0.701
-0.428,-0.478
-0.363,-0.849
-0.506,0.659
-0.618,0.146
-0.527,2.172
-0.533,0.308
-0.64,0.083
-0.654,0.422
-0.702,0.104
-0.592,-1.546
-0.633,-1.493
-0.632,0.529
-0.823,-0.715
-0.936,0.038
-1.153,-1.52
-1.184,-1.323
-1.207,-0.856
-1.348,-1.156
-1.707,-0.289
-1.698,-0.295
-1.692,-1.561
-1.816,-1.357
-1.95,0.867
-1.96,-0.231
-2.127,0.825
-2.892,-2.044
-3.026,-1.984
3.136,-1.877
2.658,-1.925
1.923,-2.133
1.258,-2.052
-0.22,-2.057
-0.714,-2.095
-1.783,-2.007
-2.823,2.16
2.076,2.331
1.874,2.259
1.602,2.315
1.716,2.306
1.519,2.177
1.221,2.429
1.023,2.385
0.725,2.178
-0.111,2.498
-0.319,2.518
-1.005,2.264
-1.183,2.522
-1.712,2.284
1.461,-1.038
0.296,-0.091
-0.659,-1.067
-0.644,1.512
-0.291,0.648
-0.444,-0.128
-1.366,-0.586
-1.343,1.409
-1.427,-0.095
-1.468,0.231
-1.42,0.42
2.377,0.9
1.405,-0.497
0.869,1.795
-1.316,-1.494
-0.492,1.87
-1.284,2.073
-1.67,1.967
-1.631,2.12
-1.898,1.983
2.678,-1.628
-1.337,-1.582
-1.252,-1.856
-1.44,2.586
-1.938,2.329
-1.291,2.336
-0.058,-0.341
-0.095,-0.428
-0.213,-1.05
-0.293,1.037
-0.377,2.146
-0.339,0.738
-0.459,-1.044
-0.388,2.026
-0.429,0.222
-0.605,2.186
-0.64,0.532
-0.67,1.826
-0.814,1.508
-0.926,2.152
-0.919,1.717
-1.156,-0.627
-1.269,-0.496
-1.269,-0.338
-1.309,2.472
-1.41,-0.016
-1.412,0.351
-1.346,0.127
-1.37,-0.345
-1.382,0.07
-1.454,-0.413
-1.398,-1.053
-1.439,-1.238
-1.493,-0.73
-1.458,1.502
-1.552,0.302
-1.574,2.069
-1.575,-0.552
-1.552,-1.275
-1.619,1.3
-1.614,-0.465
-1.714,1.17
-1.739,2.178
-1.741,-0.751
-1.877,-1.429
-2.489,-1.59
-2.663,-1.443
3.136,-1.454
-3.112,-1.622
2.799,-1.369
2.744,-1.456
2.274,-1.543
2.19,-1.777
1.653,-1.647
1.125,-1.428
0.721,-1.446
-0.162,-1.461
-0.262,-1.649
-0.794,-1.691
-0.96,-1.56
-0.995,-1.448
-2.671,2.774
-3.05,2.861
3.011,2.967
2.598,2.929
2.545,2.967
2.202,2.904
2.204,3.032
0.715,2.832
0.6,3.034
0.488,2.684
0.215,2.717
0.091,2.902
-0.317,2.798
-1.483,3.039
-1.569,2.771
2.142,-0.813
1.191,0.207
0.966,2.593
-0.638,-0.822
-2.47,-1.698
1.659,2.685
-1.678,0.187
-1.723,1.803
-1.872,-0.264
-1.792,0.206
-1.811,0.409
-1.814,-0.242
-1.977,1.411
-1.864,0.564
-1.892,-0.85
-1.956,1.251
-2.104,-0.605
-2.089,1.249
-2.616,0.14
-2.79,0.0
-2.695,0.137
-2.865,0.462
-2.909,0.457
-2.983,2.521
-2.922,1.727
-2.936,0.093
-3.075,0.009
2.994,2.258
2.98,1.174
2.942,-0.192
3.024,0.034
2.91,-0.214
2.807,-0.242
2.661,2.397
2.643,1.505
2.603,2.467
2.582,-1.211
2.618,0.232
2.233,-0.211
2.245,0.37
2.251,0.356
2.149,0.395
1.939,0.731
2.044,-0.233
1.895,-0.826
1.967,-0.582
1.965,0.162
1.917,1.497
1.908,-1.209
1.704,1.318
1.788,1.183
1.695,0.895
1.385,1.565
1.496,1.681
1.213,1.032
1.057,0.064
1.02,0.092
1.011,0.918
0.454,1.774
0.288,-0.197
0.4,0.574
0.357,0.668
0.265,-0.175
0.099,2.471
0.089,-0.242
-0.055,-0.019
0.01,-0.39
-0.133,1.118
-0.245,0.605
-0.154,2.631
-0.16,0.767
-0.267,0.542
-0.281,0.881
-0.329,0.563
-0.219,-1.087
-0.26,-1.034
-0.259,0.988
-0.45,-0.256
-0.563,0.497
-0.78,-1.061
-0.811,-0.864
-0.834,-0.397
-0.975,-0.697
-1.334,0.17
-1.325,0.164
-1.319,-1.102
-1.443,-0.898
-1.577,1.326
-1.587,0.228
-1.754,1.284
-2.519,-1.585
-2.653,-1.525
-2.774,-1.418
3.031,-1.466
2.296,-1.674
1.631,-1.593
0.153,-1.598
-0.341,-1.636
-1.41,-1.548
-2.45,2.619
2.449,2.79
2.247,2.718
1.975,2.774
2.089,2.765
1.892,2.636
1.594,2.888
1.396,2.844
1.098,2.637
0.262,2.957
0.054,2.977
-0.632,2.723
-0.81,2.981
-1.339,2.743
1.834,-0.579
0.669,0.368
-0.286,-0.608
-0.271,1.971
0.082,1.107
-0.071,0.331
-0.993,-0.127
-0.97,1.868
-1.054,0.364
-1.095,0.69
-1.047,0.879
2.75,1.359
1.778,-0.038
1.242,2.254
-0.943,-1.035
-0.119,2.329
-0.911,2.532
-1.297,2.426
-1.258,2.579
-1.525,2.442
3.051,-1.169
-0.964,-1.123
-0.879,-1.397
-1.067,3.045
-1.565,2.788
-0.918,2.795
-0.037,-0.087
-0.155,-0.709
-0.235,1.378
-0.319,2.487
-0.281,1.079
-0.401,-0.703
-0.33,2.367
-0.371,0.563
-0.547,2.527
-0.582,0.873
-0.612,2.167
-0.756,1.849
-0.868,2.493
-0.861,2.058
-1.098,-0.286
-1.211,-0.155
-1.211,0.003
-1.251,2.813
-1.352,0.325
-1.354,0.692
-1.288,0.468
-1.312,-0.004
-1.324,0.411
-1.396,-0.072
-1.34,-0.712
-1.381,-0.897
-1.435,-0.389
-1.4,1.843
-1.494,0.643
-1.516,2.41
-1.517,-0.211
-1.494,-0.934
-1.561,1.641
-1.556,-0.124
-1.656,1.511
-1.681,2.519
-1.683,-0.41
-1.819,-1.088
-2.431,-1.249
-2.605,-1.102
-3.089,-1.113
-3.054,-1.281
2.857,-1.028
2.802,-1.115
2.332,-1.202
2.248,-1.436
1.711,-1.306
1.183,-1.087
0.779,-1.105
-0.104,-1.12
-0.204,-1.308
-0.736,-1.35
-0.902,-1.219
-0.937,-1.107
-2.613,3.115
-2.992,3.202
3.069,3.308
2.656,3.27
2.603,3.308
2.26,3.245
2.262,3.373
0.773,3.173
0.658,3.375
0.546,3.025
0.273,3.058
0.149,3.243
-0.259,3.139
-1.425,3.38
-1.511,3.112
2.2,-0.472
1.249,0.548
1.024,2.934
-0.58,-0.481
-2.412,-1.357
1.717,3.026
-1.62,0.528
-1.665,2.144
-1.814,0.077
-1.734,0.547
-1.753,0.75
-1.756,0.099
-1.919,1.752
-1.806,0.905
-1.834,-0.509
-1.898,1.592
-2.046,-0.264
-2.031,1.59
-2.558,0.481
-2.732,0.341
-2.637,0.478
-2.807,0.803
-2.851,0.798
-2.925,2.862
-2.864,2.068
-2.878,0.434
-3.017,0.35
3.052,2.599
3.038,1.515
3.0,0.149
3.082,0.375
2.968,0.127
2.865,0.099
2.719,2.738
2.701,1.846
2.661,2.808
2.64,-0.87
2.676,0.573
2.291,0.13
2.303,0.711
2.309,0.697
2.207,0.736
1.997,1.072
2.102,0.108
1.953,-0.485
2.025,-0.241
2.023,0.503
1.975,1.838
1.966,-0.868
1.762,1.659
1.846,1.524
1.753,1.236
1.443,1.906
1.554,2.022
1.271,1.373
1.115,0.405
1.078,0.433
1.069,1.259
0.512,2.115
0.346,0.144
0.458,0.915
0.415,1.009
0.323,0.166
0.157,2.812
0.147,0.099
0.003,0.322
0.068,-0.049
-0.075,1.459
-0.187,0.946
-0.096,2.972
-0.102,1.108
-0.209,0.883
-0.223,1.222
-0.271,0.904
-0.161,-0.746
-0.202,-0.693
-0.201,1.329
-0.392,0.085
-0.505,0.838
-0.722,-0.72
-0.753,-0.523
-0.776,-0.056
-0.917,-0.356
-1.276,0.511
-1.267,0.505
-1.261,-0.761
-1.385,-0.557
-1.519,1.667
-1.529,0.569
-1.696,1.625
-2.461,-1.244
-2.595,-1.184
-2.716,-1.077
3.089,-1.125
2.354,-1.333
1.689,-1.252
0.211,-1.257
-0.283,-1.295
-1.352,-1.207
-2.392,2.96
2.507,3.131
2.305,3.059
2.033,3.115
2.147,3.106
1.95,2.977
1.652,3.229
1.454,3.185
1.156,2.978
0.32,3.298
0.112,3.318
-0.574,3.064
-0.752,3.322
-1.281,3.084
1.892,-0.238
0.727,0.709
-0.228,-0.267
-0.213,2.312
0.14,1.448
-0.013,0.672
-0.935,0.214
-0.912,2.209
-0.996,0.705
-1.037,1.031
-0.989,1.22
2.808,1.7
1.836,0.303
1.3,2.595
-0.885,-0.694
-0.061,2.67
-0.853,2.873
-1.239,2.767
-1.2,2.92
-1.467,2.783
3.109,-0.828
-0.906,-0.782
-0.821,-1.056
-1.009,3.386
-1.507,3.129
-0.86,3.136
-0.118,-0.622
-0.198,1.465
-0.282,2.574
-0.244,1.166
-0.364,-0.616
-0.293,2.454
-0.334,0.65
-0.51,2.614
-0.545,0.96
-0.575,2.254
-0.719,1.936
-0.831,2.58
-0.824,2.145
-1.061,-0.199
-1.174,-0.068
-1.174,0.09
-1.214,2.9
-1.315,0.412
-1.317,0.779
-1.251,0.555
-1.275,0.083
-1.287,0.498
-1.359,0.015
-1.303,-0.625
-1.344,-0.81
-1.398,-0.302
-1.363,1.93
-1.457,0.73
-1.479,2.497
-1.48,-0.124
-1.457,-0.847
-1.524,1.728
-1.519,-0.037
-1.619,1.598
-1.644,2.606
-1.646,-0.323
-1.782,-1.001
-2.394,-1.162
-2.568,-1.015
-3.052,-1.026
-3.017,-1.194
2.894,-0.941
2.839,-1.028
2.369,-1.115
2.285,-1.349
1.748,-1.219
1.22,-1.0
0.816,-1.018
-0.067,-1.033
-0.167,-1.221
-0.699,-1.263
-0.865,-1.132
-0.9,-1.02
-2.576,3.202
-2.955,3.289
3.106,3.395
2.693,3.357
2.64,3.395
2.297,3.332
2.299,3.46
0.81,3.26
0.695,3.462
0.583,3.112
0.31,3.145
0.186,3.33
-0.222,3.226
-1.388,3.467
-1.474,3.199
2.237,-0.385
1.286,0.635
1.061,3.021
-0.543,-0.394
-2.375,-1.27
1.754,3.113
-1.583,0.615
-1.628,2.231
-1.777,0.164
-1.697,0.634
-1.716,0.837
-1.719,0.186
-1.882,1.839
-1.769,0.992
-1.797,-0.422
-1.861,1.679
-2.009,-0.177
-1.994,1.677
-2.521,0.568
-2.695,0.428
-2.6,0.565
-2.77,0.89
-2.814,0.885
-2.888,2.949
-2.827,2.155
-2.841,0.521
-2.98,0.437
3.089,2.686
3.075,1.602
3.037,0.236
3.119,0.462
3.005,0.214
2.902,0.186
2.756,2.825
2.738,1.933
2.698,2.895
2.677,-0.783
2.713,0.66
2.328,0.217
2.34,0.798
2.346,0.784
2.244,0.823
2.034,1.159
2.139,0.195
1.99,-0.398
2.062,-0.154
2.06,0.59
2.012,1.925
2.003,-0.781
1.799,1.746
1.883,1.611
1.79,1.323
1.48,1.993
1.591,2.109
1.308,1.46
1.152,0.492
1.115,0.52
1.106,1.346
0.549,2.202
0.383,0.231
0.495,1.002
0.452,1.096
0.36,0.253
0.194,2.899
0.184,0.186
0.04,0.409
0.105,0.038
-0.038,1.546
-0.15,1.033
-0.059,3.059
-0.065,1.195
-0.172,0.97
-0.186,1.309
-0.234,0.991
-0.124,-0.659
-0.165,-0.606
-0.164,1.416
-0.355,0.172
-0.468,0.925
-0.685,-0.633
-0.716,-0.436
-0.739,0.031
-0.88,-0.269
-1.239,0.598
-1.23,0.592
-1.224,-0.674
-1.348,-0.47
-1.482,1.754
-1.492,0.656
-1.659,1.712
-2.424,-1.157
-2.558,-1.097
-2.679,-0.99
3.126,-1.038
2.391,-1.246
1.726,-1.165
0.248,-1.17
-0.246,-1.208
-1.315,-1.12
-2.355,3.047
2.544,3.218
2.342,3.146
2.07,3.202
2.184,3.193
1.987,3.064
1.689,3.316
1.491,3.272
1.193,3.065
0.357,3.385
0.149,3.405
-0.537,3.151
-0.715,3.409
-1.244,3.171
1.929,-0.151
0.764,0.796
-0.191,-0.18
-0.176,2.399
0.177,1.535
0.024,0.759
-0.898,0.301
-0.875,2.296
-0.959,0.792
-1.0,1.118
-0.952,1.307
2.845,1.787
1.873,0.39
1.337,2.682
-0.848,-0.607
-0.024,2.757
-0.816,2.96
-1.202,2.854
-1.163,3.007
-1.43,2.87
-3.137,-0.741
-0.869,-0.695
-0.784,-0.969
-0.972,3.473
-1.47,3.216
-0.823,3.223
-0.08,2.087
-0.164,3.196
-0.126,1.788
-0.246,0.006
-0.175,3.076
-0.216,1.272
-0.392,3.236
-0.427,1.582
-0.457,2.876
-0.601,2.558
-0.713,3.202
-0.706,2.767
-0.943,0.423
-1.056,0.554
-1.056,0.712
-1.096,3.522
-1.197,1.034
-1.199,1.401
-1.133,1.177
-1.157,0.705
-1.169,1.12
-1.241,0.637
-1.185,-0.003
-1.226,-0.188
-1.28,0.32
-1.245,2.552
-1.339,1.352
-1.361,3.119
-1.362,0.498
-1.339,-0.225
-1.406,2.35
-1.401,0.585
-1.501,2.22
-1.526,3.228
-1.528,0.299
-1.664,-0.379
-2.276,-0.54
-2.45,-0.393
-2.934,-0.404
-2.899,-0.572
3.012,-0.319
2.957,-0.406
2.487,-0.493
2.403,-0.727
1.866,-0.597
1.338,-0.378
0.934,-0.396
0.051,-0.411
-0.049,-0.599
-0.581,-0.641
-0.747,-0.51
-0.782,-0.398
-2.458,3.824
-2.837,3.911
-3.059,4.017
2.811,3.979
2.758,4.017
2.415,3.954
2.417,4.082
0.928,3.882
0.813,4.084
0.701,3.734
0.428,3.767
0.304,3.952
-0.104,3.848
-1.27,4.089
-1.356,3.821
2.355,0.237
1.404,1.257
1.179,3.643
-0.425,0.228
-2.257,-0.648
1.872,3.735
-1.465,1.237
-1.51,2.853
-1.659,0.786
-1.579,1.256
-1.598,1.459
-1.601,0.808
-1.764,2.461
-1.651,1.614
-1.679,0.2
-1.743,2.301
-1.891,0.445
-1.876,2.299
-2.403,1.19
-2.577,1.05
-2.482,1.187
-2.652,1.512
-2.696,1.507
-2.77,3.571
-2.709,2.777
-2.723,1.143
-2.862,1.059
-3.076,3.308
-3.09,2.224
-3.128,0.858
-3.046,1.084
3.123,0.836
3.02,0.808
2.874,3.447
2.856,2.555
2.816,3.517
2.795,-0.161
2.831,1.282
2.446,0.839
2.458,1.42
2.464,1.406
2.362,1.445
2.152,1.781
2.257,0.817
2.108,0.224
2.18,0.468
2.178,1.212
2.13,2.547
2.121,-0.159
1.917,2.368
2.001,2.233
1.908,1.945
1.598,2.615
1.709,2.731
1.426,2.082
1.27,1.114
1.233,1.142
1.224,1.968
0.667,2.824
0.501,0.853
0.613,1.624
0.57,1.718
0.478,0.875
0.312,3.521
0.302,0.808
0.158,1.031
0.223,0.66
0.08,2.168
-0.032,1.655
0.059,3.681
0.053,1.817
-0.054,1.592
-0.068,1.931
-0.116,1.613
-0.006,-0.037
-0.047,0.016
-0.046,2.038
-0.237,0.794
-0.35,1.547
-0.567,-0.011
-0.598,0.186
-0.621,0.653
-0.762,0.353
-1.121,1.22
-1.112,1.214
-1.106,-0.052
-1.23,0.152
-1.364,2.376
-1.374,1.278
-1.541,2.334
-2.306,-0.535
-2.44,-0.475
-2.561,-0.368
-3.039,-0.416
2.509,-0.624
1.844,-0.543
0.366,-0.548
-0.128,-0.586
-1.197,-0.498
-2.237,3.669
2.662,3.84
2.46,3.768
2.188,3.824
2.302,3.815
2.105,3.686
1.807,3.938
1.609,3.894
1.311,3.687
0.475,4.007
0.267,4.027
-0.419,3.773
-0.597,4.031
-1.126,3.793
2.047,0.471
0.882,1.418
-0.073,0.442
-0.058,3.021
0.295,2.157
0.142,1.381
-0.78,0.923
-0.757,2.918
-0.841,1.414
-0.882,1.74
-0.834,1.929
2.963,2.409
1.991,1.012
1.455,3.304
-0.73,0.015
0.094,3.379
-0.698,3.582
-1.084,3.476
-1.045,3.629
-1.312,3.492
-3.019,-0.119
-0.751,-0.073
-0.666,-0.347
-0.854,4.095
-1.352,3.838
-0.705,3.845
-0.084,1.109
-0.046,-0.299
-0.166,-2.081
-0.095,0.989
-0.136,-0.815
-0.312,1.149
-0.347,-0.505
-0.377,0.789
-0.521,0.471
-0.633,1.115
-0.626,0.68
-0.863,-1.664
-0.976,-1.533
-0.976,-1.375
-1.016,1.435
-1.117,-1.053
-1.119,-0.686
-1.053,-0.91
-1.077,-1.382
-1.089,-0.967
-1.161,-1.45
-1.105,-2.09
-1.146,-2.275
-1.2,-1.767
-1.165,0.465
-1.259,-0.735
-1.281,1.032
-1.282,-1.589
-1.259,-2.312
-1.326,0.263
-1.321,-1.502
-1.421,0.133
-1.446,1.141
-1.448,-1.788
-1.584,-2.466
-2.196,-2.627
-2.37,-2.48
-2.854,-2.491
-2.819,-2.659
3.092,-2.406
3.037,-2.493
2.567,-2.58
2.483,-2.814
1.946,-2.684
1.418,-2.465
1.014,-2.483
0.131,-2.498
0.031,-2.686
-0.501,-2.728
-0.667,-2.597
-0.702,-2.485
-2.378,1.737
-2.757,1.824
-2.979,1.93
2.891,1.892
2.838,1.93
2.495,1.867
2.497,1.995
1.008,1.795
0.893,1.997
0.781,1.647
0.508,1.68
0.384,1.865
-0.024,1.761
-1.19,2.002
-1.276,1.734
2.435,-1.85
1.484,-0.83
1.259,1.556
-0.345,-1.859
-2.177,-2.735
1.952,1.648
-1.385,-0.85
-1.43,0.766
-1.579,-1.301
-1.499,-0.831
-1.518,-0.628
-1.521,-1.279
-1.684,0.374
-1.571,-0.473
-1.599,-1.887
-1.663,0.214
-1.811,-1.642
-1.796,0.212
-2.323,-0.897
-2.497,-1.037
-2.402,-0.9
-2.572,-0.575
-2.616,-0.58
-2.69,1.484
-2.629,0.69
-2.643,-0.944
-2.782,-1.028
-2.996,1.221
-3.01,0.137
-3.048,-1.229
-2.966,-1.003
-3.08,-1.251
3.1,-1.279
2.954,1.36
2.936,0.468
2.896,1.43
2.875,-2.248
2.911,-0.805
2.526,-1.248
2.538,-0.667
2.544,-0.681
2.442,-0.642
2.232,-0.306
2.337,-1.27
2.188,-1.863
2.26,-1.619
2.258,-0.875
2.21,0.46
2.201,-2.246
1.997,0.281
2.081,0.146
1.988,-0.142
1.678,0.528
1.789,0.644
1.506,-0.005
1.35,-0.973
1.313,-0.945
1.304,-0.119
0.747,0.737
0.581,-1.234
0.693,-0.463
0.65,-0.369
0.558,-1.212
0.392,1.434
0.382,-1.279
0.238,-1.056
0.303,-1.427
0.16,0.081
0.048,-0.432
0.139,1.594
0.133,-0.27
0.026,-0.495
0.012,-0.156
-0.036,-0.474
0.074,-2.124
0.033,-2.071
0.034,-0.049
-0.157,-1.293
-0.27,-0.54
-0.487,-2.098
-0.518,-1.901
-0.541,-1.434
-0.682,-1.734
-1.041,-0.867
-1.032,-0.873
-1.026,-2.139
-1.15,-1.935
-1.284,0.289
-1.294,-0.809
-1.461,0.247
-2.226,-2.622
-2.36,-2.562
-2.481,-2.455
-2.959,-2.503
2.589,-2.711
1.924,-2.63
0.446,-2.635
-0.048,-2.673
-1.117,-2.585
-2.157,1.582
2.742,1.753
2.54,1.681
2.268,1.737
2.382,1.728
2.185,1.599
1.887,1.851
1.689,1.807
1.391,1.6
0.555,1.92
0.347,1.94
-0.339,1.686
-0.517,1.944
-1.046,1.706
2.127,-1.616
0.962,-0.669
0.007,-1.645
0.022,0.934
0.375,0.07
0.222,-0.706
-0.7,-1.164
-0.677,0.831
-0.761,-0.673
-0.802,-0.347
-0.754,-0.158
3.043,0.322
2.071,-1.075
1.535,1.217
-0.65,-2.072
0.174,1.292
-0.618,1.495
-1.004,1.389
-0.965,1.542
-1.232,1.405
-2.939,-2.206
-0.671,-2.16
-0.586,-2.434
-0.774,2.008
-1.272,1.751
-0.625,1.758
0.038,-1.408
-0.082,-3.19
-0.011,-0.12
-0.052,-1.924
-0.228,0.04
-0.263,-1.614
-0.293,-0.32
-0.437,-0.638
-0.549,0.006
-0.542,-0.429
-0.779,-2.773
-0.892,-2.642
-0.892,-2.484
-0.932,0.326
-1.033,-2.162
-1.035,-1.795
-0.969,-2.019
-0.993,-2.491
-1.005,-2.076
-1.077,-2.559
-1.021,-3.199
-1.062,-3.384
-1.116,-2.876
-1.081,-0.644
-1.175,-1.844
-1.197,-0.077
-1.198,-2.698
-1.175,-3.421
-1.242,-0.846
-1.237,-2.611
-1.337,-0.976
-1.362,0.032
-1.364,-2.897
-1.5,-3.575
-2.112,-3.736
-2.286,-3.589
-2.77,-3.6
-2.735,-3.768
-3.107,-3.515
3.121,-3.602
2.651,-3.689
2.567,-3.923
2.03,-3.793
1.502,-3.574
1.098,-3.592
0.215,-3.607
0.115,-3.795
-0.417,-3.837
-0.583,-3.706
-0.618,-3.594
-2.294,0.628
-2.673,0.715
-2.895,0.821
2.975,0.783
2.922,0.821
2.579,0.758
2.581,0.886
1.092,0.686
0.977,0.888
0.865,0.538
0.592,0.571
0.468,0.756
0.06,0.652
-1.106,0.893
-1.192,0.625
2.519,-2.959
1.568,-1.939
1.343,0.447
-0.261,-2.968
-2.093,-3.844
2.036,0.539
-1.301,-1.959
-1.346,-0.343
-1.495,-2.41
-1.415,-1.94
-1.434,-1.737
-1.437,-2.388
-1.6,-0.735
-1.487,-1.582
-1.515,-2.996
-1.579,-0.895
-1.727,-2.751
-1.712,-0.897
-2.239,-2.006
-2.413,-2.146
-2.318,-2.009
-2.488,-1.684
-2.532,-1.689
-2.606,0.375
-2.545,-0.419
-2.559,-2.053
-2.698,-2.137
-2.912,0.112
-2.926,-0.972
-2.964,-2.338
-2.882,-2.112
-2.996,-2.36
-3.099,-2.388
3.038,0.251
3.02,-0.641
2.98,0.321
2.959,-3.357
2.995,-1.914
2.61,-2.357
2.622,-1.776
2.628,-1.79
2.526,-1.751
2.316,-1.415
2.421,-2.379
2.272,-2.972
2.344,-2.728
2.342,-1.984
2.294,-0.649
2.285,-3.355
2.081,-0.828
2.165,-0.963
2.072,-1.251
1.762,-0.581
1.873,-0.465
1.59,-1.114
1.434,-2.082
1.397,-2.054
1.388,-1.228
0.831,-0.372
0.665,-2.343
0.777,-1.572
0.734,-1.478
0.642,-2.321
0.476,0.325
0.466,-2.388
0.322,-2.165
0.387,-2.536
0.244,-1.028
0.132,-1.541
0.223,0.485
0.217,-1.379
0.11,-1.604
0.096,-1.265
0.048,-1.583
0.158,-3.233
0.117,-3.18
0.118,-1.158
-0.073,-2.402
-0.186,-1.649
-0.403,-3.207
-0.434,-3.01
-0.457,-2.543
-0.598,-2.843
-0.957,-1.976
-0.948,-1.982
-0.942,-3.248
-1.066,-3.044
-1.2,-0.82
-1.21,-1.918
-1.377,-0.862
-2.142,-3.731
-2.276,-3.671
-2.397,-3.564
-2.875,-3.612
2.673,-3.82
2.008,-3.739
0.53,-3.744
0.036,-3.782
-1.033,-3.694
-2.073,0.473
2.826,0.644
2.624,0.572
2.352,0.628
2.466,0.619
2.269,0.49
1.971,0.742
1.773,0.698
1.475,0.491
0.639,0.811
0.431,0.831
-0.255,0.577
-0.433,0.835
-0.962,0.597
2.211,-2.725
1.046,-1.778
0.091,-2.754
0.106,-0.175
0.459,-1.039
0.306,-1.815
-0.616,-2.273
-0.593,-0.278
-0.677,-1.782
-0.718,-1.456
-0.67,-1.267
3.127,-0.787
2.155,-2.184
1.619,0.108
-0.566,-3.181
0.258,0.183
-0.534,0.386
-0.92,0.28
-0.881,0.433
-1.148,0.296
-2.855,-3.315
-0.587,-3.269
-0.502,-3.543
-0.69,0.899
-1.188,0.642
-0.541,0.649
-0.12,-1.782
-0.049,1.288
-0.09,-0.516
-0.266,1.448
-0.301,-0.206
-0.331,1.088
-0.475,0.77
-0.587,1.414
-0.58,0.979
-0.817,-1.365
-0.93,-1.234
-0.93,-1.076
-0.97,1.734
-1.071,-0.754
-1.073,-0.387
-1.007,-0.611
-1.031,-1.083
-1.043,-0.668
-1.115,-1.151
-1.059,-1.791
-1.1,-1.976
-1.154,-1.468
-1.119,0.764
-1.213,-0.436
-1.235,1.331
-1.236,-1.29
-1.213,-2.013
-1.28,0.562
-1.275,-1.203
-1.375,0.432
-1.4,1.44
-1.402,-1.489
-1.538,-2.167
-2.15,-2.328
-2.324,-2.181
-2.808,-2.192
-2.773,-2.36
3.138,-2.107
3.083,-2.194
2.613,-2.281
2.529,-2.515
1.992,-2.385
1.464,-2.166
1.06,-2.184
0.177,-2.199
0.077,-2.387
-0.455,-2.429
-0.621,-2.298
-0.656,-2.186
-2.332,2.036
-2.711,2.123
-2.933,2.229
2.937,2.191
2.884,2.229
2.541,2.166
2.543,2.294
1.054,2.094
0.939,2.296
0.827,1.946
0.554,1.979
0.43,2.164
0.022,2.06
-1.144,2.301
-1.23,2.033
2.481,-1.551
1.53,-0.531
1.305,1.855
-0.299,-1.56
-2.131,-2.436
1.998,1.947
-1.339,-0.551
-1.384,1.065
-1.533,-1.002
-1.453,-0.532
-1.472,-0.329
-1.475,-0.98
-1.638,0.673
-1.525,-0.174
-1.553,-1.588
-1.617,0.513
-1.765,-1.343
-1.75,0.511
-2.277,-0.598
-2.451,-0.738
-2.356,-0.601
-2.526,-0.276
-2.57,-0.281
-2.644,1.783
-2.583,0.989
-2.597,-0.645
-2.736,-0.729
-2.95,1.52
-2.964,0.436
-3.002,-0.93
-2.92,-0.704
-3.034,-0.952
-3.137,-0.98
3.0,1.659
2.982,0.767
2.942,1.729
2.921,-1.949
2.957,-0.506
2.572,-0.949
2.584,-0.368
2.59,-0.382
2.488,-0.343
2.278,-0.007
2.383,-0.971
2.234,-1.564
2.306,-1.32
2.304,-0.576
2.256,0.759
2.247,-1.947
2.043,0.58
2.127,0.445
2.034,0.157
1.724,0.827
1.835,0.943
1.552,0.294
1.396,-0.674
1.359,-0.646
1.35,0.18
0.793,1.036
0.627,-0.935
0.739,-0.164
0.696,-0.07
0.604,-0.913
0.438,1.733
0.428,-0.98
0.284,-0.757
0.349,-1.128
0.206,0.38
0.094,-0.133
0.185,1.893
0.179,0.029
0.072,-0.196
0.058,0.143
0.01,-0.175
0.12,-1.825
0.079,-1.772
0.08,0.25
-0.111,-0.994
-0.224,-0.241
-0.441,-1.799
-0.472,-1.602
-0.495,-1.135
-0.636,-1.435
-0.995,-0.568
-0.986,-0.574
-0.98,-1.84
-1.104,-1.636
-1.238,0.588
-1.248,-0.51
-1.415,0.546
-2.18,-2.323
-2.314,-2.263
-2.435,-2.156
-2.913,-2.204
2.635,-2.412
1.97,-2.331
0.492,-2.336
-0.002,-2.374
-1.071,-2.286
-2.111,1.881
2.788,2.052
2.586,1.98
2.314,2.036
2.428,2.027
2.231,1.898
1.933,2.15
1.735,2.106
1.437,1.899
0.601,2.219
0.393,2.239
-0.293,1.985
-0.471,2.243
-1.0,2.005
2.173,-1.317
1.008,-0.37
0.053,-1.346
0.068,1.233
0.421,0.369
0.268,-0.407
-0.654,-0.865
-0.631,1.13
-0.715,-0.374
-0.756,-0.048
-0.708,0.141
3.089,0.621
2.117,-0.776
1.581,1.516
-0.604,-1.773
0.22,1.591
-0.572,1.794
-0.958,1.688
-0.919,1.841
-1.186,1.704
-2.893,-1.907
-0.625,-1.861
-0.54,-2.135
-0.728,2.307
-1.226,2.05
-0.579,2.057
0.071,3.07
0.03,1.266
-0.146,3.23
-0.181,1.576
-0.211,2.87
-0.355,2.552
-0.467,3.196
-0.46,2.761
-0.697,0.417
-0.81,0.548
-0.81,0.706
-0.85,3.516
-0.951,1.028
-0.953,1.395
-0.887,1.171
-0.911,0.699
-0.923,1.114
-0.995,0.631
-0.939,-0.009
-0.98,-0.194
-1.034,0.314
-0.999,2.546
-1.093,1.346
-1.115,3.113
-1.116,0.492
-1.093,-0.231
-1.16,2.344
-1.155,0.579
-1.255,2.214
-1.28,3.222
-1.282,0.293
-1.418,-0.385
-2.03,-0.546
-2.204,-0.399
-2.688,-0.41
-2.653,-0.578
-3.025,-0.325
-3.08,-0.412
2.733,-0.499
2.649,-0.733
2.112,-0.603
1.584,-0.384
1.18,-0.402
0.297,-0.417
0.197,-0.605
-0.335,-0.647
-0.501,-0.516
-0.536,-0.404
-2.212,3.818
-2.591,3.905
-2.813,4.011
3.057,3.973
3.004,4.011
2.661,3.948
2.663,4.076
1.174,3.876
1.059,4.078
0.947,3.728
0.674,3.761
0.55,3.946
0.142,3.842
-1.024,4.083
-1.11,3.815
2.601,0.231
1.65,1.251
1.425,3.637
-0.179,0.222
-2.011,-0.654
2.118,3.729
-1.219,1.231
-1.264,2.847
-1.413,0.78
-1.333,1.25
-1.352,1.453
-1.355,0.802
-1.518,2.455
-1.405,1.608
-1.433,0.194
-1.497,2.295
-1.645,0.439
-1.63,2.293
-2.157,1.184
-2.331,1.044
-2.236,1.181
-2.406,1.506
-2.45,1.501
-2.524,3.565
-2.463,2.771
-2.477,1.137
-2.616,1.053
-2.83,3.302
-2.844,2.218
-2.882,0.852
-2.8,1.078
-2.914,0.83
-3.017,0.802
3.12,3.441
3.102,2.549
3.062,3.511
3.041,-0.167
3.077,1.276
2.692,0.833
2.704,1.414
2.71,1.4
2.608,1.439
2.398,1.775
2.503,0.811
2.354,0.218
2.426,0.462
2.424,1.206
2.376,2.541
2.367,-0.165
2.163,2.362
2.247,2.227
2.154,1.939
1.844,2.609
1.955,2.725
1.672,2.076
1.516,1.108
1.479,1.136
1.47,1.962
0.913,2.818
0.747,0.847
0.859,1.618
0.816,1.712
0.724,0.869
0.558,3.515
0.548,0.802
0.404,1.025
0.469,0.654
0.326,2.162
0.214,1.649
0.305,3.675
0.299,1.811
0.192,1.586
0.178,1.925
0.13,1.607
0.24,-0.043
0.199,0.01
0.2,2.032
0.009,0.788
-0.104,1.541
-0.321,-0.017
-0.352,0.18
-0.375,0.647
-0.516,0.347
-0.875,1.214
-0.866,1.208
-0.86,-0.058
-0.984,0.146
-1.118,2.37
-1.128,1.272
-1.295,2.328
-2.06,-0.541
-2.194,-0.481
-2.315,-0.374
-2.793,-0.422
2.755,-0.63
2.09,-0.549
0.612,-0.554
0.118,-0.592
-0.951,-0.504
-1.991,3.663
2.908,3.834
2.706,3.762
2.434,3.818
2.548,3.809
2.351,3.68
2.053,3.932
1.855,3.888
1.557,3.681
0.721,4.001
0.513,4.021
-0.173,3.767
-0.351,4.025
-0.88,3.787
2.293,0.465
1.128,1.412
0.173,0.436
0.188,3.015
0.541,2.151
0.388,1.375
-0.534,0.917
-0.511,2.912
-0.595,1.408
-0.636,1.734
-0.588,1.923
-3.074,2.403
2.237,1.006
1.701,3.298
-0.484,0.009
0.34,3.373
-0.452,3.576
-0.838,3.47
-0.799,3.623
-1.066,3.486
-2.773,-0.125
-0.505,-0.079
-0.42,-0.353
-0.608,4.089
-1.106,3.832
-0.459,3.839
-0.041,-1.804
-0.217,0.16
-0.252,-1.494
-0.282,-0.2
-0.426,-0.518
-0.538,0.126
-0.531,-0.309
-0.768,-2.653
-0.881,-2.522
-0.881,-2.364
-0.921,0.446
-1.022,-2.042
-1.024,-1.675
-0.958,-1.899
-0.982,-2.371
-0.994,-1.956
-1.066,-2.439
-1.01,-3.079
-1.051,-3.264
-1.105,-2.756
-1.07,-0.524
-1.164,-1.724
-1.186,0.043
-1.187,-2.578
-1.164,-3.301
-1.231,-0.726
-1.226,-2.491
-1.326,-0.856
-1.351,0.152
-1.353,-2.777
-1.489,-3.455
-2.101,-3.616
-2.275,-3.469
-2.759,-3.48
-2.724,-3.648
-3.096,-3.395
3.132,-3.482
2.662,-3.569
2.578,-3.803
2.041,-3.673
1.513,-3.454
1.109,-3.472
0.226,-3.487
0.126,-3.675
-0.406,-3.717
-0.572,-3.586
-0.607,-3.474
-2.283,0.748
-2.662,0.835
-2.884,0.941
2.986,0.903
2.933,0.941
2.59,0.878
2.592,1.006
1.103,0.806
0.988,1.008
0.876,0.658
0.603,0.691
0.479,0.876
0.071,0.772
-1.095,1.013
-1.181,0.745
2.53,-2.839
1.579,-1.819
1.354,0.567
-0.25,-2.848
-2.082,-3.724
2.047,0.659
-1.29,-1.839
-1.335,-0.223
-1.484,-2.29
-1.404,-1.82
-1.423,-1.617
-1.426,-2.268
-1.589,-0.615
-1.476,-1.462
-1.504,-2.876
-1.568,-0.775
-1.716,-2.631
-1.701,-0.777
-2.228,-1.886
-2.402,-2.026
-2.307,-1.889
-2.477,-1.564
-2.521,-1.569
-2.595,0.495
-2.534,-0.299
-2.548,-1.933
-2.687,-2.017
-2.901,0.232
-2.915,-0.852
-2.953,-2.218
-2.871,-1.992
-2.985,-2.24
-3.088,-2.268
3.049,0.371
3.031,-0.521
2.991,0.441
2.97,-3.237
3.006,-1.794
2.621,-2.237
2.633,-1.656
2.639,-1.67
2.537,-1.631
2.327,-1.295
2.432,-2.259
2.283,-2.852
2.355,-2.608
2.353,-1.864
2.305,-0.529
2.296,-3.235
2.092,-0.708
2.176,-0.843
2.083,-1.131
1.773,-0.461
1.884,-0.345
1.601,-0.994
1.445,-1.962
1.408,-1.934
1.399,-1.108
0.842,-0.252
0.676,-2.223
0.788,-1.452
0.745,-1.358
0.653,-2.201
0.487,0.445
0.477,-2.268
0.333,-2.045
0.398,-2.416
0.255,-0.908
0.143,-1.421
0.234,0.605
0.228,-1.259
0.121,-1.484
0.107,-1.145
0.059,-1.463
0.169,-3.113
0.128,-3.06
0.129,-1.038
-0.062,-2.282
-0.175,-1.529
-0.392,-3.087
-0.423,-2.89
-0.446,-2.423
-0.587,-2.723
-0.946,-1.856
-0.937,-1.862
-0.931,-3.128
-1.055,-2.924
-1.189,-0.7
-1.199,-1.798
-1.366,-0.742
-2.131,-3.611
-2.265,-3.551
-2.386,-3.444
-2.864,-3.492
2.684,-3.7
2.019,-3.619
0.541,-3.624
0.047,-3.662
-1.022,-3.574
-2.062,0.593
2.837,0.764
2.635,0.692
2.363,0.748
2.477,0.739
2.28,0.61
1.982,0.862
1.784,0.818
1.486,0.611
0.65,0.931
0.442,0.951
-0.244,0.697
-0.422,0.955
-0.951,0.717
2.222,-2.605
1.057,-1.658
0.102,-2.634
0.117,-0.055
0.47,-0.919
0.317,-1.695
-0.605,-2.153
-0.582,-0.158
-0.666,-1.662
-0.707,-1.336
-0.659,-1.147
3.138,-0.667
2.166,-2.064
1.63,0.228
-0.555,-3.061
0.269,0.303
-0.523,0.506
-0.909,0.4
-0.87,0.553
-1.137,0.416
-2.844,-3.195
-0.576,-3.149
-0.491,-3.423
-0.679,1.019
-1.177,0.762
-0.53,0.769
-0.176,1.964
-0.211,0.31
-0.241,1.604
-0.385,1.286
-0.497,1.93
-0.49,1.495
-0.727,-0.849
-0.84,-0.718
-0.84,-0.56
-0.88,2.25
-0.981,-0.238
-0.983,0.129
-0.917,-0.095
-0.941,-0.567
-0.953,-0.152
-1.025,-0.635
-0.969,-1.275
-1.01,-1.46
-1.064,-0.952
-1.029,1.28
-1.123,0.08
-1.145,1.847
-1.146,-0.774
-1.123,-1.497
-1.19,1.078
-1.185,-0.687
-1.285,0.948
-1.31,1.956
-1.312,-0.973
-1.448,-1.651
-2.06,-1.812
-2.234,-1.665
-2.718,-1.676
-2.683,-1.844
-3.055,-1.591
-3.11,-1.678
2.703,-1.765
2.619,-1.999
2.082,-1.869
1.554,-1.65
1.15,-1.668
0.267,-1.683
0.167,-1.871
-0.365,-1.913
-0.531,-1.782
-0.566,-1.67
-2.242,2.552
-2.621,2.639
-2.843,2.745
3.027,2.707
2.974,2.745
2.631,2.682
2.633,2.81
1.144,2.61
1.029,2.812
0.917,2.462
0.644,2.495
0.52,2.68
0.112,2.576
-1.054,2.817
-1.14,2.549
2.571,-1.035
1.62,-0.015
1.395,2.371
-0.209,-1.044
-2.041,-1.92
2.088,2.463
-1.249,-0.035
-1.294,1.581
-1.443,-0.486
-1.363,-0.016
-1.382,0.187
-1.385,-0.464
-1.548,1.189
-1.435,0.342
-1.463,-1.072
-1.527,1.029
-1.675,-0.827
-1.66,1.027
-2.187,-0.082
-2.361,-0.222
-2.266,-0.085
-2.436,0.24
-2.48,0.235
-2.554,2.299
-2.493,1.505
-2.507,-0.129
-2.646,-0.213
-2.86,2.036
-2.874,0.952
-2.912,-0.414
-2.83,-0.188
-2.944,-0.436
-3.047,-0.464
3.09,2.175
3.072,1.283
3.032,2.245
3.011,-1.433
3.047,0.01
2.662,-0.433
2.674,0.148
2.68,0.134
2.578,0.173
2.368,0.509
2.473,-0.455
2.324,-1.048
2.396,-0.804
2.394,-0.06
2.346,1.275
2.337,-1.431
2.133,1.096
2.217,0.961
2.124,0.673
1.814,1.343
1.925,1.459
1.642,0.81
1.486,-0.158
1.449,-0.13
1.44,0.696
0.883,1.552
0.717,-0.419
0.829,0.352
0.786,0.446
0.694,-0.397
0.528,2.249
0.518,-0.464
0.374,-0.241
0.439,-0.612
0.296,0.896
0.184,0.383
0.275,2.409
0.269,0.545
0.162,0.32
0.148,0.659
0.1,0.341
0.21,-1.309
0.169,-1.256
0.17,0.766
-0.021,-0.478
-0.134,0.275
-0.351,-1.283
-0.382,-1.086
-0.405,-0.619
-0.546,-0.919
-0.905,-0.052
-0.896,-0.058
-0.89,-1.324
-1.014,-1.12
-1.148,1.104
-1.158,0.006
-1.325,1.062
-2.09,-1.807
-2.224,-1.747
-2.345,-1.64
-2.823,-1.688
2.725,-1.896
2.06,-1.815
0.582,-1.82
0.088,-1.858
-0.981,-1.77
-2.021,2.397
2.878,2.568
2.676,2.496
2.404,2.552
2.518,2.543
2.321,2.414
2.023,2.666
1.825,2.622
1.527,2.415
0.691,2.735
0.483,2.755
-0.203,2.501
-0.381,2.759
-0.91,2.521
2.263,-0.801
1.098,0.146
0.143,-0.83
0.158,1.749
0.511,0.885
0.358,0.109
-0.564,-0.349
-0.541,1.646
-0.625,0.142
-0.666,0.468
-0.618,0.657
-3.104,1.137
2.207,-0.26
1.671,2.032
-0.514,-1.257
0.31,2.107
-0.482,2.31
-0.868,2.204
-0.829,2.357
-1.096,2.22
-2.803,-1.391
-0.535,-1.345
-0.45,-1.619
-0.638,2.823
-1.136,2.566
-0.489,2.573
-0.035,-1.654
-0.065,-0.36
-0.209,-0.678
-0.321,-0.034
-0.314,-0.469
-0.551,-2.813
-0.664,-2.682
-0.664,-2.524
-0.704,0.286
-0.805,-2.202
-0.807,-1.835
-0.741,-2.059
-0.765,-2.531
-0.777,-2.116
-0.849,-2.599
-0.793,-3.239
-0.834,-3.424
-0.888,-2.916
-0.853,-0.684
-0.947,-1.884
-0.969,-0.117
-0.97,-2.738
-0.947,-3.461
-1.014,-0.886
-1.009,-2.651
-1.109,-1.016
-1.134,-0.008
-1.136,-2.937
-1.272,-3.615
-1.884,-3.776
-2.058,-3.629
-2.542,-3.64
-2.507,-3.808
-2.879,-3.555
-2.934,-3.642
2.879,-3.729
2.795,-3.963
2.258,-3.833
1.73,-3.614
1.326,-3.632
0.443,-3.647
0.343,-3.835
-0.189,-3.877
-0.355,-3.746
-0.39,-3.634
-2.066,0.588
-2.445,0.675
-2.667,0.781
-3.08,0.743
-3.133,0.781
2.807,0.718
2.809,0.846
1.32,0.646
1.205,0.848
1.093,0.498
0.82,0.531
0.696,0.716
0.288,0.612
-0.878,0.853
-0.964,0.585
2.747,-2.999
1.796,-1.979
1.571,0.407
-0.033,-3.008
-1.865,-3.884
2.264,0.499
-1.073,-1.999
-1.118,-0.383
-1.267,-2.45
-1.187,-1.98
-1.206,-1.777
-1.209,-2.428
-1.372,-0.775
-1.259,-1.622
-1.287,-3.036
-1.351,-0.935
-1.499,-2.791
-1.484,-0.937
-2.011,-2.046
-2.185,-2.186
-2.09,-2.049
-2.26,-1.724
-2.304,-1.729
-2.378,0.335
-2.317,-0.459
-2.331,-2.093
-2.47,-2.177
-2.684,0.072
-2.698,-1.012
-2.736,-2.378
-2.654,-2.152
-2.768,-2.4
-2.871,-2.428
-3.017,0.211
-3.035,-0.681
-3.075,0.281
-3.096,-3.397
-3.06,-1.954
2.838,-2.397
2.85,-1.816
2.856,-1.83
2.754,-1.791
2.544,-1.455
2.649,-2.419
2.5,-3.012
2.572,-2.768
2.57,-2.024
2.522,-0.689
2.513,-3.395
2.309,-0.868
2.393,-1.003
2.3,-1.291
1.99,-0.621
2.101,-0.505
1.818,-1.154
1.662,-2.122
1.625,-2.094
1.616,-1.268
1.059,-0.412
0.893,-2.383
1.005,-1.612
0.962,-1.518
0.87,-2.361
0.704,0.285
0.694,-2.428
0.55,-2.205
0.615,-2.576
0.472,-1.068
0.36,-1.581
0.451,0.445
0.445,-1.419
0.338,-1.644
0.324,-1.305
0.276,-1.623
0.386,-3.273
0.345,-3.22
0.346,-1.198
0.155,-2.442
0.042,-1.689
-0.175,-3.247
-0.206,-3.05
-0.229,-2.583
-0.37,-2.883
-0.729,-2.016
-0.72,-2.022
-0.714,-3.288
-0.838,-3.084
-0.972,-0.86
-0.982,-1.958
-1.149,-0.902
-1.914,-3.771
-2.048,-3.711
-2.169,-3.604
-2.647,-3.652
2.901,-3.86
2.236,-3.779
0.758,-3.784
0.264,-3.822
-0.805,-3.734
-1.845,0.433
3.054,0.604
2.852,0.532
2.58,0.588
2.694,0.579
2.497,0.45
2.199,0.702
2.001,0.658
1.703,0.451
0.867,0.771
0.659,0.791
-0.027,0.537
-0.205,0.795
-0.734,0.557
2.439,-2.765
1.274,-1.818
0.319,-2.794
0.334,-0.215
0.687,-1.079
0.534,-1.855
-0.388,-2.313
-0.365,-0.318
-0.449,-1.822
-0.49,-1.496
-0.442,-1.307
-2.928,-0.827
2.383,-2.224
1.847,0.068
-0.338,-3.221
0.486,0.143
-0.306,0.346
-0.692,0.24
-0.653,0.393
-0.92,0.256
-2.627,-3.355
-0.359,-3.309
-0.274,-3.583
-0.462,0.859
-0.96,0.602
-0.313,0.609
-0.03,1.294
-0.174,0.976
-0.286,1.62
-0.279,1.185
-0.516,-1.159
-0.629,-1.028
-0.629,-0.87
-0.669,1.94
-0.77,-0.548
-0.772,-0.181
-0.706,-0.405
-0.73,-0.877
-0.742,-0.462
-0.814,-0.945
-0.758,-1.585
-0.799,-1.77
-0.853,-1.262
-0.818,0.97
-0.912,-0.23
-0.934,1.537
-0.935,-1.084
-0.912,-1.807
-0.979,0.768
-0.974,-0.997
-1.074,0.638
-1.099,1.646
-1.101,-1.283
-1.237,-1.961
-1.849,-2.122
-2.023,-1.975
-2.507,-1.986
-2.472,-2.154
-2.844,-1.901
-2.899,-1.988
2.914,-2.075
2.83,-2.309
2.293,-2.179
1.765,-1.96
1.361,-1.978
0.478,-1.993
0.378,-2.181
-0.154,-2.223
-0.32,-2.092
-0.355,-1.98
-2.031,2.242
-2.41,2.329
-2.632,2.435
-3.045,2.397
-3.098,2.435
2.842,2.372
2.844,2.5
1.355,2.3
1.24,2.502
1.128,2.152
0.855,2.185
0.731,2.37
0.323,2.266
-0.843,2.507
-0.929,2.239
2.782,-1.345
1.831,-0.325
1.606,2.061
0.002,-1.354
-1.83,-2.23
2.299,2.153
-1.038,-0.345
-1.083,1.271
-1.232,-0.796
-1.152,-0.326
-1.171,-0.123
-1.174,-0.774
-1.337,0.879
-1.224,0.032
-1.252,-1.382
-1.316,0.719
-1.464,-1.137
-1.449,0.717
-1.976,-0.392
-2.15,-0.532
-2.055,-0.395
-2.225,-0.07
-2.269,-0.075
-2.343,1.989
-2.282,1.195
-2.296,-0.439
-2.435,-0.523
-2.649,1.726
-2.663,0.642
-2.701,-0.724
-2.619,-0.498
-2.733,-0.746
-2.836,-0.774
-2.982,1.865
-3.0,0.973
-3.04,1.935
-3.061,-1.743
-3.025,-0.3
2.873,-0.743
2.885,-0.162
2.891,-0.176
2.789,-0.137
2.579,0.199
2.684,-0.765
2.535,-1.358
2.607,-1.114
2.605,-0.37
2.557,0.965
2.548,-1.741
2.344,0.786
2.428,0.651
2.335,0.363
2.025,1.033
2.136,1.149
1.853,0.5
1.697,-0.468
1.66,-0.44
1.651,0.386
1.094,1.242
0.928,-0.729
1.04,0.042
0.997,0.136
0.905,-0.707
0.739,1.939
0.729,-0.774
0.585,-0.551
0.65,-0.922
0.507,0.586
0.395,0.073
0.486,2.099
0.48,0.235
0.373,0.01
0.359,0.349
0.311,0.031
0.421,-1.619
0.38,-1.566
0.381,0.456
0.19,-0.788
0.077,-0.035
-0.14,-1.593
-0.171,-1.396
-0.194,-0.929
-0.335,-1.229
-0.694,-0.362
-0.685,-0.368
-0.679,-1.634
-0.803,-1.43
-0.937,0.794
-0.947,-0.304
-1.114,0.752
-1.879,-2.117
-2.013,-2.057
-2.134,-1.95
-2.612,-1.998
2.936,-2.206
2.271,-2.125
0.793,-2.13
0.299,-2.168
-0.77,-2.08
-1.81,2.087
3.089,2.258
2.887,2.186
2.615,2.242
2.729,2.233
2.532,2.104
2.234,2.356
2.036,2.312
1.738,2.105
0.902,2.425
0.694,2.445
0.008,2.191
-0.17,2.449
-0.699,2.211
2.474,-1.111
1.309,-0.164
0.354,-1.14
0.369,1.439
0.722,0.575
0.569,-0.201
-0.353,-0.659
-0.33,1.336
-0.414,-0.168
-0.455,0.158
-0.407,0.347
-2.893,0.827
2.418,-0.57
1.882,1.722
-0.303,-1.567
0.521,1.797
-0.271,2.0
-0.657,1.894
-0.618,2.047
-0.885,1.91
-2.592,-1.701
-0.324,-1.655
-0.239,-1.929
-0.427,2.513
-0.925,2.256
-0.278,2.263
-0.144,-0.318
-0.256,0.326
-0.249,-0.109
-0.486,-2.453
-0.599,-2.322
-0.599,-2.164
-0.639,0.646
-0.74,-1.842
-0.742,-1.475
-0.676,-1.699
-0.7,-2.171
-0.712,-1.756
-0.784,-2.239
-0.728,-2.879
-0.769,-3.064
-0.823,-2.556
-0.788,-0.324
-0.882,-1.524
-0.904,0.243
-0.905,-2.378
-0.882,-3.101
-0.949,-0.526
-0.944,-2.291
-1.044,-0.656
-1.069,0.352
-1.071,-2.577
-1.207,-3.255
-1.819,-3.416
-1.993,-3.269
-2.477,-3.28
-2.442,-3.448
-2.814,-3.195
-2.869,-3.282
2.944,-3.369
2.86,-3.603
2.323,-3.473
1.795,-3.254
1.391,-3.272
0.508,-3.287
0.408,-3.475
-0.124,-3.517
-0.29,-3.386
-0.325,-3.274
-2.001,0.948
-2.38,1.035
-2.602,1.141
-3.015,1.103
-3.068,1.141
2.872,1.078
2.874,1.206
1.385,1.006
1.27,1.208
1.158,0.858
0.885,0.891
0.761,1.076
0.353,0.972
-0.813,1.213
-0.899,0.945
2.812,-2.639
1.861,-1.619
1.636,0.767
0.032,-2.648
-1.8,-3.524
2.329,0.859
-1.008,-1.639
-1.053,-0.023
-1.202,-2.09
-1.122,-1.62
-1.141,-1.417
-1.144,-2.068
-1.307,-0.415
-1.194,-1.262
-1.222,-2.676
-1.286,-0.575
-1.434,-2.431
-1.419,-0.577
-1.946,-1.686
-2.12,-1.826
-2.025,-1.689
-2.195,-1.364
-2.239,-1.369
-2.313,0.695
-2.252,-0.099
-2.266,-1.733
-2.405,-1.817
-2.619,0.432
-2.633,-0.652
-2.671,-2.018
-2.589,-1.792
-2.703,-2.04
-2.806,-2.068
-2.952,0.571
-2.97,-0.321
-3.01,0.641
-3.031,-3.037
-2.995,-1.594
2.903,-2.037
2.915,-1.456
2.921,-1.47
2.819,-1.431
2.609,-1.095
2.714,-2.059
2.565,-2.652
2.637,-2.408
2.635,-1.664
2.587,-0.329
2.578,-3.035
2.374,-0.508
2.458,-0.643
2.365,-0.931
2.055,-0.261
2.166,-0.145
1.883,-0.794
1.727,-1.762
1.69,-1.734
1.681,-0.908
1.124,-0.052
0.958,-2.023
1.07,-1.252
1.027,-1.158
0.935,-2.001
0.769,0.645
0.759,-2.068
0.615,-1.845
0.68,-2.216
0.537,-0.708
0.425,-1.221
0.516,0.805
0.51,-1.059
0.403,-1.284
0.389,-0.945
0.341,-1.263
0.451,-2.913
0.41,-2.86
0.411,-0.838
0.22,-2.082
0.107,-1.329
-0.11,-2.887
-0.141,-2.69
-0.164,-2.223
-0.305,-2.523
-0.664,-1.656
-0.655,-1.662
-0.649,-2.928
-0.773,-2.724
-0.907,-0.5
-0.917,-1.598
-1.084,-0.542
-1.849,-3.411
-1.983,-3.351
-2.104,-3.244
-2.582,-3.292
2.966,-3.5
2.301,-3.419
0.823,-3.424
0.329,-3.462
-0.74,-3.374
-1.78,0.793
3.119,0.964
2.917,0.892
2.645,0.948
2.759,0.939
2.562,0.81
2.264,1.062
2.066,1.018
1.768,0.811
0.932,1.131
0.724,1.151
0.038,0.897
-0.14,1.155
-0.669,0.917
2.504,-2.405
1.339,-1.458
0.384,-2.434
0.399,0.145
0.752,-0.719
0.599,-1.495
-0.323,-1.953
-0.3,0.042
-0.384,-1.462
-0.425,-1.136
-0.377,-0.947
-2.863,-0.467
2.448,-1.864
1.912,0.428
-0.273,-2.861
0.551,0.503
-0.241,0.706
-0.627,0.6
-0.588,0.753
-0.855,0.616
-2.562,-2.995
-0.294,-2.949
-0.209,-3.223
-0.397,1.219
-0.895,0.962
-0.248,0.969
-0.112,0.644
-0.105,0.209
-0.342,-2.135
-0.455,-2.004
-0.455,-1.846
-0.495,0.964
-0.596,-1.524
-0.598,-1.157
-0.532,-1.381
-0.556,-1.853
-0.568,-1.438
-0.64,-1.921
-0.584,-2.561
-0.625,-2.746
-0.679,-2.238
-0.644,-0.006
-0.738,-1.206
-0.76,0.561
-0.761,-2.06
-0.738,-2.783
-0.805,-0.208
-0.8,-1.973
-0.9,-0.338
-0.925,0.67
-0.927,-2.259
-1.063,-2.937
-1.675,-3.098
-1.849,-2.951
-2.333,-2.962
-2.298,-3.13
-2.67,-2.877
-2.725,-2.964
3.088,-3.051
3.004,-3.285
2.467,-3.155
1.939,-2.936
1.535,-2.954
0.652,-2.969
0.552,-3.157
0.02,-3.199
-0.146,-3.068
-0.181,-2.956
-1.857,1.266
-2.236,1.353
-2.458,1.459
-2.871,1.421
-2.924,1.459
3.016,1.396
3.018,1.524
1.529,1.324
1.414,1.526
1.302,1.176
1.029,1.209
0.905,1.394
0.497,1.29
-0.669,1.531
-0.755,1.263
2.956,-2.321
2.005,-1.301
1.78,1.085
0.176,-2.33
-1.656,-3.206
2.473,1.177
-0.864,-1.321
-0.909,0.295
-1.058,-1.772
-0.978,-1.302
-0.997,-1.099
-1.0,-1.75
-1.163,-0.097
-1.05,-0.944
-1.078,-2.358
-1.142,-0.257
-1.29,-2.113
-1.275,-0.259
-1.802,-1.368
-1.976,-1.508
-1.881,-1.371
-2.051,-1.046
-2.095,-1.051
-2.169,1.013
-2.108,0.219
-2.122,-1.415
-2.261,-1.499
-2.475,0.75
-2.489,-0.334
-2.527,-1.7
-2.445,-1.474
-2.559,-1.722
-2.662,-1.75
-2.808,0.889
-2.826,-0.003
-2.866,0.959
-2.887,-2.719
-2.851,-1.276
3.047,-1.719
3.059,-1.138
3.065,-1.152
2.963,-1.113
2.753,-0.777
2.858,-1.741
2.709,-2.334
2.781,-2.09
2.779,-1.346
2.731,-0.011
2.722,-2.717
2.518,-0.19
2.602,-0.325
2.509,-0.613
2.199,0.057
2.31,0.173
2.027,-0.476
1.871,-1.444
1.834,-1.416
1.825,-0.59
1.268,0.266
1.102,-1.705
1.214,-0.934
1.171,-0.84
1.079,-1.683
0.913,0.963
0.903,-1.75
0.759,-1.527
0.824,-1.898
0.681,-0.39
0.569,-0.903
0.66,1.123
0.654,-0.741
0.547,-0.966
0.533,-0.627
0.485,-0.945
0.595,-2.595
0.554,-2.542
0.555,-0.52
0.364,-1.764
0.251,-1.011
0.034,-2.569
0.003,-2.372
-0.02,-1.905
-0.161,-2.205
-0.52,-1.338
-0.511,-1.344
-0.505,-2.61
-0.629,-2.406
-0.763,-0.182
-0.773,-1.28
-0.94,-0.224
-1.705,-3.093
-1.839,-3.033
-1.96,-2.926
-2.438,-2.974
3.11,-3.182
2.445,-3.101
0.967,-3.106
0.473,-3.144
-0.596,-3.056
-1.636,1.111
-3.02,1.282
3.061,1.21
2.789,1.266
2.903,1.257
2.706,1.128
2.408,1.38
2.21,1.336
1.912,1.129
1.076,1.449
0.868,1.469
0.182,1.215
0.004,1.473
-0.525,1.235
2.648,-2.087
1.483,-1.14
0.528,-2.116
0.543,0.463
0.896,-0.401
0.743,-1.177
-0.179,-1.635
-0.156,0.36
-0.24,-1.144
-0.281,-0.818
-0.233,-0.629
-2.719,-0.149
2.592,-1.546
2.056,0.746
-0.129,-2.543
0.695,0.821
-0.097,1.024
-0.483,0.918
-0.444,1.071
-0.711,0.934
-2.418,-2.677
-0.15,-2.631
-0.065,-2.905
-0.253,1.537
-0.751,1.28
-0.104,1.287
0.007,-0.435
-0.23,-2.779
-0.343,-2.648
-0.343,-2.49
-0.383,0.32
-0.484,-2.168
-0.486,-1.801
-0.42,-2.025
-0.444,-2.497
-0.456,-2.082
-0.528,-2.565
-0.472,-3.205
-0.513,-3.39
-0.567,-2.882
-0.532,-0.65
-0.626,-1.85
-0.648,-0.083
-0.649,-2.704
-0.626,-3.427
-0.693,-0.852
-0.688,-2.617
-0.788,-0.982
-0.813,0.026
-0.815,-2.903
-0.951,-3.581
-1.563,-3.742
-1.737,-3.595
-2.221,-3.606
-2.186,-3.774
-2.558,-3.521
-2.613,-3.608
-3.083,-3.695
3.116,-3.929
2.579,-3.799
2.051,-3.58
1.647,-3.598
0.764,-3.613
0.664,-3.801
0.132,-3.843
-0.034,-3.712
-0.069,-3.6
-1.745,0.622
-2.124,0.709
-2.346,0.815
-2.759,0.777
-2.812,0.815
3.128,0.752
3.13,0.88
1.641,0.68
1.526,0.882
1.414,0.532
1.141,0.565
1.017,0.75
0.609,0.646
-0.557,0.887
-0.643,0.619
3.068,-2.965
2.117,-1.945
1.892,0.441
0.288,-2.974
-1.544,-3.85
2.585,0.533
-0.752,-1.965
-0.797,-0.349
-0.946,-2.416
-0.866,-1.946
-0.885,-1.743
-0.888,-2.394
-1.051,-0.741
-0.938,-1.588
-0.966,-3.002
-1.03,-0.901
-1.178,-2.757
-1.163,-0.903
-1.69,-2.012
-1.864,-2.152
-1.769,-2.015
-1.939,-1.69
-1.983,-1.695
-2.057,0.369
-1.996,-0.425
-2.01,-2.059
-2.149,-2.143
-2.363,0.106
-2.377,-0.978
-2.415,-2.344
-2.333,-2.118
-2.447,-2.366
-2.55,-2.394
-2.696,0.245
-2.714,-0.647
-2.754,0.315
-2.775,-3.363
-2.739,-1.92
-3.124,-2.363
-3.112,-1.782
-3.106,-1.796
3.075,-1.757
2.865,-1.421
2.97,-2.385
2.821,-2.978
2.893,-2.734
2.891,-1.99
2.843,-0.655
2.834,-3.361
2.63,-0.834
2.714,-0.969
2.621,-1.257
2.311,-0.587
2.422,-0.471
2.139,-1.12
1.983,-2.088
1.946,-2.06
1.937,-1.234
1.38,-0.378
1.214,-2.349
1.326,-1.578
1.283,-1.484
1.191,-2.327
1.025,0.319
1.015,-2.394
0.871,-2.171
0.936,-2.542
0.793,-1.034
0.681,-1.547
0.772,0.479
0.766,-1.385
0.659,-1.61
0.645,-1.271
0.597,-1.589
0.707,-3.239
0.666,-3.186
0.667,-1.164
0.476,-2.408
0.363,-1.655
0.146,-3.213
0.115,-3.016
0.092,-2.549
-0.049,-2.849
-0.408,-1.982
-0.399,-1.988
-0.393,-3.254
-0.517,-3.05
-0.651,-0.826
-0.661,-1.924
-0.828,-0.868
-1.593,-3.737
-1.727,-3.677
-1.848,-3.57
-2.326,-3.618
-3.061,-3.826
2.557,-3.745
1.079,-3.75
0.585,-3.788
-0.484,-3.7
-1.524,0.467
-2.908,0.638
-3.11,0.566
2.901,0.622
3.015,0.613
2.818,0.484
2.52,0.736
2.322,0.692
2.024,0.485
1.188,0.805
0.98,0.825
0.294,0.571
0.116,0.829
-0.413,0.591
2.76,-2.731
1.595,-1.784
0.64,-2.76
0.655,-0.181
1.008,-1.045
0.855,-1.821
-0.067,-2.279
-0.044,-0.284
-0.128,-1.788
-0.169,-1.462
-0.121,-1.273
-2.607,-0.793
2.704,-2.19
2.168,0.102
-0.017,-3.187
0.807,0.177
0.015,0.38
-0.371,0.274
-0.332,0.427
-0.599,0.29
-2.306,-3.321
-0.038,-3.275
0.047,-3.549
-0.141,0.893
-0.639,0.636
0.008,0.643
-0.237,-2.344
-0.35,-2.213
-0.35,-2.055
-0.39,0.755
-0.491,-1.733
-0.493,-1.366
-0.427,-1.59
-0.451,-2.062
-0.463,-1.647
-0.535,-2.13
-0.479,-2.77
-0.52,-2.955
-0.574,-2.447
-0.539,-0.215
-0.633,-1.415
-0.655,0.352
-0.656,-2.269
-0.633,-2.992
-0.7,-0.417
-0.695,-2.182
-0.795,-0.547
-0.82,0.461
-0.822,-2.468
-0.958,-3.146
-1.57,-3.307
-1.744,-3.16
-2.228,-3.171
-2.193,-3.339
-2.565,-3.086
-2.62,-3.173
-3.09,-3.26
3.109,-3.494
2.572,-3.364
2.044,-3.145
1.64,-3.163
0.757,-3.178
0.657,-3.366
0.125,-3.408
-0.041,-3.277
-0.076,-3.165
-1.752,1.057
-2.131,1.144
-2.353,1.25
-2.766,1.212
-2.819,1.25
3.121,1.187
3.123,1.315
1.634,1.115
1.519,1.317
1.407,0.967
1.134,1.0
1.01,1.185
0.602,1.081
-0.564,1.322
-0.65,1.054
3.061,-2.53
2.11,-1.51
1.885,0.876
0.281,-2.539
-1.551,-3.415
2.578,0.968
-0.759,-1.53
-0.804,0.086
-0.953,-1.981
-0.873,-1.511
-0.892,-1.308
-0.895,-1.959
-1.058,-0.306
-0.945,-1.153
-0.973,-2.567
-1.037,-0.466
-1.185,-2.322
-1.17,-0.468
-1.697,-1.577
-1.871,-1.717
-1.776,-1.58
-1.946,-1.255
-1.99,-1.26
-2.064,0.804
-2.003,0.01
-2.017,-1.624
-2.156,-1.708
-2.37,0.541
-2.384,-0.543
-2.422,-1.909
-2.34,-1.683
-2.454,-1.931
-2.557,-1.959
-2.703,0.68
-2.721,-0.212
-2.761,0.75
-2.782,-2.928
-2.746,-1.485
-3.131,-1.928
-3.119,-1.347
-3.113,-1.361
3.068,-1.322
2.858,-0.986
2.963,-1.95
2.814,-2.543
2.886,-2.299
2.884,-1.555
2.836,-0.22
2.827,-2.926
2.623,-0.399
2.707,-0.534
2.614,-0.822
2.304,-0.152
2.415,-0.036
2.132,-0.685
1.976,-1.653
1.939,-1.625
1.93,-0.799
1.373,0.057
1.207,-1.914
1.319,-1.143
1.276,-1.049
1.184,-1.892
1.018,0.754
1.008,-1.959
0.864,-1.736
0.929,-2.107
0.786,-0.599
0.674,-1.112
0.765,0.914
0.759,-0.95
0.652,-1.175
0.638,-0.836
0.59,-1.154
0.7,-2.804
0.659,-2.751
0.66,-0.729
0.469,-1.973
0.356,-1.22
0.139,-2.778
0.108,-2.581
0.085,-2.114
-0.056,-2.414
-0.415,-1.547
-0.406,-1.553
-0.4,-2.819
-0.524,-2.615
-0.658,-0.391
-0.668,-1.489
-0.835,-0.433
-1.6,-3.302
-1.734,-3.242
-1.855,-3.135
-2.333,-3.183
-3.068,-3.391
2.55,-3.31
1.072,-3.315
0.578,-3.353
-0.491,-3.265
-1.531,0.902
-2.915,1.073
-3.117,1.001
2.894,1.057
3.008,1.048
2.811,0.919
2.513,1.171
2.315,1.127
2.017,0.92
1.181,1.24
0.973,1.26
0.287,1.006
0.109,1.264
-0.42,1.026
2.753,-2.296
1.588,-1.349
0.633,-2.325
0.648,0.254
1.001,-0.61
0.848,-1.386
-0.074,-1.844
-0.051,0.151
-0.135,-1.353
-0.176,-1.027
-0.128,-0.838
-2.614,-0.358
2.697,-1.755
2.161,0.537
-0.024,-2.752
0.8,0.612
0.008,0.815
-0.378,0.709
-0.339,0.862
-0.606,0.725
-2.313,-2.886
-0.045,-2.84
0.04,-3.114
-0.148,1.328
-0.646,1.071
0.001,1.078
-0.113,0.131
-0.113,0.289
-0.153,3.099
-0.254,0.611
-0.256,0.978
-0.19,0.754
-0.214,0.282
-0.226,0.697
-0.298,0.214
-0.242,-0.426
-0.283,-0.611
-0.337,-0.103
-0.302,2.129
-0.396,0.929
-0.418,2.696
-0.419,0.075
-0.396,-0.648
-0.463,1.927
-0.458,0.162
-0.558,1.797
-0.583,2.805
-0.585,-0.124
-0.721,-0.802
-1.333,-0.963
-1.507,-0.816
-1.991,-0.827
-1.956,-0.995
-2.328,-0.742
-2.383,-0.829
-2.853,-0.916
-2.937,-1.15
2.809,-1.02
2.281,-0.801
1.877,-0.819
0.994,-0.834
0.894,-1.022
0.362,-1.064
0.196,-0.933
0.161,-0.821
-1.515,3.401
-1.894,3.488
-2.116,3.594
-2.529,3.556
-2.582,3.594
-2.925,3.531
-2.923,3.659
1.871,3.459
1.756,3.661
1.644,3.311
1.371,3.344
1.247,3.529
0.839,3.425
-0.327,3.666
-0.413,3.398
-2.985,-0.186
2.347,0.834
2.122,3.22
0.518,-0.195
-1.314,-1.071
2.815,3.312
-0.522,0.814
-0.567,2.43
-0.716,0.363
-0.636,0.833
-0.655,1.036
-0.658,0.385
-0.821,2.038
-0.708,1.191
-0.736,-0.223
-0.8,1.878
-0.948,0.022
-0.933,1.876
-1.46,0.767
-1.634,0.627
-1.539,0.764
-1.709,1.089
-1.753,1.084
-1.827,3.148
-1.766,2.354
-1.78,0.72
-1.919,0.636
-2.133,2.885
-2.147,1.801
-2.185,0.435
-2.103,0.661
-2.217,0.413
-2.32,0.385
-2.466,3.024
-2.484,2.132
-2.524,3.094
-2.545,-0.584
-2.509,0.859
-2.894,0.416
-2.882,0.997
-2.876,0.983
-2.978,1.022
3.095,1.358
-3.083,0.394
3.051,-0.199
3.123,0.045
3.121,0.789
3.073,2.124
3.064,-0.582
2.86,1.945
2.944,1.81
2.851,1.522
2.541,2.192
2.652,2.308
2.369,1.659
2.213,0.691
2.176,0.719
2.167,1.545
1.61,2.401
1.444,0.43
1.556,1.201
1.513,1.295
1.421,0.452
1.255,3.098
1.245,0.385
1.101,0.608
1.166,0.237
1.023,1.745
0.911,1.232
1.002,3.258
0.996,1.394
0.889,1.169
0.875,1.508
0.827,1.19
0.937,-0.46
0.896,-0.407
0.897,1.615
0.706,0.371
0.593,1.124
0.376,-0.434
0.345,-0.237
0.322,0.23
0.181,-0.07
-0.178,0.797
-0.169,0.791
-0.163,-0.475
-0.287,-0.271
-0.421,1.953
-0.431,0.855
-0.598,1.911
-1.363,-0.958
-1.497,-0.898
-1.618,-0.791
-2.096,-0.839
-2.831,-1.047
2.787,-0.966
1.309,-0.971
0.815,-1.009
-0.254,-0.921
-1.294,3.246
-2.678,3.417
-2.88,3.345
3.131,3.401
-3.038,3.392
3.048,3.263
2.75,3.515
2.552,3.471
2.254,3.264
1.418,3.584
1.21,3.604
0.524,3.35
0.346,3.608
-0.183,3.37
2.99,0.048
1.825,0.995
0.87,0.019
0.885,2.598
1.238,1.734
1.085,0.958
0.163,0.5
0.186,2.495
0.102,0.991
0.061,1.317
0.109,1.506
-2.377,1.986
2.934,0.589
2.398,2.881
0.213,-0.408
1.037,2.956
0.245,3.159
-0.141,3.053
-0.102,3.206
-0.369,3.069
-2.076,-0.542
0.192,-0.496
0.277,-0.77
0.089,3.672
-0.409,3.415
0.238,3.422
0.0,0.158
-0.04,2.968
-0.141,0.48
-0.143,0.847
-0.077,0.623
-0.101,0.151
-0.113,0.566
-0.185,0.083
-0.129,-0.557
-0.17,-0.742
-0.224,-0.234
-0.189,1.998
-0.283,0.798
-0.305,2.565
-0.306,-0.056
-0.283,-0.779
-0.35,1.796
-0.345,0.031
-0.445,1.666
-0.47,2.674
-0.472,-0.255
-0.608,-0.933
-1.22,-1.094
-1.394,-0.947
-1.878,-0.958
-1.843,-1.126
-2.215,-0.873
-2.27,-0.96
-2.74,-1.047
-2.824,-1.281
2.922,-1.151
2.394,-0.932
1.99,-0.95
1.107,-0.965
1.007,-1.153
0.475,-1.195
0.309,-1.064
0.274,-0.952
-1.402,3.27
-1.781,3.357
-2.003,3.463
-2.416,3.425
-2.469,3.463
-2.812,3.4
-2.81,3.528
1.984,3.328
1.869,3.53
1.757,3.18
1.484,3.213
1.36,3.398
0.952,3.294
-0.214,3.535
-0.3,3.267
-2.872,-0.317
2.46,0.703
2.235,3.089
0.631,-0.326
-1.201,-1.202
2.928,3.181
-0.409,0.683
-0.454,2.299
-0.603,0.232
-0.523,0.702
-0.542,0.905
-0.545,0.254
-0.708,1.907
-0.595,1.06
-0.623,-0.354
-0.687,1.747
-0.835,-0.109
-0.82,1.745
-1.347,0.636
-1.521,0.496
-1.426,0.633
-1.596,0.958
-1.64,0.953
-1.714,3.017
-1.653,2.223
-1.667,0.589
-1.806,0.505
-2.02,2.754
-2.034,1.67
-2.072,0.304
-1.99,0.53
-2.104,0.282
-2.207,0.254
-2.353,2.893
-2.371,2.001
-2.411,2.963
-2.432,-0.715
-2.396,0.728
-2.781,0.285
-2.769,0.866
-2.763,0.852
-2.865,0.891
-3.075,1.227
-2.97,0.263
-3.119,-0.33
-3.047,-0.086
-3.049,0.658
-3.097,1.993
-3.106,-0.713
2.973,1.814
3.057,1.679
2.964,1.391
2.654,2.061
2.765,2.177
2.482,1.528
2.326,0.56
2.289,0.588
2.28,1.414
1.723,2.27
1.557,0.299
1.669,1.07
1.626,1.164
1.534,0.321
1.368,2.967
1.358,0.254
1.214,0.477
1.279,0.106
1.136,1.614
1.024,1.101
1.115,3.127
1.109,1.263
1.002,1.038
0.988,1.377
0.94,1.059
1.05,-0.591
1.009,-0.538
1.01,1.484
0.819,0.24
0.706,0.993
0.489,-0.565
0.458,-0.368
0.435,0.099
0.294,-0.201
-0.065,0.666
-0.056,0.66
-0.05,-0.606
-0.174,-0.402
-0.308,1.822
-0.318,0.724
-0.485,1.78
-1.25,-1.089
-1.384,-1.029
-1.505,-0.922
-1.983,-0.97
-2.718,-1.178
2.9,-1.097
1.422,-1.102
0.928,-1.14
-0.141,-1.052
-1.181,3.115
-2.565,3.286
-2.767,3.214
-3.039,3.27
-2.925,3.261
-3.122,3.132
2.863,3.384
2.665,3.34
2.367,3.133
1.531,3.453
1.323,3.473
0.637,3.219
0.459,3.477
-0.07,3.239
3.103,-0.083
1.938,0.864
0.983,-0.112
0.998,2.467
1.351,1.603
1.198,0.827
0.276,0.369
0.299,2.364
0.215,0.86
0.174,1.186
0.222,1.375
-2.264,1.855
3.047,0.458
2.511,2.75
0.326,-0.539
1.15,2.825
0.358,3.028
-0.028,2.922
0.011,3.075
-0.256,2.938
-1.963,-0.673
0.305,-0.627
0.39,-0.901
0.202,3.541
-0.296,3.284
0.351,3.291
-0.04,2.81
-0.141,0.322
-0.143,0.689
-0.077,0.465
-0.101,-0.007
-0.113,0.408
-0.185,-0.075
-0.129,-0.715
-0.17,-0.9
-0.224,-0.392
-0.189,1.84
-0.283,0.64
-0.305,2.407
-0.306,-0.214
-0.283,-0.937
-0.35,1.638
-0.345,-0.127
-0.445,1.508
-0.47,2.516
-0.472,-0.413
-0.608,-1.091
-1.22,-1.252
-1.394,-1.105
-1.878,-1.116
-1.843,-1.284
-2.215,-1.031
-2.27,-1.118
-2.74,-1.205
-2.824,-1.439
2.922,-1.309
2.394,-1.09
1.99,-1.108
1.107,-1.123
1.007,-1.311
0.475,-1.353
0.309,-1.222
0.274,-1.11
-1.402,3.112
-1.781,3.199
-2.003,3.305
-2.416,3.267
-2.469,3.305
-2.812,3.242
-2.81,3.37
1.984,3.17
1.869,3.372
1.757,3.022
1.484,3.055
1.36,3.24
0.952,3.136
-0.214,3.377
-0.3,3.109
-2.872,-0.475
2.46,0.545
2.235,2.931
0.631,-0.484
-1.201,-1.36
2.928,3.023
-0.409,0.525
-0.454,2.141
-0.603,0.074
-0.523,0.544
-0.542,0.747
-0.545,0.096
-0.708,1.749
-0.595,0.902
-0.623,-0.512
-0.687,1.589
-0.835,-0.267
-0.82,1.587
-1.347,0.478
-1.521,0.338
-1.426,0.475
-1.596,0.8
-1.64,0.795
-1.714,2.859
-1.653,2.065
-1.667,0.431
-1.806,0.347
-2.02,2.596
-2.034,1.512
-2.072,0.146
-1.99,0.372
-2.104,0.124
-2.207,0.096
-2.353,2.735
-2.371,1.843
-2.411,2.805
-2.432,-0.873
-2.396,0.57
-2.781,0.127
-2.769,0.708
-2.763,0.694
-2.865,0.733
-3.075,1.069
-2.97,0.105
-3.119,-0.488
-3.047,-0.244
-3.049,0.5
-3.097,1.835
-3.106,-0.871
2.973,1.656
3.057,1.521
2.964,1.233
2.654,1.903
2.765,2.019
2.482,1.37
2.326,0.402
2.289,0.43
2.28,1.256
1.723,2.112
1.557,0.141
1.669,0.912
1.626,1.006
1.534,0.163
1.368,2.809
1.358,0.096
1.214,0.319
1.279,-0.052
1.136,1.456
1.024,0.943
1.115,2.969
1.109,1.105
1.002,0.88
0.988,1.219
0.94,0.901
1.05,-0.749
1.009,-0.696
1.01,1.326
0.819,0.082
0.706,0.835
0.489,-0.723
0.458,-0.526
0.435,-0.059
0.294,-0.359
-0.065,0.508
-0.056,0.502
-0.05,-0.764
-0.174,-0.56
-0.308,1.664
-0.318,0.566
-0.485,1.622
-1.25,-1.247
-1.384,-1.187
-1.505,-1.08
-1.983,-1.128
-2.718,-1.336
2.9,-1.255
1.422,-1.26
0.928,-1.298
-0.141,-1.21
-1.181,2.957
-2.565,3.128
-2.767,3.056
-3.039,3.112
-2.925,3.103
-3.122,2.974
2.863,3.226
2.665,3.182
2.367,2.975
1.531,3.295
1.323,3.315
0.637,3.061
0.459,3.319
-0.07,3.081
3.103,-0.241
1.938,0.706
0.983,-0.27
0.998,2.309
1.351,1.445
1.198,0.669
0.276,0.211
0.299,2.206
0.215,0.702
0.174,1.028
0.222,1.217
-2.264,1.697
3.047,0.3
2.511,2.592
0.326,-0.697
1.15,2.667
0.358,2.87
-0.028,2.764
0.011,2.917
-0.256,2.78
-1.963,-0.831
0.305,-0.785
0.39,-1.059
0.202,3.383
-0.296,3.126
0.351,3.133
-0.101,-2.488
-0.103,-2.121
-0.037,-2.345
-0.061,-2.817
-0.073,-2.402
-0.145,-2.885
-0.089,-3.525
-0.13,-3.71
-0.184,-3.202
-0.149,-0.97
-0.243,-2.17
-0.265,-0.403
-0.266,-3.024
-0.243,-3.747
-0.31,-1.172
-0.305,-2.937
-0.405,-1.302
-0.43,-0.294
-0.432,-3.223
-0.568,-3.901
-1.18,-4.062
-1.354,-3.915
-1.838,-3.926
-1.803,-4.094
-2.175,-3.841
-2.23,-3.928
-2.7,-4.015
-2.784,-4.249
2.962,-4.119
2.434,-3.9
2.03,-3.918
1.147,-3.933
1.047,-4.121
0.515,-4.163
0.349,-4.032
0.314,-3.92
-1.362,0.302
-1.741,0.389
-1.963,0.495
-2.376,0.457
-2.429,0.495
-2.772,0.432
-2.77,0.56
2.024,0.36
1.909,0.562
1.797,0.212
1.524,0.245
1.4,0.43
0.992,0.326
-0.174,0.567
-0.26,0.299
-2.832,-3.285
2.5,-2.265
2.275,0.121
0.671,-3.294
-1.161,-4.17
2.968,0.213
-0.369,-2.285
-0.414,-0.669
-0.563,-2.736
-0.483,-2.266
-0.502,-2.063
-0.505,-2.714
-0.668,-1.061
-0.555,-1.908
-0.583,-3.322
-0.647,-1.221
-0.795,-3.077
-0.78,-1.223
-1.307,-2.332
-1.481,-2.472
-1.386,-2.335
-1.556,-2.01
-1.6,-2.015
-1.674,0.049
-1.613,-0.745
-1.627,-2.379
-1.766,-2.463
-1.98,-0.214
-1.994,-1.298
-2.032,-2.664
-1.95,-2.438
-2.064,-2.686
-2.167,-2.714
-2.313,-0.075
-2.331,-0.967
-2.371,-0.005
-2.392,-3.683
-2.356,-2.24
-2.741,-2.683
-2.729,-2.102
-2.723,-2.116
-2.825,-2.077
-3.035,-1.741
-2.93,-2.705
-3.079,-3.298
-3.007,-3.054
-3.009,-2.31
-3.057,-0.975
-3.066,-3.681
3.013,-1.154
3.097,-1.289
3.004,-1.577
2.694,-0.907
2.805,-0.791
2.522,-1.44
2.366,-2.408
2.329,-2.38
2.32,-1.554
1.763,-0.698
1.597,-2.669
1.709,-1.898
1.666,-1.804
1.574,-2.647
1.408,-0.001
1.398,-2.714
1.254,-2.491
1.319,-2.862
1.176,-1.354
1.064,-1.867
1.155,0.159
1.149,-1.705
1.042,-1.93
1.028,-1.591
0.98,-1.909
1.09,-3.559
1.049,-3.506
1.05,-1.484
0.859,-2.728
0.746,-1.975
0.529,-3.533
0.498,-3.336
0.475,-2.869
0.334,-3.169
-0.025,-2.302
-0.016,-2.308
-0.01,-3.574
-0.134,-3.37
-0.268,-1.146
-0.278,-2.244
-0.445,-1.188
-1.21,-4.057
-1.344,-3.997
-1.465,-3.89
-1.943,-3.938
-2.678,-4.146
2.94,-4.065
1.462,-4.07
0.968,-4.108
-0.101,-4.02
-1.141,0.147
-2.525,0.318
-2.727,0.246
-2.999,0.302
-2.885,0.293
-3.082,0.164
2.903,0.416
2.705,0.372
2.407,0.165
1.571,0.485
1.363,0.505
0.677,0.251
0.499,0.509
-0.03,0.271
-3.14,-3.051
1.978,-2.104
1.023,-3.08
1.038,-0.501
1.391,-1.365
1.238,-2.141
0.316,-2.599
0.339,-0.604
0.255,-2.108
0.214,-1.782
0.262,-1.593
-2.224,-1.113
3.087,-2.51
2.551,-0.218
0.366,-3.507
1.19,-0.143
0.398,0.06
0.012,-0.046
0.051,0.107
-0.216,-0.03
-1.923,-3.641
0.345,-3.595
0.43,-3.869
0.242,0.573
-0.256,0.316
0.391,0.323
-0.002,0.367
0.064,0.143
0.04,-0.329
0.028,0.086
-0.044,-0.397
0.012,-1.037
-0.029,-1.222
-0.083,-0.714
-0.048,1.518
-0.142,0.318
-0.164,2.085
-0.165,-0.536
-0.142,-1.259
-0.209,1.316
-0.204,-0.449
-0.304,1.186
-0.329,2.194
-0.331,-0.735
-0.467,-1.413
-1.079,-1.574
-1.253,-1.427
-1.737,-1.438
-1.702,-1.606
-2.074,-1.353
-2.129,-1.44
-2.599,-1.527
-2.683,-1.761
3.063,-1.631
2.535,-1.412
2.131,-1.43
1.248,-1.445
1.148,-1.633
0.616,-1.675
0.45,-1.544
0.415,-1.432
-1.261,2.79
-1.64,2.877
-1.862,2.983
-2.275,2.945
-2.328,2.983
-2.671,2.92
-2.669,3.048
2.125,2.848
2.01,3.05
1.898,2.7
1.625,2.733
1.501,2.918
1.093,2.814
-0.073,3.055
-0.159,2.787
-2.731,-0.797
2.601,0.223
2.376,2.609
0.772,-0.806
-1.06,-1.682
3.069,2.701
-0.268,0.203
-0.313,1.819
-0.462,-0.248
-0.382,0.222
-0.401,0.425
-0.404,-0.226
-0.567,1.427
-0.454,0.58
-0.482,-0.834
-0.546,1.267
-0.694,-0.589
-0.679,1.265
-1.206,0.156
-1.38,0.016
-1.285,0.153
-1.455,0.478
-1.499,0.473
-1.573,2.537
-1.512,1.743
-1.526,0.109
-1.665,0.025
-1.879,2.274
-1.893,1.19
-1.931,-0.176
-1.849,0.05
-1.963,-0.198
-2.066,-0.226
-2.212,2.413
-2.23,1.521
-2.27,2.483
-2.291,-1.195
-2.255,0.248
-2.64,-0.195
-2.628,0.386
-2.622,0.372
-2.724,0.411
-2.934,0.747
-2.829,-0.217
-2.978,-0.81
-2.906,-0.566
-2.908,0.178
-2.956,1.513
-2.965,-1.193
3.114,1.334
-3.085,1.199
3.105,0.911
2.795,1.581
2.906,1.697
2.623,1.048
2.467,0.08
2.43,0.108
2.421,0.934
1.864,1.79
1.698,-0.181
1.81,0.59
1.767,0.684
1.675,-0.159
1.509,2.487
1.499,-0.226
1.355,-0.003
1.42,-0.374
1.277,1.134
1.165,0.621
1.256,2.647
1.25,0.783
1.143,0.558
1.129,0.897
1.081,0.579
1.191,-1.071
1.15,-1.018
1.151,1.004
0.96,-0.24
0.847,0.513
0.63,-1.045
0.599,-0.848
0.576,-0.381
0.435,-0.681
0.076,0.186
0.085,0.18
0.091,-1.086
-0.033,-0.882
-0.167,1.342
-0.177,0.244
-0.344,1.3
-1.109,-1.569
-1.243,-1.509
-1.364,-1.402
-1.842,-1.45
-2.577,-1.658
3.041,-1.577
1.563,-1.582
1.069,-1.62
0.0,-1.532
-1.04,2.635
-2.424,2.806
-2.626,2.734
-2.898,2.79
-2.784,2.781
-2.981,2.652
3.004,2.904
2.806,2.86
2.508,2.653
1.672,2.973
1.464,2.993
0.778,2.739
0.6,2.997
0.071,2.759
-3.039,-0.563
2.079,0.384
1.124,-0.592
1.139,1.987
1.492,1.123
1.339,0.347
0.417,-0.111
0.44,1.884
0.356,0.38
0.315,0.706
0.363,0.895
-2.123,1.375
-3.095,-0.022
2.652,2.27
0.467,-1.019
1.291,2.345
0.499,2.548
0.113,2.442
0.152,2.595
-0.115,2.458
-1.822,-1.153
0.446,-1.107
0.531,-1.381
0.343,3.061
-0.155,2.804
0.492,2.811
0.066,-0.224
0.042,-0.696
0.03,-0.281
-0.042,-0.764
0.014,-1.404
-0.027,-1.589
-0.081,-1.081
-0.046,1.151
-0.14,-0.049
-0.162,1.718
-0.163,-0.903
-0.14,-1.626
-0.207,0.949
-0.202,-0.816
-0.302,0.819
-0.327,1.827
-0.329,-1.102
-0.465,-1.78
-1.077,-1.941
-1.251,-1.794
-1.735,-1.805
-1.7,-1.973
-2.072,-1.72
-2.127,-1.807
-2.597,-1.894
-2.681,-2.128
3.065,-1.998
2.537,-1.779
2.133,-1.797
1.25,-1.812
1.15,-2.0
0.618,-2.042
0.452,-1.911
0.417,-1.799
-1.259,2.423
-1.638,2.51
-1.86,2.616
-2.273,2.578
-2.326,2.616
-2.669,2.553
-2.667,2.681
2.127,2.481
2.012,2.683
1.9,2.333
1.627,2.366
1.503,2.551
1.095,2.447
-0.071,2.688
-0.157,2.42
-2.729,-1.164
2.603,-0.144
2.378,2.242
0.774,-1.173
-1.058,-2.049
3.071,2.334
-0.266,-0.164
-0.311,1.452
-0.46,-0.615
-0.38,-0.145
-0.399,0.058
-0.402,-0.593
-0.565,1.06
-0.452,0.213
-0.48,-1.201
-0.544,0.9
-0.692,-0.956
-0.677,0.898
-1.204,-0.211
-1.378,-0.351
-1.283,-0.214
-1.453,0.111
-1.497,0.106
-1.571,2.17
-1.51,1.376
-1.524,-0.258
-1.663,-0.342
-1.877,1.907
-1.891,0.823
-1.929,-0.543
-1.847,-0.317
-1.961,-0.565
-2.064,-0.593
-2.21,2.046
-2.228,1.154
-2.268,2.116
-2.289,-1.562
-2.253,-0.119
-2.638,-0.562
-2.626,0.019
-2.62,0.005
-2.722,0.044
-2.932,0.38
-2.827,-0.584
-2.976,-1.177
-2.904,-0.933
-2.906,-0.189
-2.954,1.146
-2.963,-1.56
3.116,0.967
-3.083,0.832
3.107,0.544
2.797,1.214
2.908,1.33
2.625,0.681
2.469,-0.287
2.432,-0.259
2.423,0.567
1.866,1.423
1.7,-0.548
1.812,0.223
1.769,0.317
1.677,-0.526
1.511,2.12
1.501,-0.593
1.357,-0.37
1.422,-0.741
1.279,0.767
1.167,0.254
1.258,2.28
1.252,0.416
1.145,0.191
1.131,0.53
1.083,0.212
1.193,-1.438
1.152,-1.385
1.153,0.637
0.962,-0.607
0.849,0.146
0.632,-1.412
0.601,-1.215
0.578,-0.748
0.437,-1.048
0.078,-0.181
0.087,-0.187
0.093,-1.453
-0.031,-1.249
-0.165,0.975
-0.175,-0.123
-0.342,0.933
-1.107,-1.936
-1.241,-1.876
-1.362,-1.769
-1.84,-1.817
-2.575,-2.025
3.043,-1.944
1.565,-1.949
1.071,-1.987
0.002,-1.899
-1.038,2.268
-2.422,2.439
-2.624,2.367
-2.896,2.423
-2.782,2.414
-2.979,2.285
3.006,2.537
2.808,2.493
2.51,2.286
1.674,2.606
1.466,2.626
0.78,2.372
0.602,2.63
0.073,2.392
-3.037,-0.93
2.081,0.017
1.126,-0.959
1.141,1.62
1.494,0.756
1.341,-0.02
0.419,-0.478
0.442,1.517
0.358,0.013
0.317,0.339
0.365,0.528
-2.121,1.008
-3.093,-0.389
2.654,1.903
0.469,-1.386
1.293,1.978
0.501,2.181
0.115,2.075
0.154,2.228
-0.113,2.091
-1.82,-1.52
0.448,-1.474
0.533,-1.748
0.345,2.694
-0.153,2.437
0.494,2.444
-0.024,-0.472
-0.036,-0.057
-0.108,-0.54
-0.052,-1.18
-0.093,-1.365
-0.147,-0.857
-0.112,1.375
-0.206,0.175
-0.228,1.942
-0.229,-0.679
-0.206,-1.402
-0.273,1.173
-0.268,-0.592
-0.368,1.043
-0.393,2.051
-0.395,-0.878
-0.531,-1.556
-1.143,-1.717
-1.317,-1.57
-1.801,-1.581
-1.766,-1.749
-2.138,-1.496
-2.193,-1.583
-2.663,-1.67
-2.747,-1.904
2.999,-1.774
2.471,-1.555
2.067,-1.573
1.184,-1.588
1.084,-1.776
0.552,-1.818
0.386,-1.687
0.351,-1.575
-1.325,2.647
-1.704,2.734
-1.926,2.84
-2.339,2.802
-2.392,2.84
-2.735,2.777
-2.733,2.905
2.061,2.705
1.946,2.907
1.834,2.557
1.561,2.59
1.437,2.775
1.029,2.671
-0.137,2.912
-0.223,2.644
-2.795,-0.94
2.537,0.08
2.312,2.466
0.708,-0.949
-1.124,-1.825
3.005,2.558
-0.332,0.06
-0.377,1.676
-0.526,-0.391
-0.446,0.079
-0.465,0.282
-0.468,-0.369
-0.631,1.284
-0.518,0.437
-0.546,-0.977
-0.61,1.124
-0.758,-0.732
-0.743,1.122
-1.27,0.013
-1.444,-0.127
-1.349,0.01
-1.519,0.335
-1.563,0.33
-1.637,2.394
-1.576,1.6
-1.59,-0.034
-1.729,-0.118
-1.943,2.131
-1.957,1.047
-1.995,-0.319
-1.913,-0.093
-2.027,-0.341
-2.13,-0.369
-2.276,2.27
-2.294,1.378
-2.334,2.34
-2.355,-1.338
-2.319,0.105
-2.704,-0.338
-2.692,0.243
-2.686,0.229
-2.788,0.268
-2.998,0.604
-2.893,-0.36
-3.042,-0.953
-2.97,-0.709
-2.972,0.035
-3.02,1.37
-3.029,-1.336
3.05,1.191
3.134,1.056
3.041,0.768
2.731,1.438
2.842,1.554
2.559,0.905
2.403,-0.063
2.366,-0.035
2.357,0.791
1.8,1.647
1.634,-0.324
1.746,0.447
1.703,0.541
1.611,-0.302
1.445,2.344
1.435,-0.369
1.291,-0.146
1.356,-0.517
1.213,0.991
1.101,0.478
1.192,2.504
1.186,0.64
1.079,0.415
1.065,0.754
1.017,0.436
1.127,-1.214
1.086,-1.161
1.087,0.861
0.896,-0.383
0.783,0.37
0.566,-1.188
0.535,-0.991
0.512,-0.524
0.371,-0.824
0.012,0.043
0.021,0.037
0.027,-1.229
-0.097,-1.025
-0.231,1.199
-0.241,0.101
-0.408,1.157
-1.173,-1.712
-1.307,-1.652
-1.428,-1.545
-1.906,-1.593
-2.641,-1.801
2.977,-1.72
1.499,-1.725
1.005,-1.763
-0.064,-1.675
-1.104,2.492
-2.488,2.663
-2.69,2.591
-2.962,2.647
-2.848,2.638
-3.045,2.509
2.94,2.761
2.742,2.717
2.444,2.51
1.608,2.83
1.4,2.85
0.714,2.596
0.536,2.854
0.007,2.616
-3.103,-0.706
2.015,0.241
1.06,-0.735
1.075,1.844
1.428,0.98
1.275,0.204
0.353,-0.254
0.376,1.741
0.292,0.237
0.251,0.563
0.299,0.752
-2.187,1.232
3.124,-0.165
2.588,2.127
0.403,-1.162
1.227,2.202
0.435,2.405
0.049,2.299
0.088,2.452
-0.179,2.315
-1.886,-1.296
0.382,-1.25
0.467,-1.524
0.279,2.918
-0.219,2.661
0.428,2.668
-0.012,0.415
-0.084,-0.068
-0.028,-0.708
-0.069,-0.893
-0.123,-0.385
-0.088,1.847
-0.182,0.647
-0.204,2.414
-0.205,-0.207
-0.182,-0.93
-0.249,1.645
-0.244,-0.12
-0.344,1.515
-0.369,2.523
-0.371,-0.406
-0.507,-1.084
-1.119,-1.245
-1.293,-1.098
-1.777,-1.109
-1.742,-1.277
-2.114,-1.024
-2.169,-1.111
-2.639,-1.198
-2.723,-1.432
3.023,-1.302
2.495,-1.083
2.091,-1.101
1.208,-1.116
1.108,-1.304
0.576,-1.346
0.41,-1.215
0.375,-1.103
-1.301,3.119
-1.68,3.206
-1.902,3.312
-2.315,3.274
-2.368,3.312
-2.711,3.249
-2.709,3.377
2.085,3.177
1.97,3.379
1.858,3.029
1.585,3.062
1.461,3.247
1.053,3.143
-0.113,3.384
-0.199,3.116
-2.771,-0.468
2.561,0.552
2.336,2.938
0.732,-0.477
-1.1,-1.353
3.029,3.03
-0.308,0.532
-0.353,2.148
-0.502,0.081
-0.422,0.551
-0.441,0.754
-0.444,0.103
-0.607,1.756
-0.494,0.909
-0.522,-0.505
-0.586,1.596
-0.734,-0.26
-0.719,1.594
-1.246,0.485
-1.42,0.345
-1.325,0.482
-1.495,0.807
-1.539,0.802
-1.613,2.866
-1.552,2.072
-1.566,0.438
-1.705,0.354
-1.919,2.603
-1.933,1.519
-1.971,0.153
-1.889,0.379
-2.003,0.131
-2.106,0.103
-2.252,2.742
-2.27,1.85
-2.31,2.812
-2.331,-0.866
-2.295,0.577
-2.68,0.134
-2.668,0.715
-2.662,0.701
-2.764,0.74
-2.974,1.076
-2.869,0.112
-3.018,-0.481
-2.946,-0.237
-2.948,0.507
-2.996,1.842
-3.005,-0.864
3.074,1.663
-3.125,1.528
3.065,1.24
2.755,1.91
2.866,2.026
2.583,1.377
2.427,0.409
2.39,0.437
2.381,1.263
1.824,2.119
1.658,0.148
1.77,0.919
1.727,1.013
1.635,0.17
1.469,2.816
1.459,0.103
1.315,0.326
1.38,-0.045
1.237,1.463
1.125,0.95
1.216,2.976
1.21,1.112
1.103,0.887
1.089,1.226
1.041,0.908
1.151,-0.742
1.11,-0.689
1.111,1.333
0.92,0.089
0.807,0.842
0.59,-0.716
0.559,-0.519
0.536,-0.052
0.395,-0.352
0.036,0.515
0.045,0.509
0.051,-0.757
-0.073,-0.553
-0.207,1.671
-0.217,0.573
-0.384,1.629
-1.149,-1.24
-1.283,-1.18
-1.404,-1.073
-1.882,-1.121
-2.617,-1.329
3.001,-1.248
1.523,-1.253
1.029,-1.291
-0.04,-1.203
-1.08,2.964
-2.464,3.135
-2.666,3.063
-2.938,3.119
-2.824,3.11
-3.021,2.981
2.964,3.233
2.766,3.189
2.468,2.982
1.632,3.302
1.424,3.322
0.738,3.068
0.56,3.326
0.031,3.088
-3.079,-0.234
2.039,0.713
1.084,-0.263
1.099,2.316
1.452,1.452
1.299,0.676
0.377,0.218
0.4,2.213
0.316,0.709
0.275,1.035
0.323,1.224
-2.163,1.704
-3.135,0.307
2.612,2.599
0.427,-0.69
1.251,2.674
0.459,2.877
0.073,2.771
0.112,2.924
-0.155,2.787
-1.862,-0.824
0.406,-0.778
0.491,-1.052
0.303,3.39
-0.195,3.133
0.452,3.14
-0.072,-0.483
-0.016,-1.123
-0.057,-1.308
-0.111,-0.8
-0.076,1.432
-0.17,0.232
-0.192,1.999
-0.193,-0.622
-0.17,-1.345
-0.237,1.23
-0.232,-0.535
-0.332,1.1
-0.357,2.108
-0.359,-0.821
-0.495,-1.499
-1.107,-1.66
-1.281,-1.513
-1.765,-1.524
-1.73,-1.692
-2.102,-1.439
-2.157,-1.526
-2.627,-1.613
-2.711,-1.847
3.035,-1.717
2.507,-1.498
2.103,-1.516
1.22,-1.531
1.12,-1.719
0.588,-1.761
0.422,-1.63
0.387,-1.518
-1.289,2.704
-1.668,2.791
-1.89,2.897
-2.303,2.859
-2.356,2.897
-2.699,2.834
-2.697,2.962
2.097,2.762
1.982,2.964
1.87,2.614
1.597,2.647
1.473,2.832
1.065,2.728
-0.101,2.969
-0.187,2.701
-2.759,-0.883
2.573,0.137
2.348,2.523
0.744,-0.892
-1.088,-1.768
3.041,2.615
-0.296,0.117
-0.341,1.733
-0.49,-0.334
-0.41,0.136
-0.429,0.339
-0.432,-0.312
-0.595,1.341
-0.482,0.494
-0.51,-0.92
-0.574,1.181
-0.722,-0.675
-0.707,1.179
-1.234,0.07
-1.408,-0.07
-1.313,0.067
-1.483,0.392
-1.527,0.387
-1.601,2.451
-1.54,1.657
-1.554,0.023
-1.693,-0.061
-1.907,2.188
-1.921,1.104
-1.959,-0.262
-1.877,-0.036
-1.991,-0.284
-2.094,-0.312
-2.24,2.327
-2.258,1.435
-2.298,2.397
-2.319,-1.281
-2.283,0.162
-2.668,-0.281
-2.656,0.3
-2.65,0.286
-2.752,0.325
-2.962,0.661
-2.857,-0.303
-3.006,-0.896
-2.934,-0.652
-2.936,0.092
-2.984,1.427
-2.993,-1.279
3.086,1.248
-3.113,1.113
3.077,0.825
2.767,1.495
2.878,1.611
2.595,0.962
2.439,-0.006
2.402,0.022
2.393,0.848
1.836,1.704
1.67,-0.267
1.782,0.504
1.739,0.598
1.647,-0.245
1.481,2.401
1.471,-0.312
1.327,-0.089
1.392,-0.46
1.249,1.048
1.137,0.535
1.228,2.561
1.222,0.697
1.115,0.472
1.101,0.811
1.053,0.493
1.163,-1.157
1.122,-1.104
1.123,0.918
0.932,-0.326
0.819,0.427
0.602,-1.131
0.571,-0.934
0.548,-0.467
0.407,-0.767
0.048,0.1
0.057,0.094
0.063,-1.172
-0.061,-0.968
-0.195,1.256
-0.205,0.158
-0.372,1.214
-1.137,-1.655
-1.271,-1.595
-1.392,-1.488
-1.87,-1.536
-2.605,-1.744
3.013,-1.663
1.535,-1.668
1.041,-1.706
-0.028,-1.618
-1.068,2.549
-2.452,2.72
-2.654,2.648
-2.926,2.704
-2.812,2.695
-3.009,2.566
2.976,2.818
2.778,2.774
2.48,2.567
1.644,2.887
1.436,2.907
0.75,2.653
0.572,2.911
0.043,2.673
-3.067,-0.649
2.051,0.298
1.096,-0.678
1.111,1.901
1.464,1.037
1.311,0.261
0.389,-0.197
0.412,1.798
0.328,0.294
0.287,0.62
0.335,0.809
-2.151,1.289
-3.123,-0.108
2.624,2.184
0.439,-1.105
1.263,2.259
0.471,2.462
0.085,2.356
0.124,2.509
-0.143,2.372
-1.85,-1.239
0.418,-1.193
0.503,-1.467
0.315,2.975
-0.183,2.718
0.464,2.725
0.056,-0.64
0.015,-0.825
-0.039,-0.317
-0.004,1.915
-0.098,0.715
-0.12,2.482
-0.121,-0.139
-0.098,-0.862
-0.165,1.713
-0.16,-0.052
-0.26,1.583
-0.285,2.591
-0.287,-0.338
-0.423,-1.016
-1.035,-1.177
-1.209,-1.03
-1.693,-1.041
-1.658,-1.209
-2.03,-0.956
-2.085,-1.043
-2.555,-1.13
-2.639,-1.364
3.107,-1.234
2.579,-1.015
2.175,-1.033
1.292,-1.048
1.192,-1.236
0.66,-1.278
0.494,-1.147
0.459,-1.035
-1.217,3.187
-1.596,3.274
-1.818,3.38
-2.231,3.342
-2.284,3.38
-2.627,3.317
-2.625,3.445
2.169,3.245
2.054,3.447
1.942,3.097
1.669,3.13
1.545,3.315
1.137,3.211
-0.029,3.452
-0.115,3.184
-2.687,-0.4
2.645,0.62
2.42,3.006
0.816,-0.409
-1.016,-1.285
3.113,3.098
-0.224,0.6
-0.269,2.216
-0.418,0.149
-0.338,0.619
-0.357,0.822
-0.36,0.171
-0.523,1.824
-0.41,0.977
-0.438,-0.437
-0.502,1.664
-0.65,-0.192
-0.635,1.662
-1.162,0.553
-1.336,0.413
-1.241,0.55
-1.411,0.875
-1.455,0.87
-1.529,2.934
-1.468,2.14
-1.482,0.506
-1.621,0.422
-1.835,2.671
-1.849,1.587
-1.887,0.221
-1.805,0.447
-1.919,0.199
-2.022,0.171
-2.168,2.81
-2.186,1.918
-2.226,2.88
-2.247,-0.798
-2.211,0.645
-2.596,0.202
-2.584,0.783
-2.578,0.769
-2.68,0.808
-2.89,1.144
-2.785,0.18
-2.934,-0.413
-2.862,-0.169
-2.864,0.575
-2.912,1.91
-2.921,-0.796
-3.125,1.731
-3.041,1.596
-3.134,1.308
2.839,1.978
2.95,2.094
2.667,1.445
2.511,0.477
2.474,0.505
2.465,1.331
1.908,2.187
1.742,0.216
1.854,0.987
1.811,1.081
1.719,0.238
1.553,2.884
1.543,0.171
1.399,0.394
1.464,0.023
1.321,1.531
1.209,1.018
1.3,3.044
1.294,1.18
1.187,0.955
1.173,1.294
1.125,0.976
1.235,-0.674
1.194,-0.621
1.195,1.401
1.004,0.157
0.891,0.91
0.674,-0.648
0.643,-0.451
0.62,0.016
0.479,-0.284
0.12,0.583
0.129,0.577
0.135,-0.689
0.011,-0.485
-0.123,1.739
-0.133,0.641
-0.3,1.697
-1.065,-1.172
-1.199,-1.112
-1.32,-1.005
-1.798,-1.053
-2.533,-1.261
3.085,-1.18
1.607,-1.185
1.113,-1.223
0.044,-1.135
-0.996,3.032
-2.38,3.203
-2.582,3.131
-2.854,3.187
-2.74,3.178
-2.937,3.049
3.048,3.301
2.85,3.257
2.552,3.05
1.716,3.37
1.508,3.39
0.822,3.136
0.644,3.394
0.115,3.156
-2.995,-0.166
2.123,0.781
1.168,-0.195
1.183,2.384
1.536,1.52
1.383,0.744
0.461,0.286
0.484,2.281
0.4,0.777
0.359,1.103
0.407,1.292
-2.079,1.772
-3.051,0.375
2.696,2.667
0.511,-0.622
1.335,2.742
0.543,2.945
0.157,2.839
0.196,2.992
-0.071,2.855
-1.778,-0.756
0.49,-0.71
0.575,-0.984
0.387,3.458
-0.111,3.201
0.536,3.208
-0.041,-0.185
-0.095,0.323
-0.06,2.555
-0.154,1.355
-0.176,3.122
-0.177,0.501
-0.154,-0.222
-0.221,2.353
-0.216,0.588
-0.316,2.223
-0.341,3.231
-0.343,0.302
-0.479,-0.376
-1.091,-0.537
-1.265,-0.39
-1.749,-0.401
-1.714,-0.569
-2.086,-0.316
-2.141,-0.403
-2.611,-0.49
-2.695,-0.724
3.051,-0.594
2.523,-0.375
2.119,-0.393
1.236,-0.408
1.136,-0.596
0.604,-0.638
0.438,-0.507
0.403,-0.395
-1.273,3.827
-1.652,3.914
-1.874,4.02
-2.287,3.982
-2.34,4.02
-2.683,3.957
-2.681,4.085
2.113,3.885
1.998,4.087
1.886,3.737
1.613,3.77
1.489,3.955
1.081,3.851
-0.085,4.092
-0.171,3.824
-2.743,0.24
2.589,1.26
2.364,3.646
0.76,0.231
-1.072,-0.645
3.057,3.738
-0.28,1.24
-0.325,2.856
-0.474,0.789
-0.394,1.259
-0.413,1.462
-0.416,0.811
-0.579,2.464
-0.466,1.617
-0.494,0.203
-0.558,2.304
-0.706,0.448
-0.691,2.302
-1.218,1.193
-1.392,1.053
-1.297,1.19
-1.467,1.515
-1.511,1.51
-1.585,3.574
-1.524,2.78
-1.538,1.146
-1.677,1.062
-1.891,3.311
-1.905,2.227
-1.943,0.861
-1.861,1.087
-1.975,0.839
-2.078,0.811
-2.224,3.45
-2.242,2.558
-2.282,3.52
-2.303,-0.158
-2.267,1.285
-2.652,0.842
-2.64,1.423
-2.634,1.409
-2.736,1.448
-2.946,1.784
-2.841,0.82
-2.99,0.227
-2.918,0.471
-2.92,1.215
-2.968,2.55
-2.977,-0.156
3.102,2.371
-3.097,2.236
3.093,1.948
2.783,2.618
2.894,2.734
2.611,2.085
2.455,1.117
2.418,1.145
2.409,1.971
1.852,2.827
1.686,0.856
1.798,1.627
1.755,1.721
1.663,0.878
1.497,3.524
1.487,0.811
1.343,1.034
1.408,0.663
1.265,2.171
1.153,1.658
1.244,3.684
1.238,1.82
1.131,1.595
1.117,1.934
1.069,1.616
1.179,-0.034
1.138,0.019
1.139,2.041
0.948,0.797
0.835,1.55
0.618,-0.008
0.587,0.189
0.564,0.656
0.423,0.356
0.064,1.223
0.073,1.217
0.079,-0.049
-0.045,0.155
-0.179,2.379
-0.189,1.281
-0.356,2.337
-1.121,-0.532
-1.255,-0.472
-1.376,-0.365
-1.854,-0.413
-2.589,-0.621
3.029,-0.54
1.551,-0.545
1.057,-0.583
-0.012,-0.495
-1.052,3.672
-2.436,3.843
-2.638,3.771
-2.91,3.827
-2.796,3.818
-2.993,3.689
2.992,3.941
2.794,3.897
2.496,3.69
1.66,4.01
1.452,4.03
0.766,3.776
0.588,4.034
0.059,3.796
-3.051,0.474
2.067,1.421
1.112,0.445
1.127,3.024
1.48,2.16
1.327,1.384
0.405,0.926
0.428,2.921
0.344,1.417
0.303,1.743
0.351,1.932
-2.135,2.412
-3.107,1.015
2.64,3.307
0.455,0.018
1.279,3.382
0.487,3.585
0.101,3.479
0.14,3.632
-0.127,3.495
-1.834,-0.116
0.434,-0.07
0.519,-0.344
0.331,4.098
-0.167,3.841
0.48,3.848
-0.054,0.508
-0.019,2.74
-0.113,1.54
-0.135,3.307
-0.136,0.686
-0.113,-0.037
-0.18,2.538
-0.175,0.773
-0.275,2.408
-0.3,3.416
-0.302,0.487
-0.438,-0.191
-1.05,-0.352
-1.224,-0.205
-1.708,-0.216
-1.673,-0.384
-2.045,-0.131
-2.1,-0.218
-2.57,-0.305
-2.654,-0.539
3.092,-0.409
2.564,-0.19
2.16,-0.208
1.277,-0.223
1.177,-0.411
0.645,-0.453
0.479,-0.322
0.444,-0.21
-1.232,4.012
-1.611,4.099
-1.833,4.205
-2.246,4.167
-2.299,4.205
-2.642,4.142
-2.64,4.27
2.154,4.07
2.039,4.272
1.927,3.922
1.654,3.955
1.53,4.14
1.122,4.036
-0.044,4.277
-0.13,4.009
-2.702,0.425
2.63,1.445
2.405,3.831
0.801,0.416
-1.031,-0.46
3.098,3.923
-0.239,1.425
-0.284,3.041
-0.433,0.974
-0.353,1.444
-0.372,1.647
-0.375,0.996
-0.538,2.649
-0.425,1.802
-0.453,0.388
-0.517,2.489
-0.665,0.633
-0.65,2.487
-1.177,1.378
-1.351,1.238
-1.256,1.375
-1.426,1.7
-1.47,1.695
-1.544,3.759
-1.483,2.965
-1.497,1.331
-1.636,1.247
-1.85,3.496
-1.864,2.412
-1.902,1.046
-1.82,1.272
-1.934,1.024
-2.037,0.996
-2.183,3.635
-2.201,2.743
-2.241,3.705
-2.262,0.027
-2.226,1.47
-2.611,1.027
-2.599,1.608
-2.593,1.594
-2.695,1.633
-2.905,1.969
-2.8,1.005
-2.949,0.412
-2.877,0.656
-2.879,1.4
-2.927,2.735
-2.936,0.029
-3.14,2.556
-3.056,2.421
3.134,2.133
2.824,2.803
2.935,2.919
2.652,2.27
2.496,1.302
2.459,1.33
2.45,2.156
1.893,3.012
1.727,1.041
1.839,1.812
1.796,1.906
1.704,1.063
1.538,3.709
1.528,0.996
1.384,1.219
1.449,0.848
1.306,2.356
1.194,1.843
1.285,3.869
1.279,2.005
1.172,1.78
1.158,2.119
1.11,1.801
1.22,0.151
1.179,0.204
1.18,2.226
0.989,0.982
0.876,1.735
0.659,0.177
0.628,0.374
0.605,0.841
0.464,0.541
0.105,1.408
0.114,1.402
0.12,0.136
-0.004,0.34
-0.138,2.564
-0.148,1.466
-0.315,2.522
-1.08,-0.347
-1.214,-0.287
-1.335,-0.18
-1.813,-0.228
-2.548,-0.436
3.07,-0.355
1.592,-0.36
1.098,-0.398
0.029,-0.31
-1.011,3.857
-2.395,4.028
-2.597,3.956
-2.869,4.012
-2.755,4.003
-2.952,3.874
3.033,4.126
2.835,4.082
2.537,3.875
1.701,4.195
1.493,4.215
0.807,3.961
0.629,4.219
0.1,3.981
-3.01,0.659
2.108,1.606
1.153,0.63
1.168,3.209
1.521,2.345
1.368,1.569
0.446,1.111
0.469,3.106
0.385,1.602
0.344,1.928
0.392,2.117
-2.094,2.597
-3.066,1.2
2.681,3.492
0.496,0.203
1.32,3.567
0.528,3.77
0.142,3.664
0.181,3.817
-0.086,3.68
-1.793,0.069
0.475,0.115
0.56,-0.159
0.372,4.283
-0.126,4.026
0.521,4.033
0.035,2.232
-0.059,1.032
-0.081,2.799
-0.082,0.178
-0.059,-0.545
-0.126,2.03
-0.121,0.265
-0.221,1.9
-0.246,2.908
-0.248,-0.021
-0.384,-0.699
-0.996,-0.86
-1.17,-0.713
-1.654,-0.724
-1.619,-0.892
-1.991,-0.639
-2.046,-0.726
-2.516,-0.813
-2.6,-1.047
-3.137,-0.917
2.618,-0.698
2.214,-0.716
1.331,-0.731
1.231,-0.919
0.699,-0.961
0.533,-0.83
0.498,-0.718
-1.178,3.504
-1.557,3.591
-1.779,3.697
-2.192,3.659
-2.245,3.697
-2.588,3.634
-2.586,3.762
2.208,3.562
2.093,3.764
1.981,3.414
1.708,3.447
1.584,3.632
1.176,3.528
0.01,3.769
-0.076,3.501
-2.648,-0.083
2.684,0.937
2.459,3.323
0.855,-0.092
-0.977,-0.968
-3.131,3.415
-0.185,0.917
-0.23,2.533
-0.379,0.466
-0.299,0.936
-0.318,1.139
-0.321,0.488
-0.484,2.141
-0.371,1.294
-0.399,-0.12
-0.463,1.981
-0.611,0.125
-0.596,1.979
-1.123,0.87
-1.297,0.73
-1.202,0.867
-1.372,1.192
-1.416,1.187
-1.49,3.251
-1.429,2.457
-1.443,0.823
-1.582,0.739
-1.796,2.988
-1.81,1.904
-1.848,0.538
-1.766,0.764
-1.88,0.516
-1.983,0.488
-2.129,3.127
-2.147,2.235
-2.187,3.197
-2.208,-0.481
-2.172,0.962
-2.557,0.519
-2.545,1.1
-2.539,1.086
-2.641,1.125
-2.851,1.461
-2.746,0.497
-2.895,-0.096
-2.823,0.148
-2.825,0.892
-2.873,2.227
-2.882,-0.479
-3.086,2.048
-3.002,1.913
-3.095,1.625
2.878,2.295
2.989,2.411
2.706,1.762
2.55,0.794
2.513,0.822
2.504,1.648
1.947,2.504
1.781,0.533
1.893,1.304
1.85,1.398
1.758,0.555
1.592,3.201
1.582,0.488
1.438,0.711
1.503,0.34
1.36,1.848
1.248,1.335
1.339,3.361
1.333,1.497
1.226,1.272
1.212,1.611
1.164,1.293
1.274,-0.357
1.233,-0.304
1.234,1.718
1.043,0.474
0.93,1.227
0.713,-0.331
0.682,-0.134
0.659,0.333
0.518,0.033
0.159,0.9
0.168,0.894
0.174,-0.372
0.05,-0.168
-0.084,2.056
-0.094,0.958
-0.261,2.014
-1.026,-0.855
-1.16,-0.795
-1.281,-0.688
-1.759,-0.736
-2.494,-0.944
3.124,-0.863
1.646,-0.868
1.152,-0.906
0.083,-0.818
-0.957,3.349
-2.341,3.52
-2.543,3.448
-2.815,3.504
-2.701,3.495
-2.898,3.366
3.087,3.618
2.889,3.574
2.591,3.367
1.755,3.687
1.547,3.707
0.861,3.453
0.683,3.711
0.154,3.473
-2.956,0.151
2.162,1.098
1.207,0.122
1.222,2.701
1.575,1.837
1.422,1.061
0.5,0.603
0.523,2.598
0.439,1.094
0.398,1.42
0.446,1.609
-2.04,2.089
-3.012,0.692
2.735,2.984
0.55,-0.305
1.374,3.059
0.582,3.262
0.196,3.156
0.235,3.309
-0.032,3.172
-1.739,-0.439
0.529,-0.393
0.614,-0.667
0.426,3.775
-0.072,3.518
0.575,3.525
-0.094,-1.2
-0.116,0.567
-0.117,-2.054
-0.094,-2.777
-0.161,-0.202
-0.156,-1.967
-0.256,-0.332
-0.281,0.676
-0.283,-2.253
-0.419,-2.931
-1.031,-3.092
-1.205,-2.945
-1.689,-2.956
-1.654,-3.124
-2.026,-2.871
-2.081,-2.958
-2.551,-3.045
-2.635,-3.279
3.111,-3.149
2.583,-2.93
2.179,-2.948
1.296,-2.963
1.196,-3.151
0.664,-3.193
0.498,-3.062
0.463,-2.95
-1.213,1.272
-1.592,1.359
-1.814,1.465
-2.227,1.427
-2.28,1.465
-2.623,1.402
-2.621,1.53
2.173,1.33
2.058,1.532
1.946,1.182
1.673,1.215
1.549,1.4
1.141,1.296
-0.025,1.537
-0.111,1.269
-2.683,-2.315
2.649,-1.295
2.424,1.091
0.82,-2.324
-1.012,-3.2
3.117,1.183
-0.22,-1.315
-0.265,0.301
-0.414,-1.766
-0.334,-1.296
-0.353,-1.093
-0.356,-1.744
-0.519,-0.091
-0.406,-0.938
-0.434,-2.352
-0.498,-0.251
-0.646,-2.107
-0.631,-0.253
-1.158,-1.362
-1.332,-1.502
-1.237,-1.365
-1.407,-1.04
-1.451,-1.045
-1.525,1.019
-1.464,0.225
-1.478,-1.409
-1.617,-1.493
-1.831,0.756
-1.845,-0.328
-1.883,-1.694
-1.801,-1.468
-1.915,-1.716
-2.018,-1.744
-2.164,0.895
-2.182,0.003
-2.222,0.965
-2.243,-2.713
-2.207,-1.27
-2.592,-1.713
-2.58,-1.132
-2.574,-1.146
-2.676,-1.107
-2.886,-0.771
-2.781,-1.735
-2.93,-2.328
-2.858,-2.084
-2.86,-1.34
-2.908,-0.005
-2.917,-2.711
-3.121,-0.184
-3.037,-0.319
-3.13,-0.607
2.843,0.063
2.954,0.179
2.671,-0.47
2.515,-1.438
2.478,-1.41
2.469,-0.584
1.912,0.272
1.746,-1.699
1.858,-0.928
1.815,-0.834
1.723,-1.677
1.557,0.969
1.547,-1.744
1.403,-1.521
1.468,-1.892
1.325,-0.384
1.213,-0.897
1.304,1.129
1.298,-0.735
1.191,-0.96
1.177,-0.621
1.129,-0.939
1.239,-2.589
1.198,-2.536
1.199,-0.514
1.008,-1.758
0.895,-1.005
0.678,-2.563
0.647,-2.366
0.624,-1.899
0.483,-2.199
0.124,-1.332
0.133,-1.338
0.139,-2.604
0.015,-2.4
-0.119,-0.176
-0.129,-1.274
-0.296,-0.218
-1.061,-3.087
-1.195,-3.027
-1.316,-2.92
-1.794,-2.968
-2.529,-3.176
3.089,-3.095
1.611,-3.1
1.117,-3.138
0.048,-3.05
-0.992,1.117
-2.376,1.288
-2.578,1.216
-2.85,1.272
-2.736,1.263
-2.933,1.134
3.052,1.386
2.854,1.342
2.556,1.135
1.72,1.455
1.512,1.475
0.826,1.221
0.648,1.479
0.119,1.241
-2.991,-2.081
2.127,-1.134
1.172,-2.11
1.187,0.469
1.54,-0.395
1.387,-1.171
0.465,-1.629
0.488,0.366
0.404,-1.138
0.363,-0.812
0.411,-0.623
-2.075,-0.143
-3.047,-1.54
2.7,0.752
0.515,-2.537
1.339,0.827
0.547,1.03
0.161,0.924
0.2,1.077
-0.067,0.94
-1.774,-2.671
0.494,-2.625
0.579,-2.899
0.391,1.543
-0.107,1.286
0.54,1.293
-0.022,1.767
-0.023,-0.854
0.0,-1.577
-0.067,0.998
-0.062,-0.767
-0.162,0.868
-0.187,1.876
-0.189,-1.053
-0.325,-1.731
-0.937,-1.892
-1.111,-1.745
-1.595,-1.756
-1.56,-1.924
-1.932,-1.671
-1.987,-1.758
-2.457,-1.845
-2.541,-2.079
-3.078,-1.949
2.677,-1.73
2.273,-1.748
1.39,-1.763
1.29,-1.951
0.758,-1.993
0.592,-1.862
0.557,-1.75
-1.119,2.472
-1.498,2.559
-1.72,2.665
-2.133,2.627
-2.186,2.665
-2.529,2.602
-2.527,2.73
2.267,2.53
2.152,2.732
2.04,2.382
1.767,2.415
1.643,2.6
1.235,2.496
0.069,2.737
-0.017,2.469
-2.589,-1.115
2.743,-0.095
2.518,2.291
0.914,-1.124
-0.918,-2.0
-3.072,2.383
-0.126,-0.115
-0.171,1.501
-0.32,-0.566
-0.24,-0.096
-0.259,0.107
-0.262,-0.544
-0.425,1.109
-0.312,0.262
-0.34,-1.152
-0.404,0.949
-0.552,-0.907
-0.537,0.947
-1.064,-0.162
-1.238,-0.302
-1.143,-0.165
-1.313,0.16
-1.357,0.155
-1.431,2.219
-1.37,1.425
-1.384,-0.209
-1.523,-0.293
-1.737,1.956
-1.751,0.872
-1.789,-0.494
-1.707,-0.268
-1.821,-0.516
-1.924,-0.544
-2.07,2.095
-2.088,1.203
-2.128,2.165
-2.149,-1.513
-2.113,-0.07
-2.498,-0.513
-2.486,0.068
-2.48,0.054
-2.582,0.093
-2.792,0.429
-2.687,-0.535
-2.836,-1.128
-2.764,-0.884
-2.766,-0.14
-2.814,1.195
-2.823,-1.511
-3.027,1.016
-2.943,0.881
-3.036,0.593
2.937,1.263
3.048,1.379
2.765,0.73
2.609,-0.238
2.572,-0.21
2.563,0.616
2.006,1.472
1.84,-0.499
1.952,0.272
1.909,0.366
1.817,-0.477
1.651,2.169
1.641,-0.544
1.497,-0.321
1.562,-0.692
1.419,0.816
1.307,0.303
1.398,2.329
1.392,0.465
1.285,0.24
1.271,0.579
1.223,0.261
1.333,-1.389
1.292,-1.336
1.293,0.686
1.102,-0.558
0.989,0.195
0.772,-1.363
0.741,-1.166
0.718,-0.699
0.577,-0.999
0.218,-0.132
0.227,-0.138
0.233,-1.404
0.109,-1.2
-0.025,1.024
-0.035,-0.074
-0.202,0.982
-0.967,-1.887
-1.101,-1.827
-1.222,-1.72
-1.7,-1.768
-2.435,-1.976
-3.1,-1.895
1.705,-1.9
1.211,-1.938
0.142,-1.85
-0.898,2.317
-2.282,2.488
-2.484,2.416
-2.756,2.472
-2.642,2.463
-2.839,2.334
-3.137,2.586
2.948,2.542
2.65,2.335
1.814,2.655
1.606,2.675
0.92,2.421
0.742,2.679
0.213,2.441
-2.897,-0.881
2.221,0.066
1.266,-0.91
1.281,1.669
1.634,0.805
1.481,0.029
0.559,-0.429
0.582,1.566
0.498,0.062
0.457,0.388
0.505,0.577
-1.981,1.057
-2.953,-0.34
2.794,1.952
0.609,-1.337
1.433,2.027
0.641,2.23
0.255,2.124
0.294,2.277
0.027,2.14
-1.68,-1.471
0.588,-1.425
0.673,-1.699
0.485,2.743
-0.013,2.486
0.634,2.493
-0.001,-2.621
0.022,-3.344
-0.045,-0.769
-0.04,-2.534
-0.14,-0.899
-0.165,0.109
-0.167,-2.82
-0.303,-3.498
-0.915,-3.659
-1.089,-3.512
-1.573,-3.523
-1.538,-3.691
-1.91,-3.438
-1.965,-3.525
-2.435,-3.612
-2.519,-3.846
-3.056,-3.716
2.699,-3.497
2.295,-3.515
1.412,-3.53
1.312,-3.718
0.78,-3.76
0.614,-3.629
0.579,-3.517
-1.097,0.705
-1.476,0.792
-1.698,0.898
-2.111,0.86
-2.164,0.898
-2.507,0.835
-2.505,0.963
2.289,0.763
2.174,0.965
2.062,0.615
1.789,0.648
1.665,0.833
1.257,0.729
0.091,0.97
0.005,0.702
-2.567,-2.882
2.765,-1.862
2.54,0.524
0.936,-2.891
-0.896,-3.767
-3.05,0.616
-0.104,-1.882
-0.149,-0.266
-0.298,-2.333
-0.218,-1.863
-0.237,-1.66
-0.24,-2.311
-0.403,-0.658
-0.29,-1.505
-0.318,-2.919
-0.382,-0.818
-0.53,-2.674
-0.515,-0.82
-1.042,-1.929
-1.216,-2.069
-1.121,-1.932
-1.291,-1.607
-1.335,-1.612
-1.409,0.452
-1.348,-0.342
-1.362,-1.976
-1.501,-2.06
-1.715,0.189
-1.729,-0.895
-1.767,-2.261
-1.685,-2.035
-1.799,-2.283
-1.902,-2.311
-2.048,0.328
-2.066,-0.564
-2.106,0.398
-2.127,-3.28
-2.091,-1.837
-2.476,-2.28
-2.464,-1.699
-2.458,-1.713
-2.56,-1.674
-2.77,-1.338
-2.665,-2.302
-2.814,-2.895
-2.742,-2.651
-2.744,-1.907
-2.792,-0.572
-2.801,-3.278
-3.005,-0.751
-2.921,-0.886
-3.014,-1.174
2.959,-0.504
3.07,-0.388
2.787,-1.037
2.631,-2.005
2.594,-1.977
2.585,-1.151
2.028,-0.295
1.862,-2.266
1.974,-1.495
1.931,-1.401
1.839,-2.244
1.673,0.402
1.663,-2.311
1.519,-2.088
1.584,-2.459
1.441,-0.951
1.329,-1.464
1.42,0.562
1.414,-1.302
1.307,-1.527
1.293,-1.188
1.245,-1.506
1.355,-3.156
1.314,-3.103
1.315,-1.081
1.124,-2.325
1.011,-1.572
0.794,-3.13
0.763,-2.933
0.74,-2.466
0.599,-2.766
0.24,-1.899
0.249,-1.905
0.255,-3.171
0.131,-2.967
-0.003,-0.743
-0.013,-1.841
-0.18,-0.785
-0.945,-3.654
-1.079,-3.594
-1.2,-3.487
-1.678,-3.535
-2.413,-3.743
-3.078,-3.662
1.727,-3.667
1.233,-3.705
0.164,-3.617
-0.876,0.55
-2.26,0.721
-2.462,0.649
-2.734,0.705
-2.62,0.696
-2.817,0.567
-3.115,0.819
2.97,0.775
2.672,0.568
1.836,0.888
1.628,0.908
0.942,0.654
0.764,0.912
0.235,0.674
-2.875,-2.648
2.243,-1.701
1.288,-2.677
1.303,-0.098
1.656,-0.962
1.503,-1.738
0.581,-2.196
0.604,-0.201
0.52,-1.705
0.479,-1.379
0.527,-1.19
-1.959,-0.71
-2.931,-2.107
2.816,0.185
0.631,-3.104
1.455,0.26
0.663,0.463
0.277,0.357
0.316,0.51
0.049,0.373
-1.658,-3.238
0.61,-3.192
0.695,-3.466
0.507,0.976
0.009,0.719
0.656,0.726
0.023,-0.723
-0.044,1.852
-0.039,0.087
-0.139,1.722
-0.164,2.73
-0.166,-0.199
-0.302,-0.877
-0.914,-1.038
-1.088,-0.891
-1.572,-0.902
-1.537,-1.07
-1.909,-0.817
-1.964,-0.904
-2.434,-0.991
-2.518,-1.225
-3.055,-1.095
2.7,-0.876
2.296,-0.894
1.413,-0.909
1.313,-1.097
0.781,-1.139
0.615,-1.008
0.58,-0.896
-1.096,3.326
-1.475,3.413
-1.697,3.519
-2.11,3.481
-2.163,3.519
-2.506,3.456
-2.504,3.584
2.29,3.384
2.175,3.586
2.063,3.236
1.79,3.269
1.666,3.454
1.258,3.35
0.092,3.591
0.006,3.323
-2.566,-0.261
2.766,0.759
2.541,3.145
0.937,-0.27
-0.895,-1.146
-3.049,3.237
-0.103,0.739
-0.148,2.355
-0.297,0.288
-0.217,0.758
-0.236,0.961
-0.239,0.31
-0.402,1.963
-0.289,1.116
-0.317,-0.298
-0.381,1.803
-0.529,-0.053
-0.514,1.801
-1.041,0.692
-1.215,0.552
-1.12,0.689
-1.29,1.014
-1.334,1.009
-1.408,3.073
-1.347,2.279
-1.361,0.645
-1.5,0.561
-1.714,2.81
-1.728,1.726
-1.766,0.36
-1.684,0.586
-1.798,0.338
-1.901,0.31
-2.047,2.949
-2.065,2.057
-2.105,3.019
-2.126,-0.659
-2.09,0.784
-2.475,0.341
-2.463,0.922
-2.457,0.908
-2.559,0.947
-2.769,1.283
-2.664,0.319
-2.813,-0.274
-2.741,-0.03
-2.743,0.714
-2.791,2.049
-2.8,-0.657
-3.004,1.87
-2.92,1.735
-3.013,1.447
2.96,2.117
3.071,2.233
2.788,1.584
2.632,0.616
2.595,0.644
2.586,1.47
2.029,2.326
1.863,0.355
1.975,1.126
1.932,1.22
1.84,0.377
1.674,3.023
1.664,0.31
1.52,0.533
1.585,0.162
1.442,1.67
1.33,1.157
1.421,3.183
1.415,1.319
1.308,1.094
1.294,1.433
1.246,1.115
1.356,-0.535
1.315,-0.482
1.316,1.54
1.125,0.296
1.012,1.049
0.795,-0.509
0.764,-0.312
0.741,0.155
0.6,-0.145
0.241,0.722
0.25,0.716
0.256,-0.55
0.132,-0.346
-0.002,1.878
-0.012,0.78
-0.179,1.836
-0.944,-1.033
-1.078,-0.973
-1.199,-0.866
-1.677,-0.914
-2.412,-1.122
-3.077,-1.041
1.728,-1.046
1.234,-1.084
0.165,-0.996
-0.875,3.171
-2.259,3.342
-2.461,3.27
-2.733,3.326
-2.619,3.317
-2.816,3.188
-3.114,3.44
2.971,3.396
2.673,3.189
1.837,3.509
1.629,3.529
0.943,3.275
0.765,3.533
0.236,3.295
-2.874,-0.027
2.244,0.92
1.289,-0.056
1.304,2.523
1.657,1.659
1.504,0.883
0.582,0.425
0.605,2.42
0.521,0.916
0.48,1.242
0.528,1.431
-1.958,1.911
-2.93,0.514
2.817,2.806
0.632,-0.483
1.456,2.881
0.664,3.084
0.278,2.978
0.317,3.131
0.05,2.994
-1.657,-0.617
0.611,-0.571
0.696,-0.845
0.508,3.597
0.01,3.34
0.657,3.347
-0.067,2.575
-0.062,0.81
-0.162,2.445
-0.187,3.453
-0.189,0.524
-0.325,-0.154
-0.937,-0.315
-1.111,-0.168
-1.595,-0.179
-1.56,-0.347
-1.932,-0.094
-1.987,-0.181
-2.457,-0.268
-2.541,-0.502
-3.078,-0.372
2.677,-0.153
2.273,-0.171
1.39,-0.186
1.29,-0.374
0.758,-0.416
0.592,-0.285
0.557,-0.173
-1.119,4.049
-1.498,4.136
-1.72,4.242
-2.133,4.204
-2.186,4.242
-2.529,4.179
-2.527,4.307
2.267,4.107
2.152,4.309
2.04,3.959
1.767,3.992
1.643,4.177
1.235,4.073
0.069,4.314
-0.017,4.046
-2.589,0.462
2.743,1.482
2.518,3.868
0.914,0.453
-0.918,-0.423
-3.072,3.96
-0.126,1.462
-0.171,3.078
-0.32,1.011
-0.24,1.481
-0.259,1.684
-0.262,1.033
-0.425,2.686
-0.312,1.839
-0.34,0.425
-0.404,2.526
-0.552,0.67
-0.537,2.524
-1.064,1.415
-1.238,1.275
-1.143,1.412
-1.313,1.737
-1.357,1.732
-1.431,3.796
-1.37,3.002
-1.384,1.368
-1.523,1.284
-1.737,3.533
-1.751,2.449
-1.789,1.083
-1.707,1.309
-1.821,1.061
-1.924,1.033
-2.07,3.672
-2.088,2.78
-2.128,3.742
-2.149,0.064
-2.113,1.507
-2.498,1.064
-2.486,1.645
-2.48,1.631
-2.582,1.67
-2.792,2.006
-2.687,1.042
-2.836,0.449
-2.764,0.693
-2.766,1.437
-2.814,2.772
-2.823,0.066
-3.027,2.593
-2.943,2.458
-3.036,2.17
2.937,2.84
3.048,2.956
2.765,2.307
2.609,1.339
2.572,1.367
2.563,2.193
2.006,3.049
1.84,1.078
1.952,1.849
1.909,1.943
1.817,1.1
1.651,3.746
1.641,1.033
1.497,1.256
1.562,0.885
1.419,2.393
1.307,1.88
1.398,3.906
1.392,2.042
1.285,1.817
1.271,2.156
1.223,1.838
1.333,0.188
1.292,0.241
1.293,2.263
1.102,1.019
0.989,1.772
0.772,0.214
0.741,0.411
0.718,0.878
0.577,0.578
0.218,1.445
0.227,1.439
0.233,0.173
0.109,0.377
-0.025,2.601
-0.035,1.503
-0.202,2.559
-0.967,-0.31
-1.101,-0.25
-1.222,-0.143
-1.7,-0.191
-2.435,-0.399
-3.1,-0.318
1.705,-0.323
1.211,-0.361
0.142,-0.273
-0.898,3.894
-2.282,4.065
-2.484,3.993
-2.756,4.049
-2.642,4.04
-2.839,3.911
-3.137,4.163
2.948,4.119
2.65,3.912
1.814,4.232
1.606,4.252
0.92,3.998
0.742,4.256
0.213,4.018
-2.897,0.696
2.221,1.643
1.266,0.667
1.281,3.246
1.634,2.382
1.481,1.606
0.559,1.148
0.582,3.143
0.498,1.639
0.457,1.965
0.505,2.154
-1.981,2.634
-2.953,1.237
2.794,3.529
0.609,0.24
1.433,3.604
0.641,3.807
0.255,3.701
0.294,3.854
0.027,3.717
-1.68,0.106
0.588,0.152
0.673,-0.122
0.485,4.32
-0.013,4.063
0.634,4.07
0.005,-1.765
-0.095,-0.13
-0.12,0.878
-0.122,-2.051
-0.258,-2.729
-0.87,-2.89
-1.044,-2.743
-1.528,-2.754
-1.493,-2.922
-1.865,-2.669
-1.92,-2.756
-2.39,-2.843
-2.474,-3.077
-3.011,-2.947
2.744,-2.728
2.34,-2.746
1.457,-2.761
1.357,-2.949
0.825,-2.991
0.659,-2.86
0.624,-2.748
-1.052,1.474
-1.431,1.561
-1.653,1.667
-2.066,1.629
-2.119,1.667
-2.462,1.604
-2.46,1.732
2.334,1.532
2.219,1.734
2.107,1.384
1.834,1.417
1.71,1.602
1.302,1.498
0.136,1.739
0.05,1.471
-2.522,-2.113
2.81,-1.093
2.585,1.293
0.981,-2.122
-0.851,-2.998
-3.005,1.385
-0.059,-1.113
-0.104,0.503
-0.253,-1.564
-0.173,-1.094
-0.192,-0.891
-0.195,-1.542
-0.358,0.111
-0.245,-0.736
-0.273,-2.15
-0.337,-0.049
-0.485,-1.905
-0.47,-0.051
-0.997,-1.16
-1.171,-1.3
-1.076,-1.163
-1.246,-0.838
-1.29,-0.843
-1.364,1.221
-1.303,0.427
-1.317,-1.207
-1.456,-1.291
-1.67,0.958
-1.684,-0.126
-1.722,-1.492
-1.64,-1.266
-1.754,-1.514
-1.857,-1.542
-2.003,1.097
-2.021,0.205
-2.061,1.167
-2.082,-2.511
-2.046,-1.068
-2.431,-1.511
-2.419,-0.93
-2.413,-0.944
-2.515,-0.905
-2.725,-0.569
-2.62,-1.533
-2.769,-2.126
-2.697,-1.882
-2.699,-1.138
-2.747,0.197
-2.756,-2.509
-2.96,0.018
-2.876,-0.117
-2.969,-0.405
3.004,0.265
3.115,0.381
2.832,-0.268
2.676,-1.236
2.639,-1.208
2.63,-0.382
2.073,0.474
1.907,-1.497
2.019,-0.726
1.976,-0.632
1.884,-1.475
1.718,1.171
1.708,-1.542
1.564,-1.319
1.629,-1.69
1.486,-0.182
1.374,-0.695
1.465,1.331
1.459,-0.533
1.352,-0.758
1.338,-0.419
1.29,-0.737
1.4,-2.387
1.359,-2.334
1.36,-0.312
1.169,-1.556
1.056,-0.803
0.839,-2.361
0.808,-2.164
0.785,-1.697
0.644,-1.997
0.285,-1.13
0.294,-1.136
0.3,-2.402
0.176,-2.198
0.042,0.026
0.032,-1.072
-0.135,-0.016
-0.9,-2.885
-1.034,-2.825
-1.155,-2.718
-1.633,-2.766
-2.368,-2.974
-3.033,-2.893
1.772,-2.898
1.278,-2.936
0.209,-2.848
-0.831,1.319
-2.215,1.49
-2.417,1.418
-2.689,1.474
-2.575,1.465
-2.772,1.336
-3.07,1.588
3.015,1.544
2.717,1.337
1.881,1.657
1.673,1.677
0.987,1.423
0.809,1.681
0.28,1.443
-2.83,-1.879
2.288,-0.932
1.333,-1.908
1.348,0.671
1.701,-0.193
1.548,-0.969
0.626,-1.427
0.649,0.568
0.565,-0.936
0.524,-0.61
0.572,-0.421
-1.914,0.059
-2.886,-1.338
2.861,0.954
0.676,-2.335
1.5,1.029
0.708,1.232
0.322,1.126
0.361,1.279
0.094,1.142
-1.613,-2.469
0.655,-2.423
0.74,-2.697
0.552,1.745
0.054,1.488
0.701,1.495
-0.1,1.635
-0.125,2.643
-0.127,-0.286
-0.263,-0.964
-0.875,-1.125
-1.049,-0.978
-1.533,-0.989
-1.498,-1.157
-1.87,-0.904
-1.925,-0.991
-2.395,-1.078
-2.479,-1.312
-3.016,-1.182
2.739,-0.963
2.335,-0.981
1.452,-0.996
1.352,-1.184
0.82,-1.226
0.654,-1.095
0.619,-0.983
-1.057,3.239
-1.436,3.326
-1.658,3.432
-2.071,3.394
-2.124,3.432
-2.467,3.369
-2.465,3.497
2.329,3.297
2.214,3.499
2.102,3.149
1.829,3.182
1.705,3.367
1.297,3.263
0.131,3.504
0.045,3.236
-2.527,-0.348
2.805,0.672
2.58,3.058
0.976,-0.357
-0.856,-1.233
-3.01,3.15
-0.064,0.652
-0.109,2.268
-0.258,0.201
-0.178,0.671
-0.197,0.874
-0.2,0.223
-0.363,1.876
-0.25,1.029
-0.278,-0.385
-0.342,1.716
-0.49,-0.14
-0.475,1.714
-1.002,0.605
-1.176,0.465
-1.081,0.602
-1.251,0.927
-1.295,0.922
-1.369,2.986
-1.308,2.192
-1.322,0.558
-1.461,0.474
-1.675,2.723
-1.689,1.639
-1.727,0.273
-1.645,0.499
-1.759,0.251
-1.862,0.223
-2.008,2.862
-2.026,1.97
-2.066,2.932
-2.087,-0.746
-2.051,0.697
-2.436,0.254
-2.424,0.835
-2.418,0.821
-2.52,0.86
-2.73,1.196
-2.625,0.232
-2.774,-0.361
-2.702,-0.117
-2.704,0.627
-2.752,1.962
-2.761,-0.744
-2.965,1.783
-2.881,1.648
-2.974,1.36
2.999,2.03
3.11,2.146
2.827,1.497
2.671,0.529
2.634,0.557
2.625,1.383
2.068,2.239
1.902,0.268
2.014,1.039
1.971,1.133
1.879,0.29
1.713,2.936
1.703,0.223
1.559,0.446
1.624,0.075
1.481,1.583
1.369,1.07
1.46,3.096
1.454,1.232
1.347,1.007
1.333,1.346
1.285,1.028
1.395,-0.622
1.354,-0.569
1.355,1.453
1.164,0.209
1.051,0.962
0.834,-0.596
0.803,-0.399
0.78,0.068
0.639,-0.232
0.28,0.635
0.289,0.629
0.295,-0.637
0.171,-0.433
0.037,1.791
0.027,0.693
-0.14,1.749
-0.905,-1.12
-1.039,-1.06
-1.16,-0.953
-1.638,-1.001
-2.373,-1.209
-3.038,-1.128
1.767,-1.133
1.273,-1.171
0.204,-1.083
-0.836,3.084
-2.22,3.255
-2.422,3.183
-2.694,3.239
-2.58,3.23
-2.777,3.101
-3.075,3.353
3.01,3.309
2.712,3.102
1.876,3.422
1.668,3.442
0.982,3.188
0.804,3.446
0.275,3.208
-2.835,-0.114
2.283,0.833
1.328,-0.143
1.343,2.436
1.696,1.572
1.543,0.796
0.621,0.338
0.644,2.333
0.56,0.829
0.519,1.155
0.567,1.344
-1.919,1.824
-2.891,0.427
2.856,2.719
0.671,-0.57
1.495,2.794
0.703,2.997
0.317,2.891
0.356,3.044
0.089,2.907
-1.618,-0.704
0.65,-0.658
0.735,-0.932
0.547,3.51
0.049,3.253
0.696,3.26
-0.025,1.008
-0.027,-1.921
-0.163,-2.599
-0.775,-2.76
-0.949,-2.613
-1.433,-2.624
-1.398,-2.792
-1.77,-2.539
-1.825,-2.626
-2.295,-2.713
-2.379,-2.947
-2.916,-2.817
2.839,-2.598
2.435,-2.616
1.552,-2.631
1.452,-2.819
0.92,-2.861
0.754,-2.73
0.719,-2.618
-0.957,1.604
-1.336,1.691
-1.558,1.797
-1.971,1.759
-2.024,1.797
-2.367,1.734
-2.365,1.862
2.429,1.662
2.314,1.864
2.202,1.514
1.929,1.547
1.805,1.732
1.397,1.628
0.231,1.869
0.145,1.601
-2.427,-1.983
2.905,-0.963
2.68,1.423
1.076,-1.992
-0.756,-2.868
-2.91,1.515
0.036,-0.983
-0.009,0.633
-0.158,-1.434
-0.078,-0.964
-0.097,-0.761
-0.1,-1.412
-0.263,0.241
-0.15,-0.606
-0.178,-2.02
-0.242,0.081
-0.39,-1.775
-0.375,0.079
-0.902,-1.03
-1.076,-1.17
-0.981,-1.033
-1.151,-0.708
-1.195,-0.713
-1.269,1.351
-1.208,0.557
-1.222,-1.077
-1.361,-1.161
-1.575,1.088
-1.589,0.004
-1.627,-1.362
-1.545,-1.136
-1.659,-1.384
-1.762,-1.412
-1.908,1.227
-1.926,0.335
-1.966,1.297
-1.987,-2.381
-1.951,-0.938
-2.336,-1.381
-2.324,-0.8
-2.318,-0.814
-2.42,-0.775
-2.63,-0.439
-2.525,-1.403
-2.674,-1.996
-2.602,-1.752
-2.604,-1.008
-2.652,0.327
-2.661,-2.379
-2.865,0.148
-2.781,0.013
-2.874,-0.275
3.099,0.395
-3.073,0.511
2.927,-0.138
2.771,-1.106
2.734,-1.078
2.725,-0.252
2.168,0.604
2.002,-1.367
2.114,-0.596
2.071,-0.502
1.979,-1.345
1.813,1.301
1.803,-1.412
1.659,-1.189
1.724,-1.56
1.581,-0.052
1.469,-0.565
1.56,1.461
1.554,-0.403
1.447,-0.628
1.433,-0.289
1.385,-0.607
1.495,-2.257
1.454,-2.204
1.455,-0.182
1.264,-1.426
1.151,-0.673
0.934,-2.231
0.903,-2.034
0.88,-1.567
0.739,-1.867
0.38,-1.0
0.389,-1.006
0.395,-2.272
0.271,-2.068
0.137,0.156
0.127,-0.942
-0.04,0.114
-0.805,-2.755
-0.939,-2.695
-1.06,-2.588
-1.538,-2.636
-2.273,-2.844
-2.938,-2.763
1.867,-2.768
1.373,-2.806
0.304,-2.718
-0.736,1.449
-2.12,1.62
-2.322,1.548
-2.594,1.604
-2.48,1.595
-2.677,1.466
-2.975,1.718
3.11,1.674
2.812,1.467
1.976,1.787
1.768,1.807
1.082,1.553
0.904,1.811
0.375,1.573
-2.735,-1.749
2.383,-0.802
1.428,-1.778
1.443,0.801
1.796,-0.063
1.643,-0.839
0.721,-1.297
0.744,0.698
0.66,-0.806
0.619,-0.48
0.667,-0.291
-1.819,0.189
-2.791,-1.208
2.956,1.084
0.771,-2.205
1.595,1.159
0.803,1.362
0.417,1.256
0.456,1.409
0.189,1.272
-1.518,-2.339
0.75,-2.293
0.835,-2.567
0.647,1.875
0.149,1.618
0.796,1.625
-0.002,-2.929
-0.138,-3.607
-0.75,-3.768
-0.924,-3.621
-1.408,-3.632
-1.373,-3.8
-1.745,-3.547
-1.8,-3.634
-2.27,-3.721
-2.354,-3.955
-2.891,-3.825
2.864,-3.606
2.46,-3.624
1.577,-3.639
1.477,-3.827
0.945,-3.869
0.779,-3.738
0.744,-3.626
-0.932,0.596
-1.311,0.683
-1.533,0.789
-1.946,0.751
-1.999,0.789
-2.342,0.726
-2.34,0.854
2.454,0.654
2.339,0.856
2.227,0.506
1.954,0.539
1.83,0.724
1.422,0.62
0.256,0.861
0.17,0.593
-2.402,-2.991
2.93,-1.971
2.705,0.415
1.101,-3.0
-0.731,-3.876
-2.885,0.507
0.061,-1.991
0.016,-0.375
-0.133,-2.442
-0.053,-1.972
-0.072,-1.769
-0.075,-2.42
-0.238,-0.767
-0.125,-1.614
-0.153,-3.028
-0.217,-0.927
-0.365,-2.783
-0.35,-0.929
-0.877,-2.038
-1.051,-2.178
-0.956,-2.041
-1.126,-1.716
-1.17,-1.721
-1.244,0.343
-1.183,-0.451
-1.197,-2.085
-1.336,-2.169
-1.55,0.08
-1.564,-1.004
-1.602,-2.37
-1.52,-2.144
-1.634,-2.392
-1.737,-2.42
-1.883,0.219
-1.901,-0.673
-1.941,0.289
-1.962,-3.389
-1.926,-1.946
-2.311,-2.389
-2.299,-1.808
-2.293,-1.822
-2.395,-1.783
-2.605,-1.447
-2.5,-2.411
-2.649,-3.004
-2.577,-2.76
-2.579,-2.016
-2.627,-0.681
-2.636,-3.387
-2.84,-0.86
-2.756,-0.995
-2.849,-1.283
3.124,-0.613
-3.048,-0.497
2.952,-1.146
2.796,-2.114
2.759,-2.086
2.75,-1.26
2.193,-0.404
2.027,-2.375
2.139,-1.604
2.096,-1.51
2.004,-2.353
1.838,0.293
1.828,-2.42
1.684,-2.197
1.749,-2.568
1.606,-1.06
1.494,-1.573
1.585,0.453
1.579,-1.411
1.472,-1.636
1.458,-1.297
1.41,-1.615
1.52,-3.265
1.479,-3.212
1.48,-1.19
1.289,-2.434
1.176,-1.681
0.959,-3.239
0.928,-3.042
0.905,-2.575
0.764,-2.875
0.405,-2.008
0.414,-2.014
0.42,-3.28
0.296,-3.076
0.162,-0.852
0.152,-1.95
-0.015,-0.894
-0.78,-3.763
-0.914,-3.703
-1.035,-3.596
-1.513,-3.644
-2.248,-3.852
-2.913,-3.771
1.892,-3.776
1.398,-3.814
0.329,-3.726
-0.711,0.441
-2.095,0.612
-2.297,0.54
-2.569,0.596
-2.455,0.587
-2.652,0.458
-2.95,0.71
3.135,0.666
2.837,0.459
2.001,0.779
1.793,0.799
1.107,0.545
0.929,0.803
0.4,0.565
-2.71,-2.757
2.408,-1.81
1.453,-2.786
1.468,-0.207
1.821,-1.071
1.668,-1.847
0.746,-2.305
0.769,-0.31
0.685,-1.814
0.644,-1.488
0.692,-1.299
-1.794,-0.819
-2.766,-2.216
2.981,0.076
0.796,-3.213
1.62,0.151
0.828,0.354
0.442,0.248
0.481,0.401
0.214,0.264
-1.493,-3.347
0.775,-3.301
0.86,-3.575
0.672,0.867
0.174,0.61
0.821,0.617
-0.136,-0.678
-0.748,-0.839
-0.922,-0.692
-1.406,-0.703
-1.371,-0.871
-1.743,-0.618
-1.798,-0.705
-2.268,-0.792
-2.352,-1.026
-2.889,-0.896
2.866,-0.677
2.462,-0.695
1.579,-0.71
1.479,-0.898
0.947,-0.94
0.781,-0.809
0.746,-0.697
-0.93,3.525
-1.309,3.612
-1.531,3.718
-1.944,3.68
-1.997,3.718
-2.34,3.655
-2.338,3.783
2.456,3.583
2.341,3.785
2.229,3.435
1.956,3.468
1.832,3.653
1.424,3.549
0.258,3.79
0.172,3.522
-2.4,-0.062
2.932,0.958
2.707,3.344
1.103,-0.071
-0.729,-0.947
-2.883,3.436
0.063,0.938
0.018,2.554
-0.131,0.487
-0.051,0.957
-0.07,1.16
-0.073,0.509
-0.236,2.162
-0.123,1.315
-0.151,-0.099
-0.215,2.002
-0.363,0.146
-0.348,2.0
-0.875,0.891
-1.049,0.751
-0.954,0.888
-1.124,1.213
-1.168,1.208
-1.242,3.272
-1.181,2.478
-1.195,0.844
-1.334,0.76
-1.548,3.009
-1.562,1.925
-1.6,0.559
-1.518,0.785
-1.632,0.537
-1.735,0.509
-1.881,3.148
-1.899,2.256
-1.939,3.218
-1.96,-0.46
-1.924,0.983
-2.309,0.54
-2.297,1.121
-2.291,1.107
-2.393,1.146
-2.603,1.482
-2.498,0.518
-2.647,-0.075
-2.575,0.169
-2.577,0.913
-2.625,2.248
-2.634,-0.458
-2.838,2.069
-2.754,1.934
-2.847,1.646
3.126,2.316
-3.046,2.432
2.954,1.783
2.798,0.815
2.761,0.843
2.752,1.669
2.195,2.525
2.029,0.554
2.141,1.325
2.098,1.419
2.006,0.576
1.84,3.222
1.83,0.509
1.686,0.732
1.751,0.361
1.608,1.869
1.496,1.356
1.587,3.382
1.581,1.518
1.474,1.293
1.46,1.632
1.412,1.314
1.522,-0.336
1.481,-0.283
1.482,1.739
1.291,0.495
1.178,1.248
0.961,-0.31
0.93,-0.113
0.907,0.354
0.766,0.054
0.407,0.921
0.416,0.915
0.422,-0.351
0.298,-0.147
0.164,2.077
0.154,0.979
-0.013,2.035
-0.778,-0.834
-0.912,-0.774
-1.033,-0.667
-1.511,-0.715
-2.246,-0.923
-2.911,-0.842
1.894,-0.847
1.4,-0.885
0.331,-0.797
-0.709,3.37
-2.093,3.541
-2.295,3.469
-2.567,3.525
-2.453,3.516
-2.65,3.387
-2.948,3.639
3.137,3.595
2.839,3.388
2.003,3.708
1.795,3.728
1.109,3.474
0.931,3.732
0.402,3.494
-2.708,0.172
2.41,1.119
1.455,0.143
1.47,2.722
1.823,1.858
1.67,1.082
0.748,0.624
0.771,2.619
0.687,1.115
0.646,1.441
0.694,1.63
-1.792,2.11
-2.764,0.713
2.983,3.005
0.798,-0.284
1.622,3.08
0.83,3.283
0.444,3.177
0.483,3.33
0.216,3.193
-1.491,-0.418
0.777,-0.372
0.862,-0.646
0.674,3.796
0.176,3.539
0.823,3.546
-0.612,-0.161
-0.786,-0.014
-1.27,-0.025
-1.235,-0.193
-1.607,0.06
-1.662,-0.027
-2.132,-0.114
-2.216,-0.348
-2.753,-0.218
3.002,0.001
2.598,-0.017
1.715,-0.032
1.615,-0.22
1.083,-0.262
0.917,-0.131
0.882,-0.019
-0.794,4.203
-1.173,4.29
-1.395,4.396
-1.808,4.358
-1.861,4.396
-2.204,4.333
-2.202,4.461
2.592,4.261
2.477,4.463
2.365,4.113
2.092,4.146
1.968,4.331
1.56,4.227
0.394,4.468
0.308,4.2
-2.264,0.616
3.068,1.636
2.843,4.022
1.239,0.607
-0.593,-0.269
-2.747,4.114
0.199,1.616
0.154,3.232
0.005,1.165
0.085,1.635
0.066,1.838
0.063,1.187
-0.1,2.84
0.013,1.993
-0.015,0.579
-0.079,2.68
-0.227,0.824
-0.212,2.678
-0.739,1.569
-0.913,1.429
-0.818,1.566
-0.988,1.891
-1.032,1.886
-1.106,3.95
-1.045,3.156
-1.059,1.522
-1.198,1.438
-1.412,3.687
-1.426,2.603
-1.464,1.237
-1.382,1.463
-1.496,1.215
-1.599,1.187
-1.745,3.826
-1.763,2.934
-1.803,3.896
-1.824,0.218
-1.788,1.661
-2.173,1.218
-2.161,1.799
-2.155,1.785
-2.257,1.824
-2.467,2.16
-2.362,1.196
-2.511,0.603
-2.439,0.847
-2.441,1.591
-2.489,2.926
-2.498,0.22
-2.702,2.747
-2.618,2.612
-2.711,2.324
-3.021,2.994
-2.91,3.11
3.09,2.461
2.934,1.493
2.897,1.521
2.888,2.347
2.331,3.203
2.165,1.232
2.277,2.003
2.234,2.097
2.142,1.254
1.976,3.9
1.966,1.187
1.822,1.41
1.887,1.039
1.744,2.547
1.632,2.034
1.723,4.06
1.717,2.196
1.61,1.971
1.596,2.31
1.548,1.992
1.658,0.342
1.617,0.395
1.618,2.417
1.427,1.173
1.314,1.926
1.097,0.368
1.066,0.565
1.043,1.032
0.902,0.732
0.543,1.599
0.552,1.593
0.558,0.327
0.434,0.531
0.3,2.755
0.29,1.657
0.123,2.713
-0.642,-0.156
-0.776,-0.096
-0.897,0.011
-1.375,-0.037
-2.11,-0.245
-2.775,-0.164
2.03,-0.169
1.536,-0.207
0.467,-0.119
-0.573,4.048
-1.957,4.219
-2.159,4.147
-2.431,4.203
-2.317,4.194
-2.514,4.065
-2.812,4.317
-3.01,4.273
2.975,4.066
2.139,4.386
1.931,4.406
1.245,4.152
1.067,4.41
0.538,4.172
-2.572,0.85
2.546,1.797
1.591,0.821
1.606,3.4
1.959,2.536
1.806,1.76
0.884,1.302
0.907,3.297
0.823,1.793
0.782,2.119
0.83,2.308
-1.656,2.788
-2.628,1.391
3.119,3.683
0.934,0.394
1.758,3.758
0.966,3.961
0.58,3.855
0.619,4.008
0.352,3.871
-1.355,0.26
0.913,0.306
0.998,0.032
0.81,4.474
0.312,4.217
0.959,4.224
-0.174,0.147
-0.658,0.136
-0.623,-0.032
-0.995,0.221
-1.05,0.134
-1.52,0.047
-1.604,-0.187
-2.141,-0.057
-2.669,0.162
-3.073,0.144
2.327,0.129
2.227,-0.059
1.695,-0.101
1.529,0.03
1.494,0.142
-0.182,4.364
-0.561,4.451
-0.783,4.557
-1.196,4.519
-1.249,4.557
-1.592,4.494
-1.59,4.622
-3.079,4.422
3.089,4.624
2.977,4.274
2.704,4.307
2.58,4.492
2.172,4.388
1.006,4.629
0.92,4.361
-1.652,0.777
-2.603,1.797
-2.828,4.183
1.851,0.768
0.019,-0.108
-2.135,4.275
0.811,1.777
0.766,3.393
0.617,1.326
0.697,1.796
0.678,1.999
0.675,1.348
0.512,3.001
0.625,2.154
0.597,0.74
0.533,2.841
0.385,0.985
0.4,2.839
-0.127,1.73
-0.301,1.59
-0.206,1.727
-0.376,2.052
-0.42,2.047
-0.494,4.111
-0.433,3.317
-0.447,1.683
-0.586,1.599
-0.8,3.848
-0.814,2.764
-0.852,1.398
-0.77,1.624
-0.884,1.376
-0.987,1.348
-1.133,3.987
-1.151,3.095
-1.191,4.057
-1.212,0.379
-1.176,1.822
-1.561,1.379
-1.549,1.96
-1.543,1.946
-1.645,1.985
-1.855,2.321
-1.75,1.357
-1.899,0.764
-1.827,1.008
-1.829,1.752
-1.877,3.087
-1.886,0.381
-2.09,2.908
-2.006,2.773
-2.099,2.485
-2.409,3.155
-2.298,3.271
-2.581,2.622
-2.737,1.654
-2.774,1.682
-2.783,2.508
2.943,3.364
2.777,1.393
2.889,2.164
2.846,2.258
2.754,1.415
2.588,4.061
2.578,1.348
2.434,1.571
2.499,1.2
2.356,2.708
2.244,2.195
2.335,4.221
2.329,2.357
2.222,2.132
2.208,2.471
2.16,2.153
2.27,0.503
2.229,0.556
2.23,2.578
2.039,1.334
1.926,2.087
1.709,0.529
1.678,0.726
1.655,1.193
1.514,0.893
1.155,1.76
1.164,1.754
1.17,0.488
1.046,0.692
0.912,2.916
0.902,1.818
0.735,2.874
-0.03,0.005
-0.164,0.065
-0.285,0.172
-0.763,0.124
-1.498,-0.084
-2.163,-0.003
2.642,-0.008
2.148,-0.046
1.079,0.042
0.039,4.209
-1.345,4.38
-1.547,4.308
-1.819,4.364
-1.705,4.355
-1.902,4.226
-2.2,4.478
-2.398,4.434
-2.696,4.227
2.751,4.547
2.543,4.567
1.857,4.313
1.679,4.571
1.15,4.333
-1.96,1.011
-3.125,1.958
2.203,0.982
2.218,3.561
2.571,2.697
2.418,1.921
1.496,1.463
1.519,3.458
1.435,1.954
1.394,2.28
1.442,2.469
-1.044,2.949
-2.016,1.552
-2.552,3.844
1.546,0.555
2.37,3.919
1.578,4.122
1.192,4.016
1.231,4.169
0.964,4.032
-0.743,0.421
1.525,0.467
1.61,0.193
1.422,4.635
0.924,4.378
1.571,4.385
-0.484,-0.011
-0.449,-0.179
-0.821,0.074
-0.876,-0.013
-1.346,-0.1
-1.43,-0.334
-1.967,-0.204
-2.495,0.015
-2.899,-0.003
2.501,-0.018
2.401,-0.206
1.869,-0.248
1.703,-0.117
1.668,-0.005
-0.008,4.217
-0.387,4.304
-0.609,4.41
-1.022,4.372
-1.075,4.41
-1.418,4.347
-1.416,4.475
-2.905,4.275
-3.02,4.477
-3.132,4.127
2.878,4.16
2.754,4.345
2.346,4.241
1.18,4.482
1.094,4.214
-1.478,0.63
-2.429,1.65
-2.654,4.036
2.025,0.621
0.193,-0.255
-1.961,4.128
0.985,1.63
0.94,3.246
0.791,1.179
0.871,1.649
0.852,1.852
0.849,1.201
0.686,2.854
0.799,2.007
0.771,0.593
0.707,2.694
0.559,0.838
0.574,2.692
0.047,1.583
-0.127,1.443
-0.032,1.58
-0.202,1.905
-0.246,1.9
-0.32,3.964
-0.259,3.17
-0.273,1.536
-0.412,1.452
-0.626,3.701
-0.64,2.617
-0.678,1.251
-0.596,1.477
-0.71,1.229
-0.813,1.201
-0.959,3.84
-0.977,2.948
-1.017,3.91
-1.038,0.232
-1.002,1.675
-1.387,1.232
-1.375,1.813
-1.369,1.799
-1.471,1.838
-1.681,2.174
-1.576,1.21
-1.725,0.617
-1.653,0.861
-1.655,1.605
-1.703,2.94
-1.712,0.234
-1.916,2.761
-1.832,2.626
-1.925,2.338
-2.235,3.008
-2.124,3.124
-2.407,2.475
-2.563,1.507
-2.6,1.535
-2.609,2.361
3.117,3.217
2.951,1.246
3.063,2.017
3.02,2.111
2.928,1.268
2.762,3.914
2.752,1.201
2.608,1.424
2.673,1.053
2.53,2.561
2.418,2.048
2.509,4.074
2.503,2.21
2.396,1.985
2.382,2.324
2.334,2.006
2.444,0.356
2.403,0.409
2.404,2.431
2.213,1.187
2.1,1.94
1.883,0.382
1.852,0.579
1.829,1.046
1.688,0.746
1.329,1.613
1.338,1.607
1.344,0.341
1.22,0.545
1.086,2.769
1.076,1.671
0.909,2.727
0.144,-0.142
0.01,-0.082
-0.111,0.025
-0.589,-0.023
-1.324,-0.231
-1.989,-0.15
2.816,-0.155
2.322,-0.193
1.253,-0.105
0.213,4.062
-1.171,4.233
-1.373,4.161
-1.645,4.217
-1.531,4.208
-1.728,4.079
-2.026,4.331
-2.224,4.287
-2.522,4.08
2.925,4.4
2.717,4.42
2.031,4.166
1.853,4.424
1.324,4.186
-1.786,0.864
-2.951,1.811
2.377,0.835
2.392,3.414
2.745,2.55
2.592,1.774
1.67,1.316
1.693,3.311
1.609,1.807
1.568,2.133
1.616,2.322
-0.87,2.802
-1.842,1.405
-2.378,3.697
1.72,0.408
2.544,3.772
1.752,3.975
1.366,3.869
1.405,4.022
1.138,3.885
-0.569,0.274
1.699,0.32
1.784,0.046
1.596,4.488
1.098,4.231
1.745,4.238
0.035,-0.168
-0.337,0.085
-0.392,-0.002
-0.862,-0.089
-0.946,-0.323
-1.483,-0.193
-2.011,0.026
-2.415,0.008
2.985,-0.007
2.885,-0.195
2.353,-0.237
2.187,-0.106
2.152,0.006
0.476,4.228
0.097,4.315
-0.125,4.421
-0.538,4.383
-0.591,4.421
-0.934,4.358
-0.932,4.486
-2.421,4.286
-2.536,4.488
-2.648,4.138
-2.921,4.171
-3.045,4.356
2.83,4.252
1.664,4.493
1.578,4.225
-0.994,0.641
-1.945,1.661
-2.17,4.047
2.509,0.632
0.677,-0.244
-1.477,4.139
1.469,1.641
1.424,3.257
1.275,1.19
1.355,1.66
1.336,1.863
1.333,1.212
1.17,2.865
1.283,2.018
1.255,0.604
1.191,2.705
1.043,0.849
1.058,2.703
0.531,1.594
0.357,1.454
0.452,1.591
0.282,1.916
0.238,1.911
0.164,3.975
0.225,3.181
0.211,1.547
0.072,1.463
-0.142,3.712
-0.156,2.628
-0.194,1.262
-0.112,1.488
-0.226,1.24
-0.329,1.212
-0.475,3.851
-0.493,2.959
-0.533,3.921
-0.554,0.243
-0.518,1.686
-0.903,1.243
-0.891,1.824
-0.885,1.81
-0.987,1.849
-1.197,2.185
-1.092,1.221
-1.241,0.628
-1.169,0.872
-1.171,1.616
-1.219,2.951
-1.228,0.245
-1.432,2.772
-1.348,2.637
-1.441,2.349
-1.751,3.019
-1.64,3.135
-1.923,2.486
-2.079,1.518
-2.116,1.546
-2.125,2.372
-2.682,3.228
-2.848,1.257
-2.736,2.028
-2.779,2.122
-2.871,1.279
-3.037,3.925
-3.047,1.212
3.092,1.435
-3.126,1.064
3.014,2.572
2.902,2.059
2.993,4.085
2.987,2.221
2.88,1.996
2.866,2.335
2.818,2.017
2.928,0.367
2.887,0.42
2.888,2.442
2.697,1.198
2.584,1.951
2.367,0.393
2.336,0.59
2.313,1.057
2.172,0.757
1.813,1.624
1.822,1.618
1.828,0.352
1.704,0.556
1.57,2.78
1.56,1.682
1.393,2.738
0.628,-0.131
0.494,-0.071
0.373,0.036
-0.105,-0.012
-0.84,-0.22
-1.505,-0.139
-2.983,-0.144
2.806,-0.182
1.737,-0.094
0.697,4.073
-0.687,4.244
-0.889,4.172
-1.161,4.228
-1.047,4.219
-1.244,4.09
-1.542,4.342
-1.74,4.298
-2.038,4.091
-2.874,4.411
-3.082,4.431
2.515,4.177
2.337,4.435
1.808,4.197
-1.302,0.875
-2.467,1.822
2.861,0.846
2.876,3.425
-3.054,2.561
3.076,1.785
2.154,1.327
2.177,3.322
2.093,1.818
2.052,2.144
2.1,2.333
-0.386,2.813
-1.358,1.416
-1.894,3.708
2.204,0.419
3.028,3.783
2.236,3.986
1.85,3.88
1.889,4.033
1.622,3.896
-0.085,0.285
2.183,0.331
2.268,0.057
2.08,4.499
1.582,4.242
2.229,4.249
-0.372,0.253
-0.427,0.166
-0.897,0.079
-0.981,-0.155
-1.518,-0.025
-2.046,0.194
-2.45,0.176
2.95,0.161
2.85,-0.027
2.318,-0.069
2.152,0.062
2.117,0.174
0.441,4.396
0.062,4.483
-0.16,4.589
-0.573,4.551
-0.626,4.589
-0.969,4.526
-0.967,4.654
-2.456,4.454
-2.571,4.656
-2.683,4.306
-2.956,4.339
-3.08,4.524
2.795,4.42
1.629,4.661
1.543,4.393
-1.029,0.809
-1.98,1.829
-2.205,4.215
2.474,0.8
0.642,-0.076
-1.512,4.307
1.434,1.809
1.389,3.425
1.24,1.358
1.32,1.828
1.301,2.031
1.298,1.38
1.135,3.033
1.248,2.186
1.22,0.772
1.156,2.873
1.008,1.017
1.023,2.871
0.496,1.762
0.322,1.622
0.417,1.759
0.247,2.084
0.203,2.079
0.129,4.143
0.19,3.349
0.176,1.715
0.037,1.631
-0.177,3.88
-0.191,2.796
-0.229,1.43
-0.147,1.656
-0.261,1.408
-0.364,1.38
-0.51,4.019
-0.528,3.127
-0.568,4.089
-0.589,0.411
-0.553,1.854
-0.938,1.411
-0.926,1.992
-0.92,1.978
-1.022,2.017
-1.232,2.353
-1.127,1.389
-1.276,0.796
-1.204,1.04
-1.206,1.784
-1.254,3.119
-1.263,0.413
-1.467,2.94
-1.383,2.805
-1.476,2.517
-1.786,3.187
-1.675,3.303
-1.958,2.654
-2.114,1.686
-2.151,1.714
-2.16,2.54
-2.717,3.396
-2.883,1.425
-2.771,2.196
-2.814,2.29
-2.906,1.447
-3.072,4.093
-3.082,1.38
3.057,1.603
3.122,1.232
2.979,2.74
2.867,2.227
2.958,4.253
2.952,2.389
2.845,2.164
2.831,2.503
2.783,2.185
2.893,0.535
2.852,0.588
2.853,2.61
2.662,1.366
2.549,2.119
2.332,0.561
2.301,0.758
2.278,1.225
2.137,0.925
1.778,1.792
1.787,1.786
1.793,0.52
1.669,0.724
1.535,2.948
1.525,1.85
1.358,2.906
0.593,0.037
0.459,0.097
0.338,0.204
-0.14,0.156
-0.875,-0.052
-1.54,0.029
-3.018,0.024
2.771,-0.014
1.702,0.074
0.662,4.241
-0.722,4.412
-0.924,4.34
-1.196,4.396
-1.082,4.387
-1.279,4.258
-1.577,4.51
-1.775,4.466
-2.073,4.259
-2.909,4.579
-3.117,4.599
2.48,4.345
2.302,4.603
1.773,4.365
-1.337,1.043
-2.502,1.99
2.826,1.014
2.841,3.593
-3.089,2.729
3.041,1.953
2.119,1.495
2.142,3.49
2.058,1.986
2.017,2.312
2.065,2.501
-0.421,2.981
-1.393,1.584
-1.929,3.876
2.169,0.587
2.993,3.951
2.201,4.154
1.815,4.048
1.854,4.201
1.587,4.064
-0.12,0.453
2.148,0.499
2.233,0.225
2.045,4.667
1.547,4.41
2.194,4.417
-0.055,-0.087
-0.525,-0.174
-0.609,-0.408
-1.146,-0.278
-1.674,-0.059
-2.078,-0.077
-2.961,-0.092
-3.061,-0.28
2.69,-0.322
2.524,-0.191
2.489,-0.079
0.813,4.143
0.434,4.23
0.212,4.336
-0.201,4.298
-0.254,4.336
-0.597,4.273
-0.595,4.401
-2.084,4.201
-2.199,4.403
-2.311,4.053
-2.584,4.086
-2.708,4.271
-3.116,4.167
2.001,4.408
1.915,4.14
-0.657,0.556
-1.608,1.576
-1.833,3.962
2.846,0.547
1.014,-0.329
-1.14,4.054
1.806,1.556
1.761,3.172
1.612,1.105
1.692,1.575
1.673,1.778
1.67,1.127
1.507,2.78
1.62,1.933
1.592,0.519
1.528,2.62
1.38,0.764
1.395,2.618
0.868,1.509
0.694,1.369
0.789,1.506
0.619,1.831
0.575,1.826
0.501,3.89
0.562,3.096
0.548,1.462
0.409,1.378
0.195,3.627
0.181,2.543
0.143,1.177
0.225,1.403
0.111,1.155
0.008,1.127
-0.138,3.766
-0.156,2.874
-0.196,3.836
-0.217,0.158
-0.181,1.601
-0.566,1.158
-0.554,1.739
-0.548,1.725
-0.65,1.764
-0.86,2.1
-0.755,1.136
-0.904,0.543
-0.832,0.787
-0.834,1.531
-0.882,2.866
-0.891,0.16
-1.095,2.687
-1.011,2.552
-1.104,2.264
-1.414,2.934
-1.303,3.05
-1.586,2.401
-1.742,1.433
-1.779,1.461
-1.788,2.287
-2.345,3.143
-2.511,1.172
-2.399,1.943
-2.442,2.037
-2.534,1.194
-2.7,3.84
-2.71,1.127
-2.854,1.35
-2.789,0.979
-2.932,2.487
-3.044,1.974
-2.953,4.0
-2.959,2.136
-3.066,1.911
-3.08,2.25
-3.128,1.932
-3.018,0.282
-3.059,0.335
-3.058,2.357
3.034,1.113
2.921,1.866
2.704,0.308
2.673,0.505
2.65,0.972
2.509,0.672
2.15,1.539
2.159,1.533
2.165,0.267
2.041,0.471
1.907,2.695
1.897,1.597
1.73,2.653
0.965,-0.216
0.831,-0.156
0.71,-0.049
0.232,-0.097
-0.503,-0.305
-1.168,-0.224
-2.646,-0.229
-3.14,-0.267
2.074,-0.179
1.034,3.988
-0.35,4.159
-0.552,4.087
-0.824,4.143
-0.71,4.134
-0.907,4.005
-1.205,4.257
-1.403,4.213
-1.701,4.006
-2.537,4.326
-2.745,4.346
2.852,4.092
2.674,4.35
2.145,4.112
-0.965,0.79
-2.13,1.737
-3.085,0.761
-3.07,3.34
-2.717,2.476
-2.87,1.7
2.491,1.242
2.514,3.237
2.43,1.733
2.389,2.059
2.437,2.248
-0.049,2.728
-1.021,1.331
-1.557,3.623
2.541,0.334
-2.918,3.698
2.573,3.901
2.187,3.795
2.226,3.948
1.959,3.811
0.252,0.2
2.52,0.246
2.605,-0.028
2.417,4.414
1.919,4.157
2.566,4.164
-0.47,-0.087
-0.554,-0.321
-1.091,-0.191
-1.619,0.028
-2.023,0.01
-2.906,-0.005
-3.006,-0.193
2.745,-0.235
2.579,-0.104
2.544,0.008
0.868,4.23
0.489,4.317
0.267,4.423
-0.146,4.385
-0.199,4.423
-0.542,4.36
-0.54,4.488
-2.029,4.288
-2.144,4.49
-2.256,4.14
-2.529,4.173
-2.653,4.358
-3.061,4.254
2.056,4.495
1.97,4.227
-0.602,0.643
-1.553,1.663
-1.778,4.049
2.901,0.634
1.069,-0.242
-1.085,4.141
1.861,1.643
1.816,3.259
1.667,1.192
1.747,1.662
1.728,1.865
1.725,1.214
1.562,2.867
1.675,2.02
1.647,0.606
1.583,2.707
1.435,0.851
1.45,2.705
0.923,1.596
0.749,1.456
0.844,1.593
0.674,1.918
0.63,1.913
0.556,3.977
0.617,3.183
0.603,1.549
0.464,1.465
0.25,3.714
0.236,2.63
0.198,1.264
0.28,1.49
0.166,1.242
0.063,1.214
-0.083,3.853
-0.101,2.961
-0.141,3.923
-0.162,0.245
-0.126,1.688
-0.511,1.245
-0.499,1.826
-0.493,1.812
-0.595,1.851
-0.805,2.187
-0.7,1.223
-0.849,0.63
-0.777,0.874
-0.779,1.618
-0.827,2.953
-0.836,0.247
-1.04,2.774
-0.956,2.639
-1.049,2.351
-1.359,3.021
-1.248,3.137
-1.531,2.488
-1.687,1.52
-1.724,1.548
-1.733,2.374
-2.29,3.23
-2.456,1.259
-2.344,2.03
-2.387,2.124
-2.479,1.281
-2.645,3.927
-2.655,1.214
-2.799,1.437
-2.734,1.066
-2.877,2.574
-2.989,2.061
-2.898,4.087
-2.904,2.223
-3.011,1.998
-3.025,2.337
-3.073,2.019
-2.963,0.369
-3.004,0.422
-3.003,2.444
3.089,1.2
2.976,1.953
2.759,0.395
2.728,0.592
2.705,1.059
2.564,0.759
2.205,1.626
2.214,1.62
2.22,0.354
2.096,0.558
1.962,2.782
1.952,1.684
1.785,2.74
1.02,-0.129
0.886,-0.069
0.765,0.038
0.287,-0.01
-0.448,-0.218
-1.113,-0.137
-2.591,-0.142
-3.085,-0.18
2.129,-0.092
1.089,4.075
-0.295,4.246
-0.497,4.174
-0.769,4.23
-0.655,4.221
-0.852,4.092
-1.15,4.344
-1.348,4.3
-1.646,4.093
-2.482,4.413
-2.69,4.433
2.907,4.179
2.729,4.437
2.2,4.199
-0.91,0.877
-2.075,1.824
-3.03,0.848
-3.015,3.427
-2.662,2.563
-2.815,1.787
2.546,1.329
2.569,3.324
2.485,1.82
2.444,2.146
2.492,2.335
0.006,2.815
-0.966,1.418
-1.502,3.71
2.596,0.421
-2.863,3.785
2.628,3.988
2.242,3.882
2.281,4.035
2.014,3.898
0.307,0.287
2.575,0.333
2.66,0.059
2.472,4.501
1.974,4.244
2.621,4.251
-0.084,-0.234
-0.621,-0.104
-1.149,0.115
-1.553,0.097
-2.436,0.082
-2.536,-0.106
-3.068,-0.148
3.049,-0.017
3.014,0.095
1.338,4.317
0.959,4.404
0.737,4.51
0.324,4.472
0.271,4.51
-0.072,4.447
-0.07,4.575
-1.559,4.375
-1.674,4.577
-1.786,4.227
-2.059,4.26
-2.183,4.445
-2.591,4.341
2.526,4.582
2.44,4.314
-0.132,0.73
-1.083,1.75
-1.308,4.136
-2.912,0.721
1.539,-0.155
-0.615,4.228
2.331,1.73
2.286,3.346
2.137,1.279
2.217,1.749
2.198,1.952
2.195,1.301
2.032,2.954
2.145,2.107
2.117,0.693
2.053,2.794
1.905,0.938
1.92,2.792
1.393,1.683
1.219,1.543
1.314,1.68
1.144,2.005
1.1,2.0
1.026,4.064
1.087,3.27
1.073,1.636
0.934,1.552
0.72,3.801
0.706,2.717
0.668,1.351
0.75,1.577
0.636,1.329
0.533,1.301
0.387,3.94
0.369,3.048
0.329,4.01
0.308,0.332
0.344,1.775
-0.041,1.332
-0.029,1.913
-0.023,1.899
-0.125,1.938
-0.335,2.274
-0.23,1.31
-0.379,0.717
-0.307,0.961
-0.309,1.705
-0.357,3.04
-0.366,0.334
-0.57,2.861
-0.486,2.726
-0.579,2.438
-0.889,3.108
-0.778,3.224
-1.061,2.575
-1.217,1.607
-1.254,1.635
-1.263,2.461
-1.82,3.317
-1.986,1.346
-1.874,2.117
-1.917,2.211
-2.009,1.368
-2.175,4.014
-2.185,1.301
-2.329,1.524
-2.264,1.153
-2.407,2.661
-2.519,2.148
-2.428,4.174
-2.434,2.31
-2.541,2.085
-2.555,2.424
-2.603,2.106
-2.493,0.456
-2.534,0.509
-2.533,2.531
-2.724,1.287
-2.837,2.04
-3.054,0.482
-3.085,0.679
-3.108,1.146
3.034,0.846
2.675,1.713
2.684,1.707
2.69,0.441
2.566,0.645
2.432,2.869
2.422,1.771
2.255,2.827
1.49,-0.042
1.356,0.018
1.235,0.125
0.757,0.077
0.022,-0.131
-0.643,-0.05
-2.121,-0.055
-2.615,-0.093
2.599,-0.005
1.559,4.162
0.175,4.333
-0.027,4.261
-0.299,4.317
-0.185,4.308
-0.382,4.179
-0.68,4.431
-0.878,4.387
-1.176,4.18
-2.012,4.5
-2.22,4.52
-2.906,4.266
-3.084,4.524
2.67,4.286
-0.44,0.964
-1.605,1.911
-2.56,0.935
-2.545,3.514
-2.192,2.65
-2.345,1.874
3.016,1.416
3.039,3.411
2.955,1.907
2.914,2.233
2.962,2.422
0.476,2.902
-0.496,1.505
-1.032,3.797
3.066,0.508
-2.393,3.872
3.098,4.075
2.712,3.969
2.751,4.122
2.484,3.985
0.777,0.374
3.045,0.42
3.13,0.146
2.942,4.588
2.444,4.331
3.091,4.338
-0.537,0.13
-1.065,0.349
-1.469,0.331
-2.352,0.316
-2.452,0.128
-2.984,0.086
3.133,0.217
3.098,0.329
1.422,4.551
1.043,4.638
0.821,4.744
0.408,4.706
0.355,4.744
0.012,4.681
0.014,4.809
-1.475,4.609
-1.59,4.811
-1.702,4.461
-1.975,4.494
-2.099,4.679
-2.507,4.575
2.61,4.816
2.524,4.548
-0.048,0.964
-0.999,1.984
-1.224,4.37
-2.828,0.955
1.623,0.079
-0.531,4.462
2.415,1.964
2.37,3.58
2.221,1.513
2.301,1.983
2.282,2.186
2.279,1.535
2.116,3.188
2.229,2.341
2.201,0.927
2.137,3.028
1.989,1.172
2.004,3.026
1.477,1.917
1.303,1.777
1.398,1.914
1.228,2.239
1.184,2.234
1.11,4.298
1.171,3.504
1.157,1.87
1.018,1.786
0.804,4.035
0.79,2.951
0.752,1.585
0.834,1.811
0.72,1.563
0.617,1.535
0.471,4.174
0.453,3.282
0.413,4.244
0.392,0.566
0.428,2.009
0.043,1.566
0.055,2.147
0.061,2.133
-0.041,2.172
-0.251,2.508
-0.146,1.544
-0.295,0.951
-0.223,1.195
-0.225,1.939
-0.273,3.274
-0.282,0.568
-0.486,3.095
-0.402,2.96
-0.495,2.672
-0.805,3.342
-0.694,3.458
-0.977,2.809
-1.133,1.841
-1.17,1.869
-1.179,2.695
-1.736,3.551
-1.902,1.58
-1.79,2.351
-1.833,2.445
-1.925,1.602
-2.091,4.248
-2.101,1.535
-2.245,1.758
-2.18,1.387
-2.323,2.895
-2.435,2.382
-2.344,4.408
-2.35,2.544
-2.457,2.319
-2.471,2.658
-2.519,2.34
-2.409,0.69
-2.45,0.743
-2.449,2.765
-2.64,1.521
-2.753,2.274
-2.97,0.716
-3.001,0.913
-3.024,1.38
3.118,1.08
2.759,1.947
2.768,1.941
2.774,0.675
2.65,0.879
2.516,3.103
2.506,2.005
2.339,3.061
1.574,0.192
1.44,0.252
1.319,0.359
0.841,0.311
0.106,0.103
-0.559,0.184
-2.037,0.179
-2.531,0.141
2.683,0.229
1.643,4.396
0.259,4.567
0.057,4.495
-0.215,4.551
-0.101,4.542
-0.298,4.413
-0.596,4.665
-0.794,4.621
-1.092,4.414
-1.928,4.734
-2.136,4.754
-2.822,4.5
-3.0,4.758
2.754,4.52
-0.356,1.198
-1.521,2.145
-2.476,1.169
-2.461,3.748
-2.108,2.884
-2.261,2.108
3.1,1.65
3.123,3.645
3.039,2.141
2.998,2.467
3.046,2.656
0.56,3.136
-0.412,1.739
-0.948,4.031
-3.133,0.742
-2.309,4.106
-3.101,4.309
2.796,4.203
2.835,4.356
2.568,4.219
0.861,0.608
3.129,0.654
-3.069,0.38
3.026,4.822
2.528,4.565
-3.108,4.572
-0.528,0.219
-0.932,0.201
-1.815,0.186
-1.915,-0.002
-2.447,-0.044
-2.613,0.087
-2.648,0.199
1.959,4.421
1.58,4.508
1.358,4.614
0.945,4.576
0.892,4.614
0.549,4.551
0.551,4.679
-0.938,4.479
-1.053,4.681
-1.165,4.331
-1.438,4.364
-1.562,4.549
-1.97,4.445
-3.136,4.686
3.061,4.418
0.489,0.834
-0.462,1.854
-0.687,4.24
-2.291,0.825
2.16,-0.051
0.006,4.332
2.952,1.834
2.907,3.45
2.758,1.383
2.838,1.853
2.819,2.056
2.816,1.405
2.653,3.058
2.766,2.211
2.738,0.797
2.674,2.898
2.526,1.042
2.541,2.896
2.014,1.787
1.84,1.647
1.935,1.784
1.765,2.109
1.721,2.104
1.647,4.168
1.708,3.374
1.694,1.74
1.555,1.656
1.341,3.905
1.327,2.821
1.289,1.455
1.371,1.681
1.257,1.433
1.154,1.405
1.008,4.044
0.99,3.152
0.95,4.114
0.929,0.436
0.965,1.879
0.58,1.436
0.592,2.017
0.598,2.003
0.496,2.042
0.286,2.378
0.391,1.414
0.242,0.821
0.314,1.065
0.312,1.809
0.264,3.144
0.255,0.438
0.051,2.965
0.135,2.83
0.042,2.542
-0.268,3.212
-0.157,3.328
-0.44,2.679
-0.596,1.711
-0.633,1.739
-0.642,2.565
-1.199,3.421
-1.365,1.45
-1.253,2.221
-1.296,2.315
-1.388,1.472
-1.554,4.118
-1.564,1.405
-1.708,1.628
-1.643,1.257
-1.786,2.765
-1.898,2.252
-1.807,4.278
-1.813,2.414
-1.92,2.189
-1.934,2.528
-1.982,2.21
-1.872,0.56
-1.913,0.613
-1.912,2.635
-2.103,1.391
-2.216,2.144
-2.433,0.586
-2.464,0.783
-2.487,1.25
-2.628,0.95
-2.987,1.817
-2.978,1.811
-2.972,0.545
-3.096,0.749
3.053,2.973
3.043,1.875
2.876,2.931
2.111,0.062
1.977,0.122
1.856,0.229
1.378,0.181
0.643,-0.027
-0.022,0.054
-1.5,0.049
-1.994,0.011
-3.063,0.099
2.18,4.266
0.796,4.437
0.594,4.365
0.322,4.421
0.436,4.412
0.239,4.283
-0.059,4.535
-0.257,4.491
-0.555,4.284
-1.391,4.604
-1.599,4.624
-2.285,4.37
-2.463,4.628
-2.992,4.39
0.181,1.068
-0.984,2.015
-1.939,1.039
-1.924,3.618
-1.571,2.754
-1.724,1.978
-2.646,1.52
-2.623,3.515
-2.707,2.011
-2.748,2.337
-2.7,2.526
1.097,3.006
0.125,1.609
-0.411,3.901
-2.596,0.612
-1.772,3.976
-2.564,4.179
-2.95,4.073
-2.911,4.226
3.105,4.089
1.398,0.478
-2.617,0.524
-2.532,0.25
-2.72,4.692
3.065,4.435
-2.571,4.442
-0.404,-0.018
-1.287,-0.033
-1.387,-0.221
-1.919,-0.263
-2.085,-0.132
-2.12,-0.02
2.487,4.202
2.108,4.289
1.886,4.395
1.473,4.357
1.42,4.395
1.077,4.332
1.079,4.46
-0.41,4.26
-0.525,4.462
-0.637,4.112
-0.91,4.145
-1.034,4.33
-1.442,4.226
-2.608,4.467
-2.694,4.199
1.017,0.615
0.066,1.635
-0.159,4.021
-1.763,0.606
2.688,-0.27
0.534,4.113
-2.803,1.615
-2.848,3.231
-2.997,1.164
-2.917,1.634
-2.936,1.837
-2.939,1.186
-3.102,2.839
-2.989,1.992
-3.017,0.578
-3.081,2.679
3.054,0.823
3.069,2.677
2.542,1.568
2.368,1.428
2.463,1.565
2.293,1.89
2.249,1.885
2.175,3.949
2.236,3.155
2.222,1.521
2.083,1.437
1.869,3.686
1.855,2.602
1.817,1.236
1.899,1.462
1.785,1.214
1.682,1.186
1.536,3.825
1.518,2.933
1.478,3.895
1.457,0.217
1.493,1.66
1.108,1.217
1.12,1.798
1.126,1.784
1.024,1.823
0.814,2.159
0.919,1.195
0.77,0.602
0.842,0.846
0.84,1.59
0.792,2.925
0.783,0.219
0.579,2.746
0.663,2.611
0.57,2.323
0.26,2.993
0.371,3.109
0.088,2.46
-0.068,1.492
-0.105,1.52
-0.114,2.346
-0.671,3.202
-0.837,1.231
-0.725,2.002
-0.768,2.096
-0.86,1.253
-1.026,3.899
-1.036,1.186
-1.18,1.409
-1.115,1.038
-1.258,2.546
-1.37,2.033
-1.279,4.059
-1.285,2.195
-1.392,1.97
-1.406,2.309
-1.454,1.991
-1.344,0.341
-1.385,0.394
-1.384,2.416
-1.575,1.172
-1.688,1.925
-1.905,0.367
-1.936,0.564
-1.959,1.031
-2.1,0.731
-2.459,1.598
-2.45,1.592
-2.444,0.326
-2.568,0.53
-2.702,2.754
-2.712,1.656
-2.879,2.712
2.639,-0.157
2.505,-0.097
2.384,0.01
1.906,-0.038
1.171,-0.246
0.506,-0.165
-0.972,-0.17
-1.466,-0.208
-2.535,-0.12
2.708,4.047
1.324,4.218
1.122,4.146
0.85,4.202
0.964,4.193
0.767,4.064
0.469,4.316
0.271,4.272
-0.027,4.065
-0.863,4.385
-1.071,4.405
-1.757,4.151
-1.935,4.409
-2.464,4.171
0.709,0.849
-0.456,1.796
-1.411,0.82
-1.396,3.399
-1.043,2.535
-1.196,1.759
-2.118,1.301
-2.095,3.296
-2.179,1.792
-2.22,2.118
-2.172,2.307
1.625,2.787
0.653,1.39
0.117,3.682
-2.068,0.393
-1.244,3.757
-2.036,3.96
-2.422,3.854
-2.383,4.007
-2.65,3.87
1.926,0.259
-2.089,0.305
-2.004,0.031
-2.192,4.473
-2.69,4.216
-2.043,4.223
-0.883,-0.015
-0.983,-0.203
-1.515,-0.245
-1.681,-0.114
-1.716,-0.002
2.891,4.22
2.512,4.307
2.29,4.413
1.877,4.375
1.824,4.413
1.481,4.35
1.483,4.478
-0.006,4.278
-0.121,4.48
-0.233,4.13
-0.506,4.163
-0.63,4.348
-1.038,4.244
-2.204,4.485
-2.29,4.217
1.421,0.633
0.47,1.653
0.245,4.039
-1.359,0.624
3.092,-0.252
0.938,4.131
-2.399,1.633
-2.444,3.249
-2.593,1.182
-2.513,1.652
-2.532,1.855
-2.535,1.204
-2.698,2.857
-2.585,2.01
-2.613,0.596
-2.677,2.697
-2.825,0.841
-2.81,2.695
2.946,1.586
2.772,1.446
2.867,1.583
2.697,1.908
2.653,1.903
2.579,3.967
2.64,3.173
2.626,1.539
2.487,1.455
2.273,3.704
2.259,2.62
2.221,1.254
2.303,1.48
2.189,1.232
2.086,1.204
1.94,3.843
1.922,2.951
1.882,3.913
1.861,0.235
1.897,1.678
1.512,1.235
1.524,1.816
1.53,1.802
1.428,1.841
1.218,2.177
1.323,1.213
1.174,0.62
1.246,0.864
1.244,1.608
1.196,2.943
1.187,0.237
0.983,2.764
1.067,2.629
0.974,2.341
0.664,3.011
0.775,3.127
0.492,2.478
0.336,1.51
0.299,1.538
0.29,2.364
-0.267,3.22
-0.433,1.249
-0.321,2.02
-0.364,2.114
-0.456,1.271
-0.622,3.917
-0.632,1.204
-0.776,1.427
-0.711,1.056
-0.854,2.564
-0.966,2.051
-0.875,4.077
-0.881,2.213
-0.988,1.988
-1.002,2.327
-1.05,2.009
-0.94,0.359
-0.981,0.412
-0.98,2.434
-1.171,1.19
-1.284,1.943
-1.501,0.385
-1.532,0.582
-1.555,1.049
-1.696,0.749
-2.055,1.616
-2.046,1.61
-2.04,0.344
-2.164,0.548
-2.298,2.772
-2.308,1.674
-2.475,2.73
3.043,-0.139
2.909,-0.079
2.788,0.028
2.31,-0.02
1.575,-0.228
0.91,-0.147
-0.568,-0.152
-1.062,-0.19
-2.131,-0.102
3.112,4.065
1.728,4.236
1.526,4.164
1.254,4.22
1.368,4.211
1.171,4.082
0.873,4.334
0.675,4.29
0.377,4.083
-0.459,4.403
-0.667,4.423
-1.353,4.169
-1.531,4.427
-2.06,4.189
1.113,0.867
-0.052,1.814
-1.007,0.838
-0.992,3.417
-0.639,2.553
-0.792,1.777
-1.714,1.319
-1.691,3.314
-1.775,1.81
-1.816,2.136
-1.768,2.325
2.029,2.805
1.057,1.408
0.521,3.7
-1.664,0.411
-0.84,3.775
-1.632,3.978
-2.018,3.872
-1.979,4.025
-2.246,3.888
2.33,0.277
-1.685,0.323
-1.6,0.049
-1.788,4.491
-2.286,4.234
-1.639,4.241
-0.1,-0.188
-0.632,-0.23
-0.798,-0.099
-0.833,0.013
-2.509,4.235
-2.888,4.322
-3.11,4.428
2.76,4.39
2.707,4.428
2.364,4.365
2.366,4.493
0.877,4.293
0.762,4.495
0.65,4.145
0.377,4.178
0.253,4.363
-0.155,4.259
-1.321,4.5
-1.407,4.232
2.304,0.648
1.353,1.668
1.128,4.054
-0.476,0.639
-2.308,-0.237
1.821,4.146
-1.516,1.648
-1.561,3.264
-1.71,1.197
-1.63,1.667
-1.649,1.87
-1.652,1.219
-1.815,2.872
-1.702,2.025
-1.73,0.611
-1.794,2.712
-1.942,0.856
-1.927,2.71
-2.454,1.601
-2.628,1.461
-2.533,1.598
-2.703,1.923
-2.747,1.918
-2.821,3.982
-2.76,3.188
-2.774,1.554
-2.913,1.47
-3.127,3.719
-3.141,2.635
3.104,1.269
-3.097,1.495
3.072,1.247
2.969,1.219
2.823,3.858
2.805,2.966
2.765,3.928
2.744,0.25
2.78,1.693
2.395,1.25
2.407,1.831
2.413,1.817
2.311,1.856
2.101,2.192
2.206,1.228
2.057,0.635
2.129,0.879
2.127,1.623
2.079,2.958
2.07,0.252
1.866,2.779
1.95,2.644
1.857,2.356
1.547,3.026
1.658,3.142
1.375,2.493
1.219,1.525
1.182,1.553
1.173,2.379
0.616,3.235
0.45,1.264
0.562,2.035
0.519,2.129
0.427,1.286
0.261,3.932
0.251,1.219
0.107,1.442
0.172,1.071
0.029,2.579
-0.083,2.066
0.008,4.092
0.002,2.228
-0.105,2.003
-0.119,2.342
-0.167,2.024
-0.057,0.374
-0.098,0.427
-0.097,2.449
-0.288,1.205
-0.401,1.958
-0.618,0.4
-0.649,0.597
-0.672,1.064
-0.813,0.764
-1.172,1.631
-1.163,1.625
-1.157,0.359
-1.281,0.563
-1.415,2.787
-1.425,1.689
-1.592,2.745
-2.357,-0.124
-2.491,-0.064
-2.612,0.043
-3.09,-0.005
2.458,-0.213
1.793,-0.132
0.315,-0.137
-0.179,-0.175
-1.248,-0.087
-2.288,4.08
2.611,4.251
2.409,4.179
2.137,4.235
2.251,4.226
2.054,4.097
1.756,4.349
1.558,4.305
1.26,4.098
0.424,4.418
0.216,4.438
-0.47,4.184
-0.648,4.442
-1.177,4.204
1.996,0.882
0.831,1.829
-0.124,0.853
-0.109,3.432
0.244,2.568
0.091,1.792
-0.831,1.334
-0.808,3.329
-0.892,1.825
-0.933,2.151
-0.885,2.34
2.912,2.82
1.94,1.423
1.404,3.715
-0.781,0.426
0.043,3.79
-0.749,3.993
-1.135,3.887
-1.096,4.04
-1.363,3.903
-3.07,0.292
-0.802,0.338
-0.717,0.064
-0.905,4.506
-1.403,4.249
-0.756,4.256
-0.532,-0.042
-0.698,0.089
-0.733,0.201
-2.409,4.423
-2.788,4.51
-3.01,4.616
2.86,4.578
2.807,4.616
2.464,4.553
2.466,4.681
0.977,4.481
0.862,4.683
0.75,4.333
0.477,4.366
0.353,4.551
-0.055,4.447
-1.221,4.688
-1.307,4.42
2.404,0.836
1.453,1.856
1.228,4.242
-0.376,0.827
-2.208,-0.049
1.921,4.334
-1.416,1.836
-1.461,3.452
-1.61,1.385
-1.53,1.855
-1.549,2.058
-1.552,1.407
-1.715,3.06
-1.602,2.213
-1.63,0.799
-1.694,2.9
-1.842,1.044
-1.827,2.898
-2.354,1.789
-2.528,1.649
-2.433,1.786
-2.603,2.111
-2.647,2.106
-2.721,4.17
-2.66,3.376
-2.674,1.742
-2.813,1.658
-3.027,3.907
-3.041,2.823
-3.079,1.457
-2.997,1.683
-3.111,1.435
3.069,1.407
2.923,4.046
2.905,3.154
2.865,4.116
2.844,0.438
2.88,1.881
2.495,1.438
2.507,2.019
2.513,2.005
2.411,2.044
2.201,2.38
2.306,1.416
2.157,0.823
2.229,1.067
2.227,1.811
2.179,3.146
2.17,0.44
1.966,2.967
2.05,2.832
1.957,2.544
1.647,3.214
1.758,3.33
1.475,2.681
1.319,1.713
1.282,1.741
1.273,2.567
0.716,3.423
0.55,1.452
0.662,2.223
0.619,2.317
0.527,1.474
0.361,4.12
0.351,1.407
0.207,1.63
0.272,1.259
0.129,2.767
0.017,2.254
0.108,4.28
0.102,2.416
-0.005,2.191
-0.019,2.53
-0.067,2.212
0.043,0.562
0.002,0.615
0.003,2.637
-0.188,1.393
-0.301,2.146
-0.518,0.588
-0.549,0.785
-0.572,1.252
-0.713,0.952
-1.072,1.819
-1.063,1.813
-1.057,0.547
-1.181,0.751
-1.315,2.975
-1.325,1.877
-1.492,2.933
-2.257,0.064
-2.391,0.124
-2.512,0.231
-2.99,0.183
2.558,-0.025
1.893,0.056
0.415,0.051
-0.079,0.013
-1.148,0.101
-2.188,4.268
2.711,4.439
2.509,4.367
2.237,4.423
2.351,4.414
2.154,4.285
1.856,4.537
1.658,4.493
1.36,4.286
0.524,4.606
0.316,4.626
-0.37,4.372
-0.548,4.63
-1.077,4.392
2.096,1.07
0.931,2.017
-0.024,1.041
-0.009,3.62
0.344,2.756
0.191,1.98
-0.731,1.522
-0.708,3.517
-0.792,2.013
-0.833,2.339
-0.785,2.528
3.012,3.008
2.04,1.611
1.504,3.903
-0.681,0.614
0.143,3.978
-0.649,4.181
-1.035,4.075
-0.996,4.228
-1.263,4.091
-2.97,0.48
-0.702,0.526
-0.617,0.252
-0.805,4.694
-1.303,4.437
-0.656,4.444
-0.166,0.131
-0.201,0.243
-1.877,4.465
-2.256,4.552
-2.478,4.658
-2.891,4.62
-2.944,4.658
2.996,4.595
2.998,4.723
1.509,4.523
1.394,4.725
1.282,4.375
1.009,4.408
0.885,4.593
0.477,4.489
-0.689,4.73
-0.775,4.462
2.936,0.878
1.985,1.898
1.76,4.284
0.156,0.869
-1.676,-0.007
2.453,4.376
-0.884,1.878
-0.929,3.494
-1.078,1.427
-0.998,1.897
-1.017,2.1
-1.02,1.449
-1.183,3.102
-1.07,2.255
-1.098,0.841
-1.162,2.942
-1.31,1.086
-1.295,2.94
-1.822,1.831
-1.996,1.691
-1.901,1.828
-2.071,2.153
-2.115,2.148
-2.189,4.212
-2.128,3.418
-2.142,1.784
-2.281,1.7
-2.495,3.949
-2.509,2.865
-2.547,1.499
-2.465,1.725
-2.579,1.477
-2.682,1.449
-2.828,4.088
-2.846,3.196
-2.886,4.158
-2.907,0.48
-2.871,1.923
3.027,1.48
3.039,2.061
3.045,2.047
2.943,2.086
2.733,2.422
2.838,1.458
2.689,0.865
2.761,1.109
2.759,1.853
2.711,3.188
2.702,0.482
2.498,3.009
2.582,2.874
2.489,2.586
2.179,3.256
2.29,3.372
2.007,2.723
1.851,1.755
1.814,1.783
1.805,2.609
1.248,3.465
1.082,1.494
1.194,2.265
1.151,2.359
1.059,1.516
0.893,4.162
0.883,1.449
0.739,1.672
0.804,1.301
0.661,2.809
0.549,2.296
0.64,4.322
0.634,2.458
0.527,2.233
0.513,2.572
0.465,2.254
0.575,0.604
0.534,0.657
0.535,2.679
0.344,1.435
0.231,2.188
0.014,0.63
-0.017,0.827
-0.04,1.294
-0.181,0.994
-0.54,1.861
-0.531,1.855
-0.525,0.589
-0.649,0.793
-0.783,3.017
-0.793,1.919
-0.96,2.975
-1.725,0.106
-1.859,0.166
-1.98,0.273
-2.458,0.225
3.09,0.017
2.425,0.098
0.947,0.093
0.453,0.055
-0.616,0.143
-1.656,4.31
-3.04,4.481
3.041,4.409
2.769,4.465
2.883,4.456
2.686,4.327
2.388,4.579
2.19,4.535
1.892,4.328
1.056,4.648
0.848,4.668
0.162,4.414
-0.016,4.672
-0.545,4.434
2.628,1.112
1.463,2.059
0.508,1.083
0.523,3.662
0.876,2.798
0.723,2.022
-0.199,1.564
-0.176,3.559
-0.26,2.055
-0.301,2.381
-0.253,2.57
-2.739,3.05
2.572,1.653
2.036,3.945
-0.149,0.656
0.675,4.02
-0.117,4.223
-0.503,4.117
-0.464,4.27
-0.731,4.133
-2.438,0.522
-0.17,0.568
-0.085,0.294
-0.273,4.736
-0.771,4.479
-0.124,4.486
-0.035,0.112
-1.711,4.334
-2.09,4.421
-2.312,4.527
-2.725,4.489
-2.778,4.527
-3.121,4.464
-3.119,4.592
1.675,4.392
1.56,4.594
1.448,4.244
1.175,4.277
1.051,4.462
0.643,4.358
-0.523,4.599
-0.609,4.331
3.102,0.747
2.151,1.767
1.926,4.153
0.322,0.738
-1.51,-0.138
2.619,4.245
-0.718,1.747
-0.763,3.363
-0.912,1.296
-0.832,1.766
-0.851,1.969
-0.854,1.318
-1.017,2.971
-0.904,2.124
-0.932,0.71
-0.996,2.811
-1.144,0.955
-1.129,2.809
-1.656,1.7
-1.83,1.56
-1.735,1.697
-1.905,2.022
-1.949,2.017
-2.023,4.081
-1.962,3.287
-1.976,1.653
-2.115,1.569
-2.329,3.818
-2.343,2.734
-2.381,1.368
-2.299,1.594
-2.413,1.346
-2.516,1.318
-2.662,3.957
-2.68,3.065
-2.72,4.027
-2.741,0.349
-2.705,1.792
-3.09,1.349
-3.078,1.93
-3.072,1.916
3.109,1.955
2.899,2.291
3.004,1.327
2.855,0.734
2.927,0.978
2.925,1.722
2.877,3.057
2.868,0.351
2.664,2.878
2.748,2.743
2.655,2.455
2.345,3.125
2.456,3.241
2.173,2.592
2.017,1.624
1.98,1.652
1.971,2.478
1.414,3.334
1.248,1.363
1.36,2.134
1.317,2.228
1.225,1.385
1.059,4.031
1.049,1.318
0.905,1.541
0.97,1.17
0.827,2.678
0.715,2.165
0.806,4.191
0.8,2.327
0.693,2.102
0.679,2.441
0.631,2.123
0.741,0.473
0.7,0.526
0.701,2.548
0.51,1.304
0.397,2.057
0.18,0.499
0.149,0.696
0.126,1.163
-0.015,0.863
-0.374,1.73
-0.365,1.724
-0.359,0.458
-0.483,0.662
-0.617,2.886
-0.627,1.788
-0.794,2.844
-1.559,-0.025
-1.693,0.035
-1.814,0.142
-2.292,0.094
-3.027,-0.114
2.591,-0.033
1.113,-0.038
0.619,-0.076
-0.45,0.012
-1.49,4.179
-2.874,4.35
-3.076,4.278
2.935,4.334
3.049,4.325
2.852,4.196
2.554,4.448
2.356,4.404
2.058,4.197
1.222,4.517
1.014,4.537
0.328,4.283
0.15,4.541
-0.379,4.303
2.794,0.981
1.629,1.928
0.674,0.952
0.689,3.531
1.042,2.667
0.889,1.891
-0.033,1.433
-0.01,3.428
-0.094,1.924
-0.135,2.25
-0.087,2.439
-2.573,2.919
2.738,1.522
2.202,3.814
0.017,0.525
0.841,3.889
0.049,4.092
-0.337,3.986
-0.298,4.139
-0.565,4.002
-2.272,0.391
-0.004,0.437
0.081,0.163
-0.107,4.605
-0.605,4.348
0.042,4.355
-1.676,4.222
-2.055,4.309
-2.277,4.415
-2.69,4.377
-2.743,4.415
-3.086,4.352
-3.084,4.48
1.71,4.28
1.595,4.482
1.483,4.132
1.21,4.165
1.086,4.35
0.678,4.246
-0.488,4.487
-0.574,4.219
3.137,0.635
2.186,1.655
1.961,4.041
0.357,0.626
-1.475,-0.25
2.654,4.133
-0.683,1.635
-0.728,3.251
-0.877,1.184
-0.797,1.654
-0.816,1.857
-0.819,1.206
-0.982,2.859
-0.869,2.012
-0.897,0.598
-0.961,2.699
-1.109,0.843
-1.094,2.697
-1.621,1.588
-1.795,1.448
-1.7,1.585
-1.87,1.91
-1.914,1.905
-1.988,3.969
-1.927,3.175
-1.941,1.541
-2.08,1.457
-2.294,3.706
-2.308,2.622
-2.346,1.256
-2.264,1.482
-2.378,1.234
-2.481,1.206
-2.627,3.845
-2.645,2.953
-2.685,3.915
-2.706,0.237
-2.67,1.68
-3.055,1.237
-3.043,1.818
-3.037,1.804
-3.139,1.843
2.934,2.179
3.039,1.215
2.89,0.622
2.962,0.866
2.96,1.61
2.912,2.945
2.903,0.239
2.699,2.766
2.783,2.631
2.69,2.343
2.38,3.013
2.491,3.129
2.208,2.48
2.052,1.512
2.015,1.54
2.006,2.366
1.449,3.222
1.283,1.251
1.395,2.022
1.352,2.116
1.26,1.273
1.094,3.919
1.084,1.206
0.94,1.429
1.005,1.058
0.862,2.566
0.75,2.053
0.841,4.079
0.835,2.215
0.728,1.99
0.714,2.329
0.666,2.011
0.776,0.361
0.735,0.414
0.736,2.436
0.545,1.192
0.432,1.945
0.215,0.387
0.184,0.584
0.161,1.051
0.02,0.751
-0.339,1.618
-0.33,1.612
-0.324,0.346
-0.448,0.55
-0.582,2.774
-0.592,1.676
-0.759,2.732
-1.524,-0.137
-1.658,-0.077
-1.779,0.03
-2.257,-0.018
-2.992,-0.226
2.626,-0.145
1.148,-0.15
0.654,-0.188
-0.415,-0.1
-1.455,4.067
-2.839,4.238
-3.041,4.166
2.97,4.222
3.084,4.213
2.887,4.084
2.589,4.336
2.391,4.292
2.093,4.085
1.257,4.405
1.049,4.425
0.363,4.171
0.185,4.429
-0.344,4.191
2.829,0.869
1.664,1.816
0.709,0.84
0.724,3.419
1.077,2.555
0.924,1.779
0.002,1.321
0.025,3.316
-0.059,1.812
-0.1,2.138
-0.052,2.327
-2.538,2.807
2.773,1.41
2.237,3.702
0.052,0.413
0.876,3.777
0.084,3.98
-0.302,3.874
-0.263,4.027
-0.53,3.89
-2.237,0.279
0.031,0.325
0.116,0.051
-0.072,4.493
-0.57,4.236
0.077,4.243
-0.379,0.087
-0.601,0.193
-1.014,0.155
-1.067,0.193
-1.41,0.13
-1.408,0.258
-2.897,0.058
-3.012,0.26
-3.124,-0.09
2.886,-0.057
2.762,0.128
2.354,0.024
1.188,0.265
1.102,-0.003
-1.47,-3.587
-2.421,-2.567
-2.646,-0.181
2.033,-3.596
0.201,-4.472
-1.953,-0.089
0.993,-2.587
0.948,-0.971
0.799,-3.038
0.879,-2.568
0.86,-2.365
0.857,-3.016
0.694,-1.363
0.807,-2.21
0.779,-3.624
0.715,-1.523
0.567,-3.379
0.582,-1.525
0.055,-2.634
-0.119,-2.774
-0.024,-2.637
-0.194,-2.312
-0.238,-2.317
-0.312,-0.253
-0.251,-1.047
-0.265,-2.681
-0.404,-2.765
-0.618,-0.516
-0.632,-1.6
-0.67,-2.966
-0.588,-2.74
-0.702,-2.988
-0.805,-3.016
-0.951,-0.377
-0.969,-1.269
-1.009,-0.307
-1.03,-3.985
-0.994,-2.542
-1.379,-2.985
-1.367,-2.404
-1.361,-2.418
-1.463,-2.379
-1.673,-2.043
-1.568,-3.007
-1.717,-3.6
-1.645,-3.356
-1.647,-2.612
-1.695,-1.277
-1.704,-3.983
-1.908,-1.456
-1.824,-1.591
-1.917,-1.879
-2.227,-1.209
-2.116,-1.093
-2.399,-1.742
-2.555,-2.71
-2.592,-2.682
-2.601,-1.856
3.125,-1.0
2.959,-2.971
3.071,-2.2
3.028,-2.106
2.936,-2.949
2.77,-0.303
2.76,-3.016
2.616,-2.793
2.681,-3.164
2.538,-1.656
2.426,-2.169
2.517,-0.143
2.511,-2.007
2.404,-2.232
2.39,-1.893
2.342,-2.211
2.452,-3.861
2.411,-3.808
2.412,-1.786
2.221,-3.03
2.108,-2.277
1.891,-3.835
1.86,-3.638
1.837,-3.171
1.696,-3.471
1.337,-2.604
1.346,-2.61
1.352,-3.876
1.228,-3.672
1.094,-1.448
1.084,-2.546
0.917,-1.49
0.152,-4.359
0.018,-4.299
-0.103,-4.192
-0.581,-4.24
-1.316,-4.448
-1.981,-4.367
2.824,-4.372
2.33,-4.41
1.261,-4.322
0.221,-0.155
-1.163,0.016
-1.365,-0.056
-1.637,0.0
-1.523,-0.009
-1.72,-0.138
-2.018,0.114
-2.216,0.07
-2.514,-0.137
2.933,0.183
2.725,0.203
2.039,-0.051
1.861,0.207
1.332,-0.031
-1.778,-3.353
-2.943,-2.406
2.385,-3.382
2.4,-0.803
2.753,-1.667
2.6,-2.443
1.678,-2.901
1.701,-0.906
1.617,-2.41
1.576,-2.084
1.624,-1.895
-0.862,-1.415
-1.834,-2.812
-2.37,-0.52
1.728,-3.809
2.552,-0.445
1.76,-0.242
1.374,-0.348
1.413,-0.195
1.146,-0.332
-0.561,-3.943
1.707,-3.897
1.792,-4.171
1.604,0.271
1.106,0.014
1.753,0.021
-0.222,0.106
-0.635,0.068
-0.688,0.106
-1.031,0.043
-1.029,0.171
-2.518,-0.029
-2.633,0.173
-2.745,-0.177
-3.018,-0.144
3.141,0.041
2.733,-0.063
1.567,0.178
1.481,-0.09
-1.091,-3.674
-2.042,-2.654
-2.267,-0.268
2.412,-3.683
0.58,-4.559
-1.574,-0.176
1.372,-2.674
1.327,-1.058
1.178,-3.125
1.258,-2.655
1.239,-2.452
1.236,-3.103
1.073,-1.45
1.186,-2.297
1.158,-3.711
1.094,-1.61
0.946,-3.466
0.961,-1.612
0.434,-2.721
0.26,-2.861
0.355,-2.724
0.185,-2.399
0.141,-2.404
0.067,-0.34
0.128,-1.134
0.114,-2.768
-0.025,-2.852
-0.239,-0.603
-0.253,-1.687
-0.291,-3.053
-0.209,-2.827
-0.323,-3.075
-0.426,-3.103
-0.572,-0.464
-0.59,-1.356
-0.63,-0.394
-0.651,-4.072
-0.615,-2.629
-1.0,-3.072
-0.988,-2.491
-0.982,-2.505
-1.084,-2.466
-1.294,-2.13
-1.189,-3.094
-1.338,-3.687
-1.266,-3.443
-1.268,-2.699
-1.316,-1.364
-1.325,-4.07
-1.529,-1.543
-1.445,-1.678
-1.538,-1.966
-1.848,-1.296
-1.737,-1.18
-2.02,-1.829
-2.176,-2.797
-2.213,-2.769
-2.222,-1.943
-2.779,-1.087
-2.945,-3.058
-2.833,-2.287
-2.876,-2.193
-2.968,-3.036
-3.134,-0.39
3.139,-3.103
2.995,-2.88
3.06,-3.251
2.917,-1.743
2.805,-2.256
2.896,-0.23
2.89,-2.094
2.783,-2.319
2.769,-1.98
2.721,-2.298
2.831,-3.948
2.79,-3.895
2.791,-1.873
2.6,-3.117
2.487,-2.364
2.27,-3.922
2.239,-3.725
2.216,-3.258
2.075,-3.558
1.716,-2.691
1.725,-2.697
1.731,-3.963
1.607,-3.759
1.473,-1.535
1.463,-2.633
1.296,-1.577
0.531,-4.446
0.397,-4.386
0.276,-4.279
-0.202,-4.327
-0.937,-4.535
-1.602,-4.454
-3.08,-4.459
2.709,-4.497
1.64,-4.409
0.6,-0.242
-0.784,-0.071
-0.986,-0.143
-1.258,-0.087
-1.144,-0.096
-1.341,-0.225
-1.639,0.027
-1.837,-0.017
-2.135,-0.224
-2.971,0.096
3.104,0.116
2.418,-0.138
2.24,0.12
1.711,-0.118
-1.399,-3.44
-2.564,-2.493
2.764,-3.469
2.779,-0.89
3.132,-1.754
2.979,-2.53
2.057,-2.988
2.08,-0.993
1.996,-2.497
1.955,-2.171
2.003,-1.982
-0.483,-1.502
-1.455,-2.899
-1.991,-0.607
2.107,-3.896
2.931,-0.532
2.139,-0.329
1.753,-0.435
1.792,-0.282
1.525,-0.419
-0.182,-4.03
2.086,-3.984
2.171,-4.258
1.983,0.184
1.485,-0.073
2.132,-0.066
-0.413,-0.038
-0.466,0.0
-0.809,-0.063
-0.807,0.065
-2.296,-0.135
-2.411,0.067
-2.523,-0.283
-2.796,-0.25
-2.92,-0.065
2.955,-0.169
1.789,0.072
1.703,-0.196
-0.869,-3.78
-1.82,-2.76
-2.045,-0.374
2.634,-3.789
0.802,-4.665
-1.352,-0.282
1.594,-2.78
1.549,-1.164
1.4,-3.231
1.48,-2.761
1.461,-2.558
1.458,-3.209
1.295,-1.556
1.408,-2.403
1.38,-3.817
1.316,-1.716
1.168,-3.572
1.183,-1.718
0.656,-2.827
0.482,-2.967
0.577,-2.83
0.407,-2.505
0.363,-2.51
0.289,-0.446
0.35,-1.24
0.336,-2.874
0.197,-2.958
-0.017,-0.709
-0.031,-1.793
-0.069,-3.159
0.013,-2.933
-0.101,-3.181
-0.204,-3.209
-0.35,-0.57
-0.368,-1.462
-0.408,-0.5
-0.429,-4.178
-0.393,-2.735
-0.778,-3.178
-0.766,-2.597
-0.76,-2.611
-0.862,-2.572
-1.072,-2.236
-0.967,-3.2
-1.116,-3.793
-1.044,-3.549
-1.046,-2.805
-1.094,-1.47
-1.103,-4.176
-1.307,-1.649
-1.223,-1.784
-1.316,-2.072
-1.626,-1.402
-1.515,-1.286
-1.798,-1.935
-1.954,-2.903
-1.991,-2.875
-2.0,-2.049
-2.557,-1.193
-2.723,-3.164
-2.611,-2.393
-2.654,-2.299
-2.746,-3.142
-2.912,-0.496
-2.922,-3.209
-3.066,-2.986
-3.001,-3.357
3.139,-1.849
3.027,-2.362
3.118,-0.336
3.112,-2.2
3.005,-2.425
2.991,-2.086
2.943,-2.404
3.053,-4.054
3.012,-4.001
3.013,-1.979
2.822,-3.223
2.709,-2.47
2.492,-4.028
2.461,-3.831
2.438,-3.364
2.297,-3.664
1.938,-2.797
1.947,-2.803
1.953,-4.069
1.829,-3.865
1.695,-1.641
1.685,-2.739
1.518,-1.683
0.753,-4.552
0.619,-4.492
0.498,-4.385
0.02,-4.433
-0.715,-4.641
-1.38,-4.56
-2.858,-4.565
2.931,-4.603
1.862,-4.515
0.822,-0.348
-0.562,-0.177
-0.764,-0.249
-1.036,-0.193
-0.922,-0.202
-1.119,-0.331
-1.417,-0.079
-1.615,-0.123
-1.913,-0.33
-2.749,-0.01
-2.957,0.01
2.64,-0.244
2.462,0.014
1.933,-0.224
-1.177,-3.546
-2.342,-2.599
2.986,-3.575
3.001,-0.996
-2.929,-1.86
-3.082,-2.636
2.279,-3.094
2.302,-1.099
2.218,-2.603
2.177,-2.277
2.225,-2.088
-0.261,-1.608
-1.233,-3.005
-1.769,-0.713
2.329,-4.002
-3.13,-0.638
2.361,-0.435
1.975,-0.541
2.014,-0.388
1.747,-0.525
0.04,-4.136
2.308,-4.09
2.393,-4.364
2.205,0.078
1.707,-0.179
2.354,-0.172
-0.053,0.038
-0.396,-0.025
-0.394,0.103
-1.883,-0.097
-1.998,0.105
-2.11,-0.245
-2.383,-0.212
-2.507,-0.027
-2.915,-0.131
2.202,0.11
2.116,-0.158
-0.456,-3.742
-1.407,-2.722
-1.632,-0.336
3.047,-3.751
1.215,-4.627
-0.939,-0.244
2.007,-2.742
1.962,-1.126
1.813,-3.193
1.893,-2.723
1.874,-2.52
1.871,-3.171
1.708,-1.518
1.821,-2.365
1.793,-3.779
1.729,-1.678
1.581,-3.534
1.596,-1.68
1.069,-2.789
0.895,-2.929
0.99,-2.792
0.82,-2.467
0.776,-2.472
0.702,-0.408
0.763,-1.202
0.749,-2.836
0.61,-2.92
0.396,-0.671
0.382,-1.755
0.344,-3.121
0.426,-2.895
0.312,-3.143
0.209,-3.171
0.063,-0.532
0.045,-1.424
0.005,-0.462
-0.016,-4.14
0.02,-2.697
-0.365,-3.14
-0.353,-2.559
-0.347,-2.573
-0.449,-2.534
-0.659,-2.198
-0.554,-3.162
-0.703,-3.755
-0.631,-3.511
-0.633,-2.767
-0.681,-1.432
-0.69,-4.138
-0.894,-1.611
-0.81,-1.746
-0.903,-2.034
-1.213,-1.364
-1.102,-1.248
-1.385,-1.897
-1.541,-2.865
-1.578,-2.837
-1.587,-2.011
-2.144,-1.155
-2.31,-3.126
-2.198,-2.355
-2.241,-2.261
-2.333,-3.104
-2.499,-0.458
-2.509,-3.171
-2.653,-2.948
-2.588,-3.319
-2.731,-1.811
-2.843,-2.324
-2.752,-0.298
-2.758,-2.162
-2.865,-2.387
-2.879,-2.048
-2.927,-2.366
-2.817,-4.016
-2.858,-3.963
-2.857,-1.941
-3.048,-3.185
3.122,-2.432
2.905,-3.99
2.874,-3.793
2.851,-3.326
2.71,-3.626
2.351,-2.759
2.36,-2.765
2.366,-4.031
2.242,-3.827
2.108,-1.603
2.098,-2.701
1.931,-1.645
1.166,-4.514
1.032,-4.454
0.911,-4.347
0.433,-4.395
-0.302,-4.603
-0.967,-4.522
-2.445,-4.527
-2.939,-4.565
2.275,-4.477
1.235,-0.31
-0.149,-0.139
-0.351,-0.211
-0.623,-0.155
-0.509,-0.164
-0.706,-0.293
-1.004,-0.041
-1.202,-0.085
-1.5,-0.292
-2.336,0.028
-2.544,0.048
3.053,-0.206
2.875,0.052
2.346,-0.186
-0.764,-3.508
-1.929,-2.561
-2.884,-3.537
-2.869,-0.958
-2.516,-1.822
-2.669,-2.598
2.692,-3.056
2.715,-1.061
2.631,-2.565
2.59,-2.239
2.638,-2.05
0.152,-1.57
-0.82,-2.967
-1.356,-0.675
2.742,-3.964
-2.717,-0.6
2.774,-0.397
2.388,-0.503
2.427,-0.35
2.16,-0.487
0.453,-4.098
2.721,-4.052
2.806,-4.326
2.618,0.116
2.12,-0.141
2.767,-0.134
-0.343,-0.063
-0.341,0.065
-1.83,-0.135
-1.945,0.067
-2.057,-0.283
-2.33,-0.25
-2.454,-0.065
-2.862,-0.169
2.255,0.072
2.169,-0.196
-0.403,-3.78
-1.354,-2.76
-1.579,-0.374
3.1,-3.789
1.268,-4.665
-0.886,-0.282
2.06,-2.78
2.015,-1.164
1.866,-3.231
1.946,-2.761
1.927,-2.558
1.924,-3.209
1.761,-1.556
1.874,-2.403
1.846,-3.817
1.782,-1.716
1.634,-3.572
1.649,-1.718
1.122,-2.827
0.948,-2.967
1.043,-2.83
0.873,-2.505
0.829,-2.51
0.755,-0.446
0.816,-1.24
0.802,-2.874
0.663,-2.958
0.449,-0.709
0.435,-1.793
0.397,-3.159
0.479,-2.933
0.365,-3.181
0.262,-3.209
0.116,-0.57
0.098,-1.462
0.058,-0.5
0.037,-4.178
0.073,-2.735
-0.312,-3.178
-0.3,-2.597
-0.294,-2.611
-0.396,-2.572
-0.606,-2.236
-0.501,-3.2
-0.65,-3.793
-0.578,-3.549
-0.58,-2.805
-0.628,-1.47
-0.637,-4.176
-0.841,-1.649
-0.757,-1.784
-0.85,-2.072
-1.16,-1.402
-1.049,-1.286
-1.332,-1.935
-1.488,-2.903
-1.525,-2.875
-1.534,-2.049
-2.091,-1.193
-2.257,-3.164
-2.145,-2.393
-2.188,-2.299
-2.28,-3.142
-2.446,-0.496
-2.456,-3.209
-2.6,-2.986
-2.535,-3.357
-2.678,-1.849
-2.79,-2.362
-2.699,-0.336
-2.705,-2.2
-2.812,-2.425
-2.826,-2.086
-2.874,-2.404
-2.764,-4.054
-2.805,-4.001
-2.804,-1.979
-2.995,-3.223
-3.108,-2.47
2.958,-4.028
2.927,-3.831
2.904,-3.364
2.763,-3.664
2.404,-2.797
2.413,-2.803
2.419,-4.069
2.295,-3.865
2.161,-1.641
2.151,-2.739
1.984,-1.683
1.219,-4.552
1.085,-4.492
0.964,-4.385
0.486,-4.433
-0.249,-4.641
-0.914,-4.56
-2.392,-4.565
-2.886,-4.603
2.328,-4.515
1.288,-0.348
-0.096,-0.177
-0.298,-0.249
-0.57,-0.193
-0.456,-0.202
-0.653,-0.331
-0.951,-0.079
-1.149,-0.123
-1.447,-0.33
-2.283,-0.01
-2.491,0.01
3.106,-0.244
2.928,0.014
2.399,-0.224
-0.711,-3.546
-1.876,-2.599
-2.831,-3.575
-2.816,-0.996
-2.463,-1.86
-2.616,-2.636
2.745,-3.094
2.768,-1.099
2.684,-2.603
2.643,-2.277
2.691,-2.088
0.205,-1.608
-0.767,-3.005
-1.303,-0.713
2.795,-4.002
-2.664,-0.638
2.827,-0.435
2.441,-0.541
2.48,-0.388
2.213,-0.525
0.506,-4.136
2.774,-4.09
2.859,-4.364
2.671,0.078
2.173,-0.179
2.82,-0.172
0.002,0.128
-1.487,-0.072
-1.602,0.13
-1.714,-0.22
-1.987,-0.187
-2.111,-0.002
-2.519,-0.106
2.598,0.135
2.512,-0.133
-0.06,-3.717
-1.011,-2.697
-1.236,-0.311
-2.84,-3.726
1.611,-4.602
-0.543,-0.219
2.403,-2.717
2.358,-1.101
2.209,-3.168
2.289,-2.698
2.27,-2.495
2.267,-3.146
2.104,-1.493
2.217,-2.34
2.189,-3.754
2.125,-1.653
1.977,-3.509
1.992,-1.655
1.465,-2.764
1.291,-2.904
1.386,-2.767
1.216,-2.442
1.172,-2.447
1.098,-0.383
1.159,-1.177
1.145,-2.811
1.006,-2.895
0.792,-0.646
0.778,-1.73
0.74,-3.096
0.822,-2.87
0.708,-3.118
0.605,-3.146
0.459,-0.507
0.441,-1.399
0.401,-0.437
0.38,-4.115
0.416,-2.672
0.031,-3.115
0.043,-2.534
0.049,-2.548
-0.053,-2.509
-0.263,-2.173
-0.158,-3.137
-0.307,-3.73
-0.235,-3.486
-0.237,-2.742
-0.285,-1.407
-0.294,-4.113
-0.498,-1.586
-0.414,-1.721
-0.507,-2.009
-0.817,-1.339
-0.706,-1.223
-0.989,-1.872
-1.145,-2.84
-1.182,-2.812
-1.191,-1.986
-1.748,-1.13
-1.914,-3.101
-1.802,-2.33
-1.845,-2.236
-1.937,-3.079
-2.103,-0.433
-2.113,-3.146
-2.257,-2.923
-2.192,-3.294
-2.335,-1.786
-2.447,-2.299
-2.356,-0.273
-2.362,-2.137
-2.469,-2.362
-2.483,-2.023
-2.531,-2.341
-2.421,-3.991
-2.462,-3.938
-2.461,-1.916
-2.652,-3.16
-2.765,-2.407
-2.982,-3.965
-3.013,-3.768
-3.036,-3.301
3.106,-3.601
2.747,-2.734
2.756,-2.74
2.762,-4.006
2.638,-3.802
2.504,-1.578
2.494,-2.676
2.327,-1.62
1.562,-4.489
1.428,-4.429
1.307,-4.322
0.829,-4.37
0.094,-4.578
-0.571,-4.497
-2.049,-4.502
-2.543,-4.54
2.671,-4.452
1.631,-0.285
0.247,-0.114
0.045,-0.186
-0.227,-0.13
-0.113,-0.139
-0.31,-0.268
-0.608,-0.016
-0.806,-0.06
-1.104,-0.267
-1.94,0.053
-2.148,0.073
-2.834,-0.181
-3.012,0.077
2.742,-0.161
-0.368,-3.483
-1.533,-2.536
-2.488,-3.512
-2.473,-0.933
-2.12,-1.797
-2.273,-2.573
3.088,-3.031
3.111,-1.036
3.027,-2.54
2.986,-2.214
3.034,-2.025
0.548,-1.545
-0.424,-2.942
-0.96,-0.65
3.138,-3.939
-2.321,-0.575
-3.113,-0.372
2.784,-0.478
2.823,-0.325
2.556,-0.462
0.849,-4.073
3.117,-4.027
-3.081,-4.301
3.014,0.141
2.516,-0.116
-3.12,-0.109
-1.489,-0.2
-1.604,0.002
-1.716,-0.348
-1.989,-0.315
-2.113,-0.13
-2.521,-0.234
2.596,0.007
2.51,-0.261
-0.062,-3.845
-1.013,-2.825
-1.238,-0.439
-2.842,-3.854
1.609,-4.73
-0.545,-0.347
2.401,-2.845
2.356,-1.229
2.207,-3.296
2.287,-2.826
2.268,-2.623
2.265,-3.274
2.102,-1.621
2.215,-2.468
2.187,-3.882
2.123,-1.781
1.975,-3.637
1.99,-1.783
1.463,-2.892
1.289,-3.032
1.384,-2.895
1.214,-2.57
1.17,-2.575
1.096,-0.511
1.157,-1.305
1.143,-2.939
1.004,-3.023
0.79,-0.774
0.776,-1.858
0.738,-3.224
0.82,-2.998
0.706,-3.246
0.603,-3.274
0.457,-0.635
0.439,-1.527
0.399,-0.565
0.378,-4.243
0.414,-2.8
0.029,-3.243
0.041,-2.662
0.047,-2.676
-0.055,-2.637
-0.265,-2.301
-0.16,-3.265
-0.309,-3.858
-0.237,-3.614
-0.239,-2.87
-0.287,-1.535
-0.296,-4.241
-0.5,-1.714
-0.416,-1.849
-0.509,-2.137
-0.819,-1.467
-0.708,-1.351
-0.991,-2.0
-1.147,-2.968
-1.184,-2.94
-1.193,-2.114
-1.75,-1.258
-1.916,-3.229
-1.804,-2.458
-1.847,-2.364
-1.939,-3.207
-2.105,-0.561
-2.115,-3.274
-2.259,-3.051
-2.194,-3.422
-2.337,-1.914
-2.449,-2.427
-2.358,-0.401
-2.364,-2.265
-2.471,-2.49
-2.485,-2.151
-2.533,-2.469
-2.423,-4.119
-2.464,-4.066
-2.463,-2.044
-2.654,-3.288
-2.767,-2.535
-2.984,-4.093
-3.015,-3.896
-3.038,-3.429
3.104,-3.729
2.745,-2.862
2.754,-2.868
2.76,-4.134
2.636,-3.93
2.502,-1.706
2.492,-2.804
2.325,-1.748
1.56,-4.617
1.426,-4.557
1.305,-4.45
0.827,-4.498
0.092,-4.706
-0.573,-4.625
-2.051,-4.63
-2.545,-4.668
2.669,-4.58
1.629,-0.413
0.245,-0.242
0.043,-0.314
-0.229,-0.258
-0.115,-0.267
-0.312,-0.396
-0.61,-0.144
-0.808,-0.188
-1.106,-0.395
-1.942,-0.075
-2.15,-0.055
-2.836,-0.309
-3.014,-0.051
2.74,-0.289
-0.37,-3.611
-1.535,-2.664
-2.49,-3.64
-2.475,-1.061
-2.122,-1.925
-2.275,-2.701
3.086,-3.159
3.109,-1.164
3.025,-2.668
2.984,-2.342
3.032,-2.153
0.546,-1.673
-0.426,-3.07
-0.962,-0.778
3.136,-4.067
-2.323,-0.703
-3.115,-0.5
2.782,-0.606
2.821,-0.453
2.554,-0.59
0.847,-4.201
3.115,-4.155
-3.083,-4.429
3.012,0.013
2.514,-0.244
-3.122,-0.237
-0.115,0.202
-0.227,-0.148
-0.5,-0.115
-0.624,0.07
-1.032,-0.034
-2.198,0.207
-2.284,-0.061
1.427,-3.645
0.476,-2.625
0.251,-0.239
-1.353,-3.654
3.098,-4.53
0.944,-0.147
-2.393,-2.645
-2.438,-1.029
-2.587,-3.096
-2.507,-2.626
-2.526,-2.423
-2.529,-3.074
-2.692,-1.421
-2.579,-2.268
-2.607,-3.682
-2.671,-1.581
-2.819,-3.437
-2.804,-1.583
2.952,-2.692
2.778,-2.832
2.873,-2.695
2.703,-2.37
2.659,-2.375
2.585,-0.311
2.646,-1.105
2.632,-2.739
2.493,-2.823
2.279,-0.574
2.265,-1.658
2.227,-3.024
2.309,-2.798
2.195,-3.046
2.092,-3.074
1.946,-0.435
1.928,-1.327
1.888,-0.365
1.867,-4.043
1.903,-2.6
1.518,-3.043
1.53,-2.462
1.536,-2.476
1.434,-2.437
1.224,-2.101
1.329,-3.065
1.18,-3.658
1.252,-3.414
1.25,-2.67
1.202,-1.335
1.193,-4.041
0.989,-1.514
1.073,-1.649
0.98,-1.937
0.67,-1.267
0.781,-1.151
0.498,-1.8
0.342,-2.768
0.305,-2.74
0.296,-1.914
-0.261,-1.058
-0.427,-3.029
-0.315,-2.258
-0.358,-2.164
-0.45,-3.007
-0.616,-0.361
-0.626,-3.074
-0.77,-2.851
-0.705,-3.222
-0.848,-1.714
-0.96,-2.227
-0.869,-0.201
-0.875,-2.065
-0.982,-2.29
-0.996,-1.951
-1.044,-2.269
-0.934,-3.919
-0.975,-3.866
-0.974,-1.844
-1.165,-3.088
-1.278,-2.335
-1.495,-3.893
-1.526,-3.696
-1.549,-3.229
-1.69,-3.529
-2.049,-2.662
-2.04,-2.668
-2.034,-3.934
-2.158,-3.73
-2.292,-1.506
-2.302,-2.604
-2.469,-1.548
3.049,-4.417
2.915,-4.357
2.794,-4.25
2.316,-4.298
1.581,-4.506
0.916,-4.425
-0.562,-4.43
-1.056,-4.468
-2.125,-4.38
3.118,-0.213
1.734,-0.042
1.532,-0.114
1.26,-0.058
1.374,-0.067
1.177,-0.196
0.879,0.056
0.681,0.012
0.383,-0.195
-0.453,0.125
-0.661,0.145
-1.347,-0.109
-1.525,0.149
-2.054,-0.089
1.119,-3.411
-0.046,-2.464
-1.001,-3.44
-0.986,-0.861
-0.633,-1.725
-0.786,-2.501
-1.708,-2.959
-1.685,-0.964
-1.769,-2.468
-1.81,-2.142
-1.762,-1.953
2.035,-1.473
1.063,-2.87
0.527,-0.578
-1.658,-3.867
-0.834,-0.503
-1.626,-0.3
-2.012,-0.406
-1.973,-0.253
-2.24,-0.39
2.336,-4.001
-1.679,-3.955
-1.594,-4.229
-1.782,0.213
-2.28,-0.044
-1.633,-0.037
-0.112,-0.35
-0.385,-0.317
-0.509,-0.132
-0.917,-0.236
-2.083,0.005
-2.169,-0.263
1.542,-3.847
0.591,-2.827
0.366,-0.441
-1.238,-3.856
-3.07,-4.732
1.059,-0.349
-2.278,-2.847
-2.323,-1.231
-2.472,-3.298
-2.392,-2.828
-2.411,-2.625
-2.414,-3.276
-2.577,-1.623
-2.464,-2.47
-2.492,-3.884
-2.556,-1.783
-2.704,-3.639
-2.689,-1.785
3.067,-2.894
2.893,-3.034
2.988,-2.897
2.818,-2.572
2.774,-2.577
2.7,-0.513
2.761,-1.307
2.747,-2.941
2.608,-3.025
2.394,-0.776
2.38,-1.86
2.342,-3.226
2.424,-3.0
2.31,-3.248
2.207,-3.276
2.061,-0.637
2.043,-1.529
2.003,-0.567
1.982,-4.245
2.018,-2.802
1.633,-3.245
1.645,-2.664
1.651,-2.678
1.549,-2.639
1.339,-2.303
1.444,-3.267
1.295,-3.86
1.367,-3.616
1.365,-2.872
1.317,-1.537
1.308,-4.243
1.104,-1.716
1.188,-1.851
1.095,-2.139
0.785,-1.469
0.896,-1.353
0.613,-2.002
0.457,-2.97
0.42,-2.942
0.411,-2.116
-0.146,-1.26
-0.312,-3.231
-0.2,-2.46
-0.243,-2.366
-0.335,-3.209
-0.501,-0.563
-0.511,-3.276
-0.655,-3.053
-0.59,-3.424
-0.733,-1.916
-0.845,-2.429
-0.754,-0.403
-0.76,-2.267
-0.867,-2.492
-0.881,-2.153
-0.929,-2.471
-0.819,-4.121
-0.86,-4.068
-0.859,-2.046
-1.05,-3.29
-1.163,-2.537
-1.38,-4.095
-1.411,-3.898
-1.434,-3.431
-1.575,-3.731
-1.934,-2.864
-1.925,-2.87
-1.919,-4.136
-2.043,-3.932
-2.177,-1.708
-2.187,-2.806
-2.354,-1.75
-3.119,-4.619
3.03,-4.559
2.909,-4.452
2.431,-4.5
1.696,-4.708
1.031,-4.627
-0.447,-4.632
-0.941,-4.67
-2.01,-4.582
-3.05,-0.415
1.849,-0.244
1.647,-0.316
1.375,-0.26
1.489,-0.269
1.292,-0.398
0.994,-0.146
0.796,-0.19
0.498,-0.397
-0.338,-0.077
-0.546,-0.057
-1.232,-0.311
-1.41,-0.053
-1.939,-0.291
1.234,-3.613
0.069,-2.666
-0.886,-3.642
-0.871,-1.063
-0.518,-1.927
-0.671,-2.703
-1.593,-3.161
-1.57,-1.166
-1.654,-2.67
-1.695,-2.344
-1.647,-2.155
2.15,-1.675
1.178,-3.072
0.642,-0.78
-1.543,-4.069
-0.719,-0.705
-1.511,-0.502
-1.897,-0.608
-1.858,-0.455
-2.125,-0.592
2.451,-4.203
-1.564,-4.157
-1.479,-4.431
-1.667,0.011
-2.165,-0.246
-1.518,-0.239
-0.273,0.033
-0.397,0.218
-0.805,0.114
-1.971,0.355
-2.057,0.087
1.654,-3.497
0.703,-2.477
0.478,-0.091
-1.126,-3.506
-2.958,-4.382
1.171,0.001
-2.166,-2.497
-2.211,-0.881
-2.36,-2.948
-2.28,-2.478
-2.299,-2.275
-2.302,-2.926
-2.465,-1.273
-2.352,-2.12
-2.38,-3.534
-2.444,-1.433
-2.592,-3.289
-2.577,-1.435
-3.104,-2.544
3.005,-2.684
3.1,-2.547
2.93,-2.222
2.886,-2.227
2.812,-0.163
2.873,-0.957
2.859,-2.591
2.72,-2.675
2.506,-0.426
2.492,-1.51
2.454,-2.876
2.536,-2.65
2.422,-2.898
2.319,-2.926
2.173,-0.287
2.155,-1.179
2.115,-0.217
2.094,-3.895
2.13,-2.452
1.745,-2.895
1.757,-2.314
1.763,-2.328
1.661,-2.289
1.451,-1.953
1.556,-2.917
1.407,-3.51
1.479,-3.266
1.477,-2.522
1.429,-1.187
1.42,-3.893
1.216,-1.366
1.3,-1.501
1.207,-1.789
0.897,-1.119
1.008,-1.003
0.725,-1.652
0.569,-2.62
0.532,-2.592
0.523,-1.766
-0.034,-0.91
-0.2,-2.881
-0.088,-2.11
-0.131,-2.016
-0.223,-2.859
-0.389,-0.213
-0.399,-2.926
-0.543,-2.703
-0.478,-3.074
-0.621,-1.566
-0.733,-2.079
-0.642,-0.053
-0.648,-1.917
-0.755,-2.142
-0.769,-1.803
-0.817,-2.121
-0.707,-3.771
-0.748,-3.718
-0.747,-1.696
-0.938,-2.94
-1.051,-2.187
-1.268,-3.745
-1.299,-3.548
-1.322,-3.081
-1.463,-3.381
-1.822,-2.514
-1.813,-2.52
-1.807,-3.786
-1.931,-3.582
-2.065,-1.358
-2.075,-2.456
-2.242,-1.4
-3.007,-4.269
-3.141,-4.209
3.021,-4.102
2.543,-4.15
1.808,-4.358
1.143,-4.277
-0.335,-4.282
-0.829,-4.32
-1.898,-4.232
-2.938,-0.065
1.961,0.106
1.759,0.034
1.487,0.09
1.601,0.081
1.404,-0.048
1.106,0.204
0.908,0.16
0.61,-0.047
-0.226,0.273
-0.434,0.293
-1.12,0.039
-1.298,0.297
-1.827,0.059
1.346,-3.263
0.181,-2.316
-0.774,-3.292
-0.759,-0.713
-0.406,-1.577
-0.559,-2.353
-1.481,-2.811
-1.458,-0.816
-1.542,-2.32
-1.583,-1.994
-1.535,-1.805
2.262,-1.325
1.29,-2.722
0.754,-0.43
-1.431,-3.719
-0.607,-0.355
-1.399,-0.152
-1.785,-0.258
-1.746,-0.105
-2.013,-0.242
2.563,-3.853
-1.452,-3.807
-1.367,-4.081
-1.555,0.361
-2.053,0.104
-1.406,0.111
-0.124,0.185
-0.532,0.081
-1.698,0.322
-1.784,0.054
1.927,-3.53
0.976,-2.51
0.751,-0.124
-0.853,-3.539
-2.685,-4.415
1.444,-0.032
-1.893,-2.53
-1.938,-0.914
-2.087,-2.981
-2.007,-2.511
-2.026,-2.308
-2.029,-2.959
-2.192,-1.306
-2.079,-2.153
-2.107,-3.567
-2.171,-1.466
-2.319,-3.322
-2.304,-1.468
-2.831,-2.577
-3.005,-2.717
-2.91,-2.58
-3.08,-2.255
-3.124,-2.26
3.085,-0.196
-3.137,-0.99
3.132,-2.624
2.993,-2.708
2.779,-0.459
2.765,-1.543
2.727,-2.909
2.809,-2.683
2.695,-2.931
2.592,-2.959
2.446,-0.32
2.428,-1.212
2.388,-0.25
2.367,-3.928
2.403,-2.485
2.018,-2.928
2.03,-2.347
2.036,-2.361
1.934,-2.322
1.724,-1.986
1.829,-2.95
1.68,-3.543
1.752,-3.299
1.75,-2.555
1.702,-1.22
1.693,-3.926
1.489,-1.399
1.573,-1.534
1.48,-1.822
1.17,-1.152
1.281,-1.036
0.998,-1.685
0.842,-2.653
0.805,-2.625
0.796,-1.799
0.239,-0.943
0.073,-2.914
0.185,-2.143
0.142,-2.049
0.05,-2.892
-0.116,-0.246
-0.126,-2.959
-0.27,-2.736
-0.205,-3.107
-0.348,-1.599
-0.46,-2.112
-0.369,-0.086
-0.375,-1.95
-0.482,-2.175
-0.496,-1.836
-0.544,-2.154
-0.434,-3.804
-0.475,-3.751
-0.474,-1.729
-0.665,-2.973
-0.778,-2.22
-0.995,-3.778
-1.026,-3.581
-1.049,-3.114
-1.19,-3.414
-1.549,-2.547
-1.54,-2.553
-1.534,-3.819
-1.658,-3.615
-1.792,-1.391
-1.802,-2.489
-1.969,-1.433
-2.734,-4.302
-2.868,-4.242
-2.989,-4.135
2.816,-4.183
2.081,-4.391
1.416,-4.31
-0.062,-4.315
-0.556,-4.353
-1.625,-4.265
-2.665,-0.098
2.234,0.073
2.032,0.001
1.76,0.057
1.874,0.048
1.677,-0.081
1.379,0.171
1.181,0.127
0.883,-0.08
0.047,0.24
-0.161,0.26
-0.847,0.006
-1.025,0.264
-1.554,0.026
1.619,-3.296
0.454,-2.349
-0.501,-3.325
-0.486,-0.746
-0.133,-1.61
-0.286,-2.386
-1.208,-2.844
-1.185,-0.849
-1.269,-2.353
-1.31,-2.027
-1.262,-1.838
2.535,-1.358
1.563,-2.755
1.027,-0.463
-1.158,-3.752
-0.334,-0.388
-1.126,-0.185
-1.512,-0.291
-1.473,-0.138
-1.74,-0.275
2.836,-3.886
-1.179,-3.84
-1.094,-4.114
-1.282,0.328
-1.78,0.071
-1.133,0.078
-0.408,-0.104
-1.574,0.137
-1.66,-0.131
2.051,-3.715
1.1,-2.695
0.875,-0.309
-0.729,-3.724
-2.561,-4.6
1.568,-0.217
-1.769,-2.715
-1.814,-1.099
-1.963,-3.166
-1.883,-2.696
-1.902,-2.493
-1.905,-3.144
-2.068,-1.491
-1.955,-2.338
-1.983,-3.752
-2.047,-1.651
-2.195,-3.507
-2.18,-1.653
-2.707,-2.762
-2.881,-2.902
-2.786,-2.765
-2.956,-2.44
-3.0,-2.445
-3.074,-0.381
-3.013,-1.175
-3.027,-2.809
3.117,-2.893
2.903,-0.644
2.889,-1.728
2.851,-3.094
2.933,-2.868
2.819,-3.116
2.716,-3.144
2.57,-0.505
2.552,-1.397
2.512,-0.435
2.491,-4.113
2.527,-2.67
2.142,-3.113
2.154,-2.532
2.16,-2.546
2.058,-2.507
1.848,-2.171
1.953,-3.135
1.804,-3.728
1.876,-3.484
1.874,-2.74
1.826,-1.405
1.817,-4.111
1.613,-1.584
1.697,-1.719
1.604,-2.007
1.294,-1.337
1.405,-1.221
1.122,-1.87
0.966,-2.838
0.929,-2.81
0.92,-1.984
0.363,-1.128
0.197,-3.099
0.309,-2.328
0.266,-2.234
0.174,-3.077
0.008,-0.431
-0.002,-3.144
-0.146,-2.921
-0.081,-3.292
-0.224,-1.784
-0.336,-2.297
-0.245,-0.271
-0.251,-2.135
-0.358,-2.36
-0.372,-2.021
-0.42,-2.339
-0.31,-3.989
-0.351,-3.936
-0.35,-1.914
-0.541,-3.158
-0.654,-2.405
-0.871,-3.963
-0.902,-3.766
-0.925,-3.299
-1.066,-3.599
-1.425,-2.732
-1.416,-2.738
-1.41,-4.004
-1.534,-3.8
-1.668,-1.576
-1.678,-2.674
-1.845,-1.618
-2.61,-4.487
-2.744,-4.427
-2.865,-4.32
2.94,-4.368
2.205,-4.576
1.54,-4.495
0.062,-4.5
-0.432,-4.538
-1.501,-4.45
-2.541,-0.283
2.358,-0.112
2.156,-0.184
1.884,-0.128
1.998,-0.137
1.801,-0.266
1.503,-0.014
1.305,-0.058
1.007,-0.265
0.171,0.055
-0.037,0.075
-0.723,-0.179
-0.901,0.079
-1.43,-0.159
1.743,-3.481
0.578,-2.534
-0.377,-3.51
-0.362,-0.931
-0.009,-1.795
-0.162,-2.571
-1.084,-3.029
-1.061,-1.034
-1.145,-2.538
-1.186,-2.212
-1.138,-2.023
2.659,-1.543
1.687,-2.94
1.151,-0.648
-1.034,-3.937
-0.21,-0.573
-1.002,-0.37
-1.388,-0.476
-1.349,-0.323
-1.616,-0.46
2.96,-4.071
-1.055,-4.025
-0.97,-4.299
-1.158,0.143
-1.656,-0.114
-1.009,-0.107
-1.166,0.241
-1.252,-0.027
2.459,-3.611
1.508,-2.591
1.283,-0.205
-0.321,-3.62
-2.153,-4.496
1.976,-0.113
-1.361,-2.611
-1.406,-0.995
-1.555,-3.062
-1.475,-2.592
-1.494,-2.389
-1.497,-3.04
-1.66,-1.387
-1.547,-2.234
-1.575,-3.648
-1.639,-1.547
-1.787,-3.403
-1.772,-1.549
-2.299,-2.658
-2.473,-2.798
-2.378,-2.661
-2.548,-2.336
-2.592,-2.341
-2.666,-0.277
-2.605,-1.071
-2.619,-2.705
-2.758,-2.789
-2.972,-0.54
-2.986,-1.624
-3.024,-2.99
-2.942,-2.764
-3.056,-3.012
3.124,-3.04
2.978,-0.401
2.96,-1.293
2.92,-0.331
2.899,-4.009
2.935,-2.566
2.55,-3.009
2.562,-2.428
2.568,-2.442
2.466,-2.403
2.256,-2.067
2.361,-3.031
2.212,-3.624
2.284,-3.38
2.282,-2.636
2.234,-1.301
2.225,-4.007
2.021,-1.48
2.105,-1.615
2.012,-1.903
1.702,-1.233
1.813,-1.117
1.53,-1.766
1.374,-2.734
1.337,-2.706
1.328,-1.88
0.771,-1.024
0.605,-2.995
0.717,-2.224
0.674,-2.13
0.582,-2.973
0.416,-0.327
0.406,-3.04
0.262,-2.817
0.327,-3.188
0.184,-1.68
0.072,-2.193
0.163,-0.167
0.157,-2.031
0.05,-2.256
0.036,-1.917
-0.012,-2.235
0.098,-3.885
0.057,-3.832
0.058,-1.81
-0.133,-3.054
-0.246,-2.301
-0.463,-3.859
-0.494,-3.662
-0.517,-3.195
-0.658,-3.495
-1.017,-2.628
-1.008,-2.634
-1.002,-3.9
-1.126,-3.696
-1.26,-1.472
-1.27,-2.57
-1.437,-1.514
-2.202,-4.383
-2.336,-4.323
-2.457,-4.216
-2.935,-4.264
2.613,-4.472
1.948,-4.391
0.47,-4.396
-0.024,-4.434
-1.093,-4.346
-2.133,-0.179
2.766,-0.008
2.564,-0.08
2.292,-0.024
2.406,-0.033
2.209,-0.162
1.911,0.09
1.713,0.046
1.415,-0.161
0.579,0.159
0.371,0.179
-0.315,-0.075
-0.493,0.183
-1.022,-0.055
2.151,-3.377
0.986,-2.43
0.031,-3.406
0.046,-0.827
0.399,-1.691
0.246,-2.467
-0.676,-2.925
-0.653,-0.93
-0.737,-2.434
-0.778,-2.108
-0.73,-1.919
3.067,-1.439
2.095,-2.836
1.559,-0.544
-0.626,-3.833
0.198,-0.469
-0.594,-0.266
-0.98,-0.372
-0.941,-0.219
-1.208,-0.356
-2.915,-3.967
-0.647,-3.921
-0.562,-4.195
-0.75,0.247
-1.248,-0.01
-0.601,-0.003
-0.086,-0.268
-2.658,-3.852
2.674,-2.832
2.449,-0.446
0.845,-3.861
-0.987,-4.737
-3.141,-0.354
-0.195,-2.852
-0.24,-1.236
-0.389,-3.303
-0.309,-2.833
-0.328,-2.63
-0.331,-3.281
-0.494,-1.628
-0.381,-2.475
-0.409,-3.889
-0.473,-1.788
-0.621,-3.644
-0.606,-1.79
-1.133,-2.899
-1.307,-3.039
-1.212,-2.902
-1.382,-2.577
-1.426,-2.582
-1.5,-0.518
-1.439,-1.312
-1.453,-2.946
-1.592,-3.03
-1.806,-0.781
-1.82,-1.865
-1.858,-3.231
-1.776,-3.005
-1.89,-3.253
-1.993,-3.281
-2.139,-0.642
-2.157,-1.534
-2.197,-0.572
-2.218,-4.25
-2.182,-2.807
-2.567,-3.25
-2.555,-2.669
-2.549,-2.683
-2.651,-2.644
-2.861,-2.308
-2.756,-3.272
-2.905,-3.865
-2.833,-3.621
-2.835,-2.877
-2.883,-1.542
-2.892,-4.248
-3.096,-1.721
-3.012,-1.856
-3.105,-2.144
2.868,-1.474
2.979,-1.358
2.696,-2.007
2.54,-2.975
2.503,-2.947
2.494,-2.121
1.937,-1.265
1.771,-3.236
1.883,-2.465
1.84,-2.371
1.748,-3.214
1.582,-0.568
1.572,-3.281
1.428,-3.058
1.493,-3.429
1.35,-1.921
1.238,-2.434
1.329,-0.408
1.323,-2.272
1.216,-2.497
1.202,-2.158
1.154,-2.476
1.264,-4.126
1.223,-4.073
1.224,-2.051
1.033,-3.295
0.92,-2.542
0.703,-4.1
0.672,-3.903
0.649,-3.436
0.508,-3.736
0.149,-2.869
0.158,-2.875
0.164,-4.141
0.04,-3.937
-0.094,-1.713
-0.104,-2.811
-0.271,-1.755
-1.036,-4.624
-1.17,-4.564
-1.291,-4.457
-1.769,-4.505
-2.504,-4.713
3.114,-4.632
1.636,-4.637
1.142,-4.675
0.073,-4.587
-0.967,-0.42
-2.351,-0.249
-2.553,-0.321
-2.825,-0.265
-2.711,-0.274
-2.908,-0.403
3.077,-0.151
2.879,-0.195
2.581,-0.402
1.745,-0.082
1.537,-0.062
0.851,-0.316
0.673,-0.058
0.144,-0.296
-2.966,-3.618
2.152,-2.671
1.197,-3.647
1.212,-1.068
1.565,-1.932
1.412,-2.708
0.49,-3.166
0.513,-1.171
0.429,-2.675
0.388,-2.349
0.436,-2.16
-2.05,-1.68
-3.022,-3.077
2.725,-0.785
0.54,-4.074
1.364,-0.71
0.572,-0.507
0.186,-0.613
0.225,-0.46
-0.042,-0.597
-1.749,-4.208
0.519,-4.162
0.604,-4.436
0.416,0.006
-0.082,-0.251
0.565,-0.244
-2.572,-3.584
2.76,-2.564
2.535,-0.178
0.931,-3.593
-0.901,-4.469
-3.055,-0.086
-0.109,-2.584
-0.154,-0.968
-0.303,-3.035
-0.223,-2.565
-0.242,-2.362
-0.245,-3.013
-0.408,-1.36
-0.295,-2.207
-0.323,-3.621
-0.387,-1.52
-0.535,-3.376
-0.52,-1.522
-1.047,-2.631
-1.221,-2.771
-1.126,-2.634
-1.296,-2.309
-1.34,-2.314
-1.414,-0.25
-1.353,-1.044
-1.367,-2.678
-1.506,-2.762
-1.72,-0.513
-1.734,-1.597
-1.772,-2.963
-1.69,-2.737
-1.804,-2.985
-1.907,-3.013
-2.053,-0.374
-2.071,-1.266
-2.111,-0.304
-2.132,-3.982
-2.096,-2.539
-2.481,-2.982
-2.469,-2.401
-2.463,-2.415
-2.565,-2.376
-2.775,-2.04
-2.67,-3.004
-2.819,-3.597
-2.747,-3.353
-2.749,-2.609
-2.797,-1.274
-2.806,-3.98
-3.01,-1.453
-2.926,-1.588
-3.019,-1.876
2.954,-1.206
3.065,-1.09
2.782,-1.739
2.626,-2.707
2.589,-2.679
2.58,-1.853
2.023,-0.997
1.857,-2.968
1.969,-2.197
1.926,-2.103
1.834,-2.946
1.668,-0.3
1.658,-3.013
1.514,-2.79
1.579,-3.161
1.436,-1.653
1.324,-2.166
1.415,-0.14
1.409,-2.004
1.302,-2.229
1.288,-1.89
1.24,-2.208
1.35,-3.858
1.309,-3.805
1.31,-1.783
1.119,-3.027
1.006,-2.274
0.789,-3.832
0.758,-3.635
0.735,-3.168
0.594,-3.468
0.235,-2.601
0.244,-2.607
0.25,-3.873
0.126,-3.669
-0.008,-1.445
-0.018,-2.543
-0.185,-1.487
-0.95,-4.356
-1.084,-4.296
-1.205,-4.189
-1.683,-4.237
-2.418,-4.445
-3.083,-4.364
1.722,-4.369
1.228,-4.407
0.159,-4.319
-0.881,-0.152
-2.265,0.019
-2.467,-0.053
-2.739,0.003
-2.625,-0.006
-2.822,-0.135
-3.12,0.117
2.965,0.073
2.667,-0.134
1.831,0.186
1.623,0.206
0.937,-0.048
0.759,0.21
0.23,-0.028
-2.88,-3.35
2.238,-2.403
1.283,-3.379
1.298,-0.8
1.651,-1.664
1.498,-2.44
0.576,-2.898
0.599,-0.903
0.515,-2.407
0.474,-2.081
0.522,-1.892
-1.964,-1.412
-2.936,-2.809
2.811,-0.517
0.626,-3.806
1.45,-0.442
0.658,-0.239
0.272,-0.345
0.311,-0.192
0.044,-0.329
-1.663,-3.94
0.605,-3.894
0.69,-4.168
0.502,0.274
0.004,0.017
0.651,0.024
-0.951,1.02
-1.176,3.406
-2.78,-0.009
1.671,-0.885
-0.483,3.498
2.463,1.0
2.418,2.616
2.269,0.549
2.349,1.019
2.33,1.222
2.327,0.571
2.164,2.224
2.277,1.377
2.249,-0.037
2.185,2.064
2.037,0.208
2.052,2.062
1.525,0.953
1.351,0.813
1.446,0.95
1.276,1.275
1.232,1.27
1.158,3.334
1.219,2.54
1.205,0.906
1.066,0.822
0.852,3.071
0.838,1.987
0.8,0.621
0.882,0.847
0.768,0.599
0.665,0.571
0.519,3.21
0.501,2.318
0.461,3.28
0.44,-0.398
0.476,1.045
0.091,0.602
0.103,1.183
0.109,1.169
0.007,1.208
-0.203,1.544
-0.098,0.58
-0.247,-0.013
-0.175,0.231
-0.177,0.975
-0.225,2.31
-0.234,-0.396
-0.438,2.131
-0.354,1.996
-0.447,1.708
-0.757,2.378
-0.646,2.494
-0.929,1.845
-1.085,0.877
-1.122,0.905
-1.131,1.731
-1.688,2.587
-1.854,0.616
-1.742,1.387
-1.785,1.481
-1.877,0.638
-2.043,3.284
-2.053,0.571
-2.197,0.794
-2.132,0.423
-2.275,1.931
-2.387,1.418
-2.296,3.444
-2.302,1.58
-2.409,1.355
-2.423,1.694
-2.471,1.376
-2.361,-0.274
-2.402,-0.221
-2.401,1.801
-2.592,0.557
-2.705,1.31
-2.922,-0.248
-2.953,-0.051
-2.976,0.416
-3.117,0.116
2.807,0.983
2.816,0.977
2.822,-0.289
2.698,-0.085
2.564,2.139
2.554,1.041
2.387,2.097
1.622,-0.772
1.488,-0.712
1.367,-0.605
0.889,-0.653
0.154,-0.861
-0.511,-0.78
-1.989,-0.785
-2.483,-0.823
2.731,-0.735
1.691,3.432
0.307,3.603
0.105,3.531
-0.167,3.587
-0.053,3.578
-0.25,3.449
-0.548,3.701
-0.746,3.657
-1.044,3.45
-1.88,3.77
-2.088,3.79
-2.774,3.536
-2.952,3.794
2.802,3.556
-0.308,0.234
-1.473,1.181
-2.428,0.205
-2.413,2.784
-2.06,1.92
-2.213,1.144
-3.135,0.686
-3.112,2.681
3.087,1.177
3.046,1.503
3.094,1.692
0.608,2.172
-0.364,0.775
-0.9,3.067
-3.085,-0.222
-2.261,3.142
-3.053,3.345
2.844,3.239
2.883,3.392
2.616,3.255
0.909,-0.356
-3.106,-0.31
-3.021,-0.584
3.074,3.858
2.576,3.601
-3.06,3.608
-0.225,2.386
-1.829,-1.029
2.622,-1.905
0.468,2.478
-2.869,-0.02
-2.914,1.596
-3.063,-0.471
-2.983,-0.001
-3.002,0.202
-3.005,-0.449
3.115,1.204
-3.055,0.357
-3.083,-1.057
3.136,1.044
2.988,-0.812
3.003,1.042
2.476,-0.067
2.302,-0.207
2.397,-0.07
2.227,0.255
2.183,0.25
2.109,2.314
2.17,1.52
2.156,-0.114
2.017,-0.198
1.803,2.051
1.789,0.967
1.751,-0.399
1.833,-0.173
1.719,-0.421
1.616,-0.449
1.47,2.19
1.452,1.298
1.412,2.26
1.391,-1.418
1.427,0.025
1.042,-0.418
1.054,0.163
1.06,0.149
0.958,0.188
0.748,0.524
0.853,-0.44
0.704,-1.033
0.776,-0.789
0.774,-0.045
0.726,1.29
0.717,-1.416
0.513,1.111
0.597,0.976
0.504,0.688
0.194,1.358
0.305,1.474
0.022,0.825
-0.134,-0.143
-0.171,-0.115
-0.18,0.711
-0.737,1.567
-0.903,-0.404
-0.791,0.367
-0.834,0.461
-0.926,-0.382
-1.092,2.264
-1.102,-0.449
-1.246,-0.226
-1.181,-0.597
-1.324,0.911
-1.436,0.398
-1.345,2.424
-1.351,0.56
-1.458,0.335
-1.472,0.674
-1.52,0.356
-1.41,-1.294
-1.451,-1.241
-1.45,0.781
-1.641,-0.463
-1.754,0.29
-1.971,-1.268
-2.002,-1.071
-2.025,-0.604
-2.166,-0.904
-2.525,-0.037
-2.516,-0.043
-2.51,-1.309
-2.634,-1.105
-2.768,1.119
-2.778,0.021
-2.945,1.077
2.573,-1.792
2.439,-1.732
2.318,-1.625
1.84,-1.673
1.105,-1.881
0.44,-1.8
-1.038,-1.805
-1.532,-1.843
-2.601,-1.755
2.642,2.412
1.258,2.583
1.056,2.511
0.784,2.567
0.898,2.558
0.701,2.429
0.403,2.681
0.205,2.637
-0.093,2.43
-0.929,2.75
-1.137,2.77
-1.823,2.516
-2.001,2.774
-2.53,2.536
0.643,-0.786
-0.522,0.161
-1.477,-0.815
-1.462,1.764
-1.109,0.9
-1.262,0.124
-2.184,-0.334
-2.161,1.661
-2.245,0.157
-2.286,0.483
-2.238,0.672
1.559,1.152
0.587,-0.245
0.051,2.047
-2.134,-1.242
-1.31,2.122
-2.102,2.325
-2.488,2.219
-2.449,2.372
-2.716,2.235
1.86,-1.376
-2.155,-1.33
-2.07,-1.604
-2.258,2.838
-2.756,2.581
-2.109,2.588
-1.604,-3.415
2.847,-4.291
0.693,0.092
-2.644,-2.406
-2.689,-0.79
-2.838,-2.857
-2.758,-2.387
-2.777,-2.184
-2.78,-2.835
-2.943,-1.182
-2.83,-2.029
-2.858,-3.443
-2.922,-1.342
-3.07,-3.198
-3.055,-1.344
2.701,-2.453
2.527,-2.593
2.622,-2.456
2.452,-2.131
2.408,-2.136
2.334,-0.072
2.395,-0.866
2.381,-2.5
2.242,-2.584
2.028,-0.335
2.014,-1.419
1.976,-2.785
2.058,-2.559
1.944,-2.807
1.841,-2.835
1.695,-0.196
1.677,-1.088
1.637,-0.126
1.616,-3.804
1.652,-2.361
1.267,-2.804
1.279,-2.223
1.285,-2.237
1.183,-2.198
0.973,-1.862
1.078,-2.826
0.929,-3.419
1.001,-3.175
0.999,-2.431
0.951,-1.096
0.942,-3.802
0.738,-1.275
0.822,-1.41
0.729,-1.698
0.419,-1.028
0.53,-0.912
0.247,-1.561
0.091,-2.529
0.054,-2.501
0.045,-1.675
-0.512,-0.819
-0.678,-2.79
-0.566,-2.019
-0.609,-1.925
-0.701,-2.768
-0.867,-0.122
-0.877,-2.835
-1.021,-2.612
-0.956,-2.983
-1.099,-1.475
-1.211,-1.988
-1.12,0.038
-1.126,-1.826
-1.233,-2.051
-1.247,-1.712
-1.295,-2.03
-1.185,-3.68
-1.226,-3.627
-1.225,-1.605
-1.416,-2.849
-1.529,-2.096
-1.746,-3.654
-1.777,-3.457
-1.8,-2.99
-1.941,-3.29
-2.3,-2.423
-2.291,-2.429
-2.285,-3.695
-2.409,-3.491
-2.543,-1.267
-2.553,-2.365
-2.72,-1.309
2.798,-4.178
2.664,-4.118
2.543,-4.011
2.065,-4.059
1.33,-4.267
0.665,-4.186
-0.813,-4.191
-1.307,-4.229
-2.376,-4.141
2.867,0.026
1.483,0.197
1.281,0.125
1.009,0.181
1.123,0.172
0.926,0.043
0.628,0.295
0.43,0.251
0.132,0.044
-0.704,0.364
-0.912,0.384
-1.598,0.13
-1.776,0.388
-2.305,0.15
0.868,-3.172
-0.297,-2.225
-1.252,-3.201
-1.237,-0.622
-0.884,-1.486
-1.037,-2.262
-1.959,-2.72
-1.936,-0.725
-2.02,-2.229
-2.061,-1.903
-2.013,-1.714
1.784,-1.234
0.812,-2.631
0.276,-0.339
-1.909,-3.628
-1.085,-0.264
-1.877,-0.061
-2.263,-0.167
-2.224,-0.014
-2.491,-0.151
2.085,-3.762
-1.93,-3.716
-1.845,-3.99
-2.033,0.452
-2.531,0.195
-1.884,0.202
-1.832,-0.876
2.297,3.507
-1.04,1.009
-1.085,2.625
-1.234,0.558
-1.154,1.028
-1.173,1.231
-1.176,0.58
-1.339,2.233
-1.226,1.386
-1.254,-0.028
-1.318,2.073
-1.466,0.217
-1.451,2.071
-1.978,0.962
-2.152,0.822
-2.057,0.959
-2.227,1.284
-2.271,1.279
-2.345,3.343
-2.284,2.549
-2.298,0.915
-2.437,0.831
-2.651,3.08
-2.665,1.996
-2.703,0.63
-2.621,0.856
-2.735,0.608
-2.838,0.58
-2.984,3.219
-3.002,2.327
-3.042,3.289
-3.063,-0.389
-3.027,1.054
2.871,0.611
2.883,1.192
2.889,1.178
2.787,1.217
2.577,1.553
2.682,0.589
2.533,-0.004
2.605,0.24
2.603,0.984
2.555,2.319
2.546,-0.387
2.342,2.14
2.426,2.005
2.333,1.717
2.023,2.387
2.134,2.503
1.851,1.854
1.695,0.886
1.658,0.914
1.649,1.74
1.092,2.596
0.926,0.625
1.038,1.396
0.995,1.49
0.903,0.647
0.737,3.293
0.727,0.58
0.583,0.803
0.648,0.432
0.505,1.94
0.393,1.427
0.484,3.453
0.478,1.589
0.371,1.364
0.357,1.703
0.309,1.385
0.419,-0.265
0.378,-0.212
0.379,1.81
0.188,0.566
0.075,1.319
-0.142,-0.239
-0.173,-0.042
-0.196,0.425
-0.337,0.125
-0.696,0.992
-0.687,0.986
-0.681,-0.28
-0.805,-0.076
-0.939,2.148
-0.949,1.05
-1.116,2.106
-1.881,-0.763
-2.015,-0.703
-2.136,-0.596
-2.614,-0.644
2.934,-0.852
2.269,-0.771
0.791,-0.776
0.297,-0.814
-0.772,-0.726
-1.812,3.441
3.087,3.612
2.885,3.54
2.613,3.596
2.727,3.587
2.53,3.458
2.232,3.71
2.034,3.666
1.736,3.459
0.9,3.779
0.692,3.799
0.006,3.545
-0.172,3.803
-0.701,3.565
2.472,0.243
1.307,1.19
0.352,0.214
0.367,2.793
0.72,1.929
0.567,1.153
-0.355,0.695
-0.332,2.69
-0.416,1.186
-0.457,1.512
-0.409,1.701
-2.895,2.181
2.416,0.784
1.88,3.076
-0.305,-0.213
0.519,3.151
-0.273,3.354
-0.659,3.248
-0.62,3.401
-0.887,3.264
-2.594,-0.347
-0.326,-0.301
-0.241,-0.575
-0.429,3.867
-0.927,3.61
-0.28,3.617
-2.154,4.383
0.792,1.885
0.747,3.501
0.598,1.434
0.678,1.904
0.659,2.107
0.656,1.456
0.493,3.109
0.606,2.262
0.578,0.848
0.514,2.949
0.366,1.093
0.381,2.947
-0.146,1.838
-0.32,1.698
-0.225,1.835
-0.395,2.16
-0.439,2.155
-0.513,4.219
-0.452,3.425
-0.466,1.791
-0.605,1.707
-0.819,3.956
-0.833,2.872
-0.871,1.506
-0.789,1.732
-0.903,1.484
-1.006,1.456
-1.152,4.095
-1.17,3.203
-1.21,4.165
-1.231,0.487
-1.195,1.93
-1.58,1.487
-1.568,2.068
-1.562,2.054
-1.664,2.093
-1.874,2.429
-1.769,1.465
-1.918,0.872
-1.846,1.116
-1.848,1.86
-1.896,3.195
-1.905,0.489
-2.109,3.016
-2.025,2.881
-2.118,2.593
-2.428,3.263
-2.317,3.379
-2.6,2.73
-2.756,1.762
-2.793,1.79
-2.802,2.616
2.924,3.472
2.758,1.501
2.87,2.272
2.827,2.366
2.735,1.523
2.569,4.169
2.559,1.456
2.415,1.679
2.48,1.308
2.337,2.816
2.225,2.303
2.316,4.329
2.31,2.465
2.203,2.24
2.189,2.579
2.141,2.261
2.251,0.611
2.21,0.664
2.211,2.686
2.02,1.442
1.907,2.195
1.69,0.637
1.659,0.834
1.636,1.301
1.495,1.001
1.136,1.868
1.145,1.862
1.151,0.596
1.027,0.8
0.893,3.024
0.883,1.926
0.716,2.982
-0.049,0.113
-0.183,0.173
-0.304,0.28
-0.782,0.232
-1.517,0.024
-2.182,0.105
2.623,0.1
2.129,0.062
1.06,0.15
0.02,4.317
-1.364,4.488
-1.566,4.416
-1.838,4.472
-1.724,4.463
-1.921,4.334
-2.219,4.586
-2.417,4.542
-2.715,4.335
2.732,4.655
2.524,4.675
1.838,4.421
1.66,4.679
1.131,4.441
-1.979,1.119
3.139,2.066
2.184,1.09
2.199,3.669
2.552,2.805
2.399,2.029
1.477,1.571
1.5,3.566
1.416,2.062
1.375,2.388
1.423,2.577
-1.063,3.057
-2.035,1.66
-2.571,3.952
1.527,0.663
2.351,4.027
1.559,4.23
1.173,4.124
1.212,4.277
0.945,4.14
-0.762,0.529
1.506,0.575
1.591,0.301
1.403,4.743
0.905,4.486
1.552,4.493
2.946,-2.498
2.901,-0.882
2.752,-2.949
2.832,-2.479
2.813,-2.276
2.81,-2.927
2.647,-1.274
2.76,-2.121
2.732,-3.535
2.668,-1.434
2.52,-3.29
2.535,-1.436
2.008,-2.545
1.834,-2.685
1.929,-2.548
1.759,-2.223
1.715,-2.228
1.641,-0.164
1.702,-0.958
1.688,-2.592
1.549,-2.676
1.335,-0.427
1.321,-1.511
1.283,-2.877
1.365,-2.651
1.251,-2.899
1.148,-2.927
1.002,-0.288
0.984,-1.18
0.944,-0.218
0.923,-3.896
0.959,-2.453
0.574,-2.896
0.586,-2.315
0.592,-2.329
0.49,-2.29
0.28,-1.954
0.385,-2.918
0.236,-3.511
0.308,-3.267
0.306,-2.523
0.258,-1.188
0.249,-3.894
0.045,-1.367
0.129,-1.502
0.036,-1.79
-0.274,-1.12
-0.163,-1.004
-0.446,-1.653
-0.602,-2.621
-0.639,-2.593
-0.648,-1.767
-1.205,-0.911
-1.371,-2.882
-1.259,-2.111
-1.302,-2.017
-1.394,-2.86
-1.56,-0.214
-1.57,-2.927
-1.714,-2.704
-1.649,-3.075
-1.792,-1.567
-1.904,-2.08
-1.813,-0.054
-1.819,-1.918
-1.926,-2.143
-1.94,-1.804
-1.988,-2.122
-1.878,-3.772
-1.919,-3.719
-1.918,-1.697
-2.109,-2.941
-2.222,-2.188
-2.439,-3.746
-2.47,-3.549
-2.493,-3.082
-2.634,-3.382
-2.993,-2.515
-2.984,-2.521
-2.978,-3.787
-3.102,-3.583
3.047,-1.359
3.037,-2.457
2.87,-1.401
2.105,-4.27
1.971,-4.21
1.85,-4.103
1.372,-4.151
0.637,-4.359
-0.028,-4.278
-1.506,-4.283
-2.0,-4.321
-3.069,-4.233
2.174,-0.066
0.79,0.105
0.588,0.033
0.316,0.089
0.43,0.08
0.233,-0.049
-0.065,0.203
-0.263,0.159
-0.561,-0.048
-1.397,0.272
-1.605,0.292
-2.291,0.038
-2.469,0.296
-2.998,0.058
0.175,-3.264
-0.99,-2.317
-1.945,-3.293
-1.93,-0.714
-1.577,-1.578
-1.73,-2.354
-2.652,-2.812
-2.629,-0.817
-2.713,-2.321
-2.754,-1.995
-2.706,-1.806
1.091,-1.326
0.119,-2.723
-0.417,-0.431
-2.602,-3.72
-1.778,-0.356
-2.57,-0.153
-2.956,-0.259
-2.917,-0.106
3.099,-0.243
1.392,-3.854
-2.623,-3.808
-2.538,-4.082
-2.726,0.36
3.059,0.103
-2.577,0.11
-0.045,1.616
-0.194,-0.451
-0.114,0.019
-0.133,0.222
-0.136,-0.429
-0.299,1.224
-0.186,0.377
-0.214,-1.037
-0.278,1.064
-0.426,-0.792
-0.411,1.062
-0.938,-0.047
-1.112,-0.187
-1.017,-0.05
-1.187,0.275
-1.231,0.27
-1.305,2.334
-1.244,1.54
-1.258,-0.094
-1.397,-0.178
-1.611,2.071
-1.625,0.987
-1.663,-0.379
-1.581,-0.153
-1.695,-0.401
-1.798,-0.429
-1.944,2.21
-1.962,1.318
-2.002,2.28
-2.023,-1.398
-1.987,0.045
-2.372,-0.398
-2.36,0.183
-2.354,0.169
-2.456,0.208
-2.666,0.544
-2.561,-0.42
-2.71,-1.013
-2.638,-0.769
-2.64,-0.025
-2.688,1.31
-2.697,-1.396
-2.901,1.131
-2.817,0.996
-2.91,0.708
3.063,1.378
-3.109,1.494
2.891,0.845
2.735,-0.123
2.698,-0.095
2.689,0.731
2.132,1.587
1.966,-0.384
2.078,0.387
2.035,0.481
1.943,-0.362
1.777,2.284
1.767,-0.429
1.623,-0.206
1.688,-0.577
1.545,0.931
1.433,0.418
1.524,2.444
1.518,0.58
1.411,0.355
1.397,0.694
1.349,0.376
1.459,-1.274
1.418,-1.221
1.419,0.801
1.228,-0.443
1.115,0.31
0.898,-1.248
0.867,-1.051
0.844,-0.584
0.703,-0.884
0.344,-0.017
0.353,-0.023
0.359,-1.289
0.235,-1.085
0.101,1.139
0.091,0.041
-0.076,1.097
-0.841,-1.772
-0.975,-1.712
-1.096,-1.605
-1.574,-1.653
-2.309,-1.861
-2.974,-1.78
1.831,-1.785
1.337,-1.823
0.268,-1.735
-0.772,2.432
-2.156,2.603
-2.358,2.531
-2.63,2.587
-2.516,2.578
-2.713,2.449
-3.011,2.701
3.074,2.657
2.776,2.45
1.94,2.77
1.732,2.79
1.046,2.536
0.868,2.794
0.339,2.556
-2.771,-0.766
2.347,0.181
1.392,-0.795
1.407,1.784
1.76,0.92
1.607,0.144
0.685,-0.314
0.708,1.681
0.624,0.177
0.583,0.503
0.631,0.692
-1.855,1.172
-2.827,-0.225
2.92,2.067
0.735,-1.222
1.559,2.142
0.767,2.345
0.381,2.239
0.42,2.392
0.153,2.255
-1.554,-1.356
0.714,-1.31
0.799,-1.584
0.611,2.858
0.113,2.601
0.76,2.608
-0.149,-2.067
-0.069,-1.597
-0.088,-1.394
-0.091,-2.045
-0.254,-0.392
-0.141,-1.239
-0.169,-2.653
-0.233,-0.552
-0.381,-2.408
-0.366,-0.554
-0.893,-1.663
-1.067,-1.803
-0.972,-1.666
-1.142,-1.341
-1.186,-1.346
-1.26,0.718
-1.199,-0.076
-1.213,-1.71
-1.352,-1.794
-1.566,0.455
-1.58,-0.629
-1.618,-1.995
-1.536,-1.769
-1.65,-2.017
-1.753,-2.045
-1.899,0.594
-1.917,-0.298
-1.957,0.664
-1.978,-3.014
-1.942,-1.571
-2.327,-2.014
-2.315,-1.433
-2.309,-1.447
-2.411,-1.408
-2.621,-1.072
-2.516,-2.036
-2.665,-2.629
-2.593,-2.385
-2.595,-1.641
-2.643,-0.306
-2.652,-3.012
-2.856,-0.485
-2.772,-0.62
-2.865,-0.908
3.108,-0.238
-3.064,-0.122
2.936,-0.771
2.78,-1.739
2.743,-1.711
2.734,-0.885
2.177,-0.029
2.011,-2.0
2.123,-1.229
2.08,-1.135
1.988,-1.978
1.822,0.668
1.812,-2.045
1.668,-1.822
1.733,-2.193
1.59,-0.685
1.478,-1.198
1.569,0.828
1.563,-1.036
1.456,-1.261
1.442,-0.922
1.394,-1.24
1.504,-2.89
1.463,-2.837
1.464,-0.815
1.273,-2.059
1.16,-1.306
0.943,-2.864
0.912,-2.667
0.889,-2.2
0.748,-2.5
0.389,-1.633
0.398,-1.639
0.404,-2.905
0.28,-2.701
0.146,-0.477
0.136,-1.575
-0.031,-0.519
-0.796,-3.388
-0.93,-3.328
-1.051,-3.221
-1.529,-3.269
-2.264,-3.477
-2.929,-3.396
1.876,-3.401
1.382,-3.439
0.313,-3.351
-0.727,0.816
-2.111,0.987
-2.313,0.915
-2.585,0.971
-2.471,0.962
-2.668,0.833
-2.966,1.085
3.119,1.041
2.821,0.834
1.985,1.154
1.777,1.174
1.091,0.92
0.913,1.178
0.384,0.94
-2.726,-2.382
2.392,-1.435
1.437,-2.411
1.452,0.168
1.805,-0.696
1.652,-1.472
0.73,-1.93
0.753,0.065
0.669,-1.439
0.628,-1.113
0.676,-0.924
-1.81,-0.444
-2.782,-1.841
2.965,0.451
0.78,-2.838
1.604,0.526
0.812,0.729
0.426,0.623
0.465,0.776
0.198,0.639
-1.509,-2.972
0.759,-2.926
0.844,-3.2
0.656,1.242
0.158,0.985
0.805,0.992
0.08,0.47
0.061,0.673
0.058,0.022
-0.105,1.675
0.008,0.828
-0.02,-0.586
-0.084,1.515
-0.232,-0.341
-0.217,1.513
-0.744,0.404
-0.918,0.264
-0.823,0.401
-0.993,0.726
-1.037,0.721
-1.111,2.785
-1.05,1.991
-1.064,0.357
-1.203,0.273
-1.417,2.522
-1.431,1.438
-1.469,0.072
-1.387,0.298
-1.501,0.05
-1.604,0.022
-1.75,2.661
-1.768,1.769
-1.808,2.731
-1.829,-0.947
-1.793,0.496
-2.178,0.053
-2.166,0.634
-2.16,0.62
-2.262,0.659
-2.472,0.995
-2.367,0.031
-2.516,-0.562
-2.444,-0.318
-2.446,0.426
-2.494,1.761
-2.503,-0.945
-2.707,1.582
-2.623,1.447
-2.716,1.159
-3.026,1.829
-2.915,1.945
3.085,1.296
2.929,0.328
2.892,0.356
2.883,1.182
2.326,2.038
2.16,0.067
2.272,0.838
2.229,0.932
2.137,0.089
1.971,2.735
1.961,0.022
1.817,0.245
1.882,-0.126
1.739,1.382
1.627,0.869
1.718,2.895
1.712,1.031
1.605,0.806
1.591,1.145
1.543,0.827
1.653,-0.823
1.612,-0.77
1.613,1.252
1.422,0.008
1.309,0.761
1.092,-0.797
1.061,-0.6
1.038,-0.133
0.897,-0.433
0.538,0.434
0.547,0.428
0.553,-0.838
0.429,-0.634
0.295,1.59
0.285,0.492
0.118,1.548
-0.647,-1.321
-0.781,-1.261
-0.902,-1.154
-1.38,-1.202
-2.115,-1.41
-2.78,-1.329
2.025,-1.334
1.531,-1.372
0.462,-1.284
-0.578,2.883
-1.962,3.054
-2.164,2.982
-2.436,3.038
-2.322,3.029
-2.519,2.9
-2.817,3.152
-3.015,3.108
2.97,2.901
2.134,3.221
1.926,3.241
1.24,2.987
1.062,3.245
0.533,3.007
-2.577,-0.315
2.541,0.632
1.586,-0.344
1.601,2.235
1.954,1.371
1.801,0.595
0.879,0.137
0.902,2.132
0.818,0.628
0.777,0.954
0.825,1.143
-1.661,1.623
-2.633,0.226
3.114,2.518
0.929,-0.771
1.753,2.593
0.961,2.796
0.575,2.69
0.614,2.843
0.347,2.706
-1.36,-0.905
0.908,-0.859
0.993,-1.133
0.805,3.309
0.307,3.052
0.954,3.059
-0.019,0.203
-0.022,-0.448
-0.185,1.205
-0.072,0.358
-0.1,-1.056
-0.164,1.045
-0.312,-0.811
-0.297,1.043
-0.824,-0.066
-0.998,-0.206
-0.903,-0.069
-1.073,0.256
-1.117,0.251
-1.191,2.315
-1.13,1.521
-1.144,-0.113
-1.283,-0.197
-1.497,2.052
-1.511,0.968
-1.549,-0.398
-1.467,-0.172
-1.581,-0.42
-1.684,-0.448
-1.83,2.191
-1.848,1.299
-1.888,2.261
-1.909,-1.417
-1.873,0.026
-2.258,-0.417
-2.246,0.164
-2.24,0.15
-2.342,0.189
-2.552,0.525
-2.447,-0.439
-2.596,-1.032
-2.524,-0.788
-2.526,-0.044
-2.574,1.291
-2.583,-1.415
-2.787,1.112
-2.703,0.977
-2.796,0.689
-3.106,1.359
-2.995,1.475
3.005,0.826
2.849,-0.142
2.812,-0.114
2.803,0.712
2.246,1.568
2.08,-0.403
2.192,0.368
2.149,0.462
2.057,-0.381
1.891,2.265
1.881,-0.448
1.737,-0.225
1.802,-0.596
1.659,0.912
1.547,0.399
1.638,2.425
1.632,0.561
1.525,0.336
1.511,0.675
1.463,0.357
1.573,-1.293
1.532,-1.24
1.533,0.782
1.342,-0.462
1.229,0.291
1.012,-1.267
0.981,-1.07
0.958,-0.603
0.817,-0.903
0.458,-0.036
0.467,-0.042
0.473,-1.308
0.349,-1.104
0.215,1.12
0.205,0.022
0.038,1.078
-0.727,-1.791
-0.861,-1.731
-0.982,-1.624
-1.46,-1.672
-2.195,-1.88
-2.86,-1.799
1.945,-1.804
1.451,-1.842
0.382,-1.754
-0.658,2.413
-2.042,2.584
-2.244,2.512
-2.516,2.568
-2.402,2.559
-2.599,2.43
-2.897,2.682
-3.095,2.638
2.89,2.431
2.054,2.751
1.846,2.771
1.16,2.517
0.982,2.775
0.453,2.537
-2.657,-0.785
2.461,0.162
1.506,-0.814
1.521,1.765
1.874,0.901
1.721,0.125
0.799,-0.333
0.822,1.662
0.738,0.158
0.697,0.484
0.745,0.673
-1.741,1.153
-2.713,-0.244
3.034,2.048
0.849,-1.241
1.673,2.123
0.881,2.326
0.495,2.22
0.534,2.373
0.267,2.236
-1.44,-1.375
0.828,-1.329
0.913,-1.603
0.725,2.839
0.227,2.582
0.874,2.589
-0.003,-0.651
-0.166,1.002
-0.053,0.155
-0.081,-1.259
-0.145,0.842
-0.293,-1.014
-0.278,0.84
-0.805,-0.269
-0.979,-0.409
-0.884,-0.272
-1.054,0.053
-1.098,0.048
-1.172,2.112
-1.111,1.318
-1.125,-0.316
-1.264,-0.4
-1.478,1.849
-1.492,0.765
-1.53,-0.601
-1.448,-0.375
-1.562,-0.623
-1.665,-0.651
-1.811,1.988
-1.829,1.096
-1.869,2.058
-1.89,-1.62
-1.854,-0.177
-2.239,-0.62
-2.227,-0.039
-2.221,-0.053
-2.323,-0.014
-2.533,0.322
-2.428,-0.642
-2.577,-1.235
-2.505,-0.991
-2.507,-0.247
-2.555,1.088
-2.564,-1.618
-2.768,0.909
-2.684,0.774
-2.777,0.486
-3.087,1.156
-2.976,1.272
3.024,0.623
2.868,-0.345
2.831,-0.317
2.822,0.509
2.265,1.365
2.099,-0.606
2.211,0.165
2.168,0.259
2.076,-0.584
1.91,2.062
1.9,-0.651
1.756,-0.428
1.821,-0.799
1.678,0.709
1.566,0.196
1.657,2.222
1.651,0.358
1.544,0.133
1.53,0.472
1.482,0.154
1.592,-1.496
1.551,-1.443
1.552,0.579
1.361,-0.665
1.248,0.088
1.031,-1.47
1.0,-1.273
0.977,-0.806
0.836,-1.106
0.477,-0.239
0.486,-0.245
0.492,-1.511
0.368,-1.307
0.234,0.917
0.224,-0.181
0.057,0.875
-0.708,-1.994
-0.842,-1.934
-0.963,-1.827
-1.441,-1.875
-2.176,-2.083
-2.841,-2.002
1.964,-2.007
1.47,-2.045
0.401,-1.957
-0.639,2.21
-2.023,2.381
-2.225,2.309
-2.497,2.365
-2.383,2.356
-2.58,2.227
-2.878,2.479
-3.076,2.435
2.909,2.228
2.073,2.548
1.865,2.568
1.179,2.314
1.001,2.572
0.472,2.334
-2.638,-0.988
2.48,-0.041
1.525,-1.017
1.54,1.562
1.893,0.698
1.74,-0.078
0.818,-0.536
0.841,1.459
0.757,-0.045
0.716,0.281
0.764,0.47
-1.722,0.95
-2.694,-0.447
3.053,1.845
0.868,-1.444
1.692,1.92
0.9,2.123
0.514,2.017
0.553,2.17
0.286,2.033
-1.421,-1.578
0.847,-1.532
0.932,-1.806
0.744,2.636
0.246,2.379
0.893,2.386
-0.163,1.653
-0.05,0.806
-0.078,-0.608
-0.142,1.493
-0.29,-0.363
-0.275,1.491
-0.802,0.382
-0.976,0.242
-0.881,0.379
-1.051,0.704
-1.095,0.699
-1.169,2.763
-1.108,1.969
-1.122,0.335
-1.261,0.251
-1.475,2.5
-1.489,1.416
-1.527,0.05
-1.445,0.276
-1.559,0.028
-1.662,0.0
-1.808,2.639
-1.826,1.747
-1.866,2.709
-1.887,-0.969
-1.851,0.474
-2.236,0.031
-2.224,0.612
-2.218,0.598
-2.32,0.637
-2.53,0.973
-2.425,0.009
-2.574,-0.584
-2.502,-0.34
-2.504,0.404
-2.552,1.739
-2.561,-0.967
-2.765,1.56
-2.681,1.425
-2.774,1.137
-3.084,1.807
-2.973,1.923
3.027,1.274
2.871,0.306
2.834,0.334
2.825,1.16
2.268,2.016
2.102,0.045
2.214,0.816
2.171,0.91
2.079,0.067
1.913,2.713
1.903,0.0
1.759,0.223
1.824,-0.148
1.681,1.36
1.569,0.847
1.66,2.873
1.654,1.009
1.547,0.784
1.533,1.123
1.485,0.805
1.595,-0.845
1.554,-0.792
1.555,1.23
1.364,-0.014
1.251,0.739
1.034,-0.819
1.003,-0.622
0.98,-0.155
0.839,-0.455
0.48,0.412
0.489,0.406
0.495,-0.86
0.371,-0.656
0.237,1.568
0.227,0.47
0.06,1.526
-0.705,-1.343
-0.839,-1.283
-0.96,-1.176
-1.438,-1.224
-2.173,-1.432
-2.838,-1.351
1.967,-1.356
1.473,-1.394
0.404,-1.306
-0.636,2.861
-2.02,3.032
-2.222,2.96
-2.494,3.016
-2.38,3.007
-2.577,2.878
-2.875,3.13
-3.073,3.086
2.912,2.879
2.076,3.199
1.868,3.219
1.182,2.965
1.004,3.223
0.475,2.985
-2.635,-0.337
2.483,0.61
1.528,-0.366
1.543,2.213
1.896,1.349
1.743,0.573
0.821,0.115
0.844,2.11
0.76,0.606
0.719,0.932
0.767,1.121
-1.719,1.601
-2.691,0.204
3.056,2.496
0.871,-0.793
1.695,2.571
0.903,2.774
0.517,2.668
0.556,2.821
0.289,2.684
-1.418,-0.927
0.85,-0.881
0.935,-1.155
0.747,3.287
0.249,3.03
0.896,3.037
0.113,-0.847
0.085,-2.261
0.021,-0.16
-0.127,-2.016
-0.112,-0.162
-0.639,-1.271
-0.813,-1.411
-0.718,-1.274
-0.888,-0.949
-0.932,-0.954
-1.006,1.11
-0.945,0.316
-0.959,-1.318
-1.098,-1.402
-1.312,0.847
-1.326,-0.237
-1.364,-1.603
-1.282,-1.377
-1.396,-1.625
-1.499,-1.653
-1.645,0.986
-1.663,0.094
-1.703,1.056
-1.724,-2.622
-1.688,-1.179
-2.073,-1.622
-2.061,-1.041
-2.055,-1.055
-2.157,-1.016
-2.367,-0.68
-2.262,-1.644
-2.411,-2.237
-2.339,-1.993
-2.341,-1.249
-2.389,0.086
-2.398,-2.62
-2.602,-0.093
-2.518,-0.228
-2.611,-0.516
-2.921,0.154
-2.81,0.27
-3.093,-0.379
3.034,-1.347
2.997,-1.319
2.988,-0.493
2.431,0.363
2.265,-1.608
2.377,-0.837
2.334,-0.743
2.242,-1.586
2.076,1.06
2.066,-1.653
1.922,-1.43
1.987,-1.801
1.844,-0.293
1.732,-0.806
1.823,1.22
1.817,-0.644
1.71,-0.869
1.696,-0.53
1.648,-0.848
1.758,-2.498
1.717,-2.445
1.718,-0.423
1.527,-1.667
1.414,-0.914
1.197,-2.472
1.166,-2.275
1.143,-1.808
1.002,-2.108
0.643,-1.241
0.652,-1.247
0.658,-2.513
0.534,-2.309
0.4,-0.085
0.39,-1.183
0.223,-0.127
-0.542,-2.996
-0.676,-2.936
-0.797,-2.829
-1.275,-2.877
-2.01,-3.085
-2.675,-3.004
2.13,-3.009
1.636,-3.047
0.567,-2.959
-0.473,1.208
-1.857,1.379
-2.059,1.307
-2.331,1.363
-2.217,1.354
-2.414,1.225
-2.712,1.477
-2.91,1.433
3.075,1.226
2.239,1.546
2.031,1.566
1.345,1.312
1.167,1.57
0.638,1.332
-2.472,-1.99
2.646,-1.043
1.691,-2.019
1.706,0.56
2.059,-0.304
1.906,-1.08
0.984,-1.538
1.007,0.457
0.923,-1.047
0.882,-0.721
0.93,-0.532
-1.556,-0.052
-2.528,-1.449
-3.064,0.843
1.034,-2.446
1.858,0.918
1.066,1.121
0.68,1.015
0.719,1.168
0.452,1.031
-1.255,-2.58
1.013,-2.534
1.098,-2.808
0.91,1.634
0.412,1.377
1.059,1.384
-0.028,-1.414
-0.092,0.687
-0.24,-1.169
-0.225,0.685
-0.752,-0.424
-0.926,-0.564
-0.831,-0.427
-1.001,-0.102
-1.045,-0.107
-1.119,1.957
-1.058,1.163
-1.072,-0.471
-1.211,-0.555
-1.425,1.694
-1.439,0.61
-1.477,-0.756
-1.395,-0.53
-1.509,-0.778
-1.612,-0.806
-1.758,1.833
-1.776,0.941
-1.816,1.903
-1.837,-1.775
-1.801,-0.332
-2.186,-0.775
-2.174,-0.194
-2.168,-0.208
-2.27,-0.169
-2.48,0.167
-2.375,-0.797
-2.524,-1.39
-2.452,-1.146
-2.454,-0.402
-2.502,0.933
-2.511,-1.773
-2.715,0.754
-2.631,0.619
-2.724,0.331
-3.034,1.001
-2.923,1.117
3.077,0.468
2.921,-0.5
2.884,-0.472
2.875,0.354
2.318,1.21
2.152,-0.761
2.264,0.01
2.221,0.104
2.129,-0.739
1.963,1.907
1.953,-0.806
1.809,-0.583
1.874,-0.954
1.731,0.554
1.619,0.041
1.71,2.067
1.704,0.203
1.597,-0.022
1.583,0.317
1.535,-0.001
1.645,-1.651
1.604,-1.598
1.605,0.424
1.414,-0.82
1.301,-0.067
1.084,-1.625
1.053,-1.428
1.03,-0.961
0.889,-1.261
0.53,-0.394
0.539,-0.4
0.545,-1.666
0.421,-1.462
0.287,0.762
0.277,-0.336
0.11,0.72
-0.655,-2.149
-0.789,-2.089
-0.91,-1.982
-1.388,-2.03
-2.123,-2.238
-2.788,-2.157
2.017,-2.162
1.523,-2.2
0.454,-2.112
-0.586,2.055
-1.97,2.226
-2.172,2.154
-2.444,2.21
-2.33,2.201
-2.527,2.072
-2.825,2.324
-3.023,2.28
2.962,2.073
2.126,2.393
1.918,2.413
1.232,2.159
1.054,2.417
0.525,2.179
-2.585,-1.143
2.533,-0.196
1.578,-1.172
1.593,1.407
1.946,0.543
1.793,-0.233
0.871,-0.691
0.894,1.304
0.81,-0.2
0.769,0.126
0.817,0.315
-1.669,0.795
-2.641,-0.602
3.106,1.69
0.921,-1.599
1.745,1.765
0.953,1.968
0.567,1.862
0.606,2.015
0.339,1.878
-1.368,-1.733
0.9,-1.687
0.985,-1.961
0.797,2.481
0.299,2.224
0.946,2.231
-0.064,2.101
-0.212,0.245
-0.197,2.099
-0.724,0.99
-0.898,0.85
-0.803,0.987
-0.973,1.312
-1.017,1.307
-1.091,3.371
-1.03,2.577
-1.044,0.943
-1.183,0.859
-1.397,3.108
-1.411,2.024
-1.449,0.658
-1.367,0.884
-1.481,0.636
-1.584,0.608
-1.73,3.247
-1.748,2.355
-1.788,3.317
-1.809,-0.361
-1.773,1.082
-2.158,0.639
-2.146,1.22
-2.14,1.206
-2.242,1.245
-2.452,1.581
-2.347,0.617
-2.496,0.024
-2.424,0.268
-2.426,1.012
-2.474,2.347
-2.483,-0.359
-2.687,2.168
-2.603,2.033
-2.696,1.745
-3.006,2.415
-2.895,2.531
3.105,1.882
2.949,0.914
2.912,0.942
2.903,1.768
2.346,2.624
2.18,0.653
2.292,1.424
2.249,1.518
2.157,0.675
1.991,3.321
1.981,0.608
1.837,0.831
1.902,0.46
1.759,1.968
1.647,1.455
1.738,3.481
1.732,1.617
1.625,1.392
1.611,1.731
1.563,1.413
1.673,-0.237
1.632,-0.184
1.633,1.838
1.442,0.594
1.329,1.347
1.112,-0.211
1.081,-0.014
1.058,0.453
0.917,0.153
0.558,1.02
0.567,1.014
0.573,-0.252
0.449,-0.048
0.315,2.176
0.305,1.078
0.138,2.134
-0.627,-0.735
-0.761,-0.675
-0.882,-0.568
-1.36,-0.616
-2.095,-0.824
-2.76,-0.743
2.045,-0.748
1.551,-0.786
0.482,-0.698
-0.558,3.469
-1.942,3.64
-2.144,3.568
-2.416,3.624
-2.302,3.615
-2.499,3.486
-2.797,3.738
-2.995,3.694
2.99,3.487
2.154,3.807
1.946,3.827
1.26,3.573
1.082,3.831
0.553,3.593
-2.557,0.271
2.561,1.218
1.606,0.242
1.621,2.821
1.974,1.957
1.821,1.181
0.899,0.723
0.922,2.718
0.838,1.214
0.797,1.54
0.845,1.729
-1.641,2.209
-2.613,0.812
3.134,3.104
0.949,-0.185
1.773,3.179
0.981,3.382
0.595,3.276
0.634,3.429
0.367,3.292
-1.34,-0.319
0.928,-0.273
1.013,-0.547
0.825,3.895
0.327,3.638
0.974,3.645
-0.148,-1.856
-0.133,-0.002
-0.66,-1.111
-0.834,-1.251
-0.739,-1.114
-0.909,-0.789
-0.953,-0.794
-1.027,1.27
-0.966,0.476
-0.98,-1.158
-1.119,-1.242
-1.333,1.007
-1.347,-0.077
-1.385,-1.443
-1.303,-1.217
-1.417,-1.465
-1.52,-1.493
-1.666,1.146
-1.684,0.254
-1.724,1.216
-1.745,-2.462
-1.709,-1.019
-2.094,-1.462
-2.082,-0.881
-2.076,-0.895
-2.178,-0.856
-2.388,-0.52
-2.283,-1.484
-2.432,-2.077
-2.36,-1.833
-2.362,-1.089
-2.41,0.246
-2.419,-2.46
-2.623,0.067
-2.539,-0.068
-2.632,-0.356
-2.942,0.314
-2.831,0.43
-3.114,-0.219
3.013,-1.187
2.976,-1.159
2.967,-0.333
2.41,0.523
2.244,-1.448
2.356,-0.677
2.313,-0.583
2.221,-1.426
2.055,1.22
2.045,-1.493
1.901,-1.27
1.966,-1.641
1.823,-0.133
1.711,-0.646
1.802,1.38
1.796,-0.484
1.689,-0.709
1.675,-0.37
1.627,-0.688
1.737,-2.338
1.696,-2.285
1.697,-0.263
1.506,-1.507
1.393,-0.754
1.176,-2.312
1.145,-2.115
1.122,-1.648
0.981,-1.948
0.622,-1.081
0.631,-1.087
0.637,-2.353
0.513,-2.149
0.379,0.075
0.369,-1.023
0.202,0.033
-0.563,-2.836
-0.697,-2.776
-0.818,-2.669
-1.296,-2.717
-2.031,-2.925
-2.696,-2.844
2.109,-2.849
1.615,-2.887
0.546,-2.799
-0.494,1.368
-1.878,1.539
-2.08,1.467
-2.352,1.523
-2.238,1.514
-2.435,1.385
-2.733,1.637
-2.931,1.593
3.054,1.386
2.218,1.706
2.01,1.726
1.324,1.472
1.146,1.73
0.617,1.492
-2.493,-1.83
2.625,-0.883
1.67,-1.859
1.685,0.72
2.038,-0.144
1.885,-0.92
0.963,-1.378
0.986,0.617
0.902,-0.887
0.861,-0.561
0.909,-0.372
-1.577,0.108
-2.549,-1.289
-3.085,1.003
1.013,-2.286
1.837,1.078
1.045,1.281
0.659,1.175
0.698,1.328
0.431,1.191
-1.276,-2.42
0.992,-2.374
1.077,-2.648
0.889,1.794
0.391,1.537
1.038,1.544
0.015,1.854
-0.512,0.745
-0.686,0.605
-0.591,0.742
-0.761,1.067
-0.805,1.062
-0.879,3.126
-0.818,2.332
-0.832,0.698
-0.971,0.614
-1.185,2.863
-1.199,1.779
-1.237,0.413
-1.155,0.639
-1.269,0.391
-1.372,0.363
-1.518,3.002
-1.536,2.11
-1.576,3.072
-1.597,-0.606
-1.561,0.837
-1.946,0.394
-1.934,0.975
-1.928,0.961
-2.03,1.0
-2.24,1.336
-2.135,0.372
-2.284,-0.221
-2.212,0.023
-2.214,0.767
-2.262,2.102
-2.271,-0.604
-2.475,1.923
-2.391,1.788
-2.484,1.5
-2.794,2.17
-2.683,2.286
-2.966,1.637
-3.122,0.669
3.124,0.697
3.115,1.523
2.558,2.379
2.392,0.408
2.504,1.179
2.461,1.273
2.369,0.43
2.203,3.076
2.193,0.363
2.049,0.586
2.114,0.215
1.971,1.723
1.859,1.21
1.95,3.236
1.944,1.372
1.837,1.147
1.823,1.486
1.775,1.168
1.885,-0.482
1.844,-0.429
1.845,1.593
1.654,0.349
1.541,1.102
1.324,-0.456
1.293,-0.259
1.27,0.208
1.129,-0.092
0.77,0.775
0.779,0.769
0.785,-0.497
0.661,-0.293
0.527,1.931
0.517,0.833
0.35,1.889
-0.415,-0.98
-0.549,-0.92
-0.67,-0.813
-1.148,-0.861
-1.883,-1.069
-2.548,-0.988
2.257,-0.993
1.763,-1.031
0.694,-0.943
-0.346,3.224
-1.73,3.395
-1.932,3.323
-2.204,3.379
-2.09,3.37
-2.287,3.241
-2.585,3.493
-2.783,3.449
-3.081,3.242
2.366,3.562
2.158,3.582
1.472,3.328
1.294,3.586
0.765,3.348
-2.345,0.026
2.773,0.973
1.818,-0.003
1.833,2.576
2.186,1.712
2.033,0.936
1.111,0.478
1.134,2.473
1.05,0.969
1.009,1.295
1.057,1.484
-1.429,1.964
-2.401,0.567
-2.937,2.859
1.161,-0.43
1.985,2.934
1.193,3.137
0.807,3.031
0.846,3.184
0.579,3.047
-1.128,-0.564
1.14,-0.518
1.225,-0.792
1.037,3.65
0.539,3.393
1.186,3.4
-0.527,-1.109
-0.701,-1.249
-0.606,-1.112
-0.776,-0.787
-0.82,-0.792
-0.894,1.272
-0.833,0.478
-0.847,-1.156
-0.986,-1.24
-1.2,1.009
-1.214,-0.075
-1.252,-1.441
-1.17,-1.215
-1.284,-1.463
-1.387,-1.491
-1.533,1.148
-1.551,0.256
-1.591,1.218
-1.612,-2.46
-1.576,-1.017
-1.961,-1.46
-1.949,-0.879
-1.943,-0.893
-2.045,-0.854
-2.255,-0.518
-2.15,-1.482
-2.299,-2.075
-2.227,-1.831
-2.229,-1.087
-2.277,0.248
-2.286,-2.458
-2.49,0.069
-2.406,-0.066
-2.499,-0.354
-2.809,0.316
-2.698,0.432
-2.981,-0.217
-3.137,-1.185
3.109,-1.157
3.1,-0.331
2.543,0.525
2.377,-1.446
2.489,-0.675
2.446,-0.581
2.354,-1.424
2.188,1.222
2.178,-1.491
2.034,-1.268
2.099,-1.639
1.956,-0.131
1.844,-0.644
1.935,1.382
1.929,-0.482
1.822,-0.707
1.808,-0.368
1.76,-0.686
1.87,-2.336
1.829,-2.283
1.83,-0.261
1.639,-1.505
1.526,-0.752
1.309,-2.31
1.278,-2.113
1.255,-1.646
1.114,-1.946
0.755,-1.079
0.764,-1.085
0.77,-2.351
0.646,-2.147
0.512,0.077
0.502,-1.021
0.335,0.035
-0.43,-2.834
-0.564,-2.774
-0.685,-2.667
-1.163,-2.715
-1.898,-2.923
-2.563,-2.842
2.242,-2.847
1.748,-2.885
0.679,-2.797
-0.361,1.37
-1.745,1.541
-1.947,1.469
-2.219,1.525
-2.105,1.516
-2.302,1.387
-2.6,1.639
-2.798,1.595
-3.096,1.388
2.351,1.708
2.143,1.728
1.457,1.474
1.279,1.732
0.75,1.494
-2.36,-1.828
2.758,-0.881
1.803,-1.857
1.818,0.722
2.171,-0.142
2.018,-0.918
1.096,-1.376
1.119,0.619
1.035,-0.885
0.994,-0.559
1.042,-0.37
-1.444,0.11
-2.416,-1.287
-2.952,1.005
1.146,-2.284
1.97,1.08
1.178,1.283
0.792,1.177
0.831,1.33
0.564,1.193
-1.143,-2.418
1.125,-2.372
1.21,-2.646
1.022,1.796
0.524,1.539
1.171,1.546
-0.174,-0.14
-0.079,-0.003
-0.249,0.322
-0.293,0.317
-0.367,2.381
-0.306,1.587
-0.32,-0.047
-0.459,-0.131
-0.673,2.118
-0.687,1.034
-0.725,-0.332
-0.643,-0.106
-0.757,-0.354
-0.86,-0.382
-1.006,2.257
-1.024,1.365
-1.064,2.327
-1.085,-1.351
-1.049,0.092
-1.434,-0.351
-1.422,0.23
-1.416,0.216
-1.518,0.255
-1.728,0.591
-1.623,-0.373
-1.772,-0.966
-1.7,-0.722
-1.702,0.022
-1.75,1.357
-1.759,-1.349
-1.963,1.178
-1.879,1.043
-1.972,0.755
-2.282,1.425
-2.171,1.541
-2.454,0.892
-2.61,-0.076
-2.647,-0.048
-2.656,0.778
3.07,1.634
2.904,-0.337
3.016,0.434
2.973,0.528
2.881,-0.315
2.715,2.331
2.705,-0.382
2.561,-0.159
2.626,-0.53
2.483,0.978
2.371,0.465
2.462,2.491
2.456,0.627
2.349,0.402
2.335,0.741
2.287,0.423
2.397,-1.227
2.356,-1.174
2.357,0.848
2.166,-0.396
2.053,0.357
1.836,-1.201
1.805,-1.004
1.782,-0.537
1.641,-0.837
1.282,0.03
1.291,0.024
1.297,-1.242
1.173,-1.038
1.039,1.186
1.029,0.088
0.862,1.144
0.097,-1.725
-0.037,-1.665
-0.158,-1.558
-0.636,-1.606
-1.371,-1.814
-2.036,-1.733
2.769,-1.738
2.275,-1.776
1.206,-1.688
0.166,2.479
-1.218,2.65
-1.42,2.578
-1.692,2.634
-1.578,2.625
-1.775,2.496
-2.073,2.748
-2.271,2.704
-2.569,2.497
2.878,2.817
2.67,2.837
1.984,2.583
1.806,2.841
1.277,2.603
-1.833,-0.719
-2.998,0.228
2.33,-0.748
2.345,1.831
2.698,0.967
2.545,0.191
1.623,-0.267
1.646,1.728
1.562,0.224
1.521,0.55
1.569,0.739
-0.917,1.219
-1.889,-0.178
-2.425,2.114
1.673,-1.175
2.497,2.189
1.705,2.392
1.319,2.286
1.358,2.439
1.091,2.302
-0.616,-1.309
1.652,-1.263
1.737,-1.537
1.549,2.905
1.051,2.648
1.698,2.655
0.095,0.137
-0.075,0.462
-0.119,0.457
-0.193,2.521
-0.132,1.727
-0.146,0.093
-0.285,0.009
-0.499,2.258
-0.513,1.174
-0.551,-0.192
-0.469,0.034
-0.583,-0.214
-0.686,-0.242
-0.832,2.397
-0.85,1.505
-0.89,2.467
-0.911,-1.211
-0.875,0.232
-1.26,-0.211
-1.248,0.37
-1.242,0.356
-1.344,0.395
-1.554,0.731
-1.449,-0.233
-1.598,-0.826
-1.526,-0.582
-1.528,0.162
-1.576,1.497
-1.585,-1.209
-1.789,1.318
-1.705,1.183
-1.798,0.895
-2.108,1.565
-1.997,1.681
-2.28,1.032
-2.436,0.064
-2.473,0.092
-2.482,0.918
-3.039,1.774
3.078,-0.197
-3.093,0.574
-3.136,0.668
3.055,-0.175
2.889,2.471
2.879,-0.242
2.735,-0.019
2.8,-0.39
2.657,1.118
2.545,0.605
2.636,2.631
2.63,0.767
2.523,0.542
2.509,0.881
2.461,0.563
2.571,-1.087
2.53,-1.034
2.531,0.988
2.34,-0.256
2.227,0.497
2.01,-1.061
1.979,-0.864
1.956,-0.397
1.815,-0.697
1.456,0.17
1.465,0.164
1.471,-1.102
1.347,-0.898
1.213,1.326
1.203,0.228
1.036,1.284
0.271,-1.585
0.137,-1.525
0.016,-1.418
-0.462,-1.466
-1.197,-1.674
-1.862,-1.593
2.943,-1.598
2.449,-1.636
1.38,-1.548
0.34,2.619
-1.044,2.79
-1.246,2.718
-1.518,2.774
-1.404,2.765
-1.601,2.636
-1.899,2.888
-2.097,2.844
-2.395,2.637
3.052,2.957
2.844,2.977
2.158,2.723
1.98,2.981
1.451,2.743
-1.659,-0.579
-2.824,0.368
2.504,-0.608
2.519,1.971
2.872,1.107
2.719,0.331
1.797,-0.127
1.82,1.868
1.736,0.364
1.695,0.69
1.743,0.879
-0.743,1.359
-1.715,-0.038
-2.251,2.254
1.847,-1.035
2.671,2.329
1.879,2.532
1.493,2.426
1.532,2.579
1.265,2.442
-0.442,-1.169
1.826,-1.123
1.911,-1.397
1.723,3.045
1.225,2.788
1.872,2.795
-0.17,0.325
-0.214,0.32
-0.288,2.384
-0.227,1.59
-0.241,-0.044
-0.38,-0.128
-0.594,2.121
-0.608,1.037
-0.646,-0.329
-0.564,-0.103
-0.678,-0.351
-0.781,-0.379
-0.927,2.26
-0.945,1.368
-0.985,2.33
-1.006,-1.348
-0.97,0.095
-1.355,-0.348
-1.343,0.233
-1.337,0.219
-1.439,0.258
-1.649,0.594
-1.544,-0.37
-1.693,-0.963
-1.621,-0.719
-1.623,0.025
-1.671,1.36
-1.68,-1.346
-1.884,1.181
-1.8,1.046
-1.893,0.758
-2.203,1.428
-2.092,1.544
-2.375,0.895
-2.531,-0.073
-2.568,-0.045
-2.577,0.781
-3.134,1.637
2.983,-0.334
3.095,0.437
3.052,0.531
2.96,-0.312
2.794,2.334
2.784,-0.379
2.64,-0.156
2.705,-0.527
2.562,0.981
2.45,0.468
2.541,2.494
2.535,0.63
2.428,0.405
2.414,0.744
2.366,0.426
2.476,-1.224
2.435,-1.171
2.436,0.851
2.245,-0.393
2.132,0.36
1.915,-1.198
1.884,-1.001
1.861,-0.534
1.72,-0.834
1.361,0.033
1.37,0.027
1.376,-1.239
1.252,-1.035
1.118,1.189
1.108,0.091
0.941,1.147
0.176,-1.722
0.042,-1.662
-0.079,-1.555
-0.557,-1.603
-1.292,-1.811
-1.957,-1.73
2.848,-1.735
2.354,-1.773
1.285,-1.685
0.245,2.482
-1.139,2.653
-1.341,2.581
-1.613,2.637
-1.499,2.628
-1.696,2.499
-1.994,2.751
-2.192,2.707
-2.49,2.5
2.957,2.82
2.749,2.84
2.063,2.586
1.885,2.844
1.356,2.606
-1.754,-0.716
-2.919,0.231
2.409,-0.745
2.424,1.834
2.777,0.97
2.624,0.194
1.702,-0.264
1.725,1.731
1.641,0.227
1.6,0.553
1.648,0.742
-0.838,1.222
-1.81,-0.175
-2.346,2.117
1.752,-1.172
2.576,2.192
1.784,2.395
1.398,2.289
1.437,2.442
1.17,2.305
-0.537,-1.306
1.731,-1.26
1.816,-1.534
1.628,2.908
1.13,2.651
1.777,2.658
-0.044,-0.005
-0.118,2.059
-0.057,1.265
-0.071,-0.369
-0.21,-0.453
-0.424,1.796
-0.438,0.712
-0.476,-0.654
-0.394,-0.428
-0.508,-0.676
-0.611,-0.704
-0.757,1.935
-0.775,1.043
-0.815,2.005
-0.836,-1.673
-0.8,-0.23
-1.185,-0.673
-1.173,-0.092
-1.167,-0.106
-1.269,-0.067
-1.479,0.269
-1.374,-0.695
-1.523,-1.288
-1.451,-1.044
-1.453,-0.3
-1.501,1.035
-1.51,-1.671
-1.714,0.856
-1.63,0.721
-1.723,0.433
-2.033,1.103
-1.922,1.219
-2.205,0.57
-2.361,-0.398
-2.398,-0.37
-2.407,0.456
-2.964,1.312
-3.13,-0.659
-3.018,0.112
-3.061,0.206
3.13,-0.637
2.964,2.009
2.954,-0.704
2.81,-0.481
2.875,-0.852
2.732,0.656
2.62,0.143
2.711,2.169
2.705,0.305
2.598,0.08
2.584,0.419
2.536,0.101
2.646,-1.549
2.605,-1.496
2.606,0.526
2.415,-0.718
2.302,0.035
2.085,-1.523
2.054,-1.326
2.031,-0.859
1.89,-1.159
1.531,-0.292
1.54,-0.298
1.546,-1.564
1.422,-1.36
1.288,0.864
1.278,-0.234
1.111,0.822
0.346,-2.047
0.212,-1.987
0.091,-1.88
-0.387,-1.928
-1.122,-2.136
-1.787,-2.055
3.018,-2.06
2.524,-2.098
1.455,-2.01
0.415,2.157
-0.969,2.328
-1.171,2.256
-1.443,2.312
-1.329,2.303
-1.526,2.174
-1.824,2.426
-2.022,2.382
-2.32,2.175
3.127,2.495
2.919,2.515
2.233,2.261
2.055,2.519
1.526,2.281
-1.584,-1.041
-2.749,-0.094
2.579,-1.07
2.594,1.509
2.947,0.645
2.794,-0.131
1.872,-0.589
1.895,1.406
1.811,-0.098
1.77,0.228
1.818,0.417
-0.668,0.897
-1.64,-0.5
-2.176,1.792
1.922,-1.497
2.746,1.867
1.954,2.07
1.568,1.964
1.607,2.117
1.34,1.98
-0.367,-1.631
1.901,-1.585
1.986,-1.859
1.798,2.583
1.3,2.326
1.947,2.333
-0.074,2.064
-0.013,1.27
-0.027,-0.364
-0.166,-0.448
-0.38,1.801
-0.394,0.717
-0.432,-0.649
-0.35,-0.423
-0.464,-0.671
-0.567,-0.699
-0.713,1.94
-0.731,1.048
-0.771,2.01
-0.792,-1.668
-0.756,-0.225
-1.141,-0.668
-1.129,-0.087
-1.123,-0.101
-1.225,-0.062
-1.435,0.274
-1.33,-0.69
-1.479,-1.283
-1.407,-1.039
-1.409,-0.295
-1.457,1.04
-1.466,-1.666
-1.67,0.861
-1.586,0.726
-1.679,0.438
-1.989,1.108
-1.878,1.224
-2.161,0.575
-2.317,-0.393
-2.354,-0.365
-2.363,0.461
-2.92,1.317
-3.086,-0.654
-2.974,0.117
-3.017,0.211
-3.109,-0.632
3.008,2.014
2.998,-0.699
2.854,-0.476
2.919,-0.847
2.776,0.661
2.664,0.148
2.755,2.174
2.749,0.31
2.642,0.085
2.628,0.424
2.58,0.106
2.69,-1.544
2.649,-1.491
2.65,0.531
2.459,-0.713
2.346,0.04
2.129,-1.518
2.098,-1.321
2.075,-0.854
1.934,-1.154
1.575,-0.287
1.584,-0.293
1.59,-1.559
1.466,-1.355
1.332,0.869
1.322,-0.229
1.155,0.827
0.39,-2.042
0.256,-1.982
0.135,-1.875
-0.343,-1.923
-1.078,-2.131
-1.743,-2.05
3.062,-2.055
2.568,-2.093
1.499,-2.005
0.459,2.162
-0.925,2.333
-1.127,2.261
-1.399,2.317
-1.285,2.308
-1.482,2.179
-1.78,2.431
-1.978,2.387
-2.276,2.18
-3.112,2.5
2.963,2.52
2.277,2.266
2.099,2.524
1.57,2.286
-1.54,-1.036
-2.705,-0.089
2.623,-1.065
2.638,1.514
2.991,0.65
2.838,-0.126
1.916,-0.584
1.939,1.411
1.855,-0.093
1.814,0.233
1.862,0.422
-0.624,0.902
-1.596,-0.495
-2.132,1.797
1.966,-1.492
2.79,1.872
1.998,2.075
1.612,1.969
1.651,2.122
1.384,1.985
-0.323,-1.626
1.945,-1.58
2.03,-1.854
1.842,2.588
1.344,2.331
1.991,2.338
0.061,-0.794
0.047,-2.428
-0.092,-2.512
-0.306,-0.263
-0.32,-1.347
-0.358,-2.713
-0.276,-2.487
-0.39,-2.735
-0.493,-2.763
-0.639,-0.124
-0.657,-1.016
-0.697,-0.054
-0.718,-3.732
-0.682,-2.289
-1.067,-2.732
-1.055,-2.151
-1.049,-2.165
-1.151,-2.126
-1.361,-1.79
-1.256,-2.754
-1.405,-3.347
-1.333,-3.103
-1.335,-2.359
-1.383,-1.024
-1.392,-3.73
-1.596,-1.203
-1.512,-1.338
-1.605,-1.626
-1.915,-0.956
-1.804,-0.84
-2.087,-1.489
-2.243,-2.457
-2.28,-2.429
-2.289,-1.603
-2.846,-0.747
-3.012,-2.718
-2.9,-1.947
-2.943,-1.853
-3.035,-2.696
3.082,-0.05
3.072,-2.763
2.928,-2.54
2.993,-2.911
2.85,-1.403
2.738,-1.916
2.829,0.11
2.823,-1.754
2.716,-1.979
2.702,-1.64
2.654,-1.958
2.764,-3.608
2.723,-3.555
2.724,-1.533
2.533,-2.777
2.42,-2.024
2.203,-3.582
2.172,-3.385
2.149,-2.918
2.008,-3.218
1.649,-2.351
1.658,-2.357
1.664,-3.623
1.54,-3.419
1.406,-1.195
1.396,-2.293
1.229,-1.237
0.464,-4.106
0.33,-4.046
0.209,-3.939
-0.269,-3.987
-1.004,-4.195
-1.669,-4.114
3.136,-4.119
2.642,-4.157
1.573,-4.069
0.533,0.098
-0.851,0.269
-1.053,0.197
-1.325,0.253
-1.211,0.244
-1.408,0.115
-1.706,0.367
-1.904,0.323
-2.202,0.116
-3.038,0.436
3.037,0.456
2.351,0.202
2.173,0.46
1.644,0.222
-1.466,-3.1
-2.631,-2.153
2.697,-3.129
2.712,-0.55
3.065,-1.414
2.912,-2.19
1.99,-2.648
2.013,-0.653
1.929,-2.157
1.888,-1.831
1.936,-1.642
-0.55,-1.162
-1.522,-2.559
-2.058,-0.267
2.04,-3.556
2.864,-0.192
2.072,0.011
1.686,-0.095
1.725,0.058
1.458,-0.079
-0.249,-3.69
2.019,-3.644
2.104,-3.918
1.916,0.524
1.418,0.267
2.065,0.274
-0.014,-1.634
-0.153,-1.718
-0.367,0.531
-0.381,-0.553
-0.419,-1.919
-0.337,-1.693
-0.451,-1.941
-0.554,-1.969
-0.7,0.67
-0.718,-0.222
-0.758,0.74
-0.779,-2.938
-0.743,-1.495
-1.128,-1.938
-1.116,-1.357
-1.11,-1.371
-1.212,-1.332
-1.422,-0.996
-1.317,-1.96
-1.466,-2.553
-1.394,-2.309
-1.396,-1.565
-1.444,-0.23
-1.453,-2.936
-1.657,-0.409
-1.573,-0.544
-1.666,-0.832
-1.976,-0.162
-1.865,-0.046
-2.148,-0.695
-2.304,-1.663
-2.341,-1.635
-2.35,-0.809
-2.907,0.047
-3.073,-1.924
-2.961,-1.153
-3.004,-1.059
-3.096,-1.902
3.021,0.744
3.011,-1.969
2.867,-1.746
2.932,-2.117
2.789,-0.609
2.677,-1.122
2.768,0.904
2.762,-0.96
2.655,-1.185
2.641,-0.846
2.593,-1.164
2.703,-2.814
2.662,-2.761
2.663,-0.739
2.472,-1.983
2.359,-1.23
2.142,-2.788
2.111,-2.591
2.088,-2.124
1.947,-2.424
1.588,-1.557
1.597,-1.563
1.603,-2.829
1.479,-2.625
1.345,-0.401
1.335,-1.499
1.168,-0.443
0.403,-3.312
0.269,-3.252
0.148,-3.145
-0.33,-3.193
-1.065,-3.401
-1.73,-3.32
3.075,-3.325
2.581,-3.363
1.512,-3.275
0.472,0.892
-0.912,1.063
-1.114,0.991
-1.386,1.047
-1.272,1.038
-1.469,0.909
-1.767,1.161
-1.965,1.117
-2.263,0.91
-3.099,1.23
2.976,1.25
2.29,0.996
2.112,1.254
1.583,1.016
-1.527,-2.306
-2.692,-1.359
2.636,-2.335
2.651,0.244
3.004,-0.62
2.851,-1.396
1.929,-1.854
1.952,0.141
1.868,-1.363
1.827,-1.037
1.875,-0.848
-0.611,-0.368
-1.583,-1.765
-2.119,0.527
1.979,-2.762
2.803,0.602
2.011,0.805
1.625,0.699
1.664,0.852
1.397,0.715
-0.31,-2.896
1.958,-2.85
2.043,-3.124
1.855,1.318
1.357,1.061
2.004,1.068
-0.139,-0.084
-0.353,2.165
-0.367,1.081
-0.405,-0.285
-0.323,-0.059
-0.437,-0.307
-0.54,-0.335
-0.686,2.304
-0.704,1.412
-0.744,2.374
-0.765,-1.304
-0.729,0.139
-1.114,-0.304
-1.102,0.277
-1.096,0.263
-1.198,0.302
-1.408,0.638
-1.303,-0.326
-1.452,-0.919
-1.38,-0.675
-1.382,0.069
-1.43,1.404
-1.439,-1.302
-1.643,1.225
-1.559,1.09
-1.652,0.802
-1.962,1.472
-1.851,1.588
-2.134,0.939
-2.29,-0.029
-2.327,-0.001
-2.336,0.825
-2.893,1.681
-3.059,-0.29
-2.947,0.481
-2.99,0.575
-3.082,-0.268
3.035,2.378
3.025,-0.335
2.881,-0.112
2.946,-0.483
2.803,1.025
2.691,0.512
2.782,2.538
2.776,0.674
2.669,0.449
2.655,0.788
2.607,0.47
2.717,-1.18
2.676,-1.127
2.677,0.895
2.486,-0.349
2.373,0.404
2.156,-1.154
2.125,-0.957
2.102,-0.49
1.961,-0.79
1.602,0.077
1.611,0.071
1.617,-1.195
1.493,-0.991
1.359,1.233
1.349,0.135
1.182,1.191
0.417,-1.678
0.283,-1.618
0.162,-1.511
-0.316,-1.559
-1.051,-1.767
-1.716,-1.686
3.089,-1.691
2.595,-1.729
1.526,-1.641
0.486,2.526
-0.898,2.697
-1.1,2.625
-1.372,2.681
-1.258,2.672
-1.455,2.543
-1.753,2.795
-1.951,2.751
-2.249,2.544
-3.085,2.864
2.99,2.884
2.304,2.63
2.126,2.888
1.597,2.65
-1.513,-0.672
-2.678,0.275
2.65,-0.701
2.665,1.878
3.018,1.014
2.865,0.238
1.943,-0.22
1.966,1.775
1.882,0.271
1.841,0.597
1.889,0.786
-0.597,1.266
-1.569,-0.131
-2.105,2.161
1.993,-1.128
2.817,2.236
2.025,2.439
1.639,2.333
1.678,2.486
1.411,2.349
-0.296,-1.262
1.972,-1.216
2.057,-1.49
1.869,2.952
1.371,2.695
2.018,2.702
-0.214,2.249
-0.228,1.165
-0.266,-0.201
-0.184,0.025
-0.298,-0.223
-0.401,-0.251
-0.547,2.388
-0.565,1.496
-0.605,2.458
-0.626,-1.22
-0.59,0.223
-0.975,-0.22
-0.963,0.361
-0.957,0.347
-1.059,0.386
-1.269,0.722
-1.164,-0.242
-1.313,-0.835
-1.241,-0.591
-1.243,0.153
-1.291,1.488
-1.3,-1.218
-1.504,1.309
-1.42,1.174
-1.513,0.886
-1.823,1.556
-1.712,1.672
-1.995,1.023
-2.151,0.055
-2.188,0.083
-2.197,0.909
-2.754,1.765
-2.92,-0.206
-2.808,0.565
-2.851,0.659
-2.943,-0.184
-3.109,2.462
-3.119,-0.251
3.02,-0.028
3.085,-0.399
2.942,1.109
2.83,0.596
2.921,2.622
2.915,0.758
2.808,0.533
2.794,0.872
2.746,0.554
2.856,-1.096
2.815,-1.043
2.816,0.979
2.625,-0.265
2.512,0.488
2.295,-1.07
2.264,-0.873
2.241,-0.406
2.1,-0.706
1.741,0.161
1.75,0.155
1.756,-1.111
1.632,-0.907
1.498,1.317
1.488,0.219
1.321,1.275
0.556,-1.594
0.422,-1.534
0.301,-1.427
-0.177,-1.475
-0.912,-1.683
-1.577,-1.602
-3.055,-1.607
2.734,-1.645
1.665,-1.557
0.625,2.61
-0.759,2.781
-0.961,2.709
-1.233,2.765
-1.119,2.756
-1.316,2.627
-1.614,2.879
-1.812,2.835
-2.11,2.628
-2.946,2.948
3.129,2.968
2.443,2.714
2.265,2.972
1.736,2.734
-1.374,-0.588
-2.539,0.359
2.789,-0.617
2.804,1.962
-3.126,1.098
3.004,0.322
2.082,-0.136
2.105,1.859
2.021,0.355
1.98,0.681
2.028,0.87
-0.458,1.35
-1.43,-0.047
-1.966,2.245
2.132,-1.044
2.956,2.32
2.164,2.523
1.778,2.417
1.817,2.57
1.55,2.433
-0.157,-1.178
2.111,-1.132
2.196,-1.406
2.008,3.036
1.51,2.779
2.157,2.786
-0.014,-1.084
-0.052,-2.45
0.03,-2.224
-0.084,-2.472
-0.187,-2.5
-0.333,0.139
-0.351,-0.753
-0.391,0.209
-0.412,-3.469
-0.376,-2.026
-0.761,-2.469
-0.749,-1.888
-0.743,-1.902
-0.845,-1.863
-1.055,-1.527
-0.95,-2.491
-1.099,-3.084
-1.027,-2.84
-1.029,-2.096
-1.077,-0.761
-1.086,-3.467
-1.29,-0.94
-1.206,-1.075
-1.299,-1.363
-1.609,-0.693
-1.498,-0.577
-1.781,-1.226
-1.937,-2.194
-1.974,-2.166
-1.983,-1.34
-2.54,-0.484
-2.706,-2.455
-2.594,-1.684
-2.637,-1.59
-2.729,-2.433
-2.895,0.213
-2.905,-2.5
-3.049,-2.277
-2.984,-2.648
-3.127,-1.14
3.044,-1.653
3.135,0.373
3.129,-1.491
3.022,-1.716
3.008,-1.377
2.96,-1.695
3.07,-3.345
3.029,-3.292
3.03,-1.27
2.839,-2.514
2.726,-1.761
2.509,-3.319
2.478,-3.122
2.455,-2.655
2.314,-2.955
1.955,-2.088
1.964,-2.094
1.97,-3.36
1.846,-3.156
1.712,-0.932
1.702,-2.03
1.535,-0.974
0.77,-3.843
0.636,-3.783
0.515,-3.676
0.037,-3.724
-0.698,-3.932
-1.363,-3.851
-2.841,-3.856
2.948,-3.894
1.879,-3.806
0.839,0.361
-0.545,0.532
-0.747,0.46
-1.019,0.516
-0.905,0.507
-1.102,0.378
-1.4,0.63
-1.598,0.586
-1.896,0.379
-2.732,0.699
-2.94,0.719
2.657,0.465
2.479,0.723
1.95,0.485
-1.16,-2.837
-2.325,-1.89
3.003,-2.866
3.018,-0.287
-2.912,-1.151
-3.065,-1.927
2.296,-2.385
2.319,-0.39
2.235,-1.894
2.194,-1.568
2.242,-1.379
-0.244,-0.899
-1.216,-2.296
-1.752,-0.004
2.346,-3.293
-3.113,0.071
2.378,0.274
1.992,0.168
2.031,0.321
1.764,0.184
0.057,-3.427
2.325,-3.381
2.41,-3.655
2.222,0.787
1.724,0.53
2.371,0.537
-0.038,-1.366
0.044,-1.14
-0.07,-1.388
-0.173,-1.416
-0.319,1.223
-0.337,0.331
-0.377,1.293
-0.398,-2.385
-0.362,-0.942
-0.747,-1.385
-0.735,-0.804
-0.729,-0.818
-0.831,-0.779
-1.041,-0.443
-0.936,-1.407
-1.085,-2.0
-1.013,-1.756
-1.015,-1.012
-1.063,0.323
-1.072,-2.383
-1.276,0.144
-1.192,0.009
-1.285,-0.279
-1.595,0.391
-1.484,0.507
-1.767,-0.142
-1.923,-1.11
-1.96,-1.082
-1.969,-0.256
-2.526,0.6
-2.692,-1.371
-2.58,-0.6
-2.623,-0.506
-2.715,-1.349
-2.881,1.297
-2.891,-1.416
-3.035,-1.193
-2.97,-1.564
-3.113,-0.056
3.058,-0.569
-3.134,1.457
-3.14,-0.407
3.036,-0.632
3.022,-0.293
2.974,-0.611
3.084,-2.261
3.043,-2.208
3.044,-0.186
2.853,-1.43
2.74,-0.677
2.523,-2.235
2.492,-2.038
2.469,-1.571
2.328,-1.871
1.969,-1.004
1.978,-1.01
1.984,-2.276
1.86,-2.072
1.726,0.152
1.716,-0.946
1.549,0.11
0.784,-2.759
0.65,-2.699
0.529,-2.592
0.051,-2.64
-0.684,-2.848
-1.349,-2.767
-2.827,-2.772
2.962,-2.81
1.893,-2.722
0.853,1.445
-0.531,1.616
-0.733,1.544
-1.005,1.6
-0.891,1.591
-1.088,1.462
-1.386,1.714
-1.584,1.67
-1.882,1.463
-2.718,1.783
-2.926,1.803
2.671,1.549
2.493,1.807
1.964,1.569
-1.146,-1.753
-2.311,-0.806
3.017,-1.782
3.032,0.797
-2.898,-0.067
-3.051,-0.843
2.31,-1.301
2.333,0.694
2.249,-0.81
2.208,-0.484
2.256,-0.295
-0.23,0.185
-1.202,-1.212
-1.738,1.08
2.36,-2.209
-3.099,1.155
2.392,1.358
2.006,1.252
2.045,1.405
1.778,1.268
0.071,-2.343
2.339,-2.297
2.424,-2.571
2.236,1.871
1.738,1.614
2.385,1.621
0.082,0.226
-0.032,-0.022
-0.135,-0.05
-0.281,2.589
-0.299,1.697
-0.339,2.659
-0.36,-1.019
-0.324,0.424
-0.709,-0.019
-0.697,0.562
-0.691,0.548
-0.793,0.587
-1.003,0.923
-0.898,-0.041
-1.047,-0.634
-0.975,-0.39
-0.977,0.354
-1.025,1.689
-1.034,-1.017
-1.238,1.51
-1.154,1.375
-1.247,1.087
-1.557,1.757
-1.446,1.873
-1.729,1.224
-1.885,0.256
-1.922,0.284
-1.931,1.11
-2.488,1.966
-2.654,-0.005
-2.542,0.766
-2.585,0.86
-2.677,0.017
-2.843,2.663
-2.853,-0.05
-2.997,0.173
-2.932,-0.198
-3.075,1.31
3.096,0.797
-3.096,2.823
-3.102,0.959
3.074,0.734
3.06,1.073
3.012,0.755
3.122,-0.895
3.081,-0.842
3.082,1.18
2.891,-0.064
2.778,0.689
2.561,-0.869
2.53,-0.672
2.507,-0.205
2.366,-0.505
2.007,0.362
2.016,0.356
2.022,-0.91
1.898,-0.706
1.764,1.518
1.754,0.42
1.587,1.476
0.822,-1.393
0.688,-1.333
0.567,-1.226
0.089,-1.274
-0.646,-1.482
-1.311,-1.401
-2.789,-1.406
3.0,-1.444
1.931,-1.356
0.891,2.811
-0.493,2.982
-0.695,2.91
-0.967,2.966
-0.853,2.957
-1.05,2.828
-1.348,3.08
-1.546,3.036
-1.844,2.829
-2.68,3.149
-2.888,3.169
2.709,2.915
2.531,3.173
2.002,2.935
-1.108,-0.387
-2.273,0.56
3.055,-0.416
3.07,2.163
-2.86,1.299
-3.013,0.523
2.348,0.065
2.371,2.06
2.287,0.556
2.246,0.882
2.294,1.071
-0.192,1.551
-1.164,0.154
-1.7,2.446
2.398,-0.843
-3.061,2.521
2.43,2.724
2.044,2.618
2.083,2.771
1.816,2.634
0.109,-0.977
2.377,-0.931
2.462,-1.205
2.274,3.237
1.776,2.98
2.423,2.987
-0.114,-0.248
-0.217,-0.276
-0.363,2.363
-0.381,1.471
-0.421,2.433
-0.442,-1.245
-0.406,0.198
-0.791,-0.245
-0.779,0.336
-0.773,0.322
-0.875,0.361
-1.085,0.697
-0.98,-0.267
-1.129,-0.86
-1.057,-0.616
-1.059,0.128
-1.107,1.463
-1.116,-1.243
-1.32,1.284
-1.236,1.149
-1.329,0.861
-1.639,1.531
-1.528,1.647
-1.811,0.998
-1.967,0.03
-2.004,0.058
-2.013,0.884
-2.57,1.74
-2.736,-0.231
-2.624,0.54
-2.667,0.634
-2.759,-0.209
-2.925,2.437
-2.935,-0.276
-3.079,-0.053
-3.014,-0.424
3.126,1.084
3.014,0.571
3.105,2.597
3.099,0.733
2.992,0.508
2.978,0.847
2.93,0.529
3.04,-1.121
2.999,-1.068
3.0,0.954
2.809,-0.29
2.696,0.463
2.479,-1.095
2.448,-0.898
2.425,-0.431
2.284,-0.731
1.925,0.136
1.934,0.13
1.94,-1.136
1.816,-0.932
1.682,1.292
1.672,0.194
1.505,1.25
0.74,-1.619
0.606,-1.559
0.485,-1.452
0.007,-1.5
-0.728,-1.708
-1.393,-1.627
-2.871,-1.632
2.918,-1.67
1.849,-1.582
0.809,2.585
-0.575,2.756
-0.777,2.684
-1.049,2.74
-0.935,2.731
-1.132,2.602
-1.43,2.854
-1.628,2.81
-1.926,2.603
-2.762,2.923
-2.97,2.943
2.627,2.689
2.449,2.947
1.92,2.709
-1.19,-0.613
-2.355,0.334
2.973,-0.642
2.988,1.937
-2.942,1.073
-3.095,0.297
2.266,-0.161
2.289,1.834
2.205,0.33
2.164,0.656
2.212,0.845
-0.274,1.325
-1.246,-0.072
-1.782,2.22
2.316,-1.069
3.14,2.295
2.348,2.498
1.962,2.392
2.001,2.545
1.734,2.408
0.027,-1.203
2.295,-1.157
2.38,-1.431
2.192,3.011
1.694,2.754
2.341,2.761
-0.103,-0.028
-0.249,2.611
-0.267,1.719
-0.307,2.681
-0.328,-0.997
-0.292,0.446
-0.677,0.003
-0.665,0.584
-0.659,0.57
-0.761,0.609
-0.971,0.945
-0.866,-0.019
-1.015,-0.612
-0.943,-0.368
-0.945,0.376
-0.993,1.711
-1.002,-0.995
-1.206,1.532
-1.122,1.397
-1.215,1.109
-1.525,1.779
-1.414,1.895
-1.697,1.246
-1.853,0.278
-1.89,0.306
-1.899,1.132
-2.456,1.988
-2.622,0.017
-2.51,0.788
-2.553,0.882
-2.645,0.039
-2.811,2.685
-2.821,-0.028
-2.965,0.195
-2.9,-0.176
-3.043,1.332
3.128,0.819
-3.064,2.845
-3.07,0.981
3.106,0.756
3.092,1.095
3.044,0.777
-3.129,-0.873
3.113,-0.82
3.114,1.202
2.923,-0.042
2.81,0.711
2.593,-0.847
2.562,-0.65
2.539,-0.183
2.398,-0.483
2.039,0.384
2.048,0.378
2.054,-0.888
1.93,-0.684
1.796,1.54
1.786,0.442
1.619,1.498
0.854,-1.371
0.72,-1.311
0.599,-1.204
0.121,-1.252
-0.614,-1.46
-1.279,-1.379
-2.757,-1.384
3.032,-1.422
1.963,-1.334
0.923,2.833
-0.461,3.004
-0.663,2.932
-0.935,2.988
-0.821,2.979
-1.018,2.85
-1.316,3.102
-1.514,3.058
-1.812,2.851
-2.648,3.171
-2.856,3.191
2.741,2.937
2.563,3.195
2.034,2.957
-1.076,-0.365
-2.241,0.582
3.087,-0.394
3.102,2.185
-2.828,1.321
-2.981,0.545
2.38,0.087
2.403,2.082
2.319,0.578
2.278,0.904
2.326,1.093
-0.16,1.573
-1.132,0.176
-1.668,2.468
2.43,-0.821
-3.029,2.543
2.462,2.746
2.076,2.64
2.115,2.793
1.848,2.656
0.141,-0.955
2.409,-0.909
2.494,-1.183
2.306,3.259
1.808,3.002
2.455,3.009
-0.146,2.639
-0.164,1.747
-0.204,2.709
-0.225,-0.969
-0.189,0.474
-0.574,0.031
-0.562,0.612
-0.556,0.598
-0.658,0.637
-0.868,0.973
-0.763,0.009
-0.912,-0.584
-0.84,-0.34
-0.842,0.404
-0.89,1.739
-0.899,-0.967
-1.103,1.56
-1.019,1.425
-1.112,1.137
-1.422,1.807
-1.311,1.923
-1.594,1.274
-1.75,0.306
-1.787,0.334
-1.796,1.16
-2.353,2.016
-2.519,0.045
-2.407,0.816
-2.45,0.91
-2.542,0.067
-2.708,2.713
-2.718,0.0
-2.862,0.223
-2.797,-0.148
-2.94,1.36
-3.052,0.847
-2.961,2.873
-2.967,1.009
-3.074,0.784
-3.088,1.123
-3.136,0.805
-3.026,-0.845
-3.067,-0.792
-3.066,1.23
3.026,-0.014
2.913,0.739
2.696,-0.819
2.665,-0.622
2.642,-0.155
2.501,-0.455
2.142,0.412
2.151,0.406
2.157,-0.86
2.033,-0.656
1.899,1.568
1.889,0.47
1.722,1.526
0.957,-1.343
0.823,-1.283
0.702,-1.176
0.224,-1.224
-0.511,-1.432
-1.176,-1.351
-2.654,-1.356
3.135,-1.394
2.066,-1.306
1.026,2.861
-0.358,3.032
-0.56,2.96
-0.832,3.016
-0.718,3.007
-0.915,2.878
-1.213,3.13
-1.411,3.086
-1.709,2.879
-2.545,3.199
-2.753,3.219
2.844,2.965
2.666,3.223
2.137,2.985
-0.973,-0.337
-2.138,0.61
-3.093,-0.366
-3.078,2.213
-2.725,1.349
-2.878,0.573
2.483,0.115
2.506,2.11
2.422,0.606
2.381,0.932
2.429,1.121
-0.057,1.601
-1.029,0.204
-1.565,2.496
2.533,-0.793
-2.926,2.571
2.565,2.774
2.179,2.668
2.218,2.821
1.951,2.684
0.244,-0.927
2.512,-0.881
2.597,-1.155
2.409,3.287
1.911,3.03
2.558,3.037
-0.018,-0.892
-0.058,0.07
-0.079,-3.608
-0.043,-2.165
-0.428,-2.608
-0.416,-2.027
-0.41,-2.041
-0.512,-2.002
-0.722,-1.666
-0.617,-2.63
-0.766,-3.223
-0.694,-2.979
-0.696,-2.235
-0.744,-0.9
-0.753,-3.606
-0.957,-1.079
-0.873,-1.214
-0.966,-1.502
-1.276,-0.832
-1.165,-0.716
-1.448,-1.365
-1.604,-2.333
-1.641,-2.305
-1.65,-1.479
-2.207,-0.623
-2.373,-2.594
-2.261,-1.823
-2.304,-1.729
-2.396,-2.572
-2.562,0.074
-2.572,-2.639
-2.716,-2.416
-2.651,-2.787
-2.794,-1.279
-2.906,-1.792
-2.815,0.234
-2.821,-1.63
-2.928,-1.855
-2.942,-1.516
-2.99,-1.834
-2.88,-3.484
-2.921,-3.431
-2.92,-1.409
-3.111,-2.653
3.059,-1.9
2.842,-3.458
2.811,-3.261
2.788,-2.794
2.647,-3.094
2.288,-2.227
2.297,-2.233
2.303,-3.499
2.179,-3.295
2.045,-1.071
2.035,-2.169
1.868,-1.113
1.103,-3.982
0.969,-3.922
0.848,-3.815
0.37,-3.863
-0.365,-4.071
-1.03,-3.99
-2.508,-3.995
-3.002,-4.033
2.212,-3.945
1.172,0.222
-0.212,0.393
-0.414,0.321
-0.686,0.377
-0.572,0.368
-0.769,0.239
-1.067,0.491
-1.265,0.447
-1.563,0.24
-2.399,0.56
-2.607,0.58
2.99,0.326
2.812,0.584
2.283,0.346
-0.827,-2.976
-1.992,-2.029
-2.947,-3.005
-2.932,-0.426
-2.579,-1.29
-2.732,-2.066
2.629,-2.524
2.652,-0.529
2.568,-2.033
2.527,-1.707
2.575,-1.518
0.089,-1.038
-0.883,-2.435
-1.419,-0.143
2.679,-3.432
-2.78,-0.068
2.711,0.135
2.325,0.029
2.364,0.182
2.097,0.045
0.39,-3.566
2.658,-3.52
2.743,-3.794
2.555,0.648
2.057,0.391
2.704,0.398
-0.04,0.962
-0.061,-2.716
-0.025,-1.273
-0.41,-1.716
-0.398,-1.135
-0.392,-1.149
-0.494,-1.11
-0.704,-0.774
-0.599,-1.738
-0.748,-2.331
-0.676,-2.087
-0.678,-1.343
-0.726,-0.008
-0.735,-2.714
-0.939,-0.187
-0.855,-0.322
-0.948,-0.61
-1.258,0.06
-1.147,0.176
-1.43,-0.473
-1.586,-1.441
-1.623,-1.413
-1.632,-0.587
-2.189,0.269
-2.355,-1.702
-2.243,-0.931
-2.286,-0.837
-2.378,-1.68
-2.544,0.966
-2.554,-1.747
-2.698,-1.524
-2.633,-1.895
-2.776,-0.387
-2.888,-0.9
-2.797,1.126
-2.803,-0.738
-2.91,-0.963
-2.924,-0.624
-2.972,-0.942
-2.862,-2.592
-2.903,-2.539
-2.902,-0.517
-3.093,-1.761
3.077,-1.008
2.86,-2.566
2.829,-2.369
2.806,-1.902
2.665,-2.202
2.306,-1.335
2.315,-1.341
2.321,-2.607
2.197,-2.403
2.063,-0.179
2.053,-1.277
1.886,-0.221
1.121,-3.09
0.987,-3.03
0.866,-2.923
0.388,-2.971
-0.347,-3.179
-1.012,-3.098
-2.49,-3.103
-2.984,-3.141
2.23,-3.053
1.19,1.114
-0.194,1.285
-0.396,1.213
-0.668,1.269
-0.554,1.26
-0.751,1.131
-1.049,1.383
-1.247,1.339
-1.545,1.132
-2.381,1.452
-2.589,1.472
3.008,1.218
2.83,1.476
2.301,1.238
-0.809,-2.084
-1.974,-1.137
-2.929,-2.113
-2.914,0.466
-2.561,-0.398
-2.714,-1.174
2.647,-1.632
2.67,0.363
2.586,-1.141
2.545,-0.815
2.593,-0.626
0.107,-0.146
-0.865,-1.543
-1.401,0.749
2.697,-2.54
-2.762,0.824
2.729,1.027
2.343,0.921
2.382,1.074
2.115,0.937
0.408,-2.674
2.676,-2.628
2.761,-2.902
2.573,1.54
2.075,1.283
2.722,1.29
-0.021,-3.678
0.015,-2.235
-0.37,-2.678
-0.358,-2.097
-0.352,-2.111
-0.454,-2.072
-0.664,-1.736
-0.559,-2.7
-0.708,-3.293
-0.636,-3.049
-0.638,-2.305
-0.686,-0.97
-0.695,-3.676
-0.899,-1.149
-0.815,-1.284
-0.908,-1.572
-1.218,-0.902
-1.107,-0.786
-1.39,-1.435
-1.546,-2.403
-1.583,-2.375
-1.592,-1.549
-2.149,-0.693
-2.315,-2.664
-2.203,-1.893
-2.246,-1.799
-2.338,-2.642
-2.504,0.004
-2.514,-2.709
-2.658,-2.486
-2.593,-2.857
-2.736,-1.349
-2.848,-1.862
-2.757,0.164
-2.763,-1.7
-2.87,-1.925
-2.884,-1.586
-2.932,-1.904
-2.822,-3.554
-2.863,-3.501
-2.862,-1.479
-3.053,-2.723
3.117,-1.97
2.9,-3.528
2.869,-3.331
2.846,-2.864
2.705,-3.164
2.346,-2.297
2.355,-2.303
2.361,-3.569
2.237,-3.365
2.103,-1.141
2.093,-2.239
1.926,-1.183
1.161,-4.052
1.027,-3.992
0.906,-3.885
0.428,-3.933
-0.307,-4.141
-0.972,-4.06
-2.45,-4.065
-2.944,-4.103
2.27,-4.015
1.23,0.152
-0.154,0.323
-0.356,0.251
-0.628,0.307
-0.514,0.298
-0.711,0.169
-1.009,0.421
-1.207,0.377
-1.505,0.17
-2.341,0.49
-2.549,0.51
3.048,0.256
2.87,0.514
2.341,0.276
-0.769,-3.046
-1.934,-2.099
-2.889,-3.075
-2.874,-0.496
-2.521,-1.36
-2.674,-2.136
2.687,-2.594
2.71,-0.599
2.626,-2.103
2.585,-1.777
2.633,-1.588
0.147,-1.108
-0.825,-2.505
-1.361,-0.213
2.737,-3.502
-2.722,-0.138
2.769,0.065
2.383,-0.041
2.422,0.112
2.155,-0.025
0.448,-3.636
2.716,-3.59
2.801,-3.864
2.613,0.578
2.115,0.321
2.762,0.328
0.036,1.443
-0.349,1.0
-0.337,1.581
-0.331,1.567
-0.433,1.606
-0.643,1.942
-0.538,0.978
-0.687,0.385
-0.615,0.629
-0.617,1.373
-0.665,2.708
-0.674,0.002
-0.878,2.529
-0.794,2.394
-0.887,2.106
-1.197,2.776
-1.086,2.892
-1.369,2.243
-1.525,1.275
-1.562,1.303
-1.571,2.129
-2.128,2.985
-2.294,1.014
-2.182,1.785
-2.225,1.879
-2.317,1.036
-2.483,3.682
-2.493,0.969
-2.637,1.192
-2.572,0.821
-2.715,2.329
-2.827,1.816
-2.736,3.842
-2.742,1.978
-2.849,1.753
-2.863,2.092
-2.911,1.774
-2.801,0.124
-2.842,0.177
-2.841,2.199
-3.032,0.955
3.138,1.708
2.921,0.15
2.89,0.347
2.867,0.814
2.726,0.514
2.367,1.381
2.376,1.375
2.382,0.109
2.258,0.313
2.124,2.537
2.114,1.439
1.947,2.495
1.182,-0.374
1.048,-0.314
0.927,-0.207
0.449,-0.255
-0.286,-0.463
-0.951,-0.382
-2.429,-0.387
-2.923,-0.425
2.291,-0.337
1.251,3.83
-0.133,4.001
-0.335,3.929
-0.607,3.985
-0.493,3.976
-0.69,3.847
-0.988,4.099
-1.186,4.055
-1.484,3.848
-2.32,4.168
-2.528,4.188
3.069,3.934
2.891,4.192
2.362,3.954
-0.748,0.632
-1.913,1.579
-2.868,0.603
-2.853,3.182
-2.5,2.318
-2.653,1.542
2.708,1.084
2.731,3.079
2.647,1.575
2.606,1.901
2.654,2.09
0.168,2.57
-0.804,1.173
-1.34,3.465
2.758,0.176
-2.701,3.54
2.79,3.743
2.404,3.637
2.443,3.79
2.176,3.653
0.469,0.042
2.737,0.088
2.822,-0.186
2.634,4.256
2.136,3.999
2.783,4.006
-0.385,-0.443
-0.373,0.138
-0.367,0.124
-0.469,0.163
-0.679,0.499
-0.574,-0.465
-0.723,-1.058
-0.651,-0.814
-0.653,-0.07
-0.701,1.265
-0.71,-1.441
-0.914,1.086
-0.83,0.951
-0.923,0.663
-1.233,1.333
-1.122,1.449
-1.405,0.8
-1.561,-0.168
-1.598,-0.14
-1.607,0.686
-2.164,1.542
-2.33,-0.429
-2.218,0.342
-2.261,0.436
-2.353,-0.407
-2.519,2.239
-2.529,-0.474
-2.673,-0.251
-2.608,-0.622
-2.751,0.886
-2.863,0.373
-2.772,2.399
-2.778,0.535
-2.885,0.31
-2.899,0.649
-2.947,0.331
-2.837,-1.319
-2.878,-1.266
-2.877,0.756
-3.068,-0.488
3.102,0.265
2.885,-1.293
2.854,-1.096
2.831,-0.629
2.69,-0.929
2.331,-0.062
2.34,-0.068
2.346,-1.334
2.222,-1.13
2.088,1.094
2.078,-0.004
1.911,1.052
1.146,-1.817
1.012,-1.757
0.891,-1.65
0.413,-1.698
-0.322,-1.906
-0.987,-1.825
-2.465,-1.83
-2.959,-1.868
2.255,-1.78
1.215,2.387
-0.169,2.558
-0.371,2.486
-0.643,2.542
-0.529,2.533
-0.726,2.404
-1.024,2.656
-1.222,2.612
-1.52,2.405
-2.356,2.725
-2.564,2.745
3.033,2.491
2.855,2.749
2.326,2.511
-0.784,-0.811
-1.949,0.136
-2.904,-0.84
-2.889,1.739
-2.536,0.875
-2.689,0.099
2.672,-0.359
2.695,1.636
2.611,0.132
2.57,0.458
2.618,0.647
0.132,1.127
-0.84,-0.27
-1.376,2.022
2.722,-1.267
-2.737,2.097
2.754,2.3
2.368,2.194
2.407,2.347
2.14,2.21
0.433,-1.401
2.701,-1.355
2.786,-1.629
2.598,2.813
2.1,2.556
2.747,2.563
0.012,0.581
0.018,0.567
-0.084,0.606
-0.294,0.942
-0.189,-0.022
-0.338,-0.615
-0.266,-0.371
-0.268,0.373
-0.316,1.708
-0.325,-0.998
-0.529,1.529
-0.445,1.394
-0.538,1.106
-0.848,1.776
-0.737,1.892
-1.02,1.243
-1.176,0.275
-1.213,0.303
-1.222,1.129
-1.779,1.985
-1.945,0.014
-1.833,0.785
-1.876,0.879
-1.968,0.036
-2.134,2.682
-2.144,-0.031
-2.288,0.192
-2.223,-0.179
-2.366,1.329
-2.478,0.816
-2.387,2.842
-2.393,0.978
-2.5,0.753
-2.514,1.092
-2.562,0.774
-2.452,-0.876
-2.493,-0.823
-2.492,1.199
-2.683,-0.045
-2.796,0.708
-3.013,-0.85
-3.044,-0.653
-3.067,-0.186
3.075,-0.486
2.716,0.381
2.725,0.375
2.731,-0.891
2.607,-0.687
2.473,1.537
2.463,0.439
2.296,1.495
1.531,-1.374
1.397,-1.314
1.276,-1.207
0.798,-1.255
0.063,-1.463
-0.602,-1.382
-2.08,-1.387
-2.574,-1.425
2.64,-1.337
1.6,2.83
0.216,3.001
0.014,2.929
-0.258,2.985
-0.144,2.976
-0.341,2.847
-0.639,3.099
-0.837,3.055
-1.135,2.848
-1.971,3.168
-2.179,3.188
-2.865,2.934
-3.043,3.192
2.711,2.954
-0.399,-0.368
-1.564,0.579
-2.519,-0.397
-2.504,2.182
-2.151,1.318
-2.304,0.542
3.057,0.084
3.08,2.079
2.996,0.575
2.955,0.901
3.003,1.09
0.517,1.57
-0.455,0.173
-0.991,2.465
3.107,-0.824
-2.352,2.54
3.139,2.743
2.753,2.637
2.792,2.79
2.525,2.653
0.818,-0.958
3.086,-0.912
-3.112,-1.186
2.983,3.256
2.485,2.999
3.132,3.006
0.006,-0.014
-0.096,0.025
-0.306,0.361
-0.201,-0.603
-0.35,-1.196
-0.278,-0.952
-0.28,-0.208
-0.328,1.127
-0.337,-1.579
-0.541,0.948
-0.457,0.813
-0.55,0.525
-0.86,1.195
-0.749,1.311
-1.032,0.662
-1.188,-0.306
-1.225,-0.278
-1.234,0.548
-1.791,1.404
-1.957,-0.567
-1.845,0.204
-1.888,0.298
-1.98,-0.545
-2.146,2.101
-2.156,-0.612
-2.3,-0.389
-2.235,-0.76
-2.378,0.748
-2.49,0.235
-2.399,2.261
-2.405,0.397
-2.512,0.172
-2.526,0.511
-2.574,0.193
-2.464,-1.457
-2.505,-1.404
-2.504,0.618
-2.695,-0.626
-2.808,0.127
-3.025,-1.431
-3.056,-1.234
-3.079,-0.767
3.063,-1.067
2.704,-0.2
2.713,-0.206
2.719,-1.472
2.595,-1.268
2.461,0.956
2.451,-0.142
2.284,0.914
1.519,-1.955
1.385,-1.895
1.264,-1.788
0.786,-1.836
0.051,-2.044
-0.614,-1.963
-2.092,-1.968
-2.586,-2.006
2.628,-1.918
1.588,2.249
0.204,2.42
0.002,2.348
-0.27,2.404
-0.156,2.395
-0.353,2.266
-0.651,2.518
-0.849,2.474
-1.147,2.267
-1.983,2.587
-2.191,2.607
-2.877,2.353
-3.055,2.611
2.699,2.373
-0.411,-0.949
-1.576,-0.002
-2.531,-0.978
-2.516,1.601
-2.163,0.737
-2.316,-0.039
3.045,-0.497
3.068,1.498
2.984,-0.006
2.943,0.32
2.991,0.509
0.505,0.989
-0.467,-0.408
-1.003,1.884
3.095,-1.405
-2.364,1.959
3.127,2.162
2.741,2.056
2.78,2.209
2.513,2.072
0.806,-1.539
3.074,-1.493
-3.124,-1.767
2.971,2.675
2.473,2.418
3.12,2.425
-0.102,0.039
-0.312,0.375
-0.207,-0.589
-0.356,-1.182
-0.284,-0.938
-0.286,-0.194
-0.334,1.141
-0.343,-1.565
-0.547,0.962
-0.463,0.827
-0.556,0.539
-0.866,1.209
-0.755,1.325
-1.038,0.676
-1.194,-0.292
-1.231,-0.264
-1.24,0.562
-1.797,1.418
-1.963,-0.553
-1.851,0.218
-1.894,0.312
-1.986,-0.531
-2.152,2.115
-2.162,-0.598
-2.306,-0.375
-2.241,-0.746
-2.384,0.762
-2.496,0.249
-2.405,2.275
-2.411,0.411
-2.518,0.186
-2.532,0.525
-2.58,0.207
-2.47,-1.443
-2.511,-1.39
-2.51,0.632
-2.701,-0.612
-2.814,0.141
-3.031,-1.417
-3.062,-1.22
-3.085,-0.753
3.057,-1.053
2.698,-0.186
2.707,-0.192
2.713,-1.458
2.589,-1.254
2.455,0.97
2.445,-0.128
2.278,0.928
1.513,-1.941
1.379,-1.881
1.258,-1.774
0.78,-1.822
0.045,-2.03
-0.62,-1.949
-2.098,-1.954
-2.592,-1.992
2.622,-1.904
1.582,2.263
0.198,2.434
-0.004,2.362
-0.276,2.418
-0.162,2.409
-0.359,2.28
-0.657,2.532
-0.855,2.488
-1.153,2.281
-1.989,2.601
-2.197,2.621
-2.883,2.367
-3.061,2.625
2.693,2.387
-0.417,-0.935
-1.582,0.012
-2.537,-0.964
-2.522,1.615
-2.169,0.751
-2.322,-0.025
3.039,-0.483
3.062,1.512
2.978,0.008
2.937,0.334
2.985,0.523
0.499,1.003
-0.473,-0.394
-1.009,1.898
3.089,-1.391
-2.37,1.973
3.121,2.176
2.735,2.07
2.774,2.223
2.507,2.086
0.8,-1.525
3.068,-1.479
-3.13,-1.753
2.965,2.689
2.467,2.432
3.114,2.439
-0.21,0.336
-0.105,-0.628
-0.254,-1.221
-0.182,-0.977
-0.184,-0.233
-0.232,1.102
-0.241,-1.604
-0.445,0.923
-0.361,0.788
-0.454,0.5
-0.764,1.17
-0.653,1.286
-0.936,0.637
-1.092,-0.331
-1.129,-0.303
-1.138,0.523
-1.695,1.379
-1.861,-0.592
-1.749,0.179
-1.792,0.273
-1.884,-0.57
-2.05,2.076
-2.06,-0.637
-2.204,-0.414
-2.139,-0.785
-2.282,0.723
-2.394,0.21
-2.303,2.236
-2.309,0.372
-2.416,0.147
-2.43,0.486
-2.478,0.168
-2.368,-1.482
-2.409,-1.429
-2.408,0.593
-2.599,-0.651
-2.712,0.102
-2.929,-1.456
-2.96,-1.259
-2.983,-0.792
-3.124,-1.092
2.8,-0.225
2.809,-0.231
2.815,-1.497
2.691,-1.293
2.557,0.931
2.547,-0.167
2.38,0.889
1.615,-1.98
1.481,-1.92
1.36,-1.813
0.882,-1.861
0.147,-2.069
-0.518,-1.988
-1.996,-1.993
-2.49,-2.031
2.724,-1.943
1.684,2.224
0.3,2.395
0.098,2.323
-0.174,2.379
-0.06,2.37
-0.257,2.241
-0.555,2.493
-0.753,2.449
-1.051,2.242
-1.887,2.562
-2.095,2.582
-2.781,2.328
-2.959,2.586
2.795,2.348
-0.315,-0.974
-1.48,-0.027
-2.435,-1.003
-2.42,1.576
-2.067,0.712
-2.22,-0.064
3.141,-0.522
-3.119,1.473
3.08,-0.031
3.039,0.295
3.087,0.484
0.601,0.964
-0.371,-0.433
-0.907,1.859
-3.092,-1.43
-2.268,1.934
-3.06,2.137
2.837,2.031
2.876,2.184
2.609,2.047
0.902,-1.564
-3.113,-1.518
-3.028,-1.792
3.067,2.65
2.569,2.393
-3.067,2.4
0.105,-0.964
-0.044,-1.557
0.028,-1.313
0.026,-0.569
-0.022,0.766
-0.031,-1.94
-0.235,0.587
-0.151,0.452
-0.244,0.164
-0.554,0.834
-0.443,0.95
-0.726,0.301
-0.882,-0.667
-0.919,-0.639
-0.928,0.187
-1.485,1.043
-1.651,-0.928
-1.539,-0.157
-1.582,-0.063
-1.674,-0.906
-1.84,1.74
-1.85,-0.973
-1.994,-0.75
-1.929,-1.121
-2.072,0.387
-2.184,-0.126
-2.093,1.9
-2.099,0.036
-2.206,-0.189
-2.22,0.15
-2.268,-0.168
-2.158,-1.818
-2.199,-1.765
-2.198,0.257
-2.389,-0.987
-2.502,-0.234
-2.719,-1.792
-2.75,-1.595
-2.773,-1.128
-2.914,-1.428
3.01,-0.561
3.019,-0.567
3.025,-1.833
2.901,-1.629
2.767,0.595
2.757,-0.503
2.59,0.553
1.825,-2.316
1.691,-2.256
1.57,-2.149
1.092,-2.197
0.357,-2.405
-0.308,-2.324
-1.786,-2.329
-2.28,-2.367
2.934,-2.279
1.894,1.888
0.51,2.059
0.308,1.987
0.036,2.043
0.15,2.034
-0.047,1.905
-0.345,2.157
-0.543,2.113
-0.841,1.906
-1.677,2.226
-1.885,2.246
-2.571,1.992
-2.749,2.25
3.005,2.012
-0.105,-1.31
-1.27,-0.363
-2.225,-1.339
-2.21,1.24
-1.857,0.376
-2.01,-0.4
-2.932,-0.858
-2.909,1.137
-2.993,-0.367
-3.034,-0.041
-2.986,0.148
0.811,0.628
-0.161,-0.769
-0.697,1.523
-2.882,-1.766
-2.058,1.598
-2.85,1.801
3.047,1.695
3.086,1.848
2.819,1.711
1.112,-1.9
-2.903,-1.854
-2.818,-2.128
-3.006,2.314
2.779,2.057
-2.857,2.064
-0.149,-0.593
-0.077,-0.349
-0.079,0.395
-0.127,1.73
-0.136,-0.976
-0.34,1.551
-0.256,1.416
-0.349,1.128
-0.659,1.798
-0.548,1.914
-0.831,1.265
-0.987,0.297
-1.024,0.325
-1.033,1.151
-1.59,2.007
-1.756,0.036
-1.644,0.807
-1.687,0.901
-1.779,0.058
-1.945,2.704
-1.955,-0.009
-2.099,0.214
-2.034,-0.157
-2.177,1.351
-2.289,0.838
-2.198,2.864
-2.204,1.0
-2.311,0.775
-2.325,1.114
-2.373,0.796
-2.263,-0.854
-2.304,-0.801
-2.303,1.221
-2.494,-0.023
-2.607,0.73
-2.824,-0.828
-2.855,-0.631
-2.878,-0.164
-3.019,-0.464
2.905,0.403
2.914,0.397
2.92,-0.869
2.796,-0.665
2.662,1.559
2.652,0.461
2.485,1.517
1.72,-1.352
1.586,-1.292
1.465,-1.185
0.987,-1.233
0.252,-1.441
-0.413,-1.36
-1.891,-1.365
-2.385,-1.403
2.829,-1.315
1.789,2.852
0.405,3.023
0.203,2.951
-0.069,3.007
0.045,2.998
-0.152,2.869
-0.45,3.121
-0.648,3.077
-0.946,2.87
-1.782,3.19
-1.99,3.21
-2.676,2.956
-2.854,3.214
2.9,2.976
-0.21,-0.346
-1.375,0.601
-2.33,-0.375
-2.315,2.204
-1.962,1.34
-2.115,0.564
-3.037,0.106
-3.014,2.101
-3.098,0.597
-3.139,0.923
-3.091,1.112
0.706,1.592
-0.266,0.195
-0.802,2.487
-2.987,-0.802
-2.163,2.562
-2.955,2.765
2.942,2.659
2.981,2.812
2.714,2.675
1.007,-0.936
-3.008,-0.89
-2.923,-1.164
-3.111,3.278
2.674,3.021
-2.962,3.028
0.072,0.244
0.07,0.988
0.022,2.323
0.013,-0.383
-0.191,2.144
-0.107,2.009
-0.2,1.721
-0.51,2.391
-0.399,2.507
-0.682,1.858
-0.838,0.89
-0.875,0.918
-0.884,1.744
-1.441,2.6
-1.607,0.629
-1.495,1.4
-1.538,1.494
-1.63,0.651
-1.796,3.297
-1.806,0.584
-1.95,0.807
-1.885,0.436
-2.028,1.944
-2.14,1.431
-2.049,3.457
-2.055,1.593
-2.162,1.368
-2.176,1.707
-2.224,1.389
-2.114,-0.261
-2.155,-0.208
-2.154,1.814
-2.345,0.57
-2.458,1.323
-2.675,-0.235
-2.706,-0.038
-2.729,0.429
-2.87,0.129
3.054,0.996
3.063,0.99
3.069,-0.276
2.945,-0.072
2.811,2.152
2.801,1.054
2.634,2.11
1.869,-0.759
1.735,-0.699
1.614,-0.592
1.136,-0.64
0.401,-0.848
-0.264,-0.767
-1.742,-0.772
-2.236,-0.81
2.978,-0.722
1.938,3.445
0.554,3.616
0.352,3.544
0.08,3.6
0.194,3.591
-0.003,3.462
-0.301,3.714
-0.499,3.67
-0.797,3.463
-1.633,3.783
-1.841,3.803
-2.527,3.549
-2.705,3.807
3.049,3.569
-0.061,0.247
-1.226,1.194
-2.181,0.218
-2.166,2.797
-1.813,1.933
-1.966,1.157
-2.888,0.699
-2.865,2.694
-2.949,1.19
-2.99,1.516
-2.942,1.705
0.855,2.185
-0.117,0.788
-0.653,3.08
-2.838,-0.209
-2.014,3.155
-2.806,3.358
3.091,3.252
3.13,3.405
2.863,3.268
1.156,-0.343
-2.859,-0.297
-2.774,-0.571
-2.962,3.871
2.823,3.614
-2.813,3.621
-0.002,0.744
-0.05,2.079
-0.059,-0.627
-0.263,1.9
-0.179,1.765
-0.272,1.477
-0.582,2.147
-0.471,2.263
-0.754,1.614
-0.91,0.646
-0.947,0.674
-0.956,1.5
-1.513,2.356
-1.679,0.385
-1.567,1.156
-1.61,1.25
-1.702,0.407
-1.868,3.053
-1.878,0.34
-2.022,0.563
-1.957,0.192
-2.1,1.7
-2.212,1.187
-2.121,3.213
-2.127,1.349
-2.234,1.124
-2.248,1.463
-2.296,1.145
-2.186,-0.505
-2.227,-0.452
-2.226,1.57
-2.417,0.326
-2.53,1.079
-2.747,-0.479
-2.778,-0.282
-2.801,0.185
-2.942,-0.115
2.982,0.752
2.991,0.746
2.997,-0.52
2.873,-0.316
2.739,1.908
2.729,0.81
2.562,1.866
1.797,-1.003
1.663,-0.943
1.542,-0.836
1.064,-0.884
0.329,-1.092
-0.336,-1.011
-1.814,-1.016
-2.308,-1.054
2.906,-0.966
1.866,3.201
0.482,3.372
0.28,3.3
0.008,3.356
0.122,3.347
-0.075,3.218
-0.373,3.47
-0.571,3.426
-0.869,3.219
-1.705,3.539
-1.913,3.559
-2.599,3.305
-2.777,3.563
2.977,3.325
-0.133,0.003
-1.298,0.95
-2.253,-0.026
-2.238,2.553
-1.885,1.689
-2.038,0.913
-2.96,0.455
-2.937,2.45
-3.021,0.946
-3.062,1.272
-3.014,1.461
0.783,1.941
-0.189,0.544
-0.725,2.836
-2.91,-0.453
-2.086,2.911
-2.878,3.114
3.019,3.008
3.058,3.161
2.791,3.024
1.084,-0.587
-2.931,-0.541
-2.846,-0.815
-3.034,3.627
2.751,3.37
-2.885,3.377
-0.048,1.335
-0.057,-1.371
-0.261,1.156
-0.177,1.021
-0.27,0.733
-0.58,1.403
-0.469,1.519
-0.752,0.87
-0.908,-0.098
-0.945,-0.07
-0.954,0.756
-1.511,1.612
-1.677,-0.359
-1.565,0.412
-1.608,0.506
-1.7,-0.337
-1.866,2.309
-1.876,-0.404
-2.02,-0.181
-1.955,-0.552
-2.098,0.956
-2.21,0.443
-2.119,2.469
-2.125,0.605
-2.232,0.38
-2.246,0.719
-2.294,0.401
-2.184,-1.249
-2.225,-1.196
-2.224,0.826
-2.415,-0.418
-2.528,0.335
-2.745,-1.223
-2.776,-1.026
-2.799,-0.559
-2.94,-0.859
2.984,0.008
2.993,0.002
2.999,-1.264
2.875,-1.06
2.741,1.164
2.731,0.066
2.564,1.122
1.799,-1.747
1.665,-1.687
1.544,-1.58
1.066,-1.628
0.331,-1.836
-0.334,-1.755
-1.812,-1.76
-2.306,-1.798
2.908,-1.71
1.868,2.457
0.484,2.628
0.282,2.556
0.01,2.612
0.124,2.603
-0.073,2.474
-0.371,2.726
-0.569,2.682
-0.867,2.475
-1.703,2.795
-1.911,2.815
-2.597,2.561
-2.775,2.819
2.979,2.581
-0.131,-0.741
-1.296,0.206
-2.251,-0.77
-2.236,1.809
-1.883,0.945
-2.036,0.169
-2.958,-0.289
-2.935,1.706
-3.019,0.202
-3.06,0.528
-3.012,0.717
0.785,1.197
-0.187,-0.2
-0.723,2.092
-2.908,-1.197
-2.084,2.167
-2.876,2.37
3.021,2.264
3.06,2.417
2.793,2.28
1.086,-1.331
-2.929,-1.285
-2.844,-1.559
-3.032,2.883
2.753,2.626
-2.883,2.633
-0.009,-2.706
-0.213,-0.179
-0.129,-0.314
-0.222,-0.602
-0.532,0.068
-0.421,0.184
-0.704,-0.465
-0.86,-1.433
-0.897,-1.405
-0.906,-0.579
-1.463,0.277
-1.629,-1.694
-1.517,-0.923
-1.56,-0.829
-1.652,-1.672
-1.818,0.974
-1.828,-1.739
-1.972,-1.516
-1.907,-1.887
-2.05,-0.379
-2.162,-0.892
-2.071,1.134
-2.077,-0.73
-2.184,-0.955
-2.198,-0.616
-2.246,-0.934
-2.136,-2.584
-2.177,-2.531
-2.176,-0.509
-2.367,-1.753
-2.48,-1.0
-2.697,-2.558
-2.728,-2.361
-2.751,-1.894
-2.892,-2.194
3.032,-1.327
3.041,-1.333
3.047,-2.599
2.923,-2.395
2.789,-0.171
2.779,-1.269
2.612,-0.213
1.847,-3.082
1.713,-3.022
1.592,-2.915
1.114,-2.963
0.379,-3.171
-0.286,-3.09
-1.764,-3.095
-2.258,-3.133
2.956,-3.045
1.916,1.122
0.532,1.293
0.33,1.221
0.058,1.277
0.172,1.268
-0.025,1.139
-0.323,1.391
-0.521,1.347
-0.819,1.14
-1.655,1.46
-1.863,1.48
-2.549,1.226
-2.727,1.484
3.027,1.246
-0.083,-2.076
-1.248,-1.129
-2.203,-2.105
-2.188,0.474
-1.835,-0.39
-1.988,-1.166
-2.91,-1.624
-2.887,0.371
-2.971,-1.133
-3.012,-0.807
-2.964,-0.618
0.833,-0.138
-0.139,-1.535
-0.675,0.757
-2.86,-2.532
-2.036,0.832
-2.828,1.035
3.069,0.929
3.108,1.082
2.841,0.945
1.134,-2.666
-2.881,-2.62
-2.796,-2.894
-2.984,1.548
2.801,1.291
-2.835,1.298
-0.204,2.527
-0.12,2.392
-0.213,2.104
-0.523,2.774
-0.412,2.89
-0.695,2.241
-0.851,1.273
-0.888,1.301
-0.897,2.127
-1.454,2.983
-1.62,1.012
-1.508,1.783
-1.551,1.877
-1.643,1.034
-1.809,3.68
-1.819,0.967
-1.963,1.19
-1.898,0.819
-2.041,2.327
-2.153,1.814
-2.062,3.84
-2.068,1.976
-2.175,1.751
-2.189,2.09
-2.237,1.772
-2.127,0.122
-2.168,0.175
-2.167,2.197
-2.358,0.953
-2.471,1.706
-2.688,0.148
-2.719,0.345
-2.742,0.812
-2.883,0.512
3.041,1.379
3.05,1.373
3.056,0.107
2.932,0.311
2.798,2.535
2.788,1.437
2.621,2.493
1.856,-0.376
1.722,-0.316
1.601,-0.209
1.123,-0.257
0.388,-0.465
-0.277,-0.384
-1.755,-0.389
-2.249,-0.427
2.965,-0.339
1.925,3.828
0.541,3.999
0.339,3.927
0.067,3.983
0.181,3.974
-0.016,3.845
-0.314,4.097
-0.512,4.053
-0.81,3.846
-1.646,4.166
-1.854,4.186
-2.54,3.932
-2.718,4.19
3.036,3.952
-0.074,0.63
-1.239,1.577
-2.194,0.601
-2.179,3.18
-1.826,2.316
-1.979,1.54
-2.901,1.082
-2.878,3.077
-2.962,1.573
-3.003,1.899
-2.955,2.088
0.842,2.568
-0.13,1.171
-0.666,3.463
-2.851,0.174
-2.027,3.538
-2.819,3.741
3.078,3.635
3.117,3.788
2.85,3.651
1.143,0.04
-2.872,0.086
-2.787,-0.188
-2.975,4.254
2.81,3.997
-2.826,4.004
0.084,-0.135
-0.009,-0.423
-0.319,0.247
-0.208,0.363
-0.491,-0.286
-0.647,-1.254
-0.684,-1.226
-0.693,-0.4
-1.25,0.456
-1.416,-1.515
-1.304,-0.744
-1.347,-0.65
-1.439,-1.493
-1.605,1.153
-1.615,-1.56
-1.759,-1.337
-1.694,-1.708
-1.837,-0.2
-1.949,-0.713
-1.858,1.313
-1.864,-0.551
-1.971,-0.776
-1.985,-0.437
-2.033,-0.755
-1.923,-2.405
-1.964,-2.352
-1.963,-0.33
-2.154,-1.574
-2.267,-0.821
-2.484,-2.379
-2.515,-2.182
-2.538,-1.715
-2.679,-2.015
-3.038,-1.148
-3.029,-1.154
-3.023,-2.42
3.136,-2.216
3.002,0.008
2.992,-1.09
2.825,-0.034
2.06,-2.903
1.926,-2.843
1.805,-2.736
1.327,-2.784
0.592,-2.992
-0.073,-2.911
-1.551,-2.916
-2.045,-2.954
-3.114,-2.866
2.129,1.301
0.745,1.472
0.543,1.4
0.271,1.456
0.385,1.447
0.188,1.318
-0.11,1.57
-0.308,1.526
-0.606,1.319
-1.442,1.639
-1.65,1.659
-2.336,1.405
-2.514,1.663
-3.043,1.425
0.13,-1.897
-1.035,-0.95
-1.99,-1.926
-1.975,0.653
-1.622,-0.211
-1.775,-0.987
-2.697,-1.445
-2.674,0.55
-2.758,-0.954
-2.799,-0.628
-2.751,-0.439
1.046,0.041
0.074,-1.356
-0.462,0.936
-2.647,-2.353
-1.823,1.011
-2.615,1.214
-3.001,1.108
-2.962,1.261
3.054,1.124
1.347,-2.487
-2.668,-2.441
-2.583,-2.715
-2.771,1.727
3.014,1.47
-2.622,1.477
-0.093,-0.288
-0.403,0.382
-0.292,0.498
-0.575,-0.151
-0.731,-1.119
-0.768,-1.091
-0.777,-0.265
-1.334,0.591
-1.5,-1.38
-1.388,-0.609
-1.431,-0.515
-1.523,-1.358
-1.689,1.288
-1.699,-1.425
-1.843,-1.202
-1.778,-1.573
-1.921,-0.065
-2.033,-0.578
-1.942,1.448
-1.948,-0.416
-2.055,-0.641
-2.069,-0.302
-2.117,-0.62
-2.007,-2.27
-2.048,-2.217
-2.047,-0.195
-2.238,-1.439
-2.351,-0.686
-2.568,-2.244
-2.599,-2.047
-2.622,-1.58
-2.763,-1.88
-3.122,-1.013
-3.113,-1.019
-3.107,-2.285
3.052,-2.081
2.918,0.143
2.908,-0.955
2.741,0.101
1.976,-2.768
1.842,-2.708
1.721,-2.601
1.243,-2.649
0.508,-2.857
-0.157,-2.776
-1.635,-2.781
-2.129,-2.819
3.085,-2.731
2.045,1.436
0.661,1.607
0.459,1.535
0.187,1.591
0.301,1.582
0.104,1.453
-0.194,1.705
-0.392,1.661
-0.69,1.454
-1.526,1.774
-1.734,1.794
-2.42,1.54
-2.598,1.798
-3.127,1.56
0.046,-1.762
-1.119,-0.815
-2.074,-1.791
-2.059,0.788
-1.706,-0.076
-1.859,-0.852
-2.781,-1.31
-2.758,0.685
-2.842,-0.819
-2.883,-0.493
-2.835,-0.304
0.962,0.176
-0.01,-1.221
-0.546,1.071
-2.731,-2.218
-1.907,1.146
-2.699,1.349
-3.085,1.243
-3.046,1.396
2.97,1.259
1.263,-2.352
-2.752,-2.306
-2.667,-2.58
-2.855,1.862
2.93,1.605
-2.706,1.612
-0.31,0.67
-0.199,0.786
-0.482,0.137
-0.638,-0.831
-0.675,-0.803
-0.684,0.023
-1.241,0.879
-1.407,-1.092
-1.295,-0.321
-1.338,-0.227
-1.43,-1.07
-1.596,1.576
-1.606,-1.137
-1.75,-0.914
-1.685,-1.285
-1.828,0.223
-1.94,-0.29
-1.849,1.736
-1.855,-0.128
-1.962,-0.353
-1.976,-0.014
-2.024,-0.332
-1.914,-1.982
-1.955,-1.929
-1.954,0.093
-2.145,-1.151
-2.258,-0.398
-2.475,-1.956
-2.506,-1.759
-2.529,-1.292
-2.67,-1.592
-3.029,-0.725
-3.02,-0.731
-3.014,-1.997
-3.138,-1.793
3.011,0.431
3.001,-0.667
2.834,0.389
2.069,-2.48
1.935,-2.42
1.814,-2.313
1.336,-2.361
0.601,-2.569
-0.064,-2.488
-1.542,-2.493
-2.036,-2.531
-3.105,-2.443
2.138,1.724
0.754,1.895
0.552,1.823
0.28,1.879
0.394,1.87
0.197,1.741
-0.101,1.993
-0.299,1.949
-0.597,1.742
-1.433,2.062
-1.641,2.082
-2.327,1.828
-2.505,2.086
-3.034,1.848
0.139,-1.474
-1.026,-0.527
-1.981,-1.503
-1.966,1.076
-1.613,0.212
-1.766,-0.564
-2.688,-1.022
-2.665,0.973
-2.749,-0.531
-2.79,-0.205
-2.742,-0.016
1.055,0.464
0.083,-0.933
-0.453,1.359
-2.638,-1.93
-1.814,1.434
-2.606,1.637
-2.992,1.531
-2.953,1.684
3.063,1.547
1.356,-2.064
-2.659,-2.018
-2.574,-2.292
-2.762,2.15
3.023,1.893
-2.613,1.9
0.111,0.116
-0.172,-0.533
-0.328,-1.501
-0.365,-1.473
-0.374,-0.647
-0.931,0.209
-1.097,-1.762
-0.985,-0.991
-1.028,-0.897
-1.12,-1.74
-1.286,0.906
-1.296,-1.807
-1.44,-1.584
-1.375,-1.955
-1.518,-0.447
-1.63,-0.96
-1.539,1.066
-1.545,-0.798
-1.652,-1.023
-1.666,-0.684
-1.714,-1.002
-1.604,-2.652
-1.645,-2.599
-1.644,-0.577
-1.835,-1.821
-1.948,-1.068
-2.165,-2.626
-2.196,-2.429
-2.219,-1.962
-2.36,-2.262
-2.719,-1.395
-2.71,-1.401
-2.704,-2.667
-2.828,-2.463
-2.962,-0.239
-2.972,-1.337
-3.139,-0.281
2.379,-3.15
2.245,-3.09
2.124,-2.983
1.646,-3.031
0.911,-3.239
0.246,-3.158
-1.232,-3.163
-1.726,-3.201
-2.795,-3.113
2.448,1.054
1.064,1.225
0.862,1.153
0.59,1.209
0.704,1.2
0.507,1.071
0.209,1.323
0.011,1.279
-0.287,1.072
-1.123,1.392
-1.331,1.412
-2.017,1.158
-2.195,1.416
-2.724,1.178
0.449,-2.144
-0.716,-1.197
-1.671,-2.173
-1.656,0.406
-1.303,-0.458
-1.456,-1.234
-2.378,-1.692
-2.355,0.303
-2.439,-1.201
-2.48,-0.875
-2.432,-0.686
1.365,-0.206
0.393,-1.603
-0.143,0.689
-2.328,-2.6
-1.504,0.764
-2.296,0.967
-2.682,0.861
-2.643,1.014
-2.91,0.877
1.666,-2.734
-2.349,-2.688
-2.264,-2.962
-2.452,1.48
-2.95,1.223
-2.303,1.23
-0.283,-0.649
-0.439,-1.617
-0.476,-1.589
-0.485,-0.763
-1.042,0.093
-1.208,-1.878
-1.096,-1.107
-1.139,-1.013
-1.231,-1.856
-1.397,0.79
-1.407,-1.923
-1.551,-1.7
-1.486,-2.071
-1.629,-0.563
-1.741,-1.076
-1.65,0.95
-1.656,-0.914
-1.763,-1.139
-1.777,-0.8
-1.825,-1.118
-1.715,-2.768
-1.756,-2.715
-1.755,-0.693
-1.946,-1.937
-2.059,-1.184
-2.276,-2.742
-2.307,-2.545
-2.33,-2.078
-2.471,-2.378
-2.83,-1.511
-2.821,-1.517
-2.815,-2.783
-2.939,-2.579
-3.073,-0.355
-3.083,-1.453
3.033,-0.397
2.268,-3.266
2.134,-3.206
2.013,-3.099
1.535,-3.147
0.8,-3.355
0.135,-3.274
-1.343,-3.279
-1.837,-3.317
-2.906,-3.229
2.337,0.938
0.953,1.109
0.751,1.037
0.479,1.093
0.593,1.084
0.396,0.955
0.098,1.207
-0.1,1.163
-0.398,0.956
-1.234,1.276
-1.442,1.296
-2.128,1.042
-2.306,1.3
-2.835,1.062
0.338,-2.26
-0.827,-1.313
-1.782,-2.289
-1.767,0.29
-1.414,-0.574
-1.567,-1.35
-2.489,-1.808
-2.466,0.187
-2.55,-1.317
-2.591,-0.991
-2.543,-0.802
1.254,-0.322
0.282,-1.719
-0.254,0.573
-2.439,-2.716
-1.615,0.648
-2.407,0.851
-2.793,0.745
-2.754,0.898
-3.021,0.761
1.555,-2.85
-2.46,-2.804
-2.375,-3.078
-2.563,1.364
-3.061,1.107
-2.414,1.114
-0.156,-0.968
-0.193,-0.94
-0.202,-0.114
-0.759,0.742
-0.925,-1.229
-0.813,-0.458
-0.856,-0.364
-0.948,-1.207
-1.114,1.439
-1.124,-1.274
-1.268,-1.051
-1.203,-1.422
-1.346,0.086
-1.458,-0.427
-1.367,1.599
-1.373,-0.265
-1.48,-0.49
-1.494,-0.151
-1.542,-0.469
-1.432,-2.119
-1.473,-2.066
-1.472,-0.044
-1.663,-1.288
-1.776,-0.535
-1.993,-2.093
-2.024,-1.896
-2.047,-1.429
-2.188,-1.729
-2.547,-0.862
-2.538,-0.868
-2.532,-2.134
-2.656,-1.93
-2.79,0.294
-2.8,-0.804
-2.967,0.252
2.551,-2.617
2.417,-2.557
2.296,-2.45
1.818,-2.498
1.083,-2.706
0.418,-2.625
-1.06,-2.63
-1.554,-2.668
-2.623,-2.58
2.62,1.587
1.236,1.758
1.034,1.686
0.762,1.742
0.876,1.733
0.679,1.604
0.381,1.856
0.183,1.812
-0.115,1.605
-0.951,1.925
-1.159,1.945
-1.845,1.691
-2.023,1.949
-2.552,1.711
0.621,-1.611
-0.544,-0.664
-1.499,-1.64
-1.484,0.939
-1.131,0.075
-1.284,-0.701
-2.206,-1.159
-2.183,0.836
-2.267,-0.668
-2.308,-0.342
-2.26,-0.153
1.537,0.327
0.565,-1.07
0.029,1.222
-2.156,-2.067
-1.332,1.297
-2.124,1.5
-2.51,1.394
-2.471,1.547
-2.738,1.41
1.838,-2.201
-2.177,-2.155
-2.092,-2.429
-2.28,2.013
-2.778,1.756
-2.131,1.763
-0.037,0.028
-0.046,0.854
-0.603,1.71
-0.769,-0.261
-0.657,0.51
-0.7,0.604
-0.792,-0.239
-0.958,2.407
-0.968,-0.306
-1.112,-0.083
-1.047,-0.454
-1.19,1.054
-1.302,0.541
-1.211,2.567
-1.217,0.703
-1.324,0.478
-1.338,0.817
-1.386,0.499
-1.276,-1.151
-1.317,-1.098
-1.316,0.924
-1.507,-0.32
-1.62,0.433
-1.837,-1.125
-1.868,-0.928
-1.891,-0.461
-2.032,-0.761
-2.391,0.106
-2.382,0.1
-2.376,-1.166
-2.5,-0.962
-2.634,1.262
-2.644,0.164
-2.811,1.22
2.707,-1.649
2.573,-1.589
2.452,-1.482
1.974,-1.53
1.239,-1.738
0.574,-1.657
-0.904,-1.662
-1.398,-1.7
-2.467,-1.612
2.776,2.555
1.392,2.726
1.19,2.654
0.918,2.71
1.032,2.701
0.835,2.572
0.537,2.824
0.339,2.78
0.041,2.573
-0.795,2.893
-1.003,2.913
-1.689,2.659
-1.867,2.917
-2.396,2.679
0.777,-0.643
-0.388,0.304
-1.343,-0.672
-1.328,1.907
-0.975,1.043
-1.128,0.267
-2.05,-0.191
-2.027,1.804
-2.111,0.3
-2.152,0.626
-2.104,0.815
1.693,1.295
0.721,-0.102
0.185,2.19
-2.0,-1.099
-1.176,2.265
-1.968,2.468
-2.354,2.362
-2.315,2.515
-2.582,2.378
1.994,-1.233
-2.021,-1.187
-1.936,-1.461
-2.124,2.981
-2.622,2.724
-1.975,2.731
-0.009,0.826
-0.566,1.682
-0.732,-0.289
-0.62,0.482
-0.663,0.576
-0.755,-0.267
-0.921,2.379
-0.931,-0.334
-1.075,-0.111
-1.01,-0.482
-1.153,1.026
-1.265,0.513
-1.174,2.539
-1.18,0.675
-1.287,0.45
-1.301,0.789
-1.349,0.471
-1.239,-1.179
-1.28,-1.126
-1.279,0.896
-1.47,-0.348
-1.583,0.405
-1.8,-1.153
-1.831,-0.956
-1.854,-0.489
-1.995,-0.789
-2.354,0.078
-2.345,0.072
-2.339,-1.194
-2.463,-0.99
-2.597,1.234
-2.607,0.136
-2.774,1.192
2.744,-1.677
2.61,-1.617
2.489,-1.51
2.011,-1.558
1.276,-1.766
0.611,-1.685
-0.867,-1.69
-1.361,-1.728
-2.43,-1.64
2.813,2.527
1.429,2.698
1.227,2.626
0.955,2.682
1.069,2.673
0.872,2.544
0.574,2.796
0.376,2.752
0.078,2.545
-0.758,2.865
-0.966,2.885
-1.652,2.631
-1.83,2.889
-2.359,2.651
0.814,-0.671
-0.351,0.276
-1.306,-0.7
-1.291,1.879
-0.938,1.015
-1.091,0.239
-2.013,-0.219
-1.99,1.776
-2.074,0.272
-2.115,0.598
-2.067,0.787
1.73,1.267
0.758,-0.13
0.222,2.162
-1.963,-1.127
-1.139,2.237
-1.931,2.44
-2.317,2.334
-2.278,2.487
-2.545,2.35
2.031,-1.261
-1.984,-1.215
-1.899,-1.489
-2.087,2.953
-2.585,2.696
-1.938,2.703
-0.557,0.856
-0.723,-1.115
-0.611,-0.344
-0.654,-0.25
-0.746,-1.093
-0.912,1.553
-0.922,-1.16
-1.066,-0.937
-1.001,-1.308
-1.144,0.2
-1.256,-0.313
-1.165,1.713
-1.171,-0.151
-1.278,-0.376
-1.292,-0.037
-1.34,-0.355
-1.23,-2.005
-1.271,-1.952
-1.27,0.07
-1.461,-1.174
-1.574,-0.421
-1.791,-1.979
-1.822,-1.782
-1.845,-1.315
-1.986,-1.615
-2.345,-0.748
-2.336,-0.754
-2.33,-2.02
-2.454,-1.816
-2.588,0.408
-2.598,-0.69
-2.765,0.366
2.753,-2.503
2.619,-2.443
2.498,-2.336
2.02,-2.384
1.285,-2.592
0.62,-2.511
-0.858,-2.516
-1.352,-2.554
-2.421,-2.466
2.822,1.701
1.438,1.872
1.236,1.8
0.964,1.856
1.078,1.847
0.881,1.718
0.583,1.97
0.385,1.926
0.087,1.719
-0.749,2.039
-0.957,2.059
-1.643,1.805
-1.821,2.063
-2.35,1.825
0.823,-1.497
-0.342,-0.55
-1.297,-1.526
-1.282,1.053
-0.929,0.189
-1.082,-0.587
-2.004,-1.045
-1.981,0.95
-2.065,-0.554
-2.106,-0.228
-2.058,-0.039
1.739,0.441
0.767,-0.956
0.231,1.336
-1.954,-1.953
-1.13,1.411
-1.922,1.614
-2.308,1.508
-2.269,1.661
-2.536,1.524
2.04,-2.087
-1.975,-2.041
-1.89,-2.315
-2.078,2.127
-2.576,1.87
-1.929,1.877
-0.166,-1.971
-0.054,-1.2
-0.097,-1.106
-0.189,-1.949
-0.355,0.697
-0.365,-2.016
-0.509,-1.793
-0.444,-2.164
-0.587,-0.656
-0.699,-1.169
-0.608,0.857
-0.614,-1.007
-0.721,-1.232
-0.735,-0.893
-0.783,-1.211
-0.673,-2.861
-0.714,-2.808
-0.713,-0.786
-0.904,-2.03
-1.017,-1.277
-1.234,-2.835
-1.265,-2.638
-1.288,-2.171
-1.429,-2.471
-1.788,-1.604
-1.779,-1.61
-1.773,-2.876
-1.897,-2.672
-2.031,-0.448
-2.041,-1.546
-2.208,-0.49
-2.973,-3.359
-3.107,-3.299
3.055,-3.192
2.577,-3.24
1.842,-3.448
1.177,-3.367
-0.301,-3.372
-0.795,-3.41
-1.864,-3.322
-2.904,0.845
1.995,1.016
1.793,0.944
1.521,1.0
1.635,0.991
1.438,0.862
1.14,1.114
0.942,1.07
0.644,0.863
-0.192,1.183
-0.4,1.203
-1.086,0.949
-1.264,1.207
-1.793,0.969
1.38,-2.353
0.215,-1.406
-0.74,-2.382
-0.725,0.197
-0.372,-0.667
-0.525,-1.443
-1.447,-1.901
-1.424,0.094
-1.508,-1.41
-1.549,-1.084
-1.501,-0.895
2.296,-0.415
1.324,-1.812
0.788,0.48
-1.397,-2.809
-0.573,0.555
-1.365,0.758
-1.751,0.652
-1.712,0.805
-1.979,0.668
2.597,-2.943
-1.418,-2.897
-1.333,-3.171
-1.521,1.271
-2.019,1.014
-1.372,1.021
0.112,0.771
0.069,0.865
-0.023,0.022
-0.189,2.668
-0.199,-0.045
-0.343,0.178
-0.278,-0.193
-0.421,1.315
-0.533,0.802
-0.442,2.828
-0.448,0.964
-0.555,0.739
-0.569,1.078
-0.617,0.76
-0.507,-0.89
-0.548,-0.837
-0.547,1.185
-0.738,-0.059
-0.851,0.694
-1.068,-0.864
-1.099,-0.667
-1.122,-0.2
-1.263,-0.5
-1.622,0.367
-1.613,0.361
-1.607,-0.905
-1.731,-0.701
-1.865,1.523
-1.875,0.425
-2.042,1.481
-2.807,-1.388
-2.941,-1.328
-3.062,-1.221
2.743,-1.269
2.008,-1.477
1.343,-1.396
-0.135,-1.401
-0.629,-1.439
-1.698,-1.351
-2.738,2.816
2.161,2.987
1.959,2.915
1.687,2.971
1.801,2.962
1.604,2.833
1.306,3.085
1.108,3.041
0.81,2.834
-0.026,3.154
-0.234,3.174
-0.92,2.92
-1.098,3.178
-1.627,2.94
1.546,-0.382
0.381,0.565
-0.574,-0.411
-0.559,2.168
-0.206,1.304
-0.359,0.528
-1.281,0.07
-1.258,2.065
-1.342,0.561
-1.383,0.887
-1.335,1.076
2.462,1.556
1.49,0.159
0.954,2.451
-1.231,-0.838
-0.407,2.526
-1.199,2.729
-1.585,2.623
-1.546,2.776
-1.813,2.639
2.763,-0.972
-1.252,-0.926
-1.167,-1.2
-1.355,3.242
-1.853,2.985
-1.206,2.992
-0.043,0.094
-0.135,-0.749
-0.301,1.897
-0.311,-0.816
-0.455,-0.593
-0.39,-0.964
-0.533,0.544
-0.645,0.031
-0.554,2.057
-0.56,0.193
-0.667,-0.032
-0.681,0.307
-0.729,-0.011
-0.619,-1.661
-0.66,-1.608
-0.659,0.414
-0.85,-0.83
-0.963,-0.077
-1.18,-1.635
-1.211,-1.438
-1.234,-0.971
-1.375,-1.271
-1.734,-0.404
-1.725,-0.41
-1.719,-1.676
-1.843,-1.472
-1.977,0.752
-1.987,-0.346
-2.154,0.71
-2.919,-2.159
-3.053,-2.099
3.109,-1.992
2.631,-2.04
1.896,-2.248
1.231,-2.167
-0.247,-2.172
-0.741,-2.21
-1.81,-2.122
-2.85,2.045
2.049,2.216
1.847,2.144
1.575,2.2
1.689,2.191
1.492,2.062
1.194,2.314
0.996,2.27
0.698,2.063
-0.138,2.383
-0.346,2.403
-1.032,2.149
-1.21,2.407
-1.739,2.169
1.434,-1.153
0.269,-0.206
-0.686,-1.182
-0.671,1.397
-0.318,0.533
-0.471,-0.243
-1.393,-0.701
-1.37,1.294
-1.454,-0.21
-1.495,0.116
-1.447,0.305
2.35,0.785
1.378,-0.612
0.842,1.68
-1.343,-1.609
-0.519,1.755
-1.311,1.958
-1.697,1.852
-1.658,2.005
-1.925,1.868
2.651,-1.743
-1.364,-1.697
-1.279,-1.971
-1.467,2.471
-1.965,2.214
-1.318,2.221
-0.092,-0.843
-0.258,1.803
-0.268,-0.91
-0.412,-0.687
-0.347,-1.058
-0.49,0.45
-0.602,-0.063
-0.511,1.963
-0.517,0.099
-0.624,-0.126
-0.638,0.213
-0.686,-0.105
-0.576,-1.755
-0.617,-1.702
-0.616,0.32
-0.807,-0.924
-0.92,-0.171
-1.137,-1.729
-1.168,-1.532
-1.191,-1.065
-1.332,-1.365
-1.691,-0.498
-1.682,-0.504
-1.676,-1.77
-1.8,-1.566
-1.934,0.658
-1.944,-0.44
-2.111,0.616
-2.876,-2.253
-3.01,-2.193
-3.131,-2.086
2.674,-2.134
1.939,-2.342
1.274,-2.261
-0.204,-2.266
-0.698,-2.304
-1.767,-2.216
-2.807,1.951
2.092,2.122
1.89,2.05
1.618,2.106
1.732,2.097
1.535,1.968
1.237,2.22
1.039,2.176
0.741,1.969
-0.095,2.289
-0.303,2.309
-0.989,2.055
-1.167,2.313
-1.696,2.075
1.477,-1.247
0.312,-0.3
-0.643,-1.276
-0.628,1.303
-0.275,0.439
-0.428,-0.337
-1.35,-0.795
-1.327,1.2
-1.411,-0.304
-1.452,0.022
-1.404,0.211
2.393,0.691
1.421,-0.706
0.885,1.586
-1.3,-1.703
-0.476,1.661
-1.268,1.864
-1.654,1.758
-1.615,1.911
-1.882,1.774
2.694,-1.837
-1.321,-1.791
-1.236,-2.065
-1.424,2.377
-1.922,2.12
-1.275,2.127
-0.166,2.646
-0.176,-0.067
-0.32,0.156
-0.255,-0.215
-0.398,1.293
-0.51,0.78
-0.419,2.806
-0.425,0.942
-0.532,0.717
-0.546,1.056
-0.594,0.738
-0.484,-0.912
-0.525,-0.859
-0.524,1.163
-0.715,-0.081
-0.828,0.672
-1.045,-0.886
-1.076,-0.689
-1.099,-0.222
-1.24,-0.522
-1.599,0.345
-1.59,0.339
-1.584,-0.927
-1.708,-0.723
-1.842,1.501
-1.852,0.403
-2.019,1.459
-2.784,-1.41
-2.918,-1.35
-3.039,-1.243
2.766,-1.291
2.031,-1.499
1.366,-1.418
-0.112,-1.423
-0.606,-1.461
-1.675,-1.373
-2.715,2.794
2.184,2.965
1.982,2.893
1.71,2.949
1.824,2.94
1.627,2.811
1.329,3.063
1.131,3.019
0.833,2.812
-0.003,3.132
-0.211,3.152
-0.897,2.898
-1.075,3.156
-1.604,2.918
1.569,-0.404
0.404,0.543
-0.551,-0.433
-0.536,2.146
-0.183,1.282
-0.336,0.506
-1.258,0.048
-1.235,2.043
-1.319,0.539
-1.36,0.865
-1.312,1.054
2.485,1.534
1.513,0.137
0.977,2.429
-1.208,-0.86
-0.384,2.504
-1.176,2.707
-1.562,2.601
-1.523,2.754
-1.79,2.617
2.786,-0.994
-1.229,-0.948
-1.144,-1.222
-1.332,3.22
-1.83,2.963
-1.183,2.97
-0.01,-2.713
-0.154,-2.49
-0.089,-2.861
-0.232,-1.353
-0.344,-1.866
-0.253,0.16
-0.259,-1.704
-0.366,-1.929
-0.38,-1.59
-0.428,-1.908
-0.318,-3.558
-0.359,-3.505
-0.358,-1.483
-0.549,-2.727
-0.662,-1.974
-0.879,-3.532
-0.91,-3.335
-0.933,-2.868
-1.074,-3.168
-1.433,-2.301
-1.424,-2.307
-1.418,-3.573
-1.542,-3.369
-1.676,-1.145
-1.686,-2.243
-1.853,-1.187
-2.618,-4.056
-2.752,-3.996
-2.873,-3.889
2.932,-3.937
2.197,-4.145
1.532,-4.064
0.054,-4.069
-0.44,-4.107
-1.509,-4.019
-2.549,0.148
2.35,0.319
2.148,0.247
1.876,0.303
1.99,0.294
1.793,0.165
1.495,0.417
1.297,0.373
0.999,0.166
0.163,0.486
-0.045,0.506
-0.731,0.252
-0.909,0.51
-1.438,0.272
1.735,-3.05
0.57,-2.103
-0.385,-3.079
-0.37,-0.5
-0.017,-1.364
-0.17,-2.14
-1.092,-2.598
-1.069,-0.603
-1.153,-2.107
-1.194,-1.781
-1.146,-1.592
2.651,-1.112
1.679,-2.509
1.143,-0.217
-1.042,-3.506
-0.218,-0.142
-1.01,0.061
-1.396,-0.045
-1.357,0.108
-1.624,-0.029
2.952,-3.64
-1.063,-3.594
-0.978,-3.868
-1.166,0.574
-1.664,0.317
-1.017,0.324
-0.144,0.223
-0.079,-0.148
-0.222,1.36
-0.334,0.847
-0.243,2.873
-0.249,1.009
-0.356,0.784
-0.37,1.123
-0.418,0.805
-0.308,-0.845
-0.349,-0.792
-0.348,1.23
-0.539,-0.014
-0.652,0.739
-0.869,-0.819
-0.9,-0.622
-0.923,-0.155
-1.064,-0.455
-1.423,0.412
-1.414,0.406
-1.408,-0.86
-1.532,-0.656
-1.666,1.568
-1.676,0.47
-1.843,1.526
-2.608,-1.343
-2.742,-1.283
-2.863,-1.176
2.942,-1.224
2.207,-1.432
1.542,-1.351
0.064,-1.356
-0.43,-1.394
-1.499,-1.306
-2.539,2.861
2.36,3.032
2.158,2.96
1.886,3.016
2.0,3.007
1.803,2.878
1.505,3.13
1.307,3.086
1.009,2.879
0.173,3.199
-0.035,3.219
-0.721,2.965
-0.899,3.223
-1.428,2.985
1.745,-0.337
0.58,0.61
-0.375,-0.366
-0.36,2.213
-0.007,1.349
-0.16,0.573
-1.082,0.115
-1.059,2.11
-1.143,0.606
-1.184,0.932
-1.136,1.121
2.661,1.601
1.689,0.204
1.153,2.496
-1.032,-0.793
-0.208,2.571
-1.0,2.774
-1.386,2.668
-1.347,2.821
-1.614,2.684
2.962,-0.927
-1.053,-0.881
-0.968,-1.155
-1.156,3.287
-1.654,3.03
-1.007,3.037
0.065,-0.371
-0.078,1.137
-0.19,0.624
-0.099,2.65
-0.105,0.786
-0.212,0.561
-0.226,0.9
-0.274,0.582
-0.164,-1.068
-0.205,-1.015
-0.204,1.007
-0.395,-0.237
-0.508,0.516
-0.725,-1.042
-0.756,-0.845
-0.779,-0.378
-0.92,-0.678
-1.279,0.189
-1.27,0.183
-1.264,-1.083
-1.388,-0.879
-1.522,1.345
-1.532,0.247
-1.699,1.303
-2.464,-1.566
-2.598,-1.506
-2.719,-1.399
3.086,-1.447
2.351,-1.655
1.686,-1.574
0.208,-1.579
-0.286,-1.617
-1.355,-1.529
-2.395,2.638
2.504,2.809
2.302,2.737
2.03,2.793
2.144,2.784
1.947,2.655
1.649,2.907
1.451,2.863
1.153,2.656
0.317,2.976
0.109,2.996
-0.577,2.742
-0.755,3.0
-1.284,2.762
1.889,-0.56
0.724,0.387
-0.231,-0.589
-0.216,1.99
0.137,1.126
-0.016,0.35
-0.938,-0.108
-0.915,1.887
-0.999,0.383
-1.04,0.709
-0.992,0.898
2.805,1.378
1.833,-0.019
1.297,2.273
-0.888,-1.016
-0.064,2.348
-0.856,2.551
-1.242,2.445
-1.203,2.598
-1.47,2.461
3.106,-1.15
-0.909,-1.104
-0.824,-1.378
-1.012,3.064
-1.51,2.807
-0.863,2.814
-0.143,1.508
-0.255,0.995
-0.164,3.021
-0.17,1.157
-0.277,0.932
-0.291,1.271
-0.339,0.953
-0.229,-0.697
-0.27,-0.644
-0.269,1.378
-0.46,0.134
-0.573,0.887
-0.79,-0.671
-0.821,-0.474
-0.844,-0.007
-0.985,-0.307
-1.344,0.56
-1.335,0.554
-1.329,-0.712
-1.453,-0.508
-1.587,1.716
-1.597,0.618
-1.764,1.674
-2.529,-1.195
-2.663,-1.135
-2.784,-1.028
3.021,-1.076
2.286,-1.284
1.621,-1.203
0.143,-1.208
-0.351,-1.246
-1.42,-1.158
-2.46,3.009
2.439,3.18
2.237,3.108
1.965,3.164
2.079,3.155
1.882,3.026
1.584,3.278
1.386,3.234
1.088,3.027
0.252,3.347
0.044,3.367
-0.642,3.113
-0.82,3.371
-1.349,3.133
1.824,-0.189
0.659,0.758
-0.296,-0.218
-0.281,2.361
0.072,1.497
-0.081,0.721
-1.003,0.263
-0.98,2.258
-1.064,0.754
-1.105,1.08
-1.057,1.269
2.74,1.749
1.768,0.352
1.232,2.644
-0.953,-0.645
-0.129,2.719
-0.921,2.922
-1.307,2.816
-1.268,2.969
-1.535,2.832
3.041,-0.779
-0.974,-0.733
-0.889,-1.007
-1.077,3.435
-1.575,3.178
-0.928,3.185
-0.112,-0.513
-0.021,1.513
-0.027,-0.351
-0.134,-0.576
-0.148,-0.237
-0.196,-0.555
-0.086,-2.205
-0.127,-2.152
-0.126,-0.13
-0.317,-1.374
-0.43,-0.621
-0.647,-2.179
-0.678,-1.982
-0.701,-1.515
-0.842,-1.815
-1.201,-0.948
-1.192,-0.954
-1.186,-2.22
-1.31,-2.016
-1.444,0.208
-1.454,-0.89
-1.621,0.166
-2.386,-2.703
-2.52,-2.643
-2.641,-2.536
-3.119,-2.584
2.429,-2.792
1.764,-2.711
0.286,-2.716
-0.208,-2.754
-1.277,-2.666
-2.317,1.501
2.582,1.672
2.38,1.6
2.108,1.656
2.222,1.647
2.025,1.518
1.727,1.77
1.529,1.726
1.231,1.519
0.395,1.839
0.187,1.859
-0.499,1.605
-0.677,1.863
-1.206,1.625
1.967,-1.697
0.802,-0.75
-0.153,-1.726
-0.138,0.853
0.215,-0.011
0.062,-0.787
-0.86,-1.245
-0.837,0.75
-0.921,-0.754
-0.962,-0.428
-0.914,-0.239
2.883,0.241
1.911,-1.156
1.375,1.136
-0.81,-2.153
0.014,1.211
-0.778,1.414
-1.164,1.308
-1.125,1.461
-1.392,1.324
-3.099,-2.287
-0.831,-2.241
-0.746,-2.515
-0.934,1.927
-1.432,1.67
-0.785,1.677
0.091,2.026
0.085,0.162
-0.022,-0.063
-0.036,0.276
-0.084,-0.042
0.026,-1.692
-0.015,-1.639
-0.014,0.383
-0.205,-0.861
-0.318,-0.108
-0.535,-1.666
-0.566,-1.469
-0.589,-1.002
-0.73,-1.302
-1.089,-0.435
-1.08,-0.441
-1.074,-1.707
-1.198,-1.503
-1.332,0.721
-1.342,-0.377
-1.509,0.679
-2.274,-2.19
-2.408,-2.13
-2.529,-2.023
-3.007,-2.071
2.541,-2.279
1.876,-2.198
0.398,-2.203
-0.096,-2.241
-1.165,-2.153
-2.205,2.014
2.694,2.185
2.492,2.113
2.22,2.169
2.334,2.16
2.137,2.031
1.839,2.283
1.641,2.239
1.343,2.032
0.507,2.352
0.299,2.372
-0.387,2.118
-0.565,2.376
-1.094,2.138
2.079,-1.184
0.914,-0.237
-0.041,-1.213
-0.026,1.366
0.327,0.502
0.174,-0.274
-0.748,-0.732
-0.725,1.263
-0.809,-0.241
-0.85,0.085
-0.802,0.274
2.995,0.754
2.023,-0.643
1.487,1.649
-0.698,-1.64
0.126,1.724
-0.666,1.927
-1.052,1.821
-1.013,1.974
-1.28,1.837
-2.987,-1.774
-0.719,-1.728
-0.634,-2.002
-0.822,2.44
-1.32,2.183
-0.673,2.19
-0.006,-1.864
-0.113,-2.089
-0.127,-1.75
-0.175,-2.068
-0.065,-3.718
-0.106,-3.665
-0.105,-1.643
-0.296,-2.887
-0.409,-2.134
-0.626,-3.692
-0.657,-3.495
-0.68,-3.028
-0.821,-3.328
-1.18,-2.461
-1.171,-2.467
-1.165,-3.733
-1.289,-3.529
-1.423,-1.305
-1.433,-2.403
-1.6,-1.347
-2.365,-4.216
-2.499,-4.156
-2.62,-4.049
-3.098,-4.097
2.45,-4.305
1.785,-4.224
0.307,-4.229
-0.187,-4.267
-1.256,-4.179
-2.296,-0.012
2.603,0.159
2.401,0.087
2.129,0.143
2.243,0.134
2.046,0.005
1.748,0.257
1.55,0.213
1.252,0.006
0.416,0.326
0.208,0.346
-0.478,0.092
-0.656,0.35
-1.185,0.112
1.988,-3.21
0.823,-2.263
-0.132,-3.239
-0.117,-0.66
0.236,-1.524
0.083,-2.3
-0.839,-2.758
-0.816,-0.763
-0.9,-2.267
-0.941,-1.941
-0.893,-1.752
2.904,-1.272
1.932,-2.669
1.396,-0.377
-0.789,-3.666
0.035,-0.302
-0.757,-0.099
-1.143,-0.205
-1.104,-0.052
-1.371,-0.189
-3.078,-3.8
-0.81,-3.754
-0.725,-4.028
-0.913,0.414
-1.411,0.157
-0.764,0.164
-0.107,-0.225
-0.121,0.114
-0.169,-0.204
-0.059,-1.854
-0.1,-1.801
-0.099,0.221
-0.29,-1.023
-0.403,-0.27
-0.62,-1.828
-0.651,-1.631
-0.674,-1.164
-0.815,-1.464
-1.174,-0.597
-1.165,-0.603
-1.159,-1.869
-1.283,-1.665
-1.417,0.559
-1.427,-0.539
-1.594,0.517
-2.359,-2.352
-2.493,-2.292
-2.614,-2.185
-3.092,-2.233
2.456,-2.441
1.791,-2.36
0.313,-2.365
-0.181,-2.403
-1.25,-2.315
-2.29,1.852
2.609,2.023
2.407,1.951
2.135,2.007
2.249,1.998
2.052,1.869
1.754,2.121
1.556,2.077
1.258,1.87
0.422,2.19
0.214,2.21
-0.472,1.956
-0.65,2.214
-1.179,1.976
1.994,-1.346
0.829,-0.399
-0.126,-1.375
-0.111,1.204
0.242,0.34
0.089,-0.436
-0.833,-0.894
-0.81,1.101
-0.894,-0.403
-0.935,-0.077
-0.887,0.112
2.91,0.592
1.938,-0.805
1.402,1.487
-0.783,-1.802
0.041,1.562
-0.751,1.765
-1.137,1.659
-1.098,1.812
-1.365,1.675
-3.072,-1.936
-0.804,-1.89
-0.719,-2.164
-0.907,2.278
-1.405,2.021
-0.758,2.028
-0.014,0.339
-0.062,0.021
0.048,-1.629
0.007,-1.576
0.008,0.446
-0.183,-0.798
-0.296,-0.045
-0.513,-1.603
-0.544,-1.406
-0.567,-0.939
-0.708,-1.239
-1.067,-0.372
-1.058,-0.378
-1.052,-1.644
-1.176,-1.44
-1.31,0.784
-1.32,-0.314
-1.487,0.742
-2.252,-2.127
-2.386,-2.067
-2.507,-1.96
-2.985,-2.008
2.563,-2.216
1.898,-2.135
0.42,-2.14
-0.074,-2.178
-1.143,-2.09
-2.183,2.077
2.716,2.248
2.514,2.176
2.242,2.232
2.356,2.223
2.159,2.094
1.861,2.346
1.663,2.302
1.365,2.095
0.529,2.415
0.321,2.435
-0.365,2.181
-0.543,2.439
-1.072,2.201
2.101,-1.121
0.936,-0.174
-0.019,-1.15
-0.004,1.429
0.349,0.565
0.196,-0.211
-0.726,-0.669
-0.703,1.326
-0.787,-0.178
-0.828,0.148
-0.78,0.337
3.017,0.817
2.045,-0.58
1.509,1.712
-0.676,-1.577
0.148,1.787
-0.644,1.99
-1.03,1.884
-0.991,2.037
-1.258,1.9
-2.965,-1.711
-0.697,-1.665
-0.612,-1.939
-0.8,2.503
-1.298,2.246
-0.651,2.253
-0.048,-0.318
0.062,-1.968
0.021,-1.915
0.022,0.107
-0.169,-1.137
-0.282,-0.384
-0.499,-1.942
-0.53,-1.745
-0.553,-1.278
-0.694,-1.578
-1.053,-0.711
-1.044,-0.717
-1.038,-1.983
-1.162,-1.779
-1.296,0.445
-1.306,-0.653
-1.473,0.403
-2.238,-2.466
-2.372,-2.406
-2.493,-2.299
-2.971,-2.347
2.577,-2.555
1.912,-2.474
0.434,-2.479
-0.06,-2.517
-1.129,-2.429
-2.169,1.738
2.73,1.909
2.528,1.837
2.256,1.893
2.37,1.884
2.173,1.755
1.875,2.007
1.677,1.963
1.379,1.756
0.543,2.076
0.335,2.096
-0.351,1.842
-0.529,2.1
-1.058,1.862
2.115,-1.46
0.95,-0.513
-0.005,-1.489
0.01,1.09
0.363,0.226
0.21,-0.55
-0.712,-1.008
-0.689,0.987
-0.773,-0.517
-0.814,-0.191
-0.766,-0.002
3.031,0.478
2.059,-0.919
1.523,1.373
-0.662,-1.916
0.162,1.448
-0.63,1.651
-1.016,1.545
-0.977,1.698
-1.244,1.561
-2.951,-2.05
-0.683,-2.004
-0.598,-2.278
-0.786,2.164
-1.284,1.907
-0.637,1.914
0.11,-1.65
0.069,-1.597
0.07,0.425
-0.121,-0.819
-0.234,-0.066
-0.451,-1.624
-0.482,-1.427
-0.505,-0.96
-0.646,-1.26
-1.005,-0.393
-0.996,-0.399
-0.99,-1.665
-1.114,-1.461
-1.248,0.763
-1.258,-0.335
-1.425,0.721
-2.19,-2.148
-2.324,-2.088
-2.445,-1.981
-2.923,-2.029
2.625,-2.237
1.96,-2.156
0.482,-2.161
-0.012,-2.199
-1.081,-2.111
-2.121,2.056
2.778,2.227
2.576,2.155
2.304,2.211
2.418,2.202
2.221,2.073
1.923,2.325
1.725,2.281
1.427,2.074
0.591,2.394
0.383,2.414
-0.303,2.16
-0.481,2.418
-1.01,2.18
2.163,-1.142
0.998,-0.195
0.043,-1.171
0.058,1.408
0.411,0.544
0.258,-0.232
-0.664,-0.69
-0.641,1.305
-0.725,-0.199
-0.766,0.127
-0.718,0.316
3.079,0.796
2.107,-0.601
1.571,1.691
-0.614,-1.598
0.21,1.766
-0.582,1.969
-0.968,1.863
-0.929,2.016
-1.196,1.879
-2.903,-1.732
-0.635,-1.686
-0.55,-1.96
-0.738,2.482
-1.236,2.225
-0.589,2.232
-0.041,0.053
-0.04,2.075
-0.231,0.831
-0.344,1.584
-0.561,0.026
-0.592,0.223
-0.615,0.69
-0.756,0.39
-1.115,1.257
-1.106,1.251
-1.1,-0.015
-1.224,0.189
-1.358,2.413
-1.368,1.315
-1.535,2.371
-2.3,-0.498
-2.434,-0.438
-2.555,-0.331
-3.033,-0.379
2.515,-0.587
1.85,-0.506
0.372,-0.511
-0.122,-0.549
-1.191,-0.461
-2.231,3.706
2.668,3.877
2.466,3.805
2.194,3.861
2.308,3.852
2.111,3.723
1.813,3.975
1.615,3.931
1.317,3.724
0.481,4.044
0.273,4.064
-0.413,3.81
-0.591,4.068
-1.12,3.83
2.053,0.508
0.888,1.455
-0.067,0.479
-0.052,3.058
0.301,2.194
0.148,1.418
-0.774,0.96
-0.751,2.955
-0.835,1.451
-0.876,1.777
-0.828,1.966
2.969,2.446
1.997,1.049
1.461,3.341
-0.724,0.052
0.1,3.416
-0.692,3.619
-1.078,3.513
-1.039,3.666
-1.306,3.529
-3.013,-0.082
-0.745,-0.036
-0.66,-0.31
-0.848,4.132
-1.346,3.875
-0.699,3.882
0.001,2.022
-0.19,0.778
-0.303,1.531
-0.52,-0.027
-0.551,0.17
-0.574,0.637
-0.715,0.337
-1.074,1.204
-1.065,1.198
-1.059,-0.068
-1.183,0.136
-1.317,2.36
-1.327,1.262
-1.494,2.318
-2.259,-0.551
-2.393,-0.491
-2.514,-0.384
-2.992,-0.432
2.556,-0.64
1.891,-0.559
0.413,-0.564
-0.081,-0.602
-1.15,-0.514
-2.19,3.653
2.709,3.824
2.507,3.752
2.235,3.808
2.349,3.799
2.152,3.67
1.854,3.922
1.656,3.878
1.358,3.671
0.522,3.991
0.314,4.011
-0.372,3.757
-0.55,4.015
-1.079,3.777
2.094,0.455
0.929,1.402
-0.026,0.426
-0.011,3.005
0.342,2.141
0.189,1.365
-0.733,0.907
-0.71,2.902
-0.794,1.398
-0.835,1.724
-0.787,1.913
3.01,2.393
2.038,0.996
1.502,3.288
-0.683,-0.001
0.141,3.363
-0.651,3.566
-1.037,3.46
-0.998,3.613
-1.265,3.476
-2.972,-0.135
-0.704,-0.089
-0.619,-0.363
-0.807,4.079
-1.305,3.822
-0.658,3.829
-0.191,-1.244
-0.304,-0.491
-0.521,-2.049
-0.552,-1.852
-0.575,-1.385
-0.716,-1.685
-1.075,-0.818
-1.066,-0.824
-1.06,-2.09
-1.184,-1.886
-1.318,0.338
-1.328,-0.76
-1.495,0.296
-2.26,-2.573
-2.394,-2.513
-2.515,-2.406
-2.993,-2.454
2.555,-2.662
1.89,-2.581
0.412,-2.586
-0.082,-2.624
-1.151,-2.536
-2.191,1.631
2.708,1.802
2.506,1.73
2.234,1.786
2.348,1.777
2.151,1.648
1.853,1.9
1.655,1.856
1.357,1.649
0.521,1.969
0.313,1.989
-0.373,1.735
-0.551,1.993
-1.08,1.755
2.093,-1.567
0.928,-0.62
-0.027,-1.596
-0.012,0.983
0.341,0.119
0.188,-0.657
-0.734,-1.115
-0.711,0.88
-0.795,-0.624
-0.836,-0.298
-0.788,-0.109
3.009,0.371
2.037,-1.026
1.501,1.266
-0.684,-2.023
0.14,1.341
-0.652,1.544
-1.038,1.438
-0.999,1.591
-1.266,1.454
-2.973,-2.157
-0.705,-2.111
-0.62,-2.385
-0.808,2.057
-1.306,1.8
-0.659,1.807
-0.113,0.753
-0.33,-0.805
-0.361,-0.608
-0.384,-0.141
-0.525,-0.441
-0.884,0.426
-0.875,0.42
-0.869,-0.846
-0.993,-0.642
-1.127,1.582
-1.137,0.484
-1.304,1.54
-2.069,-1.329
-2.203,-1.269
-2.324,-1.162
-2.802,-1.21
2.746,-1.418
2.081,-1.337
0.603,-1.342
0.109,-1.38
-0.96,-1.292
-2.0,2.875
2.899,3.046
2.697,2.974
2.425,3.03
2.539,3.021
2.342,2.892
2.044,3.144
1.846,3.1
1.548,2.893
0.712,3.213
0.504,3.233
-0.182,2.979
-0.36,3.237
-0.889,2.999
2.284,-0.323
1.119,0.624
0.164,-0.352
0.179,2.227
0.532,1.363
0.379,0.587
-0.543,0.129
-0.52,2.124
-0.604,0.62
-0.645,0.946
-0.597,1.135
-3.083,1.615
2.228,0.218
1.692,2.51
-0.493,-0.779
0.331,2.585
-0.461,2.788
-0.847,2.682
-0.808,2.835
-1.075,2.698
-2.782,-0.913
-0.514,-0.867
-0.429,-1.141
-0.617,3.301
-1.115,3.044
-0.468,3.051
-0.217,-1.558
-0.248,-1.361
-0.271,-0.894
-0.412,-1.194
-0.771,-0.327
-0.762,-0.333
-0.756,-1.599
-0.88,-1.395
-1.014,0.829
-1.024,-0.269
-1.191,0.787
-1.956,-2.082
-2.09,-2.022
-2.211,-1.915
-2.689,-1.963
2.859,-2.171
2.194,-2.09
0.716,-2.095
0.222,-2.133
-0.847,-2.045
-1.887,2.122
3.012,2.293
2.81,2.221
2.538,2.277
2.652,2.268
2.455,2.139
2.157,2.391
1.959,2.347
1.661,2.14
0.825,2.46
0.617,2.48
-0.069,2.226
-0.247,2.484
-0.776,2.246
2.397,-1.076
1.232,-0.129
0.277,-1.105
0.292,1.474
0.645,0.61
0.492,-0.166
-0.43,-0.624
-0.407,1.371
-0.491,-0.133
-0.532,0.193
-0.484,0.382
-2.97,0.862
2.341,-0.535
1.805,1.757
-0.38,-1.532
0.444,1.832
-0.348,2.035
-0.734,1.929
-0.695,2.082
-0.962,1.945
-2.669,-1.666
-0.401,-1.62
-0.316,-1.894
-0.504,2.548
-1.002,2.291
-0.355,2.298
-0.031,0.197
-0.054,0.664
-0.195,0.364
-0.554,1.231
-0.545,1.225
-0.539,-0.041
-0.663,0.163
-0.797,2.387
-0.807,1.289
-0.974,2.345
-1.739,-0.524
-1.873,-0.464
-1.994,-0.357
-2.472,-0.405
3.076,-0.613
2.411,-0.532
0.933,-0.537
0.439,-0.575
-0.63,-0.487
-1.67,3.68
-3.054,3.851
3.027,3.779
2.755,3.835
2.869,3.826
2.672,3.697
2.374,3.949
2.176,3.905
1.878,3.698
1.042,4.018
0.834,4.038
0.148,3.784
-0.03,4.042
-0.559,3.804
2.614,0.482
1.449,1.429
0.494,0.453
0.509,3.032
0.862,2.168
0.709,1.392
-0.213,0.934
-0.19,2.929
-0.274,1.425
-0.315,1.751
-0.267,1.94
-2.753,2.42
2.558,1.023
2.022,3.315
-0.163,0.026
0.661,3.39
-0.131,3.593
-0.517,3.487
-0.478,3.64
-0.745,3.503
-2.452,-0.108
-0.184,-0.062
-0.099,-0.336
-0.287,4.106
-0.785,3.849
-0.138,3.856
-0.023,0.467
-0.164,0.167
-0.523,1.034
-0.514,1.028
-0.508,-0.238
-0.632,-0.034
-0.766,2.19
-0.776,1.092
-0.943,2.148
-1.708,-0.721
-1.842,-0.661
-1.963,-0.554
-2.441,-0.602
3.107,-0.81
2.442,-0.729
0.964,-0.734
0.47,-0.772
-0.599,-0.684
-1.639,3.483
-3.023,3.654
3.058,3.582
2.786,3.638
2.9,3.629
2.703,3.5
2.405,3.752
2.207,3.708
1.909,3.501
1.073,3.821
0.865,3.841
0.179,3.587
0.001,3.845
-0.528,3.607
2.645,0.285
1.48,1.232
0.525,0.256
0.54,2.835
0.893,1.971
0.74,1.195
-0.182,0.737
-0.159,2.732
-0.243,1.228
-0.284,1.554
-0.236,1.743
-2.722,2.223
2.589,0.826
2.053,3.118
-0.132,-0.171
0.692,3.193
-0.1,3.396
-0.486,3.29
-0.447,3.443
-0.714,3.306
-2.421,-0.305
-0.153,-0.259
-0.068,-0.533
-0.256,3.909
-0.754,3.652
-0.107,3.659
-0.141,-0.3
-0.5,0.567
-0.491,0.561
-0.485,-0.705
-0.609,-0.501
-0.743,1.723
-0.753,0.625
-0.92,1.681
-1.685,-1.188
-1.819,-1.128
-1.94,-1.021
-2.418,-1.069
3.13,-1.277
2.465,-1.196
0.987,-1.201
0.493,-1.239
-0.576,-1.151
-1.616,3.016
-3.0,3.187
3.081,3.115
2.809,3.171
2.923,3.162
2.726,3.033
2.428,3.285
2.23,3.241
1.932,3.034
1.096,3.354
0.888,3.374
0.202,3.12
0.024,3.378
-0.505,3.14
2.668,-0.182
1.503,0.765
0.548,-0.211
0.563,2.368
0.916,1.504
0.763,0.728
-0.159,0.27
-0.136,2.265
-0.22,0.761
-0.261,1.087
-0.213,1.276
-2.699,1.756
2.612,0.359
2.076,2.651
-0.109,-0.638
0.715,2.726
-0.077,2.929
-0.463,2.823
-0.424,2.976
-0.691,2.839
-2.398,-0.772
-0.13,-0.726
-0.045,-1.0
-0.233,3.442
-0.731,3.185
-0.084,3.192
-0.359,0.867
-0.35,0.861
-0.344,-0.405
-0.468,-0.201
-0.602,2.023
-0.612,0.925
-0.779,1.981
-1.544,-0.888
-1.678,-0.828
-1.799,-0.721
-2.277,-0.769
-3.012,-0.977
2.606,-0.896
1.128,-0.901
0.634,-0.939
-0.435,-0.851
-1.475,3.316
-2.859,3.487
-3.061,3.415
2.95,3.471
3.064,3.462
2.867,3.333
2.569,3.585
2.371,3.541
2.073,3.334
1.237,3.654
1.029,3.674
0.343,3.42
0.165,3.678
-0.364,3.44
2.809,0.118
1.644,1.065
0.689,0.089
0.704,2.668
1.057,1.804
0.904,1.028
-0.018,0.57
0.005,2.565
-0.079,1.061
-0.12,1.387
-0.072,1.576
-2.558,2.056
2.753,0.659
2.217,2.951
0.032,-0.338
0.856,3.026
0.064,3.229
-0.322,3.123
-0.283,3.276
-0.55,3.139
-2.257,-0.472
0.011,-0.426
0.096,-0.7
-0.092,3.742
-0.59,3.485
0.057,3.492
0.009,-0.006
0.015,-1.272
-0.109,-1.068
-0.243,1.156
-0.253,0.058
-0.42,1.114
-1.185,-1.755
-1.319,-1.695
-1.44,-1.588
-1.918,-1.636
-2.653,-1.844
2.965,-1.763
1.487,-1.768
0.993,-1.806
-0.076,-1.718
-1.116,2.449
-2.5,2.62
-2.702,2.548
-2.974,2.604
-2.86,2.595
-3.057,2.466
2.928,2.718
2.73,2.674
2.432,2.467
1.596,2.787
1.388,2.807
0.702,2.553
0.524,2.811
-0.005,2.573
-3.115,-0.749
2.003,0.198
1.048,-0.778
1.063,1.801
1.416,0.937
1.263,0.161
0.341,-0.297
0.364,1.698
0.28,0.194
0.239,0.52
0.287,0.709
-2.199,1.189
3.112,-0.208
2.576,2.084
0.391,-1.205
1.215,2.159
0.423,2.362
0.037,2.256
0.076,2.409
-0.191,2.272
-1.898,-1.339
0.37,-1.293
0.455,-1.567
0.267,2.875
-0.231,2.618
0.416,2.625
0.006,-1.266
-0.118,-1.062
-0.252,1.162
-0.262,0.064
-0.429,1.12
-1.194,-1.749
-1.328,-1.689
-1.449,-1.582
-1.927,-1.63
-2.662,-1.838
2.956,-1.757
1.478,-1.762
0.984,-1.8
-0.085,-1.712
-1.125,2.455
-2.509,2.626
-2.711,2.554
-2.983,2.61
-2.869,2.601
-3.066,2.472
2.919,2.724
2.721,2.68
2.423,2.473
1.587,2.793
1.379,2.813
0.693,2.559
0.515,2.817
-0.014,2.579
-3.124,-0.743
1.994,0.204
1.039,-0.772
1.054,1.807
1.407,0.943
1.254,0.167
0.332,-0.291
0.355,1.704
0.271,0.2
0.23,0.526
0.278,0.715
-2.208,1.195
3.103,-0.202
2.567,2.09
0.382,-1.199
1.206,2.165
0.414,2.368
0.028,2.262
0.067,2.415
-0.2,2.278
-1.907,-1.333
0.361,-1.287
0.446,-1.561
0.258,2.881
-0.24,2.624
0.407,2.631
-0.124,0.204
-0.258,2.428
-0.268,1.33
-0.435,2.386
-1.2,-0.483
-1.334,-0.423
-1.455,-0.316
-1.933,-0.364
-2.668,-0.572
2.95,-0.491
1.472,-0.496
0.978,-0.534
-0.091,-0.446
-1.131,3.721
-2.515,3.892
-2.717,3.82
-2.989,3.876
-2.875,3.867
-3.072,3.738
2.913,3.99
2.715,3.946
2.417,3.739
1.581,4.059
1.373,4.079
0.687,3.825
0.509,4.083
-0.02,3.845
-3.13,0.523
1.988,1.47
1.033,0.494
1.048,3.073
1.401,2.209
1.248,1.433
0.326,0.975
0.349,2.97
0.265,1.466
0.224,1.792
0.272,1.981
-2.214,2.461
3.097,1.064
2.561,3.356
0.376,0.067
1.2,3.431
0.408,3.634
0.022,3.528
0.061,3.681
-0.206,3.544
-1.913,-0.067
0.355,-0.021
0.44,-0.295
0.252,4.147
-0.246,3.89
0.401,3.897
-0.134,2.224
-0.144,1.126
-0.311,2.182
-1.076,-0.687
-1.21,-0.627
-1.331,-0.52
-1.809,-0.568
-2.544,-0.776
3.074,-0.695
1.596,-0.7
1.102,-0.738
0.033,-0.65
-1.007,3.517
-2.391,3.688
-2.593,3.616
-2.865,3.672
-2.751,3.663
-2.948,3.534
3.037,3.786
2.839,3.742
2.541,3.535
1.705,3.855
1.497,3.875
0.811,3.621
0.633,3.879
0.104,3.641
-3.006,0.319
2.112,1.266
1.157,0.29
1.172,2.869
1.525,2.005
1.372,1.229
0.45,0.771
0.473,2.766
0.389,1.262
0.348,1.588
0.396,1.777
-2.09,2.257
-3.062,0.86
2.685,3.152
0.5,-0.137
1.324,3.227
0.532,3.43
0.146,3.324
0.185,3.477
-0.082,3.34
-1.789,-0.271
0.479,-0.225
0.564,-0.499
0.376,3.943
-0.122,3.686
0.525,3.693
-0.01,-1.098
-0.177,-0.042
-0.942,-2.911
-1.076,-2.851
-1.197,-2.744
-1.675,-2.792
-2.41,-3.0
-3.075,-2.919
1.73,-2.924
1.236,-2.962
0.167,-2.874
-0.873,1.293
-2.257,1.464
-2.459,1.392
-2.731,1.448
-2.617,1.439
-2.814,1.31
-3.112,1.562
2.973,1.518
2.675,1.311
1.839,1.631
1.631,1.651
0.945,1.397
0.767,1.655
0.238,1.417
-2.872,-1.905
2.246,-0.958
1.291,-1.934
1.306,0.645
1.659,-0.219
1.506,-0.995
0.584,-1.453
0.607,0.542
0.523,-0.962
0.482,-0.636
0.53,-0.447
-1.956,0.033
-2.928,-1.364
2.819,0.928
0.634,-2.361
1.458,1.003
0.666,1.206
0.28,1.1
0.319,1.253
0.052,1.116
-1.655,-2.495
0.613,-2.449
0.698,-2.723
0.51,1.719
0.012,1.462
0.659,1.469
-0.167,1.056
-0.932,-1.813
-1.066,-1.753
-1.187,-1.646
-1.665,-1.694
-2.4,-1.902
-3.065,-1.821
1.74,-1.826
1.246,-1.864
0.177,-1.776
-0.863,2.391
-2.247,2.562
-2.449,2.49
-2.721,2.546
-2.607,2.537
-2.804,2.408
-3.102,2.66
2.983,2.616
2.685,2.409
1.849,2.729
1.641,2.749
0.955,2.495
0.777,2.753
0.248,2.515
-2.862,-0.807
2.256,0.14
1.301,-0.836
1.316,1.743
1.669,0.879
1.516,0.103
0.594,-0.355
0.617,1.64
0.533,0.136
0.492,0.462
0.54,0.651
-1.946,1.131
-2.918,-0.266
2.829,2.026
0.644,-1.263
1.468,2.101
0.676,2.304
0.29,2.198
0.329,2.351
0.062,2.214
-1.645,-1.397
0.623,-1.351
0.708,-1.625
0.52,2.817
0.022,2.56
0.669,2.567
-0.765,-2.869
-0.899,-2.809
-1.02,-2.702
-1.498,-2.75
-2.233,-2.958
-2.898,-2.877
1.907,-2.882
1.413,-2.92
0.344,-2.832
-0.696,1.335
-2.08,1.506
-2.282,1.434
-2.554,1.49
-2.44,1.481
-2.637,1.352
-2.935,1.604
-3.133,1.56
2.852,1.353
2.016,1.673
1.808,1.693
1.122,1.439
0.944,1.697
0.415,1.459
-2.695,-1.863
2.423,-0.916
1.468,-1.892
1.483,0.687
1.836,-0.177
1.683,-0.953
0.761,-1.411
0.784,0.584
0.7,-0.92
0.659,-0.594
0.707,-0.405
-1.779,0.075
-2.751,-1.322
2.996,0.97
0.811,-2.319
1.635,1.045
0.843,1.248
0.457,1.142
0.496,1.295
0.229,1.158
-1.478,-2.453
0.79,-2.407
0.875,-2.681
0.687,1.761
0.189,1.504
0.836,1.511
-0.134,0.06
-0.255,0.167
-0.733,0.119
-1.468,-0.089
-2.133,-0.008
2.672,-0.013
2.178,-0.051
1.109,0.037
0.069,4.204
-1.315,4.375
-1.517,4.303
-1.789,4.359
-1.675,4.35
-1.872,4.221
-2.17,4.473
-2.368,4.429
-2.666,4.222
2.781,4.542
2.573,4.562
1.887,4.308
1.709,4.566
1.18,4.328
-1.93,1.006
-3.095,1.953
2.233,0.977
2.248,3.556
2.601,2.692
2.448,1.916
1.526,1.458
1.549,3.453
1.465,1.949
1.424,2.275
1.472,2.464
-1.014,2.944
-1.986,1.547
-2.522,3.839
1.576,0.55
2.4,3.914
1.608,4.117
1.222,4.011
1.261,4.164
0.994,4.027
-0.713,0.416
1.555,0.462
1.64,0.188
1.452,4.63
0.954,4.373
1.601,4.38
-0.121,0.107
-0.599,0.059
-1.334,-0.149
-1.999,-0.068
2.806,-0.073
2.312,-0.111
1.243,-0.023
0.203,4.144
-1.181,4.315
-1.383,4.243
-1.655,4.299
-1.541,4.29
-1.738,4.161
-2.036,4.413
-2.234,4.369
-2.532,4.162
2.915,4.482
2.707,4.502
2.021,4.248
1.843,4.506
1.314,4.268
-1.796,0.946
-2.961,1.893
2.367,0.917
2.382,3.496
2.735,2.632
2.582,1.856
1.66,1.398
1.683,3.393
1.599,1.889
1.558,2.215
1.606,2.404
-0.88,2.884
-1.852,1.487
-2.388,3.779
1.71,0.49
2.534,3.854
1.742,4.057
1.356,3.951
1.395,4.104
1.128,3.967
-0.579,0.356
1.689,0.402
1.774,0.128
1.586,4.57
1.088,4.313
1.735,4.32
-0.478,-0.048
-1.213,-0.256
-1.878,-0.175
2.927,-0.18
2.433,-0.218
1.364,-0.13
0.324,4.037
-1.06,4.208
-1.262,4.136
-1.534,4.192
-1.42,4.183
-1.617,4.054
-1.915,4.306
-2.113,4.262
-2.411,4.055
3.036,4.375
2.828,4.395
2.142,4.141
1.964,4.399
1.435,4.161
-1.675,0.839
-2.84,1.786
2.488,0.81
2.503,3.389
2.856,2.525
2.703,1.749
1.781,1.291
1.804,3.286
1.72,1.782
1.679,2.108
1.727,2.297
-0.759,2.777
-1.731,1.38
-2.267,3.672
1.831,0.383
2.655,3.747
1.863,3.95
1.477,3.844
1.516,3.997
1.249,3.86
-0.458,0.249
1.81,0.295
1.895,0.021
1.707,4.463
1.209,4.206
1.856,4.213
-0.735,-0.208
-1.4,-0.127
-2.878,-0.132
2.911,-0.17
1.842,-0.082
0.802,4.085
-0.582,4.256
-0.784,4.184
-1.056,4.24
-0.942,4.231
-1.139,4.102
-1.437,4.354
-1.635,4.31
-1.933,4.103
-2.769,4.423
-2.977,4.443
2.62,4.189
2.442,4.447
1.913,4.209
-1.197,0.887
-2.362,1.834
2.966,0.858
2.981,3.437
-2.949,2.573
-3.102,1.797
2.259,1.339
2.282,3.334
2.198,1.83
2.157,2.156
2.205,2.345
-0.281,2.825
-1.253,1.428
-1.789,3.72
2.309,0.431
3.133,3.795
2.341,3.998
1.955,3.892
1.994,4.045
1.727,3.908
0.02,0.297
2.288,0.343
2.373,0.069
2.185,4.511
1.687,4.254
2.334,4.261
-0.665,0.081
-2.143,0.076
-2.637,0.038
2.577,0.126
1.537,4.293
0.153,4.464
-0.049,4.392
-0.321,4.448
-0.207,4.439
-0.404,4.31
-0.702,4.562
-0.9,4.518
-1.198,4.311
-2.034,4.631
-2.242,4.651
-2.928,4.397
-3.106,4.655
2.648,4.417
-0.462,1.095
-1.627,2.042
-2.582,1.066
-2.567,3.645
-2.214,2.781
-2.367,2.005
2.994,1.547
3.017,3.542
2.933,2.038
2.892,2.364
2.94,2.553
0.454,3.033
-0.518,1.636
-1.054,3.928
3.044,0.639
-2.415,4.003
3.076,4.206
2.69,4.1
2.729,4.253
2.462,4.116
0.755,0.505
3.023,0.551
3.108,0.277
2.92,4.719
2.422,4.462
3.069,4.469
-1.478,-0.005
-1.972,-0.043
-3.041,0.045
2.202,4.212
0.818,4.383
0.616,4.311
0.344,4.367
0.458,4.358
0.261,4.229
-0.037,4.481
-0.235,4.437
-0.533,4.23
-1.369,4.55
-1.577,4.57
-2.263,4.316
-2.441,4.574
-2.97,4.336
0.203,1.014
-0.962,1.961
-1.917,0.985
-1.902,3.564
-1.549,2.7
-1.702,1.924
-2.624,1.466
-2.601,3.461
-2.685,1.957
-2.726,2.283
-2.678,2.472
1.119,2.952
0.147,1.555
-0.389,3.847
-2.574,0.558
-1.75,3.922
-2.542,4.125
-2.928,4.019
-2.889,4.172
3.127,4.035
1.42,0.424
-2.595,0.47
-2.51,0.196
-2.698,4.638
3.087,4.381
-2.549,4.388
-0.494,-0.038
-1.563,0.05
-2.603,4.217
2.296,4.388
2.094,4.316
1.822,4.372
1.936,4.363
1.739,4.234
1.441,4.486
1.243,4.442
0.945,4.235
0.109,4.555
-0.099,4.575
-0.785,4.321
-0.963,4.579
-1.492,4.341
1.681,1.019
0.516,1.966
-0.439,0.99
-0.424,3.569
-0.071,2.705
-0.224,1.929
-1.146,1.471
-1.123,3.466
-1.207,1.962
-1.248,2.288
-1.2,2.477
2.597,2.957
1.625,1.56
1.089,3.852
-1.096,0.563
-0.272,3.927
-1.064,4.13
-1.45,4.024
-1.411,4.177
-1.678,4.04
2.898,0.429
-1.117,0.475
-1.032,0.201
-1.22,4.643
-1.718,4.386
-1.071,4.393
-1.069,0.088
-2.109,4.255
2.79,4.426
2.588,4.354
2.316,4.41
2.43,4.401
2.233,4.272
1.935,4.524
1.737,4.48
1.439,4.273
0.603,4.593
0.395,4.613
-0.291,4.359
-0.469,4.617
-0.998,4.379
2.175,1.057
1.01,2.004
0.055,1.028
0.07,3.607
0.423,2.743
0.27,1.967
-0.652,1.509
-0.629,3.504
-0.713,2.0
-0.754,2.326
-0.706,2.515
3.091,2.995
2.119,1.598
1.583,3.89
-0.602,0.601
0.222,3.965
-0.57,4.168
-0.956,4.062
-0.917,4.215
-1.184,4.078
-2.891,0.467
-0.623,0.513
-0.538,0.239
-0.726,4.681
-1.224,4.424
-0.577,4.431
-1.04,4.167
-2.424,4.338
-2.626,4.266
-2.898,4.322
-2.784,4.313
-2.981,4.184
3.004,4.436
2.806,4.392
2.508,4.185
1.672,4.505
1.464,4.525
0.778,4.271
0.6,4.529
0.071,4.291
-3.039,0.969
2.079,1.916
1.124,0.94
1.139,3.519
1.492,2.655
1.339,1.879
0.417,1.421
0.44,3.416
0.356,1.912
0.315,2.238
0.363,2.427
-2.123,2.907
-3.095,1.51
2.652,3.802
0.467,0.513
1.291,3.877
0.499,4.08
0.113,3.974
0.152,4.127
-0.115,3.99
-1.822,0.379
0.446,0.425
0.531,0.151
0.343,4.593
-0.155,4.336
0.492,4.343
-1.384,0.171
-1.586,0.099
-1.858,0.155
-1.744,0.146
-1.941,0.017
-2.239,0.269
-2.437,0.225
-2.735,0.018
2.712,0.338
2.504,0.358
1.818,0.104
1.64,0.362
1.111,0.124
-1.999,-3.198
3.119,-2.251
2.164,-3.227
2.179,-0.648
2.532,-1.512
2.379,-2.288
1.457,-2.746
1.48,-0.751
1.396,-2.255
1.355,-1.929
1.403,-1.74
-1.083,-1.26
-2.055,-2.657
-2.591,-0.365
1.507,-3.654
2.331,-0.29
1.539,-0.087
1.153,-0.193
1.192,-0.04
0.925,-0.177
-0.782,-3.788
1.486,-3.742
1.571,-4.016
1.383,0.426
0.885,0.169
1.532,0.176
-0.202,-0.072
-0.474,-0.016
-0.36,-0.025
-0.557,-0.154
-0.855,0.098
-1.053,0.054
-1.351,-0.153
-2.187,0.167
-2.395,0.187
-3.081,-0.067
3.024,0.191
2.495,-0.047
-0.615,-3.369
-1.78,-2.422
-2.735,-3.398
-2.72,-0.819
-2.367,-1.683
-2.52,-2.459
2.841,-2.917
2.864,-0.922
2.78,-2.426
2.739,-2.1
2.787,-1.911
0.301,-1.431
-0.671,-2.828
-1.207,-0.536
2.891,-3.825
-2.568,-0.461
2.923,-0.258
2.537,-0.364
2.576,-0.211
2.309,-0.348
0.602,-3.959
2.87,-3.913
2.955,-4.187
2.767,0.255
2.269,-0.002
2.916,0.005
-0.272,0.056
-0.158,0.047
-0.355,-0.082
-0.653,0.17
-0.851,0.126
-1.149,-0.081
-1.985,0.239
-2.193,0.259
-2.879,0.005
-3.057,0.263
2.697,0.025
-0.413,-3.297
-1.578,-2.35
-2.533,-3.326
-2.518,-0.747
-2.165,-1.611
-2.318,-2.387
3.043,-2.845
3.066,-0.85
2.982,-2.354
2.941,-2.028
2.989,-1.839
0.503,-1.359
-0.469,-2.756
-1.005,-0.464
3.093,-3.753
-2.366,-0.389
3.125,-0.186
2.739,-0.292
2.778,-0.139
2.511,-0.276
0.804,-3.887
3.072,-3.841
-3.126,-4.115
2.969,0.327
2.471,0.07
3.118,0.077
0.114,-0.009
-0.083,-0.138
-0.381,0.114
-0.579,0.07
-0.877,-0.137
-1.713,0.183
-1.921,0.203
-2.607,-0.051
-2.785,0.207
2.969,-0.031
-0.141,-3.353
-1.306,-2.406
-2.261,-3.382
-2.246,-0.803
-1.893,-1.667
-2.046,-2.443
-2.968,-2.901
-2.945,-0.906
-3.029,-2.41
-3.07,-2.084
-3.022,-1.895
0.775,-1.415
-0.197,-2.812
-0.733,-0.52
-2.918,-3.809
-2.094,-0.445
-2.886,-0.242
3.011,-0.348
3.05,-0.195
2.783,-0.332
1.076,-3.943
-2.939,-3.897
-2.854,-4.171
-3.042,0.271
2.743,0.014
-2.893,0.021
-0.197,-0.129
-0.495,0.123
-0.693,0.079
-0.991,-0.128
-1.827,0.192
-2.035,0.212
-2.721,-0.042
-2.899,0.216
2.855,-0.022
-0.255,-3.344
-1.42,-2.397
-2.375,-3.373
-2.36,-0.794
-2.007,-1.658
-2.16,-2.434
-3.082,-2.892
-3.059,-0.897
3.14,-2.401
3.099,-2.075
-3.136,-1.886
0.661,-1.406
-0.311,-2.803
-0.847,-0.511
-3.032,-3.8
-2.208,-0.436
-3.0,-0.233
2.897,-0.339
2.936,-0.186
2.669,-0.323
0.962,-3.934
-3.053,-3.888
-2.968,-4.162
3.127,0.28
2.629,0.023
-3.007,0.03
-0.298,0.252
-0.496,0.208
-0.794,0.001
-1.63,0.321
-1.838,0.341
-2.524,0.087
-2.702,0.345
3.052,0.107
-0.058,-3.215
-1.223,-2.268
-2.178,-3.244
-2.163,-0.665
-1.81,-1.529
-1.963,-2.305
-2.885,-2.763
-2.862,-0.768
-2.946,-2.272
-2.987,-1.946
-2.939,-1.757
0.858,-1.277
-0.114,-2.674
-0.65,-0.382
-2.835,-3.671
-2.011,-0.307
-2.803,-0.104
3.094,-0.21
3.133,-0.057
2.866,-0.194
1.159,-3.805
-2.856,-3.759
-2.771,-4.033
-2.959,0.409
2.826,0.152
-2.81,0.159
-0.198,-0.044
-0.496,-0.251
-1.332,0.069
-1.54,0.089
-2.226,-0.165
-2.404,0.093
-2.933,-0.145
0.24,-3.467
-0.925,-2.52
-1.88,-3.496
-1.865,-0.917
-1.512,-1.781
-1.665,-2.557
-2.587,-3.015
-2.564,-1.02
-2.648,-2.524
-2.689,-2.198
-2.641,-2.009
1.156,-1.529
0.184,-2.926
-0.352,-0.634
-2.537,-3.923
-1.713,-0.559
-2.505,-0.356
-2.891,-0.462
-2.852,-0.309
-3.119,-0.446
1.457,-4.057
-2.558,-4.011
-2.473,-4.285
-2.661,0.157
3.124,-0.1
-2.512,-0.093
-0.298,-0.207
-1.134,0.113
-1.342,0.133
-2.028,-0.121
-2.206,0.137
-2.735,-0.101
0.438,-3.423
-0.727,-2.476
-1.682,-3.452
-1.667,-0.873
-1.314,-1.737
-1.467,-2.513
-2.389,-2.971
-2.366,-0.976
-2.45,-2.48
-2.491,-2.154
-2.443,-1.965
1.354,-1.485
0.382,-2.882
-0.154,-0.59
-2.339,-3.879
-1.515,-0.515
-2.307,-0.312
-2.693,-0.418
-2.654,-0.265
-2.921,-0.402
1.655,-4.013
-2.36,-3.967
-2.275,-4.241
-2.463,0.201
-2.961,-0.056
-2.314,-0.049
-0.836,0.32
-1.044,0.34
-1.73,0.086
-1.908,0.344
-2.437,0.106
0.736,-3.216
-0.429,-2.269
-1.384,-3.245
-1.369,-0.666
-1.016,-1.53
-1.169,-2.306
-2.091,-2.764
-2.068,-0.769
-2.152,-2.273
-2.193,-1.947
-2.145,-1.758
1.652,-1.278
0.68,-2.675
0.144,-0.383
-2.041,-3.672
-1.217,-0.308
-2.009,-0.105
-2.395,-0.211
-2.356,-0.058
-2.623,-0.195
1.953,-3.806
-2.062,-3.76
-1.977,-4.034
-2.165,0.408
-2.663,0.151
-2.016,0.158
-0.208,0.02
-0.894,-0.234
-1.072,0.024
-1.601,-0.214
1.572,-3.536
0.407,-2.589
-0.548,-3.565
-0.533,-0.986
-0.18,-1.85
-0.333,-2.626
-1.255,-3.084
-1.232,-1.089
-1.316,-2.593
-1.357,-2.267
-1.309,-2.078
2.488,-1.598
1.516,-2.995
0.98,-0.703
-1.205,-3.992
-0.381,-0.628
-1.173,-0.425
-1.559,-0.531
-1.52,-0.378
-1.787,-0.515
2.789,-4.126
-1.226,-4.08
-1.141,-4.354
-1.329,0.088
-1.827,-0.169
-1.18,-0.162
-0.686,-0.254
-0.864,0.004
-1.393,-0.234
1.78,-3.556
0.615,-2.609
-0.34,-3.585
-0.325,-1.006
0.028,-1.87
-0.125,-2.646
-1.047,-3.104
-1.024,-1.109
-1.108,-2.613
-1.149,-2.287
-1.101,-2.098
2.696,-1.618
1.724,-3.015
1.188,-0.723
-0.997,-4.012
-0.173,-0.648
-0.965,-0.445
-1.351,-0.551
-1.312,-0.398
-1.579,-0.535
2.997,-4.146
-1.018,-4.1
-0.933,-4.374
-1.121,0.068
-1.619,-0.189
-0.972,-0.182
-0.178,0.258
-0.707,0.02
2.466,-3.302
1.301,-2.355
0.346,-3.331
0.361,-0.752
0.714,-1.616
0.561,-2.392
-0.361,-2.85
-0.338,-0.855
-0.422,-2.359
-0.463,-2.033
-0.415,-1.844
-2.901,-1.364
2.41,-2.761
1.874,-0.469
-0.311,-3.758
0.513,-0.394
-0.279,-0.191
-0.665,-0.297
-0.626,-0.144
-0.893,-0.281
-2.6,-3.892
-0.332,-3.846
-0.247,-4.12
-0.435,0.322
-0.933,0.065
-0.286,0.072
-0.529,-0.238
2.644,-3.56
1.479,-2.613
0.524,-3.589
0.539,-1.01
0.892,-1.874
0.739,-2.65
-0.183,-3.108
-0.16,-1.113
-0.244,-2.617
-0.285,-2.291
-0.237,-2.102
-2.723,-1.622
2.588,-3.019
2.052,-0.727
-0.133,-4.016
0.691,-0.652
-0.101,-0.449
-0.487,-0.555
-0.448,-0.402
-0.715,-0.539
-2.422,-4.15
-0.154,-4.104
-0.069,-4.378
-0.257,0.064
-0.755,-0.193
-0.108,-0.186
-3.11,-3.322
2.008,-2.375
1.053,-3.351
1.068,-0.772
1.421,-1.636
1.268,-2.412
0.346,-2.87
0.369,-0.875
0.285,-2.379
0.244,-2.053
0.292,-1.864
-2.194,-1.384
3.117,-2.781
2.581,-0.489
0.396,-3.778
1.22,-0.414
0.428,-0.211
0.042,-0.317
0.081,-0.164
-0.186,-0.301
-1.893,-3.912
0.375,-3.866
0.46,-4.14
0.272,0.302
-0.226,0.045
0.421,0.052
-1.165,0.947
-2.12,-0.029
-2.105,2.55
-1.752,1.686
-1.905,0.91
-2.827,0.452
-2.804,2.447
-2.888,0.943
-2.929,1.269
-2.881,1.458
0.916,1.938
-0.056,0.541
-0.592,2.833
-2.777,-0.456
-1.953,2.908
-2.745,3.111
-3.131,3.005
-3.092,3.158
2.924,3.021
1.217,-0.59
-2.798,-0.544
-2.713,-0.818
-2.901,3.624
2.884,3.367
-2.752,3.374
-0.955,-0.976
-0.94,1.603
-0.587,0.739
-0.74,-0.037
-1.662,-0.495
-1.639,1.5
-1.723,-0.004
-1.764,0.322
-1.716,0.511
2.081,0.991
1.109,-0.406
0.573,1.886
-1.612,-1.403
-0.788,1.961
-1.58,2.164
-1.966,2.058
-1.927,2.211
-2.194,2.074
2.382,-1.537
-1.633,-1.491
-1.548,-1.765
-1.736,2.677
-2.234,2.42
-1.587,2.427
0.015,2.579
0.368,1.715
0.215,0.939
-0.707,0.481
-0.684,2.476
-0.768,0.972
-0.809,1.298
-0.761,1.487
3.036,1.967
2.064,0.57
1.528,2.862
-0.657,-0.427
0.167,2.937
-0.625,3.14
-1.011,3.034
-0.972,3.187
-1.239,3.05
-2.946,-0.561
-0.678,-0.515
-0.593,-0.789
-0.781,3.653
-1.279,3.396
-0.632,3.403
0.353,-0.864
0.2,-1.64
-0.722,-2.098
-0.699,-0.103
-0.783,-1.607
-0.824,-1.281
-0.776,-1.092
3.021,-0.612
2.049,-2.009
1.513,0.283
-0.672,-3.006
0.152,0.358
-0.64,0.561
-1.026,0.455
-0.987,0.608
-1.254,0.471
-2.961,-3.14
-0.693,-3.094
-0.608,-3.368
-0.796,1.074
-1.294,0.817
-0.647,0.824
-0.153,-0.776
-1.075,-1.234
-1.052,0.761
-1.136,-0.743
-1.177,-0.417
-1.129,-0.228
2.668,0.252
1.696,-1.145
1.16,1.147
-1.025,-2.142
-0.201,1.222
-0.993,1.425
-1.379,1.319
-1.34,1.472
-1.607,1.335
2.969,-2.276
-1.046,-2.23
-0.961,-2.504
-1.149,1.938
-1.647,1.681
-1.0,1.688
-0.922,-0.458
-0.899,1.537
-0.983,0.033
-1.024,0.359
-0.976,0.548
2.821,1.028
1.849,-0.369
1.313,1.923
-0.872,-1.366
-0.048,1.998
-0.84,2.201
-1.226,2.095
-1.187,2.248
-1.454,2.111
3.122,-1.5
-0.893,-1.454
-0.808,-1.728
-0.996,2.714
-1.494,2.457
-0.847,2.464
0.023,1.995
-0.061,0.491
-0.102,0.817
-0.054,1.006
-2.54,1.486
2.771,0.089
2.235,2.381
0.05,-0.908
0.874,2.456
0.082,2.659
-0.304,2.553
-0.265,2.706
-0.532,2.569
-2.239,-1.042
0.029,-0.996
0.114,-1.27
-0.074,3.172
-0.572,2.915
0.075,2.922
-0.084,-1.504
-0.125,-1.178
-0.077,-0.989
-2.563,-0.509
2.748,-1.906
2.212,0.386
0.027,-2.903
0.851,0.461
0.059,0.664
-0.327,0.558
-0.288,0.711
-0.555,0.574
-2.262,-3.037
0.006,-2.991
0.091,-3.265
-0.097,1.177
-0.595,0.92
0.052,0.927
-0.041,0.326
0.007,0.515
-2.479,0.995
2.832,-0.402
2.296,1.89
0.111,-1.399
0.935,1.965
0.143,2.168
-0.243,2.062
-0.204,2.215
-0.471,2.078
-2.178,-1.533
0.09,-1.487
0.175,-1.761
-0.013,2.681
-0.511,2.424
0.136,2.431
0.048,0.189
-2.438,0.669
2.873,-0.728
2.337,1.564
0.152,-1.725
0.976,1.639
0.184,1.842
-0.202,1.736
-0.163,1.889
-0.43,1.752
-2.137,-1.859
0.131,-1.813
0.216,-2.087
0.028,2.355
-0.47,2.098
0.177,2.105
-2.486,0.48
2.825,-0.917
2.289,1.375
0.104,-1.914
0.928,1.45
0.136,1.653
-0.25,1.547
-0.211,1.7
-0.478,1.563
-2.185,-2.048
0.083,-2.002
0.168,-2.276
-0.02,2.166
-0.518,1.909
0.129,1.916
-0.972,-1.397
-1.508,0.895
2.59,-2.394
-2.869,0.97
2.622,1.173
2.236,1.067
2.275,1.22
2.008,1.083
0.301,-2.528
2.569,-2.482
2.654,-2.756
2.466,1.686
1.968,1.429
2.615,1.436
-0.536,2.292
-2.721,-0.997
-1.897,2.367
-2.689,2.57
-3.075,2.464
-3.036,2.617
2.98,2.48
1.273,-1.131
-2.742,-1.085
-2.657,-1.359
-2.845,3.083
2.94,2.826
-2.696,2.833
-2.185,-3.289
-1.361,0.075
-2.153,0.278
-2.539,0.172
-2.5,0.325
-2.767,0.188
1.809,-3.423
-2.206,-3.377
-2.121,-3.651
-2.309,0.791
-2.807,0.534
-2.16,0.541
0.824,3.364
0.032,3.567
-0.354,3.461
-0.315,3.614
-0.582,3.477
-2.289,-0.134
-0.021,-0.088
0.064,-0.362
-0.124,4.08
-0.622,3.823
0.025,3.83
-0.792,0.203
-1.178,0.097
-1.139,0.25
-1.406,0.113
-3.113,-3.498
-0.845,-3.452
-0.76,-3.726
-0.948,0.716
-1.446,0.459
-0.799,0.466
-0.386,-0.106
-0.347,0.047
-0.614,-0.09
-2.321,-3.701
-0.053,-3.655
0.032,-3.929
-0.156,0.513
-0.654,0.256
-0.007,0.263
0.039,0.153
-0.228,0.016
-1.935,-3.595
0.333,-3.549
0.418,-3.823
0.23,0.619
-0.268,0.362
0.379,0.369
-0.267,-0.137
-1.974,-3.748
0.294,-3.702
0.379,-3.976
0.191,0.466
-0.307,0.209
0.34,0.216
-1.707,-3.611
0.561,-3.565
0.646,-3.839
0.458,0.603
-0.04,0.346
0.607,0.353
2.268,0.046
2.353,-0.228
2.165,4.214
1.667,3.957
2.314,3.964
0.085,-0.274
-0.103,4.168
-0.601,3.911
0.046,3.918
-0.188,4.442
-0.686,4.185
-0.039,4.192
-0.498,-0.257
0.149,-0.25
0.647,0.007
