-0.049,-0.376
-0.05,2.529
-0.111,0.538
-0.093,1.292
-0.154,1.751
-0.139,0.801
-0.227,0.687
-0.275,1.112
-0.192,-0.667
-0.307,0.427
-0.388,0.983
-0.366,2.772
-0.38,-0.332
-0.423,2.09
-0.459,2.216
-0.415,0.021
-0.437,2.283
-0.555,1.86
-0.562,0.575
-0.672,-0.484
-0.64,0.839
-0.678,2.128
-0.676,2.218
-0.751,1.124
-0.833,0.498
-0.831,0.763
-0.796,2.1
-0.855,0.225
-0.799,1.461
-0.892,0.634
-0.828,2.231
-0.904,1.333
-0.876,2.934
-0.943,0.003
-0.94,2.341
-0.99,0.657
-1.077,1.965
-1.095,-0.427
-1.061,0.491
-1.084,1.995
-1.159,1.051
-1.186,-0.414
-1.281,2.162
-1.417,1.897
-1.45,2.049
-1.563,1.197
-1.635,-0.386
-1.65,1.956
-1.606,1.83
-1.659,2.46
-1.62,1.111
-1.909,1.307
-1.908,1.88
-1.9,1.039
-2.005,1.861
-1.92,2.45
-2.042,0.953
-2.027,1.385
-1.984,1.484
-2.079,1.859
-2.076,2.65
-2.084,0.002
-2.094,2.068
-2.107,2.622
-2.112,2.053
-2.208,1.442
-2.229,2.639
-2.223,1.851
-2.275,2.657
-2.347,1.554
-2.297,1.294
-2.389,0.129
-2.425,0.897
-2.44,2.101
-2.381,1.593
-2.408,1.95
-2.405,0.709
-2.53,2.42
-2.478,1.919
-2.546,-0.351
-2.48,-0.677
-2.501,-0.325
-2.552,1.151
-2.665,2.287
-2.612,-0.088
-2.657,2.922
-2.775,-0.168
-2.811,-0.555
-2.754,2.403
-2.808,0.884
-2.889,0.15
-2.858,-0.468
-2.895,2.023
-2.956,1.25
-2.89,1.74
-2.994,0.883
-2.974,2.918
-3.139,2.963
3.099,0.935
3.013,3.069
3.016,0.035
3.032,1.918
2.932,-0.122
2.85,1.797
2.869,0.876
2.914,-0.463
2.905,0.716
2.81,1.596
2.849,0.744
2.834,-0.763
2.718,2.062
2.735,1.026
2.689,-0.689
2.632,1.538
2.629,1.529
2.661,2.687
2.629,1.978
2.61,1.557
2.604,0.87
2.57,1.684
2.467,1.956
2.437,-0.927
2.472,1.318
2.468,1.813
2.453,0.09
2.358,2.634
2.347,2.839
2.333,0.528
2.299,1.56
2.242,2.352
2.283,0.774
2.219,1.787
2.2,0.019
2.035,2.964
1.997,0.909
2.061,1.465
2.057,-0.359
1.978,2.024
1.962,0.119
1.928,1.465
1.868,1.918
1.876,0.091
1.799,2.182
1.809,-0.204
1.745,0.473
1.704,-0.362
1.567,-0.4
1.507,1.592
1.464,1.822
1.479,0.802
1.454,2.489
1.459,1.878
1.428,1.91
1.482,1.681
1.379,-0.476
1.402,0.885
1.298,1.021
1.151,1.595
1.176,1.962
1.09,0.192
0.983,-0.041
0.946,1.406
0.832,0.483
0.81,-0.847
0.616,-0.121
0.599,-0.454
0.611,-0.73
0.565,-0.1
0.333,2.991
0.326,1.16
0.301,-0.39
0.317,1.608
0.23,1.125
0.184,-0.74
0.261,2.344
0.226,0.557
0.222,0.135
0.123,1.773
0.168,0.958
0.105,-0.073
0.145,-0.06
0.128,0.427
0.117,1.57
0.041,0.751
0.029,0.091
0.015,0.093
0.075,1.408
-0.007,-1.099
-0.028,-1.234
-0.127,-1.09
-0.263,-1.157
-0.237,-0.948
-0.349,-1.039
-0.82,-0.958
-0.757,-1.107
-0.757,-1.044
-0.831,-1.108
-1.301,-1.043
-2.143,-0.983
-2.267,-1.245
-2.545,-1.223
-2.583,-1.216
-2.936,-1.084
2.855,-1.048
2.369,-1.054
2.218,-1.258
2.091,-1.261
1.925,-1.01
1.358,-1.219
1.249,-1.253
1.302,-1.046
1.314,-0.973
1.182,-1.075
0.331,-1.405
0.365,-1.25
0.253,-1.404
0.256,-1.31
0.15,-1.369
-0.569,3.262
-1.108,3.05
-1.077,3.37
-1.104,3.243
-1.718,3.324
-2.354,3.137
-2.378,3.189
-2.915,3.298
2.994,3.286
2.864,3.37
2.715,3.228
2.509,3.171
2.469,3.28
2.142,3.273
1.82,3.296
1.073,3.194
0.712,3.265
0.548,3.177
0.1,3.091
0.093,0.065
-0.323,1.94
-2.44,-0.107
-2.617,-0.371
-2.652,1.89
-2.746,2.205
2.32,-0.548
1.826,1.078
1.413,2.454
2.821,-1.469
1.248,3.047
0.051,0.429
0.049,1.587
-0.151,-0.741
-0.13,1.374
-0.125,0.189
-0.143,0.143
-0.373,0.64
-0.38,1.964
-0.245,-0.593
-0.377,1.123
-0.428,2.532
-0.442,-0.668
-0.494,-0.819
-0.546,0.233
-0.567,1.487
-0.436,0.369
-0.602,-0.821
-0.511,0.145
-0.624,0.74
-0.733,0.254
-0.648,0.831
-0.68,2.433
-0.805,0.154
-0.802,0.584
-0.707,0.416
-0.774,0.761
-0.959,0.54
-1.072,-0.848
-1.086,-0.695
-1.031,-0.218
-1.165,0.572
-1.211,2.948
-1.309,0.755
-1.403,-0.374
-1.531,0.916
-1.647,1.727
-1.903,-0.212
-1.879,-0.095
-2.064,1.585
-1.921,2.974
-2.102,-0.622
-2.124,0.817
-2.101,1.497
-2.103,0.769
-2.147,0.616
-2.215,1.818
-2.304,0.081
-2.466,1.614
-2.473,1.595
-2.617,0.594
-2.593,1.619
-2.908,2.913
-2.76,1.913
-2.942,1.57
-2.833,2.483
-2.955,1.647
-3.051,2.858
-3.062,1.041
-3.069,-0.31
-2.975,2.51
-3.138,0.473
3.071,-0.747
-3.089,1.543
-3.107,0.81
-3.096,1.905
3.132,2.808
3.114,3.027
3.108,0.701
3.071,-0.832
2.912,2.815
2.876,1.246
2.871,1.461
2.778,1.143
2.77,1.692
2.871,2.618
2.871,1.171
2.679,1.134
2.804,1.517
2.677,-0.296
2.626,0.676
2.609,0.402
2.613,-0.917
2.462,2.395
2.438,0.19
2.509,-0.758
2.393,0.058
2.419,1.749
2.275,1.45
2.294,2.898
2.243,1.78
2.119,-0.759
2.215,0.308
2.065,-0.768
2.019,2.384
1.986,-0.778
1.966,1.374
2.083,-0.141
2.034,2.242
1.814,2.788
1.761,1.947
1.625,0.471
1.466,0.891
1.54,1.126
1.443,1.813
1.42,0.887
1.099,0.716
1.08,2.457
1.188,-0.032
1.14,2.372
0.91,-0.02
0.99,3.006
0.567,1.231
0.536,-0.12
0.535,1.012
0.637,-0.024
0.622,0.244
0.429,1.098
0.461,-0.44
0.31,2.948
0.394,0.895
0.287,0.765
0.254,0.795
0.16,2.877
0.126,2.305
0.23,0.704
0.199,1.413
0.175,1.388
0.005,1.04
0.102,0.188
-0.039,-1.06
-0.03,-1.035
-0.586,-1.25
-0.887,-0.959
-1.014,-1.207
-1.532,-1.33
-1.707,-1.303
-2.309,-1.411
-2.608,-0.925
-2.829,-1.269
-2.839,-1.326
-2.967,-1.235
-3.02,-1.283
-3.031,-1.413
2.965,-1.288
2.877,-1.1
2.438,-1.006
1.863,-1.413
1.161,-1.108
0.888,-1.435
0.341,-1.113
0.262,-1.238
0.049,3.15
-0.845,3.264
-2.112,3.136
-2.402,3.374
2.93,3.286
2.736,3.152
2.539,3.354
2.269,3.184
2.106,3.207
-0.893,1.257
-0.901,2.47
-2.54,-0.308
0.935,-0.323
-0.407,0.524
-0.431,0.217
2.026,2.064
0.806,2.525
0.476,1.834
-0.211,2.377
-0.904,0.894
-1.198,0.243
-2.852,1.728
3.106,2.477
3.059,1.658
3.112,-0.092
2.807,1.711
1.6,2.358
0.789,2.89
0.386,-1.423
3.104,3.268
-1.523,3.292
-1.305,2.595
-0.001,2.905
-0.062,0.914
-0.044,1.668
-0.105,2.127
-0.09,1.177
-0.178,1.063
-0.226,1.488
-0.143,-0.291
-0.258,0.803
-0.339,1.359
-0.317,3.148
-0.331,0.044
-0.374,2.466
-0.41,2.592
-0.366,0.397
-0.388,2.659
-0.506,2.236
-0.513,0.951
-0.623,-0.108
-0.591,1.215
-0.629,2.504
-0.627,2.594
-0.702,1.5
-0.784,0.874
-0.782,1.139
-0.747,2.476
-0.806,0.601
-0.75,1.837
-0.843,1.01
-0.779,2.607
-0.855,1.709
-0.827,3.31
-0.894,0.379
-0.891,2.717
-0.941,1.033
-1.028,2.341
-1.046,-0.051
-1.012,0.867
-1.035,2.371
-1.11,1.427
-1.137,-0.038
-1.232,2.538
-1.368,2.273
-1.401,2.425
-1.514,1.573
-1.586,-0.01
-1.601,2.332
-1.557,2.206
-1.61,2.836
-1.571,1.487
-1.86,1.683
-1.859,2.256
-1.851,1.415
-1.956,2.237
-1.871,2.826
-1.993,1.329
-1.978,1.761
-1.935,1.86
-2.03,2.235
-2.027,3.026
-2.035,0.378
-2.045,2.444
-2.058,2.998
-2.063,2.429
-2.159,1.818
-2.18,3.015
-2.174,2.227
-2.226,3.033
-2.298,1.93
-2.248,1.67
-2.34,0.505
-2.376,1.273
-2.391,2.477
-2.332,1.969
-2.359,2.326
-2.356,1.085
-2.481,2.796
-2.429,2.295
-2.497,0.025
-2.431,-0.301
-2.452,0.051
-2.503,1.527
-2.616,2.663
-2.563,0.288
-2.608,3.298
-2.726,0.208
-2.762,-0.179
-2.705,2.779
-2.759,1.26
-2.84,0.526
-2.809,-0.092
-2.846,2.399
-2.907,1.626
-2.841,2.116
-2.945,1.259
-2.925,3.294
-3.09,3.339
-3.135,1.311
3.062,3.445
3.065,0.411
3.081,2.294
2.981,0.254
2.899,2.173
2.918,1.252
2.963,-0.087
2.954,1.092
2.859,1.972
2.898,1.12
2.883,-0.387
2.767,2.438
2.784,1.402
2.738,-0.313
2.681,1.914
2.678,1.905
2.71,3.063
2.678,2.354
2.659,1.933
2.653,1.246
2.619,2.06
2.516,2.332
2.486,-0.551
2.521,1.694
2.517,2.189
2.502,0.466
2.407,3.01
2.396,3.215
2.382,0.904
2.348,1.936
2.291,2.728
2.332,1.15
2.268,2.163
2.249,0.395
2.084,3.34
2.046,1.285
2.11,1.841
2.106,0.017
2.027,2.4
2.011,0.495
1.977,1.841
1.917,2.294
1.925,0.467
1.848,2.558
1.858,0.172
1.794,0.849
1.753,0.014
1.616,-0.024
1.556,1.968
1.513,2.198
1.528,1.178
1.503,2.865
1.508,2.254
1.477,2.286
1.531,2.057
1.428,-0.1
1.451,1.261
1.347,1.397
1.2,1.971
1.225,2.338
1.139,0.568
1.032,0.335
0.995,1.782
0.881,0.859
0.859,-0.471
0.665,0.255
0.648,-0.078
0.66,-0.354
0.614,0.276
0.382,3.367
0.375,1.536
0.35,-0.014
0.366,1.984
0.279,1.501
0.233,-0.364
0.31,2.72
0.275,0.933
0.271,0.511
0.172,2.149
0.217,1.334
0.154,0.303
0.194,0.316
0.177,0.803
0.166,1.946
0.09,1.127
0.078,0.467
0.064,0.469
0.124,1.784
0.042,-0.723
0.021,-0.858
-0.078,-0.714
-0.214,-0.781
-0.188,-0.572
-0.3,-0.663
-0.771,-0.582
-0.708,-0.731
-0.708,-0.668
-0.782,-0.732
-1.252,-0.667
-2.094,-0.607
-2.218,-0.869
-2.496,-0.847
-2.534,-0.84
-2.887,-0.708
2.904,-0.672
2.418,-0.678
2.267,-0.882
2.14,-0.885
1.974,-0.634
1.407,-0.843
1.298,-0.877
1.351,-0.67
1.363,-0.597
1.231,-0.699
0.38,-1.029
0.414,-0.874
0.302,-1.028
0.305,-0.934
0.199,-0.993
-0.52,3.638
-1.059,3.426
-1.028,3.746
-1.055,3.619
-1.669,3.7
-2.305,3.513
-2.329,3.565
-2.866,3.674
3.043,3.662
2.913,3.746
2.764,3.604
2.558,3.547
2.518,3.656
2.191,3.649
1.869,3.672
1.122,3.57
0.761,3.641
0.597,3.553
0.149,3.467
0.142,0.441
-0.274,2.316
-2.391,0.269
-2.568,0.005
-2.603,2.266
-2.697,2.581
2.369,-0.172
1.875,1.454
1.462,2.83
2.87,-1.093
1.297,3.423
0.1,0.805
0.098,1.963
-0.102,-0.365
-0.081,1.75
-0.076,0.565
-0.094,0.519
-0.324,1.016
-0.331,2.34
-0.196,-0.217
-0.328,1.499
-0.379,2.908
-0.393,-0.292
-0.445,-0.443
-0.497,0.609
-0.518,1.863
-0.387,0.745
-0.553,-0.445
-0.462,0.521
-0.575,1.116
-0.684,0.63
-0.599,1.207
-0.631,2.809
-0.756,0.53
-0.753,0.96
-0.658,0.792
-0.725,1.137
-0.91,0.916
-1.023,-0.472
-1.037,-0.319
-0.982,0.158
-1.116,0.948
-1.162,3.324
-1.26,1.131
-1.354,0.002
-1.482,1.292
-1.598,2.103
-1.854,0.164
-1.83,0.281
-2.015,1.961
-1.872,3.35
-2.053,-0.246
-2.075,1.193
-2.052,1.873
-2.054,1.145
-2.098,0.992
-2.166,2.194
-2.255,0.457
-2.417,1.99
-2.424,1.971
-2.568,0.97
-2.544,1.995
-2.859,3.289
-2.711,2.289
-2.893,1.946
-2.784,2.859
-2.906,2.023
-3.002,3.234
-3.013,1.417
-3.02,0.066
-2.926,2.886
-3.089,0.849
3.12,-0.371
-3.04,1.919
-3.058,1.186
-3.047,2.281
-3.102,3.184
-3.12,3.403
-3.126,1.077
3.12,-0.456
2.961,3.191
2.925,1.622
2.92,1.837
2.827,1.519
2.819,2.068
2.92,2.994
2.92,1.547
2.728,1.51
2.853,1.893
2.726,0.08
2.675,1.052
2.658,0.778
2.662,-0.541
2.511,2.771
2.487,0.566
2.558,-0.382
2.442,0.434
2.468,2.125
2.324,1.826
2.343,3.274
2.292,2.156
2.168,-0.383
2.264,0.684
2.114,-0.392
2.068,2.76
2.035,-0.402
2.015,1.75
2.132,0.235
2.083,2.618
1.863,3.164
1.81,2.323
1.674,0.847
1.515,1.267
1.589,1.502
1.492,2.189
1.469,1.263
1.148,1.092
1.129,2.833
1.237,0.344
1.189,2.748
0.959,0.356
1.039,3.382
0.616,1.607
0.585,0.256
0.584,1.388
0.686,0.352
0.671,0.62
0.478,1.474
0.51,-0.064
0.359,3.324
0.443,1.271
0.336,1.141
0.303,1.171
0.209,3.253
0.175,2.681
0.279,1.08
0.248,1.789
0.224,1.764
0.054,1.416
0.151,0.564
0.01,-0.684
0.019,-0.659
-0.537,-0.874
-0.838,-0.583
-0.965,-0.831
-1.483,-0.954
-1.658,-0.927
-2.26,-1.035
-2.559,-0.549
-2.78,-0.893
-2.79,-0.95
-2.918,-0.859
-2.971,-0.907
-2.982,-1.037
3.014,-0.912
2.926,-0.724
2.487,-0.63
1.912,-1.037
1.21,-0.732
0.937,-1.059
0.39,-0.737
0.311,-0.862
0.098,3.526
-0.796,3.64
-2.063,3.512
-2.353,3.75
2.979,3.662
2.785,3.528
2.588,3.73
2.318,3.56
2.155,3.583
-0.844,1.633
-0.852,2.846
-2.491,0.068
0.984,0.053
-0.358,0.9
-0.382,0.593
2.075,2.44
0.855,2.901
0.525,2.21
-0.162,2.753
-0.855,1.27
-1.149,0.619
-2.803,2.104
-3.128,2.853
3.108,2.034
-3.122,0.284
2.856,2.087
1.649,2.734
0.838,3.266
0.435,-1.047
-3.13,3.644
-1.474,3.668
-1.256,2.971
-0.061,-1.991
-0.043,-1.237
-0.104,-0.778
-0.089,-1.728
-0.177,-1.842
-0.225,-1.417
-0.142,-3.196
-0.257,-2.102
-0.338,-1.546
-0.316,0.243
-0.33,-2.861
-0.373,-0.439
-0.409,-0.313
-0.365,-2.508
-0.387,-0.246
-0.505,-0.669
-0.512,-1.954
-0.622,-3.013
-0.59,-1.69
-0.628,-0.401
-0.626,-0.311
-0.701,-1.405
-0.783,-2.031
-0.781,-1.766
-0.746,-0.429
-0.805,-2.304
-0.749,-1.068
-0.842,-1.895
-0.778,-0.298
-0.854,-1.196
-0.826,0.405
-0.893,-2.526
-0.89,-0.188
-0.94,-1.872
-1.027,-0.564
-1.045,-2.956
-1.011,-2.038
-1.034,-0.534
-1.109,-1.478
-1.136,-2.943
-1.231,-0.367
-1.367,-0.632
-1.4,-0.48
-1.513,-1.332
-1.585,-2.915
-1.6,-0.573
-1.556,-0.699
-1.609,-0.069
-1.57,-1.418
-1.859,-1.222
-1.858,-0.649
-1.85,-1.49
-1.955,-0.668
-1.87,-0.079
-1.992,-1.576
-1.977,-1.144
-1.934,-1.045
-2.029,-0.67
-2.026,0.121
-2.034,-2.527
-2.044,-0.461
-2.057,0.093
-2.062,-0.476
-2.158,-1.087
-2.179,0.11
-2.173,-0.678
-2.225,0.128
-2.297,-0.975
-2.247,-1.235
-2.339,-2.4
-2.375,-1.632
-2.39,-0.428
-2.331,-0.936
-2.358,-0.579
-2.355,-1.82
-2.48,-0.109
-2.428,-0.61
-2.496,-2.88
-2.43,-3.206
-2.451,-2.854
-2.502,-1.378
-2.615,-0.242
-2.562,-2.617
-2.607,0.393
-2.725,-2.697
-2.761,-3.084
-2.704,-0.126
-2.758,-1.645
-2.839,-2.379
-2.808,-2.997
-2.845,-0.506
-2.906,-1.279
-2.84,-0.789
-2.944,-1.646
-2.924,0.389
-3.089,0.434
-3.134,-1.594
3.063,0.54
3.066,-2.494
3.082,-0.611
2.982,-2.651
2.9,-0.732
2.919,-1.653
2.964,-2.992
2.955,-1.813
2.86,-0.933
2.899,-1.785
2.884,-3.292
2.768,-0.467
2.785,-1.503
2.739,-3.218
2.682,-0.991
2.679,-1.0
2.711,0.158
2.679,-0.551
2.66,-0.972
2.654,-1.659
2.62,-0.845
2.517,-0.573
2.487,-3.456
2.522,-1.211
2.518,-0.716
2.503,-2.439
2.408,0.105
2.397,0.31
2.383,-2.001
2.349,-0.969
2.292,-0.177
2.333,-1.755
2.269,-0.742
2.25,-2.51
2.085,0.435
2.047,-1.62
2.111,-1.064
2.107,-2.888
2.028,-0.505
2.012,-2.41
1.978,-1.064
1.918,-0.611
1.926,-2.438
1.849,-0.347
1.859,-2.733
1.795,-2.056
1.754,-2.891
1.617,-2.929
1.557,-0.937
1.514,-0.707
1.529,-1.727
1.504,-0.04
1.509,-0.651
1.478,-0.619
1.532,-0.848
1.429,-3.005
1.452,-1.644
1.348,-1.508
1.201,-0.934
1.226,-0.567
1.14,-2.337
1.033,-2.57
0.996,-1.123
0.882,-2.046
0.86,-3.376
0.666,-2.65
0.649,-2.983
0.661,-3.259
0.615,-2.629
0.383,0.462
0.376,-1.369
0.351,-2.919
0.367,-0.921
0.28,-1.404
0.234,-3.269
0.311,-0.185
0.276,-1.972
0.272,-2.394
0.173,-0.756
0.218,-1.571
0.155,-2.602
0.195,-2.589
0.178,-2.102
0.167,-0.959
0.091,-1.778
0.079,-2.438
0.065,-2.436
0.125,-1.121
0.043,-3.628
0.022,-3.763
-0.077,-3.619
-0.213,-3.686
-0.187,-3.477
-0.299,-3.568
-0.77,-3.487
-0.707,-3.636
-0.707,-3.573
-0.781,-3.637
-1.251,-3.572
-2.093,-3.512
-2.217,-3.774
-2.495,-3.752
-2.533,-3.745
-2.886,-3.613
2.905,-3.577
2.419,-3.583
2.268,-3.787
2.141,-3.79
1.975,-3.539
1.408,-3.748
1.299,-3.782
1.352,-3.575
1.364,-3.502
1.232,-3.604
0.381,-3.934
0.415,-3.779
0.303,-3.933
0.306,-3.839
0.2,-3.898
-0.519,0.733
-1.058,0.521
-1.027,0.841
-1.054,0.714
-1.668,0.795
-2.304,0.608
-2.328,0.66
-2.865,0.769
3.044,0.757
2.914,0.841
2.765,0.699
2.559,0.642
2.519,0.751
2.192,0.744
1.87,0.767
1.123,0.665
0.762,0.736
0.598,0.648
0.15,0.562
0.143,-2.464
-0.273,-0.589
-2.39,-2.636
-2.567,-2.9
-2.602,-0.639
-2.696,-0.324
2.37,-3.077
1.876,-1.451
1.463,-0.075
2.871,-3.998
1.298,0.518
0.101,-2.1
0.099,-0.942
-0.101,-3.27
-0.08,-1.155
-0.075,-2.34
-0.093,-2.386
-0.323,-1.889
-0.33,-0.565
-0.195,-3.122
-0.327,-1.406
-0.378,0.003
-0.392,-3.197
-0.444,-3.348
-0.496,-2.296
-0.517,-1.042
-0.386,-2.16
-0.552,-3.35
-0.461,-2.384
-0.574,-1.789
-0.683,-2.275
-0.598,-1.698
-0.63,-0.096
-0.755,-2.375
-0.752,-1.945
-0.657,-2.113
-0.724,-1.768
-0.909,-1.989
-1.022,-3.377
-1.036,-3.224
-0.981,-2.747
-1.115,-1.957
-1.161,0.419
-1.259,-1.774
-1.353,-2.903
-1.481,-1.613
-1.597,-0.802
-1.853,-2.741
-1.829,-2.624
-2.014,-0.944
-1.871,0.445
-2.052,-3.151
-2.074,-1.712
-2.051,-1.032
-2.053,-1.76
-2.097,-1.913
-2.165,-0.711
-2.254,-2.448
-2.416,-0.915
-2.423,-0.934
-2.567,-1.935
-2.543,-0.91
-2.858,0.384
-2.71,-0.616
-2.892,-0.959
-2.783,-0.046
-2.905,-0.882
-3.001,0.329
-3.012,-1.488
-3.019,-2.839
-2.925,-0.019
-3.088,-2.056
3.121,-3.276
-3.039,-0.986
-3.057,-1.719
-3.046,-0.624
-3.101,0.279
-3.119,0.498
-3.125,-1.828
3.121,-3.361
2.962,0.286
2.926,-1.283
2.921,-1.068
2.828,-1.386
2.82,-0.837
2.921,0.089
2.921,-1.358
2.729,-1.395
2.854,-1.012
2.727,-2.825
2.676,-1.853
2.659,-2.127
2.663,-3.446
2.512,-0.134
2.488,-2.339
2.559,-3.287
2.443,-2.471
2.469,-0.78
2.325,-1.079
2.344,0.369
2.293,-0.749
2.169,-3.288
2.265,-2.221
2.115,-3.297
2.069,-0.145
2.036,-3.307
2.016,-1.155
2.133,-2.67
2.084,-0.287
1.864,0.259
1.811,-0.582
1.675,-2.058
1.516,-1.638
1.59,-1.403
1.493,-0.716
1.47,-1.642
1.149,-1.813
1.13,-0.072
1.238,-2.561
1.19,-0.157
0.96,-2.549
1.04,0.477
0.617,-1.298
0.586,-2.649
0.585,-1.517
0.687,-2.553
0.672,-2.285
0.479,-1.431
0.511,-2.969
0.36,0.419
0.444,-1.634
0.337,-1.764
0.304,-1.734
0.21,0.348
0.176,-0.224
0.28,-1.825
0.249,-1.116
0.225,-1.141
0.055,-1.489
0.152,-2.341
0.011,-3.589
0.02,-3.564
-0.536,-3.779
-0.837,-3.488
-0.964,-3.736
-1.482,-3.859
-1.657,-3.832
-2.259,-3.94
-2.558,-3.454
-2.779,-3.798
-2.789,-3.855
-2.917,-3.764
-2.97,-3.812
-2.981,-3.942
3.015,-3.817
2.927,-3.629
2.488,-3.535
1.913,-3.942
1.211,-3.637
0.938,-3.964
0.391,-3.642
0.312,-3.767
0.099,0.621
-0.795,0.735
-2.062,0.607
-2.352,0.845
2.98,0.757
2.786,0.623
2.589,0.825
2.319,0.655
2.156,0.678
-0.843,-1.272
-0.851,-0.059
-2.49,-2.837
0.985,-2.852
-0.357,-2.005
-0.381,-2.312
2.076,-0.465
0.856,-0.004
0.526,-0.695
-0.161,-0.152
-0.854,-1.635
-1.148,-2.286
-2.802,-0.801
-3.127,-0.052
3.109,-0.871
-3.121,-2.621
2.857,-0.818
1.65,-0.171
0.839,0.361
0.436,-3.952
-3.129,0.739
-1.473,0.763
-1.255,0.066
0.018,0.754
-0.043,1.213
-0.028,0.263
-0.116,0.149
-0.164,0.574
-0.081,-1.205
-0.196,-0.111
-0.277,0.445
-0.255,2.234
-0.269,-0.87
-0.312,1.552
-0.348,1.678
-0.304,-0.517
-0.326,1.745
-0.444,1.322
-0.451,0.037
-0.561,-1.022
-0.529,0.301
-0.567,1.59
-0.565,1.68
-0.64,0.586
-0.722,-0.04
-0.72,0.225
-0.685,1.562
-0.744,-0.313
-0.688,0.923
-0.781,0.096
-0.717,1.693
-0.793,0.795
-0.765,2.396
-0.832,-0.535
-0.829,1.803
-0.879,0.119
-0.966,1.427
-0.984,-0.965
-0.95,-0.047
-0.973,1.457
-1.048,0.513
-1.075,-0.952
-1.17,1.624
-1.306,1.359
-1.339,1.511
-1.452,0.659
-1.524,-0.924
-1.539,1.418
-1.495,1.292
-1.548,1.922
-1.509,0.573
-1.798,0.769
-1.797,1.342
-1.789,0.501
-1.894,1.323
-1.809,1.912
-1.931,0.415
-1.916,0.847
-1.873,0.946
-1.968,1.321
-1.965,2.112
-1.973,-0.536
-1.983,1.53
-1.996,2.084
-2.001,1.515
-2.097,0.904
-2.118,2.101
-2.112,1.313
-2.164,2.119
-2.236,1.016
-2.186,0.756
-2.278,-0.409
-2.314,0.359
-2.329,1.563
-2.27,1.055
-2.297,1.412
-2.294,0.171
-2.419,1.882
-2.367,1.381
-2.435,-0.889
-2.369,-1.215
-2.39,-0.863
-2.441,0.613
-2.554,1.749
-2.501,-0.626
-2.546,2.384
-2.664,-0.706
-2.7,-1.093
-2.643,1.865
-2.697,0.346
-2.778,-0.388
-2.747,-1.006
-2.784,1.485
-2.845,0.712
-2.779,1.202
-2.883,0.345
-2.863,2.38
-3.028,2.425
-3.073,0.397
3.124,2.531
3.127,-0.503
-3.14,1.38
3.043,-0.66
2.961,1.259
2.98,0.338
3.025,-1.001
3.016,0.178
2.921,1.058
2.96,0.206
2.945,-1.301
2.829,1.524
2.846,0.488
2.8,-1.227
2.743,1.0
2.74,0.991
2.772,2.149
2.74,1.44
2.721,1.019
2.715,0.332
2.681,1.146
2.578,1.418
2.548,-1.465
2.583,0.78
2.579,1.275
2.564,-0.448
2.469,2.096
2.458,2.301
2.444,-0.01
2.41,1.022
2.353,1.814
2.394,0.236
2.33,1.249
2.311,-0.519
2.146,2.426
2.108,0.371
2.172,0.927
2.168,-0.897
2.089,1.486
2.073,-0.419
2.039,0.927
1.979,1.38
1.987,-0.447
1.91,1.644
1.92,-0.742
1.856,-0.065
1.815,-0.9
1.678,-0.938
1.618,1.054
1.575,1.284
1.59,0.264
1.565,1.951
1.57,1.34
1.539,1.372
1.593,1.143
1.49,-1.014
1.513,0.347
1.409,0.483
1.262,1.057
1.287,1.424
1.201,-0.346
1.094,-0.579
1.057,0.868
0.943,-0.055
0.921,-1.385
0.727,-0.659
0.71,-0.992
0.722,-1.268
0.676,-0.638
0.444,2.453
0.437,0.622
0.412,-0.928
0.428,1.07
0.341,0.587
0.295,-1.278
0.372,1.806
0.337,0.019
0.333,-0.403
0.234,1.235
0.279,0.42
0.216,-0.611
0.256,-0.598
0.239,-0.111
0.228,1.032
0.152,0.213
0.14,-0.447
0.126,-0.445
0.186,0.87
0.104,-1.637
0.083,-1.772
-0.016,-1.628
-0.152,-1.695
-0.126,-1.486
-0.238,-1.577
-0.709,-1.496
-0.646,-1.645
-0.646,-1.582
-0.72,-1.646
-1.19,-1.581
-2.032,-1.521
-2.156,-1.783
-2.434,-1.761
-2.472,-1.754
-2.825,-1.622
2.966,-1.586
2.48,-1.592
2.329,-1.796
2.202,-1.799
2.036,-1.548
1.469,-1.757
1.36,-1.791
1.413,-1.584
1.425,-1.511
1.293,-1.613
0.442,-1.943
0.476,-1.788
0.364,-1.942
0.367,-1.848
0.261,-1.907
-0.458,2.724
-0.997,2.512
-0.966,2.832
-0.993,2.705
-1.607,2.786
-2.243,2.599
-2.267,2.651
-2.804,2.76
3.105,2.748
2.975,2.832
2.826,2.69
2.62,2.633
2.58,2.742
2.253,2.735
1.931,2.758
1.184,2.656
0.823,2.727
0.659,2.639
0.211,2.553
0.204,-0.473
-0.212,1.402
-2.329,-0.645
-2.506,-0.909
-2.541,1.352
-2.635,1.667
2.431,-1.086
1.937,0.54
1.524,1.916
2.932,-2.007
1.359,2.509
0.162,-0.109
0.16,1.049
-0.04,-1.279
-0.019,0.836
-0.014,-0.349
-0.032,-0.395
-0.262,0.102
-0.269,1.426
-0.134,-1.131
-0.266,0.585
-0.317,1.994
-0.331,-1.206
-0.383,-1.357
-0.435,-0.305
-0.456,0.949
-0.325,-0.169
-0.491,-1.359
-0.4,-0.393
-0.513,0.202
-0.622,-0.284
-0.537,0.293
-0.569,1.895
-0.694,-0.384
-0.691,0.046
-0.596,-0.122
-0.663,0.223
-0.848,0.002
-0.961,-1.386
-0.975,-1.233
-0.92,-0.756
-1.054,0.034
-1.1,2.41
-1.198,0.217
-1.292,-0.912
-1.42,0.378
-1.536,1.189
-1.792,-0.75
-1.768,-0.633
-1.953,1.047
-1.81,2.436
-1.991,-1.16
-2.013,0.279
-1.99,0.959
-1.992,0.231
-2.036,0.078
-2.104,1.28
-2.193,-0.457
-2.355,1.076
-2.362,1.057
-2.506,0.056
-2.482,1.081
-2.797,2.375
-2.649,1.375
-2.831,1.032
-2.722,1.945
-2.844,1.109
-2.94,2.32
-2.951,0.503
-2.958,-0.848
-2.864,1.972
-3.027,-0.065
-3.101,-1.285
-2.978,1.005
-2.996,0.272
-2.985,1.367
-3.04,2.27
-3.058,2.489
-3.064,0.163
-3.101,-1.37
3.023,2.277
2.987,0.708
2.982,0.923
2.889,0.605
2.881,1.154
2.982,2.08
2.982,0.633
2.79,0.596
2.915,0.979
2.788,-0.834
2.737,0.138
2.72,-0.136
2.724,-1.455
2.573,1.857
2.549,-0.348
2.62,-1.296
2.504,-0.48
2.53,1.211
2.386,0.912
2.405,2.36
2.354,1.242
2.23,-1.297
2.326,-0.23
2.176,-1.306
2.13,1.846
2.097,-1.316
2.077,0.836
2.194,-0.679
2.145,1.704
1.925,2.25
1.872,1.409
1.736,-0.067
1.577,0.353
1.651,0.588
1.554,1.275
1.531,0.349
1.21,0.178
1.191,1.919
1.299,-0.57
1.251,1.834
1.021,-0.558
1.101,2.468
0.678,0.693
0.647,-0.658
0.646,0.474
0.748,-0.562
0.733,-0.294
0.54,0.56
0.572,-0.978
0.421,2.41
0.505,0.357
0.398,0.227
0.365,0.257
0.271,2.339
0.237,1.767
0.341,0.166
0.31,0.875
0.286,0.85
0.116,0.502
0.213,-0.35
0.072,-1.598
0.081,-1.573
-0.475,-1.788
-0.776,-1.497
-0.903,-1.745
-1.421,-1.868
-1.596,-1.841
-2.198,-1.949
-2.497,-1.463
-2.718,-1.807
-2.728,-1.864
-2.856,-1.773
-2.909,-1.821
-2.92,-1.951
3.076,-1.826
2.988,-1.638
2.549,-1.544
1.974,-1.951
1.272,-1.646
0.999,-1.973
0.452,-1.651
0.373,-1.776
0.16,2.612
-0.734,2.726
-2.001,2.598
-2.291,2.836
3.041,2.748
2.847,2.614
2.65,2.816
2.38,2.646
2.217,2.669
-0.782,0.719
-0.79,1.932
-2.429,-0.846
1.046,-0.861
-0.296,-0.014
-0.32,-0.321
2.137,1.526
0.917,1.987
0.587,1.296
-0.1,1.839
-0.793,0.356
-1.087,-0.295
-2.741,1.19
-3.066,1.939
-3.113,1.12
-3.06,-0.63
2.918,1.173
1.711,1.82
0.9,2.352
0.497,-1.961
-3.068,2.73
-1.412,2.754
-1.194,2.057
-0.061,0.459
-0.046,-0.491
-0.134,-0.605
-0.182,-0.18
-0.099,-1.959
-0.214,-0.865
-0.295,-0.309
-0.273,1.48
-0.287,-1.624
-0.33,0.798
-0.366,0.924
-0.322,-1.271
-0.344,0.991
-0.462,0.568
-0.469,-0.717
-0.579,-1.776
-0.547,-0.453
-0.585,0.836
-0.583,0.926
-0.658,-0.168
-0.74,-0.794
-0.738,-0.529
-0.703,0.808
-0.762,-1.067
-0.706,0.169
-0.799,-0.658
-0.735,0.939
-0.811,0.041
-0.783,1.642
-0.85,-1.289
-0.847,1.049
-0.897,-0.635
-0.984,0.673
-1.002,-1.719
-0.968,-0.801
-0.991,0.703
-1.066,-0.241
-1.093,-1.706
-1.188,0.87
-1.324,0.605
-1.357,0.757
-1.47,-0.095
-1.542,-1.678
-1.557,0.664
-1.513,0.538
-1.566,1.168
-1.527,-0.181
-1.816,0.015
-1.815,0.588
-1.807,-0.253
-1.912,0.569
-1.827,1.158
-1.949,-0.339
-1.934,0.093
-1.891,0.192
-1.986,0.567
-1.983,1.358
-1.991,-1.29
-2.001,0.776
-2.014,1.33
-2.019,0.761
-2.115,0.15
-2.136,1.347
-2.13,0.559
-2.182,1.365
-2.254,0.262
-2.204,0.002
-2.296,-1.163
-2.332,-0.395
-2.347,0.809
-2.288,0.301
-2.315,0.658
-2.312,-0.583
-2.437,1.128
-2.385,0.627
-2.453,-1.643
-2.387,-1.969
-2.408,-1.617
-2.459,-0.141
-2.572,0.995
-2.519,-1.38
-2.564,1.63
-2.682,-1.46
-2.718,-1.847
-2.661,1.111
-2.715,-0.408
-2.796,-1.142
-2.765,-1.76
-2.802,0.731
-2.863,-0.042
-2.797,0.448
-2.901,-0.409
-2.881,1.626
-3.046,1.671
-3.091,-0.357
3.106,1.777
3.109,-1.257
3.125,0.626
3.025,-1.414
2.943,0.505
2.962,-0.416
3.007,-1.755
2.998,-0.576
2.903,0.304
2.942,-0.548
2.927,-2.055
2.811,0.77
2.828,-0.266
2.782,-1.981
2.725,0.246
2.722,0.237
2.754,1.395
2.722,0.686
2.703,0.265
2.697,-0.422
2.663,0.392
2.56,0.664
2.53,-2.219
2.565,0.026
2.561,0.521
2.546,-1.202
2.451,1.342
2.44,1.547
2.426,-0.764
2.392,0.268
2.335,1.06
2.376,-0.518
2.312,0.495
2.293,-1.273
2.128,1.672
2.09,-0.383
2.154,0.173
2.15,-1.651
2.071,0.732
2.055,-1.173
2.021,0.173
1.961,0.626
1.969,-1.201
1.892,0.89
1.902,-1.496
1.838,-0.819
1.797,-1.654
1.66,-1.692
1.6,0.3
1.557,0.53
1.572,-0.49
1.547,1.197
1.552,0.586
1.521,0.618
1.575,0.389
1.472,-1.768
1.495,-0.407
1.391,-0.271
1.244,0.303
1.269,0.67
1.183,-1.1
1.076,-1.333
1.039,0.114
0.925,-0.809
0.903,-2.139
0.709,-1.413
0.692,-1.746
0.704,-2.022
0.658,-1.392
0.426,1.699
0.419,-0.132
0.394,-1.682
0.41,0.316
0.323,-0.167
0.277,-2.032
0.354,1.052
0.319,-0.735
0.315,-1.157
0.216,0.481
0.261,-0.334
0.198,-1.365
0.238,-1.352
0.221,-0.865
0.21,0.278
0.134,-0.541
0.122,-1.201
0.108,-1.199
0.168,0.116
0.086,-2.391
0.065,-2.526
-0.034,-2.382
-0.17,-2.449
-0.144,-2.24
-0.256,-2.331
-0.727,-2.25
-0.664,-2.399
-0.664,-2.336
-0.738,-2.4
-1.208,-2.335
-2.05,-2.275
-2.174,-2.537
-2.452,-2.515
-2.49,-2.508
-2.843,-2.376
2.948,-2.34
2.462,-2.346
2.311,-2.55
2.184,-2.553
2.018,-2.302
1.451,-2.511
1.342,-2.545
1.395,-2.338
1.407,-2.265
1.275,-2.367
0.424,-2.697
0.458,-2.542
0.346,-2.696
0.349,-2.602
0.243,-2.661
-0.476,1.97
-1.015,1.758
-0.984,2.078
-1.011,1.951
-1.625,2.032
-2.261,1.845
-2.285,1.897
-2.822,2.006
3.087,1.994
2.957,2.078
2.808,1.936
2.602,1.879
2.562,1.988
2.235,1.981
1.913,2.004
1.166,1.902
0.805,1.973
0.641,1.885
0.193,1.799
0.186,-1.227
-0.23,0.648
-2.347,-1.399
-2.524,-1.663
-2.559,0.598
-2.653,0.913
2.413,-1.84
1.919,-0.214
1.506,1.162
2.914,-2.761
1.341,1.755
0.144,-0.863
0.142,0.295
-0.058,-2.033
-0.037,0.082
-0.032,-1.103
-0.05,-1.149
-0.28,-0.652
-0.287,0.672
-0.152,-1.885
-0.284,-0.169
-0.335,1.24
-0.349,-1.96
-0.401,-2.111
-0.453,-1.059
-0.474,0.195
-0.343,-0.923
-0.509,-2.113
-0.418,-1.147
-0.531,-0.552
-0.64,-1.038
-0.555,-0.461
-0.587,1.141
-0.712,-1.138
-0.709,-0.708
-0.614,-0.876
-0.681,-0.531
-0.866,-0.752
-0.979,-2.14
-0.993,-1.987
-0.938,-1.51
-1.072,-0.72
-1.118,1.656
-1.216,-0.537
-1.31,-1.666
-1.438,-0.376
-1.554,0.435
-1.81,-1.504
-1.786,-1.387
-1.971,0.293
-1.828,1.682
-2.009,-1.914
-2.031,-0.475
-2.008,0.205
-2.01,-0.523
-2.054,-0.676
-2.122,0.526
-2.211,-1.211
-2.373,0.322
-2.38,0.303
-2.524,-0.698
-2.5,0.327
-2.815,1.621
-2.667,0.621
-2.849,0.278
-2.74,1.191
-2.862,0.355
-2.958,1.566
-2.969,-0.251
-2.976,-1.602
-2.882,1.218
-3.045,-0.819
-3.119,-2.039
-2.996,0.251
-3.014,-0.482
-3.003,0.613
-3.058,1.516
-3.076,1.735
-3.082,-0.591
-3.119,-2.124
3.005,1.523
2.969,-0.046
2.964,0.169
2.871,-0.149
2.863,0.4
2.964,1.326
2.964,-0.121
2.772,-0.158
2.897,0.225
2.77,-1.588
2.719,-0.616
2.702,-0.89
2.706,-2.209
2.555,1.103
2.531,-1.102
2.602,-2.05
2.486,-1.234
2.512,0.457
2.368,0.158
2.387,1.606
2.336,0.488
2.212,-2.051
2.308,-0.984
2.158,-2.06
2.112,1.092
2.079,-2.07
2.059,0.082
2.176,-1.433
2.127,0.95
1.907,1.496
1.854,0.655
1.718,-0.821
1.559,-0.401
1.633,-0.166
1.536,0.521
1.513,-0.405
1.192,-0.576
1.173,1.165
1.281,-1.324
1.233,1.08
1.003,-1.312
1.083,1.714
0.66,-0.061
0.629,-1.412
0.628,-0.28
0.73,-1.316
0.715,-1.048
0.522,-0.194
0.554,-1.732
0.403,1.656
0.487,-0.397
0.38,-0.527
0.347,-0.497
0.253,1.585
0.219,1.013
0.323,-0.588
0.292,0.121
0.268,0.096
0.098,-0.252
0.195,-1.104
0.054,-2.352
0.063,-2.327
-0.493,-2.542
-0.794,-2.251
-0.921,-2.499
-1.439,-2.622
-1.614,-2.595
-2.216,-2.703
-2.515,-2.217
-2.736,-2.561
-2.746,-2.618
-2.874,-2.527
-2.927,-2.575
-2.938,-2.705
3.058,-2.58
2.97,-2.392
2.531,-2.298
1.956,-2.705
1.254,-2.4
0.981,-2.727
0.434,-2.405
0.355,-2.53
0.142,1.858
-0.752,1.972
-2.019,1.844
-2.309,2.082
3.023,1.994
2.829,1.86
2.632,2.062
2.362,1.892
2.199,1.915
-0.8,-0.035
-0.808,1.178
-2.447,-1.6
1.028,-1.615
-0.314,-0.768
-0.338,-1.075
2.119,0.772
0.899,1.233
0.569,0.542
-0.118,1.085
-0.811,-0.398
-1.105,-1.049
-2.759,0.436
-3.084,1.185
-3.131,0.366
-3.078,-1.384
2.9,0.419
1.693,1.066
0.882,1.598
0.479,-2.715
-3.086,1.976
-1.43,2.0
-1.212,1.303
0.015,-0.95
-0.073,-1.064
-0.121,-0.639
-0.038,-2.418
-0.153,-1.324
-0.234,-0.768
-0.212,1.021
-0.226,-2.083
-0.269,0.339
-0.305,0.465
-0.261,-1.73
-0.283,0.532
-0.401,0.109
-0.408,-1.176
-0.518,-2.235
-0.486,-0.912
-0.524,0.377
-0.522,0.467
-0.597,-0.627
-0.679,-1.253
-0.677,-0.988
-0.642,0.349
-0.701,-1.526
-0.645,-0.29
-0.738,-1.117
-0.674,0.48
-0.75,-0.418
-0.722,1.183
-0.789,-1.748
-0.786,0.59
-0.836,-1.094
-0.923,0.214
-0.941,-2.178
-0.907,-1.26
-0.93,0.244
-1.005,-0.7
-1.032,-2.165
-1.127,0.411
-1.263,0.146
-1.296,0.298
-1.409,-0.554
-1.481,-2.137
-1.496,0.205
-1.452,0.079
-1.505,0.709
-1.466,-0.64
-1.755,-0.444
-1.754,0.129
-1.746,-0.712
-1.851,0.11
-1.766,0.699
-1.888,-0.798
-1.873,-0.366
-1.83,-0.267
-1.925,0.108
-1.922,0.899
-1.93,-1.749
-1.94,0.317
-1.953,0.871
-1.958,0.302
-2.054,-0.309
-2.075,0.888
-2.069,0.1
-2.121,0.906
-2.193,-0.197
-2.143,-0.457
-2.235,-1.622
-2.271,-0.854
-2.286,0.35
-2.227,-0.158
-2.254,0.199
-2.251,-1.042
-2.376,0.669
-2.324,0.168
-2.392,-2.102
-2.326,-2.428
-2.347,-2.076
-2.398,-0.6
-2.511,0.536
-2.458,-1.839
-2.503,1.171
-2.621,-1.919
-2.657,-2.306
-2.6,0.652
-2.654,-0.867
-2.735,-1.601
-2.704,-2.219
-2.741,0.272
-2.802,-0.501
-2.736,-0.011
-2.84,-0.868
-2.82,1.167
-2.985,1.212
-3.03,-0.816
-3.116,1.318
-3.113,-1.716
-3.097,0.167
3.086,-1.873
3.004,0.046
3.023,-0.875
3.068,-2.214
3.059,-1.035
2.964,-0.155
3.003,-1.007
2.988,-2.514
2.872,0.311
2.889,-0.725
2.843,-2.44
2.786,-0.213
2.783,-0.222
2.815,0.936
2.783,0.227
2.764,-0.194
2.758,-0.881
2.724,-0.067
2.621,0.205
2.591,-2.678
2.626,-0.433
2.622,0.062
2.607,-1.661
2.512,0.883
2.501,1.088
2.487,-1.223
2.453,-0.191
2.396,0.601
2.437,-0.977
2.373,0.036
2.354,-1.732
2.189,1.213
2.151,-0.842
2.215,-0.286
2.211,-2.11
2.132,0.273
2.116,-1.632
2.082,-0.286
2.022,0.167
2.03,-1.66
1.953,0.431
1.963,-1.955
1.899,-1.278
1.858,-2.113
1.721,-2.151
1.661,-0.159
1.618,0.071
1.633,-0.949
1.608,0.738
1.613,0.127
1.582,0.159
1.636,-0.07
1.533,-2.227
1.556,-0.866
1.452,-0.73
1.305,-0.156
1.33,0.211
1.244,-1.559
1.137,-1.792
1.1,-0.345
0.986,-1.268
0.964,-2.598
0.77,-1.872
0.753,-2.205
0.765,-2.481
0.719,-1.851
0.487,1.24
0.48,-0.591
0.455,-2.141
0.471,-0.143
0.384,-0.626
0.338,-2.491
0.415,0.593
0.38,-1.194
0.376,-1.616
0.277,0.022
0.322,-0.793
0.259,-1.824
0.299,-1.811
0.282,-1.324
0.271,-0.181
0.195,-1.0
0.183,-1.66
0.169,-1.658
0.229,-0.343
0.147,-2.85
0.126,-2.985
0.027,-2.841
-0.109,-2.908
-0.083,-2.699
-0.195,-2.79
-0.666,-2.709
-0.603,-2.858
-0.603,-2.795
-0.677,-2.859
-1.147,-2.794
-1.989,-2.734
-2.113,-2.996
-2.391,-2.974
-2.429,-2.967
-2.782,-2.835
3.009,-2.799
2.523,-2.805
2.372,-3.009
2.245,-3.012
2.079,-2.761
1.512,-2.97
1.403,-3.004
1.456,-2.797
1.468,-2.724
1.336,-2.826
0.485,-3.156
0.519,-3.001
0.407,-3.155
0.41,-3.061
0.304,-3.12
-0.415,1.511
-0.954,1.299
-0.923,1.619
-0.95,1.492
-1.564,1.573
-2.2,1.386
-2.224,1.438
-2.761,1.547
-3.135,1.535
3.018,1.619
2.869,1.477
2.663,1.42
2.623,1.529
2.296,1.522
1.974,1.545
1.227,1.443
0.866,1.514
0.702,1.426
0.254,1.34
0.247,-1.686
-0.169,0.189
-2.286,-1.858
-2.463,-2.122
-2.498,0.139
-2.592,0.454
2.474,-2.299
1.98,-0.673
1.567,0.703
2.975,-3.22
1.402,1.296
0.205,-1.322
0.203,-0.164
0.003,-2.492
0.024,-0.377
0.029,-1.562
0.011,-1.608
-0.219,-1.111
-0.226,0.213
-0.091,-2.344
-0.223,-0.628
-0.274,0.781
-0.288,-2.419
-0.34,-2.57
-0.392,-1.518
-0.413,-0.264
-0.282,-1.382
-0.448,-2.572
-0.357,-1.606
-0.47,-1.011
-0.579,-1.497
-0.494,-0.92
-0.526,0.682
-0.651,-1.597
-0.648,-1.167
-0.553,-1.335
-0.62,-0.99
-0.805,-1.211
-0.918,-2.599
-0.932,-2.446
-0.877,-1.969
-1.011,-1.179
-1.057,1.197
-1.155,-0.996
-1.249,-2.125
-1.377,-0.835
-1.493,-0.024
-1.749,-1.963
-1.725,-1.846
-1.91,-0.166
-1.767,1.223
-1.948,-2.373
-1.97,-0.934
-1.947,-0.254
-1.949,-0.982
-1.993,-1.135
-2.061,0.067
-2.15,-1.67
-2.312,-0.137
-2.319,-0.156
-2.463,-1.157
-2.439,-0.132
-2.754,1.162
-2.606,0.162
-2.788,-0.181
-2.679,0.732
-2.801,-0.104
-2.897,1.107
-2.908,-0.71
-2.915,-2.061
-2.821,0.759
-2.984,-1.278
-3.058,-2.498
-2.935,-0.208
-2.953,-0.941
-2.942,0.154
-2.997,1.057
-3.015,1.276
-3.021,-1.05
-3.058,-2.583
3.066,1.064
3.03,-0.505
3.025,-0.29
2.932,-0.608
2.924,-0.059
3.025,0.867
3.025,-0.58
2.833,-0.617
2.958,-0.234
2.831,-2.047
2.78,-1.075
2.763,-1.349
2.767,-2.668
2.616,0.644
2.592,-1.561
2.663,-2.509
2.547,-1.693
2.573,-0.002
2.429,-0.301
2.448,1.147
2.397,0.029
2.273,-2.51
2.369,-1.443
2.219,-2.519
2.173,0.633
2.14,-2.529
2.12,-0.377
2.237,-1.892
2.188,0.491
1.968,1.037
1.915,0.196
1.779,-1.28
1.62,-0.86
1.694,-0.625
1.597,0.062
1.574,-0.864
1.253,-1.035
1.234,0.706
1.342,-1.783
1.294,0.621
1.064,-1.771
1.144,1.255
0.721,-0.52
0.69,-1.871
0.689,-0.739
0.791,-1.775
0.776,-1.507
0.583,-0.653
0.615,-2.191
0.464,1.197
0.548,-0.856
0.441,-0.986
0.408,-0.956
0.314,1.126
0.28,0.554
0.384,-1.047
0.353,-0.338
0.329,-0.363
0.159,-0.711
0.256,-1.563
0.115,-2.811
0.124,-2.786
-0.432,-3.001
-0.733,-2.71
-0.86,-2.958
-1.378,-3.081
-1.553,-3.054
-2.155,-3.162
-2.454,-2.676
-2.675,-3.02
-2.685,-3.077
-2.813,-2.986
-2.866,-3.034
-2.877,-3.164
3.119,-3.039
3.031,-2.851
2.592,-2.757
2.017,-3.164
1.315,-2.859
1.042,-3.186
0.495,-2.864
0.416,-2.989
0.203,1.399
-0.691,1.513
-1.958,1.385
-2.248,1.623
3.084,1.535
2.89,1.401
2.693,1.603
2.423,1.433
2.26,1.456
-0.739,-0.494
-0.747,0.719
-2.386,-2.059
1.089,-2.074
-0.253,-1.227
-0.277,-1.534
2.18,0.313
0.96,0.774
0.63,0.083
-0.057,0.626
-0.75,-0.857
-1.044,-1.508
-2.698,-0.023
-3.023,0.726
-3.07,-0.093
-3.017,-1.843
2.961,-0.04
1.754,0.607
0.943,1.139
0.54,-3.174
-3.025,1.517
-1.369,1.541
-1.151,0.844
-0.088,-0.114
-0.136,0.311
-0.053,-1.468
-0.168,-0.374
-0.249,0.182
-0.227,1.971
-0.241,-1.133
-0.284,1.289
-0.32,1.415
-0.276,-0.78
-0.298,1.482
-0.416,1.059
-0.423,-0.226
-0.533,-1.285
-0.501,0.038
-0.539,1.327
-0.537,1.417
-0.612,0.323
-0.694,-0.303
-0.692,-0.038
-0.657,1.299
-0.716,-0.576
-0.66,0.66
-0.753,-0.167
-0.689,1.43
-0.765,0.532
-0.737,2.133
-0.804,-0.798
-0.801,1.54
-0.851,-0.144
-0.938,1.164
-0.956,-1.228
-0.922,-0.31
-0.945,1.194
-1.02,0.25
-1.047,-1.215
-1.142,1.361
-1.278,1.096
-1.311,1.248
-1.424,0.396
-1.496,-1.187
-1.511,1.155
-1.467,1.029
-1.52,1.659
-1.481,0.31
-1.77,0.506
-1.769,1.079
-1.761,0.238
-1.866,1.06
-1.781,1.649
-1.903,0.152
-1.888,0.584
-1.845,0.683
-1.94,1.058
-1.937,1.849
-1.945,-0.799
-1.955,1.267
-1.968,1.821
-1.973,1.252
-2.069,0.641
-2.09,1.838
-2.084,1.05
-2.136,1.856
-2.208,0.753
-2.158,0.493
-2.25,-0.672
-2.286,0.096
-2.301,1.3
-2.242,0.792
-2.269,1.149
-2.266,-0.092
-2.391,1.619
-2.339,1.118
-2.407,-1.152
-2.341,-1.478
-2.362,-1.126
-2.413,0.35
-2.526,1.486
-2.473,-0.889
-2.518,2.121
-2.636,-0.969
-2.672,-1.356
-2.615,1.602
-2.669,0.083
-2.75,-0.651
-2.719,-1.269
-2.756,1.222
-2.817,0.449
-2.751,0.939
-2.855,0.082
-2.835,2.117
-3.0,2.162
-3.045,0.134
-3.131,2.268
-3.128,-0.766
-3.112,1.117
3.071,-0.923
2.989,0.996
3.008,0.075
3.053,-1.264
3.044,-0.085
2.949,0.795
2.988,-0.057
2.973,-1.564
2.857,1.261
2.874,0.225
2.828,-1.49
2.771,0.737
2.768,0.728
2.8,1.886
2.768,1.177
2.749,0.756
2.743,0.069
2.709,0.883
2.606,1.155
2.576,-1.728
2.611,0.517
2.607,1.012
2.592,-0.711
2.497,1.833
2.486,2.038
2.472,-0.273
2.438,0.759
2.381,1.551
2.422,-0.027
2.358,0.986
2.339,-0.782
2.174,2.163
2.136,0.108
2.2,0.664
2.196,-1.16
2.117,1.223
2.101,-0.682
2.067,0.664
2.007,1.117
2.015,-0.71
1.938,1.381
1.948,-1.005
1.884,-0.328
1.843,-1.163
1.706,-1.201
1.646,0.791
1.603,1.021
1.618,0.001
1.593,1.688
1.598,1.077
1.567,1.109
1.621,0.88
1.518,-1.277
1.541,0.084
1.437,0.22
1.29,0.794
1.315,1.161
1.229,-0.609
1.122,-0.842
1.085,0.605
0.971,-0.318
0.949,-1.648
0.755,-0.922
0.738,-1.255
0.75,-1.531
0.704,-0.901
0.472,2.19
0.465,0.359
0.44,-1.191
0.456,0.807
0.369,0.324
0.323,-1.541
0.4,1.543
0.365,-0.244
0.361,-0.666
0.262,0.972
0.307,0.157
0.244,-0.874
0.284,-0.861
0.267,-0.374
0.256,0.769
0.18,-0.05
0.168,-0.71
0.154,-0.708
0.214,0.607
0.132,-1.9
0.111,-2.035
0.012,-1.891
-0.124,-1.958
-0.098,-1.749
-0.21,-1.84
-0.681,-1.759
-0.618,-1.908
-0.618,-1.845
-0.692,-1.909
-1.162,-1.844
-2.004,-1.784
-2.128,-2.046
-2.406,-2.024
-2.444,-2.017
-2.797,-1.885
2.994,-1.849
2.508,-1.855
2.357,-2.059
2.23,-2.062
2.064,-1.811
1.497,-2.02
1.388,-2.054
1.441,-1.847
1.453,-1.774
1.321,-1.876
0.47,-2.206
0.504,-2.051
0.392,-2.205
0.395,-2.111
0.289,-2.17
-0.43,2.461
-0.969,2.249
-0.938,2.569
-0.965,2.442
-1.579,2.523
-2.215,2.336
-2.239,2.388
-2.776,2.497
3.133,2.485
3.003,2.569
2.854,2.427
2.648,2.37
2.608,2.479
2.281,2.472
1.959,2.495
1.212,2.393
0.851,2.464
0.687,2.376
0.239,2.29
0.232,-0.736
-0.184,1.139
-2.301,-0.908
-2.478,-1.172
-2.513,1.089
-2.607,1.404
2.459,-1.349
1.965,0.277
1.552,1.653
2.96,-2.27
1.387,2.246
0.19,-0.372
0.188,0.786
-0.012,-1.542
0.009,0.573
0.014,-0.612
-0.004,-0.658
-0.234,-0.161
-0.241,1.163
-0.106,-1.394
-0.238,0.322
-0.289,1.731
-0.303,-1.469
-0.355,-1.62
-0.407,-0.568
-0.428,0.686
-0.297,-0.432
-0.463,-1.622
-0.372,-0.656
-0.485,-0.061
-0.594,-0.547
-0.509,0.03
-0.541,1.632
-0.666,-0.647
-0.663,-0.217
-0.568,-0.385
-0.635,-0.04
-0.82,-0.261
-0.933,-1.649
-0.947,-1.496
-0.892,-1.019
-1.026,-0.229
-1.072,2.147
-1.17,-0.046
-1.264,-1.175
-1.392,0.115
-1.508,0.926
-1.764,-1.013
-1.74,-0.896
-1.925,0.784
-1.782,2.173
-1.963,-1.423
-1.985,0.016
-1.962,0.696
-1.964,-0.032
-2.008,-0.185
-2.076,1.017
-2.165,-0.72
-2.327,0.813
-2.334,0.794
-2.478,-0.207
-2.454,0.818
-2.769,2.112
-2.621,1.112
-2.803,0.769
-2.694,1.682
-2.816,0.846
-2.912,2.057
-2.923,0.24
-2.93,-1.111
-2.836,1.709
-2.999,-0.328
-3.073,-1.548
-2.95,0.742
-2.968,0.009
-2.957,1.104
-3.012,2.007
-3.03,2.226
-3.036,-0.1
-3.073,-1.633
3.051,2.014
3.015,0.445
3.01,0.66
2.917,0.342
2.909,0.891
3.01,1.817
3.01,0.37
2.818,0.333
2.943,0.716
2.816,-1.097
2.765,-0.125
2.748,-0.399
2.752,-1.718
2.601,1.594
2.577,-0.611
2.648,-1.559
2.532,-0.743
2.558,0.948
2.414,0.649
2.433,2.097
2.382,0.979
2.258,-1.56
2.354,-0.493
2.204,-1.569
2.158,1.583
2.125,-1.579
2.105,0.573
2.222,-0.942
2.173,1.441
1.953,1.987
1.9,1.146
1.764,-0.33
1.605,0.09
1.679,0.325
1.582,1.012
1.559,0.086
1.238,-0.085
1.219,1.656
1.327,-0.833
1.279,1.571
1.049,-0.821
1.129,2.205
0.706,0.43
0.675,-0.921
0.674,0.211
0.776,-0.825
0.761,-0.557
0.568,0.297
0.6,-1.241
0.449,2.147
0.533,0.094
0.426,-0.036
0.393,-0.006
0.299,2.076
0.265,1.504
0.369,-0.097
0.338,0.612
0.314,0.587
0.144,0.239
0.241,-0.613
0.1,-1.861
0.109,-1.836
-0.447,-2.051
-0.748,-1.76
-0.875,-2.008
-1.393,-2.131
-1.568,-2.104
-2.17,-2.212
-2.469,-1.726
-2.69,-2.07
-2.7,-2.127
-2.828,-2.036
-2.881,-2.084
-2.892,-2.214
3.104,-2.089
3.016,-1.901
2.577,-1.807
2.002,-2.214
1.3,-1.909
1.027,-2.236
0.48,-1.914
0.401,-2.039
0.188,2.349
-0.706,2.463
-1.973,2.335
-2.263,2.573
3.069,2.485
2.875,2.351
2.678,2.553
2.408,2.383
2.245,2.406
-0.754,0.456
-0.762,1.669
-2.401,-1.109
1.074,-1.124
-0.268,-0.277
-0.292,-0.584
2.165,1.263
0.945,1.724
0.615,1.033
-0.072,1.576
-0.765,0.093
-1.059,-0.558
-2.713,0.927
-3.038,1.676
-3.085,0.857
-3.032,-0.893
2.946,0.91
1.739,1.557
0.928,2.089
0.525,-2.224
-3.04,2.467
-1.384,2.491
-1.166,1.794
-0.048,0.425
0.035,-1.354
-0.08,-0.26
-0.161,0.296
-0.139,2.085
-0.153,-1.019
-0.196,1.403
-0.232,1.529
-0.188,-0.666
-0.21,1.596
-0.328,1.173
-0.335,-0.112
-0.445,-1.171
-0.413,0.152
-0.451,1.441
-0.449,1.531
-0.524,0.437
-0.606,-0.189
-0.604,0.076
-0.569,1.413
-0.628,-0.462
-0.572,0.774
-0.665,-0.053
-0.601,1.544
-0.677,0.646
-0.649,2.247
-0.716,-0.684
-0.713,1.654
-0.763,-0.03
-0.85,1.278
-0.868,-1.114
-0.834,-0.196
-0.857,1.308
-0.932,0.364
-0.959,-1.101
-1.054,1.475
-1.19,1.21
-1.223,1.362
-1.336,0.51
-1.408,-1.073
-1.423,1.269
-1.379,1.143
-1.432,1.773
-1.393,0.424
-1.682,0.62
-1.681,1.193
-1.673,0.352
-1.778,1.174
-1.693,1.763
-1.815,0.266
-1.8,0.698
-1.757,0.797
-1.852,1.172
-1.849,1.963
-1.857,-0.685
-1.867,1.381
-1.88,1.935
-1.885,1.366
-1.981,0.755
-2.002,1.952
-1.996,1.164
-2.048,1.97
-2.12,0.867
-2.07,0.607
-2.162,-0.558
-2.198,0.21
-2.213,1.414
-2.154,0.906
-2.181,1.263
-2.178,0.022
-2.303,1.733
-2.251,1.232
-2.319,-1.038
-2.253,-1.364
-2.274,-1.012
-2.325,0.464
-2.438,1.6
-2.385,-0.775
-2.43,2.235
-2.548,-0.855
-2.584,-1.242
-2.527,1.716
-2.581,0.197
-2.662,-0.537
-2.631,-1.155
-2.668,1.336
-2.729,0.563
-2.663,1.053
-2.767,0.196
-2.747,2.231
-2.912,2.276
-2.957,0.248
-3.043,2.382
-3.04,-0.652
-3.024,1.231
-3.124,-0.809
3.077,1.11
3.096,0.189
3.141,-1.15
3.132,0.029
3.037,0.909
3.076,0.057
3.061,-1.45
2.945,1.375
2.962,0.339
2.916,-1.376
2.859,0.851
2.856,0.842
2.888,2.0
2.856,1.291
2.837,0.87
2.831,0.183
2.797,0.997
2.694,1.269
2.664,-1.614
2.699,0.631
2.695,1.126
2.68,-0.597
2.585,1.947
2.574,2.152
2.56,-0.159
2.526,0.873
2.469,1.665
2.51,0.087
2.446,1.1
2.427,-0.668
2.262,2.277
2.224,0.222
2.288,0.778
2.284,-1.046
2.205,1.337
2.189,-0.568
2.155,0.778
2.095,1.231
2.103,-0.596
2.026,1.495
2.036,-0.891
1.972,-0.214
1.931,-1.049
1.794,-1.087
1.734,0.905
1.691,1.135
1.706,0.115
1.681,1.802
1.686,1.191
1.655,1.223
1.709,0.994
1.606,-1.163
1.629,0.198
1.525,0.334
1.378,0.908
1.403,1.275
1.317,-0.495
1.21,-0.728
1.173,0.719
1.059,-0.204
1.037,-1.534
0.843,-0.808
0.826,-1.141
0.838,-1.417
0.792,-0.787
0.56,2.304
0.553,0.473
0.528,-1.077
0.544,0.921
0.457,0.438
0.411,-1.427
0.488,1.657
0.453,-0.13
0.449,-0.552
0.35,1.086
0.395,0.271
0.332,-0.76
0.372,-0.747
0.355,-0.26
0.344,0.883
0.268,0.064
0.256,-0.596
0.242,-0.594
0.302,0.721
0.22,-1.786
0.199,-1.921
0.1,-1.777
-0.036,-1.844
-0.01,-1.635
-0.122,-1.726
-0.593,-1.645
-0.53,-1.794
-0.53,-1.731
-0.604,-1.795
-1.074,-1.73
-1.916,-1.67
-2.04,-1.932
-2.318,-1.91
-2.356,-1.903
-2.709,-1.771
3.082,-1.735
2.596,-1.741
2.445,-1.945
2.318,-1.948
2.152,-1.697
1.585,-1.906
1.476,-1.94
1.529,-1.733
1.541,-1.66
1.409,-1.762
0.558,-2.092
0.592,-1.937
0.48,-2.091
0.483,-1.997
0.377,-2.056
-0.342,2.575
-0.881,2.363
-0.85,2.683
-0.877,2.556
-1.491,2.637
-2.127,2.45
-2.151,2.502
-2.688,2.611
-3.062,2.599
3.091,2.683
2.942,2.541
2.736,2.484
2.696,2.593
2.369,2.586
2.047,2.609
1.3,2.507
0.939,2.578
0.775,2.49
0.327,2.404
0.32,-0.622
-0.096,1.253
-2.213,-0.794
-2.39,-1.058
-2.425,1.203
-2.519,1.518
2.547,-1.235
2.053,0.391
1.64,1.767
3.048,-2.156
1.475,2.36
0.278,-0.258
0.276,0.9
0.076,-1.428
0.097,0.687
0.102,-0.498
0.084,-0.544
-0.146,-0.047
-0.153,1.277
-0.018,-1.28
-0.15,0.436
-0.201,1.845
-0.215,-1.355
-0.267,-1.506
-0.319,-0.454
-0.34,0.8
-0.209,-0.318
-0.375,-1.508
-0.284,-0.542
-0.397,0.053
-0.506,-0.433
-0.421,0.144
-0.453,1.746
-0.578,-0.533
-0.575,-0.103
-0.48,-0.271
-0.547,0.074
-0.732,-0.147
-0.845,-1.535
-0.859,-1.382
-0.804,-0.905
-0.938,-0.115
-0.984,2.261
-1.082,0.068
-1.176,-1.061
-1.304,0.229
-1.42,1.04
-1.676,-0.899
-1.652,-0.782
-1.837,0.898
-1.694,2.287
-1.875,-1.309
-1.897,0.13
-1.874,0.81
-1.876,0.082
-1.92,-0.071
-1.988,1.131
-2.077,-0.606
-2.239,0.927
-2.246,0.908
-2.39,-0.093
-2.366,0.932
-2.681,2.226
-2.533,1.226
-2.715,0.883
-2.606,1.796
-2.728,0.96
-2.824,2.171
-2.835,0.354
-2.842,-0.997
-2.748,1.823
-2.911,-0.214
-2.985,-1.434
-2.862,0.856
-2.88,0.123
-2.869,1.218
-2.924,2.121
-2.942,2.34
-2.948,0.014
-2.985,-1.519
3.139,2.128
3.103,0.559
3.098,0.774
3.005,0.456
2.997,1.005
3.098,1.931
3.098,0.484
2.906,0.447
3.031,0.83
2.904,-0.983
2.853,-0.011
2.836,-0.285
2.84,-1.604
2.689,1.708
2.665,-0.497
2.736,-1.445
2.62,-0.629
2.646,1.062
2.502,0.763
2.521,2.211
2.47,1.093
2.346,-1.446
2.442,-0.379
2.292,-1.455
2.246,1.697
2.213,-1.465
2.193,0.687
2.31,-0.828
2.261,1.555
2.041,2.101
1.988,1.26
1.852,-0.216
1.693,0.204
1.767,0.439
1.67,1.126
1.647,0.2
1.326,0.029
1.307,1.77
1.415,-0.719
1.367,1.685
1.137,-0.707
1.217,2.319
0.794,0.544
0.763,-0.807
0.762,0.325
0.864,-0.711
0.849,-0.443
0.656,0.411
0.688,-1.127
0.537,2.261
0.621,0.208
0.514,0.078
0.481,0.108
0.387,2.19
0.353,1.618
0.457,0.017
0.426,0.726
0.402,0.701
0.232,0.353
0.329,-0.499
0.188,-1.747
0.197,-1.722
-0.359,-1.937
-0.66,-1.646
-0.787,-1.894
-1.305,-2.017
-1.48,-1.99
-2.082,-2.098
-2.381,-1.612
-2.602,-1.956
-2.612,-2.013
-2.74,-1.922
-2.793,-1.97
-2.804,-2.1
-3.091,-1.975
3.104,-1.787
2.665,-1.693
2.09,-2.1
1.388,-1.795
1.115,-2.122
0.568,-1.8
0.489,-1.925
0.276,2.463
-0.618,2.577
-1.885,2.449
-2.175,2.687
-3.126,2.599
2.963,2.465
2.766,2.667
2.496,2.497
2.333,2.52
-0.666,0.57
-0.674,1.783
-2.313,-0.995
1.162,-1.01
-0.18,-0.163
-0.204,-0.47
2.253,1.377
1.033,1.838
0.703,1.147
0.016,1.69
-0.677,0.207
-0.971,-0.444
-2.625,1.041
-2.95,1.79
-2.997,0.971
-2.944,-0.779
3.034,1.024
1.827,1.671
1.016,2.203
0.613,-2.11
-2.952,2.581
-1.296,2.605
-1.078,1.908
0.083,-1.779
-0.032,-0.685
-0.113,-0.129
-0.091,1.66
-0.105,-1.444
-0.148,0.978
-0.184,1.104
-0.14,-1.091
-0.162,1.171
-0.28,0.748
-0.287,-0.537
-0.397,-1.596
-0.365,-0.273
-0.403,1.016
-0.401,1.106
-0.476,0.012
-0.558,-0.614
-0.556,-0.349
-0.521,0.988
-0.58,-0.887
-0.524,0.349
-0.617,-0.478
-0.553,1.119
-0.629,0.221
-0.601,1.822
-0.668,-1.109
-0.665,1.229
-0.715,-0.455
-0.802,0.853
-0.82,-1.539
-0.786,-0.621
-0.809,0.883
-0.884,-0.061
-0.911,-1.526
-1.006,1.05
-1.142,0.785
-1.175,0.937
-1.288,0.085
-1.36,-1.498
-1.375,0.844
-1.331,0.718
-1.384,1.348
-1.345,-0.001
-1.634,0.195
-1.633,0.768
-1.625,-0.073
-1.73,0.749
-1.645,1.338
-1.767,-0.159
-1.752,0.273
-1.709,0.372
-1.804,0.747
-1.801,1.538
-1.809,-1.11
-1.819,0.956
-1.832,1.51
-1.837,0.941
-1.933,0.33
-1.954,1.527
-1.948,0.739
-2.0,1.545
-2.072,0.442
-2.022,0.182
-2.114,-0.983
-2.15,-0.215
-2.165,0.989
-2.106,0.481
-2.133,0.838
-2.13,-0.403
-2.255,1.308
-2.203,0.807
-2.271,-1.463
-2.205,-1.789
-2.226,-1.437
-2.277,0.039
-2.39,1.175
-2.337,-1.2
-2.382,1.81
-2.5,-1.28
-2.536,-1.667
-2.479,1.291
-2.533,-0.228
-2.614,-0.962
-2.583,-1.58
-2.62,0.911
-2.681,0.138
-2.615,0.628
-2.719,-0.229
-2.699,1.806
-2.864,1.851
-2.909,-0.177
-2.995,1.957
-2.992,-1.077
-2.976,0.806
-3.076,-1.234
3.125,0.685
-3.139,-0.236
-3.094,-1.575
-3.103,-0.396
3.085,0.484
3.124,-0.368
3.109,-1.875
2.993,0.95
3.01,-0.086
2.964,-1.801
2.907,0.426
2.904,0.417
2.936,1.575
2.904,0.866
2.885,0.445
2.879,-0.242
2.845,0.572
2.742,0.844
2.712,-2.039
2.747,0.206
2.743,0.701
2.728,-1.022
2.633,1.522
2.622,1.727
2.608,-0.584
2.574,0.448
2.517,1.24
2.558,-0.338
2.494,0.675
2.475,-1.093
2.31,1.852
2.272,-0.203
2.336,0.353
2.332,-1.471
2.253,0.912
2.237,-0.993
2.203,0.353
2.143,0.806
2.151,-1.021
2.074,1.07
2.084,-1.316
2.02,-0.639
1.979,-1.474
1.842,-1.512
1.782,0.48
1.739,0.71
1.754,-0.31
1.729,1.377
1.734,0.766
1.703,0.798
1.757,0.569
1.654,-1.588
1.677,-0.227
1.573,-0.091
1.426,0.483
1.451,0.85
1.365,-0.92
1.258,-1.153
1.221,0.294
1.107,-0.629
1.085,-1.959
0.891,-1.233
0.874,-1.566
0.886,-1.842
0.84,-1.212
0.608,1.879
0.601,0.048
0.576,-1.502
0.592,0.496
0.505,0.013
0.459,-1.852
0.536,1.232
0.501,-0.555
0.497,-0.977
0.398,0.661
0.443,-0.154
0.38,-1.185
0.42,-1.172
0.403,-0.685
0.392,0.458
0.316,-0.361
0.304,-1.021
0.29,-1.019
0.35,0.296
0.268,-2.211
0.247,-2.346
0.148,-2.202
0.012,-2.269
0.038,-2.06
-0.074,-2.151
-0.545,-2.07
-0.482,-2.219
-0.482,-2.156
-0.556,-2.22
-1.026,-2.155
-1.868,-2.095
-1.992,-2.357
-2.27,-2.335
-2.308,-2.328
-2.661,-2.196
3.13,-2.16
2.644,-2.166
2.493,-2.37
2.366,-2.373
2.2,-2.122
1.633,-2.331
1.524,-2.365
1.577,-2.158
1.589,-2.085
1.457,-2.187
0.606,-2.517
0.64,-2.362
0.528,-2.516
0.531,-2.422
0.425,-2.481
-0.294,2.15
-0.833,1.938
-0.802,2.258
-0.829,2.131
-1.443,2.212
-2.079,2.025
-2.103,2.077
-2.64,2.186
-3.014,2.174
3.139,2.258
2.99,2.116
2.784,2.059
2.744,2.168
2.417,2.161
2.095,2.184
1.348,2.082
0.987,2.153
0.823,2.065
0.375,1.979
0.368,-1.047
-0.048,0.828
-2.165,-1.219
-2.342,-1.483
-2.377,0.778
-2.471,1.093
2.595,-1.66
2.101,-0.034
1.688,1.342
3.096,-2.581
1.523,1.935
0.326,-0.683
0.324,0.475
0.124,-1.853
0.145,0.262
0.15,-0.923
0.132,-0.969
-0.098,-0.472
-0.105,0.852
0.03,-1.705
-0.102,0.011
-0.153,1.42
-0.167,-1.78
-0.219,-1.931
-0.271,-0.879
-0.292,0.375
-0.161,-0.743
-0.327,-1.933
-0.236,-0.967
-0.349,-0.372
-0.458,-0.858
-0.373,-0.281
-0.405,1.321
-0.53,-0.958
-0.527,-0.528
-0.432,-0.696
-0.499,-0.351
-0.684,-0.572
-0.797,-1.96
-0.811,-1.807
-0.756,-1.33
-0.89,-0.54
-0.936,1.836
-1.034,-0.357
-1.128,-1.486
-1.256,-0.196
-1.372,0.615
-1.628,-1.324
-1.604,-1.207
-1.789,0.473
-1.646,1.862
-1.827,-1.734
-1.849,-0.295
-1.826,0.385
-1.828,-0.343
-1.872,-0.496
-1.94,0.706
-2.029,-1.031
-2.191,0.502
-2.198,0.483
-2.342,-0.518
-2.318,0.507
-2.633,1.801
-2.485,0.801
-2.667,0.458
-2.558,1.371
-2.68,0.535
-2.776,1.746
-2.787,-0.071
-2.794,-1.422
-2.7,1.398
-2.863,-0.639
-2.937,-1.859
-2.814,0.431
-2.832,-0.302
-2.821,0.793
-2.876,1.696
-2.894,1.915
-2.9,-0.411
-2.937,-1.944
-3.096,1.703
-3.132,0.134
-3.137,0.349
3.053,0.031
3.045,0.58
-3.137,1.506
-3.137,0.059
2.954,0.022
3.079,0.405
2.952,-1.408
2.901,-0.436
2.884,-0.71
2.888,-2.029
2.737,1.283
2.713,-0.922
2.784,-1.87
2.668,-1.054
2.694,0.637
2.55,0.338
2.569,1.786
2.518,0.668
2.394,-1.871
2.49,-0.804
2.34,-1.88
2.294,1.272
2.261,-1.89
2.241,0.262
2.358,-1.253
2.309,1.13
2.089,1.676
2.036,0.835
1.9,-0.641
1.741,-0.221
1.815,0.014
1.718,0.701
1.695,-0.225
1.374,-0.396
1.355,1.345
1.463,-1.144
1.415,1.26
1.185,-1.132
1.265,1.894
0.842,0.119
0.811,-1.232
0.81,-0.1
0.912,-1.136
0.897,-0.868
0.704,-0.014
0.736,-1.552
0.585,1.836
0.669,-0.217
0.562,-0.347
0.529,-0.317
0.435,1.765
0.401,1.193
0.505,-0.408
0.474,0.301
0.45,0.276
0.28,-0.072
0.377,-0.924
0.236,-2.172
0.245,-2.147
-0.311,-2.362
-0.612,-2.071
-0.739,-2.319
-1.257,-2.442
-1.432,-2.415
-2.034,-2.523
-2.333,-2.037
-2.554,-2.381
-2.564,-2.438
-2.692,-2.347
-2.745,-2.395
-2.756,-2.525
-3.043,-2.4
-3.131,-2.212
2.713,-2.118
2.138,-2.525
1.436,-2.22
1.163,-2.547
0.616,-2.225
0.537,-2.35
0.324,2.038
-0.57,2.152
-1.837,2.024
-2.127,2.262
-3.078,2.174
3.011,2.04
2.814,2.242
2.544,2.072
2.381,2.095
-0.618,0.145
-0.626,1.358
-2.265,-1.42
1.21,-1.435
-0.132,-0.588
-0.156,-0.895
2.301,0.952
1.081,1.413
0.751,0.722
0.064,1.265
-0.629,-0.218
-0.923,-0.869
-2.577,0.616
-2.902,1.365
-2.949,0.546
-2.896,-1.204
3.082,0.599
1.875,1.246
1.064,1.778
0.661,-2.535
-2.904,2.156
-1.248,2.18
-1.03,1.483
-0.115,1.094
-0.196,1.65
-0.174,3.439
-0.188,0.335
-0.231,2.757
-0.267,2.883
-0.223,0.688
-0.245,2.95
-0.363,2.527
-0.37,1.242
-0.48,0.183
-0.448,1.506
-0.486,2.795
-0.484,2.885
-0.559,1.791
-0.641,1.165
-0.639,1.43
-0.604,2.767
-0.663,0.892
-0.607,2.128
-0.7,1.301
-0.636,2.898
-0.712,2.0
-0.684,3.601
-0.751,0.67
-0.748,3.008
-0.798,1.324
-0.885,2.632
-0.903,0.24
-0.869,1.158
-0.892,2.662
-0.967,1.718
-0.994,0.253
-1.089,2.829
-1.225,2.564
-1.258,2.716
-1.371,1.864
-1.443,0.281
-1.458,2.623
-1.414,2.497
-1.467,3.127
-1.428,1.778
-1.717,1.974
-1.716,2.547
-1.708,1.706
-1.813,2.528
-1.728,3.117
-1.85,1.62
-1.835,2.052
-1.792,2.151
-1.887,2.526
-1.884,3.317
-1.892,0.669
-1.902,2.735
-1.915,3.289
-1.92,2.72
-2.016,2.109
-2.037,3.306
-2.031,2.518
-2.083,3.324
-2.155,2.221
-2.105,1.961
-2.197,0.796
-2.233,1.564
-2.248,2.768
-2.189,2.26
-2.216,2.617
-2.213,1.376
-2.338,3.087
-2.286,2.586
-2.354,0.316
-2.288,-0.01
-2.309,0.342
-2.36,1.818
-2.473,2.954
-2.42,0.579
-2.465,3.589
-2.583,0.499
-2.619,0.112
-2.562,3.07
-2.616,1.551
-2.697,0.817
-2.666,0.199
-2.703,2.69
-2.764,1.917
-2.698,2.407
-2.802,1.55
-2.782,3.585
-2.947,3.63
-2.992,1.602
-3.078,3.736
-3.075,0.702
-3.059,2.585
3.124,0.545
3.042,2.464
3.061,1.543
3.106,0.204
3.097,1.383
3.002,2.263
3.041,1.411
3.026,-0.096
2.91,2.729
2.927,1.693
2.881,-0.022
2.824,2.205
2.821,2.196
2.853,3.354
2.821,2.645
2.802,2.224
2.796,1.537
2.762,2.351
2.659,2.623
2.629,-0.26
2.664,1.985
2.66,2.48
2.645,0.757
2.55,3.301
2.539,3.506
2.525,1.195
2.491,2.227
2.434,3.019
2.475,1.441
2.411,2.454
2.392,0.686
2.227,3.631
2.189,1.576
2.253,2.132
2.249,0.308
2.17,2.691
2.154,0.786
2.12,2.132
2.06,2.585
2.068,0.758
1.991,2.849
2.001,0.463
1.937,1.14
1.896,0.305
1.759,0.267
1.699,2.259
1.656,2.489
1.671,1.469
1.646,3.156
1.651,2.545
1.62,2.577
1.674,2.348
1.571,0.191
1.594,1.552
1.49,1.688
1.343,2.262
1.368,2.629
1.282,0.859
1.175,0.626
1.138,2.073
1.024,1.15
1.002,-0.18
0.808,0.546
0.791,0.213
0.803,-0.063
0.757,0.567
0.525,3.658
0.518,1.827
0.493,0.277
0.509,2.275
0.422,1.792
0.376,-0.073
0.453,3.011
0.418,1.224
0.414,0.802
0.315,2.44
0.36,1.625
0.297,0.594
0.337,0.607
0.32,1.094
0.309,2.237
0.233,1.418
0.221,0.758
0.207,0.76
0.267,2.075
0.185,-0.432
0.164,-0.567
0.065,-0.423
-0.071,-0.49
-0.045,-0.281
-0.157,-0.372
-0.628,-0.291
-0.565,-0.44
-0.565,-0.377
-0.639,-0.441
-1.109,-0.376
-1.951,-0.316
-2.075,-0.578
-2.353,-0.556
-2.391,-0.549
-2.744,-0.417
3.047,-0.381
2.561,-0.387
2.41,-0.591
2.283,-0.594
2.117,-0.343
1.55,-0.552
1.441,-0.586
1.494,-0.379
1.506,-0.306
1.374,-0.408
0.523,-0.738
0.557,-0.583
0.445,-0.737
0.448,-0.643
0.342,-0.702
-0.377,3.929
-0.916,3.717
-0.885,4.037
-0.912,3.91
-1.526,3.991
-2.162,3.804
-2.186,3.856
-2.723,3.965
-3.097,3.953
3.056,4.037
2.907,3.895
2.701,3.838
2.661,3.947
2.334,3.94
2.012,3.963
1.265,3.861
0.904,3.932
0.74,3.844
0.292,3.758
0.285,0.732
-0.131,2.607
-2.248,0.56
-2.425,0.296
-2.46,2.557
-2.554,2.872
2.512,0.119
2.018,1.745
1.605,3.121
3.013,-0.802
1.44,3.714
0.243,1.096
0.241,2.254
0.041,-0.074
0.062,2.041
0.067,0.856
0.049,0.81
-0.181,1.307
-0.188,2.631
-0.053,0.074
-0.185,1.79
-0.236,3.199
-0.25,-0.001
-0.302,-0.152
-0.354,0.9
-0.375,2.154
-0.244,1.036
-0.41,-0.154
-0.319,0.812
-0.432,1.407
-0.541,0.921
-0.456,1.498
-0.488,3.1
-0.613,0.821
-0.61,1.251
-0.515,1.083
-0.582,1.428
-0.767,1.207
-0.88,-0.181
-0.894,-0.028
-0.839,0.449
-0.973,1.239
-1.019,3.615
-1.117,1.422
-1.211,0.293
-1.339,1.583
-1.455,2.394
-1.711,0.455
-1.687,0.572
-1.872,2.252
-1.729,3.641
-1.91,0.045
-1.932,1.484
-1.909,2.164
-1.911,1.436
-1.955,1.283
-2.023,2.485
-2.112,0.748
-2.274,2.281
-2.281,2.262
-2.425,1.261
-2.401,2.286
-2.716,3.58
-2.568,2.58
-2.75,2.237
-2.641,3.15
-2.763,2.314
-2.859,3.525
-2.87,1.708
-2.877,0.357
-2.783,3.177
-2.946,1.14
-3.02,-0.08
-2.897,2.21
-2.915,1.477
-2.904,2.572
-2.959,3.475
-2.977,3.694
-2.983,1.368
-3.02,-0.165
3.104,3.482
3.068,1.913
3.063,2.128
2.97,1.81
2.962,2.359
3.063,3.285
3.063,1.838
2.871,1.801
2.996,2.184
2.869,0.371
2.818,1.343
2.801,1.069
2.805,-0.25
2.654,3.062
2.63,0.857
2.701,-0.091
2.585,0.725
2.611,2.416
2.467,2.117
2.486,3.565
2.435,2.447
2.311,-0.092
2.407,0.975
2.257,-0.101
2.211,3.051
2.178,-0.111
2.158,2.041
2.275,0.526
2.226,2.909
2.006,3.455
1.953,2.614
1.817,1.138
1.658,1.558
1.732,1.793
1.635,2.48
1.612,1.554
1.291,1.383
1.272,3.124
1.38,0.635
1.332,3.039
1.102,0.647
1.182,3.673
0.759,1.898
0.728,0.547
0.727,1.679
0.829,0.643
0.814,0.911
0.621,1.765
0.653,0.227
0.502,3.615
0.586,1.562
0.479,1.432
0.446,1.462
0.352,3.544
0.318,2.972
0.422,1.371
0.391,2.08
0.367,2.055
0.197,1.707
0.294,0.855
0.153,-0.393
0.162,-0.368
-0.394,-0.583
-0.695,-0.292
-0.822,-0.54
-1.34,-0.663
-1.515,-0.636
-2.117,-0.744
-2.416,-0.258
-2.637,-0.602
-2.647,-0.659
-2.775,-0.568
-2.828,-0.616
-2.839,-0.746
-3.126,-0.621
3.069,-0.433
2.63,-0.339
2.055,-0.746
1.353,-0.441
1.08,-0.768
0.533,-0.446
0.454,-0.571
0.241,3.817
-0.653,3.931
-1.92,3.803
-2.21,4.041
3.122,3.953
2.928,3.819
2.731,4.021
2.461,3.851
2.298,3.874
-0.701,1.924
-0.709,3.137
-2.348,0.359
1.127,0.344
-0.215,1.191
-0.239,0.884
2.218,2.731
0.998,3.192
0.668,2.501
-0.019,3.044
-0.712,1.561
-1.006,0.91
-2.66,2.395
-2.985,3.144
-3.032,2.325
-2.979,0.575
2.999,2.378
1.792,3.025
0.981,3.557
0.578,-0.756
-2.987,3.935
-1.331,3.959
-1.113,3.262
-0.081,0.556
-0.059,2.345
-0.073,-0.759
-0.116,1.663
-0.152,1.789
-0.108,-0.406
-0.13,1.856
-0.248,1.433
-0.255,0.148
-0.365,-0.911
-0.333,0.412
-0.371,1.701
-0.369,1.791
-0.444,0.697
-0.526,0.071
-0.524,0.336
-0.489,1.673
-0.548,-0.202
-0.492,1.034
-0.585,0.207
-0.521,1.804
-0.597,0.906
-0.569,2.507
-0.636,-0.424
-0.633,1.914
-0.683,0.23
-0.77,1.538
-0.788,-0.854
-0.754,0.064
-0.777,1.568
-0.852,0.624
-0.879,-0.841
-0.974,1.735
-1.11,1.47
-1.143,1.622
-1.256,0.77
-1.328,-0.813
-1.343,1.529
-1.299,1.403
-1.352,2.033
-1.313,0.684
-1.602,0.88
-1.601,1.453
-1.593,0.612
-1.698,1.434
-1.613,2.023
-1.735,0.526
-1.72,0.958
-1.677,1.057
-1.772,1.432
-1.769,2.223
-1.777,-0.425
-1.787,1.641
-1.8,2.195
-1.805,1.626
-1.901,1.015
-1.922,2.212
-1.916,1.424
-1.968,2.23
-2.04,1.127
-1.99,0.867
-2.082,-0.298
-2.118,0.47
-2.133,1.674
-2.074,1.166
-2.101,1.523
-2.098,0.282
-2.223,1.993
-2.171,1.492
-2.239,-0.778
-2.173,-1.104
-2.194,-0.752
-2.245,0.724
-2.358,1.86
-2.305,-0.515
-2.35,2.495
-2.468,-0.595
-2.504,-0.982
-2.447,1.976
-2.501,0.457
-2.582,-0.277
-2.551,-0.895
-2.588,1.596
-2.649,0.823
-2.583,1.313
-2.687,0.456
-2.667,2.491
-2.832,2.536
-2.877,0.508
-2.963,2.642
-2.96,-0.392
-2.944,1.491
-3.044,-0.549
-3.126,1.37
-3.107,0.449
-3.062,-0.89
-3.071,0.289
3.117,1.169
-3.127,0.317
3.141,-1.19
3.025,1.635
3.042,0.599
2.996,-1.116
2.939,1.111
2.936,1.102
2.968,2.26
2.936,1.551
2.917,1.13
2.911,0.443
2.877,1.257
2.774,1.529
2.744,-1.354
2.779,0.891
2.775,1.386
2.76,-0.337
2.665,2.207
2.654,2.412
2.64,0.101
2.606,1.133
2.549,1.925
2.59,0.347
2.526,1.36
2.507,-0.408
2.342,2.537
2.304,0.482
2.368,1.038
2.364,-0.786
2.285,1.597
2.269,-0.308
2.235,1.038
2.175,1.491
2.183,-0.336
2.106,1.755
2.116,-0.631
2.052,0.046
2.011,-0.789
1.874,-0.827
1.814,1.165
1.771,1.395
1.786,0.375
1.761,2.062
1.766,1.451
1.735,1.483
1.789,1.254
1.686,-0.903
1.709,0.458
1.605,0.594
1.458,1.168
1.483,1.535
1.397,-0.235
1.29,-0.468
1.253,0.979
1.139,0.056
1.117,-1.274
0.923,-0.548
0.906,-0.881
0.918,-1.157
0.872,-0.527
0.64,2.564
0.633,0.733
0.608,-0.817
0.624,1.181
0.537,0.698
0.491,-1.167
0.568,1.917
0.533,0.13
0.529,-0.292
0.43,1.346
0.475,0.531
0.412,-0.5
0.452,-0.487
0.435,0.0
0.424,1.143
0.348,0.324
0.336,-0.336
0.322,-0.334
0.382,0.981
0.3,-1.526
0.279,-1.661
0.18,-1.517
0.044,-1.584
0.07,-1.375
-0.042,-1.466
-0.513,-1.385
-0.45,-1.534
-0.45,-1.471
-0.524,-1.535
-0.994,-1.47
-1.836,-1.41
-1.96,-1.672
-2.238,-1.65
-2.276,-1.643
-2.629,-1.511
-3.121,-1.475
2.676,-1.481
2.525,-1.685
2.398,-1.688
2.232,-1.437
1.665,-1.646
1.556,-1.68
1.609,-1.473
1.621,-1.4
1.489,-1.502
0.638,-1.832
0.672,-1.677
0.56,-1.831
0.563,-1.737
0.457,-1.796
-0.262,2.835
-0.801,2.623
-0.77,2.943
-0.797,2.816
-1.411,2.897
-2.047,2.71
-2.071,2.762
-2.608,2.871
-2.982,2.859
-3.112,2.943
3.022,2.801
2.816,2.744
2.776,2.853
2.449,2.846
2.127,2.869
1.38,2.767
1.019,2.838
0.855,2.75
0.407,2.664
0.4,-0.362
-0.016,1.513
-2.133,-0.534
-2.31,-0.798
-2.345,1.463
-2.439,1.778
2.627,-0.975
2.133,0.651
1.72,2.027
3.128,-1.896
1.555,2.62
0.358,0.002
0.356,1.16
0.156,-1.168
0.177,0.947
0.182,-0.238
0.164,-0.284
-0.066,0.213
-0.073,1.537
0.062,-1.02
-0.07,0.696
-0.121,2.105
-0.135,-1.095
-0.187,-1.246
-0.239,-0.194
-0.26,1.06
-0.129,-0.058
-0.295,-1.248
-0.204,-0.282
-0.317,0.313
-0.426,-0.173
-0.341,0.404
-0.373,2.006
-0.498,-0.273
-0.495,0.157
-0.4,-0.011
-0.467,0.334
-0.652,0.113
-0.765,-1.275
-0.779,-1.122
-0.724,-0.645
-0.858,0.145
-0.904,2.521
-1.002,0.328
-1.096,-0.801
-1.224,0.489
-1.34,1.3
-1.596,-0.639
-1.572,-0.522
-1.757,1.158
-1.614,2.547
-1.795,-1.049
-1.817,0.39
-1.794,1.07
-1.796,0.342
-1.84,0.189
-1.908,1.391
-1.997,-0.346
-2.159,1.187
-2.166,1.168
-2.31,0.167
-2.286,1.192
-2.601,2.486
-2.453,1.486
-2.635,1.143
-2.526,2.056
-2.648,1.22
-2.744,2.431
-2.755,0.614
-2.762,-0.737
-2.668,2.083
-2.831,0.046
-2.905,-1.174
-2.782,1.116
-2.8,0.383
-2.789,1.478
-2.844,2.381
-2.862,2.6
-2.868,0.274
-2.905,-1.259
-3.064,2.388
-3.1,0.819
-3.105,1.034
3.085,0.716
3.077,1.265
-3.105,2.191
-3.105,0.744
2.986,0.707
3.111,1.09
2.984,-0.723
2.933,0.249
2.916,-0.025
2.92,-1.344
2.769,1.968
2.745,-0.237
2.816,-1.185
2.7,-0.369
2.726,1.322
2.582,1.023
2.601,2.471
2.55,1.353
2.426,-1.186
2.522,-0.119
2.372,-1.195
2.326,1.957
2.293,-1.205
2.273,0.947
2.39,-0.568
2.341,1.815
2.121,2.361
2.068,1.52
1.932,0.044
1.773,0.464
1.847,0.699
1.75,1.386
1.727,0.46
1.406,0.289
1.387,2.03
1.495,-0.459
1.447,1.945
1.217,-0.447
1.297,2.579
0.874,0.804
0.843,-0.547
0.842,0.585
0.944,-0.451
0.929,-0.183
0.736,0.671
0.768,-0.867
0.617,2.521
0.701,0.468
0.594,0.338
0.561,0.368
0.467,2.45
0.433,1.878
0.537,0.277
0.506,0.986
0.482,0.961
0.312,0.613
0.409,-0.239
0.268,-1.487
0.277,-1.462
-0.279,-1.677
-0.58,-1.386
-0.707,-1.634
-1.225,-1.757
-1.4,-1.73
-2.002,-1.838
-2.301,-1.352
-2.522,-1.696
-2.532,-1.753
-2.66,-1.662
-2.713,-1.71
-2.724,-1.84
-3.011,-1.715
-3.099,-1.527
2.745,-1.433
2.17,-1.84
1.468,-1.535
1.195,-1.862
0.648,-1.54
0.569,-1.665
0.356,2.723
-0.538,2.837
-1.805,2.709
-2.095,2.947
-3.046,2.859
3.043,2.725
2.846,2.927
2.576,2.757
2.413,2.78
-0.586,0.83
-0.594,2.043
-2.233,-0.735
1.242,-0.75
-0.1,0.097
-0.124,-0.21
2.333,1.637
1.113,2.098
0.783,1.407
0.096,1.95
-0.597,0.467
-0.891,-0.184
-2.545,1.301
-2.87,2.05
-2.917,1.231
-2.864,-0.519
3.114,1.284
1.907,1.931
1.096,2.463
0.693,-1.85
-2.872,2.841
-1.216,2.865
-0.998,2.168
0.022,1.789
0.008,-1.315
-0.035,1.107
-0.071,1.233
-0.027,-0.962
-0.049,1.3
-0.167,0.877
-0.174,-0.408
-0.284,-1.467
-0.252,-0.144
-0.29,1.145
-0.288,1.235
-0.363,0.141
-0.445,-0.485
-0.443,-0.22
-0.408,1.117
-0.467,-0.758
-0.411,0.478
-0.504,-0.349
-0.44,1.248
-0.516,0.35
-0.488,1.951
-0.555,-0.98
-0.552,1.358
-0.602,-0.326
-0.689,0.982
-0.707,-1.41
-0.673,-0.492
-0.696,1.012
-0.771,0.068
-0.798,-1.397
-0.893,1.179
-1.029,0.914
-1.062,1.066
-1.175,0.214
-1.247,-1.369
-1.262,0.973
-1.218,0.847
-1.271,1.477
-1.232,0.128
-1.521,0.324
-1.52,0.897
-1.512,0.056
-1.617,0.878
-1.532,1.467
-1.654,-0.03
-1.639,0.402
-1.596,0.501
-1.691,0.876
-1.688,1.667
-1.696,-0.981
-1.706,1.085
-1.719,1.639
-1.724,1.07
-1.82,0.459
-1.841,1.656
-1.835,0.868
-1.887,1.674
-1.959,0.571
-1.909,0.311
-2.001,-0.854
-2.037,-0.086
-2.052,1.118
-1.993,0.61
-2.02,0.967
-2.017,-0.274
-2.142,1.437
-2.09,0.936
-2.158,-1.334
-2.092,-1.66
-2.113,-1.308
-2.164,0.168
-2.277,1.304
-2.224,-1.071
-2.269,1.939
-2.387,-1.151
-2.423,-1.538
-2.366,1.42
-2.42,-0.099
-2.501,-0.833
-2.47,-1.451
-2.507,1.04
-2.568,0.267
-2.502,0.757
-2.606,-0.1
-2.586,1.935
-2.751,1.98
-2.796,-0.048
-2.882,2.086
-2.879,-0.948
-2.863,0.935
-2.963,-1.105
-3.045,0.814
-3.026,-0.107
-2.981,-1.446
-2.99,-0.267
-3.085,0.613
-3.046,-0.239
-3.061,-1.746
3.106,1.079
3.123,0.043
3.077,-1.672
3.02,0.555
3.017,0.546
3.049,1.704
3.017,0.995
2.998,0.574
2.992,-0.113
2.958,0.701
2.855,0.973
2.825,-1.91
2.86,0.335
2.856,0.83
2.841,-0.893
2.746,1.651
2.735,1.856
2.721,-0.455
2.687,0.577
2.63,1.369
2.671,-0.209
2.607,0.804
2.588,-0.964
2.423,1.981
2.385,-0.074
2.449,0.482
2.445,-1.342
2.366,1.041
2.35,-0.864
2.316,0.482
2.256,0.935
2.264,-0.892
2.187,1.199
2.197,-1.187
2.133,-0.51
2.092,-1.345
1.955,-1.383
1.895,0.609
1.852,0.839
1.867,-0.181
1.842,1.506
1.847,0.895
1.816,0.927
1.87,0.698
1.767,-1.459
1.79,-0.098
1.686,0.038
1.539,0.612
1.564,0.979
1.478,-0.791
1.371,-1.024
1.334,0.423
1.22,-0.5
1.198,-1.83
1.004,-1.104
0.987,-1.437
0.999,-1.713
0.953,-1.083
0.721,2.008
0.714,0.177
0.689,-1.373
0.705,0.625
0.618,0.142
0.572,-1.723
0.649,1.361
0.614,-0.426
0.61,-0.848
0.511,0.79
0.556,-0.025
0.493,-1.056
0.533,-1.043
0.516,-0.556
0.505,0.587
0.429,-0.232
0.417,-0.892
0.403,-0.89
0.463,0.425
0.381,-2.082
0.36,-2.217
0.261,-2.073
0.125,-2.14
0.151,-1.931
0.039,-2.022
-0.432,-1.941
-0.369,-2.09
-0.369,-2.027
-0.443,-2.091
-0.913,-2.026
-1.755,-1.966
-1.879,-2.228
-2.157,-2.206
-2.195,-2.199
-2.548,-2.067
-3.04,-2.031
2.757,-2.037
2.606,-2.241
2.479,-2.244
2.313,-1.993
1.746,-2.202
1.637,-2.236
1.69,-2.029
1.702,-1.956
1.57,-2.058
0.719,-2.388
0.753,-2.233
0.641,-2.387
0.644,-2.293
0.538,-2.352
-0.181,2.279
-0.72,2.067
-0.689,2.387
-0.716,2.26
-1.33,2.341
-1.966,2.154
-1.99,2.206
-2.527,2.315
-2.901,2.303
-3.031,2.387
3.103,2.245
2.897,2.188
2.857,2.297
2.53,2.29
2.208,2.313
1.461,2.211
1.1,2.282
0.936,2.194
0.488,2.108
0.481,-0.918
0.065,0.957
-2.052,-1.09
-2.229,-1.354
-2.264,0.907
-2.358,1.222
2.708,-1.531
2.214,0.095
1.801,1.471
-3.074,-2.452
1.636,2.064
0.439,-0.554
0.437,0.604
0.237,-1.724
0.258,0.391
0.263,-0.794
0.245,-0.84
0.015,-0.343
0.008,0.981
0.143,-1.576
0.011,0.14
-0.04,1.549
-0.054,-1.651
-0.106,-1.802
-0.158,-0.75
-0.179,0.504
-0.048,-0.614
-0.214,-1.804
-0.123,-0.838
-0.236,-0.243
-0.345,-0.729
-0.26,-0.152
-0.292,1.45
-0.417,-0.829
-0.414,-0.399
-0.319,-0.567
-0.386,-0.222
-0.571,-0.443
-0.684,-1.831
-0.698,-1.678
-0.643,-1.201
-0.777,-0.411
-0.823,1.965
-0.921,-0.228
-1.015,-1.357
-1.143,-0.067
-1.259,0.744
-1.515,-1.195
-1.491,-1.078
-1.676,0.602
-1.533,1.991
-1.714,-1.605
-1.736,-0.166
-1.713,0.514
-1.715,-0.214
-1.759,-0.367
-1.827,0.835
-1.916,-0.902
-2.078,0.631
-2.085,0.612
-2.229,-0.389
-2.205,0.636
-2.52,1.93
-2.372,0.93
-2.554,0.587
-2.445,1.5
-2.567,0.664
-2.663,1.875
-2.674,0.058
-2.681,-1.293
-2.587,1.527
-2.75,-0.51
-2.824,-1.73
-2.701,0.56
-2.719,-0.173
-2.708,0.922
-2.763,1.825
-2.781,2.044
-2.787,-0.282
-2.824,-1.815
-2.983,1.832
-3.019,0.263
-3.024,0.478
-3.117,0.16
-3.125,0.709
-3.024,1.635
-3.024,0.188
3.067,0.151
-3.091,0.534
3.065,-1.279
3.014,-0.307
2.997,-0.581
3.001,-1.9
2.85,1.412
2.826,-0.793
2.897,-1.741
2.781,-0.925
2.807,0.766
2.663,0.467
2.682,1.915
2.631,0.797
2.507,-1.742
2.603,-0.675
2.453,-1.751
2.407,1.401
2.374,-1.761
2.354,0.391
2.471,-1.124
2.422,1.259
2.202,1.805
2.149,0.964
2.013,-0.512
1.854,-0.092
1.928,0.143
1.831,0.83
1.808,-0.096
1.487,-0.267
1.468,1.474
1.576,-1.015
1.528,1.389
1.298,-1.003
1.378,2.023
0.955,0.248
0.924,-1.103
0.923,0.029
1.025,-1.007
1.01,-0.739
0.817,0.115
0.849,-1.423
0.698,1.965
0.782,-0.088
0.675,-0.218
0.642,-0.188
0.548,1.894
0.514,1.322
0.618,-0.279
0.587,0.43
0.563,0.405
0.393,0.057
0.49,-0.795
0.349,-2.043
0.358,-2.018
-0.198,-2.233
-0.499,-1.942
-0.626,-2.19
-1.144,-2.313
-1.319,-2.286
-1.921,-2.394
-2.22,-1.908
-2.441,-2.252
-2.451,-2.309
-2.579,-2.218
-2.632,-2.266
-2.643,-2.396
-2.93,-2.271
-3.018,-2.083
2.826,-1.989
2.251,-2.396
1.549,-2.091
1.276,-2.418
0.729,-2.096
0.65,-2.221
0.437,2.167
-0.457,2.281
-1.724,2.153
-2.014,2.391
-2.965,2.303
3.124,2.169
2.927,2.371
2.657,2.201
2.494,2.224
-0.505,0.274
-0.513,1.487
-2.152,-1.291
1.323,-1.306
-0.019,-0.459
-0.043,-0.766
2.414,1.081
1.194,1.542
0.864,0.851
0.177,1.394
-0.516,-0.089
-0.81,-0.74
-2.464,0.745
-2.789,1.494
-2.836,0.675
-2.783,-1.075
-3.088,0.728
1.988,1.375
1.177,1.907
0.774,-2.406
-2.791,2.285
-1.135,2.309
-0.917,1.612
-0.014,-3.104
-0.057,-0.682
-0.093,-0.556
-0.049,-2.751
-0.071,-0.489
-0.189,-0.912
-0.196,-2.197
-0.306,-3.256
-0.274,-1.933
-0.312,-0.644
-0.31,-0.554
-0.385,-1.648
-0.467,-2.274
-0.465,-2.009
-0.43,-0.672
-0.489,-2.547
-0.433,-1.311
-0.526,-2.138
-0.462,-0.541
-0.538,-1.439
-0.51,0.162
-0.577,-2.769
-0.574,-0.431
-0.624,-2.115
-0.711,-0.807
-0.729,-3.199
-0.695,-2.281
-0.718,-0.777
-0.793,-1.721
-0.82,-3.186
-0.915,-0.61
-1.051,-0.875
-1.084,-0.723
-1.197,-1.575
-1.269,-3.158
-1.284,-0.816
-1.24,-0.942
-1.293,-0.312
-1.254,-1.661
-1.543,-1.465
-1.542,-0.892
-1.534,-1.733
-1.639,-0.911
-1.554,-0.322
-1.676,-1.819
-1.661,-1.387
-1.618,-1.288
-1.713,-0.913
-1.71,-0.122
-1.718,-2.77
-1.728,-0.704
-1.741,-0.15
-1.746,-0.719
-1.842,-1.33
-1.863,-0.133
-1.857,-0.921
-1.909,-0.115
-1.981,-1.218
-1.931,-1.478
-2.023,-2.643
-2.059,-1.875
-2.074,-0.671
-2.015,-1.179
-2.042,-0.822
-2.039,-2.063
-2.164,-0.352
-2.112,-0.853
-2.18,-3.123
-2.114,-3.449
-2.135,-3.097
-2.186,-1.621
-2.299,-0.485
-2.246,-2.86
-2.291,0.15
-2.409,-2.94
-2.445,-3.327
-2.388,-0.369
-2.442,-1.888
-2.523,-2.622
-2.492,-3.24
-2.529,-0.749
-2.59,-1.522
-2.524,-1.032
-2.628,-1.889
-2.608,0.146
-2.773,0.191
-2.818,-1.837
-2.904,0.297
-2.901,-2.737
-2.885,-0.854
-2.985,-2.894
-3.067,-0.975
-3.048,-1.896
-3.003,-3.235
-3.012,-2.056
-3.107,-1.176
-3.068,-2.028
-3.083,-3.535
3.084,-0.71
3.101,-1.746
3.055,-3.461
2.998,-1.234
2.995,-1.243
3.027,-0.085
2.995,-0.794
2.976,-1.215
2.97,-1.902
2.936,-1.088
2.833,-0.816
2.803,-3.699
2.838,-1.454
2.834,-0.959
2.819,-2.682
2.724,-0.138
2.713,0.067
2.699,-2.244
2.665,-1.212
2.608,-0.42
2.649,-1.998
2.585,-0.985
2.566,-2.753
2.401,0.192
2.363,-1.863
2.427,-1.307
2.423,-3.131
2.344,-0.748
2.328,-2.653
2.294,-1.307
2.234,-0.854
2.242,-2.681
2.165,-0.59
2.175,-2.976
2.111,-2.299
2.07,-3.134
1.933,-3.172
1.873,-1.18
1.83,-0.95
1.845,-1.97
1.82,-0.283
1.825,-0.894
1.794,-0.862
1.848,-1.091
1.745,-3.248
1.768,-1.887
1.664,-1.751
1.517,-1.177
1.542,-0.81
1.456,-2.58
1.349,-2.813
1.312,-1.366
1.198,-2.289
1.176,-3.619
0.982,-2.893
0.965,-3.226
0.977,-3.502
0.931,-2.872
0.699,0.219
0.692,-1.612
0.667,-3.162
0.683,-1.164
0.596,-1.647
0.55,-3.512
0.627,-0.428
0.592,-2.215
0.588,-2.637
0.489,-0.999
0.534,-1.814
0.471,-2.845
0.511,-2.832
0.494,-2.345
0.483,-1.202
0.407,-2.021
0.395,-2.681
0.381,-2.679
0.441,-1.364
0.359,-3.871
0.338,-4.006
0.239,-3.862
0.103,-3.929
0.129,-3.72
0.017,-3.811
-0.454,-3.73
-0.391,-3.879
-0.391,-3.816
-0.465,-3.88
-0.935,-3.815
-1.777,-3.755
-1.901,-4.017
-2.179,-3.995
-2.217,-3.988
-2.57,-3.856
-3.062,-3.82
2.735,-3.826
2.584,-4.03
2.457,-4.033
2.291,-3.782
1.724,-3.991
1.615,-4.025
1.668,-3.818
1.68,-3.745
1.548,-3.847
0.697,-4.177
0.731,-4.022
0.619,-4.176
0.622,-4.082
0.516,-4.141
-0.203,0.49
-0.742,0.278
-0.711,0.598
-0.738,0.471
-1.352,0.552
-1.988,0.365
-2.012,0.417
-2.549,0.526
-2.923,0.514
-3.053,0.598
3.081,0.456
2.875,0.399
2.835,0.508
2.508,0.501
2.186,0.524
1.439,0.422
1.078,0.493
0.914,0.405
0.466,0.319
0.459,-2.707
0.043,-0.832
-2.074,-2.879
-2.251,-3.143
-2.286,-0.882
-2.38,-0.567
2.686,-3.32
2.192,-1.694
1.779,-0.318
-3.096,-4.241
1.614,0.275
0.417,-2.343
0.415,-1.185
0.215,-3.513
0.236,-1.398
0.241,-2.583
0.223,-2.629
-0.007,-2.132
-0.014,-0.808
0.121,-3.365
-0.011,-1.649
-0.062,-0.24
-0.076,-3.44
-0.128,-3.591
-0.18,-2.539
-0.201,-1.285
-0.07,-2.403
-0.236,-3.593
-0.145,-2.627
-0.258,-2.032
-0.367,-2.518
-0.282,-1.941
-0.314,-0.339
-0.439,-2.618
-0.436,-2.188
-0.341,-2.356
-0.408,-2.011
-0.593,-2.232
-0.706,-3.62
-0.72,-3.467
-0.665,-2.99
-0.799,-2.2
-0.845,0.176
-0.943,-2.017
-1.037,-3.146
-1.165,-1.856
-1.281,-1.045
-1.537,-2.984
-1.513,-2.867
-1.698,-1.187
-1.555,0.202
-1.736,-3.394
-1.758,-1.955
-1.735,-1.275
-1.737,-2.003
-1.781,-2.156
-1.849,-0.954
-1.938,-2.691
-2.1,-1.158
-2.107,-1.177
-2.251,-2.178
-2.227,-1.153
-2.542,0.141
-2.394,-0.859
-2.576,-1.202
-2.467,-0.289
-2.589,-1.125
-2.685,0.086
-2.696,-1.731
-2.703,-3.082
-2.609,-0.262
-2.772,-2.299
-2.846,-3.519
-2.723,-1.229
-2.741,-1.962
-2.73,-0.867
-2.785,0.036
-2.803,0.255
-2.809,-2.071
-2.846,-3.604
-3.005,0.043
-3.041,-1.526
-3.046,-1.311
-3.139,-1.629
3.136,-1.08
-3.046,-0.154
-3.046,-1.601
3.045,-1.638
-3.113,-1.255
3.043,-3.068
2.992,-2.096
2.975,-2.37
2.979,-3.689
2.828,-0.377
2.804,-2.582
2.875,-3.53
2.759,-2.714
2.785,-1.023
2.641,-1.322
2.66,0.126
2.609,-0.992
2.485,-3.531
2.581,-2.464
2.431,-3.54
2.385,-0.388
2.352,-3.55
2.332,-1.398
2.449,-2.913
2.4,-0.53
2.18,0.016
2.127,-0.825
1.991,-2.301
1.832,-1.881
1.906,-1.646
1.809,-0.959
1.786,-1.885
1.465,-2.056
1.446,-0.315
1.554,-2.804
1.506,-0.4
1.276,-2.792
1.356,0.234
0.933,-1.541
0.902,-2.892
0.901,-1.76
1.003,-2.796
0.988,-2.528
0.795,-1.674
0.827,-3.212
0.676,0.176
0.76,-1.877
0.653,-2.007
0.62,-1.977
0.526,0.105
0.492,-0.467
0.596,-2.068
0.565,-1.359
0.541,-1.384
0.371,-1.732
0.468,-2.584
0.327,-3.832
0.336,-3.807
-0.22,-4.022
-0.521,-3.731
-0.648,-3.979
-1.166,-4.102
-1.341,-4.075
-1.943,-4.183
-2.242,-3.697
-2.463,-4.041
-2.473,-4.098
-2.601,-4.007
-2.654,-4.055
-2.665,-4.185
-2.952,-4.06
-3.04,-3.872
2.804,-3.778
2.229,-4.185
1.527,-3.88
1.254,-4.207
0.707,-3.885
0.628,-4.01
0.415,0.378
-0.479,0.492
-1.746,0.364
-2.036,0.602
-2.987,0.514
3.102,0.38
2.905,0.582
2.635,0.412
2.472,0.435
-0.527,-1.515
-0.535,-0.302
-2.174,-3.08
1.301,-3.095
-0.041,-2.248
-0.065,-2.555
2.392,-0.708
1.172,-0.247
0.842,-0.938
0.155,-0.395
-0.538,-1.878
-0.832,-2.529
-2.486,-1.044
-2.811,-0.295
-2.858,-1.114
-2.805,-2.864
-3.11,-1.061
1.966,-0.414
1.155,0.118
0.752,-4.195
-2.813,0.496
-1.157,0.52
-0.939,-0.177
-0.043,2.422
-0.079,2.548
-0.035,0.353
-0.057,2.615
-0.175,2.192
-0.182,0.907
-0.292,-0.152
-0.26,1.171
-0.298,2.46
-0.296,2.55
-0.371,1.456
-0.453,0.83
-0.451,1.095
-0.416,2.432
-0.475,0.557
-0.419,1.793
-0.512,0.966
-0.448,2.563
-0.524,1.665
-0.496,3.266
-0.563,0.335
-0.56,2.673
-0.61,0.989
-0.697,2.297
-0.715,-0.095
-0.681,0.823
-0.704,2.327
-0.779,1.383
-0.806,-0.082
-0.901,2.494
-1.037,2.229
-1.07,2.381
-1.183,1.529
-1.255,-0.054
-1.27,2.288
-1.226,2.162
-1.279,2.792
-1.24,1.443
-1.529,1.639
-1.528,2.212
-1.52,1.371
-1.625,2.193
-1.54,2.782
-1.662,1.285
-1.647,1.717
-1.604,1.816
-1.699,2.191
-1.696,2.982
-1.704,0.334
-1.714,2.4
-1.727,2.954
-1.732,2.385
-1.828,1.774
-1.849,2.971
-1.843,2.183
-1.895,2.989
-1.967,1.886
-1.917,1.626
-2.009,0.461
-2.045,1.229
-2.06,2.433
-2.001,1.925
-2.028,2.282
-2.025,1.041
-2.15,2.752
-2.098,2.251
-2.166,-0.019
-2.1,-0.345
-2.121,0.007
-2.172,1.483
-2.285,2.619
-2.232,0.244
-2.277,3.254
-2.395,0.164
-2.431,-0.223
-2.374,2.735
-2.428,1.216
-2.509,0.482
-2.478,-0.136
-2.515,2.355
-2.576,1.582
-2.51,2.072
-2.614,1.215
-2.594,3.25
-2.759,3.295
-2.804,1.267
-2.89,3.401
-2.887,0.367
-2.871,2.25
-2.971,0.21
-3.053,2.129
-3.034,1.208
-2.989,-0.131
-2.998,1.048
-3.093,1.928
-3.054,1.076
-3.069,-0.431
3.098,2.394
3.115,1.358
3.069,-0.357
3.012,1.87
3.009,1.861
3.041,3.019
3.009,2.31
2.99,1.889
2.984,1.202
2.95,2.016
2.847,2.288
2.817,-0.595
2.852,1.65
2.848,2.145
2.833,0.422
2.738,2.966
2.727,3.171
2.713,0.86
2.679,1.892
2.622,2.684
2.663,1.106
2.599,2.119
2.58,0.351
2.415,3.296
2.377,1.241
2.441,1.797
2.437,-0.027
2.358,2.356
2.342,0.451
2.308,1.797
2.248,2.25
2.256,0.423
2.179,2.514
2.189,0.128
2.125,0.805
2.084,-0.03
1.947,-0.068
1.887,1.924
1.844,2.154
1.859,1.134
1.834,2.821
1.839,2.21
1.808,2.242
1.862,2.013
1.759,-0.144
1.782,1.217
1.678,1.353
1.531,1.927
1.556,2.294
1.47,0.524
1.363,0.291
1.326,1.738
1.212,0.815
1.19,-0.515
0.996,0.211
0.979,-0.122
0.991,-0.398
0.945,0.232
0.713,3.323
0.706,1.492
0.681,-0.058
0.697,1.94
0.61,1.457
0.564,-0.408
0.641,2.676
0.606,0.889
0.602,0.467
0.503,2.105
0.548,1.29
0.485,0.259
0.525,0.272
0.508,0.759
0.497,1.902
0.421,1.083
0.409,0.423
0.395,0.425
0.455,1.74
0.373,-0.767
0.352,-0.902
0.253,-0.758
0.117,-0.825
0.143,-0.616
0.031,-0.707
-0.44,-0.626
-0.377,-0.775
-0.377,-0.712
-0.451,-0.776
-0.921,-0.711
-1.763,-0.651
-1.887,-0.913
-2.165,-0.891
-2.203,-0.884
-2.556,-0.752
-3.048,-0.716
2.749,-0.722
2.598,-0.926
2.471,-0.929
2.305,-0.678
1.738,-0.887
1.629,-0.921
1.682,-0.714
1.694,-0.641
1.562,-0.743
0.711,-1.073
0.745,-0.918
0.633,-1.072
0.636,-0.978
0.53,-1.037
-0.189,3.594
-0.728,3.382
-0.697,3.702
-0.724,3.575
-1.338,3.656
-1.974,3.469
-1.998,3.521
-2.535,3.63
-2.909,3.618
-3.039,3.702
3.095,3.56
2.889,3.503
2.849,3.612
2.522,3.605
2.2,3.628
1.453,3.526
1.092,3.597
0.928,3.509
0.48,3.423
0.473,0.397
0.057,2.272
-2.06,0.225
-2.237,-0.039
-2.272,2.222
-2.366,2.537
2.7,-0.216
2.206,1.41
1.793,2.786
-3.082,-1.137
1.628,3.379
0.431,0.761
0.429,1.919
0.229,-0.409
0.25,1.706
0.255,0.521
0.237,0.475
0.007,0.972
0.0,2.296
0.135,-0.261
0.003,1.455
-0.048,2.864
-0.062,-0.336
-0.114,-0.487
-0.166,0.565
-0.187,1.819
-0.056,0.701
-0.222,-0.489
-0.131,0.477
-0.244,1.072
-0.353,0.586
-0.268,1.163
-0.3,2.765
-0.425,0.486
-0.422,0.916
-0.327,0.748
-0.394,1.093
-0.579,0.872
-0.692,-0.516
-0.706,-0.363
-0.651,0.114
-0.785,0.904
-0.831,3.28
-0.929,1.087
-1.023,-0.042
-1.151,1.248
-1.267,2.059
-1.523,0.12
-1.499,0.237
-1.684,1.917
-1.541,3.306
-1.722,-0.29
-1.744,1.149
-1.721,1.829
-1.723,1.101
-1.767,0.948
-1.835,2.15
-1.924,0.413
-2.086,1.946
-2.093,1.927
-2.237,0.926
-2.213,1.951
-2.528,3.245
-2.38,2.245
-2.562,1.902
-2.453,2.815
-2.575,1.979
-2.671,3.19
-2.682,1.373
-2.689,0.022
-2.595,2.842
-2.758,0.805
-2.832,-0.415
-2.709,1.875
-2.727,1.142
-2.716,2.237
-2.771,3.14
-2.789,3.359
-2.795,1.033
-2.832,-0.5
-2.991,3.147
-3.027,1.578
-3.032,1.793
-3.125,1.475
-3.133,2.024
-3.032,2.95
-3.032,1.503
3.059,1.466
-3.099,1.849
3.057,0.036
3.006,1.008
2.989,0.734
2.993,-0.585
2.842,2.727
2.818,0.522
2.889,-0.426
2.773,0.39
2.799,2.081
2.655,1.782
2.674,3.23
2.623,2.112
2.499,-0.427
2.595,0.64
2.445,-0.436
2.399,2.716
2.366,-0.446
2.346,1.706
2.463,0.191
2.414,2.574
2.194,3.12
2.141,2.279
2.005,0.803
1.846,1.223
1.92,1.458
1.823,2.145
1.8,1.219
1.479,1.048
1.46,2.789
1.568,0.3
1.52,2.704
1.29,0.312
1.37,3.338
0.947,1.563
0.916,0.212
0.915,1.344
1.017,0.308
1.002,0.576
0.809,1.43
0.841,-0.108
0.69,3.28
0.774,1.227
0.667,1.097
0.634,1.127
0.54,3.209
0.506,2.637
0.61,1.036
0.579,1.745
0.555,1.72
0.385,1.372
0.482,0.52
0.341,-0.728
0.35,-0.703
-0.206,-0.918
-0.507,-0.627
-0.634,-0.875
-1.152,-0.998
-1.327,-0.971
-1.929,-1.079
-2.228,-0.593
-2.449,-0.937
-2.459,-0.994
-2.587,-0.903
-2.64,-0.951
-2.651,-1.081
-2.938,-0.956
-3.026,-0.768
2.818,-0.674
2.243,-1.081
1.541,-0.776
1.268,-1.103
0.721,-0.781
0.642,-0.906
0.429,3.482
-0.465,3.596
-1.732,3.468
-2.022,3.706
-2.973,3.618
3.116,3.484
2.919,3.686
2.649,3.516
2.486,3.539
-0.513,1.589
-0.521,2.802
-2.16,0.024
1.315,0.009
-0.027,0.856
-0.051,0.549
2.406,2.396
1.186,2.857
0.856,2.166
0.169,2.709
-0.524,1.226
-0.818,0.575
-2.472,2.06
-2.797,2.809
-2.844,1.99
-2.791,0.24
-3.096,2.043
1.98,2.69
1.169,3.222
0.766,-1.091
-2.799,3.6
-1.143,3.624
-0.925,2.927
-0.036,0.126
0.008,-2.069
-0.014,0.193
-0.132,-0.23
-0.139,-1.515
-0.249,-2.574
-0.217,-1.251
-0.255,0.038
-0.253,0.128
-0.328,-0.966
-0.41,-1.592
-0.408,-1.327
-0.373,0.01
-0.432,-1.865
-0.376,-0.629
-0.469,-1.456
-0.405,0.141
-0.481,-0.757
-0.453,0.844
-0.52,-2.087
-0.517,0.251
-0.567,-1.433
-0.654,-0.125
-0.672,-2.517
-0.638,-1.599
-0.661,-0.095
-0.736,-1.039
-0.763,-2.504
-0.858,0.072
-0.994,-0.193
-1.027,-0.041
-1.14,-0.893
-1.212,-2.476
-1.227,-0.134
-1.183,-0.26
-1.236,0.37
-1.197,-0.979
-1.486,-0.783
-1.485,-0.21
-1.477,-1.051
-1.582,-0.229
-1.497,0.36
-1.619,-1.137
-1.604,-0.705
-1.561,-0.606
-1.656,-0.231
-1.653,0.56
-1.661,-2.088
-1.671,-0.022
-1.684,0.532
-1.689,-0.037
-1.785,-0.648
-1.806,0.549
-1.8,-0.239
-1.852,0.567
-1.924,-0.536
-1.874,-0.796
-1.966,-1.961
-2.002,-1.193
-2.017,0.011
-1.958,-0.497
-1.985,-0.14
-1.982,-1.381
-2.107,0.33
-2.055,-0.171
-2.123,-2.441
-2.057,-2.767
-2.078,-2.415
-2.129,-0.939
-2.242,0.197
-2.189,-2.178
-2.234,0.832
-2.352,-2.258
-2.388,-2.645
-2.331,0.313
-2.385,-1.206
-2.466,-1.94
-2.435,-2.558
-2.472,-0.067
-2.533,-0.84
-2.467,-0.35
-2.571,-1.207
-2.551,0.828
-2.716,0.873
-2.761,-1.155
-2.847,0.979
-2.844,-2.055
-2.828,-0.172
-2.928,-2.212
-3.01,-0.293
-2.991,-1.214
-2.946,-2.553
-2.955,-1.374
-3.05,-0.494
-3.011,-1.346
-3.026,-2.853
3.141,-0.028
-3.125,-1.064
3.112,-2.779
3.055,-0.552
3.052,-0.561
3.084,0.597
3.052,-0.112
3.033,-0.533
3.027,-1.22
2.993,-0.406
2.89,-0.134
2.86,-3.017
2.895,-0.772
2.891,-0.277
2.876,-2.0
2.781,0.544
2.77,0.749
2.756,-1.562
2.722,-0.53
2.665,0.262
2.706,-1.316
2.642,-0.303
2.623,-2.071
2.458,0.874
2.42,-1.181
2.484,-0.625
2.48,-2.449
2.401,-0.066
2.385,-1.971
2.351,-0.625
2.291,-0.172
2.299,-1.999
2.222,0.092
2.232,-2.294
2.168,-1.617
2.127,-2.452
1.99,-2.49
1.93,-0.498
1.887,-0.268
1.902,-1.288
1.877,0.399
1.882,-0.212
1.851,-0.18
1.905,-0.409
1.802,-2.566
1.825,-1.205
1.721,-1.069
1.574,-0.495
1.599,-0.128
1.513,-1.898
1.406,-2.131
1.369,-0.684
1.255,-1.607
1.233,-2.937
1.039,-2.211
1.022,-2.544
1.034,-2.82
0.988,-2.19
0.756,0.901
0.749,-0.93
0.724,-2.48
0.74,-0.482
0.653,-0.965
0.607,-2.83
0.684,0.254
0.649,-1.533
0.645,-1.955
0.546,-0.317
0.591,-1.132
0.528,-2.163
0.568,-2.15
0.551,-1.663
0.54,-0.52
0.464,-1.339
0.452,-1.999
0.438,-1.997
0.498,-0.682
0.416,-3.189
0.395,-3.324
0.296,-3.18
0.16,-3.247
0.186,-3.038
0.074,-3.129
-0.397,-3.048
-0.334,-3.197
-0.334,-3.134
-0.408,-3.198
-0.878,-3.133
-1.72,-3.073
-1.844,-3.335
-2.122,-3.313
-2.16,-3.306
-2.513,-3.174
-3.005,-3.138
2.792,-3.144
2.641,-3.348
2.514,-3.351
2.348,-3.1
1.781,-3.309
1.672,-3.343
1.725,-3.136
1.737,-3.063
1.605,-3.165
0.754,-3.495
0.788,-3.34
0.676,-3.494
0.679,-3.4
0.573,-3.459
-0.146,1.172
-0.685,0.96
-0.654,1.28
-0.681,1.153
-1.295,1.234
-1.931,1.047
-1.955,1.099
-2.492,1.208
-2.866,1.196
-2.996,1.28
3.138,1.138
2.932,1.081
2.892,1.19
2.565,1.183
2.243,1.206
1.496,1.104
1.135,1.175
0.971,1.087
0.523,1.001
0.516,-2.025
0.1,-0.15
-2.017,-2.197
-2.194,-2.461
-2.229,-0.2
-2.323,0.115
2.743,-2.638
2.249,-1.012
1.836,0.364
-3.039,-3.559
1.671,0.957
0.474,-1.661
0.472,-0.503
0.272,-2.831
0.293,-0.716
0.298,-1.901
0.28,-1.947
0.05,-1.45
0.043,-0.126
0.178,-2.683
0.046,-0.967
-0.005,0.442
-0.019,-2.758
-0.071,-2.909
-0.123,-1.857
-0.144,-0.603
-0.013,-1.721
-0.179,-2.911
-0.088,-1.945
-0.201,-1.35
-0.31,-1.836
-0.225,-1.259
-0.257,0.343
-0.382,-1.936
-0.379,-1.506
-0.284,-1.674
-0.351,-1.329
-0.536,-1.55
-0.649,-2.938
-0.663,-2.785
-0.608,-2.308
-0.742,-1.518
-0.788,0.858
-0.886,-1.335
-0.98,-2.464
-1.108,-1.174
-1.224,-0.363
-1.48,-2.302
-1.456,-2.185
-1.641,-0.505
-1.498,0.884
-1.679,-2.712
-1.701,-1.273
-1.678,-0.593
-1.68,-1.321
-1.724,-1.474
-1.792,-0.272
-1.881,-2.009
-2.043,-0.476
-2.05,-0.495
-2.194,-1.496
-2.17,-0.471
-2.485,0.823
-2.337,-0.177
-2.519,-0.52
-2.41,0.393
-2.532,-0.443
-2.628,0.768
-2.639,-1.049
-2.646,-2.4
-2.552,0.42
-2.715,-1.617
-2.789,-2.837
-2.666,-0.547
-2.684,-1.28
-2.673,-0.185
-2.728,0.718
-2.746,0.937
-2.752,-1.389
-2.789,-2.922
-2.948,0.725
-2.984,-0.844
-2.989,-0.629
-3.082,-0.947
-3.09,-0.398
-2.989,0.528
-2.989,-0.919
3.102,-0.956
-3.056,-0.573
3.1,-2.386
3.049,-1.414
3.032,-1.688
3.036,-3.007
2.885,0.305
2.861,-1.9
2.932,-2.848
2.816,-2.032
2.842,-0.341
2.698,-0.64
2.717,0.808
2.666,-0.31
2.542,-2.849
2.638,-1.782
2.488,-2.858
2.442,0.294
2.409,-2.868
2.389,-0.716
2.506,-2.231
2.457,0.152
2.237,0.698
2.184,-0.143
2.048,-1.619
1.889,-1.199
1.963,-0.964
1.866,-0.277
1.843,-1.203
1.522,-1.374
1.503,0.367
1.611,-2.122
1.563,0.282
1.333,-2.11
1.413,0.916
0.99,-0.859
0.959,-2.21
0.958,-1.078
1.06,-2.114
1.045,-1.846
0.852,-0.992
0.884,-2.53
0.733,0.858
0.817,-1.195
0.71,-1.325
0.677,-1.295
0.583,0.787
0.549,0.215
0.653,-1.386
0.622,-0.677
0.598,-0.702
0.428,-1.05
0.525,-1.902
0.384,-3.15
0.393,-3.125
-0.163,-3.34
-0.464,-3.049
-0.591,-3.297
-1.109,-3.42
-1.284,-3.393
-1.886,-3.501
-2.185,-3.015
-2.406,-3.359
-2.416,-3.416
-2.544,-3.325
-2.597,-3.373
-2.608,-3.503
-2.895,-3.378
-2.983,-3.19
2.861,-3.096
2.286,-3.503
1.584,-3.198
1.311,-3.525
0.764,-3.203
0.685,-3.328
0.472,1.06
-0.422,1.174
-1.689,1.046
-1.979,1.284
-2.93,1.196
-3.124,1.062
2.962,1.264
2.692,1.094
2.529,1.117
-0.47,-0.833
-0.478,0.38
-2.117,-2.398
1.358,-2.413
0.016,-1.566
-0.008,-1.873
2.449,-0.026
1.229,0.435
0.899,-0.256
0.212,0.287
-0.481,-1.196
-0.775,-1.847
-2.429,-0.362
-2.754,0.387
-2.801,-0.432
-2.748,-2.182
-3.053,-0.379
2.023,0.268
1.212,0.8
0.809,-3.513
-2.756,1.178
-1.1,1.202
-0.882,0.505
0.044,-2.195
0.022,0.067
-0.096,-0.356
-0.103,-1.641
-0.213,-2.7
-0.181,-1.377
-0.219,-0.088
-0.217,0.002
-0.292,-1.092
-0.374,-1.718
-0.372,-1.453
-0.337,-0.116
-0.396,-1.991
-0.34,-0.755
-0.433,-1.582
-0.369,0.015
-0.445,-0.883
-0.417,0.718
-0.484,-2.213
-0.481,0.125
-0.531,-1.559
-0.618,-0.251
-0.636,-2.643
-0.602,-1.725
-0.625,-0.221
-0.7,-1.165
-0.727,-2.63
-0.822,-0.054
-0.958,-0.319
-0.991,-0.167
-1.104,-1.019
-1.176,-2.602
-1.191,-0.26
-1.147,-0.386
-1.2,0.244
-1.161,-1.105
-1.45,-0.909
-1.449,-0.336
-1.441,-1.177
-1.546,-0.355
-1.461,0.234
-1.583,-1.263
-1.568,-0.831
-1.525,-0.732
-1.62,-0.357
-1.617,0.434
-1.625,-2.214
-1.635,-0.148
-1.648,0.406
-1.653,-0.163
-1.749,-0.774
-1.77,0.423
-1.764,-0.365
-1.816,0.441
-1.888,-0.662
-1.838,-0.922
-1.93,-2.087
-1.966,-1.319
-1.981,-0.115
-1.922,-0.623
-1.949,-0.266
-1.946,-1.507
-2.071,0.204
-2.019,-0.297
-2.087,-2.567
-2.021,-2.893
-2.042,-2.541
-2.093,-1.065
-2.206,0.071
-2.153,-2.304
-2.198,0.706
-2.316,-2.384
-2.352,-2.771
-2.295,0.187
-2.349,-1.332
-2.43,-2.066
-2.399,-2.684
-2.436,-0.193
-2.497,-0.966
-2.431,-0.476
-2.535,-1.333
-2.515,0.702
-2.68,0.747
-2.725,-1.281
-2.811,0.853
-2.808,-2.181
-2.792,-0.298
-2.892,-2.338
-2.974,-0.419
-2.955,-1.34
-2.91,-2.679
-2.919,-1.5
-3.014,-0.62
-2.975,-1.472
-2.99,-2.979
-3.106,-0.154
-3.089,-1.19
-3.135,-2.905
3.091,-0.678
3.088,-0.687
3.12,0.471
3.088,-0.238
3.069,-0.659
3.063,-1.346
3.029,-0.532
2.926,-0.26
2.896,-3.143
2.931,-0.898
2.927,-0.403
2.912,-2.126
2.817,0.418
2.806,0.623
2.792,-1.688
2.758,-0.656
2.701,0.136
2.742,-1.442
2.678,-0.429
2.659,-2.197
2.494,0.748
2.456,-1.307
2.52,-0.751
2.516,-2.575
2.437,-0.192
2.421,-2.097
2.387,-0.751
2.327,-0.298
2.335,-2.125
2.258,-0.034
2.268,-2.42
2.204,-1.743
2.163,-2.578
2.026,-2.616
1.966,-0.624
1.923,-0.394
1.938,-1.414
1.913,0.273
1.918,-0.338
1.887,-0.306
1.941,-0.535
1.838,-2.692
1.861,-1.331
1.757,-1.195
1.61,-0.621
1.635,-0.254
1.549,-2.024
1.442,-2.257
1.405,-0.81
1.291,-1.733
1.269,-3.063
1.075,-2.337
1.058,-2.67
1.07,-2.946
1.024,-2.316
0.792,0.775
0.785,-1.056
0.76,-2.606
0.776,-0.608
0.689,-1.091
0.643,-2.956
0.72,0.128
0.685,-1.659
0.681,-2.081
0.582,-0.443
0.627,-1.258
0.564,-2.289
0.604,-2.276
0.587,-1.789
0.576,-0.646
0.5,-1.465
0.488,-2.125
0.474,-2.123
0.534,-0.808
0.452,-3.315
0.431,-3.45
0.332,-3.306
0.196,-3.373
0.222,-3.164
0.11,-3.255
-0.361,-3.174
-0.298,-3.323
-0.298,-3.26
-0.372,-3.324
-0.842,-3.259
-1.684,-3.199
-1.808,-3.461
-2.086,-3.439
-2.124,-3.432
-2.477,-3.3
-2.969,-3.264
2.828,-3.27
2.677,-3.474
2.55,-3.477
2.384,-3.226
1.817,-3.435
1.708,-3.469
1.761,-3.262
1.773,-3.189
1.641,-3.291
0.79,-3.621
0.824,-3.466
0.712,-3.62
0.715,-3.526
0.609,-3.585
-0.11,1.046
-0.649,0.834
-0.618,1.154
-0.645,1.027
-1.259,1.108
-1.895,0.921
-1.919,0.973
-2.456,1.082
-2.83,1.07
-2.96,1.154
-3.109,1.012
2.968,0.955
2.928,1.064
2.601,1.057
2.279,1.08
1.532,0.978
1.171,1.049
1.007,0.961
0.559,0.875
0.552,-2.151
0.136,-0.276
-1.981,-2.323
-2.158,-2.587
-2.193,-0.326
-2.287,-0.011
2.779,-2.764
2.285,-1.138
1.872,0.238
-3.003,-3.685
1.707,0.831
0.51,-1.787
0.508,-0.629
0.308,-2.957
0.329,-0.842
0.334,-2.027
0.316,-2.073
0.086,-1.576
0.079,-0.252
0.214,-2.809
0.082,-1.093
0.031,0.316
0.017,-2.884
-0.035,-3.035
-0.087,-1.983
-0.108,-0.729
0.023,-1.847
-0.143,-3.037
-0.052,-2.071
-0.165,-1.476
-0.274,-1.962
-0.189,-1.385
-0.221,0.217
-0.346,-2.062
-0.343,-1.632
-0.248,-1.8
-0.315,-1.455
-0.5,-1.676
-0.613,-3.064
-0.627,-2.911
-0.572,-2.434
-0.706,-1.644
-0.752,0.732
-0.85,-1.461
-0.944,-2.59
-1.072,-1.3
-1.188,-0.489
-1.444,-2.428
-1.42,-2.311
-1.605,-0.631
-1.462,0.758
-1.643,-2.838
-1.665,-1.399
-1.642,-0.719
-1.644,-1.447
-1.688,-1.6
-1.756,-0.398
-1.845,-2.135
-2.007,-0.602
-2.014,-0.621
-2.158,-1.622
-2.134,-0.597
-2.449,0.697
-2.301,-0.303
-2.483,-0.646
-2.374,0.267
-2.496,-0.569
-2.592,0.642
-2.603,-1.175
-2.61,-2.526
-2.516,0.294
-2.679,-1.743
-2.753,-2.963
-2.63,-0.673
-2.648,-1.406
-2.637,-0.311
-2.692,0.592
-2.71,0.811
-2.716,-1.515
-2.753,-3.048
-2.912,0.599
-2.948,-0.97
-2.953,-0.755
-3.046,-1.073
-3.054,-0.524
-2.953,0.402
-2.953,-1.045
3.138,-1.082
-3.02,-0.699
3.136,-2.512
3.085,-1.54
3.068,-1.814
3.072,-3.133
2.921,0.179
2.897,-2.026
2.968,-2.974
2.852,-2.158
2.878,-0.467
2.734,-0.766
2.753,0.682
2.702,-0.436
2.578,-2.975
2.674,-1.908
2.524,-2.984
2.478,0.168
2.445,-2.994
2.425,-0.842
2.542,-2.357
2.493,0.026
2.273,0.572
2.22,-0.269
2.084,-1.745
1.925,-1.325
1.999,-1.09
1.902,-0.403
1.879,-1.329
1.558,-1.5
1.539,0.241
1.647,-2.248
1.599,0.156
1.369,-2.236
1.449,0.79
1.026,-0.985
0.995,-2.336
0.994,-1.204
1.096,-2.24
1.081,-1.972
0.888,-1.118
0.92,-2.656
0.769,0.732
0.853,-1.321
0.746,-1.451
0.713,-1.421
0.619,0.661
0.585,0.089
0.689,-1.512
0.658,-0.803
0.634,-0.828
0.464,-1.176
0.561,-2.028
0.42,-3.276
0.429,-3.251
-0.127,-3.466
-0.428,-3.175
-0.555,-3.423
-1.073,-3.546
-1.248,-3.519
-1.85,-3.627
-2.149,-3.141
-2.37,-3.485
-2.38,-3.542
-2.508,-3.451
-2.561,-3.499
-2.572,-3.629
-2.859,-3.504
-2.947,-3.316
2.897,-3.222
2.322,-3.629
1.62,-3.324
1.347,-3.651
0.8,-3.329
0.721,-3.454
0.508,0.934
-0.386,1.048
-1.653,0.92
-1.943,1.158
-2.894,1.07
-3.088,0.936
2.998,1.138
2.728,0.968
2.565,0.991
-0.434,-0.959
-0.442,0.254
-2.081,-2.524
1.394,-2.539
0.052,-1.692
0.028,-1.999
2.485,-0.152
1.265,0.309
0.935,-0.382
0.248,0.161
-0.445,-1.322
-0.739,-1.973
-2.393,-0.488
-2.718,0.261
-2.765,-0.558
-2.712,-2.308
-3.017,-0.505
2.059,0.142
1.248,0.674
0.845,-3.639
-2.72,1.052
-1.064,1.076
-0.846,0.379
-0.022,2.262
-0.14,1.839
-0.147,0.554
-0.257,-0.505
-0.225,0.818
-0.263,2.107
-0.261,2.197
-0.336,1.103
-0.418,0.477
-0.416,0.742
-0.381,2.079
-0.44,0.204
-0.384,1.44
-0.477,0.613
-0.413,2.21
-0.489,1.312
-0.461,2.913
-0.528,-0.018
-0.525,2.32
-0.575,0.636
-0.662,1.944
-0.68,-0.448
-0.646,0.47
-0.669,1.974
-0.744,1.03
-0.771,-0.435
-0.866,2.141
-1.002,1.876
-1.035,2.028
-1.148,1.176
-1.22,-0.407
-1.235,1.935
-1.191,1.809
-1.244,2.439
-1.205,1.09
-1.494,1.286
-1.493,1.859
-1.485,1.018
-1.59,1.84
-1.505,2.429
-1.627,0.932
-1.612,1.364
-1.569,1.463
-1.664,1.838
-1.661,2.629
-1.669,-0.019
-1.679,2.047
-1.692,2.601
-1.697,2.032
-1.793,1.421
-1.814,2.618
-1.808,1.83
-1.86,2.636
-1.932,1.533
-1.882,1.273
-1.974,0.108
-2.01,0.876
-2.025,2.08
-1.966,1.572
-1.993,1.929
-1.99,0.688
-2.115,2.399
-2.063,1.898
-2.131,-0.372
-2.065,-0.698
-2.086,-0.346
-2.137,1.13
-2.25,2.266
-2.197,-0.109
-2.242,2.901
-2.36,-0.189
-2.396,-0.576
-2.339,2.382
-2.393,0.863
-2.474,0.129
-2.443,-0.489
-2.48,2.002
-2.541,1.229
-2.475,1.719
-2.579,0.862
-2.559,2.897
-2.724,2.942
-2.769,0.914
-2.855,3.048
-2.852,0.014
-2.836,1.897
-2.936,-0.143
-3.018,1.776
-2.999,0.855
-2.954,-0.484
-2.963,0.695
-3.058,1.575
-3.019,0.723
-3.034,-0.784
3.133,2.041
-3.133,1.005
3.104,-0.71
3.047,1.517
3.044,1.508
3.076,2.666
3.044,1.957
3.025,1.536
3.019,0.849
2.985,1.663
2.882,1.935
2.852,-0.948
2.887,1.297
2.883,1.792
2.868,0.069
2.773,2.613
2.762,2.818
2.748,0.507
2.714,1.539
2.657,2.331
2.698,0.753
2.634,1.766
2.615,-0.002
2.45,2.943
2.412,0.888
2.476,1.444
2.472,-0.38
2.393,2.003
2.377,0.098
2.343,1.444
2.283,1.897
2.291,0.07
2.214,2.161
2.224,-0.225
2.16,0.452
2.119,-0.383
1.982,-0.421
1.922,1.571
1.879,1.801
1.894,0.781
1.869,2.468
1.874,1.857
1.843,1.889
1.897,1.66
1.794,-0.497
1.817,0.864
1.713,1.0
1.566,1.574
1.591,1.941
1.505,0.171
1.398,-0.062
1.361,1.385
1.247,0.462
1.225,-0.868
1.031,-0.142
1.014,-0.475
1.026,-0.751
0.98,-0.121
0.748,2.97
0.741,1.139
0.716,-0.411
0.732,1.587
0.645,1.104
0.599,-0.761
0.676,2.323
0.641,0.536
0.637,0.114
0.538,1.752
0.583,0.937
0.52,-0.094
0.56,-0.081
0.543,0.406
0.532,1.549
0.456,0.73
0.444,0.07
0.43,0.072
0.49,1.387
0.408,-1.12
0.387,-1.255
0.288,-1.111
0.152,-1.178
0.178,-0.969
0.066,-1.06
-0.405,-0.979
-0.342,-1.128
-0.342,-1.065
-0.416,-1.129
-0.886,-1.064
-1.728,-1.004
-1.852,-1.266
-2.13,-1.244
-2.168,-1.237
-2.521,-1.105
-3.013,-1.069
2.784,-1.075
2.633,-1.279
2.506,-1.282
2.34,-1.031
1.773,-1.24
1.664,-1.274
1.717,-1.067
1.729,-0.994
1.597,-1.096
0.746,-1.426
0.78,-1.271
0.668,-1.425
0.671,-1.331
0.565,-1.39
-0.154,3.241
-0.693,3.029
-0.662,3.349
-0.689,3.222
-1.303,3.303
-1.939,3.116
-1.963,3.168
-2.5,3.277
-2.874,3.265
-3.004,3.349
3.13,3.207
2.924,3.15
2.884,3.259
2.557,3.252
2.235,3.275
1.488,3.173
1.127,3.244
0.963,3.156
0.515,3.07
0.508,0.044
0.092,1.919
-2.025,-0.128
-2.202,-0.392
-2.237,1.869
-2.331,2.184
2.735,-0.569
2.241,1.057
1.828,2.433
-3.047,-1.49
1.663,3.026
0.466,0.408
0.464,1.566
0.264,-0.762
0.285,1.353
0.29,0.168
0.272,0.122
0.042,0.619
0.035,1.943
0.17,-0.614
0.038,1.102
-0.013,2.511
-0.027,-0.689
-0.079,-0.84
-0.131,0.212
-0.152,1.466
-0.021,0.348
-0.187,-0.842
-0.096,0.124
-0.209,0.719
-0.318,0.233
-0.233,0.81
-0.265,2.412
-0.39,0.133
-0.387,0.563
-0.292,0.395
-0.359,0.74
-0.544,0.519
-0.657,-0.869
-0.671,-0.716
-0.616,-0.239
-0.75,0.551
-0.796,2.927
-0.894,0.734
-0.988,-0.395
-1.116,0.895
-1.232,1.706
-1.488,-0.233
-1.464,-0.116
-1.649,1.564
-1.506,2.953
-1.687,-0.643
-1.709,0.796
-1.686,1.476
-1.688,0.748
-1.732,0.595
-1.8,1.797
-1.889,0.06
-2.051,1.593
-2.058,1.574
-2.202,0.573
-2.178,1.598
-2.493,2.892
-2.345,1.892
-2.527,1.549
-2.418,2.462
-2.54,1.626
-2.636,2.837
-2.647,1.02
-2.654,-0.331
-2.56,2.489
-2.723,0.452
-2.797,-0.768
-2.674,1.522
-2.692,0.789
-2.681,1.884
-2.736,2.787
-2.754,3.006
-2.76,0.68
-2.797,-0.853
-2.956,2.794
-2.992,1.225
-2.997,1.44
-3.09,1.122
-3.098,1.671
-2.997,2.597
-2.997,1.15
3.094,1.113
-3.064,1.496
3.092,-0.317
3.041,0.655
3.024,0.381
3.028,-0.938
2.877,2.374
2.853,0.169
2.924,-0.779
2.808,0.037
2.834,1.728
2.69,1.429
2.709,2.877
2.658,1.759
2.534,-0.78
2.63,0.287
2.48,-0.789
2.434,2.363
2.401,-0.799
2.381,1.353
2.498,-0.162
2.449,2.221
2.229,2.767
2.176,1.926
2.04,0.45
1.881,0.87
1.955,1.105
1.858,1.792
1.835,0.866
1.514,0.695
1.495,2.436
1.603,-0.053
1.555,2.351
1.325,-0.041
1.405,2.985
0.982,1.21
0.951,-0.141
0.95,0.991
1.052,-0.045
1.037,0.223
0.844,1.077
0.876,-0.461
0.725,2.927
0.809,0.874
0.702,0.744
0.669,0.774
0.575,2.856
0.541,2.284
0.645,0.683
0.614,1.392
0.59,1.367
0.42,1.019
0.517,0.167
0.376,-1.081
0.385,-1.056
-0.171,-1.271
-0.472,-0.98
-0.599,-1.228
-1.117,-1.351
-1.292,-1.324
-1.894,-1.432
-2.193,-0.946
-2.414,-1.29
-2.424,-1.347
-2.552,-1.256
-2.605,-1.304
-2.616,-1.434
-2.903,-1.309
-2.991,-1.121
2.853,-1.027
2.278,-1.434
1.576,-1.129
1.303,-1.456
0.756,-1.134
0.677,-1.259
0.464,3.129
-0.43,3.243
-1.697,3.115
-1.987,3.353
-2.938,3.265
-3.132,3.131
2.954,3.333
2.684,3.163
2.521,3.186
-0.478,1.236
-0.486,2.449
-2.125,-0.329
1.35,-0.344
0.008,0.503
-0.016,0.196
2.441,2.043
1.221,2.504
0.891,1.813
0.204,2.356
-0.489,0.873
-0.783,0.222
-2.437,1.707
-2.762,2.456
-2.809,1.637
-2.756,-0.113
-3.061,1.69
2.015,2.337
1.204,2.869
0.801,-1.444
-2.764,3.247
-1.108,3.271
-0.89,2.574
-0.118,-0.423
-0.125,-1.708
-0.235,-2.767
-0.203,-1.444
-0.241,-0.155
-0.239,-0.065
-0.314,-1.159
-0.396,-1.785
-0.394,-1.52
-0.359,-0.183
-0.418,-2.058
-0.362,-0.822
-0.455,-1.649
-0.391,-0.052
-0.467,-0.95
-0.439,0.651
-0.506,-2.28
-0.503,0.058
-0.553,-1.626
-0.64,-0.318
-0.658,-2.71
-0.624,-1.792
-0.647,-0.288
-0.722,-1.232
-0.749,-2.697
-0.844,-0.121
-0.98,-0.386
-1.013,-0.234
-1.126,-1.086
-1.198,-2.669
-1.213,-0.327
-1.169,-0.453
-1.222,0.177
-1.183,-1.172
-1.472,-0.976
-1.471,-0.403
-1.463,-1.244
-1.568,-0.422
-1.483,0.167
-1.605,-1.33
-1.59,-0.898
-1.547,-0.799
-1.642,-0.424
-1.639,0.367
-1.647,-2.281
-1.657,-0.215
-1.67,0.339
-1.675,-0.23
-1.771,-0.841
-1.792,0.356
-1.786,-0.432
-1.838,0.374
-1.91,-0.729
-1.86,-0.989
-1.952,-2.154
-1.988,-1.386
-2.003,-0.182
-1.944,-0.69
-1.971,-0.333
-1.968,-1.574
-2.093,0.137
-2.041,-0.364
-2.109,-2.634
-2.043,-2.96
-2.064,-2.608
-2.115,-1.132
-2.228,0.004
-2.175,-2.371
-2.22,0.639
-2.338,-2.451
-2.374,-2.838
-2.317,0.12
-2.371,-1.399
-2.452,-2.133
-2.421,-2.751
-2.458,-0.26
-2.519,-1.033
-2.453,-0.543
-2.557,-1.4
-2.537,0.635
-2.702,0.68
-2.747,-1.348
-2.833,0.786
-2.83,-2.248
-2.814,-0.365
-2.914,-2.405
-2.996,-0.486
-2.977,-1.407
-2.932,-2.746
-2.941,-1.567
-3.036,-0.687
-2.997,-1.539
-3.012,-3.046
-3.128,-0.221
-3.111,-1.257
3.126,-2.972
3.069,-0.745
3.066,-0.754
3.098,0.404
3.066,-0.305
3.047,-0.726
3.041,-1.413
3.007,-0.599
2.904,-0.327
2.874,-3.21
2.909,-0.965
2.905,-0.47
2.89,-2.193
2.795,0.351
2.784,0.556
2.77,-1.755
2.736,-0.723
2.679,0.069
2.72,-1.509
2.656,-0.496
2.637,-2.264
2.472,0.681
2.434,-1.374
2.498,-0.818
2.494,-2.642
2.415,-0.259
2.399,-2.164
2.365,-0.818
2.305,-0.365
2.313,-2.192
2.236,-0.101
2.246,-2.487
2.182,-1.81
2.141,-2.645
2.004,-2.683
1.944,-0.691
1.901,-0.461
1.916,-1.481
1.891,0.206
1.896,-0.405
1.865,-0.373
1.919,-0.602
1.816,-2.759
1.839,-1.398
1.735,-1.262
1.588,-0.688
1.613,-0.321
1.527,-2.091
1.42,-2.324
1.383,-0.877
1.269,-1.8
1.247,-3.13
1.053,-2.404
1.036,-2.737
1.048,-3.013
1.002,-2.383
0.77,0.708
0.763,-1.123
0.738,-2.673
0.754,-0.675
0.667,-1.158
0.621,-3.023
0.698,0.061
0.663,-1.726
0.659,-2.148
0.56,-0.51
0.605,-1.325
0.542,-2.356
0.582,-2.343
0.565,-1.856
0.554,-0.713
0.478,-1.532
0.466,-2.192
0.452,-2.19
0.512,-0.875
0.43,-3.382
0.409,-3.517
0.31,-3.373
0.174,-3.44
0.2,-3.231
0.088,-3.322
-0.383,-3.241
-0.32,-3.39
-0.32,-3.327
-0.394,-3.391
-0.864,-3.326
-1.706,-3.266
-1.83,-3.528
-2.108,-3.506
-2.146,-3.499
-2.499,-3.367
-2.991,-3.331
2.806,-3.337
2.655,-3.541
2.528,-3.544
2.362,-3.293
1.795,-3.502
1.686,-3.536
1.739,-3.329
1.751,-3.256
1.619,-3.358
0.768,-3.688
0.802,-3.533
0.69,-3.687
0.693,-3.593
0.587,-3.652
-0.132,0.979
-0.671,0.767
-0.64,1.087
-0.667,0.96
-1.281,1.041
-1.917,0.854
-1.941,0.906
-2.478,1.015
-2.852,1.003
-2.982,1.087
-3.131,0.945
2.946,0.888
2.906,0.997
2.579,0.99
2.257,1.013
1.51,0.911
1.149,0.982
0.985,0.894
0.537,0.808
0.53,-2.218
0.114,-0.343
-2.003,-2.39
-2.18,-2.654
-2.215,-0.393
-2.309,-0.078
2.757,-2.831
2.263,-1.205
1.85,0.171
-3.025,-3.752
1.685,0.764
0.488,-1.854
0.486,-0.696
0.286,-3.024
0.307,-0.909
0.312,-2.094
0.294,-2.14
0.064,-1.643
0.057,-0.319
0.192,-2.876
0.06,-1.16
0.009,0.249
-0.005,-2.951
-0.057,-3.102
-0.109,-2.05
-0.13,-0.796
0.001,-1.914
-0.165,-3.104
-0.074,-2.138
-0.187,-1.543
-0.296,-2.029
-0.211,-1.452
-0.243,0.15
-0.368,-2.129
-0.365,-1.699
-0.27,-1.867
-0.337,-1.522
-0.522,-1.743
-0.635,-3.131
-0.649,-2.978
-0.594,-2.501
-0.728,-1.711
-0.774,0.665
-0.872,-1.528
-0.966,-2.657
-1.094,-1.367
-1.21,-0.556
-1.466,-2.495
-1.442,-2.378
-1.627,-0.698
-1.484,0.691
-1.665,-2.905
-1.687,-1.466
-1.664,-0.786
-1.666,-1.514
-1.71,-1.667
-1.778,-0.465
-1.867,-2.202
-2.029,-0.669
-2.036,-0.688
-2.18,-1.689
-2.156,-0.664
-2.471,0.63
-2.323,-0.37
-2.505,-0.713
-2.396,0.2
-2.518,-0.636
-2.614,0.575
-2.625,-1.242
-2.632,-2.593
-2.538,0.227
-2.701,-1.81
-2.775,-3.03
-2.652,-0.74
-2.67,-1.473
-2.659,-0.378
-2.714,0.525
-2.732,0.744
-2.738,-1.582
-2.775,-3.115
-2.934,0.532
-2.97,-1.037
-2.975,-0.822
-3.068,-1.14
-3.076,-0.591
-2.975,0.335
-2.975,-1.112
3.116,-1.149
-3.042,-0.766
3.114,-2.579
3.063,-1.607
3.046,-1.881
3.05,-3.2
2.899,0.112
2.875,-2.093
2.946,-3.041
2.83,-2.225
2.856,-0.534
2.712,-0.833
2.731,0.615
2.68,-0.503
2.556,-3.042
2.652,-1.975
2.502,-3.051
2.456,0.101
2.423,-3.061
2.403,-0.909
2.52,-2.424
2.471,-0.041
2.251,0.505
2.198,-0.336
2.062,-1.812
1.903,-1.392
1.977,-1.157
1.88,-0.47
1.857,-1.396
1.536,-1.567
1.517,0.174
1.625,-2.315
1.577,0.089
1.347,-2.303
1.427,0.723
1.004,-1.052
0.973,-2.403
0.972,-1.271
1.074,-2.307
1.059,-2.039
0.866,-1.185
0.898,-2.723
0.747,0.665
0.831,-1.388
0.724,-1.518
0.691,-1.488
0.597,0.594
0.563,0.022
0.667,-1.579
0.636,-0.87
0.612,-0.895
0.442,-1.243
0.539,-2.095
0.398,-3.343
0.407,-3.318
-0.149,-3.533
-0.45,-3.242
-0.577,-3.49
-1.095,-3.613
-1.27,-3.586
-1.872,-3.694
-2.171,-3.208
-2.392,-3.552
-2.402,-3.609
-2.53,-3.518
-2.583,-3.566
-2.594,-3.696
-2.881,-3.571
-2.969,-3.383
2.875,-3.289
2.3,-3.696
1.598,-3.391
1.325,-3.718
0.778,-3.396
0.699,-3.521
0.486,0.867
-0.408,0.981
-1.675,0.853
-1.965,1.091
-2.916,1.003
-3.11,0.869
2.976,1.071
2.706,0.901
2.543,0.924
-0.456,-1.026
-0.464,0.187
-2.103,-2.591
1.372,-2.606
0.03,-1.759
0.006,-2.066
2.463,-0.219
1.243,0.242
0.913,-0.449
0.226,0.094
-0.467,-1.389
-0.761,-2.04
-2.415,-0.555
-2.74,0.194
-2.787,-0.625
-2.734,-2.375
-3.039,-0.572
2.037,0.075
1.226,0.607
0.823,-3.706
-2.742,0.985
-1.086,1.009
-0.868,0.312
-0.007,-1.285
-0.117,-2.344
-0.085,-1.021
-0.123,0.268
-0.121,0.358
-0.196,-0.736
-0.278,-1.362
-0.276,-1.097
-0.241,0.24
-0.3,-1.635
-0.244,-0.399
-0.337,-1.226
-0.273,0.371
-0.349,-0.527
-0.321,1.074
-0.388,-1.857
-0.385,0.481
-0.435,-1.203
-0.522,0.105
-0.54,-2.287
-0.506,-1.369
-0.529,0.135
-0.604,-0.809
-0.631,-2.274
-0.726,0.302
-0.862,0.037
-0.895,0.189
-1.008,-0.663
-1.08,-2.246
-1.095,0.096
-1.051,-0.03
-1.104,0.6
-1.065,-0.749
-1.354,-0.553
-1.353,0.02
-1.345,-0.821
-1.45,0.001
-1.365,0.59
-1.487,-0.907
-1.472,-0.475
-1.429,-0.376
-1.524,-0.001
-1.521,0.79
-1.529,-1.858
-1.539,0.208
-1.552,0.762
-1.557,0.193
-1.653,-0.418
-1.674,0.779
-1.668,-0.009
-1.72,0.797
-1.792,-0.306
-1.742,-0.566
-1.834,-1.731
-1.87,-0.963
-1.885,0.241
-1.826,-0.267
-1.853,0.09
-1.85,-1.151
-1.975,0.56
-1.923,0.059
-1.991,-2.211
-1.925,-2.537
-1.946,-2.185
-1.997,-0.709
-2.11,0.427
-2.057,-1.948
-2.102,1.062
-2.22,-2.028
-2.256,-2.415
-2.199,0.543
-2.253,-0.976
-2.334,-1.71
-2.303,-2.328
-2.34,0.163
-2.401,-0.61
-2.335,-0.12
-2.439,-0.977
-2.419,1.058
-2.584,1.103
-2.629,-0.925
-2.715,1.209
-2.712,-1.825
-2.696,0.058
-2.796,-1.982
-2.878,-0.063
-2.859,-0.984
-2.814,-2.323
-2.823,-1.144
-2.918,-0.264
-2.879,-1.116
-2.894,-2.623
-3.01,0.202
-2.993,-0.834
-3.039,-2.549
-3.096,-0.322
-3.099,-0.331
-3.067,0.827
-3.099,0.118
-3.118,-0.303
-3.124,-0.99
3.125,-0.176
3.022,0.096
2.992,-2.787
3.027,-0.542
3.023,-0.047
3.008,-1.77
2.913,0.774
2.902,0.979
2.888,-1.332
2.854,-0.3
2.797,0.492
2.838,-1.086
2.774,-0.073
2.755,-1.841
2.59,1.104
2.552,-0.951
2.616,-0.395
2.612,-2.219
2.533,0.164
2.517,-1.741
2.483,-0.395
2.423,0.058
2.431,-1.769
2.354,0.322
2.364,-2.064
2.3,-1.387
2.259,-2.222
2.122,-2.26
2.062,-0.268
2.019,-0.038
2.034,-1.058
2.009,0.629
2.014,0.018
1.983,0.05
2.037,-0.179
1.934,-2.336
1.957,-0.975
1.853,-0.839
1.706,-0.265
1.731,0.102
1.645,-1.668
1.538,-1.901
1.501,-0.454
1.387,-1.377
1.365,-2.707
1.171,-1.981
1.154,-2.314
1.166,-2.59
1.12,-1.96
0.888,1.131
0.881,-0.7
0.856,-2.25
0.872,-0.252
0.785,-0.735
0.739,-2.6
0.816,0.484
0.781,-1.303
0.777,-1.725
0.678,-0.087
0.723,-0.902
0.66,-1.933
0.7,-1.92
0.683,-1.433
0.672,-0.29
0.596,-1.109
0.584,-1.769
0.57,-1.767
0.63,-0.452
0.548,-2.959
0.527,-3.094
0.428,-2.95
0.292,-3.017
0.318,-2.808
0.206,-2.899
-0.265,-2.818
-0.202,-2.967
-0.202,-2.904
-0.276,-2.968
-0.746,-2.903
-1.588,-2.843
-1.712,-3.105
-1.99,-3.083
-2.028,-3.076
-2.381,-2.944
-2.873,-2.908
2.924,-2.914
2.773,-3.118
2.646,-3.121
2.48,-2.87
1.913,-3.079
1.804,-3.113
1.857,-2.906
1.869,-2.833
1.737,-2.935
0.886,-3.265
0.92,-3.11
0.808,-3.264
0.811,-3.17
0.705,-3.229
-0.014,1.402
-0.553,1.19
-0.522,1.51
-0.549,1.383
-1.163,1.464
-1.799,1.277
-1.823,1.329
-2.36,1.438
-2.734,1.426
-2.864,1.51
-3.013,1.368
3.064,1.311
3.024,1.42
2.697,1.413
2.375,1.436
1.628,1.334
1.267,1.405
1.103,1.317
0.655,1.231
0.648,-1.795
0.232,0.08
-1.885,-1.967
-2.062,-2.231
-2.097,0.03
-2.191,0.345
2.875,-2.408
2.381,-0.782
1.968,0.594
-2.907,-3.329
1.803,1.187
0.606,-1.431
0.604,-0.273
0.404,-2.601
0.425,-0.486
0.43,-1.671
0.412,-1.717
0.182,-1.22
0.175,0.104
0.31,-2.453
0.178,-0.737
0.127,0.672
0.113,-2.528
0.061,-2.679
0.009,-1.627
-0.012,-0.373
0.119,-1.491
-0.047,-2.681
0.044,-1.715
-0.069,-1.12
-0.178,-1.606
-0.093,-1.029
-0.125,0.573
-0.25,-1.706
-0.247,-1.276
-0.152,-1.444
-0.219,-1.099
-0.404,-1.32
-0.517,-2.708
-0.531,-2.555
-0.476,-2.078
-0.61,-1.288
-0.656,1.088
-0.754,-1.105
-0.848,-2.234
-0.976,-0.944
-1.092,-0.133
-1.348,-2.072
-1.324,-1.955
-1.509,-0.275
-1.366,1.114
-1.547,-2.482
-1.569,-1.043
-1.546,-0.363
-1.548,-1.091
-1.592,-1.244
-1.66,-0.042
-1.749,-1.779
-1.911,-0.246
-1.918,-0.265
-2.062,-1.266
-2.038,-0.241
-2.353,1.053
-2.205,0.053
-2.387,-0.29
-2.278,0.623
-2.4,-0.213
-2.496,0.998
-2.507,-0.819
-2.514,-2.17
-2.42,0.65
-2.583,-1.387
-2.657,-2.607
-2.534,-0.317
-2.552,-1.05
-2.541,0.045
-2.596,0.948
-2.614,1.167
-2.62,-1.159
-2.657,-2.692
-2.816,0.955
-2.852,-0.614
-2.857,-0.399
-2.95,-0.717
-2.958,-0.168
-2.857,0.758
-2.857,-0.689
-3.049,-0.726
-2.924,-0.343
-3.051,-2.156
-3.102,-1.184
-3.119,-1.458
-3.115,-2.777
3.017,0.535
2.993,-1.67
3.064,-2.618
2.948,-1.802
2.974,-0.111
2.83,-0.41
2.849,1.038
2.798,-0.08
2.674,-2.619
2.77,-1.552
2.62,-2.628
2.574,0.524
2.541,-2.638
2.521,-0.486
2.638,-2.001
2.589,0.382
2.369,0.928
2.316,0.087
2.18,-1.389
2.021,-0.969
2.095,-0.734
1.998,-0.047
1.975,-0.973
1.654,-1.144
1.635,0.597
1.743,-1.892
1.695,0.512
1.465,-1.88
1.545,1.146
1.122,-0.629
1.091,-1.98
1.09,-0.848
1.192,-1.884
1.177,-1.616
0.984,-0.762
1.016,-2.3
0.865,1.088
0.949,-0.965
0.842,-1.095
0.809,-1.065
0.715,1.017
0.681,0.445
0.785,-1.156
0.754,-0.447
0.73,-0.472
0.56,-0.82
0.657,-1.672
0.516,-2.92
0.525,-2.895
-0.031,-3.11
-0.332,-2.819
-0.459,-3.067
-0.977,-3.19
-1.152,-3.163
-1.754,-3.271
-2.053,-2.785
-2.274,-3.129
-2.284,-3.186
-2.412,-3.095
-2.465,-3.143
-2.476,-3.273
-2.763,-3.148
-2.851,-2.96
2.993,-2.866
2.418,-3.273
1.716,-2.968
1.443,-3.295
0.896,-2.973
0.817,-3.098
0.604,1.29
-0.29,1.404
-1.557,1.276
-1.847,1.514
-2.798,1.426
-2.992,1.292
3.094,1.494
2.824,1.324
2.661,1.347
-0.338,-0.603
-0.346,0.61
-1.985,-2.168
1.49,-2.183
0.148,-1.336
0.124,-1.643
2.581,0.204
1.361,0.665
1.031,-0.026
0.344,0.517
-0.349,-0.966
-0.643,-1.617
-2.297,-0.132
-2.622,0.617
-2.669,-0.202
-2.616,-1.952
-2.921,-0.149
2.155,0.498
1.344,1.03
0.941,-3.283
-2.624,1.408
-0.968,1.432
-0.75,0.735
-0.11,-1.059
-0.078,0.264
-0.116,1.553
-0.114,1.643
-0.189,0.549
-0.271,-0.077
-0.269,0.188
-0.234,1.525
-0.293,-0.35
-0.237,0.886
-0.33,0.059
-0.266,1.656
-0.342,0.758
-0.314,2.359
-0.381,-0.572
-0.378,1.766
-0.428,0.082
-0.515,1.39
-0.533,-1.002
-0.499,-0.084
-0.522,1.42
-0.597,0.476
-0.624,-0.989
-0.719,1.587
-0.855,1.322
-0.888,1.474
-1.001,0.622
-1.073,-0.961
-1.088,1.381
-1.044,1.255
-1.097,1.885
-1.058,0.536
-1.347,0.732
-1.346,1.305
-1.338,0.464
-1.443,1.286
-1.358,1.875
-1.48,0.378
-1.465,0.81
-1.422,0.909
-1.517,1.284
-1.514,2.075
-1.522,-0.573
-1.532,1.493
-1.545,2.047
-1.55,1.478
-1.646,0.867
-1.667,2.064
-1.661,1.276
-1.713,2.082
-1.785,0.979
-1.735,0.719
-1.827,-0.446
-1.863,0.322
-1.878,1.526
-1.819,1.018
-1.846,1.375
-1.843,0.134
-1.968,1.845
-1.916,1.344
-1.984,-0.926
-1.918,-1.252
-1.939,-0.9
-1.99,0.576
-2.103,1.712
-2.05,-0.663
-2.095,2.347
-2.213,-0.743
-2.249,-1.13
-2.192,1.828
-2.246,0.309
-2.327,-0.425
-2.296,-1.043
-2.333,1.448
-2.394,0.675
-2.328,1.165
-2.432,0.308
-2.412,2.343
-2.577,2.388
-2.622,0.36
-2.708,2.494
-2.705,-0.54
-2.689,1.343
-2.789,-0.697
-2.871,1.222
-2.852,0.301
-2.807,-1.038
-2.816,0.141
-2.911,1.021
-2.872,0.169
-2.887,-1.338
-3.003,1.487
-2.986,0.451
-3.032,-1.264
-3.089,0.963
-3.092,0.954
-3.06,2.112
-3.092,1.403
-3.111,0.982
-3.117,0.295
3.132,1.109
3.029,1.381
2.999,-1.502
3.034,0.743
3.03,1.238
3.015,-0.485
2.92,2.059
2.909,2.264
2.895,-0.047
2.861,0.985
2.804,1.777
2.845,0.199
2.781,1.212
2.762,-0.556
2.597,2.389
2.559,0.334
2.623,0.89
2.619,-0.934
2.54,1.449
2.524,-0.456
2.49,0.89
2.43,1.343
2.438,-0.484
2.361,1.607
2.371,-0.779
2.307,-0.102
2.266,-0.937
2.129,-0.975
2.069,1.017
2.026,1.247
2.041,0.227
2.016,1.914
2.021,1.303
1.99,1.335
2.044,1.106
1.941,-1.051
1.964,0.31
1.86,0.446
1.713,1.02
1.738,1.387
1.652,-0.383
1.545,-0.616
1.508,0.831
1.394,-0.092
1.372,-1.422
1.178,-0.696
1.161,-1.029
1.173,-1.305
1.127,-0.675
0.895,2.416
0.888,0.585
0.863,-0.965
0.879,1.033
0.792,0.55
0.746,-1.315
0.823,1.769
0.788,-0.018
0.784,-0.44
0.685,1.198
0.73,0.383
0.667,-0.648
0.707,-0.635
0.69,-0.148
0.679,0.995
0.603,0.176
0.591,-0.484
0.577,-0.482
0.637,0.833
0.555,-1.674
0.534,-1.809
0.435,-1.665
0.299,-1.732
0.325,-1.523
0.213,-1.614
-0.258,-1.533
-0.195,-1.682
-0.195,-1.619
-0.269,-1.683
-0.739,-1.618
-1.581,-1.558
-1.705,-1.82
-1.983,-1.798
-2.021,-1.791
-2.374,-1.659
-2.866,-1.623
2.931,-1.629
2.78,-1.833
2.653,-1.836
2.487,-1.585
1.92,-1.794
1.811,-1.828
1.864,-1.621
1.876,-1.548
1.744,-1.65
0.893,-1.98
0.927,-1.825
0.815,-1.979
0.818,-1.885
0.712,-1.944
-0.007,2.687
-0.546,2.475
-0.515,2.795
-0.542,2.668
-1.156,2.749
-1.792,2.562
-1.816,2.614
-2.353,2.723
-2.727,2.711
-2.857,2.795
-3.006,2.653
3.071,2.596
3.031,2.705
2.704,2.698
2.382,2.721
1.635,2.619
1.274,2.69
1.11,2.602
0.662,2.516
0.655,-0.51
0.239,1.365
-1.878,-0.682
-2.055,-0.946
-2.09,1.315
-2.184,1.63
2.882,-1.123
2.388,0.503
1.975,1.879
-2.9,-2.044
1.81,2.472
0.613,-0.146
0.611,1.012
0.411,-1.316
0.432,0.799
0.437,-0.386
0.419,-0.432
0.189,0.065
0.182,1.389
0.317,-1.168
0.185,0.548
0.134,1.957
0.12,-1.243
0.068,-1.394
0.016,-0.342
-0.005,0.912
0.126,-0.206
-0.04,-1.396
0.051,-0.43
-0.062,0.165
-0.171,-0.321
-0.086,0.256
-0.118,1.858
-0.243,-0.421
-0.24,0.009
-0.145,-0.159
-0.212,0.186
-0.397,-0.035
-0.51,-1.423
-0.524,-1.27
-0.469,-0.793
-0.603,-0.003
-0.649,2.373
-0.747,0.18
-0.841,-0.949
-0.969,0.341
-1.085,1.152
-1.341,-0.787
-1.317,-0.67
-1.502,1.01
-1.359,2.399
-1.54,-1.197
-1.562,0.242
-1.539,0.922
-1.541,0.194
-1.585,0.041
-1.653,1.243
-1.742,-0.494
-1.904,1.039
-1.911,1.02
-2.055,0.019
-2.031,1.044
-2.346,2.338
-2.198,1.338
-2.38,0.995
-2.271,1.908
-2.393,1.072
-2.489,2.283
-2.5,0.466
-2.507,-0.885
-2.413,1.935
-2.576,-0.102
-2.65,-1.322
-2.527,0.968
-2.545,0.235
-2.534,1.33
-2.589,2.233
-2.607,2.452
-2.613,0.126
-2.65,-1.407
-2.809,2.24
-2.845,0.671
-2.85,0.886
-2.943,0.568
-2.951,1.117
-2.85,2.043
-2.85,0.596
-3.042,0.559
-2.917,0.942
-3.044,-0.871
-3.095,0.101
-3.112,-0.173
-3.108,-1.492
3.024,1.82
3.0,-0.385
3.071,-1.333
2.955,-0.517
2.981,1.174
2.837,0.875
2.856,2.323
2.805,1.205
2.681,-1.334
2.777,-0.267
2.627,-1.343
2.581,1.809
2.548,-1.353
2.528,0.799
2.645,-0.716
2.596,1.667
2.376,2.213
2.323,1.372
2.187,-0.104
2.028,0.316
2.102,0.551
2.005,1.238
1.982,0.312
1.661,0.141
1.642,1.882
1.75,-0.607
1.702,1.797
1.472,-0.595
1.552,2.431
1.129,0.656
1.098,-0.695
1.097,0.437
1.199,-0.599
1.184,-0.331
0.991,0.523
1.023,-1.015
0.872,2.373
0.956,0.32
0.849,0.19
0.816,0.22
0.722,2.302
0.688,1.73
0.792,0.129
0.761,0.838
0.737,0.813
0.567,0.465
0.664,-0.387
0.523,-1.635
0.532,-1.61
-0.024,-1.825
-0.325,-1.534
-0.452,-1.782
-0.97,-1.905
-1.145,-1.878
-1.747,-1.986
-2.046,-1.5
-2.267,-1.844
-2.277,-1.901
-2.405,-1.81
-2.458,-1.858
-2.469,-1.988
-2.756,-1.863
-2.844,-1.675
3.0,-1.581
2.425,-1.988
1.723,-1.683
1.45,-2.01
0.903,-1.688
0.824,-1.813
0.611,2.575
-0.283,2.689
-1.55,2.561
-1.84,2.799
-2.791,2.711
-2.985,2.577
3.101,2.779
2.831,2.609
2.668,2.632
-0.331,0.682
-0.339,1.895
-1.978,-0.883
1.497,-0.898
0.155,-0.051
0.131,-0.358
2.588,1.489
1.368,1.95
1.038,1.259
0.351,1.802
-0.342,0.319
-0.636,-0.332
-2.29,1.153
-2.615,1.902
-2.662,1.083
-2.609,-0.667
-2.914,1.136
2.162,1.783
1.351,2.315
0.948,-1.998
-2.617,2.693
-0.961,2.717
-0.743,2.02
0.032,1.323
-0.006,2.612
-0.004,2.702
-0.079,1.608
-0.161,0.982
-0.159,1.247
-0.124,2.584
-0.183,0.709
-0.127,1.945
-0.22,1.118
-0.156,2.715
-0.232,1.817
-0.204,3.418
-0.271,0.487
-0.268,2.825
-0.318,1.141
-0.405,2.449
-0.423,0.057
-0.389,0.975
-0.412,2.479
-0.487,1.535
-0.514,0.07
-0.609,2.646
-0.745,2.381
-0.778,2.533
-0.891,1.681
-0.963,0.098
-0.978,2.44
-0.934,2.314
-0.987,2.944
-0.948,1.595
-1.237,1.791
-1.236,2.364
-1.228,1.523
-1.333,2.345
-1.248,2.934
-1.37,1.437
-1.355,1.869
-1.312,1.968
-1.407,2.343
-1.404,3.134
-1.412,0.486
-1.422,2.552
-1.435,3.106
-1.44,2.537
-1.536,1.926
-1.557,3.123
-1.551,2.335
-1.603,3.141
-1.675,2.038
-1.625,1.778
-1.717,0.613
-1.753,1.381
-1.768,2.585
-1.709,2.077
-1.736,2.434
-1.733,1.193
-1.858,2.904
-1.806,2.403
-1.874,0.133
-1.808,-0.193
-1.829,0.159
-1.88,1.635
-1.993,2.771
-1.94,0.396
-1.985,3.406
-2.103,0.316
-2.139,-0.071
-2.082,2.887
-2.136,1.368
-2.217,0.634
-2.186,0.016
-2.223,2.507
-2.284,1.734
-2.218,2.224
-2.322,1.367
-2.302,3.402
-2.467,3.447
-2.512,1.419
-2.598,3.553
-2.595,0.519
-2.579,2.402
-2.679,0.362
-2.761,2.281
-2.742,1.36
-2.697,0.021
-2.706,1.2
-2.801,2.08
-2.762,1.228
-2.777,-0.279
-2.893,2.546
-2.876,1.51
-2.922,-0.205
-2.979,2.022
-2.982,2.013
-2.95,3.171
-2.982,2.462
-3.001,2.041
-3.007,1.354
-3.041,2.168
3.139,2.44
3.109,-0.443
-3.139,1.802
3.14,2.297
3.125,0.574
3.03,3.118
3.019,3.323
3.005,1.012
2.971,2.044
2.914,2.836
2.955,1.258
2.891,2.271
2.872,0.503
2.707,3.448
2.669,1.393
2.733,1.949
2.729,0.125
2.65,2.508
2.634,0.603
2.6,1.949
2.54,2.402
2.548,0.575
2.471,2.666
2.481,0.28
2.417,0.957
2.376,0.122
2.239,0.084
2.179,2.076
2.136,2.306
2.151,1.286
2.126,2.973
2.131,2.362
2.1,2.394
2.154,2.165
2.051,0.008
2.074,1.369
1.97,1.505
1.823,2.079
1.848,2.446
1.762,0.676
1.655,0.443
1.618,1.89
1.504,0.967
1.482,-0.363
1.288,0.363
1.271,0.03
1.283,-0.246
1.237,0.384
1.005,3.475
0.998,1.644
0.973,0.094
0.989,2.092
0.902,1.609
0.856,-0.256
0.933,2.828
0.898,1.041
0.894,0.619
0.795,2.257
0.84,1.442
0.777,0.411
0.817,0.424
0.8,0.911
0.789,2.054
0.713,1.235
0.701,0.575
0.687,0.577
0.747,1.892
0.665,-0.615
0.644,-0.75
0.545,-0.606
0.409,-0.673
0.435,-0.464
0.323,-0.555
-0.148,-0.474
-0.085,-0.623
-0.085,-0.56
-0.159,-0.624
-0.629,-0.559
-1.471,-0.499
-1.595,-0.761
-1.873,-0.739
-1.911,-0.732
-2.264,-0.6
-2.756,-0.564
3.041,-0.57
2.89,-0.774
2.763,-0.777
2.597,-0.526
2.03,-0.735
1.921,-0.769
1.974,-0.562
1.986,-0.489
1.854,-0.591
1.003,-0.921
1.037,-0.766
0.925,-0.92
0.928,-0.826
0.822,-0.885
0.103,3.746
-0.436,3.534
-0.405,3.854
-0.432,3.727
-1.046,3.808
-1.682,3.621
-1.706,3.673
-2.243,3.782
-2.617,3.77
-2.747,3.854
-2.896,3.712
-3.102,3.655
3.141,3.764
2.814,3.757
2.492,3.78
1.745,3.678
1.384,3.749
1.22,3.661
0.772,3.575
0.765,0.549
0.349,2.424
-1.768,0.377
-1.945,0.113
-1.98,2.374
-2.074,2.689
2.992,-0.064
2.498,1.562
2.085,2.938
-2.79,-0.985
1.92,3.531
0.723,0.913
0.721,2.071
0.521,-0.257
0.542,1.858
0.547,0.673
0.529,0.627
0.299,1.124
0.292,2.448
0.427,-0.109
0.295,1.607
0.244,3.016
0.23,-0.184
0.178,-0.335
0.126,0.717
0.105,1.971
0.236,0.853
0.07,-0.337
0.161,0.629
0.048,1.224
-0.061,0.738
0.024,1.315
-0.008,2.917
-0.133,0.638
-0.13,1.068
-0.035,0.9
-0.102,1.245
-0.287,1.024
-0.4,-0.364
-0.414,-0.211
-0.359,0.266
-0.493,1.056
-0.539,3.432
-0.637,1.239
-0.731,0.11
-0.859,1.4
-0.975,2.211
-1.231,0.272
-1.207,0.389
-1.392,2.069
-1.249,3.458
-1.43,-0.138
-1.452,1.301
-1.429,1.981
-1.431,1.253
-1.475,1.1
-1.543,2.302
-1.632,0.565
-1.794,2.098
-1.801,2.079
-1.945,1.078
-1.921,2.103
-2.236,3.397
-2.088,2.397
-2.27,2.054
-2.161,2.967
-2.283,2.131
-2.379,3.342
-2.39,1.525
-2.397,0.174
-2.303,2.994
-2.466,0.957
-2.54,-0.263
-2.417,2.027
-2.435,1.294
-2.424,2.389
-2.479,3.292
-2.497,3.511
-2.503,1.185
-2.54,-0.348
-2.699,3.299
-2.735,1.73
-2.74,1.945
-2.833,1.627
-2.841,2.176
-2.74,3.102
-2.74,1.655
-2.932,1.618
-2.807,2.001
-2.934,0.188
-2.985,1.16
-3.002,0.886
-2.998,-0.433
3.134,2.879
3.11,0.674
-3.102,-0.274
3.065,0.542
3.091,2.233
2.947,1.934
2.966,3.382
2.915,2.264
2.791,-0.275
2.887,0.792
2.737,-0.284
2.691,2.868
2.658,-0.294
2.638,1.858
2.755,0.343
2.706,2.726
2.486,3.272
2.433,2.431
2.297,0.955
2.138,1.375
2.212,1.61
2.115,2.297
2.092,1.371
1.771,1.2
1.752,2.941
1.86,0.452
1.812,2.856
1.582,0.464
1.662,3.49
1.239,1.715
1.208,0.364
1.207,1.496
1.309,0.46
1.294,0.728
1.101,1.582
1.133,0.044
0.982,3.432
1.066,1.379
0.959,1.249
0.926,1.279
0.832,3.361
0.798,2.789
0.902,1.188
0.871,1.897
0.847,1.872
0.677,1.524
0.774,0.672
0.633,-0.576
0.642,-0.551
0.086,-0.766
-0.215,-0.475
-0.342,-0.723
-0.86,-0.846
-1.035,-0.819
-1.637,-0.927
-1.936,-0.441
-2.157,-0.785
-2.167,-0.842
-2.295,-0.751
-2.348,-0.799
-2.359,-0.929
-2.646,-0.804
-2.734,-0.616
3.11,-0.522
2.535,-0.929
1.833,-0.624
1.56,-0.951
1.013,-0.629
0.934,-0.754
0.721,3.634
-0.173,3.748
-1.44,3.62
-1.73,3.858
-2.681,3.77
-2.875,3.636
-3.072,3.838
2.941,3.668
2.778,3.691
-0.221,1.741
-0.229,2.954
-1.868,0.176
1.607,0.161
0.265,1.008
0.241,0.701
2.698,2.548
1.478,3.009
1.148,2.318
0.461,2.861
-0.232,1.378
-0.526,0.727
-2.18,2.212
-2.505,2.961
-2.552,2.142
-2.499,0.392
-2.804,2.195
2.272,2.842
1.461,3.374
1.058,-0.939
-2.507,3.752
-0.851,3.776
-0.633,3.079
-0.038,1.289
-0.036,1.379
-0.111,0.285
-0.193,-0.341
-0.191,-0.076
-0.156,1.261
-0.215,-0.614
-0.159,0.622
-0.252,-0.205
-0.188,1.392
-0.264,0.494
-0.236,2.095
-0.303,-0.836
-0.3,1.502
-0.35,-0.182
-0.437,1.126
-0.455,-1.266
-0.421,-0.348
-0.444,1.156
-0.519,0.212
-0.546,-1.253
-0.641,1.323
-0.777,1.058
-0.81,1.21
-0.923,0.358
-0.995,-1.225
-1.01,1.117
-0.966,0.991
-1.019,1.621
-0.98,0.272
-1.269,0.468
-1.268,1.041
-1.26,0.2
-1.365,1.022
-1.28,1.611
-1.402,0.114
-1.387,0.546
-1.344,0.645
-1.439,1.02
-1.436,1.811
-1.444,-0.837
-1.454,1.229
-1.467,1.783
-1.472,1.214
-1.568,0.603
-1.589,1.8
-1.583,1.012
-1.635,1.818
-1.707,0.715
-1.657,0.455
-1.749,-0.71
-1.785,0.058
-1.8,1.262
-1.741,0.754
-1.768,1.111
-1.765,-0.13
-1.89,1.581
-1.838,1.08
-1.906,-1.19
-1.84,-1.516
-1.861,-1.164
-1.912,0.312
-2.025,1.448
-1.972,-0.927
-2.017,2.083
-2.135,-1.007
-2.171,-1.394
-2.114,1.564
-2.168,0.045
-2.249,-0.689
-2.218,-1.307
-2.255,1.184
-2.316,0.411
-2.25,0.901
-2.354,0.044
-2.334,2.079
-2.499,2.124
-2.544,0.096
-2.63,2.23
-2.627,-0.804
-2.611,1.079
-2.711,-0.961
-2.793,0.958
-2.774,0.037
-2.729,-1.302
-2.738,-0.123
-2.833,0.757
-2.794,-0.095
-2.809,-1.602
-2.925,1.223
-2.908,0.187
-2.954,-1.528
-3.011,0.699
-3.014,0.69
-2.982,1.848
-3.014,1.139
-3.033,0.718
-3.039,0.031
-3.073,0.845
3.107,1.117
3.077,-1.766
3.112,0.479
3.108,0.974
3.093,-0.749
2.998,1.795
2.987,2.0
2.973,-0.311
2.939,0.721
2.882,1.513
2.923,-0.065
2.859,0.948
2.84,-0.82
2.675,2.125
2.637,0.07
2.701,0.626
2.697,-1.198
2.618,1.185
2.602,-0.72
2.568,0.626
2.508,1.079
2.516,-0.748
2.439,1.343
2.449,-1.043
2.385,-0.366
2.344,-1.201
2.207,-1.239
2.147,0.753
2.104,0.983
2.119,-0.037
2.094,1.65
2.099,1.039
2.068,1.071
2.122,0.842
2.019,-1.315
2.042,0.046
1.938,0.182
1.791,0.756
1.816,1.123
1.73,-0.647
1.623,-0.88
1.586,0.567
1.472,-0.356
1.45,-1.686
1.256,-0.96
1.239,-1.293
1.251,-1.569
1.205,-0.939
0.973,2.152
0.966,0.321
0.941,-1.229
0.957,0.769
0.87,0.286
0.824,-1.579
0.901,1.505
0.866,-0.282
0.862,-0.704
0.763,0.934
0.808,0.119
0.745,-0.912
0.785,-0.899
0.768,-0.412
0.757,0.731
0.681,-0.088
0.669,-0.748
0.655,-0.746
0.715,0.569
0.633,-1.938
0.612,-2.073
0.513,-1.929
0.377,-1.996
0.403,-1.787
0.291,-1.878
-0.18,-1.797
-0.117,-1.946
-0.117,-1.883
-0.191,-1.947
-0.661,-1.882
-1.503,-1.822
-1.627,-2.084
-1.905,-2.062
-1.943,-2.055
-2.296,-1.923
-2.788,-1.887
3.009,-1.893
2.858,-2.097
2.731,-2.1
2.565,-1.849
1.998,-2.058
1.889,-2.092
1.942,-1.885
1.954,-1.812
1.822,-1.914
0.971,-2.244
1.005,-2.089
0.893,-2.243
0.896,-2.149
0.79,-2.208
0.071,2.423
-0.468,2.211
-0.437,2.531
-0.464,2.404
-1.078,2.485
-1.714,2.298
-1.738,2.35
-2.275,2.459
-2.649,2.447
-2.779,2.531
-2.928,2.389
-3.134,2.332
3.109,2.441
2.782,2.434
2.46,2.457
1.713,2.355
1.352,2.426
1.188,2.338
0.74,2.252
0.733,-0.774
0.317,1.101
-1.8,-0.946
-1.977,-1.21
-2.012,1.051
-2.106,1.366
2.96,-1.387
2.466,0.239
2.053,1.615
-2.822,-2.308
1.888,2.208
0.691,-0.41
0.689,0.748
0.489,-1.58
0.51,0.535
0.515,-0.65
0.497,-0.696
0.267,-0.199
0.26,1.125
0.395,-1.432
0.263,0.284
0.212,1.693
0.198,-1.507
0.146,-1.658
0.094,-0.606
0.073,0.648
0.204,-0.47
0.038,-1.66
0.129,-0.694
0.016,-0.099
-0.093,-0.585
-0.008,-0.008
-0.04,1.594
-0.165,-0.685
-0.162,-0.255
-0.067,-0.423
-0.134,-0.078
-0.319,-0.299
-0.432,-1.687
-0.446,-1.534
-0.391,-1.057
-0.525,-0.267
-0.571,2.109
-0.669,-0.084
-0.763,-1.213
-0.891,0.077
-1.007,0.888
-1.263,-1.051
-1.239,-0.934
-1.424,0.746
-1.281,2.135
-1.462,-1.461
-1.484,-0.022
-1.461,0.658
-1.463,-0.07
-1.507,-0.223
-1.575,0.979
-1.664,-0.758
-1.826,0.775
-1.833,0.756
-1.977,-0.245
-1.953,0.78
-2.268,2.074
-2.12,1.074
-2.302,0.731
-2.193,1.644
-2.315,0.808
-2.411,2.019
-2.422,0.202
-2.429,-1.149
-2.335,1.671
-2.498,-0.366
-2.572,-1.586
-2.449,0.704
-2.467,-0.029
-2.456,1.066
-2.511,1.969
-2.529,2.188
-2.535,-0.138
-2.572,-1.671
-2.731,1.976
-2.767,0.407
-2.772,0.622
-2.865,0.304
-2.873,0.853
-2.772,1.779
-2.772,0.332
-2.964,0.295
-2.839,0.678
-2.966,-1.135
-3.017,-0.163
-3.034,-0.437
-3.03,-1.756
3.102,1.556
3.078,-0.649
-3.134,-1.597
3.033,-0.781
3.059,0.91
2.915,0.611
2.934,2.059
2.883,0.941
2.759,-1.598
2.855,-0.531
2.705,-1.607
2.659,1.545
2.626,-1.617
2.606,0.535
2.723,-0.98
2.674,1.403
2.454,1.949
2.401,1.108
2.265,-0.368
2.106,0.052
2.18,0.287
2.083,0.974
2.06,0.048
1.739,-0.123
1.72,1.618
1.828,-0.871
1.78,1.533
1.55,-0.859
1.63,2.167
1.207,0.392
1.176,-0.959
1.175,0.173
1.277,-0.863
1.262,-0.595
1.069,0.259
1.101,-1.279
0.95,2.109
1.034,0.056
0.927,-0.074
0.894,-0.044
0.8,2.038
0.766,1.466
0.87,-0.135
0.839,0.574
0.815,0.549
0.645,0.201
0.742,-0.651
0.601,-1.899
0.61,-1.874
0.054,-2.089
-0.247,-1.798
-0.374,-2.046
-0.892,-2.169
-1.067,-2.142
-1.669,-2.25
-1.968,-1.764
-2.189,-2.108
-2.199,-2.165
-2.327,-2.074
-2.38,-2.122
-2.391,-2.252
-2.678,-2.127
-2.766,-1.939
3.078,-1.845
2.503,-2.252
1.801,-1.947
1.528,-2.274
0.981,-1.952
0.902,-2.077
0.689,2.311
-0.205,2.425
-1.472,2.297
-1.762,2.535
-2.713,2.447
-2.907,2.313
-3.104,2.515
2.909,2.345
2.746,2.368
-0.253,0.418
-0.261,1.631
-1.9,-1.147
1.575,-1.162
0.233,-0.315
0.209,-0.622
2.666,1.225
1.446,1.686
1.116,0.995
0.429,1.538
-0.264,0.055
-0.558,-0.596
-2.212,0.889
-2.537,1.638
-2.584,0.819
-2.531,-0.931
-2.836,0.872
2.24,1.519
1.429,2.051
1.026,-2.262
-2.539,2.429
-0.883,2.453
-0.665,1.756
0.002,0.09
-0.073,-1.004
-0.155,-1.63
-0.153,-1.365
-0.118,-0.028
-0.177,-1.903
-0.121,-0.667
-0.214,-1.494
-0.15,0.103
-0.226,-0.795
-0.198,0.806
-0.265,-2.125
-0.262,0.213
-0.312,-1.471
-0.399,-0.163
-0.417,-2.555
-0.383,-1.637
-0.406,-0.133
-0.481,-1.077
-0.508,-2.542
-0.603,0.034
-0.739,-0.231
-0.772,-0.079
-0.885,-0.931
-0.957,-2.514
-0.972,-0.172
-0.928,-0.298
-0.981,0.332
-0.942,-1.017
-1.231,-0.821
-1.23,-0.248
-1.222,-1.089
-1.327,-0.267
-1.242,0.322
-1.364,-1.175
-1.349,-0.743
-1.306,-0.644
-1.401,-0.269
-1.398,0.522
-1.406,-2.126
-1.416,-0.06
-1.429,0.494
-1.434,-0.075
-1.53,-0.686
-1.551,0.511
-1.545,-0.277
-1.597,0.529
-1.669,-0.574
-1.619,-0.834
-1.711,-1.999
-1.747,-1.231
-1.762,-0.027
-1.703,-0.535
-1.73,-0.178
-1.727,-1.419
-1.852,0.292
-1.8,-0.209
-1.868,-2.479
-1.802,-2.805
-1.823,-2.453
-1.874,-0.977
-1.987,0.159
-1.934,-2.216
-1.979,0.794
-2.097,-2.296
-2.133,-2.683
-2.076,0.275
-2.13,-1.244
-2.211,-1.978
-2.18,-2.596
-2.217,-0.105
-2.278,-0.878
-2.212,-0.388
-2.316,-1.245
-2.296,0.79
-2.461,0.835
-2.506,-1.193
-2.592,0.941
-2.589,-2.093
-2.573,-0.21
-2.673,-2.25
-2.755,-0.331
-2.736,-1.252
-2.691,-2.591
-2.7,-1.412
-2.795,-0.532
-2.756,-1.384
-2.771,-2.891
-2.887,-0.066
-2.87,-1.102
-2.916,-2.817
-2.973,-0.59
-2.976,-0.599
-2.944,0.559
-2.976,-0.15
-2.995,-0.571
-3.001,-1.258
-3.035,-0.444
-3.138,-0.172
3.115,-3.055
-3.133,-0.81
-3.137,-0.315
3.131,-2.038
3.036,0.506
3.025,0.711
3.011,-1.6
2.977,-0.568
2.92,0.224
2.961,-1.354
2.897,-0.341
2.878,-2.109
2.713,0.836
2.675,-1.219
2.739,-0.663
2.735,-2.487
2.656,-0.104
2.64,-2.009
2.606,-0.663
2.546,-0.21
2.554,-2.037
2.477,0.054
2.487,-2.332
2.423,-1.655
2.382,-2.49
2.245,-2.528
2.185,-0.536
2.142,-0.306
2.157,-1.326
2.132,0.361
2.137,-0.25
2.106,-0.218
2.16,-0.447
2.057,-2.604
2.08,-1.243
1.976,-1.107
1.829,-0.533
1.854,-0.166
1.768,-1.936
1.661,-2.169
1.624,-0.722
1.51,-1.645
1.488,-2.975
1.294,-2.249
1.277,-2.582
1.289,-2.858
1.243,-2.228
1.011,0.863
1.004,-0.968
0.979,-2.518
0.995,-0.52
0.908,-1.003
0.862,-2.868
0.939,0.216
0.904,-1.571
0.9,-1.993
0.801,-0.355
0.846,-1.17
0.783,-2.201
0.823,-2.188
0.806,-1.701
0.795,-0.558
0.719,-1.377
0.707,-2.037
0.693,-2.035
0.753,-0.72
0.671,-3.227
0.65,-3.362
0.551,-3.218
0.415,-3.285
0.441,-3.076
0.329,-3.167
-0.142,-3.086
-0.079,-3.235
-0.079,-3.172
-0.153,-3.236
-0.623,-3.171
-1.465,-3.111
-1.589,-3.373
-1.867,-3.351
-1.905,-3.344
-2.258,-3.212
-2.75,-3.176
3.047,-3.182
2.896,-3.386
2.769,-3.389
2.603,-3.138
2.036,-3.347
1.927,-3.381
1.98,-3.174
1.992,-3.101
1.86,-3.203
1.009,-3.533
1.043,-3.378
0.931,-3.532
0.934,-3.438
0.828,-3.497
0.109,1.134
-0.43,0.922
-0.399,1.242
-0.426,1.115
-1.04,1.196
-1.676,1.009
-1.7,1.061
-2.237,1.17
-2.611,1.158
-2.741,1.242
-2.89,1.1
-3.096,1.043
-3.136,1.152
2.82,1.145
2.498,1.168
1.751,1.066
1.39,1.137
1.226,1.049
0.778,0.963
0.771,-2.063
0.355,-0.188
-1.762,-2.235
-1.939,-2.499
-1.974,-0.238
-2.068,0.077
2.998,-2.676
2.504,-1.05
2.091,0.326
-2.784,-3.597
1.926,0.919
0.729,-1.699
0.727,-0.541
0.527,-2.869
0.548,-0.754
0.553,-1.939
0.535,-1.985
0.305,-1.488
0.298,-0.164
0.433,-2.721
0.301,-1.005
0.25,0.404
0.236,-2.796
0.184,-2.947
0.132,-1.895
0.111,-0.641
0.242,-1.759
0.076,-2.949
0.167,-1.983
0.054,-1.388
-0.055,-1.874
0.03,-1.297
-0.002,0.305
-0.127,-1.974
-0.124,-1.544
-0.029,-1.712
-0.096,-1.367
-0.281,-1.588
-0.394,-2.976
-0.408,-2.823
-0.353,-2.346
-0.487,-1.556
-0.533,0.82
-0.631,-1.373
-0.725,-2.502
-0.853,-1.212
-0.969,-0.401
-1.225,-2.34
-1.201,-2.223
-1.386,-0.543
-1.243,0.846
-1.424,-2.75
-1.446,-1.311
-1.423,-0.631
-1.425,-1.359
-1.469,-1.512
-1.537,-0.31
-1.626,-2.047
-1.788,-0.514
-1.795,-0.533
-1.939,-1.534
-1.915,-0.509
-2.23,0.785
-2.082,-0.215
-2.264,-0.558
-2.155,0.355
-2.277,-0.481
-2.373,0.73
-2.384,-1.087
-2.391,-2.438
-2.297,0.382
-2.46,-1.655
-2.534,-2.875
-2.411,-0.585
-2.429,-1.318
-2.418,-0.223
-2.473,0.68
-2.491,0.899
-2.497,-1.427
-2.534,-2.96
-2.693,0.687
-2.729,-0.882
-2.734,-0.667
-2.827,-0.985
-2.835,-0.436
-2.734,0.49
-2.734,-0.957
-2.926,-0.994
-2.801,-0.611
-2.928,-2.424
-2.979,-1.452
-2.996,-1.726
-2.992,-3.045
3.14,0.267
3.116,-1.938
-3.096,-2.886
3.071,-2.07
3.097,-0.379
2.953,-0.678
2.972,0.77
2.921,-0.348
2.797,-2.887
2.893,-1.82
2.743,-2.896
2.697,0.256
2.664,-2.906
2.644,-0.754
2.761,-2.269
2.712,0.114
2.492,0.66
2.439,-0.181
2.303,-1.657
2.144,-1.237
2.218,-1.002
2.121,-0.315
2.098,-1.241
1.777,-1.412
1.758,0.329
1.866,-2.16
1.818,0.244
1.588,-2.148
1.668,0.878
1.245,-0.897
1.214,-2.248
1.213,-1.116
1.315,-2.152
1.3,-1.884
1.107,-1.03
1.139,-2.568
0.988,0.82
1.072,-1.233
0.965,-1.363
0.932,-1.333
0.838,0.749
0.804,0.177
0.908,-1.424
0.877,-0.715
0.853,-0.74
0.683,-1.088
0.78,-1.94
0.639,-3.188
0.648,-3.163
0.092,-3.378
-0.209,-3.087
-0.336,-3.335
-0.854,-3.458
-1.029,-3.431
-1.631,-3.539
-1.93,-3.053
-2.151,-3.397
-2.161,-3.454
-2.289,-3.363
-2.342,-3.411
-2.353,-3.541
-2.64,-3.416
-2.728,-3.228
3.116,-3.134
2.541,-3.541
1.839,-3.236
1.566,-3.563
1.019,-3.241
0.94,-3.366
0.727,1.022
-0.167,1.136
-1.434,1.008
-1.724,1.246
-2.675,1.158
-2.869,1.024
-3.066,1.226
2.947,1.056
2.784,1.079
-0.215,-0.871
-0.223,0.342
-1.862,-2.436
1.613,-2.451
0.271,-1.604
0.247,-1.911
2.704,-0.064
1.484,0.397
1.154,-0.294
0.467,0.249
-0.226,-1.234
-0.52,-1.885
-2.174,-0.4
-2.499,0.349
-2.546,-0.47
-2.493,-2.22
-2.798,-0.417
2.278,0.23
1.467,0.762
1.064,-3.551
-2.501,1.14
-0.845,1.164
-0.627,0.467
-0.075,-1.094
-0.157,-1.72
-0.155,-1.455
-0.12,-0.118
-0.179,-1.993
-0.123,-0.757
-0.216,-1.584
-0.152,0.013
-0.228,-0.885
-0.2,0.716
-0.267,-2.215
-0.264,0.123
-0.314,-1.561
-0.401,-0.253
-0.419,-2.645
-0.385,-1.727
-0.408,-0.223
-0.483,-1.167
-0.51,-2.632
-0.605,-0.056
-0.741,-0.321
-0.774,-0.169
-0.887,-1.021
-0.959,-2.604
-0.974,-0.262
-0.93,-0.388
-0.983,0.242
-0.944,-1.107
-1.233,-0.911
-1.232,-0.338
-1.224,-1.179
-1.329,-0.357
-1.244,0.232
-1.366,-1.265
-1.351,-0.833
-1.308,-0.734
-1.403,-0.359
-1.4,0.432
-1.408,-2.216
-1.418,-0.15
-1.431,0.404
-1.436,-0.165
-1.532,-0.776
-1.553,0.421
-1.547,-0.367
-1.599,0.439
-1.671,-0.664
-1.621,-0.924
-1.713,-2.089
-1.749,-1.321
-1.764,-0.117
-1.705,-0.625
-1.732,-0.268
-1.729,-1.509
-1.854,0.202
-1.802,-0.299
-1.87,-2.569
-1.804,-2.895
-1.825,-2.543
-1.876,-1.067
-1.989,0.069
-1.936,-2.306
-1.981,0.704
-2.099,-2.386
-2.135,-2.773
-2.078,0.185
-2.132,-1.334
-2.213,-2.068
-2.182,-2.686
-2.219,-0.195
-2.28,-0.968
-2.214,-0.478
-2.318,-1.335
-2.298,0.7
-2.463,0.745
-2.508,-1.283
-2.594,0.851
-2.591,-2.183
-2.575,-0.3
-2.675,-2.34
-2.757,-0.421
-2.738,-1.342
-2.693,-2.681
-2.702,-1.502
-2.797,-0.622
-2.758,-1.474
-2.773,-2.981
-2.889,-0.156
-2.872,-1.192
-2.918,-2.907
-2.975,-0.68
-2.978,-0.689
-2.946,0.469
-2.978,-0.24
-2.997,-0.661
-3.003,-1.348
-3.037,-0.534
-3.14,-0.262
3.113,-3.145
-3.135,-0.9
-3.139,-0.405
3.129,-2.128
3.034,0.416
3.023,0.621
3.009,-1.69
2.975,-0.658
2.918,0.134
2.959,-1.444
2.895,-0.431
2.876,-2.199
2.711,0.746
2.673,-1.309
2.737,-0.753
2.733,-2.577
2.654,-0.194
2.638,-2.099
2.604,-0.753
2.544,-0.3
2.552,-2.127
2.475,-0.036
2.485,-2.422
2.421,-1.745
2.38,-2.58
2.243,-2.618
2.183,-0.626
2.14,-0.396
2.155,-1.416
2.13,0.271
2.135,-0.34
2.104,-0.308
2.158,-0.537
2.055,-2.694
2.078,-1.333
1.974,-1.197
1.827,-0.623
1.852,-0.256
1.766,-2.026
1.659,-2.259
1.622,-0.812
1.508,-1.735
1.486,-3.065
1.292,-2.339
1.275,-2.672
1.287,-2.948
1.241,-2.318
1.009,0.773
1.002,-1.058
0.977,-2.608
0.993,-0.61
0.906,-1.093
0.86,-2.958
0.937,0.126
0.902,-1.661
0.898,-2.083
0.799,-0.445
0.844,-1.26
0.781,-2.291
0.821,-2.278
0.804,-1.791
0.793,-0.648
0.717,-1.467
0.705,-2.127
0.691,-2.125
0.751,-0.81
0.669,-3.317
0.648,-3.452
0.549,-3.308
0.413,-3.375
0.439,-3.166
0.327,-3.257
-0.144,-3.176
-0.081,-3.325
-0.081,-3.262
-0.155,-3.326
-0.625,-3.261
-1.467,-3.201
-1.591,-3.463
-1.869,-3.441
-1.907,-3.434
-2.26,-3.302
-2.752,-3.266
3.045,-3.272
2.894,-3.476
2.767,-3.479
2.601,-3.228
2.034,-3.437
1.925,-3.471
1.978,-3.264
1.99,-3.191
1.858,-3.293
1.007,-3.623
1.041,-3.468
0.929,-3.622
0.932,-3.528
0.826,-3.587
0.107,1.044
-0.432,0.832
-0.401,1.152
-0.428,1.025
-1.042,1.106
-1.678,0.919
-1.702,0.971
-2.239,1.08
-2.613,1.068
-2.743,1.152
-2.892,1.01
-3.098,0.953
-3.138,1.062
2.818,1.055
2.496,1.078
1.749,0.976
1.388,1.047
1.224,0.959
0.776,0.873
0.769,-2.153
0.353,-0.278
-1.764,-2.325
-1.941,-2.589
-1.976,-0.328
-2.07,-0.013
2.996,-2.766
2.502,-1.14
2.089,0.236
-2.786,-3.687
1.924,0.829
0.727,-1.789
0.725,-0.631
0.525,-2.959
0.546,-0.844
0.551,-2.029
0.533,-2.075
0.303,-1.578
0.296,-0.254
0.431,-2.811
0.299,-1.095
0.248,0.314
0.234,-2.886
0.182,-3.037
0.13,-1.985
0.109,-0.731
0.24,-1.849
0.074,-3.039
0.165,-2.073
0.052,-1.478
-0.057,-1.964
0.028,-1.387
-0.004,0.215
-0.129,-2.064
-0.126,-1.634
-0.031,-1.802
-0.098,-1.457
-0.283,-1.678
-0.396,-3.066
-0.41,-2.913
-0.355,-2.436
-0.489,-1.646
-0.535,0.73
-0.633,-1.463
-0.727,-2.592
-0.855,-1.302
-0.971,-0.491
-1.227,-2.43
-1.203,-2.313
-1.388,-0.633
-1.245,0.756
-1.426,-2.84
-1.448,-1.401
-1.425,-0.721
-1.427,-1.449
-1.471,-1.602
-1.539,-0.4
-1.628,-2.137
-1.79,-0.604
-1.797,-0.623
-1.941,-1.624
-1.917,-0.599
-2.232,0.695
-2.084,-0.305
-2.266,-0.648
-2.157,0.265
-2.279,-0.571
-2.375,0.64
-2.386,-1.177
-2.393,-2.528
-2.299,0.292
-2.462,-1.745
-2.536,-2.965
-2.413,-0.675
-2.431,-1.408
-2.42,-0.313
-2.475,0.59
-2.493,0.809
-2.499,-1.517
-2.536,-3.05
-2.695,0.597
-2.731,-0.972
-2.736,-0.757
-2.829,-1.075
-2.837,-0.526
-2.736,0.4
-2.736,-1.047
-2.928,-1.084
-2.803,-0.701
-2.93,-2.514
-2.981,-1.542
-2.998,-1.816
-2.994,-3.135
3.138,0.177
3.114,-2.028
-3.098,-2.976
3.069,-2.16
3.095,-0.469
2.951,-0.768
2.97,0.68
2.919,-0.438
2.795,-2.977
2.891,-1.91
2.741,-2.986
2.695,0.166
2.662,-2.996
2.642,-0.844
2.759,-2.359
2.71,0.024
2.49,0.57
2.437,-0.271
2.301,-1.747
2.142,-1.327
2.216,-1.092
2.119,-0.405
2.096,-1.331
1.775,-1.502
1.756,0.239
1.864,-2.25
1.816,0.154
1.586,-2.238
1.666,0.788
1.243,-0.987
1.212,-2.338
1.211,-1.206
1.313,-2.242
1.298,-1.974
1.105,-1.12
1.137,-2.658
0.986,0.73
1.07,-1.323
0.963,-1.453
0.93,-1.423
0.836,0.659
0.802,0.087
0.906,-1.514
0.875,-0.805
0.851,-0.83
0.681,-1.178
0.778,-2.03
0.637,-3.278
0.646,-3.253
0.09,-3.468
-0.211,-3.177
-0.338,-3.425
-0.856,-3.548
-1.031,-3.521
-1.633,-3.629
-1.932,-3.143
-2.153,-3.487
-2.163,-3.544
-2.291,-3.453
-2.344,-3.501
-2.355,-3.631
-2.642,-3.506
-2.73,-3.318
3.114,-3.224
2.539,-3.631
1.837,-3.326
1.564,-3.653
1.017,-3.331
0.938,-3.456
0.725,0.932
-0.169,1.046
-1.436,0.918
-1.726,1.156
-2.677,1.068
-2.871,0.934
-3.068,1.136
2.945,0.966
2.782,0.989
-0.217,-0.961
-0.225,0.252
-1.864,-2.526
1.611,-2.541
0.269,-1.694
0.245,-2.001
2.702,-0.154
1.482,0.307
1.152,-0.384
0.465,0.159
-0.228,-1.324
-0.522,-1.975
-2.176,-0.49
-2.501,0.259
-2.548,-0.56
-2.495,-2.31
-2.8,-0.507
2.276,0.14
1.465,0.672
1.062,-3.641
-2.503,1.05
-0.847,1.074
-0.629,0.377
-0.082,-0.626
-0.08,-0.361
-0.045,0.976
-0.104,-0.899
-0.048,0.337
-0.141,-0.49
-0.077,1.107
-0.153,0.209
-0.125,1.81
-0.192,-1.121
-0.189,1.217
-0.239,-0.467
-0.326,0.841
-0.344,-1.551
-0.31,-0.633
-0.333,0.871
-0.408,-0.073
-0.435,-1.538
-0.53,1.038
-0.666,0.773
-0.699,0.925
-0.812,0.073
-0.884,-1.51
-0.899,0.832
-0.855,0.706
-0.908,1.336
-0.869,-0.013
-1.158,0.183
-1.157,0.756
-1.149,-0.085
-1.254,0.737
-1.169,1.326
-1.291,-0.171
-1.276,0.261
-1.233,0.36
-1.328,0.735
-1.325,1.526
-1.333,-1.122
-1.343,0.944
-1.356,1.498
-1.361,0.929
-1.457,0.318
-1.478,1.515
-1.472,0.727
-1.524,1.533
-1.596,0.43
-1.546,0.17
-1.638,-0.995
-1.674,-0.227
-1.689,0.977
-1.63,0.469
-1.657,0.826
-1.654,-0.415
-1.779,1.296
-1.727,0.795
-1.795,-1.475
-1.729,-1.801
-1.75,-1.449
-1.801,0.027
-1.914,1.163
-1.861,-1.212
-1.906,1.798
-2.024,-1.292
-2.06,-1.679
-2.003,1.279
-2.057,-0.24
-2.138,-0.974
-2.107,-1.592
-2.144,0.899
-2.205,0.126
-2.139,0.616
-2.243,-0.241
-2.223,1.794
-2.388,1.839
-2.433,-0.189
-2.519,1.945
-2.516,-1.089
-2.5,0.794
-2.6,-1.246
-2.682,0.673
-2.663,-0.248
-2.618,-1.587
-2.627,-0.408
-2.722,0.472
-2.683,-0.38
-2.698,-1.887
-2.814,0.938
-2.797,-0.098
-2.843,-1.813
-2.9,0.414
-2.903,0.405
-2.871,1.563
-2.903,0.854
-2.922,0.433
-2.928,-0.254
-2.962,0.56
-3.065,0.832
-3.095,-2.051
-3.06,0.194
-3.064,0.689
-3.079,-1.034
3.109,1.51
3.098,1.715
3.084,-0.596
3.05,0.436
2.993,1.228
3.034,-0.35
2.97,0.663
2.951,-1.105
2.786,1.84
2.748,-0.215
2.812,0.341
2.808,-1.483
2.729,0.9
2.713,-1.005
2.679,0.341
2.619,0.794
2.627,-1.033
2.55,1.058
2.56,-1.328
2.496,-0.651
2.455,-1.486
2.318,-1.524
2.258,0.468
2.215,0.698
2.23,-0.322
2.205,1.365
2.21,0.754
2.179,0.786
2.233,0.557
2.13,-1.6
2.153,-0.239
2.049,-0.103
1.902,0.471
1.927,0.838
1.841,-0.932
1.734,-1.165
1.697,0.282
1.583,-0.641
1.561,-1.971
1.367,-1.245
1.35,-1.578
1.362,-1.854
1.316,-1.224
1.084,1.867
1.077,0.036
1.052,-1.514
1.068,0.484
0.981,0.001
0.935,-1.864
1.012,1.22
0.977,-0.567
0.973,-0.989
0.874,0.649
0.919,-0.166
0.856,-1.197
0.896,-1.184
0.879,-0.697
0.868,0.446
0.792,-0.373
0.78,-1.033
0.766,-1.031
0.826,0.284
0.744,-2.223
0.723,-2.358
0.624,-2.214
0.488,-2.281
0.514,-2.072
0.402,-2.163
-0.069,-2.082
-0.006,-2.231
-0.006,-2.168
-0.08,-2.232
-0.55,-2.167
-1.392,-2.107
-1.516,-2.369
-1.794,-2.347
-1.832,-2.34
-2.185,-2.208
-2.677,-2.172
3.12,-2.178
2.969,-2.382
2.842,-2.385
2.676,-2.134
2.109,-2.343
2.0,-2.377
2.053,-2.17
2.065,-2.097
1.933,-2.199
1.082,-2.529
1.116,-2.374
1.004,-2.528
1.007,-2.434
0.901,-2.493
0.182,2.138
-0.357,1.926
-0.326,2.246
-0.353,2.119
-0.967,2.2
-1.603,2.013
-1.627,2.065
-2.164,2.174
-2.538,2.162
-2.668,2.246
-2.817,2.104
-3.023,2.047
-3.063,2.156
2.893,2.149
2.571,2.172
1.824,2.07
1.463,2.141
1.299,2.053
0.851,1.967
0.844,-1.059
0.428,0.816
-1.689,-1.231
-1.866,-1.495
-1.901,0.766
-1.995,1.081
3.071,-1.672
2.577,-0.046
2.164,1.33
-2.711,-2.593
1.999,1.923
0.802,-0.695
0.8,0.463
0.6,-1.865
0.621,0.25
0.626,-0.935
0.608,-0.981
0.378,-0.484
0.371,0.84
0.506,-1.717
0.374,-0.001
0.323,1.408
0.309,-1.792
0.257,-1.943
0.205,-0.891
0.184,0.363
0.315,-0.755
0.149,-1.945
0.24,-0.979
0.127,-0.384
0.018,-0.87
0.103,-0.293
0.071,1.309
-0.054,-0.97
-0.051,-0.54
0.044,-0.708
-0.023,-0.363
-0.208,-0.584
-0.321,-1.972
-0.335,-1.819
-0.28,-1.342
-0.414,-0.552
-0.46,1.824
-0.558,-0.369
-0.652,-1.498
-0.78,-0.208
-0.896,0.603
-1.152,-1.336
-1.128,-1.219
-1.313,0.461
-1.17,1.85
-1.351,-1.746
-1.373,-0.307
-1.35,0.373
-1.352,-0.355
-1.396,-0.508
-1.464,0.694
-1.553,-1.043
-1.715,0.49
-1.722,0.471
-1.866,-0.53
-1.842,0.495
-2.157,1.789
-2.009,0.789
-2.191,0.446
-2.082,1.359
-2.204,0.523
-2.3,1.734
-2.311,-0.083
-2.318,-1.434
-2.224,1.386
-2.387,-0.651
-2.461,-1.871
-2.338,0.419
-2.356,-0.314
-2.345,0.781
-2.4,1.684
-2.418,1.903
-2.424,-0.423
-2.461,-1.956
-2.62,1.691
-2.656,0.122
-2.661,0.337
-2.754,0.019
-2.762,0.568
-2.661,1.494
-2.661,0.047
-2.853,0.01
-2.728,0.393
-2.855,-1.42
-2.906,-0.448
-2.923,-0.722
-2.919,-2.041
-3.07,1.271
-3.094,-0.934
-3.023,-1.882
-3.139,-1.066
-3.113,0.625
3.026,0.326
3.045,1.774
2.994,0.656
2.87,-1.883
2.966,-0.816
2.816,-1.892
2.77,1.26
2.737,-1.902
2.717,0.25
2.834,-1.265
2.785,1.118
2.565,1.664
2.512,0.823
2.376,-0.653
2.217,-0.233
2.291,0.002
2.194,0.689
2.171,-0.237
1.85,-0.408
1.831,1.333
1.939,-1.156
1.891,1.248
1.661,-1.144
1.741,1.882
1.318,0.107
1.287,-1.244
1.286,-0.112
1.388,-1.148
1.373,-0.88
1.18,-0.026
1.212,-1.564
1.061,1.824
1.145,-0.229
1.038,-0.359
1.005,-0.329
0.911,1.753
0.877,1.181
0.981,-0.42
0.95,0.289
0.926,0.264
0.756,-0.084
0.853,-0.936
0.712,-2.184
0.721,-2.159
0.165,-2.374
-0.136,-2.083
-0.263,-2.331
-0.781,-2.454
-0.956,-2.427
-1.558,-2.535
-1.857,-2.049
-2.078,-2.393
-2.088,-2.45
-2.216,-2.359
-2.269,-2.407
-2.28,-2.537
-2.567,-2.412
-2.655,-2.224
-3.094,-2.13
2.614,-2.537
1.912,-2.232
1.639,-2.559
1.092,-2.237
1.013,-2.362
0.8,2.026
-0.094,2.14
-1.361,2.012
-1.651,2.25
-2.602,2.162
-2.796,2.028
-2.993,2.23
3.02,2.06
2.857,2.083
-0.142,0.133
-0.15,1.346
-1.789,-1.432
1.686,-1.447
0.344,-0.6
0.32,-0.907
2.777,0.94
1.557,1.401
1.227,0.71
0.54,1.253
-0.153,-0.23
-0.447,-0.881
-2.101,0.604
-2.426,1.353
-2.473,0.534
-2.42,-1.216
-2.725,0.587
2.351,1.234
1.54,1.766
1.137,-2.547
-2.428,2.144
-0.772,2.168
-0.554,1.471
0.002,0.265
0.037,1.602
-0.022,-0.273
0.034,0.963
-0.059,0.136
0.005,1.733
-0.071,0.835
-0.043,2.436
-0.11,-0.495
-0.107,1.843
-0.157,0.159
-0.244,1.467
-0.262,-0.925
-0.228,-0.007
-0.251,1.497
-0.326,0.553
-0.353,-0.912
-0.448,1.664
-0.584,1.399
-0.617,1.551
-0.73,0.699
-0.802,-0.884
-0.817,1.458
-0.773,1.332
-0.826,1.962
-0.787,0.613
-1.076,0.809
-1.075,1.382
-1.067,0.541
-1.172,1.363
-1.087,1.952
-1.209,0.455
-1.194,0.887
-1.151,0.986
-1.246,1.361
-1.243,2.152
-1.251,-0.496
-1.261,1.57
-1.274,2.124
-1.279,1.555
-1.375,0.944
-1.396,2.141
-1.39,1.353
-1.442,2.159
-1.514,1.056
-1.464,0.796
-1.556,-0.369
-1.592,0.399
-1.607,1.603
-1.548,1.095
-1.575,1.452
-1.572,0.211
-1.697,1.922
-1.645,1.421
-1.713,-0.849
-1.647,-1.175
-1.668,-0.823
-1.719,0.653
-1.832,1.789
-1.779,-0.586
-1.824,2.424
-1.942,-0.666
-1.978,-1.053
-1.921,1.905
-1.975,0.386
-2.056,-0.348
-2.025,-0.966
-2.062,1.525
-2.123,0.752
-2.057,1.242
-2.161,0.385
-2.141,2.42
-2.306,2.465
-2.351,0.437
-2.437,2.571
-2.434,-0.463
-2.418,1.42
-2.518,-0.62
-2.6,1.299
-2.581,0.378
-2.536,-0.961
-2.545,0.218
-2.64,1.098
-2.601,0.246
-2.616,-1.261
-2.732,1.564
-2.715,0.528
-2.761,-1.187
-2.818,1.04
-2.821,1.031
-2.789,2.189
-2.821,1.48
-2.84,1.059
-2.846,0.372
-2.88,1.186
-2.983,1.458
-3.013,-1.425
-2.978,0.82
-2.982,1.315
-2.997,-0.408
-3.092,2.136
-3.103,2.341
-3.117,0.03
3.132,1.062
3.075,1.854
3.116,0.276
3.052,1.289
3.033,-0.479
2.868,2.466
2.83,0.411
2.894,0.967
2.89,-0.857
2.811,1.526
2.795,-0.379
2.761,0.967
2.701,1.42
2.709,-0.407
2.632,1.684
2.642,-0.702
2.578,-0.025
2.537,-0.86
2.4,-0.898
2.34,1.094
2.297,1.324
2.312,0.304
2.287,1.991
2.292,1.38
2.261,1.412
2.315,1.183
2.212,-0.974
2.235,0.387
2.131,0.523
1.984,1.097
2.009,1.464
1.923,-0.306
1.816,-0.539
1.779,0.908
1.665,-0.015
1.643,-1.345
1.449,-0.619
1.432,-0.952
1.444,-1.228
1.398,-0.598
1.166,2.493
1.159,0.662
1.134,-0.888
1.15,1.11
1.063,0.627
1.017,-1.238
1.094,1.846
1.059,0.059
1.055,-0.363
0.956,1.275
1.001,0.46
0.938,-0.571
0.978,-0.558
0.961,-0.071
0.95,1.072
0.874,0.253
0.862,-0.407
0.848,-0.405
0.908,0.91
0.826,-1.597
0.805,-1.732
0.706,-1.588
0.57,-1.655
0.596,-1.446
0.484,-1.537
0.013,-1.456
0.076,-1.605
0.076,-1.542
0.002,-1.606
-0.468,-1.541
-1.31,-1.481
-1.434,-1.743
-1.712,-1.721
-1.75,-1.714
-2.103,-1.582
-2.595,-1.546
-3.081,-1.552
3.051,-1.756
2.924,-1.759
2.758,-1.508
2.191,-1.717
2.082,-1.751
2.135,-1.544
2.147,-1.471
2.015,-1.573
1.164,-1.903
1.198,-1.748
1.086,-1.902
1.089,-1.808
0.983,-1.867
0.264,2.764
-0.275,2.552
-0.244,2.872
-0.271,2.745
-0.885,2.826
-1.521,2.639
-1.545,2.691
-2.082,2.8
-2.456,2.788
-2.586,2.872
-2.735,2.73
-2.941,2.673
-2.981,2.782
2.975,2.775
2.653,2.798
1.906,2.696
1.545,2.767
1.381,2.679
0.933,2.593
0.926,-0.433
0.51,1.442
-1.607,-0.605
-1.784,-0.869
-1.819,1.392
-1.913,1.707
-3.13,-1.046
2.659,0.58
2.246,1.956
-2.629,-1.967
2.081,2.549
0.884,-0.069
0.882,1.089
0.682,-1.239
0.703,0.876
0.708,-0.309
0.69,-0.355
0.46,0.142
0.453,1.466
0.588,-1.091
0.456,0.625
0.405,2.034
0.391,-1.166
0.339,-1.317
0.287,-0.265
0.266,0.989
0.397,-0.129
0.231,-1.319
0.322,-0.353
0.209,0.242
0.1,-0.244
0.185,0.333
0.153,1.935
0.028,-0.344
0.031,0.086
0.126,-0.082
0.059,0.263
-0.126,0.042
-0.239,-1.346
-0.253,-1.193
-0.198,-0.716
-0.332,0.074
-0.378,2.45
-0.476,0.257
-0.57,-0.872
-0.698,0.418
-0.814,1.229
-1.07,-0.71
-1.046,-0.593
-1.231,1.087
-1.088,2.476
-1.269,-1.12
-1.291,0.319
-1.268,0.999
-1.27,0.271
-1.314,0.118
-1.382,1.32
-1.471,-0.417
-1.633,1.116
-1.64,1.097
-1.784,0.096
-1.76,1.121
-2.075,2.415
-1.927,1.415
-2.109,1.072
-2.0,1.985
-2.122,1.149
-2.218,2.36
-2.229,0.543
-2.236,-0.808
-2.142,2.012
-2.305,-0.025
-2.379,-1.245
-2.256,1.045
-2.274,0.312
-2.263,1.407
-2.318,2.31
-2.336,2.529
-2.342,0.203
-2.379,-1.33
-2.538,2.317
-2.574,0.748
-2.579,0.963
-2.672,0.645
-2.68,1.194
-2.579,2.12
-2.579,0.673
-2.771,0.636
-2.646,1.019
-2.773,-0.794
-2.824,0.178
-2.841,-0.096
-2.837,-1.415
-2.988,1.897
-3.012,-0.308
-2.941,-1.256
-3.057,-0.44
-3.031,1.251
3.108,0.952
3.127,2.4
3.076,1.282
2.952,-1.257
3.048,-0.19
2.898,-1.266
2.852,1.886
2.819,-1.276
2.799,0.876
2.916,-0.639
2.867,1.744
2.647,2.29
2.594,1.449
2.458,-0.027
2.299,0.393
2.373,0.628
2.276,1.315
2.253,0.389
1.932,0.218
1.913,1.959
2.021,-0.53
1.973,1.874
1.743,-0.518
1.823,2.508
1.4,0.733
1.369,-0.618
1.368,0.514
1.47,-0.522
1.455,-0.254
1.262,0.6
1.294,-0.938
1.143,2.45
1.227,0.397
1.12,0.267
1.087,0.297
0.993,2.379
0.959,1.807
1.063,0.206
1.032,0.915
1.008,0.89
0.838,0.542
0.935,-0.31
0.794,-1.558
0.803,-1.533
0.247,-1.748
-0.054,-1.457
-0.181,-1.705
-0.699,-1.828
-0.874,-1.801
-1.476,-1.909
-1.775,-1.423
-1.996,-1.767
-2.006,-1.824
-2.134,-1.733
-2.187,-1.781
-2.198,-1.911
-2.485,-1.786
-2.573,-1.598
-3.012,-1.504
2.696,-1.911
1.994,-1.606
1.721,-1.933
1.174,-1.611
1.095,-1.736
0.882,2.652
-0.012,2.766
-1.279,2.638
-1.569,2.876
-2.52,2.788
-2.714,2.654
-2.911,2.856
3.102,2.686
2.939,2.709
-0.06,0.759
-0.068,1.972
-1.707,-0.806
1.768,-0.821
0.426,0.026
0.402,-0.281
2.859,1.566
1.639,2.027
1.309,1.336
0.622,1.879
-0.071,0.396
-0.365,-0.255
-2.019,1.23
-2.344,1.979
-2.391,1.16
-2.338,-0.59
-2.643,1.213
2.433,1.86
1.622,2.392
1.219,-1.921
-2.346,2.77
-0.69,2.794
-0.472,2.097
0.035,1.337
-0.024,-0.538
0.032,0.698
-0.061,-0.129
0.003,1.468
-0.073,0.57
-0.045,2.171
-0.112,-0.76
-0.109,1.578
-0.159,-0.106
-0.246,1.202
-0.264,-1.19
-0.23,-0.272
-0.253,1.232
-0.328,0.288
-0.355,-1.177
-0.45,1.399
-0.586,1.134
-0.619,1.286
-0.732,0.434
-0.804,-1.149
-0.819,1.193
-0.775,1.067
-0.828,1.697
-0.789,0.348
-1.078,0.544
-1.077,1.117
-1.069,0.276
-1.174,1.098
-1.089,1.687
-1.211,0.19
-1.196,0.622
-1.153,0.721
-1.248,1.096
-1.245,1.887
-1.253,-0.761
-1.263,1.305
-1.276,1.859
-1.281,1.29
-1.377,0.679
-1.398,1.876
-1.392,1.088
-1.444,1.894
-1.516,0.791
-1.466,0.531
-1.558,-0.634
-1.594,0.134
-1.609,1.338
-1.55,0.83
-1.577,1.187
-1.574,-0.054
-1.699,1.657
-1.647,1.156
-1.715,-1.114
-1.649,-1.44
-1.67,-1.088
-1.721,0.388
-1.834,1.524
-1.781,-0.851
-1.826,2.159
-1.944,-0.931
-1.98,-1.318
-1.923,1.64
-1.977,0.121
-2.058,-0.613
-2.027,-1.231
-2.064,1.26
-2.125,0.487
-2.059,0.977
-2.163,0.12
-2.143,2.155
-2.308,2.2
-2.353,0.172
-2.439,2.306
-2.436,-0.728
-2.42,1.155
-2.52,-0.885
-2.602,1.034
-2.583,0.113
-2.538,-1.226
-2.547,-0.047
-2.642,0.833
-2.603,-0.019
-2.618,-1.526
-2.734,1.299
-2.717,0.263
-2.763,-1.452
-2.82,0.775
-2.823,0.766
-2.791,1.924
-2.823,1.215
-2.842,0.794
-2.848,0.107
-2.882,0.921
-2.985,1.193
-3.015,-1.69
-2.98,0.555
-2.984,1.05
-2.999,-0.673
-3.094,1.871
-3.105,2.076
-3.119,-0.235
3.13,0.797
3.073,1.589
3.114,0.011
3.05,1.024
3.031,-0.744
2.866,2.201
2.828,0.146
2.892,0.702
2.888,-1.122
2.809,1.261
2.793,-0.644
2.759,0.702
2.699,1.155
2.707,-0.672
2.63,1.419
2.64,-0.967
2.576,-0.29
2.535,-1.125
2.398,-1.163
2.338,0.829
2.295,1.059
2.31,0.039
2.285,1.726
2.29,1.115
2.259,1.147
2.313,0.918
2.21,-1.239
2.233,0.122
2.129,0.258
1.982,0.832
2.007,1.199
1.921,-0.571
1.814,-0.804
1.777,0.643
1.663,-0.28
1.641,-1.61
1.447,-0.884
1.43,-1.217
1.442,-1.493
1.396,-0.863
1.164,2.228
1.157,0.397
1.132,-1.153
1.148,0.845
1.061,0.362
1.015,-1.503
1.092,1.581
1.057,-0.206
1.053,-0.628
0.954,1.01
0.999,0.195
0.936,-0.836
0.976,-0.823
0.959,-0.336
0.948,0.807
0.872,-0.012
0.86,-0.672
0.846,-0.67
0.906,0.645
0.824,-1.862
0.803,-1.997
0.704,-1.853
0.568,-1.92
0.594,-1.711
0.482,-1.802
0.011,-1.721
0.074,-1.87
0.074,-1.807
0.0,-1.871
-0.47,-1.806
-1.312,-1.746
-1.436,-2.008
-1.714,-1.986
-1.752,-1.979
-2.105,-1.847
-2.597,-1.811
-3.083,-1.817
3.049,-2.021
2.922,-2.024
2.756,-1.773
2.189,-1.982
2.08,-2.016
2.133,-1.809
2.145,-1.736
2.013,-1.838
1.162,-2.168
1.196,-2.013
1.084,-2.167
1.087,-2.073
0.981,-2.132
0.262,2.499
-0.277,2.287
-0.246,2.607
-0.273,2.48
-0.887,2.561
-1.523,2.374
-1.547,2.426
-2.084,2.535
-2.458,2.523
-2.588,2.607
-2.737,2.465
-2.943,2.408
-2.983,2.517
2.973,2.51
2.651,2.533
1.904,2.431
1.543,2.502
1.379,2.414
0.931,2.328
0.924,-0.698
0.508,1.177
-1.609,-0.87
-1.786,-1.134
-1.821,1.127
-1.915,1.442
-3.132,-1.311
2.657,0.315
2.244,1.691
-2.631,-2.232
2.079,2.284
0.882,-0.334
0.88,0.824
0.68,-1.504
0.701,0.611
0.706,-0.574
0.688,-0.62
0.458,-0.123
0.451,1.201
0.586,-1.356
0.454,0.36
0.403,1.769
0.389,-1.431
0.337,-1.582
0.285,-0.53
0.264,0.724
0.395,-0.394
0.229,-1.584
0.32,-0.618
0.207,-0.023
0.098,-0.509
0.183,0.068
0.151,1.67
0.026,-0.609
0.029,-0.179
0.124,-0.347
0.057,-0.002
-0.128,-0.223
-0.241,-1.611
-0.255,-1.458
-0.2,-0.981
-0.334,-0.191
-0.38,2.185
-0.478,-0.008
-0.572,-1.137
-0.7,0.153
-0.816,0.964
-1.072,-0.975
-1.048,-0.858
-1.233,0.822
-1.09,2.211
-1.271,-1.385
-1.293,0.054
-1.27,0.734
-1.272,0.006
-1.316,-0.147
-1.384,1.055
-1.473,-0.682
-1.635,0.851
-1.642,0.832
-1.786,-0.169
-1.762,0.856
-2.077,2.15
-1.929,1.15
-2.111,0.807
-2.002,1.72
-2.124,0.884
-2.22,2.095
-2.231,0.278
-2.238,-1.073
-2.144,1.747
-2.307,-0.29
-2.381,-1.51
-2.258,0.78
-2.276,0.047
-2.265,1.142
-2.32,2.045
-2.338,2.264
-2.344,-0.062
-2.381,-1.595
-2.54,2.052
-2.576,0.483
-2.581,0.698
-2.674,0.38
-2.682,0.929
-2.581,1.855
-2.581,0.408
-2.773,0.371
-2.648,0.754
-2.775,-1.059
-2.826,-0.087
-2.843,-0.361
-2.839,-1.68
-2.99,1.632
-3.014,-0.573
-2.943,-1.521
-3.059,-0.705
-3.033,0.986
3.106,0.687
3.125,2.135
3.074,1.017
2.95,-1.522
3.046,-0.455
2.896,-1.531
2.85,1.621
2.817,-1.541
2.797,0.611
2.914,-0.904
2.865,1.479
2.645,2.025
2.592,1.184
2.456,-0.292
2.297,0.128
2.371,0.363
2.274,1.05
2.251,0.124
1.93,-0.047
1.911,1.694
2.019,-0.795
1.971,1.609
1.741,-0.783
1.821,2.243
1.398,0.468
1.367,-0.883
1.366,0.249
1.468,-0.787
1.453,-0.519
1.26,0.335
1.292,-1.203
1.141,2.185
1.225,0.132
1.118,0.002
1.085,0.032
0.991,2.114
0.957,1.542
1.061,-0.059
1.03,0.65
1.006,0.625
0.836,0.277
0.933,-0.575
0.792,-1.823
0.801,-1.798
0.245,-2.013
-0.056,-1.722
-0.183,-1.97
-0.701,-2.093
-0.876,-2.066
-1.478,-2.174
-1.777,-1.688
-1.998,-2.032
-2.008,-2.089
-2.136,-1.998
-2.189,-2.046
-2.2,-2.176
-2.487,-2.051
-2.575,-1.863
-3.014,-1.769
2.694,-2.176
1.992,-1.871
1.719,-2.198
1.172,-1.876
1.093,-2.001
0.88,2.387
-0.014,2.501
-1.281,2.373
-1.571,2.611
-2.522,2.523
-2.716,2.389
-2.913,2.591
3.1,2.421
2.937,2.444
-0.062,0.494
-0.07,1.707
-1.709,-1.071
1.766,-1.086
0.424,-0.239
0.4,-0.546
2.857,1.301
1.637,1.762
1.307,1.071
0.62,1.614
-0.073,0.131
-0.367,-0.52
-2.021,0.965
-2.346,1.714
-2.393,0.895
-2.34,-0.855
-2.645,0.948
2.431,1.595
1.62,2.127
1.217,-2.186
-2.348,2.505
-0.692,2.529
-0.474,1.832
-0.059,-1.875
-0.003,-0.639
-0.096,-1.466
-0.032,0.131
-0.108,-0.767
-0.08,0.834
-0.147,-2.097
-0.144,0.241
-0.194,-1.443
-0.281,-0.135
-0.299,-2.527
-0.265,-1.609
-0.288,-0.105
-0.363,-1.049
-0.39,-2.514
-0.485,0.062
-0.621,-0.203
-0.654,-0.051
-0.767,-0.903
-0.839,-2.486
-0.854,-0.144
-0.81,-0.27
-0.863,0.36
-0.824,-0.989
-1.113,-0.793
-1.112,-0.22
-1.104,-1.061
-1.209,-0.239
-1.124,0.35
-1.246,-1.147
-1.231,-0.715
-1.188,-0.616
-1.283,-0.241
-1.28,0.55
-1.288,-2.098
-1.298,-0.032
-1.311,0.522
-1.316,-0.047
-1.412,-0.658
-1.433,0.539
-1.427,-0.249
-1.479,0.557
-1.551,-0.546
-1.501,-0.806
-1.593,-1.971
-1.629,-1.203
-1.644,0.001
-1.585,-0.507
-1.612,-0.15
-1.609,-1.391
-1.734,0.32
-1.682,-0.181
-1.75,-2.451
-1.684,-2.777
-1.705,-2.425
-1.756,-0.949
-1.869,0.187
-1.816,-2.188
-1.861,0.822
-1.979,-2.268
-2.015,-2.655
-1.958,0.303
-2.012,-1.216
-2.093,-1.95
-2.062,-2.568
-2.099,-0.077
-2.16,-0.85
-2.094,-0.36
-2.198,-1.217
-2.178,0.818
-2.343,0.863
-2.388,-1.165
-2.474,0.969
-2.471,-2.065
-2.455,-0.182
-2.555,-2.222
-2.637,-0.303
-2.618,-1.224
-2.573,-2.563
-2.582,-1.384
-2.677,-0.504
-2.638,-1.356
-2.653,-2.863
-2.769,-0.038
-2.752,-1.074
-2.798,-2.789
-2.855,-0.562
-2.858,-0.571
-2.826,0.587
-2.858,-0.122
-2.877,-0.543
-2.883,-1.23
-2.917,-0.416
-3.02,-0.144
-3.05,-3.027
-3.015,-0.782
-3.019,-0.287
-3.034,-2.01
-3.129,0.534
-3.14,0.739
3.129,-1.572
3.095,-0.54
3.038,0.252
3.079,-1.326
3.015,-0.313
2.996,-2.081
2.831,0.864
2.793,-1.191
2.857,-0.635
2.853,-2.459
2.774,-0.076
2.758,-1.981
2.724,-0.635
2.664,-0.182
2.672,-2.009
2.595,0.082
2.605,-2.304
2.541,-1.627
2.5,-2.462
2.363,-2.5
2.303,-0.508
2.26,-0.278
2.275,-1.298
2.25,0.389
2.255,-0.222
2.224,-0.19
2.278,-0.419
2.175,-2.576
2.198,-1.215
2.094,-1.079
1.947,-0.505
1.972,-0.138
1.886,-1.908
1.779,-2.141
1.742,-0.694
1.628,-1.617
1.606,-2.947
1.412,-2.221
1.395,-2.554
1.407,-2.83
1.361,-2.2
1.129,0.891
1.122,-0.94
1.097,-2.49
1.113,-0.492
1.026,-0.975
0.98,-2.84
1.057,0.244
1.022,-1.543
1.018,-1.965
0.919,-0.327
0.964,-1.142
0.901,-2.173
0.941,-2.16
0.924,-1.673
0.913,-0.53
0.837,-1.349
0.825,-2.009
0.811,-2.007
0.871,-0.692
0.789,-3.199
0.768,-3.334
0.669,-3.19
0.533,-3.257
0.559,-3.048
0.447,-3.139
-0.024,-3.058
0.039,-3.207
0.039,-3.144
-0.035,-3.208
-0.505,-3.143
-1.347,-3.083
-1.471,-3.345
-1.749,-3.323
-1.787,-3.316
-2.14,-3.184
-2.632,-3.148
-3.118,-3.154
3.014,-3.358
2.887,-3.361
2.721,-3.11
2.154,-3.319
2.045,-3.353
2.098,-3.146
2.11,-3.073
1.978,-3.175
1.127,-3.505
1.161,-3.35
1.049,-3.504
1.052,-3.41
0.946,-3.469
0.227,1.162
-0.312,0.95
-0.281,1.27
-0.308,1.143
-0.922,1.224
-1.558,1.037
-1.582,1.089
-2.119,1.198
-2.493,1.186
-2.623,1.27
-2.772,1.128
-2.978,1.071
-3.018,1.18
2.938,1.173
2.616,1.196
1.869,1.094
1.508,1.165
1.344,1.077
0.896,0.991
0.889,-2.035
0.473,-0.16
-1.644,-2.207
-1.821,-2.471
-1.856,-0.21
-1.95,0.105
3.116,-2.648
2.622,-1.022
2.209,0.354
-2.666,-3.569
2.044,0.947
0.847,-1.671
0.845,-0.513
0.645,-2.841
0.666,-0.726
0.671,-1.911
0.653,-1.957
0.423,-1.46
0.416,-0.136
0.551,-2.693
0.419,-0.977
0.368,0.432
0.354,-2.768
0.302,-2.919
0.25,-1.867
0.229,-0.613
0.36,-1.731
0.194,-2.921
0.285,-1.955
0.172,-1.36
0.063,-1.846
0.148,-1.269
0.116,0.333
-0.009,-1.946
-0.006,-1.516
0.089,-1.684
0.022,-1.339
-0.163,-1.56
-0.276,-2.948
-0.29,-2.795
-0.235,-2.318
-0.369,-1.528
-0.415,0.848
-0.513,-1.345
-0.607,-2.474
-0.735,-1.184
-0.851,-0.373
-1.107,-2.312
-1.083,-2.195
-1.268,-0.515
-1.125,0.874
-1.306,-2.722
-1.328,-1.283
-1.305,-0.603
-1.307,-1.331
-1.351,-1.484
-1.419,-0.282
-1.508,-2.019
-1.67,-0.486
-1.677,-0.505
-1.821,-1.506
-1.797,-0.481
-2.112,0.813
-1.964,-0.187
-2.146,-0.53
-2.037,0.383
-2.159,-0.453
-2.255,0.758
-2.266,-1.059
-2.273,-2.41
-2.179,0.41
-2.342,-1.627
-2.416,-2.847
-2.293,-0.557
-2.311,-1.29
-2.3,-0.195
-2.355,0.708
-2.373,0.927
-2.379,-1.399
-2.416,-2.932
-2.575,0.715
-2.611,-0.854
-2.616,-0.639
-2.709,-0.957
-2.717,-0.408
-2.616,0.518
-2.616,-0.929
-2.808,-0.966
-2.683,-0.583
-2.81,-2.396
-2.861,-1.424
-2.878,-1.698
-2.874,-3.017
-3.025,0.295
-3.049,-1.91
-2.978,-2.858
-3.094,-2.042
-3.068,-0.351
3.071,-0.65
3.09,0.798
3.039,-0.32
2.915,-2.859
3.011,-1.792
2.861,-2.868
2.815,0.284
2.782,-2.878
2.762,-0.726
2.879,-2.241
2.83,0.142
2.61,0.688
2.557,-0.153
2.421,-1.629
2.262,-1.209
2.336,-0.974
2.239,-0.287
2.216,-1.213
1.895,-1.384
1.876,0.357
1.984,-2.132
1.936,0.272
1.706,-2.12
1.786,0.906
1.363,-0.869
1.332,-2.22
1.331,-1.088
1.433,-2.124
1.418,-1.856
1.225,-1.002
1.257,-2.54
1.106,0.848
1.19,-1.205
1.083,-1.335
1.05,-1.305
0.956,0.777
0.922,0.205
1.026,-1.396
0.995,-0.687
0.971,-0.712
0.801,-1.06
0.898,-1.912
0.757,-3.16
0.766,-3.135
0.21,-3.35
-0.091,-3.059
-0.218,-3.307
-0.736,-3.43
-0.911,-3.403
-1.513,-3.511
-1.812,-3.025
-2.033,-3.369
-2.043,-3.426
-2.171,-3.335
-2.224,-3.383
-2.235,-3.513
-2.522,-3.388
-2.61,-3.2
-3.049,-3.106
2.659,-3.513
1.957,-3.208
1.684,-3.535
1.137,-3.213
1.058,-3.338
0.845,1.05
-0.049,1.164
-1.316,1.036
-1.606,1.274
-2.557,1.186
-2.751,1.052
-2.948,1.254
3.065,1.084
2.902,1.107
-0.097,-0.843
-0.105,0.37
-1.744,-2.408
1.731,-2.423
0.389,-1.576
0.365,-1.883
2.822,-0.036
1.602,0.425
1.272,-0.266
0.585,0.277
-0.108,-1.206
-0.402,-1.857
-2.056,-0.372
-2.381,0.377
-2.428,-0.442
-2.375,-2.192
-2.68,-0.389
2.396,0.258
1.585,0.79
1.182,-3.523
-2.383,1.168
-0.727,1.192
-0.509,0.495
0.056,1.236
-0.037,0.409
0.027,2.006
-0.049,1.108
-0.021,2.709
-0.088,-0.222
-0.085,2.116
-0.135,0.432
-0.222,1.74
-0.24,-0.652
-0.206,0.266
-0.229,1.77
-0.304,0.826
-0.331,-0.639
-0.426,1.937
-0.562,1.672
-0.595,1.824
-0.708,0.972
-0.78,-0.611
-0.795,1.731
-0.751,1.605
-0.804,2.235
-0.765,0.886
-1.054,1.082
-1.053,1.655
-1.045,0.814
-1.15,1.636
-1.065,2.225
-1.187,0.728
-1.172,1.16
-1.129,1.259
-1.224,1.634
-1.221,2.425
-1.229,-0.223
-1.239,1.843
-1.252,2.397
-1.257,1.828
-1.353,1.217
-1.374,2.414
-1.368,1.626
-1.42,2.432
-1.492,1.329
-1.442,1.069
-1.534,-0.096
-1.57,0.672
-1.585,1.876
-1.526,1.368
-1.553,1.725
-1.55,0.484
-1.675,2.195
-1.623,1.694
-1.691,-0.576
-1.625,-0.902
-1.646,-0.55
-1.697,0.926
-1.81,2.062
-1.757,-0.313
-1.802,2.697
-1.92,-0.393
-1.956,-0.78
-1.899,2.178
-1.953,0.659
-2.034,-0.075
-2.003,-0.693
-2.04,1.798
-2.101,1.025
-2.035,1.515
-2.139,0.658
-2.119,2.693
-2.284,2.738
-2.329,0.71
-2.415,2.844
-2.412,-0.19
-2.396,1.693
-2.496,-0.347
-2.578,1.572
-2.559,0.651
-2.514,-0.688
-2.523,0.491
-2.618,1.371
-2.579,0.519
-2.594,-0.988
-2.71,1.837
-2.693,0.801
-2.739,-0.914
-2.796,1.313
-2.799,1.304
-2.767,2.462
-2.799,1.753
-2.818,1.332
-2.824,0.645
-2.858,1.459
-2.961,1.731
-2.991,-1.152
-2.956,1.093
-2.96,1.588
-2.975,-0.135
-3.07,2.409
-3.081,2.614
-3.095,0.303
-3.129,1.335
3.097,2.127
3.138,0.549
3.074,1.562
3.055,-0.206
2.89,2.739
2.852,0.684
2.916,1.24
2.912,-0.584
2.833,1.799
2.817,-0.106
2.783,1.24
2.723,1.693
2.731,-0.134
2.654,1.957
2.664,-0.429
2.6,0.248
2.559,-0.587
2.422,-0.625
2.362,1.367
2.319,1.597
2.334,0.577
2.309,2.264
2.314,1.653
2.283,1.685
2.337,1.456
2.234,-0.701
2.257,0.66
2.153,0.796
2.006,1.37
2.031,1.737
1.945,-0.033
1.838,-0.266
1.801,1.181
1.687,0.258
1.665,-1.072
1.471,-0.346
1.454,-0.679
1.466,-0.955
1.42,-0.325
1.188,2.766
1.181,0.935
1.156,-0.615
1.172,1.383
1.085,0.9
1.039,-0.965
1.116,2.119
1.081,0.332
1.077,-0.09
0.978,1.548
1.023,0.733
0.96,-0.298
1.0,-0.285
0.983,0.202
0.972,1.345
0.896,0.526
0.884,-0.134
0.87,-0.132
0.93,1.183
0.848,-1.324
0.827,-1.459
0.728,-1.315
0.592,-1.382
0.618,-1.173
0.506,-1.264
0.035,-1.183
0.098,-1.332
0.098,-1.269
0.024,-1.333
-0.446,-1.268
-1.288,-1.208
-1.412,-1.47
-1.69,-1.448
-1.728,-1.441
-2.081,-1.309
-2.573,-1.273
-3.059,-1.279
3.073,-1.483
2.946,-1.486
2.78,-1.235
2.213,-1.444
2.104,-1.478
2.157,-1.271
2.169,-1.198
2.037,-1.3
1.186,-1.63
1.22,-1.475
1.108,-1.629
1.111,-1.535
1.005,-1.594
0.286,3.037
-0.253,2.825
-0.222,3.145
-0.249,3.018
-0.863,3.099
-1.499,2.912
-1.523,2.964
-2.06,3.073
-2.434,3.061
-2.564,3.145
-2.713,3.003
-2.919,2.946
-2.959,3.055
2.997,3.048
2.675,3.071
1.928,2.969
1.567,3.04
1.403,2.952
0.955,2.866
0.948,-0.16
0.532,1.715
-1.585,-0.332
-1.762,-0.596
-1.797,1.665
-1.891,1.98
-3.108,-0.773
2.681,0.853
2.268,2.229
-2.607,-1.694
2.103,2.822
0.906,0.204
0.904,1.362
0.704,-0.966
0.725,1.149
0.73,-0.036
0.712,-0.082
0.482,0.415
0.475,1.739
0.61,-0.818
0.478,0.898
0.427,2.307
0.413,-0.893
0.361,-1.044
0.309,0.008
0.288,1.262
0.419,0.144
0.253,-1.046
0.344,-0.08
0.231,0.515
0.122,0.029
0.207,0.606
0.175,2.208
0.05,-0.071
0.053,0.359
0.148,0.191
0.081,0.536
-0.104,0.315
-0.217,-1.073
-0.231,-0.92
-0.176,-0.443
-0.31,0.347
-0.356,2.723
-0.454,0.53
-0.548,-0.599
-0.676,0.691
-0.792,1.502
-1.048,-0.437
-1.024,-0.32
-1.209,1.36
-1.066,2.749
-1.247,-0.847
-1.269,0.592
-1.246,1.272
-1.248,0.544
-1.292,0.391
-1.36,1.593
-1.449,-0.144
-1.611,1.389
-1.618,1.37
-1.762,0.369
-1.738,1.394
-2.053,2.688
-1.905,1.688
-2.087,1.345
-1.978,2.258
-2.1,1.422
-2.196,2.633
-2.207,0.816
-2.214,-0.535
-2.12,2.285
-2.283,0.248
-2.357,-0.972
-2.234,1.318
-2.252,0.585
-2.241,1.68
-2.296,2.583
-2.314,2.802
-2.32,0.476
-2.357,-1.057
-2.516,2.59
-2.552,1.021
-2.557,1.236
-2.65,0.918
-2.658,1.467
-2.557,2.393
-2.557,0.946
-2.749,0.909
-2.624,1.292
-2.751,-0.521
-2.802,0.451
-2.819,0.177
-2.815,-1.142
-2.966,2.17
-2.99,-0.035
-2.919,-0.983
-3.035,-0.167
-3.009,1.524
3.13,1.225
-3.134,2.673
3.098,1.555
2.974,-0.984
3.07,0.083
2.92,-0.993
2.874,2.159
2.841,-1.003
2.821,1.149
2.938,-0.366
2.889,2.017
2.669,2.563
2.616,1.722
2.48,0.246
2.321,0.666
2.395,0.901
2.298,1.588
2.275,0.662
1.954,0.491
1.935,2.232
2.043,-0.257
1.995,2.147
1.765,-0.245
1.845,2.781
1.422,1.006
1.391,-0.345
1.39,0.787
1.492,-0.249
1.477,0.019
1.284,0.873
1.316,-0.665
1.165,2.723
1.249,0.67
1.142,0.54
1.109,0.57
1.015,2.652
0.981,2.08
1.085,0.479
1.054,1.188
1.03,1.163
0.86,0.815
0.957,-0.037
0.816,-1.285
0.825,-1.26
0.269,-1.475
-0.032,-1.184
-0.159,-1.432
-0.677,-1.555
-0.852,-1.528
-1.454,-1.636
-1.753,-1.15
-1.974,-1.494
-1.984,-1.551
-2.112,-1.46
-2.165,-1.508
-2.176,-1.638
-2.463,-1.513
-2.551,-1.325
-2.99,-1.231
2.718,-1.638
2.016,-1.333
1.743,-1.66
1.196,-1.338
1.117,-1.463
0.904,2.925
0.01,3.039
-1.257,2.911
-1.547,3.149
-2.498,3.061
-2.692,2.927
-2.889,3.129
3.124,2.959
2.961,2.982
-0.038,1.032
-0.046,2.245
-1.685,-0.533
1.79,-0.548
0.448,0.299
0.424,-0.008
2.881,1.839
1.661,2.3
1.331,1.609
0.644,2.152
-0.049,0.669
-0.343,0.018
-1.997,1.503
-2.322,2.252
-2.369,1.433
-2.316,-0.317
-2.621,1.486
2.455,2.133
1.644,2.665
1.241,-1.648
-2.324,3.043
-0.668,3.067
-0.45,2.37
-0.093,-0.827
-0.029,0.77
-0.105,-0.128
-0.077,1.473
-0.144,-1.458
-0.141,0.88
-0.191,-0.804
-0.278,0.504
-0.296,-1.888
-0.262,-0.97
-0.285,0.534
-0.36,-0.41
-0.387,-1.875
-0.482,0.701
-0.618,0.436
-0.651,0.588
-0.764,-0.264
-0.836,-1.847
-0.851,0.495
-0.807,0.369
-0.86,0.999
-0.821,-0.35
-1.11,-0.154
-1.109,0.419
-1.101,-0.422
-1.206,0.4
-1.121,0.989
-1.243,-0.508
-1.228,-0.076
-1.185,0.023
-1.28,0.398
-1.277,1.189
-1.285,-1.459
-1.295,0.607
-1.308,1.161
-1.313,0.592
-1.409,-0.019
-1.43,1.178
-1.424,0.39
-1.476,1.196
-1.548,0.093
-1.498,-0.167
-1.59,-1.332
-1.626,-0.564
-1.641,0.64
-1.582,0.132
-1.609,0.489
-1.606,-0.752
-1.731,0.959
-1.679,0.458
-1.747,-1.812
-1.681,-2.138
-1.702,-1.786
-1.753,-0.31
-1.866,0.826
-1.813,-1.549
-1.858,1.461
-1.976,-1.629
-2.012,-2.016
-1.955,0.942
-2.009,-0.577
-2.09,-1.311
-2.059,-1.929
-2.096,0.562
-2.157,-0.211
-2.091,0.279
-2.195,-0.578
-2.175,1.457
-2.34,1.502
-2.385,-0.526
-2.471,1.608
-2.468,-1.426
-2.452,0.457
-2.552,-1.583
-2.634,0.336
-2.615,-0.585
-2.57,-1.924
-2.579,-0.745
-2.674,0.135
-2.635,-0.717
-2.65,-2.224
-2.766,0.601
-2.749,-0.435
-2.795,-2.15
-2.852,0.077
-2.855,0.068
-2.823,1.226
-2.855,0.517
-2.874,0.096
-2.88,-0.591
-2.914,0.223
-3.017,0.495
-3.047,-2.388
-3.012,-0.143
-3.016,0.352
-3.031,-1.371
-3.126,1.173
-3.137,1.378
3.132,-0.933
3.098,0.099
3.041,0.891
3.082,-0.687
3.018,0.326
2.999,-1.442
2.834,1.503
2.796,-0.552
2.86,0.004
2.856,-1.82
2.777,0.563
2.761,-1.342
2.727,0.004
2.667,0.457
2.675,-1.37
2.598,0.721
2.608,-1.665
2.544,-0.988
2.503,-1.823
2.366,-1.861
2.306,0.131
2.263,0.361
2.278,-0.659
2.253,1.028
2.258,0.417
2.227,0.449
2.281,0.22
2.178,-1.937
2.201,-0.576
2.097,-0.44
1.95,0.134
1.975,0.501
1.889,-1.269
1.782,-1.502
1.745,-0.055
1.631,-0.978
1.609,-2.308
1.415,-1.582
1.398,-1.915
1.41,-2.191
1.364,-1.561
1.132,1.53
1.125,-0.301
1.1,-1.851
1.116,0.147
1.029,-0.336
0.983,-2.201
1.06,0.883
1.025,-0.904
1.021,-1.326
0.922,0.312
0.967,-0.503
0.904,-1.534
0.944,-1.521
0.927,-1.034
0.916,0.109
0.84,-0.71
0.828,-1.37
0.814,-1.368
0.874,-0.053
0.792,-2.56
0.771,-2.695
0.672,-2.551
0.536,-2.618
0.562,-2.409
0.45,-2.5
-0.021,-2.419
0.042,-2.568
0.042,-2.505
-0.032,-2.569
-0.502,-2.504
-1.344,-2.444
-1.468,-2.706
-1.746,-2.684
-1.784,-2.677
-2.137,-2.545
-2.629,-2.509
-3.115,-2.515
3.017,-2.719
2.89,-2.722
2.724,-2.471
2.157,-2.68
2.048,-2.714
2.101,-2.507
2.113,-2.434
1.981,-2.536
1.13,-2.866
1.164,-2.711
1.052,-2.865
1.055,-2.771
0.949,-2.83
0.23,1.801
-0.309,1.589
-0.278,1.909
-0.305,1.782
-0.919,1.863
-1.555,1.676
-1.579,1.728
-2.116,1.837
-2.49,1.825
-2.62,1.909
-2.769,1.767
-2.975,1.71
-3.015,1.819
2.941,1.812
2.619,1.835
1.872,1.733
1.511,1.804
1.347,1.716
0.899,1.63
0.892,-1.396
0.476,0.479
-1.641,-1.568
-1.818,-1.832
-1.853,0.429
-1.947,0.744
3.119,-2.009
2.625,-0.383
2.212,0.993
-2.663,-2.93
2.047,1.586
0.85,-1.032
0.848,0.126
0.648,-2.202
0.669,-0.087
0.674,-1.272
0.656,-1.318
0.426,-0.821
0.419,0.503
0.554,-2.054
0.422,-0.338
0.371,1.071
0.357,-2.129
0.305,-2.28
0.253,-1.228
0.232,0.026
0.363,-1.092
0.197,-2.282
0.288,-1.316
0.175,-0.721
0.066,-1.207
0.151,-0.63
0.119,0.972
-0.006,-1.307
-0.003,-0.877
0.092,-1.045
0.025,-0.7
-0.16,-0.921
-0.273,-2.309
-0.287,-2.156
-0.232,-1.679
-0.366,-0.889
-0.412,1.487
-0.51,-0.706
-0.604,-1.835
-0.732,-0.545
-0.848,0.266
-1.104,-1.673
-1.08,-1.556
-1.265,0.124
-1.122,1.513
-1.303,-2.083
-1.325,-0.644
-1.302,0.036
-1.304,-0.692
-1.348,-0.845
-1.416,0.357
-1.505,-1.38
-1.667,0.153
-1.674,0.134
-1.818,-0.867
-1.794,0.158
-2.109,1.452
-1.961,0.452
-2.143,0.109
-2.034,1.022
-2.156,0.186
-2.252,1.397
-2.263,-0.42
-2.27,-1.771
-2.176,1.049
-2.339,-0.988
-2.413,-2.208
-2.29,0.082
-2.308,-0.651
-2.297,0.444
-2.352,1.347
-2.37,1.566
-2.376,-0.76
-2.413,-2.293
-2.572,1.354
-2.608,-0.215
-2.613,0.0
-2.706,-0.318
-2.714,0.231
-2.613,1.157
-2.613,-0.29
-2.805,-0.327
-2.68,0.056
-2.807,-1.757
-2.858,-0.785
-2.875,-1.059
-2.871,-2.378
-3.022,0.934
-3.046,-1.271
-2.975,-2.219
-3.091,-1.403
-3.065,0.288
3.074,-0.011
3.093,1.437
3.042,0.319
2.918,-2.22
3.014,-1.153
2.864,-2.229
2.818,0.923
2.785,-2.239
2.765,-0.087
2.882,-1.602
2.833,0.781
2.613,1.327
2.56,0.486
2.424,-0.99
2.265,-0.57
2.339,-0.335
2.242,0.352
2.219,-0.574
1.898,-0.745
1.879,0.996
1.987,-1.493
1.939,0.911
1.709,-1.481
1.789,1.545
1.366,-0.23
1.335,-1.581
1.334,-0.449
1.436,-1.485
1.421,-1.217
1.228,-0.363
1.26,-1.901
1.109,1.487
1.193,-0.566
1.086,-0.696
1.053,-0.666
0.959,1.416
0.925,0.844
1.029,-0.757
0.998,-0.048
0.974,-0.073
0.804,-0.421
0.901,-1.273
0.76,-2.521
0.769,-2.496
0.213,-2.711
-0.088,-2.42
-0.215,-2.668
-0.733,-2.791
-0.908,-2.764
-1.51,-2.872
-1.809,-2.386
-2.03,-2.73
-2.04,-2.787
-2.168,-2.696
-2.221,-2.744
-2.232,-2.874
-2.519,-2.749
-2.607,-2.561
-3.046,-2.467
2.662,-2.874
1.96,-2.569
1.687,-2.896
1.14,-2.574
1.061,-2.699
0.848,1.689
-0.046,1.803
-1.313,1.675
-1.603,1.913
-2.554,1.825
-2.748,1.691
-2.945,1.893
3.068,1.723
2.905,1.746
-0.094,-0.204
-0.102,1.009
-1.741,-1.769
1.734,-1.784
0.392,-0.937
0.368,-1.244
2.825,0.603
1.605,1.064
1.275,0.373
0.588,0.916
-0.105,-0.567
-0.399,-1.218
-2.053,0.267
-2.378,1.016
-2.425,0.197
-2.372,-1.553
-2.677,0.25
2.399,0.897
1.588,1.429
1.185,-2.884
-2.38,1.807
-0.724,1.831
-0.506,1.134
0.064,1.597
-0.012,0.699
0.016,2.3
-0.051,-0.631
-0.048,1.707
-0.098,0.023
-0.185,1.331
-0.203,-1.061
-0.169,-0.143
-0.192,1.361
-0.267,0.417
-0.294,-1.048
-0.389,1.528
-0.525,1.263
-0.558,1.415
-0.671,0.563
-0.743,-1.02
-0.758,1.322
-0.714,1.196
-0.767,1.826
-0.728,0.477
-1.017,0.673
-1.016,1.246
-1.008,0.405
-1.113,1.227
-1.028,1.816
-1.15,0.319
-1.135,0.751
-1.092,0.85
-1.187,1.225
-1.184,2.016
-1.192,-0.632
-1.202,1.434
-1.215,1.988
-1.22,1.419
-1.316,0.808
-1.337,2.005
-1.331,1.217
-1.383,2.023
-1.455,0.92
-1.405,0.66
-1.497,-0.505
-1.533,0.263
-1.548,1.467
-1.489,0.959
-1.516,1.316
-1.513,0.075
-1.638,1.786
-1.586,1.285
-1.654,-0.985
-1.588,-1.311
-1.609,-0.959
-1.66,0.517
-1.773,1.653
-1.72,-0.722
-1.765,2.288
-1.883,-0.802
-1.919,-1.189
-1.862,1.769
-1.916,0.25
-1.997,-0.484
-1.966,-1.102
-2.003,1.389
-2.064,0.616
-1.998,1.106
-2.102,0.249
-2.082,2.284
-2.247,2.329
-2.292,0.301
-2.378,2.435
-2.375,-0.599
-2.359,1.284
-2.459,-0.756
-2.541,1.163
-2.522,0.242
-2.477,-1.097
-2.486,0.082
-2.581,0.962
-2.542,0.11
-2.557,-1.397
-2.673,1.428
-2.656,0.392
-2.702,-1.323
-2.759,0.904
-2.762,0.895
-2.73,2.053
-2.762,1.344
-2.781,0.923
-2.787,0.236
-2.821,1.05
-2.924,1.322
-2.954,-1.561
-2.919,0.684
-2.923,1.179
-2.938,-0.544
-3.033,2.0
-3.044,2.205
-3.058,-0.106
-3.092,0.926
3.134,1.718
-3.108,0.14
3.111,1.153
3.092,-0.615
2.927,2.33
2.889,0.275
2.953,0.831
2.949,-0.993
2.87,1.39
2.854,-0.515
2.82,0.831
2.76,1.284
2.768,-0.543
2.691,1.548
2.701,-0.838
2.637,-0.161
2.596,-0.996
2.459,-1.034
2.399,0.958
2.356,1.188
2.371,0.168
2.346,1.855
2.351,1.244
2.32,1.276
2.374,1.047
2.271,-1.11
2.294,0.251
2.19,0.387
2.043,0.961
2.068,1.328
1.982,-0.442
1.875,-0.675
1.838,0.772
1.724,-0.151
1.702,-1.481
1.508,-0.755
1.491,-1.088
1.503,-1.364
1.457,-0.734
1.225,2.357
1.218,0.526
1.193,-1.024
1.209,0.974
1.122,0.491
1.076,-1.374
1.153,1.71
1.118,-0.077
1.114,-0.499
1.015,1.139
1.06,0.324
0.997,-0.707
1.037,-0.694
1.02,-0.207
1.009,0.936
0.933,0.117
0.921,-0.543
0.907,-0.541
0.967,0.774
0.885,-1.733
0.864,-1.868
0.765,-1.724
0.629,-1.791
0.655,-1.582
0.543,-1.673
0.072,-1.592
0.135,-1.741
0.135,-1.678
0.061,-1.742
-0.409,-1.677
-1.251,-1.617
-1.375,-1.879
-1.653,-1.857
-1.691,-1.85
-2.044,-1.718
-2.536,-1.682
-3.022,-1.688
3.11,-1.892
2.983,-1.895
2.817,-1.644
2.25,-1.853
2.141,-1.887
2.194,-1.68
2.206,-1.607
2.074,-1.709
1.223,-2.039
1.257,-1.884
1.145,-2.038
1.148,-1.944
1.042,-2.003
0.323,2.628
-0.216,2.416
-0.185,2.736
-0.212,2.609
-0.826,2.69
-1.462,2.503
-1.486,2.555
-2.023,2.664
-2.397,2.652
-2.527,2.736
-2.676,2.594
-2.882,2.537
-2.922,2.646
3.034,2.639
2.712,2.662
1.965,2.56
1.604,2.631
1.44,2.543
0.992,2.457
0.985,-0.569
0.569,1.306
-1.548,-0.741
-1.725,-1.005
-1.76,1.256
-1.854,1.571
-3.071,-1.182
2.718,0.444
2.305,1.82
-2.57,-2.103
2.14,2.413
0.943,-0.205
0.941,0.953
0.741,-1.375
0.762,0.74
0.767,-0.445
0.749,-0.491
0.519,0.006
0.512,1.33
0.647,-1.227
0.515,0.489
0.464,1.898
0.45,-1.302
0.398,-1.453
0.346,-0.401
0.325,0.853
0.456,-0.265
0.29,-1.455
0.381,-0.489
0.268,0.106
0.159,-0.38
0.244,0.197
0.212,1.799
0.087,-0.48
0.09,-0.05
0.185,-0.218
0.118,0.127
-0.067,-0.094
-0.18,-1.482
-0.194,-1.329
-0.139,-0.852
-0.273,-0.062
-0.319,2.314
-0.417,0.121
-0.511,-1.008
-0.639,0.282
-0.755,1.093
-1.011,-0.846
-0.987,-0.729
-1.172,0.951
-1.029,2.34
-1.21,-1.256
-1.232,0.183
-1.209,0.863
-1.211,0.135
-1.255,-0.018
-1.323,1.184
-1.412,-0.553
-1.574,0.98
-1.581,0.961
-1.725,-0.04
-1.701,0.985
-2.016,2.279
-1.868,1.279
-2.05,0.936
-1.941,1.849
-2.063,1.013
-2.159,2.224
-2.17,0.407
-2.177,-0.944
-2.083,1.876
-2.246,-0.161
-2.32,-1.381
-2.197,0.909
-2.215,0.176
-2.204,1.271
-2.259,2.174
-2.277,2.393
-2.283,0.067
-2.32,-1.466
-2.479,2.181
-2.515,0.612
-2.52,0.827
-2.613,0.509
-2.621,1.058
-2.52,1.984
-2.52,0.537
-2.712,0.5
-2.587,0.883
-2.714,-0.93
-2.765,0.042
-2.782,-0.232
-2.778,-1.551
-2.929,1.761
-2.953,-0.444
-2.882,-1.392
-2.998,-0.576
-2.972,1.115
-3.116,0.816
-3.097,2.264
3.135,1.146
3.011,-1.393
3.107,-0.326
2.957,-1.402
2.911,1.75
2.878,-1.412
2.858,0.74
2.975,-0.775
2.926,1.608
2.706,2.154
2.653,1.313
2.517,-0.163
2.358,0.257
2.432,0.492
2.335,1.179
2.312,0.253
1.991,0.082
1.972,1.823
2.08,-0.666
2.032,1.738
1.802,-0.654
1.882,2.372
1.459,0.597
1.428,-0.754
1.427,0.378
1.529,-0.658
1.514,-0.39
1.321,0.464
1.353,-1.074
1.202,2.314
1.286,0.261
1.179,0.131
1.146,0.161
1.052,2.243
1.018,1.671
1.122,0.07
1.091,0.779
1.067,0.754
0.897,0.406
0.994,-0.446
0.853,-1.694
0.862,-1.669
0.306,-1.884
0.005,-1.593
-0.122,-1.841
-0.64,-1.964
-0.815,-1.937
-1.417,-2.045
-1.716,-1.559
-1.937,-1.903
-1.947,-1.96
-2.075,-1.869
-2.128,-1.917
-2.139,-2.047
-2.426,-1.922
-2.514,-1.734
-2.953,-1.64
2.755,-2.047
2.053,-1.742
1.78,-2.069
1.233,-1.747
1.154,-1.872
0.941,2.516
0.047,2.63
-1.22,2.502
-1.51,2.74
-2.461,2.652
-2.655,2.518
-2.852,2.72
-3.122,2.55
2.998,2.573
-0.001,0.623
-0.009,1.836
-1.648,-0.942
1.827,-0.957
0.485,-0.11
0.461,-0.417
2.918,1.43
1.698,1.891
1.368,1.2
0.681,1.743
-0.012,0.26
-0.306,-0.391
-1.96,1.094
-2.285,1.843
-2.332,1.024
-2.279,-0.726
-2.584,1.077
2.492,1.724
1.681,2.256
1.278,-2.057
-2.287,2.634
-0.631,2.658
-0.413,1.961
-0.076,-0.898
-0.048,0.703
-0.115,-2.228
-0.112,0.11
-0.162,-1.574
-0.249,-0.266
-0.267,-2.658
-0.233,-1.74
-0.256,-0.236
-0.331,-1.18
-0.358,-2.645
-0.453,-0.069
-0.589,-0.334
-0.622,-0.182
-0.735,-1.034
-0.807,-2.617
-0.822,-0.275
-0.778,-0.401
-0.831,0.229
-0.792,-1.12
-1.081,-0.924
-1.08,-0.351
-1.072,-1.192
-1.177,-0.37
-1.092,0.219
-1.214,-1.278
-1.199,-0.846
-1.156,-0.747
-1.251,-0.372
-1.248,0.419
-1.256,-2.229
-1.266,-0.163
-1.279,0.391
-1.284,-0.178
-1.38,-0.789
-1.401,0.408
-1.395,-0.38
-1.447,0.426
-1.519,-0.677
-1.469,-0.937
-1.561,-2.102
-1.597,-1.334
-1.612,-0.13
-1.553,-0.638
-1.58,-0.281
-1.577,-1.522
-1.702,0.189
-1.65,-0.312
-1.718,-2.582
-1.652,-2.908
-1.673,-2.556
-1.724,-1.08
-1.837,0.056
-1.784,-2.319
-1.829,0.691
-1.947,-2.399
-1.983,-2.786
-1.926,0.172
-1.98,-1.347
-2.061,-2.081
-2.03,-2.699
-2.067,-0.208
-2.128,-0.981
-2.062,-0.491
-2.166,-1.348
-2.146,0.687
-2.311,0.732
-2.356,-1.296
-2.442,0.838
-2.439,-2.196
-2.423,-0.313
-2.523,-2.353
-2.605,-0.434
-2.586,-1.355
-2.541,-2.694
-2.55,-1.515
-2.645,-0.635
-2.606,-1.487
-2.621,-2.994
-2.737,-0.169
-2.72,-1.205
-2.766,-2.92
-2.823,-0.693
-2.826,-0.702
-2.794,0.456
-2.826,-0.253
-2.845,-0.674
-2.851,-1.361
-2.885,-0.547
-2.988,-0.275
-3.018,-3.158
-2.983,-0.913
-2.987,-0.418
-3.002,-2.141
-3.097,0.403
-3.108,0.608
-3.122,-1.703
3.127,-0.671
3.07,0.121
3.111,-1.457
3.047,-0.444
3.028,-2.212
2.863,0.733
2.825,-1.322
2.889,-0.766
2.885,-2.59
2.806,-0.207
2.79,-2.112
2.756,-0.766
2.696,-0.313
2.704,-2.14
2.627,-0.049
2.637,-2.435
2.573,-1.758
2.532,-2.593
2.395,-2.631
2.335,-0.639
2.292,-0.409
2.307,-1.429
2.282,0.258
2.287,-0.353
2.256,-0.321
2.31,-0.55
2.207,-2.707
2.23,-1.346
2.126,-1.21
1.979,-0.636
2.004,-0.269
1.918,-2.039
1.811,-2.272
1.774,-0.825
1.66,-1.748
1.638,-3.078
1.444,-2.352
1.427,-2.685
1.439,-2.961
1.393,-2.331
1.161,0.76
1.154,-1.071
1.129,-2.621
1.145,-0.623
1.058,-1.106
1.012,-2.971
1.089,0.113
1.054,-1.674
1.05,-2.096
0.951,-0.458
0.996,-1.273
0.933,-2.304
0.973,-2.291
0.956,-1.804
0.945,-0.661
0.869,-1.48
0.857,-2.14
0.843,-2.138
0.903,-0.823
0.821,-3.33
0.8,-3.465
0.701,-3.321
0.565,-3.388
0.591,-3.179
0.479,-3.27
0.008,-3.189
0.071,-3.338
0.071,-3.275
-0.003,-3.339
-0.473,-3.274
-1.315,-3.214
-1.439,-3.476
-1.717,-3.454
-1.755,-3.447
-2.108,-3.315
-2.6,-3.279
-3.086,-3.285
3.046,-3.489
2.919,-3.492
2.753,-3.241
2.186,-3.45
2.077,-3.484
2.13,-3.277
2.142,-3.204
2.01,-3.306
1.159,-3.636
1.193,-3.481
1.081,-3.635
1.084,-3.541
0.978,-3.6
0.259,1.031
-0.28,0.819
-0.249,1.139
-0.276,1.012
-0.89,1.093
-1.526,0.906
-1.55,0.958
-2.087,1.067
-2.461,1.055
-2.591,1.139
-2.74,0.997
-2.946,0.94
-2.986,1.049
2.97,1.042
2.648,1.065
1.901,0.963
1.54,1.034
1.376,0.946
0.928,0.86
0.921,-2.166
0.505,-0.291
-1.612,-2.338
-1.789,-2.602
-1.824,-0.341
-1.918,-0.026
-3.135,-2.779
2.654,-1.153
2.241,0.223
-2.634,-3.7
2.076,0.816
0.879,-1.802
0.877,-0.644
0.677,-2.972
0.698,-0.857
0.703,-2.042
0.685,-2.088
0.455,-1.591
0.448,-0.267
0.583,-2.824
0.451,-1.108
0.4,0.301
0.386,-2.899
0.334,-3.05
0.282,-1.998
0.261,-0.744
0.392,-1.862
0.226,-3.052
0.317,-2.086
0.204,-1.491
0.095,-1.977
0.18,-1.4
0.148,0.202
0.023,-2.077
0.026,-1.647
0.121,-1.815
0.054,-1.47
-0.131,-1.691
-0.244,-3.079
-0.258,-2.926
-0.203,-2.449
-0.337,-1.659
-0.383,0.717
-0.481,-1.476
-0.575,-2.605
-0.703,-1.315
-0.819,-0.504
-1.075,-2.443
-1.051,-2.326
-1.236,-0.646
-1.093,0.743
-1.274,-2.853
-1.296,-1.414
-1.273,-0.734
-1.275,-1.462
-1.319,-1.615
-1.387,-0.413
-1.476,-2.15
-1.638,-0.617
-1.645,-0.636
-1.789,-1.637
-1.765,-0.612
-2.08,0.682
-1.932,-0.318
-2.114,-0.661
-2.005,0.252
-2.127,-0.584
-2.223,0.627
-2.234,-1.19
-2.241,-2.541
-2.147,0.279
-2.31,-1.758
-2.384,-2.978
-2.261,-0.688
-2.279,-1.421
-2.268,-0.326
-2.323,0.577
-2.341,0.796
-2.347,-1.53
-2.384,-3.063
-2.543,0.584
-2.579,-0.985
-2.584,-0.77
-2.677,-1.088
-2.685,-0.539
-2.584,0.387
-2.584,-1.06
-2.776,-1.097
-2.651,-0.714
-2.778,-2.527
-2.829,-1.555
-2.846,-1.829
-2.842,-3.148
-2.993,0.164
-3.017,-2.041
-2.946,-2.989
-3.062,-2.173
-3.036,-0.482
3.103,-0.781
3.122,0.667
3.071,-0.451
2.947,-2.99
3.043,-1.923
2.893,-2.999
2.847,0.153
2.814,-3.009
2.794,-0.857
2.911,-2.372
2.862,0.011
2.642,0.557
2.589,-0.284
2.453,-1.76
2.294,-1.34
2.368,-1.105
2.271,-0.418
2.248,-1.344
1.927,-1.515
1.908,0.226
2.016,-2.263
1.968,0.141
1.738,-2.251
1.818,0.775
1.395,-1.0
1.364,-2.351
1.363,-1.219
1.465,-2.255
1.45,-1.987
1.257,-1.133
1.289,-2.671
1.138,0.717
1.222,-1.336
1.115,-1.466
1.082,-1.436
0.988,0.646
0.954,0.074
1.058,-1.527
1.027,-0.818
1.003,-0.843
0.833,-1.191
0.93,-2.043
0.789,-3.291
0.798,-3.266
0.242,-3.481
-0.059,-3.19
-0.186,-3.438
-0.704,-3.561
-0.879,-3.534
-1.481,-3.642
-1.78,-3.156
-2.001,-3.5
-2.011,-3.557
-2.139,-3.466
-2.192,-3.514
-2.203,-3.644
-2.49,-3.519
-2.578,-3.331
-3.017,-3.237
2.691,-3.644
1.989,-3.339
1.716,-3.666
1.169,-3.344
1.09,-3.469
0.877,0.919
-0.017,1.033
-1.284,0.905
-1.574,1.143
-2.525,1.055
-2.719,0.921
-2.916,1.123
3.097,0.953
2.934,0.976
-0.065,-0.974
-0.073,0.239
-1.712,-2.539
1.763,-2.554
0.421,-1.707
0.397,-2.014
2.854,-0.167
1.634,0.294
1.304,-0.397
0.617,0.146
-0.076,-1.337
-0.37,-1.988
-2.024,-0.503
-2.349,0.246
-2.396,-0.573
-2.343,-2.323
-2.648,-0.52
2.428,0.127
1.617,0.659
1.214,-3.654
-2.351,1.037
-0.695,1.061
-0.477,0.364
0.028,1.601
-0.039,-1.33
-0.036,1.008
-0.086,-0.676
-0.173,0.632
-0.191,-1.76
-0.157,-0.842
-0.18,0.662
-0.255,-0.282
-0.282,-1.747
-0.377,0.829
-0.513,0.564
-0.546,0.716
-0.659,-0.136
-0.731,-1.719
-0.746,0.623
-0.702,0.497
-0.755,1.127
-0.716,-0.222
-1.005,-0.026
-1.004,0.547
-0.996,-0.294
-1.101,0.528
-1.016,1.117
-1.138,-0.38
-1.123,0.052
-1.08,0.151
-1.175,0.526
-1.172,1.317
-1.18,-1.331
-1.19,0.735
-1.203,1.289
-1.208,0.72
-1.304,0.109
-1.325,1.306
-1.319,0.518
-1.371,1.324
-1.443,0.221
-1.393,-0.039
-1.485,-1.204
-1.521,-0.436
-1.536,0.768
-1.477,0.26
-1.504,0.617
-1.501,-0.624
-1.626,1.087
-1.574,0.586
-1.642,-1.684
-1.576,-2.01
-1.597,-1.658
-1.648,-0.182
-1.761,0.954
-1.708,-1.421
-1.753,1.589
-1.871,-1.501
-1.907,-1.888
-1.85,1.07
-1.904,-0.449
-1.985,-1.183
-1.954,-1.801
-1.991,0.69
-2.052,-0.083
-1.986,0.407
-2.09,-0.45
-2.07,1.585
-2.235,1.63
-2.28,-0.398
-2.366,1.736
-2.363,-1.298
-2.347,0.585
-2.447,-1.455
-2.529,0.464
-2.51,-0.457
-2.465,-1.796
-2.474,-0.617
-2.569,0.263
-2.53,-0.589
-2.545,-2.096
-2.661,0.729
-2.644,-0.307
-2.69,-2.022
-2.747,0.205
-2.75,0.196
-2.718,1.354
-2.75,0.645
-2.769,0.224
-2.775,-0.463
-2.809,0.351
-2.912,0.623
-2.942,-2.26
-2.907,-0.015
-2.911,0.48
-2.926,-1.243
-3.021,1.301
-3.032,1.506
-3.046,-0.805
-3.08,0.227
-3.137,1.019
-3.096,-0.559
3.123,0.454
3.104,-1.314
2.939,1.631
2.901,-0.424
2.965,0.132
2.961,-1.692
2.882,0.691
2.866,-1.214
2.832,0.132
2.772,0.585
2.78,-1.242
2.703,0.849
2.713,-1.537
2.649,-0.86
2.608,-1.695
2.471,-1.733
2.411,0.259
2.368,0.489
2.383,-0.531
2.358,1.156
2.363,0.545
2.332,0.577
2.386,0.348
2.283,-1.809
2.306,-0.448
2.202,-0.312
2.055,0.262
2.08,0.629
1.994,-1.141
1.887,-1.374
1.85,0.073
1.736,-0.85
1.714,-2.18
1.52,-1.454
1.503,-1.787
1.515,-2.063
1.469,-1.433
1.237,1.658
1.23,-0.173
1.205,-1.723
1.221,0.275
1.134,-0.208
1.088,-2.073
1.165,1.011
1.13,-0.776
1.126,-1.198
1.027,0.44
1.072,-0.375
1.009,-1.406
1.049,-1.393
1.032,-0.906
1.021,0.237
0.945,-0.582
0.933,-1.242
0.919,-1.24
0.979,0.075
0.897,-2.432
0.876,-2.567
0.777,-2.423
0.641,-2.49
0.667,-2.281
0.555,-2.372
0.084,-2.291
0.147,-2.44
0.147,-2.377
0.073,-2.441
-0.397,-2.376
-1.239,-2.316
-1.363,-2.578
-1.641,-2.556
-1.679,-2.549
-2.032,-2.417
-2.524,-2.381
-3.01,-2.387
3.122,-2.591
2.995,-2.594
2.829,-2.343
2.262,-2.552
2.153,-2.586
2.206,-2.379
2.218,-2.306
2.086,-2.408
1.235,-2.738
1.269,-2.583
1.157,-2.737
1.16,-2.643
1.054,-2.702
0.335,1.929
-0.204,1.717
-0.173,2.037
-0.2,1.91
-0.814,1.991
-1.45,1.804
-1.474,1.856
-2.011,1.965
-2.385,1.953
-2.515,2.037
-2.664,1.895
-2.87,1.838
-2.91,1.947
3.046,1.94
2.724,1.963
1.977,1.861
1.616,1.932
1.452,1.844
1.004,1.758
0.997,-1.268
0.581,0.607
-1.536,-1.44
-1.713,-1.704
-1.748,0.557
-1.842,0.872
-3.059,-1.881
2.73,-0.255
2.317,1.121
-2.558,-2.802
2.152,1.714
0.955,-0.904
0.953,0.254
0.753,-2.074
0.774,0.041
0.779,-1.144
0.761,-1.19
0.531,-0.693
0.524,0.631
0.659,-1.926
0.527,-0.21
0.476,1.199
0.462,-2.001
0.41,-2.152
0.358,-1.1
0.337,0.154
0.468,-0.964
0.302,-2.154
0.393,-1.188
0.28,-0.593
0.171,-1.079
0.256,-0.502
0.224,1.1
0.099,-1.179
0.102,-0.749
0.197,-0.917
0.13,-0.572
-0.055,-0.793
-0.168,-2.181
-0.182,-2.028
-0.127,-1.551
-0.261,-0.761
-0.307,1.615
-0.405,-0.578
-0.499,-1.707
-0.627,-0.417
-0.743,0.394
-0.999,-1.545
-0.975,-1.428
-1.16,0.252
-1.017,1.641
-1.198,-1.955
-1.22,-0.516
-1.197,0.164
-1.199,-0.564
-1.243,-0.717
-1.311,0.485
-1.4,-1.252
-1.562,0.281
-1.569,0.262
-1.713,-0.739
-1.689,0.286
-2.004,1.58
-1.856,0.58
-2.038,0.237
-1.929,1.15
-2.051,0.314
-2.147,1.525
-2.158,-0.292
-2.165,-1.643
-2.071,1.177
-2.234,-0.86
-2.308,-2.08
-2.185,0.21
-2.203,-0.523
-2.192,0.572
-2.247,1.475
-2.265,1.694
-2.271,-0.632
-2.308,-2.165
-2.467,1.482
-2.503,-0.087
-2.508,0.128
-2.601,-0.19
-2.609,0.359
-2.508,1.285
-2.508,-0.162
-2.7,-0.199
-2.575,0.184
-2.702,-1.629
-2.753,-0.657
-2.77,-0.931
-2.766,-2.25
-2.917,1.062
-2.941,-1.143
-2.87,-2.091
-2.986,-1.275
-2.96,0.416
-3.104,0.117
-3.085,1.565
-3.136,0.447
3.023,-2.092
3.119,-1.025
2.969,-2.101
2.923,1.051
2.89,-2.111
2.87,0.041
2.987,-1.474
2.938,0.909
2.718,1.455
2.665,0.614
2.529,-0.862
2.37,-0.442
2.444,-0.207
2.347,0.48
2.324,-0.446
2.003,-0.617
1.984,1.124
2.092,-1.365
2.044,1.039
1.814,-1.353
1.894,1.673
1.471,-0.102
1.44,-1.453
1.439,-0.321
1.541,-1.357
1.526,-1.089
1.333,-0.235
1.365,-1.773
1.214,1.615
1.298,-0.438
1.191,-0.568
1.158,-0.538
1.064,1.544
1.03,0.972
1.134,-0.629
1.103,0.08
1.079,0.055
0.909,-0.293
1.006,-1.145
0.865,-2.393
0.874,-2.368
0.318,-2.583
0.017,-2.292
-0.11,-2.54
-0.628,-2.663
-0.803,-2.636
-1.405,-2.744
-1.704,-2.258
-1.925,-2.602
-1.935,-2.659
-2.063,-2.568
-2.116,-2.616
-2.127,-2.746
-2.414,-2.621
-2.502,-2.433
-2.941,-2.339
2.767,-2.746
2.065,-2.441
1.792,-2.768
1.245,-2.446
1.166,-2.571
0.953,1.817
0.059,1.931
-1.208,1.803
-1.498,2.041
-2.449,1.953
-2.643,1.819
-2.84,2.021
-3.11,1.851
3.01,1.874
0.011,-0.076
0.003,1.137
-1.636,-1.641
1.839,-1.656
0.497,-0.809
0.473,-1.116
2.93,0.731
1.71,1.192
1.38,0.501
0.693,1.044
0.0,-0.439
-0.294,-1.09
-1.948,0.395
-2.273,1.144
-2.32,0.325
-2.267,-1.425
-2.572,0.378
2.504,1.025
1.693,1.557
1.29,-2.756
-2.275,1.935
-0.619,1.959
-0.401,1.262
-0.067,-2.931
-0.064,-0.593
-0.114,-2.277
-0.201,-0.969
-0.219,-3.361
-0.185,-2.443
-0.208,-0.939
-0.283,-1.883
-0.31,-3.348
-0.405,-0.772
-0.541,-1.037
-0.574,-0.885
-0.687,-1.737
-0.759,-3.32
-0.774,-0.978
-0.73,-1.104
-0.783,-0.474
-0.744,-1.823
-1.033,-1.627
-1.032,-1.054
-1.024,-1.895
-1.129,-1.073
-1.044,-0.484
-1.166,-1.981
-1.151,-1.549
-1.108,-1.45
-1.203,-1.075
-1.2,-0.284
-1.208,-2.932
-1.218,-0.866
-1.231,-0.312
-1.236,-0.881
-1.332,-1.492
-1.353,-0.295
-1.347,-1.083
-1.399,-0.277
-1.471,-1.38
-1.421,-1.64
-1.513,-2.805
-1.549,-2.037
-1.564,-0.833
-1.505,-1.341
-1.532,-0.984
-1.529,-2.225
-1.654,-0.514
-1.602,-1.015
-1.67,-3.285
-1.604,-3.611
-1.625,-3.259
-1.676,-1.783
-1.789,-0.647
-1.736,-3.022
-1.781,-0.012
-1.899,-3.102
-1.935,-3.489
-1.878,-0.531
-1.932,-2.05
-2.013,-2.784
-1.982,-3.402
-2.019,-0.911
-2.08,-1.684
-2.014,-1.194
-2.118,-2.051
-2.098,-0.016
-2.263,0.029
-2.308,-1.999
-2.394,0.135
-2.391,-2.899
-2.375,-1.016
-2.475,-3.056
-2.557,-1.137
-2.538,-2.058
-2.493,-3.397
-2.502,-2.218
-2.597,-1.338
-2.558,-2.19
-2.573,-3.697
-2.689,-0.872
-2.672,-1.908
-2.718,-3.623
-2.775,-1.396
-2.778,-1.405
-2.746,-0.247
-2.778,-0.956
-2.797,-1.377
-2.803,-2.064
-2.837,-1.25
-2.94,-0.978
-2.97,-3.861
-2.935,-1.616
-2.939,-1.121
-2.954,-2.844
-3.049,-0.3
-3.06,-0.095
-3.074,-2.406
-3.108,-1.374
3.118,-0.582
-3.124,-2.16
3.095,-1.147
3.076,-2.915
2.911,0.03
2.873,-2.025
2.937,-1.469
2.933,-3.293
2.854,-0.91
2.838,-2.815
2.804,-1.469
2.744,-1.016
2.752,-2.843
2.675,-0.752
2.685,-3.138
2.621,-2.461
2.58,-3.296
2.443,-3.334
2.383,-1.342
2.34,-1.112
2.355,-2.132
2.33,-0.445
2.335,-1.056
2.304,-1.024
2.358,-1.253
2.255,-3.41
2.278,-2.049
2.174,-1.913
2.027,-1.339
2.052,-0.972
1.966,-2.742
1.859,-2.975
1.822,-1.528
1.708,-2.451
1.686,-3.781
1.492,-3.055
1.475,-3.388
1.487,-3.664
1.441,-3.034
1.209,0.057
1.202,-1.774
1.177,-3.324
1.193,-1.326
1.106,-1.809
1.06,-3.674
1.137,-0.59
1.102,-2.377
1.098,-2.799
0.999,-1.161
1.044,-1.976
0.981,-3.007
1.021,-2.994
1.004,-2.507
0.993,-1.364
0.917,-2.183
0.905,-2.843
0.891,-2.841
0.951,-1.526
0.869,-4.033
0.848,-4.168
0.749,-4.024
0.613,-4.091
0.639,-3.882
0.527,-3.973
0.056,-3.892
0.119,-4.041
0.119,-3.978
0.045,-4.042
-0.425,-3.977
-1.267,-3.917
-1.391,-4.179
-1.669,-4.157
-1.707,-4.15
-2.06,-4.018
-2.552,-3.982
-3.038,-3.988
3.094,-4.192
2.967,-4.195
2.801,-3.944
2.234,-4.153
2.125,-4.187
2.178,-3.98
2.19,-3.907
2.058,-4.009
1.207,-4.339
1.241,-4.184
1.129,-4.338
1.132,-4.244
1.026,-4.303
0.307,0.328
-0.232,0.116
-0.201,0.436
-0.228,0.309
-0.842,0.39
-1.478,0.203
-1.502,0.255
-2.039,0.364
-2.413,0.352
-2.543,0.436
-2.692,0.294
-2.898,0.237
-2.938,0.346
3.018,0.339
2.696,0.362
1.949,0.26
1.588,0.331
1.424,0.243
0.976,0.157
0.969,-2.869
0.553,-0.994
-1.564,-3.041
-1.741,-3.305
-1.776,-1.044
-1.87,-0.729
-3.087,-3.482
2.702,-1.856
2.289,-0.48
-2.586,-4.403
2.124,0.113
0.927,-2.505
0.925,-1.347
0.725,-3.675
0.746,-1.56
0.751,-2.745
0.733,-2.791
0.503,-2.294
0.496,-0.97
0.631,-3.527
0.499,-1.811
0.448,-0.402
0.434,-3.602
0.382,-3.753
0.33,-2.701
0.309,-1.447
0.44,-2.565
0.274,-3.755
0.365,-2.789
0.252,-2.194
0.143,-2.68
0.228,-2.103
0.196,-0.501
0.071,-2.78
0.074,-2.35
0.169,-2.518
0.102,-2.173
-0.083,-2.394
-0.196,-3.782
-0.21,-3.629
-0.155,-3.152
-0.289,-2.362
-0.335,0.014
-0.433,-2.179
-0.527,-3.308
-0.655,-2.018
-0.771,-1.207
-1.027,-3.146
-1.003,-3.029
-1.188,-1.349
-1.045,0.04
-1.226,-3.556
-1.248,-2.117
-1.225,-1.437
-1.227,-2.165
-1.271,-2.318
-1.339,-1.116
-1.428,-2.853
-1.59,-1.32
-1.597,-1.339
-1.741,-2.34
-1.717,-1.315
-2.032,-0.021
-1.884,-1.021
-2.066,-1.364
-1.957,-0.451
-2.079,-1.287
-2.175,-0.076
-2.186,-1.893
-2.193,-3.244
-2.099,-0.424
-2.262,-2.461
-2.336,-3.681
-2.213,-1.391
-2.231,-2.124
-2.22,-1.029
-2.275,-0.126
-2.293,0.093
-2.299,-2.233
-2.336,-3.766
-2.495,-0.119
-2.531,-1.688
-2.536,-1.473
-2.629,-1.791
-2.637,-1.242
-2.536,-0.316
-2.536,-1.763
-2.728,-1.8
-2.603,-1.417
-2.73,-3.23
-2.781,-2.258
-2.798,-2.532
-2.794,-3.851
-2.945,-0.539
-2.969,-2.744
-2.898,-3.692
-3.014,-2.876
-2.988,-1.185
-3.132,-1.484
-3.113,-0.036
3.119,-1.154
2.995,-3.693
3.091,-2.626
2.941,-3.702
2.895,-0.55
2.862,-3.712
2.842,-1.56
2.959,-3.075
2.91,-0.692
2.69,-0.146
2.637,-0.987
2.501,-2.463
2.342,-2.043
2.416,-1.808
2.319,-1.121
2.296,-2.047
1.975,-2.218
1.956,-0.477
2.064,-2.966
2.016,-0.562
1.786,-2.954
1.866,0.072
1.443,-1.703
1.412,-3.054
1.411,-1.922
1.513,-2.958
1.498,-2.69
1.305,-1.836
1.337,-3.374
1.186,0.014
1.27,-2.039
1.163,-2.169
1.13,-2.139
1.036,-0.057
1.002,-0.629
1.106,-2.23
1.075,-1.521
1.051,-1.546
0.881,-1.894
0.978,-2.746
0.837,-3.994
0.846,-3.969
0.29,-4.184
-0.011,-3.893
-0.138,-4.141
-0.656,-4.264
-0.831,-4.237
-1.433,-4.345
-1.732,-3.859
-1.953,-4.203
-1.963,-4.26
-2.091,-4.169
-2.144,-4.217
-2.155,-4.347
-2.442,-4.222
-2.53,-4.034
-2.969,-3.94
2.739,-4.347
2.037,-4.042
1.764,-4.369
1.217,-4.047
1.138,-4.172
0.925,0.216
0.031,0.33
-1.236,0.202
-1.526,0.44
-2.477,0.352
-2.671,0.218
-2.868,0.42
-3.138,0.25
2.982,0.273
-0.017,-1.677
-0.025,-0.464
-1.664,-3.242
1.811,-3.257
0.469,-2.41
0.445,-2.717
2.902,-0.87
1.682,-0.409
1.352,-1.1
0.665,-0.557
-0.028,-2.04
-0.322,-2.691
-1.976,-1.206
-2.301,-0.457
-2.348,-1.276
-2.295,-3.026
-2.6,-1.223
2.476,-0.576
1.665,-0.044
1.262,-4.357
-2.303,0.334
-0.647,0.358
-0.429,-0.339
0.003,2.338
-0.047,0.654
-0.134,1.962
-0.152,-0.43
-0.118,0.488
-0.141,1.992
-0.216,1.048
-0.243,-0.417
-0.338,2.159
-0.474,1.894
-0.507,2.046
-0.62,1.194
-0.692,-0.389
-0.707,1.953
-0.663,1.827
-0.716,2.457
-0.677,1.108
-0.966,1.304
-0.965,1.877
-0.957,1.036
-1.062,1.858
-0.977,2.447
-1.099,0.95
-1.084,1.382
-1.041,1.481
-1.136,1.856
-1.133,2.647
-1.141,-0.001
-1.151,2.065
-1.164,2.619
-1.169,2.05
-1.265,1.439
-1.286,2.636
-1.28,1.848
-1.332,2.654
-1.404,1.551
-1.354,1.291
-1.446,0.126
-1.482,0.894
-1.497,2.098
-1.438,1.59
-1.465,1.947
-1.462,0.706
-1.587,2.417
-1.535,1.916
-1.603,-0.354
-1.537,-0.68
-1.558,-0.328
-1.609,1.148
-1.722,2.284
-1.669,-0.091
-1.714,2.919
-1.832,-0.171
-1.868,-0.558
-1.811,2.4
-1.865,0.881
-1.946,0.147
-1.915,-0.471
-1.952,2.02
-2.013,1.247
-1.947,1.737
-2.051,0.88
-2.031,2.915
-2.196,2.96
-2.241,0.932
-2.327,3.066
-2.324,0.032
-2.308,1.915
-2.408,-0.125
-2.49,1.794
-2.471,0.873
-2.426,-0.466
-2.435,0.713
-2.53,1.593
-2.491,0.741
-2.506,-0.766
-2.622,2.059
-2.605,1.023
-2.651,-0.692
-2.708,1.535
-2.711,1.526
-2.679,2.684
-2.711,1.975
-2.73,1.554
-2.736,0.867
-2.77,1.681
-2.873,1.953
-2.903,-0.93
-2.868,1.315
-2.872,1.81
-2.887,0.087
-2.982,2.631
-2.993,2.836
-3.007,0.525
-3.041,1.557
-3.098,2.349
-3.057,0.771
-3.121,1.784
-3.14,0.016
2.978,2.961
2.94,0.906
3.004,1.462
3.0,-0.362
2.921,2.021
2.905,0.116
2.871,1.462
2.811,1.915
2.819,0.088
2.742,2.179
2.752,-0.207
2.688,0.47
2.647,-0.365
2.51,-0.403
2.45,1.589
2.407,1.819
2.422,0.799
2.397,2.486
2.402,1.875
2.371,1.907
2.425,1.678
2.322,-0.479
2.345,0.882
2.241,1.018
2.094,1.592
2.119,1.959
2.033,0.189
1.926,-0.044
1.889,1.403
1.775,0.48
1.753,-0.85
1.559,-0.124
1.542,-0.457
1.554,-0.733
1.508,-0.103
1.276,2.988
1.269,1.157
1.244,-0.393
1.26,1.605
1.173,1.122
1.127,-0.743
1.204,2.341
1.169,0.554
1.165,0.132
1.066,1.77
1.111,0.955
1.048,-0.076
1.088,-0.063
1.071,0.424
1.06,1.567
0.984,0.748
0.972,0.088
0.958,0.09
1.018,1.405
0.936,-1.102
0.915,-1.237
0.816,-1.093
0.68,-1.16
0.706,-0.951
0.594,-1.042
0.123,-0.961
0.186,-1.11
0.186,-1.047
0.112,-1.111
-0.358,-1.046
-1.2,-0.986
-1.324,-1.248
-1.602,-1.226
-1.64,-1.219
-1.993,-1.087
-2.485,-1.051
-2.971,-1.057
-3.122,-1.261
3.034,-1.264
2.868,-1.013
2.301,-1.222
2.192,-1.256
2.245,-1.049
2.257,-0.976
2.125,-1.078
1.274,-1.408
1.308,-1.253
1.196,-1.407
1.199,-1.313
1.093,-1.372
0.374,3.259
-0.165,3.047
-0.134,3.367
-0.161,3.24
-0.775,3.321
-1.411,3.134
-1.435,3.186
-1.972,3.295
-2.346,3.283
-2.476,3.367
-2.625,3.225
-2.831,3.168
-2.871,3.277
3.085,3.27
2.763,3.293
2.016,3.191
1.655,3.262
1.491,3.174
1.043,3.088
1.036,0.062
0.62,1.937
-1.497,-0.11
-1.674,-0.374
-1.709,1.887
-1.803,2.202
-3.02,-0.551
2.769,1.075
2.356,2.451
-2.519,-1.472
2.191,3.044
0.994,0.426
0.992,1.584
0.792,-0.744
0.813,1.371
0.818,0.186
0.8,0.14
0.57,0.637
0.563,1.961
0.698,-0.596
0.566,1.12
0.515,2.529
0.501,-0.671
0.449,-0.822
0.397,0.23
0.376,1.484
0.507,0.366
0.341,-0.824
0.432,0.142
0.319,0.737
0.21,0.251
0.295,0.828
0.263,2.43
0.138,0.151
0.141,0.581
0.236,0.413
0.169,0.758
-0.016,0.537
-0.129,-0.851
-0.143,-0.698
-0.088,-0.221
-0.222,0.569
-0.268,2.945
-0.366,0.752
-0.46,-0.377
-0.588,0.913
-0.704,1.724
-0.96,-0.215
-0.936,-0.098
-1.121,1.582
-0.978,2.971
-1.159,-0.625
-1.181,0.814
-1.158,1.494
-1.16,0.766
-1.204,0.613
-1.272,1.815
-1.361,0.078
-1.523,1.611
-1.53,1.592
-1.674,0.591
-1.65,1.616
-1.965,2.91
-1.817,1.91
-1.999,1.567
-1.89,2.48
-2.012,1.644
-2.108,2.855
-2.119,1.038
-2.126,-0.313
-2.032,2.507
-2.195,0.47
-2.269,-0.75
-2.146,1.54
-2.164,0.807
-2.153,1.902
-2.208,2.805
-2.226,3.024
-2.232,0.698
-2.269,-0.835
-2.428,2.812
-2.464,1.243
-2.469,1.458
-2.562,1.14
-2.57,1.689
-2.469,2.615
-2.469,1.168
-2.661,1.131
-2.536,1.514
-2.663,-0.299
-2.714,0.673
-2.731,0.399
-2.727,-0.92
-2.878,2.392
-2.902,0.187
-2.831,-0.761
-2.947,0.055
-2.921,1.746
-3.065,1.447
-3.046,2.895
-3.097,1.777
3.062,-0.762
-3.125,0.305
3.008,-0.771
2.962,2.381
2.929,-0.781
2.909,1.371
3.026,-0.144
2.977,2.239
2.757,2.785
2.704,1.944
2.568,0.468
2.409,0.888
2.483,1.123
2.386,1.81
2.363,0.884
2.042,0.713
2.023,2.454
2.131,-0.035
2.083,2.369
1.853,-0.023
1.933,3.003
1.51,1.228
1.479,-0.123
1.478,1.009
1.58,-0.027
1.565,0.241
1.372,1.095
1.404,-0.443
1.253,2.945
1.337,0.892
1.23,0.762
1.197,0.792
1.103,2.874
1.069,2.302
1.173,0.701
1.142,1.41
1.118,1.385
0.948,1.037
1.045,0.185
0.904,-1.063
0.913,-1.038
0.357,-1.253
0.056,-0.962
-0.071,-1.21
-0.589,-1.333
-0.764,-1.306
-1.366,-1.414
-1.665,-0.928
-1.886,-1.272
-1.896,-1.329
-2.024,-1.238
-2.077,-1.286
-2.088,-1.416
-2.375,-1.291
-2.463,-1.103
-2.902,-1.009
2.806,-1.416
2.104,-1.111
1.831,-1.438
1.284,-1.116
1.205,-1.241
0.992,3.147
0.098,3.261
-1.169,3.133
-1.459,3.371
-2.41,3.283
-2.604,3.149
-2.801,3.351
-3.071,3.181
3.049,3.204
0.05,1.254
0.042,2.467
-1.597,-0.311
1.878,-0.326
0.536,0.521
0.512,0.214
2.969,2.061
1.749,2.522
1.419,1.831
0.732,2.374
0.039,0.891
-0.255,0.24
-1.909,1.725
-2.234,2.474
-2.281,1.655
-2.228,-0.095
-2.533,1.708
2.543,2.355
1.732,2.887
1.329,-1.426
-2.236,3.265
-0.58,3.289
-0.362,2.592
-0.05,-1.684
-0.137,-0.376
-0.155,-2.768
-0.121,-1.85
-0.144,-0.346
-0.219,-1.29
-0.246,-2.755
-0.341,-0.179
-0.477,-0.444
-0.51,-0.292
-0.623,-1.144
-0.695,-2.727
-0.71,-0.385
-0.666,-0.511
-0.719,0.119
-0.68,-1.23
-0.969,-1.034
-0.968,-0.461
-0.96,-1.302
-1.065,-0.48
-0.98,0.109
-1.102,-1.388
-1.087,-0.956
-1.044,-0.857
-1.139,-0.482
-1.136,0.309
-1.144,-2.339
-1.154,-0.273
-1.167,0.281
-1.172,-0.288
-1.268,-0.899
-1.289,0.298
-1.283,-0.49
-1.335,0.316
-1.407,-0.787
-1.357,-1.047
-1.449,-2.212
-1.485,-1.444
-1.5,-0.24
-1.441,-0.748
-1.468,-0.391
-1.465,-1.632
-1.59,0.079
-1.538,-0.422
-1.606,-2.692
-1.54,-3.018
-1.561,-2.666
-1.612,-1.19
-1.725,-0.054
-1.672,-2.429
-1.717,0.581
-1.835,-2.509
-1.871,-2.896
-1.814,0.062
-1.868,-1.457
-1.949,-2.191
-1.918,-2.809
-1.955,-0.318
-2.016,-1.091
-1.95,-0.601
-2.054,-1.458
-2.034,0.577
-2.199,0.622
-2.244,-1.406
-2.33,0.728
-2.327,-2.306
-2.311,-0.423
-2.411,-2.463
-2.493,-0.544
-2.474,-1.465
-2.429,-2.804
-2.438,-1.625
-2.533,-0.745
-2.494,-1.597
-2.509,-3.104
-2.625,-0.279
-2.608,-1.315
-2.654,-3.03
-2.711,-0.803
-2.714,-0.812
-2.682,0.346
-2.714,-0.363
-2.733,-0.784
-2.739,-1.471
-2.773,-0.657
-2.876,-0.385
-2.906,-3.268
-2.871,-1.023
-2.875,-0.528
-2.89,-2.251
-2.985,0.293
-2.996,0.498
-3.01,-1.813
-3.044,-0.781
-3.101,0.011
-3.06,-1.567
-3.124,-0.554
3.14,-2.322
2.975,0.623
2.937,-1.432
3.001,-0.876
2.997,-2.7
2.918,-0.317
2.902,-2.222
2.868,-0.876
2.808,-0.423
2.816,-2.25
2.739,-0.159
2.749,-2.545
2.685,-1.868
2.644,-2.703
2.507,-2.741
2.447,-0.749
2.404,-0.519
2.419,-1.539
2.394,0.148
2.399,-0.463
2.368,-0.431
2.422,-0.66
2.319,-2.817
2.342,-1.456
2.238,-1.32
2.091,-0.746
2.116,-0.379
2.03,-2.149
1.923,-2.382
1.886,-0.935
1.772,-1.858
1.75,-3.188
1.556,-2.462
1.539,-2.795
1.551,-3.071
1.505,-2.441
1.273,0.65
1.266,-1.181
1.241,-2.731
1.257,-0.733
1.17,-1.216
1.124,-3.081
1.201,0.003
1.166,-1.784
1.162,-2.206
1.063,-0.568
1.108,-1.383
1.045,-2.414
1.085,-2.401
1.068,-1.914
1.057,-0.771
0.981,-1.59
0.969,-2.25
0.955,-2.248
1.015,-0.933
0.933,-3.44
0.912,-3.575
0.813,-3.431
0.677,-3.498
0.703,-3.289
0.591,-3.38
0.12,-3.299
0.183,-3.448
0.183,-3.385
0.109,-3.449
-0.361,-3.384
-1.203,-3.324
-1.327,-3.586
-1.605,-3.564
-1.643,-3.557
-1.996,-3.425
-2.488,-3.389
-2.974,-3.395
-3.125,-3.599
3.031,-3.602
2.865,-3.351
2.298,-3.56
2.189,-3.594
2.242,-3.387
2.254,-3.314
2.122,-3.416
1.271,-3.746
1.305,-3.591
1.193,-3.745
1.196,-3.651
1.09,-3.71
0.371,0.921
-0.168,0.709
-0.137,1.029
-0.164,0.902
-0.778,0.983
-1.414,0.796
-1.438,0.848
-1.975,0.957
-2.349,0.945
-2.479,1.029
-2.628,0.887
-2.834,0.83
-2.874,0.939
3.082,0.932
2.76,0.955
2.013,0.853
1.652,0.924
1.488,0.836
1.04,0.75
1.033,-2.276
0.617,-0.401
-1.5,-2.448
-1.677,-2.712
-1.712,-0.451
-1.806,-0.136
-3.023,-2.889
2.766,-1.263
2.353,0.113
-2.522,-3.81
2.188,0.706
0.991,-1.912
0.989,-0.754
0.789,-3.082
0.81,-0.967
0.815,-2.152
0.797,-2.198
0.567,-1.701
0.56,-0.377
0.695,-2.934
0.563,-1.218
0.512,0.191
0.498,-3.009
0.446,-3.16
0.394,-2.108
0.373,-0.854
0.504,-1.972
0.338,-3.162
0.429,-2.196
0.316,-1.601
0.207,-2.087
0.292,-1.51
0.26,0.092
0.135,-2.187
0.138,-1.757
0.233,-1.925
0.166,-1.58
-0.019,-1.801
-0.132,-3.189
-0.146,-3.036
-0.091,-2.559
-0.225,-1.769
-0.271,0.607
-0.369,-1.586
-0.463,-2.715
-0.591,-1.425
-0.707,-0.614
-0.963,-2.553
-0.939,-2.436
-1.124,-0.756
-0.981,0.633
-1.162,-2.963
-1.184,-1.524
-1.161,-0.844
-1.163,-1.572
-1.207,-1.725
-1.275,-0.523
-1.364,-2.26
-1.526,-0.727
-1.533,-0.746
-1.677,-1.747
-1.653,-0.722
-1.968,0.572
-1.82,-0.428
-2.002,-0.771
-1.893,0.142
-2.015,-0.694
-2.111,0.517
-2.122,-1.3
-2.129,-2.651
-2.035,0.169
-2.198,-1.868
-2.272,-3.088
-2.149,-0.798
-2.167,-1.531
-2.156,-0.436
-2.211,0.467
-2.229,0.686
-2.235,-1.64
-2.272,-3.173
-2.431,0.474
-2.467,-1.095
-2.472,-0.88
-2.565,-1.198
-2.573,-0.649
-2.472,0.277
-2.472,-1.17
-2.664,-1.207
-2.539,-0.824
-2.666,-2.637
-2.717,-1.665
-2.734,-1.939
-2.73,-3.258
-2.881,0.054
-2.905,-2.151
-2.834,-3.099
-2.95,-2.283
-2.924,-0.592
-3.068,-0.891
-3.049,0.557
-3.1,-0.561
3.059,-3.1
-3.128,-2.033
3.005,-3.109
2.959,0.043
2.926,-3.119
2.906,-0.967
3.023,-2.482
2.974,-0.099
2.754,0.447
2.701,-0.394
2.565,-1.87
2.406,-1.45
2.48,-1.215
2.383,-0.528
2.36,-1.454
2.039,-1.625
2.02,0.116
2.128,-2.373
2.08,0.031
1.85,-2.361
1.93,0.665
1.507,-1.11
1.476,-2.461
1.475,-1.329
1.577,-2.365
1.562,-2.097
1.369,-1.243
1.401,-2.781
1.25,0.607
1.334,-1.446
1.227,-1.576
1.194,-1.546
1.1,0.536
1.066,-0.036
1.17,-1.637
1.139,-0.928
1.115,-0.953
0.945,-1.301
1.042,-2.153
0.901,-3.401
0.91,-3.376
0.354,-3.591
0.053,-3.3
-0.074,-3.548
-0.592,-3.671
-0.767,-3.644
-1.369,-3.752
-1.668,-3.266
-1.889,-3.61
-1.899,-3.667
-2.027,-3.576
-2.08,-3.624
-2.091,-3.754
-2.378,-3.629
-2.466,-3.441
-2.905,-3.347
2.803,-3.754
2.101,-3.449
1.828,-3.776
1.281,-3.454
1.202,-3.579
0.989,0.809
0.095,0.923
-1.172,0.795
-1.462,1.033
-2.413,0.945
-2.607,0.811
-2.804,1.013
-3.074,0.843
3.046,0.866
0.047,-1.084
0.039,0.129
-1.6,-2.649
1.875,-2.664
0.533,-1.817
0.509,-2.124
2.966,-0.277
1.746,0.184
1.416,-0.507
0.729,0.036
0.036,-1.447
-0.258,-2.098
-1.912,-0.613
-2.237,0.136
-2.284,-0.683
-2.231,-2.433
-2.536,-0.63
2.54,0.017
1.729,0.549
1.326,-3.764
-2.239,0.927
-0.583,0.951
-0.365,0.254
-0.087,1.308
-0.105,-1.084
-0.071,-0.166
-0.094,1.338
-0.169,0.394
-0.196,-1.071
-0.291,1.505
-0.427,1.24
-0.46,1.392
-0.573,0.54
-0.645,-1.043
-0.66,1.299
-0.616,1.173
-0.669,1.803
-0.63,0.454
-0.919,0.65
-0.918,1.223
-0.91,0.382
-1.015,1.204
-0.93,1.793
-1.052,0.296
-1.037,0.728
-0.994,0.827
-1.089,1.202
-1.086,1.993
-1.094,-0.655
-1.104,1.411
-1.117,1.965
-1.122,1.396
-1.218,0.785
-1.239,1.982
-1.233,1.194
-1.285,2.0
-1.357,0.897
-1.307,0.637
-1.399,-0.528
-1.435,0.24
-1.45,1.444
-1.391,0.936
-1.418,1.293
-1.415,0.052
-1.54,1.763
-1.488,1.262
-1.556,-1.008
-1.49,-1.334
-1.511,-0.982
-1.562,0.494
-1.675,1.63
-1.622,-0.745
-1.667,2.265
-1.785,-0.825
-1.821,-1.212
-1.764,1.746
-1.818,0.227
-1.899,-0.507
-1.868,-1.125
-1.905,1.366
-1.966,0.593
-1.9,1.083
-2.004,0.226
-1.984,2.261
-2.149,2.306
-2.194,0.278
-2.28,2.412
-2.277,-0.622
-2.261,1.261
-2.361,-0.779
-2.443,1.14
-2.424,0.219
-2.379,-1.12
-2.388,0.059
-2.483,0.939
-2.444,0.087
-2.459,-1.42
-2.575,1.405
-2.558,0.369
-2.604,-1.346
-2.661,0.881
-2.664,0.872
-2.632,2.03
-2.664,1.321
-2.683,0.9
-2.689,0.213
-2.723,1.027
-2.826,1.299
-2.856,-1.584
-2.821,0.661
-2.825,1.156
-2.84,-0.567
-2.935,1.977
-2.946,2.182
-2.96,-0.129
-2.994,0.903
-3.051,1.695
-3.01,0.117
-3.074,1.13
-3.093,-0.638
3.025,2.307
2.987,0.252
3.051,0.808
3.047,-1.016
2.968,1.367
2.952,-0.538
2.918,0.808
2.858,1.261
2.866,-0.566
2.789,1.525
2.799,-0.861
2.735,-0.184
2.694,-1.019
2.557,-1.057
2.497,0.935
2.454,1.165
2.469,0.145
2.444,1.832
2.449,1.221
2.418,1.253
2.472,1.024
2.369,-1.133
2.392,0.228
2.288,0.364
2.141,0.938
2.166,1.305
2.08,-0.465
1.973,-0.698
1.936,0.749
1.822,-0.174
1.8,-1.504
1.606,-0.778
1.589,-1.111
1.601,-1.387
1.555,-0.757
1.323,2.334
1.316,0.503
1.291,-1.047
1.307,0.951
1.22,0.468
1.174,-1.397
1.251,1.687
1.216,-0.1
1.212,-0.522
1.113,1.116
1.158,0.301
1.095,-0.73
1.135,-0.717
1.118,-0.23
1.107,0.913
1.031,0.094
1.019,-0.566
1.005,-0.564
1.065,0.751
0.983,-1.756
0.962,-1.891
0.863,-1.747
0.727,-1.814
0.753,-1.605
0.641,-1.696
0.17,-1.615
0.233,-1.764
0.233,-1.701
0.159,-1.765
-0.311,-1.7
-1.153,-1.64
-1.277,-1.902
-1.555,-1.88
-1.593,-1.873
-1.946,-1.741
-2.438,-1.705
-2.924,-1.711
-3.075,-1.915
3.081,-1.918
2.915,-1.667
2.348,-1.876
2.239,-1.91
2.292,-1.703
2.304,-1.63
2.172,-1.732
1.321,-2.062
1.355,-1.907
1.243,-2.061
1.246,-1.967
1.14,-2.026
0.421,2.605
-0.118,2.393
-0.087,2.713
-0.114,2.586
-0.728,2.667
-1.364,2.48
-1.388,2.532
-1.925,2.641
-2.299,2.629
-2.429,2.713
-2.578,2.571
-2.784,2.514
-2.824,2.623
3.132,2.616
2.81,2.639
2.063,2.537
1.702,2.608
1.538,2.52
1.09,2.434
1.083,-0.592
0.667,1.283
-1.45,-0.764
-1.627,-1.028
-1.662,1.233
-1.756,1.548
-2.973,-1.205
2.816,0.421
2.403,1.797
-2.472,-2.126
2.238,2.39
1.041,-0.228
1.039,0.93
0.839,-1.398
0.86,0.717
0.865,-0.468
0.847,-0.514
0.617,-0.017
0.61,1.307
0.745,-1.25
0.613,0.466
0.562,1.875
0.548,-1.325
0.496,-1.476
0.444,-0.424
0.423,0.83
0.554,-0.288
0.388,-1.478
0.479,-0.512
0.366,0.083
0.257,-0.403
0.342,0.174
0.31,1.776
0.185,-0.503
0.188,-0.073
0.283,-0.241
0.216,0.104
0.031,-0.117
-0.082,-1.505
-0.096,-1.352
-0.041,-0.875
-0.175,-0.085
-0.221,2.291
-0.319,0.098
-0.413,-1.031
-0.541,0.259
-0.657,1.07
-0.913,-0.869
-0.889,-0.752
-1.074,0.928
-0.931,2.317
-1.112,-1.279
-1.134,0.16
-1.111,0.84
-1.113,0.112
-1.157,-0.041
-1.225,1.161
-1.314,-0.576
-1.476,0.957
-1.483,0.938
-1.627,-0.063
-1.603,0.962
-1.918,2.256
-1.77,1.256
-1.952,0.913
-1.843,1.826
-1.965,0.99
-2.061,2.201
-2.072,0.384
-2.079,-0.967
-1.985,1.853
-2.148,-0.184
-2.222,-1.404
-2.099,0.886
-2.117,0.153
-2.106,1.248
-2.161,2.151
-2.179,2.37
-2.185,0.044
-2.222,-1.489
-2.381,2.158
-2.417,0.589
-2.422,0.804
-2.515,0.486
-2.523,1.035
-2.422,1.961
-2.422,0.514
-2.614,0.477
-2.489,0.86
-2.616,-0.953
-2.667,0.019
-2.684,-0.255
-2.68,-1.574
-2.831,1.738
-2.855,-0.467
-2.784,-1.415
-2.9,-0.599
-2.874,1.092
-3.018,0.793
-2.999,2.241
-3.05,1.123
3.109,-1.416
-3.078,-0.349
3.055,-1.425
3.009,1.727
2.976,-1.435
2.956,0.717
3.073,-0.798
3.024,1.585
2.804,2.131
2.751,1.29
2.615,-0.186
2.456,0.234
2.53,0.469
2.433,1.156
2.41,0.23
2.089,0.059
2.07,1.8
2.178,-0.689
2.13,1.715
1.9,-0.677
1.98,2.349
1.557,0.574
1.526,-0.777
1.525,0.355
1.627,-0.681
1.612,-0.413
1.419,0.441
1.451,-1.097
1.3,2.291
1.384,0.238
1.277,0.108
1.244,0.138
1.15,2.22
1.116,1.648
1.22,0.047
1.189,0.756
1.165,0.731
0.995,0.383
1.092,-0.469
0.951,-1.717
0.96,-1.692
0.404,-1.907
0.103,-1.616
-0.024,-1.864
-0.542,-1.987
-0.717,-1.96
-1.319,-2.068
-1.618,-1.582
-1.839,-1.926
-1.849,-1.983
-1.977,-1.892
-2.03,-1.94
-2.041,-2.07
-2.328,-1.945
-2.416,-1.757
-2.855,-1.663
2.853,-2.07
2.151,-1.765
1.878,-2.092
1.331,-1.77
1.252,-1.895
1.039,2.493
0.145,2.607
-1.122,2.479
-1.412,2.717
-2.363,2.629
-2.557,2.495
-2.754,2.697
-3.024,2.527
3.096,2.55
0.097,0.6
0.089,1.813
-1.55,-0.965
1.925,-0.98
0.583,-0.133
0.559,-0.44
3.016,1.407
1.796,1.868
1.466,1.177
0.779,1.72
0.086,0.237
-0.208,-0.414
-1.862,1.071
-2.187,1.82
-2.234,1.001
-2.181,-0.749
-2.486,1.054
2.59,1.701
1.779,2.233
1.376,-2.08
-2.189,2.611
-0.533,2.635
-0.315,1.938
-0.018,-2.392
0.016,-1.474
-0.007,0.03
-0.082,-0.914
-0.109,-2.379
-0.204,0.197
-0.34,-0.068
-0.373,0.084
-0.486,-0.768
-0.558,-2.351
-0.573,-0.009
-0.529,-0.135
-0.582,0.495
-0.543,-0.854
-0.832,-0.658
-0.831,-0.085
-0.823,-0.926
-0.928,-0.104
-0.843,0.485
-0.965,-1.012
-0.95,-0.58
-0.907,-0.481
-1.002,-0.106
-0.999,0.685
-1.007,-1.963
-1.017,0.103
-1.03,0.657
-1.035,0.088
-1.131,-0.523
-1.152,0.674
-1.146,-0.114
-1.198,0.692
-1.27,-0.411
-1.22,-0.671
-1.312,-1.836
-1.348,-1.068
-1.363,0.136
-1.304,-0.372
-1.331,-0.015
-1.328,-1.256
-1.453,0.455
-1.401,-0.046
-1.469,-2.316
-1.403,-2.642
-1.424,-2.29
-1.475,-0.814
-1.588,0.322
-1.535,-2.053
-1.58,0.957
-1.698,-2.133
-1.734,-2.52
-1.677,0.438
-1.731,-1.081
-1.812,-1.815
-1.781,-2.433
-1.818,0.058
-1.879,-0.715
-1.813,-0.225
-1.917,-1.082
-1.897,0.953
-2.062,0.998
-2.107,-1.03
-2.193,1.104
-2.19,-1.93
-2.174,-0.047
-2.274,-2.087
-2.356,-0.168
-2.337,-1.089
-2.292,-2.428
-2.301,-1.249
-2.396,-0.369
-2.357,-1.221
-2.372,-2.728
-2.488,0.097
-2.471,-0.939
-2.517,-2.654
-2.574,-0.427
-2.577,-0.436
-2.545,0.722
-2.577,0.013
-2.596,-0.408
-2.602,-1.095
-2.636,-0.281
-2.739,-0.009
-2.769,-2.892
-2.734,-0.647
-2.738,-0.152
-2.753,-1.875
-2.848,0.669
-2.859,0.874
-2.873,-1.437
-2.907,-0.405
-2.964,0.387
-2.923,-1.191
-2.987,-0.178
-3.006,-1.946
3.112,0.999
3.074,-1.056
3.138,-0.5
3.134,-2.324
3.055,0.059
3.039,-1.846
3.005,-0.5
2.945,-0.047
2.953,-1.874
2.876,0.217
2.886,-2.169
2.822,-1.492
2.781,-2.327
2.644,-2.365
2.584,-0.373
2.541,-0.143
2.556,-1.163
2.531,0.524
2.536,-0.087
2.505,-0.055
2.559,-0.284
2.456,-2.441
2.479,-1.08
2.375,-0.944
2.228,-0.37
2.253,-0.003
2.167,-1.773
2.06,-2.006
2.023,-0.559
1.909,-1.482
1.887,-2.812
1.693,-2.086
1.676,-2.419
1.688,-2.695
1.642,-2.065
1.41,1.026
1.403,-0.805
1.378,-2.355
1.394,-0.357
1.307,-0.84
1.261,-2.705
1.338,0.379
1.303,-1.408
1.299,-1.83
1.2,-0.192
1.245,-1.007
1.182,-2.038
1.222,-2.025
1.205,-1.538
1.194,-0.395
1.118,-1.214
1.106,-1.874
1.092,-1.872
1.152,-0.557
1.07,-3.064
1.049,-3.199
0.95,-3.055
0.814,-3.122
0.84,-2.913
0.728,-3.004
0.257,-2.923
0.32,-3.072
0.32,-3.009
0.246,-3.073
-0.224,-3.008
-1.066,-2.948
-1.19,-3.21
-1.468,-3.188
-1.506,-3.181
-1.859,-3.049
-2.351,-3.013
-2.837,-3.019
-2.988,-3.223
-3.115,-3.226
3.002,-2.975
2.435,-3.184
2.326,-3.218
2.379,-3.011
2.391,-2.938
2.259,-3.04
1.408,-3.37
1.442,-3.215
1.33,-3.369
1.333,-3.275
1.227,-3.334
0.508,1.297
-0.031,1.085
0.0,1.405
-0.027,1.278
-0.641,1.359
-1.277,1.172
-1.301,1.224
-1.838,1.333
-2.212,1.321
-2.342,1.405
-2.491,1.263
-2.697,1.206
-2.737,1.315
-3.064,1.308
2.897,1.331
2.15,1.229
1.789,1.3
1.625,1.212
1.177,1.126
1.17,-1.9
0.754,-0.025
-1.363,-2.072
-1.54,-2.336
-1.575,-0.075
-1.669,0.24
-2.886,-2.513
2.903,-0.887
2.49,0.489
-2.385,-3.434
2.325,1.082
1.128,-1.536
1.126,-0.378
0.926,-2.706
0.947,-0.591
0.952,-1.776
0.934,-1.822
0.704,-1.325
0.697,-0.001
0.832,-2.558
0.7,-0.842
0.649,0.567
0.635,-2.633
0.583,-2.784
0.531,-1.732
0.51,-0.478
0.641,-1.596
0.475,-2.786
0.566,-1.82
0.453,-1.225
0.344,-1.711
0.429,-1.134
0.397,0.468
0.272,-1.811
0.275,-1.381
0.37,-1.549
0.303,-1.204
0.118,-1.425
0.005,-2.813
-0.009,-2.66
0.046,-2.183
-0.088,-1.393
-0.134,0.983
-0.232,-1.21
-0.326,-2.339
-0.454,-1.049
-0.57,-0.238
-0.826,-2.177
-0.802,-2.06
-0.987,-0.38
-0.844,1.009
-1.025,-2.587
-1.047,-1.148
-1.024,-0.468
-1.026,-1.196
-1.07,-1.349
-1.138,-0.147
-1.227,-1.884
-1.389,-0.351
-1.396,-0.37
-1.54,-1.371
-1.516,-0.346
-1.831,0.948
-1.683,-0.052
-1.865,-0.395
-1.756,0.518
-1.878,-0.318
-1.974,0.893
-1.985,-0.924
-1.992,-2.275
-1.898,0.545
-2.061,-1.492
-2.135,-2.712
-2.012,-0.422
-2.03,-1.155
-2.019,-0.06
-2.074,0.843
-2.092,1.062
-2.098,-1.264
-2.135,-2.797
-2.294,0.85
-2.33,-0.719
-2.335,-0.504
-2.428,-0.822
-2.436,-0.273
-2.335,0.653
-2.335,-0.794
-2.527,-0.831
-2.402,-0.448
-2.529,-2.261
-2.58,-1.289
-2.597,-1.563
-2.593,-2.882
-2.744,0.43
-2.768,-1.775
-2.697,-2.723
-2.813,-1.907
-2.787,-0.216
-2.931,-0.515
-2.912,0.933
-2.963,-0.185
-3.087,-2.724
-2.991,-1.657
-3.141,-2.733
3.096,0.419
3.063,-2.743
3.043,-0.591
-3.123,-2.106
3.111,0.277
2.891,0.823
2.838,-0.018
2.702,-1.494
2.543,-1.074
2.617,-0.839
2.52,-0.152
2.497,-1.078
2.176,-1.249
2.157,0.492
2.265,-1.997
2.217,0.407
1.987,-1.985
2.067,1.041
1.644,-0.734
1.613,-2.085
1.612,-0.953
1.714,-1.989
1.699,-1.721
1.506,-0.867
1.538,-2.405
1.387,0.983
1.471,-1.07
1.364,-1.2
1.331,-1.17
1.237,0.912
1.203,0.34
1.307,-1.261
1.276,-0.552
1.252,-0.577
1.082,-0.925
1.179,-1.777
1.038,-3.025
1.047,-3.0
0.491,-3.215
0.19,-2.924
0.063,-3.172
-0.455,-3.295
-0.63,-3.268
-1.232,-3.376
-1.531,-2.89
-1.752,-3.234
-1.762,-3.291
-1.89,-3.2
-1.943,-3.248
-1.954,-3.378
-2.241,-3.253
-2.329,-3.065
-2.768,-2.971
2.94,-3.378
2.238,-3.073
1.965,-3.4
1.418,-3.078
1.339,-3.203
1.126,1.185
0.232,1.299
-1.035,1.171
-1.325,1.409
-2.276,1.321
-2.47,1.187
-2.667,1.389
-2.937,1.219
-3.1,1.242
0.184,-0.708
0.176,0.505
-1.463,-2.273
2.012,-2.288
0.67,-1.441
0.646,-1.748
3.103,0.099
1.883,0.56
1.553,-0.131
0.866,0.412
0.173,-1.071
-0.121,-1.722
-1.775,-0.237
-2.1,0.512
-2.147,-0.307
-2.094,-2.057
-2.399,-0.254
2.677,0.393
1.866,0.925
1.463,-3.388
-2.102,1.303
-0.446,1.327
-0.228,0.63
0.034,0.918
0.011,2.422
-0.064,1.478
-0.091,0.013
-0.186,2.589
-0.322,2.324
-0.355,2.476
-0.468,1.624
-0.54,0.041
-0.555,2.383
-0.511,2.257
-0.564,2.887
-0.525,1.538
-0.814,1.734
-0.813,2.307
-0.805,1.466
-0.91,2.288
-0.825,2.877
-0.947,1.38
-0.932,1.812
-0.889,1.911
-0.984,2.286
-0.981,3.077
-0.989,0.429
-0.999,2.495
-1.012,3.049
-1.017,2.48
-1.113,1.869
-1.134,3.066
-1.128,2.278
-1.18,3.084
-1.252,1.981
-1.202,1.721
-1.294,0.556
-1.33,1.324
-1.345,2.528
-1.286,2.02
-1.313,2.377
-1.31,1.136
-1.435,2.847
-1.383,2.346
-1.451,0.076
-1.385,-0.25
-1.406,0.102
-1.457,1.578
-1.57,2.714
-1.517,0.339
-1.562,3.349
-1.68,0.259
-1.716,-0.128
-1.659,2.83
-1.713,1.311
-1.794,0.577
-1.763,-0.041
-1.8,2.45
-1.861,1.677
-1.795,2.167
-1.899,1.31
-1.879,3.345
-2.044,3.39
-2.089,1.362
-2.175,3.496
-2.172,0.462
-2.156,2.345
-2.256,0.305
-2.338,2.224
-2.319,1.303
-2.274,-0.036
-2.283,1.143
-2.378,2.023
-2.339,1.171
-2.354,-0.336
-2.47,2.489
-2.453,1.453
-2.499,-0.262
-2.556,1.965
-2.559,1.956
-2.527,3.114
-2.559,2.405
-2.578,1.984
-2.584,1.297
-2.618,2.111
-2.721,2.383
-2.751,-0.5
-2.716,1.745
-2.72,2.24
-2.735,0.517
-2.83,3.061
-2.841,3.266
-2.855,0.955
-2.889,1.987
-2.946,2.779
-2.905,1.201
-2.969,2.214
-2.988,0.446
3.13,3.391
3.092,1.336
-3.127,1.892
-3.131,0.068
3.073,2.451
3.057,0.546
3.023,1.892
2.963,2.345
2.971,0.518
2.894,2.609
2.904,0.223
2.84,0.9
2.799,0.065
2.662,0.027
2.602,2.019
2.559,2.249
2.574,1.229
2.549,2.916
2.554,2.305
2.523,2.337
2.577,2.108
2.474,-0.049
2.497,1.312
2.393,1.448
2.246,2.022
2.271,2.389
2.185,0.619
2.078,0.386
2.041,1.833
1.927,0.91
1.905,-0.42
1.711,0.306
1.694,-0.027
1.706,-0.303
1.66,0.327
1.428,3.418
1.421,1.587
1.396,0.037
1.412,2.035
1.325,1.552
1.279,-0.313
1.356,2.771
1.321,0.984
1.317,0.562
1.218,2.2
1.263,1.385
1.2,0.354
1.24,0.367
1.223,0.854
1.212,1.997
1.136,1.178
1.124,0.518
1.11,0.52
1.17,1.835
1.088,-0.672
1.067,-0.807
0.968,-0.663
0.832,-0.73
0.858,-0.521
0.746,-0.612
0.275,-0.531
0.338,-0.68
0.338,-0.617
0.264,-0.681
-0.206,-0.616
-1.048,-0.556
-1.172,-0.818
-1.45,-0.796
-1.488,-0.789
-1.841,-0.657
-2.333,-0.621
-2.819,-0.627
-2.97,-0.831
-3.097,-0.834
3.02,-0.583
2.453,-0.792
2.344,-0.826
2.397,-0.619
2.409,-0.546
2.277,-0.648
1.426,-0.978
1.46,-0.823
1.348,-0.977
1.351,-0.883
1.245,-0.942
0.526,3.689
-0.013,3.477
0.018,3.797
-0.009,3.67
-0.623,3.751
-1.259,3.564
-1.283,3.616
-1.82,3.725
-2.194,3.713
-2.324,3.797
-2.473,3.655
-2.679,3.598
-2.719,3.707
-3.046,3.7
2.915,3.723
2.168,3.621
1.807,3.692
1.643,3.604
1.195,3.518
1.188,0.492
0.772,2.367
-1.345,0.32
-1.522,0.056
-1.557,2.317
-1.651,2.632
-2.868,-0.121
2.921,1.505
2.508,2.881
-2.367,-1.042
2.343,3.474
1.146,0.856
1.144,2.014
0.944,-0.314
0.965,1.801
0.97,0.616
0.952,0.57
0.722,1.067
0.715,2.391
0.85,-0.166
0.718,1.55
0.667,2.959
0.653,-0.241
0.601,-0.392
0.549,0.66
0.528,1.914
0.659,0.796
0.493,-0.394
0.584,0.572
0.471,1.167
0.362,0.681
0.447,1.258
0.415,2.86
0.29,0.581
0.293,1.011
0.388,0.843
0.321,1.188
0.136,0.967
0.023,-0.421
0.009,-0.268
0.064,0.209
-0.07,0.999
-0.116,3.375
-0.214,1.182
-0.308,0.053
-0.436,1.343
-0.552,2.154
-0.808,0.215
-0.784,0.332
-0.969,2.012
-0.826,3.401
-1.007,-0.195
-1.029,1.244
-1.006,1.924
-1.008,1.196
-1.052,1.043
-1.12,2.245
-1.209,0.508
-1.371,2.041
-1.378,2.022
-1.522,1.021
-1.498,2.046
-1.813,3.34
-1.665,2.34
-1.847,1.997
-1.738,2.91
-1.86,2.074
-1.956,3.285
-1.967,1.468
-1.974,0.117
-1.88,2.937
-2.043,0.9
-2.117,-0.32
-1.994,1.97
-2.012,1.237
-2.001,2.332
-2.056,3.235
-2.074,3.454
-2.08,1.128
-2.117,-0.405
-2.276,3.242
-2.312,1.673
-2.317,1.888
-2.41,1.57
-2.418,2.119
-2.317,3.045
-2.317,1.598
-2.509,1.561
-2.384,1.944
-2.511,0.131
-2.562,1.103
-2.579,0.829
-2.575,-0.49
-2.726,2.822
-2.75,0.617
-2.679,-0.331
-2.795,0.485
-2.769,2.176
-2.913,1.877
-2.894,3.325
-2.945,2.207
-3.069,-0.332
-2.973,0.735
-3.123,-0.341
3.114,2.811
3.081,-0.351
3.061,1.801
-3.105,0.286
3.129,2.669
2.909,3.215
2.856,2.374
2.72,0.898
2.561,1.318
2.635,1.553
2.538,2.24
2.515,1.314
2.194,1.143
2.175,2.884
2.283,0.395
2.235,2.799
2.005,0.407
2.085,3.433
1.662,1.658
1.631,0.307
1.63,1.439
1.732,0.403
1.717,0.671
1.524,1.525
1.556,-0.013
1.405,3.375
1.489,1.322
1.382,1.192
1.349,1.222
1.255,3.304
1.221,2.732
1.325,1.131
1.294,1.84
1.27,1.815
1.1,1.467
1.197,0.615
1.056,-0.633
1.065,-0.608
0.509,-0.823
0.208,-0.532
0.081,-0.78
-0.437,-0.903
-0.612,-0.876
-1.214,-0.984
-1.513,-0.498
-1.734,-0.842
-1.744,-0.899
-1.872,-0.808
-1.925,-0.856
-1.936,-0.986
-2.223,-0.861
-2.311,-0.673
-2.75,-0.579
2.958,-0.986
2.256,-0.681
1.983,-1.008
1.436,-0.686
1.357,-0.811
1.144,3.577
0.25,3.691
-1.017,3.563
-1.307,3.801
-2.258,3.713
-2.452,3.579
-2.649,3.781
-2.919,3.611
-3.082,3.634
0.202,1.684
0.194,2.897
-1.445,0.119
2.03,0.104
0.688,0.951
0.664,0.644
3.121,2.491
1.901,2.952
1.571,2.261
0.884,2.804
0.191,1.321
-0.103,0.67
-1.757,2.155
-2.082,2.904
-2.129,2.085
-2.076,0.335
-2.381,2.138
2.695,2.785
1.884,3.317
1.481,-0.996
-2.084,3.695
-0.428,3.719
-0.21,3.022
-0.023,1.504
-0.098,0.56
-0.125,-0.905
-0.22,1.671
-0.356,1.406
-0.389,1.558
-0.502,0.706
-0.574,-0.877
-0.589,1.465
-0.545,1.339
-0.598,1.969
-0.559,0.62
-0.848,0.816
-0.847,1.389
-0.839,0.548
-0.944,1.37
-0.859,1.959
-0.981,0.462
-0.966,0.894
-0.923,0.993
-1.018,1.368
-1.015,2.159
-1.023,-0.489
-1.033,1.577
-1.046,2.131
-1.051,1.562
-1.147,0.951
-1.168,2.148
-1.162,1.36
-1.214,2.166
-1.286,1.063
-1.236,0.803
-1.328,-0.362
-1.364,0.406
-1.379,1.61
-1.32,1.102
-1.347,1.459
-1.344,0.218
-1.469,1.929
-1.417,1.428
-1.485,-0.842
-1.419,-1.168
-1.44,-0.816
-1.491,0.66
-1.604,1.796
-1.551,-0.579
-1.596,2.431
-1.714,-0.659
-1.75,-1.046
-1.693,1.912
-1.747,0.393
-1.828,-0.341
-1.797,-0.959
-1.834,1.532
-1.895,0.759
-1.829,1.249
-1.933,0.392
-1.913,2.427
-2.078,2.472
-2.123,0.444
-2.209,2.578
-2.206,-0.456
-2.19,1.427
-2.29,-0.613
-2.372,1.306
-2.353,0.385
-2.308,-0.954
-2.317,0.225
-2.412,1.105
-2.373,0.253
-2.388,-1.254
-2.504,1.571
-2.487,0.535
-2.533,-1.18
-2.59,1.047
-2.593,1.038
-2.561,2.196
-2.593,1.487
-2.612,1.066
-2.618,0.379
-2.652,1.193
-2.755,1.465
-2.785,-1.418
-2.75,0.827
-2.754,1.322
-2.769,-0.401
-2.864,2.143
-2.875,2.348
-2.889,0.037
-2.923,1.069
-2.98,1.861
-2.939,0.283
-3.003,1.296
-3.022,-0.472
3.096,2.473
3.058,0.418
3.122,0.974
3.118,-0.85
3.039,1.533
3.023,-0.372
2.989,0.974
2.929,1.427
2.937,-0.4
2.86,1.691
2.87,-0.695
2.806,-0.018
2.765,-0.853
2.628,-0.891
2.568,1.101
2.525,1.331
2.54,0.311
2.515,1.998
2.52,1.387
2.489,1.419
2.543,1.19
2.44,-0.967
2.463,0.394
2.359,0.53
2.212,1.104
2.237,1.471
2.151,-0.299
2.044,-0.532
2.007,0.915
1.893,-0.008
1.871,-1.338
1.677,-0.612
1.66,-0.945
1.672,-1.221
1.626,-0.591
1.394,2.5
1.387,0.669
1.362,-0.881
1.378,1.117
1.291,0.634
1.245,-1.231
1.322,1.853
1.287,0.066
1.283,-0.356
1.184,1.282
1.229,0.467
1.166,-0.564
1.206,-0.551
1.189,-0.064
1.178,1.079
1.102,0.26
1.09,-0.4
1.076,-0.398
1.136,0.917
1.054,-1.59
1.033,-1.725
0.934,-1.581
0.798,-1.648
0.824,-1.439
0.712,-1.53
0.241,-1.449
0.304,-1.598
0.304,-1.535
0.23,-1.599
-0.24,-1.534
-1.082,-1.474
-1.206,-1.736
-1.484,-1.714
-1.522,-1.707
-1.875,-1.575
-2.367,-1.539
-2.853,-1.545
-3.004,-1.749
-3.131,-1.752
2.986,-1.501
2.419,-1.71
2.31,-1.744
2.363,-1.537
2.375,-1.464
2.243,-1.566
1.392,-1.896
1.426,-1.741
1.314,-1.895
1.317,-1.801
1.211,-1.86
0.492,2.771
-0.047,2.559
-0.016,2.879
-0.043,2.752
-0.657,2.833
-1.293,2.646
-1.317,2.698
-1.854,2.807
-2.228,2.795
-2.358,2.879
-2.507,2.737
-2.713,2.68
-2.753,2.789
-3.08,2.782
2.881,2.805
2.134,2.703
1.773,2.774
1.609,2.686
1.161,2.6
1.154,-0.426
0.738,1.449
-1.379,-0.598
-1.556,-0.862
-1.591,1.399
-1.685,1.714
-2.902,-1.039
2.887,0.587
2.474,1.963
-2.401,-1.96
2.309,2.556
1.112,-0.062
1.11,1.096
0.91,-1.232
0.931,0.883
0.936,-0.302
0.918,-0.348
0.688,0.149
0.681,1.473
0.816,-1.084
0.684,0.632
0.633,2.041
0.619,-1.159
0.567,-1.31
0.515,-0.258
0.494,0.996
0.625,-0.122
0.459,-1.312
0.55,-0.346
0.437,0.249
0.328,-0.237
0.413,0.34
0.381,1.942
0.256,-0.337
0.259,0.093
0.354,-0.075
0.287,0.27
0.102,0.049
-0.011,-1.339
-0.025,-1.186
0.03,-0.709
-0.104,0.081
-0.15,2.457
-0.248,0.264
-0.342,-0.865
-0.47,0.425
-0.586,1.236
-0.842,-0.703
-0.818,-0.586
-1.003,1.094
-0.86,2.483
-1.041,-1.113
-1.063,0.326
-1.04,1.006
-1.042,0.278
-1.086,0.125
-1.154,1.327
-1.243,-0.41
-1.405,1.123
-1.412,1.104
-1.556,0.103
-1.532,1.128
-1.847,2.422
-1.699,1.422
-1.881,1.079
-1.772,1.992
-1.894,1.156
-1.99,2.367
-2.001,0.55
-2.008,-0.801
-1.914,2.019
-2.077,-0.018
-2.151,-1.238
-2.028,1.052
-2.046,0.319
-2.035,1.414
-2.09,2.317
-2.108,2.536
-2.114,0.21
-2.151,-1.323
-2.31,2.324
-2.346,0.755
-2.351,0.97
-2.444,0.652
-2.452,1.201
-2.351,2.127
-2.351,0.68
-2.543,0.643
-2.418,1.026
-2.545,-0.787
-2.596,0.185
-2.613,-0.089
-2.609,-1.408
-2.76,1.904
-2.784,-0.301
-2.713,-1.249
-2.829,-0.433
-2.803,1.258
-2.947,0.959
-2.928,2.407
-2.979,1.289
-3.103,-1.25
-3.007,-0.183
3.126,-1.259
3.08,1.893
3.047,-1.269
3.027,0.883
-3.139,-0.632
3.095,1.751
2.875,2.297
2.822,1.456
2.686,-0.02
2.527,0.4
2.601,0.635
2.504,1.322
2.481,0.396
2.16,0.225
2.141,1.966
2.249,-0.523
2.201,1.881
1.971,-0.511
2.051,2.515
1.628,0.74
1.597,-0.611
1.596,0.521
1.698,-0.515
1.683,-0.247
1.49,0.607
1.522,-0.931
1.371,2.457
1.455,0.404
1.348,0.274
1.315,0.304
1.221,2.386
1.187,1.814
1.291,0.213
1.26,0.922
1.236,0.897
1.066,0.549
1.163,-0.303
1.022,-1.551
1.031,-1.526
0.475,-1.741
0.174,-1.45
0.047,-1.698
-0.471,-1.821
-0.646,-1.794
-1.248,-1.902
-1.547,-1.416
-1.768,-1.76
-1.778,-1.817
-1.906,-1.726
-1.959,-1.774
-1.97,-1.904
-2.257,-1.779
-2.345,-1.591
-2.784,-1.497
2.924,-1.904
2.222,-1.599
1.949,-1.926
1.402,-1.604
1.323,-1.729
1.11,2.659
0.216,2.773
-1.051,2.645
-1.341,2.883
-2.292,2.795
-2.486,2.661
-2.683,2.863
-2.953,2.693
-3.116,2.716
0.168,0.766
0.16,1.979
-1.479,-0.799
1.996,-0.814
0.654,0.033
0.63,-0.274
3.087,1.573
1.867,2.034
1.537,1.343
0.85,1.886
0.157,0.403
-0.137,-0.248
-1.791,1.237
-2.116,1.986
-2.163,1.167
-2.11,-0.583
-2.415,1.22
2.661,1.867
1.85,2.399
1.447,-1.914
-2.118,2.777
-0.462,2.801
-0.244,2.104
-0.075,-0.944
-0.102,-2.409
-0.197,0.167
-0.333,-0.098
-0.366,0.054
-0.479,-0.798
-0.551,-2.381
-0.566,-0.039
-0.522,-0.165
-0.575,0.465
-0.536,-0.884
-0.825,-0.688
-0.824,-0.115
-0.816,-0.956
-0.921,-0.134
-0.836,0.455
-0.958,-1.042
-0.943,-0.61
-0.9,-0.511
-0.995,-0.136
-0.992,0.655
-1.0,-1.993
-1.01,0.073
-1.023,0.627
-1.028,0.058
-1.124,-0.553
-1.145,0.644
-1.139,-0.144
-1.191,0.662
-1.263,-0.441
-1.213,-0.701
-1.305,-1.866
-1.341,-1.098
-1.356,0.106
-1.297,-0.402
-1.324,-0.045
-1.321,-1.286
-1.446,0.425
-1.394,-0.076
-1.462,-2.346
-1.396,-2.672
-1.417,-2.32
-1.468,-0.844
-1.581,0.292
-1.528,-2.083
-1.573,0.927
-1.691,-2.163
-1.727,-2.55
-1.67,0.408
-1.724,-1.111
-1.805,-1.845
-1.774,-2.463
-1.811,0.028
-1.872,-0.745
-1.806,-0.255
-1.91,-1.112
-1.89,0.923
-2.055,0.968
-2.1,-1.06
-2.186,1.074
-2.183,-1.96
-2.167,-0.077
-2.267,-2.117
-2.349,-0.198
-2.33,-1.119
-2.285,-2.458
-2.294,-1.279
-2.389,-0.399
-2.35,-1.251
-2.365,-2.758
-2.481,0.067
-2.464,-0.969
-2.51,-2.684
-2.567,-0.457
-2.57,-0.466
-2.538,0.692
-2.57,-0.017
-2.589,-0.438
-2.595,-1.125
-2.629,-0.311
-2.732,-0.039
-2.762,-2.922
-2.727,-0.677
-2.731,-0.182
-2.746,-1.905
-2.841,0.639
-2.852,0.844
-2.866,-1.467
-2.9,-0.435
-2.957,0.357
-2.916,-1.221
-2.98,-0.208
-2.999,-1.976
3.119,0.969
3.081,-1.086
-3.138,-0.53
3.141,-2.354
3.062,0.029
3.046,-1.876
3.012,-0.53
2.952,-0.077
2.96,-1.904
2.883,0.187
2.893,-2.199
2.829,-1.522
2.788,-2.357
2.651,-2.395
2.591,-0.403
2.548,-0.173
2.563,-1.193
2.538,0.494
2.543,-0.117
2.512,-0.085
2.566,-0.314
2.463,-2.471
2.486,-1.11
2.382,-0.974
2.235,-0.4
2.26,-0.033
2.174,-1.803
2.067,-2.036
2.03,-0.589
1.916,-1.512
1.894,-2.842
1.7,-2.116
1.683,-2.449
1.695,-2.725
1.649,-2.095
1.417,0.996
1.41,-0.835
1.385,-2.385
1.401,-0.387
1.314,-0.87
1.268,-2.735
1.345,0.349
1.31,-1.438
1.306,-1.86
1.207,-0.222
1.252,-1.037
1.189,-2.068
1.229,-2.055
1.212,-1.568
1.201,-0.425
1.125,-1.244
1.113,-1.904
1.099,-1.902
1.159,-0.587
1.077,-3.094
1.056,-3.229
0.957,-3.085
0.821,-3.152
0.847,-2.943
0.735,-3.034
0.264,-2.953
0.327,-3.102
0.327,-3.039
0.253,-3.103
-0.217,-3.038
-1.059,-2.978
-1.183,-3.24
-1.461,-3.218
-1.499,-3.211
-1.852,-3.079
-2.344,-3.043
-2.83,-3.049
-2.981,-3.253
-3.108,-3.256
3.009,-3.005
2.442,-3.214
2.333,-3.248
2.386,-3.041
2.398,-2.968
2.266,-3.07
1.415,-3.4
1.449,-3.245
1.337,-3.399
1.34,-3.305
1.234,-3.364
0.515,1.267
-0.024,1.055
0.007,1.375
-0.02,1.248
-0.634,1.329
-1.27,1.142
-1.294,1.194
-1.831,1.303
-2.205,1.291
-2.335,1.375
-2.484,1.233
-2.69,1.176
-2.73,1.285
-3.057,1.278
2.904,1.301
2.157,1.199
1.796,1.27
1.632,1.182
1.184,1.096
1.177,-1.93
0.761,-0.055
-1.356,-2.102
-1.533,-2.366
-1.568,-0.105
-1.662,0.21
-2.879,-2.543
2.91,-0.917
2.497,0.459
-2.378,-3.464
2.332,1.052
1.135,-1.566
1.133,-0.408
0.933,-2.736
0.954,-0.621
0.959,-1.806
0.941,-1.852
0.711,-1.355
0.704,-0.031
0.839,-2.588
0.707,-0.872
0.656,0.537
0.642,-2.663
0.59,-2.814
0.538,-1.762
0.517,-0.508
0.648,-1.626
0.482,-2.816
0.573,-1.85
0.46,-1.255
0.351,-1.741
0.436,-1.164
0.404,0.438
0.279,-1.841
0.282,-1.411
0.377,-1.579
0.31,-1.234
0.125,-1.455
0.012,-2.843
-0.002,-2.69
0.053,-2.213
-0.081,-1.423
-0.127,0.953
-0.225,-1.24
-0.319,-2.369
-0.447,-1.079
-0.563,-0.268
-0.819,-2.207
-0.795,-2.09
-0.98,-0.41
-0.837,0.979
-1.018,-2.617
-1.04,-1.178
-1.017,-0.498
-1.019,-1.226
-1.063,-1.379
-1.131,-0.177
-1.22,-1.914
-1.382,-0.381
-1.389,-0.4
-1.533,-1.401
-1.509,-0.376
-1.824,0.918
-1.676,-0.082
-1.858,-0.425
-1.749,0.488
-1.871,-0.348
-1.967,0.863
-1.978,-0.954
-1.985,-2.305
-1.891,0.515
-2.054,-1.522
-2.128,-2.742
-2.005,-0.452
-2.023,-1.185
-2.012,-0.09
-2.067,0.813
-2.085,1.032
-2.091,-1.294
-2.128,-2.827
-2.287,0.82
-2.323,-0.749
-2.328,-0.534
-2.421,-0.852
-2.429,-0.303
-2.328,0.623
-2.328,-0.824
-2.52,-0.861
-2.395,-0.478
-2.522,-2.291
-2.573,-1.319
-2.59,-1.593
-2.586,-2.912
-2.737,0.4
-2.761,-1.805
-2.69,-2.753
-2.806,-1.937
-2.78,-0.246
-2.924,-0.545
-2.905,0.903
-2.956,-0.215
-3.08,-2.754
-2.984,-1.687
-3.134,-2.763
3.103,0.389
3.07,-2.773
3.05,-0.621
-3.116,-2.136
3.118,0.247
2.898,0.793
2.845,-0.048
2.709,-1.524
2.55,-1.104
2.624,-0.869
2.527,-0.182
2.504,-1.108
2.183,-1.279
2.164,0.462
2.272,-2.027
2.224,0.377
1.994,-2.015
2.074,1.011
1.651,-0.764
1.62,-2.115
1.619,-0.983
1.721,-2.019
1.706,-1.751
1.513,-0.897
1.545,-2.435
1.394,0.953
1.478,-1.1
1.371,-1.23
1.338,-1.2
1.244,0.882
1.21,0.31
1.314,-1.291
1.283,-0.582
1.259,-0.607
1.089,-0.955
1.186,-1.807
1.045,-3.055
1.054,-3.03
0.498,-3.245
0.197,-2.954
0.07,-3.202
-0.448,-3.325
-0.623,-3.298
-1.225,-3.406
-1.524,-2.92
-1.745,-3.264
-1.755,-3.321
-1.883,-3.23
-1.936,-3.278
-1.947,-3.408
-2.234,-3.283
-2.322,-3.095
-2.761,-3.001
2.947,-3.408
2.245,-3.103
1.972,-3.43
1.425,-3.108
1.346,-3.233
1.133,1.155
0.239,1.269
-1.028,1.141
-1.318,1.379
-2.269,1.291
-2.463,1.157
-2.66,1.359
-2.93,1.189
-3.093,1.212
0.191,-0.738
0.183,0.475
-1.456,-2.303
2.019,-2.318
0.677,-1.471
0.653,-1.778
3.11,0.069
1.89,0.53
1.56,-0.161
0.873,0.382
0.18,-1.101
-0.114,-1.752
-1.768,-0.267
-2.093,0.482
-2.14,-0.337
-2.087,-2.087
-2.392,-0.284
2.684,0.363
1.873,0.895
1.47,-3.418
-2.095,1.273
-0.439,1.297
-0.221,0.6
-0.027,-1.465
-0.122,1.111
-0.258,0.846
-0.291,0.998
-0.404,0.146
-0.476,-1.437
-0.491,0.905
-0.447,0.779
-0.5,1.409
-0.461,0.06
-0.75,0.256
-0.749,0.829
-0.741,-0.012
-0.846,0.81
-0.761,1.399
-0.883,-0.098
-0.868,0.334
-0.825,0.433
-0.92,0.808
-0.917,1.599
-0.925,-1.049
-0.935,1.017
-0.948,1.571
-0.953,1.002
-1.049,0.391
-1.07,1.588
-1.064,0.8
-1.116,1.606
-1.188,0.503
-1.138,0.243
-1.23,-0.922
-1.266,-0.154
-1.281,1.05
-1.222,0.542
-1.249,0.899
-1.246,-0.342
-1.371,1.369
-1.319,0.868
-1.387,-1.402
-1.321,-1.728
-1.342,-1.376
-1.393,0.1
-1.506,1.236
-1.453,-1.139
-1.498,1.871
-1.616,-1.219
-1.652,-1.606
-1.595,1.352
-1.649,-0.167
-1.73,-0.901
-1.699,-1.519
-1.736,0.972
-1.797,0.199
-1.731,0.689
-1.835,-0.168
-1.815,1.867
-1.98,1.912
-2.025,-0.116
-2.111,2.018
-2.108,-1.016
-2.092,0.867
-2.192,-1.173
-2.274,0.746
-2.255,-0.175
-2.21,-1.514
-2.219,-0.335
-2.314,0.545
-2.275,-0.307
-2.29,-1.814
-2.406,1.011
-2.389,-0.025
-2.435,-1.74
-2.492,0.487
-2.495,0.478
-2.463,1.636
-2.495,0.927
-2.514,0.506
-2.52,-0.181
-2.554,0.633
-2.657,0.905
-2.687,-1.978
-2.652,0.267
-2.656,0.762
-2.671,-0.961
-2.766,1.583
-2.777,1.788
-2.791,-0.523
-2.825,0.509
-2.882,1.301
-2.841,-0.277
-2.905,0.736
-2.924,-1.032
-3.089,1.913
-3.127,-0.142
-3.063,0.414
-3.067,-1.41
3.137,0.973
3.121,-0.932
3.087,0.414
3.027,0.867
3.035,-0.96
2.958,1.131
2.968,-1.255
2.904,-0.578
2.863,-1.413
2.726,-1.451
2.666,0.541
2.623,0.771
2.638,-0.249
2.613,1.438
2.618,0.827
2.587,0.859
2.641,0.63
2.538,-1.527
2.561,-0.166
2.457,-0.03
2.31,0.544
2.335,0.911
2.249,-0.859
2.142,-1.092
2.105,0.355
1.991,-0.568
1.969,-1.898
1.775,-1.172
1.758,-1.505
1.77,-1.781
1.724,-1.151
1.492,1.94
1.485,0.109
1.46,-1.441
1.476,0.557
1.389,0.074
1.343,-1.791
1.42,1.293
1.385,-0.494
1.381,-0.916
1.282,0.722
1.327,-0.093
1.264,-1.124
1.304,-1.111
1.287,-0.624
1.276,0.519
1.2,-0.3
1.188,-0.96
1.174,-0.958
1.234,0.357
1.152,-2.15
1.131,-2.285
1.032,-2.141
0.896,-2.208
0.922,-1.999
0.81,-2.09
0.339,-2.009
0.402,-2.158
0.402,-2.095
0.328,-2.159
-0.142,-2.094
-0.984,-2.034
-1.108,-2.296
-1.386,-2.274
-1.424,-2.267
-1.777,-2.135
-2.269,-2.099
-2.755,-2.105
-2.906,-2.309
-3.033,-2.312
3.084,-2.061
2.517,-2.27
2.408,-2.304
2.461,-2.097
2.473,-2.024
2.341,-2.126
1.49,-2.456
1.524,-2.301
1.412,-2.455
1.415,-2.361
1.309,-2.42
0.59,2.211
0.051,1.999
0.082,2.319
0.055,2.192
-0.559,2.273
-1.195,2.086
-1.219,2.138
-1.756,2.247
-2.13,2.235
-2.26,2.319
-2.409,2.177
-2.615,2.12
-2.655,2.229
-2.982,2.222
2.979,2.245
2.232,2.143
1.871,2.214
1.707,2.126
1.259,2.04
1.252,-0.986
0.836,0.889
-1.281,-1.158
-1.458,-1.422
-1.493,0.839
-1.587,1.154
-2.804,-1.599
2.985,0.027
2.572,1.403
-2.303,-2.52
2.407,1.996
1.21,-0.622
1.208,0.536
1.008,-1.792
1.029,0.323
1.034,-0.862
1.016,-0.908
0.786,-0.411
0.779,0.913
0.914,-1.644
0.782,0.072
0.731,1.481
0.717,-1.719
0.665,-1.87
0.613,-0.818
0.592,0.436
0.723,-0.682
0.557,-1.872
0.648,-0.906
0.535,-0.311
0.426,-0.797
0.511,-0.22
0.479,1.382
0.354,-0.897
0.357,-0.467
0.452,-0.635
0.385,-0.29
0.2,-0.511
0.087,-1.899
0.073,-1.746
0.128,-1.269
-0.006,-0.479
-0.052,1.897
-0.15,-0.296
-0.244,-1.425
-0.372,-0.135
-0.488,0.676
-0.744,-1.263
-0.72,-1.146
-0.905,0.534
-0.762,1.923
-0.943,-1.673
-0.965,-0.234
-0.942,0.446
-0.944,-0.282
-0.988,-0.435
-1.056,0.767
-1.145,-0.97
-1.307,0.563
-1.314,0.544
-1.458,-0.457
-1.434,0.568
-1.749,1.862
-1.601,0.862
-1.783,0.519
-1.674,1.432
-1.796,0.596
-1.892,1.807
-1.903,-0.01
-1.91,-1.361
-1.816,1.459
-1.979,-0.578
-2.053,-1.798
-1.93,0.492
-1.948,-0.241
-1.937,0.854
-1.992,1.757
-2.01,1.976
-2.016,-0.35
-2.053,-1.883
-2.212,1.764
-2.248,0.195
-2.253,0.41
-2.346,0.092
-2.354,0.641
-2.253,1.567
-2.253,0.12
-2.445,0.083
-2.32,0.466
-2.447,-1.347
-2.498,-0.375
-2.515,-0.649
-2.511,-1.968
-2.662,1.344
-2.686,-0.861
-2.615,-1.809
-2.731,-0.993
-2.705,0.698
-2.849,0.399
-2.83,1.847
-2.881,0.729
-3.005,-1.81
-2.909,-0.743
-3.059,-1.819
-3.105,1.333
-3.138,-1.829
3.125,0.323
-3.041,-1.192
-3.09,1.191
2.973,1.737
2.92,0.896
2.784,-0.58
2.625,-0.16
2.699,0.075
2.602,0.762
2.579,-0.164
2.258,-0.335
2.239,1.406
2.347,-1.083
2.299,1.321
2.069,-1.071
2.149,1.955
1.726,0.18
1.695,-1.171
1.694,-0.039
1.796,-1.075
1.781,-0.807
1.588,0.047
1.62,-1.491
1.469,1.897
1.553,-0.156
1.446,-0.286
1.413,-0.256
1.319,1.826
1.285,1.254
1.389,-0.347
1.358,0.362
1.334,0.337
1.164,-0.011
1.261,-0.863
1.12,-2.111
1.129,-2.086
0.573,-2.301
0.272,-2.01
0.145,-2.258
-0.373,-2.381
-0.548,-2.354
-1.15,-2.462
-1.449,-1.976
-1.67,-2.32
-1.68,-2.377
-1.808,-2.286
-1.861,-2.334
-1.872,-2.464
-2.159,-2.339
-2.247,-2.151
-2.686,-2.057
3.022,-2.464
2.32,-2.159
2.047,-2.486
1.5,-2.164
1.421,-2.289
1.208,2.099
0.314,2.213
-0.953,2.085
-1.243,2.323
-2.194,2.235
-2.388,2.101
-2.585,2.303
-2.855,2.133
-3.018,2.156
0.266,0.206
0.258,1.419
-1.381,-1.359
2.094,-1.374
0.752,-0.527
0.728,-0.834
-3.098,1.013
1.965,1.474
1.635,0.783
0.948,1.326
0.255,-0.157
-0.039,-0.808
-1.693,0.677
-2.018,1.426
-2.065,0.607
-2.012,-1.143
-2.317,0.66
2.759,1.307
1.948,1.839
1.545,-2.474
-2.02,2.217
-0.364,2.241
-0.146,1.544
-0.095,2.576
-0.231,2.311
-0.264,2.463
-0.377,1.611
-0.449,0.028
-0.464,2.37
-0.42,2.244
-0.473,2.874
-0.434,1.525
-0.723,1.721
-0.722,2.294
-0.714,1.453
-0.819,2.275
-0.734,2.864
-0.856,1.367
-0.841,1.799
-0.798,1.898
-0.893,2.273
-0.89,3.064
-0.898,0.416
-0.908,2.482
-0.921,3.036
-0.926,2.467
-1.022,1.856
-1.043,3.053
-1.037,2.265
-1.089,3.071
-1.161,1.968
-1.111,1.708
-1.203,0.543
-1.239,1.311
-1.254,2.515
-1.195,2.007
-1.222,2.364
-1.219,1.123
-1.344,2.834
-1.292,2.333
-1.36,0.063
-1.294,-0.263
-1.315,0.089
-1.366,1.565
-1.479,2.701
-1.426,0.326
-1.471,3.336
-1.589,0.246
-1.625,-0.141
-1.568,2.817
-1.622,1.298
-1.703,0.564
-1.672,-0.054
-1.709,2.437
-1.77,1.664
-1.704,2.154
-1.808,1.297
-1.788,3.332
-1.953,3.377
-1.998,1.349
-2.084,3.483
-2.081,0.449
-2.065,2.332
-2.165,0.292
-2.247,2.211
-2.228,1.29
-2.183,-0.049
-2.192,1.13
-2.287,2.01
-2.248,1.158
-2.263,-0.349
-2.379,2.476
-2.362,1.44
-2.408,-0.275
-2.465,1.952
-2.468,1.943
-2.436,3.101
-2.468,2.392
-2.487,1.971
-2.493,1.284
-2.527,2.098
-2.63,2.37
-2.66,-0.513
-2.625,1.732
-2.629,2.227
-2.644,0.504
-2.739,3.048
-2.75,3.253
-2.764,0.942
-2.798,1.974
-2.855,2.766
-2.814,1.188
-2.878,2.201
-2.897,0.433
-3.062,3.378
-3.1,1.323
-3.036,1.879
-3.04,0.055
-3.119,2.438
-3.135,0.533
3.114,1.879
3.054,2.332
3.062,0.505
2.985,2.596
2.995,0.21
2.931,0.887
2.89,0.052
2.753,0.014
2.693,2.006
2.65,2.236
2.665,1.216
2.64,2.903
2.645,2.292
2.614,2.324
2.668,2.095
2.565,-0.062
2.588,1.299
2.484,1.435
2.337,2.009
2.362,2.376
2.276,0.606
2.169,0.373
2.132,1.82
2.018,0.897
1.996,-0.433
1.802,0.293
1.785,-0.04
1.797,-0.316
1.751,0.314
1.519,3.405
1.512,1.574
1.487,0.024
1.503,2.022
1.416,1.539
1.37,-0.326
1.447,2.758
1.412,0.971
1.408,0.549
1.309,2.187
1.354,1.372
1.291,0.341
1.331,0.354
1.314,0.841
1.303,1.984
1.227,1.165
1.215,0.505
1.201,0.507
1.261,1.822
1.179,-0.685
1.158,-0.82
1.059,-0.676
0.923,-0.743
0.949,-0.534
0.837,-0.625
0.366,-0.544
0.429,-0.693
0.429,-0.63
0.355,-0.694
-0.115,-0.629
-0.957,-0.569
-1.081,-0.831
-1.359,-0.809
-1.397,-0.802
-1.75,-0.67
-2.242,-0.634
-2.728,-0.64
-2.879,-0.844
-3.006,-0.847
3.111,-0.596
2.544,-0.805
2.435,-0.839
2.488,-0.632
2.5,-0.559
2.368,-0.661
1.517,-0.991
1.551,-0.836
1.439,-0.99
1.442,-0.896
1.336,-0.955
0.617,3.676
0.078,3.464
0.109,3.784
0.082,3.657
-0.532,3.738
-1.168,3.551
-1.192,3.603
-1.729,3.712
-2.103,3.7
-2.233,3.784
-2.382,3.642
-2.588,3.585
-2.628,3.694
-2.955,3.687
3.006,3.71
2.259,3.608
1.898,3.679
1.734,3.591
1.286,3.505
1.279,0.479
0.863,2.354
-1.254,0.307
-1.431,0.043
-1.466,2.304
-1.56,2.619
-2.777,-0.134
3.012,1.492
2.599,2.868
-2.276,-1.055
2.434,3.461
1.237,0.843
1.235,2.001
1.035,-0.327
1.056,1.788
1.061,0.603
1.043,0.557
0.813,1.054
0.806,2.378
0.941,-0.179
0.809,1.537
0.758,2.946
0.744,-0.254
0.692,-0.405
0.64,0.647
0.619,1.901
0.75,0.783
0.584,-0.407
0.675,0.559
0.562,1.154
0.453,0.668
0.538,1.245
0.506,2.847
0.381,0.568
0.384,0.998
0.479,0.83
0.412,1.175
0.227,0.954
0.114,-0.434
0.1,-0.281
0.155,0.196
0.021,0.986
-0.025,3.362
-0.123,1.169
-0.217,0.04
-0.345,1.33
-0.461,2.141
-0.717,0.202
-0.693,0.319
-0.878,1.999
-0.735,3.388
-0.916,-0.208
-0.938,1.231
-0.915,1.911
-0.917,1.183
-0.961,1.03
-1.029,2.232
-1.118,0.495
-1.28,2.028
-1.287,2.009
-1.431,1.008
-1.407,2.033
-1.722,3.327
-1.574,2.327
-1.756,1.984
-1.647,2.897
-1.769,2.061
-1.865,3.272
-1.876,1.455
-1.883,0.104
-1.789,2.924
-1.952,0.887
-2.026,-0.333
-1.903,1.957
-1.921,1.224
-1.91,2.319
-1.965,3.222
-1.983,3.441
-1.989,1.115
-2.026,-0.418
-2.185,3.229
-2.221,1.66
-2.226,1.875
-2.319,1.557
-2.327,2.106
-2.226,3.032
-2.226,1.585
-2.418,1.548
-2.293,1.931
-2.42,0.118
-2.471,1.09
-2.488,0.816
-2.484,-0.503
-2.635,2.809
-2.659,0.604
-2.588,-0.344
-2.704,0.472
-2.678,2.163
-2.822,1.864
-2.803,3.312
-2.854,2.194
-2.978,-0.345
-2.882,0.722
-3.032,-0.354
-3.078,2.798
-3.111,-0.364
-3.131,1.788
-3.014,0.273
-3.063,2.656
3.0,3.202
2.947,2.361
2.811,0.885
2.652,1.305
2.726,1.54
2.629,2.227
2.606,1.301
2.285,1.13
2.266,2.871
2.374,0.382
2.326,2.786
2.096,0.394
2.176,3.42
1.753,1.645
1.722,0.294
1.721,1.426
1.823,0.39
1.808,0.658
1.615,1.512
1.647,-0.026
1.496,3.362
1.58,1.309
1.473,1.179
1.44,1.209
1.346,3.291
1.312,2.719
1.416,1.118
1.385,1.827
1.361,1.802
1.191,1.454
1.288,0.602
1.147,-0.646
1.156,-0.621
0.6,-0.836
0.299,-0.545
0.172,-0.793
-0.346,-0.916
-0.521,-0.889
-1.123,-0.997
-1.422,-0.511
-1.643,-0.855
-1.653,-0.912
-1.781,-0.821
-1.834,-0.869
-1.845,-0.999
-2.132,-0.874
-2.22,-0.686
-2.659,-0.592
3.049,-0.999
2.347,-0.694
2.074,-1.021
1.527,-0.699
1.448,-0.824
1.235,3.564
0.341,3.678
-0.926,3.55
-1.216,3.788
-2.167,3.7
-2.361,3.566
-2.558,3.768
-2.828,3.598
-2.991,3.621
0.293,1.671
0.285,2.884
-1.354,0.106
2.121,0.091
0.779,0.938
0.755,0.631
-3.071,2.478
1.992,2.939
1.662,2.248
0.975,2.791
0.282,1.308
-0.012,0.657
-1.666,2.142
-1.991,2.891
-2.038,2.072
-1.985,0.322
-2.29,2.125
2.786,2.772
1.975,3.304
1.572,-1.009
-1.993,3.682
-0.337,3.706
-0.119,3.009
-0.136,-0.265
-0.169,-0.113
-0.282,-0.965
-0.354,-2.548
-0.369,-0.206
-0.325,-0.332
-0.378,0.298
-0.339,-1.051
-0.628,-0.855
-0.627,-0.282
-0.619,-1.123
-0.724,-0.301
-0.639,0.288
-0.761,-1.209
-0.746,-0.777
-0.703,-0.678
-0.798,-0.303
-0.795,0.488
-0.803,-2.16
-0.813,-0.094
-0.826,0.46
-0.831,-0.109
-0.927,-0.72
-0.948,0.477
-0.942,-0.311
-0.994,0.495
-1.066,-0.608
-1.016,-0.868
-1.108,-2.033
-1.144,-1.265
-1.159,-0.061
-1.1,-0.569
-1.127,-0.212
-1.124,-1.453
-1.249,0.258
-1.197,-0.243
-1.265,-2.513
-1.199,-2.839
-1.22,-2.487
-1.271,-1.011
-1.384,0.125
-1.331,-2.25
-1.376,0.76
-1.494,-2.33
-1.53,-2.717
-1.473,0.241
-1.527,-1.278
-1.608,-2.012
-1.577,-2.63
-1.614,-0.139
-1.675,-0.912
-1.609,-0.422
-1.713,-1.279
-1.693,0.756
-1.858,0.801
-1.903,-1.227
-1.989,0.907
-1.986,-2.127
-1.97,-0.244
-2.07,-2.284
-2.152,-0.365
-2.133,-1.286
-2.088,-2.625
-2.097,-1.446
-2.192,-0.566
-2.153,-1.418
-2.168,-2.925
-2.284,-0.1
-2.267,-1.136
-2.313,-2.851
-2.37,-0.624
-2.373,-0.633
-2.341,0.525
-2.373,-0.184
-2.392,-0.605
-2.398,-1.292
-2.432,-0.478
-2.535,-0.206
-2.565,-3.089
-2.53,-0.844
-2.534,-0.349
-2.549,-2.072
-2.644,0.472
-2.655,0.677
-2.669,-1.634
-2.703,-0.602
-2.76,0.19
-2.719,-1.388
-2.783,-0.375
-2.802,-2.143
-2.967,0.802
-3.005,-1.253
-2.941,-0.697
-2.945,-2.521
-3.024,-0.138
-3.04,-2.043
-3.074,-0.697
-3.134,-0.244
-3.126,-2.071
3.08,0.02
3.09,-2.366
3.026,-1.689
2.985,-2.524
2.848,-2.562
2.788,-0.57
2.745,-0.34
2.76,-1.36
2.735,0.327
2.74,-0.284
2.709,-0.252
2.763,-0.481
2.66,-2.638
2.683,-1.277
2.579,-1.141
2.432,-0.567
2.457,-0.2
2.371,-1.97
2.264,-2.203
2.227,-0.756
2.113,-1.679
2.091,-3.009
1.897,-2.283
1.88,-2.616
1.892,-2.892
1.846,-2.262
1.614,0.829
1.607,-1.002
1.582,-2.552
1.598,-0.554
1.511,-1.037
1.465,-2.902
1.542,0.182
1.507,-1.605
1.503,-2.027
1.404,-0.389
1.449,-1.204
1.386,-2.235
1.426,-2.222
1.409,-1.735
1.398,-0.592
1.322,-1.411
1.31,-2.071
1.296,-2.069
1.356,-0.754
1.274,-3.261
1.253,-3.396
1.154,-3.252
1.018,-3.319
1.044,-3.11
0.932,-3.201
0.461,-3.12
0.524,-3.269
0.524,-3.206
0.45,-3.27
-0.02,-3.205
-0.862,-3.145
-0.986,-3.407
-1.264,-3.385
-1.302,-3.378
-1.655,-3.246
-2.147,-3.21
-2.633,-3.216
-2.784,-3.42
-2.911,-3.423
-3.077,-3.172
2.639,-3.381
2.53,-3.415
2.583,-3.208
2.595,-3.135
2.463,-3.237
1.612,-3.567
1.646,-3.412
1.534,-3.566
1.537,-3.472
1.431,-3.531
0.712,1.1
0.173,0.888
0.204,1.208
0.177,1.081
-0.437,1.162
-1.073,0.975
-1.097,1.027
-1.634,1.136
-2.008,1.124
-2.138,1.208
-2.287,1.066
-2.493,1.009
-2.533,1.118
-2.86,1.111
3.101,1.134
2.354,1.032
1.993,1.103
1.829,1.015
1.381,0.929
1.374,-2.097
0.958,-0.222
-1.159,-2.269
-1.336,-2.533
-1.371,-0.272
-1.465,0.043
-2.682,-2.71
3.107,-1.084
2.694,0.292
-2.181,-3.631
2.529,0.885
1.332,-1.733
1.33,-0.575
1.13,-2.903
1.151,-0.788
1.156,-1.973
1.138,-2.019
0.908,-1.522
0.901,-0.198
1.036,-2.755
0.904,-1.039
0.853,0.37
0.839,-2.83
0.787,-2.981
0.735,-1.929
0.714,-0.675
0.845,-1.793
0.679,-2.983
0.77,-2.017
0.657,-1.422
0.548,-1.908
0.633,-1.331
0.601,0.271
0.476,-2.008
0.479,-1.578
0.574,-1.746
0.507,-1.401
0.322,-1.622
0.209,-3.01
0.195,-2.857
0.25,-2.38
0.116,-1.59
0.07,0.786
-0.028,-1.407
-0.122,-2.536
-0.25,-1.246
-0.366,-0.435
-0.622,-2.374
-0.598,-2.257
-0.783,-0.577
-0.64,0.812
-0.821,-2.784
-0.843,-1.345
-0.82,-0.665
-0.822,-1.393
-0.866,-1.546
-0.934,-0.344
-1.023,-2.081
-1.185,-0.548
-1.192,-0.567
-1.336,-1.568
-1.312,-0.543
-1.627,0.751
-1.479,-0.249
-1.661,-0.592
-1.552,0.321
-1.674,-0.515
-1.77,0.696
-1.781,-1.121
-1.788,-2.472
-1.694,0.348
-1.857,-1.689
-1.931,-2.909
-1.808,-0.619
-1.826,-1.352
-1.815,-0.257
-1.87,0.646
-1.888,0.865
-1.894,-1.461
-1.931,-2.994
-2.09,0.653
-2.126,-0.916
-2.131,-0.701
-2.224,-1.019
-2.232,-0.47
-2.131,0.456
-2.131,-0.991
-2.323,-1.028
-2.198,-0.645
-2.325,-2.458
-2.376,-1.486
-2.393,-1.76
-2.389,-3.079
-2.54,0.233
-2.564,-1.972
-2.493,-2.92
-2.609,-2.104
-2.583,-0.413
-2.727,-0.712
-2.708,0.736
-2.759,-0.382
-2.883,-2.921
-2.787,-1.854
-2.937,-2.93
-2.983,0.222
-3.016,-2.94
-3.036,-0.788
-2.919,-2.303
-2.968,0.08
3.095,0.626
3.042,-0.215
2.906,-1.691
2.747,-1.271
2.821,-1.036
2.724,-0.349
2.701,-1.275
2.38,-1.446
2.361,0.295
2.469,-2.194
2.421,0.21
2.191,-2.182
2.271,0.844
1.848,-0.931
1.817,-2.282
1.816,-1.15
1.918,-2.186
1.903,-1.918
1.71,-1.064
1.742,-2.602
1.591,0.786
1.675,-1.267
1.568,-1.397
1.535,-1.367
1.441,0.715
1.407,0.143
1.511,-1.458
1.48,-0.749
1.456,-0.774
1.286,-1.122
1.383,-1.974
1.242,-3.222
1.251,-3.197
0.695,-3.412
0.394,-3.121
0.267,-3.369
-0.251,-3.492
-0.426,-3.465
-1.028,-3.573
-1.327,-3.087
-1.548,-3.431
-1.558,-3.488
-1.686,-3.397
-1.739,-3.445
-1.75,-3.575
-2.037,-3.45
-2.125,-3.262
-2.564,-3.168
-3.139,-3.575
2.442,-3.27
2.169,-3.597
1.622,-3.275
1.543,-3.4
1.33,0.988
0.436,1.102
-0.831,0.974
-1.121,1.212
-2.072,1.124
-2.266,0.99
-2.463,1.192
-2.733,1.022
-2.896,1.045
0.388,-0.905
0.38,0.308
-1.259,-2.47
2.216,-2.485
0.874,-1.638
0.85,-1.945
-2.976,-0.098
2.087,0.363
1.757,-0.328
1.07,0.215
0.377,-1.268
0.083,-1.919
-1.571,-0.434
-1.896,0.315
-1.943,-0.504
-1.89,-2.254
-2.195,-0.451
2.881,0.196
2.07,0.728
1.667,-3.585
-1.898,1.106
-0.242,1.13
-0.024,0.433
-0.033,0.152
-0.146,-0.7
-0.218,-2.283
-0.233,0.059
-0.189,-0.067
-0.242,0.563
-0.203,-0.786
-0.492,-0.59
-0.491,-0.017
-0.483,-0.858
-0.588,-0.036
-0.503,0.553
-0.625,-0.944
-0.61,-0.512
-0.567,-0.413
-0.662,-0.038
-0.659,0.753
-0.667,-1.895
-0.677,0.171
-0.69,0.725
-0.695,0.156
-0.791,-0.455
-0.812,0.742
-0.806,-0.046
-0.858,0.76
-0.93,-0.343
-0.88,-0.603
-0.972,-1.768
-1.008,-1.0
-1.023,0.204
-0.964,-0.304
-0.991,0.053
-0.988,-1.188
-1.113,0.523
-1.061,0.022
-1.129,-2.248
-1.063,-2.574
-1.084,-2.222
-1.135,-0.746
-1.248,0.39
-1.195,-1.985
-1.24,1.025
-1.358,-2.065
-1.394,-2.452
-1.337,0.506
-1.391,-1.013
-1.472,-1.747
-1.441,-2.365
-1.478,0.126
-1.539,-0.647
-1.473,-0.157
-1.577,-1.014
-1.557,1.021
-1.722,1.066
-1.767,-0.962
-1.853,1.172
-1.85,-1.862
-1.834,0.021
-1.934,-2.019
-2.016,-0.1
-1.997,-1.021
-1.952,-2.36
-1.961,-1.181
-2.056,-0.301
-2.017,-1.153
-2.032,-2.66
-2.148,0.165
-2.131,-0.871
-2.177,-2.586
-2.234,-0.359
-2.237,-0.368
-2.205,0.79
-2.237,0.081
-2.256,-0.34
-2.262,-1.027
-2.296,-0.213
-2.399,0.059
-2.429,-2.824
-2.394,-0.579
-2.398,-0.084
-2.413,-1.807
-2.508,0.737
-2.519,0.942
-2.533,-1.369
-2.567,-0.337
-2.624,0.455
-2.583,-1.123
-2.647,-0.11
-2.666,-1.878
-2.831,1.067
-2.869,-0.988
-2.805,-0.432
-2.809,-2.256
-2.888,0.127
-2.904,-1.778
-2.938,-0.432
-2.998,0.021
-2.99,-1.806
-3.067,0.285
-3.057,-2.101
-3.121,-1.424
3.121,-2.259
2.984,-2.297
2.924,-0.305
2.881,-0.075
2.896,-1.095
2.871,0.592
2.876,-0.019
2.845,0.013
2.899,-0.216
2.796,-2.373
2.819,-1.012
2.715,-0.876
2.568,-0.302
2.593,0.065
2.507,-1.705
2.4,-1.938
2.363,-0.491
2.249,-1.414
2.227,-2.744
2.033,-2.018
2.016,-2.351
2.028,-2.627
1.982,-1.997
1.75,1.094
1.743,-0.737
1.718,-2.287
1.734,-0.289
1.647,-0.772
1.601,-2.637
1.678,0.447
1.643,-1.34
1.639,-1.762
1.54,-0.124
1.585,-0.939
1.522,-1.97
1.562,-1.957
1.545,-1.47
1.534,-0.327
1.458,-1.146
1.446,-1.806
1.432,-1.804
1.492,-0.489
1.41,-2.996
1.389,-3.131
1.29,-2.987
1.154,-3.054
1.18,-2.845
1.068,-2.936
0.597,-2.855
0.66,-3.004
0.66,-2.941
0.586,-3.005
0.116,-2.94
-0.726,-2.88
-0.85,-3.142
-1.128,-3.12
-1.166,-3.113
-1.519,-2.981
-2.011,-2.945
-2.497,-2.951
-2.648,-3.155
-2.775,-3.158
-2.941,-2.907
2.775,-3.116
2.666,-3.15
2.719,-2.943
2.731,-2.87
2.599,-2.972
1.748,-3.302
1.782,-3.147
1.67,-3.301
1.673,-3.207
1.567,-3.266
0.848,1.365
0.309,1.153
0.34,1.473
0.313,1.346
-0.301,1.427
-0.937,1.24
-0.961,1.292
-1.498,1.401
-1.872,1.389
-2.002,1.473
-2.151,1.331
-2.357,1.274
-2.397,1.383
-2.724,1.376
-3.046,1.399
2.49,1.297
2.129,1.368
1.965,1.28
1.517,1.194
1.51,-1.832
1.094,0.043
-1.023,-2.004
-1.2,-2.268
-1.235,-0.007
-1.329,0.308
-2.546,-2.445
-3.04,-0.819
2.83,0.557
-2.045,-3.366
2.665,1.15
1.468,-1.468
1.466,-0.31
1.266,-2.638
1.287,-0.523
1.292,-1.708
1.274,-1.754
1.044,-1.257
1.037,0.067
1.172,-2.49
1.04,-0.774
0.989,0.635
0.975,-2.565
0.923,-2.716
0.871,-1.664
0.85,-0.41
0.981,-1.528
0.815,-2.718
0.906,-1.752
0.793,-1.157
0.684,-1.643
0.769,-1.066
0.737,0.536
0.612,-1.743
0.615,-1.313
0.71,-1.481
0.643,-1.136
0.458,-1.357
0.345,-2.745
0.331,-2.592
0.386,-2.115
0.252,-1.325
0.206,1.051
0.108,-1.142
0.014,-2.271
-0.114,-0.981
-0.23,-0.17
-0.486,-2.109
-0.462,-1.992
-0.647,-0.312
-0.504,1.077
-0.685,-2.519
-0.707,-1.08
-0.684,-0.4
-0.686,-1.128
-0.73,-1.281
-0.798,-0.079
-0.887,-1.816
-1.049,-0.283
-1.056,-0.302
-1.2,-1.303
-1.176,-0.278
-1.491,1.016
-1.343,0.016
-1.525,-0.327
-1.416,0.586
-1.538,-0.25
-1.634,0.961
-1.645,-0.856
-1.652,-2.207
-1.558,0.613
-1.721,-1.424
-1.795,-2.644
-1.672,-0.354
-1.69,-1.087
-1.679,0.008
-1.734,0.911
-1.752,1.13
-1.758,-1.196
-1.795,-2.729
-1.954,0.918
-1.99,-0.651
-1.995,-0.436
-2.088,-0.754
-2.096,-0.205
-1.995,0.721
-1.995,-0.726
-2.187,-0.763
-2.062,-0.38
-2.189,-2.193
-2.24,-1.221
-2.257,-1.495
-2.253,-2.814
-2.404,0.498
-2.428,-1.707
-2.357,-2.655
-2.473,-1.839
-2.447,-0.148
-2.591,-0.447
-2.572,1.001
-2.623,-0.117
-2.747,-2.656
-2.651,-1.589
-2.801,-2.665
-2.847,0.487
-2.88,-2.675
-2.9,-0.523
-2.783,-2.038
-2.832,0.345
-3.052,0.891
-3.105,0.05
3.042,-1.426
2.883,-1.006
2.957,-0.771
2.86,-0.084
2.837,-1.01
2.516,-1.181
2.497,0.56
2.605,-1.929
2.557,0.475
2.327,-1.917
2.407,1.109
1.984,-0.666
1.953,-2.017
1.952,-0.885
2.054,-1.921
2.039,-1.653
1.846,-0.799
1.878,-2.337
1.727,1.051
1.811,-1.002
1.704,-1.132
1.671,-1.102
1.577,0.98
1.543,0.408
1.647,-1.193
1.616,-0.484
1.592,-0.509
1.422,-0.857
1.519,-1.709
1.378,-2.957
1.387,-2.932
0.831,-3.147
0.53,-2.856
0.403,-3.104
-0.115,-3.227
-0.29,-3.2
-0.892,-3.308
-1.191,-2.822
-1.412,-3.166
-1.422,-3.223
-1.55,-3.132
-1.603,-3.18
-1.614,-3.31
-1.901,-3.185
-1.989,-2.997
-2.428,-2.903
-3.003,-3.31
2.578,-3.005
2.305,-3.332
1.758,-3.01
1.679,-3.135
1.466,1.253
0.572,1.367
-0.695,1.239
-0.985,1.477
-1.936,1.389
-2.13,1.255
-2.327,1.457
-2.597,1.287
-2.76,1.31
0.524,-0.64
0.516,0.573
-1.123,-2.205
2.352,-2.22
1.01,-1.373
0.986,-1.68
-2.84,0.167
2.223,0.628
1.893,-0.063
1.206,0.48
0.513,-1.003
0.219,-1.654
-1.435,-0.169
-1.76,0.58
-1.807,-0.239
-1.754,-1.989
-2.059,-0.186
3.017,0.461
2.206,0.993
1.803,-3.32
-1.762,1.371
-0.106,1.395
0.112,0.698
-0.113,-0.852
-0.185,-2.435
-0.2,-0.093
-0.156,-0.219
-0.209,0.411
-0.17,-0.938
-0.459,-0.742
-0.458,-0.169
-0.45,-1.01
-0.555,-0.188
-0.47,0.401
-0.592,-1.096
-0.577,-0.664
-0.534,-0.565
-0.629,-0.19
-0.626,0.601
-0.634,-2.047
-0.644,0.019
-0.657,0.573
-0.662,0.004
-0.758,-0.607
-0.779,0.59
-0.773,-0.198
-0.825,0.608
-0.897,-0.495
-0.847,-0.755
-0.939,-1.92
-0.975,-1.152
-0.99,0.052
-0.931,-0.456
-0.958,-0.099
-0.955,-1.34
-1.08,0.371
-1.028,-0.13
-1.096,-2.4
-1.03,-2.726
-1.051,-2.374
-1.102,-0.898
-1.215,0.238
-1.162,-2.137
-1.207,0.873
-1.325,-2.217
-1.361,-2.604
-1.304,0.354
-1.358,-1.165
-1.439,-1.899
-1.408,-2.517
-1.445,-0.026
-1.506,-0.799
-1.44,-0.309
-1.544,-1.166
-1.524,0.869
-1.689,0.914
-1.734,-1.114
-1.82,1.02
-1.817,-2.014
-1.801,-0.131
-1.901,-2.171
-1.983,-0.252
-1.964,-1.173
-1.919,-2.512
-1.928,-1.333
-2.023,-0.453
-1.984,-1.305
-1.999,-2.812
-2.115,0.013
-2.098,-1.023
-2.144,-2.738
-2.201,-0.511
-2.204,-0.52
-2.172,0.638
-2.204,-0.071
-2.223,-0.492
-2.229,-1.179
-2.263,-0.365
-2.366,-0.093
-2.396,-2.976
-2.361,-0.731
-2.365,-0.236
-2.38,-1.959
-2.475,0.585
-2.486,0.79
-2.5,-1.521
-2.534,-0.489
-2.591,0.303
-2.55,-1.275
-2.614,-0.262
-2.633,-2.03
-2.798,0.915
-2.836,-1.14
-2.772,-0.584
-2.776,-2.408
-2.855,-0.025
-2.871,-1.93
-2.905,-0.584
-2.965,-0.131
-2.957,-1.958
-3.034,0.133
-3.024,-2.253
-3.088,-1.576
-3.129,-2.411
3.017,-2.449
2.957,-0.457
2.914,-0.227
2.929,-1.247
2.904,0.44
2.909,-0.171
2.878,-0.139
2.932,-0.368
2.829,-2.525
2.852,-1.164
2.748,-1.028
2.601,-0.454
2.626,-0.087
2.54,-1.857
2.433,-2.09
2.396,-0.643
2.282,-1.566
2.26,-2.896
2.066,-2.17
2.049,-2.503
2.061,-2.779
2.015,-2.149
1.783,0.942
1.776,-0.889
1.751,-2.439
1.767,-0.441
1.68,-0.924
1.634,-2.789
1.711,0.295
1.676,-1.492
1.672,-1.914
1.573,-0.276
1.618,-1.091
1.555,-2.122
1.595,-2.109
1.578,-1.622
1.567,-0.479
1.491,-1.298
1.479,-1.958
1.465,-1.956
1.525,-0.641
1.443,-3.148
1.422,-3.283
1.323,-3.139
1.187,-3.206
1.213,-2.997
1.101,-3.088
0.63,-3.007
0.693,-3.156
0.693,-3.093
0.619,-3.157
0.149,-3.092
-0.693,-3.032
-0.817,-3.294
-1.095,-3.272
-1.133,-3.265
-1.486,-3.133
-1.978,-3.097
-2.464,-3.103
-2.615,-3.307
-2.742,-3.31
-2.908,-3.059
2.808,-3.268
2.699,-3.302
2.752,-3.095
2.764,-3.022
2.632,-3.124
1.781,-3.454
1.815,-3.299
1.703,-3.453
1.706,-3.359
1.6,-3.418
0.881,1.213
0.342,1.001
0.373,1.321
0.346,1.194
-0.268,1.275
-0.904,1.088
-0.928,1.14
-1.465,1.249
-1.839,1.237
-1.969,1.321
-2.118,1.179
-2.324,1.122
-2.364,1.231
-2.691,1.224
-3.013,1.247
2.523,1.145
2.162,1.216
1.998,1.128
1.55,1.042
1.543,-1.984
1.127,-0.109
-0.99,-2.156
-1.167,-2.42
-1.202,-0.159
-1.296,0.156
-2.513,-2.597
-3.007,-0.971
2.863,0.405
-2.012,-3.518
2.698,0.998
1.501,-1.62
1.499,-0.462
1.299,-2.79
1.32,-0.675
1.325,-1.86
1.307,-1.906
1.077,-1.409
1.07,-0.085
1.205,-2.642
1.073,-0.926
1.022,0.483
1.008,-2.717
0.956,-2.868
0.904,-1.816
0.883,-0.562
1.014,-1.68
0.848,-2.87
0.939,-1.904
0.826,-1.309
0.717,-1.795
0.802,-1.218
0.77,0.384
0.645,-1.895
0.648,-1.465
0.743,-1.633
0.676,-1.288
0.491,-1.509
0.378,-2.897
0.364,-2.744
0.419,-2.267
0.285,-1.477
0.239,0.899
0.141,-1.294
0.047,-2.423
-0.081,-1.133
-0.197,-0.322
-0.453,-2.261
-0.429,-2.144
-0.614,-0.464
-0.471,0.925
-0.652,-2.671
-0.674,-1.232
-0.651,-0.552
-0.653,-1.28
-0.697,-1.433
-0.765,-0.231
-0.854,-1.968
-1.016,-0.435
-1.023,-0.454
-1.167,-1.455
-1.143,-0.43
-1.458,0.864
-1.31,-0.136
-1.492,-0.479
-1.383,0.434
-1.505,-0.402
-1.601,0.809
-1.612,-1.008
-1.619,-2.359
-1.525,0.461
-1.688,-1.576
-1.762,-2.796
-1.639,-0.506
-1.657,-1.239
-1.646,-0.144
-1.701,0.759
-1.719,0.978
-1.725,-1.348
-1.762,-2.881
-1.921,0.766
-1.957,-0.803
-1.962,-0.588
-2.055,-0.906
-2.063,-0.357
-1.962,0.569
-1.962,-0.878
-2.154,-0.915
-2.029,-0.532
-2.156,-2.345
-2.207,-1.373
-2.224,-1.647
-2.22,-2.966
-2.371,0.346
-2.395,-1.859
-2.324,-2.807
-2.44,-1.991
-2.414,-0.3
-2.558,-0.599
-2.539,0.849
-2.59,-0.269
-2.714,-2.808
-2.618,-1.741
-2.768,-2.817
-2.814,0.335
-2.847,-2.827
-2.867,-0.675
-2.75,-2.19
-2.799,0.193
-3.019,0.739
-3.072,-0.102
3.075,-1.578
2.916,-1.158
2.99,-0.923
2.893,-0.236
2.87,-1.162
2.549,-1.333
2.53,0.408
2.638,-2.081
2.59,0.323
2.36,-2.069
2.44,0.957
2.017,-0.818
1.986,-2.169
1.985,-1.037
2.087,-2.073
2.072,-1.805
1.879,-0.951
1.911,-2.489
1.76,0.899
1.844,-1.154
1.737,-1.284
1.704,-1.254
1.61,0.828
1.576,0.256
1.68,-1.345
1.649,-0.636
1.625,-0.661
1.455,-1.009
1.552,-1.861
1.411,-3.109
1.42,-3.084
0.864,-3.299
0.563,-3.008
0.436,-3.256
-0.082,-3.379
-0.257,-3.352
-0.859,-3.46
-1.158,-2.974
-1.379,-3.318
-1.389,-3.375
-1.517,-3.284
-1.57,-3.332
-1.581,-3.462
-1.868,-3.337
-1.956,-3.149
-2.395,-3.055
-2.97,-3.462
2.611,-3.157
2.338,-3.484
1.791,-3.162
1.712,-3.287
1.499,1.101
0.605,1.215
-0.662,1.087
-0.952,1.325
-1.903,1.237
-2.097,1.103
-2.294,1.305
-2.564,1.135
-2.727,1.158
0.557,-0.792
0.549,0.421
-1.09,-2.357
2.385,-2.372
1.043,-1.525
1.019,-1.832
-2.807,0.015
2.256,0.476
1.926,-0.215
1.239,0.328
0.546,-1.155
0.252,-1.806
-1.402,-0.321
-1.727,0.428
-1.774,-0.391
-1.721,-2.141
-2.026,-0.338
3.05,0.309
2.239,0.841
1.836,-3.472
-1.729,1.219
-0.073,1.243
0.145,0.546
-0.072,-1.583
-0.087,0.759
-0.043,0.633
-0.096,1.263
-0.057,-0.086
-0.346,0.11
-0.345,0.683
-0.337,-0.158
-0.442,0.664
-0.357,1.253
-0.479,-0.244
-0.464,0.188
-0.421,0.287
-0.516,0.662
-0.513,1.453
-0.521,-1.195
-0.531,0.871
-0.544,1.425
-0.549,0.856
-0.645,0.245
-0.666,1.442
-0.66,0.654
-0.712,1.46
-0.784,0.357
-0.734,0.097
-0.826,-1.068
-0.862,-0.3
-0.877,0.904
-0.818,0.396
-0.845,0.753
-0.842,-0.488
-0.967,1.223
-0.915,0.722
-0.983,-1.548
-0.917,-1.874
-0.938,-1.522
-0.989,-0.046
-1.102,1.09
-1.049,-1.285
-1.094,1.725
-1.212,-1.365
-1.248,-1.752
-1.191,1.206
-1.245,-0.313
-1.326,-1.047
-1.295,-1.665
-1.332,0.826
-1.393,0.053
-1.327,0.543
-1.431,-0.314
-1.411,1.721
-1.576,1.766
-1.621,-0.262
-1.707,1.872
-1.704,-1.162
-1.688,0.721
-1.788,-1.319
-1.87,0.6
-1.851,-0.321
-1.806,-1.66
-1.815,-0.481
-1.91,0.399
-1.871,-0.453
-1.886,-1.96
-2.002,0.865
-1.985,-0.171
-2.031,-1.886
-2.088,0.341
-2.091,0.332
-2.059,1.49
-2.091,0.781
-2.11,0.36
-2.116,-0.327
-2.15,0.487
-2.253,0.759
-2.283,-2.124
-2.248,0.121
-2.252,0.616
-2.267,-1.107
-2.362,1.437
-2.373,1.642
-2.387,-0.669
-2.421,0.363
-2.478,1.155
-2.437,-0.423
-2.501,0.59
-2.52,-1.178
-2.685,1.767
-2.723,-0.288
-2.659,0.268
-2.663,-1.556
-2.742,0.827
-2.758,-1.078
-2.792,0.268
-2.852,0.721
-2.844,-1.106
-2.921,0.985
-2.911,-1.401
-2.975,-0.724
-3.016,-1.559
3.13,-1.597
3.07,0.395
3.027,0.625
3.042,-0.395
3.017,1.292
3.022,0.681
2.991,0.713
3.045,0.484
2.942,-1.673
2.965,-0.312
2.861,-0.176
2.714,0.398
2.739,0.765
2.653,-1.005
2.546,-1.238
2.509,0.209
2.395,-0.714
2.373,-2.044
2.179,-1.318
2.162,-1.651
2.174,-1.927
2.128,-1.297
1.896,1.794
1.889,-0.037
1.864,-1.587
1.88,0.411
1.793,-0.072
1.747,-1.937
1.824,1.147
1.789,-0.64
1.785,-1.062
1.686,0.576
1.731,-0.239
1.668,-1.27
1.708,-1.257
1.691,-0.77
1.68,0.373
1.604,-0.446
1.592,-1.106
1.578,-1.104
1.638,0.211
1.556,-2.296
1.535,-2.431
1.436,-2.287
1.3,-2.354
1.326,-2.145
1.214,-2.236
0.743,-2.155
0.806,-2.304
0.806,-2.241
0.732,-2.305
0.262,-2.24
-0.58,-2.18
-0.704,-2.442
-0.982,-2.42
-1.02,-2.413
-1.373,-2.281
-1.865,-2.245
-2.351,-2.251
-2.502,-2.455
-2.629,-2.458
-2.795,-2.207
2.921,-2.416
2.812,-2.45
2.865,-2.243
2.877,-2.17
2.745,-2.272
1.894,-2.602
1.928,-2.447
1.816,-2.601
1.819,-2.507
1.713,-2.566
0.994,2.065
0.455,1.853
0.486,2.173
0.459,2.046
-0.155,2.127
-0.791,1.94
-0.815,1.992
-1.352,2.101
-1.726,2.089
-1.856,2.173
-2.005,2.031
-2.211,1.974
-2.251,2.083
-2.578,2.076
-2.9,2.099
2.636,1.997
2.275,2.068
2.111,1.98
1.663,1.894
1.656,-1.132
1.24,0.743
-0.877,-1.304
-1.054,-1.568
-1.089,0.693
-1.183,1.008
-2.4,-1.745
-2.894,-0.119
2.976,1.257
-1.899,-2.666
2.811,1.85
1.614,-0.768
1.612,0.39
1.412,-1.938
1.433,0.177
1.438,-1.008
1.42,-1.054
1.19,-0.557
1.183,0.767
1.318,-1.79
1.186,-0.074
1.135,1.335
1.121,-1.865
1.069,-2.016
1.017,-0.964
0.996,0.29
1.127,-0.828
0.961,-2.018
1.052,-1.052
0.939,-0.457
0.83,-0.943
0.915,-0.366
0.883,1.236
0.758,-1.043
0.761,-0.613
0.856,-0.781
0.789,-0.436
0.604,-0.657
0.491,-2.045
0.477,-1.892
0.532,-1.415
0.398,-0.625
0.352,1.751
0.254,-0.442
0.16,-1.571
0.032,-0.281
-0.084,0.53
-0.34,-1.409
-0.316,-1.292
-0.501,0.388
-0.358,1.777
-0.539,-1.819
-0.561,-0.38
-0.538,0.3
-0.54,-0.428
-0.584,-0.581
-0.652,0.621
-0.741,-1.116
-0.903,0.417
-0.91,0.398
-1.054,-0.603
-1.03,0.422
-1.345,1.716
-1.197,0.716
-1.379,0.373
-1.27,1.286
-1.392,0.45
-1.488,1.661
-1.499,-0.156
-1.506,-1.507
-1.412,1.313
-1.575,-0.724
-1.649,-1.944
-1.526,0.346
-1.544,-0.387
-1.533,0.708
-1.588,1.611
-1.606,1.83
-1.612,-0.496
-1.649,-2.029
-1.808,1.618
-1.844,0.049
-1.849,0.264
-1.942,-0.054
-1.95,0.495
-1.849,1.421
-1.849,-0.026
-2.041,-0.063
-1.916,0.32
-2.043,-1.493
-2.094,-0.521
-2.111,-0.795
-2.107,-2.114
-2.258,1.198
-2.282,-1.007
-2.211,-1.955
-2.327,-1.139
-2.301,0.552
-2.445,0.253
-2.426,1.701
-2.477,0.583
-2.601,-1.956
-2.505,-0.889
-2.655,-1.965
-2.701,1.187
-2.734,-1.975
-2.754,0.177
-2.637,-1.338
-2.686,1.045
-2.906,1.591
-2.959,0.75
-3.095,-0.726
3.029,-0.306
3.103,-0.071
3.006,0.616
2.983,-0.31
2.662,-0.481
2.643,1.26
2.751,-1.229
2.703,1.175
2.473,-1.217
2.553,1.809
2.13,0.034
2.099,-1.317
2.098,-0.185
2.2,-1.221
2.185,-0.953
1.992,-0.099
2.024,-1.637
1.873,1.751
1.957,-0.302
1.85,-0.432
1.817,-0.402
1.723,1.68
1.689,1.108
1.793,-0.493
1.762,0.216
1.738,0.191
1.568,-0.157
1.665,-1.009
1.524,-2.257
1.533,-2.232
0.977,-2.447
0.676,-2.156
0.549,-2.404
0.031,-2.527
-0.144,-2.5
-0.746,-2.608
-1.045,-2.122
-1.266,-2.466
-1.276,-2.523
-1.404,-2.432
-1.457,-2.48
-1.468,-2.61
-1.755,-2.485
-1.843,-2.297
-2.282,-2.203
-2.857,-2.61
2.724,-2.305
2.451,-2.632
1.904,-2.31
1.825,-2.435
1.612,1.953
0.718,2.067
-0.549,1.939
-0.839,2.177
-1.79,2.089
-1.984,1.955
-2.181,2.157
-2.451,1.987
-2.614,2.01
0.67,0.06
0.662,1.273
-0.977,-1.505
2.498,-1.52
1.156,-0.673
1.132,-0.98
-2.694,0.867
2.369,1.328
2.039,0.637
1.352,1.18
0.659,-0.303
0.365,-0.954
-1.289,0.531
-1.614,1.28
-1.661,0.461
-1.608,-1.289
-1.913,0.514
-3.12,1.161
2.352,1.693
1.949,-2.62
-1.616,2.071
0.04,2.095
0.258,1.398
-0.015,2.342
0.029,2.216
-0.024,2.846
0.015,1.497
-0.274,1.693
-0.273,2.266
-0.265,1.425
-0.37,2.247
-0.285,2.836
-0.407,1.339
-0.392,1.771
-0.349,1.87
-0.444,2.245
-0.441,3.036
-0.449,0.388
-0.459,2.454
-0.472,3.008
-0.477,2.439
-0.573,1.828
-0.594,3.025
-0.588,2.237
-0.64,3.043
-0.712,1.94
-0.662,1.68
-0.754,0.515
-0.79,1.283
-0.805,2.487
-0.746,1.979
-0.773,2.336
-0.77,1.095
-0.895,2.806
-0.843,2.305
-0.911,0.035
-0.845,-0.291
-0.866,0.061
-0.917,1.537
-1.03,2.673
-0.977,0.298
-1.022,3.308
-1.14,0.218
-1.176,-0.169
-1.119,2.789
-1.173,1.27
-1.254,0.536
-1.223,-0.082
-1.26,2.409
-1.321,1.636
-1.255,2.126
-1.359,1.269
-1.339,3.304
-1.504,3.349
-1.549,1.321
-1.635,3.455
-1.632,0.421
-1.616,2.304
-1.716,0.264
-1.798,2.183
-1.779,1.262
-1.734,-0.077
-1.743,1.102
-1.838,1.982
-1.799,1.13
-1.814,-0.377
-1.93,2.448
-1.913,1.412
-1.959,-0.303
-2.016,1.924
-2.019,1.915
-1.987,3.073
-2.019,2.364
-2.038,1.943
-2.044,1.256
-2.078,2.07
-2.181,2.342
-2.211,-0.541
-2.176,1.704
-2.18,2.199
-2.195,0.476
-2.29,3.02
-2.301,3.225
-2.315,0.914
-2.349,1.946
-2.406,2.738
-2.365,1.16
-2.429,2.173
-2.448,0.405
-2.613,3.35
-2.651,1.295
-2.587,1.851
-2.591,0.027
-2.67,2.41
-2.686,0.505
-2.72,1.851
-2.78,2.304
-2.772,0.477
-2.849,2.568
-2.839,0.182
-2.903,0.859
-2.944,0.024
-3.081,-0.014
-3.141,1.978
3.099,2.208
3.114,1.188
3.089,2.875
3.094,2.264
3.063,2.296
3.117,2.067
3.014,-0.09
3.037,1.271
2.933,1.407
2.786,1.981
2.811,2.348
2.725,0.578
2.618,0.345
2.581,1.792
2.467,0.869
2.445,-0.461
2.251,0.265
2.234,-0.068
2.246,-0.344
2.2,0.286
1.968,3.377
1.961,1.546
1.936,-0.004
1.952,1.994
1.865,1.511
1.819,-0.354
1.896,2.73
1.861,0.943
1.857,0.521
1.758,2.159
1.803,1.344
1.74,0.313
1.78,0.326
1.763,0.813
1.752,1.956
1.676,1.137
1.664,0.477
1.65,0.479
1.71,1.794
1.628,-0.713
1.607,-0.848
1.508,-0.704
1.372,-0.771
1.398,-0.562
1.286,-0.653
0.815,-0.572
0.878,-0.721
0.878,-0.658
0.804,-0.722
0.334,-0.657
-0.508,-0.597
-0.632,-0.859
-0.91,-0.837
-0.948,-0.83
-1.301,-0.698
-1.793,-0.662
-2.279,-0.668
-2.43,-0.872
-2.557,-0.875
-2.723,-0.624
2.993,-0.833
2.884,-0.867
2.937,-0.66
2.949,-0.587
2.817,-0.689
1.966,-1.019
2.0,-0.864
1.888,-1.018
1.891,-0.924
1.785,-0.983
1.066,3.648
0.527,3.436
0.558,3.756
0.531,3.629
-0.083,3.71
-0.719,3.523
-0.743,3.575
-1.28,3.684
-1.654,3.672
-1.784,3.756
-1.933,3.614
-2.139,3.557
-2.179,3.666
-2.506,3.659
-2.828,3.682
2.708,3.58
2.347,3.651
2.183,3.563
1.735,3.477
1.728,0.451
1.312,2.326
-0.805,0.279
-0.982,0.015
-1.017,2.276
-1.111,2.591
-2.328,-0.162
-2.822,1.464
3.048,2.84
-1.827,-1.083
2.883,3.433
1.686,0.815
1.684,1.973
1.484,-0.355
1.505,1.76
1.51,0.575
1.492,0.529
1.262,1.026
1.255,2.35
1.39,-0.207
1.258,1.509
1.207,2.918
1.193,-0.282
1.141,-0.433
1.089,0.619
1.068,1.873
1.199,0.755
1.033,-0.435
1.124,0.531
1.011,1.126
0.902,0.64
0.987,1.217
0.955,2.819
0.83,0.54
0.833,0.97
0.928,0.802
0.861,1.147
0.676,0.926
0.563,-0.462
0.549,-0.309
0.604,0.168
0.47,0.958
0.424,3.334
0.326,1.141
0.232,0.012
0.104,1.302
-0.012,2.113
-0.268,0.174
-0.244,0.291
-0.429,1.971
-0.286,3.36
-0.467,-0.236
-0.489,1.203
-0.466,1.883
-0.468,1.155
-0.512,1.002
-0.58,2.204
-0.669,0.467
-0.831,2.0
-0.838,1.981
-0.982,0.98
-0.958,2.005
-1.273,3.299
-1.125,2.299
-1.307,1.956
-1.198,2.869
-1.32,2.033
-1.416,3.244
-1.427,1.427
-1.434,0.076
-1.34,2.896
-1.503,0.859
-1.577,-0.361
-1.454,1.929
-1.472,1.196
-1.461,2.291
-1.516,3.194
-1.534,3.413
-1.54,1.087
-1.577,-0.446
-1.736,3.201
-1.772,1.632
-1.777,1.847
-1.87,1.529
-1.878,2.078
-1.777,3.004
-1.777,1.557
-1.969,1.52
-1.844,1.903
-1.971,0.09
-2.022,1.062
-2.039,0.788
-2.035,-0.531
-2.186,2.781
-2.21,0.576
-2.139,-0.372
-2.255,0.444
-2.229,2.135
-2.373,1.836
-2.354,3.284
-2.405,2.166
-2.529,-0.373
-2.433,0.694
-2.583,-0.382
-2.629,2.77
-2.662,-0.392
-2.682,1.76
-2.565,0.245
-2.614,2.628
-2.834,3.174
-2.887,2.333
-3.023,0.857
3.101,1.277
-3.108,1.512
3.078,2.199
3.055,1.273
2.734,1.102
2.715,2.843
2.823,0.354
2.775,2.758
2.545,0.366
2.625,3.392
2.202,1.617
2.171,0.266
2.17,1.398
2.272,0.362
2.257,0.63
2.064,1.484
2.096,-0.054
1.945,3.334
2.029,1.281
1.922,1.151
1.889,1.181
1.795,3.263
1.761,2.691
1.865,1.09
1.834,1.799
1.81,1.774
1.64,1.426
1.737,0.574
1.596,-0.674
1.605,-0.649
1.049,-0.864
0.748,-0.573
0.621,-0.821
0.103,-0.944
-0.072,-0.917
-0.674,-1.025
-0.973,-0.539
-1.194,-0.883
-1.204,-0.94
-1.332,-0.849
-1.385,-0.897
-1.396,-1.027
-1.683,-0.902
-1.771,-0.714
-2.21,-0.62
-2.785,-1.027
2.796,-0.722
2.523,-1.049
1.976,-0.727
1.897,-0.852
1.684,3.536
0.79,3.65
-0.477,3.522
-0.767,3.76
-1.718,3.672
-1.912,3.538
-2.109,3.74
-2.379,3.57
-2.542,3.593
0.742,1.643
0.734,2.856
-0.905,0.078
2.57,0.063
1.228,0.91
1.204,0.603
-2.622,2.45
2.441,2.911
2.111,2.22
1.424,2.763
0.731,1.28
0.437,0.629
-1.217,2.114
-1.542,2.863
-1.589,2.044
-1.536,0.294
-1.841,2.097
-3.048,2.744
2.424,3.276
2.021,-1.037
-1.544,3.654
0.112,3.678
0.33,2.981
0.044,-0.126
-0.009,0.504
0.03,-0.845
-0.259,-0.649
-0.258,-0.076
-0.25,-0.917
-0.355,-0.095
-0.27,0.494
-0.392,-1.003
-0.377,-0.571
-0.334,-0.472
-0.429,-0.097
-0.426,0.694
-0.434,-1.954
-0.444,0.112
-0.457,0.666
-0.462,0.097
-0.558,-0.514
-0.579,0.683
-0.573,-0.105
-0.625,0.701
-0.697,-0.402
-0.647,-0.662
-0.739,-1.827
-0.775,-1.059
-0.79,0.145
-0.731,-0.363
-0.758,-0.006
-0.755,-1.247
-0.88,0.464
-0.828,-0.037
-0.896,-2.307
-0.83,-2.633
-0.851,-2.281
-0.902,-0.805
-1.015,0.331
-0.962,-2.044
-1.007,0.966
-1.125,-2.124
-1.161,-2.511
-1.104,0.447
-1.158,-1.072
-1.239,-1.806
-1.208,-2.424
-1.245,0.067
-1.306,-0.706
-1.24,-0.216
-1.344,-1.073
-1.324,0.962
-1.489,1.007
-1.534,-1.021
-1.62,1.113
-1.617,-1.921
-1.601,-0.038
-1.701,-2.078
-1.783,-0.159
-1.764,-1.08
-1.719,-2.419
-1.728,-1.24
-1.823,-0.36
-1.784,-1.212
-1.799,-2.719
-1.915,0.106
-1.898,-0.93
-1.944,-2.645
-2.001,-0.418
-2.004,-0.427
-1.972,0.731
-2.004,0.022
-2.023,-0.399
-2.029,-1.086
-2.063,-0.272
-2.166,0.0
-2.196,-2.883
-2.161,-0.638
-2.165,-0.143
-2.18,-1.866
-2.275,0.678
-2.286,0.883
-2.3,-1.428
-2.334,-0.396
-2.391,0.396
-2.35,-1.182
-2.414,-0.169
-2.433,-1.937
-2.598,1.008
-2.636,-1.047
-2.572,-0.491
-2.576,-2.315
-2.655,0.068
-2.671,-1.837
-2.705,-0.491
-2.765,-0.038
-2.757,-1.865
-2.834,0.226
-2.824,-2.16
-2.888,-1.483
-2.929,-2.318
-3.066,-2.356
-3.126,-0.364
3.114,-0.134
3.129,-1.154
3.104,0.533
3.109,-0.078
3.078,-0.046
3.132,-0.275
3.029,-2.432
3.052,-1.071
2.948,-0.935
2.801,-0.361
2.826,0.006
2.74,-1.764
2.633,-1.997
2.596,-0.55
2.482,-1.473
2.46,-2.803
2.266,-2.077
2.249,-2.41
2.261,-2.686
2.215,-2.056
1.983,1.035
1.976,-0.796
1.951,-2.346
1.967,-0.348
1.88,-0.831
1.834,-2.696
1.911,0.388
1.876,-1.399
1.872,-1.821
1.773,-0.183
1.818,-0.998
1.755,-2.029
1.795,-2.016
1.778,-1.529
1.767,-0.386
1.691,-1.205
1.679,-1.865
1.665,-1.863
1.725,-0.548
1.643,-3.055
1.622,-3.19
1.523,-3.046
1.387,-3.113
1.413,-2.904
1.301,-2.995
0.83,-2.914
0.893,-3.063
0.893,-3.0
0.819,-3.064
0.349,-2.999
-0.493,-2.939
-0.617,-3.201
-0.895,-3.179
-0.933,-3.172
-1.286,-3.04
-1.778,-3.004
-2.264,-3.01
-2.415,-3.214
-2.542,-3.217
-2.708,-2.966
3.008,-3.175
2.899,-3.209
2.952,-3.002
2.964,-2.929
2.832,-3.031
1.981,-3.361
2.015,-3.206
1.903,-3.36
1.906,-3.266
1.8,-3.325
1.081,1.306
0.542,1.094
0.573,1.414
0.546,1.287
-0.068,1.368
-0.704,1.181
-0.728,1.233
-1.265,1.342
-1.639,1.33
-1.769,1.414
-1.918,1.272
-2.124,1.215
-2.164,1.324
-2.491,1.317
-2.813,1.34
2.723,1.238
2.362,1.309
2.198,1.221
1.75,1.135
1.743,-1.891
1.327,-0.016
-0.79,-2.063
-0.967,-2.327
-1.002,-0.066
-1.096,0.249
-2.313,-2.504
-2.807,-0.878
3.063,0.498
-1.812,-3.425
2.898,1.091
1.701,-1.527
1.699,-0.369
1.499,-2.697
1.52,-0.582
1.525,-1.767
1.507,-1.813
1.277,-1.316
1.27,0.008
1.405,-2.549
1.273,-0.833
1.222,0.576
1.208,-2.624
1.156,-2.775
1.104,-1.723
1.083,-0.469
1.214,-1.587
1.048,-2.777
1.139,-1.811
1.026,-1.216
0.917,-1.702
1.002,-1.125
0.97,0.477
0.845,-1.802
0.848,-1.372
0.943,-1.54
0.876,-1.195
0.691,-1.416
0.578,-2.804
0.564,-2.651
0.619,-2.174
0.485,-1.384
0.439,0.992
0.341,-1.201
0.247,-2.33
0.119,-1.04
0.003,-0.229
-0.253,-2.168
-0.229,-2.051
-0.414,-0.371
-0.271,1.018
-0.452,-2.578
-0.474,-1.139
-0.451,-0.459
-0.453,-1.187
-0.497,-1.34
-0.565,-0.138
-0.654,-1.875
-0.816,-0.342
-0.823,-0.361
-0.967,-1.362
-0.943,-0.337
-1.258,0.957
-1.11,-0.043
-1.292,-0.386
-1.183,0.527
-1.305,-0.309
-1.401,0.902
-1.412,-0.915
-1.419,-2.266
-1.325,0.554
-1.488,-1.483
-1.562,-2.703
-1.439,-0.413
-1.457,-1.146
-1.446,-0.051
-1.501,0.852
-1.519,1.071
-1.525,-1.255
-1.562,-2.788
-1.721,0.859
-1.757,-0.71
-1.762,-0.495
-1.855,-0.813
-1.863,-0.264
-1.762,0.662
-1.762,-0.785
-1.954,-0.822
-1.829,-0.439
-1.956,-2.252
-2.007,-1.28
-2.024,-1.554
-2.02,-2.873
-2.171,0.439
-2.195,-1.766
-2.124,-2.714
-2.24,-1.898
-2.214,-0.207
-2.358,-0.506
-2.339,0.942
-2.39,-0.176
-2.514,-2.715
-2.418,-1.648
-2.568,-2.724
-2.614,0.428
-2.647,-2.734
-2.667,-0.582
-2.55,-2.097
-2.599,0.286
-2.819,0.832
-2.872,-0.009
-3.008,-1.485
3.116,-1.065
-3.093,-0.83
3.093,-0.143
3.07,-1.069
2.749,-1.24
2.73,0.501
2.838,-1.988
2.79,0.416
2.56,-1.976
2.64,1.05
2.217,-0.725
2.186,-2.076
2.185,-0.944
2.287,-1.98
2.272,-1.712
2.079,-0.858
2.111,-2.396
1.96,0.992
2.044,-1.061
1.937,-1.191
1.904,-1.161
1.81,0.921
1.776,0.349
1.88,-1.252
1.849,-0.543
1.825,-0.568
1.655,-0.916
1.752,-1.768
1.611,-3.016
1.62,-2.991
1.064,-3.206
0.763,-2.915
0.636,-3.163
0.118,-3.286
-0.057,-3.259
-0.659,-3.367
-0.958,-2.881
-1.179,-3.225
-1.189,-3.282
-1.317,-3.191
-1.37,-3.239
-1.381,-3.369
-1.668,-3.244
-1.756,-3.056
-2.195,-2.962
-2.77,-3.369
2.811,-3.064
2.538,-3.391
1.991,-3.069
1.912,-3.194
1.699,1.194
0.805,1.308
-0.462,1.18
-0.752,1.418
-1.703,1.33
-1.897,1.196
-2.094,1.398
-2.364,1.228
-2.527,1.251
0.757,-0.699
0.749,0.514
-0.89,-2.264
2.585,-2.279
1.243,-1.432
1.219,-1.739
-2.607,0.108
2.456,0.569
2.126,-0.122
1.439,0.421
0.746,-1.062
0.452,-1.713
-1.202,-0.228
-1.527,0.521
-1.574,-0.298
-1.521,-2.048
-1.826,-0.245
-3.033,0.402
2.439,0.934
2.036,-3.379
-1.529,1.312
0.127,1.336
0.345,0.639
-0.053,0.63
-0.014,-0.719
-0.303,-0.523
-0.302,0.05
-0.294,-0.791
-0.399,0.031
-0.314,0.62
-0.436,-0.877
-0.421,-0.445
-0.378,-0.346
-0.473,0.029
-0.47,0.82
-0.478,-1.828
-0.488,0.238
-0.501,0.792
-0.506,0.223
-0.602,-0.388
-0.623,0.809
-0.617,0.021
-0.669,0.827
-0.741,-0.276
-0.691,-0.536
-0.783,-1.701
-0.819,-0.933
-0.834,0.271
-0.775,-0.237
-0.802,0.12
-0.799,-1.121
-0.924,0.59
-0.872,0.089
-0.94,-2.181
-0.874,-2.507
-0.895,-2.155
-0.946,-0.679
-1.059,0.457
-1.006,-1.918
-1.051,1.092
-1.169,-1.998
-1.205,-2.385
-1.148,0.573
-1.202,-0.946
-1.283,-1.68
-1.252,-2.298
-1.289,0.193
-1.35,-0.58
-1.284,-0.09
-1.388,-0.947
-1.368,1.088
-1.533,1.133
-1.578,-0.895
-1.664,1.239
-1.661,-1.795
-1.645,0.088
-1.745,-1.952
-1.827,-0.033
-1.808,-0.954
-1.763,-2.293
-1.772,-1.114
-1.867,-0.234
-1.828,-1.086
-1.843,-2.593
-1.959,0.232
-1.942,-0.804
-1.988,-2.519
-2.045,-0.292
-2.048,-0.301
-2.016,0.857
-2.048,0.148
-2.067,-0.273
-2.073,-0.96
-2.107,-0.146
-2.21,0.126
-2.24,-2.757
-2.205,-0.512
-2.209,-0.017
-2.224,-1.74
-2.319,0.804
-2.33,1.009
-2.344,-1.302
-2.378,-0.27
-2.435,0.522
-2.394,-1.056
-2.458,-0.043
-2.477,-1.811
-2.642,1.134
-2.68,-0.921
-2.616,-0.365
-2.62,-2.189
-2.699,0.194
-2.715,-1.711
-2.749,-0.365
-2.809,0.088
-2.801,-1.739
-2.878,0.352
-2.868,-2.034
-2.932,-1.357
-2.973,-2.192
-3.11,-2.23
3.113,-0.238
3.07,-0.008
3.085,-1.028
3.06,0.659
3.065,0.048
3.034,0.08
3.088,-0.149
2.985,-2.306
3.008,-0.945
2.904,-0.809
2.757,-0.235
2.782,0.132
2.696,-1.638
2.589,-1.871
2.552,-0.424
2.438,-1.347
2.416,-2.677
2.222,-1.951
2.205,-2.284
2.217,-2.56
2.171,-1.93
1.939,1.161
1.932,-0.67
1.907,-2.22
1.923,-0.222
1.836,-0.705
1.79,-2.57
1.867,0.514
1.832,-1.273
1.828,-1.695
1.729,-0.057
1.774,-0.872
1.711,-1.903
1.751,-1.89
1.734,-1.403
1.723,-0.26
1.647,-1.079
1.635,-1.739
1.621,-1.737
1.681,-0.422
1.599,-2.929
1.578,-3.064
1.479,-2.92
1.343,-2.987
1.369,-2.778
1.257,-2.869
0.786,-2.788
0.849,-2.937
0.849,-2.874
0.775,-2.938
0.305,-2.873
-0.537,-2.813
-0.661,-3.075
-0.939,-3.053
-0.977,-3.046
-1.33,-2.914
-1.822,-2.878
-2.308,-2.884
-2.459,-3.088
-2.586,-3.091
-2.752,-2.84
2.964,-3.049
2.855,-3.083
2.908,-2.876
2.92,-2.803
2.788,-2.905
1.937,-3.235
1.971,-3.08
1.859,-3.234
1.862,-3.14
1.756,-3.199
1.037,1.432
0.498,1.22
0.529,1.54
0.502,1.413
-0.112,1.494
-0.748,1.307
-0.772,1.359
-1.309,1.468
-1.683,1.456
-1.813,1.54
-1.962,1.398
-2.168,1.341
-2.208,1.45
-2.535,1.443
-2.857,1.466
2.679,1.364
2.318,1.435
2.154,1.347
1.706,1.261
1.699,-1.765
1.283,0.11
-0.834,-1.937
-1.011,-2.201
-1.046,0.06
-1.14,0.375
-2.357,-2.378
-2.851,-0.752
3.019,0.624
-1.856,-3.299
2.854,1.217
1.657,-1.401
1.655,-0.243
1.455,-2.571
1.476,-0.456
1.481,-1.641
1.463,-1.687
1.233,-1.19
1.226,0.134
1.361,-2.423
1.229,-0.707
1.178,0.702
1.164,-2.498
1.112,-2.649
1.06,-1.597
1.039,-0.343
1.17,-1.461
1.004,-2.651
1.095,-1.685
0.982,-1.09
0.873,-1.576
0.958,-0.999
0.926,0.603
0.801,-1.676
0.804,-1.246
0.899,-1.414
0.832,-1.069
0.647,-1.29
0.534,-2.678
0.52,-2.525
0.575,-2.048
0.441,-1.258
0.395,1.118
0.297,-1.075
0.203,-2.204
0.075,-0.914
-0.041,-0.103
-0.297,-2.042
-0.273,-1.925
-0.458,-0.245
-0.315,1.144
-0.496,-2.452
-0.518,-1.013
-0.495,-0.333
-0.497,-1.061
-0.541,-1.214
-0.609,-0.012
-0.698,-1.749
-0.86,-0.216
-0.867,-0.235
-1.011,-1.236
-0.987,-0.211
-1.302,1.083
-1.154,0.083
-1.336,-0.26
-1.227,0.653
-1.349,-0.183
-1.445,1.028
-1.456,-0.789
-1.463,-2.14
-1.369,0.68
-1.532,-1.357
-1.606,-2.577
-1.483,-0.287
-1.501,-1.02
-1.49,0.075
-1.545,0.978
-1.563,1.197
-1.569,-1.129
-1.606,-2.662
-1.765,0.985
-1.801,-0.584
-1.806,-0.369
-1.899,-0.687
-1.907,-0.138
-1.806,0.788
-1.806,-0.659
-1.998,-0.696
-1.873,-0.313
-2.0,-2.126
-2.051,-1.154
-2.068,-1.428
-2.064,-2.747
-2.215,0.565
-2.239,-1.64
-2.168,-2.588
-2.284,-1.772
-2.258,-0.081
-2.402,-0.38
-2.383,1.068
-2.434,-0.05
-2.558,-2.589
-2.462,-1.522
-2.612,-2.598
-2.658,0.554
-2.691,-2.608
-2.711,-0.456
-2.594,-1.971
-2.643,0.412
-2.863,0.958
-2.916,0.117
-3.052,-1.359
3.072,-0.939
-3.137,-0.704
3.049,-0.017
3.026,-0.943
2.705,-1.114
2.686,0.627
2.794,-1.862
2.746,0.542
2.516,-1.85
2.596,1.176
2.173,-0.599
2.142,-1.95
2.141,-0.818
2.243,-1.854
2.228,-1.586
2.035,-0.732
2.067,-2.27
1.916,1.118
2.0,-0.935
1.893,-1.065
1.86,-1.035
1.766,1.047
1.732,0.475
1.836,-1.126
1.805,-0.417
1.781,-0.442
1.611,-0.79
1.708,-1.642
1.567,-2.89
1.576,-2.865
1.02,-3.08
0.719,-2.789
0.592,-3.037
0.074,-3.16
-0.101,-3.133
-0.703,-3.241
-1.002,-2.755
-1.223,-3.099
-1.233,-3.156
-1.361,-3.065
-1.414,-3.113
-1.425,-3.243
-1.712,-3.118
-1.8,-2.93
-2.239,-2.836
-2.814,-3.243
2.767,-2.938
2.494,-3.265
1.947,-2.943
1.868,-3.068
1.655,1.32
0.761,1.434
-0.506,1.306
-0.796,1.544
-1.747,1.456
-1.941,1.322
-2.138,1.524
-2.408,1.354
-2.571,1.377
0.713,-0.573
0.705,0.64
-0.934,-2.138
2.541,-2.153
1.199,-1.306
1.175,-1.613
-2.651,0.234
2.412,0.695
2.082,0.004
1.395,0.547
0.702,-0.936
0.408,-1.587
-1.246,-0.102
-1.571,0.647
-1.618,-0.172
-1.565,-1.922
-1.87,-0.119
-3.077,0.528
2.395,1.06
1.992,-3.253
-1.573,1.438
0.083,1.462
0.301,0.765
0.039,-1.349
-0.25,-1.153
-0.249,-0.58
-0.241,-1.421
-0.346,-0.599
-0.261,-0.01
-0.383,-1.507
-0.368,-1.075
-0.325,-0.976
-0.42,-0.601
-0.417,0.19
-0.425,-2.458
-0.435,-0.392
-0.448,0.162
-0.453,-0.407
-0.549,-1.018
-0.57,0.179
-0.564,-0.609
-0.616,0.197
-0.688,-0.906
-0.638,-1.166
-0.73,-2.331
-0.766,-1.563
-0.781,-0.359
-0.722,-0.867
-0.749,-0.51
-0.746,-1.751
-0.871,-0.04
-0.819,-0.541
-0.887,-2.811
-0.821,-3.137
-0.842,-2.785
-0.893,-1.309
-1.006,-0.173
-0.953,-2.548
-0.998,0.462
-1.116,-2.628
-1.152,-3.015
-1.095,-0.057
-1.149,-1.576
-1.23,-2.31
-1.199,-2.928
-1.236,-0.437
-1.297,-1.21
-1.231,-0.72
-1.335,-1.577
-1.315,0.458
-1.48,0.503
-1.525,-1.525
-1.611,0.609
-1.608,-2.425
-1.592,-0.542
-1.692,-2.582
-1.774,-0.663
-1.755,-1.584
-1.71,-2.923
-1.719,-1.744
-1.814,-0.864
-1.775,-1.716
-1.79,-3.223
-1.906,-0.398
-1.889,-1.434
-1.935,-3.149
-1.992,-0.922
-1.995,-0.931
-1.963,0.227
-1.995,-0.482
-2.014,-0.903
-2.02,-1.59
-2.054,-0.776
-2.157,-0.504
-2.187,-3.387
-2.152,-1.142
-2.156,-0.647
-2.171,-2.37
-2.266,0.174
-2.277,0.379
-2.291,-1.932
-2.325,-0.9
-2.382,-0.108
-2.341,-1.686
-2.405,-0.673
-2.424,-2.441
-2.589,0.504
-2.627,-1.551
-2.563,-0.995
-2.567,-2.819
-2.646,-0.436
-2.662,-2.341
-2.696,-0.995
-2.756,-0.542
-2.748,-2.369
-2.825,-0.278
-2.815,-2.664
-2.879,-1.987
-2.92,-2.822
-3.057,-2.86
-3.117,-0.868
3.123,-0.638
3.138,-1.658
3.113,0.029
3.118,-0.582
3.087,-0.55
3.141,-0.779
3.038,-2.936
3.061,-1.575
2.957,-1.439
2.81,-0.865
2.835,-0.498
2.749,-2.268
2.642,-2.501
2.605,-1.054
2.491,-1.977
2.469,-3.307
2.275,-2.581
2.258,-2.914
2.27,-3.19
2.224,-2.56
1.992,0.531
1.985,-1.3
1.96,-2.85
1.976,-0.852
1.889,-1.335
1.843,-3.2
1.92,-0.116
1.885,-1.903
1.881,-2.325
1.782,-0.687
1.827,-1.502
1.764,-2.533
1.804,-2.52
1.787,-2.033
1.776,-0.89
1.7,-1.709
1.688,-2.369
1.674,-2.367
1.734,-1.052
1.652,-3.559
1.631,-3.694
1.532,-3.55
1.396,-3.617
1.422,-3.408
1.31,-3.499
0.839,-3.418
0.902,-3.567
0.902,-3.504
0.828,-3.568
0.358,-3.503
-0.484,-3.443
-0.608,-3.705
-0.886,-3.683
-0.924,-3.676
-1.277,-3.544
-1.769,-3.508
-2.255,-3.514
-2.406,-3.718
-2.533,-3.721
-2.699,-3.47
3.017,-3.679
2.908,-3.713
2.961,-3.506
2.973,-3.433
2.841,-3.535
1.99,-3.865
2.024,-3.71
1.912,-3.864
1.915,-3.77
1.809,-3.829
1.09,0.802
0.551,0.59
0.582,0.91
0.555,0.783
-0.059,0.864
-0.695,0.677
-0.719,0.729
-1.256,0.838
-1.63,0.826
-1.76,0.91
-1.909,0.768
-2.115,0.711
-2.155,0.82
-2.482,0.813
-2.804,0.836
2.732,0.734
2.371,0.805
2.207,0.717
1.759,0.631
1.752,-2.395
1.336,-0.52
-0.781,-2.567
-0.958,-2.831
-0.993,-0.57
-1.087,-0.255
-2.304,-3.008
-2.798,-1.382
3.072,-0.006
-1.803,-3.929
2.907,0.587
1.71,-2.031
1.708,-0.873
1.508,-3.201
1.529,-1.086
1.534,-2.271
1.516,-2.317
1.286,-1.82
1.279,-0.496
1.414,-3.053
1.282,-1.337
1.231,0.072
1.217,-3.128
1.165,-3.279
1.113,-2.227
1.092,-0.973
1.223,-2.091
1.057,-3.281
1.148,-2.315
1.035,-1.72
0.926,-2.206
1.011,-1.629
0.979,-0.027
0.854,-2.306
0.857,-1.876
0.952,-2.044
0.885,-1.699
0.7,-1.92
0.587,-3.308
0.573,-3.155
0.628,-2.678
0.494,-1.888
0.448,0.488
0.35,-1.705
0.256,-2.834
0.128,-1.544
0.012,-0.733
-0.244,-2.672
-0.22,-2.555
-0.405,-0.875
-0.262,0.514
-0.443,-3.082
-0.465,-1.643
-0.442,-0.963
-0.444,-1.691
-0.488,-1.844
-0.556,-0.642
-0.645,-2.379
-0.807,-0.846
-0.814,-0.865
-0.958,-1.866
-0.934,-0.841
-1.249,0.453
-1.101,-0.547
-1.283,-0.89
-1.174,0.023
-1.296,-0.813
-1.392,0.398
-1.403,-1.419
-1.41,-2.77
-1.316,0.05
-1.479,-1.987
-1.553,-3.207
-1.43,-0.917
-1.448,-1.65
-1.437,-0.555
-1.492,0.348
-1.51,0.567
-1.516,-1.759
-1.553,-3.292
-1.712,0.355
-1.748,-1.214
-1.753,-0.999
-1.846,-1.317
-1.854,-0.768
-1.753,0.158
-1.753,-1.289
-1.945,-1.326
-1.82,-0.943
-1.947,-2.756
-1.998,-1.784
-2.015,-2.058
-2.011,-3.377
-2.162,-0.065
-2.186,-2.27
-2.115,-3.218
-2.231,-2.402
-2.205,-0.711
-2.349,-1.01
-2.33,0.438
-2.381,-0.68
-2.505,-3.219
-2.409,-2.152
-2.559,-3.228
-2.605,-0.076
-2.638,-3.238
-2.658,-1.086
-2.541,-2.601
-2.59,-0.218
-2.81,0.328
-2.863,-0.513
-2.999,-1.989
3.125,-1.569
-3.084,-1.334
3.102,-0.647
3.079,-1.573
2.758,-1.744
2.739,-0.003
2.847,-2.492
2.799,-0.088
2.569,-2.48
2.649,0.546
2.226,-1.229
2.195,-2.58
2.194,-1.448
2.296,-2.484
2.281,-2.216
2.088,-1.362
2.12,-2.9
1.969,0.488
2.053,-1.565
1.946,-1.695
1.913,-1.665
1.819,0.417
1.785,-0.155
1.889,-1.756
1.858,-1.047
1.834,-1.072
1.664,-1.42
1.761,-2.272
1.62,-3.52
1.629,-3.495
1.073,-3.71
0.772,-3.419
0.645,-3.667
0.127,-3.79
-0.048,-3.763
-0.65,-3.871
-0.949,-3.385
-1.17,-3.729
-1.18,-3.786
-1.308,-3.695
-1.361,-3.743
-1.372,-3.873
-1.659,-3.748
-1.747,-3.56
-2.186,-3.466
-2.761,-3.873
2.82,-3.568
2.547,-3.895
2.0,-3.573
1.921,-3.698
1.708,0.69
0.814,0.804
-0.453,0.676
-0.743,0.914
-1.694,0.826
-1.888,0.692
-2.085,0.894
-2.355,0.724
-2.518,0.747
0.766,-1.203
0.758,0.01
-0.881,-2.768
2.594,-2.783
1.252,-1.936
1.228,-2.243
-2.598,-0.396
2.465,0.065
2.135,-0.626
1.448,-0.083
0.755,-1.566
0.461,-2.217
-1.193,-0.732
-1.518,0.017
-1.565,-0.802
-1.512,-2.552
-1.817,-0.749
-3.024,-0.102
2.448,0.43
2.045,-3.883
-1.52,0.808
0.136,0.832
0.354,0.135
-0.289,0.196
-0.288,0.769
-0.28,-0.072
-0.385,0.75
-0.3,1.339
-0.422,-0.158
-0.407,0.274
-0.364,0.373
-0.459,0.748
-0.456,1.539
-0.464,-1.109
-0.474,0.957
-0.487,1.511
-0.492,0.942
-0.588,0.331
-0.609,1.528
-0.603,0.74
-0.655,1.546
-0.727,0.443
-0.677,0.183
-0.769,-0.982
-0.805,-0.214
-0.82,0.99
-0.761,0.482
-0.788,0.839
-0.785,-0.402
-0.91,1.309
-0.858,0.808
-0.926,-1.462
-0.86,-1.788
-0.881,-1.436
-0.932,0.04
-1.045,1.176
-0.992,-1.199
-1.037,1.811
-1.155,-1.279
-1.191,-1.666
-1.134,1.292
-1.188,-0.227
-1.269,-0.961
-1.238,-1.579
-1.275,0.912
-1.336,0.139
-1.27,0.629
-1.374,-0.228
-1.354,1.807
-1.519,1.852
-1.564,-0.176
-1.65,1.958
-1.647,-1.076
-1.631,0.807
-1.731,-1.233
-1.813,0.686
-1.794,-0.235
-1.749,-1.574
-1.758,-0.395
-1.853,0.485
-1.814,-0.367
-1.829,-1.874
-1.945,0.951
-1.928,-0.085
-1.974,-1.8
-2.031,0.427
-2.034,0.418
-2.002,1.576
-2.034,0.867
-2.053,0.446
-2.059,-0.241
-2.093,0.573
-2.196,0.845
-2.226,-2.038
-2.191,0.207
-2.195,0.702
-2.21,-1.021
-2.305,1.523
-2.316,1.728
-2.33,-0.583
-2.364,0.449
-2.421,1.241
-2.38,-0.337
-2.444,0.676
-2.463,-1.092
-2.628,1.853
-2.666,-0.202
-2.602,0.354
-2.606,-1.47
-2.685,0.913
-2.701,-0.992
-2.735,0.354
-2.795,0.807
-2.787,-1.02
-2.864,1.071
-2.854,-1.315
-2.918,-0.638
-2.959,-1.473
-3.096,-1.511
3.127,0.481
3.084,0.711
3.099,-0.309
3.074,1.378
3.079,0.767
3.048,0.799
3.102,0.57
2.999,-1.587
3.022,-0.226
2.918,-0.09
2.771,0.484
2.796,0.851
2.71,-0.919
2.603,-1.152
2.566,0.295
2.452,-0.628
2.43,-1.958
2.236,-1.232
2.219,-1.565
2.231,-1.841
2.185,-1.211
1.953,1.88
1.946,0.049
1.921,-1.501
1.937,0.497
1.85,0.014
1.804,-1.851
1.881,1.233
1.846,-0.554
1.842,-0.976
1.743,0.662
1.788,-0.153
1.725,-1.184
1.765,-1.171
1.748,-0.684
1.737,0.459
1.661,-0.36
1.649,-1.02
1.635,-1.018
1.695,0.297
1.613,-2.21
1.592,-2.345
1.493,-2.201
1.357,-2.268
1.383,-2.059
1.271,-2.15
0.8,-2.069
0.863,-2.218
0.863,-2.155
0.789,-2.219
0.319,-2.154
-0.523,-2.094
-0.647,-2.356
-0.925,-2.334
-0.963,-2.327
-1.316,-2.195
-1.808,-2.159
-2.294,-2.165
-2.445,-2.369
-2.572,-2.372
-2.738,-2.121
2.978,-2.33
2.869,-2.364
2.922,-2.157
2.934,-2.084
2.802,-2.186
1.951,-2.516
1.985,-2.361
1.873,-2.515
1.876,-2.421
1.77,-2.48
1.051,2.151
0.512,1.939
0.543,2.259
0.516,2.132
-0.098,2.213
-0.734,2.026
-0.758,2.078
-1.295,2.187
-1.669,2.175
-1.799,2.259
-1.948,2.117
-2.154,2.06
-2.194,2.169
-2.521,2.162
-2.843,2.185
2.693,2.083
2.332,2.154
2.168,2.066
1.72,1.98
1.713,-1.046
1.297,0.829
-0.82,-1.218
-0.997,-1.482
-1.032,0.779
-1.126,1.094
-2.343,-1.659
-2.837,-0.033
3.033,1.343
-1.842,-2.58
2.868,1.936
1.671,-0.682
1.669,0.476
1.469,-1.852
1.49,0.263
1.495,-0.922
1.477,-0.968
1.247,-0.471
1.24,0.853
1.375,-1.704
1.243,0.012
1.192,1.421
1.178,-1.779
1.126,-1.93
1.074,-0.878
1.053,0.376
1.184,-0.742
1.018,-1.932
1.109,-0.966
0.996,-0.371
0.887,-0.857
0.972,-0.28
0.94,1.322
0.815,-0.957
0.818,-0.527
0.913,-0.695
0.846,-0.35
0.661,-0.571
0.548,-1.959
0.534,-1.806
0.589,-1.329
0.455,-0.539
0.409,1.837
0.311,-0.356
0.217,-1.485
0.089,-0.195
-0.027,0.616
-0.283,-1.323
-0.259,-1.206
-0.444,0.474
-0.301,1.863
-0.482,-1.733
-0.504,-0.294
-0.481,0.386
-0.483,-0.342
-0.527,-0.495
-0.595,0.707
-0.684,-1.03
-0.846,0.503
-0.853,0.484
-0.997,-0.517
-0.973,0.508
-1.288,1.802
-1.14,0.802
-1.322,0.459
-1.213,1.372
-1.335,0.536
-1.431,1.747
-1.442,-0.07
-1.449,-1.421
-1.355,1.399
-1.518,-0.638
-1.592,-1.858
-1.469,0.432
-1.487,-0.301
-1.476,0.794
-1.531,1.697
-1.549,1.916
-1.555,-0.41
-1.592,-1.943
-1.751,1.704
-1.787,0.135
-1.792,0.35
-1.885,0.032
-1.893,0.581
-1.792,1.507
-1.792,0.06
-1.984,0.023
-1.859,0.406
-1.986,-1.407
-2.037,-0.435
-2.054,-0.709
-2.05,-2.028
-2.201,1.284
-2.225,-0.921
-2.154,-1.869
-2.27,-1.053
-2.244,0.638
-2.388,0.339
-2.369,1.787
-2.42,0.669
-2.544,-1.87
-2.448,-0.803
-2.598,-1.879
-2.644,1.273
-2.677,-1.889
-2.697,0.263
-2.58,-1.252
-2.629,1.131
-2.849,1.677
-2.902,0.836
-3.038,-0.64
3.086,-0.22
-3.123,0.015
3.063,0.702
3.04,-0.224
2.719,-0.395
2.7,1.346
2.808,-1.143
2.76,1.261
2.53,-1.131
2.61,1.895
2.187,0.12
2.156,-1.231
2.155,-0.099
2.257,-1.135
2.242,-0.867
2.049,-0.013
2.081,-1.551
1.93,1.837
2.014,-0.216
1.907,-0.346
1.874,-0.316
1.78,1.766
1.746,1.194
1.85,-0.407
1.819,0.302
1.795,0.277
1.625,-0.071
1.722,-0.923
1.581,-2.171
1.59,-2.146
1.034,-2.361
0.733,-2.07
0.606,-2.318
0.088,-2.441
-0.087,-2.414
-0.689,-2.522
-0.988,-2.036
-1.209,-2.38
-1.219,-2.437
-1.347,-2.346
-1.4,-2.394
-1.411,-2.524
-1.698,-2.399
-1.786,-2.211
-2.225,-2.117
-2.8,-2.524
2.781,-2.219
2.508,-2.546
1.961,-2.224
1.882,-2.349
1.669,2.039
0.775,2.153
-0.492,2.025
-0.782,2.263
-1.733,2.175
-1.927,2.041
-2.124,2.243
-2.394,2.073
-2.557,2.096
0.727,0.146
0.719,1.359
-0.92,-1.419
2.555,-1.434
1.213,-0.587
1.189,-0.894
-2.637,0.953
2.426,1.414
2.096,0.723
1.409,1.266
0.716,-0.217
0.422,-0.868
-1.232,0.617
-1.557,1.366
-1.604,0.547
-1.551,-1.203
-1.856,0.6
-3.063,1.247
2.409,1.779
2.006,-2.534
-1.559,2.157
0.097,2.181
0.315,1.484
0.001,0.573
0.009,-0.268
-0.096,0.554
-0.011,1.143
-0.133,-0.354
-0.118,0.078
-0.075,0.177
-0.17,0.552
-0.167,1.343
-0.175,-1.305
-0.185,0.761
-0.198,1.315
-0.203,0.746
-0.299,0.135
-0.32,1.332
-0.314,0.544
-0.366,1.35
-0.438,0.247
-0.388,-0.013
-0.48,-1.178
-0.516,-0.41
-0.531,0.794
-0.472,0.286
-0.499,0.643
-0.496,-0.598
-0.621,1.113
-0.569,0.612
-0.637,-1.658
-0.571,-1.984
-0.592,-1.632
-0.643,-0.156
-0.756,0.98
-0.703,-1.395
-0.748,1.615
-0.866,-1.475
-0.902,-1.862
-0.845,1.096
-0.899,-0.423
-0.98,-1.157
-0.949,-1.775
-0.986,0.716
-1.047,-0.057
-0.981,0.433
-1.085,-0.424
-1.065,1.611
-1.23,1.656
-1.275,-0.372
-1.361,1.762
-1.358,-1.272
-1.342,0.611
-1.442,-1.429
-1.524,0.49
-1.505,-0.431
-1.46,-1.77
-1.469,-0.591
-1.564,0.289
-1.525,-0.563
-1.54,-2.07
-1.656,0.755
-1.639,-0.281
-1.685,-1.996
-1.742,0.231
-1.745,0.222
-1.713,1.38
-1.745,0.671
-1.764,0.25
-1.77,-0.437
-1.804,0.377
-1.907,0.649
-1.937,-2.234
-1.902,0.011
-1.906,0.506
-1.921,-1.217
-2.016,1.327
-2.027,1.532
-2.041,-0.779
-2.075,0.253
-2.132,1.045
-2.091,-0.533
-2.155,0.48
-2.174,-1.288
-2.339,1.657
-2.377,-0.398
-2.313,0.158
-2.317,-1.666
-2.396,0.717
-2.412,-1.188
-2.446,0.158
-2.506,0.611
-2.498,-1.216
-2.575,0.875
-2.565,-1.511
-2.629,-0.834
-2.67,-1.669
-2.807,-1.707
-2.867,0.285
-2.91,0.515
-2.895,-0.505
-2.92,1.182
-2.915,0.571
-2.946,0.603
-2.892,0.374
-2.995,-1.783
-2.972,-0.422
-3.076,-0.286
3.06,0.288
3.085,0.655
2.999,-1.115
2.892,-1.348
2.855,0.099
2.741,-0.824
2.719,-2.154
2.525,-1.428
2.508,-1.761
2.52,-2.037
2.474,-1.407
2.242,1.684
2.235,-0.147
2.21,-1.697
2.226,0.301
2.139,-0.182
2.093,-2.047
2.17,1.037
2.135,-0.75
2.131,-1.172
2.032,0.466
2.077,-0.349
2.014,-1.38
2.054,-1.367
2.037,-0.88
2.026,0.263
1.95,-0.556
1.938,-1.216
1.924,-1.214
1.984,0.101
1.902,-2.406
1.881,-2.541
1.782,-2.397
1.646,-2.464
1.672,-2.255
1.56,-2.346
1.089,-2.265
1.152,-2.414
1.152,-2.351
1.078,-2.415
0.608,-2.35
-0.234,-2.29
-0.358,-2.552
-0.636,-2.53
-0.674,-2.523
-1.027,-2.391
-1.519,-2.355
-2.005,-2.361
-2.156,-2.565
-2.283,-2.568
-2.449,-2.317
-3.016,-2.526
-3.125,-2.56
-3.072,-2.353
-3.06,-2.28
3.091,-2.382
2.24,-2.712
2.274,-2.557
2.162,-2.711
2.165,-2.617
2.059,-2.676
1.34,1.955
0.801,1.743
0.832,2.063
0.805,1.936
0.191,2.017
-0.445,1.83
-0.469,1.882
-1.006,1.991
-1.38,1.979
-1.51,2.063
-1.659,1.921
-1.865,1.864
-1.905,1.973
-2.232,1.966
-2.554,1.989
2.982,1.887
2.621,1.958
2.457,1.87
2.009,1.784
2.002,-1.242
1.586,0.633
-0.531,-1.414
-0.708,-1.678
-0.743,0.583
-0.837,0.898
-2.054,-1.855
-2.548,-0.229
-2.961,1.147
-1.553,-2.776
-3.126,1.74
1.96,-0.878
1.958,0.28
1.758,-2.048
1.779,0.067
1.784,-1.118
1.766,-1.164
1.536,-0.667
1.529,0.657
1.664,-1.9
1.532,-0.184
1.481,1.225
1.467,-1.975
1.415,-2.126
1.363,-1.074
1.342,0.18
1.473,-0.938
1.307,-2.128
1.398,-1.162
1.285,-0.567
1.176,-1.053
1.261,-0.476
1.229,1.126
1.104,-1.153
1.107,-0.723
1.202,-0.891
1.135,-0.546
0.95,-0.767
0.837,-2.155
0.823,-2.002
0.878,-1.525
0.744,-0.735
0.698,1.641
0.6,-0.552
0.506,-1.681
0.378,-0.391
0.262,0.42
0.006,-1.519
0.03,-1.402
-0.155,0.278
-0.012,1.667
-0.193,-1.929
-0.215,-0.49
-0.192,0.19
-0.194,-0.538
-0.238,-0.691
-0.306,0.511
-0.395,-1.226
-0.557,0.307
-0.564,0.288
-0.708,-0.713
-0.684,0.312
-0.999,1.606
-0.851,0.606
-1.033,0.263
-0.924,1.176
-1.046,0.34
-1.142,1.551
-1.153,-0.266
-1.16,-1.617
-1.066,1.203
-1.229,-0.834
-1.303,-2.054
-1.18,0.236
-1.198,-0.497
-1.187,0.598
-1.242,1.501
-1.26,1.72
-1.266,-0.606
-1.303,-2.139
-1.462,1.508
-1.498,-0.061
-1.503,0.154
-1.596,-0.164
-1.604,0.385
-1.503,1.311
-1.503,-0.136
-1.695,-0.173
-1.57,0.21
-1.697,-1.603
-1.748,-0.631
-1.765,-0.905
-1.761,-2.224
-1.912,1.088
-1.936,-1.117
-1.865,-2.065
-1.981,-1.249
-1.955,0.442
-2.099,0.143
-2.08,1.591
-2.131,0.473
-2.255,-2.066
-2.159,-0.999
-2.309,-2.075
-2.355,1.077
-2.388,-2.085
-2.408,0.067
-2.291,-1.448
-2.34,0.935
-2.56,1.481
-2.613,0.64
-2.749,-0.836
-2.908,-0.416
-2.834,-0.181
-2.931,0.506
-2.954,-0.42
3.008,-0.591
2.989,1.15
3.097,-1.339
3.049,1.065
2.819,-1.327
2.899,1.699
2.476,-0.076
2.445,-1.427
2.444,-0.295
2.546,-1.331
2.531,-1.063
2.338,-0.209
2.37,-1.747
2.219,1.641
2.303,-0.412
2.196,-0.542
2.163,-0.512
2.069,1.57
2.035,0.998
2.139,-0.603
2.108,0.106
2.084,0.081
1.914,-0.267
2.011,-1.119
1.87,-2.367
1.879,-2.342
1.323,-2.557
1.022,-2.266
0.895,-2.514
0.377,-2.637
0.202,-2.61
-0.4,-2.718
-0.699,-2.232
-0.92,-2.576
-0.93,-2.633
-1.058,-2.542
-1.111,-2.59
-1.122,-2.72
-1.409,-2.595
-1.497,-2.407
-1.936,-2.313
-2.511,-2.72
3.07,-2.415
2.797,-2.742
2.25,-2.42
2.171,-2.545
1.958,1.843
1.064,1.957
-0.203,1.829
-0.493,2.067
-1.444,1.979
-1.638,1.845
-1.835,2.047
-2.105,1.877
-2.268,1.9
1.016,-0.05
1.008,1.163
-0.631,-1.615
2.844,-1.63
1.502,-0.783
1.478,-1.09
-2.348,0.757
2.715,1.218
2.385,0.527
1.698,1.07
1.005,-0.413
0.711,-1.064
-0.943,0.421
-1.268,1.17
-1.315,0.351
-1.262,-1.399
-1.567,0.404
-2.774,1.051
2.698,1.583
2.295,-2.73
-1.27,1.961
0.386,1.985
0.604,1.288
0.008,-0.841
-0.097,-0.019
-0.012,0.57
-0.134,-0.927
-0.119,-0.495
-0.076,-0.396
-0.171,-0.021
-0.168,0.77
-0.176,-1.878
-0.186,0.188
-0.199,0.742
-0.204,0.173
-0.3,-0.438
-0.321,0.759
-0.315,-0.029
-0.367,0.777
-0.439,-0.326
-0.389,-0.586
-0.481,-1.751
-0.517,-0.983
-0.532,0.221
-0.473,-0.287
-0.5,0.07
-0.497,-1.171
-0.622,0.54
-0.57,0.039
-0.638,-2.231
-0.572,-2.557
-0.593,-2.205
-0.644,-0.729
-0.757,0.407
-0.704,-1.968
-0.749,1.042
-0.867,-2.048
-0.903,-2.435
-0.846,0.523
-0.9,-0.996
-0.981,-1.73
-0.95,-2.348
-0.987,0.143
-1.048,-0.63
-0.982,-0.14
-1.086,-0.997
-1.066,1.038
-1.231,1.083
-1.276,-0.945
-1.362,1.189
-1.359,-1.845
-1.343,0.038
-1.443,-2.002
-1.525,-0.083
-1.506,-1.004
-1.461,-2.343
-1.47,-1.164
-1.565,-0.284
-1.526,-1.136
-1.541,-2.643
-1.657,0.182
-1.64,-0.854
-1.686,-2.569
-1.743,-0.342
-1.746,-0.351
-1.714,0.807
-1.746,0.098
-1.765,-0.323
-1.771,-1.01
-1.805,-0.196
-1.908,0.076
-1.938,-2.807
-1.903,-0.562
-1.907,-0.067
-1.922,-1.79
-2.017,0.754
-2.028,0.959
-2.042,-1.352
-2.076,-0.32
-2.133,0.472
-2.092,-1.106
-2.156,-0.093
-2.175,-1.861
-2.34,1.084
-2.378,-0.971
-2.314,-0.415
-2.318,-2.239
-2.397,0.144
-2.413,-1.761
-2.447,-0.415
-2.507,0.038
-2.499,-1.789
-2.576,0.302
-2.566,-2.084
-2.63,-1.407
-2.671,-2.242
-2.808,-2.28
-2.868,-0.288
-2.911,-0.058
-2.896,-1.078
-2.921,0.609
-2.916,-0.002
-2.947,0.03
-2.893,-0.199
-2.996,-2.356
-2.973,-0.995
-3.077,-0.859
3.059,-0.285
3.084,0.082
2.998,-1.688
2.891,-1.921
2.854,-0.474
2.74,-1.397
2.718,-2.727
2.524,-2.001
2.507,-2.334
2.519,-2.61
2.473,-1.98
2.241,1.111
2.234,-0.72
2.209,-2.27
2.225,-0.272
2.138,-0.755
2.092,-2.62
2.169,0.464
2.134,-1.323
2.13,-1.745
2.031,-0.107
2.076,-0.922
2.013,-1.953
2.053,-1.94
2.036,-1.453
2.025,-0.31
1.949,-1.129
1.937,-1.789
1.923,-1.787
1.983,-0.472
1.901,-2.979
1.88,-3.114
1.781,-2.97
1.645,-3.037
1.671,-2.828
1.559,-2.919
1.088,-2.838
1.151,-2.987
1.151,-2.924
1.077,-2.988
0.607,-2.923
-0.235,-2.863
-0.359,-3.125
-0.637,-3.103
-0.675,-3.096
-1.028,-2.964
-1.52,-2.928
-2.006,-2.934
-2.157,-3.138
-2.284,-3.141
-2.45,-2.89
-3.017,-3.099
-3.126,-3.133
-3.073,-2.926
-3.061,-2.853
3.09,-2.955
2.239,-3.285
2.273,-3.13
2.161,-3.284
2.164,-3.19
2.058,-3.249
1.339,1.382
0.8,1.17
0.831,1.49
0.804,1.363
0.19,1.444
-0.446,1.257
-0.47,1.309
-1.007,1.418
-1.381,1.406
-1.511,1.49
-1.66,1.348
-1.866,1.291
-1.906,1.4
-2.233,1.393
-2.555,1.416
2.981,1.314
2.62,1.385
2.456,1.297
2.008,1.211
2.001,-1.815
1.585,0.06
-0.532,-1.987
-0.709,-2.251
-0.744,0.01
-0.838,0.325
-2.055,-2.428
-2.549,-0.802
-2.962,0.574
-1.554,-3.349
-3.127,1.167
1.959,-1.451
1.957,-0.293
1.757,-2.621
1.778,-0.506
1.783,-1.691
1.765,-1.737
1.535,-1.24
1.528,0.084
1.663,-2.473
1.531,-0.757
1.48,0.652
1.466,-2.548
1.414,-2.699
1.362,-1.647
1.341,-0.393
1.472,-1.511
1.306,-2.701
1.397,-1.735
1.284,-1.14
1.175,-1.626
1.26,-1.049
1.228,0.553
1.103,-1.726
1.106,-1.296
1.201,-1.464
1.134,-1.119
0.949,-1.34
0.836,-2.728
0.822,-2.575
0.877,-2.098
0.743,-1.308
0.697,1.068
0.599,-1.125
0.505,-2.254
0.377,-0.964
0.261,-0.153
0.005,-2.092
0.029,-1.975
-0.156,-0.295
-0.013,1.094
-0.194,-2.502
-0.216,-1.063
-0.193,-0.383
-0.195,-1.111
-0.239,-1.264
-0.307,-0.062
-0.396,-1.799
-0.558,-0.266
-0.565,-0.285
-0.709,-1.286
-0.685,-0.261
-1.0,1.033
-0.852,0.033
-1.034,-0.31
-0.925,0.603
-1.047,-0.233
-1.143,0.978
-1.154,-0.839
-1.161,-2.19
-1.067,0.63
-1.23,-1.407
-1.304,-2.627
-1.181,-0.337
-1.199,-1.07
-1.188,0.025
-1.243,0.928
-1.261,1.147
-1.267,-1.179
-1.304,-2.712
-1.463,0.935
-1.499,-0.634
-1.504,-0.419
-1.597,-0.737
-1.605,-0.188
-1.504,0.738
-1.504,-0.709
-1.696,-0.746
-1.571,-0.363
-1.698,-2.176
-1.749,-1.204
-1.766,-1.478
-1.762,-2.797
-1.913,0.515
-1.937,-1.69
-1.866,-2.638
-1.982,-1.822
-1.956,-0.131
-2.1,-0.43
-2.081,1.018
-2.132,-0.1
-2.256,-2.639
-2.16,-1.572
-2.31,-2.648
-2.356,0.504
-2.389,-2.658
-2.409,-0.506
-2.292,-2.021
-2.341,0.362
-2.561,0.908
-2.614,0.067
-2.75,-1.409
-2.909,-0.989
-2.835,-0.754
-2.932,-0.067
-2.955,-0.993
3.007,-1.164
2.988,0.577
3.096,-1.912
3.048,0.492
2.818,-1.9
2.898,1.126
2.475,-0.649
2.444,-2.0
2.443,-0.868
2.545,-1.904
2.53,-1.636
2.337,-0.782
2.369,-2.32
2.218,1.068
2.302,-0.985
2.195,-1.115
2.162,-1.085
2.068,0.997
2.034,0.425
2.138,-1.176
2.107,-0.467
2.083,-0.492
1.913,-0.84
2.01,-1.692
1.869,-2.94
1.878,-2.915
1.322,-3.13
1.021,-2.839
0.894,-3.087
0.376,-3.21
0.201,-3.183
-0.401,-3.291
-0.7,-2.805
-0.921,-3.149
-0.931,-3.206
-1.059,-3.115
-1.112,-3.163
-1.123,-3.293
-1.41,-3.168
-1.498,-2.98
-1.937,-2.886
-2.512,-3.293
3.069,-2.988
2.796,-3.315
2.249,-2.993
2.17,-3.118
1.957,1.27
1.063,1.384
-0.204,1.256
-0.494,1.494
-1.445,1.406
-1.639,1.272
-1.836,1.474
-2.106,1.304
-2.269,1.327
1.015,-0.623
1.007,0.59
-0.632,-2.188
2.843,-2.203
1.501,-1.356
1.477,-1.663
-2.349,0.184
2.714,0.645
2.384,-0.046
1.697,0.497
1.004,-0.986
0.71,-1.637
-0.944,-0.152
-1.269,0.597
-1.316,-0.222
-1.263,-1.972
-1.568,-0.169
-2.775,0.478
2.697,1.01
2.294,-3.303
-1.271,1.388
0.385,1.412
0.603,0.715
-0.105,0.822
-0.02,1.411
-0.142,-0.086
-0.127,0.346
-0.084,0.445
-0.179,0.82
-0.176,1.611
-0.184,-1.037
-0.194,1.029
-0.207,1.583
-0.212,1.014
-0.308,0.403
-0.329,1.6
-0.323,0.812
-0.375,1.618
-0.447,0.515
-0.397,0.255
-0.489,-0.91
-0.525,-0.142
-0.54,1.062
-0.481,0.554
-0.508,0.911
-0.505,-0.33
-0.63,1.381
-0.578,0.88
-0.646,-1.39
-0.58,-1.716
-0.601,-1.364
-0.652,0.112
-0.765,1.248
-0.712,-1.127
-0.757,1.883
-0.875,-1.207
-0.911,-1.594
-0.854,1.364
-0.908,-0.155
-0.989,-0.889
-0.958,-1.507
-0.995,0.984
-1.056,0.211
-0.99,0.701
-1.094,-0.156
-1.074,1.879
-1.239,1.924
-1.284,-0.104
-1.37,2.03
-1.367,-1.004
-1.351,0.879
-1.451,-1.161
-1.533,0.758
-1.514,-0.163
-1.469,-1.502
-1.478,-0.323
-1.573,0.557
-1.534,-0.295
-1.549,-1.802
-1.665,1.023
-1.648,-0.013
-1.694,-1.728
-1.751,0.499
-1.754,0.49
-1.722,1.648
-1.754,0.939
-1.773,0.518
-1.779,-0.169
-1.813,0.645
-1.916,0.917
-1.946,-1.966
-1.911,0.279
-1.915,0.774
-1.93,-0.949
-2.025,1.595
-2.036,1.8
-2.05,-0.511
-2.084,0.521
-2.141,1.313
-2.1,-0.265
-2.164,0.748
-2.183,-1.02
-2.348,1.925
-2.386,-0.13
-2.322,0.426
-2.326,-1.398
-2.405,0.985
-2.421,-0.92
-2.455,0.426
-2.515,0.879
-2.507,-0.948
-2.584,1.143
-2.574,-1.243
-2.638,-0.566
-2.679,-1.401
-2.816,-1.439
-2.876,0.553
-2.919,0.783
-2.904,-0.237
-2.929,1.45
-2.924,0.839
-2.955,0.871
-2.901,0.642
-3.004,-1.515
-2.981,-0.154
-3.085,-0.018
3.051,0.556
3.076,0.923
2.99,-0.847
2.883,-1.08
2.846,0.367
2.732,-0.556
2.71,-1.886
2.516,-1.16
2.499,-1.493
2.511,-1.769
2.465,-1.139
2.233,1.952
2.226,0.121
2.201,-1.429
2.217,0.569
2.13,0.086
2.084,-1.779
2.161,1.305
2.126,-0.482
2.122,-0.904
2.023,0.734
2.068,-0.081
2.005,-1.112
2.045,-1.099
2.028,-0.612
2.017,0.531
1.941,-0.288
1.929,-0.948
1.915,-0.946
1.975,0.369
1.893,-2.138
1.872,-2.273
1.773,-2.129
1.637,-2.196
1.663,-1.987
1.551,-2.078
1.08,-1.997
1.143,-2.146
1.143,-2.083
1.069,-2.147
0.599,-2.082
-0.243,-2.022
-0.367,-2.284
-0.645,-2.262
-0.683,-2.255
-1.036,-2.123
-1.528,-2.087
-2.014,-2.093
-2.165,-2.297
-2.292,-2.3
-2.458,-2.049
-3.025,-2.258
-3.134,-2.292
-3.081,-2.085
-3.069,-2.012
3.082,-2.114
2.231,-2.444
2.265,-2.289
2.153,-2.443
2.156,-2.349
2.05,-2.408
1.331,2.223
0.792,2.011
0.823,2.331
0.796,2.204
0.182,2.285
-0.454,2.098
-0.478,2.15
-1.015,2.259
-1.389,2.247
-1.519,2.331
-1.668,2.189
-1.874,2.132
-1.914,2.241
-2.241,2.234
-2.563,2.257
2.973,2.155
2.612,2.226
2.448,2.138
2.0,2.052
1.993,-0.974
1.577,0.901
-0.54,-1.146
-0.717,-1.41
-0.752,0.851
-0.846,1.166
-2.063,-1.587
-2.557,0.039
-2.97,1.415
-1.562,-2.508
-3.135,2.008
1.951,-0.61
1.949,0.548
1.749,-1.78
1.77,0.335
1.775,-0.85
1.757,-0.896
1.527,-0.399
1.52,0.925
1.655,-1.632
1.523,0.084
1.472,1.493
1.458,-1.707
1.406,-1.858
1.354,-0.806
1.333,0.448
1.464,-0.67
1.298,-1.86
1.389,-0.894
1.276,-0.299
1.167,-0.785
1.252,-0.208
1.22,1.394
1.095,-0.885
1.098,-0.455
1.193,-0.623
1.126,-0.278
0.941,-0.499
0.828,-1.887
0.814,-1.734
0.869,-1.257
0.735,-0.467
0.689,1.909
0.591,-0.284
0.497,-1.413
0.369,-0.123
0.253,0.688
-0.003,-1.251
0.021,-1.134
-0.164,0.546
-0.021,1.935
-0.202,-1.661
-0.224,-0.222
-0.201,0.458
-0.203,-0.27
-0.247,-0.423
-0.315,0.779
-0.404,-0.958
-0.566,0.575
-0.573,0.556
-0.717,-0.445
-0.693,0.58
-1.008,1.874
-0.86,0.874
-1.042,0.531
-0.933,1.444
-1.055,0.608
-1.151,1.819
-1.162,0.002
-1.169,-1.349
-1.075,1.471
-1.238,-0.566
-1.312,-1.786
-1.189,0.504
-1.207,-0.229
-1.196,0.866
-1.251,1.769
-1.269,1.988
-1.275,-0.338
-1.312,-1.871
-1.471,1.776
-1.507,0.207
-1.512,0.422
-1.605,0.104
-1.613,0.653
-1.512,1.579
-1.512,0.132
-1.704,0.095
-1.579,0.478
-1.706,-1.335
-1.757,-0.363
-1.774,-0.637
-1.77,-1.956
-1.921,1.356
-1.945,-0.849
-1.874,-1.797
-1.99,-0.981
-1.964,0.71
-2.108,0.411
-2.089,1.859
-2.14,0.741
-2.264,-1.798
-2.168,-0.731
-2.318,-1.807
-2.364,1.345
-2.397,-1.817
-2.417,0.335
-2.3,-1.18
-2.349,1.203
-2.569,1.749
-2.622,0.908
-2.758,-0.568
-2.917,-0.148
-2.843,0.087
-2.94,0.774
-2.963,-0.152
2.999,-0.323
2.98,1.418
3.088,-1.071
3.04,1.333
2.81,-1.059
2.89,1.967
2.467,0.192
2.436,-1.159
2.435,-0.027
2.537,-1.063
2.522,-0.795
2.329,0.059
2.361,-1.479
2.21,1.909
2.294,-0.144
2.187,-0.274
2.154,-0.244
2.06,1.838
2.026,1.266
2.13,-0.335
2.099,0.374
2.075,0.349
1.905,0.001
2.002,-0.851
1.861,-2.099
1.87,-2.074
1.314,-2.289
1.013,-1.998
0.886,-2.246
0.368,-2.369
0.193,-2.342
-0.409,-2.45
-0.708,-1.964
-0.929,-2.308
-0.939,-2.365
-1.067,-2.274
-1.12,-2.322
-1.131,-2.452
-1.418,-2.327
-1.506,-2.139
-1.945,-2.045
-2.52,-2.452
3.061,-2.147
2.788,-2.474
2.241,-2.152
2.162,-2.277
1.949,2.111
1.055,2.225
-0.212,2.097
-0.502,2.335
-1.453,2.247
-1.647,2.113
-1.844,2.315
-2.114,2.145
-2.277,2.168
1.007,0.218
0.999,1.431
-0.64,-1.347
2.835,-1.362
1.493,-0.515
1.469,-0.822
-2.357,1.025
2.706,1.486
2.376,0.795
1.689,1.338
0.996,-0.145
0.702,-0.796
-0.952,0.689
-1.277,1.438
-1.324,0.619
-1.271,-1.131
-1.576,0.672
-2.783,1.319
2.689,1.851
2.286,-2.462
-1.279,2.229
0.377,2.253
0.595,1.556
0.085,0.589
-0.037,-0.908
-0.022,-0.476
0.021,-0.377
-0.074,-0.002
-0.071,0.789
-0.079,-1.859
-0.089,0.207
-0.102,0.761
-0.107,0.192
-0.203,-0.419
-0.224,0.778
-0.218,-0.01
-0.27,0.796
-0.342,-0.307
-0.292,-0.567
-0.384,-1.732
-0.42,-0.964
-0.435,0.24
-0.376,-0.268
-0.403,0.089
-0.4,-1.152
-0.525,0.559
-0.473,0.058
-0.541,-2.212
-0.475,-2.538
-0.496,-2.186
-0.547,-0.71
-0.66,0.426
-0.607,-1.949
-0.652,1.061
-0.77,-2.029
-0.806,-2.416
-0.749,0.542
-0.803,-0.977
-0.884,-1.711
-0.853,-2.329
-0.89,0.162
-0.951,-0.611
-0.885,-0.121
-0.989,-0.978
-0.969,1.057
-1.134,1.102
-1.179,-0.926
-1.265,1.208
-1.262,-1.826
-1.246,0.057
-1.346,-1.983
-1.428,-0.064
-1.409,-0.985
-1.364,-2.324
-1.373,-1.145
-1.468,-0.265
-1.429,-1.117
-1.444,-2.624
-1.56,0.201
-1.543,-0.835
-1.589,-2.55
-1.646,-0.323
-1.649,-0.332
-1.617,0.826
-1.649,0.117
-1.668,-0.304
-1.674,-0.991
-1.708,-0.177
-1.811,0.095
-1.841,-2.788
-1.806,-0.543
-1.81,-0.048
-1.825,-1.771
-1.92,0.773
-1.931,0.978
-1.945,-1.333
-1.979,-0.301
-2.036,0.491
-1.995,-1.087
-2.059,-0.074
-2.078,-1.842
-2.243,1.103
-2.281,-0.952
-2.217,-0.396
-2.221,-2.22
-2.3,0.163
-2.316,-1.742
-2.35,-0.396
-2.41,0.057
-2.402,-1.77
-2.479,0.321
-2.469,-2.065
-2.533,-1.388
-2.574,-2.223
-2.711,-2.261
-2.771,-0.269
-2.814,-0.039
-2.799,-1.059
-2.824,0.628
-2.819,0.017
-2.85,0.049
-2.796,-0.18
-2.899,-2.337
-2.876,-0.976
-2.98,-0.84
-3.127,-0.266
-3.102,0.101
3.095,-1.669
2.988,-1.902
2.951,-0.455
2.837,-1.378
2.815,-2.708
2.621,-1.982
2.604,-2.315
2.616,-2.591
2.57,-1.961
2.338,1.13
2.331,-0.701
2.306,-2.251
2.322,-0.253
2.235,-0.736
2.189,-2.601
2.266,0.483
2.231,-1.304
2.227,-1.726
2.128,-0.088
2.173,-0.903
2.11,-1.934
2.15,-1.921
2.133,-1.434
2.122,-0.291
2.046,-1.11
2.034,-1.77
2.02,-1.768
2.08,-0.453
1.998,-2.96
1.977,-3.095
1.878,-2.951
1.742,-3.018
1.768,-2.809
1.656,-2.9
1.185,-2.819
1.248,-2.968
1.248,-2.905
1.174,-2.969
0.704,-2.904
-0.138,-2.844
-0.262,-3.106
-0.54,-3.084
-0.578,-3.077
-0.931,-2.945
-1.423,-2.909
-1.909,-2.915
-2.06,-3.119
-2.187,-3.122
-2.353,-2.871
-2.92,-3.08
-3.029,-3.114
-2.976,-2.907
-2.964,-2.834
-3.096,-2.936
2.336,-3.266
2.37,-3.111
2.258,-3.265
2.261,-3.171
2.155,-3.23
1.436,1.401
0.897,1.189
0.928,1.509
0.901,1.382
0.287,1.463
-0.349,1.276
-0.373,1.328
-0.91,1.437
-1.284,1.425
-1.414,1.509
-1.563,1.367
-1.769,1.31
-1.809,1.419
-2.136,1.412
-2.458,1.435
3.078,1.333
2.717,1.404
2.553,1.316
2.105,1.23
2.098,-1.796
1.682,0.079
-0.435,-1.968
-0.612,-2.232
-0.647,0.029
-0.741,0.344
-1.958,-2.409
-2.452,-0.783
-2.865,0.593
-1.457,-3.33
-3.03,1.186
2.056,-1.432
2.054,-0.274
1.854,-2.602
1.875,-0.487
1.88,-1.672
1.862,-1.718
1.632,-1.221
1.625,0.103
1.76,-2.454
1.628,-0.738
1.577,0.671
1.563,-2.529
1.511,-2.68
1.459,-1.628
1.438,-0.374
1.569,-1.492
1.403,-2.682
1.494,-1.716
1.381,-1.121
1.272,-1.607
1.357,-1.03
1.325,0.572
1.2,-1.707
1.203,-1.277
1.298,-1.445
1.231,-1.1
1.046,-1.321
0.933,-2.709
0.919,-2.556
0.974,-2.079
0.84,-1.289
0.794,1.087
0.696,-1.106
0.602,-2.235
0.474,-0.945
0.358,-0.134
0.102,-2.073
0.126,-1.956
-0.059,-0.276
0.084,1.113
-0.097,-2.483
-0.119,-1.044
-0.096,-0.364
-0.098,-1.092
-0.142,-1.245
-0.21,-0.043
-0.299,-1.78
-0.461,-0.247
-0.468,-0.266
-0.612,-1.267
-0.588,-0.242
-0.903,1.052
-0.755,0.052
-0.937,-0.291
-0.828,0.622
-0.95,-0.214
-1.046,0.997
-1.057,-0.82
-1.064,-2.171
-0.97,0.649
-1.133,-1.388
-1.207,-2.608
-1.084,-0.318
-1.102,-1.051
-1.091,0.044
-1.146,0.947
-1.164,1.166
-1.17,-1.16
-1.207,-2.693
-1.366,0.954
-1.402,-0.615
-1.407,-0.4
-1.5,-0.718
-1.508,-0.169
-1.407,0.757
-1.407,-0.69
-1.599,-0.727
-1.474,-0.344
-1.601,-2.157
-1.652,-1.185
-1.669,-1.459
-1.665,-2.778
-1.816,0.534
-1.84,-1.671
-1.769,-2.619
-1.885,-1.803
-1.859,-0.112
-2.003,-0.411
-1.984,1.037
-2.035,-0.081
-2.159,-2.62
-2.063,-1.553
-2.213,-2.629
-2.259,0.523
-2.292,-2.639
-2.312,-0.487
-2.195,-2.002
-2.244,0.381
-2.464,0.927
-2.517,0.086
-2.653,-1.39
-2.812,-0.97
-2.738,-0.735
-2.835,-0.048
-2.858,-0.974
3.104,-1.145
3.085,0.596
-3.09,-1.893
-3.138,0.511
2.915,-1.881
2.995,1.145
2.572,-0.63
2.541,-1.981
2.54,-0.849
2.642,-1.885
2.627,-1.617
2.434,-0.763
2.466,-2.301
2.315,1.087
2.399,-0.966
2.292,-1.096
2.259,-1.066
2.165,1.016
2.131,0.444
2.235,-1.157
2.204,-0.448
2.18,-0.473
2.01,-0.821
2.107,-1.673
1.966,-2.921
1.975,-2.896
1.419,-3.111
1.118,-2.82
0.991,-3.068
0.473,-3.191
0.298,-3.164
-0.304,-3.272
-0.603,-2.786
-0.824,-3.13
-0.834,-3.187
-0.962,-3.096
-1.015,-3.144
-1.026,-3.274
-1.313,-3.149
-1.401,-2.961
-1.84,-2.867
-2.415,-3.274
-3.117,-2.969
2.893,-3.296
2.346,-2.974
2.267,-3.099
2.054,1.289
1.16,1.403
-0.107,1.275
-0.397,1.513
-1.348,1.425
-1.542,1.291
-1.739,1.493
-2.009,1.323
-2.172,1.346
1.112,-0.604
1.104,0.609
-0.535,-2.169
2.94,-2.184
1.598,-1.337
1.574,-1.644
-2.252,0.203
2.811,0.664
2.481,-0.027
1.794,0.516
1.101,-0.967
0.807,-1.618
-0.847,-0.133
-1.172,0.616
-1.219,-0.203
-1.166,-1.953
-1.471,-0.15
-2.678,0.497
2.794,1.029
2.391,-3.284
-1.174,1.407
0.482,1.431
0.7,0.734
-0.122,-1.497
-0.107,-1.065
-0.064,-0.966
-0.159,-0.591
-0.156,0.2
-0.164,-2.448
-0.174,-0.382
-0.187,0.172
-0.192,-0.397
-0.288,-1.008
-0.309,0.189
-0.303,-0.599
-0.355,0.207
-0.427,-0.896
-0.377,-1.156
-0.469,-2.321
-0.505,-1.553
-0.52,-0.349
-0.461,-0.857
-0.488,-0.5
-0.485,-1.741
-0.61,-0.03
-0.558,-0.531
-0.626,-2.801
-0.56,-3.127
-0.581,-2.775
-0.632,-1.299
-0.745,-0.163
-0.692,-2.538
-0.737,0.472
-0.855,-2.618
-0.891,-3.005
-0.834,-0.047
-0.888,-1.566
-0.969,-2.3
-0.938,-2.918
-0.975,-0.427
-1.036,-1.2
-0.97,-0.71
-1.074,-1.567
-1.054,0.468
-1.219,0.513
-1.264,-1.515
-1.35,0.619
-1.347,-2.415
-1.331,-0.532
-1.431,-2.572
-1.513,-0.653
-1.494,-1.574
-1.449,-2.913
-1.458,-1.734
-1.553,-0.854
-1.514,-1.706
-1.529,-3.213
-1.645,-0.388
-1.628,-1.424
-1.674,-3.139
-1.731,-0.912
-1.734,-0.921
-1.702,0.237
-1.734,-0.472
-1.753,-0.893
-1.759,-1.58
-1.793,-0.766
-1.896,-0.494
-1.926,-3.377
-1.891,-1.132
-1.895,-0.637
-1.91,-2.36
-2.005,0.184
-2.016,0.389
-2.03,-1.922
-2.064,-0.89
-2.121,-0.098
-2.08,-1.676
-2.144,-0.663
-2.163,-2.431
-2.328,0.514
-2.366,-1.541
-2.302,-0.985
-2.306,-2.809
-2.385,-0.426
-2.401,-2.331
-2.435,-0.985
-2.495,-0.532
-2.487,-2.359
-2.564,-0.268
-2.554,-2.654
-2.618,-1.977
-2.659,-2.812
-2.796,-2.85
-2.856,-0.858
-2.899,-0.628
-2.884,-1.648
-2.909,0.039
-2.904,-0.572
-2.935,-0.54
-2.881,-0.769
-2.984,-2.926
-2.961,-1.565
-3.065,-1.429
3.071,-0.855
3.096,-0.488
3.01,-2.258
2.903,-2.491
2.866,-1.044
2.752,-1.967
2.73,-3.297
2.536,-2.571
2.519,-2.904
2.531,-3.18
2.485,-2.55
2.253,0.541
2.246,-1.29
2.221,-2.84
2.237,-0.842
2.15,-1.325
2.104,-3.19
2.181,-0.106
2.146,-1.893
2.142,-2.315
2.043,-0.677
2.088,-1.492
2.025,-2.523
2.065,-2.51
2.048,-2.023
2.037,-0.88
1.961,-1.699
1.949,-2.359
1.935,-2.357
1.995,-1.042
1.913,-3.549
1.892,-3.684
1.793,-3.54
1.657,-3.607
1.683,-3.398
1.571,-3.489
1.1,-3.408
1.163,-3.557
1.163,-3.494
1.089,-3.558
0.619,-3.493
-0.223,-3.433
-0.347,-3.695
-0.625,-3.673
-0.663,-3.666
-1.016,-3.534
-1.508,-3.498
-1.994,-3.504
-2.145,-3.708
-2.272,-3.711
-2.438,-3.46
-3.005,-3.669
-3.114,-3.703
-3.061,-3.496
-3.049,-3.423
3.102,-3.525
2.251,-3.855
2.285,-3.7
2.173,-3.854
2.176,-3.76
2.07,-3.819
1.351,0.812
0.812,0.6
0.843,0.92
0.816,0.793
0.202,0.874
-0.434,0.687
-0.458,0.739
-0.995,0.848
-1.369,0.836
-1.499,0.92
-1.648,0.778
-1.854,0.721
-1.894,0.83
-2.221,0.823
-2.543,0.846
2.993,0.744
2.632,0.815
2.468,0.727
2.02,0.641
2.013,-2.385
1.597,-0.51
-0.52,-2.557
-0.697,-2.821
-0.732,-0.56
-0.826,-0.245
-2.043,-2.998
-2.537,-1.372
-2.95,0.004
-1.542,-3.919
-3.115,0.597
1.971,-2.021
1.969,-0.863
1.769,-3.191
1.79,-1.076
1.795,-2.261
1.777,-2.307
1.547,-1.81
1.54,-0.486
1.675,-3.043
1.543,-1.327
1.492,0.082
1.478,-3.118
1.426,-3.269
1.374,-2.217
1.353,-0.963
1.484,-2.081
1.318,-3.271
1.409,-2.305
1.296,-1.71
1.187,-2.196
1.272,-1.619
1.24,-0.017
1.115,-2.296
1.118,-1.866
1.213,-2.034
1.146,-1.689
0.961,-1.91
0.848,-3.298
0.834,-3.145
0.889,-2.668
0.755,-1.878
0.709,0.498
0.611,-1.695
0.517,-2.824
0.389,-1.534
0.273,-0.723
0.017,-2.662
0.041,-2.545
-0.144,-0.865
-0.001,0.524
-0.182,-3.072
-0.204,-1.633
-0.181,-0.953
-0.183,-1.681
-0.227,-1.834
-0.295,-0.632
-0.384,-2.369
-0.546,-0.836
-0.553,-0.855
-0.697,-1.856
-0.673,-0.831
-0.988,0.463
-0.84,-0.537
-1.022,-0.88
-0.913,0.033
-1.035,-0.803
-1.131,0.408
-1.142,-1.409
-1.149,-2.76
-1.055,0.06
-1.218,-1.977
-1.292,-3.197
-1.169,-0.907
-1.187,-1.64
-1.176,-0.545
-1.231,0.358
-1.249,0.577
-1.255,-1.749
-1.292,-3.282
-1.451,0.365
-1.487,-1.204
-1.492,-0.989
-1.585,-1.307
-1.593,-0.758
-1.492,0.168
-1.492,-1.279
-1.684,-1.316
-1.559,-0.933
-1.686,-2.746
-1.737,-1.774
-1.754,-2.048
-1.75,-3.367
-1.901,-0.055
-1.925,-2.26
-1.854,-3.208
-1.97,-2.392
-1.944,-0.701
-2.088,-1.0
-2.069,0.448
-2.12,-0.67
-2.244,-3.209
-2.148,-2.142
-2.298,-3.218
-2.344,-0.066
-2.377,-3.228
-2.397,-1.076
-2.28,-2.591
-2.329,-0.208
-2.549,0.338
-2.602,-0.503
-2.738,-1.979
-2.897,-1.559
-2.823,-1.324
-2.92,-0.637
-2.943,-1.563
3.019,-1.734
3.0,0.007
3.108,-2.482
3.06,-0.078
2.83,-2.47
2.91,0.556
2.487,-1.219
2.456,-2.57
2.455,-1.438
2.557,-2.474
2.542,-2.206
2.349,-1.352
2.381,-2.89
2.23,0.498
2.314,-1.555
2.207,-1.685
2.174,-1.655
2.08,0.427
2.046,-0.145
2.15,-1.746
2.119,-1.037
2.095,-1.062
1.925,-1.41
2.022,-2.262
1.881,-3.51
1.89,-3.485
1.334,-3.7
1.033,-3.409
0.906,-3.657
0.388,-3.78
0.213,-3.753
-0.389,-3.861
-0.688,-3.375
-0.909,-3.719
-0.919,-3.776
-1.047,-3.685
-1.1,-3.733
-1.111,-3.863
-1.398,-3.738
-1.486,-3.55
-1.925,-3.456
-2.5,-3.863
3.081,-3.558
2.808,-3.885
2.261,-3.563
2.182,-3.688
1.969,0.7
1.075,0.814
-0.192,0.686
-0.482,0.924
-1.433,0.836
-1.627,0.702
-1.824,0.904
-2.094,0.734
-2.257,0.757
1.027,-1.193
1.019,0.02
-0.62,-2.758
2.855,-2.773
1.513,-1.926
1.489,-2.233
-2.337,-0.386
2.726,0.075
2.396,-0.616
1.709,-0.073
1.016,-1.556
0.722,-2.207
-0.932,-0.722
-1.257,0.027
-1.304,-0.792
-1.251,-2.542
-1.556,-0.739
-2.763,-0.092
2.709,0.44
2.306,-3.873
-1.259,0.818
0.397,0.842
0.615,0.145
0.015,0.432
0.058,0.531
-0.037,0.906
-0.034,1.697
-0.042,-0.951
-0.052,1.115
-0.065,1.669
-0.07,1.1
-0.166,0.489
-0.187,1.686
-0.181,0.898
-0.233,1.704
-0.305,0.601
-0.255,0.341
-0.347,-0.824
-0.383,-0.056
-0.398,1.148
-0.339,0.64
-0.366,0.997
-0.363,-0.244
-0.488,1.467
-0.436,0.966
-0.504,-1.304
-0.438,-1.63
-0.459,-1.278
-0.51,0.198
-0.623,1.334
-0.57,-1.041
-0.615,1.969
-0.733,-1.121
-0.769,-1.508
-0.712,1.45
-0.766,-0.069
-0.847,-0.803
-0.816,-1.421
-0.853,1.07
-0.914,0.297
-0.848,0.787
-0.952,-0.07
-0.932,1.965
-1.097,2.01
-1.142,-0.018
-1.228,2.116
-1.225,-0.918
-1.209,0.965
-1.309,-1.075
-1.391,0.844
-1.372,-0.077
-1.327,-1.416
-1.336,-0.237
-1.431,0.643
-1.392,-0.209
-1.407,-1.716
-1.523,1.109
-1.506,0.073
-1.552,-1.642
-1.609,0.585
-1.612,0.576
-1.58,1.734
-1.612,1.025
-1.631,0.604
-1.637,-0.083
-1.671,0.731
-1.774,1.003
-1.804,-1.88
-1.769,0.365
-1.773,0.86
-1.788,-0.863
-1.883,1.681
-1.894,1.886
-1.908,-0.425
-1.942,0.607
-1.999,1.399
-1.958,-0.179
-2.022,0.834
-2.041,-0.934
-2.206,2.011
-2.244,-0.044
-2.18,0.512
-2.184,-1.312
-2.263,1.071
-2.279,-0.834
-2.313,0.512
-2.373,0.965
-2.365,-0.862
-2.442,1.229
-2.432,-1.157
-2.496,-0.48
-2.537,-1.315
-2.674,-1.353
-2.734,0.639
-2.777,0.869
-2.762,-0.151
-2.787,1.536
-2.782,0.925
-2.813,0.957
-2.759,0.728
-2.862,-1.429
-2.839,-0.068
-2.943,0.068
-3.09,0.642
-3.065,1.009
3.132,-0.761
3.025,-0.994
2.988,0.453
2.874,-0.47
2.852,-1.8
2.658,-1.074
2.641,-1.407
2.653,-1.683
2.607,-1.053
2.375,2.038
2.368,0.207
2.343,-1.343
2.359,0.655
2.272,0.172
2.226,-1.693
2.303,1.391
2.268,-0.396
2.264,-0.818
2.165,0.82
2.21,0.005
2.147,-1.026
2.187,-1.013
2.17,-0.526
2.159,0.617
2.083,-0.202
2.071,-0.862
2.057,-0.86
2.117,0.455
2.035,-2.052
2.014,-2.187
1.915,-2.043
1.779,-2.11
1.805,-1.901
1.693,-1.992
1.222,-1.911
1.285,-2.06
1.285,-1.997
1.211,-2.061
0.741,-1.996
-0.101,-1.936
-0.225,-2.198
-0.503,-2.176
-0.541,-2.169
-0.894,-2.037
-1.386,-2.001
-1.872,-2.007
-2.023,-2.211
-2.15,-2.214
-2.316,-1.963
-2.883,-2.172
-2.992,-2.206
-2.939,-1.999
-2.927,-1.926
-3.059,-2.028
2.373,-2.358
2.407,-2.203
2.295,-2.357
2.298,-2.263
2.192,-2.322
1.473,2.309
0.934,2.097
0.965,2.417
0.938,2.29
0.324,2.371
-0.312,2.184
-0.336,2.236
-0.873,2.345
-1.247,2.333
-1.377,2.417
-1.526,2.275
-1.732,2.218
-1.772,2.327
-2.099,2.32
-2.421,2.343
3.115,2.241
2.754,2.312
2.59,2.224
2.142,2.138
2.135,-0.888
1.719,0.987
-0.398,-1.06
-0.575,-1.324
-0.61,0.937
-0.704,1.252
-1.921,-1.501
-2.415,0.125
-2.828,1.501
-1.42,-2.422
-2.993,2.094
2.093,-0.524
2.091,0.634
1.891,-1.694
1.912,0.421
1.917,-0.764
1.899,-0.81
1.669,-0.313
1.662,1.011
1.797,-1.546
1.665,0.17
1.614,1.579
1.6,-1.621
1.548,-1.772
1.496,-0.72
1.475,0.534
1.606,-0.584
1.44,-1.774
1.531,-0.808
1.418,-0.213
1.309,-0.699
1.394,-0.122
1.362,1.48
1.237,-0.799
1.24,-0.369
1.335,-0.537
1.268,-0.192
1.083,-0.413
0.97,-1.801
0.956,-1.648
1.011,-1.171
0.877,-0.381
0.831,1.995
0.733,-0.198
0.639,-1.327
0.511,-0.037
0.395,0.774
0.139,-1.165
0.163,-1.048
-0.022,0.632
0.121,2.021
-0.06,-1.575
-0.082,-0.136
-0.059,0.544
-0.061,-0.184
-0.105,-0.337
-0.173,0.865
-0.262,-0.872
-0.424,0.661
-0.431,0.642
-0.575,-0.359
-0.551,0.666
-0.866,1.96
-0.718,0.96
-0.9,0.617
-0.791,1.53
-0.913,0.694
-1.009,1.905
-1.02,0.088
-1.027,-1.263
-0.933,1.557
-1.096,-0.48
-1.17,-1.7
-1.047,0.59
-1.065,-0.143
-1.054,0.952
-1.109,1.855
-1.127,2.074
-1.133,-0.252
-1.17,-1.785
-1.329,1.862
-1.365,0.293
-1.37,0.508
-1.463,0.19
-1.471,0.739
-1.37,1.665
-1.37,0.218
-1.562,0.181
-1.437,0.564
-1.564,-1.249
-1.615,-0.277
-1.632,-0.551
-1.628,-1.87
-1.779,1.442
-1.803,-0.763
-1.732,-1.711
-1.848,-0.895
-1.822,0.796
-1.966,0.497
-1.947,1.945
-1.998,0.827
-2.122,-1.712
-2.026,-0.645
-2.176,-1.721
-2.222,1.431
-2.255,-1.731
-2.275,0.421
-2.158,-1.094
-2.207,1.289
-2.427,1.835
-2.48,0.994
-2.616,-0.482
-2.775,-0.062
-2.701,0.173
-2.798,0.86
-2.821,-0.066
3.141,-0.237
3.122,1.504
-3.053,-0.985
-3.101,1.419
2.952,-0.973
3.032,2.053
2.609,0.278
2.578,-1.073
2.577,0.059
2.679,-0.977
2.664,-0.709
2.471,0.145
2.503,-1.393
2.352,1.995
2.436,-0.058
2.329,-0.188
2.296,-0.158
2.202,1.924
2.168,1.352
2.272,-0.249
2.241,0.46
2.217,0.435
2.047,0.087
2.144,-0.765
2.003,-2.013
2.012,-1.988
1.456,-2.203
1.155,-1.912
1.028,-2.16
0.51,-2.283
0.335,-2.256
-0.267,-2.364
-0.566,-1.878
-0.787,-2.222
-0.797,-2.279
-0.925,-2.188
-0.978,-2.236
-0.989,-2.366
-1.276,-2.241
-1.364,-2.053
-1.803,-1.959
-2.378,-2.366
-3.08,-2.061
2.93,-2.388
2.383,-2.066
2.304,-2.191
2.091,2.197
1.197,2.311
-0.07,2.183
-0.36,2.421
-1.311,2.333
-1.505,2.199
-1.702,2.401
-1.972,2.231
-2.135,2.254
1.149,0.304
1.141,1.517
-0.498,-1.261
2.977,-1.276
1.635,-0.429
1.611,-0.736
-2.215,1.111
2.848,1.572
2.518,0.881
1.831,1.424
1.138,-0.059
0.844,-0.71
-0.81,0.775
-1.135,1.524
-1.182,0.705
-1.129,-1.045
-1.434,0.758
-2.641,1.405
2.831,1.937
2.428,-2.376
-1.137,2.315
0.519,2.339
0.737,1.642
0.043,0.099
-0.052,0.474
-0.049,1.265
-0.057,-1.383
-0.067,0.683
-0.08,1.237
-0.085,0.668
-0.181,0.057
-0.202,1.254
-0.196,0.466
-0.248,1.272
-0.32,0.169
-0.27,-0.091
-0.362,-1.256
-0.398,-0.488
-0.413,0.716
-0.354,0.208
-0.381,0.565
-0.378,-0.676
-0.503,1.035
-0.451,0.534
-0.519,-1.736
-0.453,-2.062
-0.474,-1.71
-0.525,-0.234
-0.638,0.902
-0.585,-1.473
-0.63,1.537
-0.748,-1.553
-0.784,-1.94
-0.727,1.018
-0.781,-0.501
-0.862,-1.235
-0.831,-1.853
-0.868,0.638
-0.929,-0.135
-0.863,0.355
-0.967,-0.502
-0.947,1.533
-1.112,1.578
-1.157,-0.45
-1.243,1.684
-1.24,-1.35
-1.224,0.533
-1.324,-1.507
-1.406,0.412
-1.387,-0.509
-1.342,-1.848
-1.351,-0.669
-1.446,0.211
-1.407,-0.641
-1.422,-2.148
-1.538,0.677
-1.521,-0.359
-1.567,-2.074
-1.624,0.153
-1.627,0.144
-1.595,1.302
-1.627,0.593
-1.646,0.172
-1.652,-0.515
-1.686,0.299
-1.789,0.571
-1.819,-2.312
-1.784,-0.067
-1.788,0.428
-1.803,-1.295
-1.898,1.249
-1.909,1.454
-1.923,-0.857
-1.957,0.175
-2.014,0.967
-1.973,-0.611
-2.037,0.402
-2.056,-1.366
-2.221,1.579
-2.259,-0.476
-2.195,0.08
-2.199,-1.744
-2.278,0.639
-2.294,-1.266
-2.328,0.08
-2.388,0.533
-2.38,-1.294
-2.457,0.797
-2.447,-1.589
-2.511,-0.912
-2.552,-1.747
-2.689,-1.785
-2.749,0.207
-2.792,0.437
-2.777,-0.583
-2.802,1.104
-2.797,0.493
-2.828,0.525
-2.774,0.296
-2.877,-1.861
-2.854,-0.5
-2.958,-0.364
-3.105,0.21
-3.08,0.577
3.117,-1.193
3.01,-1.426
2.973,0.021
2.859,-0.902
2.837,-2.232
2.643,-1.506
2.626,-1.839
2.638,-2.115
2.592,-1.485
2.36,1.606
2.353,-0.225
2.328,-1.775
2.344,0.223
2.257,-0.26
2.211,-2.125
2.288,0.959
2.253,-0.828
2.249,-1.25
2.15,0.388
2.195,-0.427
2.132,-1.458
2.172,-1.445
2.155,-0.958
2.144,0.185
2.068,-0.634
2.056,-1.294
2.042,-1.292
2.102,0.023
2.02,-2.484
1.999,-2.619
1.9,-2.475
1.764,-2.542
1.79,-2.333
1.678,-2.424
1.207,-2.343
1.27,-2.492
1.27,-2.429
1.196,-2.493
0.726,-2.428
-0.116,-2.368
-0.24,-2.63
-0.518,-2.608
-0.556,-2.601
-0.909,-2.469
-1.401,-2.433
-1.887,-2.439
-2.038,-2.643
-2.165,-2.646
-2.331,-2.395
-2.898,-2.604
-3.007,-2.638
-2.954,-2.431
-2.942,-2.358
-3.074,-2.46
2.358,-2.79
2.392,-2.635
2.28,-2.789
2.283,-2.695
2.177,-2.754
1.458,1.877
0.919,1.665
0.95,1.985
0.923,1.858
0.309,1.939
-0.327,1.752
-0.351,1.804
-0.888,1.913
-1.262,1.901
-1.392,1.985
-1.541,1.843
-1.747,1.786
-1.787,1.895
-2.114,1.888
-2.436,1.911
3.1,1.809
2.739,1.88
2.575,1.792
2.127,1.706
2.12,-1.32
1.704,0.555
-0.413,-1.492
-0.59,-1.756
-0.625,0.505
-0.719,0.82
-1.936,-1.933
-2.43,-0.307
-2.843,1.069
-1.435,-2.854
-3.008,1.662
2.078,-0.956
2.076,0.202
1.876,-2.126
1.897,-0.011
1.902,-1.196
1.884,-1.242
1.654,-0.745
1.647,0.579
1.782,-1.978
1.65,-0.262
1.599,1.147
1.585,-2.053
1.533,-2.204
1.481,-1.152
1.46,0.102
1.591,-1.016
1.425,-2.206
1.516,-1.24
1.403,-0.645
1.294,-1.131
1.379,-0.554
1.347,1.048
1.222,-1.231
1.225,-0.801
1.32,-0.969
1.253,-0.624
1.068,-0.845
0.955,-2.233
0.941,-2.08
0.996,-1.603
0.862,-0.813
0.816,1.563
0.718,-0.63
0.624,-1.759
0.496,-0.469
0.38,0.342
0.124,-1.597
0.148,-1.48
-0.037,0.2
0.106,1.589
-0.075,-2.007
-0.097,-0.568
-0.074,0.112
-0.076,-0.616
-0.12,-0.769
-0.188,0.433
-0.277,-1.304
-0.439,0.229
-0.446,0.21
-0.59,-0.791
-0.566,0.234
-0.881,1.528
-0.733,0.528
-0.915,0.185
-0.806,1.098
-0.928,0.262
-1.024,1.473
-1.035,-0.344
-1.042,-1.695
-0.948,1.125
-1.111,-0.912
-1.185,-2.132
-1.062,0.158
-1.08,-0.575
-1.069,0.52
-1.124,1.423
-1.142,1.642
-1.148,-0.684
-1.185,-2.217
-1.344,1.43
-1.38,-0.139
-1.385,0.076
-1.478,-0.242
-1.486,0.307
-1.385,1.233
-1.385,-0.214
-1.577,-0.251
-1.452,0.132
-1.579,-1.681
-1.63,-0.709
-1.647,-0.983
-1.643,-2.302
-1.794,1.01
-1.818,-1.195
-1.747,-2.143
-1.863,-1.327
-1.837,0.364
-1.981,0.065
-1.962,1.513
-2.013,0.395
-2.137,-2.144
-2.041,-1.077
-2.191,-2.153
-2.237,0.999
-2.27,-2.163
-2.29,-0.011
-2.173,-1.526
-2.222,0.857
-2.442,1.403
-2.495,0.562
-2.631,-0.914
-2.79,-0.494
-2.716,-0.259
-2.813,0.428
-2.836,-0.498
3.126,-0.669
3.107,1.072
-3.068,-1.417
-3.116,0.987
2.937,-1.405
3.017,1.621
2.594,-0.154
2.563,-1.505
2.562,-0.373
2.664,-1.409
2.649,-1.141
2.456,-0.287
2.488,-1.825
2.337,1.563
2.421,-0.49
2.314,-0.62
2.281,-0.59
2.187,1.492
2.153,0.92
2.257,-0.681
2.226,0.028
2.202,0.003
2.032,-0.345
2.129,-1.197
1.988,-2.445
1.997,-2.42
1.441,-2.635
1.14,-2.344
1.013,-2.592
0.495,-2.715
0.32,-2.688
-0.282,-2.796
-0.581,-2.31
-0.802,-2.654
-0.812,-2.711
-0.94,-2.62
-0.993,-2.668
-1.004,-2.798
-1.291,-2.673
-1.379,-2.485
-1.818,-2.391
-2.393,-2.798
-3.095,-2.493
2.915,-2.82
2.368,-2.498
2.289,-2.623
2.076,1.765
1.182,1.879
-0.085,1.751
-0.375,1.989
-1.326,1.901
-1.52,1.767
-1.717,1.969
-1.987,1.799
-2.15,1.822
1.134,-0.128
1.126,1.085
-0.513,-1.693
2.962,-1.708
1.62,-0.861
1.596,-1.168
-2.23,0.679
2.833,1.14
2.503,0.449
1.816,0.992
1.123,-0.491
0.829,-1.142
-0.825,0.343
-1.15,1.092
-1.197,0.273
-1.144,-1.477
-1.449,0.326
-2.656,0.973
2.816,1.505
2.413,-2.808
-1.152,1.883
0.504,1.907
0.722,1.21
-0.095,0.375
-0.092,1.166
-0.1,-1.482
-0.11,0.584
-0.123,1.138
-0.128,0.569
-0.224,-0.042
-0.245,1.155
-0.239,0.367
-0.291,1.173
-0.363,0.07
-0.313,-0.19
-0.405,-1.355
-0.441,-0.587
-0.456,0.617
-0.397,0.109
-0.424,0.466
-0.421,-0.775
-0.546,0.936
-0.494,0.435
-0.562,-1.835
-0.496,-2.161
-0.517,-1.809
-0.568,-0.333
-0.681,0.803
-0.628,-1.572
-0.673,1.438
-0.791,-1.652
-0.827,-2.039
-0.77,0.919
-0.824,-0.6
-0.905,-1.334
-0.874,-1.952
-0.911,0.539
-0.972,-0.234
-0.906,0.256
-1.01,-0.601
-0.99,1.434
-1.155,1.479
-1.2,-0.549
-1.286,1.585
-1.283,-1.449
-1.267,0.434
-1.367,-1.606
-1.449,0.313
-1.43,-0.608
-1.385,-1.947
-1.394,-0.768
-1.489,0.112
-1.45,-0.74
-1.465,-2.247
-1.581,0.578
-1.564,-0.458
-1.61,-2.173
-1.667,0.054
-1.67,0.045
-1.638,1.203
-1.67,0.494
-1.689,0.073
-1.695,-0.614
-1.729,0.2
-1.832,0.472
-1.862,-2.411
-1.827,-0.166
-1.831,0.329
-1.846,-1.394
-1.941,1.15
-1.952,1.355
-1.966,-0.956
-2.0,0.076
-2.057,0.868
-2.016,-0.71
-2.08,0.303
-2.099,-1.465
-2.264,1.48
-2.302,-0.575
-2.238,-0.019
-2.242,-1.843
-2.321,0.54
-2.337,-1.365
-2.371,-0.019
-2.431,0.434
-2.423,-1.393
-2.5,0.698
-2.49,-1.688
-2.554,-1.011
-2.595,-1.846
-2.732,-1.884
-2.792,0.108
-2.835,0.338
-2.82,-0.682
-2.845,1.005
-2.84,0.394
-2.871,0.426
-2.817,0.197
-2.92,-1.96
-2.897,-0.599
-3.001,-0.463
3.135,0.111
-3.123,0.478
3.074,-1.292
2.967,-1.525
2.93,-0.078
2.816,-1.001
2.794,-2.331
2.6,-1.605
2.583,-1.938
2.595,-2.214
2.549,-1.584
2.317,1.507
2.31,-0.324
2.285,-1.874
2.301,0.124
2.214,-0.359
2.168,-2.224
2.245,0.86
2.21,-0.927
2.206,-1.349
2.107,0.289
2.152,-0.526
2.089,-1.557
2.129,-1.544
2.112,-1.057
2.101,0.086
2.025,-0.733
2.013,-1.393
1.999,-1.391
2.059,-0.076
1.977,-2.583
1.956,-2.718
1.857,-2.574
1.721,-2.641
1.747,-2.432
1.635,-2.523
1.164,-2.442
1.227,-2.591
1.227,-2.528
1.153,-2.592
0.683,-2.527
-0.159,-2.467
-0.283,-2.729
-0.561,-2.707
-0.599,-2.7
-0.952,-2.568
-1.444,-2.532
-1.93,-2.538
-2.081,-2.742
-2.208,-2.745
-2.374,-2.494
-2.941,-2.703
-3.05,-2.737
-2.997,-2.53
-2.985,-2.457
-3.117,-2.559
2.315,-2.889
2.349,-2.734
2.237,-2.888
2.24,-2.794
2.134,-2.853
1.415,1.778
0.876,1.566
0.907,1.886
0.88,1.759
0.266,1.84
-0.37,1.653
-0.394,1.705
-0.931,1.814
-1.305,1.802
-1.435,1.886
-1.584,1.744
-1.79,1.687
-1.83,1.796
-2.157,1.789
-2.479,1.812
3.057,1.71
2.696,1.781
2.532,1.693
2.084,1.607
2.077,-1.419
1.661,0.456
-0.456,-1.591
-0.633,-1.855
-0.668,0.406
-0.762,0.721
-1.979,-2.032
-2.473,-0.406
-2.886,0.97
-1.478,-2.953
-3.051,1.563
2.035,-1.055
2.033,0.103
1.833,-2.225
1.854,-0.11
1.859,-1.295
1.841,-1.341
1.611,-0.844
1.604,0.48
1.739,-2.077
1.607,-0.361
1.556,1.048
1.542,-2.152
1.49,-2.303
1.438,-1.251
1.417,0.003
1.548,-1.115
1.382,-2.305
1.473,-1.339
1.36,-0.744
1.251,-1.23
1.336,-0.653
1.304,0.949
1.179,-1.33
1.182,-0.9
1.277,-1.068
1.21,-0.723
1.025,-0.944
0.912,-2.332
0.898,-2.179
0.953,-1.702
0.819,-0.912
0.773,1.464
0.675,-0.729
0.581,-1.858
0.453,-0.568
0.337,0.243
0.081,-1.696
0.105,-1.579
-0.08,0.101
0.063,1.49
-0.118,-2.106
-0.14,-0.667
-0.117,0.013
-0.119,-0.715
-0.163,-0.868
-0.231,0.334
-0.32,-1.403
-0.482,0.13
-0.489,0.111
-0.633,-0.89
-0.609,0.135
-0.924,1.429
-0.776,0.429
-0.958,0.086
-0.849,0.999
-0.971,0.163
-1.067,1.374
-1.078,-0.443
-1.085,-1.794
-0.991,1.026
-1.154,-1.011
-1.228,-2.231
-1.105,0.059
-1.123,-0.674
-1.112,0.421
-1.167,1.324
-1.185,1.543
-1.191,-0.783
-1.228,-2.316
-1.387,1.331
-1.423,-0.238
-1.428,-0.023
-1.521,-0.341
-1.529,0.208
-1.428,1.134
-1.428,-0.313
-1.62,-0.35
-1.495,0.033
-1.622,-1.78
-1.673,-0.808
-1.69,-1.082
-1.686,-2.401
-1.837,0.911
-1.861,-1.294
-1.79,-2.242
-1.906,-1.426
-1.88,0.265
-2.024,-0.034
-2.005,1.414
-2.056,0.296
-2.18,-2.243
-2.084,-1.176
-2.234,-2.252
-2.28,0.9
-2.313,-2.262
-2.333,-0.11
-2.216,-1.625
-2.265,0.758
-2.485,1.304
-2.538,0.463
-2.674,-1.013
-2.833,-0.593
-2.759,-0.358
-2.856,0.329
-2.879,-0.597
3.083,-0.768
3.064,0.973
-3.111,-1.516
3.124,0.888
2.894,-1.504
2.974,1.522
2.551,-0.253
2.52,-1.604
2.519,-0.472
2.621,-1.508
2.606,-1.24
2.413,-0.386
2.445,-1.924
2.294,1.464
2.378,-0.589
2.271,-0.719
2.238,-0.689
2.144,1.393
2.11,0.821
2.214,-0.78
2.183,-0.071
2.159,-0.096
1.989,-0.444
2.086,-1.296
1.945,-2.544
1.954,-2.519
1.398,-2.734
1.097,-2.443
0.97,-2.691
0.452,-2.814
0.277,-2.787
-0.325,-2.895
-0.624,-2.409
-0.845,-2.753
-0.855,-2.81
-0.983,-2.719
-1.036,-2.767
-1.047,-2.897
-1.334,-2.772
-1.422,-2.584
-1.861,-2.49
-2.436,-2.897
-3.138,-2.592
2.872,-2.919
2.325,-2.597
2.246,-2.722
2.033,1.666
1.139,1.78
-0.128,1.652
-0.418,1.89
-1.369,1.802
-1.563,1.668
-1.76,1.87
-2.03,1.7
-2.193,1.723
1.091,-0.227
1.083,0.986
-0.556,-1.792
2.919,-1.807
1.577,-0.96
1.553,-1.267
-2.273,0.58
2.79,1.041
2.46,0.35
1.773,0.893
1.08,-0.59
0.786,-1.241
-0.868,0.244
-1.193,0.993
-1.24,0.174
-1.187,-1.576
-1.492,0.227
-2.699,0.874
2.773,1.406
2.37,-2.907
-1.195,1.784
0.461,1.808
0.679,1.111
0.003,0.791
-0.005,-1.857
-0.015,0.209
-0.028,0.763
-0.033,0.194
-0.129,-0.417
-0.15,0.78
-0.144,-0.008
-0.196,0.798
-0.268,-0.305
-0.218,-0.565
-0.31,-1.73
-0.346,-0.962
-0.361,0.242
-0.302,-0.266
-0.329,0.091
-0.326,-1.15
-0.451,0.561
-0.399,0.06
-0.467,-2.21
-0.401,-2.536
-0.422,-2.184
-0.473,-0.708
-0.586,0.428
-0.533,-1.947
-0.578,1.063
-0.696,-2.027
-0.732,-2.414
-0.675,0.544
-0.729,-0.975
-0.81,-1.709
-0.779,-2.327
-0.816,0.164
-0.877,-0.609
-0.811,-0.119
-0.915,-0.976
-0.895,1.059
-1.06,1.104
-1.105,-0.924
-1.191,1.21
-1.188,-1.824
-1.172,0.059
-1.272,-1.981
-1.354,-0.062
-1.335,-0.983
-1.29,-2.322
-1.299,-1.143
-1.394,-0.263
-1.355,-1.115
-1.37,-2.622
-1.486,0.203
-1.469,-0.833
-1.515,-2.548
-1.572,-0.321
-1.575,-0.33
-1.543,0.828
-1.575,0.119
-1.594,-0.302
-1.6,-0.989
-1.634,-0.175
-1.737,0.097
-1.767,-2.786
-1.732,-0.541
-1.736,-0.046
-1.751,-1.769
-1.846,0.775
-1.857,0.98
-1.871,-1.331
-1.905,-0.299
-1.962,0.493
-1.921,-1.085
-1.985,-0.072
-2.004,-1.84
-2.169,1.105
-2.207,-0.95
-2.143,-0.394
-2.147,-2.218
-2.226,0.165
-2.242,-1.74
-2.276,-0.394
-2.336,0.059
-2.328,-1.768
-2.405,0.323
-2.395,-2.063
-2.459,-1.386
-2.5,-2.221
-2.637,-2.259
-2.697,-0.267
-2.74,-0.037
-2.725,-1.057
-2.75,0.63
-2.745,0.019
-2.776,0.051
-2.722,-0.178
-2.825,-2.335
-2.802,-0.974
-2.906,-0.838
-3.053,-0.264
-3.028,0.103
-3.114,-1.667
3.062,-1.9
3.025,-0.453
2.911,-1.376
2.889,-2.706
2.695,-1.98
2.678,-2.313
2.69,-2.589
2.644,-1.959
2.412,1.132
2.405,-0.699
2.38,-2.249
2.396,-0.251
2.309,-0.734
2.263,-2.599
2.34,0.485
2.305,-1.302
2.301,-1.724
2.202,-0.086
2.247,-0.901
2.184,-1.932
2.224,-1.919
2.207,-1.432
2.196,-0.289
2.12,-1.108
2.108,-1.768
2.094,-1.766
2.154,-0.451
2.072,-2.958
2.051,-3.093
1.952,-2.949
1.816,-3.016
1.842,-2.807
1.73,-2.898
1.259,-2.817
1.322,-2.966
1.322,-2.903
1.248,-2.967
0.778,-2.902
-0.064,-2.842
-0.188,-3.104
-0.466,-3.082
-0.504,-3.075
-0.857,-2.943
-1.349,-2.907
-1.835,-2.913
-1.986,-3.117
-2.113,-3.12
-2.279,-2.869
-2.846,-3.078
-2.955,-3.112
-2.902,-2.905
-2.89,-2.832
-3.022,-2.934
2.41,-3.264
2.444,-3.109
2.332,-3.263
2.335,-3.169
2.229,-3.228
1.51,1.403
0.971,1.191
1.002,1.511
0.975,1.384
0.361,1.465
-0.275,1.278
-0.299,1.33
-0.836,1.439
-1.21,1.427
-1.34,1.511
-1.489,1.369
-1.695,1.312
-1.735,1.421
-2.062,1.414
-2.384,1.437
-3.131,1.335
2.791,1.406
2.627,1.318
2.179,1.232
2.172,-1.794
1.756,0.081
-0.361,-1.966
-0.538,-2.23
-0.573,0.031
-0.667,0.346
-1.884,-2.407
-2.378,-0.781
-2.791,0.595
-1.383,-3.328
-2.956,1.188
2.13,-1.43
2.128,-0.272
1.928,-2.6
1.949,-0.485
1.954,-1.67
1.936,-1.716
1.706,-1.219
1.699,0.105
1.834,-2.452
1.702,-0.736
1.651,0.673
1.637,-2.527
1.585,-2.678
1.533,-1.626
1.512,-0.372
1.643,-1.49
1.477,-2.68
1.568,-1.714
1.455,-1.119
1.346,-1.605
1.431,-1.028
1.399,0.574
1.274,-1.705
1.277,-1.275
1.372,-1.443
1.305,-1.098
1.12,-1.319
1.007,-2.707
0.993,-2.554
1.048,-2.077
0.914,-1.287
0.868,1.089
0.77,-1.104
0.676,-2.233
0.548,-0.943
0.432,-0.132
0.176,-2.071
0.2,-1.954
0.015,-0.274
0.158,1.115
-0.023,-2.481
-0.045,-1.042
-0.022,-0.362
-0.024,-1.09
-0.068,-1.243
-0.136,-0.041
-0.225,-1.778
-0.387,-0.245
-0.394,-0.264
-0.538,-1.265
-0.514,-0.24
-0.829,1.054
-0.681,0.054
-0.863,-0.289
-0.754,0.624
-0.876,-0.212
-0.972,0.999
-0.983,-0.818
-0.99,-2.169
-0.896,0.651
-1.059,-1.386
-1.133,-2.606
-1.01,-0.316
-1.028,-1.049
-1.017,0.046
-1.072,0.949
-1.09,1.168
-1.096,-1.158
-1.133,-2.691
-1.292,0.956
-1.328,-0.613
-1.333,-0.398
-1.426,-0.716
-1.434,-0.167
-1.333,0.759
-1.333,-0.688
-1.525,-0.725
-1.4,-0.342
-1.527,-2.155
-1.578,-1.183
-1.595,-1.457
-1.591,-2.776
-1.742,0.536
-1.766,-1.669
-1.695,-2.617
-1.811,-1.801
-1.785,-0.11
-1.929,-0.409
-1.91,1.039
-1.961,-0.079
-2.085,-2.618
-1.989,-1.551
-2.139,-2.627
-2.185,0.525
-2.218,-2.637
-2.238,-0.485
-2.121,-2.0
-2.17,0.383
-2.39,0.929
-2.443,0.088
-2.579,-1.388
-2.738,-0.968
-2.664,-0.733
-2.761,-0.046
-2.784,-0.972
-3.105,-1.143
-3.124,0.598
-3.016,-1.891
-3.064,0.513
2.989,-1.879
3.069,1.147
2.646,-0.628
2.615,-1.979
2.614,-0.847
2.716,-1.883
2.701,-1.615
2.508,-0.761
2.54,-2.299
2.389,1.089
2.473,-0.964
2.366,-1.094
2.333,-1.064
2.239,1.018
2.205,0.446
2.309,-1.155
2.278,-0.446
2.254,-0.471
2.084,-0.819
2.181,-1.671
2.04,-2.919
2.049,-2.894
1.493,-3.109
1.192,-2.818
1.065,-3.066
0.547,-3.189
0.372,-3.162
-0.23,-3.27
-0.529,-2.784
-0.75,-3.128
-0.76,-3.185
-0.888,-3.094
-0.941,-3.142
-0.952,-3.272
-1.239,-3.147
-1.327,-2.959
-1.766,-2.865
-2.341,-3.272
-3.043,-2.967
2.967,-3.294
2.42,-2.972
2.341,-3.097
2.128,1.291
1.234,1.405
-0.033,1.277
-0.323,1.515
-1.274,1.427
-1.468,1.293
-1.665,1.495
-1.935,1.325
-2.098,1.348
1.186,-0.602
1.178,0.611
-0.461,-2.167
3.014,-2.182
1.672,-1.335
1.648,-1.642
-2.178,0.205
2.885,0.666
2.555,-0.025
1.868,0.518
1.175,-0.965
0.881,-1.616
-0.773,-0.131
-1.098,0.618
-1.145,-0.201
-1.092,-1.951
-1.397,-0.148
-2.604,0.499
2.868,1.031
2.465,-3.282
-1.1,1.409
0.556,1.433
0.774,0.736
-0.008,-2.648
-0.018,-0.582
-0.031,-0.028
-0.036,-0.597
-0.132,-1.208
-0.153,-0.011
-0.147,-0.799
-0.199,0.007
-0.271,-1.096
-0.221,-1.356
-0.313,-2.521
-0.349,-1.753
-0.364,-0.549
-0.305,-1.057
-0.332,-0.7
-0.329,-1.941
-0.454,-0.23
-0.402,-0.731
-0.47,-3.001
-0.404,-3.327
-0.425,-2.975
-0.476,-1.499
-0.589,-0.363
-0.536,-2.738
-0.581,0.272
-0.699,-2.818
-0.735,-3.205
-0.678,-0.247
-0.732,-1.766
-0.813,-2.5
-0.782,-3.118
-0.819,-0.627
-0.88,-1.4
-0.814,-0.91
-0.918,-1.767
-0.898,0.268
-1.063,0.313
-1.108,-1.715
-1.194,0.419
-1.191,-2.615
-1.175,-0.732
-1.275,-2.772
-1.357,-0.853
-1.338,-1.774
-1.293,-3.113
-1.302,-1.934
-1.397,-1.054
-1.358,-1.906
-1.373,-3.413
-1.489,-0.588
-1.472,-1.624
-1.518,-3.339
-1.575,-1.112
-1.578,-1.121
-1.546,0.037
-1.578,-0.672
-1.597,-1.093
-1.603,-1.78
-1.637,-0.966
-1.74,-0.694
-1.77,-3.577
-1.735,-1.332
-1.739,-0.837
-1.754,-2.56
-1.849,-0.016
-1.86,0.189
-1.874,-2.122
-1.908,-1.09
-1.965,-0.298
-1.924,-1.876
-1.988,-0.863
-2.007,-2.631
-2.172,0.314
-2.21,-1.741
-2.146,-1.185
-2.15,-3.009
-2.229,-0.626
-2.245,-2.531
-2.279,-1.185
-2.339,-0.732
-2.331,-2.559
-2.408,-0.468
-2.398,-2.854
-2.462,-2.177
-2.503,-3.012
-2.64,-3.05
-2.7,-1.058
-2.743,-0.828
-2.728,-1.848
-2.753,-0.161
-2.748,-0.772
-2.779,-0.74
-2.725,-0.969
-2.828,-3.126
-2.805,-1.765
-2.909,-1.629
-3.056,-1.055
-3.031,-0.688
-3.117,-2.458
3.059,-2.691
3.022,-1.244
2.908,-2.167
2.886,-3.497
2.692,-2.771
2.675,-3.104
2.687,-3.38
2.641,-2.75
2.409,0.341
2.402,-1.49
2.377,-3.04
2.393,-1.042
2.306,-1.525
2.26,-3.39
2.337,-0.306
2.302,-2.093
2.298,-2.515
2.199,-0.877
2.244,-1.692
2.181,-2.723
2.221,-2.71
2.204,-2.223
2.193,-1.08
2.117,-1.899
2.105,-2.559
2.091,-2.557
2.151,-1.242
2.069,-3.749
2.048,-3.884
1.949,-3.74
1.813,-3.807
1.839,-3.598
1.727,-3.689
1.256,-3.608
1.319,-3.757
1.319,-3.694
1.245,-3.758
0.775,-3.693
-0.067,-3.633
-0.191,-3.895
-0.469,-3.873
-0.507,-3.866
-0.86,-3.734
-1.352,-3.698
-1.838,-3.704
-1.989,-3.908
-2.116,-3.911
-2.282,-3.66
-2.849,-3.869
-2.958,-3.903
-2.905,-3.696
-2.893,-3.623
-3.025,-3.725
2.407,-4.055
2.441,-3.9
2.329,-4.054
2.332,-3.96
2.226,-4.019
1.507,0.612
0.968,0.4
0.999,0.72
0.972,0.593
0.358,0.674
-0.278,0.487
-0.302,0.539
-0.839,0.648
-1.213,0.636
-1.343,0.72
-1.492,0.578
-1.698,0.521
-1.738,0.63
-2.065,0.623
-2.387,0.646
-3.134,0.544
2.788,0.615
2.624,0.527
2.176,0.441
2.169,-2.585
1.753,-0.71
-0.364,-2.757
-0.541,-3.021
-0.576,-0.76
-0.67,-0.445
-1.887,-3.198
-2.381,-1.572
-2.794,-0.196
-1.386,-4.119
-2.959,0.397
2.127,-2.221
2.125,-1.063
1.925,-3.391
1.946,-1.276
1.951,-2.461
1.933,-2.507
1.703,-2.01
1.696,-0.686
1.831,-3.243
1.699,-1.527
1.648,-0.118
1.634,-3.318
1.582,-3.469
1.53,-2.417
1.509,-1.163
1.64,-2.281
1.474,-3.471
1.565,-2.505
1.452,-1.91
1.343,-2.396
1.428,-1.819
1.396,-0.217
1.271,-2.496
1.274,-2.066
1.369,-2.234
1.302,-1.889
1.117,-2.11
1.004,-3.498
0.99,-3.345
1.045,-2.868
0.911,-2.078
0.865,0.298
0.767,-1.895
0.673,-3.024
0.545,-1.734
0.429,-0.923
0.173,-2.862
0.197,-2.745
0.012,-1.065
0.155,0.324
-0.026,-3.272
-0.048,-1.833
-0.025,-1.153
-0.027,-1.881
-0.071,-2.034
-0.139,-0.832
-0.228,-2.569
-0.39,-1.036
-0.397,-1.055
-0.541,-2.056
-0.517,-1.031
-0.832,0.263
-0.684,-0.737
-0.866,-1.08
-0.757,-0.167
-0.879,-1.003
-0.975,0.208
-0.986,-1.609
-0.993,-2.96
-0.899,-0.14
-1.062,-2.177
-1.136,-3.397
-1.013,-1.107
-1.031,-1.84
-1.02,-0.745
-1.075,0.158
-1.093,0.377
-1.099,-1.949
-1.136,-3.482
-1.295,0.165
-1.331,-1.404
-1.336,-1.189
-1.429,-1.507
-1.437,-0.958
-1.336,-0.032
-1.336,-1.479
-1.528,-1.516
-1.403,-1.133
-1.53,-2.946
-1.581,-1.974
-1.598,-2.248
-1.594,-3.567
-1.745,-0.255
-1.769,-2.46
-1.698,-3.408
-1.814,-2.592
-1.788,-0.901
-1.932,-1.2
-1.913,0.248
-1.964,-0.87
-2.088,-3.409
-1.992,-2.342
-2.142,-3.418
-2.188,-0.266
-2.221,-3.428
-2.241,-1.276
-2.124,-2.791
-2.173,-0.408
-2.393,0.138
-2.446,-0.703
-2.582,-2.179
-2.741,-1.759
-2.667,-1.524
-2.764,-0.837
-2.787,-1.763
-3.108,-1.934
-3.127,-0.193
-3.019,-2.682
-3.067,-0.278
2.986,-2.67
3.066,0.356
2.643,-1.419
2.612,-2.77
2.611,-1.638
2.713,-2.674
2.698,-2.406
2.505,-1.552
2.537,-3.09
2.386,0.298
2.47,-1.755
2.363,-1.885
2.33,-1.855
2.236,0.227
2.202,-0.345
2.306,-1.946
2.275,-1.237
2.251,-1.262
2.081,-1.61
2.178,-2.462
2.037,-3.71
2.046,-3.685
1.49,-3.9
1.189,-3.609
1.062,-3.857
0.544,-3.98
0.369,-3.953
-0.233,-4.061
-0.532,-3.575
-0.753,-3.919
-0.763,-3.976
-0.891,-3.885
-0.944,-3.933
-0.955,-4.063
-1.242,-3.938
-1.33,-3.75
-1.769,-3.656
-2.344,-4.063
-3.046,-3.758
2.964,-4.085
2.417,-3.763
2.338,-3.888
2.125,0.5
1.231,0.614
-0.036,0.486
-0.326,0.724
-1.277,0.636
-1.471,0.502
-1.668,0.704
-1.938,0.534
-2.101,0.557
1.183,-1.393
1.175,-0.18
-0.464,-2.958
3.011,-2.973
1.669,-2.126
1.645,-2.433
-2.181,-0.586
2.882,-0.125
2.552,-0.816
1.865,-0.273
1.172,-1.756
0.878,-2.407
-0.776,-0.922
-1.101,-0.173
-1.148,-0.992
-1.095,-2.742
-1.4,-0.939
-2.607,-0.292
2.865,0.24
2.462,-4.073
-1.103,0.618
0.553,0.642
0.771,-0.055
-0.01,2.066
-0.023,2.62
-0.028,2.051
-0.124,1.44
-0.145,2.637
-0.139,1.849
-0.191,2.655
-0.263,1.552
-0.213,1.292
-0.305,0.127
-0.341,0.895
-0.356,2.099
-0.297,1.591
-0.324,1.948
-0.321,0.707
-0.446,2.418
-0.394,1.917
-0.462,-0.353
-0.396,-0.679
-0.417,-0.327
-0.468,1.149
-0.581,2.285
-0.528,-0.09
-0.573,2.92
-0.691,-0.17
-0.727,-0.557
-0.67,2.401
-0.724,0.882
-0.805,0.148
-0.774,-0.47
-0.811,2.021
-0.872,1.248
-0.806,1.738
-0.91,0.881
-0.89,2.916
-1.055,2.961
-1.1,0.933
-1.186,3.067
-1.183,0.033
-1.167,1.916
-1.267,-0.124
-1.349,1.795
-1.33,0.874
-1.285,-0.465
-1.294,0.714
-1.389,1.594
-1.35,0.742
-1.365,-0.765
-1.481,2.06
-1.464,1.024
-1.51,-0.691
-1.567,1.536
-1.57,1.527
-1.538,2.685
-1.57,1.976
-1.589,1.555
-1.595,0.868
-1.629,1.682
-1.732,1.954
-1.762,-0.929
-1.727,1.316
-1.731,1.811
-1.746,0.088
-1.841,2.632
-1.852,2.837
-1.866,0.526
-1.9,1.558
-1.957,2.35
-1.916,0.772
-1.98,1.785
-1.999,0.017
-2.164,2.962
-2.202,0.907
-2.138,1.463
-2.142,-0.361
-2.221,2.022
-2.237,0.117
-2.271,1.463
-2.331,1.916
-2.323,0.089
-2.4,2.18
-2.39,-0.206
-2.454,0.471
-2.495,-0.364
-2.632,-0.402
-2.692,1.59
-2.735,1.82
-2.72,0.8
-2.745,2.487
-2.74,1.876
-2.771,1.908
-2.717,1.679
-2.82,-0.478
-2.797,0.883
-2.901,1.019
-3.048,1.593
-3.023,1.96
-3.109,0.19
3.067,-0.043
3.03,1.404
2.916,0.481
2.894,-0.849
2.7,-0.123
2.683,-0.456
2.695,-0.732
2.649,-0.102
2.417,2.989
2.41,1.158
2.385,-0.392
2.401,1.606
2.314,1.123
2.268,-0.742
2.345,2.342
2.31,0.555
2.306,0.133
2.207,1.771
2.252,0.956
2.189,-0.075
2.229,-0.062
2.212,0.425
2.201,1.568
2.125,0.749
2.113,0.089
2.099,0.091
2.159,1.406
2.077,-1.101
2.056,-1.236
1.957,-1.092
1.821,-1.159
1.847,-0.95
1.735,-1.041
1.264,-0.96
1.327,-1.109
1.327,-1.046
1.253,-1.11
0.783,-1.045
-0.059,-0.985
-0.183,-1.247
-0.461,-1.225
-0.499,-1.218
-0.852,-1.086
-1.344,-1.05
-1.83,-1.056
-1.981,-1.26
-2.108,-1.263
-2.274,-1.012
-2.841,-1.221
-2.95,-1.255
-2.897,-1.048
-2.885,-0.975
-3.017,-1.077
2.415,-1.407
2.449,-1.252
2.337,-1.406
2.34,-1.312
2.234,-1.371
1.515,3.26
0.976,3.048
1.007,3.368
0.98,3.241
0.366,3.322
-0.27,3.135
-0.294,3.187
-0.831,3.296
-1.205,3.284
-1.335,3.368
-1.484,3.226
-1.69,3.169
-1.73,3.278
-2.057,3.271
-2.379,3.294
-3.126,3.192
2.796,3.263
2.632,3.175
2.184,3.089
2.177,0.063
1.761,1.938
-0.356,-0.109
-0.533,-0.373
-0.568,1.888
-0.662,2.203
-1.879,-0.55
-2.373,1.076
-2.786,2.452
-1.378,-1.471
-2.951,3.045
2.135,0.427
2.133,1.585
1.933,-0.743
1.954,1.372
1.959,0.187
1.941,0.141
1.711,0.638
1.704,1.962
1.839,-0.595
1.707,1.121
1.656,2.53
1.642,-0.67
1.59,-0.821
1.538,0.231
1.517,1.485
1.648,0.367
1.482,-0.823
1.573,0.143
1.46,0.738
1.351,0.252
1.436,0.829
1.404,2.431
1.279,0.152
1.282,0.582
1.377,0.414
1.31,0.759
1.125,0.538
1.012,-0.85
0.998,-0.697
1.053,-0.22
0.919,0.57
0.873,2.946
0.775,0.753
0.681,-0.376
0.553,0.914
0.437,1.725
0.181,-0.214
0.205,-0.097
0.02,1.583
0.163,2.972
-0.018,-0.624
-0.04,0.815
-0.017,1.495
-0.019,0.767
-0.063,0.614
-0.131,1.816
-0.22,0.079
-0.382,1.612
-0.389,1.593
-0.533,0.592
-0.509,1.617
-0.824,2.911
-0.676,1.911
-0.858,1.568
-0.749,2.481
-0.871,1.645
-0.967,2.856
-0.978,1.039
-0.985,-0.312
-0.891,2.508
-1.054,0.471
-1.128,-0.749
-1.005,1.541
-1.023,0.808
-1.012,1.903
-1.067,2.806
-1.085,3.025
-1.091,0.699
-1.128,-0.834
-1.287,2.813
-1.323,1.244
-1.328,1.459
-1.421,1.141
-1.429,1.69
-1.328,2.616
-1.328,1.169
-1.52,1.132
-1.395,1.515
-1.522,-0.298
-1.573,0.674
-1.59,0.4
-1.586,-0.919
-1.737,2.393
-1.761,0.188
-1.69,-0.76
-1.806,0.056
-1.78,1.747
-1.924,1.448
-1.905,2.896
-1.956,1.778
-2.08,-0.761
-1.984,0.306
-2.134,-0.77
-2.18,2.382
-2.213,-0.78
-2.233,1.372
-2.116,-0.143
-2.165,2.24
-2.385,2.786
-2.438,1.945
-2.574,0.469
-2.733,0.889
-2.659,1.124
-2.756,1.811
-2.779,0.885
-3.1,0.714
-3.119,2.455
-3.011,-0.034
-3.059,2.37
2.994,-0.022
3.074,3.004
2.651,1.229
2.62,-0.122
2.619,1.01
2.721,-0.026
2.706,0.242
2.513,1.096
2.545,-0.442
2.394,2.946
2.478,0.893
2.371,0.763
2.338,0.793
2.244,2.875
2.21,2.303
2.314,0.702
2.283,1.411
2.259,1.386
2.089,1.038
2.186,0.186
2.045,-1.062
2.054,-1.037
1.498,-1.252
1.197,-0.961
1.07,-1.209
0.552,-1.332
0.377,-1.305
-0.225,-1.413
-0.524,-0.927
-0.745,-1.271
-0.755,-1.328
-0.883,-1.237
-0.936,-1.285
-0.947,-1.415
-1.234,-1.29
-1.322,-1.102
-1.761,-1.008
-2.336,-1.415
-3.038,-1.11
2.972,-1.437
2.425,-1.115
2.346,-1.24
2.133,3.148
1.239,3.262
-0.028,3.134
-0.318,3.372
-1.269,3.284
-1.463,3.15
-1.66,3.352
-1.93,3.182
-2.093,3.205
1.191,1.255
1.183,2.468
-0.456,-0.31
3.019,-0.325
1.677,0.522
1.653,0.215
-2.173,2.062
2.89,2.523
2.56,1.832
1.873,2.375
1.18,0.892
0.886,0.241
-0.768,1.726
-1.093,2.475
-1.14,1.656
-1.087,-0.094
-1.392,1.709
-2.599,2.356
2.873,2.888
2.47,-1.425
-1.095,3.266
0.561,3.29
0.779,2.593
-0.013,0.554
-0.018,-0.015
-0.114,-0.626
-0.135,0.571
-0.129,-0.217
-0.181,0.589
-0.253,-0.514
-0.203,-0.774
-0.295,-1.939
-0.331,-1.171
-0.346,0.033
-0.287,-0.475
-0.314,-0.118
-0.311,-1.359
-0.436,0.352
-0.384,-0.149
-0.452,-2.419
-0.386,-2.745
-0.407,-2.393
-0.458,-0.917
-0.571,0.219
-0.518,-2.156
-0.563,0.854
-0.681,-2.236
-0.717,-2.623
-0.66,0.335
-0.714,-1.184
-0.795,-1.918
-0.764,-2.536
-0.801,-0.045
-0.862,-0.818
-0.796,-0.328
-0.9,-1.185
-0.88,0.85
-1.045,0.895
-1.09,-1.133
-1.176,1.001
-1.173,-2.033
-1.157,-0.15
-1.257,-2.19
-1.339,-0.271
-1.32,-1.192
-1.275,-2.531
-1.284,-1.352
-1.379,-0.472
-1.34,-1.324
-1.355,-2.831
-1.471,-0.006
-1.454,-1.042
-1.5,-2.757
-1.557,-0.53
-1.56,-0.539
-1.528,0.619
-1.56,-0.09
-1.579,-0.511
-1.585,-1.198
-1.619,-0.384
-1.722,-0.112
-1.752,-2.995
-1.717,-0.75
-1.721,-0.255
-1.736,-1.978
-1.831,0.566
-1.842,0.771
-1.856,-1.54
-1.89,-0.508
-1.947,0.284
-1.906,-1.294
-1.97,-0.281
-1.989,-2.049
-2.154,0.896
-2.192,-1.159
-2.128,-0.603
-2.132,-2.427
-2.211,-0.044
-2.227,-1.949
-2.261,-0.603
-2.321,-0.15
-2.313,-1.977
-2.39,0.114
-2.38,-2.272
-2.444,-1.595
-2.485,-2.43
-2.622,-2.468
-2.682,-0.476
-2.725,-0.246
-2.71,-1.266
-2.735,0.421
-2.73,-0.19
-2.761,-0.158
-2.707,-0.387
-2.81,-2.544
-2.787,-1.183
-2.891,-1.047
-3.038,-0.473
-3.013,-0.106
-3.099,-1.876
3.077,-2.109
3.04,-0.662
2.926,-1.585
2.904,-2.915
2.71,-2.189
2.693,-2.522
2.705,-2.798
2.659,-2.168
2.427,0.923
2.42,-0.908
2.395,-2.458
2.411,-0.46
2.324,-0.943
2.278,-2.808
2.355,0.276
2.32,-1.511
2.316,-1.933
2.217,-0.295
2.262,-1.11
2.199,-2.141
2.239,-2.128
2.222,-1.641
2.211,-0.498
2.135,-1.317
2.123,-1.977
2.109,-1.975
2.169,-0.66
2.087,-3.167
2.066,-3.302
1.967,-3.158
1.831,-3.225
1.857,-3.016
1.745,-3.107
1.274,-3.026
1.337,-3.175
1.337,-3.112
1.263,-3.176
0.793,-3.111
-0.049,-3.051
-0.173,-3.313
-0.451,-3.291
-0.489,-3.284
-0.842,-3.152
-1.334,-3.116
-1.82,-3.122
-1.971,-3.326
-2.098,-3.329
-2.264,-3.078
-2.831,-3.287
-2.94,-3.321
-2.887,-3.114
-2.875,-3.041
-3.007,-3.143
2.425,-3.473
2.459,-3.318
2.347,-3.472
2.35,-3.378
2.244,-3.437
1.525,1.194
0.986,0.982
1.017,1.302
0.99,1.175
0.376,1.256
-0.26,1.069
-0.284,1.121
-0.821,1.23
-1.195,1.218
-1.325,1.302
-1.474,1.16
-1.68,1.103
-1.72,1.212
-2.047,1.205
-2.369,1.228
-3.116,1.126
2.806,1.197
2.642,1.109
2.194,1.023
2.187,-2.003
1.771,-0.128
-0.346,-2.175
-0.523,-2.439
-0.558,-0.178
-0.652,0.137
-1.869,-2.616
-2.363,-0.99
-2.776,0.386
-1.368,-3.537
-2.941,0.979
2.145,-1.639
2.143,-0.481
1.943,-2.809
1.964,-0.694
1.969,-1.879
1.951,-1.925
1.721,-1.428
1.714,-0.104
1.849,-2.661
1.717,-0.945
1.666,0.464
1.652,-2.736
1.6,-2.887
1.548,-1.835
1.527,-0.581
1.658,-1.699
1.492,-2.889
1.583,-1.923
1.47,-1.328
1.361,-1.814
1.446,-1.237
1.414,0.365
1.289,-1.914
1.292,-1.484
1.387,-1.652
1.32,-1.307
1.135,-1.528
1.022,-2.916
1.008,-2.763
1.063,-2.286
0.929,-1.496
0.883,0.88
0.785,-1.313
0.691,-2.442
0.563,-1.152
0.447,-0.341
0.191,-2.28
0.215,-2.163
0.03,-0.483
0.173,0.906
-0.008,-2.69
-0.03,-1.251
-0.007,-0.571
-0.009,-1.299
-0.053,-1.452
-0.121,-0.25
-0.21,-1.987
-0.372,-0.454
-0.379,-0.473
-0.523,-1.474
-0.499,-0.449
-0.814,0.845
-0.666,-0.155
-0.848,-0.498
-0.739,0.415
-0.861,-0.421
-0.957,0.79
-0.968,-1.027
-0.975,-2.378
-0.881,0.442
-1.044,-1.595
-1.118,-2.815
-0.995,-0.525
-1.013,-1.258
-1.002,-0.163
-1.057,0.74
-1.075,0.959
-1.081,-1.367
-1.118,-2.9
-1.277,0.747
-1.313,-0.822
-1.318,-0.607
-1.411,-0.925
-1.419,-0.376
-1.318,0.55
-1.318,-0.897
-1.51,-0.934
-1.385,-0.551
-1.512,-2.364
-1.563,-1.392
-1.58,-1.666
-1.576,-2.985
-1.727,0.327
-1.751,-1.878
-1.68,-2.826
-1.796,-2.01
-1.77,-0.319
-1.914,-0.618
-1.895,0.83
-1.946,-0.288
-2.07,-2.827
-1.974,-1.76
-2.124,-2.836
-2.17,0.316
-2.203,-2.846
-2.223,-0.694
-2.106,-2.209
-2.155,0.174
-2.375,0.72
-2.428,-0.121
-2.564,-1.597
-2.723,-1.177
-2.649,-0.942
-2.746,-0.255
-2.769,-1.181
-3.09,-1.352
-3.109,0.389
-3.001,-2.1
-3.049,0.304
3.004,-2.088
3.084,0.938
2.661,-0.837
2.63,-2.188
2.629,-1.056
2.731,-2.092
2.716,-1.824
2.523,-0.97
2.555,-2.508
2.404,0.88
2.488,-1.173
2.381,-1.303
2.348,-1.273
2.254,0.809
2.22,0.237
2.324,-1.364
2.293,-0.655
2.269,-0.68
2.099,-1.028
2.196,-1.88
2.055,-3.128
2.064,-3.103
1.508,-3.318
1.207,-3.027
1.08,-3.275
0.562,-3.398
0.387,-3.371
-0.215,-3.479
-0.514,-2.993
-0.735,-3.337
-0.745,-3.394
-0.873,-3.303
-0.926,-3.351
-0.937,-3.481
-1.224,-3.356
-1.312,-3.168
-1.751,-3.074
-2.326,-3.481
-3.028,-3.176
2.982,-3.503
2.435,-3.181
2.356,-3.306
2.143,1.082
1.249,1.196
-0.018,1.068
-0.308,1.306
-1.259,1.218
-1.453,1.084
-1.65,1.286
-1.92,1.116
-2.083,1.139
1.201,-0.811
1.193,0.402
-0.446,-2.376
3.029,-2.391
1.687,-1.544
1.663,-1.851
-2.163,-0.004
2.9,0.457
2.57,-0.234
1.883,0.309
1.19,-1.174
0.896,-1.825
-0.758,-0.34
-1.083,0.409
-1.13,-0.41
-1.077,-2.16
-1.382,-0.357
-2.589,0.29
2.883,0.822
2.48,-3.491
-1.085,1.2
0.571,1.224
0.789,0.527
-0.005,-0.569
-0.101,-1.18
-0.122,0.017
-0.116,-0.771
-0.168,0.035
-0.24,-1.068
-0.19,-1.328
-0.282,-2.493
-0.318,-1.725
-0.333,-0.521
-0.274,-1.029
-0.301,-0.672
-0.298,-1.913
-0.423,-0.202
-0.371,-0.703
-0.439,-2.973
-0.373,-3.299
-0.394,-2.947
-0.445,-1.471
-0.558,-0.335
-0.505,-2.71
-0.55,0.3
-0.668,-2.79
-0.704,-3.177
-0.647,-0.219
-0.701,-1.738
-0.782,-2.472
-0.751,-3.09
-0.788,-0.599
-0.849,-1.372
-0.783,-0.882
-0.887,-1.739
-0.867,0.296
-1.032,0.341
-1.077,-1.687
-1.163,0.447
-1.16,-2.587
-1.144,-0.704
-1.244,-2.744
-1.326,-0.825
-1.307,-1.746
-1.262,-3.085
-1.271,-1.906
-1.366,-1.026
-1.327,-1.878
-1.342,-3.385
-1.458,-0.56
-1.441,-1.596
-1.487,-3.311
-1.544,-1.084
-1.547,-1.093
-1.515,0.065
-1.547,-0.644
-1.566,-1.065
-1.572,-1.752
-1.606,-0.938
-1.709,-0.666
-1.739,-3.549
-1.704,-1.304
-1.708,-0.809
-1.723,-2.532
-1.818,0.012
-1.829,0.217
-1.843,-2.094
-1.877,-1.062
-1.934,-0.27
-1.893,-1.848
-1.957,-0.835
-1.976,-2.603
-2.141,0.342
-2.179,-1.713
-2.115,-1.157
-2.119,-2.981
-2.198,-0.598
-2.214,-2.503
-2.248,-1.157
-2.308,-0.704
-2.3,-2.531
-2.377,-0.44
-2.367,-2.826
-2.431,-2.149
-2.472,-2.984
-2.609,-3.022
-2.669,-1.03
-2.712,-0.8
-2.697,-1.82
-2.722,-0.133
-2.717,-0.744
-2.748,-0.712
-2.694,-0.941
-2.797,-3.098
-2.774,-1.737
-2.878,-1.601
-3.025,-1.027
-3.0,-0.66
-3.086,-2.43
3.09,-2.663
3.053,-1.216
2.939,-2.139
2.917,-3.469
2.723,-2.743
2.706,-3.076
2.718,-3.352
2.672,-2.722
2.44,0.369
2.433,-1.462
2.408,-3.012
2.424,-1.014
2.337,-1.497
2.291,-3.362
2.368,-0.278
2.333,-2.065
2.329,-2.487
2.23,-0.849
2.275,-1.664
2.212,-2.695
2.252,-2.682
2.235,-2.195
2.224,-1.052
2.148,-1.871
2.136,-2.531
2.122,-2.529
2.182,-1.214
2.1,-3.721
2.079,-3.856
1.98,-3.712
1.844,-3.779
1.87,-3.57
1.758,-3.661
1.287,-3.58
1.35,-3.729
1.35,-3.666
1.276,-3.73
0.806,-3.665
-0.036,-3.605
-0.16,-3.867
-0.438,-3.845
-0.476,-3.838
-0.829,-3.706
-1.321,-3.67
-1.807,-3.676
-1.958,-3.88
-2.085,-3.883
-2.251,-3.632
-2.818,-3.841
-2.927,-3.875
-2.874,-3.668
-2.862,-3.595
-2.994,-3.697
2.438,-4.027
2.472,-3.872
2.36,-4.026
2.363,-3.932
2.257,-3.991
1.538,0.64
0.999,0.428
1.03,0.748
1.003,0.621
0.389,0.702
-0.247,0.515
-0.271,0.567
-0.808,0.676
-1.182,0.664
-1.312,0.748
-1.461,0.606
-1.667,0.549
-1.707,0.658
-2.034,0.651
-2.356,0.674
-3.103,0.572
2.819,0.643
2.655,0.555
2.207,0.469
2.2,-2.557
1.784,-0.682
-0.333,-2.729
-0.51,-2.993
-0.545,-0.732
-0.639,-0.417
-1.856,-3.17
-2.35,-1.544
-2.763,-0.168
-1.355,-4.091
-2.928,0.425
2.158,-2.193
2.156,-1.035
1.956,-3.363
1.977,-1.248
1.982,-2.433
1.964,-2.479
1.734,-1.982
1.727,-0.658
1.862,-3.215
1.73,-1.499
1.679,-0.09
1.665,-3.29
1.613,-3.441
1.561,-2.389
1.54,-1.135
1.671,-2.253
1.505,-3.443
1.596,-2.477
1.483,-1.882
1.374,-2.368
1.459,-1.791
1.427,-0.189
1.302,-2.468
1.305,-2.038
1.4,-2.206
1.333,-1.861
1.148,-2.082
1.035,-3.47
1.021,-3.317
1.076,-2.84
0.942,-2.05
0.896,0.326
0.798,-1.867
0.704,-2.996
0.576,-1.706
0.46,-0.895
0.204,-2.834
0.228,-2.717
0.043,-1.037
0.186,0.352
0.005,-3.244
-0.017,-1.805
0.006,-1.125
0.004,-1.853
-0.04,-2.006
-0.108,-0.804
-0.197,-2.541
-0.359,-1.008
-0.366,-1.027
-0.51,-2.028
-0.486,-1.003
-0.801,0.291
-0.653,-0.709
-0.835,-1.052
-0.726,-0.139
-0.848,-0.975
-0.944,0.236
-0.955,-1.581
-0.962,-2.932
-0.868,-0.112
-1.031,-2.149
-1.105,-3.369
-0.982,-1.079
-1.0,-1.812
-0.989,-0.717
-1.044,0.186
-1.062,0.405
-1.068,-1.921
-1.105,-3.454
-1.264,0.193
-1.3,-1.376
-1.305,-1.161
-1.398,-1.479
-1.406,-0.93
-1.305,-0.004
-1.305,-1.451
-1.497,-1.488
-1.372,-1.105
-1.499,-2.918
-1.55,-1.946
-1.567,-2.22
-1.563,-3.539
-1.714,-0.227
-1.738,-2.432
-1.667,-3.38
-1.783,-2.564
-1.757,-0.873
-1.901,-1.172
-1.882,0.276
-1.933,-0.842
-2.057,-3.381
-1.961,-2.314
-2.111,-3.39
-2.157,-0.238
-2.19,-3.4
-2.21,-1.248
-2.093,-2.763
-2.142,-0.38
-2.362,0.166
-2.415,-0.675
-2.551,-2.151
-2.71,-1.731
-2.636,-1.496
-2.733,-0.809
-2.756,-1.735
-3.077,-1.906
-3.096,-0.165
-2.988,-2.654
-3.036,-0.25
3.017,-2.642
3.097,0.384
2.674,-1.391
2.643,-2.742
2.642,-1.61
2.744,-2.646
2.729,-2.378
2.536,-1.524
2.568,-3.062
2.417,0.326
2.501,-1.727
2.394,-1.857
2.361,-1.827
2.267,0.255
2.233,-0.317
2.337,-1.918
2.306,-1.209
2.282,-1.234
2.112,-1.582
2.209,-2.434
2.068,-3.682
2.077,-3.657
1.521,-3.872
1.22,-3.581
1.093,-3.829
0.575,-3.952
0.4,-3.925
-0.202,-4.033
-0.501,-3.547
-0.722,-3.891
-0.732,-3.948
-0.86,-3.857
-0.913,-3.905
-0.924,-4.035
-1.211,-3.91
-1.299,-3.722
-1.738,-3.628
-2.313,-4.035
-3.015,-3.73
2.995,-4.057
2.448,-3.735
2.369,-3.86
2.156,0.528
1.262,0.642
-0.005,0.514
-0.295,0.752
-1.246,0.664
-1.44,0.53
-1.637,0.732
-1.907,0.562
-2.07,0.585
1.214,-1.365
1.206,-0.152
-0.433,-2.93
3.042,-2.945
1.7,-2.098
1.676,-2.405
-2.15,-0.558
2.913,-0.097
2.583,-0.788
1.896,-0.245
1.203,-1.728
0.909,-2.379
-0.745,-0.894
-1.07,-0.145
-1.117,-0.964
-1.064,-2.714
-1.369,-0.911
-2.576,-0.264
2.896,0.268
2.493,-4.045
-1.072,0.646
0.584,0.67
0.802,-0.027
-0.096,-0.611
-0.117,0.586
-0.111,-0.202
-0.163,0.604
-0.235,-0.499
-0.185,-0.759
-0.277,-1.924
-0.313,-1.156
-0.328,0.048
-0.269,-0.46
-0.296,-0.103
-0.293,-1.344
-0.418,0.367
-0.366,-0.134
-0.434,-2.404
-0.368,-2.73
-0.389,-2.378
-0.44,-0.902
-0.553,0.234
-0.5,-2.141
-0.545,0.869
-0.663,-2.221
-0.699,-2.608
-0.642,0.35
-0.696,-1.169
-0.777,-1.903
-0.746,-2.521
-0.783,-0.03
-0.844,-0.803
-0.778,-0.313
-0.882,-1.17
-0.862,0.865
-1.027,0.91
-1.072,-1.118
-1.158,1.016
-1.155,-2.018
-1.139,-0.135
-1.239,-2.175
-1.321,-0.256
-1.302,-1.177
-1.257,-2.516
-1.266,-1.337
-1.361,-0.457
-1.322,-1.309
-1.337,-2.816
-1.453,0.009
-1.436,-1.027
-1.482,-2.742
-1.539,-0.515
-1.542,-0.524
-1.51,0.634
-1.542,-0.075
-1.561,-0.496
-1.567,-1.183
-1.601,-0.369
-1.704,-0.097
-1.734,-2.98
-1.699,-0.735
-1.703,-0.24
-1.718,-1.963
-1.813,0.581
-1.824,0.786
-1.838,-1.525
-1.872,-0.493
-1.929,0.299
-1.888,-1.279
-1.952,-0.266
-1.971,-2.034
-2.136,0.911
-2.174,-1.144
-2.11,-0.588
-2.114,-2.412
-2.193,-0.029
-2.209,-1.934
-2.243,-0.588
-2.303,-0.135
-2.295,-1.962
-2.372,0.129
-2.362,-2.257
-2.426,-1.58
-2.467,-2.415
-2.604,-2.453
-2.664,-0.461
-2.707,-0.231
-2.692,-1.251
-2.717,0.436
-2.712,-0.175
-2.743,-0.143
-2.689,-0.372
-2.792,-2.529
-2.769,-1.168
-2.873,-1.032
-3.02,-0.458
-2.995,-0.091
-3.081,-1.861
3.095,-2.094
3.058,-0.647
2.944,-1.57
2.922,-2.9
2.728,-2.174
2.711,-2.507
2.723,-2.783
2.677,-2.153
2.445,0.938
2.438,-0.893
2.413,-2.443
2.429,-0.445
2.342,-0.928
2.296,-2.793
2.373,0.291
2.338,-1.496
2.334,-1.918
2.235,-0.28
2.28,-1.095
2.217,-2.126
2.257,-2.113
2.24,-1.626
2.229,-0.483
2.153,-1.302
2.141,-1.962
2.127,-1.96
2.187,-0.645
2.105,-3.152
2.084,-3.287
1.985,-3.143
1.849,-3.21
1.875,-3.001
1.763,-3.092
1.292,-3.011
1.355,-3.16
1.355,-3.097
1.281,-3.161
0.811,-3.096
-0.031,-3.036
-0.155,-3.298
-0.433,-3.276
-0.471,-3.269
-0.824,-3.137
-1.316,-3.101
-1.802,-3.107
-1.953,-3.311
-2.08,-3.314
-2.246,-3.063
-2.813,-3.272
-2.922,-3.306
-2.869,-3.099
-2.857,-3.026
-2.989,-3.128
2.443,-3.458
2.477,-3.303
2.365,-3.457
2.368,-3.363
2.262,-3.422
1.543,1.209
1.004,0.997
1.035,1.317
1.008,1.19
0.394,1.271
-0.242,1.084
-0.266,1.136
-0.803,1.245
-1.177,1.233
-1.307,1.317
-1.456,1.175
-1.662,1.118
-1.702,1.227
-2.029,1.22
-2.351,1.243
-3.098,1.141
2.824,1.212
2.66,1.124
2.212,1.038
2.205,-1.988
1.789,-0.113
-0.328,-2.16
-0.505,-2.424
-0.54,-0.163
-0.634,0.152
-1.851,-2.601
-2.345,-0.975
-2.758,0.401
-1.35,-3.522
-2.923,0.994
2.163,-1.624
2.161,-0.466
1.961,-2.794
1.982,-0.679
1.987,-1.864
1.969,-1.91
1.739,-1.413
1.732,-0.089
1.867,-2.646
1.735,-0.93
1.684,0.479
1.67,-2.721
1.618,-2.872
1.566,-1.82
1.545,-0.566
1.676,-1.684
1.51,-2.874
1.601,-1.908
1.488,-1.313
1.379,-1.799
1.464,-1.222
1.432,0.38
1.307,-1.899
1.31,-1.469
1.405,-1.637
1.338,-1.292
1.153,-1.513
1.04,-2.901
1.026,-2.748
1.081,-2.271
0.947,-1.481
0.901,0.895
0.803,-1.298
0.709,-2.427
0.581,-1.137
0.465,-0.326
0.209,-2.265
0.233,-2.148
0.048,-0.468
0.191,0.921
0.01,-2.675
-0.012,-1.236
0.011,-0.556
0.009,-1.284
-0.035,-1.437
-0.103,-0.235
-0.192,-1.972
-0.354,-0.439
-0.361,-0.458
-0.505,-1.459
-0.481,-0.434
-0.796,0.86
-0.648,-0.14
-0.83,-0.483
-0.721,0.43
-0.843,-0.406
-0.939,0.805
-0.95,-1.012
-0.957,-2.363
-0.863,0.457
-1.026,-1.58
-1.1,-2.8
-0.977,-0.51
-0.995,-1.243
-0.984,-0.148
-1.039,0.755
-1.057,0.974
-1.063,-1.352
-1.1,-2.885
-1.259,0.762
-1.295,-0.807
-1.3,-0.592
-1.393,-0.91
-1.401,-0.361
-1.3,0.565
-1.3,-0.882
-1.492,-0.919
-1.367,-0.536
-1.494,-2.349
-1.545,-1.377
-1.562,-1.651
-1.558,-2.97
-1.709,0.342
-1.733,-1.863
-1.662,-2.811
-1.778,-1.995
-1.752,-0.304
-1.896,-0.603
-1.877,0.845
-1.928,-0.273
-2.052,-2.812
-1.956,-1.745
-2.106,-2.821
-2.152,0.331
-2.185,-2.831
-2.205,-0.679
-2.088,-2.194
-2.137,0.189
-2.357,0.735
-2.41,-0.106
-2.546,-1.582
-2.705,-1.162
-2.631,-0.927
-2.728,-0.24
-2.751,-1.166
-3.072,-1.337
-3.091,0.404
-2.983,-2.085
-3.031,0.319
3.022,-2.073
3.102,0.953
2.679,-0.822
2.648,-2.173
2.647,-1.041
2.749,-2.077
2.734,-1.809
2.541,-0.955
2.573,-2.493
2.422,0.895
2.506,-1.158
2.399,-1.288
2.366,-1.258
2.272,0.824
2.238,0.252
2.342,-1.349
2.311,-0.64
2.287,-0.665
2.117,-1.013
2.214,-1.865
2.073,-3.113
2.082,-3.088
1.526,-3.303
1.225,-3.012
1.098,-3.26
0.58,-3.383
0.405,-3.356
-0.197,-3.464
-0.496,-2.978
-0.717,-3.322
-0.727,-3.379
-0.855,-3.288
-0.908,-3.336
-0.919,-3.466
-1.206,-3.341
-1.294,-3.153
-1.733,-3.059
-2.308,-3.466
-3.01,-3.161
3.0,-3.488
2.453,-3.166
2.374,-3.291
2.161,1.097
1.267,1.211
0.0,1.083
-0.29,1.321
-1.241,1.233
-1.435,1.099
-1.632,1.301
-1.902,1.131
-2.065,1.154
1.219,-0.796
1.211,0.417
-0.428,-2.361
3.047,-2.376
1.705,-1.529
1.681,-1.836
-2.145,0.011
2.918,0.472
2.588,-0.219
1.901,0.324
1.208,-1.159
0.914,-1.81
-0.74,-0.325
-1.065,0.424
-1.112,-0.395
-1.059,-2.145
-1.364,-0.342
-2.571,0.305
2.901,0.837
2.498,-3.476
-1.067,1.215
0.589,1.239
0.807,0.542
-0.021,1.197
-0.015,0.409
-0.067,1.215
-0.139,0.112
-0.089,-0.148
-0.181,-1.313
-0.217,-0.545
-0.232,0.659
-0.173,0.151
-0.2,0.508
-0.197,-0.733
-0.322,0.978
-0.27,0.477
-0.338,-1.793
-0.272,-2.119
-0.293,-1.767
-0.344,-0.291
-0.457,0.845
-0.404,-1.53
-0.449,1.48
-0.567,-1.61
-0.603,-1.997
-0.546,0.961
-0.6,-0.558
-0.681,-1.292
-0.65,-1.91
-0.687,0.581
-0.748,-0.192
-0.682,0.298
-0.786,-0.559
-0.766,1.476
-0.931,1.521
-0.976,-0.507
-1.062,1.627
-1.059,-1.407
-1.043,0.476
-1.143,-1.564
-1.225,0.355
-1.206,-0.566
-1.161,-1.905
-1.17,-0.726
-1.265,0.154
-1.226,-0.698
-1.241,-2.205
-1.357,0.62
-1.34,-0.416
-1.386,-2.131
-1.443,0.096
-1.446,0.087
-1.414,1.245
-1.446,0.536
-1.465,0.115
-1.471,-0.572
-1.505,0.242
-1.608,0.514
-1.638,-2.369
-1.603,-0.124
-1.607,0.371
-1.622,-1.352
-1.717,1.192
-1.728,1.397
-1.742,-0.914
-1.776,0.118
-1.833,0.91
-1.792,-0.668
-1.856,0.345
-1.875,-1.423
-2.04,1.522
-2.078,-0.533
-2.014,0.023
-2.018,-1.801
-2.097,0.582
-2.113,-1.323
-2.147,0.023
-2.207,0.476
-2.199,-1.351
-2.276,0.74
-2.266,-1.646
-2.33,-0.969
-2.371,-1.804
-2.508,-1.842
-2.568,0.15
-2.611,0.38
-2.596,-0.64
-2.621,1.047
-2.616,0.436
-2.647,0.468
-2.593,0.239
-2.696,-1.918
-2.673,-0.557
-2.777,-0.421
-2.924,0.153
-2.899,0.52
-2.985,-1.25
-3.092,-1.483
-3.129,-0.036
3.04,-0.959
3.018,-2.289
2.824,-1.563
2.807,-1.896
2.819,-2.172
2.773,-1.542
2.541,1.549
2.534,-0.282
2.509,-1.832
2.525,0.166
2.438,-0.317
2.392,-2.182
2.469,0.902
2.434,-0.885
2.43,-1.307
2.331,0.331
2.376,-0.484
2.313,-1.515
2.353,-1.502
2.336,-1.015
2.325,0.128
2.249,-0.691
2.237,-1.351
2.223,-1.349
2.283,-0.034
2.201,-2.541
2.18,-2.676
2.081,-2.532
1.945,-2.599
1.971,-2.39
1.859,-2.481
1.388,-2.4
1.451,-2.549
1.451,-2.486
1.377,-2.55
0.907,-2.485
0.065,-2.425
-0.059,-2.687
-0.337,-2.665
-0.375,-2.658
-0.728,-2.526
-1.22,-2.49
-1.706,-2.496
-1.857,-2.7
-1.984,-2.703
-2.15,-2.452
-2.717,-2.661
-2.826,-2.695
-2.773,-2.488
-2.761,-2.415
-2.893,-2.517
2.539,-2.847
2.573,-2.692
2.461,-2.846
2.464,-2.752
2.358,-2.811
1.639,1.82
1.1,1.608
1.131,1.928
1.104,1.801
0.49,1.882
-0.146,1.695
-0.17,1.747
-0.707,1.856
-1.081,1.844
-1.211,1.928
-1.36,1.786
-1.566,1.729
-1.606,1.838
-1.933,1.831
-2.255,1.854
-3.002,1.752
2.92,1.823
2.756,1.735
2.308,1.649
2.301,-1.377
1.885,0.498
-0.232,-1.549
-0.409,-1.813
-0.444,0.448
-0.538,0.763
-1.755,-1.99
-2.249,-0.364
-2.662,1.012
-1.254,-2.911
-2.827,1.605
2.259,-1.013
2.257,0.145
2.057,-2.183
2.078,-0.068
2.083,-1.253
2.065,-1.299
1.835,-0.802
1.828,0.522
1.963,-2.035
1.831,-0.319
1.78,1.09
1.766,-2.11
1.714,-2.261
1.662,-1.209
1.641,0.045
1.772,-1.073
1.606,-2.263
1.697,-1.297
1.584,-0.702
1.475,-1.188
1.56,-0.611
1.528,0.991
1.403,-1.288
1.406,-0.858
1.501,-1.026
1.434,-0.681
1.249,-0.902
1.136,-2.29
1.122,-2.137
1.177,-1.66
1.043,-0.87
0.997,1.506
0.899,-0.687
0.805,-1.816
0.677,-0.526
0.561,0.285
0.305,-1.654
0.329,-1.537
0.144,0.143
0.287,1.532
0.106,-2.064
0.084,-0.625
0.107,0.055
0.105,-0.673
0.061,-0.826
-0.007,0.376
-0.096,-1.361
-0.258,0.172
-0.265,0.153
-0.409,-0.848
-0.385,0.177
-0.7,1.471
-0.552,0.471
-0.734,0.128
-0.625,1.041
-0.747,0.205
-0.843,1.416
-0.854,-0.401
-0.861,-1.752
-0.767,1.068
-0.93,-0.969
-1.004,-2.189
-0.881,0.101
-0.899,-0.632
-0.888,0.463
-0.943,1.366
-0.961,1.585
-0.967,-0.741
-1.004,-2.274
-1.163,1.373
-1.199,-0.196
-1.204,0.019
-1.297,-0.299
-1.305,0.25
-1.204,1.176
-1.204,-0.271
-1.396,-0.308
-1.271,0.075
-1.398,-1.738
-1.449,-0.766
-1.466,-1.04
-1.462,-2.359
-1.613,0.953
-1.637,-1.252
-1.566,-2.2
-1.682,-1.384
-1.656,0.307
-1.8,0.008
-1.781,1.456
-1.832,0.338
-1.956,-2.201
-1.86,-1.134
-2.01,-2.21
-2.056,0.942
-2.089,-2.22
-2.109,-0.068
-1.992,-1.583
-2.041,0.8
-2.261,1.346
-2.314,0.505
-2.45,-0.971
-2.609,-0.551
-2.535,-0.316
-2.632,0.371
-2.655,-0.555
-2.976,-0.726
-2.995,1.015
-2.887,-1.474
-2.935,0.93
3.118,-1.462
-3.085,1.564
2.775,-0.211
2.744,-1.562
2.743,-0.43
2.845,-1.466
2.83,-1.198
2.637,-0.344
2.669,-1.882
2.518,1.506
2.602,-0.547
2.495,-0.677
2.462,-0.647
2.368,1.435
2.334,0.863
2.438,-0.738
2.407,-0.029
2.383,-0.054
2.213,-0.402
2.31,-1.254
2.169,-2.502
2.178,-2.477
1.622,-2.692
1.321,-2.401
1.194,-2.649
0.676,-2.772
0.501,-2.745
-0.101,-2.853
-0.4,-2.367
-0.621,-2.711
-0.631,-2.768
-0.759,-2.677
-0.812,-2.725
-0.823,-2.855
-1.11,-2.73
-1.198,-2.542
-1.637,-2.448
-2.212,-2.855
-2.914,-2.55
3.096,-2.877
2.549,-2.555
2.47,-2.68
2.257,1.708
1.363,1.822
0.096,1.694
-0.194,1.932
-1.145,1.844
-1.339,1.71
-1.536,1.912
-1.806,1.742
-1.969,1.765
1.315,-0.185
1.307,1.028
-0.332,-1.75
-3.14,-1.765
1.801,-0.918
1.777,-1.225
-2.049,0.622
3.014,1.083
2.684,0.392
1.997,0.935
1.304,-0.548
1.01,-1.199
-0.644,0.286
-0.969,1.035
-1.016,0.216
-0.963,-1.534
-1.268,0.269
-2.475,0.916
2.997,1.448
2.594,-2.865
-0.971,1.826
0.685,1.85
0.903,1.153
0.006,-0.788
-0.046,0.018
-0.118,-1.085
-0.068,-1.345
-0.16,-2.51
-0.196,-1.742
-0.211,-0.538
-0.152,-1.046
-0.179,-0.689
-0.176,-1.93
-0.301,-0.219
-0.249,-0.72
-0.317,-2.99
-0.251,-3.316
-0.272,-2.964
-0.323,-1.488
-0.436,-0.352
-0.383,-2.727
-0.428,0.283
-0.546,-2.807
-0.582,-3.194
-0.525,-0.236
-0.579,-1.755
-0.66,-2.489
-0.629,-3.107
-0.666,-0.616
-0.727,-1.389
-0.661,-0.899
-0.765,-1.756
-0.745,0.279
-0.91,0.324
-0.955,-1.704
-1.041,0.43
-1.038,-2.604
-1.022,-0.721
-1.122,-2.761
-1.204,-0.842
-1.185,-1.763
-1.14,-3.102
-1.149,-1.923
-1.244,-1.043
-1.205,-1.895
-1.22,-3.402
-1.336,-0.577
-1.319,-1.613
-1.365,-3.328
-1.422,-1.101
-1.425,-1.11
-1.393,0.048
-1.425,-0.661
-1.444,-1.082
-1.45,-1.769
-1.484,-0.955
-1.587,-0.683
-1.617,-3.566
-1.582,-1.321
-1.586,-0.826
-1.601,-2.549
-1.696,-0.005
-1.707,0.2
-1.721,-2.111
-1.755,-1.079
-1.812,-0.287
-1.771,-1.865
-1.835,-0.852
-1.854,-2.62
-2.019,0.325
-2.057,-1.73
-1.993,-1.174
-1.997,-2.998
-2.076,-0.615
-2.092,-2.52
-2.126,-1.174
-2.186,-0.721
-2.178,-2.548
-2.255,-0.457
-2.245,-2.843
-2.309,-2.166
-2.35,-3.001
-2.487,-3.039
-2.547,-1.047
-2.59,-0.817
-2.575,-1.837
-2.6,-0.15
-2.595,-0.761
-2.626,-0.729
-2.572,-0.958
-2.675,-3.115
-2.652,-1.754
-2.756,-1.618
-2.903,-1.044
-2.878,-0.677
-2.964,-2.447
-3.071,-2.68
-3.108,-1.233
3.061,-2.156
3.039,-3.486
2.845,-2.76
2.828,-3.093
2.84,-3.369
2.794,-2.739
2.562,0.352
2.555,-1.479
2.53,-3.029
2.546,-1.031
2.459,-1.514
2.413,-3.379
2.49,-0.295
2.455,-2.082
2.451,-2.504
2.352,-0.866
2.397,-1.681
2.334,-2.712
2.374,-2.699
2.357,-2.212
2.346,-1.069
2.27,-1.888
2.258,-2.548
2.244,-2.546
2.304,-1.231
2.222,-3.738
2.201,-3.873
2.102,-3.729
1.966,-3.796
1.992,-3.587
1.88,-3.678
1.409,-3.597
1.472,-3.746
1.472,-3.683
1.398,-3.747
0.928,-3.682
0.086,-3.622
-0.038,-3.884
-0.316,-3.862
-0.354,-3.855
-0.707,-3.723
-1.199,-3.687
-1.685,-3.693
-1.836,-3.897
-1.963,-3.9
-2.129,-3.649
-2.696,-3.858
-2.805,-3.892
-2.752,-3.685
-2.74,-3.612
-2.872,-3.714
2.56,-4.044
2.594,-3.889
2.482,-4.043
2.485,-3.949
2.379,-4.008
1.66,0.623
1.121,0.411
1.152,0.731
1.125,0.604
0.511,0.685
-0.125,0.498
-0.149,0.55
-0.686,0.659
-1.06,0.647
-1.19,0.731
-1.339,0.589
-1.545,0.532
-1.585,0.641
-1.912,0.634
-2.234,0.657
-2.981,0.555
2.941,0.626
2.777,0.538
2.329,0.452
2.322,-2.574
1.906,-0.699
-0.211,-2.746
-0.388,-3.01
-0.423,-0.749
-0.517,-0.434
-1.734,-3.187
-2.228,-1.561
-2.641,-0.185
-1.233,-4.108
-2.806,0.408
2.28,-2.21
2.278,-1.052
2.078,-3.38
2.099,-1.265
2.104,-2.45
2.086,-2.496
1.856,-1.999
1.849,-0.675
1.984,-3.232
1.852,-1.516
1.801,-0.107
1.787,-3.307
1.735,-3.458
1.683,-2.406
1.662,-1.152
1.793,-2.27
1.627,-3.46
1.718,-2.494
1.605,-1.899
1.496,-2.385
1.581,-1.808
1.549,-0.206
1.424,-2.485
1.427,-2.055
1.522,-2.223
1.455,-1.878
1.27,-2.099
1.157,-3.487
1.143,-3.334
1.198,-2.857
1.064,-2.067
1.018,0.309
0.92,-1.884
0.826,-3.013
0.698,-1.723
0.582,-0.912
0.326,-2.851
0.35,-2.734
0.165,-1.054
0.308,0.335
0.127,-3.261
0.105,-1.822
0.128,-1.142
0.126,-1.87
0.082,-2.023
0.014,-0.821
-0.075,-2.558
-0.237,-1.025
-0.244,-1.044
-0.388,-2.045
-0.364,-1.02
-0.679,0.274
-0.531,-0.726
-0.713,-1.069
-0.604,-0.156
-0.726,-0.992
-0.822,0.219
-0.833,-1.598
-0.84,-2.949
-0.746,-0.129
-0.909,-2.166
-0.983,-3.386
-0.86,-1.096
-0.878,-1.829
-0.867,-0.734
-0.922,0.169
-0.94,0.388
-0.946,-1.938
-0.983,-3.471
-1.142,0.176
-1.178,-1.393
-1.183,-1.178
-1.276,-1.496
-1.284,-0.947
-1.183,-0.021
-1.183,-1.468
-1.375,-1.505
-1.25,-1.122
-1.377,-2.935
-1.428,-1.963
-1.445,-2.237
-1.441,-3.556
-1.592,-0.244
-1.616,-2.449
-1.545,-3.397
-1.661,-2.581
-1.635,-0.89
-1.779,-1.189
-1.76,0.259
-1.811,-0.859
-1.935,-3.398
-1.839,-2.331
-1.989,-3.407
-2.035,-0.255
-2.068,-3.417
-2.088,-1.265
-1.971,-2.78
-2.02,-0.397
-2.24,0.149
-2.293,-0.692
-2.429,-2.168
-2.588,-1.748
-2.514,-1.513
-2.611,-0.826
-2.634,-1.752
-2.955,-1.923
-2.974,-0.182
-2.866,-2.671
-2.914,-0.267
3.139,-2.659
-3.064,0.367
2.796,-1.408
2.765,-2.759
2.764,-1.627
2.866,-2.663
2.851,-2.395
2.658,-1.541
2.69,-3.079
2.539,0.309
2.623,-1.744
2.516,-1.874
2.483,-1.844
2.389,0.238
2.355,-0.334
2.459,-1.935
2.428,-1.226
2.404,-1.251
2.234,-1.599
2.331,-2.451
2.19,-3.699
2.199,-3.674
1.643,-3.889
1.342,-3.598
1.215,-3.846
0.697,-3.969
0.522,-3.942
-0.08,-4.05
-0.379,-3.564
-0.6,-3.908
-0.61,-3.965
-0.738,-3.874
-0.791,-3.922
-0.802,-4.052
-1.089,-3.927
-1.177,-3.739
-1.616,-3.645
-2.191,-4.052
-2.893,-3.747
3.117,-4.074
2.57,-3.752
2.491,-3.877
2.278,0.511
1.384,0.625
0.117,0.497
-0.173,0.735
-1.124,0.647
-1.318,0.513
-1.515,0.715
-1.785,0.545
-1.948,0.568
1.336,-1.382
1.328,-0.169
-0.311,-2.947
-3.119,-2.962
1.822,-2.115
1.798,-2.422
-2.028,-0.575
3.035,-0.114
2.705,-0.805
2.018,-0.262
1.325,-1.745
1.031,-2.396
-0.623,-0.911
-0.948,-0.162
-0.995,-0.981
-0.942,-2.731
-1.247,-0.928
-2.454,-0.281
3.018,0.251
2.615,-4.062
-0.95,0.629
0.706,0.653
0.924,-0.044
-0.052,0.806
-0.124,-0.297
-0.074,-0.557
-0.166,-1.722
-0.202,-0.954
-0.217,0.25
-0.158,-0.258
-0.185,0.099
-0.182,-1.142
-0.307,0.569
-0.255,0.068
-0.323,-2.202
-0.257,-2.528
-0.278,-2.176
-0.329,-0.7
-0.442,0.436
-0.389,-1.939
-0.434,1.071
-0.552,-2.019
-0.588,-2.406
-0.531,0.552
-0.585,-0.967
-0.666,-1.701
-0.635,-2.319
-0.672,0.172
-0.733,-0.601
-0.667,-0.111
-0.771,-0.968
-0.751,1.067
-0.916,1.112
-0.961,-0.916
-1.047,1.218
-1.044,-1.816
-1.028,0.067
-1.128,-1.973
-1.21,-0.054
-1.191,-0.975
-1.146,-2.314
-1.155,-1.135
-1.25,-0.255
-1.211,-1.107
-1.226,-2.614
-1.342,0.211
-1.325,-0.825
-1.371,-2.54
-1.428,-0.313
-1.431,-0.322
-1.399,0.836
-1.431,0.127
-1.45,-0.294
-1.456,-0.981
-1.49,-0.167
-1.593,0.105
-1.623,-2.778
-1.588,-0.533
-1.592,-0.038
-1.607,-1.761
-1.702,0.783
-1.713,0.988
-1.727,-1.323
-1.761,-0.291
-1.818,0.501
-1.777,-1.077
-1.841,-0.064
-1.86,-1.832
-2.025,1.113
-2.063,-0.942
-1.999,-0.386
-2.003,-2.21
-2.082,0.173
-2.098,-1.732
-2.132,-0.386
-2.192,0.067
-2.184,-1.76
-2.261,0.331
-2.251,-2.055
-2.315,-1.378
-2.356,-2.213
-2.493,-2.251
-2.553,-0.259
-2.596,-0.029
-2.581,-1.049
-2.606,0.638
-2.601,0.027
-2.632,0.059
-2.578,-0.17
-2.681,-2.327
-2.658,-0.966
-2.762,-0.83
-2.909,-0.256
-2.884,0.111
-2.97,-1.659
-3.077,-1.892
-3.114,-0.445
3.055,-1.368
3.033,-2.698
2.839,-1.972
2.822,-2.305
2.834,-2.581
2.788,-1.951
2.556,1.14
2.549,-0.691
2.524,-2.241
2.54,-0.243
2.453,-0.726
2.407,-2.591
2.484,0.493
2.449,-1.294
2.445,-1.716
2.346,-0.078
2.391,-0.893
2.328,-1.924
2.368,-1.911
2.351,-1.424
2.34,-0.281
2.264,-1.1
2.252,-1.76
2.238,-1.758
2.298,-0.443
2.216,-2.95
2.195,-3.085
2.096,-2.941
1.96,-3.008
1.986,-2.799
1.874,-2.89
1.403,-2.809
1.466,-2.958
1.466,-2.895
1.392,-2.959
0.922,-2.894
0.08,-2.834
-0.044,-3.096
-0.322,-3.074
-0.36,-3.067
-0.713,-2.935
-1.205,-2.899
-1.691,-2.905
-1.842,-3.109
-1.969,-3.112
-2.135,-2.861
-2.702,-3.07
-2.811,-3.104
-2.758,-2.897
-2.746,-2.824
-2.878,-2.926
2.554,-3.256
2.588,-3.101
2.476,-3.255
2.479,-3.161
2.373,-3.22
1.654,1.411
1.115,1.199
1.146,1.519
1.119,1.392
0.505,1.473
-0.131,1.286
-0.155,1.338
-0.692,1.447
-1.066,1.435
-1.196,1.519
-1.345,1.377
-1.551,1.32
-1.591,1.429
-1.918,1.422
-2.24,1.445
-2.987,1.343
2.935,1.414
2.771,1.326
2.323,1.24
2.316,-1.786
1.9,0.089
-0.217,-1.958
-0.394,-2.222
-0.429,0.039
-0.523,0.354
-1.74,-2.399
-2.234,-0.773
-2.647,0.603
-1.239,-3.32
-2.812,1.196
2.274,-1.422
2.272,-0.264
2.072,-2.592
2.093,-0.477
2.098,-1.662
2.08,-1.708
1.85,-1.211
1.843,0.113
1.978,-2.444
1.846,-0.728
1.795,0.681
1.781,-2.519
1.729,-2.67
1.677,-1.618
1.656,-0.364
1.787,-1.482
1.621,-2.672
1.712,-1.706
1.599,-1.111
1.49,-1.597
1.575,-1.02
1.543,0.582
1.418,-1.697
1.421,-1.267
1.516,-1.435
1.449,-1.09
1.264,-1.311
1.151,-2.699
1.137,-2.546
1.192,-2.069
1.058,-1.279
1.012,1.097
0.914,-1.096
0.82,-2.225
0.692,-0.935
0.576,-0.124
0.32,-2.063
0.344,-1.946
0.159,-0.266
0.302,1.123
0.121,-2.473
0.099,-1.034
0.122,-0.354
0.12,-1.082
0.076,-1.235
0.008,-0.033
-0.081,-1.77
-0.243,-0.237
-0.25,-0.256
-0.394,-1.257
-0.37,-0.232
-0.685,1.062
-0.537,0.062
-0.719,-0.281
-0.61,0.632
-0.732,-0.204
-0.828,1.007
-0.839,-0.81
-0.846,-2.161
-0.752,0.659
-0.915,-1.378
-0.989,-2.598
-0.866,-0.308
-0.884,-1.041
-0.873,0.054
-0.928,0.957
-0.946,1.176
-0.952,-1.15
-0.989,-2.683
-1.148,0.964
-1.184,-0.605
-1.189,-0.39
-1.282,-0.708
-1.29,-0.159
-1.189,0.767
-1.189,-0.68
-1.381,-0.717
-1.256,-0.334
-1.383,-2.147
-1.434,-1.175
-1.451,-1.449
-1.447,-2.768
-1.598,0.544
-1.622,-1.661
-1.551,-2.609
-1.667,-1.793
-1.641,-0.102
-1.785,-0.401
-1.766,1.047
-1.817,-0.071
-1.941,-2.61
-1.845,-1.543
-1.995,-2.619
-2.041,0.533
-2.074,-2.629
-2.094,-0.477
-1.977,-1.992
-2.026,0.391
-2.246,0.937
-2.299,0.096
-2.435,-1.38
-2.594,-0.96
-2.52,-0.725
-2.617,-0.038
-2.64,-0.964
-2.961,-1.135
-2.98,0.606
-2.872,-1.883
-2.92,0.521
3.133,-1.871
-3.07,1.155
2.79,-0.62
2.759,-1.971
2.758,-0.839
2.86,-1.875
2.845,-1.607
2.652,-0.753
2.684,-2.291
2.533,1.097
2.617,-0.956
2.51,-1.086
2.477,-1.056
2.383,1.026
2.349,0.454
2.453,-1.147
2.422,-0.438
2.398,-0.463
2.228,-0.811
2.325,-1.663
2.184,-2.911
2.193,-2.886
1.637,-3.101
1.336,-2.81
1.209,-3.058
0.691,-3.181
0.516,-3.154
-0.086,-3.262
-0.385,-2.776
-0.606,-3.12
-0.616,-3.177
-0.744,-3.086
-0.797,-3.134
-0.808,-3.264
-1.095,-3.139
-1.183,-2.951
-1.622,-2.857
-2.197,-3.264
-2.899,-2.959
3.111,-3.286
2.564,-2.964
2.485,-3.089
2.272,1.299
1.378,1.413
0.111,1.285
-0.179,1.523
-1.13,1.435
-1.324,1.301
-1.521,1.503
-1.791,1.333
-1.954,1.356
1.33,-0.594
1.322,0.619
-0.317,-2.159
-3.125,-2.174
1.816,-1.327
1.792,-1.634
-2.034,0.213
3.029,0.674
2.699,-0.017
2.012,0.526
1.319,-0.957
1.025,-1.608
-0.629,-0.123
-0.954,0.626
-1.001,-0.193
-0.948,-1.943
-1.253,-0.14
-2.46,0.507
3.012,1.039
2.609,-3.274
-0.956,1.417
0.7,1.441
0.918,0.744
-0.072,-1.103
-0.022,-1.363
-0.114,-2.528
-0.15,-1.76
-0.165,-0.556
-0.106,-1.064
-0.133,-0.707
-0.13,-1.948
-0.255,-0.237
-0.203,-0.738
-0.271,-3.008
-0.205,-3.334
-0.226,-2.982
-0.277,-1.506
-0.39,-0.37
-0.337,-2.745
-0.382,0.265
-0.5,-2.825
-0.536,-3.212
-0.479,-0.254
-0.533,-1.773
-0.614,-2.507
-0.583,-3.125
-0.62,-0.634
-0.681,-1.407
-0.615,-0.917
-0.719,-1.774
-0.699,0.261
-0.864,0.306
-0.909,-1.722
-0.995,0.412
-0.992,-2.622
-0.976,-0.739
-1.076,-2.779
-1.158,-0.86
-1.139,-1.781
-1.094,-3.12
-1.103,-1.941
-1.198,-1.061
-1.159,-1.913
-1.174,-3.42
-1.29,-0.595
-1.273,-1.631
-1.319,-3.346
-1.376,-1.119
-1.379,-1.128
-1.347,0.03
-1.379,-0.679
-1.398,-1.1
-1.404,-1.787
-1.438,-0.973
-1.541,-0.701
-1.571,-3.584
-1.536,-1.339
-1.54,-0.844
-1.555,-2.567
-1.65,-0.023
-1.661,0.182
-1.675,-2.129
-1.709,-1.097
-1.766,-0.305
-1.725,-1.883
-1.789,-0.87
-1.808,-2.638
-1.973,0.307
-2.011,-1.748
-1.947,-1.192
-1.951,-3.016
-2.03,-0.633
-2.046,-2.538
-2.08,-1.192
-2.14,-0.739
-2.132,-2.566
-2.209,-0.475
-2.199,-2.861
-2.263,-2.184
-2.304,-3.019
-2.441,-3.057
-2.501,-1.065
-2.544,-0.835
-2.529,-1.855
-2.554,-0.168
-2.549,-0.779
-2.58,-0.747
-2.526,-0.976
-2.629,-3.133
-2.606,-1.772
-2.71,-1.636
-2.857,-1.062
-2.832,-0.695
-2.918,-2.465
-3.025,-2.698
-3.062,-1.251
3.107,-2.174
3.085,-3.504
2.891,-2.778
2.874,-3.111
2.886,-3.387
2.84,-2.757
2.608,0.334
2.601,-1.497
2.576,-3.047
2.592,-1.049
2.505,-1.532
2.459,-3.397
2.536,-0.313
2.501,-2.1
2.497,-2.522
2.398,-0.884
2.443,-1.699
2.38,-2.73
2.42,-2.717
2.403,-2.23
2.392,-1.087
2.316,-1.906
2.304,-2.566
2.29,-2.564
2.35,-1.249
2.268,-3.756
2.247,-3.891
2.148,-3.747
2.012,-3.814
2.038,-3.605
1.926,-3.696
1.455,-3.615
1.518,-3.764
1.518,-3.701
1.444,-3.765
0.974,-3.7
0.132,-3.64
0.008,-3.902
-0.27,-3.88
-0.308,-3.873
-0.661,-3.741
-1.153,-3.705
-1.639,-3.711
-1.79,-3.915
-1.917,-3.918
-2.083,-3.667
-2.65,-3.876
-2.759,-3.91
-2.706,-3.703
-2.694,-3.63
-2.826,-3.732
2.606,-4.062
2.64,-3.907
2.528,-4.061
2.531,-3.967
2.425,-4.026
1.706,0.605
1.167,0.393
1.198,0.713
1.171,0.586
0.557,0.667
-0.079,0.48
-0.103,0.532
-0.64,0.641
-1.014,0.629
-1.144,0.713
-1.293,0.571
-1.499,0.514
-1.539,0.623
-1.866,0.616
-2.188,0.639
-2.935,0.537
2.987,0.608
2.823,0.52
2.375,0.434
2.368,-2.592
1.952,-0.717
-0.165,-2.764
-0.342,-3.028
-0.377,-0.767
-0.471,-0.452
-1.688,-3.205
-2.182,-1.579
-2.595,-0.203
-1.187,-4.126
-2.76,0.39
2.326,-2.228
2.324,-1.07
2.124,-3.398
2.145,-1.283
2.15,-2.468
2.132,-2.514
1.902,-2.017
1.895,-0.693
2.03,-3.25
1.898,-1.534
1.847,-0.125
1.833,-3.325
1.781,-3.476
1.729,-2.424
1.708,-1.17
1.839,-2.288
1.673,-3.478
1.764,-2.512
1.651,-1.917
1.542,-2.403
1.627,-1.826
1.595,-0.224
1.47,-2.503
1.473,-2.073
1.568,-2.241
1.501,-1.896
1.316,-2.117
1.203,-3.505
1.189,-3.352
1.244,-2.875
1.11,-2.085
1.064,0.291
0.966,-1.902
0.872,-3.031
0.744,-1.741
0.628,-0.93
0.372,-2.869
0.396,-2.752
0.211,-1.072
0.354,0.317
0.173,-3.279
0.151,-1.84
0.174,-1.16
0.172,-1.888
0.128,-2.041
0.06,-0.839
-0.029,-2.576
-0.191,-1.043
-0.198,-1.062
-0.342,-2.063
-0.318,-1.038
-0.633,0.256
-0.485,-0.744
-0.667,-1.087
-0.558,-0.174
-0.68,-1.01
-0.776,0.201
-0.787,-1.616
-0.794,-2.967
-0.7,-0.147
-0.863,-2.184
-0.937,-3.404
-0.814,-1.114
-0.832,-1.847
-0.821,-0.752
-0.876,0.151
-0.894,0.37
-0.9,-1.956
-0.937,-3.489
-1.096,0.158
-1.132,-1.411
-1.137,-1.196
-1.23,-1.514
-1.238,-0.965
-1.137,-0.039
-1.137,-1.486
-1.329,-1.523
-1.204,-1.14
-1.331,-2.953
-1.382,-1.981
-1.399,-2.255
-1.395,-3.574
-1.546,-0.262
-1.57,-2.467
-1.499,-3.415
-1.615,-2.599
-1.589,-0.908
-1.733,-1.207
-1.714,0.241
-1.765,-0.877
-1.889,-3.416
-1.793,-2.349
-1.943,-3.425
-1.989,-0.273
-2.022,-3.435
-2.042,-1.283
-1.925,-2.798
-1.974,-0.415
-2.194,0.131
-2.247,-0.71
-2.383,-2.186
-2.542,-1.766
-2.468,-1.531
-2.565,-0.844
-2.588,-1.77
-2.909,-1.941
-2.928,-0.2
-2.82,-2.689
-2.868,-0.285
-3.098,-2.677
-3.018,0.349
2.842,-1.426
2.811,-2.777
2.81,-1.645
2.912,-2.681
2.897,-2.413
2.704,-1.559
2.736,-3.097
2.585,0.291
2.669,-1.762
2.562,-1.892
2.529,-1.862
2.435,0.22
2.401,-0.352
2.505,-1.953
2.474,-1.244
2.45,-1.269
2.28,-1.617
2.377,-2.469
2.236,-3.717
2.245,-3.692
1.689,-3.907
1.388,-3.616
1.261,-3.864
0.743,-3.987
0.568,-3.96
-0.034,-4.068
-0.333,-3.582
-0.554,-3.926
-0.564,-3.983
-0.692,-3.892
-0.745,-3.94
-0.756,-4.07
-1.043,-3.945
-1.131,-3.757
-1.57,-3.663
-2.145,-4.07
-2.847,-3.765
-3.12,-4.092
2.616,-3.77
2.537,-3.895
2.324,0.493
1.43,0.607
0.163,0.479
-0.127,0.717
-1.078,0.629
-1.272,0.495
-1.469,0.697
-1.739,0.527
-1.902,0.55
1.382,-1.4
1.374,-0.187
-0.265,-2.965
-3.073,-2.98
1.868,-2.133
1.844,-2.44
-1.982,-0.593
3.081,-0.132
2.751,-0.823
2.064,-0.28
1.371,-1.763
1.077,-2.414
-0.577,-0.929
-0.902,-0.18
-0.949,-0.999
-0.896,-2.749
-1.201,-0.946
-2.408,-0.299
3.064,0.233
2.661,-4.08
-0.904,0.611
0.752,0.635
0.97,-0.062
0.05,-0.26
-0.042,-1.425
-0.078,-0.657
-0.093,0.547
-0.034,0.039
-0.061,0.396
-0.058,-0.845
-0.183,0.866
-0.131,0.365
-0.199,-1.905
-0.133,-2.231
-0.154,-1.879
-0.205,-0.403
-0.318,0.733
-0.265,-1.642
-0.31,1.368
-0.428,-1.722
-0.464,-2.109
-0.407,0.849
-0.461,-0.67
-0.542,-1.404
-0.511,-2.022
-0.548,0.469
-0.609,-0.304
-0.543,0.186
-0.647,-0.671
-0.627,1.364
-0.792,1.409
-0.837,-0.619
-0.923,1.515
-0.92,-1.519
-0.904,0.364
-1.004,-1.676
-1.086,0.243
-1.067,-0.678
-1.022,-2.017
-1.031,-0.838
-1.126,0.042
-1.087,-0.81
-1.102,-2.317
-1.218,0.508
-1.201,-0.528
-1.247,-2.243
-1.304,-0.016
-1.307,-0.025
-1.275,1.133
-1.307,0.424
-1.326,0.003
-1.332,-0.684
-1.366,0.13
-1.469,0.402
-1.499,-2.481
-1.464,-0.236
-1.468,0.259
-1.483,-1.464
-1.578,1.08
-1.589,1.285
-1.603,-1.026
-1.637,0.006
-1.694,0.798
-1.653,-0.78
-1.717,0.233
-1.736,-1.535
-1.901,1.41
-1.939,-0.645
-1.875,-0.089
-1.879,-1.913
-1.958,0.47
-1.974,-1.435
-2.008,-0.089
-2.068,0.364
-2.06,-1.463
-2.137,0.628
-2.127,-1.758
-2.191,-1.081
-2.232,-1.916
-2.369,-1.954
-2.429,0.038
-2.472,0.268
-2.457,-0.752
-2.482,0.935
-2.477,0.324
-2.508,0.356
-2.454,0.127
-2.557,-2.03
-2.534,-0.669
-2.638,-0.533
-2.785,0.041
-2.76,0.408
-2.846,-1.362
-2.953,-1.595
-2.99,-0.148
-3.104,-1.071
-3.126,-2.401
2.963,-1.675
2.946,-2.008
2.958,-2.284
2.912,-1.654
2.68,1.437
2.673,-0.394
2.648,-1.944
2.664,0.054
2.577,-0.429
2.531,-2.294
2.608,0.79
2.573,-0.997
2.569,-1.419
2.47,0.219
2.515,-0.596
2.452,-1.627
2.492,-1.614
2.475,-1.127
2.464,0.016
2.388,-0.803
2.376,-1.463
2.362,-1.461
2.422,-0.146
2.34,-2.653
2.319,-2.788
2.22,-2.644
2.084,-2.711
2.11,-2.502
1.998,-2.593
1.527,-2.512
1.59,-2.661
1.59,-2.598
1.516,-2.662
1.046,-2.597
0.204,-2.537
0.08,-2.799
-0.198,-2.777
-0.236,-2.77
-0.589,-2.638
-1.081,-2.602
-1.567,-2.608
-1.718,-2.812
-1.845,-2.815
-2.011,-2.564
-2.578,-2.773
-2.687,-2.807
-2.634,-2.6
-2.622,-2.527
-2.754,-2.629
2.678,-2.959
2.712,-2.804
2.6,-2.958
2.603,-2.864
2.497,-2.923
1.778,1.708
1.239,1.496
1.27,1.816
1.243,1.689
0.629,1.77
-0.007,1.583
-0.031,1.635
-0.568,1.744
-0.942,1.732
-1.072,1.816
-1.221,1.674
-1.427,1.617
-1.467,1.726
-1.794,1.719
-2.116,1.742
-2.863,1.64
3.059,1.711
2.895,1.623
2.447,1.537
2.44,-1.489
2.024,0.386
-0.093,-1.661
-0.27,-1.925
-0.305,0.336
-0.399,0.651
-1.616,-2.102
-2.11,-0.476
-2.523,0.9
-1.115,-3.023
-2.688,1.493
2.398,-1.125
2.396,0.033
2.196,-2.295
2.217,-0.18
2.222,-1.365
2.204,-1.411
1.974,-0.914
1.967,0.41
2.102,-2.147
1.97,-0.431
1.919,0.978
1.905,-2.222
1.853,-2.373
1.801,-1.321
1.78,-0.067
1.911,-1.185
1.745,-2.375
1.836,-1.409
1.723,-0.814
1.614,-1.3
1.699,-0.723
1.667,0.879
1.542,-1.4
1.545,-0.97
1.64,-1.138
1.573,-0.793
1.388,-1.014
1.275,-2.402
1.261,-2.249
1.316,-1.772
1.182,-0.982
1.136,1.394
1.038,-0.799
0.944,-1.928
0.816,-0.638
0.7,0.173
0.444,-1.766
0.468,-1.649
0.283,0.031
0.426,1.42
0.245,-2.176
0.223,-0.737
0.246,-0.057
0.244,-0.785
0.2,-0.938
0.132,0.264
0.043,-1.473
-0.119,0.06
-0.126,0.041
-0.27,-0.96
-0.246,0.065
-0.561,1.359
-0.413,0.359
-0.595,0.016
-0.486,0.929
-0.608,0.093
-0.704,1.304
-0.715,-0.513
-0.722,-1.864
-0.628,0.956
-0.791,-1.081
-0.865,-2.301
-0.742,-0.011
-0.76,-0.744
-0.749,0.351
-0.804,1.254
-0.822,1.473
-0.828,-0.853
-0.865,-2.386
-1.024,1.261
-1.06,-0.308
-1.065,-0.093
-1.158,-0.411
-1.166,0.138
-1.065,1.064
-1.065,-0.383
-1.257,-0.42
-1.132,-0.037
-1.259,-1.85
-1.31,-0.878
-1.327,-1.152
-1.323,-2.471
-1.474,0.841
-1.498,-1.364
-1.427,-2.312
-1.543,-1.496
-1.517,0.195
-1.661,-0.104
-1.642,1.344
-1.693,0.226
-1.817,-2.313
-1.721,-1.246
-1.871,-2.322
-1.917,0.83
-1.95,-2.332
-1.97,-0.18
-1.853,-1.695
-1.902,0.688
-2.122,1.234
-2.175,0.393
-2.311,-1.083
-2.47,-0.663
-2.396,-0.428
-2.493,0.259
-2.516,-0.667
-2.837,-0.838
-2.856,0.903
-2.748,-1.586
-2.796,0.818
-3.026,-1.574
-2.946,1.452
2.914,-0.323
2.883,-1.674
2.882,-0.542
2.984,-1.578
2.969,-1.31
2.776,-0.456
2.808,-1.994
2.657,1.394
2.741,-0.659
2.634,-0.789
2.601,-0.759
2.507,1.323
2.473,0.751
2.577,-0.85
2.546,-0.141
2.522,-0.166
2.352,-0.514
2.449,-1.366
2.308,-2.614
2.317,-2.589
1.761,-2.804
1.46,-2.513
1.333,-2.761
0.815,-2.884
0.64,-2.857
0.038,-2.965
-0.261,-2.479
-0.482,-2.823
-0.492,-2.88
-0.62,-2.789
-0.673,-2.837
-0.684,-2.967
-0.971,-2.842
-1.059,-2.654
-1.498,-2.56
-2.073,-2.967
-2.775,-2.662
-3.048,-2.989
2.688,-2.667
2.609,-2.792
2.396,1.596
1.502,1.71
0.235,1.582
-0.055,1.82
-1.006,1.732
-1.2,1.598
-1.397,1.8
-1.667,1.63
-1.83,1.653
1.454,-0.297
1.446,0.916
-0.193,-1.862
-3.001,-1.877
1.94,-1.03
1.916,-1.337
-1.91,0.51
-3.13,0.971
2.823,0.28
2.136,0.823
1.443,-0.66
1.149,-1.311
-0.505,0.174
-0.83,0.923
-0.877,0.104
-0.824,-1.646
-1.129,0.157
-2.336,0.804
3.136,1.336
2.733,-2.977
-0.832,1.714
0.824,1.738
1.042,1.041
-0.092,-1.165
-0.128,-0.397
-0.143,0.807
-0.084,0.299
-0.111,0.656
-0.108,-0.585
-0.233,1.126
-0.181,0.625
-0.249,-1.645
-0.183,-1.971
-0.204,-1.619
-0.255,-0.143
-0.368,0.993
-0.315,-1.382
-0.36,1.628
-0.478,-1.462
-0.514,-1.849
-0.457,1.109
-0.511,-0.41
-0.592,-1.144
-0.561,-1.762
-0.598,0.729
-0.659,-0.044
-0.593,0.446
-0.697,-0.411
-0.677,1.624
-0.842,1.669
-0.887,-0.359
-0.973,1.775
-0.97,-1.259
-0.954,0.624
-1.054,-1.416
-1.136,0.503
-1.117,-0.418
-1.072,-1.757
-1.081,-0.578
-1.176,0.302
-1.137,-0.55
-1.152,-2.057
-1.268,0.768
-1.251,-0.268
-1.297,-1.983
-1.354,0.244
-1.357,0.235
-1.325,1.393
-1.357,0.684
-1.376,0.263
-1.382,-0.424
-1.416,0.39
-1.519,0.662
-1.549,-2.221
-1.514,0.024
-1.518,0.519
-1.533,-1.204
-1.628,1.34
-1.639,1.545
-1.653,-0.766
-1.687,0.266
-1.744,1.058
-1.703,-0.52
-1.767,0.493
-1.786,-1.275
-1.951,1.67
-1.989,-0.385
-1.925,0.171
-1.929,-1.653
-2.008,0.73
-2.024,-1.175
-2.058,0.171
-2.118,0.624
-2.11,-1.203
-2.187,0.888
-2.177,-1.498
-2.241,-0.821
-2.282,-1.656
-2.419,-1.694
-2.479,0.298
-2.522,0.528
-2.507,-0.492
-2.532,1.195
-2.527,0.584
-2.558,0.616
-2.504,0.387
-2.607,-1.77
-2.584,-0.409
-2.688,-0.273
-2.835,0.301
-2.81,0.668
-2.896,-1.102
-3.003,-1.335
-3.04,0.112
3.129,-0.811
3.107,-2.141
2.913,-1.415
2.896,-1.748
2.908,-2.024
2.862,-1.394
2.63,1.697
2.623,-0.134
2.598,-1.684
2.614,0.314
2.527,-0.169
2.481,-2.034
2.558,1.05
2.523,-0.737
2.519,-1.159
2.42,0.479
2.465,-0.336
2.402,-1.367
2.442,-1.354
2.425,-0.867
2.414,0.276
2.338,-0.543
2.326,-1.203
2.312,-1.201
2.372,0.114
2.29,-2.393
2.269,-2.528
2.17,-2.384
2.034,-2.451
2.06,-2.242
1.948,-2.333
1.477,-2.252
1.54,-2.401
1.54,-2.338
1.466,-2.402
0.996,-2.337
0.154,-2.277
0.03,-2.539
-0.248,-2.517
-0.286,-2.51
-0.639,-2.378
-1.131,-2.342
-1.617,-2.348
-1.768,-2.552
-1.895,-2.555
-2.061,-2.304
-2.628,-2.513
-2.737,-2.547
-2.684,-2.34
-2.672,-2.267
-2.804,-2.369
2.628,-2.699
2.662,-2.544
2.55,-2.698
2.553,-2.604
2.447,-2.663
1.728,1.968
1.189,1.756
1.22,2.076
1.193,1.949
0.579,2.03
-0.057,1.843
-0.081,1.895
-0.618,2.004
-0.992,1.992
-1.122,2.076
-1.271,1.934
-1.477,1.877
-1.517,1.986
-1.844,1.979
-2.166,2.002
-2.913,1.9
3.009,1.971
2.845,1.883
2.397,1.797
2.39,-1.229
1.974,0.646
-0.143,-1.401
-0.32,-1.665
-0.355,0.596
-0.449,0.911
-1.666,-1.842
-2.16,-0.216
-2.573,1.16
-1.165,-2.763
-2.738,1.753
2.348,-0.865
2.346,0.293
2.146,-2.035
2.167,0.08
2.172,-1.105
2.154,-1.151
1.924,-0.654
1.917,0.67
2.052,-1.887
1.92,-0.171
1.869,1.238
1.855,-1.962
1.803,-2.113
1.751,-1.061
1.73,0.193
1.861,-0.925
1.695,-2.115
1.786,-1.149
1.673,-0.554
1.564,-1.04
1.649,-0.463
1.617,1.139
1.492,-1.14
1.495,-0.71
1.59,-0.878
1.523,-0.533
1.338,-0.754
1.225,-2.142
1.211,-1.989
1.266,-1.512
1.132,-0.722
1.086,1.654
0.988,-0.539
0.894,-1.668
0.766,-0.378
0.65,0.433
0.394,-1.506
0.418,-1.389
0.233,0.291
0.376,1.68
0.195,-1.916
0.173,-0.477
0.196,0.203
0.194,-0.525
0.15,-0.678
0.082,0.524
-0.007,-1.213
-0.169,0.32
-0.176,0.301
-0.32,-0.7
-0.296,0.325
-0.611,1.619
-0.463,0.619
-0.645,0.276
-0.536,1.189
-0.658,0.353
-0.754,1.564
-0.765,-0.253
-0.772,-1.604
-0.678,1.216
-0.841,-0.821
-0.915,-2.041
-0.792,0.249
-0.81,-0.484
-0.799,0.611
-0.854,1.514
-0.872,1.733
-0.878,-0.593
-0.915,-2.126
-1.074,1.521
-1.11,-0.048
-1.115,0.167
-1.208,-0.151
-1.216,0.398
-1.115,1.324
-1.115,-0.123
-1.307,-0.16
-1.182,0.223
-1.309,-1.59
-1.36,-0.618
-1.377,-0.892
-1.373,-2.211
-1.524,1.101
-1.548,-1.104
-1.477,-2.052
-1.593,-1.236
-1.567,0.455
-1.711,0.156
-1.692,1.604
-1.743,0.486
-1.867,-2.053
-1.771,-0.986
-1.921,-2.062
-1.967,1.09
-2.0,-2.072
-2.02,0.08
-1.903,-1.435
-1.952,0.948
-2.172,1.494
-2.225,0.653
-2.361,-0.823
-2.52,-0.403
-2.446,-0.168
-2.543,0.519
-2.566,-0.407
-2.887,-0.578
-2.906,1.163
-2.798,-1.326
-2.846,1.078
-3.076,-1.314
-2.996,1.712
2.864,-0.063
2.833,-1.414
2.832,-0.282
2.934,-1.318
2.919,-1.05
2.726,-0.196
2.758,-1.734
2.607,1.654
2.691,-0.399
2.584,-0.529
2.551,-0.499
2.457,1.583
2.423,1.011
2.527,-0.59
2.496,0.119
2.472,0.094
2.302,-0.254
2.399,-1.106
2.258,-2.354
2.267,-2.329
1.711,-2.544
1.41,-2.253
1.283,-2.501
0.765,-2.624
0.59,-2.597
-0.012,-2.705
-0.311,-2.219
-0.532,-2.563
-0.542,-2.62
-0.67,-2.529
-0.723,-2.577
-0.734,-2.707
-1.021,-2.582
-1.109,-2.394
-1.548,-2.3
-2.123,-2.707
-2.825,-2.402
-3.098,-2.729
2.638,-2.407
2.559,-2.532
2.346,1.856
1.452,1.97
0.185,1.842
-0.105,2.08
-1.056,1.992
-1.25,1.858
-1.447,2.06
-1.717,1.89
-1.88,1.913
1.404,-0.037
1.396,1.176
-0.243,-1.602
-3.051,-1.617
1.89,-0.77
1.866,-1.077
-1.96,0.77
3.103,1.231
2.773,0.54
2.086,1.083
1.393,-0.4
1.099,-1.051
-0.555,0.434
-0.88,1.183
-0.927,0.364
-0.874,-1.386
-1.179,0.417
-2.386,1.064
3.086,1.596
2.683,-2.717
-0.882,1.974
0.774,1.998
0.992,1.301
-0.036,0.768
-0.051,1.972
0.008,1.464
-0.019,1.821
-0.016,0.58
-0.141,2.291
-0.089,1.79
-0.157,-0.48
-0.091,-0.806
-0.112,-0.454
-0.163,1.022
-0.276,2.158
-0.223,-0.217
-0.268,2.793
-0.386,-0.297
-0.422,-0.684
-0.365,2.274
-0.419,0.755
-0.5,0.021
-0.469,-0.597
-0.506,1.894
-0.567,1.121
-0.501,1.611
-0.605,0.754
-0.585,2.789
-0.75,2.834
-0.795,0.806
-0.881,2.94
-0.878,-0.094
-0.862,1.789
-0.962,-0.251
-1.044,1.668
-1.025,0.747
-0.98,-0.592
-0.989,0.587
-1.084,1.467
-1.045,0.615
-1.06,-0.892
-1.176,1.933
-1.159,0.897
-1.205,-0.818
-1.262,1.409
-1.265,1.4
-1.233,2.558
-1.265,1.849
-1.284,1.428
-1.29,0.741
-1.324,1.555
-1.427,1.827
-1.457,-1.056
-1.422,1.189
-1.426,1.684
-1.441,-0.039
-1.536,2.505
-1.547,2.71
-1.561,0.399
-1.595,1.431
-1.652,2.223
-1.611,0.645
-1.675,1.658
-1.694,-0.11
-1.859,2.835
-1.897,0.78
-1.833,1.336
-1.837,-0.488
-1.916,1.895
-1.932,-0.01
-1.966,1.336
-2.026,1.789
-2.018,-0.038
-2.095,2.053
-2.085,-0.333
-2.149,0.344
-2.19,-0.491
-2.327,-0.529
-2.387,1.463
-2.43,1.693
-2.415,0.673
-2.44,2.36
-2.435,1.749
-2.466,1.781
-2.412,1.552
-2.515,-0.605
-2.492,0.756
-2.596,0.892
-2.743,1.466
-2.718,1.833
-2.804,0.063
-2.911,-0.17
-2.948,1.277
-3.062,0.354
-3.084,-0.976
3.005,-0.25
2.988,-0.583
3.0,-0.859
2.954,-0.229
2.722,2.862
2.715,1.031
2.69,-0.519
2.706,1.479
2.619,0.996
2.573,-0.869
2.65,2.215
2.615,0.428
2.611,0.006
2.512,1.644
2.557,0.829
2.494,-0.202
2.534,-0.189
2.517,0.298
2.506,1.441
2.43,0.622
2.418,-0.038
2.404,-0.036
2.464,1.279
2.382,-1.228
2.361,-1.363
2.262,-1.219
2.126,-1.286
2.152,-1.077
2.04,-1.168
1.569,-1.087
1.632,-1.236
1.632,-1.173
1.558,-1.237
1.088,-1.172
0.246,-1.112
0.122,-1.374
-0.156,-1.352
-0.194,-1.345
-0.547,-1.213
-1.039,-1.177
-1.525,-1.183
-1.676,-1.387
-1.803,-1.39
-1.969,-1.139
-2.536,-1.348
-2.645,-1.382
-2.592,-1.175
-2.58,-1.102
-2.712,-1.204
2.72,-1.534
2.754,-1.379
2.642,-1.533
2.645,-1.439
2.539,-1.498
1.82,3.133
1.281,2.921
1.312,3.241
1.285,3.114
0.671,3.195
0.035,3.008
0.011,3.06
-0.526,3.169
-0.9,3.157
-1.03,3.241
-1.179,3.099
-1.385,3.042
-1.425,3.151
-1.752,3.144
-2.074,3.167
-2.821,3.065
3.101,3.136
2.937,3.048
2.489,2.962
2.482,-0.064
2.066,1.811
-0.051,-0.236
-0.228,-0.5
-0.263,1.761
-0.357,2.076
-1.574,-0.677
-2.068,0.949
-2.481,2.325
-1.073,-1.598
-2.646,2.918
2.44,0.3
2.438,1.458
2.238,-0.87
2.259,1.245
2.264,0.06
2.246,0.014
2.016,0.511
2.009,1.835
2.144,-0.722
2.012,0.994
1.961,2.403
1.947,-0.797
1.895,-0.948
1.843,0.104
1.822,1.358
1.953,0.24
1.787,-0.95
1.878,0.016
1.765,0.611
1.656,0.125
1.741,0.702
1.709,2.304
1.584,0.025
1.587,0.455
1.682,0.287
1.615,0.632
1.43,0.411
1.317,-0.977
1.303,-0.824
1.358,-0.347
1.224,0.443
1.178,2.819
1.08,0.626
0.986,-0.503
0.858,0.787
0.742,1.598
0.486,-0.341
0.51,-0.224
0.325,1.456
0.468,2.845
0.287,-0.751
0.265,0.688
0.288,1.368
0.286,0.64
0.242,0.487
0.174,1.689
0.085,-0.048
-0.077,1.485
-0.084,1.466
-0.228,0.465
-0.204,1.49
-0.519,2.784
-0.371,1.784
-0.553,1.441
-0.444,2.354
-0.566,1.518
-0.662,2.729
-0.673,0.912
-0.68,-0.439
-0.586,2.381
-0.749,0.344
-0.823,-0.876
-0.7,1.414
-0.718,0.681
-0.707,1.776
-0.762,2.679
-0.78,2.898
-0.786,0.572
-0.823,-0.961
-0.982,2.686
-1.018,1.117
-1.023,1.332
-1.116,1.014
-1.124,1.563
-1.023,2.489
-1.023,1.042
-1.215,1.005
-1.09,1.388
-1.217,-0.425
-1.268,0.547
-1.285,0.273
-1.281,-1.046
-1.432,2.266
-1.456,0.061
-1.385,-0.887
-1.501,-0.071
-1.475,1.62
-1.619,1.321
-1.6,2.769
-1.651,1.651
-1.775,-0.888
-1.679,0.179
-1.829,-0.897
-1.875,2.255
-1.908,-0.907
-1.928,1.245
-1.811,-0.27
-1.86,2.113
-2.08,2.659
-2.133,1.818
-2.269,0.342
-2.428,0.762
-2.354,0.997
-2.451,1.684
-2.474,0.758
-2.795,0.587
-2.814,2.328
-2.706,-0.161
-2.754,2.243
-2.984,-0.149
-2.904,2.877
2.956,1.102
2.925,-0.249
2.924,0.883
3.026,-0.153
3.011,0.115
2.818,0.969
2.85,-0.569
2.699,2.819
2.783,0.766
2.676,0.636
2.643,0.666
2.549,2.748
2.515,2.176
2.619,0.575
2.588,1.284
2.564,1.259
2.394,0.911
2.491,0.059
2.35,-1.189
2.359,-1.164
1.803,-1.379
1.502,-1.088
1.375,-1.336
0.857,-1.459
0.682,-1.432
0.08,-1.54
-0.219,-1.054
-0.44,-1.398
-0.45,-1.455
-0.578,-1.364
-0.631,-1.412
-0.642,-1.542
-0.929,-1.417
-1.017,-1.229
-1.456,-1.135
-2.031,-1.542
-2.733,-1.237
-3.006,-1.564
2.73,-1.242
2.651,-1.367
2.438,3.021
1.544,3.135
0.277,3.007
-0.013,3.245
-0.964,3.157
-1.158,3.023
-1.355,3.225
-1.625,3.055
-1.788,3.078
1.496,1.128
1.488,2.341
-0.151,-0.437
-2.959,-0.452
1.982,0.395
1.958,0.088
-1.868,1.935
-3.088,2.396
2.865,1.705
2.178,2.248
1.485,0.765
1.191,0.114
-0.463,1.599
-0.788,2.348
-0.835,1.529
-0.782,-0.221
-1.087,1.582
-2.294,2.229
-3.105,2.761
2.775,-1.552
-0.79,3.139
0.866,3.163
1.084,2.466
-0.015,1.204
0.044,0.696
0.017,1.053
0.02,-0.188
-0.105,1.523
-0.053,1.022
-0.121,-1.248
-0.055,-1.574
-0.076,-1.222
-0.127,0.254
-0.24,1.39
-0.187,-0.985
-0.232,2.025
-0.35,-1.065
-0.386,-1.452
-0.329,1.506
-0.383,-0.013
-0.464,-0.747
-0.433,-1.365
-0.47,1.126
-0.531,0.353
-0.465,0.843
-0.569,-0.014
-0.549,2.021
-0.714,2.066
-0.759,0.038
-0.845,2.172
-0.842,-0.862
-0.826,1.021
-0.926,-1.019
-1.008,0.9
-0.989,-0.021
-0.944,-1.36
-0.953,-0.181
-1.048,0.699
-1.009,-0.153
-1.024,-1.66
-1.14,1.165
-1.123,0.129
-1.169,-1.586
-1.226,0.641
-1.229,0.632
-1.197,1.79
-1.229,1.081
-1.248,0.66
-1.254,-0.027
-1.288,0.787
-1.391,1.059
-1.421,-1.824
-1.386,0.421
-1.39,0.916
-1.405,-0.807
-1.5,1.737
-1.511,1.942
-1.525,-0.369
-1.559,0.663
-1.616,1.455
-1.575,-0.123
-1.639,0.89
-1.658,-0.878
-1.823,2.067
-1.861,0.012
-1.797,0.568
-1.801,-1.256
-1.88,1.127
-1.896,-0.778
-1.93,0.568
-1.99,1.021
-1.982,-0.806
-2.059,1.285
-2.049,-1.101
-2.113,-0.424
-2.154,-1.259
-2.291,-1.297
-2.351,0.695
-2.394,0.925
-2.379,-0.095
-2.404,1.592
-2.399,0.981
-2.43,1.013
-2.376,0.784
-2.479,-1.373
-2.456,-0.012
-2.56,0.124
-2.707,0.698
-2.682,1.065
-2.768,-0.705
-2.875,-0.938
-2.912,0.509
-3.026,-0.414
-3.048,-1.744
3.041,-1.018
3.024,-1.351
3.036,-1.627
2.99,-0.997
2.758,2.094
2.751,0.263
2.726,-1.287
2.742,0.711
2.655,0.228
2.609,-1.637
2.686,1.447
2.651,-0.34
2.647,-0.762
2.548,0.876
2.593,0.061
2.53,-0.97
2.57,-0.957
2.553,-0.47
2.542,0.673
2.466,-0.146
2.454,-0.806
2.44,-0.804
2.5,0.511
2.418,-1.996
2.397,-2.131
2.298,-1.987
2.162,-2.054
2.188,-1.845
2.076,-1.936
1.605,-1.855
1.668,-2.004
1.668,-1.941
1.594,-2.005
1.124,-1.94
0.282,-1.88
0.158,-2.142
-0.12,-2.12
-0.158,-2.113
-0.511,-1.981
-1.003,-1.945
-1.489,-1.951
-1.64,-2.155
-1.767,-2.158
-1.933,-1.907
-2.5,-2.116
-2.609,-2.15
-2.556,-1.943
-2.544,-1.87
-2.676,-1.972
2.756,-2.302
2.79,-2.147
2.678,-2.301
2.681,-2.207
2.575,-2.266
1.856,2.365
1.317,2.153
1.348,2.473
1.321,2.346
0.707,2.427
0.071,2.24
0.047,2.292
-0.49,2.401
-0.864,2.389
-0.994,2.473
-1.143,2.331
-1.349,2.274
-1.389,2.383
-1.716,2.376
-2.038,2.399
-2.785,2.297
3.137,2.368
2.973,2.28
2.525,2.194
2.518,-0.832
2.102,1.043
-0.015,-1.004
-0.192,-1.268
-0.227,0.993
-0.321,1.308
-1.538,-1.445
-2.032,0.181
-2.445,1.557
-1.037,-2.366
-2.61,2.15
2.476,-0.468
2.474,0.69
2.274,-1.638
2.295,0.477
2.3,-0.708
2.282,-0.754
2.052,-0.257
2.045,1.067
2.18,-1.49
2.048,0.226
1.997,1.635
1.983,-1.565
1.931,-1.716
1.879,-0.664
1.858,0.59
1.989,-0.528
1.823,-1.718
1.914,-0.752
1.801,-0.157
1.692,-0.643
1.777,-0.066
1.745,1.536
1.62,-0.743
1.623,-0.313
1.718,-0.481
1.651,-0.136
1.466,-0.357
1.353,-1.745
1.339,-1.592
1.394,-1.115
1.26,-0.325
1.214,2.051
1.116,-0.142
1.022,-1.271
0.894,0.019
0.778,0.83
0.522,-1.109
0.546,-0.992
0.361,0.688
0.504,2.077
0.323,-1.519
0.301,-0.08
0.324,0.6
0.322,-0.128
0.278,-0.281
0.21,0.921
0.121,-0.816
-0.041,0.717
-0.048,0.698
-0.192,-0.303
-0.168,0.722
-0.483,2.016
-0.335,1.016
-0.517,0.673
-0.408,1.586
-0.53,0.75
-0.626,1.961
-0.637,0.144
-0.644,-1.207
-0.55,1.613
-0.713,-0.424
-0.787,-1.644
-0.664,0.646
-0.682,-0.087
-0.671,1.008
-0.726,1.911
-0.744,2.13
-0.75,-0.196
-0.787,-1.729
-0.946,1.918
-0.982,0.349
-0.987,0.564
-1.08,0.246
-1.088,0.795
-0.987,1.721
-0.987,0.274
-1.179,0.237
-1.054,0.62
-1.181,-1.193
-1.232,-0.221
-1.249,-0.495
-1.245,-1.814
-1.396,1.498
-1.42,-0.707
-1.349,-1.655
-1.465,-0.839
-1.439,0.852
-1.583,0.553
-1.564,2.001
-1.615,0.883
-1.739,-1.656
-1.643,-0.589
-1.793,-1.665
-1.839,1.487
-1.872,-1.675
-1.892,0.477
-1.775,-1.038
-1.824,1.345
-2.044,1.891
-2.097,1.05
-2.233,-0.426
-2.392,-0.006
-2.318,0.229
-2.415,0.916
-2.438,-0.01
-2.759,-0.181
-2.778,1.56
-2.67,-0.929
-2.718,1.475
-2.948,-0.917
-2.868,2.109
2.992,0.334
2.961,-1.017
2.96,0.115
3.062,-0.921
3.047,-0.653
2.854,0.201
2.886,-1.337
2.735,2.051
2.819,-0.002
2.712,-0.132
2.679,-0.102
2.585,1.98
2.551,1.408
2.655,-0.193
2.624,0.516
2.6,0.491
2.43,0.143
2.527,-0.709
2.386,-1.957
2.395,-1.932
1.839,-2.147
1.538,-1.856
1.411,-2.104
0.893,-2.227
0.718,-2.2
0.116,-2.308
-0.183,-1.822
-0.404,-2.166
-0.414,-2.223
-0.542,-2.132
-0.595,-2.18
-0.606,-2.31
-0.893,-2.185
-0.981,-1.997
-1.42,-1.903
-1.995,-2.31
-2.697,-2.005
-2.97,-2.332
2.766,-2.01
2.687,-2.135
2.474,2.253
1.58,2.367
0.313,2.239
0.023,2.477
-0.928,2.389
-1.122,2.255
-1.319,2.457
-1.589,2.287
-1.752,2.31
1.532,0.36
1.524,1.573
-0.115,-1.205
-2.923,-1.22
2.018,-0.373
1.994,-0.68
-1.832,1.167
-3.052,1.628
2.901,0.937
2.214,1.48
1.521,-0.003
1.227,-0.654
-0.427,0.831
-0.752,1.58
-0.799,0.761
-0.746,-0.989
-1.051,0.814
-2.258,1.461
-3.069,1.993
2.811,-2.32
-0.754,2.371
0.902,2.395
1.12,1.698
0.059,-0.508
0.032,-0.151
0.035,-1.392
-0.09,0.319
-0.038,-0.182
-0.106,-2.452
-0.04,-2.778
-0.061,-2.426
-0.112,-0.95
-0.225,0.186
-0.172,-2.189
-0.217,0.821
-0.335,-2.269
-0.371,-2.656
-0.314,0.302
-0.368,-1.217
-0.449,-1.951
-0.418,-2.569
-0.455,-0.078
-0.516,-0.851
-0.45,-0.361
-0.554,-1.218
-0.534,0.817
-0.699,0.862
-0.744,-1.166
-0.83,0.968
-0.827,-2.066
-0.811,-0.183
-0.911,-2.223
-0.993,-0.304
-0.974,-1.225
-0.929,-2.564
-0.938,-1.385
-1.033,-0.505
-0.994,-1.357
-1.009,-2.864
-1.125,-0.039
-1.108,-1.075
-1.154,-2.79
-1.211,-0.563
-1.214,-0.572
-1.182,0.586
-1.214,-0.123
-1.233,-0.544
-1.239,-1.231
-1.273,-0.417
-1.376,-0.145
-1.406,-3.028
-1.371,-0.783
-1.375,-0.288
-1.39,-2.011
-1.485,0.533
-1.496,0.738
-1.51,-1.573
-1.544,-0.541
-1.601,0.251
-1.56,-1.327
-1.624,-0.314
-1.643,-2.082
-1.808,0.863
-1.846,-1.192
-1.782,-0.636
-1.786,-2.46
-1.865,-0.077
-1.881,-1.982
-1.915,-0.636
-1.975,-0.183
-1.967,-2.01
-2.044,0.081
-2.034,-2.305
-2.098,-1.628
-2.139,-2.463
-2.276,-2.501
-2.336,-0.509
-2.379,-0.279
-2.364,-1.299
-2.389,0.388
-2.384,-0.223
-2.415,-0.191
-2.361,-0.42
-2.464,-2.577
-2.441,-1.216
-2.545,-1.08
-2.692,-0.506
-2.667,-0.139
-2.753,-1.909
-2.86,-2.142
-2.897,-0.695
-3.011,-1.618
-3.033,-2.948
3.056,-2.222
3.039,-2.555
3.051,-2.831
3.005,-2.201
2.773,0.89
2.766,-0.941
2.741,-2.491
2.757,-0.493
2.67,-0.976
2.624,-2.841
2.701,0.243
2.666,-1.544
2.662,-1.966
2.563,-0.328
2.608,-1.143
2.545,-2.174
2.585,-2.161
2.568,-1.674
2.557,-0.531
2.481,-1.35
2.469,-2.01
2.455,-2.008
2.515,-0.693
2.433,-3.2
2.412,-3.335
2.313,-3.191
2.177,-3.258
2.203,-3.049
2.091,-3.14
1.62,-3.059
1.683,-3.208
1.683,-3.145
1.609,-3.209
1.139,-3.144
0.297,-3.084
0.173,-3.346
-0.105,-3.324
-0.143,-3.317
-0.496,-3.185
-0.988,-3.149
-1.474,-3.155
-1.625,-3.359
-1.752,-3.362
-1.918,-3.111
-2.485,-3.32
-2.594,-3.354
-2.541,-3.147
-2.529,-3.074
-2.661,-3.176
2.771,-3.506
2.805,-3.351
2.693,-3.505
2.696,-3.411
2.59,-3.47
1.871,1.161
1.332,0.949
1.363,1.269
1.336,1.142
0.722,1.223
0.086,1.036
0.062,1.088
-0.475,1.197
-0.849,1.185
-0.979,1.269
-1.128,1.127
-1.334,1.07
-1.374,1.179
-1.701,1.172
-2.023,1.195
-2.77,1.093
-3.131,1.164
2.988,1.076
2.54,0.99
2.533,-2.036
2.117,-0.161
0.0,-2.208
-0.177,-2.472
-0.212,-0.211
-0.306,0.104
-1.523,-2.649
-2.017,-1.023
-2.43,0.353
-1.022,-3.57
-2.595,0.946
2.491,-1.672
2.489,-0.514
2.289,-2.842
2.31,-0.727
2.315,-1.912
2.297,-1.958
2.067,-1.461
2.06,-0.137
2.195,-2.694
2.063,-0.978
2.012,0.431
1.998,-2.769
1.946,-2.92
1.894,-1.868
1.873,-0.614
2.004,-1.732
1.838,-2.922
1.929,-1.956
1.816,-1.361
1.707,-1.847
1.792,-1.27
1.76,0.332
1.635,-1.947
1.638,-1.517
1.733,-1.685
1.666,-1.34
1.481,-1.561
1.368,-2.949
1.354,-2.796
1.409,-2.319
1.275,-1.529
1.229,0.847
1.131,-1.346
1.037,-2.475
0.909,-1.185
0.793,-0.374
0.537,-2.313
0.561,-2.196
0.376,-0.516
0.519,0.873
0.338,-2.723
0.316,-1.284
0.339,-0.604
0.337,-1.332
0.293,-1.485
0.225,-0.283
0.136,-2.02
-0.026,-0.487
-0.033,-0.506
-0.177,-1.507
-0.153,-0.482
-0.468,0.812
-0.32,-0.188
-0.502,-0.531
-0.393,0.382
-0.515,-0.454
-0.611,0.757
-0.622,-1.06
-0.629,-2.411
-0.535,0.409
-0.698,-1.628
-0.772,-2.848
-0.649,-0.558
-0.667,-1.291
-0.656,-0.196
-0.711,0.707
-0.729,0.926
-0.735,-1.4
-0.772,-2.933
-0.931,0.714
-0.967,-0.855
-0.972,-0.64
-1.065,-0.958
-1.073,-0.409
-0.972,0.517
-0.972,-0.93
-1.164,-0.967
-1.039,-0.584
-1.166,-2.397
-1.217,-1.425
-1.234,-1.699
-1.23,-3.018
-1.381,0.294
-1.405,-1.911
-1.334,-2.859
-1.45,-2.043
-1.424,-0.352
-1.568,-0.651
-1.549,0.797
-1.6,-0.321
-1.724,-2.86
-1.628,-1.793
-1.778,-2.869
-1.824,0.283
-1.857,-2.879
-1.877,-0.727
-1.76,-2.242
-1.809,0.141
-2.029,0.687
-2.082,-0.154
-2.218,-1.63
-2.377,-1.21
-2.303,-0.975
-2.4,-0.288
-2.423,-1.214
-2.744,-1.385
-2.763,0.356
-2.655,-2.133
-2.703,0.271
-2.933,-2.121
-2.853,0.905
3.007,-0.87
2.976,-2.221
2.975,-1.089
3.077,-2.125
3.062,-1.857
2.869,-1.003
2.901,-2.541
2.75,0.847
2.834,-1.206
2.727,-1.336
2.694,-1.306
2.6,0.776
2.566,0.204
2.67,-1.397
2.639,-0.688
2.615,-0.713
2.445,-1.061
2.542,-1.913
2.401,-3.161
2.41,-3.136
1.854,-3.351
1.553,-3.06
1.426,-3.308
0.908,-3.431
0.733,-3.404
0.131,-3.512
-0.168,-3.026
-0.389,-3.37
-0.399,-3.427
-0.527,-3.336
-0.58,-3.384
-0.591,-3.514
-0.878,-3.389
-0.966,-3.201
-1.405,-3.107
-1.98,-3.514
-2.682,-3.209
-2.955,-3.536
2.781,-3.214
2.702,-3.339
2.489,1.049
1.595,1.163
0.328,1.035
0.038,1.273
-0.913,1.185
-1.107,1.051
-1.304,1.253
-1.574,1.083
-1.737,1.106
1.547,-0.844
1.539,0.369
-0.1,-2.409
-2.908,-2.424
2.033,-1.577
2.009,-1.884
-1.817,-0.037
-3.037,0.424
2.916,-0.267
2.229,0.276
1.536,-1.207
1.242,-1.858
-0.412,-0.373
-0.737,0.376
-0.784,-0.443
-0.731,-2.193
-1.036,-0.39
-2.243,0.257
-3.054,0.789
2.826,-3.524
-0.739,1.167
0.917,1.191
1.135,0.494
-0.027,0.357
-0.024,-0.884
-0.149,0.827
-0.097,0.326
-0.165,-1.944
-0.099,-2.27
-0.12,-1.918
-0.171,-0.442
-0.284,0.694
-0.231,-1.681
-0.276,1.329
-0.394,-1.761
-0.43,-2.148
-0.373,0.81
-0.427,-0.709
-0.508,-1.443
-0.477,-2.061
-0.514,0.43
-0.575,-0.343
-0.509,0.147
-0.613,-0.71
-0.593,1.325
-0.758,1.37
-0.803,-0.658
-0.889,1.476
-0.886,-1.558
-0.87,0.325
-0.97,-1.715
-1.052,0.204
-1.033,-0.717
-0.988,-2.056
-0.997,-0.877
-1.092,0.003
-1.053,-0.849
-1.068,-2.356
-1.184,0.469
-1.167,-0.567
-1.213,-2.282
-1.27,-0.055
-1.273,-0.064
-1.241,1.094
-1.273,0.385
-1.292,-0.036
-1.298,-0.723
-1.332,0.091
-1.435,0.363
-1.465,-2.52
-1.43,-0.275
-1.434,0.22
-1.449,-1.503
-1.544,1.041
-1.555,1.246
-1.569,-1.065
-1.603,-0.033
-1.66,0.759
-1.619,-0.819
-1.683,0.194
-1.702,-1.574
-1.867,1.371
-1.905,-0.684
-1.841,-0.128
-1.845,-1.952
-1.924,0.431
-1.94,-1.474
-1.974,-0.128
-2.034,0.325
-2.026,-1.502
-2.103,0.589
-2.093,-1.797
-2.157,-1.12
-2.198,-1.955
-2.335,-1.993
-2.395,-0.001
-2.438,0.229
-2.423,-0.791
-2.448,0.896
-2.443,0.285
-2.474,0.317
-2.42,0.088
-2.523,-2.069
-2.5,-0.708
-2.604,-0.572
-2.751,0.002
-2.726,0.369
-2.812,-1.401
-2.919,-1.634
-2.956,-0.187
-3.07,-1.11
-3.092,-2.44
2.997,-1.714
2.98,-2.047
2.992,-2.323
2.946,-1.693
2.714,1.398
2.707,-0.433
2.682,-1.983
2.698,0.015
2.611,-0.468
2.565,-2.333
2.642,0.751
2.607,-1.036
2.603,-1.458
2.504,0.18
2.549,-0.635
2.486,-1.666
2.526,-1.653
2.509,-1.166
2.498,-0.023
2.422,-0.842
2.41,-1.502
2.396,-1.5
2.456,-0.185
2.374,-2.692
2.353,-2.827
2.254,-2.683
2.118,-2.75
2.144,-2.541
2.032,-2.632
1.561,-2.551
1.624,-2.7
1.624,-2.637
1.55,-2.701
1.08,-2.636
0.238,-2.576
0.114,-2.838
-0.164,-2.816
-0.202,-2.809
-0.555,-2.677
-1.047,-2.641
-1.533,-2.647
-1.684,-2.851
-1.811,-2.854
-1.977,-2.603
-2.544,-2.812
-2.653,-2.846
-2.6,-2.639
-2.588,-2.566
-2.72,-2.668
2.712,-2.998
2.746,-2.843
2.634,-2.997
2.637,-2.903
2.531,-2.962
1.812,1.669
1.273,1.457
1.304,1.777
1.277,1.65
0.663,1.731
0.027,1.544
0.003,1.596
-0.534,1.705
-0.908,1.693
-1.038,1.777
-1.187,1.635
-1.393,1.578
-1.433,1.687
-1.76,1.68
-2.082,1.703
-2.829,1.601
3.093,1.672
2.929,1.584
2.481,1.498
2.474,-1.528
2.058,0.347
-0.059,-1.7
-0.236,-1.964
-0.271,0.297
-0.365,0.612
-1.582,-2.141
-2.076,-0.515
-2.489,0.861
-1.081,-3.062
-2.654,1.454
2.432,-1.164
2.43,-0.006
2.23,-2.334
2.251,-0.219
2.256,-1.404
2.238,-1.45
2.008,-0.953
2.001,0.371
2.136,-2.186
2.004,-0.47
1.953,0.939
1.939,-2.261
1.887,-2.412
1.835,-1.36
1.814,-0.106
1.945,-1.224
1.779,-2.414
1.87,-1.448
1.757,-0.853
1.648,-1.339
1.733,-0.762
1.701,0.84
1.576,-1.439
1.579,-1.009
1.674,-1.177
1.607,-0.832
1.422,-1.053
1.309,-2.441
1.295,-2.288
1.35,-1.811
1.216,-1.021
1.17,1.355
1.072,-0.838
0.978,-1.967
0.85,-0.677
0.734,0.134
0.478,-1.805
0.502,-1.688
0.317,-0.008
0.46,1.381
0.279,-2.215
0.257,-0.776
0.28,-0.096
0.278,-0.824
0.234,-0.977
0.166,0.225
0.077,-1.512
-0.085,0.021
-0.092,0.002
-0.236,-0.999
-0.212,0.026
-0.527,1.32
-0.379,0.32
-0.561,-0.023
-0.452,0.89
-0.574,0.054
-0.67,1.265
-0.681,-0.552
-0.688,-1.903
-0.594,0.917
-0.757,-1.12
-0.831,-2.34
-0.708,-0.05
-0.726,-0.783
-0.715,0.312
-0.77,1.215
-0.788,1.434
-0.794,-0.892
-0.831,-2.425
-0.99,1.222
-1.026,-0.347
-1.031,-0.132
-1.124,-0.45
-1.132,0.099
-1.031,1.025
-1.031,-0.422
-1.223,-0.459
-1.098,-0.076
-1.225,-1.889
-1.276,-0.917
-1.293,-1.191
-1.289,-2.51
-1.44,0.802
-1.464,-1.403
-1.393,-2.351
-1.509,-1.535
-1.483,0.156
-1.627,-0.143
-1.608,1.305
-1.659,0.187
-1.783,-2.352
-1.687,-1.285
-1.837,-2.361
-1.883,0.791
-1.916,-2.371
-1.936,-0.219
-1.819,-1.734
-1.868,0.649
-2.088,1.195
-2.141,0.354
-2.277,-1.122
-2.436,-0.702
-2.362,-0.467
-2.459,0.22
-2.482,-0.706
-2.803,-0.877
-2.822,0.864
-2.714,-1.625
-2.762,0.779
-2.992,-1.613
-2.912,1.413
2.948,-0.362
2.917,-1.713
2.916,-0.581
3.018,-1.617
3.003,-1.349
2.81,-0.495
2.842,-2.033
2.691,1.355
2.775,-0.698
2.668,-0.828
2.635,-0.798
2.541,1.284
2.507,0.712
2.611,-0.889
2.58,-0.18
2.556,-0.205
2.386,-0.553
2.483,-1.405
2.342,-2.653
2.351,-2.628
1.795,-2.843
1.494,-2.552
1.367,-2.8
0.849,-2.923
0.674,-2.896
0.072,-3.004
-0.227,-2.518
-0.448,-2.862
-0.458,-2.919
-0.586,-2.828
-0.639,-2.876
-0.65,-3.006
-0.937,-2.881
-1.025,-2.693
-1.464,-2.599
-2.039,-3.006
-2.741,-2.701
-3.014,-3.028
2.722,-2.706
2.643,-2.831
2.43,1.557
1.536,1.671
0.269,1.543
-0.021,1.781
-0.972,1.693
-1.166,1.559
-1.363,1.761
-1.633,1.591
-1.796,1.614
1.488,-0.336
1.48,0.877
-0.159,-1.901
-2.967,-1.916
1.974,-1.069
1.95,-1.376
-1.876,0.471
-3.096,0.932
2.857,0.241
2.17,0.784
1.477,-0.699
1.183,-1.35
-0.471,0.135
-0.796,0.884
-0.843,0.065
-0.79,-1.685
-1.095,0.118
-2.302,0.765
-3.113,1.297
2.767,-3.016
-0.798,1.675
0.858,1.699
1.076,1.002
0.003,-1.241
-0.122,0.47
-0.07,-0.031
-0.138,-2.301
-0.072,-2.627
-0.093,-2.275
-0.144,-0.799
-0.257,0.337
-0.204,-2.038
-0.249,0.972
-0.367,-2.118
-0.403,-2.505
-0.346,0.453
-0.4,-1.066
-0.481,-1.8
-0.45,-2.418
-0.487,0.073
-0.548,-0.7
-0.482,-0.21
-0.586,-1.067
-0.566,0.968
-0.731,1.013
-0.776,-1.015
-0.862,1.119
-0.859,-1.915
-0.843,-0.032
-0.943,-2.072
-1.025,-0.153
-1.006,-1.074
-0.961,-2.413
-0.97,-1.234
-1.065,-0.354
-1.026,-1.206
-1.041,-2.713
-1.157,0.112
-1.14,-0.924
-1.186,-2.639
-1.243,-0.412
-1.246,-0.421
-1.214,0.737
-1.246,0.028
-1.265,-0.393
-1.271,-1.08
-1.305,-0.266
-1.408,0.006
-1.438,-2.877
-1.403,-0.632
-1.407,-0.137
-1.422,-1.86
-1.517,0.684
-1.528,0.889
-1.542,-1.422
-1.576,-0.39
-1.633,0.402
-1.592,-1.176
-1.656,-0.163
-1.675,-1.931
-1.84,1.014
-1.878,-1.041
-1.814,-0.485
-1.818,-2.309
-1.897,0.074
-1.913,-1.831
-1.947,-0.485
-2.007,-0.032
-1.999,-1.859
-2.076,0.232
-2.066,-2.154
-2.13,-1.477
-2.171,-2.312
-2.308,-2.35
-2.368,-0.358
-2.411,-0.128
-2.396,-1.148
-2.421,0.539
-2.416,-0.072
-2.447,-0.04
-2.393,-0.269
-2.496,-2.426
-2.473,-1.065
-2.577,-0.929
-2.724,-0.355
-2.699,0.012
-2.785,-1.758
-2.892,-1.991
-2.929,-0.544
-3.043,-1.467
-3.065,-2.797
3.024,-2.071
3.007,-2.404
3.019,-2.68
2.973,-2.05
2.741,1.041
2.734,-0.79
2.709,-2.34
2.725,-0.342
2.638,-0.825
2.592,-2.69
2.669,0.394
2.634,-1.393
2.63,-1.815
2.531,-0.177
2.576,-0.992
2.513,-2.023
2.553,-2.01
2.536,-1.523
2.525,-0.38
2.449,-1.199
2.437,-1.859
2.423,-1.857
2.483,-0.542
2.401,-3.049
2.38,-3.184
2.281,-3.04
2.145,-3.107
2.171,-2.898
2.059,-2.989
1.588,-2.908
1.651,-3.057
1.651,-2.994
1.577,-3.058
1.107,-2.993
0.265,-2.933
0.141,-3.195
-0.137,-3.173
-0.175,-3.166
-0.528,-3.034
-1.02,-2.998
-1.506,-3.004
-1.657,-3.208
-1.784,-3.211
-1.95,-2.96
-2.517,-3.169
-2.626,-3.203
-2.573,-2.996
-2.561,-2.923
-2.693,-3.025
2.739,-3.355
2.773,-3.2
2.661,-3.354
2.664,-3.26
2.558,-3.319
1.839,1.312
1.3,1.1
1.331,1.42
1.304,1.293
0.69,1.374
0.054,1.187
0.03,1.239
-0.507,1.348
-0.881,1.336
-1.011,1.42
-1.16,1.278
-1.366,1.221
-1.406,1.33
-1.733,1.323
-2.055,1.346
-2.802,1.244
3.12,1.315
2.956,1.227
2.508,1.141
2.501,-1.885
2.085,-0.01
-0.032,-2.057
-0.209,-2.321
-0.244,-0.06
-0.338,0.255
-1.555,-2.498
-2.049,-0.872
-2.462,0.504
-1.054,-3.419
-2.627,1.097
2.459,-1.521
2.457,-0.363
2.257,-2.691
2.278,-0.576
2.283,-1.761
2.265,-1.807
2.035,-1.31
2.028,0.014
2.163,-2.543
2.031,-0.827
1.98,0.582
1.966,-2.618
1.914,-2.769
1.862,-1.717
1.841,-0.463
1.972,-1.581
1.806,-2.771
1.897,-1.805
1.784,-1.21
1.675,-1.696
1.76,-1.119
1.728,0.483
1.603,-1.796
1.606,-1.366
1.701,-1.534
1.634,-1.189
1.449,-1.41
1.336,-2.798
1.322,-2.645
1.377,-2.168
1.243,-1.378
1.197,0.998
1.099,-1.195
1.005,-2.324
0.877,-1.034
0.761,-0.223
0.505,-2.162
0.529,-2.045
0.344,-0.365
0.487,1.024
0.306,-2.572
0.284,-1.133
0.307,-0.453
0.305,-1.181
0.261,-1.334
0.193,-0.132
0.104,-1.869
-0.058,-0.336
-0.065,-0.355
-0.209,-1.356
-0.185,-0.331
-0.5,0.963
-0.352,-0.037
-0.534,-0.38
-0.425,0.533
-0.547,-0.303
-0.643,0.908
-0.654,-0.909
-0.661,-2.26
-0.567,0.56
-0.73,-1.477
-0.804,-2.697
-0.681,-0.407
-0.699,-1.14
-0.688,-0.045
-0.743,0.858
-0.761,1.077
-0.767,-1.249
-0.804,-2.782
-0.963,0.865
-0.999,-0.704
-1.004,-0.489
-1.097,-0.807
-1.105,-0.258
-1.004,0.668
-1.004,-0.779
-1.196,-0.816
-1.071,-0.433
-1.198,-2.246
-1.249,-1.274
-1.266,-1.548
-1.262,-2.867
-1.413,0.445
-1.437,-1.76
-1.366,-2.708
-1.482,-1.892
-1.456,-0.201
-1.6,-0.5
-1.581,0.948
-1.632,-0.17
-1.756,-2.709
-1.66,-1.642
-1.81,-2.718
-1.856,0.434
-1.889,-2.728
-1.909,-0.576
-1.792,-2.091
-1.841,0.292
-2.061,0.838
-2.114,-0.003
-2.25,-1.479
-2.409,-1.059
-2.335,-0.824
-2.432,-0.137
-2.455,-1.063
-2.776,-1.234
-2.795,0.507
-2.687,-1.982
-2.735,0.422
-2.965,-1.97
-2.885,1.056
2.975,-0.719
2.944,-2.07
2.943,-0.938
3.045,-1.974
3.03,-1.706
2.837,-0.852
2.869,-2.39
2.718,0.998
2.802,-1.055
2.695,-1.185
2.662,-1.155
2.568,0.927
2.534,0.355
2.638,-1.246
2.607,-0.537
2.583,-0.562
2.413,-0.91
2.51,-1.762
2.369,-3.01
2.378,-2.985
1.822,-3.2
1.521,-2.909
1.394,-3.157
0.876,-3.28
0.701,-3.253
0.099,-3.361
-0.2,-2.875
-0.421,-3.219
-0.431,-3.276
-0.559,-3.185
-0.612,-3.233
-0.623,-3.363
-0.91,-3.238
-0.998,-3.05
-1.437,-2.956
-2.012,-3.363
-2.714,-3.058
-2.987,-3.385
2.749,-3.063
2.67,-3.188
2.457,1.2
1.563,1.314
0.296,1.186
0.006,1.424
-0.945,1.336
-1.139,1.202
-1.336,1.404
-1.606,1.234
-1.769,1.257
1.515,-0.693
1.507,0.52
-0.132,-2.258
-2.94,-2.273
2.001,-1.426
1.977,-1.733
-1.849,0.114
-3.069,0.575
2.884,-0.116
2.197,0.427
1.504,-1.056
1.21,-1.707
-0.444,-0.222
-0.769,0.527
-0.816,-0.292
-0.763,-2.042
-1.068,-0.239
-2.275,0.408
-3.086,0.94
2.794,-3.373
-0.771,1.318
0.885,1.342
1.103,0.645
-0.125,1.711
-0.073,1.21
-0.141,-1.06
-0.075,-1.386
-0.096,-1.034
-0.147,0.442
-0.26,1.578
-0.207,-0.797
-0.252,2.213
-0.37,-0.877
-0.406,-1.264
-0.349,1.694
-0.403,0.175
-0.484,-0.559
-0.453,-1.177
-0.49,1.314
-0.551,0.541
-0.485,1.031
-0.589,0.174
-0.569,2.209
-0.734,2.254
-0.779,0.226
-0.865,2.36
-0.862,-0.674
-0.846,1.209
-0.946,-0.831
-1.028,1.088
-1.009,0.167
-0.964,-1.172
-0.973,0.007
-1.068,0.887
-1.029,0.035
-1.044,-1.472
-1.16,1.353
-1.143,0.317
-1.189,-1.398
-1.246,0.829
-1.249,0.82
-1.217,1.978
-1.249,1.269
-1.268,0.848
-1.274,0.161
-1.308,0.975
-1.411,1.247
-1.441,-1.636
-1.406,0.609
-1.41,1.104
-1.425,-0.619
-1.52,1.925
-1.531,2.13
-1.545,-0.181
-1.579,0.851
-1.636,1.643
-1.595,0.065
-1.659,1.078
-1.678,-0.69
-1.843,2.255
-1.881,0.2
-1.817,0.756
-1.821,-1.068
-1.9,1.315
-1.916,-0.59
-1.95,0.756
-2.01,1.209
-2.002,-0.618
-2.079,1.473
-2.069,-0.913
-2.133,-0.236
-2.174,-1.071
-2.311,-1.109
-2.371,0.883
-2.414,1.113
-2.399,0.093
-2.424,1.78
-2.419,1.169
-2.45,1.201
-2.396,0.972
-2.499,-1.185
-2.476,0.176
-2.58,0.312
-2.727,0.886
-2.702,1.253
-2.788,-0.517
-2.895,-0.75
-2.932,0.697
-3.046,-0.226
-3.068,-1.556
3.021,-0.83
3.004,-1.163
3.016,-1.439
2.97,-0.809
2.738,2.282
2.731,0.451
2.706,-1.099
2.722,0.899
2.635,0.416
2.589,-1.449
2.666,1.635
2.631,-0.152
2.627,-0.574
2.528,1.064
2.573,0.249
2.51,-0.782
2.55,-0.769
2.533,-0.282
2.522,0.861
2.446,0.042
2.434,-0.618
2.42,-0.616
2.48,0.699
2.398,-1.808
2.377,-1.943
2.278,-1.799
2.142,-1.866
2.168,-1.657
2.056,-1.748
1.585,-1.667
1.648,-1.816
1.648,-1.753
1.574,-1.817
1.104,-1.752
0.262,-1.692
0.138,-1.954
-0.14,-1.932
-0.178,-1.925
-0.531,-1.793
-1.023,-1.757
-1.509,-1.763
-1.66,-1.967
-1.787,-1.97
-1.953,-1.719
-2.52,-1.928
-2.629,-1.962
-2.576,-1.755
-2.564,-1.682
-2.696,-1.784
2.736,-2.114
2.77,-1.959
2.658,-2.113
2.661,-2.019
2.555,-2.078
1.836,2.553
1.297,2.341
1.328,2.661
1.301,2.534
0.687,2.615
0.051,2.428
0.027,2.48
-0.51,2.589
-0.884,2.577
-1.014,2.661
-1.163,2.519
-1.369,2.462
-1.409,2.571
-1.736,2.564
-2.058,2.587
-2.805,2.485
3.117,2.556
2.953,2.468
2.505,2.382
2.498,-0.644
2.082,1.231
-0.035,-0.816
-0.212,-1.08
-0.247,1.181
-0.341,1.496
-1.558,-1.257
-2.052,0.369
-2.465,1.745
-1.057,-2.178
-2.63,2.338
2.456,-0.28
2.454,0.878
2.254,-1.45
2.275,0.665
2.28,-0.52
2.262,-0.566
2.032,-0.069
2.025,1.255
2.16,-1.302
2.028,0.414
1.977,1.823
1.963,-1.377
1.911,-1.528
1.859,-0.476
1.838,0.778
1.969,-0.34
1.803,-1.53
1.894,-0.564
1.781,0.031
1.672,-0.455
1.757,0.122
1.725,1.724
1.6,-0.555
1.603,-0.125
1.698,-0.293
1.631,0.052
1.446,-0.169
1.333,-1.557
1.319,-1.404
1.374,-0.927
1.24,-0.137
1.194,2.239
1.096,0.046
1.002,-1.083
0.874,0.207
0.758,1.018
0.502,-0.921
0.526,-0.804
0.341,0.876
0.484,2.265
0.303,-1.331
0.281,0.108
0.304,0.788
0.302,0.06
0.258,-0.093
0.19,1.109
0.101,-0.628
-0.061,0.905
-0.068,0.886
-0.212,-0.115
-0.188,0.91
-0.503,2.204
-0.355,1.204
-0.537,0.861
-0.428,1.774
-0.55,0.938
-0.646,2.149
-0.657,0.332
-0.664,-1.019
-0.57,1.801
-0.733,-0.236
-0.807,-1.456
-0.684,0.834
-0.702,0.101
-0.691,1.196
-0.746,2.099
-0.764,2.318
-0.77,-0.008
-0.807,-1.541
-0.966,2.106
-1.002,0.537
-1.007,0.752
-1.1,0.434
-1.108,0.983
-1.007,1.909
-1.007,0.462
-1.199,0.425
-1.074,0.808
-1.201,-1.005
-1.252,-0.033
-1.269,-0.307
-1.265,-1.626
-1.416,1.686
-1.44,-0.519
-1.369,-1.467
-1.485,-0.651
-1.459,1.04
-1.603,0.741
-1.584,2.189
-1.635,1.071
-1.759,-1.468
-1.663,-0.401
-1.813,-1.477
-1.859,1.675
-1.892,-1.487
-1.912,0.665
-1.795,-0.85
-1.844,1.533
-2.064,2.079
-2.117,1.238
-2.253,-0.238
-2.412,0.182
-2.338,0.417
-2.435,1.104
-2.458,0.178
-2.779,0.007
-2.798,1.748
-2.69,-0.741
-2.738,1.663
-2.968,-0.729
-2.888,2.297
2.972,0.522
2.941,-0.829
2.94,0.303
3.042,-0.733
3.027,-0.465
2.834,0.389
2.866,-1.149
2.715,2.239
2.799,0.186
2.692,0.056
2.659,0.086
2.565,2.168
2.531,1.596
2.635,-0.005
2.604,0.704
2.58,0.679
2.41,0.331
2.507,-0.521
2.366,-1.769
2.375,-1.744
1.819,-1.959
1.518,-1.668
1.391,-1.916
0.873,-2.039
0.698,-2.012
0.096,-2.12
-0.203,-1.634
-0.424,-1.978
-0.434,-2.035
-0.562,-1.944
-0.615,-1.992
-0.626,-2.122
-0.913,-1.997
-1.001,-1.809
-1.44,-1.715
-2.015,-2.122
-2.717,-1.817
-2.99,-2.144
2.746,-1.822
2.667,-1.947
2.454,2.441
1.56,2.555
0.293,2.427
0.003,2.665
-0.948,2.577
-1.142,2.443
-1.339,2.645
-1.609,2.475
-1.772,2.498
1.512,0.548
1.504,1.761
-0.135,-1.017
-2.943,-1.032
1.998,-0.185
1.974,-0.492
-1.852,1.355
-3.072,1.816
2.881,1.125
2.194,1.668
1.501,0.185
1.207,-0.466
-0.447,1.019
-0.772,1.768
-0.819,0.949
-0.766,-0.801
-1.071,1.002
-2.278,1.649
-3.089,2.181
2.791,-2.132
-0.774,2.559
0.882,2.583
1.1,1.886
0.052,-0.501
-0.016,-2.771
0.05,-3.097
0.029,-2.745
-0.022,-1.269
-0.135,-0.133
-0.082,-2.508
-0.127,0.502
-0.245,-2.588
-0.281,-2.975
-0.224,-0.017
-0.278,-1.536
-0.359,-2.27
-0.328,-2.888
-0.365,-0.397
-0.426,-1.17
-0.36,-0.68
-0.464,-1.537
-0.444,0.498
-0.609,0.543
-0.654,-1.485
-0.74,0.649
-0.737,-2.385
-0.721,-0.502
-0.821,-2.542
-0.903,-0.623
-0.884,-1.544
-0.839,-2.883
-0.848,-1.704
-0.943,-0.824
-0.904,-1.676
-0.919,-3.183
-1.035,-0.358
-1.018,-1.394
-1.064,-3.109
-1.121,-0.882
-1.124,-0.891
-1.092,0.267
-1.124,-0.442
-1.143,-0.863
-1.149,-1.55
-1.183,-0.736
-1.286,-0.464
-1.316,-3.347
-1.281,-1.102
-1.285,-0.607
-1.3,-2.33
-1.395,0.214
-1.406,0.419
-1.42,-1.892
-1.454,-0.86
-1.511,-0.068
-1.47,-1.646
-1.534,-0.633
-1.553,-2.401
-1.718,0.544
-1.756,-1.511
-1.692,-0.955
-1.696,-2.779
-1.775,-0.396
-1.791,-2.301
-1.825,-0.955
-1.885,-0.502
-1.877,-2.329
-1.954,-0.238
-1.944,-2.624
-2.008,-1.947
-2.049,-2.782
-2.186,-2.82
-2.246,-0.828
-2.289,-0.598
-2.274,-1.618
-2.299,0.069
-2.294,-0.542
-2.325,-0.51
-2.271,-0.739
-2.374,-2.896
-2.351,-1.535
-2.455,-1.399
-2.602,-0.825
-2.577,-0.458
-2.663,-2.228
-2.77,-2.461
-2.807,-1.014
-2.921,-1.937
-2.943,-3.267
-3.137,-2.541
3.129,-2.874
3.141,-3.15
3.095,-2.52
2.863,0.571
2.856,-1.26
2.831,-2.81
2.847,-0.812
2.76,-1.295
2.714,-3.16
2.791,-0.076
2.756,-1.863
2.752,-2.285
2.653,-0.647
2.698,-1.462
2.635,-2.493
2.675,-2.48
2.658,-1.993
2.647,-0.85
2.571,-1.669
2.559,-2.329
2.545,-2.327
2.605,-1.012
2.523,-3.519
2.502,-3.654
2.403,-3.51
2.267,-3.577
2.293,-3.368
2.181,-3.459
1.71,-3.378
1.773,-3.527
1.773,-3.464
1.699,-3.528
1.229,-3.463
0.387,-3.403
0.263,-3.665
-0.015,-3.643
-0.053,-3.636
-0.406,-3.504
-0.898,-3.468
-1.384,-3.474
-1.535,-3.678
-1.662,-3.681
-1.828,-3.43
-2.395,-3.639
-2.504,-3.673
-2.451,-3.466
-2.439,-3.393
-2.571,-3.495
2.861,-3.825
2.895,-3.67
2.783,-3.824
2.786,-3.73
2.68,-3.789
1.961,0.842
1.422,0.63
1.453,0.95
1.426,0.823
0.812,0.904
0.176,0.717
0.152,0.769
-0.385,0.878
-0.759,0.866
-0.889,0.95
-1.038,0.808
-1.244,0.751
-1.284,0.86
-1.611,0.853
-1.933,0.876
-2.68,0.774
-3.041,0.845
3.078,0.757
2.63,0.671
2.623,-2.355
2.207,-0.48
0.09,-2.527
-0.087,-2.791
-0.122,-0.53
-0.216,-0.215
-1.433,-2.968
-1.927,-1.342
-2.34,0.034
-0.932,-3.889
-2.505,0.627
2.581,-1.991
2.579,-0.833
2.379,-3.161
2.4,-1.046
2.405,-2.231
2.387,-2.277
2.157,-1.78
2.15,-0.456
2.285,-3.013
2.153,-1.297
2.102,0.112
2.088,-3.088
2.036,-3.239
1.984,-2.187
1.963,-0.933
2.094,-2.051
1.928,-3.241
2.019,-2.275
1.906,-1.68
1.797,-2.166
1.882,-1.589
1.85,0.013
1.725,-2.266
1.728,-1.836
1.823,-2.004
1.756,-1.659
1.571,-1.88
1.458,-3.268
1.444,-3.115
1.499,-2.638
1.365,-1.848
1.319,0.528
1.221,-1.665
1.127,-2.794
0.999,-1.504
0.883,-0.693
0.627,-2.632
0.651,-2.515
0.466,-0.835
0.609,0.554
0.428,-3.042
0.406,-1.603
0.429,-0.923
0.427,-1.651
0.383,-1.804
0.315,-0.602
0.226,-2.339
0.064,-0.806
0.057,-0.825
-0.087,-1.826
-0.063,-0.801
-0.378,0.493
-0.23,-0.507
-0.412,-0.85
-0.303,0.063
-0.425,-0.773
-0.521,0.438
-0.532,-1.379
-0.539,-2.73
-0.445,0.09
-0.608,-1.947
-0.682,-3.167
-0.559,-0.877
-0.577,-1.61
-0.566,-0.515
-0.621,0.388
-0.639,0.607
-0.645,-1.719
-0.682,-3.252
-0.841,0.395
-0.877,-1.174
-0.882,-0.959
-0.975,-1.277
-0.983,-0.728
-0.882,0.198
-0.882,-1.249
-1.074,-1.286
-0.949,-0.903
-1.076,-2.716
-1.127,-1.744
-1.144,-2.018
-1.14,-3.337
-1.291,-0.025
-1.315,-2.23
-1.244,-3.178
-1.36,-2.362
-1.334,-0.671
-1.478,-0.97
-1.459,0.478
-1.51,-0.64
-1.634,-3.179
-1.538,-2.112
-1.688,-3.188
-1.734,-0.036
-1.767,-3.198
-1.787,-1.046
-1.67,-2.561
-1.719,-0.178
-1.939,0.368
-1.992,-0.473
-2.128,-1.949
-2.287,-1.529
-2.213,-1.294
-2.31,-0.607
-2.333,-1.533
-2.654,-1.704
-2.673,0.037
-2.565,-2.452
-2.613,-0.048
-2.843,-2.44
-2.763,0.586
3.097,-1.189
3.066,-2.54
3.065,-1.408
-3.116,-2.444
-3.131,-2.176
2.959,-1.322
2.991,-2.86
2.84,0.528
2.924,-1.525
2.817,-1.655
2.784,-1.625
2.69,0.457
2.656,-0.115
2.76,-1.716
2.729,-1.007
2.705,-1.032
2.535,-1.38
2.632,-2.232
2.491,-3.48
2.5,-3.455
1.944,-3.67
1.643,-3.379
1.516,-3.627
0.998,-3.75
0.823,-3.723
0.221,-3.831
-0.078,-3.345
-0.299,-3.689
-0.309,-3.746
-0.437,-3.655
-0.49,-3.703
-0.501,-3.833
-0.788,-3.708
-0.876,-3.52
-1.315,-3.426
-1.89,-3.833
-2.592,-3.528
-2.865,-3.855
2.871,-3.533
2.792,-3.658
2.579,0.73
1.685,0.844
0.418,0.716
0.128,0.954
-0.823,0.866
-1.017,0.732
-1.214,0.934
-1.484,0.764
-1.647,0.787
1.637,-1.163
1.629,0.05
-0.01,-2.728
-2.818,-2.743
2.123,-1.896
2.099,-2.203
-1.727,-0.356
-2.947,0.105
3.006,-0.586
2.319,-0.043
1.626,-1.526
1.332,-2.177
-0.322,-0.692
-0.647,0.057
-0.694,-0.762
-0.641,-2.512
-0.946,-0.709
-2.153,-0.062
-2.964,0.47
2.916,-3.843
-0.649,0.848
1.007,0.872
1.225,0.175
-0.068,-2.27
-0.002,-2.596
-0.023,-2.244
-0.074,-0.768
-0.187,0.368
-0.134,-2.007
-0.179,1.003
-0.297,-2.087
-0.333,-2.474
-0.276,0.484
-0.33,-1.035
-0.411,-1.769
-0.38,-2.387
-0.417,0.104
-0.478,-0.669
-0.412,-0.179
-0.516,-1.036
-0.496,0.999
-0.661,1.044
-0.706,-0.984
-0.792,1.15
-0.789,-1.884
-0.773,-0.001
-0.873,-2.041
-0.955,-0.122
-0.936,-1.043
-0.891,-2.382
-0.9,-1.203
-0.995,-0.323
-0.956,-1.175
-0.971,-2.682
-1.087,0.143
-1.07,-0.893
-1.116,-2.608
-1.173,-0.381
-1.176,-0.39
-1.144,0.768
-1.176,0.059
-1.195,-0.362
-1.201,-1.049
-1.235,-0.235
-1.338,0.037
-1.368,-2.846
-1.333,-0.601
-1.337,-0.106
-1.352,-1.829
-1.447,0.715
-1.458,0.92
-1.472,-1.391
-1.506,-0.359
-1.563,0.433
-1.522,-1.145
-1.586,-0.132
-1.605,-1.9
-1.77,1.045
-1.808,-1.01
-1.744,-0.454
-1.748,-2.278
-1.827,0.105
-1.843,-1.8
-1.877,-0.454
-1.937,-0.001
-1.929,-1.828
-2.006,0.263
-1.996,-2.123
-2.06,-1.446
-2.101,-2.281
-2.238,-2.319
-2.298,-0.327
-2.341,-0.097
-2.326,-1.117
-2.351,0.57
-2.346,-0.041
-2.377,-0.009
-2.323,-0.238
-2.426,-2.395
-2.403,-1.034
-2.507,-0.898
-2.654,-0.324
-2.629,0.043
-2.715,-1.727
-2.822,-1.96
-2.859,-0.513
-2.973,-1.436
-2.995,-2.766
3.094,-2.04
3.077,-2.373
3.089,-2.649
3.043,-2.019
2.811,1.072
2.804,-0.759
2.779,-2.309
2.795,-0.311
2.708,-0.794
2.662,-2.659
2.739,0.425
2.704,-1.362
2.7,-1.784
2.601,-0.146
2.646,-0.961
2.583,-1.992
2.623,-1.979
2.606,-1.492
2.595,-0.349
2.519,-1.168
2.507,-1.828
2.493,-1.826
2.553,-0.511
2.471,-3.018
2.45,-3.153
2.351,-3.009
2.215,-3.076
2.241,-2.867
2.129,-2.958
1.658,-2.877
1.721,-3.026
1.721,-2.963
1.647,-3.027
1.177,-2.962
0.335,-2.902
0.211,-3.164
-0.067,-3.142
-0.105,-3.135
-0.458,-3.003
-0.95,-2.967
-1.436,-2.973
-1.587,-3.177
-1.714,-3.18
-1.88,-2.929
-2.447,-3.138
-2.556,-3.172
-2.503,-2.965
-2.491,-2.892
-2.623,-2.994
2.809,-3.324
2.843,-3.169
2.731,-3.323
2.734,-3.229
2.628,-3.288
1.909,1.343
1.37,1.131
1.401,1.451
1.374,1.324
0.76,1.405
0.124,1.218
0.1,1.27
-0.437,1.379
-0.811,1.367
-0.941,1.451
-1.09,1.309
-1.296,1.252
-1.336,1.361
-1.663,1.354
-1.985,1.377
-2.732,1.275
-3.093,1.346
3.026,1.258
2.578,1.172
2.571,-1.854
2.155,0.021
0.038,-2.026
-0.139,-2.29
-0.174,-0.029
-0.268,0.286
-1.485,-2.467
-1.979,-0.841
-2.392,0.535
-0.984,-3.388
-2.557,1.128
2.529,-1.49
2.527,-0.332
2.327,-2.66
2.348,-0.545
2.353,-1.73
2.335,-1.776
2.105,-1.279
2.098,0.045
2.233,-2.512
2.101,-0.796
2.05,0.613
2.036,-2.587
1.984,-2.738
1.932,-1.686
1.911,-0.432
2.042,-1.55
1.876,-2.74
1.967,-1.774
1.854,-1.179
1.745,-1.665
1.83,-1.088
1.798,0.514
1.673,-1.765
1.676,-1.335
1.771,-1.503
1.704,-1.158
1.519,-1.379
1.406,-2.767
1.392,-2.614
1.447,-2.137
1.313,-1.347
1.267,1.029
1.169,-1.164
1.075,-2.293
0.947,-1.003
0.831,-0.192
0.575,-2.131
0.599,-2.014
0.414,-0.334
0.557,1.055
0.376,-2.541
0.354,-1.102
0.377,-0.422
0.375,-1.15
0.331,-1.303
0.263,-0.101
0.174,-1.838
0.012,-0.305
0.005,-0.324
-0.139,-1.325
-0.115,-0.3
-0.43,0.994
-0.282,-0.006
-0.464,-0.349
-0.355,0.564
-0.477,-0.272
-0.573,0.939
-0.584,-0.878
-0.591,-2.229
-0.497,0.591
-0.66,-1.446
-0.734,-2.666
-0.611,-0.376
-0.629,-1.109
-0.618,-0.014
-0.673,0.889
-0.691,1.108
-0.697,-1.218
-0.734,-2.751
-0.893,0.896
-0.929,-0.673
-0.934,-0.458
-1.027,-0.776
-1.035,-0.227
-0.934,0.699
-0.934,-0.748
-1.126,-0.785
-1.001,-0.402
-1.128,-2.215
-1.179,-1.243
-1.196,-1.517
-1.192,-2.836
-1.343,0.476
-1.367,-1.729
-1.296,-2.677
-1.412,-1.861
-1.386,-0.17
-1.53,-0.469
-1.511,0.979
-1.562,-0.139
-1.686,-2.678
-1.59,-1.611
-1.74,-2.687
-1.786,0.465
-1.819,-2.697
-1.839,-0.545
-1.722,-2.06
-1.771,0.323
-1.991,0.869
-2.044,0.028
-2.18,-1.448
-2.339,-1.028
-2.265,-0.793
-2.362,-0.106
-2.385,-1.032
-2.706,-1.203
-2.725,0.538
-2.617,-1.951
-2.665,0.453
-2.895,-1.939
-2.815,1.087
3.045,-0.688
3.014,-2.039
3.013,-0.907
3.115,-1.943
3.1,-1.675
2.907,-0.821
2.939,-2.359
2.788,1.029
2.872,-1.024
2.765,-1.154
2.732,-1.124
2.638,0.958
2.604,0.386
2.708,-1.215
2.677,-0.506
2.653,-0.531
2.483,-0.879
2.58,-1.731
2.439,-2.979
2.448,-2.954
1.892,-3.169
1.591,-2.878
1.464,-3.126
0.946,-3.249
0.771,-3.222
0.169,-3.33
-0.13,-2.844
-0.351,-3.188
-0.361,-3.245
-0.489,-3.154
-0.542,-3.202
-0.553,-3.332
-0.84,-3.207
-0.928,-3.019
-1.367,-2.925
-1.942,-3.332
-2.644,-3.027
-2.917,-3.354
2.819,-3.032
2.74,-3.157
2.527,1.231
1.633,1.345
0.366,1.217
0.076,1.455
-0.875,1.367
-1.069,1.233
-1.266,1.435
-1.536,1.265
-1.699,1.288
1.585,-0.662
1.577,0.551
-0.062,-2.227
-2.87,-2.242
2.071,-1.395
2.047,-1.702
-1.779,0.145
-2.999,0.606
2.954,-0.085
2.267,0.458
1.574,-1.025
1.28,-1.676
-0.374,-0.191
-0.699,0.558
-0.746,-0.261
-0.693,-2.011
-0.998,-0.208
-2.205,0.439
-3.016,0.971
2.864,-3.342
-0.701,1.349
0.955,1.373
1.173,0.676
0.066,-0.326
0.045,0.026
-0.006,1.502
-0.119,2.638
-0.066,0.263
-0.111,3.273
-0.229,0.183
-0.265,-0.204
-0.208,2.754
-0.262,1.235
-0.343,0.501
-0.312,-0.117
-0.349,2.374
-0.41,1.601
-0.344,2.091
-0.448,1.234
-0.428,3.269
-0.593,3.314
-0.638,1.286
-0.724,3.42
-0.721,0.386
-0.705,2.269
-0.805,0.229
-0.887,2.148
-0.868,1.227
-0.823,-0.112
-0.832,1.067
-0.927,1.947
-0.888,1.095
-0.903,-0.412
-1.019,2.413
-1.002,1.377
-1.048,-0.338
-1.105,1.889
-1.108,1.88
-1.076,3.038
-1.108,2.329
-1.127,1.908
-1.133,1.221
-1.167,2.035
-1.27,2.307
-1.3,-0.576
-1.265,1.669
-1.269,2.164
-1.284,0.441
-1.379,2.985
-1.39,3.19
-1.404,0.879
-1.438,1.911
-1.495,2.703
-1.454,1.125
-1.518,2.138
-1.537,0.37
-1.702,3.315
-1.74,1.26
-1.676,1.816
-1.68,-0.008
-1.759,2.375
-1.775,0.47
-1.809,1.816
-1.869,2.269
-1.861,0.442
-1.938,2.533
-1.928,0.147
-1.992,0.824
-2.033,-0.011
-2.17,-0.049
-2.23,1.943
-2.273,2.173
-2.258,1.153
-2.283,2.84
-2.278,2.229
-2.309,2.261
-2.255,2.032
-2.358,-0.125
-2.335,1.236
-2.439,1.372
-2.586,1.946
-2.561,2.313
-2.647,0.543
-2.754,0.31
-2.791,1.757
-2.905,0.834
-2.927,-0.496
-3.121,0.23
-3.138,-0.103
-3.126,-0.379
3.111,0.251
2.879,3.342
2.872,1.511
2.847,-0.039
2.863,1.959
2.776,1.476
2.73,-0.389
2.807,2.695
2.772,0.908
2.768,0.486
2.669,2.124
2.714,1.309
2.651,0.278
2.691,0.291
2.674,0.778
2.663,1.921
2.587,1.102
2.575,0.442
2.561,0.444
2.621,1.759
2.539,-0.748
2.518,-0.883
2.419,-0.739
2.283,-0.806
2.309,-0.597
2.197,-0.688
1.726,-0.607
1.789,-0.756
1.789,-0.693
1.715,-0.757
1.245,-0.692
0.403,-0.632
0.279,-0.894
0.001,-0.872
-0.037,-0.865
-0.39,-0.733
-0.882,-0.697
-1.368,-0.703
-1.519,-0.907
-1.646,-0.91
-1.812,-0.659
-2.379,-0.868
-2.488,-0.902
-2.435,-0.695
-2.423,-0.622
-2.555,-0.724
2.877,-1.054
2.911,-0.899
2.799,-1.053
2.802,-0.959
2.696,-1.018
1.977,3.613
1.438,3.401
1.469,3.721
1.442,3.594
0.828,3.675
0.192,3.488
0.168,3.54
-0.369,3.649
-0.743,3.637
-0.873,3.721
-1.022,3.579
-1.228,3.522
-1.268,3.631
-1.595,3.624
-1.917,3.647
-2.664,3.545
-3.025,3.616
3.094,3.528
2.646,3.442
2.639,0.416
2.223,2.291
0.106,0.244
-0.071,-0.02
-0.106,2.241
-0.2,2.556
-1.417,-0.197
-1.911,1.429
-2.324,2.805
-0.916,-1.118
-2.489,3.398
2.597,0.78
2.595,1.938
2.395,-0.39
2.416,1.725
2.421,0.54
2.403,0.494
2.173,0.991
2.166,2.315
2.301,-0.242
2.169,1.474
2.118,2.883
2.104,-0.317
2.052,-0.468
2.0,0.584
1.979,1.838
2.11,0.72
1.944,-0.47
2.035,0.496
1.922,1.091
1.813,0.605
1.898,1.182
1.866,2.784
1.741,0.505
1.744,0.935
1.839,0.767
1.772,1.112
1.587,0.891
1.474,-0.497
1.46,-0.344
1.515,0.133
1.381,0.923
1.335,3.299
1.237,1.106
1.143,-0.023
1.015,1.267
0.899,2.078
0.643,0.139
0.667,0.256
0.482,1.936
0.625,3.325
0.444,-0.271
0.422,1.168
0.445,1.848
0.443,1.12
0.399,0.967
0.331,2.169
0.242,0.432
0.08,1.965
0.073,1.946
-0.071,0.945
-0.047,1.97
-0.362,3.264
-0.214,2.264
-0.396,1.921
-0.287,2.834
-0.409,1.998
-0.505,3.209
-0.516,1.392
-0.523,0.041
-0.429,2.861
-0.592,0.824
-0.666,-0.396
-0.543,1.894
-0.561,1.161
-0.55,2.256
-0.605,3.159
-0.623,3.378
-0.629,1.052
-0.666,-0.481
-0.825,3.166
-0.861,1.597
-0.866,1.812
-0.959,1.494
-0.967,2.043
-0.866,2.969
-0.866,1.522
-1.058,1.485
-0.933,1.868
-1.06,0.055
-1.111,1.027
-1.128,0.753
-1.124,-0.566
-1.275,2.746
-1.299,0.541
-1.228,-0.407
-1.344,0.409
-1.318,2.1
-1.462,1.801
-1.443,3.249
-1.494,2.131
-1.618,-0.408
-1.522,0.659
-1.672,-0.417
-1.718,2.735
-1.751,-0.427
-1.771,1.725
-1.654,0.21
-1.703,2.593
-1.923,3.139
-1.976,2.298
-2.112,0.822
-2.271,1.242
-2.197,1.477
-2.294,2.164
-2.317,1.238
-2.638,1.067
-2.657,2.808
-2.549,0.319
-2.597,2.723
-2.827,0.331
-2.747,3.357
3.113,1.582
3.082,0.231
3.081,1.363
-3.1,0.327
-3.115,0.595
2.975,1.449
3.007,-0.089
2.856,3.299
2.94,1.246
2.833,1.116
2.8,1.146
2.706,3.228
2.672,2.656
2.776,1.055
2.745,1.764
2.721,1.739
2.551,1.391
2.648,0.539
2.507,-0.709
2.516,-0.684
1.96,-0.899
1.659,-0.608
1.532,-0.856
1.014,-0.979
0.839,-0.952
0.237,-1.06
-0.062,-0.574
-0.283,-0.918
-0.293,-0.975
-0.421,-0.884
-0.474,-0.932
-0.485,-1.062
-0.772,-0.937
-0.86,-0.749
-1.299,-0.655
-1.874,-1.062
-2.576,-0.757
-2.849,-1.084
2.887,-0.762
2.808,-0.887
2.595,3.501
1.701,3.615
0.434,3.487
0.144,3.725
-0.807,3.637
-1.001,3.503
-1.198,3.705
-1.468,3.535
-1.631,3.558
1.653,1.608
1.645,2.821
0.006,0.043
-2.802,0.028
2.139,0.875
2.115,0.568
-1.711,2.415
-2.931,2.876
3.022,2.185
2.335,2.728
1.642,1.245
1.348,0.594
-0.306,2.079
-0.631,2.828
-0.678,2.009
-0.625,0.259
-0.93,2.062
-2.137,2.709
-2.948,3.241
2.932,-1.072
-0.633,3.619
1.023,3.643
1.241,2.946
-0.021,0.352
-0.072,1.828
-0.185,2.964
-0.132,0.589
-0.177,3.599
-0.295,0.509
-0.331,0.122
-0.274,3.08
-0.328,1.561
-0.409,0.827
-0.378,0.209
-0.415,2.7
-0.476,1.927
-0.41,2.417
-0.514,1.56
-0.494,3.595
-0.659,3.64
-0.704,1.612
-0.79,3.746
-0.787,0.712
-0.771,2.595
-0.871,0.555
-0.953,2.474
-0.934,1.553
-0.889,0.214
-0.898,1.393
-0.993,2.273
-0.954,1.421
-0.969,-0.086
-1.085,2.739
-1.068,1.703
-1.114,-0.012
-1.171,2.215
-1.174,2.206
-1.142,3.364
-1.174,2.655
-1.193,2.234
-1.199,1.547
-1.233,2.361
-1.336,2.633
-1.366,-0.25
-1.331,1.995
-1.335,2.49
-1.35,0.767
-1.445,3.311
-1.456,3.516
-1.47,1.205
-1.504,2.237
-1.561,3.029
-1.52,1.451
-1.584,2.464
-1.603,0.696
-1.768,3.641
-1.806,1.586
-1.742,2.142
-1.746,0.318
-1.825,2.701
-1.841,0.796
-1.875,2.142
-1.935,2.595
-1.927,0.768
-2.004,2.859
-1.994,0.473
-2.058,1.15
-2.099,0.315
-2.236,0.277
-2.296,2.269
-2.339,2.499
-2.324,1.479
-2.349,3.166
-2.344,2.555
-2.375,2.587
-2.321,2.358
-2.424,0.201
-2.401,1.562
-2.505,1.698
-2.652,2.272
-2.627,2.639
-2.713,0.869
-2.82,0.636
-2.857,2.083
-2.971,1.16
-2.993,-0.17
3.096,0.556
3.079,0.223
3.091,-0.053
3.045,0.577
2.813,3.668
2.806,1.837
2.781,0.287
2.797,2.285
2.71,1.802
2.664,-0.063
2.741,3.021
2.706,1.234
2.702,0.812
2.603,2.45
2.648,1.635
2.585,0.604
2.625,0.617
2.608,1.104
2.597,2.247
2.521,1.428
2.509,0.768
2.495,0.77
2.555,2.085
2.473,-0.422
2.452,-0.557
2.353,-0.413
2.217,-0.48
2.243,-0.271
2.131,-0.362
1.66,-0.281
1.723,-0.43
1.723,-0.367
1.649,-0.431
1.179,-0.366
0.337,-0.306
0.213,-0.568
-0.065,-0.546
-0.103,-0.539
-0.456,-0.407
-0.948,-0.371
-1.434,-0.377
-1.585,-0.581
-1.712,-0.584
-1.878,-0.333
-2.445,-0.542
-2.554,-0.576
-2.501,-0.369
-2.489,-0.296
-2.621,-0.398
2.811,-0.728
2.845,-0.573
2.733,-0.727
2.736,-0.633
2.63,-0.692
1.911,3.939
1.372,3.727
1.403,4.047
1.376,3.92
0.762,4.001
0.126,3.814
0.102,3.866
-0.435,3.975
-0.809,3.963
-0.939,4.047
-1.088,3.905
-1.294,3.848
-1.334,3.957
-1.661,3.95
-1.983,3.973
-2.73,3.871
-3.091,3.942
3.028,3.854
2.58,3.768
2.573,0.742
2.157,2.617
0.04,0.57
-0.137,0.306
-0.172,2.567
-0.266,2.882
-1.483,0.129
-1.977,1.755
-2.39,3.131
-0.982,-0.792
-2.555,3.724
2.531,1.106
2.529,2.264
2.329,-0.064
2.35,2.051
2.355,0.866
2.337,0.82
2.107,1.317
2.1,2.641
2.235,0.084
2.103,1.8
2.052,3.209
2.038,0.009
1.986,-0.142
1.934,0.91
1.913,2.164
2.044,1.046
1.878,-0.144
1.969,0.822
1.856,1.417
1.747,0.931
1.832,1.508
1.8,3.11
1.675,0.831
1.678,1.261
1.773,1.093
1.706,1.438
1.521,1.217
1.408,-0.171
1.394,-0.018
1.449,0.459
1.315,1.249
1.269,3.625
1.171,1.432
1.077,0.303
0.949,1.593
0.833,2.404
0.577,0.465
0.601,0.582
0.416,2.262
0.559,3.651
0.378,0.055
0.356,1.494
0.379,2.174
0.377,1.446
0.333,1.293
0.265,2.495
0.176,0.758
0.014,2.291
0.007,2.272
-0.137,1.271
-0.113,2.296
-0.428,3.59
-0.28,2.59
-0.462,2.247
-0.353,3.16
-0.475,2.324
-0.571,3.535
-0.582,1.718
-0.589,0.367
-0.495,3.187
-0.658,1.15
-0.732,-0.07
-0.609,2.22
-0.627,1.487
-0.616,2.582
-0.671,3.485
-0.689,3.704
-0.695,1.378
-0.732,-0.155
-0.891,3.492
-0.927,1.923
-0.932,2.138
-1.025,1.82
-1.033,2.369
-0.932,3.295
-0.932,1.848
-1.124,1.811
-0.999,2.194
-1.126,0.381
-1.177,1.353
-1.194,1.079
-1.19,-0.24
-1.341,3.072
-1.365,0.867
-1.294,-0.081
-1.41,0.735
-1.384,2.426
-1.528,2.127
-1.509,3.575
-1.56,2.457
-1.684,-0.082
-1.588,0.985
-1.738,-0.091
-1.784,3.061
-1.817,-0.101
-1.837,2.051
-1.72,0.536
-1.769,2.919
-1.989,3.465
-2.042,2.624
-2.178,1.148
-2.337,1.568
-2.263,1.803
-2.36,2.49
-2.383,1.564
-2.704,1.393
-2.723,3.134
-2.615,0.645
-2.663,3.049
-2.893,0.657
-2.813,3.683
3.047,1.908
3.016,0.557
3.015,1.689
3.117,0.653
3.102,0.921
2.909,1.775
2.941,0.237
2.79,3.625
2.874,1.572
2.767,1.442
2.734,1.472
2.64,3.554
2.606,2.982
2.71,1.381
2.679,2.09
2.655,2.065
2.485,1.717
2.582,0.865
2.441,-0.383
2.45,-0.358
1.894,-0.573
1.593,-0.282
1.466,-0.53
0.948,-0.653
0.773,-0.626
0.171,-0.734
-0.128,-0.248
-0.349,-0.592
-0.359,-0.649
-0.487,-0.558
-0.54,-0.606
-0.551,-0.736
-0.838,-0.611
-0.926,-0.423
-1.365,-0.329
-1.94,-0.736
-2.642,-0.431
-2.915,-0.758
2.821,-0.436
2.742,-0.561
2.529,3.827
1.635,3.941
0.368,3.813
0.078,4.051
-0.873,3.963
-1.067,3.829
-1.264,4.031
-1.534,3.861
-1.697,3.884
1.587,1.934
1.579,3.147
-0.06,0.369
-2.868,0.354
2.073,1.201
2.049,0.894
-1.777,2.741
-2.997,3.202
2.956,2.511
2.269,3.054
1.576,1.571
1.282,0.92
-0.372,2.405
-0.697,3.154
-0.744,2.335
-0.691,0.585
-0.996,2.388
-2.203,3.035
-3.014,3.567
2.866,-0.746
-0.699,3.945
0.957,3.969
1.175,3.272
-0.051,1.476
-0.164,2.612
-0.111,0.237
-0.156,3.247
-0.274,0.157
-0.31,-0.23
-0.253,2.728
-0.307,1.209
-0.388,0.475
-0.357,-0.143
-0.394,2.348
-0.455,1.575
-0.389,2.065
-0.493,1.208
-0.473,3.243
-0.638,3.288
-0.683,1.26
-0.769,3.394
-0.766,0.36
-0.75,2.243
-0.85,0.203
-0.932,2.122
-0.913,1.201
-0.868,-0.138
-0.877,1.041
-0.972,1.921
-0.933,1.069
-0.948,-0.438
-1.064,2.387
-1.047,1.351
-1.093,-0.364
-1.15,1.863
-1.153,1.854
-1.121,3.012
-1.153,2.303
-1.172,1.882
-1.178,1.195
-1.212,2.009
-1.315,2.281
-1.345,-0.602
-1.31,1.643
-1.314,2.138
-1.329,0.415
-1.424,2.959
-1.435,3.164
-1.449,0.853
-1.483,1.885
-1.54,2.677
-1.499,1.099
-1.563,2.112
-1.582,0.344
-1.747,3.289
-1.785,1.234
-1.721,1.79
-1.725,-0.034
-1.804,2.349
-1.82,0.444
-1.854,1.79
-1.914,2.243
-1.906,0.416
-1.983,2.507
-1.973,0.121
-2.037,0.798
-2.078,-0.037
-2.215,-0.075
-2.275,1.917
-2.318,2.147
-2.303,1.127
-2.328,2.814
-2.323,2.203
-2.354,2.235
-2.3,2.006
-2.403,-0.151
-2.38,1.21
-2.484,1.346
-2.631,1.92
-2.606,2.287
-2.692,0.517
-2.799,0.284
-2.836,1.731
-2.95,0.808
-2.972,-0.522
3.117,0.204
3.1,-0.129
3.112,-0.405
3.066,0.225
2.834,3.316
2.827,1.485
2.802,-0.065
2.818,1.933
2.731,1.45
2.685,-0.415
2.762,2.669
2.727,0.882
2.723,0.46
2.624,2.098
2.669,1.283
2.606,0.252
2.646,0.265
2.629,0.752
2.618,1.895
2.542,1.076
2.53,0.416
2.516,0.418
2.576,1.733
2.494,-0.774
2.473,-0.909
2.374,-0.765
2.238,-0.832
2.264,-0.623
2.152,-0.714
1.681,-0.633
1.744,-0.782
1.744,-0.719
1.67,-0.783
1.2,-0.718
0.358,-0.658
0.234,-0.92
-0.044,-0.898
-0.082,-0.891
-0.435,-0.759
-0.927,-0.723
-1.413,-0.729
-1.564,-0.933
-1.691,-0.936
-1.857,-0.685
-2.424,-0.894
-2.533,-0.928
-2.48,-0.721
-2.468,-0.648
-2.6,-0.75
2.832,-1.08
2.866,-0.925
2.754,-1.079
2.757,-0.985
2.651,-1.044
1.932,3.587
1.393,3.375
1.424,3.695
1.397,3.568
0.783,3.649
0.147,3.462
0.123,3.514
-0.414,3.623
-0.788,3.611
-0.918,3.695
-1.067,3.553
-1.273,3.496
-1.313,3.605
-1.64,3.598
-1.962,3.621
-2.709,3.519
-3.07,3.59
3.049,3.502
2.601,3.416
2.594,0.39
2.178,2.265
0.061,0.218
-0.116,-0.046
-0.151,2.215
-0.245,2.53
-1.462,-0.223
-1.956,1.403
-2.369,2.779
-0.961,-1.144
-2.534,3.372
2.552,0.754
2.55,1.912
2.35,-0.416
2.371,1.699
2.376,0.514
2.358,0.468
2.128,0.965
2.121,2.289
2.256,-0.268
2.124,1.448
2.073,2.857
2.059,-0.343
2.007,-0.494
1.955,0.558
1.934,1.812
2.065,0.694
1.899,-0.496
1.99,0.47
1.877,1.065
1.768,0.579
1.853,1.156
1.821,2.758
1.696,0.479
1.699,0.909
1.794,0.741
1.727,1.086
1.542,0.865
1.429,-0.523
1.415,-0.37
1.47,0.107
1.336,0.897
1.29,3.273
1.192,1.08
1.098,-0.049
0.97,1.241
0.854,2.052
0.598,0.113
0.622,0.23
0.437,1.91
0.58,3.299
0.399,-0.297
0.377,1.142
0.4,1.822
0.398,1.094
0.354,0.941
0.286,2.143
0.197,0.406
0.035,1.939
0.028,1.92
-0.116,0.919
-0.092,1.944
-0.407,3.238
-0.259,2.238
-0.441,1.895
-0.332,2.808
-0.454,1.972
-0.55,3.183
-0.561,1.366
-0.568,0.015
-0.474,2.835
-0.637,0.798
-0.711,-0.422
-0.588,1.868
-0.606,1.135
-0.595,2.23
-0.65,3.133
-0.668,3.352
-0.674,1.026
-0.711,-0.507
-0.87,3.14
-0.906,1.571
-0.911,1.786
-1.004,1.468
-1.012,2.017
-0.911,2.943
-0.911,1.496
-1.103,1.459
-0.978,1.842
-1.105,0.029
-1.156,1.001
-1.173,0.727
-1.169,-0.592
-1.32,2.72
-1.344,0.515
-1.273,-0.433
-1.389,0.383
-1.363,2.074
-1.507,1.775
-1.488,3.223
-1.539,2.105
-1.663,-0.434
-1.567,0.633
-1.717,-0.443
-1.763,2.709
-1.796,-0.453
-1.816,1.699
-1.699,0.184
-1.748,2.567
-1.968,3.113
-2.021,2.272
-2.157,0.796
-2.316,1.216
-2.242,1.451
-2.339,2.138
-2.362,1.212
-2.683,1.041
-2.702,2.782
-2.594,0.293
-2.642,2.697
-2.872,0.305
-2.792,3.331
3.068,1.556
3.037,0.205
3.036,1.337
3.138,0.301
3.123,0.569
2.93,1.423
2.962,-0.115
2.811,3.273
2.895,1.22
2.788,1.09
2.755,1.12
2.661,3.202
2.627,2.63
2.731,1.029
2.7,1.738
2.676,1.713
2.506,1.365
2.603,0.513
2.462,-0.735
2.471,-0.71
1.915,-0.925
1.614,-0.634
1.487,-0.882
0.969,-1.005
0.794,-0.978
0.192,-1.086
-0.107,-0.6
-0.328,-0.944
-0.338,-1.001
-0.466,-0.91
-0.519,-0.958
-0.53,-1.088
-0.817,-0.963
-0.905,-0.775
-1.344,-0.681
-1.919,-1.088
-2.621,-0.783
-2.894,-1.11
2.842,-0.788
2.763,-0.913
2.55,3.475
1.656,3.589
0.389,3.461
0.099,3.699
-0.852,3.611
-1.046,3.477
-1.243,3.679
-1.513,3.509
-1.676,3.532
1.608,1.582
1.6,2.795
-0.039,0.017
-2.847,0.002
2.094,0.849
2.07,0.542
-1.756,2.389
-2.976,2.85
2.977,2.159
2.29,2.702
1.597,1.219
1.303,0.568
-0.351,2.053
-0.676,2.802
-0.723,1.983
-0.67,0.233
-0.975,2.036
-2.182,2.683
-2.993,3.215
2.887,-1.098
-0.678,3.593
0.978,3.617
1.196,2.92
-0.113,1.136
-0.06,-1.239
-0.105,1.771
-0.223,-1.319
-0.259,-1.706
-0.202,1.252
-0.256,-0.267
-0.337,-1.001
-0.306,-1.619
-0.343,0.872
-0.404,0.099
-0.338,0.589
-0.442,-0.268
-0.422,1.767
-0.587,1.812
-0.632,-0.216
-0.718,1.918
-0.715,-1.116
-0.699,0.767
-0.799,-1.273
-0.881,0.646
-0.862,-0.275
-0.817,-1.614
-0.826,-0.435
-0.921,0.445
-0.882,-0.407
-0.897,-1.914
-1.013,0.911
-0.996,-0.125
-1.042,-1.84
-1.099,0.387
-1.102,0.378
-1.07,1.536
-1.102,0.827
-1.121,0.406
-1.127,-0.281
-1.161,0.533
-1.264,0.805
-1.294,-2.078
-1.259,0.167
-1.263,0.662
-1.278,-1.061
-1.373,1.483
-1.384,1.688
-1.398,-0.623
-1.432,0.409
-1.489,1.201
-1.448,-0.377
-1.512,0.636
-1.531,-1.132
-1.696,1.813
-1.734,-0.242
-1.67,0.314
-1.674,-1.51
-1.753,0.873
-1.769,-1.032
-1.803,0.314
-1.863,0.767
-1.855,-1.06
-1.932,1.031
-1.922,-1.355
-1.986,-0.678
-2.027,-1.513
-2.164,-1.551
-2.224,0.441
-2.267,0.671
-2.252,-0.349
-2.277,1.338
-2.272,0.727
-2.303,0.759
-2.249,0.53
-2.352,-1.627
-2.329,-0.266
-2.433,-0.13
-2.58,0.444
-2.555,0.811
-2.641,-0.959
-2.748,-1.192
-2.785,0.255
-2.899,-0.668
-2.921,-1.998
-3.115,-1.272
-3.132,-1.605
-3.12,-1.881
3.117,-1.251
2.885,1.84
2.878,0.009
2.853,-1.541
2.869,0.457
2.782,-0.026
2.736,-1.891
2.813,1.193
2.778,-0.594
2.774,-1.016
2.675,0.622
2.72,-0.193
2.657,-1.224
2.697,-1.211
2.68,-0.724
2.669,0.419
2.593,-0.4
2.581,-1.06
2.567,-1.058
2.627,0.257
2.545,-2.25
2.524,-2.385
2.425,-2.241
2.289,-2.308
2.315,-2.099
2.203,-2.19
1.732,-2.109
1.795,-2.258
1.795,-2.195
1.721,-2.259
1.251,-2.194
0.409,-2.134
0.285,-2.396
0.007,-2.374
-0.031,-2.367
-0.384,-2.235
-0.876,-2.199
-1.362,-2.205
-1.513,-2.409
-1.64,-2.412
-1.806,-2.161
-2.373,-2.37
-2.482,-2.404
-2.429,-2.197
-2.417,-2.124
-2.549,-2.226
2.883,-2.556
2.917,-2.401
2.805,-2.555
2.808,-2.461
2.702,-2.52
1.983,2.111
1.444,1.899
1.475,2.219
1.448,2.092
0.834,2.173
0.198,1.986
0.174,2.038
-0.363,2.147
-0.737,2.135
-0.867,2.219
-1.016,2.077
-1.222,2.02
-1.262,2.129
-1.589,2.122
-1.911,2.145
-2.658,2.043
-3.019,2.114
3.1,2.026
2.652,1.94
2.645,-1.086
2.229,0.789
0.112,-1.258
-0.065,-1.522
-0.1,0.739
-0.194,1.054
-1.411,-1.699
-1.905,-0.073
-2.318,1.303
-0.91,-2.62
-2.483,1.896
2.603,-0.722
2.601,0.436
2.401,-1.892
2.422,0.223
2.427,-0.962
2.409,-1.008
2.179,-0.511
2.172,0.813
2.307,-1.744
2.175,-0.028
2.124,1.381
2.11,-1.819
2.058,-1.97
2.006,-0.918
1.985,0.336
2.116,-0.782
1.95,-1.972
2.041,-1.006
1.928,-0.411
1.819,-0.897
1.904,-0.32
1.872,1.282
1.747,-0.997
1.75,-0.567
1.845,-0.735
1.778,-0.39
1.593,-0.611
1.48,-1.999
1.466,-1.846
1.521,-1.369
1.387,-0.579
1.341,1.797
1.243,-0.396
1.149,-1.525
1.021,-0.235
0.905,0.576
0.649,-1.363
0.673,-1.246
0.488,0.434
0.631,1.823
0.45,-1.773
0.428,-0.334
0.451,0.346
0.449,-0.382
0.405,-0.535
0.337,0.667
0.248,-1.07
0.086,0.463
0.079,0.444
-0.065,-0.557
-0.041,0.468
-0.356,1.762
-0.208,0.762
-0.39,0.419
-0.281,1.332
-0.403,0.496
-0.499,1.707
-0.51,-0.11
-0.517,-1.461
-0.423,1.359
-0.586,-0.678
-0.66,-1.898
-0.537,0.392
-0.555,-0.341
-0.544,0.754
-0.599,1.657
-0.617,1.876
-0.623,-0.45
-0.66,-1.983
-0.819,1.664
-0.855,0.095
-0.86,0.31
-0.953,-0.008
-0.961,0.541
-0.86,1.467
-0.86,0.02
-1.052,-0.017
-0.927,0.366
-1.054,-1.447
-1.105,-0.475
-1.122,-0.749
-1.118,-2.068
-1.269,1.244
-1.293,-0.961
-1.222,-1.909
-1.338,-1.093
-1.312,0.598
-1.456,0.299
-1.437,1.747
-1.488,0.629
-1.612,-1.91
-1.516,-0.843
-1.666,-1.919
-1.712,1.233
-1.745,-1.929
-1.765,0.223
-1.648,-1.292
-1.697,1.091
-1.917,1.637
-1.97,0.796
-2.106,-0.68
-2.265,-0.26
-2.191,-0.025
-2.288,0.662
-2.311,-0.264
-2.632,-0.435
-2.651,1.306
-2.543,-1.183
-2.591,1.221
-2.821,-1.171
-2.741,1.855
3.119,0.08
3.088,-1.271
3.087,-0.139
-3.094,-1.175
-3.109,-0.907
2.981,-0.053
3.013,-1.591
2.862,1.797
2.946,-0.256
2.839,-0.386
2.806,-0.356
2.712,1.726
2.678,1.154
2.782,-0.447
2.751,0.262
2.727,0.237
2.557,-0.111
2.654,-0.963
2.513,-2.211
2.522,-2.186
1.966,-2.401
1.665,-2.11
1.538,-2.358
1.02,-2.481
0.845,-2.454
0.243,-2.562
-0.056,-2.076
-0.277,-2.42
-0.287,-2.477
-0.415,-2.386
-0.468,-2.434
-0.479,-2.564
-0.766,-2.439
-0.854,-2.251
-1.293,-2.157
-1.868,-2.564
-2.57,-2.259
-2.843,-2.586
2.893,-2.264
2.814,-2.389
2.601,1.999
1.707,2.113
0.44,1.985
0.15,2.223
-0.801,2.135
-0.995,2.001
-1.192,2.203
-1.462,2.033
-1.625,2.056
1.659,0.106
1.651,1.319
0.012,-1.459
-2.796,-1.474
2.145,-0.627
2.121,-0.934
-1.705,0.913
-2.925,1.374
3.028,0.683
2.341,1.226
1.648,-0.257
1.354,-0.908
-0.3,0.577
-0.625,1.326
-0.672,0.507
-0.619,-1.243
-0.924,0.56
-2.131,1.207
-2.942,1.739
2.938,-2.574
-0.627,2.117
1.029,2.141
1.247,1.444
0.053,-2.375
0.008,0.635
-0.11,-2.455
-0.146,-2.842
-0.089,0.116
-0.143,-1.403
-0.224,-2.137
-0.193,-2.755
-0.23,-0.264
-0.291,-1.037
-0.225,-0.547
-0.329,-1.404
-0.309,0.631
-0.474,0.676
-0.519,-1.352
-0.605,0.782
-0.602,-2.252
-0.586,-0.369
-0.686,-2.409
-0.768,-0.49
-0.749,-1.411
-0.704,-2.75
-0.713,-1.571
-0.808,-0.691
-0.769,-1.543
-0.784,-3.05
-0.9,-0.225
-0.883,-1.261
-0.929,-2.976
-0.986,-0.749
-0.989,-0.758
-0.957,0.4
-0.989,-0.309
-1.008,-0.73
-1.014,-1.417
-1.048,-0.603
-1.151,-0.331
-1.181,-3.214
-1.146,-0.969
-1.15,-0.474
-1.165,-2.197
-1.26,0.347
-1.271,0.552
-1.285,-1.759
-1.319,-0.727
-1.376,0.065
-1.335,-1.513
-1.399,-0.5
-1.418,-2.268
-1.583,0.677
-1.621,-1.378
-1.557,-0.822
-1.561,-2.646
-1.64,-0.263
-1.656,-2.168
-1.69,-0.822
-1.75,-0.369
-1.742,-2.196
-1.819,-0.105
-1.809,-2.491
-1.873,-1.814
-1.914,-2.649
-2.051,-2.687
-2.111,-0.695
-2.154,-0.465
-2.139,-1.485
-2.164,0.202
-2.159,-0.409
-2.19,-0.377
-2.136,-0.606
-2.239,-2.763
-2.216,-1.402
-2.32,-1.266
-2.467,-0.692
-2.442,-0.325
-2.528,-2.095
-2.635,-2.328
-2.672,-0.881
-2.786,-1.804
-2.808,-3.134
-3.002,-2.408
-3.019,-2.741
-3.007,-3.017
-3.053,-2.387
2.998,0.704
2.991,-1.127
2.966,-2.677
2.982,-0.679
2.895,-1.162
2.849,-3.027
2.926,0.057
2.891,-1.73
2.887,-2.152
2.788,-0.514
2.833,-1.329
2.77,-2.36
2.81,-2.347
2.793,-1.86
2.782,-0.717
2.706,-1.536
2.694,-2.196
2.68,-2.194
2.74,-0.879
2.658,-3.386
2.637,-3.521
2.538,-3.377
2.402,-3.444
2.428,-3.235
2.316,-3.326
1.845,-3.245
1.908,-3.394
1.908,-3.331
1.834,-3.395
1.364,-3.33
0.522,-3.27
0.398,-3.532
0.12,-3.51
0.082,-3.503
-0.271,-3.371
-0.763,-3.335
-1.249,-3.341
-1.4,-3.545
-1.527,-3.548
-1.693,-3.297
-2.26,-3.506
-2.369,-3.54
-2.316,-3.333
-2.304,-3.26
-2.436,-3.362
2.996,-3.692
3.03,-3.537
2.918,-3.691
2.921,-3.597
2.815,-3.656
2.096,0.975
1.557,0.763
1.588,1.083
1.561,0.956
0.947,1.037
0.311,0.85
0.287,0.902
-0.25,1.011
-0.624,0.999
-0.754,1.083
-0.903,0.941
-1.109,0.884
-1.149,0.993
-1.476,0.986
-1.798,1.009
-2.545,0.907
-2.906,0.978
-3.07,0.89
2.765,0.804
2.758,-2.222
2.342,-0.347
0.225,-2.394
0.048,-2.658
0.013,-0.397
-0.081,-0.082
-1.298,-2.835
-1.792,-1.209
-2.205,0.167
-0.797,-3.756
-2.37,0.76
2.716,-1.858
2.714,-0.7
2.514,-3.028
2.535,-0.913
2.54,-2.098
2.522,-2.144
2.292,-1.647
2.285,-0.323
2.42,-2.88
2.288,-1.164
2.237,0.245
2.223,-2.955
2.171,-3.106
2.119,-2.054
2.098,-0.8
2.229,-1.918
2.063,-3.108
2.154,-2.142
2.041,-1.547
1.932,-2.033
2.017,-1.456
1.985,0.146
1.86,-2.133
1.863,-1.703
1.958,-1.871
1.891,-1.526
1.706,-1.747
1.593,-3.135
1.579,-2.982
1.634,-2.505
1.5,-1.715
1.454,0.661
1.356,-1.532
1.262,-2.661
1.134,-1.371
1.018,-0.56
0.762,-2.499
0.786,-2.382
0.601,-0.702
0.744,0.687
0.563,-2.909
0.541,-1.47
0.564,-0.79
0.562,-1.518
0.518,-1.671
0.45,-0.469
0.361,-2.206
0.199,-0.673
0.192,-0.692
0.048,-1.693
0.072,-0.668
-0.243,0.626
-0.095,-0.374
-0.277,-0.717
-0.168,0.196
-0.29,-0.64
-0.386,0.571
-0.397,-1.246
-0.404,-2.597
-0.31,0.223
-0.473,-1.814
-0.547,-3.034
-0.424,-0.744
-0.442,-1.477
-0.431,-0.382
-0.486,0.521
-0.504,0.74
-0.51,-1.586
-0.547,-3.119
-0.706,0.528
-0.742,-1.041
-0.747,-0.826
-0.84,-1.144
-0.848,-0.595
-0.747,0.331
-0.747,-1.116
-0.939,-1.153
-0.814,-0.77
-0.941,-2.583
-0.992,-1.611
-1.009,-1.885
-1.005,-3.204
-1.156,0.108
-1.18,-2.097
-1.109,-3.045
-1.225,-2.229
-1.199,-0.538
-1.343,-0.837
-1.324,0.611
-1.375,-0.507
-1.499,-3.046
-1.403,-1.979
-1.553,-3.055
-1.599,0.097
-1.632,-3.065
-1.652,-0.913
-1.535,-2.428
-1.584,-0.045
-1.804,0.501
-1.857,-0.34
-1.993,-1.816
-2.152,-1.396
-2.078,-1.161
-2.175,-0.474
-2.198,-1.4
-2.519,-1.571
-2.538,0.17
-2.43,-2.319
-2.478,0.085
-2.708,-2.307
-2.628,0.719
-3.051,-1.056
-3.082,-2.407
-3.083,-1.275
-2.981,-2.311
-2.996,-2.043
3.094,-1.189
3.126,-2.727
2.975,0.661
3.059,-1.392
2.952,-1.522
2.919,-1.492
2.825,0.59
2.791,0.018
2.895,-1.583
2.864,-0.874
2.84,-0.899
2.67,-1.247
2.767,-2.099
2.626,-3.347
2.635,-3.322
2.079,-3.537
1.778,-3.246
1.651,-3.494
1.133,-3.617
0.958,-3.59
0.356,-3.698
0.057,-3.212
-0.164,-3.556
-0.174,-3.613
-0.302,-3.522
-0.355,-3.57
-0.366,-3.7
-0.653,-3.575
-0.741,-3.387
-1.18,-3.293
-1.755,-3.7
-2.457,-3.395
-2.73,-3.722
3.006,-3.4
2.927,-3.525
2.714,0.863
1.82,0.977
0.553,0.849
0.263,1.087
-0.688,0.999
-0.882,0.865
-1.079,1.067
-1.349,0.897
-1.512,0.92
1.772,-1.03
1.764,0.183
0.125,-2.595
-2.683,-2.61
2.258,-1.763
2.234,-2.07
-1.592,-0.223
-2.812,0.238
3.141,-0.453
2.454,0.09
1.761,-1.393
1.467,-2.044
-0.187,-0.559
-0.512,0.19
-0.559,-0.629
-0.506,-2.379
-0.811,-0.576
-2.018,0.071
-2.829,0.603
3.051,-3.71
-0.514,0.981
1.142,1.005
1.36,0.308
-0.045,3.01
-0.163,-0.08
-0.199,-0.467
-0.142,2.491
-0.196,0.972
-0.277,0.238
-0.246,-0.38
-0.283,2.111
-0.344,1.338
-0.278,1.828
-0.382,0.971
-0.362,3.006
-0.527,3.051
-0.572,1.023
-0.658,3.157
-0.655,0.123
-0.639,2.006
-0.739,-0.034
-0.821,1.885
-0.802,0.964
-0.757,-0.375
-0.766,0.804
-0.861,1.684
-0.822,0.832
-0.837,-0.675
-0.953,2.15
-0.936,1.114
-0.982,-0.601
-1.039,1.626
-1.042,1.617
-1.01,2.775
-1.042,2.066
-1.061,1.645
-1.067,0.958
-1.101,1.772
-1.204,2.044
-1.234,-0.839
-1.199,1.406
-1.203,1.901
-1.218,0.178
-1.313,2.722
-1.324,2.927
-1.338,0.616
-1.372,1.648
-1.429,2.44
-1.388,0.862
-1.452,1.875
-1.471,0.107
-1.636,3.052
-1.674,0.997
-1.61,1.553
-1.614,-0.271
-1.693,2.112
-1.709,0.207
-1.743,1.553
-1.803,2.006
-1.795,0.179
-1.872,2.27
-1.862,-0.116
-1.926,0.561
-1.967,-0.274
-2.104,-0.312
-2.164,1.68
-2.207,1.91
-2.192,0.89
-2.217,2.577
-2.212,1.966
-2.243,1.998
-2.189,1.769
-2.292,-0.388
-2.269,0.973
-2.373,1.109
-2.52,1.683
-2.495,2.05
-2.581,0.28
-2.688,0.047
-2.725,1.494
-2.839,0.571
-2.861,-0.759
-3.055,-0.033
-3.072,-0.366
-3.06,-0.642
-3.106,-0.012
2.945,3.079
2.938,1.248
2.913,-0.302
2.929,1.696
2.842,1.213
2.796,-0.652
2.873,2.432
2.838,0.645
2.834,0.223
2.735,1.861
2.78,1.046
2.717,0.015
2.757,0.028
2.74,0.515
2.729,1.658
2.653,0.839
2.641,0.179
2.627,0.181
2.687,1.496
2.605,-1.011
2.584,-1.146
2.485,-1.002
2.349,-1.069
2.375,-0.86
2.263,-0.951
1.792,-0.87
1.855,-1.019
1.855,-0.956
1.781,-1.02
1.311,-0.955
0.469,-0.895
0.345,-1.157
0.067,-1.135
0.029,-1.128
-0.324,-0.996
-0.816,-0.96
-1.302,-0.966
-1.453,-1.17
-1.58,-1.173
-1.746,-0.922
-2.313,-1.131
-2.422,-1.165
-2.369,-0.958
-2.357,-0.885
-2.489,-0.987
2.943,-1.317
2.977,-1.162
2.865,-1.316
2.868,-1.222
2.762,-1.281
2.043,3.35
1.504,3.138
1.535,3.458
1.508,3.331
0.894,3.412
0.258,3.225
0.234,3.277
-0.303,3.386
-0.677,3.374
-0.807,3.458
-0.956,3.316
-1.162,3.259
-1.202,3.368
-1.529,3.361
-1.851,3.384
-2.598,3.282
-2.959,3.353
-3.123,3.265
2.712,3.179
2.705,0.153
2.289,2.028
0.172,-0.019
-0.005,-0.283
-0.04,1.978
-0.134,2.293
-1.351,-0.46
-1.845,1.166
-2.258,2.542
-0.85,-1.381
-2.423,3.135
2.663,0.517
2.661,1.675
2.461,-0.653
2.482,1.462
2.487,0.277
2.469,0.231
2.239,0.728
2.232,2.052
2.367,-0.505
2.235,1.211
2.184,2.62
2.17,-0.58
2.118,-0.731
2.066,0.321
2.045,1.575
2.176,0.457
2.01,-0.733
2.101,0.233
1.988,0.828
1.879,0.342
1.964,0.919
1.932,2.521
1.807,0.242
1.81,0.672
1.905,0.504
1.838,0.849
1.653,0.628
1.54,-0.76
1.526,-0.607
1.581,-0.13
1.447,0.66
1.401,3.036
1.303,0.843
1.209,-0.286
1.081,1.004
0.965,1.815
0.709,-0.124
0.733,-0.007
0.548,1.673
0.691,3.062
0.51,-0.534
0.488,0.905
0.511,1.585
0.509,0.857
0.465,0.704
0.397,1.906
0.308,0.169
0.146,1.702
0.139,1.683
-0.005,0.682
0.019,1.707
-0.296,3.001
-0.148,2.001
-0.33,1.658
-0.221,2.571
-0.343,1.735
-0.439,2.946
-0.45,1.129
-0.457,-0.222
-0.363,2.598
-0.526,0.561
-0.6,-0.659
-0.477,1.631
-0.495,0.898
-0.484,1.993
-0.539,2.896
-0.557,3.115
-0.563,0.789
-0.6,-0.744
-0.759,2.903
-0.795,1.334
-0.8,1.549
-0.893,1.231
-0.901,1.78
-0.8,2.706
-0.8,1.259
-0.992,1.222
-0.867,1.605
-0.994,-0.208
-1.045,0.764
-1.062,0.49
-1.058,-0.829
-1.209,2.483
-1.233,0.278
-1.162,-0.67
-1.278,0.146
-1.252,1.837
-1.396,1.538
-1.377,2.986
-1.428,1.868
-1.552,-0.671
-1.456,0.396
-1.606,-0.68
-1.652,2.472
-1.685,-0.69
-1.705,1.462
-1.588,-0.053
-1.637,2.33
-1.857,2.876
-1.91,2.035
-2.046,0.559
-2.205,0.979
-2.131,1.214
-2.228,1.901
-2.251,0.975
-2.572,0.804
-2.591,2.545
-2.483,0.056
-2.531,2.46
-2.761,0.068
-2.681,3.094
-3.104,1.319
-3.135,-0.032
-3.136,1.1
-3.034,0.064
-3.049,0.332
3.041,1.186
3.073,-0.352
2.922,3.036
3.006,0.983
2.899,0.853
2.866,0.883
2.772,2.965
2.738,2.393
2.842,0.792
2.811,1.501
2.787,1.476
2.617,1.128
2.714,0.276
2.573,-0.972
2.582,-0.947
2.026,-1.162
1.725,-0.871
1.598,-1.119
1.08,-1.242
0.905,-1.215
0.303,-1.323
0.004,-0.837
-0.217,-1.181
-0.227,-1.238
-0.355,-1.147
-0.408,-1.195
-0.419,-1.325
-0.706,-1.2
-0.794,-1.012
-1.233,-0.918
-1.808,-1.325
-2.51,-1.02
-2.783,-1.347
2.953,-1.025
2.874,-1.15
2.661,3.238
1.767,3.352
0.5,3.224
0.21,3.462
-0.741,3.374
-0.935,3.24
-1.132,3.442
-1.402,3.272
-1.565,3.295
1.719,1.345
1.711,2.558
0.072,-0.22
-2.736,-0.235
2.205,0.612
2.181,0.305
-1.645,2.152
-2.865,2.613
3.088,1.922
2.401,2.465
1.708,0.982
1.414,0.331
-0.24,1.816
-0.565,2.565
-0.612,1.746
-0.559,-0.004
-0.864,1.799
-2.071,2.446
-2.882,2.978
2.998,-1.335
-0.567,3.356
1.089,3.38
1.307,2.683
-0.118,-3.09
-0.154,-3.477
-0.097,-0.519
-0.151,-2.038
-0.232,-2.772
-0.201,-3.39
-0.238,-0.899
-0.299,-1.672
-0.233,-1.182
-0.337,-2.039
-0.317,-0.004
-0.482,0.041
-0.527,-1.987
-0.613,0.147
-0.61,-2.887
-0.594,-1.004
-0.694,-3.044
-0.776,-1.125
-0.757,-2.046
-0.712,-3.385
-0.721,-2.206
-0.816,-1.326
-0.777,-2.178
-0.792,-3.685
-0.908,-0.86
-0.891,-1.896
-0.937,-3.611
-0.994,-1.384
-0.997,-1.393
-0.965,-0.235
-0.997,-0.944
-1.016,-1.365
-1.022,-2.052
-1.056,-1.238
-1.159,-0.966
-1.189,-3.849
-1.154,-1.604
-1.158,-1.109
-1.173,-2.832
-1.268,-0.288
-1.279,-0.083
-1.293,-2.394
-1.327,-1.362
-1.384,-0.57
-1.343,-2.148
-1.407,-1.135
-1.426,-2.903
-1.591,0.042
-1.629,-2.013
-1.565,-1.457
-1.569,-3.281
-1.648,-0.898
-1.664,-2.803
-1.698,-1.457
-1.758,-1.004
-1.75,-2.831
-1.827,-0.74
-1.817,-3.126
-1.881,-2.449
-1.922,-3.284
-2.059,-3.322
-2.119,-1.33
-2.162,-1.1
-2.147,-2.12
-2.172,-0.433
-2.167,-1.044
-2.198,-1.012
-2.144,-1.241
-2.247,-3.398
-2.224,-2.037
-2.328,-1.901
-2.475,-1.327
-2.45,-0.96
-2.536,-2.73
-2.643,-2.963
-2.68,-1.516
-2.794,-2.439
-2.816,-3.769
-3.01,-3.043
-3.027,-3.376
-3.015,-3.652
-3.061,-3.022
2.99,0.069
2.983,-1.762
2.958,-3.312
2.974,-1.314
2.887,-1.797
2.841,-3.662
2.918,-0.578
2.883,-2.365
2.879,-2.787
2.78,-1.149
2.825,-1.964
2.762,-2.995
2.802,-2.982
2.785,-2.495
2.774,-1.352
2.698,-2.171
2.686,-2.831
2.672,-2.829
2.732,-1.514
2.65,-4.021
2.629,-4.156
2.53,-4.012
2.394,-4.079
2.42,-3.87
2.308,-3.961
1.837,-3.88
1.9,-4.029
1.9,-3.966
1.826,-4.03
1.356,-3.965
0.514,-3.905
0.39,-4.167
0.112,-4.145
0.074,-4.138
-0.279,-4.006
-0.771,-3.97
-1.257,-3.976
-1.408,-4.18
-1.535,-4.183
-1.701,-3.932
-2.268,-4.141
-2.377,-4.175
-2.324,-3.968
-2.312,-3.895
-2.444,-3.997
2.988,-4.327
3.022,-4.172
2.91,-4.326
2.913,-4.232
2.807,-4.291
2.088,0.34
1.549,0.128
1.58,0.448
1.553,0.321
0.939,0.402
0.303,0.215
0.279,0.267
-0.258,0.376
-0.632,0.364
-0.762,0.448
-0.911,0.306
-1.117,0.249
-1.157,0.358
-1.484,0.351
-1.806,0.374
-2.553,0.272
-2.914,0.343
-3.078,0.255
2.757,0.169
2.75,-2.857
2.334,-0.982
0.217,-3.029
0.04,-3.293
0.005,-1.032
-0.089,-0.717
-1.306,-3.47
-1.8,-1.844
-2.213,-0.468
-0.805,-4.391
-2.378,0.125
2.708,-2.493
2.706,-1.335
2.506,-3.663
2.527,-1.548
2.532,-2.733
2.514,-2.779
2.284,-2.282
2.277,-0.958
2.412,-3.515
2.28,-1.799
2.229,-0.39
2.215,-3.59
2.163,-3.741
2.111,-2.689
2.09,-1.435
2.221,-2.553
2.055,-3.743
2.146,-2.777
2.033,-2.182
1.924,-2.668
2.009,-2.091
1.977,-0.489
1.852,-2.768
1.855,-2.338
1.95,-2.506
1.883,-2.161
1.698,-2.382
1.585,-3.77
1.571,-3.617
1.626,-3.14
1.492,-2.35
1.446,0.026
1.348,-2.167
1.254,-3.296
1.126,-2.006
1.01,-1.195
0.754,-3.134
0.778,-3.017
0.593,-1.337
0.736,0.052
0.555,-3.544
0.533,-2.105
0.556,-1.425
0.554,-2.153
0.51,-2.306
0.442,-1.104
0.353,-2.841
0.191,-1.308
0.184,-1.327
0.04,-2.328
0.064,-1.303
-0.251,-0.009
-0.103,-1.009
-0.285,-1.352
-0.176,-0.439
-0.298,-1.275
-0.394,-0.064
-0.405,-1.881
-0.412,-3.232
-0.318,-0.412
-0.481,-2.449
-0.555,-3.669
-0.432,-1.379
-0.45,-2.112
-0.439,-1.017
-0.494,-0.114
-0.512,0.105
-0.518,-2.221
-0.555,-3.754
-0.714,-0.107
-0.75,-1.676
-0.755,-1.461
-0.848,-1.779
-0.856,-1.23
-0.755,-0.304
-0.755,-1.751
-0.947,-1.788
-0.822,-1.405
-0.949,-3.218
-1.0,-2.246
-1.017,-2.52
-1.013,-3.839
-1.164,-0.527
-1.188,-2.732
-1.117,-3.68
-1.233,-2.864
-1.207,-1.173
-1.351,-1.472
-1.332,-0.024
-1.383,-1.142
-1.507,-3.681
-1.411,-2.614
-1.561,-3.69
-1.607,-0.538
-1.64,-3.7
-1.66,-1.548
-1.543,-3.063
-1.592,-0.68
-1.812,-0.134
-1.865,-0.975
-2.001,-2.451
-2.16,-2.031
-2.086,-1.796
-2.183,-1.109
-2.206,-2.035
-2.527,-2.206
-2.546,-0.465
-2.438,-2.954
-2.486,-0.55
-2.716,-2.942
-2.636,0.084
-3.059,-1.691
-3.09,-3.042
-3.091,-1.91
-2.989,-2.946
-3.004,-2.678
3.086,-1.824
3.118,-3.362
2.967,0.026
3.051,-2.027
2.944,-2.157
2.911,-2.127
2.817,-0.045
2.783,-0.617
2.887,-2.218
2.856,-1.509
2.832,-1.534
2.662,-1.882
2.759,-2.734
2.618,-3.982
2.627,-3.957
2.071,-4.172
1.77,-3.881
1.643,-4.129
1.125,-4.252
0.95,-4.225
0.348,-4.333
0.049,-3.847
-0.172,-4.191
-0.182,-4.248
-0.31,-4.157
-0.363,-4.205
-0.374,-4.335
-0.661,-4.21
-0.749,-4.022
-1.188,-3.928
-1.763,-4.335
-2.465,-4.03
-2.738,-4.357
2.998,-4.035
2.919,-4.16
2.706,0.228
1.812,0.342
0.545,0.214
0.255,0.452
-0.696,0.364
-0.89,0.23
-1.087,0.432
-1.357,0.262
-1.52,0.285
1.764,-1.665
1.756,-0.452
0.117,-3.23
-2.691,-3.245
2.25,-2.398
2.226,-2.705
-1.6,-0.858
-2.82,-0.397
3.133,-1.088
2.446,-0.545
1.753,-2.028
1.459,-2.679
-0.195,-1.194
-0.52,-0.445
-0.567,-1.264
-0.514,-3.014
-0.819,-1.211
-2.026,-0.564
-2.837,-0.032
3.043,-4.345
-0.522,0.346
1.134,0.37
1.352,-0.327
-0.036,-0.387
0.021,2.571
-0.033,1.052
-0.114,0.318
-0.083,-0.3
-0.12,2.191
-0.181,1.418
-0.115,1.908
-0.219,1.051
-0.199,3.086
-0.364,3.131
-0.409,1.103
-0.495,3.237
-0.492,0.203
-0.476,2.086
-0.576,0.046
-0.658,1.965
-0.639,1.044
-0.594,-0.295
-0.603,0.884
-0.698,1.764
-0.659,0.912
-0.674,-0.595
-0.79,2.23
-0.773,1.194
-0.819,-0.521
-0.876,1.706
-0.879,1.697
-0.847,2.855
-0.879,2.146
-0.898,1.725
-0.904,1.038
-0.938,1.852
-1.041,2.124
-1.071,-0.759
-1.036,1.486
-1.04,1.981
-1.055,0.258
-1.15,2.802
-1.161,3.007
-1.175,0.696
-1.209,1.728
-1.266,2.52
-1.225,0.942
-1.289,1.955
-1.308,0.187
-1.473,3.132
-1.511,1.077
-1.447,1.633
-1.451,-0.191
-1.53,2.192
-1.546,0.287
-1.58,1.633
-1.64,2.086
-1.632,0.259
-1.709,2.35
-1.699,-0.036
-1.763,0.641
-1.804,-0.194
-1.941,-0.232
-2.001,1.76
-2.044,1.99
-2.029,0.97
-2.054,2.657
-2.049,2.046
-2.08,2.078
-2.026,1.849
-2.129,-0.308
-2.106,1.053
-2.21,1.189
-2.357,1.763
-2.332,2.13
-2.418,0.36
-2.525,0.127
-2.562,1.574
-2.676,0.651
-2.698,-0.679
-2.892,0.047
-2.909,-0.286
-2.897,-0.562
-2.943,0.068
3.108,3.159
3.101,1.328
3.076,-0.222
3.092,1.776
3.005,1.293
2.959,-0.572
3.036,2.512
3.001,0.725
2.997,0.303
2.898,1.941
2.943,1.126
2.88,0.095
2.92,0.108
2.903,0.595
2.892,1.738
2.816,0.919
2.804,0.259
2.79,0.261
2.85,1.576
2.768,-0.931
2.747,-1.066
2.648,-0.922
2.512,-0.989
2.538,-0.78
2.426,-0.871
1.955,-0.79
2.018,-0.939
2.018,-0.876
1.944,-0.94
1.474,-0.875
0.632,-0.815
0.508,-1.077
0.23,-1.055
0.192,-1.048
-0.161,-0.916
-0.653,-0.88
-1.139,-0.886
-1.29,-1.09
-1.417,-1.093
-1.583,-0.842
-2.15,-1.051
-2.259,-1.085
-2.206,-0.878
-2.194,-0.805
-2.326,-0.907
3.106,-1.237
3.14,-1.082
3.028,-1.236
3.031,-1.142
2.925,-1.201
2.206,3.43
1.667,3.218
1.698,3.538
1.671,3.411
1.057,3.492
0.421,3.305
0.397,3.357
-0.14,3.466
-0.514,3.454
-0.644,3.538
-0.793,3.396
-0.999,3.339
-1.039,3.448
-1.366,3.441
-1.688,3.464
-2.435,3.362
-2.796,3.433
-2.96,3.345
2.875,3.259
2.868,0.233
2.452,2.108
0.335,0.061
0.158,-0.203
0.123,2.058
0.029,2.373
-1.188,-0.38
-1.682,1.246
-2.095,2.622
-0.687,-1.301
-2.26,3.215
2.826,0.597
2.824,1.755
2.624,-0.573
2.645,1.542
2.65,0.357
2.632,0.311
2.402,0.808
2.395,2.132
2.53,-0.425
2.398,1.291
2.347,2.7
2.333,-0.5
2.281,-0.651
2.229,0.401
2.208,1.655
2.339,0.537
2.173,-0.653
2.264,0.313
2.151,0.908
2.042,0.422
2.127,0.999
2.095,2.601
1.97,0.322
1.973,0.752
2.068,0.584
2.001,0.929
1.816,0.708
1.703,-0.68
1.689,-0.527
1.744,-0.05
1.61,0.74
1.564,3.116
1.466,0.923
1.372,-0.206
1.244,1.084
1.128,1.895
0.872,-0.044
0.896,0.073
0.711,1.753
0.854,3.142
0.673,-0.454
0.651,0.985
0.674,1.665
0.672,0.937
0.628,0.784
0.56,1.986
0.471,0.249
0.309,1.782
0.302,1.763
0.158,0.762
0.182,1.787
-0.133,3.081
0.015,2.081
-0.167,1.738
-0.058,2.651
-0.18,1.815
-0.276,3.026
-0.287,1.209
-0.294,-0.142
-0.2,2.678
-0.363,0.641
-0.437,-0.579
-0.314,1.711
-0.332,0.978
-0.321,2.073
-0.376,2.976
-0.394,3.195
-0.4,0.869
-0.437,-0.664
-0.596,2.983
-0.632,1.414
-0.637,1.629
-0.73,1.311
-0.738,1.86
-0.637,2.786
-0.637,1.339
-0.829,1.302
-0.704,1.685
-0.831,-0.128
-0.882,0.844
-0.899,0.57
-0.895,-0.749
-1.046,2.563
-1.07,0.358
-0.999,-0.59
-1.115,0.226
-1.089,1.917
-1.233,1.618
-1.214,3.066
-1.265,1.948
-1.389,-0.591
-1.293,0.476
-1.443,-0.6
-1.489,2.552
-1.522,-0.61
-1.542,1.542
-1.425,0.027
-1.474,2.41
-1.694,2.956
-1.747,2.115
-1.883,0.639
-2.042,1.059
-1.968,1.294
-2.065,1.981
-2.088,1.055
-2.409,0.884
-2.428,2.625
-2.32,0.136
-2.368,2.54
-2.598,0.148
-2.518,3.174
-2.941,1.399
-2.972,0.048
-2.973,1.18
-2.871,0.144
-2.886,0.412
-3.079,1.266
-3.047,-0.272
3.085,3.116
-3.114,1.063
3.062,0.933
3.029,0.963
2.935,3.045
2.901,2.473
3.005,0.872
2.974,1.581
2.95,1.556
2.78,1.208
2.877,0.356
2.736,-0.892
2.745,-0.867
2.189,-1.082
1.888,-0.791
1.761,-1.039
1.243,-1.162
1.068,-1.135
0.466,-1.243
0.167,-0.757
-0.054,-1.101
-0.064,-1.158
-0.192,-1.067
-0.245,-1.115
-0.256,-1.245
-0.543,-1.12
-0.631,-0.932
-1.07,-0.838
-1.645,-1.245
-2.347,-0.94
-2.62,-1.267
3.116,-0.945
3.037,-1.07
2.824,3.318
1.93,3.432
0.663,3.304
0.373,3.542
-0.578,3.454
-0.772,3.32
-0.969,3.522
-1.239,3.352
-1.402,3.375
1.882,1.425
1.874,2.638
0.235,-0.14
-2.573,-0.155
2.368,0.692
2.344,0.385
-1.482,2.232
-2.702,2.693
-3.032,2.002
2.564,2.545
1.871,1.062
1.577,0.411
-0.077,1.896
-0.402,2.645
-0.449,1.826
-0.396,0.076
-0.701,1.879
-1.908,2.526
-2.719,3.058
-3.122,-1.255
-0.404,3.436
1.252,3.46
1.47,2.763
0.057,2.958
0.003,1.439
-0.078,0.705
-0.047,0.087
-0.084,2.578
-0.145,1.805
-0.079,2.295
-0.183,1.438
-0.163,3.473
-0.328,3.518
-0.373,1.49
-0.459,3.624
-0.456,0.59
-0.44,2.473
-0.54,0.433
-0.622,2.352
-0.603,1.431
-0.558,0.092
-0.567,1.271
-0.662,2.151
-0.623,1.299
-0.638,-0.208
-0.754,2.617
-0.737,1.581
-0.783,-0.134
-0.84,2.093
-0.843,2.084
-0.811,3.242
-0.843,2.533
-0.862,2.112
-0.868,1.425
-0.902,2.239
-1.005,2.511
-1.035,-0.372
-1.0,1.873
-1.004,2.368
-1.019,0.645
-1.114,3.189
-1.125,3.394
-1.139,1.083
-1.173,2.115
-1.23,2.907
-1.189,1.329
-1.253,2.342
-1.272,0.574
-1.437,3.519
-1.475,1.464
-1.411,2.02
-1.415,0.196
-1.494,2.579
-1.51,0.674
-1.544,2.02
-1.604,2.473
-1.596,0.646
-1.673,2.737
-1.663,0.351
-1.727,1.028
-1.768,0.193
-1.905,0.155
-1.965,2.147
-2.008,2.377
-1.993,1.357
-2.018,3.044
-2.013,2.433
-2.044,2.465
-1.99,2.236
-2.093,0.079
-2.07,1.44
-2.174,1.576
-2.321,2.15
-2.296,2.517
-2.382,0.747
-2.489,0.514
-2.526,1.961
-2.64,1.038
-2.662,-0.292
-2.856,0.434
-2.873,0.101
-2.861,-0.175
-2.907,0.455
-3.139,3.546
3.137,1.715
3.112,0.165
3.128,2.163
3.041,1.68
2.995,-0.185
3.072,2.899
3.037,1.112
3.033,0.69
2.934,2.328
2.979,1.513
2.916,0.482
2.956,0.495
2.939,0.982
2.928,2.125
2.852,1.306
2.84,0.646
2.826,0.648
2.886,1.963
2.804,-0.544
2.783,-0.679
2.684,-0.535
2.548,-0.602
2.574,-0.393
2.462,-0.484
1.991,-0.403
2.054,-0.552
2.054,-0.489
1.98,-0.553
1.51,-0.488
0.668,-0.428
0.544,-0.69
0.266,-0.668
0.228,-0.661
-0.125,-0.529
-0.617,-0.493
-1.103,-0.499
-1.254,-0.703
-1.381,-0.706
-1.547,-0.455
-2.114,-0.664
-2.223,-0.698
-2.17,-0.491
-2.158,-0.418
-2.29,-0.52
-3.141,-0.85
-3.107,-0.695
3.064,-0.849
3.067,-0.755
2.961,-0.814
2.242,3.817
1.703,3.605
1.734,3.925
1.707,3.798
1.093,3.879
0.457,3.692
0.433,3.744
-0.104,3.853
-0.478,3.841
-0.608,3.925
-0.757,3.783
-0.963,3.726
-1.003,3.835
-1.33,3.828
-1.652,3.851
-2.399,3.749
-2.76,3.82
-2.924,3.732
2.911,3.646
2.904,0.62
2.488,2.495
0.371,0.448
0.194,0.184
0.159,2.445
0.065,2.76
-1.152,0.007
-1.646,1.633
-2.059,3.009
-0.651,-0.914
-2.224,3.602
2.862,0.984
2.86,2.142
2.66,-0.186
2.681,1.929
2.686,0.744
2.668,0.698
2.438,1.195
2.431,2.519
2.566,-0.038
2.434,1.678
2.383,3.087
2.369,-0.113
2.317,-0.264
2.265,0.788
2.244,2.042
2.375,0.924
2.209,-0.266
2.3,0.7
2.187,1.295
2.078,0.809
2.163,1.386
2.131,2.988
2.006,0.709
2.009,1.139
2.104,0.971
2.037,1.316
1.852,1.095
1.739,-0.293
1.725,-0.14
1.78,0.337
1.646,1.127
1.6,3.503
1.502,1.31
1.408,0.181
1.28,1.471
1.164,2.282
0.908,0.343
0.932,0.46
0.747,2.14
0.89,3.529
0.709,-0.067
0.687,1.372
0.71,2.052
0.708,1.324
0.664,1.171
0.596,2.373
0.507,0.636
0.345,2.169
0.338,2.15
0.194,1.149
0.218,2.174
-0.097,3.468
0.051,2.468
-0.131,2.125
-0.022,3.038
-0.144,2.202
-0.24,3.413
-0.251,1.596
-0.258,0.245
-0.164,3.065
-0.327,1.028
-0.401,-0.192
-0.278,2.098
-0.296,1.365
-0.285,2.46
-0.34,3.363
-0.358,3.582
-0.364,1.256
-0.401,-0.277
-0.56,3.37
-0.596,1.801
-0.601,2.016
-0.694,1.698
-0.702,2.247
-0.601,3.173
-0.601,1.726
-0.793,1.689
-0.668,2.072
-0.795,0.259
-0.846,1.231
-0.863,0.957
-0.859,-0.362
-1.01,2.95
-1.034,0.745
-0.963,-0.203
-1.079,0.613
-1.053,2.304
-1.197,2.005
-1.178,3.453
-1.229,2.335
-1.353,-0.204
-1.257,0.863
-1.407,-0.213
-1.453,2.939
-1.486,-0.223
-1.506,1.929
-1.389,0.414
-1.438,2.797
-1.658,3.343
-1.711,2.502
-1.847,1.026
-2.006,1.446
-1.932,1.681
-2.029,2.368
-2.052,1.442
-2.373,1.271
-2.392,3.012
-2.284,0.523
-2.332,2.927
-2.562,0.535
-2.482,3.561
-2.905,1.786
-2.936,0.435
-2.937,1.567
-2.835,0.531
-2.85,0.799
-3.043,1.653
-3.011,0.115
3.121,3.503
-3.078,1.45
3.098,1.32
3.065,1.35
2.971,3.432
2.937,2.86
3.041,1.259
3.01,1.968
2.986,1.943
2.816,1.595
2.913,0.743
2.772,-0.505
2.781,-0.48
2.225,-0.695
1.924,-0.404
1.797,-0.652
1.279,-0.775
1.104,-0.748
0.502,-0.856
0.203,-0.37
-0.018,-0.714
-0.028,-0.771
-0.156,-0.68
-0.209,-0.728
-0.22,-0.858
-0.507,-0.733
-0.595,-0.545
-1.034,-0.451
-1.609,-0.858
-2.311,-0.553
-2.584,-0.88
-3.131,-0.558
3.073,-0.683
2.86,3.705
1.966,3.819
0.699,3.691
0.409,3.929
-0.542,3.841
-0.736,3.707
-0.933,3.909
-1.203,3.739
-1.366,3.762
1.918,1.812
1.91,3.025
0.271,0.247
-2.537,0.232
2.404,1.079
2.38,0.772
-1.446,2.619
-2.666,3.08
-2.996,2.389
2.6,2.932
1.907,1.449
1.613,0.798
-0.041,2.283
-0.366,3.032
-0.413,2.213
-0.36,0.463
-0.665,2.266
-1.872,2.913
-2.683,3.445
-3.086,-0.868
-0.368,3.823
1.288,3.847
1.506,3.15
-0.054,-1.519
-0.135,-2.253
-0.104,-2.871
-0.141,-0.38
-0.202,-1.153
-0.136,-0.663
-0.24,-1.52
-0.22,0.515
-0.385,0.56
-0.43,-1.468
-0.516,0.666
-0.513,-2.368
-0.497,-0.485
-0.597,-2.525
-0.679,-0.606
-0.66,-1.527
-0.615,-2.866
-0.624,-1.687
-0.719,-0.807
-0.68,-1.659
-0.695,-3.166
-0.811,-0.341
-0.794,-1.377
-0.84,-3.092
-0.897,-0.865
-0.9,-0.874
-0.868,0.284
-0.9,-0.425
-0.919,-0.846
-0.925,-1.533
-0.959,-0.719
-1.062,-0.447
-1.092,-3.33
-1.057,-1.085
-1.061,-0.59
-1.076,-2.313
-1.171,0.231
-1.182,0.436
-1.196,-1.875
-1.23,-0.843
-1.287,-0.051
-1.246,-1.629
-1.31,-0.616
-1.329,-2.384
-1.494,0.561
-1.532,-1.494
-1.468,-0.938
-1.472,-2.762
-1.551,-0.379
-1.567,-2.284
-1.601,-0.938
-1.661,-0.485
-1.653,-2.312
-1.73,-0.221
-1.72,-2.607
-1.784,-1.93
-1.825,-2.765
-1.962,-2.803
-2.022,-0.811
-2.065,-0.581
-2.05,-1.601
-2.075,0.086
-2.07,-0.525
-2.101,-0.493
-2.047,-0.722
-2.15,-2.879
-2.127,-1.518
-2.231,-1.382
-2.378,-0.808
-2.353,-0.441
-2.439,-2.211
-2.546,-2.444
-2.583,-0.997
-2.697,-1.92
-2.719,-3.25
-2.913,-2.524
-2.93,-2.857
-2.918,-3.133
-2.964,-2.503
3.087,0.588
3.08,-1.243
3.055,-2.793
3.071,-0.795
2.984,-1.278
2.938,-3.143
3.015,-0.059
2.98,-1.846
2.976,-2.268
2.877,-0.63
2.922,-1.445
2.859,-2.476
2.899,-2.463
2.882,-1.976
2.871,-0.833
2.795,-1.652
2.783,-2.312
2.769,-2.31
2.829,-0.995
2.747,-3.502
2.726,-3.637
2.627,-3.493
2.491,-3.56
2.517,-3.351
2.405,-3.442
1.934,-3.361
1.997,-3.51
1.997,-3.447
1.923,-3.511
1.453,-3.446
0.611,-3.386
0.487,-3.648
0.209,-3.626
0.171,-3.619
-0.182,-3.487
-0.674,-3.451
-1.16,-3.457
-1.311,-3.661
-1.438,-3.664
-1.604,-3.413
-2.171,-3.622
-2.28,-3.656
-2.227,-3.449
-2.215,-3.376
-2.347,-3.478
3.085,-3.808
3.119,-3.653
3.007,-3.807
3.01,-3.713
2.904,-3.772
2.185,0.859
1.646,0.647
1.677,0.967
1.65,0.84
1.036,0.921
0.4,0.734
0.376,0.786
-0.161,0.895
-0.535,0.883
-0.665,0.967
-0.814,0.825
-1.02,0.768
-1.06,0.877
-1.387,0.87
-1.709,0.893
-2.456,0.791
-2.817,0.862
-2.981,0.774
2.854,0.688
2.847,-2.338
2.431,-0.463
0.314,-2.51
0.137,-2.774
0.102,-0.513
0.008,-0.198
-1.209,-2.951
-1.703,-1.325
-2.116,0.051
-0.708,-3.872
-2.281,0.644
2.805,-1.974
2.803,-0.816
2.603,-3.144
2.624,-1.029
2.629,-2.214
2.611,-2.26
2.381,-1.763
2.374,-0.439
2.509,-2.996
2.377,-1.28
2.326,0.129
2.312,-3.071
2.26,-3.222
2.208,-2.17
2.187,-0.916
2.318,-2.034
2.152,-3.224
2.243,-2.258
2.13,-1.663
2.021,-2.149
2.106,-1.572
2.074,0.03
1.949,-2.249
1.952,-1.819
2.047,-1.987
1.98,-1.642
1.795,-1.863
1.682,-3.251
1.668,-3.098
1.723,-2.621
1.589,-1.831
1.543,0.545
1.445,-1.648
1.351,-2.777
1.223,-1.487
1.107,-0.676
0.851,-2.615
0.875,-2.498
0.69,-0.818
0.833,0.571
0.652,-3.025
0.63,-1.586
0.653,-0.906
0.651,-1.634
0.607,-1.787
0.539,-0.585
0.45,-2.322
0.288,-0.789
0.281,-0.808
0.137,-1.809
0.161,-0.784
-0.154,0.51
-0.006,-0.49
-0.188,-0.833
-0.079,0.08
-0.201,-0.756
-0.297,0.455
-0.308,-1.362
-0.315,-2.713
-0.221,0.107
-0.384,-1.93
-0.458,-3.15
-0.335,-0.86
-0.353,-1.593
-0.342,-0.498
-0.397,0.405
-0.415,0.624
-0.421,-1.702
-0.458,-3.235
-0.617,0.412
-0.653,-1.157
-0.658,-0.942
-0.751,-1.26
-0.759,-0.711
-0.658,0.215
-0.658,-1.232
-0.85,-1.269
-0.725,-0.886
-0.852,-2.699
-0.903,-1.727
-0.92,-2.001
-0.916,-3.32
-1.067,-0.008
-1.091,-2.213
-1.02,-3.161
-1.136,-2.345
-1.11,-0.654
-1.254,-0.953
-1.235,0.495
-1.286,-0.623
-1.41,-3.162
-1.314,-2.095
-1.464,-3.171
-1.51,-0.019
-1.543,-3.181
-1.563,-1.029
-1.446,-2.544
-1.495,-0.161
-1.715,0.385
-1.768,-0.456
-1.904,-1.932
-2.063,-1.512
-1.989,-1.277
-2.086,-0.59
-2.109,-1.516
-2.43,-1.687
-2.449,0.054
-2.341,-2.435
-2.389,-0.031
-2.619,-2.423
-2.539,0.603
-2.962,-1.172
-2.993,-2.523
-2.994,-1.391
-2.892,-2.427
-2.907,-2.159
-3.1,-1.305
-3.068,-2.843
3.064,0.545
-3.135,-1.508
3.041,-1.638
3.008,-1.608
2.914,0.474
2.88,-0.098
2.984,-1.699
2.953,-0.99
2.929,-1.015
2.759,-1.363
2.856,-2.215
2.715,-3.463
2.724,-3.438
2.168,-3.653
1.867,-3.362
1.74,-3.61
1.222,-3.733
1.047,-3.706
0.445,-3.814
0.146,-3.328
-0.075,-3.672
-0.085,-3.729
-0.213,-3.638
-0.266,-3.686
-0.277,-3.816
-0.564,-3.691
-0.652,-3.503
-1.091,-3.409
-1.666,-3.816
-2.368,-3.511
-2.641,-3.838
3.095,-3.516
3.016,-3.641
2.803,0.747
1.909,0.861
0.642,0.733
0.352,0.971
-0.599,0.883
-0.793,0.749
-0.99,0.951
-1.26,0.781
-1.423,0.804
1.861,-1.146
1.853,0.067
0.214,-2.711
-2.594,-2.726
2.347,-1.879
2.323,-2.186
-1.503,-0.339
-2.723,0.122
-3.053,-0.569
2.543,-0.026
1.85,-1.509
1.556,-2.16
-0.098,-0.675
-0.423,0.074
-0.47,-0.745
-0.417,-2.495
-0.722,-0.692
-1.929,-0.045
-2.74,0.487
3.14,-3.826
-0.425,0.865
1.231,0.889
1.449,0.192
-0.081,-0.734
-0.05,-1.352
-0.087,1.139
-0.148,0.366
-0.082,0.856
-0.186,-0.001
-0.166,2.034
-0.331,2.079
-0.376,0.051
-0.462,2.185
-0.459,-0.849
-0.443,1.034
-0.543,-1.006
-0.625,0.913
-0.606,-0.008
-0.561,-1.347
-0.57,-0.168
-0.665,0.712
-0.626,-0.14
-0.641,-1.647
-0.757,1.178
-0.74,0.142
-0.786,-1.573
-0.843,0.654
-0.846,0.645
-0.814,1.803
-0.846,1.094
-0.865,0.673
-0.871,-0.014
-0.905,0.8
-1.008,1.072
-1.038,-1.811
-1.003,0.434
-1.007,0.929
-1.022,-0.794
-1.117,1.75
-1.128,1.955
-1.142,-0.356
-1.176,0.676
-1.233,1.468
-1.192,-0.11
-1.256,0.903
-1.275,-0.865
-1.44,2.08
-1.478,0.025
-1.414,0.581
-1.418,-1.243
-1.497,1.14
-1.513,-0.765
-1.547,0.581
-1.607,1.034
-1.599,-0.793
-1.676,1.298
-1.666,-1.088
-1.73,-0.411
-1.771,-1.246
-1.908,-1.284
-1.968,0.708
-2.011,0.938
-1.996,-0.082
-2.021,1.605
-2.016,0.994
-2.047,1.026
-1.993,0.797
-2.096,-1.36
-2.073,0.001
-2.177,0.137
-2.324,0.711
-2.299,1.078
-2.385,-0.692
-2.492,-0.925
-2.529,0.522
-2.643,-0.401
-2.665,-1.731
-2.859,-1.005
-2.876,-1.338
-2.864,-1.614
-2.91,-0.984
3.141,2.107
3.134,0.276
3.109,-1.274
3.125,0.724
3.038,0.241
2.992,-1.624
3.069,1.46
3.034,-0.327
3.03,-0.749
2.931,0.889
2.976,0.074
2.913,-0.957
2.953,-0.944
2.936,-0.457
2.925,0.686
2.849,-0.133
2.837,-0.793
2.823,-0.791
2.883,0.524
2.801,-1.983
2.78,-2.118
2.681,-1.974
2.545,-2.041
2.571,-1.832
2.459,-1.923
1.988,-1.842
2.051,-1.991
2.051,-1.928
1.977,-1.992
1.507,-1.927
0.665,-1.867
0.541,-2.129
0.263,-2.107
0.225,-2.1
-0.128,-1.968
-0.62,-1.932
-1.106,-1.938
-1.257,-2.142
-1.384,-2.145
-1.55,-1.894
-2.117,-2.103
-2.226,-2.137
-2.173,-1.93
-2.161,-1.857
-2.293,-1.959
3.139,-2.289
-3.11,-2.134
3.061,-2.288
3.064,-2.194
2.958,-2.253
2.239,2.378
1.7,2.166
1.731,2.486
1.704,2.359
1.09,2.44
0.454,2.253
0.43,2.305
-0.107,2.414
-0.481,2.402
-0.611,2.486
-0.76,2.344
-0.966,2.287
-1.006,2.396
-1.333,2.389
-1.655,2.412
-2.402,2.31
-2.763,2.381
-2.927,2.293
2.908,2.207
2.901,-0.819
2.485,1.056
0.368,-0.991
0.191,-1.255
0.156,1.006
0.062,1.321
-1.155,-1.432
-1.649,0.194
-2.062,1.57
-0.654,-2.353
-2.227,2.163
2.859,-0.455
2.857,0.703
2.657,-1.625
2.678,0.49
2.683,-0.695
2.665,-0.741
2.435,-0.244
2.428,1.08
2.563,-1.477
2.431,0.239
2.38,1.648
2.366,-1.552
2.314,-1.703
2.262,-0.651
2.241,0.603
2.372,-0.515
2.206,-1.705
2.297,-0.739
2.184,-0.144
2.075,-0.63
2.16,-0.053
2.128,1.549
2.003,-0.73
2.006,-0.3
2.101,-0.468
2.034,-0.123
1.849,-0.344
1.736,-1.732
1.722,-1.579
1.777,-1.102
1.643,-0.312
1.597,2.064
1.499,-0.129
1.405,-1.258
1.277,0.032
1.161,0.843
0.905,-1.096
0.929,-0.979
0.744,0.701
0.887,2.09
0.706,-1.506
0.684,-0.067
0.707,0.613
0.705,-0.115
0.661,-0.268
0.593,0.934
0.504,-0.803
0.342,0.73
0.335,0.711
0.191,-0.29
0.215,0.735
-0.1,2.029
0.048,1.029
-0.134,0.686
-0.025,1.599
-0.147,0.763
-0.243,1.974
-0.254,0.157
-0.261,-1.194
-0.167,1.626
-0.33,-0.411
-0.404,-1.631
-0.281,0.659
-0.299,-0.074
-0.288,1.021
-0.343,1.924
-0.361,2.143
-0.367,-0.183
-0.404,-1.716
-0.563,1.931
-0.599,0.362
-0.604,0.577
-0.697,0.259
-0.705,0.808
-0.604,1.734
-0.604,0.287
-0.796,0.25
-0.671,0.633
-0.798,-1.18
-0.849,-0.208
-0.866,-0.482
-0.862,-1.801
-1.013,1.511
-1.037,-0.694
-0.966,-1.642
-1.082,-0.826
-1.056,0.865
-1.2,0.566
-1.181,2.014
-1.232,0.896
-1.356,-1.643
-1.26,-0.576
-1.41,-1.652
-1.456,1.5
-1.489,-1.662
-1.509,0.49
-1.392,-1.025
-1.441,1.358
-1.661,1.904
-1.714,1.063
-1.85,-0.413
-2.009,0.007
-1.935,0.242
-2.032,0.929
-2.055,0.003
-2.376,-0.168
-2.395,1.573
-2.287,-0.916
-2.335,1.488
-2.565,-0.904
-2.485,2.122
-2.908,0.347
-2.939,-1.004
-2.94,0.128
-2.838,-0.908
-2.853,-0.64
-3.046,0.214
-3.014,-1.324
3.118,2.064
-3.081,0.011
3.095,-0.119
3.062,-0.089
2.968,1.993
2.934,1.421
3.038,-0.18
3.007,0.529
2.983,0.504
2.813,0.156
2.91,-0.696
2.769,-1.944
2.778,-1.919
2.222,-2.134
1.921,-1.843
1.794,-2.091
1.276,-2.214
1.101,-2.187
0.499,-2.295
0.2,-1.809
-0.021,-2.153
-0.031,-2.21
-0.159,-2.119
-0.212,-2.167
-0.223,-2.297
-0.51,-2.172
-0.598,-1.984
-1.037,-1.89
-1.612,-2.297
-2.314,-1.992
-2.587,-2.319
-3.134,-1.997
3.07,-2.122
2.857,2.266
1.963,2.38
0.696,2.252
0.406,2.49
-0.545,2.402
-0.739,2.268
-0.936,2.47
-1.206,2.3
-1.369,2.323
1.915,0.373
1.907,1.586
0.268,-1.192
-2.54,-1.207
2.401,-0.36
2.377,-0.667
-1.449,1.18
-2.669,1.641
-2.999,0.95
2.597,1.493
1.904,0.01
1.61,-0.641
-0.044,0.844
-0.369,1.593
-0.416,0.774
-0.363,-0.976
-0.668,0.827
-1.875,1.474
-2.686,2.006
-3.089,-2.307
-0.371,2.384
1.285,2.408
1.503,1.711
0.031,-0.618
-0.006,1.873
-0.067,1.1
-0.001,1.59
-0.105,0.733
-0.085,2.768
-0.25,2.813
-0.295,0.785
-0.381,2.919
-0.378,-0.115
-0.362,1.768
-0.462,-0.272
-0.544,1.647
-0.525,0.726
-0.48,-0.613
-0.489,0.566
-0.584,1.446
-0.545,0.594
-0.56,-0.913
-0.676,1.912
-0.659,0.876
-0.705,-0.839
-0.762,1.388
-0.765,1.379
-0.733,2.537
-0.765,1.828
-0.784,1.407
-0.79,0.72
-0.824,1.534
-0.927,1.806
-0.957,-1.077
-0.922,1.168
-0.926,1.663
-0.941,-0.06
-1.036,2.484
-1.047,2.689
-1.061,0.378
-1.095,1.41
-1.152,2.202
-1.111,0.624
-1.175,1.637
-1.194,-0.131
-1.359,2.814
-1.397,0.759
-1.333,1.315
-1.337,-0.509
-1.416,1.874
-1.432,-0.031
-1.466,1.315
-1.526,1.768
-1.518,-0.059
-1.595,2.032
-1.585,-0.354
-1.649,0.323
-1.69,-0.512
-1.827,-0.55
-1.887,1.442
-1.93,1.672
-1.915,0.652
-1.94,2.339
-1.935,1.728
-1.966,1.76
-1.912,1.531
-2.015,-0.626
-1.992,0.735
-2.096,0.871
-2.243,1.445
-2.218,1.812
-2.304,0.042
-2.411,-0.191
-2.448,1.256
-2.562,0.333
-2.584,-0.997
-2.778,-0.271
-2.795,-0.604
-2.783,-0.88
-2.829,-0.25
-3.061,2.841
-3.068,1.01
-3.093,-0.54
-3.077,1.458
3.119,0.975
3.073,-0.89
-3.133,2.194
3.115,0.407
3.111,-0.015
3.012,1.623
3.057,0.808
2.994,-0.223
3.034,-0.21
3.017,0.277
3.006,1.42
2.93,0.601
2.918,-0.059
2.904,-0.057
2.964,1.258
2.882,-1.249
2.861,-1.384
2.762,-1.24
2.626,-1.307
2.652,-1.098
2.54,-1.189
2.069,-1.108
2.132,-1.257
2.132,-1.194
2.058,-1.258
1.588,-1.193
0.746,-1.133
0.622,-1.395
0.344,-1.373
0.306,-1.366
-0.047,-1.234
-0.539,-1.198
-1.025,-1.204
-1.176,-1.408
-1.303,-1.411
-1.469,-1.16
-2.036,-1.369
-2.145,-1.403
-2.092,-1.196
-2.08,-1.123
-2.212,-1.225
-3.063,-1.555
-3.029,-1.4
-3.141,-1.554
-3.138,-1.46
3.039,-1.519
2.32,3.112
1.781,2.9
1.812,3.22
1.785,3.093
1.171,3.174
0.535,2.987
0.511,3.039
-0.026,3.148
-0.4,3.136
-0.53,3.22
-0.679,3.078
-0.885,3.021
-0.925,3.13
-1.252,3.123
-1.574,3.146
-2.321,3.044
-2.682,3.115
-2.846,3.027
2.989,2.941
2.982,-0.085
2.566,1.79
0.449,-0.257
0.272,-0.521
0.237,1.74
0.143,2.055
-1.074,-0.698
-1.568,0.928
-1.981,2.304
-0.573,-1.619
-2.146,2.897
2.94,0.279
2.938,1.437
2.738,-0.891
2.759,1.224
2.764,0.039
2.746,-0.007
2.516,0.49
2.509,1.814
2.644,-0.743
2.512,0.973
2.461,2.382
2.447,-0.818
2.395,-0.969
2.343,0.083
2.322,1.337
2.453,0.219
2.287,-0.971
2.378,-0.005
2.265,0.59
2.156,0.104
2.241,0.681
2.209,2.283
2.084,0.004
2.087,0.434
2.182,0.266
2.115,0.611
1.93,0.39
1.817,-0.998
1.803,-0.845
1.858,-0.368
1.724,0.422
1.678,2.798
1.58,0.605
1.486,-0.524
1.358,0.766
1.242,1.577
0.986,-0.362
1.01,-0.245
0.825,1.435
0.968,2.824
0.787,-0.772
0.765,0.667
0.788,1.347
0.786,0.619
0.742,0.466
0.674,1.668
0.585,-0.069
0.423,1.464
0.416,1.445
0.272,0.444
0.296,1.469
-0.019,2.763
0.129,1.763
-0.053,1.42
0.056,2.333
-0.066,1.497
-0.162,2.708
-0.173,0.891
-0.18,-0.46
-0.086,2.36
-0.249,0.323
-0.323,-0.897
-0.2,1.393
-0.218,0.66
-0.207,1.755
-0.262,2.658
-0.28,2.877
-0.286,0.551
-0.323,-0.982
-0.482,2.665
-0.518,1.096
-0.523,1.311
-0.616,0.993
-0.624,1.542
-0.523,2.468
-0.523,1.021
-0.715,0.984
-0.59,1.367
-0.717,-0.446
-0.768,0.526
-0.785,0.252
-0.781,-1.067
-0.932,2.245
-0.956,0.04
-0.885,-0.908
-1.001,-0.092
-0.975,1.599
-1.119,1.3
-1.1,2.748
-1.151,1.63
-1.275,-0.909
-1.179,0.158
-1.329,-0.918
-1.375,2.234
-1.408,-0.928
-1.428,1.224
-1.311,-0.291
-1.36,2.092
-1.58,2.638
-1.633,1.797
-1.769,0.321
-1.928,0.741
-1.854,0.976
-1.951,1.663
-1.974,0.737
-2.295,0.566
-2.314,2.307
-2.206,-0.182
-2.254,2.222
-2.484,-0.17
-2.404,2.856
-2.827,1.081
-2.858,-0.27
-2.859,0.862
-2.757,-0.174
-2.772,0.094
-2.965,0.948
-2.933,-0.59
-3.084,2.798
-3.0,0.745
-3.107,0.615
-3.14,0.645
3.049,2.727
3.015,2.155
3.119,0.554
3.088,1.263
3.064,1.238
2.894,0.89
2.991,0.038
2.85,-1.21
2.859,-1.185
2.303,-1.4
2.002,-1.109
1.875,-1.357
1.357,-1.48
1.182,-1.453
0.58,-1.561
0.281,-1.075
0.06,-1.419
0.05,-1.476
-0.078,-1.385
-0.131,-1.433
-0.142,-1.563
-0.429,-1.438
-0.517,-1.25
-0.956,-1.156
-1.531,-1.563
-2.233,-1.258
-2.506,-1.585
-3.053,-1.263
-3.132,-1.388
2.938,3.0
2.044,3.114
0.777,2.986
0.487,3.224
-0.464,3.136
-0.658,3.002
-0.855,3.204
-1.125,3.034
-1.288,3.057
1.996,1.107
1.988,2.32
0.349,-0.458
-2.459,-0.473
2.482,0.374
2.458,0.067
-1.368,1.914
-2.588,2.375
-2.918,1.684
2.678,2.227
1.985,0.744
1.691,0.093
0.037,1.578
-0.288,2.327
-0.335,1.508
-0.282,-0.242
-0.587,1.561
-1.794,2.208
-2.605,2.74
-3.008,-1.573
-0.29,3.118
1.366,3.142
1.584,2.445
-0.037,2.491
-0.098,1.718
-0.032,2.208
-0.136,1.351
-0.116,3.386
-0.281,3.431
-0.326,1.403
-0.412,3.537
-0.409,0.503
-0.393,2.386
-0.493,0.346
-0.575,2.265
-0.556,1.344
-0.511,0.005
-0.52,1.184
-0.615,2.064
-0.576,1.212
-0.591,-0.295
-0.707,2.53
-0.69,1.494
-0.736,-0.221
-0.793,2.006
-0.796,1.997
-0.764,3.155
-0.796,2.446
-0.815,2.025
-0.821,1.338
-0.855,2.152
-0.958,2.424
-0.988,-0.459
-0.953,1.786
-0.957,2.281
-0.972,0.558
-1.067,3.102
-1.078,3.307
-1.092,0.996
-1.126,2.028
-1.183,2.82
-1.142,1.242
-1.206,2.255
-1.225,0.487
-1.39,3.432
-1.428,1.377
-1.364,1.933
-1.368,0.109
-1.447,2.492
-1.463,0.587
-1.497,1.933
-1.557,2.386
-1.549,0.559
-1.626,2.65
-1.616,0.264
-1.68,0.941
-1.721,0.106
-1.858,0.068
-1.918,2.06
-1.961,2.29
-1.946,1.27
-1.971,2.957
-1.966,2.346
-1.997,2.378
-1.943,2.149
-2.046,-0.008
-2.023,1.353
-2.127,1.489
-2.274,2.063
-2.249,2.43
-2.335,0.66
-2.442,0.427
-2.479,1.874
-2.593,0.951
-2.615,-0.379
-2.809,0.347
-2.826,0.014
-2.814,-0.262
-2.86,0.368
-3.092,3.459
-3.099,1.628
-3.124,0.078
-3.108,2.076
3.088,1.593
3.042,-0.272
3.119,2.812
3.084,1.025
3.08,0.603
2.981,2.241
3.026,1.426
2.963,0.395
3.003,0.408
2.986,0.895
2.975,2.038
2.899,1.219
2.887,0.559
2.873,0.561
2.933,1.876
2.851,-0.631
2.83,-0.766
2.731,-0.622
2.595,-0.689
2.621,-0.48
2.509,-0.571
2.038,-0.49
2.101,-0.639
2.101,-0.576
2.027,-0.64
1.557,-0.575
0.715,-0.515
0.591,-0.777
0.313,-0.755
0.275,-0.748
-0.078,-0.616
-0.57,-0.58
-1.056,-0.586
-1.207,-0.79
-1.334,-0.793
-1.5,-0.542
-2.067,-0.751
-2.176,-0.785
-2.123,-0.578
-2.111,-0.505
-2.243,-0.607
-3.094,-0.937
-3.06,-0.782
3.111,-0.936
3.114,-0.842
3.008,-0.901
2.289,3.73
1.75,3.518
1.781,3.838
1.754,3.711
1.14,3.792
0.504,3.605
0.48,3.657
-0.057,3.766
-0.431,3.754
-0.561,3.838
-0.71,3.696
-0.916,3.639
-0.956,3.748
-1.283,3.741
-1.605,3.764
-2.352,3.662
-2.713,3.733
-2.877,3.645
2.958,3.559
2.951,0.533
2.535,2.408
0.418,0.361
0.241,0.097
0.206,2.358
0.112,2.673
-1.105,-0.08
-1.599,1.546
-2.012,2.922
-0.604,-1.001
-2.177,3.515
2.909,0.897
2.907,2.055
2.707,-0.273
2.728,1.842
2.733,0.657
2.715,0.611
2.485,1.108
2.478,2.432
2.613,-0.125
2.481,1.591
2.43,3.0
2.416,-0.2
2.364,-0.351
2.312,0.701
2.291,1.955
2.422,0.837
2.256,-0.353
2.347,0.613
2.234,1.208
2.125,0.722
2.21,1.299
2.178,2.901
2.053,0.622
2.056,1.052
2.151,0.884
2.084,1.229
1.899,1.008
1.786,-0.38
1.772,-0.227
1.827,0.25
1.693,1.04
1.647,3.416
1.549,1.223
1.455,0.094
1.327,1.384
1.211,2.195
0.955,0.256
0.979,0.373
0.794,2.053
0.937,3.442
0.756,-0.154
0.734,1.285
0.757,1.965
0.755,1.237
0.711,1.084
0.643,2.286
0.554,0.549
0.392,2.082
0.385,2.063
0.241,1.062
0.265,2.087
-0.05,3.381
0.098,2.381
-0.084,2.038
0.025,2.951
-0.097,2.115
-0.193,3.326
-0.204,1.509
-0.211,0.158
-0.117,2.978
-0.28,0.941
-0.354,-0.279
-0.231,2.011
-0.249,1.278
-0.238,2.373
-0.293,3.276
-0.311,3.495
-0.317,1.169
-0.354,-0.364
-0.513,3.283
-0.549,1.714
-0.554,1.929
-0.647,1.611
-0.655,2.16
-0.554,3.086
-0.554,1.639
-0.746,1.602
-0.621,1.985
-0.748,0.172
-0.799,1.144
-0.816,0.87
-0.812,-0.449
-0.963,2.863
-0.987,0.658
-0.916,-0.29
-1.032,0.526
-1.006,2.217
-1.15,1.918
-1.131,3.366
-1.182,2.248
-1.306,-0.291
-1.21,0.776
-1.36,-0.3
-1.406,2.852
-1.439,-0.31
-1.459,1.842
-1.342,0.327
-1.391,2.71
-1.611,3.256
-1.664,2.415
-1.8,0.939
-1.959,1.359
-1.885,1.594
-1.982,2.281
-2.005,1.355
-2.326,1.184
-2.345,2.925
-2.237,0.436
-2.285,2.84
-2.515,0.448
-2.435,3.474
-2.858,1.699
-2.889,0.348
-2.89,1.48
-2.788,0.444
-2.803,0.712
-2.996,1.566
-2.964,0.028
-3.115,3.416
-3.031,1.363
-3.138,1.233
3.112,1.263
3.018,3.345
2.984,2.773
3.088,1.172
3.057,1.881
3.033,1.856
2.863,1.508
2.96,0.656
2.819,-0.592
2.828,-0.567
2.272,-0.782
1.971,-0.491
1.844,-0.739
1.326,-0.862
1.151,-0.835
0.549,-0.943
0.25,-0.457
0.029,-0.801
0.019,-0.858
-0.109,-0.767
-0.162,-0.815
-0.173,-0.945
-0.46,-0.82
-0.548,-0.632
-0.987,-0.538
-1.562,-0.945
-2.264,-0.64
-2.537,-0.967
-3.084,-0.645
3.12,-0.77
2.907,3.618
2.013,3.732
0.746,3.604
0.456,3.842
-0.495,3.754
-0.689,3.62
-0.886,3.822
-1.156,3.652
-1.319,3.675
1.965,1.725
1.957,2.938
0.318,0.16
-2.49,0.145
2.451,0.992
2.427,0.685
-1.399,2.532
-2.619,2.993
-2.949,2.302
2.647,2.845
1.954,1.362
1.66,0.711
0.006,2.196
-0.319,2.945
-0.366,2.126
-0.313,0.376
-0.618,2.179
-1.825,2.826
-2.636,3.358
-3.039,-0.955
-0.321,3.736
1.335,3.76
1.553,3.063
-0.061,-0.773
0.005,-0.283
-0.099,-1.14
-0.079,0.895
-0.244,0.94
-0.289,-1.088
-0.375,1.046
-0.372,-1.988
-0.356,-0.105
-0.456,-2.145
-0.538,-0.226
-0.519,-1.147
-0.474,-2.486
-0.483,-1.307
-0.578,-0.427
-0.539,-1.279
-0.554,-2.786
-0.67,0.039
-0.653,-0.997
-0.699,-2.712
-0.756,-0.485
-0.759,-0.494
-0.727,0.664
-0.759,-0.045
-0.778,-0.466
-0.784,-1.153
-0.818,-0.339
-0.921,-0.067
-0.951,-2.95
-0.916,-0.705
-0.92,-0.21
-0.935,-1.933
-1.03,0.611
-1.041,0.816
-1.055,-1.495
-1.089,-0.463
-1.146,0.329
-1.105,-1.249
-1.169,-0.236
-1.188,-2.004
-1.353,0.941
-1.391,-1.114
-1.327,-0.558
-1.331,-2.382
-1.41,0.001
-1.426,-1.904
-1.46,-0.558
-1.52,-0.105
-1.512,-1.932
-1.589,0.159
-1.579,-2.227
-1.643,-1.55
-1.684,-2.385
-1.821,-2.423
-1.881,-0.431
-1.924,-0.201
-1.909,-1.221
-1.934,0.466
-1.929,-0.145
-1.96,-0.113
-1.906,-0.342
-2.009,-2.499
-1.986,-1.138
-2.09,-1.002
-2.237,-0.428
-2.212,-0.061
-2.298,-1.831
-2.405,-2.064
-2.442,-0.617
-2.556,-1.54
-2.578,-2.87
-2.772,-2.144
-2.789,-2.477
-2.777,-2.753
-2.823,-2.123
-3.055,0.968
-3.062,-0.863
-3.087,-2.413
-3.071,-0.415
3.125,-0.898
3.079,-2.763
-3.127,0.321
3.121,-1.466
3.117,-1.888
3.018,-0.25
3.063,-1.065
3.0,-2.096
3.04,-2.083
3.023,-1.596
3.012,-0.453
2.936,-1.272
2.924,-1.932
2.91,-1.93
2.97,-0.615
2.888,-3.122
2.867,-3.257
2.768,-3.113
2.632,-3.18
2.658,-2.971
2.546,-3.062
2.075,-2.981
2.138,-3.13
2.138,-3.067
2.064,-3.131
1.594,-3.066
0.752,-3.006
0.628,-3.268
0.35,-3.246
0.312,-3.239
-0.041,-3.107
-0.533,-3.071
-1.019,-3.077
-1.17,-3.281
-1.297,-3.284
-1.463,-3.033
-2.03,-3.242
-2.139,-3.276
-2.086,-3.069
-2.074,-2.996
-2.206,-3.098
-3.057,-3.428
-3.023,-3.273
-3.135,-3.427
-3.132,-3.333
3.045,-3.392
2.326,1.239
1.787,1.027
1.818,1.347
1.791,1.22
1.177,1.301
0.541,1.114
0.517,1.166
-0.02,1.275
-0.394,1.263
-0.524,1.347
-0.673,1.205
-0.879,1.148
-0.919,1.257
-1.246,1.25
-1.568,1.273
-2.315,1.171
-2.676,1.242
-2.84,1.154
2.995,1.068
2.988,-1.958
2.572,-0.083
0.455,-2.13
0.278,-2.394
0.243,-0.133
0.149,0.182
-1.068,-2.571
-1.562,-0.945
-1.975,0.431
-0.567,-3.492
-2.14,1.024
2.946,-1.594
2.944,-0.436
2.744,-2.764
2.765,-0.649
2.77,-1.834
2.752,-1.88
2.522,-1.383
2.515,-0.059
2.65,-2.616
2.518,-0.9
2.467,0.509
2.453,-2.691
2.401,-2.842
2.349,-1.79
2.328,-0.536
2.459,-1.654
2.293,-2.844
2.384,-1.878
2.271,-1.283
2.162,-1.769
2.247,-1.192
2.215,0.41
2.09,-1.869
2.093,-1.439
2.188,-1.607
2.121,-1.262
1.936,-1.483
1.823,-2.871
1.809,-2.718
1.864,-2.241
1.73,-1.451
1.684,0.925
1.586,-1.268
1.492,-2.397
1.364,-1.107
1.248,-0.296
0.992,-2.235
1.016,-2.118
0.831,-0.438
0.974,0.951
0.793,-2.645
0.771,-1.206
0.794,-0.526
0.792,-1.254
0.748,-1.407
0.68,-0.205
0.591,-1.942
0.429,-0.409
0.422,-0.428
0.278,-1.429
0.302,-0.404
-0.013,0.89
0.135,-0.11
-0.047,-0.453
0.062,0.46
-0.06,-0.376
-0.156,0.835
-0.167,-0.982
-0.174,-2.333
-0.08,0.487
-0.243,-1.55
-0.317,-2.77
-0.194,-0.48
-0.212,-1.213
-0.201,-0.118
-0.256,0.785
-0.274,1.004
-0.28,-1.322
-0.317,-2.855
-0.476,0.792
-0.512,-0.777
-0.517,-0.562
-0.61,-0.88
-0.618,-0.331
-0.517,0.595
-0.517,-0.852
-0.709,-0.889
-0.584,-0.506
-0.711,-2.319
-0.762,-1.347
-0.779,-1.621
-0.775,-2.94
-0.926,0.372
-0.95,-1.833
-0.879,-2.781
-0.995,-1.965
-0.969,-0.274
-1.113,-0.573
-1.094,0.875
-1.145,-0.243
-1.269,-2.782
-1.173,-1.715
-1.323,-2.791
-1.369,0.361
-1.402,-2.801
-1.422,-0.649
-1.305,-2.164
-1.354,0.219
-1.574,0.765
-1.627,-0.076
-1.763,-1.552
-1.922,-1.132
-1.848,-0.897
-1.945,-0.21
-1.968,-1.136
-2.289,-1.307
-2.308,0.434
-2.2,-2.055
-2.248,0.349
-2.478,-2.043
-2.398,0.983
-2.821,-0.792
-2.852,-2.143
-2.853,-1.011
-2.751,-2.047
-2.766,-1.779
-2.959,-0.925
-2.927,-2.463
-3.078,0.925
-2.994,-1.128
-3.101,-1.258
-3.134,-1.228
3.055,0.854
3.021,0.282
3.125,-1.319
3.094,-0.61
3.07,-0.635
2.9,-0.983
2.997,-1.835
2.856,-3.083
2.865,-3.058
2.309,-3.273
2.008,-2.982
1.881,-3.23
1.363,-3.353
1.188,-3.326
0.586,-3.434
0.287,-2.948
0.066,-3.292
0.056,-3.349
-0.072,-3.258
-0.125,-3.306
-0.136,-3.436
-0.423,-3.311
-0.511,-3.123
-0.95,-3.029
-1.525,-3.436
-2.227,-3.131
-2.5,-3.458
-3.047,-3.136
-3.126,-3.261
2.944,1.127
2.05,1.241
0.783,1.113
0.493,1.351
-0.458,1.263
-0.652,1.129
-0.849,1.331
-1.119,1.161
-1.282,1.184
2.002,-0.766
1.994,0.447
0.355,-2.331
-2.453,-2.346
2.488,-1.499
2.464,-1.806
-1.362,0.041
-2.582,0.502
-2.912,-0.189
2.684,0.354
1.991,-1.129
1.697,-1.78
0.043,-0.295
-0.282,0.454
-0.329,-0.365
-0.276,-2.115
-0.581,-0.312
-1.788,0.335
-2.599,0.867
-3.002,-3.446
-0.284,1.245
1.372,1.269
1.59,0.572
0.066,0.49
-0.038,-0.367
-0.018,1.668
-0.183,1.713
-0.228,-0.315
-0.314,1.819
-0.311,-1.215
-0.295,0.668
-0.395,-1.372
-0.477,0.547
-0.458,-0.374
-0.413,-1.713
-0.422,-0.534
-0.517,0.346
-0.478,-0.506
-0.493,-2.013
-0.609,0.812
-0.592,-0.224
-0.638,-1.939
-0.695,0.288
-0.698,0.279
-0.666,1.437
-0.698,0.728
-0.717,0.307
-0.723,-0.38
-0.757,0.434
-0.86,0.706
-0.89,-2.177
-0.855,0.068
-0.859,0.563
-0.874,-1.16
-0.969,1.384
-0.98,1.589
-0.994,-0.722
-1.028,0.31
-1.085,1.102
-1.044,-0.476
-1.108,0.537
-1.127,-1.231
-1.292,1.714
-1.33,-0.341
-1.266,0.215
-1.27,-1.609
-1.349,0.774
-1.365,-1.131
-1.399,0.215
-1.459,0.668
-1.451,-1.159
-1.528,0.932
-1.518,-1.454
-1.582,-0.777
-1.623,-1.612
-1.76,-1.65
-1.82,0.342
-1.863,0.572
-1.848,-0.448
-1.873,1.239
-1.868,0.628
-1.899,0.66
-1.845,0.431
-1.948,-1.726
-1.925,-0.365
-2.029,-0.229
-2.176,0.345
-2.151,0.712
-2.237,-1.058
-2.344,-1.291
-2.381,0.156
-2.495,-0.767
-2.517,-2.097
-2.711,-1.371
-2.728,-1.704
-2.716,-1.98
-2.762,-1.35
-2.994,1.741
-3.001,-0.09
-3.026,-1.64
-3.01,0.358
-3.097,-0.125
3.14,-1.99
-3.066,1.094
-3.101,-0.693
-3.105,-1.115
3.079,0.523
3.124,-0.292
3.061,-1.323
3.101,-1.31
3.084,-0.823
3.073,0.32
2.997,-0.499
2.985,-1.159
2.971,-1.157
3.031,0.158
2.949,-2.349
2.928,-2.484
2.829,-2.34
2.693,-2.407
2.719,-2.198
2.607,-2.289
2.136,-2.208
2.199,-2.357
2.199,-2.294
2.125,-2.358
1.655,-2.293
0.813,-2.233
0.689,-2.495
0.411,-2.473
0.373,-2.466
0.02,-2.334
-0.472,-2.298
-0.958,-2.304
-1.109,-2.508
-1.236,-2.511
-1.402,-2.26
-1.969,-2.469
-2.078,-2.503
-2.025,-2.296
-2.013,-2.223
-2.145,-2.325
-2.996,-2.655
-2.962,-2.5
-3.074,-2.654
-3.071,-2.56
3.106,-2.619
2.387,2.012
1.848,1.8
1.879,2.12
1.852,1.993
1.238,2.074
0.602,1.887
0.578,1.939
0.041,2.048
-0.333,2.036
-0.463,2.12
-0.612,1.978
-0.818,1.921
-0.858,2.03
-1.185,2.023
-1.507,2.046
-2.254,1.944
-2.615,2.015
-2.779,1.927
3.056,1.841
3.049,-1.185
2.633,0.69
0.516,-1.357
0.339,-1.621
0.304,0.64
0.21,0.955
-1.007,-1.798
-1.501,-0.172
-1.914,1.204
-0.506,-2.719
-2.079,1.797
3.007,-0.821
3.005,0.337
2.805,-1.991
2.826,0.124
2.831,-1.061
2.813,-1.107
2.583,-0.61
2.576,0.714
2.711,-1.843
2.579,-0.127
2.528,1.282
2.514,-1.918
2.462,-2.069
2.41,-1.017
2.389,0.237
2.52,-0.881
2.354,-2.071
2.445,-1.105
2.332,-0.51
2.223,-0.996
2.308,-0.419
2.276,1.183
2.151,-1.096
2.154,-0.666
2.249,-0.834
2.182,-0.489
1.997,-0.71
1.884,-2.098
1.87,-1.945
1.925,-1.468
1.791,-0.678
1.745,1.698
1.647,-0.495
1.553,-1.624
1.425,-0.334
1.309,0.477
1.053,-1.462
1.077,-1.345
0.892,0.335
1.035,1.724
0.854,-1.872
0.832,-0.433
0.855,0.247
0.853,-0.481
0.809,-0.634
0.741,0.568
0.652,-1.169
0.49,0.364
0.483,0.345
0.339,-0.656
0.363,0.369
0.048,1.663
0.196,0.663
0.014,0.32
0.123,1.233
0.001,0.397
-0.095,1.608
-0.106,-0.209
-0.113,-1.56
-0.019,1.26
-0.182,-0.777
-0.256,-1.997
-0.133,0.293
-0.151,-0.44
-0.14,0.655
-0.195,1.558
-0.213,1.777
-0.219,-0.549
-0.256,-2.082
-0.415,1.565
-0.451,-0.004
-0.456,0.211
-0.549,-0.107
-0.557,0.442
-0.456,1.368
-0.456,-0.079
-0.648,-0.116
-0.523,0.267
-0.65,-1.546
-0.701,-0.574
-0.718,-0.848
-0.714,-2.167
-0.865,1.145
-0.889,-1.06
-0.818,-2.008
-0.934,-1.192
-0.908,0.499
-1.052,0.2
-1.033,1.648
-1.084,0.53
-1.208,-2.009
-1.112,-0.942
-1.262,-2.018
-1.308,1.134
-1.341,-2.028
-1.361,0.124
-1.244,-1.391
-1.293,0.992
-1.513,1.538
-1.566,0.697
-1.702,-0.779
-1.861,-0.359
-1.787,-0.124
-1.884,0.563
-1.907,-0.363
-2.228,-0.534
-2.247,1.207
-2.139,-1.282
-2.187,1.122
-2.417,-1.27
-2.337,1.756
-2.76,-0.019
-2.791,-1.37
-2.792,-0.238
-2.69,-1.274
-2.705,-1.006
-2.898,-0.152
-2.866,-1.69
-3.017,1.698
-2.933,-0.355
-3.04,-0.485
-3.073,-0.455
3.116,1.627
3.082,1.055
-3.097,-0.546
-3.128,0.163
3.131,0.138
2.961,-0.21
3.058,-1.062
2.917,-2.31
2.926,-2.285
2.37,-2.5
2.069,-2.209
1.942,-2.457
1.424,-2.58
1.249,-2.553
0.647,-2.661
0.348,-2.175
0.127,-2.519
0.117,-2.576
-0.011,-2.485
-0.064,-2.533
-0.075,-2.663
-0.362,-2.538
-0.45,-2.35
-0.889,-2.256
-1.464,-2.663
-2.166,-2.358
-2.439,-2.685
-2.986,-2.363
-3.065,-2.488
3.005,1.9
2.111,2.014
0.844,1.886
0.554,2.124
-0.397,2.036
-0.591,1.902
-0.788,2.104
-1.058,1.934
-1.221,1.957
2.063,0.007
2.055,1.22
0.416,-1.558
-2.392,-1.573
2.549,-0.726
2.525,-1.033
-1.301,0.814
-2.521,1.275
-2.851,0.584
2.745,1.127
2.052,-0.356
1.758,-1.007
0.104,0.478
-0.221,1.227
-0.268,0.408
-0.215,-1.342
-0.52,0.461
-1.727,1.108
-2.538,1.64
-2.941,-2.673
-0.223,2.018
1.433,2.042
1.651,1.345
-0.104,-0.857
-0.084,1.178
-0.249,1.223
-0.294,-0.805
-0.38,1.329
-0.377,-1.705
-0.361,0.178
-0.461,-1.862
-0.543,0.057
-0.524,-0.864
-0.479,-2.203
-0.488,-1.024
-0.583,-0.144
-0.544,-0.996
-0.559,-2.503
-0.675,0.322
-0.658,-0.714
-0.704,-2.429
-0.761,-0.202
-0.764,-0.211
-0.732,0.947
-0.764,0.238
-0.783,-0.183
-0.789,-0.87
-0.823,-0.056
-0.926,0.216
-0.956,-2.667
-0.921,-0.422
-0.925,0.073
-0.94,-1.65
-1.035,0.894
-1.046,1.099
-1.06,-1.212
-1.094,-0.18
-1.151,0.612
-1.11,-0.966
-1.174,0.047
-1.193,-1.721
-1.358,1.224
-1.396,-0.831
-1.332,-0.275
-1.336,-2.099
-1.415,0.284
-1.431,-1.621
-1.465,-0.275
-1.525,0.178
-1.517,-1.649
-1.594,0.442
-1.584,-1.944
-1.648,-1.267
-1.689,-2.102
-1.826,-2.14
-1.886,-0.148
-1.929,0.082
-1.914,-0.938
-1.939,0.749
-1.934,0.138
-1.965,0.17
-1.911,-0.059
-2.014,-2.216
-1.991,-0.855
-2.095,-0.719
-2.242,-0.145
-2.217,0.222
-2.303,-1.548
-2.41,-1.781
-2.447,-0.334
-2.561,-1.257
-2.583,-2.587
-2.777,-1.861
-2.794,-2.194
-2.782,-2.47
-2.828,-1.84
-3.06,1.251
-3.067,-0.58
-3.092,-2.13
-3.076,-0.132
3.12,-0.615
3.074,-2.48
-3.132,0.604
3.116,-1.183
3.112,-1.605
3.013,0.033
3.058,-0.782
2.995,-1.813
3.035,-1.8
3.018,-1.313
3.007,-0.17
2.931,-0.989
2.919,-1.649
2.905,-1.647
2.965,-0.332
2.883,-2.839
2.862,-2.974
2.763,-2.83
2.627,-2.897
2.653,-2.688
2.541,-2.779
2.07,-2.698
2.133,-2.847
2.133,-2.784
2.059,-2.848
1.589,-2.783
0.747,-2.723
0.623,-2.985
0.345,-2.963
0.307,-2.956
-0.046,-2.824
-0.538,-2.788
-1.024,-2.794
-1.175,-2.998
-1.302,-3.001
-1.468,-2.75
-2.035,-2.959
-2.144,-2.993
-2.091,-2.786
-2.079,-2.713
-2.211,-2.815
-3.062,-3.145
-3.028,-2.99
-3.14,-3.144
-3.137,-3.05
3.04,-3.109
2.321,1.522
1.782,1.31
1.813,1.63
1.786,1.503
1.172,1.584
0.536,1.397
0.512,1.449
-0.025,1.558
-0.399,1.546
-0.529,1.63
-0.678,1.488
-0.884,1.431
-0.924,1.54
-1.251,1.533
-1.573,1.556
-2.32,1.454
-2.681,1.525
-2.845,1.437
2.99,1.351
2.983,-1.675
2.567,0.2
0.45,-1.847
0.273,-2.111
0.238,0.15
0.144,0.465
-1.073,-2.288
-1.567,-0.662
-1.98,0.714
-0.572,-3.209
-2.145,1.307
2.941,-1.311
2.939,-0.153
2.739,-2.481
2.76,-0.366
2.765,-1.551
2.747,-1.597
2.517,-1.1
2.51,0.224
2.645,-2.333
2.513,-0.617
2.462,0.792
2.448,-2.408
2.396,-2.559
2.344,-1.507
2.323,-0.253
2.454,-1.371
2.288,-2.561
2.379,-1.595
2.266,-1.0
2.157,-1.486
2.242,-0.909
2.21,0.693
2.085,-1.586
2.088,-1.156
2.183,-1.324
2.116,-0.979
1.931,-1.2
1.818,-2.588
1.804,-2.435
1.859,-1.958
1.725,-1.168
1.679,1.208
1.581,-0.985
1.487,-2.114
1.359,-0.824
1.243,-0.013
0.987,-1.952
1.011,-1.835
0.826,-0.155
0.969,1.234
0.788,-2.362
0.766,-0.923
0.789,-0.243
0.787,-0.971
0.743,-1.124
0.675,0.078
0.586,-1.659
0.424,-0.126
0.417,-0.145
0.273,-1.146
0.297,-0.121
-0.018,1.173
0.13,0.173
-0.052,-0.17
0.057,0.743
-0.065,-0.093
-0.161,1.118
-0.172,-0.699
-0.179,-2.05
-0.085,0.77
-0.248,-1.267
-0.322,-2.487
-0.199,-0.197
-0.217,-0.93
-0.206,0.165
-0.261,1.068
-0.279,1.287
-0.285,-1.039
-0.322,-2.572
-0.481,1.075
-0.517,-0.494
-0.522,-0.279
-0.615,-0.597
-0.623,-0.048
-0.522,0.878
-0.522,-0.569
-0.714,-0.606
-0.589,-0.223
-0.716,-2.036
-0.767,-1.064
-0.784,-1.338
-0.78,-2.657
-0.931,0.655
-0.955,-1.55
-0.884,-2.498
-1.0,-1.682
-0.974,0.009
-1.118,-0.29
-1.099,1.158
-1.15,0.04
-1.274,-2.499
-1.178,-1.432
-1.328,-2.508
-1.374,0.644
-1.407,-2.518
-1.427,-0.366
-1.31,-1.881
-1.359,0.502
-1.579,1.048
-1.632,0.207
-1.768,-1.269
-1.927,-0.849
-1.853,-0.614
-1.95,0.073
-1.973,-0.853
-2.294,-1.024
-2.313,0.717
-2.205,-1.772
-2.253,0.632
-2.483,-1.76
-2.403,1.266
-2.826,-0.509
-2.857,-1.86
-2.858,-0.728
-2.756,-1.764
-2.771,-1.496
-2.964,-0.642
-2.932,-2.18
-3.083,1.208
-2.999,-0.845
-3.106,-0.975
-3.139,-0.945
3.05,1.137
3.016,0.565
3.12,-1.036
3.089,-0.327
3.065,-0.352
2.895,-0.7
2.992,-1.552
2.851,-2.8
2.86,-2.775
2.304,-2.99
2.003,-2.699
1.876,-2.947
1.358,-3.07
1.183,-3.043
0.581,-3.151
0.282,-2.665
0.061,-3.009
0.051,-3.066
-0.077,-2.975
-0.13,-3.023
-0.141,-3.153
-0.428,-3.028
-0.516,-2.84
-0.955,-2.746
-1.53,-3.153
-2.232,-2.848
-2.505,-3.175
-3.052,-2.853
-3.131,-2.978
2.939,1.41
2.045,1.524
0.778,1.396
0.488,1.634
-0.463,1.546
-0.657,1.412
-0.854,1.614
-1.124,1.444
-1.287,1.467
1.997,-0.483
1.989,0.73
0.35,-2.048
-2.458,-2.063
2.483,-1.216
2.459,-1.523
-1.367,0.324
-2.587,0.785
-2.917,0.094
2.679,0.637
1.986,-0.846
1.692,-1.497
0.038,-0.012
-0.287,0.737
-0.334,-0.082
-0.281,-1.832
-0.586,-0.029
-1.793,0.618
-2.604,1.15
-3.007,-3.163
-0.289,1.528
1.367,1.552
1.585,0.855
0.02,2.035
-0.145,2.08
-0.19,0.052
-0.276,2.186
-0.273,-0.848
-0.257,1.035
-0.357,-1.005
-0.439,0.914
-0.42,-0.007
-0.375,-1.346
-0.384,-0.167
-0.479,0.713
-0.44,-0.139
-0.455,-1.646
-0.571,1.179
-0.554,0.143
-0.6,-1.572
-0.657,0.655
-0.66,0.646
-0.628,1.804
-0.66,1.095
-0.679,0.674
-0.685,-0.013
-0.719,0.801
-0.822,1.073
-0.852,-1.81
-0.817,0.435
-0.821,0.93
-0.836,-0.793
-0.931,1.751
-0.942,1.956
-0.956,-0.355
-0.99,0.677
-1.047,1.469
-1.006,-0.109
-1.07,0.904
-1.089,-0.864
-1.254,2.081
-1.292,0.026
-1.228,0.582
-1.232,-1.242
-1.311,1.141
-1.327,-0.764
-1.361,0.582
-1.421,1.035
-1.413,-0.792
-1.49,1.299
-1.48,-1.087
-1.544,-0.41
-1.585,-1.245
-1.722,-1.283
-1.782,0.709
-1.825,0.939
-1.81,-0.081
-1.835,1.606
-1.83,0.995
-1.861,1.027
-1.807,0.798
-1.91,-1.359
-1.887,0.002
-1.991,0.138
-2.138,0.712
-2.113,1.079
-2.199,-0.691
-2.306,-0.924
-2.343,0.523
-2.457,-0.4
-2.479,-1.73
-2.673,-1.004
-2.69,-1.337
-2.678,-1.613
-2.724,-0.983
-2.956,2.108
-2.963,0.277
-2.988,-1.273
-2.972,0.725
-3.059,0.242
-3.105,-1.623
-3.028,1.461
-3.063,-0.326
-3.067,-0.748
3.117,0.89
-3.121,0.075
3.099,-0.956
3.139,-0.943
3.122,-0.456
3.111,0.687
3.035,-0.132
3.023,-0.792
3.009,-0.79
3.069,0.525
2.987,-1.982
2.966,-2.117
2.867,-1.973
2.731,-2.04
2.757,-1.831
2.645,-1.922
2.174,-1.841
2.237,-1.99
2.237,-1.927
2.163,-1.991
1.693,-1.926
0.851,-1.866
0.727,-2.128
0.449,-2.106
0.411,-2.099
0.058,-1.967
-0.434,-1.931
-0.92,-1.937
-1.071,-2.141
-1.198,-2.144
-1.364,-1.893
-1.931,-2.102
-2.04,-2.136
-1.987,-1.929
-1.975,-1.856
-2.107,-1.958
-2.958,-2.288
-2.924,-2.133
-3.036,-2.287
-3.033,-2.193
-3.139,-2.252
2.425,2.379
1.886,2.167
1.917,2.487
1.89,2.36
1.276,2.441
0.64,2.254
0.616,2.306
0.079,2.415
-0.295,2.403
-0.425,2.487
-0.574,2.345
-0.78,2.288
-0.82,2.397
-1.147,2.39
-1.469,2.413
-2.216,2.311
-2.577,2.382
-2.741,2.294
3.094,2.208
3.087,-0.818
2.671,1.057
0.554,-0.99
0.377,-1.254
0.342,1.007
0.248,1.322
-0.969,-1.431
-1.463,0.195
-1.876,1.571
-0.468,-2.352
-2.041,2.164
3.045,-0.454
3.043,0.704
2.843,-1.624
2.864,0.491
2.869,-0.694
2.851,-0.74
2.621,-0.243
2.614,1.081
2.749,-1.476
2.617,0.24
2.566,1.649
2.552,-1.551
2.5,-1.702
2.448,-0.65
2.427,0.604
2.558,-0.514
2.392,-1.704
2.483,-0.738
2.37,-0.143
2.261,-0.629
2.346,-0.052
2.314,1.55
2.189,-0.729
2.192,-0.299
2.287,-0.467
2.22,-0.122
2.035,-0.343
1.922,-1.731
1.908,-1.578
1.963,-1.101
1.829,-0.311
1.783,2.065
1.685,-0.128
1.591,-1.257
1.463,0.033
1.347,0.844
1.091,-1.095
1.115,-0.978
0.93,0.702
1.073,2.091
0.892,-1.505
0.87,-0.066
0.893,0.614
0.891,-0.114
0.847,-0.267
0.779,0.935
0.69,-0.802
0.528,0.731
0.521,0.712
0.377,-0.289
0.401,0.736
0.086,2.03
0.234,1.03
0.052,0.687
0.161,1.6
0.039,0.764
-0.057,1.975
-0.068,0.158
-0.075,-1.193
0.019,1.627
-0.144,-0.41
-0.218,-1.63
-0.095,0.66
-0.113,-0.073
-0.102,1.022
-0.157,1.925
-0.175,2.144
-0.181,-0.182
-0.218,-1.715
-0.377,1.932
-0.413,0.363
-0.418,0.578
-0.511,0.26
-0.519,0.809
-0.418,1.735
-0.418,0.288
-0.61,0.251
-0.485,0.634
-0.612,-1.179
-0.663,-0.207
-0.68,-0.481
-0.676,-1.8
-0.827,1.512
-0.851,-0.693
-0.78,-1.641
-0.896,-0.825
-0.87,0.866
-1.014,0.567
-0.995,2.015
-1.046,0.897
-1.17,-1.642
-1.074,-0.575
-1.224,-1.651
-1.27,1.501
-1.303,-1.661
-1.323,0.491
-1.206,-1.024
-1.255,1.359
-1.475,1.905
-1.528,1.064
-1.664,-0.412
-1.823,0.008
-1.749,0.243
-1.846,0.93
-1.869,0.004
-2.19,-0.167
-2.209,1.574
-2.101,-0.915
-2.149,1.489
-2.379,-0.903
-2.299,2.123
-2.722,0.348
-2.753,-1.003
-2.754,0.129
-2.652,-0.907
-2.667,-0.639
-2.86,0.215
-2.828,-1.323
-2.979,2.065
-2.895,0.012
-3.002,-0.118
-3.035,-0.088
-3.129,1.994
3.12,1.422
-3.059,-0.179
-3.09,0.53
-3.114,0.505
2.999,0.157
3.096,-0.695
2.955,-1.943
2.964,-1.918
2.408,-2.133
2.107,-1.842
1.98,-2.09
1.462,-2.213
1.287,-2.186
0.685,-2.294
0.386,-1.808
0.165,-2.152
0.155,-2.209
0.027,-2.118
-0.026,-2.166
-0.037,-2.296
-0.324,-2.171
-0.412,-1.983
-0.851,-1.889
-1.426,-2.296
-2.128,-1.991
-2.401,-2.318
-2.948,-1.996
-3.027,-2.121
3.043,2.267
2.149,2.381
0.882,2.253
0.592,2.491
-0.359,2.403
-0.553,2.269
-0.75,2.471
-1.02,2.301
-1.183,2.324
2.101,0.374
2.093,1.587
0.454,-1.191
-2.354,-1.206
2.587,-0.359
2.563,-0.666
-1.263,1.181
-2.483,1.642
-2.813,0.951
2.783,1.494
2.09,0.011
1.796,-0.64
0.142,0.845
-0.183,1.594
-0.23,0.775
-0.177,-0.975
-0.482,0.828
-1.689,1.475
-2.5,2.007
-2.903,-2.306
-0.185,2.385
1.471,2.409
1.689,1.712
-0.165,0.045
-0.21,-1.983
-0.296,0.151
-0.293,-2.883
-0.277,-1.0
-0.377,-3.04
-0.459,-1.121
-0.44,-2.042
-0.395,-3.381
-0.404,-2.202
-0.499,-1.322
-0.46,-2.174
-0.475,-3.681
-0.591,-0.856
-0.574,-1.892
-0.62,-3.607
-0.677,-1.38
-0.68,-1.389
-0.648,-0.231
-0.68,-0.94
-0.699,-1.361
-0.705,-2.048
-0.739,-1.234
-0.842,-0.962
-0.872,-3.845
-0.837,-1.6
-0.841,-1.105
-0.856,-2.828
-0.951,-0.284
-0.962,-0.079
-0.976,-2.39
-1.01,-1.358
-1.067,-0.566
-1.026,-2.144
-1.09,-1.131
-1.109,-2.899
-1.274,0.046
-1.312,-2.009
-1.248,-1.453
-1.252,-3.277
-1.331,-0.894
-1.347,-2.799
-1.381,-1.453
-1.441,-1.0
-1.433,-2.827
-1.51,-0.736
-1.5,-3.122
-1.564,-2.445
-1.605,-3.28
-1.742,-3.318
-1.802,-1.326
-1.845,-1.096
-1.83,-2.116
-1.855,-0.429
-1.85,-1.04
-1.881,-1.008
-1.827,-1.237
-1.93,-3.394
-1.907,-2.033
-2.011,-1.897
-2.158,-1.323
-2.133,-0.956
-2.219,-2.726
-2.326,-2.959
-2.363,-1.512
-2.477,-2.435
-2.499,-3.765
-2.693,-3.039
-2.71,-3.372
-2.698,-3.648
-2.744,-3.018
-2.976,0.073
-2.983,-1.758
-3.008,-3.308
-2.992,-1.31
-3.079,-1.793
-3.125,-3.658
-3.048,-0.574
-3.083,-2.361
-3.087,-2.783
3.097,-1.145
-3.141,-1.96
3.079,-2.991
3.119,-2.978
3.102,-2.491
3.091,-1.348
3.015,-2.167
3.003,-2.827
2.989,-2.825
3.049,-1.51
2.967,-4.017
2.946,-4.152
2.847,-4.008
2.711,-4.075
2.737,-3.866
2.625,-3.957
2.154,-3.876
2.217,-4.025
2.217,-3.962
2.143,-4.026
1.673,-3.961
0.831,-3.901
0.707,-4.163
0.429,-4.141
0.391,-4.134
0.038,-4.002
-0.454,-3.966
-0.94,-3.972
-1.091,-4.176
-1.218,-4.179
-1.384,-3.928
-1.951,-4.137
-2.06,-4.171
-2.007,-3.964
-1.995,-3.891
-2.127,-3.993
-2.978,-4.323
-2.944,-4.168
-3.056,-4.322
-3.053,-4.228
3.124,-4.287
2.405,0.344
1.866,0.132
1.897,0.452
1.87,0.325
1.256,0.406
0.62,0.219
0.596,0.271
0.059,0.38
-0.315,0.368
-0.445,0.452
-0.594,0.31
-0.8,0.253
-0.84,0.362
-1.167,0.355
-1.489,0.378
-2.236,0.276
-2.597,0.347
-2.761,0.259
3.074,0.173
3.067,-2.853
2.651,-0.978
0.534,-3.025
0.357,-3.289
0.322,-1.028
0.228,-0.713
-0.989,-3.466
-1.483,-1.84
-1.896,-0.464
-0.488,-4.387
-2.061,0.129
3.025,-2.489
3.023,-1.331
2.823,-3.659
2.844,-1.544
2.849,-2.729
2.831,-2.775
2.601,-2.278
2.594,-0.954
2.729,-3.511
2.597,-1.795
2.546,-0.386
2.532,-3.586
2.48,-3.737
2.428,-2.685
2.407,-1.431
2.538,-2.549
2.372,-3.739
2.463,-2.773
2.35,-2.178
2.241,-2.664
2.326,-2.087
2.294,-0.485
2.169,-2.764
2.172,-2.334
2.267,-2.502
2.2,-2.157
2.015,-2.378
1.902,-3.766
1.888,-3.613
1.943,-3.136
1.809,-2.346
1.763,0.03
1.665,-2.163
1.571,-3.292
1.443,-2.002
1.327,-1.191
1.071,-3.13
1.095,-3.013
0.91,-1.333
1.053,0.056
0.872,-3.54
0.85,-2.101
0.873,-1.421
0.871,-2.149
0.827,-2.302
0.759,-1.1
0.67,-2.837
0.508,-1.304
0.501,-1.323
0.357,-2.324
0.381,-1.299
0.066,-0.005
0.214,-1.005
0.032,-1.348
0.141,-0.435
0.019,-1.271
-0.077,-0.06
-0.088,-1.877
-0.095,-3.228
-0.001,-0.408
-0.164,-2.445
-0.238,-3.665
-0.115,-1.375
-0.133,-2.108
-0.122,-1.013
-0.177,-0.11
-0.195,0.109
-0.201,-2.217
-0.238,-3.75
-0.397,-0.103
-0.433,-1.672
-0.438,-1.457
-0.531,-1.775
-0.539,-1.226
-0.438,-0.3
-0.438,-1.747
-0.63,-1.784
-0.505,-1.401
-0.632,-3.214
-0.683,-2.242
-0.7,-2.516
-0.696,-3.835
-0.847,-0.523
-0.871,-2.728
-0.8,-3.676
-0.916,-2.86
-0.89,-1.169
-1.034,-1.468
-1.015,-0.02
-1.066,-1.138
-1.19,-3.677
-1.094,-2.61
-1.244,-3.686
-1.29,-0.534
-1.323,-3.696
-1.343,-1.544
-1.226,-3.059
-1.275,-0.676
-1.495,-0.13
-1.548,-0.971
-1.684,-2.447
-1.843,-2.027
-1.769,-1.792
-1.866,-1.105
-1.889,-2.031
-2.21,-2.202
-2.229,-0.461
-2.121,-2.95
-2.169,-0.546
-2.399,-2.938
-2.319,0.088
-2.742,-1.687
-2.773,-3.038
-2.774,-1.906
-2.672,-2.942
-2.687,-2.674
-2.88,-1.82
-2.848,-3.358
-2.999,0.03
-2.915,-2.023
-3.022,-2.153
-3.055,-2.123
3.134,-0.041
3.1,-0.613
-3.079,-2.214
-3.11,-1.505
-3.134,-1.53
2.979,-1.878
3.076,-2.73
2.935,-3.978
2.944,-3.953
2.388,-4.168
2.087,-3.877
1.96,-4.125
1.442,-4.248
1.267,-4.221
0.665,-4.329
0.366,-3.843
0.145,-4.187
0.135,-4.244
0.007,-4.153
-0.046,-4.201
-0.057,-4.331
-0.344,-4.206
-0.432,-4.018
-0.871,-3.924
-1.446,-4.331
-2.148,-4.026
-2.421,-4.353
-2.968,-4.031
-3.047,-4.156
3.023,0.232
2.129,0.346
0.862,0.218
0.572,0.456
-0.379,0.368
-0.573,0.234
-0.77,0.436
-1.04,0.266
-1.203,0.289
2.081,-1.661
2.073,-0.448
0.434,-3.226
-2.374,-3.241
2.567,-2.394
2.543,-2.701
-1.283,-0.854
-2.503,-0.393
-2.833,-1.084
2.763,-0.541
2.07,-2.024
1.776,-2.675
0.122,-1.19
-0.203,-0.441
-0.25,-1.26
-0.197,-3.01
-0.502,-1.207
-1.709,-0.56
-2.52,-0.028
-2.923,-4.341
-0.205,0.35
1.451,0.374
1.669,-0.323
-0.045,-2.028
-0.131,0.106
-0.128,-2.928
-0.112,-1.045
-0.212,-3.085
-0.294,-1.166
-0.275,-2.087
-0.23,-3.426
-0.239,-2.247
-0.334,-1.367
-0.295,-2.219
-0.31,-3.726
-0.426,-0.901
-0.409,-1.937
-0.455,-3.652
-0.512,-1.425
-0.515,-1.434
-0.483,-0.276
-0.515,-0.985
-0.534,-1.406
-0.54,-2.093
-0.574,-1.279
-0.677,-1.007
-0.707,-3.89
-0.672,-1.645
-0.676,-1.15
-0.691,-2.873
-0.786,-0.329
-0.797,-0.124
-0.811,-2.435
-0.845,-1.403
-0.902,-0.611
-0.861,-2.189
-0.925,-1.176
-0.944,-2.944
-1.109,0.001
-1.147,-2.054
-1.083,-1.498
-1.087,-3.322
-1.166,-0.939
-1.182,-2.844
-1.216,-1.498
-1.276,-1.045
-1.268,-2.872
-1.345,-0.781
-1.335,-3.167
-1.399,-2.49
-1.44,-3.325
-1.577,-3.363
-1.637,-1.371
-1.68,-1.141
-1.665,-2.161
-1.69,-0.474
-1.685,-1.085
-1.716,-1.053
-1.662,-1.282
-1.765,-3.439
-1.742,-2.078
-1.846,-1.942
-1.993,-1.368
-1.968,-1.001
-2.054,-2.771
-2.161,-3.004
-2.198,-1.557
-2.312,-2.48
-2.334,-3.81
-2.528,-3.084
-2.545,-3.417
-2.533,-3.693
-2.579,-3.063
-2.811,0.028
-2.818,-1.803
-2.843,-3.353
-2.827,-1.355
-2.914,-1.838
-2.96,-3.703
-2.883,-0.619
-2.918,-2.406
-2.922,-2.828
-3.021,-1.19
-2.976,-2.005
-3.039,-3.036
-2.999,-3.023
-3.016,-2.536
-3.027,-1.393
-3.103,-2.212
-3.115,-2.872
-3.129,-2.87
-3.069,-1.555
3.132,-4.062
3.111,-4.197
3.012,-4.053
2.876,-4.12
2.902,-3.911
2.79,-4.002
2.319,-3.921
2.382,-4.07
2.382,-4.007
2.308,-4.071
1.838,-4.006
0.996,-3.946
0.872,-4.208
0.594,-4.186
0.556,-4.179
0.203,-4.047
-0.289,-4.011
-0.775,-4.017
-0.926,-4.221
-1.053,-4.224
-1.219,-3.973
-1.786,-4.182
-1.895,-4.216
-1.842,-4.009
-1.83,-3.936
-1.962,-4.038
-2.813,-4.368
-2.779,-4.213
-2.891,-4.367
-2.888,-4.273
-2.994,-4.332
2.57,0.299
2.031,0.087
2.062,0.407
2.035,0.28
1.421,0.361
0.785,0.174
0.761,0.226
0.224,0.335
-0.15,0.323
-0.28,0.407
-0.429,0.265
-0.635,0.208
-0.675,0.317
-1.002,0.31
-1.324,0.333
-2.071,0.231
-2.432,0.302
-2.596,0.214
-3.044,0.128
-3.051,-2.898
2.816,-1.023
0.699,-3.07
0.522,-3.334
0.487,-1.073
0.393,-0.758
-0.824,-3.511
-1.318,-1.885
-1.731,-0.509
-0.323,-4.432
-1.896,0.084
-3.093,-2.534
-3.095,-1.376
2.988,-3.704
3.009,-1.589
3.014,-2.774
2.996,-2.82
2.766,-2.323
2.759,-0.999
2.894,-3.556
2.762,-1.84
2.711,-0.431
2.697,-3.631
2.645,-3.782
2.593,-2.73
2.572,-1.476
2.703,-2.594
2.537,-3.784
2.628,-2.818
2.515,-2.223
2.406,-2.709
2.491,-2.132
2.459,-0.53
2.334,-2.809
2.337,-2.379
2.432,-2.547
2.365,-2.202
2.18,-2.423
2.067,-3.811
2.053,-3.658
2.108,-3.181
1.974,-2.391
1.928,-0.015
1.83,-2.208
1.736,-3.337
1.608,-2.047
1.492,-1.236
1.236,-3.175
1.26,-3.058
1.075,-1.378
1.218,0.011
1.037,-3.585
1.015,-2.146
1.038,-1.466
1.036,-2.194
0.992,-2.347
0.924,-1.145
0.835,-2.882
0.673,-1.349
0.666,-1.368
0.522,-2.369
0.546,-1.344
0.231,-0.05
0.379,-1.05
0.197,-1.393
0.306,-0.48
0.184,-1.316
0.088,-0.105
0.077,-1.922
0.07,-3.273
0.164,-0.453
0.001,-2.49
-0.073,-3.71
0.05,-1.42
0.032,-2.153
0.043,-1.058
-0.012,-0.155
-0.03,0.064
-0.036,-2.262
-0.073,-3.795
-0.232,-0.148
-0.268,-1.717
-0.273,-1.502
-0.366,-1.82
-0.374,-1.271
-0.273,-0.345
-0.273,-1.792
-0.465,-1.829
-0.34,-1.446
-0.467,-3.259
-0.518,-2.287
-0.535,-2.561
-0.531,-3.88
-0.682,-0.568
-0.706,-2.773
-0.635,-3.721
-0.751,-2.905
-0.725,-1.214
-0.869,-1.513
-0.85,-0.065
-0.901,-1.183
-1.025,-3.722
-0.929,-2.655
-1.079,-3.731
-1.125,-0.579
-1.158,-3.741
-1.178,-1.589
-1.061,-3.104
-1.11,-0.721
-1.33,-0.175
-1.383,-1.016
-1.519,-2.492
-1.678,-2.072
-1.604,-1.837
-1.701,-1.15
-1.724,-2.076
-2.045,-2.247
-2.064,-0.506
-1.956,-2.995
-2.004,-0.591
-2.234,-2.983
-2.154,0.043
-2.577,-1.732
-2.608,-3.083
-2.609,-1.951
-2.507,-2.987
-2.522,-2.719
-2.715,-1.865
-2.683,-3.403
-2.834,-0.015
-2.75,-2.068
-2.857,-2.198
-2.89,-2.168
-2.984,-0.086
-3.018,-0.658
-2.914,-2.259
-2.945,-1.55
-2.969,-1.575
-3.139,-1.923
-3.042,-2.775
3.1,-4.023
3.109,-3.998
2.553,-4.213
2.252,-3.922
2.125,-4.17
1.607,-4.293
1.432,-4.266
0.83,-4.374
0.531,-3.888
0.31,-4.232
0.3,-4.289
0.172,-4.198
0.119,-4.246
0.108,-4.376
-0.179,-4.251
-0.267,-4.063
-0.706,-3.969
-1.281,-4.376
-1.983,-4.071
-2.256,-4.398
-2.803,-4.076
-2.882,-4.201
-3.095,0.187
2.294,0.301
1.027,0.173
0.737,0.411
-0.214,0.323
-0.408,0.189
-0.605,0.391
-0.875,0.221
-1.038,0.244
2.246,-1.706
2.238,-0.493
0.599,-3.271
-2.209,-3.286
2.732,-2.439
2.708,-2.746
-1.118,-0.899
-2.338,-0.438
-2.668,-1.129
2.928,-0.586
2.235,-2.069
1.941,-2.72
0.287,-1.235
-0.038,-0.486
-0.085,-1.305
-0.032,-3.055
-0.337,-1.252
-1.544,-0.605
-2.355,-0.073
-2.758,-4.386
-0.04,0.305
1.616,0.329
1.834,-0.368
-0.086,2.134
-0.083,-0.9
-0.067,0.983
-0.167,-1.057
-0.249,0.862
-0.23,-0.059
-0.185,-1.398
-0.194,-0.219
-0.289,0.661
-0.25,-0.191
-0.265,-1.698
-0.381,1.127
-0.364,0.091
-0.41,-1.624
-0.467,0.603
-0.47,0.594
-0.438,1.752
-0.47,1.043
-0.489,0.622
-0.495,-0.065
-0.529,0.749
-0.632,1.021
-0.662,-1.862
-0.627,0.383
-0.631,0.878
-0.646,-0.845
-0.741,1.699
-0.752,1.904
-0.766,-0.407
-0.8,0.625
-0.857,1.417
-0.816,-0.161
-0.88,0.852
-0.899,-0.916
-1.064,2.029
-1.102,-0.026
-1.038,0.53
-1.042,-1.294
-1.121,1.089
-1.137,-0.816
-1.171,0.53
-1.231,0.983
-1.223,-0.844
-1.3,1.247
-1.29,-1.139
-1.354,-0.462
-1.395,-1.297
-1.532,-1.335
-1.592,0.657
-1.635,0.887
-1.62,-0.133
-1.645,1.554
-1.64,0.943
-1.671,0.975
-1.617,0.746
-1.72,-1.411
-1.697,-0.05
-1.801,0.086
-1.948,0.66
-1.923,1.027
-2.009,-0.743
-2.116,-0.976
-2.153,0.471
-2.267,-0.452
-2.289,-1.782
-2.483,-1.056
-2.5,-1.389
-2.488,-1.665
-2.534,-1.035
-2.766,2.056
-2.773,0.225
-2.798,-1.325
-2.782,0.673
-2.869,0.19
-2.915,-1.675
-2.838,1.409
-2.873,-0.378
-2.877,-0.8
-2.976,0.838
-2.931,0.023
-2.994,-1.008
-2.954,-0.995
-2.971,-0.508
-2.982,0.635
-3.058,-0.184
-3.07,-0.844
-3.084,-0.842
-3.024,0.473
-3.106,-2.034
-3.127,-2.169
3.057,-2.025
2.921,-2.092
2.947,-1.883
2.835,-1.974
2.364,-1.893
2.427,-2.042
2.427,-1.979
2.353,-2.043
1.883,-1.978
1.041,-1.918
0.917,-2.18
0.639,-2.158
0.601,-2.151
0.248,-2.019
-0.244,-1.983
-0.73,-1.989
-0.881,-2.193
-1.008,-2.196
-1.174,-1.945
-1.741,-2.154
-1.85,-2.188
-1.797,-1.981
-1.785,-1.908
-1.917,-2.01
-2.768,-2.34
-2.734,-2.185
-2.846,-2.339
-2.843,-2.245
-2.949,-2.304
2.615,2.327
2.076,2.115
2.107,2.435
2.08,2.308
1.466,2.389
0.83,2.202
0.806,2.254
0.269,2.363
-0.105,2.351
-0.235,2.435
-0.384,2.293
-0.59,2.236
-0.63,2.345
-0.957,2.338
-1.279,2.361
-2.026,2.259
-2.387,2.33
-2.551,2.242
-2.999,2.156
-3.006,-0.87
2.861,1.005
0.744,-1.042
0.567,-1.306
0.532,0.955
0.438,1.27
-0.779,-1.483
-1.273,0.143
-1.686,1.519
-0.278,-2.404
-1.851,2.112
-3.048,-0.506
-3.05,0.652
3.033,-1.676
3.054,0.439
3.059,-0.746
3.041,-0.792
2.811,-0.295
2.804,1.029
2.939,-1.528
2.807,0.188
2.756,1.597
2.742,-1.603
2.69,-1.754
2.638,-0.702
2.617,0.552
2.748,-0.566
2.582,-1.756
2.673,-0.79
2.56,-0.195
2.451,-0.681
2.536,-0.104
2.504,1.498
2.379,-0.781
2.382,-0.351
2.477,-0.519
2.41,-0.174
2.225,-0.395
2.112,-1.783
2.098,-1.63
2.153,-1.153
2.019,-0.363
1.973,2.013
1.875,-0.18
1.781,-1.309
1.653,-0.019
1.537,0.792
1.281,-1.147
1.305,-1.03
1.12,0.65
1.263,2.039
1.082,-1.557
1.06,-0.118
1.083,0.562
1.081,-0.166
1.037,-0.319
0.969,0.883
0.88,-0.854
0.718,0.679
0.711,0.66
0.567,-0.341
0.591,0.684
0.276,1.978
0.424,0.978
0.242,0.635
0.351,1.548
0.229,0.712
0.133,1.923
0.122,0.106
0.115,-1.245
0.209,1.575
0.046,-0.462
-0.028,-1.682
0.095,0.608
0.077,-0.125
0.088,0.97
0.033,1.873
0.015,2.092
0.009,-0.234
-0.028,-1.767
-0.187,1.88
-0.223,0.311
-0.228,0.526
-0.321,0.208
-0.329,0.757
-0.228,1.683
-0.228,0.236
-0.42,0.199
-0.295,0.582
-0.422,-1.231
-0.473,-0.259
-0.49,-0.533
-0.486,-1.852
-0.637,1.46
-0.661,-0.745
-0.59,-1.693
-0.706,-0.877
-0.68,0.814
-0.824,0.515
-0.805,1.963
-0.856,0.845
-0.98,-1.694
-0.884,-0.627
-1.034,-1.703
-1.08,1.449
-1.113,-1.713
-1.133,0.439
-1.016,-1.076
-1.065,1.307
-1.285,1.853
-1.338,1.012
-1.474,-0.464
-1.633,-0.044
-1.559,0.191
-1.656,0.878
-1.679,-0.048
-2.0,-0.219
-2.019,1.522
-1.911,-0.967
-1.959,1.437
-2.189,-0.955
-2.109,2.071
-2.532,0.296
-2.563,-1.055
-2.564,0.077
-2.462,-0.959
-2.477,-0.691
-2.67,0.163
-2.638,-1.375
-2.789,2.013
-2.705,-0.04
-2.812,-0.17
-2.845,-0.14
-2.939,1.942
-2.973,1.37
-2.869,-0.231
-2.9,0.478
-2.924,0.453
-3.094,0.105
-2.997,-0.747
-3.138,-1.995
-3.129,-1.97
2.598,-2.185
2.297,-1.894
2.17,-2.142
1.652,-2.265
1.477,-2.238
0.875,-2.346
0.576,-1.86
0.355,-2.204
0.345,-2.261
0.217,-2.17
0.164,-2.218
0.153,-2.348
-0.134,-2.223
-0.222,-2.035
-0.661,-1.941
-1.236,-2.348
-1.938,-2.043
-2.211,-2.37
-2.758,-2.048
-2.837,-2.173
-3.05,2.215
2.339,2.329
1.072,2.201
0.782,2.439
-0.169,2.351
-0.363,2.217
-0.56,2.419
-0.83,2.249
-0.993,2.272
2.291,0.322
2.283,1.535
0.644,-1.243
-2.164,-1.258
2.777,-0.411
2.753,-0.718
-1.073,1.129
-2.293,1.59
-2.623,0.899
2.973,1.442
2.28,-0.041
1.986,-0.692
0.332,0.793
0.007,1.542
-0.04,0.723
0.013,-1.027
-0.292,0.776
-1.499,1.423
-2.31,1.955
-2.713,-2.358
0.005,2.333
1.661,2.357
1.879,1.66
0.003,-3.034
0.019,-1.151
-0.081,-3.191
-0.163,-1.272
-0.144,-2.193
-0.099,-3.532
-0.108,-2.353
-0.203,-1.473
-0.164,-2.325
-0.179,-3.832
-0.295,-1.007
-0.278,-2.043
-0.324,-3.758
-0.381,-1.531
-0.384,-1.54
-0.352,-0.382
-0.384,-1.091
-0.403,-1.512
-0.409,-2.199
-0.443,-1.385
-0.546,-1.113
-0.576,-3.996
-0.541,-1.751
-0.545,-1.256
-0.56,-2.979
-0.655,-0.435
-0.666,-0.23
-0.68,-2.541
-0.714,-1.509
-0.771,-0.717
-0.73,-2.295
-0.794,-1.282
-0.813,-3.05
-0.978,-0.105
-1.016,-2.16
-0.952,-1.604
-0.956,-3.428
-1.035,-1.045
-1.051,-2.95
-1.085,-1.604
-1.145,-1.151
-1.137,-2.978
-1.214,-0.887
-1.204,-3.273
-1.268,-2.596
-1.309,-3.431
-1.446,-3.469
-1.506,-1.477
-1.549,-1.247
-1.534,-2.267
-1.559,-0.58
-1.554,-1.191
-1.585,-1.159
-1.531,-1.388
-1.634,-3.545
-1.611,-2.184
-1.715,-2.048
-1.862,-1.474
-1.837,-1.107
-1.923,-2.877
-2.03,-3.11
-2.067,-1.663
-2.181,-2.586
-2.203,-3.916
-2.397,-3.19
-2.414,-3.523
-2.402,-3.799
-2.448,-3.169
-2.68,-0.078
-2.687,-1.909
-2.712,-3.459
-2.696,-1.461
-2.783,-1.944
-2.829,-3.809
-2.752,-0.725
-2.787,-2.512
-2.791,-2.934
-2.89,-1.296
-2.845,-2.111
-2.908,-3.142
-2.868,-3.129
-2.885,-2.642
-2.896,-1.499
-2.972,-2.318
-2.984,-2.978
-2.998,-2.976
-2.938,-1.661
-3.02,-4.168
-3.041,-4.303
-3.14,-4.159
3.007,-4.226
3.033,-4.017
2.921,-4.108
2.45,-4.027
2.513,-4.176
2.513,-4.113
2.439,-4.177
1.969,-4.112
1.127,-4.052
1.003,-4.314
0.725,-4.292
0.687,-4.285
0.334,-4.153
-0.158,-4.117
-0.644,-4.123
-0.795,-4.327
-0.922,-4.33
-1.088,-4.079
-1.655,-4.288
-1.764,-4.322
-1.711,-4.115
-1.699,-4.042
-1.831,-4.144
-2.682,-4.474
-2.648,-4.319
-2.76,-4.473
-2.757,-4.379
-2.863,-4.438
2.701,0.193
2.162,-0.019
2.193,0.301
2.166,0.174
1.552,0.255
0.916,0.068
0.892,0.12
0.355,0.229
-0.019,0.217
-0.149,0.301
-0.298,0.159
-0.504,0.102
-0.544,0.211
-0.871,0.204
-1.193,0.227
-1.94,0.125
-2.301,0.196
-2.465,0.108
-2.913,0.022
-2.92,-3.004
2.947,-1.129
0.83,-3.176
0.653,-3.44
0.618,-1.179
0.524,-0.864
-0.693,-3.617
-1.187,-1.991
-1.6,-0.615
-0.192,-4.538
-1.765,-0.022
-2.962,-2.64
-2.964,-1.482
3.119,-3.81
3.14,-1.695
-3.138,-2.88
3.127,-2.926
2.897,-2.429
2.89,-1.105
3.025,-3.662
2.893,-1.946
2.842,-0.537
2.828,-3.737
2.776,-3.888
2.724,-2.836
2.703,-1.582
2.834,-2.7
2.668,-3.89
2.759,-2.924
2.646,-2.329
2.537,-2.815
2.622,-2.238
2.59,-0.636
2.465,-2.915
2.468,-2.485
2.563,-2.653
2.496,-2.308
2.311,-2.529
2.198,-3.917
2.184,-3.764
2.239,-3.287
2.105,-2.497
2.059,-0.121
1.961,-2.314
1.867,-3.443
1.739,-2.153
1.623,-1.342
1.367,-3.281
1.391,-3.164
1.206,-1.484
1.349,-0.095
1.168,-3.691
1.146,-2.252
1.169,-1.572
1.167,-2.3
1.123,-2.453
1.055,-1.251
0.966,-2.988
0.804,-1.455
0.797,-1.474
0.653,-2.475
0.677,-1.45
0.362,-0.156
0.51,-1.156
0.328,-1.499
0.437,-0.586
0.315,-1.422
0.219,-0.211
0.208,-2.028
0.201,-3.379
0.295,-0.559
0.132,-2.596
0.058,-3.816
0.181,-1.526
0.163,-2.259
0.174,-1.164
0.119,-0.261
0.101,-0.042
0.095,-2.368
0.058,-3.901
-0.101,-0.254
-0.137,-1.823
-0.142,-1.608
-0.235,-1.926
-0.243,-1.377
-0.142,-0.451
-0.142,-1.898
-0.334,-1.935
-0.209,-1.552
-0.336,-3.365
-0.387,-2.393
-0.404,-2.667
-0.4,-3.986
-0.551,-0.674
-0.575,-2.879
-0.504,-3.827
-0.62,-3.011
-0.594,-1.32
-0.738,-1.619
-0.719,-0.171
-0.77,-1.289
-0.894,-3.828
-0.798,-2.761
-0.948,-3.837
-0.994,-0.685
-1.027,-3.847
-1.047,-1.695
-0.93,-3.21
-0.979,-0.827
-1.199,-0.281
-1.252,-1.122
-1.388,-2.598
-1.547,-2.178
-1.473,-1.943
-1.57,-1.256
-1.593,-2.182
-1.914,-2.353
-1.933,-0.612
-1.825,-3.101
-1.873,-0.697
-2.103,-3.089
-2.023,-0.063
-2.446,-1.838
-2.477,-3.189
-2.478,-2.057
-2.376,-3.093
-2.391,-2.825
-2.584,-1.971
-2.552,-3.509
-2.703,-0.121
-2.619,-2.174
-2.726,-2.304
-2.759,-2.274
-2.853,-0.192
-2.887,-0.764
-2.783,-2.365
-2.814,-1.656
-2.838,-1.681
-3.008,-2.029
-2.911,-2.881
-3.052,-4.129
-3.043,-4.104
2.684,-4.319
2.383,-4.028
2.256,-4.276
1.738,-4.399
1.563,-4.372
0.961,-4.48
0.662,-3.994
0.441,-4.338
0.431,-4.395
0.303,-4.304
0.25,-4.352
0.239,-4.482
-0.048,-4.357
-0.136,-4.169
-0.575,-4.075
-1.15,-4.482
-1.852,-4.177
-2.125,-4.504
-2.672,-4.182
-2.751,-4.307
-2.964,0.081
2.425,0.195
1.158,0.067
0.868,0.305
-0.083,0.217
-0.277,0.083
-0.474,0.285
-0.744,0.115
-0.907,0.138
2.377,-1.812
2.369,-0.599
0.73,-3.377
-2.078,-3.392
2.863,-2.545
2.839,-2.852
-0.987,-1.005
-2.207,-0.544
-2.537,-1.235
3.059,-0.692
2.366,-2.175
2.072,-2.826
0.418,-1.341
0.093,-0.592
0.046,-1.411
0.099,-3.161
-0.206,-1.358
-1.413,-0.711
-2.224,-0.179
-2.627,-4.492
0.091,0.199
1.747,0.223
1.965,-0.474
0.016,1.883
-0.084,-0.157
-0.166,1.762
-0.147,0.841
-0.102,-0.498
-0.111,0.681
-0.206,1.561
-0.167,0.709
-0.182,-0.798
-0.298,2.027
-0.281,0.991
-0.327,-0.724
-0.384,1.503
-0.387,1.494
-0.355,2.652
-0.387,1.943
-0.406,1.522
-0.412,0.835
-0.446,1.649
-0.549,1.921
-0.579,-0.962
-0.544,1.283
-0.548,1.778
-0.563,0.055
-0.658,2.599
-0.669,2.804
-0.683,0.493
-0.717,1.525
-0.774,2.317
-0.733,0.739
-0.797,1.752
-0.816,-0.016
-0.981,2.929
-1.019,0.874
-0.955,1.43
-0.959,-0.394
-1.038,1.989
-1.054,0.084
-1.088,1.43
-1.148,1.883
-1.14,0.056
-1.217,2.147
-1.207,-0.239
-1.271,0.438
-1.312,-0.397
-1.449,-0.435
-1.509,1.557
-1.552,1.787
-1.537,0.767
-1.562,2.454
-1.557,1.843
-1.588,1.875
-1.534,1.646
-1.637,-0.511
-1.614,0.85
-1.718,0.986
-1.865,1.56
-1.84,1.927
-1.926,0.157
-2.033,-0.076
-2.07,1.371
-2.184,0.448
-2.206,-0.882
-2.4,-0.156
-2.417,-0.489
-2.405,-0.765
-2.451,-0.135
-2.683,2.956
-2.69,1.125
-2.715,-0.425
-2.699,1.573
-2.786,1.09
-2.832,-0.775
-2.755,2.309
-2.79,0.522
-2.794,0.1
-2.893,1.738
-2.848,0.923
-2.911,-0.108
-2.871,-0.095
-2.888,0.392
-2.899,1.535
-2.975,0.716
-2.987,0.056
-3.001,0.058
-2.941,1.373
-3.023,-1.134
-3.044,-1.269
3.14,-1.125
3.004,-1.192
3.03,-0.983
2.918,-1.074
2.447,-0.993
2.51,-1.142
2.51,-1.079
2.436,-1.143
1.966,-1.078
1.124,-1.018
1.0,-1.28
0.722,-1.258
0.684,-1.251
0.331,-1.119
-0.161,-1.083
-0.647,-1.089
-0.798,-1.293
-0.925,-1.296
-1.091,-1.045
-1.658,-1.254
-1.767,-1.288
-1.714,-1.081
-1.702,-1.008
-1.834,-1.11
-2.685,-1.44
-2.651,-1.285
-2.763,-1.439
-2.76,-1.345
-2.866,-1.404
2.698,3.227
2.159,3.015
2.19,3.335
2.163,3.208
1.549,3.289
0.913,3.102
0.889,3.154
0.352,3.263
-0.022,3.251
-0.152,3.335
-0.301,3.193
-0.507,3.136
-0.547,3.245
-0.874,3.238
-1.196,3.261
-1.943,3.159
-2.304,3.23
-2.468,3.142
-2.916,3.056
-2.923,0.03
2.944,1.905
0.827,-0.142
0.65,-0.406
0.615,1.855
0.521,2.17
-0.696,-0.583
-1.19,1.043
-1.603,2.419
-0.195,-1.504
-1.768,3.012
-2.965,0.394
-2.967,1.552
3.116,-0.776
3.137,1.339
-3.141,0.154
3.124,0.108
2.894,0.605
2.887,1.929
3.022,-0.628
2.89,1.088
2.839,2.497
2.825,-0.703
2.773,-0.854
2.721,0.198
2.7,1.452
2.831,0.334
2.665,-0.856
2.756,0.11
2.643,0.705
2.534,0.219
2.619,0.796
2.587,2.398
2.462,0.119
2.465,0.549
2.56,0.381
2.493,0.726
2.308,0.505
2.195,-0.883
2.181,-0.73
2.236,-0.253
2.102,0.537
2.056,2.913
1.958,0.72
1.864,-0.409
1.736,0.881
1.62,1.692
1.364,-0.247
1.388,-0.13
1.203,1.55
1.346,2.939
1.165,-0.657
1.143,0.782
1.166,1.462
1.164,0.734
1.12,0.581
1.052,1.783
0.963,0.046
0.801,1.579
0.794,1.56
0.65,0.559
0.674,1.584
0.359,2.878
0.507,1.878
0.325,1.535
0.434,2.448
0.312,1.612
0.216,2.823
0.205,1.006
0.198,-0.345
0.292,2.475
0.129,0.438
0.055,-0.782
0.178,1.508
0.16,0.775
0.171,1.87
0.116,2.773
0.098,2.992
0.092,0.666
0.055,-0.867
-0.104,2.78
-0.14,1.211
-0.145,1.426
-0.238,1.108
-0.246,1.657
-0.145,2.583
-0.145,1.136
-0.337,1.099
-0.212,1.482
-0.339,-0.331
-0.39,0.641
-0.407,0.367
-0.403,-0.952
-0.554,2.36
-0.578,0.155
-0.507,-0.793
-0.623,0.023
-0.597,1.714
-0.741,1.415
-0.722,2.863
-0.773,1.745
-0.897,-0.794
-0.801,0.273
-0.951,-0.803
-0.997,2.349
-1.03,-0.813
-1.05,1.339
-0.933,-0.176
-0.982,2.207
-1.202,2.753
-1.255,1.912
-1.391,0.436
-1.55,0.856
-1.476,1.091
-1.573,1.778
-1.596,0.852
-1.917,0.681
-1.936,2.422
-1.828,-0.067
-1.876,2.337
-2.106,-0.055
-2.026,2.971
-2.449,1.196
-2.48,-0.155
-2.481,0.977
-2.379,-0.059
-2.394,0.209
-2.587,1.063
-2.555,-0.475
-2.706,2.913
-2.622,0.86
-2.729,0.73
-2.762,0.76
-2.856,2.842
-2.89,2.27
-2.786,0.669
-2.817,1.378
-2.841,1.353
-3.011,1.005
-2.914,0.153
-3.055,-1.095
-3.046,-1.07
2.681,-1.285
2.38,-0.994
2.253,-1.242
1.735,-1.365
1.56,-1.338
0.958,-1.446
0.659,-0.96
0.438,-1.304
0.428,-1.361
0.3,-1.27
0.247,-1.318
0.236,-1.448
-0.051,-1.323
-0.139,-1.135
-0.578,-1.041
-1.153,-1.448
-1.855,-1.143
-2.128,-1.47
-2.675,-1.148
-2.754,-1.273
-2.967,3.115
2.422,3.229
1.155,3.101
0.865,3.339
-0.086,3.251
-0.28,3.117
-0.477,3.319
-0.747,3.149
-0.91,3.172
2.374,1.222
2.366,2.435
0.727,-0.343
-2.081,-0.358
2.86,0.489
2.836,0.182
-0.99,2.029
-2.21,2.49
-2.54,1.799
3.056,2.342
2.363,0.859
2.069,0.208
0.415,1.693
0.09,2.442
0.043,1.623
0.096,-0.127
-0.209,1.676
-1.416,2.323
-2.227,2.855
-2.63,-1.458
0.088,3.233
1.744,3.257
1.962,2.56
-0.1,-2.04
-0.182,-0.121
-0.163,-1.042
-0.118,-2.381
-0.127,-1.202
-0.222,-0.322
-0.183,-1.174
-0.198,-2.681
-0.314,0.144
-0.297,-0.892
-0.343,-2.607
-0.4,-0.38
-0.403,-0.389
-0.371,0.769
-0.403,0.06
-0.422,-0.361
-0.428,-1.048
-0.462,-0.234
-0.565,0.038
-0.595,-2.845
-0.56,-0.6
-0.564,-0.105
-0.579,-1.828
-0.674,0.716
-0.685,0.921
-0.699,-1.39
-0.733,-0.358
-0.79,0.434
-0.749,-1.144
-0.813,-0.131
-0.832,-1.899
-0.997,1.046
-1.035,-1.009
-0.971,-0.453
-0.975,-2.277
-1.054,0.106
-1.07,-1.799
-1.104,-0.453
-1.164,0.0
-1.156,-1.827
-1.233,0.264
-1.223,-2.122
-1.287,-1.445
-1.328,-2.28
-1.465,-2.318
-1.525,-0.326
-1.568,-0.096
-1.553,-1.116
-1.578,0.571
-1.573,-0.04
-1.604,-0.008
-1.55,-0.237
-1.653,-2.394
-1.63,-1.033
-1.734,-0.897
-1.881,-0.323
-1.856,0.044
-1.942,-1.726
-2.049,-1.959
-2.086,-0.512
-2.2,-1.435
-2.222,-2.765
-2.416,-2.039
-2.433,-2.372
-2.421,-2.648
-2.467,-2.018
-2.699,1.073
-2.706,-0.758
-2.731,-2.308
-2.715,-0.31
-2.802,-0.793
-2.848,-2.658
-2.771,0.426
-2.806,-1.361
-2.81,-1.783
-2.909,-0.145
-2.864,-0.96
-2.927,-1.991
-2.887,-1.978
-2.904,-1.491
-2.915,-0.348
-2.991,-1.167
-3.003,-1.827
-3.017,-1.825
-2.957,-0.51
-3.039,-3.017
-3.06,-3.152
3.124,-3.008
2.988,-3.075
3.014,-2.866
2.902,-2.957
2.431,-2.876
2.494,-3.025
2.494,-2.962
2.42,-3.026
1.95,-2.961
1.108,-2.901
0.984,-3.163
0.706,-3.141
0.668,-3.134
0.315,-3.002
-0.177,-2.966
-0.663,-2.972
-0.814,-3.176
-0.941,-3.179
-1.107,-2.928
-1.674,-3.137
-1.783,-3.171
-1.73,-2.964
-1.718,-2.891
-1.85,-2.993
-2.701,-3.323
-2.667,-3.168
-2.779,-3.322
-2.776,-3.228
-2.882,-3.287
2.682,1.344
2.143,1.132
2.174,1.452
2.147,1.325
1.533,1.406
0.897,1.219
0.873,1.271
0.336,1.38
-0.038,1.368
-0.168,1.452
-0.317,1.31
-0.523,1.253
-0.563,1.362
-0.89,1.355
-1.212,1.378
-1.959,1.276
-2.32,1.347
-2.484,1.259
-2.932,1.173
-2.939,-1.853
2.928,0.022
0.811,-2.025
0.634,-2.289
0.599,-0.028
0.505,0.287
-0.712,-2.466
-1.206,-0.84
-1.619,0.536
-0.211,-3.387
-1.784,1.129
-2.981,-1.489
-2.983,-0.331
3.1,-2.659
3.121,-0.544
3.126,-1.729
3.108,-1.775
2.878,-1.278
2.871,0.046
3.006,-2.511
2.874,-0.795
2.823,0.614
2.809,-2.586
2.757,-2.737
2.705,-1.685
2.684,-0.431
2.815,-1.549
2.649,-2.739
2.74,-1.773
2.627,-1.178
2.518,-1.664
2.603,-1.087
2.571,0.515
2.446,-1.764
2.449,-1.334
2.544,-1.502
2.477,-1.157
2.292,-1.378
2.179,-2.766
2.165,-2.613
2.22,-2.136
2.086,-1.346
2.04,1.03
1.942,-1.163
1.848,-2.292
1.72,-1.002
1.604,-0.191
1.348,-2.13
1.372,-2.013
1.187,-0.333
1.33,1.056
1.149,-2.54
1.127,-1.101
1.15,-0.421
1.148,-1.149
1.104,-1.302
1.036,-0.1
0.947,-1.837
0.785,-0.304
0.778,-0.323
0.634,-1.324
0.658,-0.299
0.343,0.995
0.491,-0.005
0.309,-0.348
0.418,0.565
0.296,-0.271
0.2,0.94
0.189,-0.877
0.182,-2.228
0.276,0.592
0.113,-1.445
0.039,-2.665
0.162,-0.375
0.144,-1.108
0.155,-0.013
0.1,0.89
0.082,1.109
0.076,-1.217
0.039,-2.75
-0.12,0.897
-0.156,-0.672
-0.161,-0.457
-0.254,-0.775
-0.262,-0.226
-0.161,0.7
-0.161,-0.747
-0.353,-0.784
-0.228,-0.401
-0.355,-2.214
-0.406,-1.242
-0.423,-1.516
-0.419,-2.835
-0.57,0.477
-0.594,-1.728
-0.523,-2.676
-0.639,-1.86
-0.613,-0.169
-0.757,-0.468
-0.738,0.98
-0.789,-0.138
-0.913,-2.677
-0.817,-1.61
-0.967,-2.686
-1.013,0.466
-1.046,-2.696
-1.066,-0.544
-0.949,-2.059
-0.998,0.324
-1.218,0.87
-1.271,0.029
-1.407,-1.447
-1.566,-1.027
-1.492,-0.792
-1.589,-0.105
-1.612,-1.031
-1.933,-1.202
-1.952,0.539
-1.844,-1.95
-1.892,0.454
-2.122,-1.938
-2.042,1.088
-2.465,-0.687
-2.496,-2.038
-2.497,-0.906
-2.395,-1.942
-2.41,-1.674
-2.603,-0.82
-2.571,-2.358
-2.722,1.03
-2.638,-1.023
-2.745,-1.153
-2.778,-1.123
-2.872,0.959
-2.906,0.387
-2.802,-1.214
-2.833,-0.505
-2.857,-0.53
-3.027,-0.878
-2.93,-1.73
-3.071,-2.978
-3.062,-2.953
2.665,-3.168
2.364,-2.877
2.237,-3.125
1.719,-3.248
1.544,-3.221
0.942,-3.329
0.643,-2.843
0.422,-3.187
0.412,-3.244
0.284,-3.153
0.231,-3.201
0.22,-3.331
-0.067,-3.206
-0.155,-3.018
-0.594,-2.924
-1.169,-3.331
-1.871,-3.026
-2.144,-3.353
-2.691,-3.031
-2.77,-3.156
-2.983,1.232
2.406,1.346
1.139,1.218
0.849,1.456
-0.102,1.368
-0.296,1.234
-0.493,1.436
-0.763,1.266
-0.926,1.289
2.358,-0.661
2.35,0.552
0.711,-2.226
-2.097,-2.241
2.844,-1.394
2.82,-1.701
-1.006,0.146
-2.226,0.607
-2.556,-0.084
3.04,0.459
2.347,-1.024
2.053,-1.675
0.399,-0.19
0.074,0.559
0.027,-0.26
0.08,-2.01
-0.225,-0.207
-1.432,0.44
-2.243,0.972
-2.646,-3.341
0.072,1.35
1.728,1.374
1.946,0.677
-0.082,1.919
-0.063,0.998
-0.018,-0.341
-0.027,0.838
-0.122,1.718
-0.083,0.866
-0.098,-0.641
-0.214,2.184
-0.197,1.148
-0.243,-0.567
-0.3,1.66
-0.303,1.651
-0.271,2.809
-0.303,2.1
-0.322,1.679
-0.328,0.992
-0.362,1.806
-0.465,2.078
-0.495,-0.805
-0.46,1.44
-0.464,1.935
-0.479,0.212
-0.574,2.756
-0.585,2.961
-0.599,0.65
-0.633,1.682
-0.69,2.474
-0.649,0.896
-0.713,1.909
-0.732,0.141
-0.897,3.086
-0.935,1.031
-0.871,1.587
-0.875,-0.237
-0.954,2.146
-0.97,0.241
-1.004,1.587
-1.064,2.04
-1.056,0.213
-1.133,2.304
-1.123,-0.082
-1.187,0.595
-1.228,-0.24
-1.365,-0.278
-1.425,1.714
-1.468,1.944
-1.453,0.924
-1.478,2.611
-1.473,2.0
-1.504,2.032
-1.45,1.803
-1.553,-0.354
-1.53,1.007
-1.634,1.143
-1.781,1.717
-1.756,2.084
-1.842,0.314
-1.949,0.081
-1.986,1.528
-2.1,0.605
-2.122,-0.725
-2.316,0.001
-2.333,-0.332
-2.321,-0.608
-2.367,0.022
-2.599,3.113
-2.606,1.282
-2.631,-0.268
-2.615,1.73
-2.702,1.247
-2.748,-0.618
-2.671,2.466
-2.706,0.679
-2.71,0.257
-2.809,1.895
-2.764,1.08
-2.827,0.049
-2.787,0.062
-2.804,0.549
-2.815,1.692
-2.891,0.873
-2.903,0.213
-2.917,0.215
-2.857,1.53
-2.939,-0.977
-2.96,-1.112
-3.059,-0.968
3.088,-1.035
3.114,-0.826
3.002,-0.917
2.531,-0.836
2.594,-0.985
2.594,-0.922
2.52,-0.986
2.05,-0.921
1.208,-0.861
1.084,-1.123
0.806,-1.101
0.768,-1.094
0.415,-0.962
-0.077,-0.926
-0.563,-0.932
-0.714,-1.136
-0.841,-1.139
-1.007,-0.888
-1.574,-1.097
-1.683,-1.131
-1.63,-0.924
-1.618,-0.851
-1.75,-0.953
-2.601,-1.283
-2.567,-1.128
-2.679,-1.282
-2.676,-1.188
-2.782,-1.247
2.782,3.384
2.243,3.172
2.274,3.492
2.247,3.365
1.633,3.446
0.997,3.259
0.973,3.311
0.436,3.42
0.062,3.408
-0.068,3.492
-0.217,3.35
-0.423,3.293
-0.463,3.402
-0.79,3.395
-1.112,3.418
-1.859,3.316
-2.22,3.387
-2.384,3.299
-2.832,3.213
-2.839,0.187
3.028,2.062
0.911,0.015
0.734,-0.249
0.699,2.012
0.605,2.327
-0.612,-0.426
-1.106,1.2
-1.519,2.576
-0.111,-1.347
-1.684,3.169
-2.881,0.551
-2.883,1.709
-3.083,-0.619
-3.062,1.496
-3.057,0.311
-3.075,0.265
2.978,0.762
2.971,2.086
3.106,-0.471
2.974,1.245
2.923,2.654
2.909,-0.546
2.857,-0.697
2.805,0.355
2.784,1.609
2.915,0.491
2.749,-0.699
2.84,0.267
2.727,0.862
2.618,0.376
2.703,0.953
2.671,2.555
2.546,0.276
2.549,0.706
2.644,0.538
2.577,0.883
2.392,0.662
2.279,-0.726
2.265,-0.573
2.32,-0.096
2.186,0.694
2.14,3.07
2.042,0.877
1.948,-0.252
1.82,1.038
1.704,1.849
1.448,-0.09
1.472,0.027
1.287,1.707
1.43,3.096
1.249,-0.5
1.227,0.939
1.25,1.619
1.248,0.891
1.204,0.738
1.136,1.94
1.047,0.203
0.885,1.736
0.878,1.717
0.734,0.716
0.758,1.741
0.443,3.035
0.591,2.035
0.409,1.692
0.518,2.605
0.396,1.769
0.3,2.98
0.289,1.163
0.282,-0.188
0.376,2.632
0.213,0.595
0.139,-0.625
0.262,1.665
0.244,0.932
0.255,2.027
0.2,2.93
0.182,3.149
0.176,0.823
0.139,-0.71
-0.02,2.937
-0.056,1.368
-0.061,1.583
-0.154,1.265
-0.162,1.814
-0.061,2.74
-0.061,1.293
-0.253,1.256
-0.128,1.639
-0.255,-0.174
-0.306,0.798
-0.323,0.524
-0.319,-0.795
-0.47,2.517
-0.494,0.312
-0.423,-0.636
-0.539,0.18
-0.513,1.871
-0.657,1.572
-0.638,3.02
-0.689,1.902
-0.813,-0.637
-0.717,0.43
-0.867,-0.646
-0.913,2.506
-0.946,-0.656
-0.966,1.496
-0.849,-0.019
-0.898,2.364
-1.118,2.91
-1.171,2.069
-1.307,0.593
-1.466,1.013
-1.392,1.248
-1.489,1.935
-1.512,1.009
-1.833,0.838
-1.852,2.579
-1.744,0.09
-1.792,2.494
-2.022,0.102
-1.942,3.128
-2.365,1.353
-2.396,0.002
-2.397,1.134
-2.295,0.098
-2.31,0.366
-2.503,1.22
-2.471,-0.318
-2.622,3.07
-2.538,1.017
-2.645,0.887
-2.678,0.917
-2.772,2.999
-2.806,2.427
-2.702,0.826
-2.733,1.535
-2.757,1.51
-2.927,1.162
-2.83,0.31
-2.971,-0.938
-2.962,-0.913
2.765,-1.128
2.464,-0.837
2.337,-1.085
1.819,-1.208
1.644,-1.181
1.042,-1.289
0.743,-0.803
0.522,-1.147
0.512,-1.204
0.384,-1.113
0.331,-1.161
0.32,-1.291
0.033,-1.166
-0.055,-0.978
-0.494,-0.884
-1.069,-1.291
-1.771,-0.986
-2.044,-1.313
-2.591,-0.991
-2.67,-1.116
-2.883,3.272
2.506,3.386
1.239,3.258
0.949,3.496
-0.002,3.408
-0.196,3.274
-0.393,3.476
-0.663,3.306
-0.826,3.329
2.458,1.379
2.45,2.592
0.811,-0.186
-1.997,-0.201
2.944,0.646
2.92,0.339
-0.906,2.186
-2.126,2.647
-2.456,1.956
3.14,2.499
2.447,1.016
2.153,0.365
0.499,1.85
0.174,2.599
0.127,1.78
0.18,0.03
-0.125,1.833
-1.332,2.48
-2.143,3.012
-2.546,-1.301
0.172,3.39
1.828,3.414
2.046,2.717
0.019,-0.921
0.064,-2.26
0.055,-1.081
-0.04,-0.201
-0.001,-1.053
-0.016,-2.56
-0.132,0.265
-0.115,-0.771
-0.161,-2.486
-0.218,-0.259
-0.221,-0.268
-0.189,0.89
-0.221,0.181
-0.24,-0.24
-0.246,-0.927
-0.28,-0.113
-0.383,0.159
-0.413,-2.724
-0.378,-0.479
-0.382,0.016
-0.397,-1.707
-0.492,0.837
-0.503,1.042
-0.517,-1.269
-0.551,-0.237
-0.608,0.555
-0.567,-1.023
-0.631,-0.01
-0.65,-1.778
-0.815,1.167
-0.853,-0.888
-0.789,-0.332
-0.793,-2.156
-0.872,0.227
-0.888,-1.678
-0.922,-0.332
-0.982,0.121
-0.974,-1.706
-1.051,0.385
-1.041,-2.001
-1.105,-1.324
-1.146,-2.159
-1.283,-2.197
-1.343,-0.205
-1.386,0.025
-1.371,-0.995
-1.396,0.692
-1.391,0.081
-1.422,0.113
-1.368,-0.116
-1.471,-2.273
-1.448,-0.912
-1.552,-0.776
-1.699,-0.202
-1.674,0.165
-1.76,-1.605
-1.867,-1.838
-1.904,-0.391
-2.018,-1.314
-2.04,-2.644
-2.234,-1.918
-2.251,-2.251
-2.239,-2.527
-2.285,-1.897
-2.517,1.194
-2.524,-0.637
-2.549,-2.187
-2.533,-0.189
-2.62,-0.672
-2.666,-2.537
-2.589,0.547
-2.624,-1.24
-2.628,-1.662
-2.727,-0.024
-2.682,-0.839
-2.745,-1.87
-2.705,-1.857
-2.722,-1.37
-2.733,-0.227
-2.809,-1.046
-2.821,-1.706
-2.835,-1.704
-2.775,-0.389
-2.857,-2.896
-2.878,-3.031
-2.977,-2.887
-3.113,-2.954
-3.087,-2.745
3.084,-2.836
2.613,-2.755
2.676,-2.904
2.676,-2.841
2.602,-2.905
2.132,-2.84
1.29,-2.78
1.166,-3.042
0.888,-3.02
0.85,-3.013
0.497,-2.881
0.005,-2.845
-0.481,-2.851
-0.632,-3.055
-0.759,-3.058
-0.925,-2.807
-1.492,-3.016
-1.601,-3.05
-1.548,-2.843
-1.536,-2.77
-1.668,-2.872
-2.519,-3.202
-2.485,-3.047
-2.597,-3.201
-2.594,-3.107
-2.7,-3.166
2.864,1.465
2.325,1.253
2.356,1.573
2.329,1.446
1.715,1.527
1.079,1.34
1.055,1.392
0.518,1.501
0.144,1.489
0.014,1.573
-0.135,1.431
-0.341,1.374
-0.381,1.483
-0.708,1.476
-1.03,1.499
-1.777,1.397
-2.138,1.468
-2.302,1.38
-2.75,1.294
-2.757,-1.732
3.11,0.143
0.993,-1.904
0.816,-2.168
0.781,0.093
0.687,0.408
-0.53,-2.345
-1.024,-0.719
-1.437,0.657
-0.029,-3.266
-1.602,1.25
-2.799,-1.368
-2.801,-0.21
-3.001,-2.538
-2.98,-0.423
-2.975,-1.608
-2.993,-1.654
3.06,-1.157
3.053,0.167
-3.095,-2.39
3.056,-0.674
3.005,0.735
2.991,-2.465
2.939,-2.616
2.887,-1.564
2.866,-0.31
2.997,-1.428
2.831,-2.618
2.922,-1.652
2.809,-1.057
2.7,-1.543
2.785,-0.966
2.753,0.636
2.628,-1.643
2.631,-1.213
2.726,-1.381
2.659,-1.036
2.474,-1.257
2.361,-2.645
2.347,-2.492
2.402,-2.015
2.268,-1.225
2.222,1.151
2.124,-1.042
2.03,-2.171
1.902,-0.881
1.786,-0.07
1.53,-2.009
1.554,-1.892
1.369,-0.212
1.512,1.177
1.331,-2.419
1.309,-0.98
1.332,-0.3
1.33,-1.028
1.286,-1.181
1.218,0.021
1.129,-1.716
0.967,-0.183
0.96,-0.202
0.816,-1.203
0.84,-0.178
0.525,1.116
0.673,0.116
0.491,-0.227
0.6,0.686
0.478,-0.15
0.382,1.061
0.371,-0.756
0.364,-2.107
0.458,0.713
0.295,-1.324
0.221,-2.544
0.344,-0.254
0.326,-0.987
0.337,0.108
0.282,1.011
0.264,1.23
0.258,-1.096
0.221,-2.629
0.062,1.018
0.026,-0.551
0.021,-0.336
-0.072,-0.654
-0.08,-0.105
0.021,0.821
0.021,-0.626
-0.171,-0.663
-0.046,-0.28
-0.173,-2.093
-0.224,-1.121
-0.241,-1.395
-0.237,-2.714
-0.388,0.598
-0.412,-1.607
-0.341,-2.555
-0.457,-1.739
-0.431,-0.048
-0.575,-0.347
-0.556,1.101
-0.607,-0.017
-0.731,-2.556
-0.635,-1.489
-0.785,-2.565
-0.831,0.587
-0.864,-2.575
-0.884,-0.423
-0.767,-1.938
-0.816,0.445
-1.036,0.991
-1.089,0.15
-1.225,-1.326
-1.384,-0.906
-1.31,-0.671
-1.407,0.016
-1.43,-0.91
-1.751,-1.081
-1.77,0.66
-1.662,-1.829
-1.71,0.575
-1.94,-1.817
-1.86,1.209
-2.283,-0.566
-2.314,-1.917
-2.315,-0.785
-2.213,-1.821
-2.228,-1.553
-2.421,-0.699
-2.389,-2.237
-2.54,1.151
-2.456,-0.902
-2.563,-1.032
-2.596,-1.002
-2.69,1.08
-2.724,0.508
-2.62,-1.093
-2.651,-0.384
-2.675,-0.409
-2.845,-0.757
-2.748,-1.609
-2.889,-2.857
-2.88,-2.832
2.847,-3.047
2.546,-2.756
2.419,-3.004
1.901,-3.127
1.726,-3.1
1.124,-3.208
0.825,-2.722
0.604,-3.066
0.594,-3.123
0.466,-3.032
0.413,-3.08
0.402,-3.21
0.115,-3.085
0.027,-2.897
-0.412,-2.803
-0.987,-3.21
-1.689,-2.905
-1.962,-3.232
-2.509,-2.91
-2.588,-3.035
-2.801,1.353
2.588,1.467
1.321,1.339
1.031,1.577
0.08,1.489
-0.114,1.355
-0.311,1.557
-0.581,1.387
-0.744,1.41
2.54,-0.54
2.532,0.673
0.893,-2.105
-1.915,-2.12
3.026,-1.273
3.002,-1.58
-0.824,0.267
-2.044,0.728
-2.374,0.037
-3.061,0.58
2.529,-0.903
2.235,-1.554
0.581,-0.069
0.256,0.68
0.209,-0.139
0.262,-1.889
-0.043,-0.086
-1.25,0.561
-2.061,1.093
-2.464,-3.22
0.254,1.471
1.91,1.495
2.128,0.798
0.045,-1.339
0.036,-0.16
-0.059,0.72
-0.02,-0.132
-0.035,-1.639
-0.151,1.186
-0.134,0.15
-0.18,-1.565
-0.237,0.662
-0.24,0.653
-0.208,1.811
-0.24,1.102
-0.259,0.681
-0.265,-0.006
-0.299,0.808
-0.402,1.08
-0.432,-1.803
-0.397,0.442
-0.401,0.937
-0.416,-0.786
-0.511,1.758
-0.522,1.963
-0.536,-0.348
-0.57,0.684
-0.627,1.476
-0.586,-0.102
-0.65,0.911
-0.669,-0.857
-0.834,2.088
-0.872,0.033
-0.808,0.589
-0.812,-1.235
-0.891,1.148
-0.907,-0.757
-0.941,0.589
-1.001,1.042
-0.993,-0.785
-1.07,1.306
-1.06,-1.08
-1.124,-0.403
-1.165,-1.238
-1.302,-1.276
-1.362,0.716
-1.405,0.946
-1.39,-0.074
-1.415,1.613
-1.41,1.002
-1.441,1.034
-1.387,0.805
-1.49,-1.352
-1.467,0.009
-1.571,0.145
-1.718,0.719
-1.693,1.086
-1.779,-0.684
-1.886,-0.917
-1.923,0.53
-2.037,-0.393
-2.059,-1.723
-2.253,-0.997
-2.27,-1.33
-2.258,-1.606
-2.304,-0.976
-2.536,2.115
-2.543,0.284
-2.568,-1.266
-2.552,0.732
-2.639,0.249
-2.685,-1.616
-2.608,1.468
-2.643,-0.319
-2.647,-0.741
-2.746,0.897
-2.701,0.082
-2.764,-0.949
-2.724,-0.936
-2.741,-0.449
-2.752,0.694
-2.828,-0.125
-2.84,-0.785
-2.854,-0.783
-2.794,0.532
-2.876,-1.975
-2.897,-2.11
-2.996,-1.966
-3.132,-2.033
-3.106,-1.824
3.065,-1.915
2.594,-1.834
2.657,-1.983
2.657,-1.92
2.583,-1.984
2.113,-1.919
1.271,-1.859
1.147,-2.121
0.869,-2.099
0.831,-2.092
0.478,-1.96
-0.014,-1.924
-0.5,-1.93
-0.651,-2.134
-0.778,-2.137
-0.944,-1.886
-1.511,-2.095
-1.62,-2.129
-1.567,-1.922
-1.555,-1.849
-1.687,-1.951
-2.538,-2.281
-2.504,-2.126
-2.616,-2.28
-2.613,-2.186
-2.719,-2.245
2.845,2.386
2.306,2.174
2.337,2.494
2.31,2.367
1.696,2.448
1.06,2.261
1.036,2.313
0.499,2.422
0.125,2.41
-0.005,2.494
-0.154,2.352
-0.36,2.295
-0.4,2.404
-0.727,2.397
-1.049,2.42
-1.796,2.318
-2.157,2.389
-2.321,2.301
-2.769,2.215
-2.776,-0.811
3.091,1.064
0.974,-0.983
0.797,-1.247
0.762,1.014
0.668,1.329
-0.549,-1.424
-1.043,0.202
-1.456,1.578
-0.048,-2.345
-1.621,2.171
-2.818,-0.447
-2.82,0.711
-3.02,-1.617
-2.999,0.498
-2.994,-0.687
-3.012,-0.733
3.041,-0.236
3.034,1.088
-3.114,-1.469
3.037,0.247
2.986,1.656
2.972,-1.544
2.92,-1.695
2.868,-0.643
2.847,0.611
2.978,-0.507
2.812,-1.697
2.903,-0.731
2.79,-0.136
2.681,-0.622
2.766,-0.045
2.734,1.557
2.609,-0.722
2.612,-0.292
2.707,-0.46
2.64,-0.115
2.455,-0.336
2.342,-1.724
2.328,-1.571
2.383,-1.094
2.249,-0.304
2.203,2.072
2.105,-0.121
2.011,-1.25
1.883,0.04
1.767,0.851
1.511,-1.088
1.535,-0.971
1.35,0.709
1.493,2.098
1.312,-1.498
1.29,-0.059
1.313,0.621
1.311,-0.107
1.267,-0.26
1.199,0.942
1.11,-0.795
0.948,0.738
0.941,0.719
0.797,-0.282
0.821,0.743
0.506,2.037
0.654,1.037
0.472,0.694
0.581,1.607
0.459,0.771
0.363,1.982
0.352,0.165
0.345,-1.186
0.439,1.634
0.276,-0.403
0.202,-1.623
0.325,0.667
0.307,-0.066
0.318,1.029
0.263,1.932
0.245,2.151
0.239,-0.175
0.202,-1.708
0.043,1.939
0.007,0.37
0.002,0.585
-0.091,0.267
-0.099,0.816
0.002,1.742
0.002,0.295
-0.19,0.258
-0.065,0.641
-0.192,-1.172
-0.243,-0.2
-0.26,-0.474
-0.256,-1.793
-0.407,1.519
-0.431,-0.686
-0.36,-1.634
-0.476,-0.818
-0.45,0.873
-0.594,0.574
-0.575,2.022
-0.626,0.904
-0.75,-1.635
-0.654,-0.568
-0.804,-1.644
-0.85,1.508
-0.883,-1.654
-0.903,0.498
-0.786,-1.017
-0.835,1.366
-1.055,1.912
-1.108,1.071
-1.244,-0.405
-1.403,0.015
-1.329,0.25
-1.426,0.937
-1.449,0.011
-1.77,-0.16
-1.789,1.581
-1.681,-0.908
-1.729,1.496
-1.959,-0.896
-1.879,2.13
-2.302,0.355
-2.333,-0.996
-2.334,0.136
-2.232,-0.9
-2.247,-0.632
-2.44,0.222
-2.408,-1.316
-2.559,2.072
-2.475,0.019
-2.582,-0.111
-2.615,-0.081
-2.709,2.001
-2.743,1.429
-2.639,-0.172
-2.67,0.537
-2.694,0.512
-2.864,0.164
-2.767,-0.688
-2.908,-1.936
-2.899,-1.911
2.828,-2.126
2.527,-1.835
2.4,-2.083
1.882,-2.206
1.707,-2.179
1.105,-2.287
0.806,-1.801
0.585,-2.145
0.575,-2.202
0.447,-2.111
0.394,-2.159
0.383,-2.289
0.096,-2.164
0.008,-1.976
-0.431,-1.882
-1.006,-2.289
-1.708,-1.984
-1.981,-2.311
-2.528,-1.989
-2.607,-2.114
-2.82,2.274
2.569,2.388
1.302,2.26
1.012,2.498
0.061,2.41
-0.133,2.276
-0.33,2.478
-0.6,2.308
-0.763,2.331
2.521,0.381
2.513,1.594
0.874,-1.184
-1.934,-1.199
3.007,-0.352
2.983,-0.659
-0.843,1.188
-2.063,1.649
-2.393,0.958
-3.08,1.501
2.51,0.018
2.216,-0.633
0.562,0.852
0.237,1.601
0.19,0.782
0.243,-0.968
-0.062,0.835
-1.269,1.482
-2.08,2.014
-2.483,-2.299
0.235,2.392
1.891,2.416
2.109,1.719
-0.009,1.179
-0.104,2.059
-0.065,1.207
-0.08,-0.3
-0.196,2.525
-0.179,1.489
-0.225,-0.226
-0.282,2.001
-0.285,1.992
-0.253,3.15
-0.285,2.441
-0.304,2.02
-0.31,1.333
-0.344,2.147
-0.447,2.419
-0.477,-0.464
-0.442,1.781
-0.446,2.276
-0.461,0.553
-0.556,3.097
-0.567,3.302
-0.581,0.991
-0.615,2.023
-0.672,2.815
-0.631,1.237
-0.695,2.25
-0.714,0.482
-0.879,3.427
-0.917,1.372
-0.853,1.928
-0.857,0.104
-0.936,2.487
-0.952,0.582
-0.986,1.928
-1.046,2.381
-1.038,0.554
-1.115,2.645
-1.105,0.259
-1.169,0.936
-1.21,0.101
-1.347,0.063
-1.407,2.055
-1.45,2.285
-1.435,1.265
-1.46,2.952
-1.455,2.341
-1.486,2.373
-1.432,2.144
-1.535,-0.013
-1.512,1.348
-1.616,1.484
-1.763,2.058
-1.738,2.425
-1.824,0.655
-1.931,0.422
-1.968,1.869
-2.082,0.946
-2.104,-0.384
-2.298,0.342
-2.315,0.009
-2.303,-0.267
-2.349,0.363
-2.581,3.454
-2.588,1.623
-2.613,0.073
-2.597,2.071
-2.684,1.588
-2.73,-0.277
-2.653,2.807
-2.688,1.02
-2.692,0.598
-2.791,2.236
-2.746,1.421
-2.809,0.39
-2.769,0.403
-2.786,0.89
-2.797,2.033
-2.873,1.214
-2.885,0.554
-2.899,0.556
-2.839,1.871
-2.921,-0.636
-2.942,-0.771
-3.041,-0.627
3.106,-0.694
3.132,-0.485
3.02,-0.576
2.549,-0.495
2.612,-0.644
2.612,-0.581
2.538,-0.645
2.068,-0.58
1.226,-0.52
1.102,-0.782
0.824,-0.76
0.786,-0.753
0.433,-0.621
-0.059,-0.585
-0.545,-0.591
-0.696,-0.795
-0.823,-0.798
-0.989,-0.547
-1.556,-0.756
-1.665,-0.79
-1.612,-0.583
-1.6,-0.51
-1.732,-0.612
-2.583,-0.942
-2.549,-0.787
-2.661,-0.941
-2.658,-0.847
-2.764,-0.906
2.8,3.725
2.261,3.513
2.292,3.833
2.265,3.706
1.651,3.787
1.015,3.6
0.991,3.652
0.454,3.761
0.08,3.749
-0.05,3.833
-0.199,3.691
-0.405,3.634
-0.445,3.743
-0.772,3.736
-1.094,3.759
-1.841,3.657
-2.202,3.728
-2.366,3.64
-2.814,3.554
-2.821,0.528
3.046,2.403
0.929,0.356
0.752,0.092
0.717,2.353
0.623,2.668
-0.594,-0.085
-1.088,1.541
-1.501,2.917
-0.093,-1.006
-1.666,3.51
-2.863,0.892
-2.865,2.05
-3.065,-0.278
-3.044,1.837
-3.039,0.652
-3.057,0.606
2.996,1.103
2.989,2.427
3.124,-0.13
2.992,1.586
2.941,2.995
2.927,-0.205
2.875,-0.356
2.823,0.696
2.802,1.95
2.933,0.832
2.767,-0.358
2.858,0.608
2.745,1.203
2.636,0.717
2.721,1.294
2.689,2.896
2.564,0.617
2.567,1.047
2.662,0.879
2.595,1.224
2.41,1.003
2.297,-0.385
2.283,-0.232
2.338,0.245
2.204,1.035
2.158,3.411
2.06,1.218
1.966,0.089
1.838,1.379
1.722,2.19
1.466,0.251
1.49,0.368
1.305,2.048
1.448,3.437
1.267,-0.159
1.245,1.28
1.268,1.96
1.266,1.232
1.222,1.079
1.154,2.281
1.065,0.544
0.903,2.077
0.896,2.058
0.752,1.057
0.776,2.082
0.461,3.376
0.609,2.376
0.427,2.033
0.536,2.946
0.414,2.11
0.318,3.321
0.307,1.504
0.3,0.153
0.394,2.973
0.231,0.936
0.157,-0.284
0.28,2.006
0.262,1.273
0.273,2.368
0.218,3.271
0.2,3.49
0.194,1.164
0.157,-0.369
-0.002,3.278
-0.038,1.709
-0.043,1.924
-0.136,1.606
-0.144,2.155
-0.043,3.081
-0.043,1.634
-0.235,1.597
-0.11,1.98
-0.237,0.167
-0.288,1.139
-0.305,0.865
-0.301,-0.454
-0.452,2.858
-0.476,0.653
-0.405,-0.295
-0.521,0.521
-0.495,2.212
-0.639,1.913
-0.62,3.361
-0.671,2.243
-0.795,-0.296
-0.699,0.771
-0.849,-0.305
-0.895,2.847
-0.928,-0.315
-0.948,1.837
-0.831,0.322
-0.88,2.705
-1.1,3.251
-1.153,2.41
-1.289,0.934
-1.448,1.354
-1.374,1.589
-1.471,2.276
-1.494,1.35
-1.815,1.179
-1.834,2.92
-1.726,0.431
-1.774,2.835
-2.004,0.443
-1.924,3.469
-2.347,1.694
-2.378,0.343
-2.379,1.475
-2.277,0.439
-2.292,0.707
-2.485,1.561
-2.453,0.023
-2.604,3.411
-2.52,1.358
-2.627,1.228
-2.66,1.258
-2.754,3.34
-2.788,2.768
-2.684,1.167
-2.715,1.876
-2.739,1.851
-2.909,1.503
-2.812,0.651
-2.953,-0.597
-2.944,-0.572
2.783,-0.787
2.482,-0.496
2.355,-0.744
1.837,-0.867
1.662,-0.84
1.06,-0.948
0.761,-0.462
0.54,-0.806
0.53,-0.863
0.402,-0.772
0.349,-0.82
0.338,-0.95
0.051,-0.825
-0.037,-0.637
-0.476,-0.543
-1.051,-0.95
-1.753,-0.645
-2.026,-0.972
-2.573,-0.65
-2.652,-0.775
-2.865,3.613
2.524,3.727
1.257,3.599
0.967,3.837
0.016,3.749
-0.178,3.615
-0.375,3.817
-0.645,3.647
-0.808,3.67
2.476,1.72
2.468,2.933
0.829,0.155
-1.979,0.14
2.962,0.987
2.938,0.68
-0.888,2.527
-2.108,2.988
-2.438,2.297
-3.125,2.84
2.465,1.357
2.171,0.706
0.517,2.191
0.192,2.94
0.145,2.121
0.198,0.371
-0.107,2.174
-1.314,2.821
-2.125,3.353
-2.528,-0.96
0.19,3.731
1.846,3.755
2.064,3.058
-0.095,0.88
-0.056,0.028
-0.071,-1.479
-0.187,1.346
-0.17,0.31
-0.216,-1.405
-0.273,0.822
-0.276,0.813
-0.244,1.971
-0.276,1.262
-0.295,0.841
-0.301,0.154
-0.335,0.968
-0.438,1.24
-0.468,-1.643
-0.433,0.602
-0.437,1.097
-0.452,-0.626
-0.547,1.918
-0.558,2.123
-0.572,-0.188
-0.606,0.844
-0.663,1.636
-0.622,0.058
-0.686,1.071
-0.705,-0.697
-0.87,2.248
-0.908,0.193
-0.844,0.749
-0.848,-1.075
-0.927,1.308
-0.943,-0.597
-0.977,0.749
-1.037,1.202
-1.029,-0.625
-1.106,1.466
-1.096,-0.92
-1.16,-0.243
-1.201,-1.078
-1.338,-1.116
-1.398,0.876
-1.441,1.106
-1.426,0.086
-1.451,1.773
-1.446,1.162
-1.477,1.194
-1.423,0.965
-1.526,-1.192
-1.503,0.169
-1.607,0.305
-1.754,0.879
-1.729,1.246
-1.815,-0.524
-1.922,-0.757
-1.959,0.69
-2.073,-0.233
-2.095,-1.563
-2.289,-0.837
-2.306,-1.17
-2.294,-1.446
-2.34,-0.816
-2.572,2.275
-2.579,0.444
-2.604,-1.106
-2.588,0.892
-2.675,0.409
-2.721,-1.456
-2.644,1.628
-2.679,-0.159
-2.683,-0.581
-2.782,1.057
-2.737,0.242
-2.8,-0.789
-2.76,-0.776
-2.777,-0.289
-2.788,0.854
-2.864,0.035
-2.876,-0.625
-2.89,-0.623
-2.83,0.692
-2.912,-1.815
-2.933,-1.95
-3.032,-1.806
3.115,-1.873
3.141,-1.664
3.029,-1.755
2.558,-1.674
2.621,-1.823
2.621,-1.76
2.547,-1.824
2.077,-1.759
1.235,-1.699
1.111,-1.961
0.833,-1.939
0.795,-1.932
0.442,-1.8
-0.05,-1.764
-0.536,-1.77
-0.687,-1.974
-0.814,-1.977
-0.98,-1.726
-1.547,-1.935
-1.656,-1.969
-1.603,-1.762
-1.591,-1.689
-1.723,-1.791
-2.574,-2.121
-2.54,-1.966
-2.652,-2.12
-2.649,-2.026
-2.755,-2.085
2.809,2.546
2.27,2.334
2.301,2.654
2.274,2.527
1.66,2.608
1.024,2.421
1.0,2.473
0.463,2.582
0.089,2.57
-0.041,2.654
-0.19,2.512
-0.396,2.455
-0.436,2.564
-0.763,2.557
-1.085,2.58
-1.832,2.478
-2.193,2.549
-2.357,2.461
-2.805,2.375
-2.812,-0.651
3.055,1.224
0.938,-0.823
0.761,-1.087
0.726,1.174
0.632,1.489
-0.585,-1.264
-1.079,0.362
-1.492,1.738
-0.084,-2.185
-1.657,2.331
-2.854,-0.287
-2.856,0.871
-3.056,-1.457
-3.035,0.658
-3.03,-0.527
-3.048,-0.573
3.005,-0.076
2.998,1.248
3.133,-1.309
3.001,0.407
2.95,1.816
2.936,-1.384
2.884,-1.535
2.832,-0.483
2.811,0.771
2.942,-0.347
2.776,-1.537
2.867,-0.571
2.754,0.024
2.645,-0.462
2.73,0.115
2.698,1.717
2.573,-0.562
2.576,-0.132
2.671,-0.3
2.604,0.045
2.419,-0.176
2.306,-1.564
2.292,-1.411
2.347,-0.934
2.213,-0.144
2.167,2.232
2.069,0.039
1.975,-1.09
1.847,0.2
1.731,1.011
1.475,-0.928
1.499,-0.811
1.314,0.869
1.457,2.258
1.276,-1.338
1.254,0.101
1.277,0.781
1.275,0.053
1.231,-0.1
1.163,1.102
1.074,-0.635
0.912,0.898
0.905,0.879
0.761,-0.122
0.785,0.903
0.47,2.197
0.618,1.197
0.436,0.854
0.545,1.767
0.423,0.931
0.327,2.142
0.316,0.325
0.309,-1.026
0.403,1.794
0.24,-0.243
0.166,-1.463
0.289,0.827
0.271,0.094
0.282,1.189
0.227,2.092
0.209,2.311
0.203,-0.015
0.166,-1.548
0.007,2.099
-0.029,0.53
-0.034,0.745
-0.127,0.427
-0.135,0.976
-0.034,1.902
-0.034,0.455
-0.226,0.418
-0.101,0.801
-0.228,-1.012
-0.279,-0.04
-0.296,-0.314
-0.292,-1.633
-0.443,1.679
-0.467,-0.526
-0.396,-1.474
-0.512,-0.658
-0.486,1.033
-0.63,0.734
-0.611,2.182
-0.662,1.064
-0.786,-1.475
-0.69,-0.408
-0.84,-1.484
-0.886,1.668
-0.919,-1.494
-0.939,0.658
-0.822,-0.857
-0.871,1.526
-1.091,2.072
-1.144,1.231
-1.28,-0.245
-1.439,0.175
-1.365,0.41
-1.462,1.097
-1.485,0.171
-1.806,0.0
-1.825,1.741
-1.717,-0.748
-1.765,1.656
-1.995,-0.736
-1.915,2.29
-2.338,0.515
-2.369,-0.836
-2.37,0.296
-2.268,-0.74
-2.283,-0.472
-2.476,0.382
-2.444,-1.156
-2.595,2.232
-2.511,0.179
-2.618,0.049
-2.651,0.079
-2.745,2.161
-2.779,1.589
-2.675,-0.012
-2.706,0.697
-2.73,0.672
-2.9,0.324
-2.803,-0.528
-2.944,-1.776
-2.935,-1.751
2.792,-1.966
2.491,-1.675
2.364,-1.923
1.846,-2.046
1.671,-2.019
1.069,-2.127
0.77,-1.641
0.549,-1.985
0.539,-2.042
0.411,-1.951
0.358,-1.999
0.347,-2.129
0.06,-2.004
-0.028,-1.816
-0.467,-1.722
-1.042,-2.129
-1.744,-1.824
-2.017,-2.151
-2.564,-1.829
-2.643,-1.954
-2.856,2.434
2.533,2.548
1.266,2.42
0.976,2.658
0.025,2.57
-0.169,2.436
-0.366,2.638
-0.636,2.468
-0.799,2.491
2.485,0.541
2.477,1.754
0.838,-1.024
-1.97,-1.039
2.971,-0.192
2.947,-0.499
-0.879,1.348
-2.099,1.809
-2.429,1.118
-3.116,1.661
2.474,0.178
2.18,-0.473
0.526,1.012
0.201,1.761
0.154,0.942
0.207,-0.808
-0.098,0.995
-1.305,1.642
-2.116,2.174
-2.519,-2.139
0.199,2.552
1.855,2.576
2.073,1.879
0.039,-0.852
0.024,-2.359
-0.092,0.466
-0.075,-0.57
-0.121,-2.285
-0.178,-0.058
-0.181,-0.067
-0.149,1.091
-0.181,0.382
-0.2,-0.039
-0.206,-0.726
-0.24,0.088
-0.343,0.36
-0.373,-2.523
-0.338,-0.278
-0.342,0.217
-0.357,-1.506
-0.452,1.038
-0.463,1.243
-0.477,-1.068
-0.511,-0.036
-0.568,0.756
-0.527,-0.822
-0.591,0.191
-0.61,-1.577
-0.775,1.368
-0.813,-0.687
-0.749,-0.131
-0.753,-1.955
-0.832,0.428
-0.848,-1.477
-0.882,-0.131
-0.942,0.322
-0.934,-1.505
-1.011,0.586
-1.001,-1.8
-1.065,-1.123
-1.106,-1.958
-1.243,-1.996
-1.303,-0.004
-1.346,0.226
-1.331,-0.794
-1.356,0.893
-1.351,0.282
-1.382,0.314
-1.328,0.085
-1.431,-2.072
-1.408,-0.711
-1.512,-0.575
-1.659,-0.001
-1.634,0.366
-1.72,-1.404
-1.827,-1.637
-1.864,-0.19
-1.978,-1.113
-2.0,-2.443
-2.194,-1.717
-2.211,-2.05
-2.199,-2.326
-2.245,-1.696
-2.477,1.395
-2.484,-0.436
-2.509,-1.986
-2.493,0.012
-2.58,-0.471
-2.626,-2.336
-2.549,0.748
-2.584,-1.039
-2.588,-1.461
-2.687,0.177
-2.642,-0.638
-2.705,-1.669
-2.665,-1.656
-2.682,-1.169
-2.693,-0.026
-2.769,-0.845
-2.781,-1.505
-2.795,-1.503
-2.735,-0.188
-2.817,-2.695
-2.838,-2.83
-2.937,-2.686
-3.073,-2.753
-3.047,-2.544
3.124,-2.635
2.653,-2.554
2.716,-2.703
2.716,-2.64
2.642,-2.704
2.172,-2.639
1.33,-2.579
1.206,-2.841
0.928,-2.819
0.89,-2.812
0.537,-2.68
0.045,-2.644
-0.441,-2.65
-0.592,-2.854
-0.719,-2.857
-0.885,-2.606
-1.452,-2.815
-1.561,-2.849
-1.508,-2.642
-1.496,-2.569
-1.628,-2.671
-2.479,-3.001
-2.445,-2.846
-2.557,-3.0
-2.554,-2.906
-2.66,-2.965
2.904,1.666
2.365,1.454
2.396,1.774
2.369,1.647
1.755,1.728
1.119,1.541
1.095,1.593
0.558,1.702
0.184,1.69
0.054,1.774
-0.095,1.632
-0.301,1.575
-0.341,1.684
-0.668,1.677
-0.99,1.7
-1.737,1.598
-2.098,1.669
-2.262,1.581
-2.71,1.495
-2.717,-1.531
-3.133,0.344
1.033,-1.703
0.856,-1.967
0.821,0.294
0.727,0.609
-0.49,-2.144
-0.984,-0.518
-1.397,0.858
0.011,-3.065
-1.562,1.451
-2.759,-1.167
-2.761,-0.009
-2.961,-2.337
-2.94,-0.222
-2.935,-1.407
-2.953,-1.453
3.1,-0.956
3.093,0.368
-3.055,-2.189
3.096,-0.473
3.045,0.936
3.031,-2.264
2.979,-2.415
2.927,-1.363
2.906,-0.109
3.037,-1.227
2.871,-2.417
2.962,-1.451
2.849,-0.856
2.74,-1.342
2.825,-0.765
2.793,0.837
2.668,-1.442
2.671,-1.012
2.766,-1.18
2.699,-0.835
2.514,-1.056
2.401,-2.444
2.387,-2.291
2.442,-1.814
2.308,-1.024
2.262,1.352
2.164,-0.841
2.07,-1.97
1.942,-0.68
1.826,0.131
1.57,-1.808
1.594,-1.691
1.409,-0.011
1.552,1.378
1.371,-2.218
1.349,-0.779
1.372,-0.099
1.37,-0.827
1.326,-0.98
1.258,0.222
1.169,-1.515
1.007,0.018
1.0,-0.001
0.856,-1.002
0.88,0.023
0.565,1.317
0.713,0.317
0.531,-0.026
0.64,0.887
0.518,0.051
0.422,1.262
0.411,-0.555
0.404,-1.906
0.498,0.914
0.335,-1.123
0.261,-2.343
0.384,-0.053
0.366,-0.786
0.377,0.309
0.322,1.212
0.304,1.431
0.298,-0.895
0.261,-2.428
0.102,1.219
0.066,-0.35
0.061,-0.135
-0.032,-0.453
-0.04,0.096
0.061,1.022
0.061,-0.425
-0.131,-0.462
-0.006,-0.079
-0.133,-1.892
-0.184,-0.92
-0.201,-1.194
-0.197,-2.513
-0.348,0.799
-0.372,-1.406
-0.301,-2.354
-0.417,-1.538
-0.391,0.153
-0.535,-0.146
-0.516,1.302
-0.567,0.184
-0.691,-2.355
-0.595,-1.288
-0.745,-2.364
-0.791,0.788
-0.824,-2.374
-0.844,-0.222
-0.727,-1.737
-0.776,0.646
-0.996,1.192
-1.049,0.351
-1.185,-1.125
-1.344,-0.705
-1.27,-0.47
-1.367,0.217
-1.39,-0.709
-1.711,-0.88
-1.73,0.861
-1.622,-1.628
-1.67,0.776
-1.9,-1.616
-1.82,1.41
-2.243,-0.365
-2.274,-1.716
-2.275,-0.584
-2.173,-1.62
-2.188,-1.352
-2.381,-0.498
-2.349,-2.036
-2.5,1.352
-2.416,-0.701
-2.523,-0.831
-2.556,-0.801
-2.65,1.281
-2.684,0.709
-2.58,-0.892
-2.611,-0.183
-2.635,-0.208
-2.805,-0.556
-2.708,-1.408
-2.849,-2.656
-2.84,-2.631
2.887,-2.846
2.586,-2.555
2.459,-2.803
1.941,-2.926
1.766,-2.899
1.164,-3.007
0.865,-2.521
0.644,-2.865
0.634,-2.922
0.506,-2.831
0.453,-2.879
0.442,-3.009
0.155,-2.884
0.067,-2.696
-0.372,-2.602
-0.947,-3.009
-1.649,-2.704
-1.922,-3.031
-2.469,-2.709
-2.548,-2.834
-2.761,1.554
2.628,1.668
1.361,1.54
1.071,1.778
0.12,1.69
-0.074,1.556
-0.271,1.758
-0.541,1.588
-0.704,1.611
2.58,-0.339
2.572,0.874
0.933,-1.904
-1.875,-1.919
3.066,-1.072
3.042,-1.379
-0.784,0.468
-2.004,0.929
-2.334,0.238
-3.021,0.781
2.569,-0.702
2.275,-1.353
0.621,0.132
0.296,0.881
0.249,0.062
0.302,-1.688
-0.003,0.115
-1.21,0.762
-2.021,1.294
-2.424,-3.019
0.294,1.672
1.95,1.696
2.168,0.999
-0.015,-1.507
-0.131,1.318
-0.114,0.282
-0.16,-1.433
-0.217,0.794
-0.22,0.785
-0.188,1.943
-0.22,1.234
-0.239,0.813
-0.245,0.126
-0.279,0.94
-0.382,1.212
-0.412,-1.671
-0.377,0.574
-0.381,1.069
-0.396,-0.654
-0.491,1.89
-0.502,2.095
-0.516,-0.216
-0.55,0.816
-0.607,1.608
-0.566,0.03
-0.63,1.043
-0.649,-0.725
-0.814,2.22
-0.852,0.165
-0.788,0.721
-0.792,-1.103
-0.871,1.28
-0.887,-0.625
-0.921,0.721
-0.981,1.174
-0.973,-0.653
-1.05,1.438
-1.04,-0.948
-1.104,-0.271
-1.145,-1.106
-1.282,-1.144
-1.342,0.848
-1.385,1.078
-1.37,0.058
-1.395,1.745
-1.39,1.134
-1.421,1.166
-1.367,0.937
-1.47,-1.22
-1.447,0.141
-1.551,0.277
-1.698,0.851
-1.673,1.218
-1.759,-0.552
-1.866,-0.785
-1.903,0.662
-2.017,-0.261
-2.039,-1.591
-2.233,-0.865
-2.25,-1.198
-2.238,-1.474
-2.284,-0.844
-2.516,2.247
-2.523,0.416
-2.548,-1.134
-2.532,0.864
-2.619,0.381
-2.665,-1.484
-2.588,1.6
-2.623,-0.187
-2.627,-0.609
-2.726,1.029
-2.681,0.214
-2.744,-0.817
-2.704,-0.804
-2.721,-0.317
-2.732,0.826
-2.808,0.007
-2.82,-0.653
-2.834,-0.651
-2.774,0.664
-2.856,-1.843
-2.877,-1.978
-2.976,-1.834
-3.112,-1.901
-3.086,-1.692
3.085,-1.783
2.614,-1.702
2.677,-1.851
2.677,-1.788
2.603,-1.852
2.133,-1.787
1.291,-1.727
1.167,-1.989
0.889,-1.967
0.851,-1.96
0.498,-1.828
0.006,-1.792
-0.48,-1.798
-0.631,-2.002
-0.758,-2.005
-0.924,-1.754
-1.491,-1.963
-1.6,-1.997
-1.547,-1.79
-1.535,-1.717
-1.667,-1.819
-2.518,-2.149
-2.484,-1.994
-2.596,-2.148
-2.593,-2.054
-2.699,-2.113
2.865,2.518
2.326,2.306
2.357,2.626
2.33,2.499
1.716,2.58
1.08,2.393
1.056,2.445
0.519,2.554
0.145,2.542
0.015,2.626
-0.134,2.484
-0.34,2.427
-0.38,2.536
-0.707,2.529
-1.029,2.552
-1.776,2.45
-2.137,2.521
-2.301,2.433
-2.749,2.347
-2.756,-0.679
3.111,1.196
0.994,-0.851
0.817,-1.115
0.782,1.146
0.688,1.461
-0.529,-1.292
-1.023,0.334
-1.436,1.71
-0.028,-2.213
-1.601,2.303
-2.798,-0.315
-2.8,0.843
-3.0,-1.485
-2.979,0.63
-2.974,-0.555
-2.992,-0.601
3.061,-0.104
3.054,1.22
-3.094,-1.337
3.057,0.379
3.006,1.788
2.992,-1.412
2.94,-1.563
2.888,-0.511
2.867,0.743
2.998,-0.375
2.832,-1.565
2.923,-0.599
2.81,-0.004
2.701,-0.49
2.786,0.087
2.754,1.689
2.629,-0.59
2.632,-0.16
2.727,-0.328
2.66,0.017
2.475,-0.204
2.362,-1.592
2.348,-1.439
2.403,-0.962
2.269,-0.172
2.223,2.204
2.125,0.011
2.031,-1.118
1.903,0.172
1.787,0.983
1.531,-0.956
1.555,-0.839
1.37,0.841
1.513,2.23
1.332,-1.366
1.31,0.073
1.333,0.753
1.331,0.025
1.287,-0.128
1.219,1.074
1.13,-0.663
0.968,0.87
0.961,0.851
0.817,-0.15
0.841,0.875
0.526,2.169
0.674,1.169
0.492,0.826
0.601,1.739
0.479,0.903
0.383,2.114
0.372,0.297
0.365,-1.054
0.459,1.766
0.296,-0.271
0.222,-1.491
0.345,0.799
0.327,0.066
0.338,1.161
0.283,2.064
0.265,2.283
0.259,-0.043
0.222,-1.576
0.063,2.071
0.027,0.502
0.022,0.717
-0.071,0.399
-0.079,0.948
0.022,1.874
0.022,0.427
-0.17,0.39
-0.045,0.773
-0.172,-1.04
-0.223,-0.068
-0.24,-0.342
-0.236,-1.661
-0.387,1.651
-0.411,-0.554
-0.34,-1.502
-0.456,-0.686
-0.43,1.005
-0.574,0.706
-0.555,2.154
-0.606,1.036
-0.73,-1.503
-0.634,-0.436
-0.784,-1.512
-0.83,1.64
-0.863,-1.522
-0.883,0.63
-0.766,-0.885
-0.815,1.498
-1.035,2.044
-1.088,1.203
-1.224,-0.273
-1.383,0.147
-1.309,0.382
-1.406,1.069
-1.429,0.143
-1.75,-0.028
-1.769,1.713
-1.661,-0.776
-1.709,1.628
-1.939,-0.764
-1.859,2.262
-2.282,0.487
-2.313,-0.864
-2.314,0.268
-2.212,-0.768
-2.227,-0.5
-2.42,0.354
-2.388,-1.184
-2.539,2.204
-2.455,0.151
-2.562,0.021
-2.595,0.051
-2.689,2.133
-2.723,1.561
-2.619,-0.04
-2.65,0.669
-2.674,0.644
-2.844,0.296
-2.747,-0.556
-2.888,-1.804
-2.879,-1.779
2.848,-1.994
2.547,-1.703
2.42,-1.951
1.902,-2.074
1.727,-2.047
1.125,-2.155
0.826,-1.669
0.605,-2.013
0.595,-2.07
0.467,-1.979
0.414,-2.027
0.403,-2.157
0.116,-2.032
0.028,-1.844
-0.411,-1.75
-0.986,-2.157
-1.688,-1.852
-1.961,-2.179
-2.508,-1.857
-2.587,-1.982
-2.8,2.406
2.589,2.52
1.322,2.392
1.032,2.63
0.081,2.542
-0.113,2.408
-0.31,2.61
-0.58,2.44
-0.743,2.463
2.541,0.513
2.533,1.726
0.894,-1.052
-1.914,-1.067
3.027,-0.22
3.003,-0.527
-0.823,1.32
-2.043,1.781
-2.373,1.09
-3.06,1.633
2.53,0.15
2.236,-0.501
0.582,0.984
0.257,1.733
0.21,0.914
0.263,-0.836
-0.042,0.967
-1.249,1.614
-2.06,2.146
-2.463,-2.167
0.255,2.524
1.911,2.548
2.129,1.851
-0.116,2.825
-0.099,1.789
-0.145,0.074
-0.202,2.301
-0.205,2.292
-0.173,3.45
-0.205,2.741
-0.224,2.32
-0.23,1.633
-0.264,2.447
-0.367,2.719
-0.397,-0.164
-0.362,2.081
-0.366,2.576
-0.381,0.853
-0.476,3.397
-0.487,3.602
-0.501,1.291
-0.535,2.323
-0.592,3.115
-0.551,1.537
-0.615,2.55
-0.634,0.782
-0.799,3.727
-0.837,1.672
-0.773,2.228
-0.777,0.404
-0.856,2.787
-0.872,0.882
-0.906,2.228
-0.966,2.681
-0.958,0.854
-1.035,2.945
-1.025,0.559
-1.089,1.236
-1.13,0.401
-1.267,0.363
-1.327,2.355
-1.37,2.585
-1.355,1.565
-1.38,3.252
-1.375,2.641
-1.406,2.673
-1.352,2.444
-1.455,0.287
-1.432,1.648
-1.536,1.784
-1.683,2.358
-1.658,2.725
-1.744,0.955
-1.851,0.722
-1.888,2.169
-2.002,1.246
-2.024,-0.084
-2.218,0.642
-2.235,0.309
-2.223,0.033
-2.269,0.663
-2.501,3.754
-2.508,1.923
-2.533,0.373
-2.517,2.371
-2.604,1.888
-2.65,0.023
-2.573,3.107
-2.608,1.32
-2.612,0.898
-2.711,2.536
-2.666,1.721
-2.729,0.69
-2.689,0.703
-2.706,1.19
-2.717,2.333
-2.793,1.514
-2.805,0.854
-2.819,0.856
-2.759,2.171
-2.841,-0.336
-2.862,-0.471
-2.961,-0.327
-3.097,-0.394
-3.071,-0.185
3.1,-0.276
2.629,-0.195
2.692,-0.344
2.692,-0.281
2.618,-0.345
2.148,-0.28
1.306,-0.22
1.182,-0.482
0.904,-0.46
0.866,-0.453
0.513,-0.321
0.021,-0.285
-0.465,-0.291
-0.616,-0.495
-0.743,-0.498
-0.909,-0.247
-1.476,-0.456
-1.585,-0.49
-1.532,-0.283
-1.52,-0.21
-1.652,-0.312
-2.503,-0.642
-2.469,-0.487
-2.581,-0.641
-2.578,-0.547
-2.684,-0.606
2.88,4.025
2.341,3.813
2.372,4.133
2.345,4.006
1.731,4.087
1.095,3.9
1.071,3.952
0.534,4.061
0.16,4.049
0.03,4.133
-0.119,3.991
-0.325,3.934
-0.365,4.043
-0.692,4.036
-1.014,4.059
-1.761,3.957
-2.122,4.028
-2.286,3.94
-2.734,3.854
-2.741,0.828
3.126,2.703
1.009,0.656
0.832,0.392
0.797,2.653
0.703,2.968
-0.514,0.215
-1.008,1.841
-1.421,3.217
-0.013,-0.706
-1.586,3.81
-2.783,1.192
-2.785,2.35
-2.985,0.022
-2.964,2.137
-2.959,0.952
-2.977,0.906
3.076,1.403
3.069,2.727
-3.079,0.17
3.072,1.886
3.021,3.295
3.007,0.095
2.955,-0.056
2.903,0.996
2.882,2.25
3.013,1.132
2.847,-0.058
2.938,0.908
2.825,1.503
2.716,1.017
2.801,1.594
2.769,3.196
2.644,0.917
2.647,1.347
2.742,1.179
2.675,1.524
2.49,1.303
2.377,-0.085
2.363,0.068
2.418,0.545
2.284,1.335
2.238,3.711
2.14,1.518
2.046,0.389
1.918,1.679
1.802,2.49
1.546,0.551
1.57,0.668
1.385,2.348
1.528,3.737
1.347,0.141
1.325,1.58
1.348,2.26
1.346,1.532
1.302,1.379
1.234,2.581
1.145,0.844
0.983,2.377
0.976,2.358
0.832,1.357
0.856,2.382
0.541,3.676
0.689,2.676
0.507,2.333
0.616,3.246
0.494,2.41
0.398,3.621
0.387,1.804
0.38,0.453
0.474,3.273
0.311,1.236
0.237,0.016
0.36,2.306
0.342,1.573
0.353,2.668
0.298,3.571
0.28,3.79
0.274,1.464
0.237,-0.069
0.078,3.578
0.042,2.009
0.037,2.224
-0.056,1.906
-0.064,2.455
0.037,3.381
0.037,1.934
-0.155,1.897
-0.03,2.28
-0.157,0.467
-0.208,1.439
-0.225,1.165
-0.221,-0.154
-0.372,3.158
-0.396,0.953
-0.325,0.005
-0.441,0.821
-0.415,2.512
-0.559,2.213
-0.54,3.661
-0.591,2.543
-0.715,0.004
-0.619,1.071
-0.769,-0.005
-0.815,3.147
-0.848,-0.015
-0.868,2.137
-0.751,0.622
-0.8,3.005
-1.02,3.551
-1.073,2.71
-1.209,1.234
-1.368,1.654
-1.294,1.889
-1.391,2.576
-1.414,1.65
-1.735,1.479
-1.754,3.22
-1.646,0.731
-1.694,3.135
-1.924,0.743
-1.844,3.769
-2.267,1.994
-2.298,0.643
-2.299,1.775
-2.197,0.739
-2.212,1.007
-2.405,1.861
-2.373,0.323
-2.524,3.711
-2.44,1.658
-2.547,1.528
-2.58,1.558
-2.674,3.64
-2.708,3.068
-2.604,1.467
-2.635,2.176
-2.659,2.151
-2.829,1.803
-2.732,0.951
-2.873,-0.297
-2.864,-0.272
2.863,-0.487
2.562,-0.196
2.435,-0.444
1.917,-0.567
1.742,-0.54
1.14,-0.648
0.841,-0.162
0.62,-0.506
0.61,-0.563
0.482,-0.472
0.429,-0.52
0.418,-0.65
0.131,-0.525
0.043,-0.337
-0.396,-0.243
-0.971,-0.65
-1.673,-0.345
-1.946,-0.672
-2.493,-0.35
-2.572,-0.475
-2.785,3.913
2.604,4.027
1.337,3.899
1.047,4.137
0.096,4.049
-0.098,3.915
-0.295,4.117
-0.565,3.947
-0.728,3.97
2.556,2.02
2.548,3.233
0.909,0.455
-1.899,0.44
3.042,1.287
3.018,0.98
-0.808,2.827
-2.028,3.288
-2.358,2.597
-3.045,3.14
2.545,1.657
2.251,1.006
0.597,2.491
0.272,3.24
0.225,2.421
0.278,0.671
-0.027,2.474
-1.234,3.121
-2.045,3.653
-2.448,-0.66
0.27,4.031
1.926,4.055
2.144,3.358
0.017,-1.036
-0.029,-2.751
-0.086,-0.524
-0.089,-0.533
-0.057,0.625
-0.089,-0.084
-0.108,-0.505
-0.114,-1.192
-0.148,-0.378
-0.251,-0.106
-0.281,-2.989
-0.246,-0.744
-0.25,-0.249
-0.265,-1.972
-0.36,0.572
-0.371,0.777
-0.385,-1.534
-0.419,-0.502
-0.476,0.29
-0.435,-1.288
-0.499,-0.275
-0.518,-2.043
-0.683,0.902
-0.721,-1.153
-0.657,-0.597
-0.661,-2.421
-0.74,-0.038
-0.756,-1.943
-0.79,-0.597
-0.85,-0.144
-0.842,-1.971
-0.919,0.12
-0.909,-2.266
-0.973,-1.589
-1.014,-2.424
-1.151,-2.462
-1.211,-0.47
-1.254,-0.24
-1.239,-1.26
-1.264,0.427
-1.259,-0.184
-1.29,-0.152
-1.236,-0.381
-1.339,-2.538
-1.316,-1.177
-1.42,-1.041
-1.567,-0.467
-1.542,-0.1
-1.628,-1.87
-1.735,-2.103
-1.772,-0.656
-1.886,-1.579
-1.908,-2.909
-2.102,-2.183
-2.119,-2.516
-2.107,-2.792
-2.153,-2.162
-2.385,0.929
-2.392,-0.902
-2.417,-2.452
-2.401,-0.454
-2.488,-0.937
-2.534,-2.802
-2.457,0.282
-2.492,-1.505
-2.496,-1.927
-2.595,-0.289
-2.55,-1.104
-2.613,-2.135
-2.573,-2.122
-2.59,-1.635
-2.601,-0.492
-2.677,-1.311
-2.689,-1.971
-2.703,-1.969
-2.643,-0.654
-2.725,-3.161
-2.746,-3.296
-2.845,-3.152
-2.981,-3.219
-2.955,-3.01
-3.067,-3.101
2.745,-3.02
2.808,-3.169
2.808,-3.106
2.734,-3.17
2.264,-3.105
1.422,-3.045
1.298,-3.307
1.02,-3.285
0.982,-3.278
0.629,-3.146
0.137,-3.11
-0.349,-3.116
-0.5,-3.32
-0.627,-3.323
-0.793,-3.072
-1.36,-3.281
-1.469,-3.315
-1.416,-3.108
-1.404,-3.035
-1.536,-3.137
-2.387,-3.467
-2.353,-3.312
-2.465,-3.466
-2.462,-3.372
-2.568,-3.431
2.996,1.2
2.457,0.988
2.488,1.308
2.461,1.181
1.847,1.262
1.211,1.075
1.187,1.127
0.65,1.236
0.276,1.224
0.146,1.308
-0.003,1.166
-0.209,1.109
-0.249,1.218
-0.576,1.211
-0.898,1.234
-1.645,1.132
-2.006,1.203
-2.17,1.115
-2.618,1.029
-2.625,-1.997
-3.041,-0.122
1.125,-2.169
0.948,-2.433
0.913,-0.172
0.819,0.143
-0.398,-2.61
-0.892,-0.984
-1.305,0.392
0.103,-3.531
-1.47,0.985
-2.667,-1.633
-2.669,-0.475
-2.869,-2.803
-2.848,-0.688
-2.843,-1.873
-2.861,-1.919
-3.091,-1.422
-3.098,-0.098
-2.963,-2.655
-3.095,-0.939
3.137,0.47
3.123,-2.73
3.071,-2.881
3.019,-1.829
2.998,-0.575
3.129,-1.693
2.963,-2.883
3.054,-1.917
2.941,-1.322
2.832,-1.808
2.917,-1.231
2.885,0.371
2.76,-1.908
2.763,-1.478
2.858,-1.646
2.791,-1.301
2.606,-1.522
2.493,-2.91
2.479,-2.757
2.534,-2.28
2.4,-1.49
2.354,0.886
2.256,-1.307
2.162,-2.436
2.034,-1.146
1.918,-0.335
1.662,-2.274
1.686,-2.157
1.501,-0.477
1.644,0.912
1.463,-2.684
1.441,-1.245
1.464,-0.565
1.462,-1.293
1.418,-1.446
1.35,-0.244
1.261,-1.981
1.099,-0.448
1.092,-0.467
0.948,-1.468
0.972,-0.443
0.657,0.851
0.805,-0.149
0.623,-0.492
0.732,0.421
0.61,-0.415
0.514,0.796
0.503,-1.021
0.496,-2.372
0.59,0.448
0.427,-1.589
0.353,-2.809
0.476,-0.519
0.458,-1.252
0.469,-0.157
0.414,0.746
0.396,0.965
0.39,-1.361
0.353,-2.894
0.194,0.753
0.158,-0.816
0.153,-0.601
0.06,-0.919
0.052,-0.37
0.153,0.556
0.153,-0.891
-0.039,-0.928
0.086,-0.545
-0.041,-2.358
-0.092,-1.386
-0.109,-1.66
-0.105,-2.979
-0.256,0.333
-0.28,-1.872
-0.209,-2.82
-0.325,-2.004
-0.299,-0.313
-0.443,-0.612
-0.424,0.836
-0.475,-0.282
-0.599,-2.821
-0.503,-1.754
-0.653,-2.83
-0.699,0.322
-0.732,-2.84
-0.752,-0.688
-0.635,-2.203
-0.684,0.18
-0.904,0.726
-0.957,-0.115
-1.093,-1.591
-1.252,-1.171
-1.178,-0.936
-1.275,-0.249
-1.298,-1.175
-1.619,-1.346
-1.638,0.395
-1.53,-2.094
-1.578,0.31
-1.808,-2.082
-1.728,0.944
-2.151,-0.831
-2.182,-2.182
-2.183,-1.05
-2.081,-2.086
-2.096,-1.818
-2.289,-0.964
-2.257,-2.502
-2.408,0.886
-2.324,-1.167
-2.431,-1.297
-2.464,-1.267
-2.558,0.815
-2.592,0.243
-2.488,-1.358
-2.519,-0.649
-2.543,-0.674
-2.713,-1.022
-2.616,-1.874
-2.757,-3.122
-2.748,-3.097
2.979,-3.312
2.678,-3.021
2.551,-3.269
2.033,-3.392
1.858,-3.365
1.256,-3.473
0.957,-2.987
0.736,-3.331
0.726,-3.388
0.598,-3.297
0.545,-3.345
0.534,-3.475
0.247,-3.35
0.159,-3.162
-0.28,-3.068
-0.855,-3.475
-1.557,-3.17
-1.83,-3.497
-2.377,-3.175
-2.456,-3.3
-2.669,1.088
2.72,1.202
1.453,1.074
1.163,1.312
0.212,1.224
0.018,1.09
-0.179,1.292
-0.449,1.122
-0.612,1.145
2.672,-0.805
2.664,0.408
1.025,-2.37
-1.783,-2.385
-3.125,-1.538
3.134,-1.845
-0.692,0.002
-1.912,0.463
-2.242,-0.228
-2.929,0.315
2.661,-1.168
2.367,-1.819
0.713,-0.334
0.388,0.415
0.341,-0.404
0.394,-2.154
0.089,-0.351
-1.118,0.296
-1.929,0.828
-2.332,-3.485
0.386,1.206
2.042,1.23
2.26,0.533
-0.046,-1.715
-0.103,0.512
-0.106,0.503
-0.074,1.661
-0.106,0.952
-0.125,0.531
-0.131,-0.156
-0.165,0.658
-0.268,0.93
-0.298,-1.953
-0.263,0.292
-0.267,0.787
-0.282,-0.936
-0.377,1.608
-0.388,1.813
-0.402,-0.498
-0.436,0.534
-0.493,1.326
-0.452,-0.252
-0.516,0.761
-0.535,-1.007
-0.7,1.938
-0.738,-0.117
-0.674,0.439
-0.678,-1.385
-0.757,0.998
-0.773,-0.907
-0.807,0.439
-0.867,0.892
-0.859,-0.935
-0.936,1.156
-0.926,-1.23
-0.99,-0.553
-1.031,-1.388
-1.168,-1.426
-1.228,0.566
-1.271,0.796
-1.256,-0.224
-1.281,1.463
-1.276,0.852
-1.307,0.884
-1.253,0.655
-1.356,-1.502
-1.333,-0.141
-1.437,-0.005
-1.584,0.569
-1.559,0.936
-1.645,-0.834
-1.752,-1.067
-1.789,0.38
-1.903,-0.543
-1.925,-1.873
-2.119,-1.147
-2.136,-1.48
-2.124,-1.756
-2.17,-1.126
-2.402,1.965
-2.409,0.134
-2.434,-1.416
-2.418,0.582
-2.505,0.099
-2.551,-1.766
-2.474,1.318
-2.509,-0.469
-2.513,-0.891
-2.612,0.747
-2.567,-0.068
-2.63,-1.099
-2.59,-1.086
-2.607,-0.599
-2.618,0.544
-2.694,-0.275
-2.706,-0.935
-2.72,-0.933
-2.66,0.382
-2.742,-2.125
-2.763,-2.26
-2.862,-2.116
-2.998,-2.183
-2.972,-1.974
-3.084,-2.065
2.728,-1.984
2.791,-2.133
2.791,-2.07
2.717,-2.134
2.247,-2.069
1.405,-2.009
1.281,-2.271
1.003,-2.249
0.965,-2.242
0.612,-2.11
0.12,-2.074
-0.366,-2.08
-0.517,-2.284
-0.644,-2.287
-0.81,-2.036
-1.377,-2.245
-1.486,-2.279
-1.433,-2.072
-1.421,-1.999
-1.553,-2.101
-2.404,-2.431
-2.37,-2.276
-2.482,-2.43
-2.479,-2.336
-2.585,-2.395
2.979,2.236
2.44,2.024
2.471,2.344
2.444,2.217
1.83,2.298
1.194,2.111
1.17,2.163
0.633,2.272
0.259,2.26
0.129,2.344
-0.02,2.202
-0.226,2.145
-0.266,2.254
-0.593,2.247
-0.915,2.27
-1.662,2.168
-2.023,2.239
-2.187,2.151
-2.635,2.065
-2.642,-0.961
-3.058,0.914
1.108,-1.133
0.931,-1.397
0.896,0.864
0.802,1.179
-0.415,-1.574
-0.909,0.052
-1.322,1.428
0.086,-2.495
-1.487,2.021
-2.684,-0.597
-2.686,0.561
-2.886,-1.767
-2.865,0.348
-2.86,-0.837
-2.878,-0.883
-3.108,-0.386
-3.115,0.938
-2.98,-1.619
-3.112,0.097
3.12,1.506
3.106,-1.694
3.054,-1.845
3.002,-0.793
2.981,0.461
3.112,-0.657
2.946,-1.847
3.037,-0.881
2.924,-0.286
2.815,-0.772
2.9,-0.195
2.868,1.407
2.743,-0.872
2.746,-0.442
2.841,-0.61
2.774,-0.265
2.589,-0.486
2.476,-1.874
2.462,-1.721
2.517,-1.244
2.383,-0.454
2.337,1.922
2.239,-0.271
2.145,-1.4
2.017,-0.11
1.901,0.701
1.645,-1.238
1.669,-1.121
1.484,0.559
1.627,1.948
1.446,-1.648
1.424,-0.209
1.447,0.471
1.445,-0.257
1.401,-0.41
1.333,0.792
1.244,-0.945
1.082,0.588
1.075,0.569
0.931,-0.432
0.955,0.593
0.64,1.887
0.788,0.887
0.606,0.544
0.715,1.457
0.593,0.621
0.497,1.832
0.486,0.015
0.479,-1.336
0.573,1.484
0.41,-0.553
0.336,-1.773
0.459,0.517
0.441,-0.216
0.452,0.879
0.397,1.782
0.379,2.001
0.373,-0.325
0.336,-1.858
0.177,1.789
0.141,0.22
0.136,0.435
0.043,0.117
0.035,0.666
0.136,1.592
0.136,0.145
-0.056,0.108
0.069,0.491
-0.058,-1.322
-0.109,-0.35
-0.126,-0.624
-0.122,-1.943
-0.273,1.369
-0.297,-0.836
-0.226,-1.784
-0.342,-0.968
-0.316,0.723
-0.46,0.424
-0.441,1.872
-0.492,0.754
-0.616,-1.785
-0.52,-0.718
-0.67,-1.794
-0.716,1.358
-0.749,-1.804
-0.769,0.348
-0.652,-1.167
-0.701,1.216
-0.921,1.762
-0.974,0.921
-1.11,-0.555
-1.269,-0.135
-1.195,0.1
-1.292,0.787
-1.315,-0.139
-1.636,-0.31
-1.655,1.431
-1.547,-1.058
-1.595,1.346
-1.825,-1.046
-1.745,1.98
-2.168,0.205
-2.199,-1.146
-2.2,-0.014
-2.098,-1.05
-2.113,-0.782
-2.306,0.072
-2.274,-1.466
-2.425,1.922
-2.341,-0.131
-2.448,-0.261
-2.481,-0.231
-2.575,1.851
-2.609,1.279
-2.505,-0.322
-2.536,0.387
-2.56,0.362
-2.73,0.014
-2.633,-0.838
-2.774,-2.086
-2.765,-2.061
2.962,-2.276
2.661,-1.985
2.534,-2.233
2.016,-2.356
1.841,-2.329
1.239,-2.437
0.94,-1.951
0.719,-2.295
0.709,-2.352
0.581,-2.261
0.528,-2.309
0.517,-2.439
0.23,-2.314
0.142,-2.126
-0.297,-2.032
-0.872,-2.439
-1.574,-2.134
-1.847,-2.461
-2.394,-2.139
-2.473,-2.264
-2.686,2.124
2.703,2.238
1.436,2.11
1.146,2.348
0.195,2.26
0.001,2.126
-0.196,2.328
-0.466,2.158
-0.629,2.181
2.655,0.231
2.647,1.444
1.008,-1.334
-1.8,-1.349
3.141,-0.502
3.117,-0.809
-0.709,1.038
-1.929,1.499
-2.259,0.808
-2.946,1.351
2.644,-0.132
2.35,-0.783
0.696,0.702
0.371,1.451
0.324,0.632
0.377,-1.118
0.072,0.685
-1.135,1.332
-1.946,1.864
-2.349,-2.449
0.369,2.242
2.025,2.266
2.243,1.569
-0.057,2.227
-0.06,2.218
-0.028,3.376
-0.06,2.667
-0.079,2.246
-0.085,1.559
-0.119,2.373
-0.222,2.645
-0.252,-0.238
-0.217,2.007
-0.221,2.502
-0.236,0.779
-0.331,3.323
-0.342,3.528
-0.356,1.217
-0.39,2.249
-0.447,3.041
-0.406,1.463
-0.47,2.476
-0.489,0.708
-0.654,3.653
-0.692,1.598
-0.628,2.154
-0.632,0.33
-0.711,2.713
-0.727,0.808
-0.761,2.154
-0.821,2.607
-0.813,0.78
-0.89,2.871
-0.88,0.485
-0.944,1.162
-0.985,0.327
-1.122,0.289
-1.182,2.281
-1.225,2.511
-1.21,1.491
-1.235,3.178
-1.23,2.567
-1.261,2.599
-1.207,2.37
-1.31,0.213
-1.287,1.574
-1.391,1.71
-1.538,2.284
-1.513,2.651
-1.599,0.881
-1.706,0.648
-1.743,2.095
-1.857,1.172
-1.879,-0.158
-2.073,0.568
-2.09,0.235
-2.078,-0.041
-2.124,0.589
-2.356,3.68
-2.363,1.849
-2.388,0.299
-2.372,2.297
-2.459,1.814
-2.505,-0.051
-2.428,3.033
-2.463,1.246
-2.467,0.824
-2.566,2.462
-2.521,1.647
-2.584,0.616
-2.544,0.629
-2.561,1.116
-2.572,2.259
-2.648,1.44
-2.66,0.78
-2.674,0.782
-2.614,2.097
-2.696,-0.41
-2.717,-0.545
-2.816,-0.401
-2.952,-0.468
-2.926,-0.259
-3.038,-0.35
2.774,-0.269
2.837,-0.418
2.837,-0.355
2.763,-0.419
2.293,-0.354
1.451,-0.294
1.327,-0.556
1.049,-0.534
1.011,-0.527
0.658,-0.395
0.166,-0.359
-0.32,-0.365
-0.471,-0.569
-0.598,-0.572
-0.764,-0.321
-1.331,-0.53
-1.44,-0.564
-1.387,-0.357
-1.375,-0.284
-1.507,-0.386
-2.358,-0.716
-2.324,-0.561
-2.436,-0.715
-2.433,-0.621
-2.539,-0.68
3.025,3.951
2.486,3.739
2.517,4.059
2.49,3.932
1.876,4.013
1.24,3.826
1.216,3.878
0.679,3.987
0.305,3.975
0.175,4.059
0.026,3.917
-0.18,3.86
-0.22,3.969
-0.547,3.962
-0.869,3.985
-1.616,3.883
-1.977,3.954
-2.141,3.866
-2.589,3.78
-2.596,0.754
-3.012,2.629
1.154,0.582
0.977,0.318
0.942,2.579
0.848,2.894
-0.369,0.141
-0.863,1.767
-1.276,3.143
0.132,-0.78
-1.441,3.736
-2.638,1.118
-2.64,2.276
-2.84,-0.052
-2.819,2.063
-2.814,0.878
-2.832,0.832
-3.062,1.329
-3.069,2.653
-2.934,0.096
-3.066,1.812
-3.117,3.221
-3.131,0.021
3.1,-0.13
3.048,0.922
3.027,2.176
-3.125,1.058
2.992,-0.132
3.083,0.834
2.97,1.429
2.861,0.943
2.946,1.52
2.914,3.122
2.789,0.843
2.792,1.273
2.887,1.105
2.82,1.45
2.635,1.229
2.522,-0.159
2.508,-0.006
2.563,0.471
2.429,1.261
2.383,3.637
2.285,1.444
2.191,0.315
2.063,1.605
1.947,2.416
1.691,0.477
1.715,0.594
1.53,2.274
1.673,3.663
1.492,0.067
1.47,1.506
1.493,2.186
1.491,1.458
1.447,1.305
1.379,2.507
1.29,0.77
1.128,2.303
1.121,2.284
0.977,1.283
1.001,2.308
0.686,3.602
0.834,2.602
0.652,2.259
0.761,3.172
0.639,2.336
0.543,3.547
0.532,1.73
0.525,0.379
0.619,3.199
0.456,1.162
0.382,-0.058
0.505,2.232
0.487,1.499
0.498,2.594
0.443,3.497
0.425,3.716
0.419,1.39
0.382,-0.143
0.223,3.504
0.187,1.935
0.182,2.15
0.089,1.832
0.081,2.381
0.182,3.307
0.182,1.86
-0.01,1.823
0.115,2.206
-0.012,0.393
-0.063,1.365
-0.08,1.091
-0.076,-0.228
-0.227,3.084
-0.251,0.879
-0.18,-0.069
-0.296,0.747
-0.27,2.438
-0.414,2.139
-0.395,3.587
-0.446,2.469
-0.57,-0.07
-0.474,0.997
-0.624,-0.079
-0.67,3.073
-0.703,-0.089
-0.723,2.063
-0.606,0.548
-0.655,2.931
-0.875,3.477
-0.928,2.636
-1.064,1.16
-1.223,1.58
-1.149,1.815
-1.246,2.502
-1.269,1.576
-1.59,1.405
-1.609,3.146
-1.501,0.657
-1.549,3.061
-1.779,0.669
-1.699,3.695
-2.122,1.92
-2.153,0.569
-2.154,1.701
-2.052,0.665
-2.067,0.933
-2.26,1.787
-2.228,0.249
-2.379,3.637
-2.295,1.584
-2.402,1.454
-2.435,1.484
-2.529,3.566
-2.563,2.994
-2.459,1.393
-2.49,2.102
-2.514,2.077
-2.684,1.729
-2.587,0.877
-2.728,-0.371
-2.719,-0.346
3.008,-0.561
2.707,-0.27
2.58,-0.518
2.062,-0.641
1.887,-0.614
1.285,-0.722
0.986,-0.236
0.765,-0.58
0.755,-0.637
0.627,-0.546
0.574,-0.594
0.563,-0.724
0.276,-0.599
0.188,-0.411
-0.251,-0.317
-0.826,-0.724
-1.528,-0.419
-1.801,-0.746
-2.348,-0.424
-2.427,-0.549
-2.64,3.839
2.749,3.953
1.482,3.825
1.192,4.063
0.241,3.975
0.047,3.841
-0.15,4.043
-0.42,3.873
-0.583,3.896
2.701,1.946
2.693,3.159
1.054,0.381
-1.754,0.366
-3.096,1.213
-3.12,0.906
-0.663,2.753
-1.883,3.214
-2.213,2.523
-2.9,3.066
2.69,1.583
2.396,0.932
0.742,2.417
0.417,3.166
0.37,2.347
0.423,0.597
0.118,2.4
-1.089,3.047
-1.9,3.579
-2.303,-0.734
0.415,3.957
2.071,3.981
2.289,3.284
-0.003,-0.009
0.029,1.149
-0.003,0.44
-0.022,0.019
-0.028,-0.668
-0.062,0.146
-0.165,0.418
-0.195,-2.465
-0.16,-0.22
-0.164,0.275
-0.179,-1.448
-0.274,1.096
-0.285,1.301
-0.299,-1.01
-0.333,0.022
-0.39,0.814
-0.349,-0.764
-0.413,0.249
-0.432,-1.519
-0.597,1.426
-0.635,-0.629
-0.571,-0.073
-0.575,-1.897
-0.654,0.486
-0.67,-1.419
-0.704,-0.073
-0.764,0.38
-0.756,-1.447
-0.833,0.644
-0.823,-1.742
-0.887,-1.065
-0.928,-1.9
-1.065,-1.938
-1.125,0.054
-1.168,0.284
-1.153,-0.736
-1.178,0.951
-1.173,0.34
-1.204,0.372
-1.15,0.143
-1.253,-2.014
-1.23,-0.653
-1.334,-0.517
-1.481,0.057
-1.456,0.424
-1.542,-1.346
-1.649,-1.579
-1.686,-0.132
-1.8,-1.055
-1.822,-2.385
-2.016,-1.659
-2.033,-1.992
-2.021,-2.268
-2.067,-1.638
-2.299,1.453
-2.306,-0.378
-2.331,-1.928
-2.315,0.07
-2.402,-0.413
-2.448,-2.278
-2.371,0.806
-2.406,-0.981
-2.41,-1.403
-2.509,0.235
-2.464,-0.58
-2.527,-1.611
-2.487,-1.598
-2.504,-1.111
-2.515,0.032
-2.591,-0.787
-2.603,-1.447
-2.617,-1.445
-2.557,-0.13
-2.639,-2.637
-2.66,-2.772
-2.759,-2.628
-2.895,-2.695
-2.869,-2.486
-2.981,-2.577
2.831,-2.496
2.894,-2.645
2.894,-2.582
2.82,-2.646
2.35,-2.581
1.508,-2.521
1.384,-2.783
1.106,-2.761
1.068,-2.754
0.715,-2.622
0.223,-2.586
-0.263,-2.592
-0.414,-2.796
-0.541,-2.799
-0.707,-2.548
-1.274,-2.757
-1.383,-2.791
-1.33,-2.584
-1.318,-2.511
-1.45,-2.613
-2.301,-2.943
-2.267,-2.788
-2.379,-2.942
-2.376,-2.848
-2.482,-2.907
3.082,1.724
2.543,1.512
2.574,1.832
2.547,1.705
1.933,1.786
1.297,1.599
1.273,1.651
0.736,1.76
0.362,1.748
0.232,1.832
0.083,1.69
-0.123,1.633
-0.163,1.742
-0.49,1.735
-0.812,1.758
-1.559,1.656
-1.92,1.727
-2.084,1.639
-2.532,1.553
-2.539,-1.473
-2.955,0.402
1.211,-1.645
1.034,-1.909
0.999,0.352
0.905,0.667
-0.312,-2.086
-0.806,-0.46
-1.219,0.916
0.189,-3.007
-1.384,1.509
-2.581,-1.109
-2.583,0.049
-2.783,-2.279
-2.762,-0.164
-2.757,-1.349
-2.775,-1.395
-3.005,-0.898
-3.012,0.426
-2.877,-2.131
-3.009,-0.415
-3.06,0.994
-3.074,-2.206
-3.126,-2.357
3.105,-1.305
3.084,-0.051
-3.068,-1.169
3.049,-2.359
3.14,-1.393
3.027,-0.798
2.918,-1.284
3.003,-0.707
2.971,0.895
2.846,-1.384
2.849,-0.954
2.944,-1.122
2.877,-0.777
2.692,-0.998
2.579,-2.386
2.565,-2.233
2.62,-1.756
2.486,-0.966
2.44,1.41
2.342,-0.783
2.248,-1.912
2.12,-0.622
2.004,0.189
1.748,-1.75
1.772,-1.633
1.587,0.047
1.73,1.436
1.549,-2.16
1.527,-0.721
1.55,-0.041
1.548,-0.769
1.504,-0.922
1.436,0.28
1.347,-1.457
1.185,0.076
1.178,0.057
1.034,-0.944
1.058,0.081
0.743,1.375
0.891,0.375
0.709,0.032
0.818,0.945
0.696,0.109
0.6,1.32
0.589,-0.497
0.582,-1.848
0.676,0.972
0.513,-1.065
0.439,-2.285
0.562,0.005
0.544,-0.728
0.555,0.367
0.5,1.27
0.482,1.489
0.476,-0.837
0.439,-2.37
0.28,1.277
0.244,-0.292
0.239,-0.077
0.146,-0.395
0.138,0.154
0.239,1.08
0.239,-0.367
0.047,-0.404
0.172,-0.021
0.045,-1.834
-0.006,-0.862
-0.023,-1.136
-0.019,-2.455
-0.17,0.857
-0.194,-1.348
-0.123,-2.296
-0.239,-1.48
-0.213,0.211
-0.357,-0.088
-0.338,1.36
-0.389,0.242
-0.513,-2.297
-0.417,-1.23
-0.567,-2.306
-0.613,0.846
-0.646,-2.316
-0.666,-0.164
-0.549,-1.679
-0.598,0.704
-0.818,1.25
-0.871,0.409
-1.007,-1.067
-1.166,-0.647
-1.092,-0.412
-1.189,0.275
-1.212,-0.651
-1.533,-0.822
-1.552,0.919
-1.444,-1.57
-1.492,0.834
-1.722,-1.558
-1.642,1.468
-2.065,-0.307
-2.096,-1.658
-2.097,-0.526
-1.995,-1.562
-2.01,-1.294
-2.203,-0.44
-2.171,-1.978
-2.322,1.41
-2.238,-0.643
-2.345,-0.773
-2.378,-0.743
-2.472,1.339
-2.506,0.767
-2.402,-0.834
-2.433,-0.125
-2.457,-0.15
-2.627,-0.498
-2.53,-1.35
-2.671,-2.598
-2.662,-2.573
3.065,-2.788
2.764,-2.497
2.637,-2.745
2.119,-2.868
1.944,-2.841
1.342,-2.949
1.043,-2.463
0.822,-2.807
0.812,-2.864
0.684,-2.773
0.631,-2.821
0.62,-2.951
0.333,-2.826
0.245,-2.638
-0.194,-2.544
-0.769,-2.951
-1.471,-2.646
-1.744,-2.973
-2.291,-2.651
-2.37,-2.776
-2.583,1.612
2.806,1.726
1.539,1.598
1.249,1.836
0.298,1.748
0.104,1.614
-0.093,1.816
-0.363,1.646
-0.526,1.669
2.758,-0.281
2.75,0.932
1.111,-1.846
-1.697,-1.861
-3.039,-1.014
-3.063,-1.321
-0.606,0.526
-1.826,0.987
-2.156,0.296
-2.843,0.839
2.747,-0.644
2.453,-1.295
0.799,0.19
0.474,0.939
0.427,0.12
0.48,-1.63
0.175,0.173
-1.032,0.82
-1.843,1.352
-2.246,-2.961
0.472,1.73
2.128,1.754
2.346,1.057
0.032,1.158
0.0,0.449
-0.019,0.028
-0.025,-0.659
-0.059,0.155
-0.162,0.427
-0.192,-2.456
-0.157,-0.211
-0.161,0.284
-0.176,-1.439
-0.271,1.105
-0.282,1.31
-0.296,-1.001
-0.33,0.031
-0.387,0.823
-0.346,-0.755
-0.41,0.258
-0.429,-1.51
-0.594,1.435
-0.632,-0.62
-0.568,-0.064
-0.572,-1.888
-0.651,0.495
-0.667,-1.41
-0.701,-0.064
-0.761,0.389
-0.753,-1.438
-0.83,0.653
-0.82,-1.733
-0.884,-1.056
-0.925,-1.891
-1.062,-1.929
-1.122,0.063
-1.165,0.293
-1.15,-0.727
-1.175,0.96
-1.17,0.349
-1.201,0.381
-1.147,0.152
-1.25,-2.005
-1.227,-0.644
-1.331,-0.508
-1.478,0.066
-1.453,0.433
-1.539,-1.337
-1.646,-1.57
-1.683,-0.123
-1.797,-1.046
-1.819,-2.376
-2.013,-1.65
-2.03,-1.983
-2.018,-2.259
-2.064,-1.629
-2.296,1.462
-2.303,-0.369
-2.328,-1.919
-2.312,0.079
-2.399,-0.404
-2.445,-2.269
-2.368,0.815
-2.403,-0.972
-2.407,-1.394
-2.506,0.244
-2.461,-0.571
-2.524,-1.602
-2.484,-1.589
-2.501,-1.102
-2.512,0.041
-2.588,-0.778
-2.6,-1.438
-2.614,-1.436
-2.554,-0.121
-2.636,-2.628
-2.657,-2.763
-2.756,-2.619
-2.892,-2.686
-2.866,-2.477
-2.978,-2.568
2.834,-2.487
2.897,-2.636
2.897,-2.573
2.823,-2.637
2.353,-2.572
1.511,-2.512
1.387,-2.774
1.109,-2.752
1.071,-2.745
0.718,-2.613
0.226,-2.577
-0.26,-2.583
-0.411,-2.787
-0.538,-2.79
-0.704,-2.539
-1.271,-2.748
-1.38,-2.782
-1.327,-2.575
-1.315,-2.502
-1.447,-2.604
-2.298,-2.934
-2.264,-2.779
-2.376,-2.933
-2.373,-2.839
-2.479,-2.898
3.085,1.733
2.546,1.521
2.577,1.841
2.55,1.714
1.936,1.795
1.3,1.608
1.276,1.66
0.739,1.769
0.365,1.757
0.235,1.841
0.086,1.699
-0.12,1.642
-0.16,1.751
-0.487,1.744
-0.809,1.767
-1.556,1.665
-1.917,1.736
-2.081,1.648
-2.529,1.562
-2.536,-1.464
-2.952,0.411
1.214,-1.636
1.037,-1.9
1.002,0.361
0.908,0.676
-0.309,-2.077
-0.803,-0.451
-1.216,0.925
0.192,-2.998
-1.381,1.518
-2.578,-1.1
-2.58,0.058
-2.78,-2.27
-2.759,-0.155
-2.754,-1.34
-2.772,-1.386
-3.002,-0.889
-3.009,0.435
-2.874,-2.122
-3.006,-0.406
-3.057,1.003
-3.071,-2.197
-3.123,-2.348
3.108,-1.296
3.087,-0.042
-3.065,-1.16
3.052,-2.35
-3.14,-1.384
3.03,-0.789
2.921,-1.275
3.006,-0.698
2.974,0.904
2.849,-1.375
2.852,-0.945
2.947,-1.113
2.88,-0.768
2.695,-0.989
2.582,-2.377
2.568,-2.224
2.623,-1.747
2.489,-0.957
2.443,1.419
2.345,-0.774
2.251,-1.903
2.123,-0.613
2.007,0.198
1.751,-1.741
1.775,-1.624
1.59,0.056
1.733,1.445
1.552,-2.151
1.53,-0.712
1.553,-0.032
1.551,-0.76
1.507,-0.913
1.439,0.289
1.35,-1.448
1.188,0.085
1.181,0.066
1.037,-0.935
1.061,0.09
0.746,1.384
0.894,0.384
0.712,0.041
0.821,0.954
0.699,0.118
0.603,1.329
0.592,-0.488
0.585,-1.839
0.679,0.981
0.516,-1.056
0.442,-2.276
0.565,0.014
0.547,-0.719
0.558,0.376
0.503,1.279
0.485,1.498
0.479,-0.828
0.442,-2.361
0.283,1.286
0.247,-0.283
0.242,-0.068
0.149,-0.386
0.141,0.163
0.242,1.089
0.242,-0.358
0.05,-0.395
0.175,-0.012
0.048,-1.825
-0.003,-0.853
-0.02,-1.127
-0.016,-2.446
-0.167,0.866
-0.191,-1.339
-0.12,-2.287
-0.236,-1.471
-0.21,0.22
-0.354,-0.079
-0.335,1.369
-0.386,0.251
-0.51,-2.288
-0.414,-1.221
-0.564,-2.297
-0.61,0.855
-0.643,-2.307
-0.663,-0.155
-0.546,-1.67
-0.595,0.713
-0.815,1.259
-0.868,0.418
-1.004,-1.058
-1.163,-0.638
-1.089,-0.403
-1.186,0.284
-1.209,-0.642
-1.53,-0.813
-1.549,0.928
-1.441,-1.561
-1.489,0.843
-1.719,-1.549
-1.639,1.477
-2.062,-0.298
-2.093,-1.649
-2.094,-0.517
-1.992,-1.553
-2.007,-1.285
-2.2,-0.431
-2.168,-1.969
-2.319,1.419
-2.235,-0.634
-2.342,-0.764
-2.375,-0.734
-2.469,1.348
-2.503,0.776
-2.399,-0.825
-2.43,-0.116
-2.454,-0.141
-2.624,-0.489
-2.527,-1.341
-2.668,-2.589
-2.659,-2.564
3.068,-2.779
2.767,-2.488
2.64,-2.736
2.122,-2.859
1.947,-2.832
1.345,-2.94
1.046,-2.454
0.825,-2.798
0.815,-2.855
0.687,-2.764
0.634,-2.812
0.623,-2.942
0.336,-2.817
0.248,-2.629
-0.191,-2.535
-0.766,-2.942
-1.468,-2.637
-1.741,-2.964
-2.288,-2.642
-2.367,-2.767
-2.58,1.621
2.809,1.735
1.542,1.607
1.252,1.845
0.301,1.757
0.107,1.623
-0.09,1.825
-0.36,1.655
-0.523,1.678
2.761,-0.272
2.753,0.941
1.114,-1.837
-1.694,-1.852
-3.036,-1.005
-3.06,-1.312
-0.603,0.535
-1.823,0.996
-2.153,0.305
-2.84,0.848
2.75,-0.635
2.456,-1.286
0.802,0.199
0.477,0.948
0.43,0.129
0.483,-1.621
0.178,0.182
-1.029,0.829
-1.84,1.361
-2.243,-2.952
0.475,1.739
2.131,1.763
2.349,1.066
-0.032,-0.709
-0.051,-1.13
-0.057,-1.817
-0.091,-1.003
-0.194,-0.731
-0.224,-3.614
-0.189,-1.369
-0.193,-0.874
-0.208,-2.597
-0.303,-0.053
-0.314,0.152
-0.328,-2.159
-0.362,-1.127
-0.419,-0.335
-0.378,-1.913
-0.442,-0.9
-0.461,-2.668
-0.626,0.277
-0.664,-1.778
-0.6,-1.222
-0.604,-3.046
-0.683,-0.663
-0.699,-2.568
-0.733,-1.222
-0.793,-0.769
-0.785,-2.596
-0.862,-0.505
-0.852,-2.891
-0.916,-2.214
-0.957,-3.049
-1.094,-3.087
-1.154,-1.095
-1.197,-0.865
-1.182,-1.885
-1.207,-0.198
-1.202,-0.809
-1.233,-0.777
-1.179,-1.006
-1.282,-3.163
-1.259,-1.802
-1.363,-1.666
-1.51,-1.092
-1.485,-0.725
-1.571,-2.495
-1.678,-2.728
-1.715,-1.281
-1.829,-2.204
-1.851,-3.534
-2.045,-2.808
-2.062,-3.141
-2.05,-3.417
-2.096,-2.787
-2.328,0.304
-2.335,-1.527
-2.36,-3.077
-2.344,-1.079
-2.431,-1.562
-2.477,-3.427
-2.4,-0.343
-2.435,-2.13
-2.439,-2.552
-2.538,-0.914
-2.493,-1.729
-2.556,-2.76
-2.516,-2.747
-2.533,-2.26
-2.544,-1.117
-2.62,-1.936
-2.632,-2.596
-2.646,-2.594
-2.586,-1.279
-2.668,-3.786
-2.689,-3.921
-2.788,-3.777
-2.924,-3.844
-2.898,-3.635
-3.01,-3.726
2.802,-3.645
2.865,-3.794
2.865,-3.731
2.791,-3.795
2.321,-3.73
1.479,-3.67
1.355,-3.932
1.077,-3.91
1.039,-3.903
0.686,-3.771
0.194,-3.735
-0.292,-3.741
-0.443,-3.945
-0.57,-3.948
-0.736,-3.697
-1.303,-3.906
-1.412,-3.94
-1.359,-3.733
-1.347,-3.66
-1.479,-3.762
-2.33,-4.092
-2.296,-3.937
-2.408,-4.091
-2.405,-3.997
-2.511,-4.056
3.053,0.575
2.514,0.363
2.545,0.683
2.518,0.556
1.904,0.637
1.268,0.45
1.244,0.502
0.707,0.611
0.333,0.599
0.203,0.683
0.054,0.541
-0.152,0.484
-0.192,0.593
-0.519,0.586
-0.841,0.609
-1.588,0.507
-1.949,0.578
-2.113,0.49
-2.561,0.404
-2.568,-2.622
-2.984,-0.747
1.182,-2.794
1.005,-3.058
0.97,-0.797
0.876,-0.482
-0.341,-3.235
-0.835,-1.609
-1.248,-0.233
0.16,-4.156
-1.413,0.36
-2.61,-2.258
-2.612,-1.1
-2.812,-3.428
-2.791,-1.313
-2.786,-2.498
-2.804,-2.544
-3.034,-2.047
-3.041,-0.723
-2.906,-3.28
-3.038,-1.564
-3.089,-0.155
-3.103,-3.355
3.128,-3.506
3.076,-2.454
3.055,-1.2
-3.097,-2.318
3.02,-3.508
3.111,-2.542
2.998,-1.947
2.889,-2.433
2.974,-1.856
2.942,-0.254
2.817,-2.533
2.82,-2.103
2.915,-2.271
2.848,-1.926
2.663,-2.147
2.55,-3.535
2.536,-3.382
2.591,-2.905
2.457,-2.115
2.411,0.261
2.313,-1.932
2.219,-3.061
2.091,-1.771
1.975,-0.96
1.719,-2.899
1.743,-2.782
1.558,-1.102
1.701,0.287
1.52,-3.309
1.498,-1.87
1.521,-1.19
1.519,-1.918
1.475,-2.071
1.407,-0.869
1.318,-2.606
1.156,-1.073
1.149,-1.092
1.005,-2.093
1.029,-1.068
0.714,0.226
0.862,-0.774
0.68,-1.117
0.789,-0.204
0.667,-1.04
0.571,0.171
0.56,-1.646
0.553,-2.997
0.647,-0.177
0.484,-2.214
0.41,-3.434
0.533,-1.144
0.515,-1.877
0.526,-0.782
0.471,0.121
0.453,0.34
0.447,-1.986
0.41,-3.519
0.251,0.128
0.215,-1.441
0.21,-1.226
0.117,-1.544
0.109,-0.995
0.21,-0.069
0.21,-1.516
0.018,-1.553
0.143,-1.17
0.016,-2.983
-0.035,-2.011
-0.052,-2.285
-0.048,-3.604
-0.199,-0.292
-0.223,-2.497
-0.152,-3.445
-0.268,-2.629
-0.242,-0.938
-0.386,-1.237
-0.367,0.211
-0.418,-0.907
-0.542,-3.446
-0.446,-2.379
-0.596,-3.455
-0.642,-0.303
-0.675,-3.465
-0.695,-1.313
-0.578,-2.828
-0.627,-0.445
-0.847,0.101
-0.9,-0.74
-1.036,-2.216
-1.195,-1.796
-1.121,-1.561
-1.218,-0.874
-1.241,-1.8
-1.562,-1.971
-1.581,-0.23
-1.473,-2.719
-1.521,-0.315
-1.751,-2.707
-1.671,0.319
-2.094,-1.456
-2.125,-2.807
-2.126,-1.675
-2.024,-2.711
-2.039,-2.443
-2.232,-1.589
-2.2,-3.127
-2.351,0.261
-2.267,-1.792
-2.374,-1.922
-2.407,-1.892
-2.501,0.19
-2.535,-0.382
-2.431,-1.983
-2.462,-1.274
-2.486,-1.299
-2.656,-1.647
-2.559,-2.499
-2.7,-3.747
-2.691,-3.722
3.036,-3.937
2.735,-3.646
2.608,-3.894
2.09,-4.017
1.915,-3.99
1.313,-4.098
1.014,-3.612
0.793,-3.956
0.783,-4.013
0.655,-3.922
0.602,-3.97
0.591,-4.1
0.304,-3.975
0.216,-3.787
-0.223,-3.693
-0.798,-4.1
-1.5,-3.795
-1.773,-4.122
-2.32,-3.8
-2.399,-3.925
-2.612,0.463
2.777,0.577
1.51,0.449
1.22,0.687
0.269,0.599
0.075,0.465
-0.122,0.667
-0.392,0.497
-0.555,0.52
2.729,-1.43
2.721,-0.217
1.082,-2.995
-1.726,-3.01
-3.068,-2.163
-3.092,-2.47
-0.635,-0.623
-1.855,-0.162
-2.185,-0.853
-2.872,-0.31
2.718,-1.793
2.424,-2.444
0.77,-0.959
0.445,-0.21
0.398,-1.029
0.451,-2.779
0.146,-0.976
-1.061,-0.329
-1.872,0.203
-2.275,-4.11
0.443,0.581
2.099,0.605
2.317,-0.092
-0.019,-0.421
-0.025,-1.108
-0.059,-0.294
-0.162,-0.022
-0.192,-2.905
-0.157,-0.66
-0.161,-0.165
-0.176,-1.888
-0.271,0.656
-0.282,0.861
-0.296,-1.45
-0.33,-0.418
-0.387,0.374
-0.346,-1.204
-0.41,-0.191
-0.429,-1.959
-0.594,0.986
-0.632,-1.069
-0.568,-0.513
-0.572,-2.337
-0.651,0.046
-0.667,-1.859
-0.701,-0.513
-0.761,-0.06
-0.753,-1.887
-0.83,0.204
-0.82,-2.182
-0.884,-1.505
-0.925,-2.34
-1.062,-2.378
-1.122,-0.386
-1.165,-0.156
-1.15,-1.176
-1.175,0.511
-1.17,-0.1
-1.201,-0.068
-1.147,-0.297
-1.25,-2.454
-1.227,-1.093
-1.331,-0.957
-1.478,-0.383
-1.453,-0.016
-1.539,-1.786
-1.646,-2.019
-1.683,-0.572
-1.797,-1.495
-1.819,-2.825
-2.013,-2.099
-2.03,-2.432
-2.018,-2.708
-2.064,-2.078
-2.296,1.013
-2.303,-0.818
-2.328,-2.368
-2.312,-0.37
-2.399,-0.853
-2.445,-2.718
-2.368,0.366
-2.403,-1.421
-2.407,-1.843
-2.506,-0.205
-2.461,-1.02
-2.524,-2.051
-2.484,-2.038
-2.501,-1.551
-2.512,-0.408
-2.588,-1.227
-2.6,-1.887
-2.614,-1.885
-2.554,-0.57
-2.636,-3.077
-2.657,-3.212
-2.756,-3.068
-2.892,-3.135
-2.866,-2.926
-2.978,-3.017
2.834,-2.936
2.897,-3.085
2.897,-3.022
2.823,-3.086
2.353,-3.021
1.511,-2.961
1.387,-3.223
1.109,-3.201
1.071,-3.194
0.718,-3.062
0.226,-3.026
-0.26,-3.032
-0.411,-3.236
-0.538,-3.239
-0.704,-2.988
-1.271,-3.197
-1.38,-3.231
-1.327,-3.024
-1.315,-2.951
-1.447,-3.053
-2.298,-3.383
-2.264,-3.228
-2.376,-3.382
-2.373,-3.288
-2.479,-3.347
3.085,1.284
2.546,1.072
2.577,1.392
2.55,1.265
1.936,1.346
1.3,1.159
1.276,1.211
0.739,1.32
0.365,1.308
0.235,1.392
0.086,1.25
-0.12,1.193
-0.16,1.302
-0.487,1.295
-0.809,1.318
-1.556,1.216
-1.917,1.287
-2.081,1.199
-2.529,1.113
-2.536,-1.913
-2.952,-0.038
1.214,-2.085
1.037,-2.349
1.002,-0.088
0.908,0.227
-0.309,-2.526
-0.803,-0.9
-1.216,0.476
0.192,-3.447
-1.381,1.069
-2.578,-1.549
-2.58,-0.391
-2.78,-2.719
-2.759,-0.604
-2.754,-1.789
-2.772,-1.835
-3.002,-1.338
-3.009,-0.014
-2.874,-2.571
-3.006,-0.855
-3.057,0.554
-3.071,-2.646
-3.123,-2.797
3.108,-1.745
3.087,-0.491
-3.065,-1.609
3.052,-2.799
-3.14,-1.833
3.03,-1.238
2.921,-1.724
3.006,-1.147
2.974,0.455
2.849,-1.824
2.852,-1.394
2.947,-1.562
2.88,-1.217
2.695,-1.438
2.582,-2.826
2.568,-2.673
2.623,-2.196
2.489,-1.406
2.443,0.97
2.345,-1.223
2.251,-2.352
2.123,-1.062
2.007,-0.251
1.751,-2.19
1.775,-2.073
1.59,-0.393
1.733,0.996
1.552,-2.6
1.53,-1.161
1.553,-0.481
1.551,-1.209
1.507,-1.362
1.439,-0.16
1.35,-1.897
1.188,-0.364
1.181,-0.383
1.037,-1.384
1.061,-0.359
0.746,0.935
0.894,-0.065
0.712,-0.408
0.821,0.505
0.699,-0.331
0.603,0.88
0.592,-0.937
0.585,-2.288
0.679,0.532
0.516,-1.505
0.442,-2.725
0.565,-0.435
0.547,-1.168
0.558,-0.073
0.503,0.83
0.485,1.049
0.479,-1.277
0.442,-2.81
0.283,0.837
0.247,-0.732
0.242,-0.517
0.149,-0.835
0.141,-0.286
0.242,0.64
0.242,-0.807
0.05,-0.844
0.175,-0.461
0.048,-2.274
-0.003,-1.302
-0.02,-1.576
-0.016,-2.895
-0.167,0.417
-0.191,-1.788
-0.12,-2.736
-0.236,-1.92
-0.21,-0.229
-0.354,-0.528
-0.335,0.92
-0.386,-0.198
-0.51,-2.737
-0.414,-1.67
-0.564,-2.746
-0.61,0.406
-0.643,-2.756
-0.663,-0.604
-0.546,-2.119
-0.595,0.264
-0.815,0.81
-0.868,-0.031
-1.004,-1.507
-1.163,-1.087
-1.089,-0.852
-1.186,-0.165
-1.209,-1.091
-1.53,-1.262
-1.549,0.479
-1.441,-2.01
-1.489,0.394
-1.719,-1.998
-1.639,1.028
-2.062,-0.747
-2.093,-2.098
-2.094,-0.966
-1.992,-2.002
-2.007,-1.734
-2.2,-0.88
-2.168,-2.418
-2.319,0.97
-2.235,-1.083
-2.342,-1.213
-2.375,-1.183
-2.469,0.899
-2.503,0.327
-2.399,-1.274
-2.43,-0.565
-2.454,-0.59
-2.624,-0.938
-2.527,-1.79
-2.668,-3.038
-2.659,-3.013
3.068,-3.228
2.767,-2.937
2.64,-3.185
2.122,-3.308
1.947,-3.281
1.345,-3.389
1.046,-2.903
0.825,-3.247
0.815,-3.304
0.687,-3.213
0.634,-3.261
0.623,-3.391
0.336,-3.266
0.248,-3.078
-0.191,-2.984
-0.766,-3.391
-1.468,-3.086
-1.741,-3.413
-2.288,-3.091
-2.367,-3.216
-2.58,1.172
2.809,1.286
1.542,1.158
1.252,1.396
0.301,1.308
0.107,1.174
-0.09,1.376
-0.36,1.206
-0.523,1.229
2.761,-0.721
2.753,0.492
1.114,-2.286
-1.694,-2.301
-3.036,-1.454
-3.06,-1.761
-0.603,0.086
-1.823,0.547
-2.153,-0.144
-2.84,0.399
2.75,-1.084
2.456,-1.735
0.802,-0.25
0.477,0.499
0.43,-0.32
0.483,-2.07
0.178,-0.267
-1.029,0.38
-1.84,0.912
-2.243,-3.401
0.475,1.29
2.131,1.314
2.349,0.617
-0.006,-0.687
-0.04,0.127
-0.143,0.399
-0.173,-2.484
-0.138,-0.239
-0.142,0.256
-0.157,-1.467
-0.252,1.077
-0.263,1.282
-0.277,-1.029
-0.311,0.003
-0.368,0.795
-0.327,-0.783
-0.391,0.23
-0.41,-1.538
-0.575,1.407
-0.613,-0.648
-0.549,-0.092
-0.553,-1.916
-0.632,0.467
-0.648,-1.438
-0.682,-0.092
-0.742,0.361
-0.734,-1.466
-0.811,0.625
-0.801,-1.761
-0.865,-1.084
-0.906,-1.919
-1.043,-1.957
-1.103,0.035
-1.146,0.265
-1.131,-0.755
-1.156,0.932
-1.151,0.321
-1.182,0.353
-1.128,0.124
-1.231,-2.033
-1.208,-0.672
-1.312,-0.536
-1.459,0.038
-1.434,0.405
-1.52,-1.365
-1.627,-1.598
-1.664,-0.151
-1.778,-1.074
-1.8,-2.404
-1.994,-1.678
-2.011,-2.011
-1.999,-2.287
-2.045,-1.657
-2.277,1.434
-2.284,-0.397
-2.309,-1.947
-2.293,0.051
-2.38,-0.432
-2.426,-2.297
-2.349,0.787
-2.384,-1.0
-2.388,-1.422
-2.487,0.216
-2.442,-0.599
-2.505,-1.63
-2.465,-1.617
-2.482,-1.13
-2.493,0.013
-2.569,-0.806
-2.581,-1.466
-2.595,-1.464
-2.535,-0.149
-2.617,-2.656
-2.638,-2.791
-2.737,-2.647
-2.873,-2.714
-2.847,-2.505
-2.959,-2.596
2.853,-2.515
2.916,-2.664
2.916,-2.601
2.842,-2.665
2.372,-2.6
1.53,-2.54
1.406,-2.802
1.128,-2.78
1.09,-2.773
0.737,-2.641
0.245,-2.605
-0.241,-2.611
-0.392,-2.815
-0.519,-2.818
-0.685,-2.567
-1.252,-2.776
-1.361,-2.81
-1.308,-2.603
-1.296,-2.53
-1.428,-2.632
-2.279,-2.962
-2.245,-2.807
-2.357,-2.961
-2.354,-2.867
-2.46,-2.926
3.104,1.705
2.565,1.493
2.596,1.813
2.569,1.686
1.955,1.767
1.319,1.58
1.295,1.632
0.758,1.741
0.384,1.729
0.254,1.813
0.105,1.671
-0.101,1.614
-0.141,1.723
-0.468,1.716
-0.79,1.739
-1.537,1.637
-1.898,1.708
-2.062,1.62
-2.51,1.534
-2.517,-1.492
-2.933,0.383
1.233,-1.664
1.056,-1.928
1.021,0.333
0.927,0.648
-0.29,-2.105
-0.784,-0.479
-1.197,0.897
0.211,-3.026
-1.362,1.49
-2.559,-1.128
-2.561,0.03
-2.761,-2.298
-2.74,-0.183
-2.735,-1.368
-2.753,-1.414
-2.983,-0.917
-2.99,0.407
-2.855,-2.15
-2.987,-0.434
-3.038,0.975
-3.052,-2.225
-3.104,-2.376
3.127,-1.324
3.106,-0.07
-3.046,-1.188
3.071,-2.378
-3.121,-1.412
3.049,-0.817
2.94,-1.303
3.025,-0.726
2.993,0.876
2.868,-1.403
2.871,-0.973
2.966,-1.141
2.899,-0.796
2.714,-1.017
2.601,-2.405
2.587,-2.252
2.642,-1.775
2.508,-0.985
2.462,1.391
2.364,-0.802
2.27,-1.931
2.142,-0.641
2.026,0.17
1.77,-1.769
1.794,-1.652
1.609,0.028
1.752,1.417
1.571,-2.179
1.549,-0.74
1.572,-0.06
1.57,-0.788
1.526,-0.941
1.458,0.261
1.369,-1.476
1.207,0.057
1.2,0.038
1.056,-0.963
1.08,0.062
0.765,1.356
0.913,0.356
0.731,0.013
0.84,0.926
0.718,0.09
0.622,1.301
0.611,-0.516
0.604,-1.867
0.698,0.953
0.535,-1.084
0.461,-2.304
0.584,-0.014
0.566,-0.747
0.577,0.348
0.522,1.251
0.504,1.47
0.498,-0.856
0.461,-2.389
0.302,1.258
0.266,-0.311
0.261,-0.096
0.168,-0.414
0.16,0.135
0.261,1.061
0.261,-0.386
0.069,-0.423
0.194,-0.04
0.067,-1.853
0.016,-0.881
-0.001,-1.155
0.003,-2.474
-0.148,0.838
-0.172,-1.367
-0.101,-2.315
-0.217,-1.499
-0.191,0.192
-0.335,-0.107
-0.316,1.341
-0.367,0.223
-0.491,-2.316
-0.395,-1.249
-0.545,-2.325
-0.591,0.827
-0.624,-2.335
-0.644,-0.183
-0.527,-1.698
-0.576,0.685
-0.796,1.231
-0.849,0.39
-0.985,-1.086
-1.144,-0.666
-1.07,-0.431
-1.167,0.256
-1.19,-0.67
-1.511,-0.841
-1.53,0.9
-1.422,-1.589
-1.47,0.815
-1.7,-1.577
-1.62,1.449
-2.043,-0.326
-2.074,-1.677
-2.075,-0.545
-1.973,-1.581
-1.988,-1.313
-2.181,-0.459
-2.149,-1.997
-2.3,1.391
-2.216,-0.662
-2.323,-0.792
-2.356,-0.762
-2.45,1.32
-2.484,0.748
-2.38,-0.853
-2.411,-0.144
-2.435,-0.169
-2.605,-0.517
-2.508,-1.369
-2.649,-2.617
-2.64,-2.592
3.087,-2.807
2.786,-2.516
2.659,-2.764
2.141,-2.887
1.966,-2.86
1.364,-2.968
1.065,-2.482
0.844,-2.826
0.834,-2.883
0.706,-2.792
0.653,-2.84
0.642,-2.97
0.355,-2.845
0.267,-2.657
-0.172,-2.563
-0.747,-2.97
-1.449,-2.665
-1.722,-2.992
-2.269,-2.67
-2.348,-2.795
-2.561,1.593
2.828,1.707
1.561,1.579
1.271,1.817
0.32,1.729
0.126,1.595
-0.071,1.797
-0.341,1.627
-0.504,1.65
2.78,-0.3
2.772,0.913
1.133,-1.865
-1.675,-1.88
-3.017,-1.033
-3.041,-1.34
-0.584,0.507
-1.804,0.968
-2.134,0.277
-2.821,0.82
2.769,-0.663
2.475,-1.314
0.821,0.171
0.496,0.92
0.449,0.101
0.502,-1.649
0.197,0.154
-1.01,0.801
-1.821,1.333
-2.224,-2.98
0.494,1.711
2.15,1.735
2.368,1.038
-0.034,0.814
-0.137,1.086
-0.167,-1.797
-0.132,0.448
-0.136,0.943
-0.151,-0.78
-0.246,1.764
-0.257,1.969
-0.271,-0.342
-0.305,0.69
-0.362,1.482
-0.321,-0.096
-0.385,0.917
-0.404,-0.851
-0.569,2.094
-0.607,0.039
-0.543,0.595
-0.547,-1.229
-0.626,1.154
-0.642,-0.751
-0.676,0.595
-0.736,1.048
-0.728,-0.779
-0.805,1.312
-0.795,-1.074
-0.859,-0.397
-0.9,-1.232
-1.037,-1.27
-1.097,0.722
-1.14,0.952
-1.125,-0.068
-1.15,1.619
-1.145,1.008
-1.176,1.04
-1.122,0.811
-1.225,-1.346
-1.202,0.015
-1.306,0.151
-1.453,0.725
-1.428,1.092
-1.514,-0.678
-1.621,-0.911
-1.658,0.536
-1.772,-0.387
-1.794,-1.717
-1.988,-0.991
-2.005,-1.324
-1.993,-1.6
-2.039,-0.97
-2.271,2.121
-2.278,0.29
-2.303,-1.26
-2.287,0.738
-2.374,0.255
-2.42,-1.61
-2.343,1.474
-2.378,-0.313
-2.382,-0.735
-2.481,0.903
-2.436,0.088
-2.499,-0.943
-2.459,-0.93
-2.476,-0.443
-2.487,0.7
-2.563,-0.119
-2.575,-0.779
-2.589,-0.777
-2.529,0.538
-2.611,-1.969
-2.632,-2.104
-2.731,-1.96
-2.867,-2.027
-2.841,-1.818
-2.953,-1.909
2.859,-1.828
2.922,-1.977
2.922,-1.914
2.848,-1.978
2.378,-1.913
1.536,-1.853
1.412,-2.115
1.134,-2.093
1.096,-2.086
0.743,-1.954
0.251,-1.918
-0.235,-1.924
-0.386,-2.128
-0.513,-2.131
-0.679,-1.88
-1.246,-2.089
-1.355,-2.123
-1.302,-1.916
-1.29,-1.843
-1.422,-1.945
-2.273,-2.275
-2.239,-2.12
-2.351,-2.274
-2.348,-2.18
-2.454,-2.239
3.11,2.392
2.571,2.18
2.602,2.5
2.575,2.373
1.961,2.454
1.325,2.267
1.301,2.319
0.764,2.428
0.39,2.416
0.26,2.5
0.111,2.358
-0.095,2.301
-0.135,2.41
-0.462,2.403
-0.784,2.426
-1.531,2.324
-1.892,2.395
-2.056,2.307
-2.504,2.221
-2.511,-0.805
-2.927,1.07
1.239,-0.977
1.062,-1.241
1.027,1.02
0.933,1.335
-0.284,-1.418
-0.778,0.208
-1.191,1.584
0.217,-2.339
-1.356,2.177
-2.553,-0.441
-2.555,0.717
-2.755,-1.611
-2.734,0.504
-2.729,-0.681
-2.747,-0.727
-2.977,-0.23
-2.984,1.094
-2.849,-1.463
-2.981,0.253
-3.032,1.662
-3.046,-1.538
-3.098,-1.689
3.133,-0.637
3.112,0.617
-3.04,-0.501
3.077,-1.691
-3.115,-0.725
3.055,-0.13
2.946,-0.616
3.031,-0.039
2.999,1.563
2.874,-0.716
2.877,-0.286
2.972,-0.454
2.905,-0.109
2.72,-0.33
2.607,-1.718
2.593,-1.565
2.648,-1.088
2.514,-0.298
2.468,2.078
2.37,-0.115
2.276,-1.244
2.148,0.046
2.032,0.857
1.776,-1.082
1.8,-0.965
1.615,0.715
1.758,2.104
1.577,-1.492
1.555,-0.053
1.578,0.627
1.576,-0.101
1.532,-0.254
1.464,0.948
1.375,-0.789
1.213,0.744
1.206,0.725
1.062,-0.276
1.086,0.749
0.771,2.043
0.919,1.043
0.737,0.7
0.846,1.613
0.724,0.777
0.628,1.988
0.617,0.171
0.61,-1.18
0.704,1.64
0.541,-0.397
0.467,-1.617
0.59,0.673
0.572,-0.06
0.583,1.035
0.528,1.938
0.51,2.157
0.504,-0.169
0.467,-1.702
0.308,1.945
0.272,0.376
0.267,0.591
0.174,0.273
0.166,0.822
0.267,1.748
0.267,0.301
0.075,0.264
0.2,0.647
0.073,-1.166
0.022,-0.194
0.005,-0.468
0.009,-1.787
-0.142,1.525
-0.166,-0.68
-0.095,-1.628
-0.211,-0.812
-0.185,0.879
-0.329,0.58
-0.31,2.028
-0.361,0.91
-0.485,-1.629
-0.389,-0.562
-0.539,-1.638
-0.585,1.514
-0.618,-1.648
-0.638,0.504
-0.521,-1.011
-0.57,1.372
-0.79,1.918
-0.843,1.077
-0.979,-0.399
-1.138,0.021
-1.064,0.256
-1.161,0.943
-1.184,0.017
-1.505,-0.154
-1.524,1.587
-1.416,-0.902
-1.464,1.502
-1.694,-0.89
-1.614,2.136
-2.037,0.361
-2.068,-0.99
-2.069,0.142
-1.967,-0.894
-1.982,-0.626
-2.175,0.228
-2.143,-1.31
-2.294,2.078
-2.21,0.025
-2.317,-0.105
-2.35,-0.075
-2.444,2.007
-2.478,1.435
-2.374,-0.166
-2.405,0.543
-2.429,0.518
-2.599,0.17
-2.502,-0.682
-2.643,-1.93
-2.634,-1.905
3.093,-2.12
2.792,-1.829
2.665,-2.077
2.147,-2.2
1.972,-2.173
1.37,-2.281
1.071,-1.795
0.85,-2.139
0.84,-2.196
0.712,-2.105
0.659,-2.153
0.648,-2.283
0.361,-2.158
0.273,-1.97
-0.166,-1.876
-0.741,-2.283
-1.443,-1.978
-1.716,-2.305
-2.263,-1.983
-2.342,-2.108
-2.555,2.28
2.834,2.394
1.567,2.266
1.277,2.504
0.326,2.416
0.132,2.282
-0.065,2.484
-0.335,2.314
-0.498,2.337
2.786,0.387
2.778,1.6
1.139,-1.178
-1.669,-1.193
-3.011,-0.346
-3.035,-0.653
-0.578,1.194
-1.798,1.655
-2.128,0.964
-2.815,1.507
2.775,0.024
2.481,-0.627
0.827,0.858
0.502,1.607
0.455,0.788
0.508,-0.962
0.203,0.841
-1.004,1.488
-1.815,2.02
-2.218,-2.293
0.5,2.398
2.156,2.422
2.374,1.725
-0.103,0.272
-0.133,-2.611
-0.098,-0.366
-0.102,0.129
-0.117,-1.594
-0.212,0.95
-0.223,1.155
-0.237,-1.156
-0.271,-0.124
-0.328,0.668
-0.287,-0.91
-0.351,0.103
-0.37,-1.665
-0.535,1.28
-0.573,-0.775
-0.509,-0.219
-0.513,-2.043
-0.592,0.34
-0.608,-1.565
-0.642,-0.219
-0.702,0.234
-0.694,-1.593
-0.771,0.498
-0.761,-1.888
-0.825,-1.211
-0.866,-2.046
-1.003,-2.084
-1.063,-0.092
-1.106,0.138
-1.091,-0.882
-1.116,0.805
-1.111,0.194
-1.142,0.226
-1.088,-0.003
-1.191,-2.16
-1.168,-0.799
-1.272,-0.663
-1.419,-0.089
-1.394,0.278
-1.48,-1.492
-1.587,-1.725
-1.624,-0.278
-1.738,-1.201
-1.76,-2.531
-1.954,-1.805
-1.971,-2.138
-1.959,-2.414
-2.005,-1.784
-2.237,1.307
-2.244,-0.524
-2.269,-2.074
-2.253,-0.076
-2.34,-0.559
-2.386,-2.424
-2.309,0.66
-2.344,-1.127
-2.348,-1.549
-2.447,0.089
-2.402,-0.726
-2.465,-1.757
-2.425,-1.744
-2.442,-1.257
-2.453,-0.114
-2.529,-0.933
-2.541,-1.593
-2.555,-1.591
-2.495,-0.276
-2.577,-2.783
-2.598,-2.918
-2.697,-2.774
-2.833,-2.841
-2.807,-2.632
-2.919,-2.723
2.893,-2.642
2.956,-2.791
2.956,-2.728
2.882,-2.792
2.412,-2.727
1.57,-2.667
1.446,-2.929
1.168,-2.907
1.13,-2.9
0.777,-2.768
0.285,-2.732
-0.201,-2.738
-0.352,-2.942
-0.479,-2.945
-0.645,-2.694
-1.212,-2.903
-1.321,-2.937
-1.268,-2.73
-1.256,-2.657
-1.388,-2.759
-2.239,-3.089
-2.205,-2.934
-2.317,-3.088
-2.314,-2.994
-2.42,-3.053
-3.139,1.578
2.605,1.366
2.636,1.686
2.609,1.559
1.995,1.64
1.359,1.453
1.335,1.505
0.798,1.614
0.424,1.602
0.294,1.686
0.145,1.544
-0.061,1.487
-0.101,1.596
-0.428,1.589
-0.75,1.612
-1.497,1.51
-1.858,1.581
-2.022,1.493
-2.47,1.407
-2.477,-1.619
-2.893,0.256
1.273,-1.791
1.096,-2.055
1.061,0.206
0.967,0.521
-0.25,-2.232
-0.744,-0.606
-1.157,0.77
0.251,-3.153
-1.322,1.363
-2.519,-1.255
-2.521,-0.097
-2.721,-2.425
-2.7,-0.31
-2.695,-1.495
-2.713,-1.541
-2.943,-1.044
-2.95,0.28
-2.815,-2.277
-2.947,-0.561
-2.998,0.848
-3.012,-2.352
-3.064,-2.503
-3.116,-1.451
-3.137,-0.197
-3.006,-1.315
3.111,-2.505
-3.081,-1.539
3.089,-0.944
2.98,-1.43
3.065,-0.853
3.033,0.749
2.908,-1.53
2.911,-1.1
3.006,-1.268
2.939,-0.923
2.754,-1.144
2.641,-2.532
2.627,-2.379
2.682,-1.902
2.548,-1.112
2.502,1.264
2.404,-0.929
2.31,-2.058
2.182,-0.768
2.066,0.043
1.81,-1.896
1.834,-1.779
1.649,-0.099
1.792,1.29
1.611,-2.306
1.589,-0.867
1.612,-0.187
1.61,-0.915
1.566,-1.068
1.498,0.134
1.409,-1.603
1.247,-0.07
1.24,-0.089
1.096,-1.09
1.12,-0.065
0.805,1.229
0.953,0.229
0.771,-0.114
0.88,0.799
0.758,-0.037
0.662,1.174
0.651,-0.643
0.644,-1.994
0.738,0.826
0.575,-1.211
0.501,-2.431
0.624,-0.141
0.606,-0.874
0.617,0.221
0.562,1.124
0.544,1.343
0.538,-0.983
0.501,-2.516
0.342,1.131
0.306,-0.438
0.301,-0.223
0.208,-0.541
0.2,0.008
0.301,0.934
0.301,-0.513
0.109,-0.55
0.234,-0.167
0.107,-1.98
0.056,-1.008
0.039,-1.282
0.043,-2.601
-0.108,0.711
-0.132,-1.494
-0.061,-2.442
-0.177,-1.626
-0.151,0.065
-0.295,-0.234
-0.276,1.214
-0.327,0.096
-0.451,-2.443
-0.355,-1.376
-0.505,-2.452
-0.551,0.7
-0.584,-2.462
-0.604,-0.31
-0.487,-1.825
-0.536,0.558
-0.756,1.104
-0.809,0.263
-0.945,-1.213
-1.104,-0.793
-1.03,-0.558
-1.127,0.129
-1.15,-0.797
-1.471,-0.968
-1.49,0.773
-1.382,-1.716
-1.43,0.688
-1.66,-1.704
-1.58,1.322
-2.003,-0.453
-2.034,-1.804
-2.035,-0.672
-1.933,-1.708
-1.948,-1.44
-2.141,-0.586
-2.109,-2.124
-2.26,1.264
-2.176,-0.789
-2.283,-0.919
-2.316,-0.889
-2.41,1.193
-2.444,0.621
-2.34,-0.98
-2.371,-0.271
-2.395,-0.296
-2.565,-0.644
-2.468,-1.496
-2.609,-2.744
-2.6,-2.719
3.127,-2.934
2.826,-2.643
2.699,-2.891
2.181,-3.014
2.006,-2.987
1.404,-3.095
1.105,-2.609
0.884,-2.953
0.874,-3.01
0.746,-2.919
0.693,-2.967
0.682,-3.097
0.395,-2.972
0.307,-2.784
-0.132,-2.69
-0.707,-3.097
-1.409,-2.792
-1.682,-3.119
-2.229,-2.797
-2.308,-2.922
-2.521,1.466
2.868,1.58
1.601,1.452
1.311,1.69
0.36,1.602
0.166,1.468
-0.031,1.67
-0.301,1.5
-0.464,1.523
2.82,-0.427
2.812,0.786
1.173,-1.992
-1.635,-2.007
-2.977,-1.16
-3.001,-1.467
-0.544,0.38
-1.764,0.841
-2.094,0.15
-2.781,0.693
2.809,-0.79
2.515,-1.441
0.861,0.044
0.536,0.793
0.489,-0.026
0.542,-1.776
0.237,0.027
-0.97,0.674
-1.781,1.206
-2.184,-3.107
0.534,1.584
2.19,1.608
2.408,0.911
-0.03,-2.883
0.005,-0.638
0.001,-0.143
-0.014,-1.866
-0.109,0.678
-0.12,0.883
-0.134,-1.428
-0.168,-0.396
-0.225,0.396
-0.184,-1.182
-0.248,-0.169
-0.267,-1.937
-0.432,1.008
-0.47,-1.047
-0.406,-0.491
-0.41,-2.315
-0.489,0.068
-0.505,-1.837
-0.539,-0.491
-0.599,-0.038
-0.591,-1.865
-0.668,0.226
-0.658,-2.16
-0.722,-1.483
-0.763,-2.318
-0.9,-2.356
-0.96,-0.364
-1.003,-0.134
-0.988,-1.154
-1.013,0.533
-1.008,-0.078
-1.039,-0.046
-0.985,-0.275
-1.088,-2.432
-1.065,-1.071
-1.169,-0.935
-1.316,-0.361
-1.291,0.006
-1.377,-1.764
-1.484,-1.997
-1.521,-0.55
-1.635,-1.473
-1.657,-2.803
-1.851,-2.077
-1.868,-2.41
-1.856,-2.686
-1.902,-2.056
-2.134,1.035
-2.141,-0.796
-2.166,-2.346
-2.15,-0.348
-2.237,-0.831
-2.283,-2.696
-2.206,0.388
-2.241,-1.399
-2.245,-1.821
-2.344,-0.183
-2.299,-0.998
-2.362,-2.029
-2.322,-2.016
-2.339,-1.529
-2.35,-0.386
-2.426,-1.205
-2.438,-1.865
-2.452,-1.863
-2.392,-0.548
-2.474,-3.055
-2.495,-3.19
-2.594,-3.046
-2.73,-3.113
-2.704,-2.904
-2.816,-2.995
2.996,-2.914
3.059,-3.063
3.059,-3.0
2.985,-3.064
2.515,-2.999
1.673,-2.939
1.549,-3.201
1.271,-3.179
1.233,-3.172
0.88,-3.04
0.388,-3.004
-0.098,-3.01
-0.249,-3.214
-0.376,-3.217
-0.542,-2.966
-1.109,-3.175
-1.218,-3.209
-1.165,-3.002
-1.153,-2.929
-1.285,-3.031
-2.136,-3.361
-2.102,-3.206
-2.214,-3.36
-2.211,-3.266
-2.317,-3.325
-3.036,1.306
2.708,1.094
2.739,1.414
2.712,1.287
2.098,1.368
1.462,1.181
1.438,1.233
0.901,1.342
0.527,1.33
0.397,1.414
0.248,1.272
0.042,1.215
0.002,1.324
-0.325,1.317
-0.647,1.34
-1.394,1.238
-1.755,1.309
-1.919,1.221
-2.367,1.135
-2.374,-1.891
-2.79,-0.016
1.376,-2.063
1.199,-2.327
1.164,-0.066
1.07,0.249
-0.147,-2.504
-0.641,-0.878
-1.054,0.498
0.354,-3.425
-1.219,1.091
-2.416,-1.527
-2.418,-0.369
-2.618,-2.697
-2.597,-0.582
-2.592,-1.767
-2.61,-1.813
-2.84,-1.316
-2.847,0.008
-2.712,-2.549
-2.844,-0.833
-2.895,0.576
-2.909,-2.624
-2.961,-2.775
-3.013,-1.723
-3.034,-0.469
-2.903,-1.587
-3.069,-2.777
-2.978,-1.811
-3.091,-1.216
3.083,-1.702
-3.115,-1.125
3.136,0.477
3.011,-1.802
3.014,-1.372
3.109,-1.54
3.042,-1.195
2.857,-1.416
2.744,-2.804
2.73,-2.651
2.785,-2.174
2.651,-1.384
2.605,0.992
2.507,-1.201
2.413,-2.33
2.285,-1.04
2.169,-0.229
1.913,-2.168
1.937,-2.051
1.752,-0.371
1.895,1.018
1.714,-2.578
1.692,-1.139
1.715,-0.459
1.713,-1.187
1.669,-1.34
1.601,-0.138
1.512,-1.875
1.35,-0.342
1.343,-0.361
1.199,-1.362
1.223,-0.337
0.908,0.957
1.056,-0.043
0.874,-0.386
0.983,0.527
0.861,-0.309
0.765,0.902
0.754,-0.915
0.747,-2.266
0.841,0.554
0.678,-1.483
0.604,-2.703
0.727,-0.413
0.709,-1.146
0.72,-0.051
0.665,0.852
0.647,1.071
0.641,-1.255
0.604,-2.788
0.445,0.859
0.409,-0.71
0.404,-0.495
0.311,-0.813
0.303,-0.264
0.404,0.662
0.404,-0.785
0.212,-0.822
0.337,-0.439
0.21,-2.252
0.159,-1.28
0.142,-1.554
0.146,-2.873
-0.005,0.439
-0.029,-1.766
0.042,-2.714
-0.074,-1.898
-0.048,-0.207
-0.192,-0.506
-0.173,0.942
-0.224,-0.176
-0.348,-2.715
-0.252,-1.648
-0.402,-2.724
-0.448,0.428
-0.481,-2.734
-0.501,-0.582
-0.384,-2.097
-0.433,0.286
-0.653,0.832
-0.706,-0.009
-0.842,-1.485
-1.001,-1.065
-0.927,-0.83
-1.024,-0.143
-1.047,-1.069
-1.368,-1.24
-1.387,0.501
-1.279,-1.988
-1.327,0.416
-1.557,-1.976
-1.477,1.05
-1.9,-0.725
-1.931,-2.076
-1.932,-0.944
-1.83,-1.98
-1.845,-1.712
-2.038,-0.858
-2.006,-2.396
-2.157,0.992
-2.073,-1.061
-2.18,-1.191
-2.213,-1.161
-2.307,0.921
-2.341,0.349
-2.237,-1.252
-2.268,-0.543
-2.292,-0.568
-2.462,-0.916
-2.365,-1.768
-2.506,-3.016
-2.497,-2.991
-3.053,-3.206
2.929,-2.915
2.802,-3.163
2.284,-3.286
2.109,-3.259
1.507,-3.367
1.208,-2.881
0.987,-3.225
0.977,-3.282
0.849,-3.191
0.796,-3.239
0.785,-3.369
0.498,-3.244
0.41,-3.056
-0.029,-2.962
-0.604,-3.369
-1.306,-3.064
-1.579,-3.391
-2.126,-3.069
-2.205,-3.194
-2.418,1.194
2.971,1.308
1.704,1.18
1.414,1.418
0.463,1.33
0.269,1.196
0.072,1.398
-0.198,1.228
-0.361,1.251
2.923,-0.699
2.915,0.514
1.276,-2.264
-1.532,-2.279
-2.874,-1.432
-2.898,-1.739
-0.441,0.108
-1.661,0.569
-1.991,-0.122
-2.678,0.421
2.912,-1.062
2.618,-1.713
0.964,-0.228
0.639,0.521
0.592,-0.298
0.645,-2.048
0.34,-0.245
-0.867,0.402
-1.678,0.934
-2.081,-3.379
0.637,1.312
2.293,1.336
2.511,0.639
0.035,2.245
0.031,2.74
0.016,1.017
-0.079,3.561
-0.09,3.766
-0.104,1.455
-0.138,2.487
-0.195,3.279
-0.154,1.701
-0.218,2.714
-0.237,0.946
-0.402,3.891
-0.44,1.836
-0.376,2.392
-0.38,0.568
-0.459,2.951
-0.475,1.046
-0.509,2.392
-0.569,2.845
-0.561,1.018
-0.638,3.109
-0.628,0.723
-0.692,1.4
-0.733,0.565
-0.87,0.527
-0.93,2.519
-0.973,2.749
-0.958,1.729
-0.983,3.416
-0.978,2.805
-1.009,2.837
-0.955,2.608
-1.058,0.451
-1.035,1.812
-1.139,1.948
-1.286,2.522
-1.261,2.889
-1.347,1.119
-1.454,0.886
-1.491,2.333
-1.605,1.41
-1.627,0.08
-1.821,0.806
-1.838,0.473
-1.826,0.197
-1.872,0.827
-2.104,3.918
-2.111,2.087
-2.136,0.537
-2.12,2.535
-2.207,2.052
-2.253,0.187
-2.176,3.271
-2.211,1.484
-2.215,1.062
-2.314,2.7
-2.269,1.885
-2.332,0.854
-2.292,0.867
-2.309,1.354
-2.32,2.497
-2.396,1.678
-2.408,1.018
-2.422,1.02
-2.362,2.335
-2.444,-0.172
-2.465,-0.307
-2.564,-0.163
-2.7,-0.23
-2.674,-0.021
-2.786,-0.112
3.026,-0.031
3.089,-0.18
3.089,-0.117
3.015,-0.181
2.545,-0.116
1.703,-0.056
1.579,-0.318
1.301,-0.296
1.263,-0.289
0.91,-0.157
0.418,-0.121
-0.068,-0.127
-0.219,-0.331
-0.346,-0.334
-0.512,-0.083
-1.079,-0.292
-1.188,-0.326
-1.135,-0.119
-1.123,-0.046
-1.255,-0.148
-2.106,-0.478
-2.072,-0.323
-2.184,-0.477
-2.181,-0.383
-2.287,-0.442
-3.006,4.189
2.738,3.977
2.769,4.297
2.742,4.17
2.128,4.251
1.492,4.064
1.468,4.116
0.931,4.225
0.557,4.213
0.427,4.297
0.278,4.155
0.072,4.098
0.032,4.207
-0.295,4.2
-0.617,4.223
-1.364,4.121
-1.725,4.192
-1.889,4.104
-2.337,4.018
-2.344,0.992
-2.76,2.867
1.406,0.82
1.229,0.556
1.194,2.817
1.1,3.132
-0.117,0.379
-0.611,2.005
-1.024,3.381
0.384,-0.542
-1.189,3.974
-2.386,1.356
-2.388,2.514
-2.588,0.186
-2.567,2.301
-2.562,1.116
-2.58,1.07
-2.81,1.567
-2.817,2.891
-2.682,0.334
-2.814,2.05
-2.865,3.459
-2.879,0.259
-2.931,0.108
-2.983,1.16
-3.004,2.414
-2.873,1.296
-3.039,0.106
-2.948,1.072
-3.061,1.667
3.113,1.181
-3.085,1.758
-3.117,3.36
3.041,1.081
3.044,1.511
3.139,1.343
3.072,1.688
2.887,1.467
2.774,0.079
2.76,0.232
2.815,0.709
2.681,1.499
2.635,3.875
2.537,1.682
2.443,0.553
2.315,1.843
2.199,2.654
1.943,0.715
1.967,0.832
1.782,2.512
1.925,3.901
1.744,0.305
1.722,1.744
1.745,2.424
1.743,1.696
1.699,1.543
1.631,2.745
1.542,1.008
1.38,2.541
1.373,2.522
1.229,1.521
1.253,2.546
0.938,3.84
1.086,2.84
0.904,2.497
1.013,3.41
0.891,2.574
0.795,3.785
0.784,1.968
0.777,0.617
0.871,3.437
0.708,1.4
0.634,0.18
0.757,2.47
0.739,1.737
0.75,2.832
0.695,3.735
0.677,3.954
0.671,1.628
0.634,0.095
0.475,3.742
0.439,2.173
0.434,2.388
0.341,2.07
0.333,2.619
0.434,3.545
0.434,2.098
0.242,2.061
0.367,2.444
0.24,0.631
0.189,1.603
0.172,1.329
0.176,0.01
0.025,3.322
0.001,1.117
0.072,0.169
-0.044,0.985
-0.018,2.676
-0.162,2.377
-0.143,3.825
-0.194,2.707
-0.318,0.168
-0.222,1.235
-0.372,0.159
-0.418,3.311
-0.451,0.149
-0.471,2.301
-0.354,0.786
-0.403,3.169
-0.623,3.715
-0.676,2.874
-0.812,1.398
-0.971,1.818
-0.897,2.053
-0.994,2.74
-1.017,1.814
-1.338,1.643
-1.357,3.384
-1.249,0.895
-1.297,3.299
-1.527,0.907
-1.447,3.933
-1.87,2.158
-1.901,0.807
-1.902,1.939
-1.8,0.903
-1.815,1.171
-2.008,2.025
-1.976,0.487
-2.127,3.875
-2.043,1.822
-2.15,1.692
-2.183,1.722
-2.277,3.804
-2.311,3.232
-2.207,1.631
-2.238,2.34
-2.262,2.315
-2.432,1.967
-2.335,1.115
-2.476,-0.133
-2.467,-0.108
-3.023,-0.323
2.959,-0.032
2.832,-0.28
2.314,-0.403
2.139,-0.376
1.537,-0.484
1.238,0.002
1.017,-0.342
1.007,-0.399
0.879,-0.308
0.826,-0.356
0.815,-0.486
0.528,-0.361
0.44,-0.173
0.001,-0.079
-0.574,-0.486
-1.276,-0.181
-1.549,-0.508
-2.096,-0.186
-2.175,-0.311
-2.388,4.077
3.001,4.191
1.734,4.063
1.444,4.301
0.493,4.213
0.299,4.079
0.102,4.281
-0.168,4.111
-0.331,4.134
2.953,2.184
2.945,3.397
1.306,0.619
-1.502,0.604
-2.844,1.451
-2.868,1.144
-0.411,2.991
-1.631,3.452
-1.961,2.761
-2.648,3.304
2.942,1.821
2.648,1.17
0.994,2.655
0.669,3.404
0.622,2.585
0.675,0.835
0.37,2.638
-0.837,3.285
-1.648,3.817
-2.051,-0.496
0.667,4.195
2.323,4.219
2.541,3.522
-0.004,0.495
-0.019,-1.228
-0.114,1.316
-0.125,1.521
-0.139,-0.79
-0.173,0.242
-0.23,1.034
-0.189,-0.544
-0.253,0.469
-0.272,-1.299
-0.437,1.646
-0.475,-0.409
-0.411,0.147
-0.415,-1.677
-0.494,0.706
-0.51,-1.199
-0.544,0.147
-0.604,0.6
-0.596,-1.227
-0.673,0.864
-0.663,-1.522
-0.727,-0.845
-0.768,-1.68
-0.905,-1.718
-0.965,0.274
-1.008,0.504
-0.993,-0.516
-1.018,1.171
-1.013,0.56
-1.044,0.592
-0.99,0.363
-1.093,-1.794
-1.07,-0.433
-1.174,-0.297
-1.321,0.277
-1.296,0.644
-1.382,-1.126
-1.489,-1.359
-1.526,0.088
-1.64,-0.835
-1.662,-2.165
-1.856,-1.439
-1.873,-1.772
-1.861,-2.048
-1.907,-1.418
-2.139,1.673
-2.146,-0.158
-2.171,-1.708
-2.155,0.29
-2.242,-0.193
-2.288,-2.058
-2.211,1.026
-2.246,-0.761
-2.25,-1.183
-2.349,0.455
-2.304,-0.36
-2.367,-1.391
-2.327,-1.378
-2.344,-0.891
-2.355,0.252
-2.431,-0.567
-2.443,-1.227
-2.457,-1.225
-2.397,0.09
-2.479,-2.417
-2.5,-2.552
-2.599,-2.408
-2.735,-2.475
-2.709,-2.266
-2.821,-2.357
2.991,-2.276
3.054,-2.425
3.054,-2.362
2.98,-2.426
2.51,-2.361
1.668,-2.301
1.544,-2.563
1.266,-2.541
1.228,-2.534
0.875,-2.402
0.383,-2.366
-0.103,-2.372
-0.254,-2.576
-0.381,-2.579
-0.547,-2.328
-1.114,-2.537
-1.223,-2.571
-1.17,-2.364
-1.158,-2.291
-1.29,-2.393
-2.141,-2.723
-2.107,-2.568
-2.219,-2.722
-2.216,-2.628
-2.322,-2.687
-3.041,1.944
2.703,1.732
2.734,2.052
2.707,1.925
2.093,2.006
1.457,1.819
1.433,1.871
0.896,1.98
0.522,1.968
0.392,2.052
0.243,1.91
0.037,1.853
-0.003,1.962
-0.33,1.955
-0.652,1.978
-1.399,1.876
-1.76,1.947
-1.924,1.859
-2.372,1.773
-2.379,-1.253
-2.795,0.622
1.371,-1.425
1.194,-1.689
1.159,0.572
1.065,0.887
-0.152,-1.866
-0.646,-0.24
-1.059,1.136
0.349,-2.787
-1.224,1.729
-2.421,-0.889
-2.423,0.269
-2.623,-2.059
-2.602,0.056
-2.597,-1.129
-2.615,-1.175
-2.845,-0.678
-2.852,0.646
-2.717,-1.911
-2.849,-0.195
-2.9,1.214
-2.914,-1.986
-2.966,-2.137
-3.018,-1.085
-3.039,0.169
-2.908,-0.949
-3.074,-2.139
-2.983,-1.173
-3.096,-0.578
3.078,-1.064
-3.12,-0.487
3.131,1.115
3.006,-1.164
3.009,-0.734
3.104,-0.902
3.037,-0.557
2.852,-0.778
2.739,-2.166
2.725,-2.013
2.78,-1.536
2.646,-0.746
2.6,1.63
2.502,-0.563
2.408,-1.692
2.28,-0.402
2.164,0.409
1.908,-1.53
1.932,-1.413
1.747,0.267
1.89,1.656
1.709,-1.94
1.687,-0.501
1.71,0.179
1.708,-0.549
1.664,-0.702
1.596,0.5
1.507,-1.237
1.345,0.296
1.338,0.277
1.194,-0.724
1.218,0.301
0.903,1.595
1.051,0.595
0.869,0.252
0.978,1.165
0.856,0.329
0.76,1.54
0.749,-0.277
0.742,-1.628
0.836,1.192
0.673,-0.845
0.599,-2.065
0.722,0.225
0.704,-0.508
0.715,0.587
0.66,1.49
0.642,1.709
0.636,-0.617
0.599,-2.15
0.44,1.497
0.404,-0.072
0.399,0.143
0.306,-0.175
0.298,0.374
0.399,1.3
0.399,-0.147
0.207,-0.184
0.332,0.199
0.205,-1.614
0.154,-0.642
0.137,-0.916
0.141,-2.235
-0.01,1.077
-0.034,-1.128
0.037,-2.076
-0.079,-1.26
-0.053,0.431
-0.197,0.132
-0.178,1.58
-0.229,0.462
-0.353,-2.077
-0.257,-1.01
-0.407,-2.086
-0.453,1.066
-0.486,-2.096
-0.506,0.056
-0.389,-1.459
-0.438,0.924
-0.658,1.47
-0.711,0.629
-0.847,-0.847
-1.006,-0.427
-0.932,-0.192
-1.029,0.495
-1.052,-0.431
-1.373,-0.602
-1.392,1.139
-1.284,-1.35
-1.332,1.054
-1.562,-1.338
-1.482,1.688
-1.905,-0.087
-1.936,-1.438
-1.937,-0.306
-1.835,-1.342
-1.85,-1.074
-2.043,-0.22
-2.011,-1.758
-2.162,1.63
-2.078,-0.423
-2.185,-0.553
-2.218,-0.523
-2.312,1.559
-2.346,0.987
-2.242,-0.614
-2.273,0.095
-2.297,0.07
-2.467,-0.278
-2.37,-1.13
-2.511,-2.378
-2.502,-2.353
-3.058,-2.568
2.924,-2.277
2.797,-2.525
2.279,-2.648
2.104,-2.621
1.502,-2.729
1.203,-2.243
0.982,-2.587
0.972,-2.644
0.844,-2.553
0.791,-2.601
0.78,-2.731
0.493,-2.606
0.405,-2.418
-0.034,-2.324
-0.609,-2.731
-1.311,-2.426
-1.584,-2.753
-2.131,-2.431
-2.21,-2.556
-2.423,1.832
2.966,1.946
1.699,1.818
1.409,2.056
0.458,1.968
0.264,1.834
0.067,2.036
-0.203,1.866
-0.366,1.889
2.918,-0.061
2.91,1.152
1.271,-1.626
-1.537,-1.641
-2.879,-0.794
-2.903,-1.101
-0.446,0.746
-1.666,1.207
-1.996,0.516
-2.683,1.059
2.907,-0.424
2.613,-1.075
0.959,0.41
0.634,1.159
0.587,0.34
0.64,-1.41
0.335,0.393
-0.872,1.04
-1.683,1.572
-2.086,-2.741
0.632,1.95
2.288,1.974
2.506,1.277
-0.015,-1.723
-0.11,0.821
-0.121,1.026
-0.135,-1.285
-0.169,-0.253
-0.226,0.539
-0.185,-1.039
-0.249,-0.026
-0.268,-1.794
-0.433,1.151
-0.471,-0.904
-0.407,-0.348
-0.411,-2.172
-0.49,0.211
-0.506,-1.694
-0.54,-0.348
-0.6,0.105
-0.592,-1.722
-0.669,0.369
-0.659,-2.017
-0.723,-1.34
-0.764,-2.175
-0.901,-2.213
-0.961,-0.221
-1.004,0.009
-0.989,-1.011
-1.014,0.676
-1.009,0.065
-1.04,0.097
-0.986,-0.132
-1.089,-2.289
-1.066,-0.928
-1.17,-0.792
-1.317,-0.218
-1.292,0.149
-1.378,-1.621
-1.485,-1.854
-1.522,-0.407
-1.636,-1.33
-1.658,-2.66
-1.852,-1.934
-1.869,-2.267
-1.857,-2.543
-1.903,-1.913
-2.135,1.178
-2.142,-0.653
-2.167,-2.203
-2.151,-0.205
-2.238,-0.688
-2.284,-2.553
-2.207,0.531
-2.242,-1.256
-2.246,-1.678
-2.345,-0.04
-2.3,-0.855
-2.363,-1.886
-2.323,-1.873
-2.34,-1.386
-2.351,-0.243
-2.427,-1.062
-2.439,-1.722
-2.453,-1.72
-2.393,-0.405
-2.475,-2.912
-2.496,-3.047
-2.595,-2.903
-2.731,-2.97
-2.705,-2.761
-2.817,-2.852
2.995,-2.771
3.058,-2.92
3.058,-2.857
2.984,-2.921
2.514,-2.856
1.672,-2.796
1.548,-3.058
1.27,-3.036
1.232,-3.029
0.879,-2.897
0.387,-2.861
-0.099,-2.867
-0.25,-3.071
-0.377,-3.074
-0.543,-2.823
-1.11,-3.032
-1.219,-3.066
-1.166,-2.859
-1.154,-2.786
-1.286,-2.888
-2.137,-3.218
-2.103,-3.063
-2.215,-3.217
-2.212,-3.123
-2.318,-3.182
-3.037,1.449
2.707,1.237
2.738,1.557
2.711,1.43
2.097,1.511
1.461,1.324
1.437,1.376
0.9,1.485
0.526,1.473
0.396,1.557
0.247,1.415
0.041,1.358
0.001,1.467
-0.326,1.46
-0.648,1.483
-1.395,1.381
-1.756,1.452
-1.92,1.364
-2.368,1.278
-2.375,-1.748
-2.791,0.127
1.375,-1.92
1.198,-2.184
1.163,0.077
1.069,0.392
-0.148,-2.361
-0.642,-0.735
-1.055,0.641
0.353,-3.282
-1.22,1.234
-2.417,-1.384
-2.419,-0.226
-2.619,-2.554
-2.598,-0.439
-2.593,-1.624
-2.611,-1.67
-2.841,-1.173
-2.848,0.151
-2.713,-2.406
-2.845,-0.69
-2.896,0.719
-2.91,-2.481
-2.962,-2.632
-3.014,-1.58
-3.035,-0.326
-2.904,-1.444
-3.07,-2.634
-2.979,-1.668
-3.092,-1.073
3.082,-1.559
-3.116,-0.982
3.135,0.62
3.01,-1.659
3.013,-1.229
3.108,-1.397
3.041,-1.052
2.856,-1.273
2.743,-2.661
2.729,-2.508
2.784,-2.031
2.65,-1.241
2.604,1.135
2.506,-1.058
2.412,-2.187
2.284,-0.897
2.168,-0.086
1.912,-2.025
1.936,-1.908
1.751,-0.228
1.894,1.161
1.713,-2.435
1.691,-0.996
1.714,-0.316
1.712,-1.044
1.668,-1.197
1.6,0.005
1.511,-1.732
1.349,-0.199
1.342,-0.218
1.198,-1.219
1.222,-0.194
0.907,1.1
1.055,0.1
0.873,-0.243
0.982,0.67
0.86,-0.166
0.764,1.045
0.753,-0.772
0.746,-2.123
0.84,0.697
0.677,-1.34
0.603,-2.56
0.726,-0.27
0.708,-1.003
0.719,0.092
0.664,0.995
0.646,1.214
0.64,-1.112
0.603,-2.645
0.444,1.002
0.408,-0.567
0.403,-0.352
0.31,-0.67
0.302,-0.121
0.403,0.805
0.403,-0.642
0.211,-0.679
0.336,-0.296
0.209,-2.109
0.158,-1.137
0.141,-1.411
0.145,-2.73
-0.006,0.582
-0.03,-1.623
0.041,-2.571
-0.075,-1.755
-0.049,-0.064
-0.193,-0.363
-0.174,1.085
-0.225,-0.033
-0.349,-2.572
-0.253,-1.505
-0.403,-2.581
-0.449,0.571
-0.482,-2.591
-0.502,-0.439
-0.385,-1.954
-0.434,0.429
-0.654,0.975
-0.707,0.134
-0.843,-1.342
-1.002,-0.922
-0.928,-0.687
-1.025,0.0
-1.048,-0.926
-1.369,-1.097
-1.388,0.644
-1.28,-1.845
-1.328,0.559
-1.558,-1.833
-1.478,1.193
-1.901,-0.582
-1.932,-1.933
-1.933,-0.801
-1.831,-1.837
-1.846,-1.569
-2.039,-0.715
-2.007,-2.253
-2.158,1.135
-2.074,-0.918
-2.181,-1.048
-2.214,-1.018
-2.308,1.064
-2.342,0.492
-2.238,-1.109
-2.269,-0.4
-2.293,-0.425
-2.463,-0.773
-2.366,-1.625
-2.507,-2.873
-2.498,-2.848
-3.054,-3.063
2.928,-2.772
2.801,-3.02
2.283,-3.143
2.108,-3.116
1.506,-3.224
1.207,-2.738
0.986,-3.082
0.976,-3.139
0.848,-3.048
0.795,-3.096
0.784,-3.226
0.497,-3.101
0.409,-2.913
-0.03,-2.819
-0.605,-3.226
-1.307,-2.921
-1.58,-3.248
-2.127,-2.926
-2.206,-3.051
-2.419,1.337
2.97,1.451
1.703,1.323
1.413,1.561
0.462,1.473
0.268,1.339
0.071,1.541
-0.199,1.371
-0.362,1.394
2.922,-0.556
2.914,0.657
1.275,-2.121
-1.533,-2.136
-2.875,-1.289
-2.899,-1.596
-0.442,0.251
-1.662,0.712
-1.992,0.021
-2.679,0.564
2.911,-0.919
2.617,-1.57
0.963,-0.085
0.638,0.664
0.591,-0.155
0.644,-1.905
0.339,-0.102
-0.868,0.545
-1.679,1.077
-2.082,-3.236
0.636,1.455
2.292,1.479
2.51,0.782
-0.095,2.544
-0.106,2.749
-0.12,0.438
-0.154,1.47
-0.211,2.262
-0.17,0.684
-0.234,1.697
-0.253,-0.071
-0.418,2.874
-0.456,0.819
-0.392,1.375
-0.396,-0.449
-0.475,1.934
-0.491,0.029
-0.525,1.375
-0.585,1.828
-0.577,0.001
-0.654,2.092
-0.644,-0.294
-0.708,0.383
-0.749,-0.452
-0.886,-0.49
-0.946,1.502
-0.989,1.732
-0.974,0.712
-0.999,2.399
-0.994,1.788
-1.025,1.82
-0.971,1.591
-1.074,-0.566
-1.051,0.795
-1.155,0.931
-1.302,1.505
-1.277,1.872
-1.363,0.102
-1.47,-0.131
-1.507,1.316
-1.621,0.393
-1.643,-0.937
-1.837,-0.211
-1.854,-0.544
-1.842,-0.82
-1.888,-0.19
-2.12,2.901
-2.127,1.07
-2.152,-0.48
-2.136,1.518
-2.223,1.035
-2.269,-0.83
-2.192,2.254
-2.227,0.467
-2.231,0.045
-2.33,1.683
-2.285,0.868
-2.348,-0.163
-2.308,-0.15
-2.325,0.337
-2.336,1.48
-2.412,0.661
-2.424,0.001
-2.438,0.003
-2.378,1.318
-2.46,-1.189
-2.481,-1.324
-2.58,-1.18
-2.716,-1.247
-2.69,-1.038
-2.802,-1.129
3.01,-1.048
3.073,-1.197
3.073,-1.134
2.999,-1.198
2.529,-1.133
1.687,-1.073
1.563,-1.335
1.285,-1.313
1.247,-1.306
0.894,-1.174
0.402,-1.138
-0.084,-1.144
-0.235,-1.348
-0.362,-1.351
-0.528,-1.1
-1.095,-1.309
-1.204,-1.343
-1.151,-1.136
-1.139,-1.063
-1.271,-1.165
-2.122,-1.495
-2.088,-1.34
-2.2,-1.494
-2.197,-1.4
-2.303,-1.459
-3.022,3.172
2.722,2.96
2.753,3.28
2.726,3.153
2.112,3.234
1.476,3.047
1.452,3.099
0.915,3.208
0.541,3.196
0.411,3.28
0.262,3.138
0.056,3.081
0.016,3.19
-0.311,3.183
-0.633,3.206
-1.38,3.104
-1.741,3.175
-1.905,3.087
-2.353,3.001
-2.36,-0.025
-2.776,1.85
1.39,-0.197
1.213,-0.461
1.178,1.8
1.084,2.115
-0.133,-0.638
-0.627,0.988
-1.04,2.364
0.368,-1.559
-1.205,2.957
-2.402,0.339
-2.404,1.497
-2.604,-0.831
-2.583,1.284
-2.578,0.099
-2.596,0.053
-2.826,0.55
-2.833,1.874
-2.698,-0.683
-2.83,1.033
-2.881,2.442
-2.895,-0.758
-2.947,-0.909
-2.999,0.143
-3.02,1.397
-2.889,0.279
-3.055,-0.911
-2.964,0.055
-3.077,0.65
3.097,0.164
-3.101,0.741
-3.133,2.343
3.025,0.064
3.028,0.494
3.123,0.326
3.056,0.671
2.871,0.45
2.758,-0.938
2.744,-0.785
2.799,-0.308
2.665,0.482
2.619,2.858
2.521,0.665
2.427,-0.464
2.299,0.826
2.183,1.637
1.927,-0.302
1.951,-0.185
1.766,1.495
1.909,2.884
1.728,-0.712
1.706,0.727
1.729,1.407
1.727,0.679
1.683,0.526
1.615,1.728
1.526,-0.009
1.364,1.524
1.357,1.505
1.213,0.504
1.237,1.529
0.922,2.823
1.07,1.823
0.888,1.48
0.997,2.393
0.875,1.557
0.779,2.768
0.768,0.951
0.761,-0.4
0.855,2.42
0.692,0.383
0.618,-0.837
0.741,1.453
0.723,0.72
0.734,1.815
0.679,2.718
0.661,2.937
0.655,0.611
0.618,-0.922
0.459,2.725
0.423,1.156
0.418,1.371
0.325,1.053
0.317,1.602
0.418,2.528
0.418,1.081
0.226,1.044
0.351,1.427
0.224,-0.386
0.173,0.586
0.156,0.312
0.16,-1.007
0.009,2.305
-0.015,0.1
0.056,-0.848
-0.06,-0.032
-0.034,1.659
-0.178,1.36
-0.159,2.808
-0.21,1.69
-0.334,-0.849
-0.238,0.218
-0.388,-0.858
-0.434,2.294
-0.467,-0.868
-0.487,1.284
-0.37,-0.231
-0.419,2.152
-0.639,2.698
-0.692,1.857
-0.828,0.381
-0.987,0.801
-0.913,1.036
-1.01,1.723
-1.033,0.797
-1.354,0.626
-1.373,2.367
-1.265,-0.122
-1.313,2.282
-1.543,-0.11
-1.463,2.916
-1.886,1.141
-1.917,-0.21
-1.918,0.922
-1.816,-0.114
-1.831,0.154
-2.024,1.008
-1.992,-0.53
-2.143,2.858
-2.059,0.805
-2.166,0.675
-2.199,0.705
-2.293,2.787
-2.327,2.215
-2.223,0.614
-2.254,1.323
-2.278,1.298
-2.448,0.95
-2.351,0.098
-2.492,-1.15
-2.483,-1.125
-3.039,-1.34
2.943,-1.049
2.816,-1.297
2.298,-1.42
2.123,-1.393
1.521,-1.501
1.222,-1.015
1.001,-1.359
0.991,-1.416
0.863,-1.325
0.81,-1.373
0.799,-1.503
0.512,-1.378
0.424,-1.19
-0.015,-1.096
-0.59,-1.503
-1.292,-1.198
-1.565,-1.525
-2.112,-1.203
-2.191,-1.328
-2.404,3.06
2.985,3.174
1.718,3.046
1.428,3.284
0.477,3.196
0.283,3.062
0.086,3.264
-0.184,3.094
-0.347,3.117
2.937,1.167
2.929,2.38
1.29,-0.398
-1.518,-0.413
-2.86,0.434
-2.884,0.127
-0.427,1.974
-1.647,2.435
-1.977,1.744
-2.664,2.287
2.926,0.804
2.632,0.153
0.978,1.638
0.653,2.387
0.606,1.568
0.659,-0.182
0.354,1.621
-0.853,2.268
-1.664,2.8
-2.067,-1.513
0.651,3.178
2.307,3.202
2.525,2.505
-0.011,0.205
-0.025,-2.106
-0.059,-1.074
-0.116,-0.282
-0.075,-1.86
-0.139,-0.847
-0.158,-2.615
-0.323,0.33
-0.361,-1.725
-0.297,-1.169
-0.301,-2.993
-0.38,-0.61
-0.396,-2.515
-0.43,-1.169
-0.49,-0.716
-0.482,-2.543
-0.559,-0.452
-0.549,-2.838
-0.613,-2.161
-0.654,-2.996
-0.791,-3.034
-0.851,-1.042
-0.894,-0.812
-0.879,-1.832
-0.904,-0.145
-0.899,-0.756
-0.93,-0.724
-0.876,-0.953
-0.979,-3.11
-0.956,-1.749
-1.06,-1.613
-1.207,-1.039
-1.182,-0.672
-1.268,-2.442
-1.375,-2.675
-1.412,-1.228
-1.526,-2.151
-1.548,-3.481
-1.742,-2.755
-1.759,-3.088
-1.747,-3.364
-1.793,-2.734
-2.025,0.357
-2.032,-1.474
-2.057,-3.024
-2.041,-1.026
-2.128,-1.509
-2.174,-3.374
-2.097,-0.29
-2.132,-2.077
-2.136,-2.499
-2.235,-0.861
-2.19,-1.676
-2.253,-2.707
-2.213,-2.694
-2.23,-2.207
-2.241,-1.064
-2.317,-1.883
-2.329,-2.543
-2.343,-2.541
-2.283,-1.226
-2.365,-3.733
-2.386,-3.868
-2.485,-3.724
-2.621,-3.791
-2.595,-3.582
-2.707,-3.673
3.105,-3.592
-3.115,-3.741
-3.115,-3.678
3.094,-3.742
2.624,-3.677
1.782,-3.617
1.658,-3.879
1.38,-3.857
1.342,-3.85
0.989,-3.718
0.497,-3.682
0.011,-3.688
-0.14,-3.892
-0.267,-3.895
-0.433,-3.644
-1.0,-3.853
-1.109,-3.887
-1.056,-3.68
-1.044,-3.607
-1.176,-3.709
-2.027,-4.039
-1.993,-3.884
-2.105,-4.038
-2.102,-3.944
-2.208,-4.003
-2.927,0.628
2.817,0.416
2.848,0.736
2.821,0.609
2.207,0.69
1.571,0.503
1.547,0.555
1.01,0.664
0.636,0.652
0.506,0.736
0.357,0.594
0.151,0.537
0.111,0.646
-0.216,0.639
-0.538,0.662
-1.285,0.56
-1.646,0.631
-1.81,0.543
-2.258,0.457
-2.265,-2.569
-2.681,-0.694
1.485,-2.741
1.308,-3.005
1.273,-0.744
1.179,-0.429
-0.038,-3.182
-0.532,-1.556
-0.945,-0.18
0.463,-4.103
-1.11,0.413
-2.307,-2.205
-2.309,-1.047
-2.509,-3.375
-2.488,-1.26
-2.483,-2.445
-2.501,-2.491
-2.731,-1.994
-2.738,-0.67
-2.603,-3.227
-2.735,-1.511
-2.786,-0.102
-2.8,-3.302
-2.852,-3.453
-2.904,-2.401
-2.925,-1.147
-2.794,-2.265
-2.96,-3.455
-2.869,-2.489
-2.982,-1.894
-3.091,-2.38
-3.006,-1.803
-3.038,-0.201
3.12,-2.48
3.123,-2.05
-3.065,-2.218
-3.132,-1.873
2.966,-2.094
2.853,-3.482
2.839,-3.329
2.894,-2.852
2.76,-2.062
2.714,0.314
2.616,-1.879
2.522,-3.008
2.394,-1.718
2.278,-0.907
2.022,-2.846
2.046,-2.729
1.861,-1.049
2.004,0.34
1.823,-3.256
1.801,-1.817
1.824,-1.137
1.822,-1.865
1.778,-2.018
1.71,-0.816
1.621,-2.553
1.459,-1.02
1.452,-1.039
1.308,-2.04
1.332,-1.015
1.017,0.279
1.165,-0.721
0.983,-1.064
1.092,-0.151
0.97,-0.987
0.874,0.224
0.863,-1.593
0.856,-2.944
0.95,-0.124
0.787,-2.161
0.713,-3.381
0.836,-1.091
0.818,-1.824
0.829,-0.729
0.774,0.174
0.756,0.393
0.75,-1.933
0.713,-3.466
0.554,0.181
0.518,-1.388
0.513,-1.173
0.42,-1.491
0.412,-0.942
0.513,-0.016
0.513,-1.463
0.321,-1.5
0.446,-1.117
0.319,-2.93
0.268,-1.958
0.251,-2.232
0.255,-3.551
0.104,-0.239
0.08,-2.444
0.151,-3.392
0.035,-2.576
0.061,-0.885
-0.083,-1.184
-0.064,0.264
-0.115,-0.854
-0.239,-3.393
-0.143,-2.326
-0.293,-3.402
-0.339,-0.25
-0.372,-3.412
-0.392,-1.26
-0.275,-2.775
-0.324,-0.392
-0.544,0.154
-0.597,-0.687
-0.733,-2.163
-0.892,-1.743
-0.818,-1.508
-0.915,-0.821
-0.938,-1.747
-1.259,-1.918
-1.278,-0.177
-1.17,-2.666
-1.218,-0.262
-1.448,-2.654
-1.368,0.372
-1.791,-1.403
-1.822,-2.754
-1.823,-1.622
-1.721,-2.658
-1.736,-2.39
-1.929,-1.536
-1.897,-3.074
-2.048,0.314
-1.964,-1.739
-2.071,-1.869
-2.104,-1.839
-2.198,0.243
-2.232,-0.329
-2.128,-1.93
-2.159,-1.221
-2.183,-1.246
-2.353,-1.594
-2.256,-2.446
-2.397,-3.694
-2.388,-3.669
-2.944,-3.884
3.038,-3.593
2.911,-3.841
2.393,-3.964
2.218,-3.937
1.616,-4.045
1.317,-3.559
1.096,-3.903
1.086,-3.96
0.958,-3.869
0.905,-3.917
0.894,-4.047
0.607,-3.922
0.519,-3.734
0.08,-3.64
-0.495,-4.047
-1.197,-3.742
-1.47,-4.069
-2.017,-3.747
-2.096,-3.872
-2.309,0.516
3.08,0.63
1.813,0.502
1.523,0.74
0.572,0.652
0.378,0.518
0.181,0.72
-0.089,0.55
-0.252,0.573
3.032,-1.377
3.024,-0.164
1.385,-2.942
-1.423,-2.957
-2.765,-2.11
-2.789,-2.417
-0.332,-0.57
-1.552,-0.109
-1.882,-0.8
-2.569,-0.257
3.021,-1.74
2.727,-2.391
1.073,-0.906
0.748,-0.157
0.701,-0.976
0.754,-2.726
0.449,-0.923
-0.758,-0.276
-1.569,0.256
-1.972,-4.057
0.746,0.634
2.402,0.658
2.62,-0.039
-0.014,-2.311
-0.048,-1.279
-0.105,-0.487
-0.064,-2.065
-0.128,-1.052
-0.147,-2.82
-0.312,0.125
-0.35,-1.93
-0.286,-1.374
-0.29,-3.198
-0.369,-0.815
-0.385,-2.72
-0.419,-1.374
-0.479,-0.921
-0.471,-2.748
-0.548,-0.657
-0.538,-3.043
-0.602,-2.366
-0.643,-3.201
-0.78,-3.239
-0.84,-1.247
-0.883,-1.017
-0.868,-2.037
-0.893,-0.35
-0.888,-0.961
-0.919,-0.929
-0.865,-1.158
-0.968,-3.315
-0.945,-1.954
-1.049,-1.818
-1.196,-1.244
-1.171,-0.877
-1.257,-2.647
-1.364,-2.88
-1.401,-1.433
-1.515,-2.356
-1.537,-3.686
-1.731,-2.96
-1.748,-3.293
-1.736,-3.569
-1.782,-2.939
-2.014,0.152
-2.021,-1.679
-2.046,-3.229
-2.03,-1.231
-2.117,-1.714
-2.163,-3.579
-2.086,-0.495
-2.121,-2.282
-2.125,-2.704
-2.224,-1.066
-2.179,-1.881
-2.242,-2.912
-2.202,-2.899
-2.219,-2.412
-2.23,-1.269
-2.306,-2.088
-2.318,-2.748
-2.332,-2.746
-2.272,-1.431
-2.354,-3.938
-2.375,-4.073
-2.474,-3.929
-2.61,-3.996
-2.584,-3.787
-2.696,-3.878
3.116,-3.797
-3.104,-3.946
-3.104,-3.883
3.105,-3.947
2.635,-3.882
1.793,-3.822
1.669,-4.084
1.391,-4.062
1.353,-4.055
1.0,-3.923
0.508,-3.887
0.022,-3.893
-0.129,-4.097
-0.256,-4.1
-0.422,-3.849
-0.989,-4.058
-1.098,-4.092
-1.045,-3.885
-1.033,-3.812
-1.165,-3.914
-2.016,-4.244
-1.982,-4.089
-2.094,-4.243
-2.091,-4.149
-2.197,-4.208
-2.916,0.423
2.828,0.211
2.859,0.531
2.832,0.404
2.218,0.485
1.582,0.298
1.558,0.35
1.021,0.459
0.647,0.447
0.517,0.531
0.368,0.389
0.162,0.332
0.122,0.441
-0.205,0.434
-0.527,0.457
-1.274,0.355
-1.635,0.426
-1.799,0.338
-2.247,0.252
-2.254,-2.774
-2.67,-0.899
1.496,-2.946
1.319,-3.21
1.284,-0.949
1.19,-0.634
-0.027,-3.387
-0.521,-1.761
-0.934,-0.385
0.474,-4.308
-1.099,0.208
-2.296,-2.41
-2.298,-1.252
-2.498,-3.58
-2.477,-1.465
-2.472,-2.65
-2.49,-2.696
-2.72,-2.199
-2.727,-0.875
-2.592,-3.432
-2.724,-1.716
-2.775,-0.307
-2.789,-3.507
-2.841,-3.658
-2.893,-2.606
-2.914,-1.352
-2.783,-2.47
-2.949,-3.66
-2.858,-2.694
-2.971,-2.099
-3.08,-2.585
-2.995,-2.008
-3.027,-0.406
3.131,-2.685
3.134,-2.255
-3.054,-2.423
-3.121,-2.078
2.977,-2.299
2.864,-3.687
2.85,-3.534
2.905,-3.057
2.771,-2.267
2.725,0.109
2.627,-2.084
2.533,-3.213
2.405,-1.923
2.289,-1.112
2.033,-3.051
2.057,-2.934
1.872,-1.254
2.015,0.135
1.834,-3.461
1.812,-2.022
1.835,-1.342
1.833,-2.07
1.789,-2.223
1.721,-1.021
1.632,-2.758
1.47,-1.225
1.463,-1.244
1.319,-2.245
1.343,-1.22
1.028,0.074
1.176,-0.926
0.994,-1.269
1.103,-0.356
0.981,-1.192
0.885,0.019
0.874,-1.798
0.867,-3.149
0.961,-0.329
0.798,-2.366
0.724,-3.586
0.847,-1.296
0.829,-2.029
0.84,-0.934
0.785,-0.031
0.767,0.188
0.761,-2.138
0.724,-3.671
0.565,-0.024
0.529,-1.593
0.524,-1.378
0.431,-1.696
0.423,-1.147
0.524,-0.221
0.524,-1.668
0.332,-1.705
0.457,-1.322
0.33,-3.135
0.279,-2.163
0.262,-2.437
0.266,-3.756
0.115,-0.444
0.091,-2.649
0.162,-3.597
0.046,-2.781
0.072,-1.09
-0.072,-1.389
-0.053,0.059
-0.104,-1.059
-0.228,-3.598
-0.132,-2.531
-0.282,-3.607
-0.328,-0.455
-0.361,-3.617
-0.381,-1.465
-0.264,-2.98
-0.313,-0.597
-0.533,-0.051
-0.586,-0.892
-0.722,-2.368
-0.881,-1.948
-0.807,-1.713
-0.904,-1.026
-0.927,-1.952
-1.248,-2.123
-1.267,-0.382
-1.159,-2.871
-1.207,-0.467
-1.437,-2.859
-1.357,0.167
-1.78,-1.608
-1.811,-2.959
-1.812,-1.827
-1.71,-2.863
-1.725,-2.595
-1.918,-1.741
-1.886,-3.279
-2.037,0.109
-1.953,-1.944
-2.06,-2.074
-2.093,-2.044
-2.187,0.038
-2.221,-0.534
-2.117,-2.135
-2.148,-1.426
-2.172,-1.451
-2.342,-1.799
-2.245,-2.651
-2.386,-3.899
-2.377,-3.874
-2.933,-4.089
3.049,-3.798
2.922,-4.046
2.404,-4.169
2.229,-4.142
1.627,-4.25
1.328,-3.764
1.107,-4.108
1.097,-4.165
0.969,-4.074
0.916,-4.122
0.905,-4.252
0.618,-4.127
0.53,-3.939
0.091,-3.845
-0.484,-4.252
-1.186,-3.947
-1.459,-4.274
-2.006,-3.952
-2.085,-4.077
-2.298,0.311
3.091,0.425
1.824,0.297
1.534,0.535
0.583,0.447
0.389,0.313
0.192,0.515
-0.078,0.345
-0.241,0.368
3.043,-1.582
3.035,-0.369
1.396,-3.147
-1.412,-3.162
-2.754,-2.315
-2.778,-2.622
-0.321,-0.775
-1.541,-0.314
-1.871,-1.005
-2.558,-0.462
3.032,-1.945
2.738,-2.596
1.084,-1.111
0.759,-0.362
0.712,-1.181
0.765,-2.931
0.46,-1.128
-0.747,-0.481
-1.558,0.051
-1.961,-4.262
0.757,0.429
2.413,0.453
2.631,-0.244
-0.034,1.032
-0.091,1.824
-0.05,0.246
-0.114,1.259
-0.133,-0.509
-0.298,2.436
-0.336,0.381
-0.272,0.937
-0.276,-0.887
-0.355,1.496
-0.371,-0.409
-0.405,0.937
-0.465,1.39
-0.457,-0.437
-0.534,1.654
-0.524,-0.732
-0.588,-0.055
-0.629,-0.89
-0.766,-0.928
-0.826,1.064
-0.869,1.294
-0.854,0.274
-0.879,1.961
-0.874,1.35
-0.905,1.382
-0.851,1.153
-0.954,-1.004
-0.931,0.357
-1.035,0.493
-1.182,1.067
-1.157,1.434
-1.243,-0.336
-1.35,-0.569
-1.387,0.878
-1.501,-0.045
-1.523,-1.375
-1.717,-0.649
-1.734,-0.982
-1.722,-1.258
-1.768,-0.628
-2.0,2.463
-2.007,0.632
-2.032,-0.918
-2.016,1.08
-2.103,0.597
-2.149,-1.268
-2.072,1.816
-2.107,0.029
-2.111,-0.393
-2.21,1.245
-2.165,0.43
-2.228,-0.601
-2.188,-0.588
-2.205,-0.101
-2.216,1.042
-2.292,0.223
-2.304,-0.437
-2.318,-0.435
-2.258,0.88
-2.34,-1.627
-2.361,-1.762
-2.46,-1.618
-2.596,-1.685
-2.57,-1.476
-2.682,-1.567
3.13,-1.486
-3.09,-1.635
-3.09,-1.572
3.119,-1.636
2.649,-1.571
1.807,-1.511
1.683,-1.773
1.405,-1.751
1.367,-1.744
1.014,-1.612
0.522,-1.576
0.036,-1.582
-0.115,-1.786
-0.242,-1.789
-0.408,-1.538
-0.975,-1.747
-1.084,-1.781
-1.031,-1.574
-1.019,-1.501
-1.151,-1.603
-2.002,-1.933
-1.968,-1.778
-2.08,-1.932
-2.077,-1.838
-2.183,-1.897
-2.902,2.734
2.842,2.522
2.873,2.842
2.846,2.715
2.232,2.796
1.596,2.609
1.572,2.661
1.035,2.77
0.661,2.758
0.531,2.842
0.382,2.7
0.176,2.643
0.136,2.752
-0.191,2.745
-0.513,2.768
-1.26,2.666
-1.621,2.737
-1.785,2.649
-2.233,2.563
-2.24,-0.463
-2.656,1.412
1.51,-0.635
1.333,-0.899
1.298,1.362
1.204,1.677
-0.013,-1.076
-0.507,0.55
-0.92,1.926
0.488,-1.997
-1.085,2.519
-2.282,-0.099
-2.284,1.059
-2.484,-1.269
-2.463,0.846
-2.458,-0.339
-2.476,-0.385
-2.706,0.112
-2.713,1.436
-2.578,-1.121
-2.71,0.595
-2.761,2.004
-2.775,-1.196
-2.827,-1.347
-2.879,-0.295
-2.9,0.959
-2.769,-0.159
-2.935,-1.349
-2.844,-0.383
-2.957,0.212
-3.066,-0.274
-2.981,0.303
-3.013,1.905
-3.138,-0.374
-3.135,0.056
-3.04,-0.112
-3.107,0.233
2.991,0.012
2.878,-1.376
2.864,-1.223
2.919,-0.746
2.785,0.044
2.739,2.42
2.641,0.227
2.547,-0.902
2.419,0.388
2.303,1.199
2.047,-0.74
2.071,-0.623
1.886,1.057
2.029,2.446
1.848,-1.15
1.826,0.289
1.849,0.969
1.847,0.241
1.803,0.088
1.735,1.29
1.646,-0.447
1.484,1.086
1.477,1.067
1.333,0.066
1.357,1.091
1.042,2.385
1.19,1.385
1.008,1.042
1.117,1.955
0.995,1.119
0.899,2.33
0.888,0.513
0.881,-0.838
0.975,1.982
0.812,-0.055
0.738,-1.275
0.861,1.015
0.843,0.282
0.854,1.377
0.799,2.28
0.781,2.499
0.775,0.173
0.738,-1.36
0.579,2.287
0.543,0.718
0.538,0.933
0.445,0.615
0.437,1.164
0.538,2.09
0.538,0.643
0.346,0.606
0.471,0.989
0.344,-0.824
0.293,0.148
0.276,-0.126
0.28,-1.445
0.129,1.867
0.105,-0.338
0.176,-1.286
0.06,-0.47
0.086,1.221
-0.058,0.922
-0.039,2.37
-0.09,1.252
-0.214,-1.287
-0.118,-0.22
-0.268,-1.296
-0.314,1.856
-0.347,-1.306
-0.367,0.846
-0.25,-0.669
-0.299,1.714
-0.519,2.26
-0.572,1.419
-0.708,-0.057
-0.867,0.363
-0.793,0.598
-0.89,1.285
-0.913,0.359
-1.234,0.188
-1.253,1.929
-1.145,-0.56
-1.193,1.844
-1.423,-0.548
-1.343,2.478
-1.766,0.703
-1.797,-0.648
-1.798,0.484
-1.696,-0.552
-1.711,-0.284
-1.904,0.57
-1.872,-0.968
-2.023,2.42
-1.939,0.367
-2.046,0.237
-2.079,0.267
-2.173,2.349
-2.207,1.777
-2.103,0.176
-2.134,0.885
-2.158,0.86
-2.328,0.512
-2.231,-0.34
-2.372,-1.588
-2.363,-1.563
-2.919,-1.778
3.063,-1.487
2.936,-1.735
2.418,-1.858
2.243,-1.831
1.641,-1.939
1.342,-1.453
1.121,-1.797
1.111,-1.854
0.983,-1.763
0.93,-1.811
0.919,-1.941
0.632,-1.816
0.544,-1.628
0.105,-1.534
-0.47,-1.941
-1.172,-1.636
-1.445,-1.963
-1.992,-1.641
-2.071,-1.766
-2.284,2.622
3.105,2.736
1.838,2.608
1.548,2.846
0.597,2.758
0.403,2.624
0.206,2.826
-0.064,2.656
-0.227,2.679
3.057,0.729
3.049,1.942
1.41,-0.836
-1.398,-0.851
-2.74,-0.004
-2.764,-0.311
-0.307,1.536
-1.527,1.997
-1.857,1.306
-2.544,1.849
3.046,0.366
2.752,-0.285
1.098,1.2
0.773,1.949
0.726,1.13
0.779,-0.62
0.474,1.183
-0.733,1.83
-1.544,2.362
-1.947,-1.951
0.771,2.74
2.427,2.764
2.645,2.067
-0.057,0.792
-0.016,-0.786
-0.08,0.227
-0.099,-1.541
-0.264,1.404
-0.302,-0.651
-0.238,-0.095
-0.242,-1.919
-0.321,0.464
-0.337,-1.441
-0.371,-0.095
-0.431,0.358
-0.423,-1.469
-0.5,0.622
-0.49,-1.764
-0.554,-1.087
-0.595,-1.922
-0.732,-1.96
-0.792,0.032
-0.835,0.262
-0.82,-0.758
-0.845,0.929
-0.84,0.318
-0.871,0.35
-0.817,0.121
-0.92,-2.036
-0.897,-0.675
-1.001,-0.539
-1.148,0.035
-1.123,0.402
-1.209,-1.368
-1.316,-1.601
-1.353,-0.154
-1.467,-1.077
-1.489,-2.407
-1.683,-1.681
-1.7,-2.014
-1.688,-2.29
-1.734,-1.66
-1.966,1.431
-1.973,-0.4
-1.998,-1.95
-1.982,0.048
-2.069,-0.435
-2.115,-2.3
-2.038,0.784
-2.073,-1.003
-2.077,-1.425
-2.176,0.213
-2.131,-0.602
-2.194,-1.633
-2.154,-1.62
-2.171,-1.133
-2.182,0.01
-2.258,-0.809
-2.27,-1.469
-2.284,-1.467
-2.224,-0.152
-2.306,-2.659
-2.327,-2.794
-2.426,-2.65
-2.562,-2.717
-2.536,-2.508
-2.648,-2.599
-3.119,-2.518
-3.056,-2.667
-3.056,-2.604
-3.13,-2.668
2.683,-2.603
1.841,-2.543
1.717,-2.805
1.439,-2.783
1.401,-2.776
1.048,-2.644
0.556,-2.608
0.07,-2.614
-0.081,-2.818
-0.208,-2.821
-0.374,-2.57
-0.941,-2.779
-1.05,-2.813
-0.997,-2.606
-0.985,-2.533
-1.117,-2.635
-1.968,-2.965
-1.934,-2.81
-2.046,-2.964
-2.043,-2.87
-2.149,-2.929
-2.868,1.702
2.876,1.49
2.907,1.81
2.88,1.683
2.266,1.764
1.63,1.577
1.606,1.629
1.069,1.738
0.695,1.726
0.565,1.81
0.416,1.668
0.21,1.611
0.17,1.72
-0.157,1.713
-0.479,1.736
-1.226,1.634
-1.587,1.705
-1.751,1.617
-2.199,1.531
-2.206,-1.495
-2.622,0.38
1.544,-1.667
1.367,-1.931
1.332,0.33
1.238,0.645
0.021,-2.108
-0.473,-0.482
-0.886,0.894
0.522,-3.029
-1.051,1.487
-2.248,-1.131
-2.25,0.027
-2.45,-2.301
-2.429,-0.186
-2.424,-1.371
-2.442,-1.417
-2.672,-0.92
-2.679,0.404
-2.544,-2.153
-2.676,-0.437
-2.727,0.972
-2.741,-2.228
-2.793,-2.379
-2.845,-1.327
-2.866,-0.073
-2.735,-1.191
-2.901,-2.381
-2.81,-1.415
-2.923,-0.82
-3.032,-1.306
-2.947,-0.729
-2.979,0.873
-3.104,-1.406
-3.101,-0.976
-3.006,-1.144
-3.073,-0.799
3.025,-1.02
2.912,-2.408
2.898,-2.255
2.953,-1.778
2.819,-0.988
2.773,1.388
2.675,-0.805
2.581,-1.934
2.453,-0.644
2.337,0.167
2.081,-1.772
2.105,-1.655
1.92,0.025
2.063,1.414
1.882,-2.182
1.86,-0.743
1.883,-0.063
1.881,-0.791
1.837,-0.944
1.769,0.258
1.68,-1.479
1.518,0.054
1.511,0.035
1.367,-0.966
1.391,0.059
1.076,1.353
1.224,0.353
1.042,0.01
1.151,0.923
1.029,0.087
0.933,1.298
0.922,-0.519
0.915,-1.87
1.009,0.95
0.846,-1.087
0.772,-2.307
0.895,-0.017
0.877,-0.75
0.888,0.345
0.833,1.248
0.815,1.467
0.809,-0.859
0.772,-2.392
0.613,1.255
0.577,-0.314
0.572,-0.099
0.479,-0.417
0.471,0.132
0.572,1.058
0.572,-0.389
0.38,-0.426
0.505,-0.043
0.378,-1.856
0.327,-0.884
0.31,-1.158
0.314,-2.477
0.163,0.835
0.139,-1.37
0.21,-2.318
0.094,-1.502
0.12,0.189
-0.024,-0.11
-0.005,1.338
-0.056,0.22
-0.18,-2.319
-0.084,-1.252
-0.234,-2.328
-0.28,0.824
-0.313,-2.338
-0.333,-0.186
-0.216,-1.701
-0.265,0.682
-0.485,1.228
-0.538,0.387
-0.674,-1.089
-0.833,-0.669
-0.759,-0.434
-0.856,0.253
-0.879,-0.673
-1.2,-0.844
-1.219,0.897
-1.111,-1.592
-1.159,0.812
-1.389,-1.58
-1.309,1.446
-1.732,-0.329
-1.763,-1.68
-1.764,-0.548
-1.662,-1.584
-1.677,-1.316
-1.87,-0.462
-1.838,-2.0
-1.989,1.388
-1.905,-0.665
-2.012,-0.795
-2.045,-0.765
-2.139,1.317
-2.173,0.745
-2.069,-0.856
-2.1,-0.147
-2.124,-0.172
-2.294,-0.52
-2.197,-1.372
-2.338,-2.62
-2.329,-2.595
-2.885,-2.81
3.097,-2.519
2.97,-2.767
2.452,-2.89
2.277,-2.863
1.675,-2.971
1.376,-2.485
1.155,-2.829
1.145,-2.886
1.017,-2.795
0.964,-2.843
0.953,-2.973
0.666,-2.848
0.578,-2.66
0.139,-2.566
-0.436,-2.973
-1.138,-2.668
-1.411,-2.995
-1.958,-2.673
-2.037,-2.798
-2.25,1.59
3.139,1.704
1.872,1.576
1.582,1.814
0.631,1.726
0.437,1.592
0.24,1.794
-0.03,1.624
-0.193,1.647
3.091,-0.303
3.083,0.91
1.444,-1.868
-1.364,-1.883
-2.706,-1.036
-2.73,-1.343
-0.273,0.504
-1.493,0.965
-1.823,0.274
-2.51,0.817
3.08,-0.666
2.786,-1.317
1.132,0.168
0.807,0.917
0.76,0.098
0.813,-1.652
0.508,0.151
-0.699,0.798
-1.51,1.33
-1.913,-2.983
0.805,1.708
2.461,1.732
2.679,1.035
0.041,-1.578
-0.023,-0.565
-0.042,-2.333
-0.207,0.612
-0.245,-1.443
-0.181,-0.887
-0.185,-2.711
-0.264,-0.328
-0.28,-2.233
-0.314,-0.887
-0.374,-0.434
-0.366,-2.261
-0.443,-0.17
-0.433,-2.556
-0.497,-1.879
-0.538,-2.714
-0.675,-2.752
-0.735,-0.76
-0.778,-0.53
-0.763,-1.55
-0.788,0.137
-0.783,-0.474
-0.814,-0.442
-0.76,-0.671
-0.863,-2.828
-0.84,-1.467
-0.944,-1.331
-1.091,-0.757
-1.066,-0.39
-1.152,-2.16
-1.259,-2.393
-1.296,-0.946
-1.41,-1.869
-1.432,-3.199
-1.626,-2.473
-1.643,-2.806
-1.631,-3.082
-1.677,-2.452
-1.909,0.639
-1.916,-1.192
-1.941,-2.742
-1.925,-0.744
-2.012,-1.227
-2.058,-3.092
-1.981,-0.008
-2.016,-1.795
-2.02,-2.217
-2.119,-0.579
-2.074,-1.394
-2.137,-2.425
-2.097,-2.412
-2.114,-1.925
-2.125,-0.782
-2.201,-1.601
-2.213,-2.261
-2.227,-2.259
-2.167,-0.944
-2.249,-3.451
-2.27,-3.586
-2.369,-3.442
-2.505,-3.509
-2.479,-3.3
-2.591,-3.391
-3.062,-3.31
-2.999,-3.459
-2.999,-3.396
-3.073,-3.46
2.74,-3.395
1.898,-3.335
1.774,-3.597
1.496,-3.575
1.458,-3.568
1.105,-3.436
0.613,-3.4
0.127,-3.406
-0.024,-3.61
-0.151,-3.613
-0.317,-3.362
-0.884,-3.571
-0.993,-3.605
-0.94,-3.398
-0.928,-3.325
-1.06,-3.427
-1.911,-3.757
-1.877,-3.602
-1.989,-3.756
-1.986,-3.662
-2.092,-3.721
-2.811,0.91
2.933,0.698
2.964,1.018
2.937,0.891
2.323,0.972
1.687,0.785
1.663,0.837
1.126,0.946
0.752,0.934
0.622,1.018
0.473,0.876
0.267,0.819
0.227,0.928
-0.1,0.921
-0.422,0.944
-1.169,0.842
-1.53,0.913
-1.694,0.825
-2.142,0.739
-2.149,-2.287
-2.565,-0.412
1.601,-2.459
1.424,-2.723
1.389,-0.462
1.295,-0.147
0.078,-2.9
-0.416,-1.274
-0.829,0.102
0.579,-3.821
-0.994,0.695
-2.191,-1.923
-2.193,-0.765
-2.393,-3.093
-2.372,-0.978
-2.367,-2.163
-2.385,-2.209
-2.615,-1.712
-2.622,-0.388
-2.487,-2.945
-2.619,-1.229
-2.67,0.18
-2.684,-3.02
-2.736,-3.171
-2.788,-2.119
-2.809,-0.865
-2.678,-1.983
-2.844,-3.173
-2.753,-2.207
-2.866,-1.612
-2.975,-2.098
-2.89,-1.521
-2.922,0.081
-3.047,-2.198
-3.044,-1.768
-2.949,-1.936
-3.016,-1.591
3.082,-1.812
2.969,-3.2
2.955,-3.047
3.01,-2.57
2.876,-1.78
2.83,0.596
2.732,-1.597
2.638,-2.726
2.51,-1.436
2.394,-0.625
2.138,-2.564
2.162,-2.447
1.977,-0.767
2.12,0.622
1.939,-2.974
1.917,-1.535
1.94,-0.855
1.938,-1.583
1.894,-1.736
1.826,-0.534
1.737,-2.271
1.575,-0.738
1.568,-0.757
1.424,-1.758
1.448,-0.733
1.133,0.561
1.281,-0.439
1.099,-0.782
1.208,0.131
1.086,-0.705
0.99,0.506
0.979,-1.311
0.972,-2.662
1.066,0.158
0.903,-1.879
0.829,-3.099
0.952,-0.809
0.934,-1.542
0.945,-0.447
0.89,0.456
0.872,0.675
0.866,-1.651
0.829,-3.184
0.67,0.463
0.634,-1.106
0.629,-0.891
0.536,-1.209
0.528,-0.66
0.629,0.266
0.629,-1.181
0.437,-1.218
0.562,-0.835
0.435,-2.648
0.384,-1.676
0.367,-1.95
0.371,-3.269
0.22,0.043
0.196,-2.162
0.267,-3.11
0.151,-2.294
0.177,-0.603
0.033,-0.902
0.052,0.546
0.001,-0.572
-0.123,-3.111
-0.027,-2.044
-0.177,-3.12
-0.223,0.032
-0.256,-3.13
-0.276,-0.978
-0.159,-2.493
-0.208,-0.11
-0.428,0.436
-0.481,-0.405
-0.617,-1.881
-0.776,-1.461
-0.702,-1.226
-0.799,-0.539
-0.822,-1.465
-1.143,-1.636
-1.162,0.105
-1.054,-2.384
-1.102,0.02
-1.332,-2.372
-1.252,0.654
-1.675,-1.121
-1.706,-2.472
-1.707,-1.34
-1.605,-2.376
-1.62,-2.108
-1.813,-1.254
-1.781,-2.792
-1.932,0.596
-1.848,-1.457
-1.955,-1.587
-1.988,-1.557
-2.082,0.525
-2.116,-0.047
-2.012,-1.648
-2.043,-0.939
-2.067,-0.964
-2.237,-1.312
-2.14,-2.164
-2.281,-3.412
-2.272,-3.387
-2.828,-3.602
-3.129,-3.311
3.027,-3.559
2.509,-3.682
2.334,-3.655
1.732,-3.763
1.433,-3.277
1.212,-3.621
1.202,-3.678
1.074,-3.587
1.021,-3.635
1.01,-3.765
0.723,-3.64
0.635,-3.452
0.196,-3.358
-0.379,-3.765
-1.081,-3.46
-1.354,-3.787
-1.901,-3.465
-1.98,-3.59
-2.193,0.798
-3.087,0.912
1.929,0.784
1.639,1.022
0.688,0.934
0.494,0.8
0.297,1.002
0.027,0.832
-0.136,0.855
-3.135,-1.095
3.14,0.118
1.501,-2.66
-1.307,-2.675
-2.649,-1.828
-2.673,-2.135
-0.216,-0.288
-1.436,0.173
-1.766,-0.518
-2.453,0.025
3.137,-1.458
2.843,-2.109
1.189,-0.624
0.864,0.125
0.817,-0.694
0.87,-2.444
0.565,-0.641
-0.642,0.006
-1.453,0.538
-1.856,-3.775
0.862,0.916
2.518,0.94
2.736,0.243
-0.064,1.013
-0.083,-0.755
-0.248,2.19
-0.286,0.135
-0.222,0.691
-0.226,-1.133
-0.305,1.25
-0.321,-0.655
-0.355,0.691
-0.415,1.144
-0.407,-0.683
-0.484,1.408
-0.474,-0.978
-0.538,-0.301
-0.579,-1.136
-0.716,-1.174
-0.776,0.818
-0.819,1.048
-0.804,0.028
-0.829,1.715
-0.824,1.104
-0.855,1.136
-0.801,0.907
-0.904,-1.25
-0.881,0.111
-0.985,0.247
-1.132,0.821
-1.107,1.188
-1.193,-0.582
-1.3,-0.815
-1.337,0.632
-1.451,-0.291
-1.473,-1.621
-1.667,-0.895
-1.684,-1.228
-1.672,-1.504
-1.718,-0.874
-1.95,2.217
-1.957,0.386
-1.982,-1.164
-1.966,0.834
-2.053,0.351
-2.099,-1.514
-2.022,1.57
-2.057,-0.217
-2.061,-0.639
-2.16,0.999
-2.115,0.184
-2.178,-0.847
-2.138,-0.834
-2.155,-0.347
-2.166,0.796
-2.242,-0.023
-2.254,-0.683
-2.268,-0.681
-2.208,0.634
-2.29,-1.873
-2.311,-2.008
-2.41,-1.864
-2.546,-1.931
-2.52,-1.722
-2.632,-1.813
-3.103,-1.732
-3.04,-1.881
-3.04,-1.818
-3.114,-1.882
2.699,-1.817
1.857,-1.757
1.733,-2.019
1.455,-1.997
1.417,-1.99
1.064,-1.858
0.572,-1.822
0.086,-1.828
-0.065,-2.032
-0.192,-2.035
-0.358,-1.784
-0.925,-1.993
-1.034,-2.027
-0.981,-1.82
-0.969,-1.747
-1.101,-1.849
-1.952,-2.179
-1.918,-2.024
-2.03,-2.178
-2.027,-2.084
-2.133,-2.143
-2.852,2.488
2.892,2.276
2.923,2.596
2.896,2.469
2.282,2.55
1.646,2.363
1.622,2.415
1.085,2.524
0.711,2.512
0.581,2.596
0.432,2.454
0.226,2.397
0.186,2.506
-0.141,2.499
-0.463,2.522
-1.21,2.42
-1.571,2.491
-1.735,2.403
-2.183,2.317
-2.19,-0.709
-2.606,1.166
1.56,-0.881
1.383,-1.145
1.348,1.116
1.254,1.431
0.037,-1.322
-0.457,0.304
-0.87,1.68
0.538,-2.243
-1.035,2.273
-2.232,-0.345
-2.234,0.813
-2.434,-1.515
-2.413,0.6
-2.408,-0.585
-2.426,-0.631
-2.656,-0.134
-2.663,1.19
-2.528,-1.367
-2.66,0.349
-2.711,1.758
-2.725,-1.442
-2.777,-1.593
-2.829,-0.541
-2.85,0.713
-2.719,-0.405
-2.885,-1.595
-2.794,-0.629
-2.907,-0.034
-3.016,-0.52
-2.931,0.057
-2.963,1.659
-3.088,-0.62
-3.085,-0.19
-2.99,-0.358
-3.057,-0.013
3.041,-0.234
2.928,-1.622
2.914,-1.469
2.969,-0.992
2.835,-0.202
2.789,2.174
2.691,-0.019
2.597,-1.148
2.469,0.142
2.353,0.953
2.097,-0.986
2.121,-0.869
1.936,0.811
2.079,2.2
1.898,-1.396
1.876,0.043
1.899,0.723
1.897,-0.005
1.853,-0.158
1.785,1.044
1.696,-0.693
1.534,0.84
1.527,0.821
1.383,-0.18
1.407,0.845
1.092,2.139
1.24,1.139
1.058,0.796
1.167,1.709
1.045,0.873
0.949,2.084
0.938,0.267
0.931,-1.084
1.025,1.736
0.862,-0.301
0.788,-1.521
0.911,0.769
0.893,0.036
0.904,1.131
0.849,2.034
0.831,2.253
0.825,-0.073
0.788,-1.606
0.629,2.041
0.593,0.472
0.588,0.687
0.495,0.369
0.487,0.918
0.588,1.844
0.588,0.397
0.396,0.36
0.521,0.743
0.394,-1.07
0.343,-0.098
0.326,-0.372
0.33,-1.691
0.179,1.621
0.155,-0.584
0.226,-1.532
0.11,-0.716
0.136,0.975
-0.008,0.676
0.011,2.124
-0.04,1.006
-0.164,-1.533
-0.068,-0.466
-0.218,-1.542
-0.264,1.61
-0.297,-1.552
-0.317,0.6
-0.2,-0.915
-0.249,1.468
-0.469,2.014
-0.522,1.173
-0.658,-0.303
-0.817,0.117
-0.743,0.352
-0.84,1.039
-0.863,0.113
-1.184,-0.058
-1.203,1.683
-1.095,-0.806
-1.143,1.598
-1.373,-0.794
-1.293,2.232
-1.716,0.457
-1.747,-0.894
-1.748,0.238
-1.646,-0.798
-1.661,-0.53
-1.854,0.324
-1.822,-1.214
-1.973,2.174
-1.889,0.121
-1.996,-0.009
-2.029,0.021
-2.123,2.103
-2.157,1.531
-2.053,-0.07
-2.084,0.639
-2.108,0.614
-2.278,0.266
-2.181,-0.586
-2.322,-1.834
-2.313,-1.809
-2.869,-2.024
3.113,-1.733
2.986,-1.981
2.468,-2.104
2.293,-2.077
1.691,-2.185
1.392,-1.699
1.171,-2.043
1.161,-2.1
1.033,-2.009
0.98,-2.057
0.969,-2.187
0.682,-2.062
0.594,-1.874
0.155,-1.78
-0.42,-2.187
-1.122,-1.882
-1.395,-2.209
-1.942,-1.887
-2.021,-2.012
-2.234,2.376
-3.128,2.49
1.888,2.362
1.598,2.6
0.647,2.512
0.453,2.378
0.256,2.58
-0.014,2.41
-0.177,2.433
3.107,0.483
3.099,1.696
1.46,-1.082
-1.348,-1.097
-2.69,-0.25
-2.714,-0.557
-0.257,1.29
-1.477,1.751
-1.807,1.06
-2.494,1.603
3.096,0.12
2.802,-0.531
1.148,0.954
0.823,1.703
0.776,0.884
0.829,-0.866
0.524,0.937
-0.683,1.584
-1.494,2.116
-1.897,-2.197
0.821,2.494
2.477,2.518
2.695,1.821
-0.019,-1.768
-0.184,1.177
-0.222,-0.878
-0.158,-0.322
-0.162,-2.146
-0.241,0.237
-0.257,-1.668
-0.291,-0.322
-0.351,0.131
-0.343,-1.696
-0.42,0.395
-0.41,-1.991
-0.474,-1.314
-0.515,-2.149
-0.652,-2.187
-0.712,-0.195
-0.755,0.035
-0.74,-0.985
-0.765,0.702
-0.76,0.091
-0.791,0.123
-0.737,-0.106
-0.84,-2.263
-0.817,-0.902
-0.921,-0.766
-1.068,-0.192
-1.043,0.175
-1.129,-1.595
-1.236,-1.828
-1.273,-0.381
-1.387,-1.304
-1.409,-2.634
-1.603,-1.908
-1.62,-2.241
-1.608,-2.517
-1.654,-1.887
-1.886,1.204
-1.893,-0.627
-1.918,-2.177
-1.902,-0.179
-1.989,-0.662
-2.035,-2.527
-1.958,0.557
-1.993,-1.23
-1.997,-1.652
-2.096,-0.014
-2.051,-0.829
-2.114,-1.86
-2.074,-1.847
-2.091,-1.36
-2.102,-0.217
-2.178,-1.036
-2.19,-1.696
-2.204,-1.694
-2.144,-0.379
-2.226,-2.886
-2.247,-3.021
-2.346,-2.877
-2.482,-2.944
-2.456,-2.735
-2.568,-2.826
-3.039,-2.745
-2.976,-2.894
-2.976,-2.831
-3.05,-2.895
2.763,-2.83
1.921,-2.77
1.797,-3.032
1.519,-3.01
1.481,-3.003
1.128,-2.871
0.636,-2.835
0.15,-2.841
-0.001,-3.045
-0.128,-3.048
-0.294,-2.797
-0.861,-3.006
-0.97,-3.04
-0.917,-2.833
-0.905,-2.76
-1.037,-2.862
-1.888,-3.192
-1.854,-3.037
-1.966,-3.191
-1.963,-3.097
-2.069,-3.156
-2.788,1.475
2.956,1.263
2.987,1.583
2.96,1.456
2.346,1.537
1.71,1.35
1.686,1.402
1.149,1.511
0.775,1.499
0.645,1.583
0.496,1.441
0.29,1.384
0.25,1.493
-0.077,1.486
-0.399,1.509
-1.146,1.407
-1.507,1.478
-1.671,1.39
-2.119,1.304
-2.126,-1.722
-2.542,0.153
1.624,-1.894
1.447,-2.158
1.412,0.103
1.318,0.418
0.101,-2.335
-0.393,-0.709
-0.806,0.667
0.602,-3.256
-0.971,1.26
-2.168,-1.358
-2.17,-0.2
-2.37,-2.528
-2.349,-0.413
-2.344,-1.598
-2.362,-1.644
-2.592,-1.147
-2.599,0.177
-2.464,-2.38
-2.596,-0.664
-2.647,0.745
-2.661,-2.455
-2.713,-2.606
-2.765,-1.554
-2.786,-0.3
-2.655,-1.418
-2.821,-2.608
-2.73,-1.642
-2.843,-1.047
-2.952,-1.533
-2.867,-0.956
-2.899,0.646
-3.024,-1.633
-3.021,-1.203
-2.926,-1.371
-2.993,-1.026
3.105,-1.247
2.992,-2.635
2.978,-2.482
3.033,-2.005
2.899,-1.215
2.853,1.161
2.755,-1.032
2.661,-2.161
2.533,-0.871
2.417,-0.06
2.161,-1.999
2.185,-1.882
2.0,-0.202
2.143,1.187
1.962,-2.409
1.94,-0.97
1.963,-0.29
1.961,-1.018
1.917,-1.171
1.849,0.031
1.76,-1.706
1.598,-0.173
1.591,-0.192
1.447,-1.193
1.471,-0.168
1.156,1.126
1.304,0.126
1.122,-0.217
1.231,0.696
1.109,-0.14
1.013,1.071
1.002,-0.746
0.995,-2.097
1.089,0.723
0.926,-1.314
0.852,-2.534
0.975,-0.244
0.957,-0.977
0.968,0.118
0.913,1.021
0.895,1.24
0.889,-1.086
0.852,-2.619
0.693,1.028
0.657,-0.541
0.652,-0.326
0.559,-0.644
0.551,-0.095
0.652,0.831
0.652,-0.616
0.46,-0.653
0.585,-0.27
0.458,-2.083
0.407,-1.111
0.39,-1.385
0.394,-2.704
0.243,0.608
0.219,-1.597
0.29,-2.545
0.174,-1.729
0.2,-0.038
0.056,-0.337
0.075,1.111
0.024,-0.007
-0.1,-2.546
-0.004,-1.479
-0.154,-2.555
-0.2,0.597
-0.233,-2.565
-0.253,-0.413
-0.136,-1.928
-0.185,0.455
-0.405,1.001
-0.458,0.16
-0.594,-1.316
-0.753,-0.896
-0.679,-0.661
-0.776,0.026
-0.799,-0.9
-1.12,-1.071
-1.139,0.67
-1.031,-1.819
-1.079,0.585
-1.309,-1.807
-1.229,1.219
-1.652,-0.556
-1.683,-1.907
-1.684,-0.775
-1.582,-1.811
-1.597,-1.543
-1.79,-0.689
-1.758,-2.227
-1.909,1.161
-1.825,-0.892
-1.932,-1.022
-1.965,-0.992
-2.059,1.09
-2.093,0.518
-1.989,-1.083
-2.02,-0.374
-2.044,-0.399
-2.214,-0.747
-2.117,-1.599
-2.258,-2.847
-2.249,-2.822
-2.805,-3.037
-3.106,-2.746
3.05,-2.994
2.532,-3.117
2.357,-3.09
1.755,-3.198
1.456,-2.712
1.235,-3.056
1.225,-3.113
1.097,-3.022
1.044,-3.07
1.033,-3.2
0.746,-3.075
0.658,-2.887
0.219,-2.793
-0.356,-3.2
-1.058,-2.895
-1.331,-3.222
-1.878,-2.9
-1.957,-3.025
-2.17,1.363
-3.064,1.477
1.952,1.349
1.662,1.587
0.711,1.499
0.517,1.365
0.32,1.567
0.05,1.397
-0.113,1.42
-3.112,-0.53
-3.12,0.683
1.524,-2.095
-1.284,-2.11
-2.626,-1.263
-2.65,-1.57
-0.193,0.277
-1.413,0.738
-1.743,0.047
-2.43,0.59
-3.123,-0.893
2.866,-1.544
1.212,-0.059
0.887,0.69
0.84,-0.129
0.893,-1.879
0.588,-0.076
-0.619,0.571
-1.43,1.103
-1.833,-3.21
0.885,1.481
2.541,1.505
2.759,0.808
-0.165,2.945
-0.203,0.89
-0.139,1.446
-0.143,-0.378
-0.222,2.005
-0.238,0.1
-0.272,1.446
-0.332,1.899
-0.324,0.072
-0.401,2.163
-0.391,-0.223
-0.455,0.454
-0.496,-0.381
-0.633,-0.419
-0.693,1.573
-0.736,1.803
-0.721,0.783
-0.746,2.47
-0.741,1.859
-0.772,1.891
-0.718,1.662
-0.821,-0.495
-0.798,0.866
-0.902,1.002
-1.049,1.576
-1.024,1.943
-1.11,0.173
-1.217,-0.06
-1.254,1.387
-1.368,0.464
-1.39,-0.866
-1.584,-0.14
-1.601,-0.473
-1.589,-0.749
-1.635,-0.119
-1.867,2.972
-1.874,1.141
-1.899,-0.409
-1.883,1.589
-1.97,1.106
-2.016,-0.759
-1.939,2.325
-1.974,0.538
-1.978,0.116
-2.077,1.754
-2.032,0.939
-2.095,-0.092
-2.055,-0.079
-2.072,0.408
-2.083,1.551
-2.159,0.732
-2.171,0.072
-2.185,0.074
-2.125,1.389
-2.207,-1.118
-2.228,-1.253
-2.327,-1.109
-2.463,-1.176
-2.437,-0.967
-2.549,-1.058
-3.02,-0.977
-2.957,-1.126
-2.957,-1.063
-3.031,-1.127
2.782,-1.062
1.94,-1.002
1.816,-1.264
1.538,-1.242
1.5,-1.235
1.147,-1.103
0.655,-1.067
0.169,-1.073
0.018,-1.277
-0.109,-1.28
-0.275,-1.029
-0.842,-1.238
-0.951,-1.272
-0.898,-1.065
-0.886,-0.992
-1.018,-1.094
-1.869,-1.424
-1.835,-1.269
-1.947,-1.423
-1.944,-1.329
-2.05,-1.388
-2.769,3.243
2.975,3.031
3.006,3.351
2.979,3.224
2.365,3.305
1.729,3.118
1.705,3.17
1.168,3.279
0.794,3.267
0.664,3.351
0.515,3.209
0.309,3.152
0.269,3.261
-0.058,3.254
-0.38,3.277
-1.127,3.175
-1.488,3.246
-1.652,3.158
-2.1,3.072
-2.107,0.046
-2.523,1.921
1.643,-0.126
1.466,-0.39
1.431,1.871
1.337,2.186
0.12,-0.567
-0.374,1.059
-0.787,2.435
0.621,-1.488
-0.952,3.028
-2.149,0.41
-2.151,1.568
-2.351,-0.76
-2.33,1.355
-2.325,0.17
-2.343,0.124
-2.573,0.621
-2.58,1.945
-2.445,-0.612
-2.577,1.104
-2.628,2.513
-2.642,-0.687
-2.694,-0.838
-2.746,0.214
-2.767,1.468
-2.636,0.35
-2.802,-0.84
-2.711,0.126
-2.824,0.721
-2.933,0.235
-2.848,0.812
-2.88,2.414
-3.005,0.135
-3.002,0.565
-2.907,0.397
-2.974,0.742
3.124,0.521
3.011,-0.867
2.997,-0.714
3.052,-0.237
2.918,0.553
2.872,2.929
2.774,0.736
2.68,-0.393
2.552,0.897
2.436,1.708
2.18,-0.231
2.204,-0.114
2.019,1.566
2.162,2.955
1.981,-0.641
1.959,0.798
1.982,1.478
1.98,0.75
1.936,0.597
1.868,1.799
1.779,0.062
1.617,1.595
1.61,1.576
1.466,0.575
1.49,1.6
1.175,2.894
1.323,1.894
1.141,1.551
1.25,2.464
1.128,1.628
1.032,2.839
1.021,1.022
1.014,-0.329
1.108,2.491
0.945,0.454
0.871,-0.766
0.994,1.524
0.976,0.791
0.987,1.886
0.932,2.789
0.914,3.008
0.908,0.682
0.871,-0.851
0.712,2.796
0.676,1.227
0.671,1.442
0.578,1.124
0.57,1.673
0.671,2.599
0.671,1.152
0.479,1.115
0.604,1.498
0.477,-0.315
0.426,0.657
0.409,0.383
0.413,-0.936
0.262,2.376
0.238,0.171
0.309,-0.777
0.193,0.039
0.219,1.73
0.075,1.431
0.094,2.879
0.043,1.761
-0.081,-0.778
0.015,0.289
-0.135,-0.787
-0.181,2.365
-0.214,-0.797
-0.234,1.355
-0.117,-0.16
-0.166,2.223
-0.386,2.769
-0.439,1.928
-0.575,0.452
-0.734,0.872
-0.66,1.107
-0.757,1.794
-0.78,0.868
-1.101,0.697
-1.12,2.438
-1.012,-0.051
-1.06,2.353
-1.29,-0.039
-1.21,2.987
-1.633,1.212
-1.664,-0.139
-1.665,0.993
-1.563,-0.043
-1.578,0.225
-1.771,1.079
-1.739,-0.459
-1.89,2.929
-1.806,0.876
-1.913,0.746
-1.946,0.776
-2.04,2.858
-2.074,2.286
-1.97,0.685
-2.001,1.394
-2.025,1.369
-2.195,1.021
-2.098,0.169
-2.239,-1.079
-2.23,-1.054
-2.786,-1.269
-3.087,-0.978
3.069,-1.226
2.551,-1.349
2.376,-1.322
1.774,-1.43
1.475,-0.944
1.254,-1.288
1.244,-1.345
1.116,-1.254
1.063,-1.302
1.052,-1.432
0.765,-1.307
0.677,-1.119
0.238,-1.025
-0.337,-1.432
-1.039,-1.127
-1.312,-1.454
-1.859,-1.132
-1.938,-1.257
-2.151,3.131
-3.045,3.245
1.971,3.117
1.681,3.355
0.73,3.267
0.536,3.133
0.339,3.335
0.069,3.165
-0.094,3.188
-3.093,1.238
-3.101,2.451
1.543,-0.327
-1.265,-0.342
-2.607,0.505
-2.631,0.198
-0.174,2.045
-1.394,2.506
-1.724,1.815
-2.411,2.358
-3.104,0.875
2.885,0.224
1.231,1.709
0.906,2.458
0.859,1.639
0.912,-0.111
0.607,1.692
-0.6,2.339
-1.411,2.871
-1.814,-1.442
0.904,3.249
2.56,3.273
2.778,2.576
-0.038,-2.055
0.026,-1.499
0.022,-3.323
-0.057,-0.94
-0.073,-2.845
-0.107,-1.499
-0.167,-1.046
-0.159,-2.873
-0.236,-0.782
-0.226,-3.168
-0.29,-2.491
-0.331,-3.326
-0.468,-3.364
-0.528,-1.372
-0.571,-1.142
-0.556,-2.162
-0.581,-0.475
-0.576,-1.086
-0.607,-1.054
-0.553,-1.283
-0.656,-3.44
-0.633,-2.079
-0.737,-1.943
-0.884,-1.369
-0.859,-1.002
-0.945,-2.772
-1.052,-3.005
-1.089,-1.558
-1.203,-2.481
-1.225,-3.811
-1.419,-3.085
-1.436,-3.418
-1.424,-3.694
-1.47,-3.064
-1.702,0.027
-1.709,-1.804
-1.734,-3.354
-1.718,-1.356
-1.805,-1.839
-1.851,-3.704
-1.774,-0.62
-1.809,-2.407
-1.813,-2.829
-1.912,-1.191
-1.867,-2.006
-1.93,-3.037
-1.89,-3.024
-1.907,-2.537
-1.918,-1.394
-1.994,-2.213
-2.006,-2.873
-2.02,-2.871
-1.96,-1.556
-2.042,-4.063
-2.063,-4.198
-2.162,-4.054
-2.298,-4.121
-2.272,-3.912
-2.384,-4.003
-2.855,-3.922
-2.792,-4.071
-2.792,-4.008
-2.866,-4.072
2.947,-4.007
2.105,-3.947
1.981,-4.209
1.703,-4.187
1.665,-4.18
1.312,-4.048
0.82,-4.012
0.334,-4.018
0.183,-4.222
0.056,-4.225
-0.11,-3.974
-0.677,-4.183
-0.786,-4.217
-0.733,-4.01
-0.721,-3.937
-0.853,-4.039
-1.704,-4.369
-1.67,-4.214
-1.782,-4.368
-1.779,-4.274
-1.885,-4.333
-2.604,0.298
3.14,0.086
-3.112,0.406
-3.139,0.279
2.53,0.36
1.894,0.173
1.87,0.225
1.333,0.334
0.959,0.322
0.829,0.406
0.68,0.264
0.474,0.207
0.434,0.316
0.107,0.309
-0.215,0.332
-0.962,0.23
-1.323,0.301
-1.487,0.213
-1.935,0.127
-1.942,-2.899
-2.358,-1.024
1.808,-3.071
1.631,-3.335
1.596,-1.074
1.502,-0.759
0.285,-3.512
-0.209,-1.886
-0.622,-0.51
0.786,-4.433
-0.787,0.083
-1.984,-2.535
-1.986,-1.377
-2.186,-3.705
-2.165,-1.59
-2.16,-2.775
-2.178,-2.821
-2.408,-2.324
-2.415,-1.0
-2.28,-3.557
-2.412,-1.841
-2.463,-0.432
-2.477,-3.632
-2.529,-3.783
-2.581,-2.731
-2.602,-1.477
-2.471,-2.595
-2.637,-3.785
-2.546,-2.819
-2.659,-2.224
-2.768,-2.71
-2.683,-2.133
-2.715,-0.531
-2.84,-2.81
-2.837,-2.38
-2.742,-2.548
-2.809,-2.203
-2.994,-2.424
-3.107,-3.812
-3.121,-3.659
-3.066,-3.182
3.083,-2.392
3.037,-0.016
2.939,-2.209
2.845,-3.338
2.717,-2.048
2.601,-1.237
2.345,-3.176
2.369,-3.059
2.184,-1.379
2.327,0.01
2.146,-3.586
2.124,-2.147
2.147,-1.467
2.145,-2.195
2.101,-2.348
2.033,-1.146
1.944,-2.883
1.782,-1.35
1.775,-1.369
1.631,-2.37
1.655,-1.345
1.34,-0.051
1.488,-1.051
1.306,-1.394
1.415,-0.481
1.293,-1.317
1.197,-0.106
1.186,-1.923
1.179,-3.274
1.273,-0.454
1.11,-2.491
1.036,-3.711
1.159,-1.421
1.141,-2.154
1.152,-1.059
1.097,-0.156
1.079,0.063
1.073,-2.263
1.036,-3.796
0.877,-0.149
0.841,-1.718
0.836,-1.503
0.743,-1.821
0.735,-1.272
0.836,-0.346
0.836,-1.793
0.644,-1.83
0.769,-1.447
0.642,-3.26
0.591,-2.288
0.574,-2.562
0.578,-3.881
0.427,-0.569
0.403,-2.774
0.474,-3.722
0.358,-2.906
0.384,-1.215
0.24,-1.514
0.259,-0.066
0.208,-1.184
0.084,-3.723
0.18,-2.656
0.03,-3.732
-0.016,-0.58
-0.049,-3.742
-0.069,-1.59
0.048,-3.105
-0.001,-0.722
-0.221,-0.176
-0.274,-1.017
-0.41,-2.493
-0.569,-2.073
-0.495,-1.838
-0.592,-1.151
-0.615,-2.077
-0.936,-2.248
-0.955,-0.507
-0.847,-2.996
-0.895,-0.592
-1.125,-2.984
-1.045,0.042
-1.468,-1.733
-1.499,-3.084
-1.5,-1.952
-1.398,-2.988
-1.413,-2.72
-1.606,-1.866
-1.574,-3.404
-1.725,-0.016
-1.641,-2.069
-1.748,-2.199
-1.781,-2.169
-1.875,-0.087
-1.909,-0.659
-1.805,-2.26
-1.836,-1.551
-1.86,-1.576
-2.03,-1.924
-1.933,-2.776
-2.074,-4.024
-2.065,-3.999
-2.621,-4.214
-2.922,-3.923
-3.049,-4.171
2.716,-4.294
2.541,-4.267
1.939,-4.375
1.64,-3.889
1.419,-4.233
1.409,-4.29
1.281,-4.199
1.228,-4.247
1.217,-4.377
0.93,-4.252
0.842,-4.064
0.403,-3.97
-0.172,-4.377
-0.874,-4.072
-1.147,-4.399
-1.694,-4.077
-1.773,-4.202
-1.986,0.186
-2.88,0.3
2.136,0.172
1.846,0.41
0.895,0.322
0.701,0.188
0.504,0.39
0.234,0.22
0.071,0.243
-2.928,-1.707
-2.936,-0.494
1.708,-3.272
-1.1,-3.287
-2.442,-2.44
-2.466,-2.747
-0.009,-0.9
-1.229,-0.439
-1.559,-1.13
-2.246,-0.587
-2.939,-2.07
3.05,-2.721
1.396,-1.236
1.071,-0.487
1.024,-1.306
1.077,-3.056
0.772,-1.253
-0.435,-0.606
-1.246,-0.074
-1.649,-4.387
1.069,0.304
2.725,0.328
2.943,-0.369
0.064,0.556
0.06,-1.268
-0.019,1.115
-0.035,-0.79
-0.069,0.556
-0.129,1.009
-0.121,-0.818
-0.198,1.273
-0.188,-1.113
-0.252,-0.436
-0.293,-1.271
-0.43,-1.309
-0.49,0.683
-0.533,0.913
-0.518,-0.107
-0.543,1.58
-0.538,0.969
-0.569,1.001
-0.515,0.772
-0.618,-1.385
-0.595,-0.024
-0.699,0.112
-0.846,0.686
-0.821,1.053
-0.907,-0.717
-1.014,-0.95
-1.051,0.497
-1.165,-0.426
-1.187,-1.756
-1.381,-1.03
-1.398,-1.363
-1.386,-1.639
-1.432,-1.009
-1.664,2.082
-1.671,0.251
-1.696,-1.299
-1.68,0.699
-1.767,0.216
-1.813,-1.649
-1.736,1.435
-1.771,-0.352
-1.775,-0.774
-1.874,0.864
-1.829,0.049
-1.892,-0.982
-1.852,-0.969
-1.869,-0.482
-1.88,0.661
-1.956,-0.158
-1.968,-0.818
-1.982,-0.816
-1.922,0.499
-2.004,-2.008
-2.025,-2.143
-2.124,-1.999
-2.26,-2.066
-2.234,-1.857
-2.346,-1.948
-2.817,-1.867
-2.754,-2.016
-2.754,-1.953
-2.828,-2.017
2.985,-1.952
2.143,-1.892
2.019,-2.154
1.741,-2.132
1.703,-2.125
1.35,-1.993
0.858,-1.957
0.372,-1.963
0.221,-2.167
0.094,-2.17
-0.072,-1.919
-0.639,-2.128
-0.748,-2.162
-0.695,-1.955
-0.683,-1.882
-0.815,-1.984
-1.666,-2.314
-1.632,-2.159
-1.744,-2.313
-1.741,-2.219
-1.847,-2.278
-2.566,2.353
-3.105,2.141
-3.074,2.461
-3.101,2.334
2.568,2.415
1.932,2.228
1.908,2.28
1.371,2.389
0.997,2.377
0.867,2.461
0.718,2.319
0.512,2.262
0.472,2.371
0.145,2.364
-0.177,2.387
-0.924,2.285
-1.285,2.356
-1.449,2.268
-1.897,2.182
-1.904,-0.844
-2.32,1.031
1.846,-1.016
1.669,-1.28
1.634,0.981
1.54,1.296
0.323,-1.457
-0.171,0.169
-0.584,1.545
0.824,-2.378
-0.749,2.138
-1.946,-0.48
-1.948,0.678
-2.148,-1.65
-2.127,0.465
-2.122,-0.72
-2.14,-0.766
-2.37,-0.269
-2.377,1.055
-2.242,-1.502
-2.374,0.214
-2.425,1.623
-2.439,-1.577
-2.491,-1.728
-2.543,-0.676
-2.564,0.578
-2.433,-0.54
-2.599,-1.73
-2.508,-0.764
-2.621,-0.169
-2.73,-0.655
-2.645,-0.078
-2.677,1.524
-2.802,-0.755
-2.799,-0.325
-2.704,-0.493
-2.771,-0.148
-2.956,-0.369
-3.069,-1.757
-3.083,-1.604
-3.028,-1.127
3.121,-0.337
3.075,2.039
2.977,-0.154
2.883,-1.283
2.755,0.007
2.639,0.818
2.383,-1.121
2.407,-1.004
2.222,0.676
2.365,2.065
2.184,-1.531
2.162,-0.092
2.185,0.588
2.183,-0.14
2.139,-0.293
2.071,0.909
1.982,-0.828
1.82,0.705
1.813,0.686
1.669,-0.315
1.693,0.71
1.378,2.004
1.526,1.004
1.344,0.661
1.453,1.574
1.331,0.738
1.235,1.949
1.224,0.132
1.217,-1.219
1.311,1.601
1.148,-0.436
1.074,-1.656
1.197,0.634
1.179,-0.099
1.19,0.996
1.135,1.899
1.117,2.118
1.111,-0.208
1.074,-1.741
0.915,1.906
0.879,0.337
0.874,0.552
0.781,0.234
0.773,0.783
0.874,1.709
0.874,0.262
0.682,0.225
0.807,0.608
0.68,-1.205
0.629,-0.233
0.612,-0.507
0.616,-1.826
0.465,1.486
0.441,-0.719
0.512,-1.667
0.396,-0.851
0.422,0.84
0.278,0.541
0.297,1.989
0.246,0.871
0.122,-1.668
0.218,-0.601
0.068,-1.677
0.022,1.475
-0.011,-1.687
-0.031,0.465
0.086,-1.05
0.037,1.333
-0.183,1.879
-0.236,1.038
-0.372,-0.438
-0.531,-0.018
-0.457,0.217
-0.554,0.904
-0.577,-0.022
-0.898,-0.193
-0.917,1.548
-0.809,-0.941
-0.857,1.463
-1.087,-0.929
-1.007,2.097
-1.43,0.322
-1.461,-1.029
-1.462,0.103
-1.36,-0.933
-1.375,-0.665
-1.568,0.189
-1.536,-1.349
-1.687,2.039
-1.603,-0.014
-1.71,-0.144
-1.743,-0.114
-1.837,1.968
-1.871,1.396
-1.767,-0.205
-1.798,0.504
-1.822,0.479
-1.992,0.131
-1.895,-0.721
-2.036,-1.969
-2.027,-1.944
-2.583,-2.159
-2.884,-1.868
-3.011,-2.116
2.754,-2.239
2.579,-2.212
1.977,-2.32
1.678,-1.834
1.457,-2.178
1.447,-2.235
1.319,-2.144
1.266,-2.192
1.255,-2.322
0.968,-2.197
0.88,-2.009
0.441,-1.915
-0.134,-2.322
-0.836,-2.017
-1.109,-2.344
-1.656,-2.022
-1.735,-2.147
-1.948,2.241
-2.842,2.355
2.174,2.227
1.884,2.465
0.933,2.377
0.739,2.243
0.542,2.445
0.272,2.275
0.109,2.298
-2.89,0.348
-2.898,1.561
1.746,-1.217
-1.062,-1.232
-2.404,-0.385
-2.428,-0.692
0.029,1.155
-1.191,1.616
-1.521,0.925
-2.208,1.468
-2.901,-0.015
3.088,-0.666
1.434,0.819
1.109,1.568
1.062,0.749
1.115,-1.001
0.81,0.802
-0.397,1.449
-1.208,1.981
-1.611,-2.332
1.107,2.359
2.763,2.383
2.981,1.686
-0.004,-1.824
-0.083,0.559
-0.099,-1.346
-0.133,0.0
-0.193,0.453
-0.185,-1.374
-0.262,0.717
-0.252,-1.669
-0.316,-0.992
-0.357,-1.827
-0.494,-1.865
-0.554,0.127
-0.597,0.357
-0.582,-0.663
-0.607,1.024
-0.602,0.413
-0.633,0.445
-0.579,0.216
-0.682,-1.941
-0.659,-0.58
-0.763,-0.444
-0.91,0.13
-0.885,0.497
-0.971,-1.273
-1.078,-1.506
-1.115,-0.059
-1.229,-0.982
-1.251,-2.312
-1.445,-1.586
-1.462,-1.919
-1.45,-2.195
-1.496,-1.565
-1.728,1.526
-1.735,-0.305
-1.76,-1.855
-1.744,0.143
-1.831,-0.34
-1.877,-2.205
-1.8,0.879
-1.835,-0.908
-1.839,-1.33
-1.938,0.308
-1.893,-0.507
-1.956,-1.538
-1.916,-1.525
-1.933,-1.038
-1.944,0.105
-2.02,-0.714
-2.032,-1.374
-2.046,-1.372
-1.986,-0.057
-2.068,-2.564
-2.089,-2.699
-2.188,-2.555
-2.324,-2.622
-2.298,-2.413
-2.41,-2.504
-2.881,-2.423
-2.818,-2.572
-2.818,-2.509
-2.892,-2.573
2.921,-2.508
2.079,-2.448
1.955,-2.71
1.677,-2.688
1.639,-2.681
1.286,-2.549
0.794,-2.513
0.308,-2.519
0.157,-2.723
0.03,-2.726
-0.136,-2.475
-0.703,-2.684
-0.812,-2.718
-0.759,-2.511
-0.747,-2.438
-0.879,-2.54
-1.73,-2.87
-1.696,-2.715
-1.808,-2.869
-1.805,-2.775
-1.911,-2.834
-2.63,1.797
3.114,1.585
-3.138,1.905
3.118,1.778
2.504,1.859
1.868,1.672
1.844,1.724
1.307,1.833
0.933,1.821
0.803,1.905
0.654,1.763
0.448,1.706
0.408,1.815
0.081,1.808
-0.241,1.831
-0.988,1.729
-1.349,1.8
-1.513,1.712
-1.961,1.626
-1.968,-1.4
-2.384,0.475
1.782,-1.572
1.605,-1.836
1.57,0.425
1.476,0.74
0.259,-2.013
-0.235,-0.387
-0.648,0.989
0.76,-2.934
-0.813,1.582
-2.01,-1.036
-2.012,0.122
-2.212,-2.206
-2.191,-0.091
-2.186,-1.276
-2.204,-1.322
-2.434,-0.825
-2.441,0.499
-2.306,-2.058
-2.438,-0.342
-2.489,1.067
-2.503,-2.133
-2.555,-2.284
-2.607,-1.232
-2.628,0.022
-2.497,-1.096
-2.663,-2.286
-2.572,-1.32
-2.685,-0.725
-2.794,-1.211
-2.709,-0.634
-2.741,0.968
-2.866,-1.311
-2.863,-0.881
-2.768,-1.049
-2.835,-0.704
-3.02,-0.925
-3.133,-2.313
3.136,-2.16
-3.092,-1.683
3.057,-0.893
3.011,1.483
2.913,-0.71
2.819,-1.839
2.691,-0.549
2.575,0.262
2.319,-1.677
2.343,-1.56
2.158,0.12
2.301,1.509
2.12,-2.087
2.098,-0.648
2.121,0.032
2.119,-0.696
2.075,-0.849
2.007,0.353
1.918,-1.384
1.756,0.149
1.749,0.13
1.605,-0.871
1.629,0.154
1.314,1.448
1.462,0.448
1.28,0.105
1.389,1.018
1.267,0.182
1.171,1.393
1.16,-0.424
1.153,-1.775
1.247,1.045
1.084,-0.992
1.01,-2.212
1.133,0.078
1.115,-0.655
1.126,0.44
1.071,1.343
1.053,1.562
1.047,-0.764
1.01,-2.297
0.851,1.35
0.815,-0.219
0.81,-0.004
0.717,-0.322
0.709,0.227
0.81,1.153
0.81,-0.294
0.618,-0.331
0.743,0.052
0.616,-1.761
0.565,-0.789
0.548,-1.063
0.552,-2.382
0.401,0.93
0.377,-1.275
0.448,-2.223
0.332,-1.407
0.358,0.284
0.214,-0.015
0.233,1.433
0.182,0.315
0.058,-2.224
0.154,-1.157
0.004,-2.233
-0.042,0.919
-0.075,-2.243
-0.095,-0.091
0.022,-1.606
-0.027,0.777
-0.247,1.323
-0.3,0.482
-0.436,-0.994
-0.595,-0.574
-0.521,-0.339
-0.618,0.348
-0.641,-0.578
-0.962,-0.749
-0.981,0.992
-0.873,-1.497
-0.921,0.907
-1.151,-1.485
-1.071,1.541
-1.494,-0.234
-1.525,-1.585
-1.526,-0.453
-1.424,-1.489
-1.439,-1.221
-1.632,-0.367
-1.6,-1.905
-1.751,1.483
-1.667,-0.57
-1.774,-0.7
-1.807,-0.67
-1.901,1.412
-1.935,0.84
-1.831,-0.761
-1.862,-0.052
-1.886,-0.077
-2.056,-0.425
-1.959,-1.277
-2.1,-2.525
-2.091,-2.5
-2.647,-2.715
-2.948,-2.424
-3.075,-2.672
2.69,-2.795
2.515,-2.768
1.913,-2.876
1.614,-2.39
1.393,-2.734
1.383,-2.791
1.255,-2.7
1.202,-2.748
1.191,-2.878
0.904,-2.753
0.816,-2.565
0.377,-2.471
-0.198,-2.878
-0.9,-2.573
-1.173,-2.9
-1.72,-2.578
-1.799,-2.703
-2.012,1.685
-2.906,1.799
2.11,1.671
1.82,1.909
0.869,1.821
0.675,1.687
0.478,1.889
0.208,1.719
0.045,1.742
-2.954,-0.208
-2.962,1.005
1.682,-1.773
-1.126,-1.788
-2.468,-0.941
-2.492,-1.248
-0.035,0.599
-1.255,1.06
-1.585,0.369
-2.272,0.912
-2.965,-0.571
3.024,-1.222
1.37,0.263
1.045,1.012
0.998,0.193
1.051,-1.557
0.746,0.246
-0.461,0.893
-1.272,1.425
-1.675,-2.888
1.043,1.803
2.699,1.827
2.917,1.13
-0.079,2.383
-0.095,0.478
-0.129,1.824
-0.189,2.277
-0.181,0.45
-0.258,2.541
-0.248,0.155
-0.312,0.832
-0.353,-0.003
-0.49,-0.041
-0.55,1.951
-0.593,2.181
-0.578,1.161
-0.603,2.848
-0.598,2.237
-0.629,2.269
-0.575,2.04
-0.678,-0.117
-0.655,1.244
-0.759,1.38
-0.906,1.954
-0.881,2.321
-0.967,0.551
-1.074,0.318
-1.111,1.765
-1.225,0.842
-1.247,-0.488
-1.441,0.238
-1.458,-0.095
-1.446,-0.371
-1.492,0.259
-1.724,3.35
-1.731,1.519
-1.756,-0.031
-1.74,1.967
-1.827,1.484
-1.873,-0.381
-1.796,2.703
-1.831,0.916
-1.835,0.494
-1.934,2.132
-1.889,1.317
-1.952,0.286
-1.912,0.299
-1.929,0.786
-1.94,1.929
-2.016,1.11
-2.028,0.45
-2.042,0.452
-1.982,1.767
-2.064,-0.74
-2.085,-0.875
-2.184,-0.731
-2.32,-0.798
-2.294,-0.589
-2.406,-0.68
-2.877,-0.599
-2.814,-0.748
-2.814,-0.685
-2.888,-0.749
2.925,-0.684
2.083,-0.624
1.959,-0.886
1.681,-0.864
1.643,-0.857
1.29,-0.725
0.798,-0.689
0.312,-0.695
0.161,-0.899
0.034,-0.902
-0.132,-0.651
-0.699,-0.86
-0.808,-0.894
-0.755,-0.687
-0.743,-0.614
-0.875,-0.716
-1.726,-1.046
-1.692,-0.891
-1.804,-1.045
-1.801,-0.951
-1.907,-1.01
-2.626,3.621
3.118,3.409
-3.134,3.729
3.122,3.602
2.508,3.683
1.872,3.496
1.848,3.548
1.311,3.657
0.937,3.645
0.807,3.729
0.658,3.587
0.452,3.53
0.412,3.639
0.085,3.632
-0.237,3.655
-0.984,3.553
-1.345,3.624
-1.509,3.536
-1.957,3.45
-1.964,0.424
-2.38,2.299
1.786,0.252
1.609,-0.012
1.574,2.249
1.48,2.564
0.263,-0.189
-0.231,1.437
-0.644,2.813
0.764,-1.11
-0.809,3.406
-2.006,0.788
-2.008,1.946
-2.208,-0.382
-2.187,1.733
-2.182,0.548
-2.2,0.502
-2.43,0.999
-2.437,2.323
-2.302,-0.234
-2.434,1.482
-2.485,2.891
-2.499,-0.309
-2.551,-0.46
-2.603,0.592
-2.624,1.846
-2.493,0.728
-2.659,-0.462
-2.568,0.504
-2.681,1.099
-2.79,0.613
-2.705,1.19
-2.737,2.792
-2.862,0.513
-2.859,0.943
-2.764,0.775
-2.831,1.12
-3.016,0.899
-3.129,-0.489
3.14,-0.336
-3.088,0.141
3.061,0.931
3.015,3.307
2.917,1.114
2.823,-0.015
2.695,1.275
2.579,2.086
2.323,0.147
2.347,0.264
2.162,1.944
2.305,3.333
2.124,-0.263
2.102,1.176
2.125,1.856
2.123,1.128
2.079,0.975
2.011,2.177
1.922,0.44
1.76,1.973
1.753,1.954
1.609,0.953
1.633,1.978
1.318,3.272
1.466,2.272
1.284,1.929
1.393,2.842
1.271,2.006
1.175,3.217
1.164,1.4
1.157,0.049
1.251,2.869
1.088,0.832
1.014,-0.388
1.137,1.902
1.119,1.169
1.13,2.264
1.075,3.167
1.057,3.386
1.051,1.06
1.014,-0.473
0.855,3.174
0.819,1.605
0.814,1.82
0.721,1.502
0.713,2.051
0.814,2.977
0.814,1.53
0.622,1.493
0.747,1.876
0.62,0.063
0.569,1.035
0.552,0.761
0.556,-0.558
0.405,2.754
0.381,0.549
0.452,-0.399
0.336,0.417
0.362,2.108
0.218,1.809
0.237,3.257
0.186,2.139
0.062,-0.4
0.158,0.667
0.008,-0.409
-0.038,2.743
-0.071,-0.419
-0.091,1.733
0.026,0.218
-0.023,2.601
-0.243,3.147
-0.296,2.306
-0.432,0.83
-0.591,1.25
-0.517,1.485
-0.614,2.172
-0.637,1.246
-0.958,1.075
-0.977,2.816
-0.869,0.327
-0.917,2.731
-1.147,0.339
-1.067,3.365
-1.49,1.59
-1.521,0.239
-1.522,1.371
-1.42,0.335
-1.435,0.603
-1.628,1.457
-1.596,-0.081
-1.747,3.307
-1.663,1.254
-1.77,1.124
-1.803,1.154
-1.897,3.236
-1.931,2.664
-1.827,1.063
-1.858,1.772
-1.882,1.747
-2.052,1.399
-1.955,0.547
-2.096,-0.701
-2.087,-0.676
-2.643,-0.891
-2.944,-0.6
-3.071,-0.848
2.694,-0.971
2.519,-0.944
1.917,-1.052
1.618,-0.566
1.397,-0.91
1.387,-0.967
1.259,-0.876
1.206,-0.924
1.195,-1.054
0.908,-0.929
0.82,-0.741
0.381,-0.647
-0.194,-1.054
-0.896,-0.749
-1.169,-1.076
-1.716,-0.754
-1.795,-0.879
-2.008,3.509
-2.902,3.623
2.114,3.495
1.824,3.733
0.873,3.645
0.679,3.511
0.482,3.713
0.212,3.543
0.049,3.566
-2.95,1.616
-2.958,2.829
1.686,0.051
-1.122,0.036
-2.464,0.883
-2.488,0.576
-0.031,2.423
-1.251,2.884
-1.581,2.193
-2.268,2.736
-2.961,1.253
3.028,0.602
1.374,2.087
1.049,2.836
1.002,2.017
1.055,0.267
0.75,2.07
-0.457,2.717
-1.268,3.249
-1.671,-1.064
1.047,3.627
2.703,3.651
2.921,2.954
-0.016,-1.905
-0.05,-0.559
-0.11,-0.106
-0.102,-1.933
-0.179,0.158
-0.169,-2.228
-0.233,-1.551
-0.274,-2.386
-0.411,-2.424
-0.471,-0.432
-0.514,-0.202
-0.499,-1.222
-0.524,0.465
-0.519,-0.146
-0.55,-0.114
-0.496,-0.343
-0.599,-2.5
-0.576,-1.139
-0.68,-1.003
-0.827,-0.429
-0.802,-0.062
-0.888,-1.832
-0.995,-2.065
-1.032,-0.618
-1.146,-1.541
-1.168,-2.871
-1.362,-2.145
-1.379,-2.478
-1.367,-2.754
-1.413,-2.124
-1.645,0.967
-1.652,-0.864
-1.677,-2.414
-1.661,-0.416
-1.748,-0.899
-1.794,-2.764
-1.717,0.32
-1.752,-1.467
-1.756,-1.889
-1.855,-0.251
-1.81,-1.066
-1.873,-2.097
-1.833,-2.084
-1.85,-1.597
-1.861,-0.454
-1.937,-1.273
-1.949,-1.933
-1.963,-1.931
-1.903,-0.616
-1.985,-3.123
-2.006,-3.258
-2.105,-3.114
-2.241,-3.181
-2.215,-2.972
-2.327,-3.063
-2.798,-2.982
-2.735,-3.131
-2.735,-3.068
-2.809,-3.132
3.004,-3.067
2.162,-3.007
2.038,-3.269
1.76,-3.247
1.722,-3.24
1.369,-3.108
0.877,-3.072
0.391,-3.078
0.24,-3.282
0.113,-3.285
-0.053,-3.034
-0.62,-3.243
-0.729,-3.277
-0.676,-3.07
-0.664,-2.997
-0.796,-3.099
-1.647,-3.429
-1.613,-3.274
-1.725,-3.428
-1.722,-3.334
-1.828,-3.393
-2.547,1.238
-3.086,1.026
-3.055,1.346
-3.082,1.219
2.587,1.3
1.951,1.113
1.927,1.165
1.39,1.274
1.016,1.262
0.886,1.346
0.737,1.204
0.531,1.147
0.491,1.256
0.164,1.249
-0.158,1.272
-0.905,1.17
-1.266,1.241
-1.43,1.153
-1.878,1.067
-1.885,-1.959
-2.301,-0.084
1.865,-2.131
1.688,-2.395
1.653,-0.134
1.559,0.181
0.342,-2.572
-0.152,-0.946
-0.565,0.43
0.843,-3.493
-0.73,1.023
-1.927,-1.595
-1.929,-0.437
-2.129,-2.765
-2.108,-0.65
-2.103,-1.835
-2.121,-1.881
-2.351,-1.384
-2.358,-0.06
-2.223,-2.617
-2.355,-0.901
-2.406,0.508
-2.42,-2.692
-2.472,-2.843
-2.524,-1.791
-2.545,-0.537
-2.414,-1.655
-2.58,-2.845
-2.489,-1.879
-2.602,-1.284
-2.711,-1.77
-2.626,-1.193
-2.658,0.409
-2.783,-1.87
-2.78,-1.44
-2.685,-1.608
-2.752,-1.263
-2.937,-1.484
-3.05,-2.872
-3.064,-2.719
-3.009,-2.242
3.14,-1.452
3.094,0.924
2.996,-1.269
2.902,-2.398
2.774,-1.108
2.658,-0.297
2.402,-2.236
2.426,-2.119
2.241,-0.439
2.384,0.95
2.203,-2.646
2.181,-1.207
2.204,-0.527
2.202,-1.255
2.158,-1.408
2.09,-0.206
2.001,-1.943
1.839,-0.41
1.832,-0.429
1.688,-1.43
1.712,-0.405
1.397,0.889
1.545,-0.111
1.363,-0.454
1.472,0.459
1.35,-0.377
1.254,0.834
1.243,-0.983
1.236,-2.334
1.33,0.486
1.167,-1.551
1.093,-2.771
1.216,-0.481
1.198,-1.214
1.209,-0.119
1.154,0.784
1.136,1.003
1.13,-1.323
1.093,-2.856
0.934,0.791
0.898,-0.778
0.893,-0.563
0.8,-0.881
0.792,-0.332
0.893,0.594
0.893,-0.853
0.701,-0.89
0.826,-0.507
0.699,-2.32
0.648,-1.348
0.631,-1.622
0.635,-2.941
0.484,0.371
0.46,-1.834
0.531,-2.782
0.415,-1.966
0.441,-0.275
0.297,-0.574
0.316,0.874
0.265,-0.244
0.141,-2.783
0.237,-1.716
0.087,-2.792
0.041,0.36
0.008,-2.802
-0.012,-0.65
0.105,-2.165
0.056,0.218
-0.164,0.764
-0.217,-0.077
-0.353,-1.553
-0.512,-1.133
-0.438,-0.898
-0.535,-0.211
-0.558,-1.137
-0.879,-1.308
-0.898,0.433
-0.79,-2.056
-0.838,0.348
-1.068,-2.044
-0.988,0.982
-1.411,-0.793
-1.442,-2.144
-1.443,-1.012
-1.341,-2.048
-1.356,-1.78
-1.549,-0.926
-1.517,-2.464
-1.668,0.924
-1.584,-1.129
-1.691,-1.259
-1.724,-1.229
-1.818,0.853
-1.852,0.281
-1.748,-1.32
-1.779,-0.611
-1.803,-0.636
-1.973,-0.984
-1.876,-1.836
-2.017,-3.084
-2.008,-3.059
-2.564,-3.274
-2.865,-2.983
-2.992,-3.231
2.773,-3.354
2.598,-3.327
1.996,-3.435
1.697,-2.949
1.476,-3.293
1.466,-3.35
1.338,-3.259
1.285,-3.307
1.274,-3.437
0.987,-3.312
0.899,-3.124
0.46,-3.03
-0.115,-3.437
-0.817,-3.132
-1.09,-3.459
-1.637,-3.137
-1.716,-3.262
-1.929,1.126
-2.823,1.24
2.193,1.112
1.903,1.35
0.952,1.262
0.758,1.128
0.561,1.33
0.291,1.16
0.128,1.183
-2.871,-0.767
-2.879,0.446
1.765,-2.332
-1.043,-2.347
-2.385,-1.5
-2.409,-1.807
0.048,0.04
-1.172,0.501
-1.502,-0.19
-2.189,0.353
-2.882,-1.13
3.107,-1.781
1.453,-0.296
1.128,0.453
1.081,-0.366
1.134,-2.116
0.829,-0.313
-0.378,0.334
-1.189,0.866
-1.592,-3.447
1.126,1.244
2.782,1.268
3.0,0.571
-0.034,1.346
-0.094,1.799
-0.086,-0.028
-0.163,2.063
-0.153,-0.323
-0.217,0.354
-0.258,-0.481
-0.395,-0.519
-0.455,1.473
-0.498,1.703
-0.483,0.683
-0.508,2.37
-0.503,1.759
-0.534,1.791
-0.48,1.562
-0.583,-0.595
-0.56,0.766
-0.664,0.902
-0.811,1.476
-0.786,1.843
-0.872,0.073
-0.979,-0.16
-1.016,1.287
-1.13,0.364
-1.152,-0.966
-1.346,-0.24
-1.363,-0.573
-1.351,-0.849
-1.397,-0.219
-1.629,2.872
-1.636,1.041
-1.661,-0.509
-1.645,1.489
-1.732,1.006
-1.778,-0.859
-1.701,2.225
-1.736,0.438
-1.74,0.016
-1.839,1.654
-1.794,0.839
-1.857,-0.192
-1.817,-0.179
-1.834,0.308
-1.845,1.451
-1.921,0.632
-1.933,-0.028
-1.947,-0.026
-1.887,1.289
-1.969,-1.218
-1.99,-1.353
-2.089,-1.209
-2.225,-1.276
-2.199,-1.067
-2.311,-1.158
-2.782,-1.077
-2.719,-1.226
-2.719,-1.163
-2.793,-1.227
3.02,-1.162
2.178,-1.102
2.054,-1.364
1.776,-1.342
1.738,-1.335
1.385,-1.203
0.893,-1.167
0.407,-1.173
0.256,-1.377
0.129,-1.38
-0.037,-1.129
-0.604,-1.338
-0.713,-1.372
-0.66,-1.165
-0.648,-1.092
-0.78,-1.194
-1.631,-1.524
-1.597,-1.369
-1.709,-1.523
-1.706,-1.429
-1.812,-1.488
-2.531,3.143
-3.07,2.931
-3.039,3.251
-3.066,3.124
2.603,3.205
1.967,3.018
1.943,3.07
1.406,3.179
1.032,3.167
0.902,3.251
0.753,3.109
0.547,3.052
0.507,3.161
0.18,3.154
-0.142,3.177
-0.889,3.075
-1.25,3.146
-1.414,3.058
-1.862,2.972
-1.869,-0.054
-2.285,1.821
1.881,-0.226
1.704,-0.49
1.669,1.771
1.575,2.086
0.358,-0.667
-0.136,0.959
-0.549,2.335
0.859,-1.588
-0.714,2.928
-1.911,0.31
-1.913,1.468
-2.113,-0.86
-2.092,1.255
-2.087,0.07
-2.105,0.024
-2.335,0.521
-2.342,1.845
-2.207,-0.712
-2.339,1.004
-2.39,2.413
-2.404,-0.787
-2.456,-0.938
-2.508,0.114
-2.529,1.368
-2.398,0.25
-2.564,-0.94
-2.473,0.026
-2.586,0.621
-2.695,0.135
-2.61,0.712
-2.642,2.314
-2.767,0.035
-2.764,0.465
-2.669,0.297
-2.736,0.642
-2.921,0.421
-3.034,-0.967
-3.048,-0.814
-2.993,-0.337
-3.127,0.453
3.11,2.829
3.012,0.636
2.918,-0.493
2.79,0.797
2.674,1.608
2.418,-0.331
2.442,-0.214
2.257,1.466
2.4,2.855
2.219,-0.741
2.197,0.698
2.22,1.378
2.218,0.65
2.174,0.497
2.106,1.699
2.017,-0.038
1.855,1.495
1.848,1.476
1.704,0.475
1.728,1.5
1.413,2.794
1.561,1.794
1.379,1.451
1.488,2.364
1.366,1.528
1.27,2.739
1.259,0.922
1.252,-0.429
1.346,2.391
1.183,0.354
1.109,-0.866
1.232,1.424
1.214,0.691
1.225,1.786
1.17,2.689
1.152,2.908
1.146,0.582
1.109,-0.951
0.95,2.696
0.914,1.127
0.909,1.342
0.816,1.024
0.808,1.573
0.909,2.499
0.909,1.052
0.717,1.015
0.842,1.398
0.715,-0.415
0.664,0.557
0.647,0.283
0.651,-1.036
0.5,2.276
0.476,0.071
0.547,-0.877
0.431,-0.061
0.457,1.63
0.313,1.331
0.332,2.779
0.281,1.661
0.157,-0.878
0.253,0.189
0.103,-0.887
0.057,2.265
0.024,-0.897
0.004,1.255
0.121,-0.26
0.072,2.123
-0.148,2.669
-0.201,1.828
-0.337,0.352
-0.496,0.772
-0.422,1.007
-0.519,1.694
-0.542,0.768
-0.863,0.597
-0.882,2.338
-0.774,-0.151
-0.822,2.253
-1.052,-0.139
-0.972,2.887
-1.395,1.112
-1.426,-0.239
-1.427,0.893
-1.325,-0.143
-1.34,0.125
-1.533,0.979
-1.501,-0.559
-1.652,2.829
-1.568,0.776
-1.675,0.646
-1.708,0.676
-1.802,2.758
-1.836,2.186
-1.732,0.585
-1.763,1.294
-1.787,1.269
-1.957,0.921
-1.86,0.069
-2.001,-1.179
-1.992,-1.154
-2.548,-1.369
-2.849,-1.078
-2.976,-1.326
2.789,-1.449
2.614,-1.422
2.012,-1.53
1.713,-1.044
1.492,-1.388
1.482,-1.445
1.354,-1.354
1.301,-1.402
1.29,-1.532
1.003,-1.407
0.915,-1.219
0.476,-1.125
-0.099,-1.532
-0.801,-1.227
-1.074,-1.554
-1.621,-1.232
-1.7,-1.357
-1.913,3.031
-2.807,3.145
2.209,3.017
1.919,3.255
0.968,3.167
0.774,3.033
0.577,3.235
0.307,3.065
0.144,3.088
-2.855,1.138
-2.863,2.351
1.781,-0.427
-1.027,-0.442
-2.369,0.405
-2.393,0.098
0.064,1.945
-1.156,2.406
-1.486,1.715
-2.173,2.258
-2.866,0.775
3.123,0.124
1.469,1.609
1.144,2.358
1.097,1.539
1.15,-0.211
0.845,1.592
-0.362,2.239
-1.173,2.771
-1.576,-1.542
1.142,3.149
2.798,3.173
3.016,2.476
-0.06,0.453
-0.052,-1.374
-0.129,0.717
-0.119,-1.669
-0.183,-0.992
-0.224,-1.827
-0.361,-1.865
-0.421,0.127
-0.464,0.357
-0.449,-0.663
-0.474,1.024
-0.469,0.413
-0.5,0.445
-0.446,0.216
-0.549,-1.941
-0.526,-0.58
-0.63,-0.444
-0.777,0.13
-0.752,0.497
-0.838,-1.273
-0.945,-1.506
-0.982,-0.059
-1.096,-0.982
-1.118,-2.312
-1.312,-1.586
-1.329,-1.919
-1.317,-2.195
-1.363,-1.565
-1.595,1.526
-1.602,-0.305
-1.627,-1.855
-1.611,0.143
-1.698,-0.34
-1.744,-2.205
-1.667,0.879
-1.702,-0.908
-1.706,-1.33
-1.805,0.308
-1.76,-0.507
-1.823,-1.538
-1.783,-1.525
-1.8,-1.038
-1.811,0.105
-1.887,-0.714
-1.899,-1.374
-1.913,-1.372
-1.853,-0.057
-1.935,-2.564
-1.956,-2.699
-2.055,-2.555
-2.191,-2.622
-2.165,-2.413
-2.277,-2.504
-2.748,-2.423
-2.685,-2.572
-2.685,-2.509
-2.759,-2.573
3.054,-2.508
2.212,-2.448
2.088,-2.71
1.81,-2.688
1.772,-2.681
1.419,-2.549
0.927,-2.513
0.441,-2.519
0.29,-2.723
0.163,-2.726
-0.003,-2.475
-0.57,-2.684
-0.679,-2.718
-0.626,-2.511
-0.614,-2.438
-0.746,-2.54
-1.597,-2.87
-1.563,-2.715
-1.675,-2.869
-1.672,-2.775
-1.778,-2.834
-2.497,1.797
-3.036,1.585
-3.005,1.905
-3.032,1.778
2.637,1.859
2.001,1.672
1.977,1.724
1.44,1.833
1.066,1.821
0.936,1.905
0.787,1.763
0.581,1.706
0.541,1.815
0.214,1.808
-0.108,1.831
-0.855,1.729
-1.216,1.8
-1.38,1.712
-1.828,1.626
-1.835,-1.4
-2.251,0.475
1.915,-1.572
1.738,-1.836
1.703,0.425
1.609,0.74
0.392,-2.013
-0.102,-0.387
-0.515,0.989
0.893,-2.934
-0.68,1.582
-1.877,-1.036
-1.879,0.122
-2.079,-2.206
-2.058,-0.091
-2.053,-1.276
-2.071,-1.322
-2.301,-0.825
-2.308,0.499
-2.173,-2.058
-2.305,-0.342
-2.356,1.067
-2.37,-2.133
-2.422,-2.284
-2.474,-1.232
-2.495,0.022
-2.364,-1.096
-2.53,-2.286
-2.439,-1.32
-2.552,-0.725
-2.661,-1.211
-2.576,-0.634
-2.608,0.968
-2.733,-1.311
-2.73,-0.881
-2.635,-1.049
-2.702,-0.704
-2.887,-0.925
-3.0,-2.313
-3.014,-2.16
-2.959,-1.683
-3.093,-0.893
-3.139,1.483
3.046,-0.71
2.952,-1.839
2.824,-0.549
2.708,0.262
2.452,-1.677
2.476,-1.56
2.291,0.12
2.434,1.509
2.253,-2.087
2.231,-0.648
2.254,0.032
2.252,-0.696
2.208,-0.849
2.14,0.353
2.051,-1.384
1.889,0.149
1.882,0.13
1.738,-0.871
1.762,0.154
1.447,1.448
1.595,0.448
1.413,0.105
1.522,1.018
1.4,0.182
1.304,1.393
1.293,-0.424
1.286,-1.775
1.38,1.045
1.217,-0.992
1.143,-2.212
1.266,0.078
1.248,-0.655
1.259,0.44
1.204,1.343
1.186,1.562
1.18,-0.764
1.143,-2.297
0.984,1.35
0.948,-0.219
0.943,-0.004
0.85,-0.322
0.842,0.227
0.943,1.153
0.943,-0.294
0.751,-0.331
0.876,0.052
0.749,-1.761
0.698,-0.789
0.681,-1.063
0.685,-2.382
0.534,0.93
0.51,-1.275
0.581,-2.223
0.465,-1.407
0.491,0.284
0.347,-0.015
0.366,1.433
0.315,0.315
0.191,-2.224
0.287,-1.157
0.137,-2.233
0.091,0.919
0.058,-2.243
0.038,-0.091
0.155,-1.606
0.106,0.777
-0.114,1.323
-0.167,0.482
-0.303,-0.994
-0.462,-0.574
-0.388,-0.339
-0.485,0.348
-0.508,-0.578
-0.829,-0.749
-0.848,0.992
-0.74,-1.497
-0.788,0.907
-1.018,-1.485
-0.938,1.541
-1.361,-0.234
-1.392,-1.585
-1.393,-0.453
-1.291,-1.489
-1.306,-1.221
-1.499,-0.367
-1.467,-1.905
-1.618,1.483
-1.534,-0.57
-1.641,-0.7
-1.674,-0.67
-1.768,1.412
-1.802,0.84
-1.698,-0.761
-1.729,-0.052
-1.753,-0.077
-1.923,-0.425
-1.826,-1.277
-1.967,-2.525
-1.958,-2.5
-2.514,-2.715
-2.815,-2.424
-2.942,-2.672
2.823,-2.795
2.648,-2.768
2.046,-2.876
1.747,-2.39
1.526,-2.734
1.516,-2.791
1.388,-2.7
1.335,-2.748
1.324,-2.878
1.037,-2.753
0.949,-2.565
0.51,-2.471
-0.065,-2.878
-0.767,-2.573
-1.04,-2.9
-1.587,-2.578
-1.666,-2.703
-1.879,1.685
-2.773,1.799
2.243,1.671
1.953,1.909
1.002,1.821
0.808,1.687
0.611,1.889
0.341,1.719
0.178,1.742
-2.821,-0.208
-2.829,1.005
1.815,-1.773
-0.993,-1.788
-2.335,-0.941
-2.359,-1.248
0.098,0.599
-1.122,1.06
-1.452,0.369
-2.139,0.912
-2.832,-0.571
-3.126,-1.222
1.503,0.263
1.178,1.012
1.131,0.193
1.184,-1.557
0.879,0.246
-0.328,0.893
-1.139,1.425
-1.542,-2.888
1.176,1.803
2.832,1.827
3.05,1.13
0.008,-1.827
-0.069,0.264
-0.059,-2.122
-0.123,-1.445
-0.164,-2.28
-0.301,-2.318
-0.361,-0.326
-0.404,-0.096
-0.389,-1.116
-0.414,0.571
-0.409,-0.04
-0.44,-0.008
-0.386,-0.237
-0.489,-2.394
-0.466,-1.033
-0.57,-0.897
-0.717,-0.323
-0.692,0.044
-0.778,-1.726
-0.885,-1.959
-0.922,-0.512
-1.036,-1.435
-1.058,-2.765
-1.252,-2.039
-1.269,-2.372
-1.257,-2.648
-1.303,-2.018
-1.535,1.073
-1.542,-0.758
-1.567,-2.308
-1.551,-0.31
-1.638,-0.793
-1.684,-2.658
-1.607,0.426
-1.642,-1.361
-1.646,-1.783
-1.745,-0.145
-1.7,-0.96
-1.763,-1.991
-1.723,-1.978
-1.74,-1.491
-1.751,-0.348
-1.827,-1.167
-1.839,-1.827
-1.853,-1.825
-1.793,-0.51
-1.875,-3.017
-1.896,-3.152
-1.995,-3.008
-2.131,-3.075
-2.105,-2.866
-2.217,-2.957
-2.688,-2.876
-2.625,-3.025
-2.625,-2.962
-2.699,-3.026
3.114,-2.961
2.272,-2.901
2.148,-3.163
1.87,-3.141
1.832,-3.134
1.479,-3.002
0.987,-2.966
0.501,-2.972
0.35,-3.176
0.223,-3.179
0.057,-2.928
-0.51,-3.137
-0.619,-3.171
-0.566,-2.964
-0.554,-2.891
-0.686,-2.993
-1.537,-3.323
-1.503,-3.168
-1.615,-3.322
-1.612,-3.228
-1.718,-3.287
-2.437,1.344
-2.976,1.132
-2.945,1.452
-2.972,1.325
2.697,1.406
2.061,1.219
2.037,1.271
1.5,1.38
1.126,1.368
0.996,1.452
0.847,1.31
0.641,1.253
0.601,1.362
0.274,1.355
-0.048,1.378
-0.795,1.276
-1.156,1.347
-1.32,1.259
-1.768,1.173
-1.775,-1.853
-2.191,0.022
1.975,-2.025
1.798,-2.289
1.763,-0.028
1.669,0.287
0.452,-2.466
-0.042,-0.84
-0.455,0.536
0.953,-3.387
-0.62,1.129
-1.817,-1.489
-1.819,-0.331
-2.019,-2.659
-1.998,-0.544
-1.993,-1.729
-2.011,-1.775
-2.241,-1.278
-2.248,0.046
-2.113,-2.511
-2.245,-0.795
-2.296,0.614
-2.31,-2.586
-2.362,-2.737
-2.414,-1.685
-2.435,-0.431
-2.304,-1.549
-2.47,-2.739
-2.379,-1.773
-2.492,-1.178
-2.601,-1.664
-2.516,-1.087
-2.548,0.515
-2.673,-1.764
-2.67,-1.334
-2.575,-1.502
-2.642,-1.157
-2.827,-1.378
-2.94,-2.766
-2.954,-2.613
-2.899,-2.136
-3.033,-1.346
-3.079,1.03
3.106,-1.163
3.012,-2.292
2.884,-1.002
2.768,-0.191
2.512,-2.13
2.536,-2.013
2.351,-0.333
2.494,1.056
2.313,-2.54
2.291,-1.101
2.314,-0.421
2.312,-1.149
2.268,-1.302
2.2,-0.1
2.111,-1.837
1.949,-0.304
1.942,-0.323
1.798,-1.324
1.822,-0.299
1.507,0.995
1.655,-0.005
1.473,-0.348
1.582,0.565
1.46,-0.271
1.364,0.94
1.353,-0.877
1.346,-2.228
1.44,0.592
1.277,-1.445
1.203,-2.665
1.326,-0.375
1.308,-1.108
1.319,-0.013
1.264,0.89
1.246,1.109
1.24,-1.217
1.203,-2.75
1.044,0.897
1.008,-0.672
1.003,-0.457
0.91,-0.775
0.902,-0.226
1.003,0.7
1.003,-0.747
0.811,-0.784
0.936,-0.401
0.809,-2.214
0.758,-1.242
0.741,-1.516
0.745,-2.835
0.594,0.477
0.57,-1.728
0.641,-2.676
0.525,-1.86
0.551,-0.169
0.407,-0.468
0.426,0.98
0.375,-0.138
0.251,-2.677
0.347,-1.61
0.197,-2.686
0.151,0.466
0.118,-2.696
0.098,-0.544
0.215,-2.059
0.166,0.324
-0.054,0.87
-0.107,0.029
-0.243,-1.447
-0.402,-1.027
-0.328,-0.792
-0.425,-0.105
-0.448,-1.031
-0.769,-1.202
-0.788,0.539
-0.68,-1.95
-0.728,0.454
-0.958,-1.938
-0.878,1.088
-1.301,-0.687
-1.332,-2.038
-1.333,-0.906
-1.231,-1.942
-1.246,-1.674
-1.439,-0.82
-1.407,-2.358
-1.558,1.03
-1.474,-1.023
-1.581,-1.153
-1.614,-1.123
-1.708,0.959
-1.742,0.387
-1.638,-1.214
-1.669,-0.505
-1.693,-0.53
-1.863,-0.878
-1.766,-1.73
-1.907,-2.978
-1.898,-2.953
-2.454,-3.168
-2.755,-2.877
-2.882,-3.125
2.883,-3.248
2.708,-3.221
2.106,-3.329
1.807,-2.843
1.586,-3.187
1.576,-3.244
1.448,-3.153
1.395,-3.201
1.384,-3.331
1.097,-3.206
1.009,-3.018
0.57,-2.924
-0.005,-3.331
-0.707,-3.026
-0.98,-3.353
-1.527,-3.031
-1.606,-3.156
-1.819,1.232
-2.713,1.346
2.303,1.218
2.013,1.456
1.062,1.368
0.868,1.234
0.671,1.436
0.401,1.266
0.238,1.289
-2.761,-0.661
-2.769,0.552
1.875,-2.226
-0.933,-2.241
-2.275,-1.394
-2.299,-1.701
0.158,0.146
-1.062,0.607
-1.392,-0.084
-2.079,0.459
-2.772,-1.024
-3.066,-1.675
1.563,-0.19
1.238,0.559
1.191,-0.26
1.244,-2.01
0.939,-0.207
-0.268,0.44
-1.079,0.972
-1.482,-3.341
1.236,1.35
2.892,1.374
3.11,0.677
-0.077,2.091
-0.067,-0.295
-0.131,0.382
-0.172,-0.453
-0.309,-0.491
-0.369,1.501
-0.412,1.731
-0.397,0.711
-0.422,2.398
-0.417,1.787
-0.448,1.819
-0.394,1.59
-0.497,-0.567
-0.474,0.794
-0.578,0.93
-0.725,1.504
-0.7,1.871
-0.786,0.101
-0.893,-0.132
-0.93,1.315
-1.044,0.392
-1.066,-0.938
-1.26,-0.212
-1.277,-0.545
-1.265,-0.821
-1.311,-0.191
-1.543,2.9
-1.55,1.069
-1.575,-0.481
-1.559,1.517
-1.646,1.034
-1.692,-0.831
-1.615,2.253
-1.65,0.466
-1.654,0.044
-1.753,1.682
-1.708,0.867
-1.771,-0.164
-1.731,-0.151
-1.748,0.336
-1.759,1.479
-1.835,0.66
-1.847,0.0
-1.861,0.002
-1.801,1.317
-1.883,-1.19
-1.904,-1.325
-2.003,-1.181
-2.139,-1.248
-2.113,-1.039
-2.225,-1.13
-2.696,-1.049
-2.633,-1.198
-2.633,-1.135
-2.707,-1.199
3.106,-1.134
2.264,-1.074
2.14,-1.336
1.862,-1.314
1.824,-1.307
1.471,-1.175
0.979,-1.139
0.493,-1.145
0.342,-1.349
0.215,-1.352
0.049,-1.101
-0.518,-1.31
-0.627,-1.344
-0.574,-1.137
-0.562,-1.064
-0.694,-1.166
-1.545,-1.496
-1.511,-1.341
-1.623,-1.495
-1.62,-1.401
-1.726,-1.46
-2.445,3.171
-2.984,2.959
-2.953,3.279
-2.98,3.152
2.689,3.233
2.053,3.046
2.029,3.098
1.492,3.207
1.118,3.195
0.988,3.279
0.839,3.137
0.633,3.08
0.593,3.189
0.266,3.182
-0.056,3.205
-0.803,3.103
-1.164,3.174
-1.328,3.086
-1.776,3.0
-1.783,-0.026
-2.199,1.849
1.967,-0.198
1.79,-0.462
1.755,1.799
1.661,2.114
0.444,-0.639
-0.05,0.987
-0.463,2.363
0.945,-1.56
-0.628,2.956
-1.825,0.338
-1.827,1.496
-2.027,-0.832
-2.006,1.283
-2.001,0.098
-2.019,0.052
-2.249,0.549
-2.256,1.873
-2.121,-0.684
-2.253,1.032
-2.304,2.441
-2.318,-0.759
-2.37,-0.91
-2.422,0.142
-2.443,1.396
-2.312,0.278
-2.478,-0.912
-2.387,0.054
-2.5,0.649
-2.609,0.163
-2.524,0.74
-2.556,2.342
-2.681,0.063
-2.678,0.493
-2.583,0.325
-2.65,0.67
-2.835,0.449
-2.948,-0.939
-2.962,-0.786
-2.907,-0.309
-3.041,0.481
-3.087,2.857
3.098,0.664
3.004,-0.465
2.876,0.825
2.76,1.636
2.504,-0.303
2.528,-0.186
2.343,1.494
2.486,2.883
2.305,-0.713
2.283,0.726
2.306,1.406
2.304,0.678
2.26,0.525
2.192,1.727
2.103,-0.01
1.941,1.523
1.934,1.504
1.79,0.503
1.814,1.528
1.499,2.822
1.647,1.822
1.465,1.479
1.574,2.392
1.452,1.556
1.356,2.767
1.345,0.95
1.338,-0.401
1.432,2.419
1.269,0.382
1.195,-0.838
1.318,1.452
1.3,0.719
1.311,1.814
1.256,2.717
1.238,2.936
1.232,0.61
1.195,-0.923
1.036,2.724
1.0,1.155
0.995,1.37
0.902,1.052
0.894,1.601
0.995,2.527
0.995,1.08
0.803,1.043
0.928,1.426
0.801,-0.387
0.75,0.585
0.733,0.311
0.737,-1.008
0.586,2.304
0.562,0.099
0.633,-0.849
0.517,-0.033
0.543,1.658
0.399,1.359
0.418,2.807
0.367,1.689
0.243,-0.85
0.339,0.217
0.189,-0.859
0.143,2.293
0.11,-0.869
0.09,1.283
0.207,-0.232
0.158,2.151
-0.062,2.697
-0.115,1.856
-0.251,0.38
-0.41,0.8
-0.336,1.035
-0.433,1.722
-0.456,0.796
-0.777,0.625
-0.796,2.366
-0.688,-0.123
-0.736,2.281
-0.966,-0.111
-0.886,2.915
-1.309,1.14
-1.34,-0.211
-1.341,0.921
-1.239,-0.115
-1.254,0.153
-1.447,1.007
-1.415,-0.531
-1.566,2.857
-1.482,0.804
-1.589,0.674
-1.622,0.704
-1.716,2.786
-1.75,2.214
-1.646,0.613
-1.677,1.322
-1.701,1.297
-1.871,0.949
-1.774,0.097
-1.915,-1.151
-1.906,-1.126
-2.462,-1.341
-2.763,-1.05
-2.89,-1.298
2.875,-1.421
2.7,-1.394
2.098,-1.502
1.799,-1.016
1.578,-1.36
1.568,-1.417
1.44,-1.326
1.387,-1.374
1.376,-1.504
1.089,-1.379
1.001,-1.191
0.562,-1.097
-0.013,-1.504
-0.715,-1.199
-0.988,-1.526
-1.535,-1.204
-1.614,-1.329
-1.827,3.059
-2.721,3.173
2.295,3.045
2.005,3.283
1.054,3.195
0.86,3.061
0.663,3.263
0.393,3.093
0.23,3.116
-2.769,1.166
-2.777,2.379
1.867,-0.399
-0.941,-0.414
-2.283,0.433
-2.307,0.126
0.15,1.973
-1.07,2.434
-1.4,1.743
-2.087,2.286
-2.78,0.803
-3.074,0.152
1.555,1.637
1.23,2.386
1.183,1.567
1.236,-0.183
0.931,1.62
-0.276,2.267
-1.087,2.799
-1.49,-1.514
1.228,3.177
2.884,3.201
3.102,2.504
0.01,-2.386
-0.054,-1.709
-0.095,-2.544
-0.232,-2.582
-0.292,-0.59
-0.335,-0.36
-0.32,-1.38
-0.345,0.307
-0.34,-0.304
-0.371,-0.272
-0.317,-0.501
-0.42,-2.658
-0.397,-1.297
-0.501,-1.161
-0.648,-0.587
-0.623,-0.22
-0.709,-1.99
-0.816,-2.223
-0.853,-0.776
-0.967,-1.699
-0.989,-3.029
-1.183,-2.303
-1.2,-2.636
-1.188,-2.912
-1.234,-2.282
-1.466,0.809
-1.473,-1.022
-1.498,-2.572
-1.482,-0.574
-1.569,-1.057
-1.615,-2.922
-1.538,0.162
-1.573,-1.625
-1.577,-2.047
-1.676,-0.409
-1.631,-1.224
-1.694,-2.255
-1.654,-2.242
-1.671,-1.755
-1.682,-0.612
-1.758,-1.431
-1.77,-2.091
-1.784,-2.089
-1.724,-0.774
-1.806,-3.281
-1.827,-3.416
-1.926,-3.272
-2.062,-3.339
-2.036,-3.13
-2.148,-3.221
-2.619,-3.14
-2.556,-3.289
-2.556,-3.226
-2.63,-3.29
-3.1,-3.225
2.341,-3.165
2.217,-3.427
1.939,-3.405
1.901,-3.398
1.548,-3.266
1.056,-3.23
0.57,-3.236
0.419,-3.44
0.292,-3.443
0.126,-3.192
-0.441,-3.401
-0.55,-3.435
-0.497,-3.228
-0.485,-3.155
-0.617,-3.257
-1.468,-3.587
-1.434,-3.432
-1.546,-3.586
-1.543,-3.492
-1.649,-3.551
-2.368,1.08
-2.907,0.868
-2.876,1.188
-2.903,1.061
2.766,1.142
2.13,0.955
2.106,1.007
1.569,1.116
1.195,1.104
1.065,1.188
0.916,1.046
0.71,0.989
0.67,1.098
0.343,1.091
0.021,1.114
-0.726,1.012
-1.087,1.083
-1.251,0.995
-1.699,0.909
-1.706,-2.117
-2.122,-0.242
2.044,-2.289
1.867,-2.553
1.832,-0.292
1.738,0.023
0.521,-2.73
0.027,-1.104
-0.386,0.272
1.022,-3.651
-0.551,0.865
-1.748,-1.753
-1.75,-0.595
-1.95,-2.923
-1.929,-0.808
-1.924,-1.993
-1.942,-2.039
-2.172,-1.542
-2.179,-0.218
-2.044,-2.775
-2.176,-1.059
-2.227,0.35
-2.241,-2.85
-2.293,-3.001
-2.345,-1.949
-2.366,-0.695
-2.235,-1.813
-2.401,-3.003
-2.31,-2.037
-2.423,-1.442
-2.532,-1.928
-2.447,-1.351
-2.479,0.251
-2.604,-2.028
-2.601,-1.598
-2.506,-1.766
-2.573,-1.421
-2.758,-1.642
-2.871,-3.03
-2.885,-2.877
-2.83,-2.4
-2.964,-1.61
-3.01,0.766
-3.108,-1.427
3.081,-2.556
2.953,-1.266
2.837,-0.455
2.581,-2.394
2.605,-2.277
2.42,-0.597
2.563,0.792
2.382,-2.804
2.36,-1.365
2.383,-0.685
2.381,-1.413
2.337,-1.566
2.269,-0.364
2.18,-2.101
2.018,-0.568
2.011,-0.587
1.867,-1.588
1.891,-0.563
1.576,0.731
1.724,-0.269
1.542,-0.612
1.651,0.301
1.529,-0.535
1.433,0.676
1.422,-1.141
1.415,-2.492
1.509,0.328
1.346,-1.709
1.272,-2.929
1.395,-0.639
1.377,-1.372
1.388,-0.277
1.333,0.626
1.315,0.845
1.309,-1.481
1.272,-3.014
1.113,0.633
1.077,-0.936
1.072,-0.721
0.979,-1.039
0.971,-0.49
1.072,0.436
1.072,-1.011
0.88,-1.048
1.005,-0.665
0.878,-2.478
0.827,-1.506
0.81,-1.78
0.814,-3.099
0.663,0.213
0.639,-1.992
0.71,-2.94
0.594,-2.124
0.62,-0.433
0.476,-0.732
0.495,0.716
0.444,-0.402
0.32,-2.941
0.416,-1.874
0.266,-2.95
0.22,0.202
0.187,-2.96
0.167,-0.808
0.284,-2.323
0.235,0.06
0.015,0.606
-0.038,-0.235
-0.174,-1.711
-0.333,-1.291
-0.259,-1.056
-0.356,-0.369
-0.379,-1.295
-0.7,-1.466
-0.719,0.275
-0.611,-2.214
-0.659,0.19
-0.889,-2.202
-0.809,0.824
-1.232,-0.951
-1.263,-2.302
-1.264,-1.17
-1.162,-2.206
-1.177,-1.938
-1.37,-1.084
-1.338,-2.622
-1.489,0.766
-1.405,-1.287
-1.512,-1.417
-1.545,-1.387
-1.639,0.695
-1.673,0.123
-1.569,-1.478
-1.6,-0.769
-1.624,-0.794
-1.794,-1.142
-1.697,-1.994
-1.838,-3.242
-1.829,-3.217
-2.385,-3.432
-2.686,-3.141
-2.813,-3.389
2.952,-3.512
2.777,-3.485
2.175,-3.593
1.876,-3.107
1.655,-3.451
1.645,-3.508
1.517,-3.417
1.464,-3.465
1.453,-3.595
1.166,-3.47
1.078,-3.282
0.639,-3.188
0.064,-3.595
-0.638,-3.29
-0.911,-3.617
-1.458,-3.295
-1.537,-3.42
-1.75,0.968
-2.644,1.082
2.372,0.954
2.082,1.192
1.131,1.104
0.937,0.97
0.74,1.172
0.47,1.002
0.307,1.025
-2.692,-0.925
-2.7,0.288
1.944,-2.49
-0.864,-2.505
-2.206,-1.658
-2.23,-1.965
0.227,-0.118
-0.993,0.343
-1.323,-0.348
-2.01,0.195
-2.703,-1.288
-2.997,-1.939
1.632,-0.454
1.307,0.295
1.26,-0.524
1.313,-2.274
1.008,-0.471
-0.199,0.176
-1.01,0.708
-1.413,-3.605
1.305,1.086
2.961,1.11
-3.104,0.413
-0.064,0.677
-0.105,-0.158
-0.242,-0.196
-0.302,1.796
-0.345,2.026
-0.33,1.006
-0.355,2.693
-0.35,2.082
-0.381,2.114
-0.327,1.885
-0.43,-0.272
-0.407,1.089
-0.511,1.225
-0.658,1.799
-0.633,2.166
-0.719,0.396
-0.826,0.163
-0.863,1.61
-0.977,0.687
-0.999,-0.643
-1.193,0.083
-1.21,-0.25
-1.198,-0.526
-1.244,0.104
-1.476,3.195
-1.483,1.364
-1.508,-0.186
-1.492,1.812
-1.579,1.329
-1.625,-0.536
-1.548,2.548
-1.583,0.761
-1.587,0.339
-1.686,1.977
-1.641,1.162
-1.704,0.131
-1.664,0.144
-1.681,0.631
-1.692,1.774
-1.768,0.955
-1.78,0.295
-1.794,0.297
-1.734,1.612
-1.816,-0.895
-1.837,-1.03
-1.936,-0.886
-2.072,-0.953
-2.046,-0.744
-2.158,-0.835
-2.629,-0.754
-2.566,-0.903
-2.566,-0.84
-2.64,-0.904
-3.11,-0.839
2.331,-0.779
2.207,-1.041
1.929,-1.019
1.891,-1.012
1.538,-0.88
1.046,-0.844
0.56,-0.85
0.409,-1.054
0.282,-1.057
0.116,-0.806
-0.451,-1.015
-0.56,-1.049
-0.507,-0.842
-0.495,-0.769
-0.627,-0.871
-1.478,-1.201
-1.444,-1.046
-1.556,-1.2
-1.553,-1.106
-1.659,-1.165
-2.378,3.466
-2.917,3.254
-2.886,3.574
-2.913,3.447
2.756,3.528
2.12,3.341
2.096,3.393
1.559,3.502
1.185,3.49
1.055,3.574
0.906,3.432
0.7,3.375
0.66,3.484
0.333,3.477
0.011,3.5
-0.736,3.398
-1.097,3.469
-1.261,3.381
-1.709,3.295
-1.716,0.269
-2.132,2.144
2.034,0.097
1.857,-0.167
1.822,2.094
1.728,2.409
0.511,-0.344
0.017,1.282
-0.396,2.658
1.012,-1.265
-0.561,3.251
-1.758,0.633
-1.76,1.791
-1.96,-0.537
-1.939,1.578
-1.934,0.393
-1.952,0.347
-2.182,0.844
-2.189,2.168
-2.054,-0.389
-2.186,1.327
-2.237,2.736
-2.251,-0.464
-2.303,-0.615
-2.355,0.437
-2.376,1.691
-2.245,0.573
-2.411,-0.617
-2.32,0.349
-2.433,0.944
-2.542,0.458
-2.457,1.035
-2.489,2.637
-2.614,0.358
-2.611,0.788
-2.516,0.62
-2.583,0.965
-2.768,0.744
-2.881,-0.644
-2.895,-0.491
-2.84,-0.014
-2.974,0.776
-3.02,3.152
-3.118,0.959
3.071,-0.17
2.943,1.12
2.827,1.931
2.571,-0.008
2.595,0.109
2.41,1.789
2.553,3.178
2.372,-0.418
2.35,1.021
2.373,1.701
2.371,0.973
2.327,0.82
2.259,2.022
2.17,0.285
2.008,1.818
2.001,1.799
1.857,0.798
1.881,1.823
1.566,3.117
1.714,2.117
1.532,1.774
1.641,2.687
1.519,1.851
1.423,3.062
1.412,1.245
1.405,-0.106
1.499,2.714
1.336,0.677
1.262,-0.543
1.385,1.747
1.367,1.014
1.378,2.109
1.323,3.012
1.305,3.231
1.299,0.905
1.262,-0.628
1.103,3.019
1.067,1.45
1.062,1.665
0.969,1.347
0.961,1.896
1.062,2.822
1.062,1.375
0.87,1.338
0.995,1.721
0.868,-0.092
0.817,0.88
0.8,0.606
0.804,-0.713
0.653,2.599
0.629,0.394
0.7,-0.554
0.584,0.262
0.61,1.953
0.466,1.654
0.485,3.102
0.434,1.984
0.31,-0.555
0.406,0.512
0.256,-0.564
0.21,2.588
0.177,-0.574
0.157,1.578
0.274,0.063
0.225,2.446
0.005,2.992
-0.048,2.151
-0.184,0.675
-0.343,1.095
-0.269,1.33
-0.366,2.017
-0.389,1.091
-0.71,0.92
-0.729,2.661
-0.621,0.172
-0.669,2.576
-0.899,0.184
-0.819,3.21
-1.242,1.435
-1.273,0.084
-1.274,1.216
-1.172,0.18
-1.187,0.448
-1.38,1.302
-1.348,-0.236
-1.499,3.152
-1.415,1.099
-1.522,0.969
-1.555,0.999
-1.649,3.081
-1.683,2.509
-1.579,0.908
-1.61,1.617
-1.634,1.592
-1.804,1.244
-1.707,0.392
-1.848,-0.856
-1.839,-0.831
-2.395,-1.046
-2.696,-0.755
-2.823,-1.003
2.942,-1.126
2.767,-1.099
2.165,-1.207
1.866,-0.721
1.645,-1.065
1.635,-1.122
1.507,-1.031
1.454,-1.079
1.443,-1.209
1.156,-1.084
1.068,-0.896
0.629,-0.802
0.054,-1.209
-0.648,-0.904
-0.921,-1.231
-1.468,-0.909
-1.547,-1.034
-1.76,3.354
-2.654,3.468
2.362,3.34
2.072,3.578
1.121,3.49
0.927,3.356
0.73,3.558
0.46,3.388
0.297,3.411
-2.702,1.461
-2.71,2.674
1.934,-0.104
-0.874,-0.119
-2.216,0.728
-2.24,0.421
0.217,2.268
-1.003,2.729
-1.333,2.038
-2.02,2.581
-2.713,1.098
-3.007,0.447
1.622,1.932
1.297,2.681
1.25,1.862
1.303,0.112
0.998,1.915
-0.209,2.562
-1.02,3.094
-1.423,-1.219
1.295,3.472
2.951,3.496
-3.114,2.799
-0.041,-0.835
-0.178,-0.873
-0.238,1.119
-0.281,1.349
-0.266,0.329
-0.291,2.016
-0.286,1.405
-0.317,1.437
-0.263,1.208
-0.366,-0.949
-0.343,0.412
-0.447,0.548
-0.594,1.122
-0.569,1.489
-0.655,-0.281
-0.762,-0.514
-0.799,0.933
-0.913,0.01
-0.935,-1.32
-1.129,-0.594
-1.146,-0.927
-1.134,-1.203
-1.18,-0.573
-1.412,2.518
-1.419,0.687
-1.444,-0.863
-1.428,1.135
-1.515,0.652
-1.561,-1.213
-1.484,1.871
-1.519,0.084
-1.523,-0.338
-1.622,1.3
-1.577,0.485
-1.64,-0.546
-1.6,-0.533
-1.617,-0.046
-1.628,1.097
-1.704,0.278
-1.716,-0.382
-1.73,-0.38
-1.67,0.935
-1.752,-1.572
-1.773,-1.707
-1.872,-1.563
-2.008,-1.63
-1.982,-1.421
-2.094,-1.512
-2.565,-1.431
-2.502,-1.58
-2.502,-1.517
-2.576,-1.581
-3.046,-1.516
2.395,-1.456
2.271,-1.718
1.993,-1.696
1.955,-1.689
1.602,-1.557
1.11,-1.521
0.624,-1.527
0.473,-1.731
0.346,-1.734
0.18,-1.483
-0.387,-1.692
-0.496,-1.726
-0.443,-1.519
-0.431,-1.446
-0.563,-1.548
-1.414,-1.878
-1.38,-1.723
-1.492,-1.877
-1.489,-1.783
-1.595,-1.842
-2.314,2.789
-2.853,2.577
-2.822,2.897
-2.849,2.77
2.82,2.851
2.184,2.664
2.16,2.716
1.623,2.825
1.249,2.813
1.119,2.897
0.97,2.755
0.764,2.698
0.724,2.807
0.397,2.8
0.075,2.823
-0.672,2.721
-1.033,2.792
-1.197,2.704
-1.645,2.618
-1.652,-0.408
-2.068,1.467
2.098,-0.58
1.921,-0.844
1.886,1.417
1.792,1.732
0.575,-1.021
0.081,0.605
-0.332,1.981
1.076,-1.942
-0.497,2.574
-1.694,-0.044
-1.696,1.114
-1.896,-1.214
-1.875,0.901
-1.87,-0.284
-1.888,-0.33
-2.118,0.167
-2.125,1.491
-1.99,-1.066
-2.122,0.65
-2.173,2.059
-2.187,-1.141
-2.239,-1.292
-2.291,-0.24
-2.312,1.014
-2.181,-0.104
-2.347,-1.294
-2.256,-0.328
-2.369,0.267
-2.478,-0.219
-2.393,0.358
-2.425,1.96
-2.55,-0.319
-2.547,0.111
-2.452,-0.057
-2.519,0.288
-2.704,0.067
-2.817,-1.321
-2.831,-1.168
-2.776,-0.691
-2.91,0.099
-2.956,2.475
-3.054,0.282
3.135,-0.847
3.007,0.443
2.891,1.254
2.635,-0.685
2.659,-0.568
2.474,1.112
2.617,2.501
2.436,-1.095
2.414,0.344
2.437,1.024
2.435,0.296
2.391,0.143
2.323,1.345
2.234,-0.392
2.072,1.141
2.065,1.122
1.921,0.121
1.945,1.146
1.63,2.44
1.778,1.44
1.596,1.097
1.705,2.01
1.583,1.174
1.487,2.385
1.476,0.568
1.469,-0.783
1.563,2.037
1.4,0.0
1.326,-1.22
1.449,1.07
1.431,0.337
1.442,1.432
1.387,2.335
1.369,2.554
1.363,0.228
1.326,-1.305
1.167,2.342
1.131,0.773
1.126,0.988
1.033,0.67
1.025,1.219
1.126,2.145
1.126,0.698
0.934,0.661
1.059,1.044
0.932,-0.769
0.881,0.203
0.864,-0.071
0.868,-1.39
0.717,1.922
0.693,-0.283
0.764,-1.231
0.648,-0.415
0.674,1.276
0.53,0.977
0.549,2.425
0.498,1.307
0.374,-1.232
0.47,-0.165
0.32,-1.241
0.274,1.911
0.241,-1.251
0.221,0.901
0.338,-0.614
0.289,1.769
0.069,2.315
0.016,1.474
-0.12,-0.002
-0.279,0.418
-0.205,0.653
-0.302,1.34
-0.325,0.414
-0.646,0.243
-0.665,1.984
-0.557,-0.505
-0.605,1.899
-0.835,-0.493
-0.755,2.533
-1.178,0.758
-1.209,-0.593
-1.21,0.539
-1.108,-0.497
-1.123,-0.229
-1.316,0.625
-1.284,-0.913
-1.435,2.475
-1.351,0.422
-1.458,0.292
-1.491,0.322
-1.585,2.404
-1.619,1.832
-1.515,0.231
-1.546,0.94
-1.57,0.915
-1.74,0.567
-1.643,-0.285
-1.784,-1.533
-1.775,-1.508
-2.331,-1.723
-2.632,-1.432
-2.759,-1.68
3.006,-1.803
2.831,-1.776
2.229,-1.884
1.93,-1.398
1.709,-1.742
1.699,-1.799
1.571,-1.708
1.518,-1.756
1.507,-1.886
1.22,-1.761
1.132,-1.573
0.693,-1.479
0.118,-1.886
-0.584,-1.581
-0.857,-1.908
-1.404,-1.586
-1.483,-1.711
-1.696,2.677
-2.59,2.791
2.426,2.663
2.136,2.901
1.185,2.813
0.991,2.679
0.794,2.881
0.524,2.711
0.361,2.734
-2.638,0.784
-2.646,1.997
1.998,-0.781
-0.81,-0.796
-2.152,0.051
-2.176,-0.256
0.281,1.591
-0.939,2.052
-1.269,1.361
-1.956,1.904
-2.649,0.421
-2.943,-0.23
1.686,1.255
1.361,2.004
1.314,1.185
1.367,-0.565
1.062,1.238
-0.145,1.885
-0.956,2.417
-1.359,-1.896
1.359,2.795
3.015,2.819
-3.05,2.122
-0.137,-0.038
-0.197,1.954
-0.24,2.184
-0.225,1.164
-0.25,2.851
-0.245,2.24
-0.276,2.272
-0.222,2.043
-0.325,-0.114
-0.302,1.247
-0.406,1.383
-0.553,1.957
-0.528,2.324
-0.614,0.554
-0.721,0.321
-0.758,1.768
-0.872,0.845
-0.894,-0.485
-1.088,0.241
-1.105,-0.092
-1.093,-0.368
-1.139,0.262
-1.371,3.353
-1.378,1.522
-1.403,-0.028
-1.387,1.97
-1.474,1.487
-1.52,-0.378
-1.443,2.706
-1.478,0.919
-1.482,0.497
-1.581,2.135
-1.536,1.32
-1.599,0.289
-1.559,0.302
-1.576,0.789
-1.587,1.932
-1.663,1.113
-1.675,0.453
-1.689,0.455
-1.629,1.77
-1.711,-0.737
-1.732,-0.872
-1.831,-0.728
-1.967,-0.795
-1.941,-0.586
-2.053,-0.677
-2.524,-0.596
-2.461,-0.745
-2.461,-0.682
-2.535,-0.746
-3.005,-0.681
2.436,-0.621
2.312,-0.883
2.034,-0.861
1.996,-0.854
1.643,-0.722
1.151,-0.686
0.665,-0.692
0.514,-0.896
0.387,-0.899
0.221,-0.648
-0.346,-0.857
-0.455,-0.891
-0.402,-0.684
-0.39,-0.611
-0.522,-0.713
-1.373,-1.043
-1.339,-0.888
-1.451,-1.042
-1.448,-0.948
-1.554,-1.007
-2.273,3.624
-2.812,3.412
-2.781,3.732
-2.808,3.605
2.861,3.686
2.225,3.499
2.201,3.551
1.664,3.66
1.29,3.648
1.16,3.732
1.011,3.59
0.805,3.533
0.765,3.642
0.438,3.635
0.116,3.658
-0.631,3.556
-0.992,3.627
-1.156,3.539
-1.604,3.453
-1.611,0.427
-2.027,2.302
2.139,0.255
1.962,-0.009
1.927,2.252
1.833,2.567
0.616,-0.186
0.122,1.44
-0.291,2.816
1.117,-1.107
-0.456,3.409
-1.653,0.791
-1.655,1.949
-1.855,-0.379
-1.834,1.736
-1.829,0.551
-1.847,0.505
-2.077,1.002
-2.084,2.326
-1.949,-0.231
-2.081,1.485
-2.132,2.894
-2.146,-0.306
-2.198,-0.457
-2.25,0.595
-2.271,1.849
-2.14,0.731
-2.306,-0.459
-2.215,0.507
-2.328,1.102
-2.437,0.616
-2.352,1.193
-2.384,2.795
-2.509,0.516
-2.506,0.946
-2.411,0.778
-2.478,1.123
-2.663,0.902
-2.776,-0.486
-2.79,-0.333
-2.735,0.144
-2.869,0.934
-2.915,3.31
-3.013,1.117
-3.107,-0.012
3.048,1.278
2.932,2.089
2.676,0.15
2.7,0.267
2.515,1.947
2.658,3.336
2.477,-0.26
2.455,1.179
2.478,1.859
2.476,1.131
2.432,0.978
2.364,2.18
2.275,0.443
2.113,1.976
2.106,1.957
1.962,0.956
1.986,1.981
1.671,3.275
1.819,2.275
1.637,1.932
1.746,2.845
1.624,2.009
1.528,3.22
1.517,1.403
1.51,0.052
1.604,2.872
1.441,0.835
1.367,-0.385
1.49,1.905
1.472,1.172
1.483,2.267
1.428,3.17
1.41,3.389
1.404,1.063
1.367,-0.47
1.208,3.177
1.172,1.608
1.167,1.823
1.074,1.505
1.066,2.054
1.167,2.98
1.167,1.533
0.975,1.496
1.1,1.879
0.973,0.066
0.922,1.038
0.905,0.764
0.909,-0.555
0.758,2.757
0.734,0.552
0.805,-0.396
0.689,0.42
0.715,2.111
0.571,1.812
0.59,3.26
0.539,2.142
0.415,-0.397
0.511,0.67
0.361,-0.406
0.315,2.746
0.282,-0.416
0.262,1.736
0.379,0.221
0.33,2.604
0.11,3.15
0.057,2.309
-0.079,0.833
-0.238,1.253
-0.164,1.488
-0.261,2.175
-0.284,1.249
-0.605,1.078
-0.624,2.819
-0.516,0.33
-0.564,2.734
-0.794,0.342
-0.714,3.368
-1.137,1.593
-1.168,0.242
-1.169,1.374
-1.067,0.338
-1.082,0.606
-1.275,1.46
-1.243,-0.078
-1.394,3.31
-1.31,1.257
-1.417,1.127
-1.45,1.157
-1.544,3.239
-1.578,2.667
-1.474,1.066
-1.505,1.775
-1.529,1.75
-1.699,1.402
-1.602,0.55
-1.743,-0.698
-1.734,-0.673
-2.29,-0.888
-2.591,-0.597
-2.718,-0.845
3.047,-0.968
2.872,-0.941
2.27,-1.049
1.971,-0.563
1.75,-0.907
1.74,-0.964
1.612,-0.873
1.559,-0.921
1.548,-1.051
1.261,-0.926
1.173,-0.738
0.734,-0.644
0.159,-1.051
-0.543,-0.746
-0.816,-1.073
-1.363,-0.751
-1.442,-0.876
-1.655,3.512
-2.549,3.626
2.467,3.498
2.177,3.736
1.226,3.648
1.032,3.514
0.835,3.716
0.565,3.546
0.402,3.569
-2.597,1.619
-2.605,2.832
2.039,0.054
-0.769,0.039
-2.111,0.886
-2.135,0.579
0.322,2.426
-0.898,2.887
-1.228,2.196
-1.915,2.739
-2.608,1.256
-2.902,0.605
1.727,2.09
1.402,2.839
1.355,2.02
1.408,0.27
1.103,2.073
-0.104,2.72
-0.915,3.252
-1.318,-1.061
1.4,3.63
3.056,3.654
-3.009,2.957
-0.06,1.992
-0.103,2.222
-0.088,1.202
-0.113,2.889
-0.108,2.278
-0.139,2.31
-0.085,2.081
-0.188,-0.076
-0.165,1.285
-0.269,1.421
-0.416,1.995
-0.391,2.362
-0.477,0.592
-0.584,0.359
-0.621,1.806
-0.735,0.883
-0.757,-0.447
-0.951,0.279
-0.968,-0.054
-0.956,-0.33
-1.002,0.3
-1.234,3.391
-1.241,1.56
-1.266,0.01
-1.25,2.008
-1.337,1.525
-1.383,-0.34
-1.306,2.744
-1.341,0.957
-1.345,0.535
-1.444,2.173
-1.399,1.358
-1.462,0.327
-1.422,0.34
-1.439,0.827
-1.45,1.97
-1.526,1.151
-1.538,0.491
-1.552,0.493
-1.492,1.808
-1.574,-0.699
-1.595,-0.834
-1.694,-0.69
-1.83,-0.757
-1.804,-0.548
-1.916,-0.639
-2.387,-0.558
-2.324,-0.707
-2.324,-0.644
-2.398,-0.708
-2.868,-0.643
2.573,-0.583
2.449,-0.845
2.171,-0.823
2.133,-0.816
1.78,-0.684
1.288,-0.648
0.802,-0.654
0.651,-0.858
0.524,-0.861
0.358,-0.61
-0.209,-0.819
-0.318,-0.853
-0.265,-0.646
-0.253,-0.573
-0.385,-0.675
-1.236,-1.005
-1.202,-0.85
-1.314,-1.004
-1.311,-0.91
-1.417,-0.969
-2.136,3.662
-2.675,3.45
-2.644,3.77
-2.671,3.643
2.998,3.724
2.362,3.537
2.338,3.589
1.801,3.698
1.427,3.686
1.297,3.77
1.148,3.628
0.942,3.571
0.902,3.68
0.575,3.673
0.253,3.696
-0.494,3.594
-0.855,3.665
-1.019,3.577
-1.467,3.491
-1.474,0.465
-1.89,2.34
2.276,0.293
2.099,0.029
2.064,2.29
1.97,2.605
0.753,-0.148
0.259,1.478
-0.154,2.854
1.254,-1.069
-0.319,3.447
-1.516,0.829
-1.518,1.987
-1.718,-0.341
-1.697,1.774
-1.692,0.589
-1.71,0.543
-1.94,1.04
-1.947,2.364
-1.812,-0.193
-1.944,1.523
-1.995,2.932
-2.009,-0.268
-2.061,-0.419
-2.113,0.633
-2.134,1.887
-2.003,0.769
-2.169,-0.421
-2.078,0.545
-2.191,1.14
-2.3,0.654
-2.215,1.231
-2.247,2.833
-2.372,0.554
-2.369,0.984
-2.274,0.816
-2.341,1.161
-2.526,0.94
-2.639,-0.448
-2.653,-0.295
-2.598,0.182
-2.732,0.972
-2.778,3.348
-2.876,1.155
-2.97,0.026
-3.098,1.316
3.069,2.127
2.813,0.188
2.837,0.305
2.652,1.985
2.795,3.374
2.614,-0.222
2.592,1.217
2.615,1.897
2.613,1.169
2.569,1.016
2.501,2.218
2.412,0.481
2.25,2.014
2.243,1.995
2.099,0.994
2.123,2.019
1.808,3.313
1.956,2.313
1.774,1.97
1.883,2.883
1.761,2.047
1.665,3.258
1.654,1.441
1.647,0.09
1.741,2.91
1.578,0.873
1.504,-0.347
1.627,1.943
1.609,1.21
1.62,2.305
1.565,3.208
1.547,3.427
1.541,1.101
1.504,-0.432
1.345,3.215
1.309,1.646
1.304,1.861
1.211,1.543
1.203,2.092
1.304,3.018
1.304,1.571
1.112,1.534
1.237,1.917
1.11,0.104
1.059,1.076
1.042,0.802
1.046,-0.517
0.895,2.795
0.871,0.59
0.942,-0.358
0.826,0.458
0.852,2.149
0.708,1.85
0.727,3.298
0.676,2.18
0.552,-0.359
0.648,0.708
0.498,-0.368
0.452,2.784
0.419,-0.378
0.399,1.774
0.516,0.259
0.467,2.642
0.247,3.188
0.194,2.347
0.058,0.871
-0.101,1.291
-0.027,1.526
-0.124,2.213
-0.147,1.287
-0.468,1.116
-0.487,2.857
-0.379,0.368
-0.427,2.772
-0.657,0.38
-0.577,3.406
-1.0,1.631
-1.031,0.28
-1.032,1.412
-0.93,0.376
-0.945,0.644
-1.138,1.498
-1.106,-0.04
-1.257,3.348
-1.173,1.295
-1.28,1.165
-1.313,1.195
-1.407,3.277
-1.441,2.705
-1.337,1.104
-1.368,1.813
-1.392,1.788
-1.562,1.44
-1.465,0.588
-1.606,-0.66
-1.597,-0.635
-2.153,-0.85
-2.454,-0.559
-2.581,-0.807
-3.099,-0.93
3.009,-0.903
2.407,-1.011
2.108,-0.525
1.887,-0.869
1.877,-0.926
1.749,-0.835
1.696,-0.883
1.685,-1.013
1.398,-0.888
1.31,-0.7
0.871,-0.606
0.296,-1.013
-0.406,-0.708
-0.679,-1.035
-1.226,-0.713
-1.305,-0.838
-1.518,3.55
-2.412,3.664
2.604,3.536
2.314,3.774
1.363,3.686
1.169,3.552
0.972,3.754
0.702,3.584
0.539,3.607
-2.46,1.657
-2.468,2.87
2.176,0.092
-0.632,0.077
-1.974,0.924
-1.998,0.617
0.459,2.464
-0.761,2.925
-1.091,2.234
-1.778,2.777
-2.471,1.294
-2.765,0.643
1.864,2.128
1.539,2.877
1.492,2.058
1.545,0.308
1.24,2.111
0.033,2.758
-0.778,3.29
-1.181,-1.023
1.537,3.668
-3.09,3.692
-2.872,2.995
-0.043,0.23
-0.028,-0.79
-0.053,0.897
-0.048,0.286
-0.079,0.318
-0.025,0.089
-0.128,-2.068
-0.105,-0.707
-0.209,-0.571
-0.356,0.003
-0.331,0.37
-0.417,-1.4
-0.524,-1.633
-0.561,-0.186
-0.675,-1.109
-0.697,-2.439
-0.891,-1.713
-0.908,-2.046
-0.896,-2.322
-0.942,-1.692
-1.174,1.399
-1.181,-0.432
-1.206,-1.982
-1.19,0.016
-1.277,-0.467
-1.323,-2.332
-1.246,0.752
-1.281,-1.035
-1.285,-1.457
-1.384,0.181
-1.339,-0.634
-1.402,-1.665
-1.362,-1.652
-1.379,-1.165
-1.39,-0.022
-1.466,-0.841
-1.478,-1.501
-1.492,-1.499
-1.432,-0.184
-1.514,-2.691
-1.535,-2.826
-1.634,-2.682
-1.77,-2.749
-1.744,-2.54
-1.856,-2.631
-2.327,-2.55
-2.264,-2.699
-2.264,-2.636
-2.338,-2.7
-2.808,-2.635
2.633,-2.575
2.509,-2.837
2.231,-2.815
2.193,-2.808
1.84,-2.676
1.348,-2.64
0.862,-2.646
0.711,-2.85
0.584,-2.853
0.418,-2.602
-0.149,-2.811
-0.258,-2.845
-0.205,-2.638
-0.193,-2.565
-0.325,-2.667
-1.176,-2.997
-1.142,-2.842
-1.254,-2.996
-1.251,-2.902
-1.357,-2.961
-2.076,1.67
-2.615,1.458
-2.584,1.778
-2.611,1.651
3.058,1.732
2.422,1.545
2.398,1.597
1.861,1.706
1.487,1.694
1.357,1.778
1.208,1.636
1.002,1.579
0.962,1.688
0.635,1.681
0.313,1.704
-0.434,1.602
-0.795,1.673
-0.959,1.585
-1.407,1.499
-1.414,-1.527
-1.83,0.348
2.336,-1.699
2.159,-1.963
2.124,0.298
2.03,0.613
0.813,-2.14
0.319,-0.514
-0.094,0.862
1.314,-3.061
-0.259,1.455
-1.456,-1.163
-1.458,-0.005
-1.658,-2.333
-1.637,-0.218
-1.632,-1.403
-1.65,-1.449
-1.88,-0.952
-1.887,0.372
-1.752,-2.185
-1.884,-0.469
-1.935,0.94
-1.949,-2.26
-2.001,-2.411
-2.053,-1.359
-2.074,-0.105
-1.943,-1.223
-2.109,-2.413
-2.018,-1.447
-2.131,-0.852
-2.24,-1.338
-2.155,-0.761
-2.187,0.841
-2.312,-1.438
-2.309,-1.008
-2.214,-1.176
-2.281,-0.831
-2.466,-1.052
-2.579,-2.44
-2.593,-2.287
-2.538,-1.81
-2.672,-1.02
-2.718,1.356
-2.816,-0.837
-2.91,-1.966
-3.038,-0.676
3.129,0.135
2.873,-1.804
2.897,-1.687
2.712,-0.007
2.855,1.382
2.674,-2.214
2.652,-0.775
2.675,-0.095
2.673,-0.823
2.629,-0.976
2.561,0.226
2.472,-1.511
2.31,0.022
2.303,0.003
2.159,-0.998
2.183,0.027
1.868,1.321
2.016,0.321
1.834,-0.022
1.943,0.891
1.821,0.055
1.725,1.266
1.714,-0.551
1.707,-1.902
1.801,0.918
1.638,-1.119
1.564,-2.339
1.687,-0.049
1.669,-0.782
1.68,0.313
1.625,1.216
1.607,1.435
1.601,-0.891
1.564,-2.424
1.405,1.223
1.369,-0.346
1.364,-0.131
1.271,-0.449
1.263,0.1
1.364,1.026
1.364,-0.421
1.172,-0.458
1.297,-0.075
1.17,-1.888
1.119,-0.916
1.102,-1.19
1.106,-2.509
0.955,0.803
0.931,-1.402
1.002,-2.35
0.886,-1.534
0.912,0.157
0.768,-0.142
0.787,1.306
0.736,0.188
0.612,-2.351
0.708,-1.284
0.558,-2.36
0.512,0.792
0.479,-2.37
0.459,-0.218
0.576,-1.733
0.527,0.65
0.307,1.196
0.254,0.355
0.118,-1.121
-0.041,-0.701
0.033,-0.466
-0.064,0.221
-0.087,-0.705
-0.408,-0.876
-0.427,0.865
-0.319,-1.624
-0.367,0.78
-0.597,-1.612
-0.517,1.414
-0.94,-0.361
-0.971,-1.712
-0.972,-0.58
-0.87,-1.616
-0.885,-1.348
-1.078,-0.494
-1.046,-2.032
-1.197,1.356
-1.113,-0.697
-1.22,-0.827
-1.253,-0.797
-1.347,1.285
-1.381,0.713
-1.277,-0.888
-1.308,-0.179
-1.332,-0.204
-1.502,-0.552
-1.405,-1.404
-1.546,-2.652
-1.537,-2.627
-2.093,-2.842
-2.394,-2.551
-2.521,-2.799
-3.039,-2.922
3.069,-2.895
2.467,-3.003
2.168,-2.517
1.947,-2.861
1.937,-2.918
1.809,-2.827
1.756,-2.875
1.745,-3.005
1.458,-2.88
1.37,-2.692
0.931,-2.598
0.356,-3.005
-0.346,-2.7
-0.619,-3.027
-1.166,-2.705
-1.245,-2.83
-1.458,1.558
-2.352,1.672
2.664,1.544
2.374,1.782
1.423,1.694
1.229,1.56
1.032,1.762
0.762,1.592
0.599,1.615
-2.4,-0.335
-2.408,0.878
2.236,-1.9
-0.572,-1.915
-1.914,-1.068
-1.938,-1.375
0.519,0.472
-0.701,0.933
-1.031,0.242
-1.718,0.785
-2.411,-0.698
-2.705,-1.349
1.924,0.136
1.599,0.885
1.552,0.066
1.605,-1.684
1.3,0.119
0.093,0.766
-0.718,1.298
-1.121,-3.015
1.597,1.676
-3.03,1.7
-2.812,1.003
0.015,-1.02
-0.01,0.667
-0.005,0.056
-0.036,0.088
0.018,-0.141
-0.085,-2.298
-0.062,-0.937
-0.166,-0.801
-0.313,-0.227
-0.288,0.14
-0.374,-1.63
-0.481,-1.863
-0.518,-0.416
-0.632,-1.339
-0.654,-2.669
-0.848,-1.943
-0.865,-2.276
-0.853,-2.552
-0.899,-1.922
-1.131,1.169
-1.138,-0.662
-1.163,-2.212
-1.147,-0.214
-1.234,-0.697
-1.28,-2.562
-1.203,0.522
-1.238,-1.265
-1.242,-1.687
-1.341,-0.049
-1.296,-0.864
-1.359,-1.895
-1.319,-1.882
-1.336,-1.395
-1.347,-0.252
-1.423,-1.071
-1.435,-1.731
-1.449,-1.729
-1.389,-0.414
-1.471,-2.921
-1.492,-3.056
-1.591,-2.912
-1.727,-2.979
-1.701,-2.77
-1.813,-2.861
-2.284,-2.78
-2.221,-2.929
-2.221,-2.866
-2.295,-2.93
-2.765,-2.865
2.676,-2.805
2.552,-3.067
2.274,-3.045
2.236,-3.038
1.883,-2.906
1.391,-2.87
0.905,-2.876
0.754,-3.08
0.627,-3.083
0.461,-2.832
-0.106,-3.041
-0.215,-3.075
-0.162,-2.868
-0.15,-2.795
-0.282,-2.897
-1.133,-3.227
-1.099,-3.072
-1.211,-3.226
-1.208,-3.132
-1.314,-3.191
-2.033,1.44
-2.572,1.228
-2.541,1.548
-2.568,1.421
3.101,1.502
2.465,1.315
2.441,1.367
1.904,1.476
1.53,1.464
1.4,1.548
1.251,1.406
1.045,1.349
1.005,1.458
0.678,1.451
0.356,1.474
-0.391,1.372
-0.752,1.443
-0.916,1.355
-1.364,1.269
-1.371,-1.757
-1.787,0.118
2.379,-1.929
2.202,-2.193
2.167,0.068
2.073,0.383
0.856,-2.37
0.362,-0.744
-0.051,0.632
1.357,-3.291
-0.216,1.225
-1.413,-1.393
-1.415,-0.235
-1.615,-2.563
-1.594,-0.448
-1.589,-1.633
-1.607,-1.679
-1.837,-1.182
-1.844,0.142
-1.709,-2.415
-1.841,-0.699
-1.892,0.71
-1.906,-2.49
-1.958,-2.641
-2.01,-1.589
-2.031,-0.335
-1.9,-1.453
-2.066,-2.643
-1.975,-1.677
-2.088,-1.082
-2.197,-1.568
-2.112,-0.991
-2.144,0.611
-2.269,-1.668
-2.266,-1.238
-2.171,-1.406
-2.238,-1.061
-2.423,-1.282
-2.536,-2.67
-2.55,-2.517
-2.495,-2.04
-2.629,-1.25
-2.675,1.126
-2.773,-1.067
-2.867,-2.196
-2.995,-0.906
-3.111,-0.095
2.916,-2.034
2.94,-1.917
2.755,-0.237
2.898,1.152
2.717,-2.444
2.695,-1.005
2.718,-0.325
2.716,-1.053
2.672,-1.206
2.604,-0.004
2.515,-1.741
2.353,-0.208
2.346,-0.227
2.202,-1.228
2.226,-0.203
1.911,1.091
2.059,0.091
1.877,-0.252
1.986,0.661
1.864,-0.175
1.768,1.036
1.757,-0.781
1.75,-2.132
1.844,0.688
1.681,-1.349
1.607,-2.569
1.73,-0.279
1.712,-1.012
1.723,0.083
1.668,0.986
1.65,1.205
1.644,-1.121
1.607,-2.654
1.448,0.993
1.412,-0.576
1.407,-0.361
1.314,-0.679
1.306,-0.13
1.407,0.796
1.407,-0.651
1.215,-0.688
1.34,-0.305
1.213,-2.118
1.162,-1.146
1.145,-1.42
1.149,-2.739
0.998,0.573
0.974,-1.632
1.045,-2.58
0.929,-1.764
0.955,-0.073
0.811,-0.372
0.83,1.076
0.779,-0.042
0.655,-2.581
0.751,-1.514
0.601,-2.59
0.555,0.562
0.522,-2.6
0.502,-0.448
0.619,-1.963
0.57,0.42
0.35,0.966
0.297,0.125
0.161,-1.351
0.002,-0.931
0.076,-0.696
-0.021,-0.009
-0.044,-0.935
-0.365,-1.106
-0.384,0.635
-0.276,-1.854
-0.324,0.55
-0.554,-1.842
-0.474,1.184
-0.897,-0.591
-0.928,-1.942
-0.929,-0.81
-0.827,-1.846
-0.842,-1.578
-1.035,-0.724
-1.003,-2.262
-1.154,1.126
-1.07,-0.927
-1.177,-1.057
-1.21,-1.027
-1.304,1.055
-1.338,0.483
-1.234,-1.118
-1.265,-0.409
-1.289,-0.434
-1.459,-0.782
-1.362,-1.634
-1.503,-2.882
-1.494,-2.857
-2.05,-3.072
-2.351,-2.781
-2.478,-3.029
-2.996,-3.152
3.112,-3.125
2.51,-3.233
2.211,-2.747
1.99,-3.091
1.98,-3.148
1.852,-3.057
1.799,-3.105
1.788,-3.235
1.501,-3.11
1.413,-2.922
0.974,-2.828
0.399,-3.235
-0.303,-2.93
-0.576,-3.257
-1.123,-2.935
-1.202,-3.06
-1.415,1.328
-2.309,1.442
2.707,1.314
2.417,1.552
1.466,1.464
1.272,1.33
1.075,1.532
0.805,1.362
0.642,1.385
-2.357,-0.565
-2.365,0.648
2.279,-2.13
-0.529,-2.145
-1.871,-1.298
-1.895,-1.605
0.562,0.242
-0.658,0.703
-0.988,0.012
-1.675,0.555
-2.368,-0.928
-2.662,-1.579
1.967,-0.094
1.642,0.655
1.595,-0.164
1.648,-1.914
1.343,-0.111
0.136,0.536
-0.675,1.068
-1.078,-3.245
1.64,1.446
-2.987,1.47
-2.769,0.773
-0.025,1.687
-0.02,1.076
-0.051,1.108
0.003,0.879
-0.1,-1.278
-0.077,0.083
-0.181,0.219
-0.328,0.793
-0.303,1.16
-0.389,-0.61
-0.496,-0.843
-0.533,0.604
-0.647,-0.319
-0.669,-1.649
-0.863,-0.923
-0.88,-1.256
-0.868,-1.532
-0.914,-0.902
-1.146,2.189
-1.153,0.358
-1.178,-1.192
-1.162,0.806
-1.249,0.323
-1.295,-1.542
-1.218,1.542
-1.253,-0.245
-1.257,-0.667
-1.356,0.971
-1.311,0.156
-1.374,-0.875
-1.334,-0.862
-1.351,-0.375
-1.362,0.768
-1.438,-0.051
-1.45,-0.711
-1.464,-0.709
-1.404,0.606
-1.486,-1.901
-1.507,-2.036
-1.606,-1.892
-1.742,-1.959
-1.716,-1.75
-1.828,-1.841
-2.299,-1.76
-2.236,-1.909
-2.236,-1.846
-2.31,-1.91
-2.78,-1.845
2.661,-1.785
2.537,-2.047
2.259,-2.025
2.221,-2.018
1.868,-1.886
1.376,-1.85
0.89,-1.856
0.739,-2.06
0.612,-2.063
0.446,-1.812
-0.121,-2.021
-0.23,-2.055
-0.177,-1.848
-0.165,-1.775
-0.297,-1.877
-1.148,-2.207
-1.114,-2.052
-1.226,-2.206
-1.223,-2.112
-1.329,-2.171
-2.048,2.46
-2.587,2.248
-2.556,2.568
-2.583,2.441
3.086,2.522
2.45,2.335
2.426,2.387
1.889,2.496
1.515,2.484
1.385,2.568
1.236,2.426
1.03,2.369
0.99,2.478
0.663,2.471
0.341,2.494
-0.406,2.392
-0.767,2.463
-0.931,2.375
-1.379,2.289
-1.386,-0.737
-1.802,1.138
2.364,-0.909
2.187,-1.173
2.152,1.088
2.058,1.403
0.841,-1.35
0.347,0.276
-0.066,1.652
1.342,-2.271
-0.231,2.245
-1.428,-0.373
-1.43,0.785
-1.63,-1.543
-1.609,0.572
-1.604,-0.613
-1.622,-0.659
-1.852,-0.162
-1.859,1.162
-1.724,-1.395
-1.856,0.321
-1.907,1.73
-1.921,-1.47
-1.973,-1.621
-2.025,-0.569
-2.046,0.685
-1.915,-0.433
-2.081,-1.623
-1.99,-0.657
-2.103,-0.062
-2.212,-0.548
-2.127,0.029
-2.159,1.631
-2.284,-0.648
-2.281,-0.218
-2.186,-0.386
-2.253,-0.041
-2.438,-0.262
-2.551,-1.65
-2.565,-1.497
-2.51,-1.02
-2.644,-0.23
-2.69,2.146
-2.788,-0.047
-2.882,-1.176
-3.01,0.114
-3.126,0.925
2.901,-1.014
2.925,-0.897
2.74,0.783
2.883,2.172
2.702,-1.424
2.68,0.015
2.703,0.695
2.701,-0.033
2.657,-0.186
2.589,1.016
2.5,-0.721
2.338,0.812
2.331,0.793
2.187,-0.208
2.211,0.817
1.896,2.111
2.044,1.111
1.862,0.768
1.971,1.681
1.849,0.845
1.753,2.056
1.742,0.239
1.735,-1.112
1.829,1.708
1.666,-0.329
1.592,-1.549
1.715,0.741
1.697,0.008
1.708,1.103
1.653,2.006
1.635,2.225
1.629,-0.101
1.592,-1.634
1.433,2.013
1.397,0.444
1.392,0.659
1.299,0.341
1.291,0.89
1.392,1.816
1.392,0.369
1.2,0.332
1.325,0.715
1.198,-1.098
1.147,-0.126
1.13,-0.4
1.134,-1.719
0.983,1.593
0.959,-0.612
1.03,-1.56
0.914,-0.744
0.94,0.947
0.796,0.648
0.815,2.096
0.764,0.978
0.64,-1.561
0.736,-0.494
0.586,-1.57
0.54,1.582
0.507,-1.58
0.487,0.572
0.604,-0.943
0.555,1.44
0.335,1.986
0.282,1.145
0.146,-0.331
-0.013,0.089
0.061,0.324
-0.036,1.011
-0.059,0.085
-0.38,-0.086
-0.399,1.655
-0.291,-0.834
-0.339,1.57
-0.569,-0.822
-0.489,2.204
-0.912,0.429
-0.943,-0.922
-0.944,0.21
-0.842,-0.826
-0.857,-0.558
-1.05,0.296
-1.018,-1.242
-1.169,2.146
-1.085,0.093
-1.192,-0.037
-1.225,-0.007
-1.319,2.075
-1.353,1.503
-1.249,-0.098
-1.28,0.611
-1.304,0.586
-1.474,0.238
-1.377,-0.614
-1.518,-1.862
-1.509,-1.837
-2.065,-2.052
-2.366,-1.761
-2.493,-2.009
-3.011,-2.132
3.097,-2.105
2.495,-2.213
2.196,-1.727
1.975,-2.071
1.965,-2.128
1.837,-2.037
1.784,-2.085
1.773,-2.215
1.486,-2.09
1.398,-1.902
0.959,-1.808
0.384,-2.215
-0.318,-1.91
-0.591,-2.237
-1.138,-1.915
-1.217,-2.04
-1.43,2.348
-2.324,2.462
2.692,2.334
2.402,2.572
1.451,2.484
1.257,2.35
1.06,2.552
0.79,2.382
0.627,2.405
-2.372,0.455
-2.38,1.668
2.264,-1.11
-0.544,-1.125
-1.886,-0.278
-1.91,-0.585
0.547,1.262
-0.673,1.723
-1.003,1.032
-1.69,1.575
-2.383,0.092
-2.677,-0.559
1.952,0.926
1.627,1.675
1.58,0.856
1.633,-0.894
1.328,0.909
0.121,1.556
-0.69,2.088
-1.093,-2.225
1.625,2.466
-3.002,2.49
-2.784,1.793
0.005,-0.611
-0.026,-0.579
0.028,-0.808
-0.075,-2.965
-0.052,-1.604
-0.156,-1.468
-0.303,-0.894
-0.278,-0.527
-0.364,-2.297
-0.471,-2.53
-0.508,-1.083
-0.622,-2.006
-0.644,-3.336
-0.838,-2.61
-0.855,-2.943
-0.843,-3.219
-0.889,-2.589
-1.121,0.502
-1.128,-1.329
-1.153,-2.879
-1.137,-0.881
-1.224,-1.364
-1.27,-3.229
-1.193,-0.145
-1.228,-1.932
-1.232,-2.354
-1.331,-0.716
-1.286,-1.531
-1.349,-2.562
-1.309,-2.549
-1.326,-2.062
-1.337,-0.919
-1.413,-1.738
-1.425,-2.398
-1.439,-2.396
-1.379,-1.081
-1.461,-3.588
-1.482,-3.723
-1.581,-3.579
-1.717,-3.646
-1.691,-3.437
-1.803,-3.528
-2.274,-3.447
-2.211,-3.596
-2.211,-3.533
-2.285,-3.597
-2.755,-3.532
2.686,-3.472
2.562,-3.734
2.284,-3.712
2.246,-3.705
1.893,-3.573
1.401,-3.537
0.915,-3.543
0.764,-3.747
0.637,-3.75
0.471,-3.499
-0.096,-3.708
-0.205,-3.742
-0.152,-3.535
-0.14,-3.462
-0.272,-3.564
-1.123,-3.894
-1.089,-3.739
-1.201,-3.893
-1.198,-3.799
-1.304,-3.858
-2.023,0.773
-2.562,0.561
-2.531,0.881
-2.558,0.754
3.111,0.835
2.475,0.648
2.451,0.7
1.914,0.809
1.54,0.797
1.41,0.881
1.261,0.739
1.055,0.682
1.015,0.791
0.688,0.784
0.366,0.807
-0.381,0.705
-0.742,0.776
-0.906,0.688
-1.354,0.602
-1.361,-2.424
-1.777,-0.549
2.389,-2.596
2.212,-2.86
2.177,-0.599
2.083,-0.284
0.866,-3.037
0.372,-1.411
-0.041,-0.035
1.367,-3.958
-0.206,0.558
-1.403,-2.06
-1.405,-0.902
-1.605,-3.23
-1.584,-1.115
-1.579,-2.3
-1.597,-2.346
-1.827,-1.849
-1.834,-0.525
-1.699,-3.082
-1.831,-1.366
-1.882,0.043
-1.896,-3.157
-1.948,-3.308
-2.0,-2.256
-2.021,-1.002
-1.89,-2.12
-2.056,-3.31
-1.965,-2.344
-2.078,-1.749
-2.187,-2.235
-2.102,-1.658
-2.134,-0.056
-2.259,-2.335
-2.256,-1.905
-2.161,-2.073
-2.228,-1.728
-2.413,-1.949
-2.526,-3.337
-2.54,-3.184
-2.485,-2.707
-2.619,-1.917
-2.665,0.459
-2.763,-1.734
-2.857,-2.863
-2.985,-1.573
-3.101,-0.762
2.926,-2.701
2.95,-2.584
2.765,-0.904
2.908,0.485
2.727,-3.111
2.705,-1.672
2.728,-0.992
2.726,-1.72
2.682,-1.873
2.614,-0.671
2.525,-2.408
2.363,-0.875
2.356,-0.894
2.212,-1.895
2.236,-0.87
1.921,0.424
2.069,-0.576
1.887,-0.919
1.996,-0.006
1.874,-0.842
1.778,0.369
1.767,-1.448
1.76,-2.799
1.854,0.021
1.691,-2.016
1.617,-3.236
1.74,-0.946
1.722,-1.679
1.733,-0.584
1.678,0.319
1.66,0.538
1.654,-1.788
1.617,-3.321
1.458,0.326
1.422,-1.243
1.417,-1.028
1.324,-1.346
1.316,-0.797
1.417,0.129
1.417,-1.318
1.225,-1.355
1.35,-0.972
1.223,-2.785
1.172,-1.813
1.155,-2.087
1.159,-3.406
1.008,-0.094
0.984,-2.299
1.055,-3.247
0.939,-2.431
0.965,-0.74
0.821,-1.039
0.84,0.409
0.789,-0.709
0.665,-3.248
0.761,-2.181
0.611,-3.257
0.565,-0.105
0.532,-3.267
0.512,-1.115
0.629,-2.63
0.58,-0.247
0.36,0.299
0.307,-0.542
0.171,-2.018
0.012,-1.598
0.086,-1.363
-0.011,-0.676
-0.034,-1.602
-0.355,-1.773
-0.374,-0.032
-0.266,-2.521
-0.314,-0.117
-0.544,-2.509
-0.464,0.517
-0.887,-1.258
-0.918,-2.609
-0.919,-1.477
-0.817,-2.513
-0.832,-2.245
-1.025,-1.391
-0.993,-2.929
-1.144,0.459
-1.06,-1.594
-1.167,-1.724
-1.2,-1.694
-1.294,0.388
-1.328,-0.184
-1.224,-1.785
-1.255,-1.076
-1.279,-1.101
-1.449,-1.449
-1.352,-2.301
-1.493,-3.549
-1.484,-3.524
-2.04,-3.739
-2.341,-3.448
-2.468,-3.696
-2.986,-3.819
3.122,-3.792
2.52,-3.9
2.221,-3.414
2.0,-3.758
1.99,-3.815
1.862,-3.724
1.809,-3.772
1.798,-3.902
1.511,-3.777
1.423,-3.589
0.984,-3.495
0.409,-3.902
-0.293,-3.597
-0.566,-3.924
-1.113,-3.602
-1.192,-3.727
-1.405,0.661
-2.299,0.775
2.717,0.647
2.427,0.885
1.476,0.797
1.282,0.663
1.085,0.865
0.815,0.695
0.652,0.718
-2.347,-1.232
-2.355,-0.019
2.289,-2.797
-0.519,-2.812
-1.861,-1.965
-1.885,-2.272
0.572,-0.425
-0.648,0.036
-0.978,-0.655
-1.665,-0.112
-2.358,-1.595
-2.652,-2.246
1.977,-0.761
1.652,-0.012
1.605,-0.831
1.658,-2.581
1.353,-0.778
0.146,-0.131
-0.665,0.401
-1.068,-3.912
1.65,0.779
-2.977,0.803
-2.759,0.106
-0.031,0.032
0.023,-0.197
-0.08,-2.354
-0.057,-0.993
-0.161,-0.857
-0.308,-0.283
-0.283,0.084
-0.369,-1.686
-0.476,-1.919
-0.513,-0.472
-0.627,-1.395
-0.649,-2.725
-0.843,-1.999
-0.86,-2.332
-0.848,-2.608
-0.894,-1.978
-1.126,1.113
-1.133,-0.718
-1.158,-2.268
-1.142,-0.27
-1.229,-0.753
-1.275,-2.618
-1.198,0.466
-1.233,-1.321
-1.237,-1.743
-1.336,-0.105
-1.291,-0.92
-1.354,-1.951
-1.314,-1.938
-1.331,-1.451
-1.342,-0.308
-1.418,-1.127
-1.43,-1.787
-1.444,-1.785
-1.384,-0.47
-1.466,-2.977
-1.487,-3.112
-1.586,-2.968
-1.722,-3.035
-1.696,-2.826
-1.808,-2.917
-2.279,-2.836
-2.216,-2.985
-2.216,-2.922
-2.29,-2.986
-2.76,-2.921
2.681,-2.861
2.557,-3.123
2.279,-3.101
2.241,-3.094
1.888,-2.962
1.396,-2.926
0.91,-2.932
0.759,-3.136
0.632,-3.139
0.466,-2.888
-0.101,-3.097
-0.21,-3.131
-0.157,-2.924
-0.145,-2.851
-0.277,-2.953
-1.128,-3.283
-1.094,-3.128
-1.206,-3.282
-1.203,-3.188
-1.309,-3.247
-2.028,1.384
-2.567,1.172
-2.536,1.492
-2.563,1.365
3.106,1.446
2.47,1.259
2.446,1.311
1.909,1.42
1.535,1.408
1.405,1.492
1.256,1.35
1.05,1.293
1.01,1.402
0.683,1.395
0.361,1.418
-0.386,1.316
-0.747,1.387
-0.911,1.299
-1.359,1.213
-1.366,-1.813
-1.782,0.062
2.384,-1.985
2.207,-2.249
2.172,0.012
2.078,0.327
0.861,-2.426
0.367,-0.8
-0.046,0.576
1.362,-3.347
-0.211,1.169
-1.408,-1.449
-1.41,-0.291
-1.61,-2.619
-1.589,-0.504
-1.584,-1.689
-1.602,-1.735
-1.832,-1.238
-1.839,0.086
-1.704,-2.471
-1.836,-0.755
-1.887,0.654
-1.901,-2.546
-1.953,-2.697
-2.005,-1.645
-2.026,-0.391
-1.895,-1.509
-2.061,-2.699
-1.97,-1.733
-2.083,-1.138
-2.192,-1.624
-2.107,-1.047
-2.139,0.555
-2.264,-1.724
-2.261,-1.294
-2.166,-1.462
-2.233,-1.117
-2.418,-1.338
-2.531,-2.726
-2.545,-2.573
-2.49,-2.096
-2.624,-1.306
-2.67,1.07
-2.768,-1.123
-2.862,-2.252
-2.99,-0.962
-3.106,-0.151
2.921,-2.09
2.945,-1.973
2.76,-0.293
2.903,1.096
2.722,-2.5
2.7,-1.061
2.723,-0.381
2.721,-1.109
2.677,-1.262
2.609,-0.06
2.52,-1.797
2.358,-0.264
2.351,-0.283
2.207,-1.284
2.231,-0.259
1.916,1.035
2.064,0.035
1.882,-0.308
1.991,0.605
1.869,-0.231
1.773,0.98
1.762,-0.837
1.755,-2.188
1.849,0.632
1.686,-1.405
1.612,-2.625
1.735,-0.335
1.717,-1.068
1.728,0.027
1.673,0.93
1.655,1.149
1.649,-1.177
1.612,-2.71
1.453,0.937
1.417,-0.632
1.412,-0.417
1.319,-0.735
1.311,-0.186
1.412,0.74
1.412,-0.707
1.22,-0.744
1.345,-0.361
1.218,-2.174
1.167,-1.202
1.15,-1.476
1.154,-2.795
1.003,0.517
0.979,-1.688
1.05,-2.636
0.934,-1.82
0.96,-0.129
0.816,-0.428
0.835,1.02
0.784,-0.098
0.66,-2.637
0.756,-1.57
0.606,-2.646
0.56,0.506
0.527,-2.656
0.507,-0.504
0.624,-2.019
0.575,0.364
0.355,0.91
0.302,0.069
0.166,-1.407
0.007,-0.987
0.081,-0.752
-0.016,-0.065
-0.039,-0.991
-0.36,-1.162
-0.379,0.579
-0.271,-1.91
-0.319,0.494
-0.549,-1.898
-0.469,1.128
-0.892,-0.647
-0.923,-1.998
-0.924,-0.866
-0.822,-1.902
-0.837,-1.634
-1.03,-0.78
-0.998,-2.318
-1.149,1.07
-1.065,-0.983
-1.172,-1.113
-1.205,-1.083
-1.299,0.999
-1.333,0.427
-1.229,-1.174
-1.26,-0.465
-1.284,-0.49
-1.454,-0.838
-1.357,-1.69
-1.498,-2.938
-1.489,-2.913
-2.045,-3.128
-2.346,-2.837
-2.473,-3.085
-2.991,-3.208
3.117,-3.181
2.515,-3.289
2.216,-2.803
1.995,-3.147
1.985,-3.204
1.857,-3.113
1.804,-3.161
1.793,-3.291
1.506,-3.166
1.418,-2.978
0.979,-2.884
0.404,-3.291
-0.298,-2.986
-0.571,-3.313
-1.118,-2.991
-1.197,-3.116
-1.41,1.272
-2.304,1.386
2.712,1.258
2.422,1.496
1.471,1.408
1.277,1.274
1.08,1.476
0.81,1.306
0.647,1.329
-2.352,-0.621
-2.36,0.592
2.284,-2.186
-0.524,-2.201
-1.866,-1.354
-1.89,-1.661
0.567,0.186
-0.653,0.647
-0.983,-0.044
-1.67,0.499
-2.363,-0.984
-2.657,-1.635
1.972,-0.15
1.647,0.599
1.6,-0.22
1.653,-1.97
1.348,-0.167
0.141,0.48
-0.67,1.012
-1.073,-3.301
1.645,1.39
-2.982,1.414
-2.764,0.717
0.054,-0.229
-0.049,-2.386
-0.026,-1.025
-0.13,-0.889
-0.277,-0.315
-0.252,0.052
-0.338,-1.718
-0.445,-1.951
-0.482,-0.504
-0.596,-1.427
-0.618,-2.757
-0.812,-2.031
-0.829,-2.364
-0.817,-2.64
-0.863,-2.01
-1.095,1.081
-1.102,-0.75
-1.127,-2.3
-1.111,-0.302
-1.198,-0.785
-1.244,-2.65
-1.167,0.434
-1.202,-1.353
-1.206,-1.775
-1.305,-0.137
-1.26,-0.952
-1.323,-1.983
-1.283,-1.97
-1.3,-1.483
-1.311,-0.34
-1.387,-1.159
-1.399,-1.819
-1.413,-1.817
-1.353,-0.502
-1.435,-3.009
-1.456,-3.144
-1.555,-3.0
-1.691,-3.067
-1.665,-2.858
-1.777,-2.949
-2.248,-2.868
-2.185,-3.017
-2.185,-2.954
-2.259,-3.018
-2.729,-2.953
2.712,-2.893
2.588,-3.155
2.31,-3.133
2.272,-3.126
1.919,-2.994
1.427,-2.958
0.941,-2.964
0.79,-3.168
0.663,-3.171
0.497,-2.92
-0.07,-3.129
-0.179,-3.163
-0.126,-2.956
-0.114,-2.883
-0.246,-2.985
-1.097,-3.315
-1.063,-3.16
-1.175,-3.314
-1.172,-3.22
-1.278,-3.279
-1.997,1.352
-2.536,1.14
-2.505,1.46
-2.532,1.333
3.137,1.414
2.501,1.227
2.477,1.279
1.94,1.388
1.566,1.376
1.436,1.46
1.287,1.318
1.081,1.261
1.041,1.37
0.714,1.363
0.392,1.386
-0.355,1.284
-0.716,1.355
-0.88,1.267
-1.328,1.181
-1.335,-1.845
-1.751,0.03
2.415,-2.017
2.238,-2.281
2.203,-0.02
2.109,0.295
0.892,-2.458
0.398,-0.832
-0.015,0.544
1.393,-3.379
-0.18,1.137
-1.377,-1.481
-1.379,-0.323
-1.579,-2.651
-1.558,-0.536
-1.553,-1.721
-1.571,-1.767
-1.801,-1.27
-1.808,0.054
-1.673,-2.503
-1.805,-0.787
-1.856,0.622
-1.87,-2.578
-1.922,-2.729
-1.974,-1.677
-1.995,-0.423
-1.864,-1.541
-2.03,-2.731
-1.939,-1.765
-2.052,-1.17
-2.161,-1.656
-2.076,-1.079
-2.108,0.523
-2.233,-1.756
-2.23,-1.326
-2.135,-1.494
-2.202,-1.149
-2.387,-1.37
-2.5,-2.758
-2.514,-2.605
-2.459,-2.128
-2.593,-1.338
-2.639,1.038
-2.737,-1.155
-2.831,-2.284
-2.959,-0.994
-3.075,-0.183
2.952,-2.122
2.976,-2.005
2.791,-0.325
2.934,1.064
2.753,-2.532
2.731,-1.093
2.754,-0.413
2.752,-1.141
2.708,-1.294
2.64,-0.092
2.551,-1.829
2.389,-0.296
2.382,-0.315
2.238,-1.316
2.262,-0.291
1.947,1.003
2.095,0.003
1.913,-0.34
2.022,0.573
1.9,-0.263
1.804,0.948
1.793,-0.869
1.786,-2.22
1.88,0.6
1.717,-1.437
1.643,-2.657
1.766,-0.367
1.748,-1.1
1.759,-0.005
1.704,0.898
1.686,1.117
1.68,-1.209
1.643,-2.742
1.484,0.905
1.448,-0.664
1.443,-0.449
1.35,-0.767
1.342,-0.218
1.443,0.708
1.443,-0.739
1.251,-0.776
1.376,-0.393
1.249,-2.206
1.198,-1.234
1.181,-1.508
1.185,-2.827
1.034,0.485
1.01,-1.72
1.081,-2.668
0.965,-1.852
0.991,-0.161
0.847,-0.46
0.866,0.988
0.815,-0.13
0.691,-2.669
0.787,-1.602
0.637,-2.678
0.591,0.474
0.558,-2.688
0.538,-0.536
0.655,-2.051
0.606,0.332
0.386,0.878
0.333,0.037
0.197,-1.439
0.038,-1.019
0.112,-0.784
0.015,-0.097
-0.008,-1.023
-0.329,-1.194
-0.348,0.547
-0.24,-1.942
-0.288,0.462
-0.518,-1.93
-0.438,1.096
-0.861,-0.679
-0.892,-2.03
-0.893,-0.898
-0.791,-1.934
-0.806,-1.666
-0.999,-0.812
-0.967,-2.35
-1.118,1.038
-1.034,-1.015
-1.141,-1.145
-1.174,-1.115
-1.268,0.967
-1.302,0.395
-1.198,-1.206
-1.229,-0.497
-1.253,-0.522
-1.423,-0.87
-1.326,-1.722
-1.467,-2.97
-1.458,-2.945
-2.014,-3.16
-2.315,-2.869
-2.442,-3.117
-2.96,-3.24
-3.135,-3.213
2.546,-3.321
2.247,-2.835
2.026,-3.179
2.016,-3.236
1.888,-3.145
1.835,-3.193
1.824,-3.323
1.537,-3.198
1.449,-3.01
1.01,-2.916
0.435,-3.323
-0.267,-3.018
-0.54,-3.345
-1.087,-3.023
-1.166,-3.148
-1.379,1.24
-2.273,1.354
2.743,1.226
2.453,1.464
1.502,1.376
1.308,1.242
1.111,1.444
0.841,1.274
0.678,1.297
-2.321,-0.653
-2.329,0.56
2.315,-2.218
-0.493,-2.233
-1.835,-1.386
-1.859,-1.693
0.598,0.154
-0.622,0.615
-0.952,-0.076
-1.639,0.467
-2.332,-1.016
-2.626,-1.667
2.003,-0.182
1.678,0.567
1.631,-0.252
1.684,-2.002
1.379,-0.199
0.172,0.448
-0.639,0.98
-1.042,-3.333
1.676,1.358
-2.951,1.382
-2.733,0.685
-0.103,-2.157
-0.08,-0.796
-0.184,-0.66
-0.331,-0.086
-0.306,0.281
-0.392,-1.489
-0.499,-1.722
-0.536,-0.275
-0.65,-1.198
-0.672,-2.528
-0.866,-1.802
-0.883,-2.135
-0.871,-2.411
-0.917,-1.781
-1.149,1.31
-1.156,-0.521
-1.181,-2.071
-1.165,-0.073
-1.252,-0.556
-1.298,-2.421
-1.221,0.663
-1.256,-1.124
-1.26,-1.546
-1.359,0.092
-1.314,-0.723
-1.377,-1.754
-1.337,-1.741
-1.354,-1.254
-1.365,-0.111
-1.441,-0.93
-1.453,-1.59
-1.467,-1.588
-1.407,-0.273
-1.489,-2.78
-1.51,-2.915
-1.609,-2.771
-1.745,-2.838
-1.719,-2.629
-1.831,-2.72
-2.302,-2.639
-2.239,-2.788
-2.239,-2.725
-2.313,-2.789
-2.783,-2.724
2.658,-2.664
2.534,-2.926
2.256,-2.904
2.218,-2.897
1.865,-2.765
1.373,-2.729
0.887,-2.735
0.736,-2.939
0.609,-2.942
0.443,-2.691
-0.124,-2.9
-0.233,-2.934
-0.18,-2.727
-0.168,-2.654
-0.3,-2.756
-1.151,-3.086
-1.117,-2.931
-1.229,-3.085
-1.226,-2.991
-1.332,-3.05
-2.051,1.581
-2.59,1.369
-2.559,1.689
-2.586,1.562
3.083,1.643
2.447,1.456
2.423,1.508
1.886,1.617
1.512,1.605
1.382,1.689
1.233,1.547
1.027,1.49
0.987,1.599
0.66,1.592
0.338,1.615
-0.409,1.513
-0.77,1.584
-0.934,1.496
-1.382,1.41
-1.389,-1.616
-1.805,0.259
2.361,-1.788
2.184,-2.052
2.149,0.209
2.055,0.524
0.838,-2.229
0.344,-0.603
-0.069,0.773
1.339,-3.15
-0.234,1.366
-1.431,-1.252
-1.433,-0.094
-1.633,-2.422
-1.612,-0.307
-1.607,-1.492
-1.625,-1.538
-1.855,-1.041
-1.862,0.283
-1.727,-2.274
-1.859,-0.558
-1.91,0.851
-1.924,-2.349
-1.976,-2.5
-2.028,-1.448
-2.049,-0.194
-1.918,-1.312
-2.084,-2.502
-1.993,-1.536
-2.106,-0.941
-2.215,-1.427
-2.13,-0.85
-2.162,0.752
-2.287,-1.527
-2.284,-1.097
-2.189,-1.265
-2.256,-0.92
-2.441,-1.141
-2.554,-2.529
-2.568,-2.376
-2.513,-1.899
-2.647,-1.109
-2.693,1.267
-2.791,-0.926
-2.885,-2.055
-3.013,-0.765
-3.129,0.046
2.898,-1.893
2.922,-1.776
2.737,-0.096
2.88,1.293
2.699,-2.303
2.677,-0.864
2.7,-0.184
2.698,-0.912
2.654,-1.065
2.586,0.137
2.497,-1.6
2.335,-0.067
2.328,-0.086
2.184,-1.087
2.208,-0.062
1.893,1.232
2.041,0.232
1.859,-0.111
1.968,0.802
1.846,-0.034
1.75,1.177
1.739,-0.64
1.732,-1.991
1.826,0.829
1.663,-1.208
1.589,-2.428
1.712,-0.138
1.694,-0.871
1.705,0.224
1.65,1.127
1.632,1.346
1.626,-0.98
1.589,-2.513
1.43,1.134
1.394,-0.435
1.389,-0.22
1.296,-0.538
1.288,0.011
1.389,0.937
1.389,-0.51
1.197,-0.547
1.322,-0.164
1.195,-1.977
1.144,-1.005
1.127,-1.279
1.131,-2.598
0.98,0.714
0.956,-1.491
1.027,-2.439
0.911,-1.623
0.937,0.068
0.793,-0.231
0.812,1.217
0.761,0.099
0.637,-2.44
0.733,-1.373
0.583,-2.449
0.537,0.703
0.504,-2.459
0.484,-0.307
0.601,-1.822
0.552,0.561
0.332,1.107
0.279,0.266
0.143,-1.21
-0.016,-0.79
0.058,-0.555
-0.039,0.132
-0.062,-0.794
-0.383,-0.965
-0.402,0.776
-0.294,-1.713
-0.342,0.691
-0.572,-1.701
-0.492,1.325
-0.915,-0.45
-0.946,-1.801
-0.947,-0.669
-0.845,-1.705
-0.86,-1.437
-1.053,-0.583
-1.021,-2.121
-1.172,1.267
-1.088,-0.786
-1.195,-0.916
-1.228,-0.886
-1.322,1.196
-1.356,0.624
-1.252,-0.977
-1.283,-0.268
-1.307,-0.293
-1.477,-0.641
-1.38,-1.493
-1.521,-2.741
-1.512,-2.716
-2.068,-2.931
-2.369,-2.64
-2.496,-2.888
-3.014,-3.011
3.094,-2.984
2.492,-3.092
2.193,-2.606
1.972,-2.95
1.962,-3.007
1.834,-2.916
1.781,-2.964
1.77,-3.094
1.483,-2.969
1.395,-2.781
0.956,-2.687
0.381,-3.094
-0.321,-2.789
-0.594,-3.116
-1.141,-2.794
-1.22,-2.919
-1.433,1.469
-2.327,1.583
2.689,1.455
2.399,1.693
1.448,1.605
1.254,1.471
1.057,1.673
0.787,1.503
0.624,1.526
-2.375,-0.424
-2.383,0.789
2.261,-1.989
-0.547,-2.004
-1.889,-1.157
-1.913,-1.464
0.544,0.383
-0.676,0.844
-1.006,0.153
-1.693,0.696
-2.386,-0.787
-2.68,-1.438
1.949,0.047
1.624,0.796
1.577,-0.023
1.63,-1.773
1.325,0.03
0.118,0.677
-0.693,1.209
-1.096,-3.104
1.622,1.587
-3.005,1.611
-2.787,0.914
0.023,1.361
-0.081,1.497
-0.228,2.071
-0.203,2.438
-0.289,0.668
-0.396,0.435
-0.433,1.882
-0.547,0.959
-0.569,-0.371
-0.763,0.355
-0.78,0.022
-0.768,-0.254
-0.814,0.376
-1.046,3.467
-1.053,1.636
-1.078,0.086
-1.062,2.084
-1.149,1.601
-1.195,-0.264
-1.118,2.82
-1.153,1.033
-1.157,0.611
-1.256,2.249
-1.211,1.434
-1.274,0.403
-1.234,0.416
-1.251,0.903
-1.262,2.046
-1.338,1.227
-1.35,0.567
-1.364,0.569
-1.304,1.884
-1.386,-0.623
-1.407,-0.758
-1.506,-0.614
-1.642,-0.681
-1.616,-0.472
-1.728,-0.563
-2.199,-0.482
-2.136,-0.631
-2.136,-0.568
-2.21,-0.632
-2.68,-0.567
2.761,-0.507
2.637,-0.769
2.359,-0.747
2.321,-0.74
1.968,-0.608
1.476,-0.572
0.99,-0.578
0.839,-0.782
0.712,-0.785
0.546,-0.534
-0.021,-0.743
-0.13,-0.777
-0.077,-0.57
-0.065,-0.497
-0.197,-0.599
-1.048,-0.929
-1.014,-0.774
-1.126,-0.928
-1.123,-0.834
-1.229,-0.893
-1.948,3.738
-2.487,3.526
-2.456,3.846
-2.483,3.719
-3.097,3.8
2.55,3.613
2.526,3.665
1.989,3.774
1.615,3.762
1.485,3.846
1.336,3.704
1.13,3.647
1.09,3.756
0.763,3.749
0.441,3.772
-0.306,3.67
-0.667,3.741
-0.831,3.653
-1.279,3.567
-1.286,0.541
-1.702,2.416
2.464,0.369
2.287,0.105
2.252,2.366
2.158,2.681
0.941,-0.072
0.447,1.554
0.034,2.93
1.442,-0.993
-0.131,3.523
-1.328,0.905
-1.33,2.063
-1.53,-0.265
-1.509,1.85
-1.504,0.665
-1.522,0.619
-1.752,1.116
-1.759,2.44
-1.624,-0.117
-1.756,1.599
-1.807,3.008
-1.821,-0.192
-1.873,-0.343
-1.925,0.709
-1.946,1.963
-1.815,0.845
-1.981,-0.345
-1.89,0.621
-2.003,1.216
-2.112,0.73
-2.027,1.307
-2.059,2.909
-2.184,0.63
-2.181,1.06
-2.086,0.892
-2.153,1.237
-2.338,1.016
-2.451,-0.372
-2.465,-0.219
-2.41,0.258
-2.544,1.048
-2.59,3.424
-2.688,1.231
-2.782,0.102
-2.91,1.392
-3.026,2.203
3.001,0.264
3.025,0.381
2.84,2.061
2.983,3.45
2.802,-0.146
2.78,1.293
2.803,1.973
2.801,1.245
2.757,1.092
2.689,2.294
2.6,0.557
2.438,2.09
2.431,2.071
2.287,1.07
2.311,2.095
1.996,3.389
2.144,2.389
1.962,2.046
2.071,2.959
1.949,2.123
1.853,3.334
1.842,1.517
1.835,0.166
1.929,2.986
1.766,0.949
1.692,-0.271
1.815,2.019
1.797,1.286
1.808,2.381
1.753,3.284
1.735,3.503
1.729,1.177
1.692,-0.356
1.533,3.291
1.497,1.722
1.492,1.937
1.399,1.619
1.391,2.168
1.492,3.094
1.492,1.647
1.3,1.61
1.425,1.993
1.298,0.18
1.247,1.152
1.23,0.878
1.234,-0.441
1.083,2.871
1.059,0.666
1.13,-0.282
1.014,0.534
1.04,2.225
0.896,1.926
0.915,3.374
0.864,2.256
0.74,-0.283
0.836,0.784
0.686,-0.292
0.64,2.86
0.607,-0.302
0.587,1.85
0.704,0.335
0.655,2.718
0.435,3.264
0.382,2.423
0.246,0.947
0.087,1.367
0.161,1.602
0.064,2.289
0.041,1.363
-0.28,1.192
-0.299,2.933
-0.191,0.444
-0.239,2.848
-0.469,0.456
-0.389,3.482
-0.812,1.707
-0.843,0.356
-0.844,1.488
-0.742,0.452
-0.757,0.72
-0.95,1.574
-0.918,0.036
-1.069,3.424
-0.985,1.371
-1.092,1.241
-1.125,1.271
-1.219,3.353
-1.253,2.781
-1.149,1.18
-1.18,1.889
-1.204,1.864
-1.374,1.516
-1.277,0.664
-1.418,-0.584
-1.409,-0.559
-1.965,-0.774
-2.266,-0.483
-2.393,-0.731
-2.911,-0.854
-3.086,-0.827
2.595,-0.935
2.296,-0.449
2.075,-0.793
2.065,-0.85
1.937,-0.759
1.884,-0.807
1.873,-0.937
1.586,-0.812
1.498,-0.624
1.059,-0.53
0.484,-0.937
-0.218,-0.632
-0.491,-0.959
-1.038,-0.637
-1.117,-0.762
-1.33,3.626
-2.224,3.74
2.792,3.612
2.502,3.85
1.551,3.762
1.357,3.628
1.16,3.83
0.89,3.66
0.727,3.683
-2.272,1.733
-2.28,2.946
2.364,0.168
-0.444,0.153
-1.786,1.0
-1.81,0.693
0.647,2.54
-0.573,3.001
-0.903,2.31
-1.59,2.853
-2.283,1.37
-2.577,0.719
2.052,2.204
1.727,2.953
1.68,2.134
1.733,0.384
1.428,2.187
0.221,2.834
-0.59,3.366
-0.993,-0.947
1.725,3.744
-2.902,3.768
-2.684,3.071
-0.104,0.136
-0.251,0.71
-0.226,1.077
-0.312,-0.693
-0.419,-0.926
-0.456,0.521
-0.57,-0.402
-0.592,-1.732
-0.786,-1.006
-0.803,-1.339
-0.791,-1.615
-0.837,-0.985
-1.069,2.106
-1.076,0.275
-1.101,-1.275
-1.085,0.723
-1.172,0.24
-1.218,-1.625
-1.141,1.459
-1.176,-0.328
-1.18,-0.75
-1.279,0.888
-1.234,0.073
-1.297,-0.958
-1.257,-0.945
-1.274,-0.458
-1.285,0.685
-1.361,-0.134
-1.373,-0.794
-1.387,-0.792
-1.327,0.523
-1.409,-1.984
-1.43,-2.119
-1.529,-1.975
-1.665,-2.042
-1.639,-1.833
-1.751,-1.924
-2.222,-1.843
-2.159,-1.992
-2.159,-1.929
-2.233,-1.993
-2.703,-1.928
2.738,-1.868
2.614,-2.13
2.336,-2.108
2.298,-2.101
1.945,-1.969
1.453,-1.933
0.967,-1.939
0.816,-2.143
0.689,-2.146
0.523,-1.895
-0.044,-2.104
-0.153,-2.138
-0.1,-1.931
-0.088,-1.858
-0.22,-1.96
-1.071,-2.29
-1.037,-2.135
-1.149,-2.289
-1.146,-2.195
-1.252,-2.254
-1.971,2.377
-2.51,2.165
-2.479,2.485
-2.506,2.358
-3.12,2.439
2.527,2.252
2.503,2.304
1.966,2.413
1.592,2.401
1.462,2.485
1.313,2.343
1.107,2.286
1.067,2.395
0.74,2.388
0.418,2.411
-0.329,2.309
-0.69,2.38
-0.854,2.292
-1.302,2.206
-1.309,-0.82
-1.725,1.055
2.441,-0.992
2.264,-1.256
2.229,1.005
2.135,1.32
0.918,-1.433
0.424,0.193
0.011,1.569
1.419,-2.354
-0.154,2.162
-1.351,-0.456
-1.353,0.702
-1.553,-1.626
-1.532,0.489
-1.527,-0.696
-1.545,-0.742
-1.775,-0.245
-1.782,1.079
-1.647,-1.478
-1.779,0.238
-1.83,1.647
-1.844,-1.553
-1.896,-1.704
-1.948,-0.652
-1.969,0.602
-1.838,-0.516
-2.004,-1.706
-1.913,-0.74
-2.026,-0.145
-2.135,-0.631
-2.05,-0.054
-2.082,1.548
-2.207,-0.731
-2.204,-0.301
-2.109,-0.469
-2.176,-0.124
-2.361,-0.345
-2.474,-1.733
-2.488,-1.58
-2.433,-1.103
-2.567,-0.313
-2.613,2.063
-2.711,-0.13
-2.805,-1.259
-2.933,0.031
-3.049,0.842
2.978,-1.097
3.002,-0.98
2.817,0.7
2.96,2.089
2.779,-1.507
2.757,-0.068
2.78,0.612
2.778,-0.116
2.734,-0.269
2.666,0.933
2.577,-0.804
2.415,0.729
2.408,0.71
2.264,-0.291
2.288,0.734
1.973,2.028
2.121,1.028
1.939,0.685
2.048,1.598
1.926,0.762
1.83,1.973
1.819,0.156
1.812,-1.195
1.906,1.625
1.743,-0.412
1.669,-1.632
1.792,0.658
1.774,-0.075
1.785,1.02
1.73,1.923
1.712,2.142
1.706,-0.184
1.669,-1.717
1.51,1.93
1.474,0.361
1.469,0.576
1.376,0.258
1.368,0.807
1.469,1.733
1.469,0.286
1.277,0.249
1.402,0.632
1.275,-1.181
1.224,-0.209
1.207,-0.483
1.211,-1.802
1.06,1.51
1.036,-0.695
1.107,-1.643
0.991,-0.827
1.017,0.864
0.873,0.565
0.892,2.013
0.841,0.895
0.717,-1.644
0.813,-0.577
0.663,-1.653
0.617,1.499
0.584,-1.663
0.564,0.489
0.681,-1.026
0.632,1.357
0.412,1.903
0.359,1.062
0.223,-0.414
0.064,0.006
0.138,0.241
0.041,0.928
0.018,0.002
-0.303,-0.169
-0.322,1.572
-0.214,-0.917
-0.262,1.487
-0.492,-0.905
-0.412,2.121
-0.835,0.346
-0.866,-1.005
-0.867,0.127
-0.765,-0.909
-0.78,-0.641
-0.973,0.213
-0.941,-1.325
-1.092,2.063
-1.008,0.01
-1.115,-0.12
-1.148,-0.09
-1.242,1.992
-1.276,1.42
-1.172,-0.181
-1.203,0.528
-1.227,0.503
-1.397,0.155
-1.3,-0.697
-1.441,-1.945
-1.432,-1.92
-1.988,-2.135
-2.289,-1.844
-2.416,-2.092
-2.934,-2.215
-3.109,-2.188
2.572,-2.296
2.273,-1.81
2.052,-2.154
2.042,-2.211
1.914,-2.12
1.861,-2.168
1.85,-2.298
1.563,-2.173
1.475,-1.985
1.036,-1.891
0.461,-2.298
-0.241,-1.993
-0.514,-2.32
-1.061,-1.998
-1.14,-2.123
-1.353,2.265
-2.247,2.379
2.769,2.251
2.479,2.489
1.528,2.401
1.334,2.267
1.137,2.469
0.867,2.299
0.704,2.322
-2.295,0.372
-2.303,1.585
2.341,-1.193
-0.467,-1.208
-1.809,-0.361
-1.833,-0.668
0.624,1.179
-0.596,1.64
-0.926,0.949
-1.613,1.492
-2.306,0.009
-2.6,-0.642
2.029,0.843
1.704,1.592
1.657,0.773
1.71,-0.977
1.405,0.826
0.198,1.473
-0.613,2.005
-1.016,-2.308
1.702,2.383
-2.925,2.407
-2.707,1.71
-0.147,0.574
-0.122,0.941
-0.208,-0.829
-0.315,-1.062
-0.352,0.385
-0.466,-0.538
-0.488,-1.868
-0.682,-1.142
-0.699,-1.475
-0.687,-1.751
-0.733,-1.121
-0.965,1.97
-0.972,0.139
-0.997,-1.411
-0.981,0.587
-1.068,0.104
-1.114,-1.761
-1.037,1.323
-1.072,-0.464
-1.076,-0.886
-1.175,0.752
-1.13,-0.063
-1.193,-1.094
-1.153,-1.081
-1.17,-0.594
-1.181,0.549
-1.257,-0.27
-1.269,-0.93
-1.283,-0.928
-1.223,0.387
-1.305,-2.12
-1.326,-2.255
-1.425,-2.111
-1.561,-2.178
-1.535,-1.969
-1.647,-2.06
-2.118,-1.979
-2.055,-2.128
-2.055,-2.065
-2.129,-2.129
-2.599,-2.064
2.842,-2.004
2.718,-2.266
2.44,-2.244
2.402,-2.237
2.049,-2.105
1.557,-2.069
1.071,-2.075
0.92,-2.279
0.793,-2.282
0.627,-2.031
0.06,-2.24
-0.049,-2.274
0.004,-2.067
0.016,-1.994
-0.116,-2.096
-0.967,-2.426
-0.933,-2.271
-1.045,-2.425
-1.042,-2.331
-1.148,-2.39
-1.867,2.241
-2.406,2.029
-2.375,2.349
-2.402,2.222
-3.016,2.303
2.631,2.116
2.607,2.168
2.07,2.277
1.696,2.265
1.566,2.349
1.417,2.207
1.211,2.15
1.171,2.259
0.844,2.252
0.522,2.275
-0.225,2.173
-0.586,2.244
-0.75,2.156
-1.198,2.07
-1.205,-0.956
-1.621,0.919
2.545,-1.128
2.368,-1.392
2.333,0.869
2.239,1.184
1.022,-1.569
0.528,0.057
0.115,1.433
1.523,-2.49
-0.05,2.026
-1.247,-0.592
-1.249,0.566
-1.449,-1.762
-1.428,0.353
-1.423,-0.832
-1.441,-0.878
-1.671,-0.381
-1.678,0.943
-1.543,-1.614
-1.675,0.102
-1.726,1.511
-1.74,-1.689
-1.792,-1.84
-1.844,-0.788
-1.865,0.466
-1.734,-0.652
-1.9,-1.842
-1.809,-0.876
-1.922,-0.281
-2.031,-0.767
-1.946,-0.19
-1.978,1.412
-2.103,-0.867
-2.1,-0.437
-2.005,-0.605
-2.072,-0.26
-2.257,-0.481
-2.37,-1.869
-2.384,-1.716
-2.329,-1.239
-2.463,-0.449
-2.509,1.927
-2.607,-0.266
-2.701,-1.395
-2.829,-0.105
-2.945,0.706
3.082,-1.233
3.106,-1.116
2.921,0.564
3.064,1.953
2.883,-1.643
2.861,-0.204
2.884,0.476
2.882,-0.252
2.838,-0.405
2.77,0.797
2.681,-0.94
2.519,0.593
2.512,0.574
2.368,-0.427
2.392,0.598
2.077,1.892
2.225,0.892
2.043,0.549
2.152,1.462
2.03,0.626
1.934,1.837
1.923,0.02
1.916,-1.331
2.01,1.489
1.847,-0.548
1.773,-1.768
1.896,0.522
1.878,-0.211
1.889,0.884
1.834,1.787
1.816,2.006
1.81,-0.32
1.773,-1.853
1.614,1.794
1.578,0.225
1.573,0.44
1.48,0.122
1.472,0.671
1.573,1.597
1.573,0.15
1.381,0.113
1.506,0.496
1.379,-1.317
1.328,-0.345
1.311,-0.619
1.315,-1.938
1.164,1.374
1.14,-0.831
1.211,-1.779
1.095,-0.963
1.121,0.728
0.977,0.429
0.996,1.877
0.945,0.759
0.821,-1.78
0.917,-0.713
0.767,-1.789
0.721,1.363
0.688,-1.799
0.668,0.353
0.785,-1.162
0.736,1.221
0.516,1.767
0.463,0.926
0.327,-0.55
0.168,-0.13
0.242,0.105
0.145,0.792
0.122,-0.134
-0.199,-0.305
-0.218,1.436
-0.11,-1.053
-0.158,1.351
-0.388,-1.041
-0.308,1.985
-0.731,0.21
-0.762,-1.141
-0.763,-0.009
-0.661,-1.045
-0.676,-0.777
-0.869,0.077
-0.837,-1.461
-0.988,1.927
-0.904,-0.126
-1.011,-0.256
-1.044,-0.226
-1.138,1.856
-1.172,1.284
-1.068,-0.317
-1.099,0.392
-1.123,0.367
-1.293,0.019
-1.196,-0.833
-1.337,-2.081
-1.328,-2.056
-1.884,-2.271
-2.185,-1.98
-2.312,-2.228
-2.83,-2.351
-3.005,-2.324
2.676,-2.432
2.377,-1.946
2.156,-2.29
2.146,-2.347
2.018,-2.256
1.965,-2.304
1.954,-2.434
1.667,-2.309
1.579,-2.121
1.14,-2.027
0.565,-2.434
-0.137,-2.129
-0.41,-2.456
-0.957,-2.134
-1.036,-2.259
-1.249,2.129
-2.143,2.243
2.873,2.115
2.583,2.353
1.632,2.265
1.438,2.131
1.241,2.333
0.971,2.163
0.808,2.186
-2.191,0.236
-2.199,1.449
2.445,-1.329
-0.363,-1.344
-1.705,-0.497
-1.729,-0.804
0.728,1.043
-0.492,1.504
-0.822,0.813
-1.509,1.356
-2.202,-0.127
-2.496,-0.778
2.133,0.707
1.808,1.456
1.761,0.637
1.814,-1.113
1.509,0.69
0.302,1.337
-0.509,1.869
-0.912,-2.444
1.806,2.247
-2.821,2.271
-2.603,1.574
0.025,0.367
-0.061,-1.403
-0.168,-1.636
-0.205,-0.189
-0.319,-1.112
-0.341,-2.442
-0.535,-1.716
-0.552,-2.049
-0.54,-2.325
-0.586,-1.695
-0.818,1.396
-0.825,-0.435
-0.85,-1.985
-0.834,0.013
-0.921,-0.47
-0.967,-2.335
-0.89,0.749
-0.925,-1.038
-0.929,-1.46
-1.028,0.178
-0.983,-0.637
-1.046,-1.668
-1.006,-1.655
-1.023,-1.168
-1.034,-0.025
-1.11,-0.844
-1.122,-1.504
-1.136,-1.502
-1.076,-0.187
-1.158,-2.694
-1.179,-2.829
-1.278,-2.685
-1.414,-2.752
-1.388,-2.543
-1.5,-2.634
-1.971,-2.553
-1.908,-2.702
-1.908,-2.639
-1.982,-2.703
-2.452,-2.638
2.989,-2.578
2.865,-2.84
2.587,-2.818
2.549,-2.811
2.196,-2.679
1.704,-2.643
1.218,-2.649
1.067,-2.853
0.94,-2.856
0.774,-2.605
0.207,-2.814
0.098,-2.848
0.151,-2.641
0.163,-2.568
0.031,-2.67
-0.82,-3.0
-0.786,-2.845
-0.898,-2.999
-0.895,-2.905
-1.001,-2.964
-1.72,1.667
-2.259,1.455
-2.228,1.775
-2.255,1.648
-2.869,1.729
2.778,1.542
2.754,1.594
2.217,1.703
1.843,1.691
1.713,1.775
1.564,1.633
1.358,1.576
1.318,1.685
0.991,1.678
0.669,1.701
-0.078,1.599
-0.439,1.67
-0.603,1.582
-1.051,1.496
-1.058,-1.53
-1.474,0.345
2.692,-1.702
2.515,-1.966
2.48,0.295
2.386,0.61
1.169,-2.143
0.675,-0.517
0.262,0.859
1.67,-3.064
0.097,1.452
-1.1,-1.166
-1.102,-0.008
-1.302,-2.336
-1.281,-0.221
-1.276,-1.406
-1.294,-1.452
-1.524,-0.955
-1.531,0.369
-1.396,-2.188
-1.528,-0.472
-1.579,0.937
-1.593,-2.263
-1.645,-2.414
-1.697,-1.362
-1.718,-0.108
-1.587,-1.226
-1.753,-2.416
-1.662,-1.45
-1.775,-0.855
-1.884,-1.341
-1.799,-0.764
-1.831,0.838
-1.956,-1.441
-1.953,-1.011
-1.858,-1.179
-1.925,-0.834
-2.11,-1.055
-2.223,-2.443
-2.237,-2.29
-2.182,-1.813
-2.316,-1.023
-2.362,1.353
-2.46,-0.84
-2.554,-1.969
-2.682,-0.679
-2.798,0.132
-3.054,-1.807
-3.03,-1.69
3.068,-0.01
-3.072,1.379
3.03,-2.217
3.008,-0.778
3.031,-0.098
3.029,-0.826
2.985,-0.979
2.917,0.223
2.828,-1.514
2.666,0.019
2.659,0.0
2.515,-1.001
2.539,0.024
2.224,1.318
2.372,0.318
2.19,-0.025
2.299,0.888
2.177,0.052
2.081,1.263
2.07,-0.554
2.063,-1.905
2.157,0.915
1.994,-1.122
1.92,-2.342
2.043,-0.052
2.025,-0.785
2.036,0.31
1.981,1.213
1.963,1.432
1.957,-0.894
1.92,-2.427
1.761,1.22
1.725,-0.349
1.72,-0.134
1.627,-0.452
1.619,0.097
1.72,1.023
1.72,-0.424
1.528,-0.461
1.653,-0.078
1.526,-1.891
1.475,-0.919
1.458,-1.193
1.462,-2.512
1.311,0.8
1.287,-1.405
1.358,-2.353
1.242,-1.537
1.268,0.154
1.124,-0.145
1.143,1.303
1.092,0.185
0.968,-2.354
1.064,-1.287
0.914,-2.363
0.868,0.789
0.835,-2.373
0.815,-0.221
0.932,-1.736
0.883,0.647
0.663,1.193
0.61,0.352
0.474,-1.124
0.315,-0.704
0.389,-0.469
0.292,0.218
0.269,-0.708
-0.052,-0.879
-0.071,0.862
0.037,-1.627
-0.011,0.777
-0.241,-1.615
-0.161,1.411
-0.584,-0.364
-0.615,-1.715
-0.616,-0.583
-0.514,-1.619
-0.529,-1.351
-0.722,-0.497
-0.69,-2.035
-0.841,1.353
-0.757,-0.7
-0.864,-0.83
-0.897,-0.8
-0.991,1.282
-1.025,0.71
-0.921,-0.891
-0.952,-0.182
-0.976,-0.207
-1.146,-0.555
-1.049,-1.407
-1.19,-2.655
-1.181,-2.63
-1.737,-2.845
-2.038,-2.554
-2.165,-2.802
-2.683,-2.925
-2.858,-2.898
2.823,-3.006
2.524,-2.52
2.303,-2.864
2.293,-2.921
2.165,-2.83
2.112,-2.878
2.101,-3.008
1.814,-2.883
1.726,-2.695
1.287,-2.601
0.712,-3.008
0.01,-2.703
-0.263,-3.03
-0.81,-2.708
-0.889,-2.833
-1.102,1.555
-1.996,1.669
3.02,1.541
2.73,1.779
1.779,1.691
1.585,1.557
1.388,1.759
1.118,1.589
0.955,1.612
-2.044,-0.338
-2.052,0.875
2.592,-1.903
-0.216,-1.918
-1.558,-1.071
-1.582,-1.378
0.875,0.469
-0.345,0.93
-0.675,0.239
-1.362,0.782
-2.055,-0.701
-2.349,-1.352
2.28,0.133
1.955,0.882
1.908,0.063
1.961,-1.687
1.656,0.116
0.449,0.763
-0.362,1.295
-0.765,-3.018
1.953,1.673
-2.674,1.697
-2.456,1.0
-0.086,-1.77
-0.193,-2.003
-0.23,-0.556
-0.344,-1.479
-0.366,-2.809
-0.56,-2.083
-0.577,-2.416
-0.565,-2.692
-0.611,-2.062
-0.843,1.029
-0.85,-0.802
-0.875,-2.352
-0.859,-0.354
-0.946,-0.837
-0.992,-2.702
-0.915,0.382
-0.95,-1.405
-0.954,-1.827
-1.053,-0.189
-1.008,-1.004
-1.071,-2.035
-1.031,-2.022
-1.048,-1.535
-1.059,-0.392
-1.135,-1.211
-1.147,-1.871
-1.161,-1.869
-1.101,-0.554
-1.183,-3.061
-1.204,-3.196
-1.303,-3.052
-1.439,-3.119
-1.413,-2.91
-1.525,-3.001
-1.996,-2.92
-1.933,-3.069
-1.933,-3.006
-2.007,-3.07
-2.477,-3.005
2.964,-2.945
2.84,-3.207
2.562,-3.185
2.524,-3.178
2.171,-3.046
1.679,-3.01
1.193,-3.016
1.042,-3.22
0.915,-3.223
0.749,-2.972
0.182,-3.181
0.073,-3.215
0.126,-3.008
0.138,-2.935
0.006,-3.037
-0.845,-3.367
-0.811,-3.212
-0.923,-3.366
-0.92,-3.272
-1.026,-3.331
-1.745,1.3
-2.284,1.088
-2.253,1.408
-2.28,1.281
-2.894,1.362
2.753,1.175
2.729,1.227
2.192,1.336
1.818,1.324
1.688,1.408
1.539,1.266
1.333,1.209
1.293,1.318
0.966,1.311
0.644,1.334
-0.103,1.232
-0.464,1.303
-0.628,1.215
-1.076,1.129
-1.083,-1.897
-1.499,-0.022
2.667,-2.069
2.49,-2.333
2.455,-0.072
2.361,0.243
1.144,-2.51
0.65,-0.884
0.237,0.492
1.645,-3.431
0.072,1.085
-1.125,-1.533
-1.127,-0.375
-1.327,-2.703
-1.306,-0.588
-1.301,-1.773
-1.319,-1.819
-1.549,-1.322
-1.556,0.002
-1.421,-2.555
-1.553,-0.839
-1.604,0.57
-1.618,-2.63
-1.67,-2.781
-1.722,-1.729
-1.743,-0.475
-1.612,-1.593
-1.778,-2.783
-1.687,-1.817
-1.8,-1.222
-1.909,-1.708
-1.824,-1.131
-1.856,0.471
-1.981,-1.808
-1.978,-1.378
-1.883,-1.546
-1.95,-1.201
-2.135,-1.422
-2.248,-2.81
-2.262,-2.657
-2.207,-2.18
-2.341,-1.39
-2.387,0.986
-2.485,-1.207
-2.579,-2.336
-2.707,-1.046
-2.823,-0.235
-3.079,-2.174
-3.055,-2.057
3.043,-0.377
-3.097,1.012
3.005,-2.584
2.983,-1.145
3.006,-0.465
3.004,-1.193
2.96,-1.346
2.892,-0.144
2.803,-1.881
2.641,-0.348
2.634,-0.367
2.49,-1.368
2.514,-0.343
2.199,0.951
2.347,-0.049
2.165,-0.392
2.274,0.521
2.152,-0.315
2.056,0.896
2.045,-0.921
2.038,-2.272
2.132,0.548
1.969,-1.489
1.895,-2.709
2.018,-0.419
2.0,-1.152
2.011,-0.057
1.956,0.846
1.938,1.065
1.932,-1.261
1.895,-2.794
1.736,0.853
1.7,-0.716
1.695,-0.501
1.602,-0.819
1.594,-0.27
1.695,0.656
1.695,-0.791
1.503,-0.828
1.628,-0.445
1.501,-2.258
1.45,-1.286
1.433,-1.56
1.437,-2.879
1.286,0.433
1.262,-1.772
1.333,-2.72
1.217,-1.904
1.243,-0.213
1.099,-0.512
1.118,0.936
1.067,-0.182
0.943,-2.721
1.039,-1.654
0.889,-2.73
0.843,0.422
0.81,-2.74
0.79,-0.588
0.907,-2.103
0.858,0.28
0.638,0.826
0.585,-0.015
0.449,-1.491
0.29,-1.071
0.364,-0.836
0.267,-0.149
0.244,-1.075
-0.077,-1.246
-0.096,0.495
0.012,-1.994
-0.036,0.41
-0.266,-1.982
-0.186,1.044
-0.609,-0.731
-0.64,-2.082
-0.641,-0.95
-0.539,-1.986
-0.554,-1.718
-0.747,-0.864
-0.715,-2.402
-0.866,0.986
-0.782,-1.067
-0.889,-1.197
-0.922,-1.167
-1.016,0.915
-1.05,0.343
-0.946,-1.258
-0.977,-0.549
-1.001,-0.574
-1.171,-0.922
-1.074,-1.774
-1.215,-3.022
-1.206,-2.997
-1.762,-3.212
-2.063,-2.921
-2.19,-3.169
-2.708,-3.292
-2.883,-3.265
2.798,-3.373
2.499,-2.887
2.278,-3.231
2.268,-3.288
2.14,-3.197
2.087,-3.245
2.076,-3.375
1.789,-3.25
1.701,-3.062
1.262,-2.968
0.687,-3.375
-0.015,-3.07
-0.288,-3.397
-0.835,-3.075
-0.914,-3.2
-1.127,1.188
-2.021,1.302
2.995,1.174
2.705,1.412
1.754,1.324
1.56,1.19
1.363,1.392
1.093,1.222
0.93,1.245
-2.069,-0.705
-2.077,0.508
2.567,-2.27
-0.241,-2.285
-1.583,-1.438
-1.607,-1.745
0.85,0.102
-0.37,0.563
-0.7,-0.128
-1.387,0.415
-2.08,-1.068
-2.374,-1.719
2.255,-0.234
1.93,0.515
1.883,-0.304
1.936,-2.054
1.631,-0.251
0.424,0.396
-0.387,0.928
-0.79,-3.385
1.928,1.306
-2.699,1.33
-2.481,0.633
-0.107,-0.233
-0.144,1.214
-0.258,0.291
-0.28,-1.039
-0.474,-0.313
-0.491,-0.646
-0.479,-0.922
-0.525,-0.292
-0.757,2.799
-0.764,0.968
-0.789,-0.582
-0.773,1.416
-0.86,0.933
-0.906,-0.932
-0.829,2.152
-0.864,0.365
-0.868,-0.057
-0.967,1.581
-0.922,0.766
-0.985,-0.265
-0.945,-0.252
-0.962,0.235
-0.973,1.378
-1.049,0.559
-1.061,-0.101
-1.075,-0.099
-1.015,1.216
-1.097,-1.291
-1.118,-1.426
-1.217,-1.282
-1.353,-1.349
-1.327,-1.14
-1.439,-1.231
-1.91,-1.15
-1.847,-1.299
-1.847,-1.236
-1.921,-1.3
-2.391,-1.235
3.05,-1.175
2.926,-1.437
2.648,-1.415
2.61,-1.408
2.257,-1.276
1.765,-1.24
1.279,-1.246
1.128,-1.45
1.001,-1.453
0.835,-1.202
0.268,-1.411
0.159,-1.445
0.212,-1.238
0.224,-1.165
0.092,-1.267
-0.759,-1.597
-0.725,-1.442
-0.837,-1.596
-0.834,-1.502
-0.94,-1.561
-1.659,3.07
-2.198,2.858
-2.167,3.178
-2.194,3.051
-2.808,3.132
2.839,2.945
2.815,2.997
2.278,3.106
1.904,3.094
1.774,3.178
1.625,3.036
1.419,2.979
1.379,3.088
1.052,3.081
0.73,3.104
-0.017,3.002
-0.378,3.073
-0.542,2.985
-0.99,2.899
-0.997,-0.127
-1.413,1.748
2.753,-0.299
2.576,-0.563
2.541,1.698
2.447,2.013
1.23,-0.74
0.736,0.886
0.323,2.262
1.731,-1.661
0.158,2.855
-1.039,0.237
-1.041,1.395
-1.241,-0.933
-1.22,1.182
-1.215,-0.003
-1.233,-0.049
-1.463,0.448
-1.47,1.772
-1.335,-0.785
-1.467,0.931
-1.518,2.34
-1.532,-0.86
-1.584,-1.011
-1.636,0.041
-1.657,1.295
-1.526,0.177
-1.692,-1.013
-1.601,-0.047
-1.714,0.548
-1.823,0.062
-1.738,0.639
-1.77,2.241
-1.895,-0.038
-1.892,0.392
-1.797,0.224
-1.864,0.569
-2.049,0.348
-2.162,-1.04
-2.176,-0.887
-2.121,-0.41
-2.255,0.38
-2.301,2.756
-2.399,0.563
-2.493,-0.566
-2.621,0.724
-2.737,1.535
-2.993,-0.404
-2.969,-0.287
3.129,1.393
-3.011,2.782
3.091,-0.814
3.069,0.625
3.092,1.305
3.09,0.577
3.046,0.424
2.978,1.626
2.889,-0.111
2.727,1.422
2.72,1.403
2.576,0.402
2.6,1.427
2.285,2.721
2.433,1.721
2.251,1.378
2.36,2.291
2.238,1.455
2.142,2.666
2.131,0.849
2.124,-0.502
2.218,2.318
2.055,0.281
1.981,-0.939
2.104,1.351
2.086,0.618
2.097,1.713
2.042,2.616
2.024,2.835
2.018,0.509
1.981,-1.024
1.822,2.623
1.786,1.054
1.781,1.269
1.688,0.951
1.68,1.5
1.781,2.426
1.781,0.979
1.589,0.942
1.714,1.325
1.587,-0.488
1.536,0.484
1.519,0.21
1.523,-1.109
1.372,2.203
1.348,-0.002
1.419,-0.95
1.303,-0.134
1.329,1.557
1.185,1.258
1.204,2.706
1.153,1.588
1.029,-0.951
1.125,0.116
0.975,-0.96
0.929,2.192
0.896,-0.97
0.876,1.182
0.993,-0.333
0.944,2.05
0.724,2.596
0.671,1.755
0.535,0.279
0.376,0.699
0.45,0.934
0.353,1.621
0.33,0.695
0.009,0.524
-0.01,2.265
0.098,-0.224
0.05,2.18
-0.18,-0.212
-0.1,2.814
-0.523,1.039
-0.554,-0.312
-0.555,0.82
-0.453,-0.216
-0.468,0.052
-0.661,0.906
-0.629,-0.632
-0.78,2.756
-0.696,0.703
-0.803,0.573
-0.836,0.603
-0.93,2.685
-0.964,2.113
-0.86,0.512
-0.891,1.221
-0.915,1.196
-1.085,0.848
-0.988,-0.004
-1.129,-1.252
-1.12,-1.227
-1.676,-1.442
-1.977,-1.151
-2.104,-1.399
-2.622,-1.522
-2.797,-1.495
2.884,-1.603
2.585,-1.117
2.364,-1.461
2.354,-1.518
2.226,-1.427
2.173,-1.475
2.162,-1.605
1.875,-1.48
1.787,-1.292
1.348,-1.198
0.773,-1.605
0.071,-1.3
-0.202,-1.627
-0.749,-1.305
-0.828,-1.43
-1.041,2.958
-1.935,3.072
3.081,2.944
2.791,3.182
1.84,3.094
1.646,2.96
1.449,3.162
1.179,2.992
1.016,3.015
-1.983,1.065
-1.991,2.278
2.653,-0.5
-0.155,-0.515
-1.497,0.332
-1.521,0.025
0.936,1.872
-0.284,2.333
-0.614,1.642
-1.301,2.185
-1.994,0.702
-2.288,0.051
2.341,1.536
2.016,2.285
1.969,1.466
2.022,-0.284
1.717,1.519
0.51,2.166
-0.301,2.698
-0.704,-1.615
2.014,3.076
-2.613,3.1
-2.395,2.403
-0.037,1.447
-0.151,0.524
-0.173,-0.806
-0.367,-0.08
-0.384,-0.413
-0.372,-0.689
-0.418,-0.059
-0.65,3.032
-0.657,1.201
-0.682,-0.349
-0.666,1.649
-0.753,1.166
-0.799,-0.699
-0.722,2.385
-0.757,0.598
-0.761,0.176
-0.86,1.814
-0.815,0.999
-0.878,-0.032
-0.838,-0.019
-0.855,0.468
-0.866,1.611
-0.942,0.792
-0.954,0.132
-0.968,0.134
-0.908,1.449
-0.99,-1.058
-1.011,-1.193
-1.11,-1.049
-1.246,-1.116
-1.22,-0.907
-1.332,-0.998
-1.803,-0.917
-1.74,-1.066
-1.74,-1.003
-1.814,-1.067
-2.284,-1.002
-3.126,-0.942
3.033,-1.204
2.755,-1.182
2.717,-1.175
2.364,-1.043
1.872,-1.007
1.386,-1.013
1.235,-1.217
1.108,-1.22
0.942,-0.969
0.375,-1.178
0.266,-1.212
0.319,-1.005
0.331,-0.932
0.199,-1.034
-0.652,-1.364
-0.618,-1.209
-0.73,-1.363
-0.727,-1.269
-0.833,-1.328
-1.552,3.303
-2.091,3.091
-2.06,3.411
-2.087,3.284
-2.701,3.365
2.946,3.178
2.922,3.23
2.385,3.339
2.011,3.327
1.881,3.411
1.732,3.269
1.526,3.212
1.486,3.321
1.159,3.314
0.837,3.337
0.09,3.235
-0.271,3.306
-0.435,3.218
-0.883,3.132
-0.89,0.106
-1.306,1.981
2.86,-0.066
2.683,-0.33
2.648,1.931
2.554,2.246
1.337,-0.507
0.843,1.119
0.43,2.495
1.838,-1.428
0.265,3.088
-0.932,0.47
-0.934,1.628
-1.134,-0.7
-1.113,1.415
-1.108,0.23
-1.126,0.184
-1.356,0.681
-1.363,2.005
-1.228,-0.552
-1.36,1.164
-1.411,2.573
-1.425,-0.627
-1.477,-0.778
-1.529,0.274
-1.55,1.528
-1.419,0.41
-1.585,-0.78
-1.494,0.186
-1.607,0.781
-1.716,0.295
-1.631,0.872
-1.663,2.474
-1.788,0.195
-1.785,0.625
-1.69,0.457
-1.757,0.802
-1.942,0.581
-2.055,-0.807
-2.069,-0.654
-2.014,-0.177
-2.148,0.613
-2.194,2.989
-2.292,0.796
-2.386,-0.333
-2.514,0.957
-2.63,1.768
-2.886,-0.171
-2.862,-0.054
-3.047,1.626
-2.904,3.015
-3.085,-0.581
-3.107,0.858
-3.084,1.538
-3.086,0.81
-3.13,0.657
3.085,1.859
2.996,0.122
2.834,1.655
2.827,1.636
2.683,0.635
2.707,1.66
2.392,2.954
2.54,1.954
2.358,1.611
2.467,2.524
2.345,1.688
2.249,2.899
2.238,1.082
2.231,-0.269
2.325,2.551
2.162,0.514
2.088,-0.706
2.211,1.584
2.193,0.851
2.204,1.946
2.149,2.849
2.131,3.068
2.125,0.742
2.088,-0.791
1.929,2.856
1.893,1.287
1.888,1.502
1.795,1.184
1.787,1.733
1.888,2.659
1.888,1.212
1.696,1.175
1.821,1.558
1.694,-0.255
1.643,0.717
1.626,0.443
1.63,-0.876
1.479,2.436
1.455,0.231
1.526,-0.717
1.41,0.099
1.436,1.79
1.292,1.491
1.311,2.939
1.26,1.821
1.136,-0.718
1.232,0.349
1.082,-0.727
1.036,2.425
1.003,-0.737
0.983,1.415
1.1,-0.1
1.051,2.283
0.831,2.829
0.778,1.988
0.642,0.512
0.483,0.932
0.557,1.167
0.46,1.854
0.437,0.928
0.116,0.757
0.097,2.498
0.205,0.009
0.157,2.413
-0.073,0.021
0.007,3.047
-0.416,1.272
-0.447,-0.079
-0.448,1.053
-0.346,0.017
-0.361,0.285
-0.554,1.139
-0.522,-0.399
-0.673,2.989
-0.589,0.936
-0.696,0.806
-0.729,0.836
-0.823,2.918
-0.857,2.346
-0.753,0.745
-0.784,1.454
-0.808,1.429
-0.978,1.081
-0.881,0.229
-1.022,-1.019
-1.013,-0.994
-1.569,-1.209
-1.87,-0.918
-1.997,-1.166
-2.515,-1.289
-2.69,-1.262
2.991,-1.37
2.692,-0.884
2.471,-1.228
2.461,-1.285
2.333,-1.194
2.28,-1.242
2.269,-1.372
1.982,-1.247
1.894,-1.059
1.455,-0.965
0.88,-1.372
0.178,-1.067
-0.095,-1.394
-0.642,-1.072
-0.721,-1.197
-0.934,3.191
-1.828,3.305
-3.095,3.177
2.898,3.415
1.947,3.327
1.753,3.193
1.556,3.395
1.286,3.225
1.123,3.248
-1.876,1.298
-1.884,2.511
2.76,-0.267
-0.048,-0.282
-1.39,0.565
-1.414,0.258
1.043,2.105
-0.177,2.566
-0.507,1.875
-1.194,2.418
-1.887,0.935
-2.181,0.284
2.448,1.769
2.123,2.518
2.076,1.699
2.129,-0.051
1.824,1.752
0.617,2.399
-0.194,2.931
-0.597,-1.382
2.121,3.309
-2.506,3.333
-2.288,2.636
-0.114,-0.923
-0.136,-2.253
-0.33,-1.527
-0.347,-1.86
-0.335,-2.136
-0.381,-1.506
-0.613,1.585
-0.62,-0.246
-0.645,-1.796
-0.629,0.202
-0.716,-0.281
-0.762,-2.146
-0.685,0.938
-0.72,-0.849
-0.724,-1.271
-0.823,0.367
-0.778,-0.448
-0.841,-1.479
-0.801,-1.466
-0.818,-0.979
-0.829,0.164
-0.905,-0.655
-0.917,-1.315
-0.931,-1.313
-0.871,0.002
-0.953,-2.505
-0.974,-2.64
-1.073,-2.496
-1.209,-2.563
-1.183,-2.354
-1.295,-2.445
-1.766,-2.364
-1.703,-2.513
-1.703,-2.45
-1.777,-2.514
-2.247,-2.449
-3.089,-2.389
3.07,-2.651
2.792,-2.629
2.754,-2.622
2.401,-2.49
1.909,-2.454
1.423,-2.46
1.272,-2.664
1.145,-2.667
0.979,-2.416
0.412,-2.625
0.303,-2.659
0.356,-2.452
0.368,-2.379
0.236,-2.481
-0.615,-2.811
-0.581,-2.656
-0.693,-2.81
-0.69,-2.716
-0.796,-2.775
-1.515,1.856
-2.054,1.644
-2.023,1.964
-2.05,1.837
-2.664,1.918
2.983,1.731
2.959,1.783
2.422,1.892
2.048,1.88
1.918,1.964
1.769,1.822
1.563,1.765
1.523,1.874
1.196,1.867
0.874,1.89
0.127,1.788
-0.234,1.859
-0.398,1.771
-0.846,1.685
-0.853,-1.341
-1.269,0.534
2.897,-1.513
2.72,-1.777
2.685,0.484
2.591,0.799
1.374,-1.954
0.88,-0.328
0.467,1.048
1.875,-2.875
0.302,1.641
-0.895,-0.977
-0.897,0.181
-1.097,-2.147
-1.076,-0.032
-1.071,-1.217
-1.089,-1.263
-1.319,-0.766
-1.326,0.558
-1.191,-1.999
-1.323,-0.283
-1.374,1.126
-1.388,-2.074
-1.44,-2.225
-1.492,-1.173
-1.513,0.081
-1.382,-1.037
-1.548,-2.227
-1.457,-1.261
-1.57,-0.666
-1.679,-1.152
-1.594,-0.575
-1.626,1.027
-1.751,-1.252
-1.748,-0.822
-1.653,-0.99
-1.72,-0.645
-1.905,-0.866
-2.018,-2.254
-2.032,-2.101
-1.977,-1.624
-2.111,-0.834
-2.157,1.542
-2.255,-0.651
-2.349,-1.78
-2.477,-0.49
-2.593,0.321
-2.849,-1.618
-2.825,-1.501
-3.01,0.179
-2.867,1.568
-3.048,-2.028
-3.07,-0.589
-3.047,0.091
-3.049,-0.637
-3.093,-0.79
3.122,0.412
3.033,-1.325
2.871,0.208
2.864,0.189
2.72,-0.812
2.744,0.213
2.429,1.507
2.577,0.507
2.395,0.164
2.504,1.077
2.382,0.241
2.286,1.452
2.275,-0.365
2.268,-1.716
2.362,1.104
2.199,-0.933
2.125,-2.153
2.248,0.137
2.23,-0.596
2.241,0.499
2.186,1.402
2.168,1.621
2.162,-0.705
2.125,-2.238
1.966,1.409
1.93,-0.16
1.925,0.055
1.832,-0.263
1.824,0.286
1.925,1.212
1.925,-0.235
1.733,-0.272
1.858,0.111
1.731,-1.702
1.68,-0.73
1.663,-1.004
1.667,-2.323
1.516,0.989
1.492,-1.216
1.563,-2.164
1.447,-1.348
1.473,0.343
1.329,0.044
1.348,1.492
1.297,0.374
1.173,-2.165
1.269,-1.098
1.119,-2.174
1.073,0.978
1.04,-2.184
1.02,-0.032
1.137,-1.547
1.088,0.836
0.868,1.382
0.815,0.541
0.679,-0.935
0.52,-0.515
0.594,-0.28
0.497,0.407
0.474,-0.519
0.153,-0.69
0.134,1.051
0.242,-1.438
0.194,0.966
-0.036,-1.426
0.044,1.6
-0.379,-0.175
-0.41,-1.526
-0.411,-0.394
-0.309,-1.43
-0.324,-1.162
-0.517,-0.308
-0.485,-1.846
-0.636,1.542
-0.552,-0.511
-0.659,-0.641
-0.692,-0.611
-0.786,1.471
-0.82,0.899
-0.716,-0.702
-0.747,0.007
-0.771,-0.018
-0.941,-0.366
-0.844,-1.218
-0.985,-2.466
-0.976,-2.441
-1.532,-2.656
-1.833,-2.365
-1.96,-2.613
-2.478,-2.736
-2.653,-2.709
3.028,-2.817
2.729,-2.331
2.508,-2.675
2.498,-2.732
2.37,-2.641
2.317,-2.689
2.306,-2.819
2.019,-2.694
1.931,-2.506
1.492,-2.412
0.917,-2.819
0.215,-2.514
-0.058,-2.841
-0.605,-2.519
-0.684,-2.644
-0.897,1.744
-1.791,1.858
-3.058,1.73
2.935,1.968
1.984,1.88
1.79,1.746
1.593,1.948
1.323,1.778
1.16,1.801
-1.839,-0.149
-1.847,1.064
2.797,-1.714
-0.011,-1.729
-1.353,-0.882
-1.377,-1.189
1.08,0.658
-0.14,1.119
-0.47,0.428
-1.157,0.971
-1.85,-0.512
-2.144,-1.163
2.485,0.322
2.16,1.071
2.113,0.252
2.166,-1.498
1.861,0.305
0.654,0.952
-0.157,1.484
-0.56,-2.829
2.158,1.862
-2.469,1.886
-2.251,1.189
-0.022,-1.33
-0.216,-0.604
-0.233,-0.937
-0.221,-1.213
-0.267,-0.583
-0.499,2.508
-0.506,0.677
-0.531,-0.873
-0.515,1.125
-0.602,0.642
-0.648,-1.223
-0.571,1.861
-0.606,0.074
-0.61,-0.348
-0.709,1.29
-0.664,0.475
-0.727,-0.556
-0.687,-0.543
-0.704,-0.056
-0.715,1.087
-0.791,0.268
-0.803,-0.392
-0.817,-0.39
-0.757,0.925
-0.839,-1.582
-0.86,-1.717
-0.959,-1.573
-1.095,-1.64
-1.069,-1.431
-1.181,-1.522
-1.652,-1.441
-1.589,-1.59
-1.589,-1.527
-1.663,-1.591
-2.133,-1.526
-2.975,-1.466
-3.099,-1.728
2.906,-1.706
2.868,-1.699
2.515,-1.567
2.023,-1.531
1.537,-1.537
1.386,-1.741
1.259,-1.744
1.093,-1.493
0.526,-1.702
0.417,-1.736
0.47,-1.529
0.482,-1.456
0.35,-1.558
-0.501,-1.888
-0.467,-1.733
-0.579,-1.887
-0.576,-1.793
-0.682,-1.852
-1.401,2.779
-1.94,2.567
-1.909,2.887
-1.936,2.76
-2.55,2.841
3.097,2.654
3.073,2.706
2.536,2.815
2.162,2.803
2.032,2.887
1.883,2.745
1.677,2.688
1.637,2.797
1.31,2.79
0.988,2.813
0.241,2.711
-0.12,2.782
-0.284,2.694
-0.732,2.608
-0.739,-0.418
-1.155,1.457
3.011,-0.59
2.834,-0.854
2.799,1.407
2.705,1.722
1.488,-1.031
0.994,0.595
0.581,1.971
1.989,-1.952
0.416,2.564
-0.781,-0.054
-0.783,1.104
-0.983,-1.224
-0.962,0.891
-0.957,-0.294
-0.975,-0.34
-1.205,0.157
-1.212,1.481
-1.077,-1.076
-1.209,0.64
-1.26,2.049
-1.274,-1.151
-1.326,-1.302
-1.378,-0.25
-1.399,1.004
-1.268,-0.114
-1.434,-1.304
-1.343,-0.338
-1.456,0.257
-1.565,-0.229
-1.48,0.348
-1.512,1.95
-1.637,-0.329
-1.634,0.101
-1.539,-0.067
-1.606,0.278
-1.791,0.057
-1.904,-1.331
-1.918,-1.178
-1.863,-0.701
-1.997,0.089
-2.043,2.465
-2.141,0.272
-2.235,-0.857
-2.363,0.433
-2.479,1.244
-2.735,-0.695
-2.711,-0.578
-2.896,1.102
-2.753,2.491
-2.934,-1.105
-2.956,0.334
-2.933,1.014
-2.935,0.286
-2.979,0.133
-3.047,1.335
-3.136,-0.402
2.985,1.131
2.978,1.112
2.834,0.111
2.858,1.136
2.543,2.43
2.691,1.43
2.509,1.087
2.618,2.0
2.496,1.164
2.4,2.375
2.389,0.558
2.382,-0.793
2.476,2.027
2.313,-0.01
2.239,-1.23
2.362,1.06
2.344,0.327
2.355,1.422
2.3,2.325
2.282,2.544
2.276,0.218
2.239,-1.315
2.08,2.332
2.044,0.763
2.039,0.978
1.946,0.66
1.938,1.209
2.039,2.135
2.039,0.688
1.847,0.651
1.972,1.034
1.845,-0.779
1.794,0.193
1.777,-0.081
1.781,-1.4
1.63,1.912
1.606,-0.293
1.677,-1.241
1.561,-0.425
1.587,1.266
1.443,0.967
1.462,2.415
1.411,1.297
1.287,-1.242
1.383,-0.175
1.233,-1.251
1.187,1.901
1.154,-1.261
1.134,0.891
1.251,-0.624
1.202,1.759
0.982,2.305
0.929,1.464
0.793,-0.012
0.634,0.408
0.708,0.643
0.611,1.33
0.588,0.404
0.267,0.233
0.248,1.974
0.356,-0.515
0.308,1.889
0.078,-0.503
0.158,2.523
-0.265,0.748
-0.296,-0.603
-0.297,0.529
-0.195,-0.507
-0.21,-0.239
-0.403,0.615
-0.371,-0.923
-0.522,2.465
-0.438,0.412
-0.545,0.282
-0.578,0.312
-0.672,2.394
-0.706,1.822
-0.602,0.221
-0.633,0.93
-0.657,0.905
-0.827,0.557
-0.73,-0.295
-0.871,-1.543
-0.862,-1.518
-1.418,-1.733
-1.719,-1.442
-1.846,-1.69
-2.364,-1.813
-2.539,-1.786
-3.141,-1.894
2.843,-1.408
2.622,-1.752
2.612,-1.809
2.484,-1.718
2.431,-1.766
2.42,-1.896
2.133,-1.771
2.045,-1.583
1.606,-1.489
1.031,-1.896
0.329,-1.591
0.056,-1.918
-0.491,-1.596
-0.57,-1.721
-0.783,2.667
-1.677,2.781
-2.944,2.653
3.049,2.891
2.098,2.803
1.904,2.669
1.707,2.871
1.437,2.701
1.274,2.724
-1.725,0.774
-1.733,1.987
2.911,-0.791
0.103,-0.806
-1.239,0.041
-1.263,-0.266
1.194,1.581
-0.026,2.042
-0.356,1.351
-1.043,1.894
-1.736,0.411
-2.03,-0.24
2.599,1.245
2.274,1.994
2.227,1.175
2.28,-0.575
1.975,1.228
0.768,1.875
-0.043,2.407
-0.446,-1.906
2.272,2.785
-2.355,2.809
-2.137,2.112
-0.194,0.726
-0.211,0.393
-0.199,0.117
-0.245,0.747
-0.477,3.838
-0.484,2.007
-0.509,0.457
-0.493,2.455
-0.58,1.972
-0.626,0.107
-0.549,3.191
-0.584,1.404
-0.588,0.982
-0.687,2.62
-0.642,1.805
-0.705,0.774
-0.665,0.787
-0.682,1.274
-0.693,2.417
-0.769,1.598
-0.781,0.938
-0.795,0.94
-0.735,2.255
-0.817,-0.252
-0.838,-0.387
-0.937,-0.243
-1.073,-0.31
-1.047,-0.101
-1.159,-0.192
-1.63,-0.111
-1.567,-0.26
-1.567,-0.197
-1.641,-0.261
-2.111,-0.196
-2.953,-0.136
-3.077,-0.398
2.928,-0.376
2.89,-0.369
2.537,-0.237
2.045,-0.201
1.559,-0.207
1.408,-0.411
1.281,-0.414
1.115,-0.163
0.548,-0.372
0.439,-0.406
0.492,-0.199
0.504,-0.126
0.372,-0.228
-0.479,-0.558
-0.445,-0.403
-0.557,-0.557
-0.554,-0.463
-0.66,-0.522
-1.379,4.109
-1.918,3.897
-1.887,4.217
-1.914,4.09
-2.528,4.171
3.119,3.984
3.095,4.036
2.558,4.145
2.184,4.133
2.054,4.217
1.905,4.075
1.699,4.018
1.659,4.127
1.332,4.12
1.01,4.143
0.263,4.041
-0.098,4.112
-0.262,4.024
-0.71,3.938
-0.717,0.912
-1.133,2.787
3.033,0.74
2.856,0.476
2.821,2.737
2.727,3.052
1.51,0.299
1.016,1.925
0.603,3.301
2.011,-0.622
0.438,3.894
-0.759,1.276
-0.761,2.434
-0.961,0.106
-0.94,2.221
-0.935,1.036
-0.953,0.99
-1.183,1.487
-1.19,2.811
-1.055,0.254
-1.187,1.97
-1.238,3.379
-1.252,0.179
-1.304,0.028
-1.356,1.08
-1.377,2.334
-1.246,1.216
-1.412,0.026
-1.321,0.992
-1.434,1.587
-1.543,1.101
-1.458,1.678
-1.49,3.28
-1.615,1.001
-1.612,1.431
-1.517,1.263
-1.584,1.608
-1.769,1.387
-1.882,-0.001
-1.896,0.152
-1.841,0.629
-1.975,1.419
-2.021,3.795
-2.119,1.602
-2.213,0.473
-2.341,1.763
-2.457,2.574
-2.713,0.635
-2.689,0.752
-2.874,2.432
-2.731,3.821
-2.912,0.225
-2.934,1.664
-2.911,2.344
-2.913,1.616
-2.957,1.463
-3.025,2.665
-3.114,0.928
3.007,2.461
3.0,2.442
2.856,1.441
2.88,2.466
2.565,3.76
2.713,2.76
2.531,2.417
2.64,3.33
2.518,2.494
2.422,3.705
2.411,1.888
2.404,0.537
2.498,3.357
2.335,1.32
2.261,0.1
2.384,2.39
2.366,1.657
2.377,2.752
2.322,3.655
2.304,3.874
2.298,1.548
2.261,0.015
2.102,3.662
2.066,2.093
2.061,2.308
1.968,1.99
1.96,2.539
2.061,3.465
2.061,2.018
1.869,1.981
1.994,2.364
1.867,0.551
1.816,1.523
1.799,1.249
1.803,-0.07
1.652,3.242
1.628,1.037
1.699,0.089
1.583,0.905
1.609,2.596
1.465,2.297
1.484,3.745
1.433,2.627
1.309,0.088
1.405,1.155
1.255,0.079
1.209,3.231
1.176,0.069
1.156,2.221
1.273,0.706
1.224,3.089
1.004,3.635
0.951,2.794
0.815,1.318
0.656,1.738
0.73,1.973
0.633,2.66
0.61,1.734
0.289,1.563
0.27,3.304
0.378,0.815
0.33,3.219
0.1,0.827
0.18,3.853
-0.243,2.078
-0.274,0.727
-0.275,1.859
-0.173,0.823
-0.188,1.091
-0.381,1.945
-0.349,0.407
-0.5,3.795
-0.416,1.742
-0.523,1.612
-0.556,1.642
-0.65,3.724
-0.684,3.152
-0.58,1.551
-0.611,2.26
-0.635,2.235
-0.805,1.887
-0.708,1.035
-0.849,-0.213
-0.84,-0.188
-1.396,-0.403
-1.697,-0.112
-1.824,-0.36
-2.342,-0.483
-2.517,-0.456
-3.119,-0.564
2.865,-0.078
2.644,-0.422
2.634,-0.479
2.506,-0.388
2.453,-0.436
2.442,-0.566
2.155,-0.441
2.067,-0.253
1.628,-0.159
1.053,-0.566
0.351,-0.261
0.078,-0.588
-0.469,-0.266
-0.548,-0.391
-0.761,3.997
-1.655,4.111
-2.922,3.983
3.071,4.221
2.12,4.133
1.926,3.999
1.729,4.201
1.459,4.031
1.296,4.054
-1.703,2.104
-1.711,3.317
2.933,0.539
0.125,0.524
-1.217,1.371
-1.241,1.064
1.216,2.911
-0.004,3.372
-0.334,2.681
-1.021,3.224
-1.714,1.741
-2.008,1.09
2.621,2.575
2.296,3.324
2.249,2.505
2.302,0.755
1.997,2.558
0.79,3.205
-0.021,3.737
-0.424,-0.576
2.294,4.115
-2.333,4.139
-2.115,3.442
-0.017,-0.333
-0.005,-0.609
-0.051,0.021
-0.283,3.112
-0.29,1.281
-0.315,-0.269
-0.299,1.729
-0.386,1.246
-0.432,-0.619
-0.355,2.465
-0.39,0.678
-0.394,0.256
-0.493,1.894
-0.448,1.079
-0.511,0.048
-0.471,0.061
-0.488,0.548
-0.499,1.691
-0.575,0.872
-0.587,0.212
-0.601,0.214
-0.541,1.529
-0.623,-0.978
-0.644,-1.113
-0.743,-0.969
-0.879,-1.036
-0.853,-0.827
-0.965,-0.918
-1.436,-0.837
-1.373,-0.986
-1.373,-0.923
-1.447,-0.987
-1.917,-0.922
-2.759,-0.862
-2.883,-1.124
3.122,-1.102
3.084,-1.095
2.731,-0.963
2.239,-0.927
1.753,-0.933
1.602,-1.137
1.475,-1.14
1.309,-0.889
0.742,-1.098
0.633,-1.132
0.686,-0.925
0.698,-0.852
0.566,-0.954
-0.285,-1.284
-0.251,-1.129
-0.363,-1.283
-0.36,-1.189
-0.466,-1.248
-1.185,3.383
-1.724,3.171
-1.693,3.491
-1.72,3.364
-2.334,3.445
-2.97,3.258
-2.994,3.31
2.752,3.419
2.378,3.407
2.248,3.491
2.099,3.349
1.893,3.292
1.853,3.401
1.526,3.394
1.204,3.417
0.457,3.315
0.096,3.386
-0.068,3.298
-0.516,3.212
-0.523,0.186
-0.939,2.061
-3.056,0.014
3.05,-0.25
3.015,2.011
2.921,2.326
1.704,-0.427
1.21,1.199
0.797,2.575
2.205,-1.348
0.632,3.168
-0.565,0.55
-0.567,1.708
-0.767,-0.62
-0.746,1.495
-0.741,0.31
-0.759,0.264
-0.989,0.761
-0.996,2.085
-0.861,-0.472
-0.993,1.244
-1.044,2.653
-1.058,-0.547
-1.11,-0.698
-1.162,0.354
-1.183,1.608
-1.052,0.49
-1.218,-0.7
-1.127,0.266
-1.24,0.861
-1.349,0.375
-1.264,0.952
-1.296,2.554
-1.421,0.275
-1.418,0.705
-1.323,0.537
-1.39,0.882
-1.575,0.661
-1.688,-0.727
-1.702,-0.574
-1.647,-0.097
-1.781,0.693
-1.827,3.069
-1.925,0.876
-2.019,-0.253
-2.147,1.037
-2.263,1.848
-2.519,-0.091
-2.495,0.026
-2.68,1.706
-2.537,3.095
-2.718,-0.501
-2.74,0.938
-2.717,1.618
-2.719,0.89
-2.763,0.737
-2.831,1.939
-2.92,0.202
-3.082,1.735
-3.089,1.716
3.05,0.715
3.074,1.74
2.759,3.034
2.907,2.034
2.725,1.691
2.834,2.604
2.712,1.768
2.616,2.979
2.605,1.162
2.598,-0.189
2.692,2.631
2.529,0.594
2.455,-0.626
2.578,1.664
2.56,0.931
2.571,2.026
2.516,2.929
2.498,3.148
2.492,0.822
2.455,-0.711
2.296,2.936
2.26,1.367
2.255,1.582
2.162,1.264
2.154,1.813
2.255,2.739
2.255,1.292
2.063,1.255
2.188,1.638
2.061,-0.175
2.01,0.797
1.993,0.523
1.997,-0.796
1.846,2.516
1.822,0.311
1.893,-0.637
1.777,0.179
1.803,1.87
1.659,1.571
1.678,3.019
1.627,1.901
1.503,-0.638
1.599,0.429
1.449,-0.647
1.403,2.505
1.37,-0.657
1.35,1.495
1.467,-0.02
1.418,2.363
1.198,2.909
1.145,2.068
1.009,0.592
0.85,1.012
0.924,1.247
0.827,1.934
0.804,1.008
0.483,0.837
0.464,2.578
0.572,0.089
0.524,2.493
0.294,0.101
0.374,3.127
-0.049,1.352
-0.08,0.001
-0.081,1.133
0.021,0.097
0.006,0.365
-0.187,1.219
-0.155,-0.319
-0.306,3.069
-0.222,1.016
-0.329,0.886
-0.362,0.916
-0.456,2.998
-0.49,2.426
-0.386,0.825
-0.417,1.534
-0.441,1.509
-0.611,1.161
-0.514,0.309
-0.655,-0.939
-0.646,-0.914
-1.202,-1.129
-1.503,-0.838
-1.63,-1.086
-2.148,-1.209
-2.323,-1.182
-2.925,-1.29
3.059,-0.804
2.838,-1.148
2.828,-1.205
2.7,-1.114
2.647,-1.162
2.636,-1.292
2.349,-1.167
2.261,-0.979
1.822,-0.885
1.247,-1.292
0.545,-0.987
0.272,-1.314
-0.275,-0.992
-0.354,-1.117
-0.567,3.271
-1.461,3.385
-2.728,3.257
-3.018,3.495
2.314,3.407
2.12,3.273
1.923,3.475
1.653,3.305
1.49,3.328
-1.509,1.378
-1.517,2.591
3.127,-0.187
0.319,-0.202
-1.023,0.645
-1.047,0.338
1.41,2.185
0.19,2.646
-0.14,1.955
-0.827,2.498
-1.52,1.015
-1.814,0.364
2.815,1.849
2.49,2.598
2.443,1.779
2.496,0.029
2.191,1.832
0.984,2.479
0.173,3.011
-0.23,-1.302
2.488,3.389
-2.139,3.413
-1.921,2.716
0.012,-0.276
-0.034,0.354
-0.266,3.445
-0.273,1.614
-0.298,0.064
-0.282,2.062
-0.369,1.579
-0.415,-0.286
-0.338,2.798
-0.373,1.011
-0.377,0.589
-0.476,2.227
-0.431,1.412
-0.494,0.381
-0.454,0.394
-0.471,0.881
-0.482,2.024
-0.558,1.205
-0.57,0.545
-0.584,0.547
-0.524,1.862
-0.606,-0.645
-0.627,-0.78
-0.726,-0.636
-0.862,-0.703
-0.836,-0.494
-0.948,-0.585
-1.419,-0.504
-1.356,-0.653
-1.356,-0.59
-1.43,-0.654
-1.9,-0.589
-2.742,-0.529
-2.866,-0.791
3.139,-0.769
3.101,-0.762
2.748,-0.63
2.256,-0.594
1.77,-0.6
1.619,-0.804
1.492,-0.807
1.326,-0.556
0.759,-0.765
0.65,-0.799
0.703,-0.592
0.715,-0.519
0.583,-0.621
-0.268,-0.951
-0.234,-0.796
-0.346,-0.95
-0.343,-0.856
-0.449,-0.915
-1.168,3.716
-1.707,3.504
-1.676,3.824
-1.703,3.697
-2.317,3.778
-2.953,3.591
-2.977,3.643
2.769,3.752
2.395,3.74
2.265,3.824
2.116,3.682
1.91,3.625
1.87,3.734
1.543,3.727
1.221,3.75
0.474,3.648
0.113,3.719
-0.051,3.631
-0.499,3.545
-0.506,0.519
-0.922,2.394
-3.039,0.347
3.067,0.083
3.032,2.344
2.938,2.659
1.721,-0.094
1.227,1.532
0.814,2.908
2.222,-1.015
0.649,3.501
-0.548,0.883
-0.55,2.041
-0.75,-0.287
-0.729,1.828
-0.724,0.643
-0.742,0.597
-0.972,1.094
-0.979,2.418
-0.844,-0.139
-0.976,1.577
-1.027,2.986
-1.041,-0.214
-1.093,-0.365
-1.145,0.687
-1.166,1.941
-1.035,0.823
-1.201,-0.367
-1.11,0.599
-1.223,1.194
-1.332,0.708
-1.247,1.285
-1.279,2.887
-1.404,0.608
-1.401,1.038
-1.306,0.87
-1.373,1.215
-1.558,0.994
-1.671,-0.394
-1.685,-0.241
-1.63,0.236
-1.764,1.026
-1.81,3.402
-1.908,1.209
-2.002,0.08
-2.13,1.37
-2.246,2.181
-2.502,0.242
-2.478,0.359
-2.663,2.039
-2.52,3.428
-2.701,-0.168
-2.723,1.271
-2.7,1.951
-2.702,1.223
-2.746,1.07
-2.814,2.272
-2.903,0.535
-3.065,2.068
-3.072,2.049
3.067,1.048
3.091,2.073
2.776,3.367
2.924,2.367
2.742,2.024
2.851,2.937
2.729,2.101
2.633,3.312
2.622,1.495
2.615,0.144
2.709,2.964
2.546,0.927
2.472,-0.293
2.595,1.997
2.577,1.264
2.588,2.359
2.533,3.262
2.515,3.481
2.509,1.155
2.472,-0.378
2.313,3.269
2.277,1.7
2.272,1.915
2.179,1.597
2.171,2.146
2.272,3.072
2.272,1.625
2.08,1.588
2.205,1.971
2.078,0.158
2.027,1.13
2.01,0.856
2.014,-0.463
1.863,2.849
1.839,0.644
1.91,-0.304
1.794,0.512
1.82,2.203
1.676,1.904
1.695,3.352
1.644,2.234
1.52,-0.305
1.616,0.762
1.466,-0.314
1.42,2.838
1.387,-0.324
1.367,1.828
1.484,0.313
1.435,2.696
1.215,3.242
1.162,2.401
1.026,0.925
0.867,1.345
0.941,1.58
0.844,2.267
0.821,1.341
0.5,1.17
0.481,2.911
0.589,0.422
0.541,2.826
0.311,0.434
0.391,3.46
-0.032,1.685
-0.063,0.334
-0.064,1.466
0.038,0.43
0.023,0.698
-0.17,1.552
-0.138,0.014
-0.289,3.402
-0.205,1.349
-0.312,1.219
-0.345,1.249
-0.439,3.331
-0.473,2.759
-0.369,1.158
-0.4,1.867
-0.424,1.842
-0.594,1.494
-0.497,0.642
-0.638,-0.606
-0.629,-0.581
-1.185,-0.796
-1.486,-0.505
-1.613,-0.753
-2.131,-0.876
-2.306,-0.849
-2.908,-0.957
3.076,-0.471
2.855,-0.815
2.845,-0.872
2.717,-0.781
2.664,-0.829
2.653,-0.959
2.366,-0.834
2.278,-0.646
1.839,-0.552
1.264,-0.959
0.562,-0.654
0.289,-0.981
-0.258,-0.659
-0.337,-0.784
-0.55,3.604
-1.444,3.718
-2.711,3.59
-3.001,3.828
2.331,3.74
2.137,3.606
1.94,3.808
1.67,3.638
1.507,3.661
-1.492,1.711
-1.5,2.924
-3.139,0.146
0.336,0.131
-1.006,0.978
-1.03,0.671
1.427,2.518
0.207,2.979
-0.123,2.288
-0.81,2.831
-1.503,1.348
-1.797,0.697
2.832,2.182
2.507,2.931
2.46,2.112
2.513,0.362
2.208,2.165
1.001,2.812
0.19,3.344
-0.213,-0.969
2.505,3.722
-2.122,3.746
-1.904,3.049
-0.046,0.63
-0.278,3.721
-0.285,1.89
-0.31,0.34
-0.294,2.338
-0.381,1.855
-0.427,-0.01
-0.35,3.074
-0.385,1.287
-0.389,0.865
-0.488,2.503
-0.443,1.688
-0.506,0.657
-0.466,0.67
-0.483,1.157
-0.494,2.3
-0.57,1.481
-0.582,0.821
-0.596,0.823
-0.536,2.138
-0.618,-0.369
-0.639,-0.504
-0.738,-0.36
-0.874,-0.427
-0.848,-0.218
-0.96,-0.309
-1.431,-0.228
-1.368,-0.377
-1.368,-0.314
-1.442,-0.378
-1.912,-0.313
-2.754,-0.253
-2.878,-0.515
3.127,-0.493
3.089,-0.486
2.736,-0.354
2.244,-0.318
1.758,-0.324
1.607,-0.528
1.48,-0.531
1.314,-0.28
0.747,-0.489
0.638,-0.523
0.691,-0.316
0.703,-0.243
0.571,-0.345
-0.28,-0.675
-0.246,-0.52
-0.358,-0.674
-0.355,-0.58
-0.461,-0.639
-1.18,3.992
-1.719,3.78
-1.688,4.1
-1.715,3.973
-2.329,4.054
-2.965,3.867
-2.989,3.919
2.757,4.028
2.383,4.016
2.253,4.1
2.104,3.958
1.898,3.901
1.858,4.01
1.531,4.003
1.209,4.026
0.462,3.924
0.101,3.995
-0.063,3.907
-0.511,3.821
-0.518,0.795
-0.934,2.67
-3.051,0.623
3.055,0.359
3.02,2.62
2.926,2.935
1.709,0.182
1.215,1.808
0.802,3.184
2.21,-0.739
0.637,3.777
-0.56,1.159
-0.562,2.317
-0.762,-0.011
-0.741,2.104
-0.736,0.919
-0.754,0.873
-0.984,1.37
-0.991,2.694
-0.856,0.137
-0.988,1.853
-1.039,3.262
-1.053,0.062
-1.105,-0.089
-1.157,0.963
-1.178,2.217
-1.047,1.099
-1.213,-0.091
-1.122,0.875
-1.235,1.47
-1.344,0.984
-1.259,1.561
-1.291,3.163
-1.416,0.884
-1.413,1.314
-1.318,1.146
-1.385,1.491
-1.57,1.27
-1.683,-0.118
-1.697,0.035
-1.642,0.512
-1.776,1.302
-1.822,3.678
-1.92,1.485
-2.014,0.356
-2.142,1.646
-2.258,2.457
-2.514,0.518
-2.49,0.635
-2.675,2.315
-2.532,3.704
-2.713,0.108
-2.735,1.547
-2.712,2.227
-2.714,1.499
-2.758,1.346
-2.826,2.548
-2.915,0.811
-3.077,2.344
-3.084,2.325
3.055,1.324
3.079,2.349
2.764,3.643
2.912,2.643
2.73,2.3
2.839,3.213
2.717,2.377
2.621,3.588
2.61,1.771
2.603,0.42
2.697,3.24
2.534,1.203
2.46,-0.017
2.583,2.273
2.565,1.54
2.576,2.635
2.521,3.538
2.503,3.757
2.497,1.431
2.46,-0.102
2.301,3.545
2.265,1.976
2.26,2.191
2.167,1.873
2.159,2.422
2.26,3.348
2.26,1.901
2.068,1.864
2.193,2.247
2.066,0.434
2.015,1.406
1.998,1.132
2.002,-0.187
1.851,3.125
1.827,0.92
1.898,-0.028
1.782,0.788
1.808,2.479
1.664,2.18
1.683,3.628
1.632,2.51
1.508,-0.029
1.604,1.038
1.454,-0.038
1.408,3.114
1.375,-0.048
1.355,2.104
1.472,0.589
1.423,2.972
1.203,3.518
1.15,2.677
1.014,1.201
0.855,1.621
0.929,1.856
0.832,2.543
0.809,1.617
0.488,1.446
0.469,3.187
0.577,0.698
0.529,3.102
0.299,0.71
0.379,3.736
-0.044,1.961
-0.075,0.61
-0.076,1.742
0.026,0.706
0.011,0.974
-0.182,1.828
-0.15,0.29
-0.301,3.678
-0.217,1.625
-0.324,1.495
-0.357,1.525
-0.451,3.607
-0.485,3.035
-0.381,1.434
-0.412,2.143
-0.436,2.118
-0.606,1.77
-0.509,0.918
-0.65,-0.33
-0.641,-0.305
-1.197,-0.52
-1.498,-0.229
-1.625,-0.477
-2.143,-0.6
-2.318,-0.573
-2.92,-0.681
3.064,-0.195
2.843,-0.539
2.833,-0.596
2.705,-0.505
2.652,-0.553
2.641,-0.683
2.354,-0.558
2.266,-0.37
1.827,-0.276
1.252,-0.683
0.55,-0.378
0.277,-0.705
-0.27,-0.383
-0.349,-0.508
-0.562,3.88
-1.456,3.994
-2.723,3.866
-3.013,4.104
2.319,4.016
2.125,3.882
1.928,4.084
1.658,3.914
1.495,3.937
-1.504,1.987
-1.512,3.2
3.132,0.422
0.324,0.407
-1.018,1.254
-1.042,0.947
1.415,2.794
0.195,3.255
-0.135,2.564
-0.822,3.107
-1.515,1.624
-1.809,0.973
2.82,2.458
2.495,3.207
2.448,2.388
2.501,0.638
2.196,2.441
0.989,3.088
0.178,3.62
-0.225,-0.693
2.493,3.998
-2.134,4.022
-1.916,3.325
-0.232,3.091
-0.239,1.26
-0.264,-0.29
-0.248,1.708
-0.335,1.225
-0.381,-0.64
-0.304,2.444
-0.339,0.657
-0.343,0.235
-0.442,1.873
-0.397,1.058
-0.46,0.027
-0.42,0.04
-0.437,0.527
-0.448,1.67
-0.524,0.851
-0.536,0.191
-0.55,0.193
-0.49,1.508
-0.572,-0.999
-0.593,-1.134
-0.692,-0.99
-0.828,-1.057
-0.802,-0.848
-0.914,-0.939
-1.385,-0.858
-1.322,-1.007
-1.322,-0.944
-1.396,-1.008
-1.866,-0.943
-2.708,-0.883
-2.832,-1.145
-3.11,-1.123
3.135,-1.116
2.782,-0.984
2.29,-0.948
1.804,-0.954
1.653,-1.158
1.526,-1.161
1.36,-0.91
0.793,-1.119
0.684,-1.153
0.737,-0.946
0.749,-0.873
0.617,-0.975
-0.234,-1.305
-0.2,-1.15
-0.312,-1.304
-0.309,-1.21
-0.415,-1.269
-1.134,3.362
-1.673,3.15
-1.642,3.47
-1.669,3.343
-2.283,3.424
-2.919,3.237
-2.943,3.289
2.803,3.398
2.429,3.386
2.299,3.47
2.15,3.328
1.944,3.271
1.904,3.38
1.577,3.373
1.255,3.396
0.508,3.294
0.147,3.365
-0.017,3.277
-0.465,3.191
-0.472,0.165
-0.888,2.04
-3.005,-0.007
3.101,-0.271
3.066,1.99
2.972,2.305
1.755,-0.448
1.261,1.178
0.848,2.554
2.256,-1.369
0.683,3.147
-0.514,0.529
-0.516,1.687
-0.716,-0.641
-0.695,1.474
-0.69,0.289
-0.708,0.243
-0.938,0.74
-0.945,2.064
-0.81,-0.493
-0.942,1.223
-0.993,2.632
-1.007,-0.568
-1.059,-0.719
-1.111,0.333
-1.132,1.587
-1.001,0.469
-1.167,-0.721
-1.076,0.245
-1.189,0.84
-1.298,0.354
-1.213,0.931
-1.245,2.533
-1.37,0.254
-1.367,0.684
-1.272,0.516
-1.339,0.861
-1.524,0.64
-1.637,-0.748
-1.651,-0.595
-1.596,-0.118
-1.73,0.672
-1.776,3.048
-1.874,0.855
-1.968,-0.274
-2.096,1.016
-2.212,1.827
-2.468,-0.112
-2.444,0.005
-2.629,1.685
-2.486,3.074
-2.667,-0.522
-2.689,0.917
-2.666,1.597
-2.668,0.869
-2.712,0.716
-2.78,1.918
-2.869,0.181
-3.031,1.714
-3.038,1.695
3.101,0.694
3.125,1.719
2.81,3.013
2.958,2.013
2.776,1.67
2.885,2.583
2.763,1.747
2.667,2.958
2.656,1.141
2.649,-0.21
2.743,2.61
2.58,0.573
2.506,-0.647
2.629,1.643
2.611,0.91
2.622,2.005
2.567,2.908
2.549,3.127
2.543,0.801
2.506,-0.732
2.347,2.915
2.311,1.346
2.306,1.561
2.213,1.243
2.205,1.792
2.306,2.718
2.306,1.271
2.114,1.234
2.239,1.617
2.112,-0.196
2.061,0.776
2.044,0.502
2.048,-0.817
1.897,2.495
1.873,0.29
1.944,-0.658
1.828,0.158
1.854,1.849
1.71,1.55
1.729,2.998
1.678,1.88
1.554,-0.659
1.65,0.408
1.5,-0.668
1.454,2.484
1.421,-0.678
1.401,1.474
1.518,-0.041
1.469,2.342
1.249,2.888
1.196,2.047
1.06,0.571
0.901,0.991
0.975,1.226
0.878,1.913
0.855,0.987
0.534,0.816
0.515,2.557
0.623,0.068
0.575,2.472
0.345,0.08
0.425,3.106
0.002,1.331
-0.029,-0.02
-0.03,1.112
0.072,0.076
0.057,0.344
-0.136,1.198
-0.104,-0.34
-0.255,3.048
-0.171,0.995
-0.278,0.865
-0.311,0.895
-0.405,2.977
-0.439,2.405
-0.335,0.804
-0.366,1.513
-0.39,1.488
-0.56,1.14
-0.463,0.288
-0.604,-0.96
-0.595,-0.935
-1.151,-1.15
-1.452,-0.859
-1.579,-1.107
-2.097,-1.23
-2.272,-1.203
-2.874,-1.311
3.11,-0.825
2.889,-1.169
2.879,-1.226
2.751,-1.135
2.698,-1.183
2.687,-1.313
2.4,-1.188
2.312,-1.0
1.873,-0.906
1.298,-1.313
0.596,-1.008
0.323,-1.335
-0.224,-1.013
-0.303,-1.138
-0.516,3.25
-1.41,3.364
-2.677,3.236
-2.967,3.474
2.365,3.386
2.171,3.252
1.974,3.454
1.704,3.284
1.541,3.307
-1.458,1.357
-1.466,2.57
-3.105,-0.208
0.37,-0.223
-0.972,0.624
-0.996,0.317
1.461,2.164
0.241,2.625
-0.089,1.934
-0.776,2.477
-1.469,0.994
-1.763,0.343
2.866,1.828
2.541,2.577
2.494,1.758
2.547,0.008
2.242,1.811
1.035,2.458
0.224,2.99
-0.179,-1.323
2.539,3.368
-2.088,3.392
-1.87,2.695
-0.007,-1.831
-0.032,-3.381
-0.016,-1.383
-0.103,-1.866
-0.149,-3.731
-0.072,-0.647
-0.107,-2.434
-0.111,-2.856
-0.21,-1.218
-0.165,-2.033
-0.228,-3.064
-0.188,-3.051
-0.205,-2.564
-0.216,-1.421
-0.292,-2.24
-0.304,-2.9
-0.318,-2.898
-0.258,-1.583
-0.34,-4.09
-0.361,-4.225
-0.46,-4.081
-0.596,-4.148
-0.57,-3.939
-0.682,-4.03
-1.153,-3.949
-1.09,-4.098
-1.09,-4.035
-1.164,-4.099
-1.634,-4.034
-2.476,-3.974
-2.6,-4.236
-2.878,-4.214
-2.916,-4.207
3.014,-4.075
2.522,-4.039
2.036,-4.045
1.885,-4.249
1.758,-4.252
1.592,-4.001
1.025,-4.21
0.916,-4.244
0.969,-4.037
0.981,-3.964
0.849,-4.066
-0.002,-4.396
0.032,-4.241
-0.08,-4.395
-0.077,-4.301
-0.183,-4.36
-0.902,0.271
-1.441,0.059
-1.41,0.379
-1.437,0.252
-2.051,0.333
-2.687,0.146
-2.711,0.198
3.035,0.307
2.661,0.295
2.531,0.379
2.382,0.237
2.176,0.18
2.136,0.289
1.809,0.282
1.487,0.305
0.74,0.203
0.379,0.274
0.215,0.186
-0.233,0.1
-0.24,-2.926
-0.656,-1.051
-2.773,-3.098
-2.95,-3.362
-2.985,-1.101
-3.079,-0.786
1.987,-3.539
1.493,-1.913
1.08,-0.537
2.488,-4.46
0.915,0.056
-0.282,-2.562
-0.284,-1.404
-0.484,-3.732
-0.463,-1.617
-0.458,-2.802
-0.476,-2.848
-0.706,-2.351
-0.713,-1.027
-0.578,-3.584
-0.71,-1.868
-0.761,-0.459
-0.775,-3.659
-0.827,-3.81
-0.879,-2.758
-0.9,-1.504
-0.769,-2.622
-0.935,-3.812
-0.844,-2.846
-0.957,-2.251
-1.066,-2.737
-0.981,-2.16
-1.013,-0.558
-1.138,-2.837
-1.135,-2.407
-1.04,-2.575
-1.107,-2.23
-1.292,-2.451
-1.405,-3.839
-1.419,-3.686
-1.364,-3.209
-1.498,-2.419
-1.544,-0.043
-1.642,-2.236
-1.736,-3.365
-1.864,-2.075
-1.98,-1.264
-2.236,-3.203
-2.212,-3.086
-2.397,-1.406
-2.254,-0.017
-2.435,-3.613
-2.457,-2.174
-2.434,-1.494
-2.436,-2.222
-2.48,-2.375
-2.548,-1.173
-2.637,-2.91
-2.799,-1.377
-2.806,-1.396
-2.95,-2.397
-2.926,-1.372
3.042,-0.078
-3.093,-1.078
3.008,-1.421
3.117,-0.508
2.995,-1.344
2.899,-0.133
2.888,-1.95
2.881,-3.301
2.975,-0.481
2.812,-2.518
2.738,-3.738
2.861,-1.448
2.843,-2.181
2.854,-1.086
2.799,-0.183
2.781,0.036
2.775,-2.29
2.738,-3.823
2.579,-0.176
2.543,-1.745
2.538,-1.53
2.445,-1.848
2.437,-1.299
2.538,-0.373
2.538,-1.82
2.346,-1.857
2.471,-1.474
2.344,-3.287
2.293,-2.315
2.276,-2.589
2.28,-3.908
2.129,-0.596
2.105,-2.801
2.176,-3.749
2.06,-2.933
2.086,-1.242
1.942,-1.541
1.961,-0.093
1.91,-1.211
1.786,-3.75
1.882,-2.683
1.732,-3.759
1.686,-0.607
1.653,-3.769
1.633,-1.617
1.75,-3.132
1.701,-0.749
1.481,-0.203
1.428,-1.044
1.292,-2.52
1.133,-2.1
1.207,-1.865
1.11,-1.178
1.087,-2.104
0.766,-2.275
0.747,-0.534
0.855,-3.023
0.807,-0.619
0.577,-3.011
0.657,0.015
0.234,-1.76
0.203,-3.111
0.202,-1.979
0.304,-3.015
0.289,-2.747
0.096,-1.893
0.128,-3.431
-0.023,-0.043
0.061,-2.096
-0.046,-2.226
-0.079,-2.196
-0.173,-0.114
-0.207,-0.686
-0.103,-2.287
-0.134,-1.578
-0.158,-1.603
-0.328,-1.951
-0.231,-2.803
-0.372,-4.051
-0.363,-4.026
-0.919,-4.241
-1.22,-3.95
-1.347,-4.198
-1.865,-4.321
-2.04,-4.294
-2.642,-4.402
-2.941,-3.916
3.121,-4.26
3.111,-4.317
2.983,-4.226
2.93,-4.274
2.919,-4.404
2.632,-4.279
2.544,-4.091
2.105,-3.997
1.53,-4.404
0.828,-4.099
0.555,-4.426
0.008,-4.104
-0.071,-4.229
-0.284,0.159
-1.178,0.273
-2.445,0.145
-2.735,0.383
2.597,0.295
2.403,0.161
2.206,0.363
1.936,0.193
1.773,0.216
-1.226,-1.734
-1.234,-0.521
-2.873,-3.299
0.602,-3.314
-0.74,-2.467
-0.764,-2.774
1.693,-0.927
0.473,-0.466
0.143,-1.157
-0.544,-0.614
-1.237,-2.097
-1.531,-2.748
3.098,-1.263
2.773,-0.514
2.726,-1.333
2.779,-3.083
2.474,-1.28
1.267,-0.633
0.456,-0.101
0.053,-4.414
2.771,0.277
-1.856,0.301
-1.638,-0.396
-0.025,-1.55
-0.009,0.448
-0.096,-0.035
-0.142,-1.9
-0.065,1.184
-0.1,-0.603
-0.104,-1.025
-0.203,0.613
-0.158,-0.202
-0.221,-1.233
-0.181,-1.22
-0.198,-0.733
-0.209,0.41
-0.285,-0.409
-0.297,-1.069
-0.311,-1.067
-0.251,0.248
-0.333,-2.259
-0.354,-2.394
-0.453,-2.25
-0.589,-2.317
-0.563,-2.108
-0.675,-2.199
-1.146,-2.118
-1.083,-2.267
-1.083,-2.204
-1.157,-2.268
-1.627,-2.203
-2.469,-2.143
-2.593,-2.405
-2.871,-2.383
-2.909,-2.376
3.021,-2.244
2.529,-2.208
2.043,-2.214
1.892,-2.418
1.765,-2.421
1.599,-2.17
1.032,-2.379
0.923,-2.413
0.976,-2.206
0.988,-2.133
0.856,-2.235
0.005,-2.565
0.039,-2.41
-0.073,-2.564
-0.07,-2.47
-0.176,-2.529
-0.895,2.102
-1.434,1.89
-1.403,2.21
-1.43,2.083
-2.044,2.164
-2.68,1.977
-2.704,2.029
3.042,2.138
2.668,2.126
2.538,2.21
2.389,2.068
2.183,2.011
2.143,2.12
1.816,2.113
1.494,2.136
0.747,2.034
0.386,2.105
0.222,2.017
-0.226,1.931
-0.233,-1.095
-0.649,0.78
-2.766,-1.267
-2.943,-1.531
-2.978,0.73
-3.072,1.045
1.994,-1.708
1.5,-0.082
1.087,1.294
2.495,-2.629
0.922,1.887
-0.275,-0.731
-0.277,0.427
-0.477,-1.901
-0.456,0.214
-0.451,-0.971
-0.469,-1.017
-0.699,-0.52
-0.706,0.804
-0.571,-1.753
-0.703,-0.037
-0.754,1.372
-0.768,-1.828
-0.82,-1.979
-0.872,-0.927
-0.893,0.327
-0.762,-0.791
-0.928,-1.981
-0.837,-1.015
-0.95,-0.42
-1.059,-0.906
-0.974,-0.329
-1.006,1.273
-1.131,-1.006
-1.128,-0.576
-1.033,-0.744
-1.1,-0.399
-1.285,-0.62
-1.398,-2.008
-1.412,-1.855
-1.357,-1.378
-1.491,-0.588
-1.537,1.788
-1.635,-0.405
-1.729,-1.534
-1.857,-0.244
-1.973,0.567
-2.229,-1.372
-2.205,-1.255
-2.39,0.425
-2.247,1.814
-2.428,-1.782
-2.45,-0.343
-2.427,0.337
-2.429,-0.391
-2.473,-0.544
-2.541,0.658
-2.63,-1.079
-2.792,0.454
-2.799,0.435
-2.943,-0.566
-2.919,0.459
3.049,1.753
-3.086,0.753
3.015,0.41
3.124,1.323
3.002,0.487
2.906,1.698
2.895,-0.119
2.888,-1.47
2.982,1.35
2.819,-0.687
2.745,-1.907
2.868,0.383
2.85,-0.35
2.861,0.745
2.806,1.648
2.788,1.867
2.782,-0.459
2.745,-1.992
2.586,1.655
2.55,0.086
2.545,0.301
2.452,-0.017
2.444,0.532
2.545,1.458
2.545,0.011
2.353,-0.026
2.478,0.357
2.351,-1.456
2.3,-0.484
2.283,-0.758
2.287,-2.077
2.136,1.235
2.112,-0.97
2.183,-1.918
2.067,-1.102
2.093,0.589
1.949,0.29
1.968,1.738
1.917,0.62
1.793,-1.919
1.889,-0.852
1.739,-1.928
1.693,1.224
1.66,-1.938
1.64,0.214
1.757,-1.301
1.708,1.082
1.488,1.628
1.435,0.787
1.299,-0.689
1.14,-0.269
1.214,-0.034
1.117,0.653
1.094,-0.273
0.773,-0.444
0.754,1.297
0.862,-1.192
0.814,1.212
0.584,-1.18
0.664,1.846
0.241,0.071
0.21,-1.28
0.209,-0.148
0.311,-1.184
0.296,-0.916
0.103,-0.062
0.135,-1.6
-0.016,1.788
0.068,-0.265
-0.039,-0.395
-0.072,-0.365
-0.166,1.717
-0.2,1.145
-0.096,-0.456
-0.127,0.253
-0.151,0.228
-0.321,-0.12
-0.224,-0.972
-0.365,-2.22
-0.356,-2.195
-0.912,-2.41
-1.213,-2.119
-1.34,-2.367
-1.858,-2.49
-2.033,-2.463
-2.635,-2.571
-2.934,-2.085
3.128,-2.429
3.118,-2.486
2.99,-2.395
2.937,-2.443
2.926,-2.573
2.639,-2.448
2.551,-2.26
2.112,-2.166
1.537,-2.573
0.835,-2.268
0.562,-2.595
0.015,-2.273
-0.064,-2.398
-0.277,1.99
-1.171,2.104
-2.438,1.976
-2.728,2.214
2.604,2.126
2.41,1.992
2.213,2.194
1.943,2.024
1.78,2.047
-1.219,0.097
-1.227,1.31
-2.866,-1.468
0.609,-1.483
-0.733,-0.636
-0.757,-0.943
1.7,0.904
0.48,1.365
0.15,0.674
-0.537,1.217
-1.23,-0.266
-1.524,-0.917
3.105,0.568
2.78,1.317
2.733,0.498
2.786,-1.252
2.481,0.551
1.274,1.198
0.463,1.73
0.06,-2.583
2.778,2.108
-1.849,2.132
-1.631,1.435
0.016,1.998
-0.071,1.515
-0.117,-0.35
-0.04,2.734
-0.075,0.947
-0.079,0.525
-0.178,2.163
-0.133,1.348
-0.196,0.317
-0.156,0.33
-0.173,0.817
-0.184,1.96
-0.26,1.141
-0.272,0.481
-0.286,0.483
-0.226,1.798
-0.308,-0.709
-0.329,-0.844
-0.428,-0.7
-0.564,-0.767
-0.538,-0.558
-0.65,-0.649
-1.121,-0.568
-1.058,-0.717
-1.058,-0.654
-1.132,-0.718
-1.602,-0.653
-2.444,-0.593
-2.568,-0.855
-2.846,-0.833
-2.884,-0.826
3.046,-0.694
2.554,-0.658
2.068,-0.664
1.917,-0.868
1.79,-0.871
1.624,-0.62
1.057,-0.829
0.948,-0.863
1.001,-0.656
1.013,-0.583
0.881,-0.685
0.03,-1.015
0.064,-0.86
-0.048,-1.014
-0.045,-0.92
-0.151,-0.979
-0.87,3.652
-1.409,3.44
-1.378,3.76
-1.405,3.633
-2.019,3.714
-2.655,3.527
-2.679,3.579
3.067,3.688
2.693,3.676
2.563,3.76
2.414,3.618
2.208,3.561
2.168,3.67
1.841,3.663
1.519,3.686
0.772,3.584
0.411,3.655
0.247,3.567
-0.201,3.481
-0.208,0.455
-0.624,2.33
-2.741,0.283
-2.918,0.019
-2.953,2.28
-3.047,2.595
2.019,-0.158
1.525,1.468
1.112,2.844
2.52,-1.079
0.947,3.437
-0.25,0.819
-0.252,1.977
-0.452,-0.351
-0.431,1.764
-0.426,0.579
-0.444,0.533
-0.674,1.03
-0.681,2.354
-0.546,-0.203
-0.678,1.513
-0.729,2.922
-0.743,-0.278
-0.795,-0.429
-0.847,0.623
-0.868,1.877
-0.737,0.759
-0.903,-0.431
-0.812,0.535
-0.925,1.13
-1.034,0.644
-0.949,1.221
-0.981,2.823
-1.106,0.544
-1.103,0.974
-1.008,0.806
-1.075,1.151
-1.26,0.93
-1.373,-0.458
-1.387,-0.305
-1.332,0.172
-1.466,0.962
-1.512,3.338
-1.61,1.145
-1.704,0.016
-1.832,1.306
-1.948,2.117
-2.204,0.178
-2.18,0.295
-2.365,1.975
-2.222,3.364
-2.403,-0.232
-2.425,1.207
-2.402,1.887
-2.404,1.159
-2.448,1.006
-2.516,2.208
-2.605,0.471
-2.767,2.004
-2.774,1.985
-2.918,0.984
-2.894,2.009
3.074,3.303
-3.061,2.303
3.04,1.96
-3.134,2.873
3.027,2.037
2.931,3.248
2.92,1.431
2.913,0.08
3.007,2.9
2.844,0.863
2.77,-0.357
2.893,1.933
2.875,1.2
2.886,2.295
2.831,3.198
2.813,3.417
2.807,1.091
2.77,-0.442
2.611,3.205
2.575,1.636
2.57,1.851
2.477,1.533
2.469,2.082
2.57,3.008
2.57,1.561
2.378,1.524
2.503,1.907
2.376,0.094
2.325,1.066
2.308,0.792
2.312,-0.527
2.161,2.785
2.137,0.58
2.208,-0.368
2.092,0.448
2.118,2.139
1.974,1.84
1.993,3.288
1.942,2.17
1.818,-0.369
1.914,0.698
1.764,-0.378
1.718,2.774
1.685,-0.388
1.665,1.764
1.782,0.249
1.733,2.632
1.513,3.178
1.46,2.337
1.324,0.861
1.165,1.281
1.239,1.516
1.142,2.203
1.119,1.277
0.798,1.106
0.779,2.847
0.887,0.358
0.839,2.762
0.609,0.37
0.689,3.396
0.266,1.621
0.235,0.27
0.234,1.402
0.336,0.366
0.321,0.634
0.128,1.488
0.16,-0.05
0.009,3.338
0.093,1.285
-0.014,1.155
-0.047,1.185
-0.141,3.267
-0.175,2.695
-0.071,1.094
-0.102,1.803
-0.126,1.778
-0.296,1.43
-0.199,0.578
-0.34,-0.67
-0.331,-0.645
-0.887,-0.86
-1.188,-0.569
-1.315,-0.817
-1.833,-0.94
-2.008,-0.913
-2.61,-1.021
-2.909,-0.535
-3.13,-0.879
-3.14,-0.936
3.015,-0.845
2.962,-0.893
2.951,-1.023
2.664,-0.898
2.576,-0.71
2.137,-0.616
1.562,-1.023
0.86,-0.718
0.587,-1.045
0.04,-0.723
-0.039,-0.848
-0.252,3.54
-1.146,3.654
-2.413,3.526
-2.703,3.764
2.629,3.676
2.435,3.542
2.238,3.744
1.968,3.574
1.805,3.597
-1.194,1.647
-1.202,2.86
-2.841,0.082
0.634,0.067
-0.708,0.914
-0.732,0.607
1.725,2.454
0.505,2.915
0.175,2.224
-0.512,2.767
-1.205,1.284
-1.499,0.633
3.13,2.118
2.805,2.867
2.758,2.048
2.811,0.298
2.506,2.101
1.299,2.748
0.488,3.28
0.085,-1.033
2.803,3.658
-1.824,3.682
-1.606,2.985
-0.087,-0.483
-0.133,-2.348
-0.056,0.736
-0.091,-1.051
-0.095,-1.473
-0.194,0.165
-0.149,-0.65
-0.212,-1.681
-0.172,-1.668
-0.189,-1.181
-0.2,-0.038
-0.276,-0.857
-0.288,-1.517
-0.302,-1.515
-0.242,-0.2
-0.324,-2.707
-0.345,-2.842
-0.444,-2.698
-0.58,-2.765
-0.554,-2.556
-0.666,-2.647
-1.137,-2.566
-1.074,-2.715
-1.074,-2.652
-1.148,-2.716
-1.618,-2.651
-2.46,-2.591
-2.584,-2.853
-2.862,-2.831
-2.9,-2.824
3.03,-2.692
2.538,-2.656
2.052,-2.662
1.901,-2.866
1.774,-2.869
1.608,-2.618
1.041,-2.827
0.932,-2.861
0.985,-2.654
0.997,-2.581
0.865,-2.683
0.014,-3.013
0.048,-2.858
-0.064,-3.012
-0.061,-2.918
-0.167,-2.977
-0.886,1.654
-1.425,1.442
-1.394,1.762
-1.421,1.635
-2.035,1.716
-2.671,1.529
-2.695,1.581
3.051,1.69
2.677,1.678
2.547,1.762
2.398,1.62
2.192,1.563
2.152,1.672
1.825,1.665
1.503,1.688
0.756,1.586
0.395,1.657
0.231,1.569
-0.217,1.483
-0.224,-1.543
-0.64,0.332
-2.757,-1.715
-2.934,-1.979
-2.969,0.282
-3.063,0.597
2.003,-2.156
1.509,-0.53
1.096,0.846
2.504,-3.077
0.931,1.439
-0.266,-1.179
-0.268,-0.021
-0.468,-2.349
-0.447,-0.234
-0.442,-1.419
-0.46,-1.465
-0.69,-0.968
-0.697,0.356
-0.562,-2.201
-0.694,-0.485
-0.745,0.924
-0.759,-2.276
-0.811,-2.427
-0.863,-1.375
-0.884,-0.121
-0.753,-1.239
-0.919,-2.429
-0.828,-1.463
-0.941,-0.868
-1.05,-1.354
-0.965,-0.777
-0.997,0.825
-1.122,-1.454
-1.119,-1.024
-1.024,-1.192
-1.091,-0.847
-1.276,-1.068
-1.389,-2.456
-1.403,-2.303
-1.348,-1.826
-1.482,-1.036
-1.528,1.34
-1.626,-0.853
-1.72,-1.982
-1.848,-0.692
-1.964,0.119
-2.22,-1.82
-2.196,-1.703
-2.381,-0.023
-2.238,1.366
-2.419,-2.23
-2.441,-0.791
-2.418,-0.111
-2.42,-0.839
-2.464,-0.992
-2.532,0.21
-2.621,-1.527
-2.783,0.006
-2.79,-0.013
-2.934,-1.014
-2.91,0.011
3.058,1.305
-3.077,0.305
3.024,-0.038
3.133,0.875
3.011,0.039
2.915,1.25
2.904,-0.567
2.897,-1.918
2.991,0.902
2.828,-1.135
2.754,-2.355
2.877,-0.065
2.859,-0.798
2.87,0.297
2.815,1.2
2.797,1.419
2.791,-0.907
2.754,-2.44
2.595,1.207
2.559,-0.362
2.554,-0.147
2.461,-0.465
2.453,0.084
2.554,1.01
2.554,-0.437
2.362,-0.474
2.487,-0.091
2.36,-1.904
2.309,-0.932
2.292,-1.206
2.296,-2.525
2.145,0.787
2.121,-1.418
2.192,-2.366
2.076,-1.55
2.102,0.141
1.958,-0.158
1.977,1.29
1.926,0.172
1.802,-2.367
1.898,-1.3
1.748,-2.376
1.702,0.776
1.669,-2.386
1.649,-0.234
1.766,-1.749
1.717,0.634
1.497,1.18
1.444,0.339
1.308,-1.137
1.149,-0.717
1.223,-0.482
1.126,0.205
1.103,-0.721
0.782,-0.892
0.763,0.849
0.871,-1.64
0.823,0.764
0.593,-1.628
0.673,1.398
0.25,-0.377
0.219,-1.728
0.218,-0.596
0.32,-1.632
0.305,-1.364
0.112,-0.51
0.144,-2.048
-0.007,1.34
0.077,-0.713
-0.03,-0.843
-0.063,-0.813
-0.157,1.269
-0.191,0.697
-0.087,-0.904
-0.118,-0.195
-0.142,-0.22
-0.312,-0.568
-0.215,-1.42
-0.356,-2.668
-0.347,-2.643
-0.903,-2.858
-1.204,-2.567
-1.331,-2.815
-1.849,-2.938
-2.024,-2.911
-2.626,-3.019
-2.925,-2.533
3.137,-2.877
3.127,-2.934
2.999,-2.843
2.946,-2.891
2.935,-3.021
2.648,-2.896
2.56,-2.708
2.121,-2.614
1.546,-3.021
0.844,-2.716
0.571,-3.043
0.024,-2.721
-0.055,-2.846
-0.268,1.542
-1.162,1.656
-2.429,1.528
-2.719,1.766
2.613,1.678
2.419,1.544
2.222,1.746
1.952,1.576
1.789,1.599
-1.21,-0.351
-1.218,0.862
-2.857,-1.916
0.618,-1.931
-0.724,-1.084
-0.748,-1.391
1.709,0.456
0.489,0.917
0.159,0.226
-0.528,0.769
-1.221,-0.714
-1.515,-1.365
3.114,0.12
2.789,0.869
2.742,0.05
2.795,-1.7
2.49,0.103
1.283,0.75
0.472,1.282
0.069,-3.031
2.787,1.66
-1.84,1.684
-1.622,0.987
-0.046,-1.865
0.031,1.219
-0.004,-0.568
-0.008,-0.99
-0.107,0.648
-0.062,-0.167
-0.125,-1.198
-0.085,-1.185
-0.102,-0.698
-0.113,0.445
-0.189,-0.374
-0.201,-1.034
-0.215,-1.032
-0.155,0.283
-0.237,-2.224
-0.258,-2.359
-0.357,-2.215
-0.493,-2.282
-0.467,-2.073
-0.579,-2.164
-1.05,-2.083
-0.987,-2.232
-0.987,-2.169
-1.061,-2.233
-1.531,-2.168
-2.373,-2.108
-2.497,-2.37
-2.775,-2.348
-2.813,-2.341
3.117,-2.209
2.625,-2.173
2.139,-2.179
1.988,-2.383
1.861,-2.386
1.695,-2.135
1.128,-2.344
1.019,-2.378
1.072,-2.171
1.084,-2.098
0.952,-2.2
0.101,-2.53
0.135,-2.375
0.023,-2.529
0.026,-2.435
-0.08,-2.494
-0.799,2.137
-1.338,1.925
-1.307,2.245
-1.334,2.118
-1.948,2.199
-2.584,2.012
-2.608,2.064
3.138,2.173
2.764,2.161
2.634,2.245
2.485,2.103
2.279,2.046
2.239,2.155
1.912,2.148
1.59,2.171
0.843,2.069
0.482,2.14
0.318,2.052
-0.13,1.966
-0.137,-1.06
-0.553,0.815
-2.67,-1.232
-2.847,-1.496
-2.882,0.765
-2.976,1.08
2.09,-1.673
1.596,-0.047
1.183,1.329
2.591,-2.594
1.018,1.922
-0.179,-0.696
-0.181,0.462
-0.381,-1.866
-0.36,0.249
-0.355,-0.936
-0.373,-0.982
-0.603,-0.485
-0.61,0.839
-0.475,-1.718
-0.607,-0.002
-0.658,1.407
-0.672,-1.793
-0.724,-1.944
-0.776,-0.892
-0.797,0.362
-0.666,-0.756
-0.832,-1.946
-0.741,-0.98
-0.854,-0.385
-0.963,-0.871
-0.878,-0.294
-0.91,1.308
-1.035,-0.971
-1.032,-0.541
-0.937,-0.709
-1.004,-0.364
-1.189,-0.585
-1.302,-1.973
-1.316,-1.82
-1.261,-1.343
-1.395,-0.553
-1.441,1.823
-1.539,-0.37
-1.633,-1.499
-1.761,-0.209
-1.877,0.602
-2.133,-1.337
-2.109,-1.22
-2.294,0.46
-2.151,1.849
-2.332,-1.747
-2.354,-0.308
-2.331,0.372
-2.333,-0.356
-2.377,-0.509
-2.445,0.693
-2.534,-1.044
-2.696,0.489
-2.703,0.47
-2.847,-0.531
-2.823,0.494
-3.138,1.788
-2.99,0.788
3.111,0.445
-3.063,1.358
3.098,0.522
3.002,1.733
2.991,-0.084
2.984,-1.435
3.078,1.385
2.915,-0.652
2.841,-1.872
2.964,0.418
2.946,-0.315
2.957,0.78
2.902,1.683
2.884,1.902
2.878,-0.424
2.841,-1.957
2.682,1.69
2.646,0.121
2.641,0.336
2.548,0.018
2.54,0.567
2.641,1.493
2.641,0.046
2.449,0.009
2.574,0.392
2.447,-1.421
2.396,-0.449
2.379,-0.723
2.383,-2.042
2.232,1.27
2.208,-0.935
2.279,-1.883
2.163,-1.067
2.189,0.624
2.045,0.325
2.064,1.773
2.013,0.655
1.889,-1.884
1.985,-0.817
1.835,-1.893
1.789,1.259
1.756,-1.903
1.736,0.249
1.853,-1.266
1.804,1.117
1.584,1.663
1.531,0.822
1.395,-0.654
1.236,-0.234
1.31,0.001
1.213,0.688
1.19,-0.238
0.869,-0.409
0.85,1.332
0.958,-1.157
0.91,1.247
0.68,-1.145
0.76,1.881
0.337,0.106
0.306,-1.245
0.305,-0.113
0.407,-1.149
0.392,-0.881
0.199,-0.027
0.231,-1.565
0.08,1.823
0.164,-0.23
0.057,-0.36
0.024,-0.33
-0.07,1.752
-0.104,1.18
0.0,-0.421
-0.031,0.288
-0.055,0.263
-0.225,-0.085
-0.128,-0.937
-0.269,-2.185
-0.26,-2.16
-0.816,-2.375
-1.117,-2.084
-1.244,-2.332
-1.762,-2.455
-1.937,-2.428
-2.539,-2.536
-2.838,-2.05
-3.059,-2.394
-3.069,-2.451
3.086,-2.36
3.033,-2.408
3.022,-2.538
2.735,-2.413
2.647,-2.225
2.208,-2.131
1.633,-2.538
0.931,-2.233
0.658,-2.56
0.111,-2.238
0.032,-2.363
-0.181,2.025
-1.075,2.139
-2.342,2.011
-2.632,2.249
2.7,2.161
2.506,2.027
2.309,2.229
2.039,2.059
1.876,2.082
-1.123,0.132
-1.131,1.345
-2.77,-1.433
0.705,-1.448
-0.637,-0.601
-0.661,-0.908
1.796,0.939
0.576,1.4
0.246,0.709
-0.441,1.252
-1.134,-0.231
-1.428,-0.882
-3.082,0.603
2.876,1.352
2.829,0.533
2.882,-1.217
2.577,0.586
1.37,1.233
0.559,1.765
0.156,-2.548
2.874,2.143
-1.753,2.167
-1.535,1.47
0.077,3.084
0.042,1.297
0.038,0.875
-0.061,2.513
-0.016,1.698
-0.079,0.667
-0.039,0.68
-0.056,1.167
-0.067,2.31
-0.143,1.491
-0.155,0.831
-0.169,0.833
-0.109,2.148
-0.191,-0.359
-0.212,-0.494
-0.311,-0.35
-0.447,-0.417
-0.421,-0.208
-0.533,-0.299
-1.004,-0.218
-0.941,-0.367
-0.941,-0.304
-1.015,-0.368
-1.485,-0.303
-2.327,-0.243
-2.451,-0.505
-2.729,-0.483
-2.767,-0.476
-3.12,-0.344
2.671,-0.308
2.185,-0.314
2.034,-0.518
1.907,-0.521
1.741,-0.27
1.174,-0.479
1.065,-0.513
1.118,-0.306
1.13,-0.233
0.998,-0.335
0.147,-0.665
0.181,-0.51
0.069,-0.664
0.072,-0.57
-0.034,-0.629
-0.753,4.002
-1.292,3.79
-1.261,4.11
-1.288,3.983
-1.902,4.064
-2.538,3.877
-2.562,3.929
-3.099,4.038
2.81,4.026
2.68,4.11
2.531,3.968
2.325,3.911
2.285,4.02
1.958,4.013
1.636,4.036
0.889,3.934
0.528,4.005
0.364,3.917
-0.084,3.831
-0.091,0.805
-0.507,2.68
-2.624,0.633
-2.801,0.369
-2.836,2.63
-2.93,2.945
2.136,0.192
1.642,1.818
1.229,3.194
2.637,-0.729
1.064,3.787
-0.133,1.169
-0.135,2.327
-0.335,-0.001
-0.314,2.114
-0.309,0.929
-0.327,0.883
-0.557,1.38
-0.564,2.704
-0.429,0.147
-0.561,1.863
-0.612,3.272
-0.626,0.072
-0.678,-0.079
-0.73,0.973
-0.751,2.227
-0.62,1.109
-0.786,-0.081
-0.695,0.885
-0.808,1.48
-0.917,0.994
-0.832,1.571
-0.864,3.173
-0.989,0.894
-0.986,1.324
-0.891,1.156
-0.958,1.501
-1.143,1.28
-1.256,-0.108
-1.27,0.045
-1.215,0.522
-1.349,1.312
-1.395,3.688
-1.493,1.495
-1.587,0.366
-1.715,1.656
-1.831,2.467
-2.087,0.528
-2.063,0.645
-2.248,2.325
-2.105,3.714
-2.286,0.118
-2.308,1.557
-2.285,2.237
-2.287,1.509
-2.331,1.356
-2.399,2.558
-2.488,0.821
-2.65,2.354
-2.657,2.335
-2.801,1.334
-2.777,2.359
-3.092,3.653
-2.944,2.653
-3.126,2.31
-3.017,3.223
-3.139,2.387
3.048,3.598
3.037,1.781
3.03,0.43
3.124,3.25
2.961,1.213
2.887,-0.007
3.01,2.283
2.992,1.55
3.003,2.645
2.948,3.548
2.93,3.767
2.924,1.441
2.887,-0.092
2.728,3.555
2.692,1.986
2.687,2.201
2.594,1.883
2.586,2.432
2.687,3.358
2.687,1.911
2.495,1.874
2.62,2.257
2.493,0.444
2.442,1.416
2.425,1.142
2.429,-0.177
2.278,3.135
2.254,0.93
2.325,-0.018
2.209,0.798
2.235,2.489
2.091,2.19
2.11,3.638
2.059,2.52
1.935,-0.019
2.031,1.048
1.881,-0.028
1.835,3.124
1.802,-0.038
1.782,2.114
1.899,0.599
1.85,2.982
1.63,3.528
1.577,2.687
1.441,1.211
1.282,1.631
1.356,1.866
1.259,2.553
1.236,1.627
0.915,1.456
0.896,3.197
1.004,0.708
0.956,3.112
0.726,0.72
0.806,3.746
0.383,1.971
0.352,0.62
0.351,1.752
0.453,0.716
0.438,0.984
0.245,1.838
0.277,0.3
0.126,3.688
0.21,1.635
0.103,1.505
0.07,1.535
-0.024,3.617
-0.058,3.045
0.046,1.444
0.015,2.153
-0.009,2.128
-0.179,1.78
-0.082,0.928
-0.223,-0.32
-0.214,-0.295
-0.77,-0.51
-1.071,-0.219
-1.198,-0.467
-1.716,-0.59
-1.891,-0.563
-2.493,-0.671
-2.792,-0.185
-3.013,-0.529
-3.023,-0.586
3.132,-0.495
3.079,-0.543
3.068,-0.673
2.781,-0.548
2.693,-0.36
2.254,-0.266
1.679,-0.673
0.977,-0.368
0.704,-0.695
0.157,-0.373
0.078,-0.498
-0.135,3.89
-1.029,4.004
-2.296,3.876
-2.586,4.114
2.746,4.026
2.552,3.892
2.355,4.094
2.085,3.924
1.922,3.947
-1.077,1.997
-1.085,3.21
-2.724,0.432
0.751,0.417
-0.591,1.264
-0.615,0.957
1.842,2.804
0.622,3.265
0.292,2.574
-0.395,3.117
-1.088,1.634
-1.382,0.983
-3.036,2.468
2.922,3.217
2.875,2.398
2.928,0.648
2.623,2.451
1.416,3.098
0.605,3.63
0.202,-0.683
2.92,4.008
-1.707,4.032
-1.489,3.335
-0.035,-1.787
-0.039,-2.209
-0.138,-0.571
-0.093,-1.386
-0.156,-2.417
-0.116,-2.404
-0.133,-1.917
-0.144,-0.774
-0.22,-1.593
-0.232,-2.253
-0.246,-2.251
-0.186,-0.936
-0.268,-3.443
-0.289,-3.578
-0.388,-3.434
-0.524,-3.501
-0.498,-3.292
-0.61,-3.383
-1.081,-3.302
-1.018,-3.451
-1.018,-3.388
-1.092,-3.452
-1.562,-3.387
-2.404,-3.327
-2.528,-3.589
-2.806,-3.567
-2.844,-3.56
3.086,-3.428
2.594,-3.392
2.108,-3.398
1.957,-3.602
1.83,-3.605
1.664,-3.354
1.097,-3.563
0.988,-3.597
1.041,-3.39
1.053,-3.317
0.921,-3.419
0.07,-3.749
0.104,-3.594
-0.008,-3.748
-0.005,-3.654
-0.111,-3.713
-0.83,0.918
-1.369,0.706
-1.338,1.026
-1.365,0.899
-1.979,0.98
-2.615,0.793
-2.639,0.845
3.107,0.954
2.733,0.942
2.603,1.026
2.454,0.884
2.248,0.827
2.208,0.936
1.881,0.929
1.559,0.952
0.812,0.85
0.451,0.921
0.287,0.833
-0.161,0.747
-0.168,-2.279
-0.584,-0.404
-2.701,-2.451
-2.878,-2.715
-2.913,-0.454
-3.007,-0.139
2.059,-2.892
1.565,-1.266
1.152,0.11
2.56,-3.813
0.987,0.703
-0.21,-1.915
-0.212,-0.757
-0.412,-3.085
-0.391,-0.97
-0.386,-2.155
-0.404,-2.201
-0.634,-1.704
-0.641,-0.38
-0.506,-2.937
-0.638,-1.221
-0.689,0.188
-0.703,-3.012
-0.755,-3.163
-0.807,-2.111
-0.828,-0.857
-0.697,-1.975
-0.863,-3.165
-0.772,-2.199
-0.885,-1.604
-0.994,-2.09
-0.909,-1.513
-0.941,0.089
-1.066,-2.19
-1.063,-1.76
-0.968,-1.928
-1.035,-1.583
-1.22,-1.804
-1.333,-3.192
-1.347,-3.039
-1.292,-2.562
-1.426,-1.772
-1.472,0.604
-1.57,-1.589
-1.664,-2.718
-1.792,-1.428
-1.908,-0.617
-2.164,-2.556
-2.14,-2.439
-2.325,-0.759
-2.182,0.63
-2.363,-2.966
-2.385,-1.527
-2.362,-0.847
-2.364,-1.575
-2.408,-1.728
-2.476,-0.526
-2.565,-2.263
-2.727,-0.73
-2.734,-0.749
-2.878,-1.75
-2.854,-0.725
3.114,0.569
-3.021,-0.431
3.08,-0.774
-3.094,0.139
3.067,-0.697
2.971,0.514
2.96,-1.303
2.953,-2.654
3.047,0.166
2.884,-1.871
2.81,-3.091
2.933,-0.801
2.915,-1.534
2.926,-0.439
2.871,0.464
2.853,0.683
2.847,-1.643
2.81,-3.176
2.651,0.471
2.615,-1.098
2.61,-0.883
2.517,-1.201
2.509,-0.652
2.61,0.274
2.61,-1.173
2.418,-1.21
2.543,-0.827
2.416,-2.64
2.365,-1.668
2.348,-1.942
2.352,-3.261
2.201,0.051
2.177,-2.154
2.248,-3.102
2.132,-2.286
2.158,-0.595
2.014,-0.894
2.033,0.554
1.982,-0.564
1.858,-3.103
1.954,-2.036
1.804,-3.112
1.758,0.04
1.725,-3.122
1.705,-0.97
1.822,-2.485
1.773,-0.102
1.553,0.444
1.5,-0.397
1.364,-1.873
1.205,-1.453
1.279,-1.218
1.182,-0.531
1.159,-1.457
0.838,-1.628
0.819,0.113
0.927,-2.376
0.879,0.028
0.649,-2.364
0.729,0.662
0.306,-1.113
0.275,-2.464
0.274,-1.332
0.376,-2.368
0.361,-2.1
0.168,-1.246
0.2,-2.784
0.049,0.604
0.133,-1.449
0.026,-1.579
-0.007,-1.549
-0.101,0.533
-0.135,-0.039
-0.031,-1.64
-0.062,-0.931
-0.086,-0.956
-0.256,-1.304
-0.159,-2.156
-0.3,-3.404
-0.291,-3.379
-0.847,-3.594
-1.148,-3.303
-1.275,-3.551
-1.793,-3.674
-1.968,-3.647
-2.57,-3.755
-2.869,-3.269
-3.09,-3.613
-3.1,-3.67
3.055,-3.579
3.002,-3.627
2.991,-3.757
2.704,-3.632
2.616,-3.444
2.177,-3.35
1.602,-3.757
0.9,-3.452
0.627,-3.779
0.08,-3.457
0.001,-3.582
-0.212,0.806
-1.106,0.92
-2.373,0.792
-2.663,1.03
2.669,0.942
2.475,0.808
2.278,1.01
2.008,0.84
1.845,0.863
-1.154,-1.087
-1.162,0.126
-2.801,-2.652
0.674,-2.667
-0.668,-1.82
-0.692,-2.127
1.765,-0.28
0.545,0.181
0.215,-0.51
-0.472,0.033
-1.165,-1.45
-1.459,-2.101
-3.113,-0.616
2.845,0.133
2.798,-0.686
2.851,-2.436
2.546,-0.633
1.339,0.014
0.528,0.546
0.125,-3.767
2.843,0.924
-1.784,0.948
-1.566,0.251
-0.004,-0.422
-0.103,1.216
-0.058,0.401
-0.121,-0.63
-0.081,-0.617
-0.098,-0.13
-0.109,1.013
-0.185,0.194
-0.197,-0.466
-0.211,-0.464
-0.151,0.851
-0.233,-1.656
-0.254,-1.791
-0.353,-1.647
-0.489,-1.714
-0.463,-1.505
-0.575,-1.596
-1.046,-1.515
-0.983,-1.664
-0.983,-1.601
-1.057,-1.665
-1.527,-1.6
-2.369,-1.54
-2.493,-1.802
-2.771,-1.78
-2.809,-1.773
3.121,-1.641
2.629,-1.605
2.143,-1.611
1.992,-1.815
1.865,-1.818
1.699,-1.567
1.132,-1.776
1.023,-1.81
1.076,-1.603
1.088,-1.53
0.956,-1.632
0.105,-1.962
0.139,-1.807
0.027,-1.961
0.03,-1.867
-0.076,-1.926
-0.795,2.705
-1.334,2.493
-1.303,2.813
-1.33,2.686
-1.944,2.767
-2.58,2.58
-2.604,2.632
-3.141,2.741
2.768,2.729
2.638,2.813
2.489,2.671
2.283,2.614
2.243,2.723
1.916,2.716
1.594,2.739
0.847,2.637
0.486,2.708
0.322,2.62
-0.126,2.534
-0.133,-0.492
-0.549,1.383
-2.666,-0.664
-2.843,-0.928
-2.878,1.333
-2.972,1.648
2.094,-1.105
1.6,0.521
1.187,1.897
2.595,-2.026
1.022,2.49
-0.175,-0.128
-0.177,1.03
-0.377,-1.298
-0.356,0.817
-0.351,-0.368
-0.369,-0.414
-0.599,0.083
-0.606,1.407
-0.471,-1.15
-0.603,0.566
-0.654,1.975
-0.668,-1.225
-0.72,-1.376
-0.772,-0.324
-0.793,0.93
-0.662,-0.188
-0.828,-1.378
-0.737,-0.412
-0.85,0.183
-0.959,-0.303
-0.874,0.274
-0.906,1.876
-1.031,-0.403
-1.028,0.027
-0.933,-0.141
-1.0,0.204
-1.185,-0.017
-1.298,-1.405
-1.312,-1.252
-1.257,-0.775
-1.391,0.015
-1.437,2.391
-1.535,0.198
-1.629,-0.931
-1.757,0.359
-1.873,1.17
-2.129,-0.769
-2.105,-0.652
-2.29,1.028
-2.147,2.417
-2.328,-1.179
-2.35,0.26
-2.327,0.94
-2.329,0.212
-2.373,0.059
-2.441,1.261
-2.53,-0.476
-2.692,1.057
-2.699,1.038
-2.843,0.037
-2.819,1.062
-3.134,2.356
-2.986,1.356
3.115,1.013
-3.059,1.926
3.102,1.09
3.006,2.301
2.995,0.484
2.988,-0.867
3.082,1.953
2.919,-0.084
2.845,-1.304
2.968,0.986
2.95,0.253
2.961,1.348
2.906,2.251
2.888,2.47
2.882,0.144
2.845,-1.389
2.686,2.258
2.65,0.689
2.645,0.904
2.552,0.586
2.544,1.135
2.645,2.061
2.645,0.614
2.453,0.577
2.578,0.96
2.451,-0.853
2.4,0.119
2.383,-0.155
2.387,-1.474
2.236,1.838
2.212,-0.367
2.283,-1.315
2.167,-0.499
2.193,1.192
2.049,0.893
2.068,2.341
2.017,1.223
1.893,-1.316
1.989,-0.249
1.839,-1.325
1.793,1.827
1.76,-1.335
1.74,0.817
1.857,-0.698
1.808,1.685
1.588,2.231
1.535,1.39
1.399,-0.086
1.24,0.334
1.314,0.569
1.217,1.256
1.194,0.33
0.873,0.159
0.854,1.9
0.962,-0.589
0.914,1.815
0.684,-0.577
0.764,2.449
0.341,0.674
0.31,-0.677
0.309,0.455
0.411,-0.581
0.396,-0.313
0.203,0.541
0.235,-0.997
0.084,2.391
0.168,0.338
0.061,0.208
0.028,0.238
-0.066,2.32
-0.1,1.748
0.004,0.147
-0.027,0.856
-0.051,0.831
-0.221,0.483
-0.124,-0.369
-0.265,-1.617
-0.256,-1.592
-0.812,-1.807
-1.113,-1.516
-1.24,-1.764
-1.758,-1.887
-1.933,-1.86
-2.535,-1.968
-2.834,-1.482
-3.055,-1.826
-3.065,-1.883
3.09,-1.792
3.037,-1.84
3.026,-1.97
2.739,-1.845
2.651,-1.657
2.212,-1.563
1.637,-1.97
0.935,-1.665
0.662,-1.992
0.115,-1.67
0.036,-1.795
-0.177,2.593
-1.071,2.707
-2.338,2.579
-2.628,2.817
2.704,2.729
2.51,2.595
2.313,2.797
2.043,2.627
1.88,2.65
-1.119,0.7
-1.127,1.913
-2.766,-0.865
0.709,-0.88
-0.633,-0.033
-0.657,-0.34
1.8,1.507
0.58,1.968
0.25,1.277
-0.437,1.82
-1.13,0.337
-1.424,-0.314
-3.078,1.171
2.88,1.92
2.833,1.101
2.886,-0.649
2.581,1.154
1.374,1.801
0.563,2.333
0.16,-1.98
2.878,2.711
-1.749,2.735
-1.531,2.038
-0.099,1.638
-0.054,0.823
-0.117,-0.208
-0.077,-0.195
-0.094,0.292
-0.105,1.435
-0.181,0.616
-0.193,-0.044
-0.207,-0.042
-0.147,1.273
-0.229,-1.234
-0.25,-1.369
-0.349,-1.225
-0.485,-1.292
-0.459,-1.083
-0.571,-1.174
-1.042,-1.093
-0.979,-1.242
-0.979,-1.179
-1.053,-1.243
-1.523,-1.178
-2.365,-1.118
-2.489,-1.38
-2.767,-1.358
-2.805,-1.351
3.125,-1.219
2.633,-1.183
2.147,-1.189
1.996,-1.393
1.869,-1.396
1.703,-1.145
1.136,-1.354
1.027,-1.388
1.08,-1.181
1.092,-1.108
0.96,-1.21
0.109,-1.54
0.143,-1.385
0.031,-1.539
0.034,-1.445
-0.072,-1.504
-0.791,3.127
-1.33,2.915
-1.299,3.235
-1.326,3.108
-1.94,3.189
-2.576,3.002
-2.6,3.054
-3.137,3.163
2.772,3.151
2.642,3.235
2.493,3.093
2.287,3.036
2.247,3.145
1.92,3.138
1.598,3.161
0.851,3.059
0.49,3.13
0.326,3.042
-0.122,2.956
-0.129,-0.07
-0.545,1.805
-2.662,-0.242
-2.839,-0.506
-2.874,1.755
-2.968,2.07
2.098,-0.683
1.604,0.943
1.191,2.319
2.599,-1.604
1.026,2.912
-0.171,0.294
-0.173,1.452
-0.373,-0.876
-0.352,1.239
-0.347,0.054
-0.365,0.008
-0.595,0.505
-0.602,1.829
-0.467,-0.728
-0.599,0.988
-0.65,2.397
-0.664,-0.803
-0.716,-0.954
-0.768,0.098
-0.789,1.352
-0.658,0.234
-0.824,-0.956
-0.733,0.01
-0.846,0.605
-0.955,0.119
-0.87,0.696
-0.902,2.298
-1.027,0.019
-1.024,0.449
-0.929,0.281
-0.996,0.626
-1.181,0.405
-1.294,-0.983
-1.308,-0.83
-1.253,-0.353
-1.387,0.437
-1.433,2.813
-1.531,0.62
-1.625,-0.509
-1.753,0.781
-1.869,1.592
-2.125,-0.347
-2.101,-0.23
-2.286,1.45
-2.143,2.839
-2.324,-0.757
-2.346,0.682
-2.323,1.362
-2.325,0.634
-2.369,0.481
-2.437,1.683
-2.526,-0.054
-2.688,1.479
-2.695,1.46
-2.839,0.459
-2.815,1.484
-3.13,2.778
-2.982,1.778
3.119,1.435
-3.055,2.348
3.106,1.512
3.01,2.723
2.999,0.906
2.992,-0.445
3.086,2.375
2.923,0.338
2.849,-0.882
2.972,1.408
2.954,0.675
2.965,1.77
2.91,2.673
2.892,2.892
2.886,0.566
2.849,-0.967
2.69,2.68
2.654,1.111
2.649,1.326
2.556,1.008
2.548,1.557
2.649,2.483
2.649,1.036
2.457,0.999
2.582,1.382
2.455,-0.431
2.404,0.541
2.387,0.267
2.391,-1.052
2.24,2.26
2.216,0.055
2.287,-0.893
2.171,-0.077
2.197,1.614
2.053,1.315
2.072,2.763
2.021,1.645
1.897,-0.894
1.993,0.173
1.843,-0.903
1.797,2.249
1.764,-0.913
1.744,1.239
1.861,-0.276
1.812,2.107
1.592,2.653
1.539,1.812
1.403,0.336
1.244,0.756
1.318,0.991
1.221,1.678
1.198,0.752
0.877,0.581
0.858,2.322
0.966,-0.167
0.918,2.237
0.688,-0.155
0.768,2.871
0.345,1.096
0.314,-0.255
0.313,0.877
0.415,-0.159
0.4,0.109
0.207,0.963
0.239,-0.575
0.088,2.813
0.172,0.76
0.065,0.63
0.032,0.66
-0.062,2.742
-0.096,2.17
0.008,0.569
-0.023,1.278
-0.047,1.253
-0.217,0.905
-0.12,0.053
-0.261,-1.195
-0.252,-1.17
-0.808,-1.385
-1.109,-1.094
-1.236,-1.342
-1.754,-1.465
-1.929,-1.438
-2.531,-1.546
-2.83,-1.06
-3.051,-1.404
-3.061,-1.461
3.094,-1.37
3.041,-1.418
3.03,-1.548
2.743,-1.423
2.655,-1.235
2.216,-1.141
1.641,-1.548
0.939,-1.243
0.666,-1.57
0.119,-1.248
0.04,-1.373
-0.173,3.015
-1.067,3.129
-2.334,3.001
-2.624,3.239
2.708,3.151
2.514,3.017
2.317,3.219
2.047,3.049
1.884,3.072
-1.115,1.122
-1.123,2.335
-2.762,-0.443
0.713,-0.458
-0.629,0.389
-0.653,0.082
1.804,1.929
0.584,2.39
0.254,1.699
-0.433,2.242
-1.126,0.759
-1.42,0.108
-3.074,1.593
2.884,2.342
2.837,1.523
2.89,-0.227
2.585,1.576
1.378,2.223
0.567,2.755
0.164,-1.558
2.882,3.133
-1.745,3.157
-1.527,2.46
0.045,-0.815
-0.018,-1.846
0.022,-1.833
0.005,-1.346
-0.006,-0.203
-0.082,-1.022
-0.094,-1.682
-0.108,-1.68
-0.048,-0.365
-0.13,-2.872
-0.151,-3.007
-0.25,-2.863
-0.386,-2.93
-0.36,-2.721
-0.472,-2.812
-0.943,-2.731
-0.88,-2.88
-0.88,-2.817
-0.954,-2.881
-1.424,-2.816
-2.266,-2.756
-2.39,-3.018
-2.668,-2.996
-2.706,-2.989
-3.059,-2.857
2.732,-2.821
2.246,-2.827
2.095,-3.031
1.968,-3.034
1.802,-2.783
1.235,-2.992
1.126,-3.026
1.179,-2.819
1.191,-2.746
1.059,-2.848
0.208,-3.178
0.242,-3.023
0.13,-3.177
0.133,-3.083
0.027,-3.142
-0.692,1.489
-1.231,1.277
-1.2,1.597
-1.227,1.47
-1.841,1.551
-2.477,1.364
-2.501,1.416
-3.038,1.525
2.871,1.513
2.741,1.597
2.592,1.455
2.386,1.398
2.346,1.507
2.019,1.5
1.697,1.523
0.95,1.421
0.589,1.492
0.425,1.404
-0.023,1.318
-0.03,-1.708
-0.446,0.167
-2.563,-1.88
-2.74,-2.144
-2.775,0.117
-2.869,0.432
2.197,-2.321
1.703,-0.695
1.29,0.681
2.698,-3.242
1.125,1.274
-0.072,-1.344
-0.074,-0.186
-0.274,-2.514
-0.253,-0.399
-0.248,-1.584
-0.266,-1.63
-0.496,-1.133
-0.503,0.191
-0.368,-2.366
-0.5,-0.65
-0.551,0.759
-0.565,-2.441
-0.617,-2.592
-0.669,-1.54
-0.69,-0.286
-0.559,-1.404
-0.725,-2.594
-0.634,-1.628
-0.747,-1.033
-0.856,-1.519
-0.771,-0.942
-0.803,0.66
-0.928,-1.619
-0.925,-1.189
-0.83,-1.357
-0.897,-1.012
-1.082,-1.233
-1.195,-2.621
-1.209,-2.468
-1.154,-1.991
-1.288,-1.201
-1.334,1.175
-1.432,-1.018
-1.526,-2.147
-1.654,-0.857
-1.77,-0.046
-2.026,-1.985
-2.002,-1.868
-2.187,-0.188
-2.044,1.201
-2.225,-2.395
-2.247,-0.956
-2.224,-0.276
-2.226,-1.004
-2.27,-1.157
-2.338,0.045
-2.427,-1.692
-2.589,-0.159
-2.596,-0.178
-2.74,-1.179
-2.716,-0.154
-3.031,1.14
-2.883,0.14
-3.065,-0.203
-2.956,0.71
-3.078,-0.126
3.109,1.085
3.098,-0.732
3.091,-2.083
-3.098,0.737
3.022,-1.3
2.948,-2.52
3.071,-0.23
3.053,-0.963
3.064,0.132
3.009,1.035
2.991,1.254
2.985,-1.072
2.948,-2.605
2.789,1.042
2.753,-0.527
2.748,-0.312
2.655,-0.63
2.647,-0.081
2.748,0.845
2.748,-0.602
2.556,-0.639
2.681,-0.256
2.554,-2.069
2.503,-1.097
2.486,-1.371
2.49,-2.69
2.339,0.622
2.315,-1.583
2.386,-2.531
2.27,-1.715
2.296,-0.024
2.152,-0.323
2.171,1.125
2.12,0.007
1.996,-2.532
2.092,-1.465
1.942,-2.541
1.896,0.611
1.863,-2.551
1.843,-0.399
1.96,-1.914
1.911,0.469
1.691,1.015
1.638,0.174
1.502,-1.302
1.343,-0.882
1.417,-0.647
1.32,0.04
1.297,-0.886
0.976,-1.057
0.957,0.684
1.065,-1.805
1.017,0.599
0.787,-1.793
0.867,1.233
0.444,-0.542
0.413,-1.893
0.412,-0.761
0.514,-1.797
0.499,-1.529
0.306,-0.675
0.338,-2.213
0.187,1.175
0.271,-0.878
0.164,-1.008
0.131,-0.978
0.037,1.104
0.003,0.532
0.107,-1.069
0.076,-0.36
0.052,-0.385
-0.118,-0.733
-0.021,-1.585
-0.162,-2.833
-0.153,-2.808
-0.709,-3.023
-1.01,-2.732
-1.137,-2.98
-1.655,-3.103
-1.83,-3.076
-2.432,-3.184
-2.731,-2.698
-2.952,-3.042
-2.962,-3.099
-3.09,-3.008
3.14,-3.056
3.129,-3.186
2.842,-3.061
2.754,-2.873
2.315,-2.779
1.74,-3.186
1.038,-2.881
0.765,-3.208
0.218,-2.886
0.139,-3.011
-0.074,1.377
-0.968,1.491
-2.235,1.363
-2.525,1.601
2.807,1.513
2.613,1.379
2.416,1.581
2.146,1.411
1.983,1.434
-1.016,-0.516
-1.024,0.697
-2.663,-2.081
0.812,-2.096
-0.53,-1.249
-0.554,-1.556
1.903,0.291
0.683,0.752
0.353,0.061
-0.334,0.604
-1.027,-0.879
-1.321,-1.53
-2.975,-0.045
2.983,0.704
2.936,-0.115
2.989,-1.865
2.684,-0.062
1.477,0.585
0.666,1.117
0.263,-3.196
2.981,1.495
-1.646,1.519
-1.428,0.822
-0.063,-1.031
-0.023,-1.018
-0.04,-0.531
-0.051,0.612
-0.127,-0.207
-0.139,-0.867
-0.153,-0.865
-0.093,0.45
-0.175,-2.057
-0.196,-2.192
-0.295,-2.048
-0.431,-2.115
-0.405,-1.906
-0.517,-1.997
-0.988,-1.916
-0.925,-2.065
-0.925,-2.002
-0.999,-2.066
-1.469,-2.001
-2.311,-1.941
-2.435,-2.203
-2.713,-2.181
-2.751,-2.174
-3.104,-2.042
2.687,-2.006
2.201,-2.012
2.05,-2.216
1.923,-2.219
1.757,-1.968
1.19,-2.177
1.081,-2.211
1.134,-2.004
1.146,-1.931
1.014,-2.033
0.163,-2.363
0.197,-2.208
0.085,-2.362
0.088,-2.268
-0.018,-2.327
-0.737,2.304
-1.276,2.092
-1.245,2.412
-1.272,2.285
-1.886,2.366
-2.522,2.179
-2.546,2.231
-3.083,2.34
2.826,2.328
2.696,2.412
2.547,2.27
2.341,2.213
2.301,2.322
1.974,2.315
1.652,2.338
0.905,2.236
0.544,2.307
0.38,2.219
-0.068,2.133
-0.075,-0.893
-0.491,0.982
-2.608,-1.065
-2.785,-1.329
-2.82,0.932
-2.914,1.247
2.152,-1.506
1.658,0.12
1.245,1.496
2.653,-2.427
1.08,2.089
-0.117,-0.529
-0.119,0.629
-0.319,-1.699
-0.298,0.416
-0.293,-0.769
-0.311,-0.815
-0.541,-0.318
-0.548,1.006
-0.413,-1.551
-0.545,0.165
-0.596,1.574
-0.61,-1.626
-0.662,-1.777
-0.714,-0.725
-0.735,0.529
-0.604,-0.589
-0.77,-1.779
-0.679,-0.813
-0.792,-0.218
-0.901,-0.704
-0.816,-0.127
-0.848,1.475
-0.973,-0.804
-0.97,-0.374
-0.875,-0.542
-0.942,-0.197
-1.127,-0.418
-1.24,-1.806
-1.254,-1.653
-1.199,-1.176
-1.333,-0.386
-1.379,1.99
-1.477,-0.203
-1.571,-1.332
-1.699,-0.042
-1.815,0.769
-2.071,-1.17
-2.047,-1.053
-2.232,0.627
-2.089,2.016
-2.27,-1.58
-2.292,-0.141
-2.269,0.539
-2.271,-0.189
-2.315,-0.342
-2.383,0.86
-2.472,-0.877
-2.634,0.656
-2.641,0.637
-2.785,-0.364
-2.761,0.661
-3.076,1.955
-2.928,0.955
-3.11,0.612
-3.001,1.525
-3.123,0.689
3.064,1.9
3.053,0.083
3.046,-1.268
3.14,1.552
2.977,-0.485
2.903,-1.705
3.026,0.585
3.008,-0.148
3.019,0.947
2.964,1.85
2.946,2.069
2.94,-0.257
2.903,-1.79
2.744,1.857
2.708,0.288
2.703,0.503
2.61,0.185
2.602,0.734
2.703,1.66
2.703,0.213
2.511,0.176
2.636,0.559
2.509,-1.254
2.458,-0.282
2.441,-0.556
2.445,-1.875
2.294,1.437
2.27,-0.768
2.341,-1.716
2.225,-0.9
2.251,0.791
2.107,0.492
2.126,1.94
2.075,0.822
1.951,-1.717
2.047,-0.65
1.897,-1.726
1.851,1.426
1.818,-1.736
1.798,0.416
1.915,-1.099
1.866,1.284
1.646,1.83
1.593,0.989
1.457,-0.487
1.298,-0.067
1.372,0.168
1.275,0.855
1.252,-0.071
0.931,-0.242
0.912,1.499
1.02,-0.99
0.972,1.414
0.742,-0.978
0.822,2.048
0.399,0.273
0.368,-1.078
0.367,0.054
0.469,-0.982
0.454,-0.714
0.261,0.14
0.293,-1.398
0.142,1.99
0.226,-0.063
0.119,-0.193
0.086,-0.163
-0.008,1.919
-0.042,1.347
0.062,-0.254
0.031,0.455
0.007,0.43
-0.163,0.082
-0.066,-0.77
-0.207,-2.018
-0.198,-1.993
-0.754,-2.208
-1.055,-1.917
-1.182,-2.165
-1.7,-2.288
-1.875,-2.261
-2.477,-2.369
-2.776,-1.883
-2.997,-2.227
-3.007,-2.284
-3.135,-2.193
3.095,-2.241
3.084,-2.371
2.797,-2.246
2.709,-2.058
2.27,-1.964
1.695,-2.371
0.993,-2.066
0.72,-2.393
0.173,-2.071
0.094,-2.196
-0.119,2.192
-1.013,2.306
-2.28,2.178
-2.57,2.416
2.762,2.328
2.568,2.194
2.371,2.396
2.101,2.226
1.938,2.249
-1.061,0.299
-1.069,1.512
-2.708,-1.266
0.767,-1.281
-0.575,-0.434
-0.599,-0.741
1.858,1.106
0.638,1.567
0.308,0.876
-0.379,1.419
-1.072,-0.064
-1.366,-0.715
-3.02,0.77
2.938,1.519
2.891,0.7
2.944,-1.05
2.639,0.753
1.432,1.4
0.621,1.932
0.218,-2.381
2.936,2.31
-1.691,2.334
-1.473,1.637
0.04,0.013
0.023,0.5
0.012,1.643
-0.064,0.824
-0.076,0.164
-0.09,0.166
-0.03,1.481
-0.112,-1.026
-0.133,-1.161
-0.232,-1.017
-0.368,-1.084
-0.342,-0.875
-0.454,-0.966
-0.925,-0.885
-0.862,-1.034
-0.862,-0.971
-0.936,-1.035
-1.406,-0.97
-2.248,-0.91
-2.372,-1.172
-2.65,-1.15
-2.688,-1.143
-3.041,-1.011
2.75,-0.975
2.264,-0.981
2.113,-1.185
1.986,-1.188
1.82,-0.937
1.253,-1.146
1.144,-1.18
1.197,-0.973
1.209,-0.9
1.077,-1.002
0.226,-1.332
0.26,-1.177
0.148,-1.331
0.151,-1.237
0.045,-1.296
-0.674,3.335
-1.213,3.123
-1.182,3.443
-1.209,3.316
-1.823,3.397
-2.459,3.21
-2.483,3.262
-3.02,3.371
2.889,3.359
2.759,3.443
2.61,3.301
2.404,3.244
2.364,3.353
2.037,3.346
1.715,3.369
0.968,3.267
0.607,3.338
0.443,3.25
-0.005,3.164
-0.012,0.138
-0.428,2.013
-2.545,-0.034
-2.722,-0.298
-2.757,1.963
-2.851,2.278
2.215,-0.475
1.721,1.151
1.308,2.527
2.716,-1.396
1.143,3.12
-0.054,0.502
-0.056,1.66
-0.256,-0.668
-0.235,1.447
-0.23,0.262
-0.248,0.216
-0.478,0.713
-0.485,2.037
-0.35,-0.52
-0.482,1.196
-0.533,2.605
-0.547,-0.595
-0.599,-0.746
-0.651,0.306
-0.672,1.56
-0.541,0.442
-0.707,-0.748
-0.616,0.218
-0.729,0.813
-0.838,0.327
-0.753,0.904
-0.785,2.506
-0.91,0.227
-0.907,0.657
-0.812,0.489
-0.879,0.834
-1.064,0.613
-1.177,-0.775
-1.191,-0.622
-1.136,-0.145
-1.27,0.645
-1.316,3.021
-1.414,0.828
-1.508,-0.301
-1.636,0.989
-1.752,1.8
-2.008,-0.139
-1.984,-0.022
-2.169,1.658
-2.026,3.047
-2.207,-0.549
-2.229,0.89
-2.206,1.57
-2.208,0.842
-2.252,0.689
-2.32,1.891
-2.409,0.154
-2.571,1.687
-2.578,1.668
-2.722,0.667
-2.698,1.692
-3.013,2.986
-2.865,1.986
-3.047,1.643
-2.938,2.556
-3.06,1.72
3.127,2.931
3.116,1.114
3.109,-0.237
-3.08,2.583
3.04,0.546
2.966,-0.674
3.089,1.616
3.071,0.883
3.082,1.978
3.027,2.881
3.009,3.1
3.003,0.774
2.966,-0.759
2.807,2.888
2.771,1.319
2.766,1.534
2.673,1.216
2.665,1.765
2.766,2.691
2.766,1.244
2.574,1.207
2.699,1.59
2.572,-0.223
2.521,0.749
2.504,0.475
2.508,-0.844
2.357,2.468
2.333,0.263
2.404,-0.685
2.288,0.131
2.314,1.822
2.17,1.523
2.189,2.971
2.138,1.853
2.014,-0.686
2.11,0.381
1.96,-0.695
1.914,2.457
1.881,-0.705
1.861,1.447
1.978,-0.068
1.929,2.315
1.709,2.861
1.656,2.02
1.52,0.544
1.361,0.964
1.435,1.199
1.338,1.886
1.315,0.96
0.994,0.789
0.975,2.53
1.083,0.041
1.035,2.445
0.805,0.053
0.885,3.079
0.462,1.304
0.431,-0.047
0.43,1.085
0.532,0.049
0.517,0.317
0.324,1.171
0.356,-0.367
0.205,3.021
0.289,0.968
0.182,0.838
0.149,0.868
0.055,2.95
0.021,2.378
0.125,0.777
0.094,1.486
0.07,1.461
-0.1,1.113
-0.003,0.261
-0.144,-0.987
-0.135,-0.962
-0.691,-1.177
-0.992,-0.886
-1.119,-1.134
-1.637,-1.257
-1.812,-1.23
-2.414,-1.338
-2.713,-0.852
-2.934,-1.196
-2.944,-1.253
-3.072,-1.162
-3.125,-1.21
-3.136,-1.34
2.86,-1.215
2.772,-1.027
2.333,-0.933
1.758,-1.34
1.056,-1.035
0.783,-1.362
0.236,-1.04
0.157,-1.165
-0.056,3.223
-0.95,3.337
-2.217,3.209
-2.507,3.447
2.825,3.359
2.631,3.225
2.434,3.427
2.164,3.257
2.001,3.28
-0.998,1.33
-1.006,2.543
-2.645,-0.235
0.83,-0.25
-0.512,0.597
-0.536,0.29
1.921,2.137
0.701,2.598
0.371,1.907
-0.316,2.45
-1.009,0.967
-1.303,0.316
-2.957,1.801
3.001,2.55
2.954,1.731
3.007,-0.019
2.702,1.784
1.495,2.431
0.684,2.963
0.281,-1.35
2.999,3.341
-1.628,3.365
-1.41,2.668
-0.017,0.487
-0.028,1.63
-0.104,0.811
-0.116,0.151
-0.13,0.153
-0.07,1.468
-0.152,-1.039
-0.173,-1.174
-0.272,-1.03
-0.408,-1.097
-0.382,-0.888
-0.494,-0.979
-0.965,-0.898
-0.902,-1.047
-0.902,-0.984
-0.976,-1.048
-1.446,-0.983
-2.288,-0.923
-2.412,-1.185
-2.69,-1.163
-2.728,-1.156
-3.081,-1.024
2.71,-0.988
2.224,-0.994
2.073,-1.198
1.946,-1.201
1.78,-0.95
1.213,-1.159
1.104,-1.193
1.157,-0.986
1.169,-0.913
1.037,-1.015
0.186,-1.345
0.22,-1.19
0.108,-1.344
0.111,-1.25
0.005,-1.309
-0.714,3.322
-1.253,3.11
-1.222,3.43
-1.249,3.303
-1.863,3.384
-2.499,3.197
-2.523,3.249
-3.06,3.358
2.849,3.346
2.719,3.43
2.57,3.288
2.364,3.231
2.324,3.34
1.997,3.333
1.675,3.356
0.928,3.254
0.567,3.325
0.403,3.237
-0.045,3.151
-0.052,0.125
-0.468,2.0
-2.585,-0.047
-2.762,-0.311
-2.797,1.95
-2.891,2.265
2.175,-0.488
1.681,1.138
1.268,2.514
2.676,-1.409
1.103,3.107
-0.094,0.489
-0.096,1.647
-0.296,-0.681
-0.275,1.434
-0.27,0.249
-0.288,0.203
-0.518,0.7
-0.525,2.024
-0.39,-0.533
-0.522,1.183
-0.573,2.592
-0.587,-0.608
-0.639,-0.759
-0.691,0.293
-0.712,1.547
-0.581,0.429
-0.747,-0.761
-0.656,0.205
-0.769,0.8
-0.878,0.314
-0.793,0.891
-0.825,2.493
-0.95,0.214
-0.947,0.644
-0.852,0.476
-0.919,0.821
-1.104,0.6
-1.217,-0.788
-1.231,-0.635
-1.176,-0.158
-1.31,0.632
-1.356,3.008
-1.454,0.815
-1.548,-0.314
-1.676,0.976
-1.792,1.787
-2.048,-0.152
-2.024,-0.035
-2.209,1.645
-2.066,3.034
-2.247,-0.562
-2.269,0.877
-2.246,1.557
-2.248,0.829
-2.292,0.676
-2.36,1.878
-2.449,0.141
-2.611,1.674
-2.618,1.655
-2.762,0.654
-2.738,1.679
-3.053,2.973
-2.905,1.973
-3.087,1.63
-2.978,2.543
-3.1,1.707
3.087,2.918
3.076,1.101
3.069,-0.25
-3.12,2.57
3.0,0.533
2.926,-0.687
3.049,1.603
3.031,0.87
3.042,1.965
2.987,2.868
2.969,3.087
2.963,0.761
2.926,-0.772
2.767,2.875
2.731,1.306
2.726,1.521
2.633,1.203
2.625,1.752
2.726,2.678
2.726,1.231
2.534,1.194
2.659,1.577
2.532,-0.236
2.481,0.736
2.464,0.462
2.468,-0.857
2.317,2.455
2.293,0.25
2.364,-0.698
2.248,0.118
2.274,1.809
2.13,1.51
2.149,2.958
2.098,1.84
1.974,-0.699
2.07,0.368
1.92,-0.708
1.874,2.444
1.841,-0.718
1.821,1.434
1.938,-0.081
1.889,2.302
1.669,2.848
1.616,2.007
1.48,0.531
1.321,0.951
1.395,1.186
1.298,1.873
1.275,0.947
0.954,0.776
0.935,2.517
1.043,0.028
0.995,2.432
0.765,0.04
0.845,3.066
0.422,1.291
0.391,-0.06
0.39,1.072
0.492,0.036
0.477,0.304
0.284,1.158
0.316,-0.38
0.165,3.008
0.249,0.955
0.142,0.825
0.109,0.855
0.015,2.937
-0.019,2.365
0.085,0.764
0.054,1.473
0.03,1.448
-0.14,1.1
-0.043,0.248
-0.184,-1.0
-0.175,-0.975
-0.731,-1.19
-1.032,-0.899
-1.159,-1.147
-1.677,-1.27
-1.852,-1.243
-2.454,-1.351
-2.753,-0.865
-2.974,-1.209
-2.984,-1.266
-3.112,-1.175
3.118,-1.223
3.107,-1.353
2.82,-1.228
2.732,-1.04
2.293,-0.946
1.718,-1.353
1.016,-1.048
0.743,-1.375
0.196,-1.053
0.117,-1.178
-0.096,3.21
-0.99,3.324
-2.257,3.196
-2.547,3.434
2.785,3.346
2.591,3.212
2.394,3.414
2.124,3.244
1.961,3.267
-1.038,1.317
-1.046,2.53
-2.685,-0.248
0.79,-0.263
-0.552,0.584
-0.576,0.277
1.881,2.124
0.661,2.585
0.331,1.894
-0.356,2.437
-1.049,0.954
-1.343,0.303
-2.997,1.788
2.961,2.537
2.914,1.718
2.967,-0.032
2.662,1.771
1.455,2.418
0.644,2.95
0.241,-1.363
2.959,3.328
-1.668,3.352
-1.45,2.655
-0.011,1.143
-0.087,0.324
-0.099,-0.336
-0.113,-0.334
-0.053,0.981
-0.135,-1.526
-0.156,-1.661
-0.255,-1.517
-0.391,-1.584
-0.365,-1.375
-0.477,-1.466
-0.948,-1.385
-0.885,-1.534
-0.885,-1.471
-0.959,-1.535
-1.429,-1.47
-2.271,-1.41
-2.395,-1.672
-2.673,-1.65
-2.711,-1.643
-3.064,-1.511
2.727,-1.475
2.241,-1.481
2.09,-1.685
1.963,-1.688
1.797,-1.437
1.23,-1.646
1.121,-1.68
1.174,-1.473
1.186,-1.4
1.054,-1.502
0.203,-1.832
0.237,-1.677
0.125,-1.831
0.128,-1.737
0.022,-1.796
-0.697,2.835
-1.236,2.623
-1.205,2.943
-1.232,2.816
-1.846,2.897
-2.482,2.71
-2.506,2.762
-3.043,2.871
2.866,2.859
2.736,2.943
2.587,2.801
2.381,2.744
2.341,2.853
2.014,2.846
1.692,2.869
0.945,2.767
0.584,2.838
0.42,2.75
-0.028,2.664
-0.035,-0.362
-0.451,1.513
-2.568,-0.534
-2.745,-0.798
-2.78,1.463
-2.874,1.778
2.192,-0.975
1.698,0.651
1.285,2.027
2.693,-1.896
1.12,2.62
-0.077,0.002
-0.079,1.16
-0.279,-1.168
-0.258,0.947
-0.253,-0.238
-0.271,-0.284
-0.501,0.213
-0.508,1.537
-0.373,-1.02
-0.505,0.696
-0.556,2.105
-0.57,-1.095
-0.622,-1.246
-0.674,-0.194
-0.695,1.06
-0.564,-0.058
-0.73,-1.248
-0.639,-0.282
-0.752,0.313
-0.861,-0.173
-0.776,0.404
-0.808,2.006
-0.933,-0.273
-0.93,0.157
-0.835,-0.011
-0.902,0.334
-1.087,0.113
-1.2,-1.275
-1.214,-1.122
-1.159,-0.645
-1.293,0.145
-1.339,2.521
-1.437,0.328
-1.531,-0.801
-1.659,0.489
-1.775,1.3
-2.031,-0.639
-2.007,-0.522
-2.192,1.158
-2.049,2.547
-2.23,-1.049
-2.252,0.39
-2.229,1.07
-2.231,0.342
-2.275,0.189
-2.343,1.391
-2.432,-0.346
-2.594,1.187
-2.601,1.168
-2.745,0.167
-2.721,1.192
-3.036,2.486
-2.888,1.486
-3.07,1.143
-2.961,2.056
-3.083,1.22
3.104,2.431
3.093,0.614
3.086,-0.737
-3.103,2.083
3.017,0.046
2.943,-1.174
3.066,1.116
3.048,0.383
3.059,1.478
3.004,2.381
2.986,2.6
2.98,0.274
2.943,-1.259
2.784,2.388
2.748,0.819
2.743,1.034
2.65,0.716
2.642,1.265
2.743,2.191
2.743,0.744
2.551,0.707
2.676,1.09
2.549,-0.723
2.498,0.249
2.481,-0.025
2.485,-1.344
2.334,1.968
2.31,-0.237
2.381,-1.185
2.265,-0.369
2.291,1.322
2.147,1.023
2.166,2.471
2.115,1.353
1.991,-1.186
2.087,-0.119
1.937,-1.195
1.891,1.957
1.858,-1.205
1.838,0.947
1.955,-0.568
1.906,1.815
1.686,2.361
1.633,1.52
1.497,0.044
1.338,0.464
1.412,0.699
1.315,1.386
1.292,0.46
0.971,0.289
0.952,2.03
1.06,-0.459
1.012,1.945
0.782,-0.447
0.862,2.579
0.439,0.804
0.408,-0.547
0.407,0.585
0.509,-0.451
0.494,-0.183
0.301,0.671
0.333,-0.867
0.182,2.521
0.266,0.468
0.159,0.338
0.126,0.368
0.032,2.45
-0.002,1.878
0.102,0.277
0.071,0.986
0.047,0.961
-0.123,0.613
-0.026,-0.239
-0.167,-1.487
-0.158,-1.462
-0.714,-1.677
-1.015,-1.386
-1.142,-1.634
-1.66,-1.757
-1.835,-1.73
-2.437,-1.838
-2.736,-1.352
-2.957,-1.696
-2.967,-1.753
-3.095,-1.662
3.135,-1.71
3.124,-1.84
2.837,-1.715
2.749,-1.527
2.31,-1.433
1.735,-1.84
1.033,-1.535
0.76,-1.862
0.213,-1.54
0.134,-1.665
-0.079,2.723
-0.973,2.837
-2.24,2.709
-2.53,2.947
2.802,2.859
2.608,2.725
2.411,2.927
2.141,2.757
1.978,2.78
-1.021,0.83
-1.029,2.043
-2.668,-0.735
0.807,-0.75
-0.535,0.097
-0.559,-0.21
1.898,1.637
0.678,2.098
0.348,1.407
-0.339,1.95
-1.032,0.467
-1.326,-0.184
-2.98,1.301
2.978,2.05
2.931,1.231
2.984,-0.519
2.679,1.284
1.472,1.931
0.661,2.463
0.258,-1.85
2.976,2.841
-1.651,2.865
-1.433,2.168
-0.076,-0.819
-0.088,-1.479
-0.102,-1.477
-0.042,-0.162
-0.124,-2.669
-0.145,-2.804
-0.244,-2.66
-0.38,-2.727
-0.354,-2.518
-0.466,-2.609
-0.937,-2.528
-0.874,-2.677
-0.874,-2.614
-0.948,-2.678
-1.418,-2.613
-2.26,-2.553
-2.384,-2.815
-2.662,-2.793
-2.7,-2.786
-3.053,-2.654
2.738,-2.618
2.252,-2.624
2.101,-2.828
1.974,-2.831
1.808,-2.58
1.241,-2.789
1.132,-2.823
1.185,-2.616
1.197,-2.543
1.065,-2.645
0.214,-2.975
0.248,-2.82
0.136,-2.974
0.139,-2.88
0.033,-2.939
-0.686,1.692
-1.225,1.48
-1.194,1.8
-1.221,1.673
-1.835,1.754
-2.471,1.567
-2.495,1.619
-3.032,1.728
2.877,1.716
2.747,1.8
2.598,1.658
2.392,1.601
2.352,1.71
2.025,1.703
1.703,1.726
0.956,1.624
0.595,1.695
0.431,1.607
-0.017,1.521
-0.024,-1.505
-0.44,0.37
-2.557,-1.677
-2.734,-1.941
-2.769,0.32
-2.863,0.635
2.203,-2.118
1.709,-0.492
1.296,0.884
2.704,-3.039
1.131,1.477
-0.066,-1.141
-0.068,0.017
-0.268,-2.311
-0.247,-0.196
-0.242,-1.381
-0.26,-1.427
-0.49,-0.93
-0.497,0.394
-0.362,-2.163
-0.494,-0.447
-0.545,0.962
-0.559,-2.238
-0.611,-2.389
-0.663,-1.337
-0.684,-0.083
-0.553,-1.201
-0.719,-2.391
-0.628,-1.425
-0.741,-0.83
-0.85,-1.316
-0.765,-0.739
-0.797,0.863
-0.922,-1.416
-0.919,-0.986
-0.824,-1.154
-0.891,-0.809
-1.076,-1.03
-1.189,-2.418
-1.203,-2.265
-1.148,-1.788
-1.282,-0.998
-1.328,1.378
-1.426,-0.815
-1.52,-1.944
-1.648,-0.654
-1.764,0.157
-2.02,-1.782
-1.996,-1.665
-2.181,0.015
-2.038,1.404
-2.219,-2.192
-2.241,-0.753
-2.218,-0.073
-2.22,-0.801
-2.264,-0.954
-2.332,0.248
-2.421,-1.489
-2.583,0.044
-2.59,0.025
-2.734,-0.976
-2.71,0.049
-3.025,1.343
-2.877,0.343
-3.059,0.0
-2.95,0.913
-3.072,0.077
3.115,1.288
3.104,-0.529
3.097,-1.88
-3.092,0.94
3.028,-1.097
2.954,-2.317
3.077,-0.027
3.059,-0.76
3.07,0.335
3.015,1.238
2.997,1.457
2.991,-0.869
2.954,-2.402
2.795,1.245
2.759,-0.324
2.754,-0.109
2.661,-0.427
2.653,0.122
2.754,1.048
2.754,-0.399
2.562,-0.436
2.687,-0.053
2.56,-1.866
2.509,-0.894
2.492,-1.168
2.496,-2.487
2.345,0.825
2.321,-1.38
2.392,-2.328
2.276,-1.512
2.302,0.179
2.158,-0.12
2.177,1.328
2.126,0.21
2.002,-2.329
2.098,-1.262
1.948,-2.338
1.902,0.814
1.869,-2.348
1.849,-0.196
1.966,-1.711
1.917,0.672
1.697,1.218
1.644,0.377
1.508,-1.099
1.349,-0.679
1.423,-0.444
1.326,0.243
1.303,-0.683
0.982,-0.854
0.963,0.887
1.071,-1.602
1.023,0.802
0.793,-1.59
0.873,1.436
0.45,-0.339
0.419,-1.69
0.418,-0.558
0.52,-1.594
0.505,-1.326
0.312,-0.472
0.344,-2.01
0.193,1.378
0.277,-0.675
0.17,-0.805
0.137,-0.775
0.043,1.307
0.009,0.735
0.113,-0.866
0.082,-0.157
0.058,-0.182
-0.112,-0.53
-0.015,-1.382
-0.156,-2.63
-0.147,-2.605
-0.703,-2.82
-1.004,-2.529
-1.131,-2.777
-1.649,-2.9
-1.824,-2.873
-2.426,-2.981
-2.725,-2.495
-2.946,-2.839
-2.956,-2.896
-3.084,-2.805
-3.137,-2.853
3.135,-2.983
2.848,-2.858
2.76,-2.67
2.321,-2.576
1.746,-2.983
1.044,-2.678
0.771,-3.005
0.224,-2.683
0.145,-2.808
-0.068,1.58
-0.962,1.694
-2.229,1.566
-2.519,1.804
2.813,1.716
2.619,1.582
2.422,1.784
2.152,1.614
1.989,1.637
-1.01,-0.313
-1.018,0.9
-2.657,-1.878
0.818,-1.893
-0.524,-1.046
-0.548,-1.353
1.909,0.494
0.689,0.955
0.359,0.264
-0.328,0.807
-1.021,-0.676
-1.315,-1.327
-2.969,0.158
2.989,0.907
2.942,0.088
2.995,-1.662
2.69,0.141
1.483,0.788
0.672,1.32
0.269,-2.993
2.987,1.698
-1.64,1.722
-1.422,1.025
-0.012,-0.66
-0.026,-0.658
0.034,0.657
-0.048,-1.85
-0.069,-1.985
-0.168,-1.841
-0.304,-1.908
-0.278,-1.699
-0.39,-1.79
-0.861,-1.709
-0.798,-1.858
-0.798,-1.795
-0.872,-1.859
-1.342,-1.794
-2.184,-1.734
-2.308,-1.996
-2.586,-1.974
-2.624,-1.967
-2.977,-1.835
2.814,-1.799
2.328,-1.805
2.177,-2.009
2.05,-2.012
1.884,-1.761
1.317,-1.97
1.208,-2.004
1.261,-1.797
1.273,-1.724
1.141,-1.826
0.29,-2.156
0.324,-2.001
0.212,-2.155
0.215,-2.061
0.109,-2.12
-0.61,2.511
-1.149,2.299
-1.118,2.619
-1.145,2.492
-1.759,2.573
-2.395,2.386
-2.419,2.438
-2.956,2.547
2.953,2.535
2.823,2.619
2.674,2.477
2.468,2.42
2.428,2.529
2.101,2.522
1.779,2.545
1.032,2.443
0.671,2.514
0.507,2.426
0.059,2.34
0.052,-0.686
-0.364,1.189
-2.481,-0.858
-2.658,-1.122
-2.693,1.139
-2.787,1.454
2.279,-1.299
1.785,0.327
1.372,1.703
2.78,-2.22
1.207,2.296
0.01,-0.322
0.008,0.836
-0.192,-1.492
-0.171,0.623
-0.166,-0.562
-0.184,-0.608
-0.414,-0.111
-0.421,1.213
-0.286,-1.344
-0.418,0.372
-0.469,1.781
-0.483,-1.419
-0.535,-1.57
-0.587,-0.518
-0.608,0.736
-0.477,-0.382
-0.643,-1.572
-0.552,-0.606
-0.665,-0.011
-0.774,-0.497
-0.689,0.08
-0.721,1.682
-0.846,-0.597
-0.843,-0.167
-0.748,-0.335
-0.815,0.01
-1.0,-0.211
-1.113,-1.599
-1.127,-1.446
-1.072,-0.969
-1.206,-0.179
-1.252,2.197
-1.35,0.004
-1.444,-1.125
-1.572,0.165
-1.688,0.976
-1.944,-0.963
-1.92,-0.846
-2.105,0.834
-1.962,2.223
-2.143,-1.373
-2.165,0.066
-2.142,0.746
-2.144,0.018
-2.188,-0.135
-2.256,1.067
-2.345,-0.67
-2.507,0.863
-2.514,0.844
-2.658,-0.157
-2.634,0.868
-2.949,2.162
-2.801,1.162
-2.983,0.819
-2.874,1.732
-2.996,0.896
-3.092,2.107
-3.103,0.29
-3.11,-1.061
-3.016,1.759
3.104,-0.278
3.03,-1.498
-3.13,0.792
3.135,0.059
-3.137,1.154
3.091,2.057
3.073,2.276
3.067,-0.05
3.03,-1.583
2.871,2.064
2.835,0.495
2.83,0.71
2.737,0.392
2.729,0.941
2.83,1.867
2.83,0.42
2.638,0.383
2.763,0.766
2.636,-1.047
2.585,-0.075
2.568,-0.349
2.572,-1.668
2.421,1.644
2.397,-0.561
2.468,-1.509
2.352,-0.693
2.378,0.998
2.234,0.699
2.253,2.147
2.202,1.029
2.078,-1.51
2.174,-0.443
2.024,-1.519
1.978,1.633
1.945,-1.529
1.925,0.623
2.042,-0.892
1.993,1.491
1.773,2.037
1.72,1.196
1.584,-0.28
1.425,0.14
1.499,0.375
1.402,1.062
1.379,0.136
1.058,-0.035
1.039,1.706
1.147,-0.783
1.099,1.621
0.869,-0.771
0.949,2.255
0.526,0.48
0.495,-0.871
0.494,0.261
0.596,-0.775
0.581,-0.507
0.388,0.347
0.42,-1.191
0.269,2.197
0.353,0.144
0.246,0.014
0.213,0.044
0.119,2.126
0.085,1.554
0.189,-0.047
0.158,0.662
0.134,0.637
-0.036,0.289
0.061,-0.563
-0.08,-1.811
-0.071,-1.786
-0.627,-2.001
-0.928,-1.71
-1.055,-1.958
-1.573,-2.081
-1.748,-2.054
-2.35,-2.162
-2.649,-1.676
-2.87,-2.02
-2.88,-2.077
-3.008,-1.986
-3.061,-2.034
-3.072,-2.164
2.924,-2.039
2.836,-1.851
2.397,-1.757
1.822,-2.164
1.12,-1.859
0.847,-2.186
0.3,-1.864
0.221,-1.989
0.008,2.399
-0.886,2.513
-2.153,2.385
-2.443,2.623
2.889,2.535
2.695,2.401
2.498,2.603
2.228,2.433
2.065,2.456
-0.934,0.506
-0.942,1.719
-2.581,-1.059
0.894,-1.074
-0.448,-0.227
-0.472,-0.534
1.985,1.313
0.765,1.774
0.435,1.083
-0.252,1.626
-0.945,0.143
-1.239,-0.508
-2.893,0.977
3.065,1.726
3.018,0.907
3.071,-0.843
2.766,0.96
1.559,1.607
0.748,2.139
0.345,-2.174
3.063,2.517
-1.564,2.541
-1.346,1.844
-0.014,0.002
0.046,1.317
-0.036,-1.19
-0.057,-1.325
-0.156,-1.181
-0.292,-1.248
-0.266,-1.039
-0.378,-1.13
-0.849,-1.049
-0.786,-1.198
-0.786,-1.135
-0.86,-1.199
-1.33,-1.134
-2.172,-1.074
-2.296,-1.336
-2.574,-1.314
-2.612,-1.307
-2.965,-1.175
2.826,-1.139
2.34,-1.145
2.189,-1.349
2.062,-1.352
1.896,-1.101
1.329,-1.31
1.22,-1.344
1.273,-1.137
1.285,-1.064
1.153,-1.166
0.302,-1.496
0.336,-1.341
0.224,-1.495
0.227,-1.401
0.121,-1.46
-0.598,3.171
-1.137,2.959
-1.106,3.279
-1.133,3.152
-1.747,3.233
-2.383,3.046
-2.407,3.098
-2.944,3.207
2.965,3.195
2.835,3.279
2.686,3.137
2.48,3.08
2.44,3.189
2.113,3.182
1.791,3.205
1.044,3.103
0.683,3.174
0.519,3.086
0.071,3.0
0.064,-0.026
-0.352,1.849
-2.469,-0.198
-2.646,-0.462
-2.681,1.799
-2.775,2.114
2.291,-0.639
1.797,0.987
1.384,2.363
2.792,-1.56
1.219,2.956
0.022,0.338
0.02,1.496
-0.18,-0.832
-0.159,1.283
-0.154,0.098
-0.172,0.052
-0.402,0.549
-0.409,1.873
-0.274,-0.684
-0.406,1.032
-0.457,2.441
-0.471,-0.759
-0.523,-0.91
-0.575,0.142
-0.596,1.396
-0.465,0.278
-0.631,-0.912
-0.54,0.054
-0.653,0.649
-0.762,0.163
-0.677,0.74
-0.709,2.342
-0.834,0.063
-0.831,0.493
-0.736,0.325
-0.803,0.67
-0.988,0.449
-1.101,-0.939
-1.115,-0.786
-1.06,-0.309
-1.194,0.481
-1.24,2.857
-1.338,0.664
-1.432,-0.465
-1.56,0.825
-1.676,1.636
-1.932,-0.303
-1.908,-0.186
-2.093,1.494
-1.95,2.883
-2.131,-0.713
-2.153,0.726
-2.13,1.406
-2.132,0.678
-2.176,0.525
-2.244,1.727
-2.333,-0.01
-2.495,1.523
-2.502,1.504
-2.646,0.503
-2.622,1.528
-2.937,2.822
-2.789,1.822
-2.971,1.479
-2.862,2.392
-2.984,1.556
-3.08,2.767
-3.091,0.95
-3.098,-0.401
-3.004,2.419
3.116,0.382
3.042,-0.838
-3.118,1.452
-3.136,0.719
-3.125,1.814
3.103,2.717
3.085,2.936
3.079,0.61
3.042,-0.923
2.883,2.724
2.847,1.155
2.842,1.37
2.749,1.052
2.741,1.601
2.842,2.527
2.842,1.08
2.65,1.043
2.775,1.426
2.648,-0.387
2.597,0.585
2.58,0.311
2.584,-1.008
2.433,2.304
2.409,0.099
2.48,-0.849
2.364,-0.033
2.39,1.658
2.246,1.359
2.265,2.807
2.214,1.689
2.09,-0.85
2.186,0.217
2.036,-0.859
1.99,2.293
1.957,-0.869
1.937,1.283
2.054,-0.232
2.005,2.151
1.785,2.697
1.732,1.856
1.596,0.38
1.437,0.8
1.511,1.035
1.414,1.722
1.391,0.796
1.07,0.625
1.051,2.366
1.159,-0.123
1.111,2.281
0.881,-0.111
0.961,2.915
0.538,1.14
0.507,-0.211
0.506,0.921
0.608,-0.115
0.593,0.153
0.4,1.007
0.432,-0.531
0.281,2.857
0.365,0.804
0.258,0.674
0.225,0.704
0.131,2.786
0.097,2.214
0.201,0.613
0.17,1.322
0.146,1.297
-0.024,0.949
0.073,0.097
-0.068,-1.151
-0.059,-1.126
-0.615,-1.341
-0.916,-1.05
-1.043,-1.298
-1.561,-1.421
-1.736,-1.394
-2.338,-1.502
-2.637,-1.016
-2.858,-1.36
-2.868,-1.417
-2.996,-1.326
-3.049,-1.374
-3.06,-1.504
2.936,-1.379
2.848,-1.191
2.409,-1.097
1.834,-1.504
1.132,-1.199
0.859,-1.526
0.312,-1.204
0.233,-1.329
0.02,3.059
-0.874,3.173
-2.141,3.045
-2.431,3.283
2.901,3.195
2.707,3.061
2.51,3.263
2.24,3.093
2.077,3.116
-0.922,1.166
-0.93,2.379
-2.569,-0.399
0.906,-0.414
-0.436,0.433
-0.46,0.126
1.997,1.973
0.777,2.434
0.447,1.743
-0.24,2.286
-0.933,0.803
-1.227,0.152
-2.881,1.637
3.077,2.386
3.03,1.567
3.083,-0.183
2.778,1.62
1.571,2.267
0.76,2.799
0.357,-1.514
3.075,3.177
-1.552,3.201
-1.334,2.504
0.06,1.315
-0.022,-1.192
-0.043,-1.327
-0.142,-1.183
-0.278,-1.25
-0.252,-1.041
-0.364,-1.132
-0.835,-1.051
-0.772,-1.2
-0.772,-1.137
-0.846,-1.201
-1.316,-1.136
-2.158,-1.076
-2.282,-1.338
-2.56,-1.316
-2.598,-1.309
-2.951,-1.177
2.84,-1.141
2.354,-1.147
2.203,-1.351
2.076,-1.354
1.91,-1.103
1.343,-1.312
1.234,-1.346
1.287,-1.139
1.299,-1.066
1.167,-1.168
0.316,-1.498
0.35,-1.343
0.238,-1.497
0.241,-1.403
0.135,-1.462
-0.584,3.169
-1.123,2.957
-1.092,3.277
-1.119,3.15
-1.733,3.231
-2.369,3.044
-2.393,3.096
-2.93,3.205
2.979,3.193
2.849,3.277
2.7,3.135
2.494,3.078
2.454,3.187
2.127,3.18
1.805,3.203
1.058,3.101
0.697,3.172
0.533,3.084
0.085,2.998
0.078,-0.028
-0.338,1.847
-2.455,-0.2
-2.632,-0.464
-2.667,1.797
-2.761,2.112
2.305,-0.641
1.811,0.985
1.398,2.361
2.806,-1.562
1.233,2.954
0.036,0.336
0.034,1.494
-0.166,-0.834
-0.145,1.281
-0.14,0.096
-0.158,0.05
-0.388,0.547
-0.395,1.871
-0.26,-0.686
-0.392,1.03
-0.443,2.439
-0.457,-0.761
-0.509,-0.912
-0.561,0.14
-0.582,1.394
-0.451,0.276
-0.617,-0.914
-0.526,0.052
-0.639,0.647
-0.748,0.161
-0.663,0.738
-0.695,2.34
-0.82,0.061
-0.817,0.491
-0.722,0.323
-0.789,0.668
-0.974,0.447
-1.087,-0.941
-1.101,-0.788
-1.046,-0.311
-1.18,0.479
-1.226,2.855
-1.324,0.662
-1.418,-0.467
-1.546,0.823
-1.662,1.634
-1.918,-0.305
-1.894,-0.188
-2.079,1.492
-1.936,2.881
-2.117,-0.715
-2.139,0.724
-2.116,1.404
-2.118,0.676
-2.162,0.523
-2.23,1.725
-2.319,-0.012
-2.481,1.521
-2.488,1.502
-2.632,0.501
-2.608,1.526
-2.923,2.82
-2.775,1.82
-2.957,1.477
-2.848,2.39
-2.97,1.554
-3.066,2.765
-3.077,0.948
-3.084,-0.403
-2.99,2.417
3.13,0.38
3.056,-0.84
-3.104,1.45
-3.122,0.717
-3.111,1.812
3.117,2.715
3.099,2.934
3.093,0.608
3.056,-0.925
2.897,2.722
2.861,1.153
2.856,1.368
2.763,1.05
2.755,1.599
2.856,2.525
2.856,1.078
2.664,1.041
2.789,1.424
2.662,-0.389
2.611,0.583
2.594,0.309
2.598,-1.01
2.447,2.302
2.423,0.097
2.494,-0.851
2.378,-0.035
2.404,1.656
2.26,1.357
2.279,2.805
2.228,1.687
2.104,-0.852
2.2,0.215
2.05,-0.861
2.004,2.291
1.971,-0.871
1.951,1.281
2.068,-0.234
2.019,2.149
1.799,2.695
1.746,1.854
1.61,0.378
1.451,0.798
1.525,1.033
1.428,1.72
1.405,0.794
1.084,0.623
1.065,2.364
1.173,-0.125
1.125,2.279
0.895,-0.113
0.975,2.913
0.552,1.138
0.521,-0.213
0.52,0.919
0.622,-0.117
0.607,0.151
0.414,1.005
0.446,-0.533
0.295,2.855
0.379,0.802
0.272,0.672
0.239,0.702
0.145,2.784
0.111,2.212
0.215,0.611
0.184,1.32
0.16,1.295
-0.01,0.947
0.087,0.095
-0.054,-1.153
-0.045,-1.128
-0.601,-1.343
-0.902,-1.052
-1.029,-1.3
-1.547,-1.423
-1.722,-1.396
-2.324,-1.504
-2.623,-1.018
-2.844,-1.362
-2.854,-1.419
-2.982,-1.328
-3.035,-1.376
-3.046,-1.506
2.95,-1.381
2.862,-1.193
2.423,-1.099
1.848,-1.506
1.146,-1.201
0.873,-1.528
0.326,-1.206
0.247,-1.331
0.034,3.057
-0.86,3.171
-2.127,3.043
-2.417,3.281
2.915,3.193
2.721,3.059
2.524,3.261
2.254,3.091
2.091,3.114
-0.908,1.164
-0.916,2.377
-2.555,-0.401
0.92,-0.416
-0.422,0.431
-0.446,0.124
2.011,1.971
0.791,2.432
0.461,1.741
-0.226,2.284
-0.919,0.801
-1.213,0.15
-2.867,1.635
3.091,2.384
3.044,1.565
3.097,-0.185
2.792,1.618
1.585,2.265
0.774,2.797
0.371,-1.516
3.089,3.175
-1.538,3.199
-1.32,2.502
-0.082,-2.507
-0.103,-2.642
-0.202,-2.498
-0.338,-2.565
-0.312,-2.356
-0.424,-2.447
-0.895,-2.366
-0.832,-2.515
-0.832,-2.452
-0.906,-2.516
-1.376,-2.451
-2.218,-2.391
-2.342,-2.653
-2.62,-2.631
-2.658,-2.624
-3.011,-2.492
2.78,-2.456
2.294,-2.462
2.143,-2.666
2.016,-2.669
1.85,-2.418
1.283,-2.627
1.174,-2.661
1.227,-2.454
1.239,-2.381
1.107,-2.483
0.256,-2.813
0.29,-2.658
0.178,-2.812
0.181,-2.718
0.075,-2.777
-0.644,1.854
-1.183,1.642
-1.152,1.962
-1.179,1.835
-1.793,1.916
-2.429,1.729
-2.453,1.781
-2.99,1.89
2.919,1.878
2.789,1.962
2.64,1.82
2.434,1.763
2.394,1.872
2.067,1.865
1.745,1.888
0.998,1.786
0.637,1.857
0.473,1.769
0.025,1.683
0.018,-1.343
-0.398,0.532
-2.515,-1.515
-2.692,-1.779
-2.727,0.482
-2.821,0.797
2.245,-1.956
1.751,-0.33
1.338,1.046
2.746,-2.877
1.173,1.639
-0.024,-0.979
-0.026,0.179
-0.226,-2.149
-0.205,-0.034
-0.2,-1.219
-0.218,-1.265
-0.448,-0.768
-0.455,0.556
-0.32,-2.001
-0.452,-0.285
-0.503,1.124
-0.517,-2.076
-0.569,-2.227
-0.621,-1.175
-0.642,0.079
-0.511,-1.039
-0.677,-2.229
-0.586,-1.263
-0.699,-0.668
-0.808,-1.154
-0.723,-0.577
-0.755,1.025
-0.88,-1.254
-0.877,-0.824
-0.782,-0.992
-0.849,-0.647
-1.034,-0.868
-1.147,-2.256
-1.161,-2.103
-1.106,-1.626
-1.24,-0.836
-1.286,1.54
-1.384,-0.653
-1.478,-1.782
-1.606,-0.492
-1.722,0.319
-1.978,-1.62
-1.954,-1.503
-2.139,0.177
-1.996,1.566
-2.177,-2.03
-2.199,-0.591
-2.176,0.089
-2.178,-0.639
-2.222,-0.792
-2.29,0.41
-2.379,-1.327
-2.541,0.206
-2.548,0.187
-2.692,-0.814
-2.668,0.211
-2.983,1.505
-2.835,0.505
-3.017,0.162
-2.908,1.075
-3.03,0.239
-3.126,1.45
-3.137,-0.367
3.139,-1.718
-3.05,1.102
3.07,-0.935
2.996,-2.155
3.119,0.135
3.101,-0.598
3.112,0.497
3.057,1.4
3.039,1.619
3.033,-0.707
2.996,-2.24
2.837,1.407
2.801,-0.162
2.796,0.053
2.703,-0.265
2.695,0.284
2.796,1.21
2.796,-0.237
2.604,-0.274
2.729,0.109
2.602,-1.704
2.551,-0.732
2.534,-1.006
2.538,-2.325
2.387,0.987
2.363,-1.218
2.434,-2.166
2.318,-1.35
2.344,0.341
2.2,0.042
2.219,1.49
2.168,0.372
2.044,-2.167
2.14,-1.1
1.99,-2.176
1.944,0.976
1.911,-2.186
1.891,-0.034
2.008,-1.549
1.959,0.834
1.739,1.38
1.686,0.539
1.55,-0.937
1.391,-0.517
1.465,-0.282
1.368,0.405
1.345,-0.521
1.024,-0.692
1.005,1.049
1.113,-1.44
1.065,0.964
0.835,-1.428
0.915,1.598
0.492,-0.177
0.461,-1.528
0.46,-0.396
0.562,-1.432
0.547,-1.164
0.354,-0.31
0.386,-1.848
0.235,1.54
0.319,-0.513
0.212,-0.643
0.179,-0.613
0.085,1.469
0.051,0.897
0.155,-0.704
0.124,0.005
0.1,-0.02
-0.07,-0.368
0.027,-1.22
-0.114,-2.468
-0.105,-2.443
-0.661,-2.658
-0.962,-2.367
-1.089,-2.615
-1.607,-2.738
-1.782,-2.711
-2.384,-2.819
-2.683,-2.333
-2.904,-2.677
-2.914,-2.734
-3.042,-2.643
-3.095,-2.691
-3.106,-2.821
2.89,-2.696
2.802,-2.508
2.363,-2.414
1.788,-2.821
1.086,-2.516
0.813,-2.843
0.266,-2.521
0.187,-2.646
-0.026,1.742
-0.92,1.856
-2.187,1.728
-2.477,1.966
2.855,1.878
2.661,1.744
2.464,1.946
2.194,1.776
2.031,1.799
-0.968,-0.151
-0.976,1.062
-2.615,-1.716
0.86,-1.731
-0.482,-0.884
-0.506,-1.191
1.951,0.656
0.731,1.117
0.401,0.426
-0.286,0.969
-0.979,-0.514
-1.273,-1.165
-2.927,0.32
3.031,1.069
2.984,0.25
3.037,-1.5
2.732,0.303
1.525,0.95
0.714,1.482
0.311,-2.831
3.029,1.86
-1.598,1.884
-1.38,1.187
-0.021,-0.135
-0.12,0.009
-0.256,-0.058
-0.23,0.151
-0.342,0.06
-0.813,0.141
-0.75,-0.008
-0.75,0.055
-0.824,-0.009
-1.294,0.056
-2.136,0.116
-2.26,-0.146
-2.538,-0.124
-2.576,-0.117
-2.929,0.015
2.862,0.051
2.376,0.045
2.225,-0.159
2.098,-0.162
1.932,0.089
1.365,-0.12
1.256,-0.154
1.309,0.053
1.321,0.126
1.189,0.024
0.338,-0.306
0.372,-0.151
0.26,-0.305
0.263,-0.211
0.157,-0.27
-0.562,4.361
-1.101,4.149
-1.07,4.469
-1.097,4.342
-1.711,4.423
-2.347,4.236
-2.371,4.288
-2.908,4.397
3.001,4.385
2.871,4.469
2.722,4.327
2.516,4.27
2.476,4.379
2.149,4.372
1.827,4.395
1.08,4.293
0.719,4.364
0.555,4.276
0.107,4.19
0.1,1.164
-0.316,3.039
-2.433,0.992
-2.61,0.728
-2.645,2.989
-2.739,3.304
2.327,0.551
1.833,2.177
1.42,3.553
2.828,-0.37
1.255,4.146
0.058,1.528
0.056,2.686
-0.144,0.358
-0.123,2.473
-0.118,1.288
-0.136,1.242
-0.366,1.739
-0.373,3.063
-0.238,0.506
-0.37,2.222
-0.421,3.631
-0.435,0.431
-0.487,0.28
-0.539,1.332
-0.56,2.586
-0.429,1.468
-0.595,0.278
-0.504,1.244
-0.617,1.839
-0.726,1.353
-0.641,1.93
-0.673,3.532
-0.798,1.253
-0.795,1.683
-0.7,1.515
-0.767,1.86
-0.952,1.639
-1.065,0.251
-1.079,0.404
-1.024,0.881
-1.158,1.671
-1.204,4.047
-1.302,1.854
-1.396,0.725
-1.524,2.015
-1.64,2.826
-1.896,0.887
-1.872,1.004
-2.057,2.684
-1.914,4.073
-2.095,0.477
-2.117,1.916
-2.094,2.596
-2.096,1.868
-2.14,1.715
-2.208,2.917
-2.297,1.18
-2.459,2.713
-2.466,2.694
-2.61,1.693
-2.586,2.718
-2.901,4.012
-2.753,3.012
-2.935,2.669
-2.826,3.582
-2.948,2.746
-3.044,3.957
-3.055,2.14
-3.062,0.789
-2.968,3.609
-3.131,1.572
3.078,0.352
-3.082,2.642
-3.1,1.909
-3.089,3.004
3.139,3.907
3.121,4.126
3.115,1.8
3.078,0.267
2.919,3.914
2.883,2.345
2.878,2.56
2.785,2.242
2.777,2.791
2.878,3.717
2.878,2.27
2.686,2.233
2.811,2.616
2.684,0.803
2.633,1.775
2.616,1.501
2.62,0.182
2.469,3.494
2.445,1.289
2.516,0.341
2.4,1.157
2.426,2.848
2.282,2.549
2.301,3.997
2.25,2.879
2.126,0.34
2.222,1.407
2.072,0.331
2.026,3.483
1.993,0.321
1.973,2.473
2.09,0.958
2.041,3.341
1.821,3.887
1.768,3.046
1.632,1.57
1.473,1.99
1.547,2.225
1.45,2.912
1.427,1.986
1.106,1.815
1.087,3.556
1.195,1.067
1.147,3.471
0.917,1.079
0.997,4.105
0.574,2.33
0.543,0.979
0.542,2.111
0.644,1.075
0.629,1.343
0.436,2.197
0.468,0.659
0.317,4.047
0.401,1.994
0.294,1.864
0.261,1.894
0.167,3.976
0.133,3.404
0.237,1.803
0.206,2.512
0.182,2.487
0.012,2.139
0.109,1.287
-0.032,0.039
-0.023,0.064
-0.579,-0.151
-0.88,0.14
-1.007,-0.108
-1.525,-0.231
-1.7,-0.204
-2.302,-0.312
-2.601,0.174
-2.822,-0.17
-2.832,-0.227
-2.96,-0.136
-3.013,-0.184
-3.024,-0.314
2.972,-0.189
2.884,-0.001
2.445,0.093
1.87,-0.314
1.168,-0.009
0.895,-0.336
0.348,-0.014
0.269,-0.139
0.056,4.249
-0.838,4.363
-2.105,4.235
-2.395,4.473
2.937,4.385
2.743,4.251
2.546,4.453
2.276,4.283
2.113,4.306
-0.886,2.356
-0.894,3.569
-2.533,0.791
0.942,0.776
-0.4,1.623
-0.424,1.316
2.033,3.163
0.813,3.624
0.483,2.933
-0.204,3.476
-0.897,1.993
-1.191,1.342
-2.845,2.827
3.113,3.576
3.066,2.757
3.119,1.007
2.814,2.81
1.607,3.457
0.796,3.989
0.393,-0.324
3.111,4.367
-1.516,4.391
-1.298,3.694
-0.099,0.144
-0.235,0.077
-0.209,0.286
-0.321,0.195
-0.792,0.276
-0.729,0.127
-0.729,0.19
-0.803,0.126
-1.273,0.191
-2.115,0.251
-2.239,-0.011
-2.517,0.011
-2.555,0.018
-2.908,0.15
2.883,0.186
2.397,0.18
2.246,-0.024
2.119,-0.027
1.953,0.224
1.386,0.015
1.277,-0.019
1.33,0.188
1.342,0.261
1.21,0.159
0.359,-0.171
0.393,-0.016
0.281,-0.17
0.284,-0.076
0.178,-0.135
-0.541,4.496
-1.08,4.284
-1.049,4.604
-1.076,4.477
-1.69,4.558
-2.326,4.371
-2.35,4.423
-2.887,4.532
3.022,4.52
2.892,4.604
2.743,4.462
2.537,4.405
2.497,4.514
2.17,4.507
1.848,4.53
1.101,4.428
0.74,4.499
0.576,4.411
0.128,4.325
0.121,1.299
-0.295,3.174
-2.412,1.127
-2.589,0.863
-2.624,3.124
-2.718,3.439
2.348,0.686
1.854,2.312
1.441,3.688
2.849,-0.235
1.276,4.281
0.079,1.663
0.077,2.821
-0.123,0.493
-0.102,2.608
-0.097,1.423
-0.115,1.377
-0.345,1.874
-0.352,3.198
-0.217,0.641
-0.349,2.357
-0.4,3.766
-0.414,0.566
-0.466,0.415
-0.518,1.467
-0.539,2.721
-0.408,1.603
-0.574,0.413
-0.483,1.379
-0.596,1.974
-0.705,1.488
-0.62,2.065
-0.652,3.667
-0.777,1.388
-0.774,1.818
-0.679,1.65
-0.746,1.995
-0.931,1.774
-1.044,0.386
-1.058,0.539
-1.003,1.016
-1.137,1.806
-1.183,4.182
-1.281,1.989
-1.375,0.86
-1.503,2.15
-1.619,2.961
-1.875,1.022
-1.851,1.139
-2.036,2.819
-1.893,4.208
-2.074,0.612
-2.096,2.051
-2.073,2.731
-2.075,2.003
-2.119,1.85
-2.187,3.052
-2.276,1.315
-2.438,2.848
-2.445,2.829
-2.589,1.828
-2.565,2.853
-2.88,4.147
-2.732,3.147
-2.914,2.804
-2.805,3.717
-2.927,2.881
-3.023,4.092
-3.034,2.275
-3.041,0.924
-2.947,3.744
-3.11,1.707
3.099,0.487
-3.061,2.777
-3.079,2.044
-3.068,3.139
-3.123,4.042
-3.141,4.261
3.136,1.935
3.099,0.402
2.94,4.049
2.904,2.48
2.899,2.695
2.806,2.377
2.798,2.926
2.899,3.852
2.899,2.405
2.707,2.368
2.832,2.751
2.705,0.938
2.654,1.91
2.637,1.636
2.641,0.317
2.49,3.629
2.466,1.424
2.537,0.476
2.421,1.292
2.447,2.983
2.303,2.684
2.322,4.132
2.271,3.014
2.147,0.475
2.243,1.542
2.093,0.466
2.047,3.618
2.014,0.456
1.994,2.608
2.111,1.093
2.062,3.476
1.842,4.022
1.789,3.181
1.653,1.705
1.494,2.125
1.568,2.36
1.471,3.047
1.448,2.121
1.127,1.95
1.108,3.691
1.216,1.202
1.168,3.606
0.938,1.214
1.018,4.24
0.595,2.465
0.564,1.114
0.563,2.246
0.665,1.21
0.65,1.478
0.457,2.332
0.489,0.794
0.338,4.182
0.422,2.129
0.315,1.999
0.282,2.029
0.188,4.111
0.154,3.539
0.258,1.938
0.227,2.647
0.203,2.622
0.033,2.274
0.13,1.422
-0.011,0.174
-0.002,0.199
-0.558,-0.016
-0.859,0.275
-0.986,0.027
-1.504,-0.096
-1.679,-0.069
-2.281,-0.177
-2.58,0.309
-2.801,-0.035
-2.811,-0.092
-2.939,-0.001
-2.992,-0.049
-3.003,-0.179
2.993,-0.054
2.905,0.134
2.466,0.228
1.891,-0.179
1.189,0.126
0.916,-0.201
0.369,0.121
0.29,-0.004
0.077,4.384
-0.817,4.498
-2.084,4.37
-2.374,4.608
2.958,4.52
2.764,4.386
2.567,4.588
2.297,4.418
2.134,4.441
-0.865,2.491
-0.873,3.704
-2.512,0.926
0.963,0.911
-0.379,1.758
-0.403,1.451
2.054,3.298
0.834,3.759
0.504,3.068
-0.183,3.611
-0.876,2.128
-1.17,1.477
-2.824,2.962
3.134,3.711
3.087,2.892
3.14,1.142
2.835,2.945
1.628,3.592
0.817,4.124
0.414,-0.189
3.132,4.502
-1.495,4.526
-1.277,3.829
-0.136,-0.067
-0.11,0.142
-0.222,0.051
-0.693,0.132
-0.63,-0.017
-0.63,0.046
-0.704,-0.018
-1.174,0.047
-2.016,0.107
-2.14,-0.155
-2.418,-0.133
-2.456,-0.126
-2.809,0.006
2.982,0.042
2.496,0.036
2.345,-0.168
2.218,-0.171
2.052,0.08
1.485,-0.129
1.376,-0.163
1.429,0.044
1.441,0.117
1.309,0.015
0.458,-0.315
0.492,-0.16
0.38,-0.314
0.383,-0.22
0.277,-0.279
-0.442,4.352
-0.981,4.14
-0.95,4.46
-0.977,4.333
-1.591,4.414
-2.227,4.227
-2.251,4.279
-2.788,4.388
3.121,4.376
2.991,4.46
2.842,4.318
2.636,4.261
2.596,4.37
2.269,4.363
1.947,4.386
1.2,4.284
0.839,4.355
0.675,4.267
0.227,4.181
0.22,1.155
-0.196,3.03
-2.313,0.983
-2.49,0.719
-2.525,2.98
-2.619,3.295
2.447,0.542
1.953,2.168
1.54,3.544
2.948,-0.379
1.375,4.137
0.178,1.519
0.176,2.677
-0.024,0.349
-0.003,2.464
0.002,1.279
-0.016,1.233
-0.246,1.73
-0.253,3.054
-0.118,0.497
-0.25,2.213
-0.301,3.622
-0.315,0.422
-0.367,0.271
-0.419,1.323
-0.44,2.577
-0.309,1.459
-0.475,0.269
-0.384,1.235
-0.497,1.83
-0.606,1.344
-0.521,1.921
-0.553,3.523
-0.678,1.244
-0.675,1.674
-0.58,1.506
-0.647,1.851
-0.832,1.63
-0.945,0.242
-0.959,0.395
-0.904,0.872
-1.038,1.662
-1.084,4.038
-1.182,1.845
-1.276,0.716
-1.404,2.006
-1.52,2.817
-1.776,0.878
-1.752,0.995
-1.937,2.675
-1.794,4.064
-1.975,0.468
-1.997,1.907
-1.974,2.587
-1.976,1.859
-2.02,1.706
-2.088,2.908
-2.177,1.171
-2.339,2.704
-2.346,2.685
-2.49,1.684
-2.466,2.709
-2.781,4.003
-2.633,3.003
-2.815,2.66
-2.706,3.573
-2.828,2.737
-2.924,3.948
-2.935,2.131
-2.942,0.78
-2.848,3.6
-3.011,1.563
-3.085,0.343
-2.962,2.633
-2.98,1.9
-2.969,2.995
-3.024,3.898
-3.042,4.117
-3.048,1.791
-3.085,0.258
3.039,3.905
3.003,2.336
2.998,2.551
2.905,2.233
2.897,2.782
2.998,3.708
2.998,2.261
2.806,2.224
2.931,2.607
2.804,0.794
2.753,1.766
2.736,1.492
2.74,0.173
2.589,3.485
2.565,1.28
2.636,0.332
2.52,1.148
2.546,2.839
2.402,2.54
2.421,3.988
2.37,2.87
2.246,0.331
2.342,1.398
2.192,0.322
2.146,3.474
2.113,0.312
2.093,2.464
2.21,0.949
2.161,3.332
1.941,3.878
1.888,3.037
1.752,1.561
1.593,1.981
1.667,2.216
1.57,2.903
1.547,1.977
1.226,1.806
1.207,3.547
1.315,1.058
1.267,3.462
1.037,1.07
1.117,4.096
0.694,2.321
0.663,0.97
0.662,2.102
0.764,1.066
0.749,1.334
0.556,2.188
0.588,0.65
0.437,4.038
0.521,1.985
0.414,1.855
0.381,1.885
0.287,3.967
0.253,3.395
0.357,1.794
0.326,2.503
0.302,2.478
0.132,2.13
0.229,1.278
0.088,0.03
0.097,0.055
-0.459,-0.16
-0.76,0.131
-0.887,-0.117
-1.405,-0.24
-1.58,-0.213
-2.182,-0.321
-2.481,0.165
-2.702,-0.179
-2.712,-0.236
-2.84,-0.145
-2.893,-0.193
-2.904,-0.323
3.092,-0.198
3.004,-0.01
2.565,0.084
1.99,-0.323
1.288,-0.018
1.015,-0.345
0.468,-0.023
0.389,-0.148
0.176,4.24
-0.718,4.354
-1.985,4.226
-2.275,4.464
3.057,4.376
2.863,4.242
2.666,4.444
2.396,4.274
2.233,4.297
-0.766,2.347
-0.774,3.56
-2.413,0.782
1.062,0.767
-0.28,1.614
-0.304,1.307
2.153,3.154
0.933,3.615
0.603,2.924
-0.084,3.467
-0.777,1.984
-1.071,1.333
-2.725,2.818
-3.05,3.567
-3.097,2.748
-3.044,0.998
2.934,2.801
1.727,3.448
0.916,3.98
0.513,-0.333
-3.052,4.358
-1.396,4.382
-1.178,3.685
0.026,0.209
-0.086,0.118
-0.557,0.199
-0.494,0.05
-0.494,0.113
-0.568,0.049
-1.038,0.114
-1.88,0.174
-2.004,-0.088
-2.282,-0.066
-2.32,-0.059
-2.673,0.073
3.118,0.109
2.632,0.103
2.481,-0.101
2.354,-0.104
2.188,0.147
1.621,-0.062
1.512,-0.096
1.565,0.111
1.577,0.184
1.445,0.082
0.594,-0.248
0.628,-0.093
0.516,-0.247
0.519,-0.153
0.413,-0.212
-0.306,4.419
-0.845,4.207
-0.814,4.527
-0.841,4.4
-1.455,4.481
-2.091,4.294
-2.115,4.346
-2.652,4.455
-3.026,4.443
3.127,4.527
2.978,4.385
2.772,4.328
2.732,4.437
2.405,4.43
2.083,4.453
1.336,4.351
0.975,4.422
0.811,4.334
0.363,4.248
0.356,1.222
-0.06,3.097
-2.177,1.05
-2.354,0.786
-2.389,3.047
-2.483,3.362
2.583,0.609
2.089,2.235
1.676,3.611
3.084,-0.312
1.511,4.204
0.314,1.586
0.312,2.744
0.112,0.416
0.133,2.531
0.138,1.346
0.12,1.3
-0.11,1.797
-0.117,3.121
0.018,0.564
-0.114,2.28
-0.165,3.689
-0.179,0.489
-0.231,0.338
-0.283,1.39
-0.304,2.644
-0.173,1.526
-0.339,0.336
-0.248,1.302
-0.361,1.897
-0.47,1.411
-0.385,1.988
-0.417,3.59
-0.542,1.311
-0.539,1.741
-0.444,1.573
-0.511,1.918
-0.696,1.697
-0.809,0.309
-0.823,0.462
-0.768,0.939
-0.902,1.729
-0.948,4.105
-1.046,1.912
-1.14,0.783
-1.268,2.073
-1.384,2.884
-1.64,0.945
-1.616,1.062
-1.801,2.742
-1.658,4.131
-1.839,0.535
-1.861,1.974
-1.838,2.654
-1.84,1.926
-1.884,1.773
-1.952,2.975
-2.041,1.238
-2.203,2.771
-2.21,2.752
-2.354,1.751
-2.33,2.776
-2.645,4.07
-2.497,3.07
-2.679,2.727
-2.57,3.64
-2.692,2.804
-2.788,4.015
-2.799,2.198
-2.806,0.847
-2.712,3.667
-2.875,1.63
-2.949,0.41
-2.826,2.7
-2.844,1.967
-2.833,3.062
-2.888,3.965
-2.906,4.184
-2.912,1.858
-2.949,0.325
-3.108,3.972
3.139,2.403
3.134,2.618
3.041,2.3
3.033,2.849
3.134,3.775
3.134,2.328
2.942,2.291
3.067,2.674
2.94,0.861
2.889,1.833
2.872,1.559
2.876,0.24
2.725,3.552
2.701,1.347
2.772,0.399
2.656,1.215
2.682,2.906
2.538,2.607
2.557,4.055
2.506,2.937
2.382,0.398
2.478,1.465
2.328,0.389
2.282,3.541
2.249,0.379
2.229,2.531
2.346,1.016
2.297,3.399
2.077,3.945
2.024,3.104
1.888,1.628
1.729,2.048
1.803,2.283
1.706,2.97
1.683,2.044
1.362,1.873
1.343,3.614
1.451,1.125
1.403,3.529
1.173,1.137
1.253,4.163
0.83,2.388
0.799,1.037
0.798,2.169
0.9,1.133
0.885,1.401
0.692,2.255
0.724,0.717
0.573,4.105
0.657,2.052
0.55,1.922
0.517,1.952
0.423,4.034
0.389,3.462
0.493,1.861
0.462,2.57
0.438,2.545
0.268,2.197
0.365,1.345
0.224,0.097
0.233,0.122
-0.323,-0.093
-0.624,0.198
-0.751,-0.05
-1.269,-0.173
-1.444,-0.146
-2.046,-0.254
-2.345,0.232
-2.566,-0.112
-2.576,-0.169
-2.704,-0.078
-2.757,-0.126
-2.768,-0.256
-3.055,-0.131
3.14,0.057
2.701,0.151
2.126,-0.256
1.424,0.049
1.151,-0.278
0.604,0.044
0.525,-0.081
0.312,4.307
-0.582,4.421
-1.849,4.293
-2.139,4.531
-3.09,4.443
2.999,4.309
2.802,4.511
2.532,4.341
2.369,4.364
-0.63,2.414
-0.638,3.627
-2.277,0.849
1.198,0.834
-0.144,1.681
-0.168,1.374
2.289,3.221
1.069,3.682
0.739,2.991
0.052,3.534
-0.641,2.051
-0.935,1.4
-2.589,2.885
-2.914,3.634
-2.961,2.815
-2.908,1.065
3.07,2.868
1.863,3.515
1.052,4.047
0.649,-0.266
-2.916,4.425
-1.26,4.449
-1.042,3.752
-0.112,-0.091
-0.583,-0.01
-0.52,-0.159
-0.52,-0.096
-0.594,-0.16
-1.064,-0.095
-1.906,-0.035
-2.03,-0.297
-2.308,-0.275
-2.346,-0.268
-2.699,-0.136
3.092,-0.1
2.606,-0.106
2.455,-0.31
2.328,-0.313
2.162,-0.062
1.595,-0.271
1.486,-0.305
1.539,-0.098
1.551,-0.025
1.419,-0.127
0.568,-0.457
0.602,-0.302
0.49,-0.456
0.493,-0.362
0.387,-0.421
-0.332,4.21
-0.871,3.998
-0.84,4.318
-0.867,4.191
-1.481,4.272
-2.117,4.085
-2.141,4.137
-2.678,4.246
-3.052,4.234
3.101,4.318
2.952,4.176
2.746,4.119
2.706,4.228
2.379,4.221
2.057,4.244
1.31,4.142
0.949,4.213
0.785,4.125
0.337,4.039
0.33,1.013
-0.086,2.888
-2.203,0.841
-2.38,0.577
-2.415,2.838
-2.509,3.153
2.557,0.4
2.063,2.026
1.65,3.402
3.058,-0.521
1.485,3.995
0.288,1.377
0.286,2.535
0.086,0.207
0.107,2.322
0.112,1.137
0.094,1.091
-0.136,1.588
-0.143,2.912
-0.008,0.355
-0.14,2.071
-0.191,3.48
-0.205,0.28
-0.257,0.129
-0.309,1.181
-0.33,2.435
-0.199,1.317
-0.365,0.127
-0.274,1.093
-0.387,1.688
-0.496,1.202
-0.411,1.779
-0.443,3.381
-0.568,1.102
-0.565,1.532
-0.47,1.364
-0.537,1.709
-0.722,1.488
-0.835,0.1
-0.849,0.253
-0.794,0.73
-0.928,1.52
-0.974,3.896
-1.072,1.703
-1.166,0.574
-1.294,1.864
-1.41,2.675
-1.666,0.736
-1.642,0.853
-1.827,2.533
-1.684,3.922
-1.865,0.326
-1.887,1.765
-1.864,2.445
-1.866,1.717
-1.91,1.564
-1.978,2.766
-2.067,1.029
-2.229,2.562
-2.236,2.543
-2.38,1.542
-2.356,2.567
-2.671,3.861
-2.523,2.861
-2.705,2.518
-2.596,3.431
-2.718,2.595
-2.814,3.806
-2.825,1.989
-2.832,0.638
-2.738,3.458
-2.901,1.421
-2.975,0.201
-2.852,2.491
-2.87,1.758
-2.859,2.853
-2.914,3.756
-2.932,3.975
-2.938,1.649
-2.975,0.116
-3.134,3.763
3.113,2.194
3.108,2.409
3.015,2.091
3.007,2.64
3.108,3.566
3.108,2.119
2.916,2.082
3.041,2.465
2.914,0.652
2.863,1.624
2.846,1.35
2.85,0.031
2.699,3.343
2.675,1.138
2.746,0.19
2.63,1.006
2.656,2.697
2.512,2.398
2.531,3.846
2.48,2.728
2.356,0.189
2.452,1.256
2.302,0.18
2.256,3.332
2.223,0.17
2.203,2.322
2.32,0.807
2.271,3.19
2.051,3.736
1.998,2.895
1.862,1.419
1.703,1.839
1.777,2.074
1.68,2.761
1.657,1.835
1.336,1.664
1.317,3.405
1.425,0.916
1.377,3.32
1.147,0.928
1.227,3.954
0.804,2.179
0.773,0.828
0.772,1.96
0.874,0.924
0.859,1.192
0.666,2.046
0.698,0.508
0.547,3.896
0.631,1.843
0.524,1.713
0.491,1.743
0.397,3.825
0.363,3.253
0.467,1.652
0.436,2.361
0.412,2.336
0.242,1.988
0.339,1.136
0.198,-0.112
0.207,-0.087
-0.349,-0.302
-0.65,-0.011
-0.777,-0.259
-1.295,-0.382
-1.47,-0.355
-2.072,-0.463
-2.371,0.023
-2.592,-0.321
-2.602,-0.378
-2.73,-0.287
-2.783,-0.335
-2.794,-0.465
-3.081,-0.34
3.114,-0.152
2.675,-0.058
2.1,-0.465
1.398,-0.16
1.125,-0.487
0.578,-0.165
0.499,-0.29
0.286,4.098
-0.608,4.212
-1.875,4.084
-2.165,4.322
-3.116,4.234
2.973,4.1
2.776,4.302
2.506,4.132
2.343,4.155
-0.656,2.205
-0.664,3.418
-2.303,0.64
1.172,0.625
-0.17,1.472
-0.194,1.165
2.263,3.012
1.043,3.473
0.713,2.782
0.026,3.325
-0.667,1.842
-0.961,1.191
-2.615,2.676
-2.94,3.425
-2.987,2.606
-2.934,0.856
3.044,2.659
1.837,3.306
1.026,3.838
0.623,-0.475
-2.942,4.216
-1.286,4.24
-1.068,3.543
-0.471,0.081
-0.408,-0.068
-0.408,-0.005
-0.482,-0.069
-0.952,-0.004
-1.794,0.056
-1.918,-0.206
-2.196,-0.184
-2.234,-0.177
-2.587,-0.045
-3.079,-0.009
2.718,-0.015
2.567,-0.219
2.44,-0.222
2.274,0.029
1.707,-0.18
1.598,-0.214
1.651,-0.007
1.663,0.066
1.531,-0.036
0.68,-0.366
0.714,-0.211
0.602,-0.365
0.605,-0.271
0.499,-0.33
-0.22,4.301
-0.759,4.089
-0.728,4.409
-0.755,4.282
-1.369,4.363
-2.005,4.176
-2.029,4.228
-2.566,4.337
-2.94,4.325
-3.07,4.409
3.064,4.267
2.858,4.21
2.818,4.319
2.491,4.312
2.169,4.335
1.422,4.233
1.061,4.304
0.897,4.216
0.449,4.13
0.442,1.104
0.026,2.979
-2.091,0.932
-2.268,0.668
-2.303,2.929
-2.397,3.244
2.669,0.491
2.175,2.117
1.762,3.493
-3.113,-0.43
1.597,4.086
0.4,1.468
0.398,2.626
0.198,0.298
0.219,2.413
0.224,1.228
0.206,1.182
-0.024,1.679
-0.031,3.003
0.104,0.446
-0.028,2.162
-0.079,3.571
-0.093,0.371
-0.145,0.22
-0.197,1.272
-0.218,2.526
-0.087,1.408
-0.253,0.218
-0.162,1.184
-0.275,1.779
-0.384,1.293
-0.299,1.87
-0.331,3.472
-0.456,1.193
-0.453,1.623
-0.358,1.455
-0.425,1.8
-0.61,1.579
-0.723,0.191
-0.737,0.344
-0.682,0.821
-0.816,1.611
-0.862,3.987
-0.96,1.794
-1.054,0.665
-1.182,1.955
-1.298,2.766
-1.554,0.827
-1.53,0.944
-1.715,2.624
-1.572,4.013
-1.753,0.417
-1.775,1.856
-1.752,2.536
-1.754,1.808
-1.798,1.655
-1.866,2.857
-1.955,1.12
-2.117,2.653
-2.124,2.634
-2.268,1.633
-2.244,2.658
-2.559,3.952
-2.411,2.952
-2.593,2.609
-2.484,3.522
-2.606,2.686
-2.702,3.897
-2.713,2.08
-2.72,0.729
-2.626,3.549
-2.789,1.512
-2.863,0.292
-2.74,2.582
-2.758,1.849
-2.747,2.944
-2.802,3.847
-2.82,4.066
-2.826,1.74
-2.863,0.207
-3.022,3.854
-3.058,2.285
-3.063,2.5
3.127,2.182
3.119,2.731
-3.063,3.657
-3.063,2.21
3.028,2.173
-3.13,2.556
3.026,0.743
2.975,1.715
2.958,1.441
2.962,0.122
2.811,3.434
2.787,1.229
2.858,0.281
2.742,1.097
2.768,2.788
2.624,2.489
2.643,3.937
2.592,2.819
2.468,0.28
2.564,1.347
2.414,0.271
2.368,3.423
2.335,0.261
2.315,2.413
2.432,0.898
2.383,3.281
2.163,3.827
2.11,2.986
1.974,1.51
1.815,1.93
1.889,2.165
1.792,2.852
1.769,1.926
1.448,1.755
1.429,3.496
1.537,1.007
1.489,3.411
1.259,1.019
1.339,4.045
0.916,2.27
0.885,0.919
0.884,2.051
0.986,1.015
0.971,1.283
0.778,2.137
0.81,0.599
0.659,3.987
0.743,1.934
0.636,1.804
0.603,1.834
0.509,3.916
0.475,3.344
0.579,1.743
0.548,2.452
0.524,2.427
0.354,2.079
0.451,1.227
0.31,-0.021
0.319,0.004
-0.237,-0.211
-0.538,0.08
-0.665,-0.168
-1.183,-0.291
-1.358,-0.264
-1.96,-0.372
-2.259,0.114
-2.48,-0.23
-2.49,-0.287
-2.618,-0.196
-2.671,-0.244
-2.682,-0.374
-2.969,-0.249
-3.057,-0.061
2.787,0.033
2.212,-0.374
1.51,-0.069
1.237,-0.396
0.69,-0.074
0.611,-0.199
0.398,4.189
-0.496,4.303
-1.763,4.175
-2.053,4.413
-3.004,4.325
3.085,4.191
2.888,4.393
2.618,4.223
2.455,4.246
-0.544,2.296
-0.552,3.509
-2.191,0.731
1.284,0.716
-0.058,1.563
-0.082,1.256
2.375,3.103
1.155,3.564
0.825,2.873
0.138,3.416
-0.555,1.933
-0.849,1.282
-2.503,2.767
-2.828,3.516
-2.875,2.697
-2.822,0.947
-3.127,2.75
1.949,3.397
1.138,3.929
0.735,-0.384
-2.83,4.307
-1.174,4.331
-0.956,3.634
0.063,-0.149
0.063,-0.086
-0.011,-0.15
-0.481,-0.085
-1.323,-0.025
-1.447,-0.287
-1.725,-0.265
-1.763,-0.258
-2.116,-0.126
-2.608,-0.09
-3.094,-0.096
3.038,-0.3
2.911,-0.303
2.745,-0.052
2.178,-0.261
2.069,-0.295
2.122,-0.088
2.134,-0.015
2.002,-0.117
1.151,-0.447
1.185,-0.292
1.073,-0.446
1.076,-0.352
0.97,-0.411
0.251,4.22
-0.288,4.008
-0.257,4.328
-0.284,4.201
-0.898,4.282
-1.534,4.095
-1.558,4.147
-2.095,4.256
-2.469,4.244
-2.599,4.328
-2.748,4.186
-2.954,4.129
-2.994,4.238
2.962,4.231
2.64,4.254
1.893,4.152
1.532,4.223
1.368,4.135
0.92,4.049
0.913,1.023
0.497,2.898
-1.62,0.851
-1.797,0.587
-1.832,2.848
-1.926,3.163
3.14,0.41
2.646,2.036
2.233,3.412
-2.642,-0.511
2.068,4.005
0.871,1.387
0.869,2.545
0.669,0.217
0.69,2.332
0.695,1.147
0.677,1.101
0.447,1.598
0.44,2.922
0.575,0.365
0.443,2.081
0.392,3.49
0.378,0.29
0.326,0.139
0.274,1.191
0.253,2.445
0.384,1.327
0.218,0.137
0.309,1.103
0.196,1.698
0.087,1.212
0.172,1.789
0.14,3.391
0.015,1.112
0.018,1.542
0.113,1.374
0.046,1.719
-0.139,1.498
-0.252,0.11
-0.266,0.263
-0.211,0.74
-0.345,1.53
-0.391,3.906
-0.489,1.713
-0.583,0.584
-0.711,1.874
-0.827,2.685
-1.083,0.746
-1.059,0.863
-1.244,2.543
-1.101,3.932
-1.282,0.336
-1.304,1.775
-1.281,2.455
-1.283,1.727
-1.327,1.574
-1.395,2.776
-1.484,1.039
-1.646,2.572
-1.653,2.553
-1.797,1.552
-1.773,2.577
-2.088,3.871
-1.94,2.871
-2.122,2.528
-2.013,3.441
-2.135,2.605
-2.231,3.816
-2.242,1.999
-2.249,0.648
-2.155,3.468
-2.318,1.431
-2.392,0.211
-2.269,2.501
-2.287,1.768
-2.276,2.863
-2.331,3.766
-2.349,3.985
-2.355,1.659
-2.392,0.126
-2.551,3.773
-2.587,2.204
-2.592,2.419
-2.685,2.101
-2.693,2.65
-2.592,3.576
-2.592,2.129
-2.784,2.092
-2.659,2.475
-2.786,0.662
-2.837,1.634
-2.854,1.36
-2.85,0.041
-3.001,3.353
-3.025,1.148
-2.954,0.2
-3.07,1.016
-3.044,2.707
3.095,2.408
3.114,3.856
3.063,2.738
2.939,0.199
3.035,1.266
2.885,0.19
2.839,3.342
2.806,0.18
2.786,2.332
2.903,0.817
2.854,3.2
2.634,3.746
2.581,2.905
2.445,1.429
2.286,1.849
2.36,2.084
2.263,2.771
2.24,1.845
1.919,1.674
1.9,3.415
2.008,0.926
1.96,3.33
1.73,0.938
1.81,3.964
1.387,2.189
1.356,0.838
1.355,1.97
1.457,0.934
1.442,1.202
1.249,2.056
1.281,0.518
1.13,3.906
1.214,1.853
1.107,1.723
1.074,1.753
0.98,3.835
0.946,3.263
1.05,1.662
1.019,2.371
0.995,2.346
0.825,1.998
0.922,1.146
0.781,-0.102
0.79,-0.077
0.234,-0.292
-0.067,-0.001
-0.194,-0.249
-0.712,-0.372
-0.887,-0.345
-1.489,-0.453
-1.788,0.033
-2.009,-0.311
-2.019,-0.368
-2.147,-0.277
-2.2,-0.325
-2.211,-0.455
-2.498,-0.33
-2.586,-0.142
-3.025,-0.048
2.683,-0.455
1.981,-0.15
1.708,-0.477
1.161,-0.155
1.082,-0.28
0.869,4.108
-0.025,4.222
-1.292,4.094
-1.582,4.332
-2.533,4.244
-2.727,4.11
-2.924,4.312
3.089,4.142
2.926,4.165
-0.073,2.215
-0.081,3.428
-1.72,0.65
1.755,0.635
0.413,1.482
0.389,1.175
2.846,3.022
1.626,3.483
1.296,2.792
0.609,3.335
-0.084,1.852
-0.378,1.201
-2.032,2.686
-2.357,3.435
-2.404,2.616
-2.351,0.866
-2.656,2.669
2.42,3.316
1.609,3.848
1.206,-0.465
-2.359,4.226
-0.703,4.25
-0.485,3.553
0.0,0.063
-0.074,-0.001
-0.544,0.064
-1.386,0.124
-1.51,-0.138
-1.788,-0.116
-1.826,-0.109
-2.179,0.023
-2.671,0.059
3.126,0.053
2.975,-0.151
2.848,-0.154
2.682,0.097
2.115,-0.112
2.006,-0.146
2.059,0.061
2.071,0.134
1.939,0.032
1.088,-0.298
1.122,-0.143
1.01,-0.297
1.013,-0.203
0.907,-0.262
0.188,4.369
-0.351,4.157
-0.32,4.477
-0.347,4.35
-0.961,4.431
-1.597,4.244
-1.621,4.296
-2.158,4.405
-2.532,4.393
-2.662,4.477
-2.811,4.335
-3.017,4.278
-3.057,4.387
2.899,4.38
2.577,4.403
1.83,4.301
1.469,4.372
1.305,4.284
0.857,4.198
0.85,1.172
0.434,3.047
-1.683,1.0
-1.86,0.736
-1.895,2.997
-1.989,3.312
3.077,0.559
2.583,2.185
2.17,3.561
-2.705,-0.362
2.005,4.154
0.808,1.536
0.806,2.694
0.606,0.366
0.627,2.481
0.632,1.296
0.614,1.25
0.384,1.747
0.377,3.071
0.512,0.514
0.38,2.23
0.329,3.639
0.315,0.439
0.263,0.288
0.211,1.34
0.19,2.594
0.321,1.476
0.155,0.286
0.246,1.252
0.133,1.847
0.024,1.361
0.109,1.938
0.077,3.54
-0.048,1.261
-0.045,1.691
0.05,1.523
-0.017,1.868
-0.202,1.647
-0.315,0.259
-0.329,0.412
-0.274,0.889
-0.408,1.679
-0.454,4.055
-0.552,1.862
-0.646,0.733
-0.774,2.023
-0.89,2.834
-1.146,0.895
-1.122,1.012
-1.307,2.692
-1.164,4.081
-1.345,0.485
-1.367,1.924
-1.344,2.604
-1.346,1.876
-1.39,1.723
-1.458,2.925
-1.547,1.188
-1.709,2.721
-1.716,2.702
-1.86,1.701
-1.836,2.726
-2.151,4.02
-2.003,3.02
-2.185,2.677
-2.076,3.59
-2.198,2.754
-2.294,3.965
-2.305,2.148
-2.312,0.797
-2.218,3.617
-2.381,1.58
-2.455,0.36
-2.332,2.65
-2.35,1.917
-2.339,3.012
-2.394,3.915
-2.412,4.134
-2.418,1.808
-2.455,0.275
-2.614,3.922
-2.65,2.353
-2.655,2.568
-2.748,2.25
-2.756,2.799
-2.655,3.725
-2.655,2.278
-2.847,2.241
-2.722,2.624
-2.849,0.811
-2.9,1.783
-2.917,1.509
-2.913,0.19
-3.064,3.502
-3.088,1.297
-3.017,0.349
-3.133,1.165
-3.107,2.856
3.032,2.557
3.051,4.005
3.0,2.887
2.876,0.348
2.972,1.415
2.822,0.339
2.776,3.491
2.743,0.329
2.723,2.481
2.84,0.966
2.791,3.349
2.571,3.895
2.518,3.054
2.382,1.578
2.223,1.998
2.297,2.233
2.2,2.92
2.177,1.994
1.856,1.823
1.837,3.564
1.945,1.075
1.897,3.479
1.667,1.087
1.747,4.113
1.324,2.338
1.293,0.987
1.292,2.119
1.394,1.083
1.379,1.351
1.186,2.205
1.218,0.667
1.067,4.055
1.151,2.002
1.044,1.872
1.011,1.902
0.917,3.984
0.883,3.412
0.987,1.811
0.956,2.52
0.932,2.495
0.762,2.147
0.859,1.295
0.718,0.047
0.727,0.072
0.171,-0.143
-0.13,0.148
-0.257,-0.1
-0.775,-0.223
-0.95,-0.196
-1.552,-0.304
-1.851,0.182
-2.072,-0.162
-2.082,-0.219
-2.21,-0.128
-2.263,-0.176
-2.274,-0.306
-2.561,-0.181
-2.649,0.007
-3.088,0.101
2.62,-0.306
1.918,-0.001
1.645,-0.328
1.098,-0.006
1.019,-0.131
0.806,4.257
-0.088,4.371
-1.355,4.243
-1.645,4.481
-2.596,4.393
-2.79,4.259
-2.987,4.461
3.026,4.291
2.863,4.314
-0.136,2.364
-0.144,3.577
-1.783,0.799
1.692,0.784
0.35,1.631
0.326,1.324
2.783,3.171
1.563,3.632
1.233,2.941
0.546,3.484
-0.147,2.001
-0.441,1.35
-2.095,2.835
-2.42,3.584
-2.467,2.765
-2.414,1.015
-2.719,2.818
2.357,3.465
1.546,3.997
1.143,-0.316
-2.422,4.375
-0.766,4.399
-0.548,3.702
-0.074,-0.064
-0.544,0.001
-1.386,0.061
-1.51,-0.201
-1.788,-0.179
-1.826,-0.172
-2.179,-0.04
-2.671,-0.004
3.126,-0.01
2.975,-0.214
2.848,-0.217
2.682,0.034
2.115,-0.175
2.006,-0.209
2.059,-0.002
2.071,0.071
1.939,-0.031
1.088,-0.361
1.122,-0.206
1.01,-0.36
1.013,-0.266
0.907,-0.325
0.188,4.306
-0.351,4.094
-0.32,4.414
-0.347,4.287
-0.961,4.368
-1.597,4.181
-1.621,4.233
-2.158,4.342
-2.532,4.33
-2.662,4.414
-2.811,4.272
-3.017,4.215
-3.057,4.324
2.899,4.317
2.577,4.34
1.83,4.238
1.469,4.309
1.305,4.221
0.857,4.135
0.85,1.109
0.434,2.984
-1.683,0.937
-1.86,0.673
-1.895,2.934
-1.989,3.249
3.077,0.496
2.583,2.122
2.17,3.498
-2.705,-0.425
2.005,4.091
0.808,1.473
0.806,2.631
0.606,0.303
0.627,2.418
0.632,1.233
0.614,1.187
0.384,1.684
0.377,3.008
0.512,0.451
0.38,2.167
0.329,3.576
0.315,0.376
0.263,0.225
0.211,1.277
0.19,2.531
0.321,1.413
0.155,0.223
0.246,1.189
0.133,1.784
0.024,1.298
0.109,1.875
0.077,3.477
-0.048,1.198
-0.045,1.628
0.05,1.46
-0.017,1.805
-0.202,1.584
-0.315,0.196
-0.329,0.349
-0.274,0.826
-0.408,1.616
-0.454,3.992
-0.552,1.799
-0.646,0.67
-0.774,1.96
-0.89,2.771
-1.146,0.832
-1.122,0.949
-1.307,2.629
-1.164,4.018
-1.345,0.422
-1.367,1.861
-1.344,2.541
-1.346,1.813
-1.39,1.66
-1.458,2.862
-1.547,1.125
-1.709,2.658
-1.716,2.639
-1.86,1.638
-1.836,2.663
-2.151,3.957
-2.003,2.957
-2.185,2.614
-2.076,3.527
-2.198,2.691
-2.294,3.902
-2.305,2.085
-2.312,0.734
-2.218,3.554
-2.381,1.517
-2.455,0.297
-2.332,2.587
-2.35,1.854
-2.339,2.949
-2.394,3.852
-2.412,4.071
-2.418,1.745
-2.455,0.212
-2.614,3.859
-2.65,2.29
-2.655,2.505
-2.748,2.187
-2.756,2.736
-2.655,3.662
-2.655,2.215
-2.847,2.178
-2.722,2.561
-2.849,0.748
-2.9,1.72
-2.917,1.446
-2.913,0.127
-3.064,3.439
-3.088,1.234
-3.017,0.286
-3.133,1.102
-3.107,2.793
3.032,2.494
3.051,3.942
3.0,2.824
2.876,0.285
2.972,1.352
2.822,0.276
2.776,3.428
2.743,0.266
2.723,2.418
2.84,0.903
2.791,3.286
2.571,3.832
2.518,2.991
2.382,1.515
2.223,1.935
2.297,2.17
2.2,2.857
2.177,1.931
1.856,1.76
1.837,3.501
1.945,1.012
1.897,3.416
1.667,1.024
1.747,4.05
1.324,2.275
1.293,0.924
1.292,2.056
1.394,1.02
1.379,1.288
1.186,2.142
1.218,0.604
1.067,3.992
1.151,1.939
1.044,1.809
1.011,1.839
0.917,3.921
0.883,3.349
0.987,1.748
0.956,2.457
0.932,2.432
0.762,2.084
0.859,1.232
0.718,-0.016
0.727,0.009
0.171,-0.206
-0.13,0.085
-0.257,-0.163
-0.775,-0.286
-0.95,-0.259
-1.552,-0.367
-1.851,0.119
-2.072,-0.225
-2.082,-0.282
-2.21,-0.191
-2.263,-0.239
-2.274,-0.369
-2.561,-0.244
-2.649,-0.056
-3.088,0.038
2.62,-0.369
1.918,-0.064
1.645,-0.391
1.098,-0.069
1.019,-0.194
0.806,4.194
-0.088,4.308
-1.355,4.18
-1.645,4.418
-2.596,4.33
-2.79,4.196
-2.987,4.398
3.026,4.228
2.863,4.251
-0.136,2.301
-0.144,3.514
-1.783,0.736
1.692,0.721
0.35,1.568
0.326,1.261
2.783,3.108
1.563,3.569
1.233,2.878
0.546,3.421
-0.147,1.938
-0.441,1.287
-2.095,2.772
-2.42,3.521
-2.467,2.702
-2.414,0.952
-2.719,2.755
2.357,3.402
1.546,3.934
1.143,-0.379
-2.422,4.312
-0.766,4.336
-0.548,3.639
-0.47,0.065
-1.312,0.125
-1.436,-0.137
-1.714,-0.115
-1.752,-0.108
-2.105,0.024
-2.597,0.06
-3.083,0.054
3.049,-0.15
2.922,-0.153
2.756,0.098
2.189,-0.111
2.08,-0.145
2.133,0.062
2.145,0.135
2.013,0.033
1.162,-0.297
1.196,-0.142
1.084,-0.296
1.087,-0.202
0.981,-0.261
0.262,4.37
-0.277,4.158
-0.246,4.478
-0.273,4.351
-0.887,4.432
-1.523,4.245
-1.547,4.297
-2.084,4.406
-2.458,4.394
-2.588,4.478
-2.737,4.336
-2.943,4.279
-2.983,4.388
2.973,4.381
2.651,4.404
1.904,4.302
1.543,4.373
1.379,4.285
0.931,4.199
0.924,1.173
0.508,3.048
-1.609,1.001
-1.786,0.737
-1.821,2.998
-1.915,3.313
-3.132,0.56
2.657,2.186
2.244,3.562
-2.631,-0.361
2.079,4.155
0.882,1.537
0.88,2.695
0.68,0.367
0.701,2.482
0.706,1.297
0.688,1.251
0.458,1.748
0.451,3.072
0.586,0.515
0.454,2.231
0.403,3.64
0.389,0.44
0.337,0.289
0.285,1.341
0.264,2.595
0.395,1.477
0.229,0.287
0.32,1.253
0.207,1.848
0.098,1.362
0.183,1.939
0.151,3.541
0.026,1.262
0.029,1.692
0.124,1.524
0.057,1.869
-0.128,1.648
-0.241,0.26
-0.255,0.413
-0.2,0.89
-0.334,1.68
-0.38,4.056
-0.478,1.863
-0.572,0.734
-0.7,2.024
-0.816,2.835
-1.072,0.896
-1.048,1.013
-1.233,2.693
-1.09,4.082
-1.271,0.486
-1.293,1.925
-1.27,2.605
-1.272,1.877
-1.316,1.724
-1.384,2.926
-1.473,1.189
-1.635,2.722
-1.642,2.703
-1.786,1.702
-1.762,2.727
-2.077,4.021
-1.929,3.021
-2.111,2.678
-2.002,3.591
-2.124,2.755
-2.22,3.966
-2.231,2.149
-2.238,0.798
-2.144,3.618
-2.307,1.581
-2.381,0.361
-2.258,2.651
-2.276,1.918
-2.265,3.013
-2.32,3.916
-2.338,4.135
-2.344,1.809
-2.381,0.276
-2.54,3.923
-2.576,2.354
-2.581,2.569
-2.674,2.251
-2.682,2.8
-2.581,3.726
-2.581,2.279
-2.773,2.242
-2.648,2.625
-2.775,0.812
-2.826,1.784
-2.843,1.51
-2.839,0.191
-2.99,3.503
-3.014,1.298
-2.943,0.35
-3.059,1.166
-3.033,2.857
3.106,2.558
3.125,4.006
3.074,2.888
2.95,0.349
3.046,1.416
2.896,0.34
2.85,3.492
2.817,0.33
2.797,2.482
2.914,0.967
2.865,3.35
2.645,3.896
2.592,3.055
2.456,1.579
2.297,1.999
2.371,2.234
2.274,2.921
2.251,1.995
1.93,1.824
1.911,3.565
2.019,1.076
1.971,3.48
1.741,1.088
1.821,4.114
1.398,2.339
1.367,0.988
1.366,2.12
1.468,1.084
1.453,1.352
1.26,2.206
1.292,0.668
1.141,4.056
1.225,2.003
1.118,1.873
1.085,1.903
0.991,3.985
0.957,3.413
1.061,1.812
1.03,2.521
1.006,2.496
0.836,2.148
0.933,1.296
0.792,0.048
0.801,0.073
0.245,-0.142
-0.056,0.149
-0.183,-0.099
-0.701,-0.222
-0.876,-0.195
-1.478,-0.303
-1.777,0.183
-1.998,-0.161
-2.008,-0.218
-2.136,-0.127
-2.189,-0.175
-2.2,-0.305
-2.487,-0.18
-2.575,0.008
-3.014,0.102
2.694,-0.305
1.992,0.0
1.719,-0.327
1.172,-0.005
1.093,-0.13
0.88,4.258
-0.014,4.372
-1.281,4.244
-1.571,4.482
-2.522,4.394
-2.716,4.26
-2.913,4.462
3.1,4.292
2.937,4.315
-0.062,2.365
-0.07,3.578
-1.709,0.8
1.766,0.785
0.424,1.632
0.4,1.325
2.857,3.172
1.637,3.633
1.307,2.942
0.62,3.485
-0.073,2.002
-0.367,1.351
-2.021,2.836
-2.346,3.585
-2.393,2.766
-2.34,1.016
-2.645,2.819
2.431,3.466
1.62,3.998
1.217,-0.315
-2.348,4.376
-0.692,4.4
-0.474,3.703
-0.842,0.06
-0.966,-0.202
-1.244,-0.18
-1.282,-0.173
-1.635,-0.041
-2.127,-0.005
-2.613,-0.011
-2.764,-0.215
-2.891,-0.218
-3.057,0.033
2.659,-0.176
2.55,-0.21
2.603,-0.003
2.615,0.07
2.483,-0.032
1.632,-0.362
1.666,-0.207
1.554,-0.361
1.557,-0.267
1.451,-0.326
0.732,4.305
0.193,4.093
0.224,4.413
0.197,4.286
-0.417,4.367
-1.053,4.18
-1.077,4.232
-1.614,4.341
-1.988,4.329
-2.118,4.413
-2.267,4.271
-2.473,4.214
-2.513,4.323
-2.84,4.316
3.121,4.339
2.374,4.237
2.013,4.308
1.849,4.22
1.401,4.134
1.394,1.108
0.978,2.983
-1.139,0.936
-1.316,0.672
-1.351,2.933
-1.445,3.248
-2.662,0.495
3.127,2.121
2.714,3.497
-2.161,-0.426
2.549,4.09
1.352,1.472
1.35,2.63
1.15,0.302
1.171,2.417
1.176,1.232
1.158,1.186
0.928,1.683
0.921,3.007
1.056,0.45
0.924,2.166
0.873,3.575
0.859,0.375
0.807,0.224
0.755,1.276
0.734,2.53
0.865,1.412
0.699,0.222
0.79,1.188
0.677,1.783
0.568,1.297
0.653,1.874
0.621,3.476
0.496,1.197
0.499,1.627
0.594,1.459
0.527,1.804
0.342,1.583
0.229,0.195
0.215,0.348
0.27,0.825
0.136,1.615
0.09,3.991
-0.008,1.798
-0.102,0.669
-0.23,1.959
-0.346,2.77
-0.602,0.831
-0.578,0.948
-0.763,2.628
-0.62,4.017
-0.801,0.421
-0.823,1.86
-0.8,2.54
-0.802,1.812
-0.846,1.659
-0.914,2.861
-1.003,1.124
-1.165,2.657
-1.172,2.638
-1.316,1.637
-1.292,2.662
-1.607,3.956
-1.459,2.956
-1.641,2.613
-1.532,3.526
-1.654,2.69
-1.75,3.901
-1.761,2.084
-1.768,0.733
-1.674,3.553
-1.837,1.516
-1.911,0.296
-1.788,2.586
-1.806,1.853
-1.795,2.948
-1.85,3.851
-1.868,4.07
-1.874,1.744
-1.911,0.211
-2.07,3.858
-2.106,2.289
-2.111,2.504
-2.204,2.186
-2.212,2.735
-2.111,3.661
-2.111,2.214
-2.303,2.177
-2.178,2.56
-2.305,0.747
-2.356,1.719
-2.373,1.445
-2.369,0.126
-2.52,3.438
-2.544,1.233
-2.473,0.285
-2.589,1.101
-2.563,2.792
-2.707,2.493
-2.688,3.941
-2.739,2.823
-2.863,0.284
-2.767,1.351
-2.917,0.275
-2.963,3.427
-2.996,0.265
-3.016,2.417
-2.899,0.902
-2.948,3.285
3.115,3.831
3.062,2.99
2.926,1.514
2.767,1.934
2.841,2.169
2.744,2.856
2.721,1.93
2.4,1.759
2.381,3.5
2.489,1.011
2.441,3.415
2.211,1.023
2.291,4.049
1.868,2.274
1.837,0.923
1.836,2.055
1.938,1.019
1.923,1.287
1.73,2.141
1.762,0.603
1.611,3.991
1.695,1.938
1.588,1.808
1.555,1.838
1.461,3.92
1.427,3.348
1.531,1.747
1.5,2.456
1.476,2.431
1.306,2.083
1.403,1.231
1.262,-0.017
1.271,0.008
0.715,-0.207
0.414,0.084
0.287,-0.164
-0.231,-0.287
-0.406,-0.26
-1.008,-0.368
-1.307,0.118
-1.528,-0.226
-1.538,-0.283
-1.666,-0.192
-1.719,-0.24
-1.73,-0.37
-2.017,-0.245
-2.105,-0.057
-2.544,0.037
-3.119,-0.37
2.462,-0.065
2.189,-0.392
1.642,-0.07
1.563,-0.195
1.35,4.193
0.456,4.307
-0.811,4.179
-1.101,4.417
-2.052,4.329
-2.246,4.195
-2.443,4.397
-2.713,4.227
-2.876,4.25
0.408,2.3
0.4,3.513
-1.239,0.735
2.236,0.72
0.894,1.567
0.87,1.26
-2.956,3.107
2.107,3.568
1.777,2.877
1.09,3.42
0.397,1.937
0.103,1.286
-1.551,2.771
-1.876,3.52
-1.923,2.701
-1.87,0.951
-2.175,2.754
2.901,3.401
2.09,3.933
1.687,-0.38
-1.878,4.311
-0.222,4.335
-0.004,3.638
-0.124,-0.262
-0.402,-0.24
-0.44,-0.233
-0.793,-0.101
-1.285,-0.065
-1.771,-0.071
-1.922,-0.275
-2.049,-0.278
-2.215,-0.027
-2.782,-0.236
-2.891,-0.27
-2.838,-0.063
-2.826,0.01
-2.958,-0.092
2.474,-0.422
2.508,-0.267
2.396,-0.421
2.399,-0.327
2.293,-0.386
1.574,4.245
1.035,4.033
1.066,4.353
1.039,4.226
0.425,4.307
-0.211,4.12
-0.235,4.172
-0.772,4.281
-1.146,4.269
-1.276,4.353
-1.425,4.211
-1.631,4.154
-1.671,4.263
-1.998,4.256
-2.32,4.279
-3.067,4.177
2.855,4.248
2.691,4.16
2.243,4.074
2.236,1.048
1.82,2.923
-0.297,0.876
-0.474,0.612
-0.509,2.873
-0.603,3.188
-1.82,0.435
-2.314,2.061
-2.727,3.437
-1.319,-0.486
-2.892,4.03
2.194,1.412
2.192,2.57
1.992,0.242
2.013,2.357
2.018,1.172
2.0,1.126
1.77,1.623
1.763,2.947
1.898,0.39
1.766,2.106
1.715,3.515
1.701,0.315
1.649,0.164
1.597,1.216
1.576,2.47
1.707,1.352
1.541,0.162
1.632,1.128
1.519,1.723
1.41,1.237
1.495,1.814
1.463,3.416
1.338,1.137
1.341,1.567
1.436,1.399
1.369,1.744
1.184,1.523
1.071,0.135
1.057,0.288
1.112,0.765
0.978,1.555
0.932,3.931
0.834,1.738
0.74,0.609
0.612,1.899
0.496,2.71
0.24,0.771
0.264,0.888
0.079,2.568
0.222,3.957
0.041,0.361
0.019,1.8
0.042,2.48
0.04,1.752
-0.004,1.599
-0.072,2.801
-0.161,1.064
-0.323,2.597
-0.33,2.578
-0.474,1.577
-0.45,2.602
-0.765,3.896
-0.617,2.896
-0.799,2.553
-0.69,3.466
-0.812,2.63
-0.908,3.841
-0.919,2.024
-0.926,0.673
-0.832,3.493
-0.995,1.456
-1.069,0.236
-0.946,2.526
-0.964,1.793
-0.953,2.888
-1.008,3.791
-1.026,4.01
-1.032,1.684
-1.069,0.151
-1.228,3.798
-1.264,2.229
-1.269,2.444
-1.362,2.126
-1.37,2.675
-1.269,3.601
-1.269,2.154
-1.461,2.117
-1.336,2.5
-1.463,0.687
-1.514,1.659
-1.531,1.385
-1.527,0.066
-1.678,3.378
-1.702,1.173
-1.631,0.225
-1.747,1.041
-1.721,2.732
-1.865,2.433
-1.846,3.881
-1.897,2.763
-2.021,0.224
-1.925,1.291
-2.075,0.215
-2.121,3.367
-2.154,0.205
-2.174,2.357
-2.057,0.842
-2.106,3.225
-2.326,3.771
-2.379,2.93
-2.515,1.454
-2.674,1.874
-2.6,2.109
-2.697,2.796
-2.72,1.87
-3.041,1.699
-3.06,3.44
-2.952,0.951
-3.0,3.355
3.053,0.963
3.133,3.989
2.71,2.214
2.679,0.863
2.678,1.995
2.78,0.959
2.765,1.227
2.572,2.081
2.604,0.543
2.453,3.931
2.537,1.878
2.43,1.748
2.397,1.778
2.303,3.86
2.269,3.288
2.373,1.687
2.342,2.396
2.318,2.371
2.148,2.023
2.245,1.171
2.104,-0.077
2.113,-0.052
1.557,-0.267
1.256,0.024
1.129,-0.224
0.611,-0.347
0.436,-0.32
-0.166,-0.428
-0.465,0.058
-0.686,-0.286
-0.696,-0.343
-0.824,-0.252
-0.877,-0.3
-0.888,-0.43
-1.175,-0.305
-1.263,-0.117
-1.702,-0.023
-2.277,-0.43
-2.979,-0.125
3.031,-0.452
2.484,-0.13
2.405,-0.255
2.192,4.133
1.298,4.247
0.031,4.119
-0.259,4.357
-1.21,4.269
-1.404,4.135
-1.601,4.337
-1.871,4.167
-2.034,4.19
1.25,2.24
1.242,3.453
-0.397,0.675
3.078,0.66
1.736,1.507
1.712,1.2
-2.114,3.047
2.949,3.508
2.619,2.817
1.932,3.36
1.239,1.877
0.945,1.226
-0.709,2.711
-1.034,3.46
-1.081,2.641
-1.028,0.891
-1.333,2.694
-2.54,3.341
2.932,3.873
2.529,-0.44
-1.036,4.251
0.62,4.275
0.838,3.578
-0.278,0.022
-0.316,0.029
-0.669,0.161
-1.161,0.197
-1.647,0.191
-1.798,-0.013
-1.925,-0.016
-2.091,0.235
-2.658,0.026
-2.767,-0.008
-2.714,0.199
-2.702,0.272
-2.834,0.17
2.598,-0.16
2.632,-0.005
2.52,-0.159
2.523,-0.065
2.417,-0.124
1.698,4.507
1.159,4.295
1.19,4.615
1.163,4.488
0.549,4.569
-0.087,4.382
-0.111,4.434
-0.648,4.543
-1.022,4.531
-1.152,4.615
-1.301,4.473
-1.507,4.416
-1.547,4.525
-1.874,4.518
-2.196,4.541
-2.943,4.439
2.979,4.51
2.815,4.422
2.367,4.336
2.36,1.31
1.944,3.185
-0.173,1.138
-0.35,0.874
-0.385,3.135
-0.479,3.45
-1.696,0.697
-2.19,2.323
-2.603,3.699
-1.195,-0.224
-2.768,4.292
2.318,1.674
2.316,2.832
2.116,0.504
2.137,2.619
2.142,1.434
2.124,1.388
1.894,1.885
1.887,3.209
2.022,0.652
1.89,2.368
1.839,3.777
1.825,0.577
1.773,0.426
1.721,1.478
1.7,2.732
1.831,1.614
1.665,0.424
1.756,1.39
1.643,1.985
1.534,1.499
1.619,2.076
1.587,3.678
1.462,1.399
1.465,1.829
1.56,1.661
1.493,2.006
1.308,1.785
1.195,0.397
1.181,0.55
1.236,1.027
1.102,1.817
1.056,4.193
0.958,2.0
0.864,0.871
0.736,2.161
0.62,2.972
0.364,1.033
0.388,1.15
0.203,2.83
0.346,4.219
0.165,0.623
0.143,2.062
0.166,2.742
0.164,2.014
0.12,1.861
0.052,3.063
-0.037,1.326
-0.199,2.859
-0.206,2.84
-0.35,1.839
-0.326,2.864
-0.641,4.158
-0.493,3.158
-0.675,2.815
-0.566,3.728
-0.688,2.892
-0.784,4.103
-0.795,2.286
-0.802,0.935
-0.708,3.755
-0.871,1.718
-0.945,0.498
-0.822,2.788
-0.84,2.055
-0.829,3.15
-0.884,4.053
-0.902,4.272
-0.908,1.946
-0.945,0.413
-1.104,4.06
-1.14,2.491
-1.145,2.706
-1.238,2.388
-1.246,2.937
-1.145,3.863
-1.145,2.416
-1.337,2.379
-1.212,2.762
-1.339,0.949
-1.39,1.921
-1.407,1.647
-1.403,0.328
-1.554,3.64
-1.578,1.435
-1.507,0.487
-1.623,1.303
-1.597,2.994
-1.741,2.695
-1.722,4.143
-1.773,3.025
-1.897,0.486
-1.801,1.553
-1.951,0.477
-1.997,3.629
-2.03,0.467
-2.05,2.619
-1.933,1.104
-1.982,3.487
-2.202,4.033
-2.255,3.192
-2.391,1.716
-2.55,2.136
-2.476,2.371
-2.573,3.058
-2.596,2.132
-2.917,1.961
-2.936,3.702
-2.828,1.213
-2.876,3.617
-3.106,1.225
-3.026,4.251
2.834,2.476
2.803,1.125
2.802,2.257
2.904,1.221
2.889,1.489
2.696,2.343
2.728,0.805
2.577,4.193
2.661,2.14
2.554,2.01
2.521,2.04
2.427,4.122
2.393,3.55
2.497,1.949
2.466,2.658
2.442,2.633
2.272,2.285
2.369,1.433
2.228,0.185
2.237,0.21
1.681,-0.005
1.38,0.286
1.253,0.038
0.735,-0.085
0.56,-0.058
-0.042,-0.166
-0.341,0.32
-0.562,-0.024
-0.572,-0.081
-0.7,0.01
-0.753,-0.038
-0.764,-0.168
-1.051,-0.043
-1.139,0.145
-1.578,0.239
-2.153,-0.168
-2.855,0.137
-3.128,-0.19
2.608,0.132
2.529,0.007
2.316,4.395
1.422,4.509
0.155,4.381
-0.135,4.619
-1.086,4.531
-1.28,4.397
-1.477,4.599
-1.747,4.429
-1.91,4.452
1.374,2.502
1.366,3.715
-0.273,0.937
-3.081,0.922
1.86,1.769
1.836,1.462
-1.99,3.309
3.073,3.77
2.743,3.079
2.056,3.622
1.363,2.139
1.069,1.488
-0.585,2.973
-0.91,3.722
-0.957,2.903
-0.904,1.153
-1.209,2.956
-2.416,3.603
3.056,4.135
2.653,-0.178
-0.912,4.513
0.744,4.537
0.962,3.84
-0.038,0.007
-0.391,0.139
-0.883,0.175
-1.369,0.169
-1.52,-0.035
-1.647,-0.038
-1.813,0.213
-2.38,0.004
-2.489,-0.03
-2.436,0.177
-2.424,0.25
-2.556,0.148
2.876,-0.182
2.91,-0.027
2.798,-0.181
2.801,-0.087
2.695,-0.146
1.976,4.485
1.437,4.273
1.468,4.593
1.441,4.466
0.827,4.547
0.191,4.36
0.167,4.412
-0.37,4.521
-0.744,4.509
-0.874,4.593
-1.023,4.451
-1.229,4.394
-1.269,4.503
-1.596,4.496
-1.918,4.519
-2.665,4.417
-3.026,4.488
3.093,4.4
2.645,4.314
2.638,1.288
2.222,3.163
0.105,1.116
-0.072,0.852
-0.107,3.113
-0.201,3.428
-1.418,0.675
-1.912,2.301
-2.325,3.677
-0.917,-0.246
-2.49,4.27
2.596,1.652
2.594,2.81
2.394,0.482
2.415,2.597
2.42,1.412
2.402,1.366
2.172,1.863
2.165,3.187
2.3,0.63
2.168,2.346
2.117,3.755
2.103,0.555
2.051,0.404
1.999,1.456
1.978,2.71
2.109,1.592
1.943,0.402
2.034,1.368
1.921,1.963
1.812,1.477
1.897,2.054
1.865,3.656
1.74,1.377
1.743,1.807
1.838,1.639
1.771,1.984
1.586,1.763
1.473,0.375
1.459,0.528
1.514,1.005
1.38,1.795
1.334,4.171
1.236,1.978
1.142,0.849
1.014,2.139
0.898,2.95
0.642,1.011
0.666,1.128
0.481,2.808
0.624,4.197
0.443,0.601
0.421,2.04
0.444,2.72
0.442,1.992
0.398,1.839
0.33,3.041
0.241,1.304
0.079,2.837
0.072,2.818
-0.072,1.817
-0.048,2.842
-0.363,4.136
-0.215,3.136
-0.397,2.793
-0.288,3.706
-0.41,2.87
-0.506,4.081
-0.517,2.264
-0.524,0.913
-0.43,3.733
-0.593,1.696
-0.667,0.476
-0.544,2.766
-0.562,2.033
-0.551,3.128
-0.606,4.031
-0.624,4.25
-0.63,1.924
-0.667,0.391
-0.826,4.038
-0.862,2.469
-0.867,2.684
-0.96,2.366
-0.968,2.915
-0.867,3.841
-0.867,2.394
-1.059,2.357
-0.934,2.74
-1.061,0.927
-1.112,1.899
-1.129,1.625
-1.125,0.306
-1.276,3.618
-1.3,1.413
-1.229,0.465
-1.345,1.281
-1.319,2.972
-1.463,2.673
-1.444,4.121
-1.495,3.003
-1.619,0.464
-1.523,1.531
-1.673,0.455
-1.719,3.607
-1.752,0.445
-1.772,2.597
-1.655,1.082
-1.704,3.465
-1.924,4.011
-1.977,3.17
-2.113,1.694
-2.272,2.114
-2.198,2.349
-2.295,3.036
-2.318,2.11
-2.639,1.939
-2.658,3.68
-2.55,1.191
-2.598,3.595
-2.828,1.203
-2.748,4.229
3.112,2.454
3.081,1.103
3.08,2.235
-3.101,1.199
-3.116,1.467
2.974,2.321
3.006,0.783
2.855,4.171
2.939,2.118
2.832,1.988
2.799,2.018
2.705,4.1
2.671,3.528
2.775,1.927
2.744,2.636
2.72,2.611
2.55,2.263
2.647,1.411
2.506,0.163
2.515,0.188
1.959,-0.027
1.658,0.264
1.531,0.016
1.013,-0.107
0.838,-0.08
0.236,-0.188
-0.063,0.298
-0.284,-0.046
-0.294,-0.103
-0.422,-0.012
-0.475,-0.06
-0.486,-0.19
-0.773,-0.065
-0.861,0.123
-1.3,0.217
-1.875,-0.19
-2.577,0.115
-2.85,-0.212
2.886,0.11
2.807,-0.015
2.594,4.373
1.7,4.487
0.433,4.359
0.143,4.597
-0.808,4.509
-1.002,4.375
-1.199,4.577
-1.469,4.407
-1.632,4.43
1.652,2.48
1.644,3.693
0.005,0.915
-2.803,0.9
2.138,1.747
2.114,1.44
-1.712,3.287
-2.932,3.748
3.021,3.057
2.334,3.6
1.641,2.117
1.347,1.466
-0.307,2.951
-0.632,3.7
-0.679,2.881
-0.626,1.131
-0.931,2.934
-2.138,3.581
-2.949,4.113
2.931,-0.2
-0.634,4.491
1.022,4.515
1.24,3.818
-0.353,0.132
-0.845,0.168
-1.331,0.162
-1.482,-0.042
-1.609,-0.045
-1.775,0.206
-2.342,-0.003
-2.451,-0.037
-2.398,0.17
-2.386,0.243
-2.518,0.141
2.914,-0.189
2.948,-0.034
2.836,-0.188
2.839,-0.094
2.733,-0.153
2.014,4.478
1.475,4.266
1.506,4.586
1.479,4.459
0.865,4.54
0.229,4.353
0.205,4.405
-0.332,4.514
-0.706,4.502
-0.836,4.586
-0.985,4.444
-1.191,4.387
-1.231,4.496
-1.558,4.489
-1.88,4.512
-2.627,4.41
-2.988,4.481
3.131,4.393
2.683,4.307
2.676,1.281
2.26,3.156
0.143,1.109
-0.034,0.845
-0.069,3.106
-0.163,3.421
-1.38,0.668
-1.874,2.294
-2.287,3.67
-0.879,-0.253
-2.452,4.263
2.634,1.645
2.632,2.803
2.432,0.475
2.453,2.59
2.458,1.405
2.44,1.359
2.21,1.856
2.203,3.18
2.338,0.623
2.206,2.339
2.155,3.748
2.141,0.548
2.089,0.397
2.037,1.449
2.016,2.703
2.147,1.585
1.981,0.395
2.072,1.361
1.959,1.956
1.85,1.47
1.935,2.047
1.903,3.649
1.778,1.37
1.781,1.8
1.876,1.632
1.809,1.977
1.624,1.756
1.511,0.368
1.497,0.521
1.552,0.998
1.418,1.788
1.372,4.164
1.274,1.971
1.18,0.842
1.052,2.132
0.936,2.943
0.68,1.004
0.704,1.121
0.519,2.801
0.662,4.19
0.481,0.594
0.459,2.033
0.482,2.713
0.48,1.985
0.436,1.832
0.368,3.034
0.279,1.297
0.117,2.83
0.11,2.811
-0.034,1.81
-0.01,2.835
-0.325,4.129
-0.177,3.129
-0.359,2.786
-0.25,3.699
-0.372,2.863
-0.468,4.074
-0.479,2.257
-0.486,0.906
-0.392,3.726
-0.555,1.689
-0.629,0.469
-0.506,2.759
-0.524,2.026
-0.513,3.121
-0.568,4.024
-0.586,4.243
-0.592,1.917
-0.629,0.384
-0.788,4.031
-0.824,2.462
-0.829,2.677
-0.922,2.359
-0.93,2.908
-0.829,3.834
-0.829,2.387
-1.021,2.35
-0.896,2.733
-1.023,0.92
-1.074,1.892
-1.091,1.618
-1.087,0.299
-1.238,3.611
-1.262,1.406
-1.191,0.458
-1.307,1.274
-1.281,2.965
-1.425,2.666
-1.406,4.114
-1.457,2.996
-1.581,0.457
-1.485,1.524
-1.635,0.448
-1.681,3.6
-1.714,0.438
-1.734,2.59
-1.617,1.075
-1.666,3.458
-1.886,4.004
-1.939,3.163
-2.075,1.687
-2.234,2.107
-2.16,2.342
-2.257,3.029
-2.28,2.103
-2.601,1.932
-2.62,3.673
-2.512,1.184
-2.56,3.588
-2.79,1.196
-2.71,4.222
-3.133,2.447
3.119,1.096
3.118,2.228
-3.063,1.192
-3.078,1.46
3.012,2.314
3.044,0.776
2.893,4.164
2.977,2.111
2.87,1.981
2.837,2.011
2.743,4.093
2.709,3.521
2.813,1.92
2.782,2.629
2.758,2.604
2.588,2.256
2.685,1.404
2.544,0.156
2.553,0.181
1.997,-0.034
1.696,0.257
1.569,0.009
1.051,-0.114
0.876,-0.087
0.274,-0.195
-0.025,0.291
-0.246,-0.053
-0.256,-0.11
-0.384,-0.019
-0.437,-0.067
-0.448,-0.197
-0.735,-0.072
-0.823,0.116
-1.262,0.21
-1.837,-0.197
-2.539,0.108
-2.812,-0.219
2.924,0.103
2.845,-0.022
2.632,4.366
1.738,4.48
0.471,4.352
0.181,4.59
-0.77,4.502
-0.964,4.368
-1.161,4.57
-1.431,4.4
-1.594,4.423
1.69,2.473
1.682,3.686
0.043,0.908
-2.765,0.893
2.176,1.74
2.152,1.433
-1.674,3.28
-2.894,3.741
3.059,3.05
2.372,3.593
1.679,2.11
1.385,1.459
-0.269,2.944
-0.594,3.693
-0.641,2.874
-0.588,1.124
-0.893,2.927
-2.1,3.574
-2.911,4.106
2.969,-0.207
-0.596,4.484
1.06,4.508
1.278,3.811
-0.492,0.036
-0.978,0.03
-1.129,-0.174
-1.256,-0.177
-1.422,0.074
-1.989,-0.135
-2.098,-0.169
-2.045,0.038
-2.033,0.111
-2.165,0.009
-3.016,-0.321
-2.982,-0.166
-3.094,-0.32
-3.091,-0.226
3.086,-0.285
2.367,4.346
1.828,4.134
1.859,4.454
1.832,4.327
1.218,4.408
0.582,4.221
0.558,4.273
0.021,4.382
-0.353,4.37
-0.483,4.454
-0.632,4.312
-0.838,4.255
-0.878,4.364
-1.205,4.357
-1.527,4.38
-2.274,4.278
-2.635,4.349
-2.799,4.261
3.036,4.175
3.029,1.149
2.613,3.024
0.496,0.977
0.319,0.713
0.284,2.974
0.19,3.289
-1.027,0.536
-1.521,2.162
-1.934,3.538
-0.526,-0.385
-2.099,4.131
2.987,1.513
2.985,2.671
2.785,0.343
2.806,2.458
2.811,1.273
2.793,1.227
2.563,1.724
2.556,3.048
2.691,0.491
2.559,2.207
2.508,3.616
2.494,0.416
2.442,0.265
2.39,1.317
2.369,2.571
2.5,1.453
2.334,0.263
2.425,1.229
2.312,1.824
2.203,1.338
2.288,1.915
2.256,3.517
2.131,1.238
2.134,1.668
2.229,1.5
2.162,1.845
1.977,1.624
1.864,0.236
1.85,0.389
1.905,0.866
1.771,1.656
1.725,4.032
1.627,1.839
1.533,0.71
1.405,2.0
1.289,2.811
1.033,0.872
1.057,0.989
0.872,2.669
1.015,4.058
0.834,0.462
0.812,1.901
0.835,2.581
0.833,1.853
0.789,1.7
0.721,2.902
0.632,1.165
0.47,2.698
0.463,2.679
0.319,1.678
0.343,2.703
0.028,3.997
0.176,2.997
-0.006,2.654
0.103,3.567
-0.019,2.731
-0.115,3.942
-0.126,2.125
-0.133,0.774
-0.039,3.594
-0.202,1.557
-0.276,0.337
-0.153,2.627
-0.171,1.894
-0.16,2.989
-0.215,3.892
-0.233,4.111
-0.239,1.785
-0.276,0.252
-0.435,3.899
-0.471,2.33
-0.476,2.545
-0.569,2.227
-0.577,2.776
-0.476,3.702
-0.476,2.255
-0.668,2.218
-0.543,2.601
-0.67,0.788
-0.721,1.76
-0.738,1.486
-0.734,0.167
-0.885,3.479
-0.909,1.274
-0.838,0.326
-0.954,1.142
-0.928,2.833
-1.072,2.534
-1.053,3.982
-1.104,2.864
-1.228,0.325
-1.132,1.392
-1.282,0.316
-1.328,3.468
-1.361,0.306
-1.381,2.458
-1.264,0.943
-1.313,3.326
-1.533,3.872
-1.586,3.031
-1.722,1.555
-1.881,1.975
-1.807,2.21
-1.904,2.897
-1.927,1.971
-2.248,1.8
-2.267,3.541
-2.159,1.052
-2.207,3.456
-2.437,1.064
-2.357,4.09
-2.78,2.315
-2.811,0.964
-2.812,2.096
-2.71,1.06
-2.725,1.328
-2.918,2.182
-2.886,0.644
-3.037,4.032
-2.953,1.979
-3.06,1.849
-3.093,1.879
3.096,3.961
3.062,3.389
-3.117,1.788
3.135,2.497
3.111,2.472
2.941,2.124
3.038,1.272
2.897,0.024
2.906,0.049
2.35,-0.166
2.049,0.125
1.922,-0.123
1.404,-0.246
1.229,-0.219
0.627,-0.327
0.328,0.159
0.107,-0.185
0.097,-0.242
-0.031,-0.151
-0.084,-0.199
-0.095,-0.329
-0.382,-0.204
-0.47,-0.016
-0.909,0.078
-1.484,-0.329
-2.186,-0.024
-2.459,-0.351
-3.006,-0.029
-3.085,-0.154
2.985,4.234
2.091,4.348
0.824,4.22
0.534,4.458
-0.417,4.37
-0.611,4.236
-0.808,4.438
-1.078,4.268
-1.241,4.291
2.043,2.341
2.035,3.554
0.396,0.776
-2.412,0.761
2.529,1.608
2.505,1.301
-1.321,3.148
-2.541,3.609
-2.871,2.918
2.725,3.461
2.032,1.978
1.738,1.327
0.084,2.812
-0.241,3.561
-0.288,2.742
-0.235,0.992
-0.54,2.795
-1.747,3.442
-2.558,3.974
-2.961,-0.339
-0.243,4.352
1.413,4.376
1.631,3.679
-0.486,-0.006
-0.637,-0.21
-0.764,-0.213
-0.93,0.038
-1.497,-0.171
-1.606,-0.205
-1.553,0.002
-1.541,0.075
-1.673,-0.027
-2.524,-0.357
-2.49,-0.202
-2.602,-0.356
-2.599,-0.262
-2.705,-0.321
2.859,4.31
2.32,4.098
2.351,4.418
2.324,4.291
1.71,4.372
1.074,4.185
1.05,4.237
0.513,4.346
0.139,4.334
0.009,4.418
-0.14,4.276
-0.346,4.219
-0.386,4.328
-0.713,4.321
-1.035,4.344
-1.782,4.242
-2.143,4.313
-2.307,4.225
-2.755,4.139
-2.762,1.113
3.105,2.988
0.988,0.941
0.811,0.677
0.776,2.938
0.682,3.253
-0.535,0.5
-1.029,2.126
-1.442,3.502
-0.034,-0.421
-1.607,4.095
-2.804,1.477
-2.806,2.635
-3.006,0.307
-2.985,2.422
-2.98,1.237
-2.998,1.191
3.055,1.688
3.048,3.012
-3.1,0.455
3.051,2.171
3.0,3.58
2.986,0.38
2.934,0.229
2.882,1.281
2.861,2.535
2.992,1.417
2.826,0.227
2.917,1.193
2.804,1.788
2.695,1.302
2.78,1.879
2.748,3.481
2.623,1.202
2.626,1.632
2.721,1.464
2.654,1.809
2.469,1.588
2.356,0.2
2.342,0.353
2.397,0.83
2.263,1.62
2.217,3.996
2.119,1.803
2.025,0.674
1.897,1.964
1.781,2.775
1.525,0.836
1.549,0.953
1.364,2.633
1.507,4.022
1.326,0.426
1.304,1.865
1.327,2.545
1.325,1.817
1.281,1.664
1.213,2.866
1.124,1.129
0.962,2.662
0.955,2.643
0.811,1.642
0.835,2.667
0.52,3.961
0.668,2.961
0.486,2.618
0.595,3.531
0.473,2.695
0.377,3.906
0.366,2.089
0.359,0.738
0.453,3.558
0.29,1.521
0.216,0.301
0.339,2.591
0.321,1.858
0.332,2.953
0.277,3.856
0.259,4.075
0.253,1.749
0.216,0.216
0.057,3.863
0.021,2.294
0.016,2.509
-0.077,2.191
-0.085,2.74
0.016,3.666
0.016,2.219
-0.176,2.182
-0.051,2.565
-0.178,0.752
-0.229,1.724
-0.246,1.45
-0.242,0.131
-0.393,3.443
-0.417,1.238
-0.346,0.29
-0.462,1.106
-0.436,2.797
-0.58,2.498
-0.561,3.946
-0.612,2.828
-0.736,0.289
-0.64,1.356
-0.79,0.28
-0.836,3.432
-0.869,0.27
-0.889,2.422
-0.772,0.907
-0.821,3.29
-1.041,3.836
-1.094,2.995
-1.23,1.519
-1.389,1.939
-1.315,2.174
-1.412,2.861
-1.435,1.935
-1.756,1.764
-1.775,3.505
-1.667,1.016
-1.715,3.42
-1.945,1.028
-1.865,4.054
-2.288,2.279
-2.319,0.928
-2.32,2.06
-2.218,1.024
-2.233,1.292
-2.426,2.146
-2.394,0.608
-2.545,3.996
-2.461,1.943
-2.568,1.813
-2.601,1.843
-2.695,3.925
-2.729,3.353
-2.625,1.752
-2.656,2.461
-2.68,2.436
-2.85,2.088
-2.753,1.236
-2.894,-0.012
-2.885,0.013
2.842,-0.202
2.541,0.089
2.414,-0.159
1.896,-0.282
1.721,-0.255
1.119,-0.363
0.82,0.123
0.599,-0.221
0.589,-0.278
0.461,-0.187
0.408,-0.235
0.397,-0.365
0.11,-0.24
0.022,-0.052
-0.417,0.042
-0.992,-0.365
-1.694,-0.06
-1.967,-0.387
-2.514,-0.065
-2.593,-0.19
-2.806,4.198
2.583,4.312
1.316,4.184
1.026,4.422
0.075,4.334
-0.119,4.2
-0.316,4.402
-0.586,4.232
-0.749,4.255
2.535,2.305
2.527,3.518
0.888,0.74
-1.92,0.725
3.021,1.572
2.997,1.265
-0.829,3.112
-2.049,3.573
-2.379,2.882
-3.066,3.425
2.524,1.942
2.23,1.291
0.576,2.776
0.251,3.525
0.204,2.706
0.257,0.956
-0.048,2.759
-1.255,3.406
-2.066,3.938
-2.469,-0.375
0.249,4.316
1.905,4.34
2.123,3.643
-0.151,-0.204
-0.278,-0.207
-0.444,0.044
-1.011,-0.165
-1.12,-0.199
-1.067,0.008
-1.055,0.081
-1.187,-0.021
-2.038,-0.351
-2.004,-0.196
-2.116,-0.35
-2.113,-0.256
-2.219,-0.315
-2.938,4.316
2.806,4.104
2.837,4.424
2.81,4.297
2.196,4.378
1.56,4.191
1.536,4.243
0.999,4.352
0.625,4.34
0.495,4.424
0.346,4.282
0.14,4.225
0.1,4.334
-0.227,4.327
-0.549,4.35
-1.296,4.248
-1.657,4.319
-1.821,4.231
-2.269,4.145
-2.276,1.119
-2.692,2.994
1.474,0.947
1.297,0.683
1.262,2.944
1.168,3.259
-0.049,0.506
-0.543,2.132
-0.956,3.508
0.452,-0.415
-1.121,4.101
-2.318,1.483
-2.32,2.641
-2.52,0.313
-2.499,2.428
-2.494,1.243
-2.512,1.197
-2.742,1.694
-2.749,3.018
-2.614,0.461
-2.746,2.177
-2.797,3.586
-2.811,0.386
-2.863,0.235
-2.915,1.287
-2.936,2.541
-2.805,1.423
-2.971,0.233
-2.88,1.199
-2.993,1.794
-3.102,1.308
-3.017,1.885
-3.049,3.487
3.109,1.208
3.112,1.638
-3.076,1.47
3.14,1.815
2.955,1.594
2.842,0.206
2.828,0.359
2.883,0.836
2.749,1.626
2.703,4.002
2.605,1.809
2.511,0.68
2.383,1.97
2.267,2.781
2.011,0.842
2.035,0.959
1.85,2.639
1.993,4.028
1.812,0.432
1.79,1.871
1.813,2.551
1.811,1.823
1.767,1.67
1.699,2.872
1.61,1.135
1.448,2.668
1.441,2.649
1.297,1.648
1.321,2.673
1.006,3.967
1.154,2.967
0.972,2.624
1.081,3.537
0.959,2.701
0.863,3.912
0.852,2.095
0.845,0.744
0.939,3.564
0.776,1.527
0.702,0.307
0.825,2.597
0.807,1.864
0.818,2.959
0.763,3.862
0.745,4.081
0.739,1.755
0.702,0.222
0.543,3.869
0.507,2.3
0.502,2.515
0.409,2.197
0.401,2.746
0.502,3.672
0.502,2.225
0.31,2.188
0.435,2.571
0.308,0.758
0.257,1.73
0.24,1.456
0.244,0.137
0.093,3.449
0.069,1.244
0.14,0.296
0.024,1.112
0.05,2.803
-0.094,2.504
-0.075,3.952
-0.126,2.834
-0.25,0.295
-0.154,1.362
-0.304,0.286
-0.35,3.438
-0.383,0.276
-0.403,2.428
-0.286,0.913
-0.335,3.296
-0.555,3.842
-0.608,3.001
-0.744,1.525
-0.903,1.945
-0.829,2.18
-0.926,2.867
-0.949,1.941
-1.27,1.77
-1.289,3.511
-1.181,1.022
-1.229,3.426
-1.459,1.034
-1.379,4.06
-1.802,2.285
-1.833,0.934
-1.834,2.066
-1.732,1.03
-1.747,1.298
-1.94,2.152
-1.908,0.614
-2.059,4.002
-1.975,1.949
-2.082,1.819
-2.115,1.849
-2.209,3.931
-2.243,3.359
-2.139,1.758
-2.17,2.467
-2.194,2.442
-2.364,2.094
-2.267,1.242
-2.408,-0.006
-2.399,0.019
-2.955,-0.196
3.027,0.095
2.9,-0.153
2.382,-0.276
2.207,-0.249
1.605,-0.357
1.306,0.129
1.085,-0.215
1.075,-0.272
0.947,-0.181
0.894,-0.229
0.883,-0.359
0.596,-0.234
0.508,-0.046
0.069,0.048
-0.506,-0.359
-1.208,-0.054
-1.481,-0.381
-2.028,-0.059
-2.107,-0.184
-2.32,4.204
3.069,4.318
1.802,4.19
1.512,4.428
0.561,4.34
0.367,4.206
0.17,4.408
-0.1,4.238
-0.263,4.261
3.021,2.311
3.013,3.524
1.374,0.746
-1.434,0.731
-2.776,1.578
-2.8,1.271
-0.343,3.118
-1.563,3.579
-1.893,2.888
-2.58,3.431
3.01,1.948
2.716,1.297
1.062,2.782
0.737,3.531
0.69,2.712
0.743,0.962
0.438,2.765
-0.769,3.412
-1.58,3.944
-1.983,-0.369
0.735,4.322
2.391,4.346
2.609,3.649
-0.127,-0.003
-0.293,0.248
-0.86,0.039
-0.969,0.005
-0.916,0.212
-0.904,0.285
-1.036,0.183
-1.887,-0.147
-1.853,0.008
-1.965,-0.146
-1.962,-0.052
-2.068,-0.111
-2.787,4.52
2.957,4.308
2.988,4.628
2.961,4.501
2.347,4.582
1.711,4.395
1.687,4.447
1.15,4.556
0.776,4.544
0.646,4.628
0.497,4.486
0.291,4.429
0.251,4.538
-0.076,4.531
-0.398,4.554
-1.145,4.452
-1.506,4.523
-1.67,4.435
-2.118,4.349
-2.125,1.323
-2.541,3.198
1.625,1.151
1.448,0.887
1.413,3.148
1.319,3.463
0.102,0.71
-0.392,2.336
-0.805,3.712
0.603,-0.211
-0.97,4.305
-2.167,1.687
-2.169,2.845
-2.369,0.517
-2.348,2.632
-2.343,1.447
-2.361,1.401
-2.591,1.898
-2.598,3.222
-2.463,0.665
-2.595,2.381
-2.646,3.79
-2.66,0.59
-2.712,0.439
-2.764,1.491
-2.785,2.745
-2.654,1.627
-2.82,0.437
-2.729,1.403
-2.842,1.998
-2.951,1.512
-2.866,2.089
-2.898,3.691
-3.023,1.412
-3.02,1.842
-2.925,1.674
-2.992,2.019
3.106,1.798
2.993,0.41
2.979,0.563
3.034,1.04
2.9,1.83
2.854,4.206
2.756,2.013
2.662,0.884
2.534,2.174
2.418,2.985
2.162,1.046
2.186,1.163
2.001,2.843
2.144,4.232
1.963,0.636
1.941,2.075
1.964,2.755
1.962,2.027
1.918,1.874
1.85,3.076
1.761,1.339
1.599,2.872
1.592,2.853
1.448,1.852
1.472,2.877
1.157,4.171
1.305,3.171
1.123,2.828
1.232,3.741
1.11,2.905
1.014,4.116
1.003,2.299
0.996,0.948
1.09,3.768
0.927,1.731
0.853,0.511
0.976,2.801
0.958,2.068
0.969,3.163
0.914,4.066
0.896,4.285
0.89,1.959
0.853,0.426
0.694,4.073
0.658,2.504
0.653,2.719
0.56,2.401
0.552,2.95
0.653,3.876
0.653,2.429
0.461,2.392
0.586,2.775
0.459,0.962
0.408,1.934
0.391,1.66
0.395,0.341
0.244,3.653
0.22,1.448
0.291,0.5
0.175,1.316
0.201,3.007
0.057,2.708
0.076,4.156
0.025,3.038
-0.099,0.499
-0.003,1.566
-0.153,0.49
-0.199,3.642
-0.232,0.48
-0.252,2.632
-0.135,1.117
-0.184,3.5
-0.404,4.046
-0.457,3.205
-0.593,1.729
-0.752,2.149
-0.678,2.384
-0.775,3.071
-0.798,2.145
-1.119,1.974
-1.138,3.715
-1.03,1.226
-1.078,3.63
-1.308,1.238
-1.228,4.264
-1.651,2.489
-1.682,1.138
-1.683,2.27
-1.581,1.234
-1.596,1.502
-1.789,2.356
-1.757,0.818
-1.908,4.206
-1.824,2.153
-1.931,2.023
-1.964,2.053
-2.058,4.135
-2.092,3.563
-1.988,1.962
-2.019,2.671
-2.043,2.646
-2.213,2.298
-2.116,1.446
-2.257,0.198
-2.248,0.223
-2.804,0.008
-3.105,0.299
3.051,0.051
2.533,-0.072
2.358,-0.045
1.756,-0.153
1.457,0.333
1.236,-0.011
1.226,-0.068
1.098,0.023
1.045,-0.025
1.034,-0.155
0.747,-0.03
0.659,0.158
0.22,0.252
-0.355,-0.155
-1.057,0.15
-1.33,-0.177
-1.877,0.145
-1.956,0.02
-2.169,4.408
-3.063,4.522
1.953,4.394
1.663,4.632
0.712,4.544
0.518,4.41
0.321,4.612
0.051,4.442
-0.112,4.465
-3.111,2.515
-3.119,3.728
1.525,0.95
-1.283,0.935
-2.625,1.782
-2.649,1.475
-0.192,3.322
-1.412,3.783
-1.742,3.092
-2.429,3.635
-3.122,2.152
2.867,1.501
1.213,2.986
0.888,3.735
0.841,2.916
0.894,1.166
0.589,2.969
-0.618,3.616
-1.429,4.148
-1.832,-0.165
0.886,4.526
2.542,4.55
2.76,3.853
-0.166,0.251
-0.733,0.042
-0.842,0.008
-0.789,0.215
-0.777,0.288
-0.909,0.186
-1.76,-0.144
-1.726,0.011
-1.838,-0.143
-1.835,-0.049
-1.941,-0.108
-2.66,4.523
3.084,4.311
3.115,4.631
3.088,4.504
2.474,4.585
1.838,4.398
1.814,4.45
1.277,4.559
0.903,4.547
0.773,4.631
0.624,4.489
0.418,4.432
0.378,4.541
0.051,4.534
-0.271,4.557
-1.018,4.455
-1.379,4.526
-1.543,4.438
-1.991,4.352
-1.998,1.326
-2.414,3.201
1.752,1.154
1.575,0.89
1.54,3.151
1.446,3.466
0.229,0.713
-0.265,2.339
-0.678,3.715
0.73,-0.208
-0.843,4.308
-2.04,1.69
-2.042,2.848
-2.242,0.52
-2.221,2.635
-2.216,1.45
-2.234,1.404
-2.464,1.901
-2.471,3.225
-2.336,0.668
-2.468,2.384
-2.519,3.793
-2.533,0.593
-2.585,0.442
-2.637,1.494
-2.658,2.748
-2.527,1.63
-2.693,0.44
-2.602,1.406
-2.715,2.001
-2.824,1.515
-2.739,2.092
-2.771,3.694
-2.896,1.415
-2.893,1.845
-2.798,1.677
-2.865,2.022
-3.05,1.801
3.12,0.413
3.106,0.566
-3.122,1.043
3.027,1.833
2.981,4.209
2.883,2.016
2.789,0.887
2.661,2.177
2.545,2.988
2.289,1.049
2.313,1.166
2.128,2.846
2.271,4.235
2.09,0.639
2.068,2.078
2.091,2.758
2.089,2.03
2.045,1.877
1.977,3.079
1.888,1.342
1.726,2.875
1.719,2.856
1.575,1.855
1.599,2.88
1.284,4.174
1.432,3.174
1.25,2.831
1.359,3.744
1.237,2.908
1.141,4.119
1.13,2.302
1.123,0.951
1.217,3.771
1.054,1.734
0.98,0.514
1.103,2.804
1.085,2.071
1.096,3.166
1.041,4.069
1.023,4.288
1.017,1.962
0.98,0.429
0.821,4.076
0.785,2.507
0.78,2.722
0.687,2.404
0.679,2.953
0.78,3.879
0.78,2.432
0.588,2.395
0.713,2.778
0.586,0.965
0.535,1.937
0.518,1.663
0.522,0.344
0.371,3.656
0.347,1.451
0.418,0.503
0.302,1.319
0.328,3.01
0.184,2.711
0.203,4.159
0.152,3.041
0.028,0.502
0.124,1.569
-0.026,0.493
-0.072,3.645
-0.105,0.483
-0.125,2.635
-0.008,1.12
-0.057,3.503
-0.277,4.049
-0.33,3.208
-0.466,1.732
-0.625,2.152
-0.551,2.387
-0.648,3.074
-0.671,2.148
-0.992,1.977
-1.011,3.718
-0.903,1.229
-0.951,3.633
-1.181,1.241
-1.101,4.267
-1.524,2.492
-1.555,1.141
-1.556,2.273
-1.454,1.237
-1.469,1.505
-1.662,2.359
-1.63,0.821
-1.781,4.209
-1.697,2.156
-1.804,2.026
-1.837,2.056
-1.931,4.138
-1.965,3.566
-1.861,1.965
-1.892,2.674
-1.916,2.649
-2.086,2.301
-1.989,1.449
-2.13,0.201
-2.121,0.226
-2.677,0.011
-2.978,0.302
-3.105,0.054
2.66,-0.069
2.485,-0.042
1.883,-0.15
1.584,0.336
1.363,-0.008
1.353,-0.065
1.225,0.026
1.172,-0.022
1.161,-0.152
0.874,-0.027
0.786,0.161
0.347,0.255
-0.228,-0.152
-0.93,0.153
-1.203,-0.174
-1.75,0.148
-1.829,0.023
-2.042,4.411
-2.936,4.525
2.08,4.397
1.79,4.635
0.839,4.547
0.645,4.413
0.448,4.615
0.178,4.445
0.015,4.468
-2.984,2.518
-2.992,3.731
1.652,0.953
-1.156,0.938
-2.498,1.785
-2.522,1.478
-0.065,3.325
-1.285,3.786
-1.615,3.095
-2.302,3.638
-2.995,2.155
2.994,1.504
1.34,2.989
1.015,3.738
0.968,2.919
1.021,1.169
0.716,2.972
-0.491,3.619
-1.302,4.151
-1.705,-0.162
1.013,4.529
2.669,4.553
2.887,3.856
-0.567,-0.209
-0.676,-0.243
-0.623,-0.036
-0.611,0.037
-0.743,-0.065
-1.594,-0.395
-1.56,-0.24
-1.672,-0.394
-1.669,-0.3
-1.775,-0.359
-2.494,4.272
-3.033,4.06
-3.002,4.38
-3.029,4.253
2.64,4.334
2.004,4.147
1.98,4.199
1.443,4.308
1.069,4.296
0.939,4.38
0.79,4.238
0.584,4.181
0.544,4.29
0.217,4.283
-0.105,4.306
-0.852,4.204
-1.213,4.275
-1.377,4.187
-1.825,4.101
-1.832,1.075
-2.248,2.95
1.918,0.903
1.741,0.639
1.706,2.9
1.612,3.215
0.395,0.462
-0.099,2.088
-0.512,3.464
0.896,-0.459
-0.677,4.057
-1.874,1.439
-1.876,2.597
-2.076,0.269
-2.055,2.384
-2.05,1.199
-2.068,1.153
-2.298,1.65
-2.305,2.974
-2.17,0.417
-2.302,2.133
-2.353,3.542
-2.367,0.342
-2.419,0.191
-2.471,1.243
-2.492,2.497
-2.361,1.379
-2.527,0.189
-2.436,1.155
-2.549,1.75
-2.658,1.264
-2.573,1.841
-2.605,3.443
-2.73,1.164
-2.727,1.594
-2.632,1.426
-2.699,1.771
-2.884,1.55
-2.997,0.162
-3.011,0.315
-2.956,0.792
-3.09,1.582
-3.136,3.958
3.049,1.765
2.955,0.636
2.827,1.926
2.711,2.737
2.455,0.798
2.479,0.915
2.294,2.595
2.437,3.984
2.256,0.388
2.234,1.827
2.257,2.507
2.255,1.779
2.211,1.626
2.143,2.828
2.054,1.091
1.892,2.624
1.885,2.605
1.741,1.604
1.765,2.629
1.45,3.923
1.598,2.923
1.416,2.58
1.525,3.493
1.403,2.657
1.307,3.868
1.296,2.051
1.289,0.7
1.383,3.52
1.22,1.483
1.146,0.263
1.269,2.553
1.251,1.82
1.262,2.915
1.207,3.818
1.189,4.037
1.183,1.711
1.146,0.178
0.987,3.825
0.951,2.256
0.946,2.471
0.853,2.153
0.845,2.702
0.946,3.628
0.946,2.181
0.754,2.144
0.879,2.527
0.752,0.714
0.701,1.686
0.684,1.412
0.688,0.093
0.537,3.405
0.513,1.2
0.584,0.252
0.468,1.068
0.494,2.759
0.35,2.46
0.369,3.908
0.318,2.79
0.194,0.251
0.29,1.318
0.14,0.242
0.094,3.394
0.061,0.232
0.041,2.384
0.158,0.869
0.109,3.252
-0.111,3.798
-0.164,2.957
-0.3,1.481
-0.459,1.901
-0.385,2.136
-0.482,2.823
-0.505,1.897
-0.826,1.726
-0.845,3.467
-0.737,0.978
-0.785,3.382
-1.015,0.99
-0.935,4.016
-1.358,2.241
-1.389,0.89
-1.39,2.022
-1.288,0.986
-1.303,1.254
-1.496,2.108
-1.464,0.57
-1.615,3.958
-1.531,1.905
-1.638,1.775
-1.671,1.805
-1.765,3.887
-1.799,3.315
-1.695,1.714
-1.726,2.423
-1.75,2.398
-1.92,2.05
-1.823,1.198
-1.964,-0.05
-1.955,-0.025
-2.511,-0.24
-2.812,0.051
-2.939,-0.197
2.826,-0.32
2.651,-0.293
2.049,-0.401
1.75,0.085
1.529,-0.259
1.519,-0.316
1.391,-0.225
1.338,-0.273
1.327,-0.403
1.04,-0.278
0.952,-0.09
0.513,0.004
-0.062,-0.403
-0.764,-0.098
-1.037,-0.425
-1.584,-0.103
-1.663,-0.228
-1.876,4.16
-2.77,4.274
2.246,4.146
1.956,4.384
1.005,4.296
0.811,4.162
0.614,4.364
0.344,4.194
0.181,4.217
-2.818,2.267
-2.826,3.48
1.818,0.702
-0.99,0.687
-2.332,1.534
-2.356,1.227
0.101,3.074
-1.119,3.535
-1.449,2.844
-2.136,3.387
-2.829,1.904
-3.123,1.253
1.506,2.738
1.181,3.487
1.134,2.668
1.187,0.918
0.882,2.721
-0.325,3.368
-1.136,3.9
-1.539,-0.413
1.179,4.278
2.835,4.302
3.053,3.605
-0.109,-0.034
-0.056,0.173
-0.044,0.246
-0.176,0.144
-1.027,-0.186
-0.993,-0.031
-1.105,-0.185
-1.102,-0.091
-1.208,-0.15
-1.927,4.481
-2.466,4.269
-2.435,4.589
-2.462,4.462
-3.076,4.543
2.571,4.356
2.547,4.408
2.01,4.517
1.636,4.505
1.506,4.589
1.357,4.447
1.151,4.39
1.111,4.499
0.784,4.492
0.462,4.515
-0.285,4.413
-0.646,4.484
-0.81,4.396
-1.258,4.31
-1.265,1.284
-1.681,3.159
2.485,1.112
2.308,0.848
2.273,3.109
2.179,3.424
0.962,0.671
0.468,2.297
0.055,3.673
1.463,-0.25
-0.11,4.266
-1.307,1.648
-1.309,2.806
-1.509,0.478
-1.488,2.593
-1.483,1.408
-1.501,1.362
-1.731,1.859
-1.738,3.183
-1.603,0.626
-1.735,2.342
-1.786,3.751
-1.8,0.551
-1.852,0.4
-1.904,1.452
-1.925,2.706
-1.794,1.588
-1.96,0.398
-1.869,1.364
-1.982,1.959
-2.091,1.473
-2.006,2.05
-2.038,3.652
-2.163,1.373
-2.16,1.803
-2.065,1.635
-2.132,1.98
-2.317,1.759
-2.43,0.371
-2.444,0.524
-2.389,1.001
-2.523,1.791
-2.569,4.167
-2.667,1.974
-2.761,0.845
-2.889,2.135
-3.005,2.946
3.022,1.007
3.046,1.124
2.861,2.804
3.004,4.193
2.823,0.597
2.801,2.036
2.824,2.716
2.822,1.988
2.778,1.835
2.71,3.037
2.621,1.3
2.459,2.833
2.452,2.814
2.308,1.813
2.332,2.838
2.017,4.132
2.165,3.132
1.983,2.789
2.092,3.702
1.97,2.866
1.874,4.077
1.863,2.26
1.856,0.909
1.95,3.729
1.787,1.692
1.713,0.472
1.836,2.762
1.818,2.029
1.829,3.124
1.774,4.027
1.756,4.246
1.75,1.92
1.713,0.387
1.554,4.034
1.518,2.465
1.513,2.68
1.42,2.362
1.412,2.911
1.513,3.837
1.513,2.39
1.321,2.353
1.446,2.736
1.319,0.923
1.268,1.895
1.251,1.621
1.255,0.302
1.104,3.614
1.08,1.409
1.151,0.461
1.035,1.277
1.061,2.968
0.917,2.669
0.936,4.117
0.885,2.999
0.761,0.46
0.857,1.527
0.707,0.451
0.661,3.603
0.628,0.441
0.608,2.593
0.725,1.078
0.676,3.461
0.456,4.007
0.403,3.166
0.267,1.69
0.108,2.11
0.182,2.345
0.085,3.032
0.062,2.106
-0.259,1.935
-0.278,3.676
-0.17,1.187
-0.218,3.591
-0.448,1.199
-0.368,4.225
-0.791,2.45
-0.822,1.099
-0.823,2.231
-0.721,1.195
-0.736,1.463
-0.929,2.317
-0.897,0.779
-1.048,4.167
-0.964,2.114
-1.071,1.984
-1.104,2.014
-1.198,4.096
-1.232,3.524
-1.128,1.923
-1.159,2.632
-1.183,2.607
-1.353,2.259
-1.256,1.407
-1.397,0.159
-1.388,0.184
-1.944,-0.031
-2.245,0.26
-2.372,0.012
-2.89,-0.111
-3.065,-0.084
2.616,-0.192
2.317,0.294
2.096,-0.05
2.086,-0.107
1.958,-0.016
1.905,-0.064
1.894,-0.194
1.607,-0.069
1.519,0.119
1.08,0.213
0.505,-0.194
-0.197,0.111
-0.47,-0.216
-1.017,0.106
-1.096,-0.019
-1.309,4.369
-2.203,4.483
2.813,4.355
2.523,4.593
1.572,4.505
1.378,4.371
1.181,4.573
0.911,4.403
0.748,4.426
-2.251,2.476
-2.259,3.689
2.385,0.911
-0.423,0.896
-1.765,1.743
-1.789,1.436
0.668,3.283
-0.552,3.744
-0.882,3.053
-1.569,3.596
-2.262,2.113
-2.556,1.462
2.073,2.947
1.748,3.696
1.701,2.877
1.754,1.127
1.449,2.93
0.242,3.577
-0.569,4.109
-0.972,-0.204
1.746,4.487
-2.881,4.511
-2.663,3.814
0.053,0.207
0.065,0.28
-0.067,0.178
-0.918,-0.152
-0.884,0.003
-0.996,-0.151
-0.993,-0.057
-1.099,-0.116
-1.818,4.515
-2.357,4.303
-2.326,4.623
-2.353,4.496
-2.967,4.577
2.68,4.39
2.656,4.442
2.119,4.551
1.745,4.539
1.615,4.623
1.466,4.481
1.26,4.424
1.22,4.533
0.893,4.526
0.571,4.549
-0.176,4.447
-0.537,4.518
-0.701,4.43
-1.149,4.344
-1.156,1.318
-1.572,3.193
2.594,1.146
2.417,0.882
2.382,3.143
2.288,3.458
1.071,0.705
0.577,2.331
0.164,3.707
1.572,-0.216
-0.001,4.3
-1.198,1.682
-1.2,2.84
-1.4,0.512
-1.379,2.627
-1.374,1.442
-1.392,1.396
-1.622,1.893
-1.629,3.217
-1.494,0.66
-1.626,2.376
-1.677,3.785
-1.691,0.585
-1.743,0.434
-1.795,1.486
-1.816,2.74
-1.685,1.622
-1.851,0.432
-1.76,1.398
-1.873,1.993
-1.982,1.507
-1.897,2.084
-1.929,3.686
-2.054,1.407
-2.051,1.837
-1.956,1.669
-2.023,2.014
-2.208,1.793
-2.321,0.405
-2.335,0.558
-2.28,1.035
-2.414,1.825
-2.46,4.201
-2.558,2.008
-2.652,0.879
-2.78,2.169
-2.896,2.98
3.131,1.041
-3.128,1.158
2.97,2.838
3.113,4.227
2.932,0.631
2.91,2.07
2.933,2.75
2.931,2.022
2.887,1.869
2.819,3.071
2.73,1.334
2.568,2.867
2.561,2.848
2.417,1.847
2.441,2.872
2.126,4.166
2.274,3.166
2.092,2.823
2.201,3.736
2.079,2.9
1.983,4.111
1.972,2.294
1.965,0.943
2.059,3.763
1.896,1.726
1.822,0.506
1.945,2.796
1.927,2.063
1.938,3.158
1.883,4.061
1.865,4.28
1.859,1.954
1.822,0.421
1.663,4.068
1.627,2.499
1.622,2.714
1.529,2.396
1.521,2.945
1.622,3.871
1.622,2.424
1.43,2.387
1.555,2.77
1.428,0.957
1.377,1.929
1.36,1.655
1.364,0.336
1.213,3.648
1.189,1.443
1.26,0.495
1.144,1.311
1.17,3.002
1.026,2.703
1.045,4.151
0.994,3.033
0.87,0.494
0.966,1.561
0.816,0.485
0.77,3.637
0.737,0.475
0.717,2.627
0.834,1.112
0.785,3.495
0.565,4.041
0.512,3.2
0.376,1.724
0.217,2.144
0.291,2.379
0.194,3.066
0.171,2.14
-0.15,1.969
-0.169,3.71
-0.061,1.221
-0.109,3.625
-0.339,1.233
-0.259,4.259
-0.682,2.484
-0.713,1.133
-0.714,2.265
-0.612,1.229
-0.627,1.497
-0.82,2.351
-0.788,0.813
-0.939,4.201
-0.855,2.148
-0.962,2.018
-0.995,2.048
-1.089,4.13
-1.123,3.558
-1.019,1.957
-1.05,2.666
-1.074,2.641
-1.244,2.293
-1.147,1.441
-1.288,0.193
-1.279,0.218
-1.835,0.003
-2.136,0.294
-2.263,0.046
-2.781,-0.077
-2.956,-0.05
2.725,-0.158
2.426,0.328
2.205,-0.016
2.195,-0.073
2.067,0.018
2.014,-0.03
2.003,-0.16
1.716,-0.035
1.628,0.153
1.189,0.247
0.614,-0.16
-0.088,0.145
-0.361,-0.182
-0.908,0.14
-0.987,0.015
-1.2,4.403
-2.094,4.517
2.922,4.389
2.632,4.627
1.681,4.539
1.487,4.405
1.29,4.607
1.02,4.437
0.857,4.46
-2.142,2.51
-2.15,3.723
2.494,0.945
-0.314,0.93
-1.656,1.777
-1.68,1.47
0.777,3.317
-0.443,3.778
-0.773,3.087
-1.46,3.63
-2.153,2.147
-2.447,1.496
2.182,2.981
1.857,3.73
1.81,2.911
1.863,1.161
1.558,2.964
0.351,3.611
-0.46,4.143
-0.863,-0.17
1.855,4.521
-2.772,4.545
-2.554,3.848
0.012,0.073
-0.12,-0.029
-0.971,-0.359
-0.937,-0.204
-1.049,-0.358
-1.046,-0.264
-1.152,-0.323
-1.871,4.308
-2.41,4.096
-2.379,4.416
-2.406,4.289
-3.02,4.37
2.627,4.183
2.603,4.235
2.066,4.344
1.692,4.332
1.562,4.416
1.413,4.274
1.207,4.217
1.167,4.326
0.84,4.319
0.518,4.342
-0.229,4.24
-0.59,4.311
-0.754,4.223
-1.202,4.137
-1.209,1.111
-1.625,2.986
2.541,0.939
2.364,0.675
2.329,2.936
2.235,3.251
1.018,0.498
0.524,2.124
0.111,3.5
1.519,-0.423
-0.054,4.093
-1.251,1.475
-1.253,2.633
-1.453,0.305
-1.432,2.42
-1.427,1.235
-1.445,1.189
-1.675,1.686
-1.682,3.01
-1.547,0.453
-1.679,2.169
-1.73,3.578
-1.744,0.378
-1.796,0.227
-1.848,1.279
-1.869,2.533
-1.738,1.415
-1.904,0.225
-1.813,1.191
-1.926,1.786
-2.035,1.3
-1.95,1.877
-1.982,3.479
-2.107,1.2
-2.104,1.63
-2.009,1.462
-2.076,1.807
-2.261,1.586
-2.374,0.198
-2.388,0.351
-2.333,0.828
-2.467,1.618
-2.513,3.994
-2.611,1.801
-2.705,0.672
-2.833,1.962
-2.949,2.773
3.078,0.834
3.102,0.951
2.917,2.631
3.06,4.02
2.879,0.424
2.857,1.863
2.88,2.543
2.878,1.815
2.834,1.662
2.766,2.864
2.677,1.127
2.515,2.66
2.508,2.641
2.364,1.64
2.388,2.665
2.073,3.959
2.221,2.959
2.039,2.616
2.148,3.529
2.026,2.693
1.93,3.904
1.919,2.087
1.912,0.736
2.006,3.556
1.843,1.519
1.769,0.299
1.892,2.589
1.874,1.856
1.885,2.951
1.83,3.854
1.812,4.073
1.806,1.747
1.769,0.214
1.61,3.861
1.574,2.292
1.569,2.507
1.476,2.189
1.468,2.738
1.569,3.664
1.569,2.217
1.377,2.18
1.502,2.563
1.375,0.75
1.324,1.722
1.307,1.448
1.311,0.129
1.16,3.441
1.136,1.236
1.207,0.288
1.091,1.104
1.117,2.795
0.973,2.496
0.992,3.944
0.941,2.826
0.817,0.287
0.913,1.354
0.763,0.278
0.717,3.43
0.684,0.268
0.664,2.42
0.781,0.905
0.732,3.288
0.512,3.834
0.459,2.993
0.323,1.517
0.164,1.937
0.238,2.172
0.141,2.859
0.118,1.933
-0.203,1.762
-0.222,3.503
-0.114,1.014
-0.162,3.418
-0.392,1.026
-0.312,4.052
-0.735,2.277
-0.766,0.926
-0.767,2.058
-0.665,1.022
-0.68,1.29
-0.873,2.144
-0.841,0.606
-0.992,3.994
-0.908,1.941
-1.015,1.811
-1.048,1.841
-1.142,3.923
-1.176,3.351
-1.072,1.75
-1.103,2.459
-1.127,2.434
-1.297,2.086
-1.2,1.234
-1.341,-0.014
-1.332,0.011
-1.888,-0.204
-2.189,0.087
-2.316,-0.161
-2.834,-0.284
-3.009,-0.257
2.672,-0.365
2.373,0.121
2.152,-0.223
2.142,-0.28
2.014,-0.189
1.961,-0.237
1.95,-0.367
1.663,-0.242
1.575,-0.054
1.136,0.04
0.561,-0.367
-0.141,-0.062
-0.414,-0.389
-0.961,-0.067
-1.04,-0.192
-1.253,4.196
-2.147,4.31
2.869,4.182
2.579,4.42
1.628,4.332
1.434,4.198
1.237,4.4
0.967,4.23
0.804,4.253
-2.195,2.303
-2.203,3.516
2.441,0.738
-0.367,0.723
-1.709,1.57
-1.733,1.263
0.724,3.11
-0.496,3.571
-0.826,2.88
-1.513,3.423
-2.206,1.94
-2.5,1.289
2.129,2.774
1.804,3.523
1.757,2.704
1.81,0.954
1.505,2.757
0.298,3.404
-0.513,3.936
-0.916,-0.377
1.802,4.314
-2.825,4.338
-2.607,3.641
-0.132,-0.102
-0.983,-0.432
-0.949,-0.277
-1.061,-0.431
-1.058,-0.337
-1.164,-0.396
-1.883,4.235
-2.422,4.023
-2.391,4.343
-2.418,4.216
-3.032,4.297
2.615,4.11
2.591,4.162
2.054,4.271
1.68,4.259
1.55,4.343
1.401,4.201
1.195,4.144
1.155,4.253
0.828,4.246
0.506,4.269
-0.241,4.167
-0.602,4.238
-0.766,4.15
-1.214,4.064
-1.221,1.038
-1.637,2.913
2.529,0.866
2.352,0.602
2.317,2.863
2.223,3.178
1.006,0.425
0.512,2.051
0.099,3.427
1.507,-0.496
-0.066,4.02
-1.263,1.402
-1.265,2.56
-1.465,0.232
-1.444,2.347
-1.439,1.162
-1.457,1.116
-1.687,1.613
-1.694,2.937
-1.559,0.38
-1.691,2.096
-1.742,3.505
-1.756,0.305
-1.808,0.154
-1.86,1.206
-1.881,2.46
-1.75,1.342
-1.916,0.152
-1.825,1.118
-1.938,1.713
-2.047,1.227
-1.962,1.804
-1.994,3.406
-2.119,1.127
-2.116,1.557
-2.021,1.389
-2.088,1.734
-2.273,1.513
-2.386,0.125
-2.4,0.278
-2.345,0.755
-2.479,1.545
-2.525,3.921
-2.623,1.728
-2.717,0.599
-2.845,1.889
-2.961,2.7
3.066,0.761
3.09,0.878
2.905,2.558
3.048,3.947
2.867,0.351
2.845,1.79
2.868,2.47
2.866,1.742
2.822,1.589
2.754,2.791
2.665,1.054
2.503,2.587
2.496,2.568
2.352,1.567
2.376,2.592
2.061,3.886
2.209,2.886
2.027,2.543
2.136,3.456
2.014,2.62
1.918,3.831
1.907,2.014
1.9,0.663
1.994,3.483
1.831,1.446
1.757,0.226
1.88,2.516
1.862,1.783
1.873,2.878
1.818,3.781
1.8,4.0
1.794,1.674
1.757,0.141
1.598,3.788
1.562,2.219
1.557,2.434
1.464,2.116
1.456,2.665
1.557,3.591
1.557,2.144
1.365,2.107
1.49,2.49
1.363,0.677
1.312,1.649
1.295,1.375
1.299,0.056
1.148,3.368
1.124,1.163
1.195,0.215
1.079,1.031
1.105,2.722
0.961,2.423
0.98,3.871
0.929,2.753
0.805,0.214
0.901,1.281
0.751,0.205
0.705,3.357
0.672,0.195
0.652,2.347
0.769,0.832
0.72,3.215
0.5,3.761
0.447,2.92
0.311,1.444
0.152,1.864
0.226,2.099
0.129,2.786
0.106,1.86
-0.215,1.689
-0.234,3.43
-0.126,0.941
-0.174,3.345
-0.404,0.953
-0.324,3.979
-0.747,2.204
-0.778,0.853
-0.779,1.985
-0.677,0.949
-0.692,1.217
-0.885,2.071
-0.853,0.533
-1.004,3.921
-0.92,1.868
-1.027,1.738
-1.06,1.768
-1.154,3.85
-1.188,3.278
-1.084,1.677
-1.115,2.386
-1.139,2.361
-1.309,2.013
-1.212,1.161
-1.353,-0.087
-1.344,-0.062
-1.9,-0.277
-2.201,0.014
-2.328,-0.234
-2.846,-0.357
-3.021,-0.33
2.66,-0.438
2.361,0.048
2.14,-0.296
2.13,-0.353
2.002,-0.262
1.949,-0.31
1.938,-0.44
1.651,-0.315
1.563,-0.127
1.124,-0.033
0.549,-0.44
-0.153,-0.135
-0.426,-0.462
-0.973,-0.14
-1.052,-0.265
-1.265,4.123
-2.159,4.237
2.857,4.109
2.567,4.347
1.616,4.259
1.422,4.125
1.225,4.327
0.955,4.157
0.792,4.18
-2.207,2.23
-2.215,3.443
2.429,0.665
-0.379,0.65
-1.721,1.497
-1.745,1.19
0.712,3.037
-0.508,3.498
-0.838,2.807
-1.525,3.35
-2.218,1.867
-2.512,1.216
2.117,2.701
1.792,3.45
1.745,2.631
1.798,0.881
1.493,2.684
0.286,3.331
-0.525,3.863
-0.928,-0.45
1.79,4.241
-2.837,4.265
-2.619,3.568
-0.851,-0.33
-0.817,-0.175
-0.929,-0.329
-0.926,-0.235
-1.032,-0.294
-1.751,4.337
-2.29,4.125
-2.259,4.445
-2.286,4.318
-2.9,4.399
2.747,4.212
2.723,4.264
2.186,4.373
1.812,4.361
1.682,4.445
1.533,4.303
1.327,4.246
1.287,4.355
0.96,4.348
0.638,4.371
-0.109,4.269
-0.47,4.34
-0.634,4.252
-1.082,4.166
-1.089,1.14
-1.505,3.015
2.661,0.968
2.484,0.704
2.449,2.965
2.355,3.28
1.138,0.527
0.644,2.153
0.231,3.529
1.639,-0.394
0.066,4.122
-1.131,1.504
-1.133,2.662
-1.333,0.334
-1.312,2.449
-1.307,1.264
-1.325,1.218
-1.555,1.715
-1.562,3.039
-1.427,0.482
-1.559,2.198
-1.61,3.607
-1.624,0.407
-1.676,0.256
-1.728,1.308
-1.749,2.562
-1.618,1.444
-1.784,0.254
-1.693,1.22
-1.806,1.815
-1.915,1.329
-1.83,1.906
-1.862,3.508
-1.987,1.229
-1.984,1.659
-1.889,1.491
-1.956,1.836
-2.141,1.615
-2.254,0.227
-2.268,0.38
-2.213,0.857
-2.347,1.647
-2.393,4.023
-2.491,1.83
-2.585,0.701
-2.713,1.991
-2.829,2.802
-3.085,0.863
-3.061,0.98
3.037,2.66
-3.103,4.049
2.999,0.453
2.977,1.892
3.0,2.572
2.998,1.844
2.954,1.691
2.886,2.893
2.797,1.156
2.635,2.689
2.628,2.67
2.484,1.669
2.508,2.694
2.193,3.988
2.341,2.988
2.159,2.645
2.268,3.558
2.146,2.722
2.05,3.933
2.039,2.116
2.032,0.765
2.126,3.585
1.963,1.548
1.889,0.328
2.012,2.618
1.994,1.885
2.005,2.98
1.95,3.883
1.932,4.102
1.926,1.776
1.889,0.243
1.73,3.89
1.694,2.321
1.689,2.536
1.596,2.218
1.588,2.767
1.689,3.693
1.689,2.246
1.497,2.209
1.622,2.592
1.495,0.779
1.444,1.751
1.427,1.477
1.431,0.158
1.28,3.47
1.256,1.265
1.327,0.317
1.211,1.133
1.237,2.824
1.093,2.525
1.112,3.973
1.061,2.855
0.937,0.316
1.033,1.383
0.883,0.307
0.837,3.459
0.804,0.297
0.784,2.449
0.901,0.934
0.852,3.317
0.632,3.863
0.579,3.022
0.443,1.546
0.284,1.966
0.358,2.201
0.261,2.888
0.238,1.962
-0.083,1.791
-0.102,3.532
0.006,1.043
-0.042,3.447
-0.272,1.055
-0.192,4.081
-0.615,2.306
-0.646,0.955
-0.647,2.087
-0.545,1.051
-0.56,1.319
-0.753,2.173
-0.721,0.635
-0.872,4.023
-0.788,1.97
-0.895,1.84
-0.928,1.87
-1.022,3.952
-1.056,3.38
-0.952,1.779
-0.983,2.488
-1.007,2.463
-1.177,2.115
-1.08,1.263
-1.221,0.015
-1.212,0.04
-1.768,-0.175
-2.069,0.116
-2.196,-0.132
-2.714,-0.255
-2.889,-0.228
2.792,-0.336
2.493,0.15
2.272,-0.194
2.262,-0.251
2.134,-0.16
2.081,-0.208
2.07,-0.338
1.783,-0.213
1.695,-0.025
1.256,0.069
0.681,-0.338
-0.021,-0.033
-0.294,-0.36
-0.841,-0.038
-0.92,-0.163
-1.133,4.225
-2.027,4.339
2.989,4.211
2.699,4.449
1.748,4.361
1.554,4.227
1.357,4.429
1.087,4.259
0.924,4.282
-2.075,2.332
-2.083,3.545
2.561,0.767
-0.247,0.752
-1.589,1.599
-1.613,1.292
0.844,3.139
-0.376,3.6
-0.706,2.909
-1.393,3.452
-2.086,1.969
-2.38,1.318
2.249,2.803
1.924,3.552
1.877,2.733
1.93,0.983
1.625,2.786
0.418,3.433
-0.393,3.965
-0.796,-0.348
1.922,4.343
-2.705,4.367
-2.487,3.67
0.034,0.155
-0.078,0.001
-0.075,0.095
-0.181,0.036
-0.9,4.667
-1.439,4.455
-1.408,4.775
-1.435,4.648
-2.049,4.729
-2.685,4.542
-2.709,4.594
3.037,4.703
2.663,4.691
2.533,4.775
2.384,4.633
2.178,4.576
2.138,4.685
1.811,4.678
1.489,4.701
0.742,4.599
0.381,4.67
0.217,4.582
-0.231,4.496
-0.238,1.47
-0.654,3.345
-2.771,1.298
-2.948,1.034
-2.983,3.295
-3.077,3.61
1.989,0.857
1.495,2.483
1.082,3.859
2.49,-0.064
0.917,4.452
-0.28,1.834
-0.282,2.992
-0.482,0.664
-0.461,2.779
-0.456,1.594
-0.474,1.548
-0.704,2.045
-0.711,3.369
-0.576,0.812
-0.708,2.528
-0.759,3.937
-0.773,0.737
-0.825,0.586
-0.877,1.638
-0.898,2.892
-0.767,1.774
-0.933,0.584
-0.842,1.55
-0.955,2.145
-1.064,1.659
-0.979,2.236
-1.011,3.838
-1.136,1.559
-1.133,1.989
-1.038,1.821
-1.105,2.166
-1.29,1.945
-1.403,0.557
-1.417,0.71
-1.362,1.187
-1.496,1.977
-1.542,4.353
-1.64,2.16
-1.734,1.031
-1.862,2.321
-1.978,3.132
-2.234,1.193
-2.21,1.31
-2.395,2.99
-2.252,4.379
-2.433,0.783
-2.455,2.222
-2.432,2.902
-2.434,2.174
-2.478,2.021
-2.546,3.223
-2.635,1.486
-2.797,3.019
-2.804,3.0
-2.948,1.999
-2.924,3.024
3.044,4.318
-3.091,3.318
3.01,2.975
3.119,3.888
2.997,3.052
2.901,4.263
2.89,2.446
2.883,1.095
2.977,3.915
2.814,1.878
2.74,0.658
2.863,2.948
2.845,2.215
2.856,3.31
2.801,4.213
2.783,4.432
2.777,2.106
2.74,0.573
2.581,4.22
2.545,2.651
2.54,2.866
2.447,2.548
2.439,3.097
2.54,4.023
2.54,2.576
2.348,2.539
2.473,2.922
2.346,1.109
2.295,2.081
2.278,1.807
2.282,0.488
2.131,3.8
2.107,1.595
2.178,0.647
2.062,1.463
2.088,3.154
1.944,2.855
1.963,4.303
1.912,3.185
1.788,0.646
1.884,1.713
1.734,0.637
1.688,3.789
1.655,0.627
1.635,2.779
1.752,1.264
1.703,3.647
1.483,4.193
1.43,3.352
1.294,1.876
1.135,2.296
1.209,2.531
1.112,3.218
1.089,2.292
0.768,2.121
0.749,3.862
0.857,1.373
0.809,3.777
0.579,1.385
0.659,4.411
0.236,2.636
0.205,1.285
0.204,2.417
0.306,1.381
0.291,1.649
0.098,2.503
0.13,0.965
-0.021,4.353
0.063,2.3
-0.044,2.17
-0.077,2.2
-0.171,4.282
-0.205,3.71
-0.101,2.109
-0.132,2.818
-0.156,2.793
-0.326,2.445
-0.229,1.593
-0.37,0.345
-0.361,0.37
-0.917,0.155
-1.218,0.446
-1.345,0.198
-1.863,0.075
-2.038,0.102
-2.64,-0.006
-2.939,0.48
3.123,0.136
3.113,0.079
2.985,0.17
2.932,0.122
2.921,-0.008
2.634,0.117
2.546,0.305
2.107,0.399
1.532,-0.008
0.83,0.297
0.557,-0.03
0.01,0.292
-0.069,0.167
-0.282,4.555
-1.176,4.669
-2.443,4.541
-2.733,4.779
2.599,4.691
2.405,4.557
2.208,4.759
1.938,4.589
1.775,4.612
-1.224,2.662
-1.232,3.875
-2.871,1.097
0.604,1.082
-0.738,1.929
-0.762,1.622
1.695,3.469
0.475,3.93
0.145,3.239
-0.542,3.782
-1.235,2.299
-1.529,1.648
3.1,3.133
2.775,3.882
2.728,3.063
2.781,1.313
2.476,3.116
1.269,3.763
0.458,4.295
0.055,-0.018
2.773,4.673
-1.854,4.697
-1.636,4.0
-0.112,-0.154
-0.109,-0.06
-0.215,-0.119
-0.934,4.512
-1.473,4.3
-1.442,4.62
-1.469,4.493
-2.083,4.574
-2.719,4.387
-2.743,4.439
3.003,4.548
2.629,4.536
2.499,4.62
2.35,4.478
2.144,4.421
2.104,4.53
1.777,4.523
1.455,4.546
0.708,4.444
0.347,4.515
0.183,4.427
-0.265,4.341
-0.272,1.315
-0.688,3.19
-2.805,1.143
-2.982,0.879
-3.017,3.14
-3.111,3.455
1.955,0.702
1.461,2.328
1.048,3.704
2.456,-0.219
0.883,4.297
-0.314,1.679
-0.316,2.837
-0.516,0.509
-0.495,2.624
-0.49,1.439
-0.508,1.393
-0.738,1.89
-0.745,3.214
-0.61,0.657
-0.742,2.373
-0.793,3.782
-0.807,0.582
-0.859,0.431
-0.911,1.483
-0.932,2.737
-0.801,1.619
-0.967,0.429
-0.876,1.395
-0.989,1.99
-1.098,1.504
-1.013,2.081
-1.045,3.683
-1.17,1.404
-1.167,1.834
-1.072,1.666
-1.139,2.011
-1.324,1.79
-1.437,0.402
-1.451,0.555
-1.396,1.032
-1.53,1.822
-1.576,4.198
-1.674,2.005
-1.768,0.876
-1.896,2.166
-2.012,2.977
-2.268,1.038
-2.244,1.155
-2.429,2.835
-2.286,4.224
-2.467,0.628
-2.489,2.067
-2.466,2.747
-2.468,2.019
-2.512,1.866
-2.58,3.068
-2.669,1.331
-2.831,2.864
-2.838,2.845
-2.982,1.844
-2.958,2.869
3.01,4.163
-3.125,3.163
2.976,2.82
3.085,3.733
2.963,2.897
2.867,4.108
2.856,2.291
2.849,0.94
2.943,3.76
2.78,1.723
2.706,0.503
2.829,2.793
2.811,2.06
2.822,3.155
2.767,4.058
2.749,4.277
2.743,1.951
2.706,0.418
2.547,4.065
2.511,2.496
2.506,2.711
2.413,2.393
2.405,2.942
2.506,3.868
2.506,2.421
2.314,2.384
2.439,2.767
2.312,0.954
2.261,1.926
2.244,1.652
2.248,0.333
2.097,3.645
2.073,1.44
2.144,0.492
2.028,1.308
2.054,2.999
1.91,2.7
1.929,4.148
1.878,3.03
1.754,0.491
1.85,1.558
1.7,0.482
1.654,3.634
1.621,0.472
1.601,2.624
1.718,1.109
1.669,3.492
1.449,4.038
1.396,3.197
1.26,1.721
1.101,2.141
1.175,2.376
1.078,3.063
1.055,2.137
0.734,1.966
0.715,3.707
0.823,1.218
0.775,3.622
0.545,1.23
0.625,4.256
0.202,2.481
0.171,1.13
0.17,2.262
0.272,1.226
0.257,1.494
0.064,2.348
0.096,0.81
-0.055,4.198
0.029,2.145
-0.078,2.015
-0.111,2.045
-0.205,4.127
-0.239,3.555
-0.135,1.954
-0.166,2.663
-0.19,2.638
-0.36,2.29
-0.263,1.438
-0.404,0.19
-0.395,0.215
-0.951,0.0
-1.252,0.291
-1.379,0.043
-1.897,-0.08
-2.072,-0.053
-2.674,-0.161
-2.973,0.325
3.089,-0.019
3.079,-0.076
2.951,0.015
2.898,-0.033
2.887,-0.163
2.6,-0.038
2.512,0.15
2.073,0.244
1.498,-0.163
0.796,0.142
0.523,-0.185
-0.024,0.137
-0.103,0.012
-0.316,4.4
-1.21,4.514
-2.477,4.386
-2.767,4.624
2.565,4.536
2.371,4.402
2.174,4.604
1.904,4.434
1.741,4.457
-1.258,2.507
-1.266,3.72
-2.905,0.942
0.57,0.927
-0.772,1.774
-0.796,1.467
1.661,3.314
0.441,3.775
0.111,3.084
-0.576,3.627
-1.269,2.144
-1.563,1.493
3.066,2.978
2.741,3.727
2.694,2.908
2.747,1.158
2.442,2.961
1.235,3.608
0.424,4.14
0.021,-0.173
2.739,4.518
-1.888,4.542
-1.67,3.845
0.003,0.094
-0.103,0.035
-0.822,4.666
-1.361,4.454
-1.33,4.774
-1.357,4.647
-1.971,4.728
-2.607,4.541
-2.631,4.593
3.115,4.702
2.741,4.69
2.611,4.774
2.462,4.632
2.256,4.575
2.216,4.684
1.889,4.677
1.567,4.7
0.82,4.598
0.459,4.669
0.295,4.581
-0.153,4.495
-0.16,1.469
-0.576,3.344
-2.693,1.297
-2.87,1.033
-2.905,3.294
-2.999,3.609
2.067,0.856
1.573,2.482
1.16,3.858
2.568,-0.065
0.995,4.451
-0.202,1.833
-0.204,2.991
-0.404,0.663
-0.383,2.778
-0.378,1.593
-0.396,1.547
-0.626,2.044
-0.633,3.368
-0.498,0.811
-0.63,2.527
-0.681,3.936
-0.695,0.736
-0.747,0.585
-0.799,1.637
-0.82,2.891
-0.689,1.773
-0.855,0.583
-0.764,1.549
-0.877,2.144
-0.986,1.658
-0.901,2.235
-0.933,3.837
-1.058,1.558
-1.055,1.988
-0.96,1.82
-1.027,2.165
-1.212,1.944
-1.325,0.556
-1.339,0.709
-1.284,1.186
-1.418,1.976
-1.464,4.352
-1.562,2.159
-1.656,1.03
-1.784,2.32
-1.9,3.131
-2.156,1.192
-2.132,1.309
-2.317,2.989
-2.174,4.378
-2.355,0.782
-2.377,2.221
-2.354,2.901
-2.356,2.173
-2.4,2.02
-2.468,3.222
-2.557,1.485
-2.719,3.018
-2.726,2.999
-2.87,1.998
-2.846,3.023
3.122,4.317
-3.013,3.317
3.088,2.974
-3.086,3.887
3.075,3.051
2.979,4.262
2.968,2.445
2.961,1.094
3.055,3.914
2.892,1.877
2.818,0.657
2.941,2.947
2.923,2.214
2.934,3.309
2.879,4.212
2.861,4.431
2.855,2.105
2.818,0.572
2.659,4.219
2.623,2.65
2.618,2.865
2.525,2.547
2.517,3.096
2.618,4.022
2.618,2.575
2.426,2.538
2.551,2.921
2.424,1.108
2.373,2.08
2.356,1.806
2.36,0.487
2.209,3.799
2.185,1.594
2.256,0.646
2.14,1.462
2.166,3.153
2.022,2.854
2.041,4.302
1.99,3.184
1.866,0.645
1.962,1.712
1.812,0.636
1.766,3.788
1.733,0.626
1.713,2.778
1.83,1.263
1.781,3.646
1.561,4.192
1.508,3.351
1.372,1.875
1.213,2.295
1.287,2.53
1.19,3.217
1.167,2.291
0.846,2.12
0.827,3.861
0.935,1.372
0.887,3.776
0.657,1.384
0.737,4.41
0.314,2.635
0.283,1.284
0.282,2.416
0.384,1.38
0.369,1.648
0.176,2.502
0.208,0.964
0.057,4.352
0.141,2.299
0.034,2.169
0.001,2.199
-0.093,4.281
-0.127,3.709
-0.023,2.108
-0.054,2.817
-0.078,2.792
-0.248,2.444
-0.151,1.592
-0.292,0.344
-0.283,0.369
-0.839,0.154
-1.14,0.445
-1.267,0.197
-1.785,0.074
-1.96,0.101
-2.562,-0.007
-2.861,0.479
-3.082,0.135
-3.092,0.078
3.063,0.169
3.01,0.121
2.999,-0.009
2.712,0.116
2.624,0.304
2.185,0.398
1.61,-0.009
0.908,0.296
0.635,-0.031
0.088,0.291
0.009,0.166
-0.204,4.554
-1.098,4.668
-2.365,4.54
-2.655,4.778
2.677,4.69
2.483,4.556
2.286,4.758
2.016,4.588
1.853,4.611
-1.146,2.661
-1.154,3.874
-2.793,1.096
0.682,1.081
-0.66,1.928
-0.684,1.621
1.773,3.468
0.553,3.929
0.223,3.238
-0.464,3.781
-1.157,2.298
-1.451,1.647
-3.105,3.132
2.853,3.881
2.806,3.062
2.859,1.312
2.554,3.115
1.347,3.762
0.536,4.294
0.133,-0.019
2.851,4.672
-1.776,4.696
-1.558,3.999
-0.106,-0.059
-0.825,4.572
-1.364,4.36
-1.333,4.68
-1.36,4.553
-1.974,4.634
-2.61,4.447
-2.634,4.499
3.112,4.608
2.738,4.596
2.608,4.68
2.459,4.538
2.253,4.481
2.213,4.59
1.886,4.583
1.564,4.606
0.817,4.504
0.456,4.575
0.292,4.487
-0.156,4.401
-0.163,1.375
-0.579,3.25
-2.696,1.203
-2.873,0.939
-2.908,3.2
-3.002,3.515
2.064,0.762
1.57,2.388
1.157,3.764
2.565,-0.159
0.992,4.357
-0.205,1.739
-0.207,2.897
-0.407,0.569
-0.386,2.684
-0.381,1.499
-0.399,1.453
-0.629,1.95
-0.636,3.274
-0.501,0.717
-0.633,2.433
-0.684,3.842
-0.698,0.642
-0.75,0.491
-0.802,1.543
-0.823,2.797
-0.692,1.679
-0.858,0.489
-0.767,1.455
-0.88,2.05
-0.989,1.564
-0.904,2.141
-0.936,3.743
-1.061,1.464
-1.058,1.894
-0.963,1.726
-1.03,2.071
-1.215,1.85
-1.328,0.462
-1.342,0.615
-1.287,1.092
-1.421,1.882
-1.467,4.258
-1.565,2.065
-1.659,0.936
-1.787,2.226
-1.903,3.037
-2.159,1.098
-2.135,1.215
-2.32,2.895
-2.177,4.284
-2.358,0.688
-2.38,2.127
-2.357,2.807
-2.359,2.079
-2.403,1.926
-2.471,3.128
-2.56,1.391
-2.722,2.924
-2.729,2.905
-2.873,1.904
-2.849,2.929
3.119,4.223
-3.016,3.223
3.085,2.88
-3.089,3.793
3.072,2.957
2.976,4.168
2.965,2.351
2.958,1.0
3.052,3.82
2.889,1.783
2.815,0.563
2.938,2.853
2.92,2.12
2.931,3.215
2.876,4.118
2.858,4.337
2.852,2.011
2.815,0.478
2.656,4.125
2.62,2.556
2.615,2.771
2.522,2.453
2.514,3.002
2.615,3.928
2.615,2.481
2.423,2.444
2.548,2.827
2.421,1.014
2.37,1.986
2.353,1.712
2.357,0.393
2.206,3.705
2.182,1.5
2.253,0.552
2.137,1.368
2.163,3.059
2.019,2.76
2.038,4.208
1.987,3.09
1.863,0.551
1.959,1.618
1.809,0.542
1.763,3.694
1.73,0.532
1.71,2.684
1.827,1.169
1.778,3.552
1.558,4.098
1.505,3.257
1.369,1.781
1.21,2.201
1.284,2.436
1.187,3.123
1.164,2.197
0.843,2.026
0.824,3.767
0.932,1.278
0.884,3.682
0.654,1.29
0.734,4.316
0.311,2.541
0.28,1.19
0.279,2.322
0.381,1.286
0.366,1.554
0.173,2.408
0.205,0.87
0.054,4.258
0.138,2.205
0.031,2.075
-0.002,2.105
-0.096,4.187
-0.13,3.615
-0.026,2.014
-0.057,2.723
-0.081,2.698
-0.251,2.35
-0.154,1.498
-0.295,0.25
-0.286,0.275
-0.842,0.06
-1.143,0.351
-1.27,0.103
-1.788,-0.02
-1.963,0.007
-2.565,-0.101
-2.864,0.385
-3.085,0.041
-3.095,-0.016
3.06,0.075
3.007,0.027
2.996,-0.103
2.709,0.022
2.621,0.21
2.182,0.304
1.607,-0.103
0.905,0.202
0.632,-0.125
0.085,0.197
0.006,0.072
-0.207,4.46
-1.101,4.574
-2.368,4.446
-2.658,4.684
2.674,4.596
2.48,4.462
2.283,4.664
2.013,4.494
1.85,4.517
-1.149,2.567
-1.157,3.78
-2.796,1.002
0.679,0.987
-0.663,1.834
-0.687,1.527
1.77,3.374
0.55,3.835
0.22,3.144
-0.467,3.687
-1.16,2.204
-1.454,1.553
-3.108,3.038
2.85,3.787
2.803,2.968
2.856,1.218
2.551,3.021
1.344,3.668
0.533,4.2
0.13,-0.113
2.848,4.578
-1.779,4.602
-1.561,3.905
-0.719,4.631
-1.258,4.419
-1.227,4.739
-1.254,4.612
-1.868,4.693
-2.504,4.506
-2.528,4.558
-3.065,4.667
2.844,4.655
2.714,4.739
2.565,4.597
2.359,4.54
2.319,4.649
1.992,4.642
1.67,4.665
0.923,4.563
0.562,4.634
0.398,4.546
-0.05,4.46
-0.057,1.434
-0.473,3.309
-2.59,1.262
-2.767,0.998
-2.802,3.259
-2.896,3.574
2.17,0.821
1.676,2.447
1.263,3.823
2.671,-0.1
1.098,4.416
-0.099,1.798
-0.101,2.956
-0.301,0.628
-0.28,2.743
-0.275,1.558
-0.293,1.512
-0.523,2.009
-0.53,3.333
-0.395,0.776
-0.527,2.492
-0.578,3.901
-0.592,0.701
-0.644,0.55
-0.696,1.602
-0.717,2.856
-0.586,1.738
-0.752,0.548
-0.661,1.514
-0.774,2.109
-0.883,1.623
-0.798,2.2
-0.83,3.802
-0.955,1.523
-0.952,1.953
-0.857,1.785
-0.924,2.13
-1.109,1.909
-1.222,0.521
-1.236,0.674
-1.181,1.151
-1.315,1.941
-1.361,4.317
-1.459,2.124
-1.553,0.995
-1.681,2.285
-1.797,3.096
-2.053,1.157
-2.029,1.274
-2.214,2.954
-2.071,4.343
-2.252,0.747
-2.274,2.186
-2.251,2.866
-2.253,2.138
-2.297,1.985
-2.365,3.187
-2.454,1.45
-2.616,2.983
-2.623,2.964
-2.767,1.963
-2.743,2.988
-3.058,4.282
-2.91,3.282
-3.092,2.939
-2.983,3.852
-3.105,3.016
3.082,4.227
3.071,2.41
3.064,1.059
-3.125,3.879
2.995,1.842
2.921,0.622
3.044,2.912
3.026,2.179
3.037,3.274
2.982,4.177
2.964,4.396
2.958,2.07
2.921,0.537
2.762,4.184
2.726,2.615
2.721,2.83
2.628,2.512
2.62,3.061
2.721,3.987
2.721,2.54
2.529,2.503
2.654,2.886
2.527,1.073
2.476,2.045
2.459,1.771
2.463,0.452
2.312,3.764
2.288,1.559
2.359,0.611
2.243,1.427
2.269,3.118
2.125,2.819
2.144,4.267
2.093,3.149
1.969,0.61
2.065,1.677
1.915,0.601
1.869,3.753
1.836,0.591
1.816,2.743
1.933,1.228
1.884,3.611
1.664,4.157
1.611,3.316
1.475,1.84
1.316,2.26
1.39,2.495
1.293,3.182
1.27,2.256
0.949,2.085
0.93,3.826
1.038,1.337
0.99,3.741
0.76,1.349
0.84,4.375
0.417,2.6
0.386,1.249
0.385,2.381
0.487,1.345
0.472,1.613
0.279,2.467
0.311,0.929
0.16,4.317
0.244,2.264
0.137,2.134
0.104,2.164
0.01,4.246
-0.024,3.674
0.08,2.073
0.049,2.782
0.025,2.757
-0.145,2.409
-0.048,1.557
-0.189,0.309
-0.18,0.334
-0.736,0.119
-1.037,0.41
-1.164,0.162
-1.682,0.039
-1.857,0.066
-2.459,-0.042
-2.758,0.444
-2.979,0.1
-2.989,0.043
-3.117,0.134
3.113,0.086
3.102,-0.044
2.815,0.081
2.727,0.269
2.288,0.363
1.713,-0.044
1.011,0.261
0.738,-0.066
0.191,0.256
0.112,0.131
-0.101,4.519
-0.995,4.633
-2.262,4.505
-2.552,4.743
2.78,4.655
2.586,4.521
2.389,4.723
2.119,4.553
1.956,4.576
-1.043,2.626
-1.051,3.839
-2.69,1.061
0.785,1.046
-0.557,1.893
-0.581,1.586
1.876,3.433
0.656,3.894
0.326,3.203
-0.361,3.746
-1.054,2.263
-1.348,1.612
-3.002,3.097
2.956,3.846
2.909,3.027
2.962,1.277
2.657,3.08
1.45,3.727
0.639,4.259
0.236,-0.054
2.954,4.637
-1.673,4.661
-1.455,3.964
-0.539,-0.212
-0.508,0.108
-0.535,-0.019
-1.149,0.062
-1.785,-0.125
-1.809,-0.073
-2.346,0.036
-2.72,0.024
-2.85,0.108
-2.999,-0.034
3.078,-0.091
3.038,0.018
2.711,0.011
2.389,0.034
1.642,-0.068
1.281,0.003
1.117,-0.085
0.669,-0.171
0.662,-3.197
0.246,-1.322
-1.871,-3.369
-2.048,-3.633
-2.083,-1.372
-2.177,-1.057
2.889,-3.81
2.395,-2.184
1.982,-0.808
-2.893,-4.731
1.817,-0.215
0.62,-2.833
0.618,-1.675
0.418,-4.003
0.439,-1.888
0.444,-3.073
0.426,-3.119
0.196,-2.622
0.189,-1.298
0.324,-3.855
0.192,-2.139
0.141,-0.73
0.127,-3.93
0.075,-4.081
0.023,-3.029
0.002,-1.775
0.133,-2.893
-0.033,-4.083
0.058,-3.117
-0.055,-2.522
-0.164,-3.008
-0.079,-2.431
-0.111,-0.829
-0.236,-3.108
-0.233,-2.678
-0.138,-2.846
-0.205,-2.501
-0.39,-2.722
-0.503,-4.11
-0.517,-3.957
-0.462,-3.48
-0.596,-2.69
-0.642,-0.314
-0.74,-2.507
-0.834,-3.636
-0.962,-2.346
-1.078,-1.535
-1.334,-3.474
-1.31,-3.357
-1.495,-1.677
-1.352,-0.288
-1.533,-3.884
-1.555,-2.445
-1.532,-1.765
-1.534,-2.493
-1.578,-2.646
-1.646,-1.444
-1.735,-3.181
-1.897,-1.648
-1.904,-1.667
-2.048,-2.668
-2.024,-1.643
-2.339,-0.349
-2.191,-1.349
-2.373,-1.692
-2.264,-0.779
-2.386,-1.615
-2.482,-0.404
-2.493,-2.221
-2.5,-3.572
-2.406,-0.752
-2.569,-2.789
-2.643,-4.009
-2.52,-1.719
-2.538,-2.452
-2.527,-1.357
-2.582,-0.454
-2.6,-0.235
-2.606,-2.561
-2.643,-4.094
-2.802,-0.447
-2.838,-2.016
-2.843,-1.801
-2.936,-2.119
-2.944,-1.57
-2.843,-0.644
-2.843,-2.091
-3.035,-2.128
-2.91,-1.745
-3.037,-3.558
-3.088,-2.586
-3.105,-2.86
-3.101,-4.179
3.031,-0.867
3.007,-3.072
3.078,-4.02
2.962,-3.204
2.988,-1.513
2.844,-1.812
2.863,-0.364
2.812,-1.482
2.688,-4.021
2.784,-2.954
2.634,-4.03
2.588,-0.878
2.555,-4.04
2.535,-1.888
2.652,-3.403
2.603,-1.02
2.383,-0.474
2.33,-1.315
2.194,-2.791
2.035,-2.371
2.109,-2.136
2.012,-1.449
1.989,-2.375
1.668,-2.546
1.649,-0.805
1.757,-3.294
1.709,-0.89
1.479,-3.282
1.559,-0.256
1.136,-2.031
1.105,-3.382
1.104,-2.25
1.206,-3.286
1.191,-3.018
0.998,-2.164
1.03,-3.702
0.879,-0.314
0.963,-2.367
0.856,-2.497
0.823,-2.467
0.729,-0.385
0.695,-0.957
0.799,-2.558
0.768,-1.849
0.744,-1.874
0.574,-2.222
0.671,-3.074
0.53,-4.322
0.539,-4.297
-0.017,-4.512
-0.318,-4.221
-0.445,-4.469
-0.963,-4.592
-1.138,-4.565
-1.74,-4.673
-2.039,-4.187
-2.26,-4.531
-2.27,-4.588
-2.398,-4.497
-2.451,-4.545
-2.462,-4.675
-2.749,-4.55
-2.837,-4.362
3.007,-4.268
2.432,-4.675
1.73,-4.37
1.457,-4.697
0.91,-4.375
0.831,-4.5
0.618,-0.112
-0.276,0.002
-1.543,-0.126
-1.833,0.112
-2.784,0.024
-2.978,-0.11
3.108,0.092
2.838,-0.078
2.675,-0.055
-0.324,-2.005
-0.332,-0.792
-1.971,-3.57
1.504,-3.585
0.162,-2.738
0.138,-3.045
2.595,-1.198
1.375,-0.737
1.045,-1.428
0.358,-0.885
-0.335,-2.368
-0.629,-3.019
-2.283,-1.534
-2.608,-0.785
-2.655,-1.604
-2.602,-3.354
-2.907,-1.551
2.169,-0.904
1.358,-0.372
0.955,-4.685
-2.61,0.006
-0.954,0.03
-0.736,-0.667
0.031,0.32
0.004,0.193
-0.61,0.274
-1.246,0.087
-1.27,0.139
-1.807,0.248
-2.181,0.236
-2.311,0.32
-2.46,0.178
-2.666,0.121
-2.706,0.23
-3.033,0.223
2.928,0.246
2.181,0.144
1.82,0.215
1.656,0.127
1.208,0.041
1.201,-2.985
0.785,-1.11
-1.332,-3.157
-1.509,-3.421
-1.544,-1.16
-1.638,-0.845
-2.855,-3.598
2.934,-1.972
2.521,-0.596
-2.354,-4.519
2.356,-0.003
1.159,-2.621
1.157,-1.463
0.957,-3.791
0.978,-1.676
0.983,-2.861
0.965,-2.907
0.735,-2.41
0.728,-1.086
0.863,-3.643
0.731,-1.927
0.68,-0.518
0.666,-3.718
0.614,-3.869
0.562,-2.817
0.541,-1.563
0.672,-2.681
0.506,-3.871
0.597,-2.905
0.484,-2.31
0.375,-2.796
0.46,-2.219
0.428,-0.617
0.303,-2.896
0.306,-2.466
0.401,-2.634
0.334,-2.289
0.149,-2.51
0.036,-3.898
0.022,-3.745
0.077,-3.268
-0.057,-2.478
-0.103,-0.102
-0.201,-2.295
-0.295,-3.424
-0.423,-2.134
-0.539,-1.323
-0.795,-3.262
-0.771,-3.145
-0.956,-1.465
-0.813,-0.076
-0.994,-3.672
-1.016,-2.233
-0.993,-1.553
-0.995,-2.281
-1.039,-2.434
-1.107,-1.232
-1.196,-2.969
-1.358,-1.436
-1.365,-1.455
-1.509,-2.456
-1.485,-1.431
-1.8,-0.137
-1.652,-1.137
-1.834,-1.48
-1.725,-0.567
-1.847,-1.403
-1.943,-0.192
-1.954,-2.009
-1.961,-3.36
-1.867,-0.54
-2.03,-2.577
-2.104,-3.797
-1.981,-1.507
-1.999,-2.24
-1.988,-1.145
-2.043,-0.242
-2.061,-0.023
-2.067,-2.349
-2.104,-3.882
-2.263,-0.235
-2.299,-1.804
-2.304,-1.589
-2.397,-1.907
-2.405,-1.358
-2.304,-0.432
-2.304,-1.879
-2.496,-1.916
-2.371,-1.533
-2.498,-3.346
-2.549,-2.374
-2.566,-2.648
-2.562,-3.967
-2.713,-0.655
-2.737,-2.86
-2.666,-3.808
-2.782,-2.992
-2.756,-1.301
-2.9,-1.6
-2.881,-0.152
-2.932,-1.27
-3.056,-3.809
-2.96,-2.742
-3.11,-3.818
3.127,-0.666
3.094,-3.828
3.074,-1.676
-3.092,-3.191
-3.141,-0.808
2.922,-0.262
2.869,-1.103
2.733,-2.579
2.574,-2.159
2.648,-1.924
2.551,-1.237
2.528,-2.163
2.207,-2.334
2.188,-0.593
2.296,-3.082
2.248,-0.678
2.018,-3.07
2.098,-0.044
1.675,-1.819
1.644,-3.17
1.643,-2.038
1.745,-3.074
1.73,-2.806
1.537,-1.952
1.569,-3.49
1.418,-0.102
1.502,-2.155
1.395,-2.285
1.362,-2.255
1.268,-0.173
1.234,-0.745
1.338,-2.346
1.307,-1.637
1.283,-1.662
1.113,-2.01
1.21,-2.862
1.069,-4.11
1.078,-4.085
0.522,-4.3
0.221,-4.009
0.094,-4.257
-0.424,-4.38
-0.599,-4.353
-1.201,-4.461
-1.5,-3.975
-1.721,-4.319
-1.731,-4.376
-1.859,-4.285
-1.912,-4.333
-1.923,-4.463
-2.21,-4.338
-2.298,-4.15
-2.737,-4.056
2.971,-4.463
2.269,-4.158
1.996,-4.485
1.449,-4.163
1.37,-4.288
1.157,0.1
0.263,0.214
-1.004,0.086
-1.294,0.324
-2.245,0.236
-2.439,0.102
-2.636,0.304
-2.906,0.134
-3.069,0.157
0.215,-1.793
0.207,-0.58
-1.432,-3.358
2.043,-3.373
0.701,-2.526
0.677,-2.833
3.134,-0.986
1.914,-0.525
1.584,-1.216
0.897,-0.673
0.204,-2.156
-0.09,-2.807
-1.744,-1.322
-2.069,-0.573
-2.116,-1.392
-2.063,-3.142
-2.368,-1.339
2.708,-0.692
1.897,-0.16
1.494,-4.473
-2.071,0.218
-0.415,0.242
-0.197,-0.455
-0.027,-0.127
-0.641,-0.046
-1.277,-0.233
-1.301,-0.181
-1.838,-0.072
-2.212,-0.084
-2.342,0.0
-2.491,-0.142
-2.697,-0.199
-2.737,-0.09
-3.064,-0.097
2.897,-0.074
2.15,-0.176
1.789,-0.105
1.625,-0.193
1.177,-0.279
1.17,-3.305
0.754,-1.43
-1.363,-3.477
-1.54,-3.741
-1.575,-1.48
-1.669,-1.165
-2.886,-3.918
2.903,-2.292
2.49,-0.916
-2.385,-4.839
2.325,-0.323
1.128,-2.941
1.126,-1.783
0.926,-4.111
0.947,-1.996
0.952,-3.181
0.934,-3.227
0.704,-2.73
0.697,-1.406
0.832,-3.963
0.7,-2.247
0.649,-0.838
0.635,-4.038
0.583,-4.189
0.531,-3.137
0.51,-1.883
0.641,-3.001
0.475,-4.191
0.566,-3.225
0.453,-2.63
0.344,-3.116
0.429,-2.539
0.397,-0.937
0.272,-3.216
0.275,-2.786
0.37,-2.954
0.303,-2.609
0.118,-2.83
0.005,-4.218
-0.009,-4.065
0.046,-3.588
-0.088,-2.798
-0.134,-0.422
-0.232,-2.615
-0.326,-3.744
-0.454,-2.454
-0.57,-1.643
-0.826,-3.582
-0.802,-3.465
-0.987,-1.785
-0.844,-0.396
-1.025,-3.992
-1.047,-2.553
-1.024,-1.873
-1.026,-2.601
-1.07,-2.754
-1.138,-1.552
-1.227,-3.289
-1.389,-1.756
-1.396,-1.775
-1.54,-2.776
-1.516,-1.751
-1.831,-0.457
-1.683,-1.457
-1.865,-1.8
-1.756,-0.887
-1.878,-1.723
-1.974,-0.512
-1.985,-2.329
-1.992,-3.68
-1.898,-0.86
-2.061,-2.897
-2.135,-4.117
-2.012,-1.827
-2.03,-2.56
-2.019,-1.465
-2.074,-0.562
-2.092,-0.343
-2.098,-2.669
-2.135,-4.202
-2.294,-0.555
-2.33,-2.124
-2.335,-1.909
-2.428,-2.227
-2.436,-1.678
-2.335,-0.752
-2.335,-2.199
-2.527,-2.236
-2.402,-1.853
-2.529,-3.666
-2.58,-2.694
-2.597,-2.968
-2.593,-4.287
-2.744,-0.975
-2.768,-3.18
-2.697,-4.128
-2.813,-3.312
-2.787,-1.621
-2.931,-1.92
-2.912,-0.472
-2.963,-1.59
-3.087,-4.129
-2.991,-3.062
-3.141,-4.138
3.096,-0.986
3.063,-4.148
3.043,-1.996
-3.123,-3.511
3.111,-1.128
2.891,-0.582
2.838,-1.423
2.702,-2.899
2.543,-2.479
2.617,-2.244
2.52,-1.557
2.497,-2.483
2.176,-2.654
2.157,-0.913
2.265,-3.402
2.217,-0.998
1.987,-3.39
2.067,-0.364
1.644,-2.139
1.613,-3.49
1.612,-2.358
1.714,-3.394
1.699,-3.126
1.506,-2.272
1.538,-3.81
1.387,-0.422
1.471,-2.475
1.364,-2.605
1.331,-2.575
1.237,-0.493
1.203,-1.065
1.307,-2.666
1.276,-1.957
1.252,-1.982
1.082,-2.33
1.179,-3.182
1.038,-4.43
1.047,-4.405
0.491,-4.62
0.19,-4.329
0.063,-4.577
-0.455,-4.7
-0.63,-4.673
-1.232,-4.781
-1.531,-4.295
-1.752,-4.639
-1.762,-4.696
-1.89,-4.605
-1.943,-4.653
-1.954,-4.783
-2.241,-4.658
-2.329,-4.47
-2.768,-4.376
2.94,-4.783
2.238,-4.478
1.965,-4.805
1.418,-4.483
1.339,-4.608
1.126,-0.22
0.232,-0.106
-1.035,-0.234
-1.325,0.004
-2.276,-0.084
-2.47,-0.218
-2.667,-0.016
-2.937,-0.186
-3.1,-0.163
0.184,-2.113
0.176,-0.9
-1.463,-3.678
2.012,-3.693
0.67,-2.846
0.646,-3.153
3.103,-1.306
1.883,-0.845
1.553,-1.536
0.866,-0.993
0.173,-2.476
-0.121,-3.127
-1.775,-1.642
-2.1,-0.893
-2.147,-1.712
-2.094,-3.462
-2.399,-1.659
2.677,-1.012
1.866,-0.48
1.463,-4.793
-2.102,-0.102
-0.446,-0.078
-0.228,-0.775
-0.614,0.081
-1.25,-0.106
-1.274,-0.054
-1.811,0.055
-2.185,0.043
-2.315,0.127
-2.464,-0.015
-2.67,-0.072
-2.71,0.037
-3.037,0.03
2.924,0.053
2.177,-0.049
1.816,0.022
1.652,-0.066
1.204,-0.152
1.197,-3.178
0.781,-1.303
-1.336,-3.35
-1.513,-3.614
-1.548,-1.353
-1.642,-1.038
-2.859,-3.791
2.93,-2.165
2.517,-0.789
-2.358,-4.712
2.352,-0.196
1.155,-2.814
1.153,-1.656
0.953,-3.984
0.974,-1.869
0.979,-3.054
0.961,-3.1
0.731,-2.603
0.724,-1.279
0.859,-3.836
0.727,-2.12
0.676,-0.711
0.662,-3.911
0.61,-4.062
0.558,-3.01
0.537,-1.756
0.668,-2.874
0.502,-4.064
0.593,-3.098
0.48,-2.503
0.371,-2.989
0.456,-2.412
0.424,-0.81
0.299,-3.089
0.302,-2.659
0.397,-2.827
0.33,-2.482
0.145,-2.703
0.032,-4.091
0.018,-3.938
0.073,-3.461
-0.061,-2.671
-0.107,-0.295
-0.205,-2.488
-0.299,-3.617
-0.427,-2.327
-0.543,-1.516
-0.799,-3.455
-0.775,-3.338
-0.96,-1.658
-0.817,-0.269
-0.998,-3.865
-1.02,-2.426
-0.997,-1.746
-0.999,-2.474
-1.043,-2.627
-1.111,-1.425
-1.2,-3.162
-1.362,-1.629
-1.369,-1.648
-1.513,-2.649
-1.489,-1.624
-1.804,-0.33
-1.656,-1.33
-1.838,-1.673
-1.729,-0.76
-1.851,-1.596
-1.947,-0.385
-1.958,-2.202
-1.965,-3.553
-1.871,-0.733
-2.034,-2.77
-2.108,-3.99
-1.985,-1.7
-2.003,-2.433
-1.992,-1.338
-2.047,-0.435
-2.065,-0.216
-2.071,-2.542
-2.108,-4.075
-2.267,-0.428
-2.303,-1.997
-2.308,-1.782
-2.401,-2.1
-2.409,-1.551
-2.308,-0.625
-2.308,-2.072
-2.5,-2.109
-2.375,-1.726
-2.502,-3.539
-2.553,-2.567
-2.57,-2.841
-2.566,-4.16
-2.717,-0.848
-2.741,-3.053
-2.67,-4.001
-2.786,-3.185
-2.76,-1.494
-2.904,-1.793
-2.885,-0.345
-2.936,-1.463
-3.06,-4.002
-2.964,-2.935
-3.114,-4.011
3.123,-0.859
3.09,-4.021
3.07,-1.869
-3.096,-3.384
3.138,-1.001
2.918,-0.455
2.865,-1.296
2.729,-2.772
2.57,-2.352
2.644,-2.117
2.547,-1.43
2.524,-2.356
2.203,-2.527
2.184,-0.786
2.292,-3.275
2.244,-0.871
2.014,-3.263
2.094,-0.237
1.671,-2.012
1.64,-3.363
1.639,-2.231
1.741,-3.267
1.726,-2.999
1.533,-2.145
1.565,-3.683
1.414,-0.295
1.498,-2.348
1.391,-2.478
1.358,-2.448
1.264,-0.366
1.23,-0.938
1.334,-2.539
1.303,-1.83
1.279,-1.855
1.109,-2.203
1.206,-3.055
1.065,-4.303
1.074,-4.278
0.518,-4.493
0.217,-4.202
0.09,-4.45
-0.428,-4.573
-0.603,-4.546
-1.205,-4.654
-1.504,-4.168
-1.725,-4.512
-1.735,-4.569
-1.863,-4.478
-1.916,-4.526
-1.927,-4.656
-2.214,-4.531
-2.302,-4.343
-2.741,-4.249
2.967,-4.656
2.265,-4.351
1.992,-4.678
1.445,-4.356
1.366,-4.481
1.153,-0.093
0.259,0.021
-1.008,-0.107
-1.298,0.131
-2.249,0.043
-2.443,-0.091
-2.64,0.111
-2.91,-0.059
-3.073,-0.036
0.211,-1.986
0.203,-0.773
-1.436,-3.551
2.039,-3.566
0.697,-2.719
0.673,-3.026
3.13,-1.179
1.91,-0.718
1.58,-1.409
0.893,-0.866
0.2,-2.349
-0.094,-3.0
-1.748,-1.515
-2.073,-0.766
-2.12,-1.585
-2.067,-3.335
-2.372,-1.532
2.704,-0.885
1.893,-0.353
1.49,-4.666
-2.075,0.025
-0.419,0.049
-0.201,-0.648
-0.636,-0.187
-0.66,-0.135
-1.197,-0.026
-1.571,-0.038
-1.701,0.046
-1.85,-0.096
-2.056,-0.153
-2.096,-0.044
-2.423,-0.051
-2.745,-0.028
2.791,-0.13
2.43,-0.059
2.266,-0.147
1.818,-0.233
1.811,-3.259
1.395,-1.384
-0.722,-3.431
-0.899,-3.695
-0.934,-1.434
-1.028,-1.119
-2.245,-3.872
-2.739,-2.246
3.131,-0.87
-1.744,-4.793
2.966,-0.277
1.769,-2.895
1.767,-1.737
1.567,-4.065
1.588,-1.95
1.593,-3.135
1.575,-3.181
1.345,-2.684
1.338,-1.36
1.473,-3.917
1.341,-2.201
1.29,-0.792
1.276,-3.992
1.224,-4.143
1.172,-3.091
1.151,-1.837
1.282,-2.955
1.116,-4.145
1.207,-3.179
1.094,-2.584
0.985,-3.07
1.07,-2.493
1.038,-0.891
0.913,-3.17
0.916,-2.74
1.011,-2.908
0.944,-2.563
0.759,-2.784
0.646,-4.172
0.632,-4.019
0.687,-3.542
0.553,-2.752
0.507,-0.376
0.409,-2.569
0.315,-3.698
0.187,-2.408
0.071,-1.597
-0.185,-3.536
-0.161,-3.419
-0.346,-1.739
-0.203,-0.35
-0.384,-3.946
-0.406,-2.507
-0.383,-1.827
-0.385,-2.555
-0.429,-2.708
-0.497,-1.506
-0.586,-3.243
-0.748,-1.71
-0.755,-1.729
-0.899,-2.73
-0.875,-1.705
-1.19,-0.411
-1.042,-1.411
-1.224,-1.754
-1.115,-0.841
-1.237,-1.677
-1.333,-0.466
-1.344,-2.283
-1.351,-3.634
-1.257,-0.814
-1.42,-2.851
-1.494,-4.071
-1.371,-1.781
-1.389,-2.514
-1.378,-1.419
-1.433,-0.516
-1.451,-0.297
-1.457,-2.623
-1.494,-4.156
-1.653,-0.509
-1.689,-2.078
-1.694,-1.863
-1.787,-2.181
-1.795,-1.632
-1.694,-0.706
-1.694,-2.153
-1.886,-2.19
-1.761,-1.807
-1.888,-3.62
-1.939,-2.648
-1.956,-2.922
-1.952,-4.241
-2.103,-0.929
-2.127,-3.134
-2.056,-4.082
-2.172,-3.266
-2.146,-1.575
-2.29,-1.874
-2.271,-0.426
-2.322,-1.544
-2.446,-4.083
-2.35,-3.016
-2.5,-4.092
-2.546,-0.94
-2.579,-4.102
-2.599,-1.95
-2.482,-3.465
-2.531,-1.082
-2.751,-0.536
-2.804,-1.377
-2.94,-2.853
-3.099,-2.433
-3.025,-2.198
-3.122,-1.511
3.138,-2.437
2.817,-2.608
2.798,-0.867
2.906,-3.356
2.858,-0.952
2.628,-3.344
2.708,-0.318
2.285,-2.093
2.254,-3.444
2.253,-2.312
2.355,-3.348
2.34,-3.08
2.147,-2.226
2.179,-3.764
2.028,-0.376
2.112,-2.429
2.005,-2.559
1.972,-2.529
1.878,-0.447
1.844,-1.019
1.948,-2.62
1.917,-1.911
1.893,-1.936
1.723,-2.284
1.82,-3.136
1.679,-4.384
1.688,-4.359
1.132,-4.574
0.831,-4.283
0.704,-4.531
0.186,-4.654
0.011,-4.627
-0.591,-4.735
-0.89,-4.249
-1.111,-4.593
-1.121,-4.65
-1.249,-4.559
-1.302,-4.607
-1.313,-4.737
-1.6,-4.612
-1.688,-4.424
-2.127,-4.33
-2.702,-4.737
2.879,-4.432
2.606,-4.759
2.059,-4.437
1.98,-4.562
1.767,-0.174
0.873,-0.06
-0.394,-0.188
-0.684,0.05
-1.635,-0.038
-1.829,-0.172
-2.026,0.03
-2.296,-0.14
-2.459,-0.117
0.825,-2.067
0.817,-0.854
-0.822,-3.632
2.653,-3.647
1.311,-2.8
1.287,-3.107
-2.539,-1.26
2.524,-0.799
2.194,-1.49
1.507,-0.947
0.814,-2.43
0.52,-3.081
-1.134,-1.596
-1.459,-0.847
-1.506,-1.666
-1.453,-3.416
-1.758,-1.613
-2.965,-0.966
2.507,-0.434
2.104,-4.747
-1.461,-0.056
0.195,-0.032
0.413,-0.729
-0.024,0.052
-0.561,0.161
-0.935,0.149
-1.065,0.233
-1.214,0.091
-1.42,0.034
-1.46,0.143
-1.787,0.136
-2.109,0.159
-2.856,0.057
3.066,0.128
2.902,0.04
2.454,-0.046
2.447,-3.072
2.031,-1.197
-0.086,-3.244
-0.263,-3.508
-0.298,-1.247
-0.392,-0.932
-1.609,-3.685
-2.103,-2.059
-2.516,-0.683
-1.108,-4.606
-2.681,-0.09
2.405,-2.708
2.403,-1.55
2.203,-3.878
2.224,-1.763
2.229,-2.948
2.211,-2.994
1.981,-2.497
1.974,-1.173
2.109,-3.73
1.977,-2.014
1.926,-0.605
1.912,-3.805
1.86,-3.956
1.808,-2.904
1.787,-1.65
1.918,-2.768
1.752,-3.958
1.843,-2.992
1.73,-2.397
1.621,-2.883
1.706,-2.306
1.674,-0.704
1.549,-2.983
1.552,-2.553
1.647,-2.721
1.58,-2.376
1.395,-2.597
1.282,-3.985
1.268,-3.832
1.323,-3.355
1.189,-2.565
1.143,-0.189
1.045,-2.382
0.951,-3.511
0.823,-2.221
0.707,-1.41
0.451,-3.349
0.475,-3.232
0.29,-1.552
0.433,-0.163
0.252,-3.759
0.23,-2.32
0.253,-1.64
0.251,-2.368
0.207,-2.521
0.139,-1.319
0.05,-3.056
-0.112,-1.523
-0.119,-1.542
-0.263,-2.543
-0.239,-1.518
-0.554,-0.224
-0.406,-1.224
-0.588,-1.567
-0.479,-0.654
-0.601,-1.49
-0.697,-0.279
-0.708,-2.096
-0.715,-3.447
-0.621,-0.627
-0.784,-2.664
-0.858,-3.884
-0.735,-1.594
-0.753,-2.327
-0.742,-1.232
-0.797,-0.329
-0.815,-0.11
-0.821,-2.436
-0.858,-3.969
-1.017,-0.322
-1.053,-1.891
-1.058,-1.676
-1.151,-1.994
-1.159,-1.445
-1.058,-0.519
-1.058,-1.966
-1.25,-2.003
-1.125,-1.62
-1.252,-3.433
-1.303,-2.461
-1.32,-2.735
-1.316,-4.054
-1.467,-0.742
-1.491,-2.947
-1.42,-3.895
-1.536,-3.079
-1.51,-1.388
-1.654,-1.687
-1.635,-0.239
-1.686,-1.357
-1.81,-3.896
-1.714,-2.829
-1.864,-3.905
-1.91,-0.753
-1.943,-3.915
-1.963,-1.763
-1.846,-3.278
-1.895,-0.895
-2.115,-0.349
-2.168,-1.19
-2.304,-2.666
-2.463,-2.246
-2.389,-2.011
-2.486,-1.324
-2.509,-2.25
-2.83,-2.421
-2.849,-0.68
-2.741,-3.169
-2.789,-0.765
-3.019,-3.157
-2.939,-0.131
2.921,-1.906
2.89,-3.257
2.889,-2.125
2.991,-3.161
2.976,-2.893
2.783,-2.039
2.815,-3.577
2.664,-0.189
2.748,-2.242
2.641,-2.372
2.608,-2.342
2.514,-0.26
2.48,-0.832
2.584,-2.433
2.553,-1.724
2.529,-1.749
2.359,-2.097
2.456,-2.949
2.315,-4.197
2.324,-4.172
1.768,-4.387
1.467,-4.096
1.34,-4.344
0.822,-4.467
0.647,-4.44
0.045,-4.548
-0.254,-4.062
-0.475,-4.406
-0.485,-4.463
-0.613,-4.372
-0.666,-4.42
-0.677,-4.55
-0.964,-4.425
-1.052,-4.237
-1.491,-4.143
-2.066,-4.55
-2.768,-4.245
-3.041,-4.572
2.695,-4.25
2.616,-4.375
2.403,0.013
1.509,0.127
0.242,-0.001
-0.048,0.237
-0.999,0.149
-1.193,0.015
-1.39,0.217
-1.66,0.047
-1.823,0.07
1.461,-1.88
1.453,-0.667
-0.186,-3.445
-2.994,-3.46
1.947,-2.613
1.923,-2.92
-1.903,-1.073
-3.123,-0.612
2.83,-1.303
2.143,-0.76
1.45,-2.243
1.156,-2.894
-0.498,-1.409
-0.823,-0.66
-0.87,-1.479
-0.817,-3.229
-1.122,-1.426
-2.329,-0.779
-3.14,-0.247
2.74,-4.56
-0.825,0.131
0.831,0.155
1.049,-0.542
-0.537,0.109
-0.911,0.097
-1.041,0.181
-1.19,0.039
-1.396,-0.018
-1.436,0.091
-1.763,0.084
-2.085,0.107
-2.832,0.005
3.09,0.076
2.926,-0.012
2.478,-0.098
2.471,-3.124
2.055,-1.249
-0.062,-3.296
-0.239,-3.56
-0.274,-1.299
-0.368,-0.984
-1.585,-3.737
-2.079,-2.111
-2.492,-0.735
-1.084,-4.658
-2.657,-0.142
2.429,-2.76
2.427,-1.602
2.227,-3.93
2.248,-1.815
2.253,-3.0
2.235,-3.046
2.005,-2.549
1.998,-1.225
2.133,-3.782
2.001,-2.066
1.95,-0.657
1.936,-3.857
1.884,-4.008
1.832,-2.956
1.811,-1.702
1.942,-2.82
1.776,-4.01
1.867,-3.044
1.754,-2.449
1.645,-2.935
1.73,-2.358
1.698,-0.756
1.573,-3.035
1.576,-2.605
1.671,-2.773
1.604,-2.428
1.419,-2.649
1.306,-4.037
1.292,-3.884
1.347,-3.407
1.213,-2.617
1.167,-0.241
1.069,-2.434
0.975,-3.563
0.847,-2.273
0.731,-1.462
0.475,-3.401
0.499,-3.284
0.314,-1.604
0.457,-0.215
0.276,-3.811
0.254,-2.372
0.277,-1.692
0.275,-2.42
0.231,-2.573
0.163,-1.371
0.074,-3.108
-0.088,-1.575
-0.095,-1.594
-0.239,-2.595
-0.215,-1.57
-0.53,-0.276
-0.382,-1.276
-0.564,-1.619
-0.455,-0.706
-0.577,-1.542
-0.673,-0.331
-0.684,-2.148
-0.691,-3.499
-0.597,-0.679
-0.76,-2.716
-0.834,-3.936
-0.711,-1.646
-0.729,-2.379
-0.718,-1.284
-0.773,-0.381
-0.791,-0.162
-0.797,-2.488
-0.834,-4.021
-0.993,-0.374
-1.029,-1.943
-1.034,-1.728
-1.127,-2.046
-1.135,-1.497
-1.034,-0.571
-1.034,-2.018
-1.226,-2.055
-1.101,-1.672
-1.228,-3.485
-1.279,-2.513
-1.296,-2.787
-1.292,-4.106
-1.443,-0.794
-1.467,-2.999
-1.396,-3.947
-1.512,-3.131
-1.486,-1.44
-1.63,-1.739
-1.611,-0.291
-1.662,-1.409
-1.786,-3.948
-1.69,-2.881
-1.84,-3.957
-1.886,-0.805
-1.919,-3.967
-1.939,-1.815
-1.822,-3.33
-1.871,-0.947
-2.091,-0.401
-2.144,-1.242
-2.28,-2.718
-2.439,-2.298
-2.365,-2.063
-2.462,-1.376
-2.485,-2.302
-2.806,-2.473
-2.825,-0.732
-2.717,-3.221
-2.765,-0.817
-2.995,-3.209
-2.915,-0.183
2.945,-1.958
2.914,-3.309
2.913,-2.177
3.015,-3.213
3.0,-2.945
2.807,-2.091
2.839,-3.629
2.688,-0.241
2.772,-2.294
2.665,-2.424
2.632,-2.394
2.538,-0.312
2.504,-0.884
2.608,-2.485
2.577,-1.776
2.553,-1.801
2.383,-2.149
2.48,-3.001
2.339,-4.249
2.348,-4.224
1.792,-4.439
1.491,-4.148
1.364,-4.396
0.846,-4.519
0.671,-4.492
0.069,-4.6
-0.23,-4.114
-0.451,-4.458
-0.461,-4.515
-0.589,-4.424
-0.642,-4.472
-0.653,-4.602
-0.94,-4.477
-1.028,-4.289
-1.467,-4.195
-2.042,-4.602
-2.744,-4.297
-3.017,-4.624
2.719,-4.302
2.64,-4.427
2.427,-0.039
1.533,0.075
0.266,-0.053
-0.024,0.185
-0.975,0.097
-1.169,-0.037
-1.366,0.165
-1.636,-0.005
-1.799,0.018
1.485,-1.932
1.477,-0.719
-0.162,-3.497
-2.97,-3.512
1.971,-2.665
1.947,-2.972
-1.879,-1.125
-3.099,-0.664
2.854,-1.355
2.167,-0.812
1.474,-2.295
1.18,-2.946
-0.474,-1.461
-0.799,-0.712
-0.846,-1.531
-0.793,-3.281
-1.098,-1.478
-2.305,-0.831
-3.116,-0.299
2.764,-4.612
-0.801,0.079
0.855,0.103
1.073,-0.594
-0.374,-0.012
-0.504,0.072
-0.653,-0.07
-0.859,-0.127
-0.899,-0.018
-1.226,-0.025
-1.548,-0.002
-2.295,-0.104
-2.656,-0.033
-2.82,-0.121
3.015,-0.207
3.008,-3.233
2.592,-1.358
0.475,-3.405
0.298,-3.669
0.263,-1.408
0.169,-1.093
-1.048,-3.846
-1.542,-2.22
-1.955,-0.844
-0.547,-4.767
-2.12,-0.251
2.966,-2.869
2.964,-1.711
2.764,-4.039
2.785,-1.924
2.79,-3.109
2.772,-3.155
2.542,-2.658
2.535,-1.334
2.67,-3.891
2.538,-2.175
2.487,-0.766
2.473,-3.966
2.421,-4.117
2.369,-3.065
2.348,-1.811
2.479,-2.929
2.313,-4.119
2.404,-3.153
2.291,-2.558
2.182,-3.044
2.267,-2.467
2.235,-0.865
2.11,-3.144
2.113,-2.714
2.208,-2.882
2.141,-2.537
1.956,-2.758
1.843,-4.146
1.829,-3.993
1.884,-3.516
1.75,-2.726
1.704,-0.35
1.606,-2.543
1.512,-3.672
1.384,-2.382
1.268,-1.571
1.012,-3.51
1.036,-3.393
0.851,-1.713
0.994,-0.324
0.813,-3.92
0.791,-2.481
0.814,-1.801
0.812,-2.529
0.768,-2.682
0.7,-1.48
0.611,-3.217
0.449,-1.684
0.442,-1.703
0.298,-2.704
0.322,-1.679
0.007,-0.385
0.155,-1.385
-0.027,-1.728
0.082,-0.815
-0.04,-1.651
-0.136,-0.44
-0.147,-2.257
-0.154,-3.608
-0.06,-0.788
-0.223,-2.825
-0.297,-4.045
-0.174,-1.755
-0.192,-2.488
-0.181,-1.393
-0.236,-0.49
-0.254,-0.271
-0.26,-2.597
-0.297,-4.13
-0.456,-0.483
-0.492,-2.052
-0.497,-1.837
-0.59,-2.155
-0.598,-1.606
-0.497,-0.68
-0.497,-2.127
-0.689,-2.164
-0.564,-1.781
-0.691,-3.594
-0.742,-2.622
-0.759,-2.896
-0.755,-4.215
-0.906,-0.903
-0.93,-3.108
-0.859,-4.056
-0.975,-3.24
-0.949,-1.549
-1.093,-1.848
-1.074,-0.4
-1.125,-1.518
-1.249,-4.057
-1.153,-2.99
-1.303,-4.066
-1.349,-0.914
-1.382,-4.076
-1.402,-1.924
-1.285,-3.439
-1.334,-1.056
-1.554,-0.51
-1.607,-1.351
-1.743,-2.827
-1.902,-2.407
-1.828,-2.172
-1.925,-1.485
-1.948,-2.411
-2.269,-2.582
-2.288,-0.841
-2.18,-3.33
-2.228,-0.926
-2.458,-3.318
-2.378,-0.292
-2.801,-2.067
-2.832,-3.418
-2.833,-2.286
-2.731,-3.322
-2.746,-3.054
-2.939,-2.2
-2.907,-3.738
-3.058,-0.35
-2.974,-2.403
-3.081,-2.533
-3.114,-2.503
3.075,-0.421
3.041,-0.993
-3.138,-2.594
3.114,-1.885
3.09,-1.91
2.92,-2.258
3.017,-3.11
2.876,-4.358
2.885,-4.333
2.329,-4.548
2.028,-4.257
1.901,-4.505
1.383,-4.628
1.208,-4.601
0.606,-4.709
0.307,-4.223
0.086,-4.567
0.076,-4.624
-0.052,-4.533
-0.105,-4.581
-0.116,-4.711
-0.403,-4.586
-0.491,-4.398
-0.93,-4.304
-1.505,-4.711
-2.207,-4.406
-2.48,-4.733
-3.027,-4.411
-3.106,-4.536
2.964,-0.148
2.07,-0.034
0.803,-0.162
0.513,0.076
-0.438,-0.012
-0.632,-0.146
-0.829,0.056
-1.099,-0.114
-1.262,-0.091
2.022,-2.041
2.014,-0.828
0.375,-3.606
-2.433,-3.621
2.508,-2.774
2.484,-3.081
-1.342,-1.234
-2.562,-0.773
-2.892,-1.464
2.704,-0.921
2.011,-2.404
1.717,-3.055
0.063,-1.57
-0.262,-0.821
-0.309,-1.64
-0.256,-3.39
-0.561,-1.587
-1.768,-0.94
-2.579,-0.408
-2.982,-4.721
-0.264,-0.03
1.392,-0.006
1.61,-0.703
-0.13,0.084
-0.279,-0.058
-0.485,-0.115
-0.525,-0.006
-0.852,-0.013
-1.174,0.01
-1.921,-0.092
-2.282,-0.021
-2.446,-0.109
-2.894,-0.195
-2.901,-3.221
2.966,-1.346
0.849,-3.393
0.672,-3.657
0.637,-1.396
0.543,-1.081
-0.674,-3.834
-1.168,-2.208
-1.581,-0.832
-0.173,-4.755
-1.746,-0.239
-2.943,-2.857
-2.945,-1.699
3.138,-4.027
-3.124,-1.912
-3.119,-3.097
-3.137,-3.143
2.916,-2.646
2.909,-1.322
3.044,-3.879
2.912,-2.163
2.861,-0.754
2.847,-3.954
2.795,-4.105
2.743,-3.053
2.722,-1.799
2.853,-2.917
2.687,-4.107
2.778,-3.141
2.665,-2.546
2.556,-3.032
2.641,-2.455
2.609,-0.853
2.484,-3.132
2.487,-2.702
2.582,-2.87
2.515,-2.525
2.33,-2.746
2.217,-4.134
2.203,-3.981
2.258,-3.504
2.124,-2.714
2.078,-0.338
1.98,-2.531
1.886,-3.66
1.758,-2.37
1.642,-1.559
1.386,-3.498
1.41,-3.381
1.225,-1.701
1.368,-0.312
1.187,-3.908
1.165,-2.469
1.188,-1.789
1.186,-2.517
1.142,-2.67
1.074,-1.468
0.985,-3.205
0.823,-1.672
0.816,-1.691
0.672,-2.692
0.696,-1.667
0.381,-0.373
0.529,-1.373
0.347,-1.716
0.456,-0.803
0.334,-1.639
0.238,-0.428
0.227,-2.245
0.22,-3.596
0.314,-0.776
0.151,-2.813
0.077,-4.033
0.2,-1.743
0.182,-2.476
0.193,-1.381
0.138,-0.478
0.12,-0.259
0.114,-2.585
0.077,-4.118
-0.082,-0.471
-0.118,-2.04
-0.123,-1.825
-0.216,-2.143
-0.224,-1.594
-0.123,-0.668
-0.123,-2.115
-0.315,-2.152
-0.19,-1.769
-0.317,-3.582
-0.368,-2.61
-0.385,-2.884
-0.381,-4.203
-0.532,-0.891
-0.556,-3.096
-0.485,-4.044
-0.601,-3.228
-0.575,-1.537
-0.719,-1.836
-0.7,-0.388
-0.751,-1.506
-0.875,-4.045
-0.779,-2.978
-0.929,-4.054
-0.975,-0.902
-1.008,-4.064
-1.028,-1.912
-0.911,-3.427
-0.96,-1.044
-1.18,-0.498
-1.233,-1.339
-1.369,-2.815
-1.528,-2.395
-1.454,-2.16
-1.551,-1.473
-1.574,-2.399
-1.895,-2.57
-1.914,-0.829
-1.806,-3.318
-1.854,-0.914
-2.084,-3.306
-2.004,-0.28
-2.427,-2.055
-2.458,-3.406
-2.459,-2.274
-2.357,-3.31
-2.372,-3.042
-2.565,-2.188
-2.533,-3.726
-2.684,-0.338
-2.6,-2.391
-2.707,-2.521
-2.74,-2.491
-2.834,-0.409
-2.868,-0.981
-2.764,-2.582
-2.795,-1.873
-2.819,-1.898
-2.989,-2.246
-2.892,-3.098
-3.033,-4.346
-3.024,-4.321
2.703,-4.536
2.402,-4.245
2.275,-4.493
1.757,-4.616
1.582,-4.589
0.98,-4.697
0.681,-4.211
0.46,-4.555
0.45,-4.612
0.322,-4.521
0.269,-4.569
0.258,-4.699
-0.029,-4.574
-0.117,-4.386
-0.556,-4.292
-1.131,-4.699
-1.833,-4.394
-2.106,-4.721
-2.653,-4.399
-2.732,-4.524
-2.945,-0.136
2.444,-0.022
1.177,-0.15
0.887,0.088
-0.064,0.0
-0.258,-0.134
-0.455,0.068
-0.725,-0.102
-0.888,-0.079
2.396,-2.029
2.388,-0.816
0.749,-3.594
-2.059,-3.609
2.882,-2.762
2.858,-3.069
-0.968,-1.222
-2.188,-0.761
-2.518,-1.452
3.078,-0.909
2.385,-2.392
2.091,-3.043
0.437,-1.558
0.112,-0.809
0.065,-1.628
0.118,-3.378
-0.187,-1.575
-1.394,-0.928
-2.205,-0.396
-2.608,-4.709
0.11,-0.018
1.766,0.006
1.984,-0.691
-0.149,-0.142
-0.355,-0.199
-0.395,-0.09
-0.722,-0.097
-1.044,-0.074
-1.791,-0.176
-2.152,-0.105
-2.316,-0.193
-2.764,-0.279
-2.771,-3.305
3.096,-1.43
0.979,-3.477
0.802,-3.741
0.767,-1.48
0.673,-1.165
-0.544,-3.918
-1.038,-2.292
-1.451,-0.916
-0.043,-4.839
-1.616,-0.323
-2.813,-2.941
-2.815,-1.783
-3.015,-4.111
-2.994,-1.996
-2.989,-3.181
-3.007,-3.227
3.046,-2.73
3.039,-1.406
-3.109,-3.963
3.042,-2.247
2.991,-0.838
2.977,-4.038
2.925,-4.189
2.873,-3.137
2.852,-1.883
2.983,-3.001
2.817,-4.191
2.908,-3.225
2.795,-2.63
2.686,-3.116
2.771,-2.539
2.739,-0.937
2.614,-3.216
2.617,-2.786
2.712,-2.954
2.645,-2.609
2.46,-2.83
2.347,-4.218
2.333,-4.065
2.388,-3.588
2.254,-2.798
2.208,-0.422
2.11,-2.615
2.016,-3.744
1.888,-2.454
1.772,-1.643
1.516,-3.582
1.54,-3.465
1.355,-1.785
1.498,-0.396
1.317,-3.992
1.295,-2.553
1.318,-1.873
1.316,-2.601
1.272,-2.754
1.204,-1.552
1.115,-3.289
0.953,-1.756
0.946,-1.775
0.802,-2.776
0.826,-1.751
0.511,-0.457
0.659,-1.457
0.477,-1.8
0.586,-0.887
0.464,-1.723
0.368,-0.512
0.357,-2.329
0.35,-3.68
0.444,-0.86
0.281,-2.897
0.207,-4.117
0.33,-1.827
0.312,-2.56
0.323,-1.465
0.268,-0.562
0.25,-0.343
0.244,-2.669
0.207,-4.202
0.048,-0.555
0.012,-2.124
0.007,-1.909
-0.086,-2.227
-0.094,-1.678
0.007,-0.752
0.007,-2.199
-0.185,-2.236
-0.06,-1.853
-0.187,-3.666
-0.238,-2.694
-0.255,-2.968
-0.251,-4.287
-0.402,-0.975
-0.426,-3.18
-0.355,-4.128
-0.471,-3.312
-0.445,-1.621
-0.589,-1.92
-0.57,-0.472
-0.621,-1.59
-0.745,-4.129
-0.649,-3.062
-0.799,-4.138
-0.845,-0.986
-0.878,-4.148
-0.898,-1.996
-0.781,-3.511
-0.83,-1.128
-1.05,-0.582
-1.103,-1.423
-1.239,-2.899
-1.398,-2.479
-1.324,-2.244
-1.421,-1.557
-1.444,-2.483
-1.765,-2.654
-1.784,-0.913
-1.676,-3.402
-1.724,-0.998
-1.954,-3.39
-1.874,-0.364
-2.297,-2.139
-2.328,-3.49
-2.329,-2.358
-2.227,-3.394
-2.242,-3.126
-2.435,-2.272
-2.403,-3.81
-2.554,-0.422
-2.47,-2.475
-2.577,-2.605
-2.61,-2.575
-2.704,-0.493
-2.738,-1.065
-2.634,-2.666
-2.665,-1.957
-2.689,-1.982
-2.859,-2.33
-2.762,-3.182
-2.903,-4.43
-2.894,-4.405
2.833,-4.62
2.532,-4.329
2.405,-4.577
1.887,-4.7
1.712,-4.673
1.11,-4.781
0.811,-4.295
0.59,-4.639
0.58,-4.696
0.452,-4.605
0.399,-4.653
0.388,-4.783
0.101,-4.658
0.013,-4.47
-0.426,-4.376
-1.001,-4.783
-1.703,-4.478
-1.976,-4.805
-2.523,-4.483
-2.602,-4.608
-2.815,-0.22
2.574,-0.106
1.307,-0.234
1.017,0.004
0.066,-0.084
-0.128,-0.218
-0.325,-0.016
-0.595,-0.186
-0.758,-0.163
2.526,-2.113
2.518,-0.9
0.879,-3.678
-1.929,-3.693
3.012,-2.846
2.988,-3.153
-0.838,-1.306
-2.058,-0.845
-2.388,-1.536
-3.075,-0.993
2.515,-2.476
2.221,-3.127
0.567,-1.642
0.242,-0.893
0.195,-1.712
0.248,-3.462
-0.057,-1.659
-1.264,-1.012
-2.075,-0.48
-2.478,-4.793
0.24,-0.102
1.896,-0.078
2.114,-0.775
-0.206,-0.057
-0.246,0.052
-0.573,0.045
-0.895,0.068
-1.642,-0.034
-2.003,0.037
-2.167,-0.051
-2.615,-0.137
-2.622,-3.163
-3.038,-1.288
1.128,-3.335
0.951,-3.599
0.916,-1.338
0.822,-1.023
-0.395,-3.776
-0.889,-2.15
-1.302,-0.774
0.106,-4.697
-1.467,-0.181
-2.664,-2.799
-2.666,-1.641
-2.866,-3.969
-2.845,-1.854
-2.84,-3.039
-2.858,-3.085
-3.088,-2.588
-3.095,-1.264
-2.96,-3.821
-3.092,-2.105
3.14,-0.696
3.126,-3.896
3.074,-4.047
3.022,-2.995
3.001,-1.741
3.132,-2.859
2.966,-4.049
3.057,-3.083
2.944,-2.488
2.835,-2.974
2.92,-2.397
2.888,-0.795
2.763,-3.074
2.766,-2.644
2.861,-2.812
2.794,-2.467
2.609,-2.688
2.496,-4.076
2.482,-3.923
2.537,-3.446
2.403,-2.656
2.357,-0.28
2.259,-2.473
2.165,-3.602
2.037,-2.312
1.921,-1.501
1.665,-3.44
1.689,-3.323
1.504,-1.643
1.647,-0.254
1.466,-3.85
1.444,-2.411
1.467,-1.731
1.465,-2.459
1.421,-2.612
1.353,-1.41
1.264,-3.147
1.102,-1.614
1.095,-1.633
0.951,-2.634
0.975,-1.609
0.66,-0.315
0.808,-1.315
0.626,-1.658
0.735,-0.745
0.613,-1.581
0.517,-0.37
0.506,-2.187
0.499,-3.538
0.593,-0.718
0.43,-2.755
0.356,-3.975
0.479,-1.685
0.461,-2.418
0.472,-1.323
0.417,-0.42
0.399,-0.201
0.393,-2.527
0.356,-4.06
0.197,-0.413
0.161,-1.982
0.156,-1.767
0.063,-2.085
0.055,-1.536
0.156,-0.61
0.156,-2.057
-0.036,-2.094
0.089,-1.711
-0.038,-3.524
-0.089,-2.552
-0.106,-2.826
-0.102,-4.145
-0.253,-0.833
-0.277,-3.038
-0.206,-3.986
-0.322,-3.17
-0.296,-1.479
-0.44,-1.778
-0.421,-0.33
-0.472,-1.448
-0.596,-3.987
-0.5,-2.92
-0.65,-3.996
-0.696,-0.844
-0.729,-4.006
-0.749,-1.854
-0.632,-3.369
-0.681,-0.986
-0.901,-0.44
-0.954,-1.281
-1.09,-2.757
-1.249,-2.337
-1.175,-2.102
-1.272,-1.415
-1.295,-2.341
-1.616,-2.512
-1.635,-0.771
-1.527,-3.26
-1.575,-0.856
-1.805,-3.248
-1.725,-0.222
-2.148,-1.997
-2.179,-3.348
-2.18,-2.216
-2.078,-3.252
-2.093,-2.984
-2.286,-2.13
-2.254,-3.668
-2.405,-0.28
-2.321,-2.333
-2.428,-2.463
-2.461,-2.433
-2.555,-0.351
-2.589,-0.923
-2.485,-2.524
-2.516,-1.815
-2.54,-1.84
-2.71,-2.188
-2.613,-3.04
-2.754,-4.288
-2.745,-4.263
2.982,-4.478
2.681,-4.187
2.554,-4.435
2.036,-4.558
1.861,-4.531
1.259,-4.639
0.96,-4.153
0.739,-4.497
0.729,-4.554
0.601,-4.463
0.548,-4.511
0.537,-4.641
0.25,-4.516
0.162,-4.328
-0.277,-4.234
-0.852,-4.641
-1.554,-4.336
-1.827,-4.663
-2.374,-4.341
-2.453,-4.466
-2.666,-0.078
2.723,0.036
1.456,-0.092
1.166,0.146
0.215,0.058
0.021,-0.076
-0.176,0.126
-0.446,-0.044
-0.609,-0.021
2.675,-1.971
2.667,-0.758
1.028,-3.536
-1.78,-3.551
-3.122,-2.704
3.137,-3.011
-0.689,-1.164
-1.909,-0.703
-2.239,-1.394
-2.926,-0.851
2.664,-2.334
2.37,-2.985
0.716,-1.5
0.391,-0.751
0.344,-1.57
0.397,-3.32
0.092,-1.517
-1.115,-0.87
-1.926,-0.338
-2.329,-4.651
0.389,0.04
2.045,0.064
2.263,-0.633
-0.04,0.109
-0.367,0.102
-0.689,0.125
-1.436,0.023
-1.797,0.094
-1.961,0.006
-2.409,-0.08
-2.416,-3.106
-2.832,-1.231
1.334,-3.278
1.157,-3.542
1.122,-1.281
1.028,-0.966
-0.189,-3.719
-0.683,-2.093
-1.096,-0.717
0.312,-4.64
-1.261,-0.124
-2.458,-2.742
-2.46,-1.584
-2.66,-3.912
-2.639,-1.797
-2.634,-2.982
-2.652,-3.028
-2.882,-2.531
-2.889,-1.207
-2.754,-3.764
-2.886,-2.048
-2.937,-0.639
-2.951,-3.839
-3.003,-3.99
-3.055,-2.938
-3.076,-1.684
-2.945,-2.802
-3.111,-3.992
-3.02,-3.026
-3.133,-2.431
3.041,-2.917
3.126,-2.34
3.094,-0.738
2.969,-3.017
2.972,-2.587
3.067,-2.755
3.0,-2.41
2.815,-2.631
2.702,-4.019
2.688,-3.866
2.743,-3.389
2.609,-2.599
2.563,-0.223
2.465,-2.416
2.371,-3.545
2.243,-2.255
2.127,-1.444
1.871,-3.383
1.895,-3.266
1.71,-1.586
1.853,-0.197
1.672,-3.793
1.65,-2.354
1.673,-1.674
1.671,-2.402
1.627,-2.555
1.559,-1.353
1.47,-3.09
1.308,-1.557
1.301,-1.576
1.157,-2.577
1.181,-1.552
0.866,-0.258
1.014,-1.258
0.832,-1.601
0.941,-0.688
0.819,-1.524
0.723,-0.313
0.712,-2.13
0.705,-3.481
0.799,-0.661
0.636,-2.698
0.562,-3.918
0.685,-1.628
0.667,-2.361
0.678,-1.266
0.623,-0.363
0.605,-0.144
0.599,-2.47
0.562,-4.003
0.403,-0.356
0.367,-1.925
0.362,-1.71
0.269,-2.028
0.261,-1.479
0.362,-0.553
0.362,-2.0
0.17,-2.037
0.295,-1.654
0.168,-3.467
0.117,-2.495
0.1,-2.769
0.104,-4.088
-0.047,-0.776
-0.071,-2.981
0.0,-3.929
-0.116,-3.113
-0.09,-1.422
-0.234,-1.721
-0.215,-0.273
-0.266,-1.391
-0.39,-3.93
-0.294,-2.863
-0.444,-3.939
-0.49,-0.787
-0.523,-3.949
-0.543,-1.797
-0.426,-3.312
-0.475,-0.929
-0.695,-0.383
-0.748,-1.224
-0.884,-2.7
-1.043,-2.28
-0.969,-2.045
-1.066,-1.358
-1.089,-2.284
-1.41,-2.455
-1.429,-0.714
-1.321,-3.203
-1.369,-0.799
-1.599,-3.191
-1.519,-0.165
-1.942,-1.94
-1.973,-3.291
-1.974,-2.159
-1.872,-3.195
-1.887,-2.927
-2.08,-2.073
-2.048,-3.611
-2.199,-0.223
-2.115,-2.276
-2.222,-2.406
-2.255,-2.376
-2.349,-0.294
-2.383,-0.866
-2.279,-2.467
-2.31,-1.758
-2.334,-1.783
-2.504,-2.131
-2.407,-2.983
-2.548,-4.231
-2.539,-4.206
-3.095,-4.421
2.887,-4.13
2.76,-4.378
2.242,-4.501
2.067,-4.474
1.465,-4.582
1.166,-4.096
0.945,-4.44
0.935,-4.497
0.807,-4.406
0.754,-4.454
0.743,-4.584
0.456,-4.459
0.368,-4.271
-0.071,-4.177
-0.646,-4.584
-1.348,-4.279
-1.621,-4.606
-2.168,-4.284
-2.247,-4.409
-2.46,-0.021
2.929,0.093
1.662,-0.035
1.372,0.203
0.421,0.115
0.227,-0.019
0.03,0.183
-0.24,0.013
-0.403,0.036
2.881,-1.914
2.873,-0.701
1.234,-3.479
-1.574,-3.494
-2.916,-2.647
-2.94,-2.954
-0.483,-1.107
-1.703,-0.646
-2.033,-1.337
-2.72,-0.794
2.87,-2.277
2.576,-2.928
0.922,-1.443
0.597,-0.694
0.55,-1.513
0.603,-3.263
0.298,-1.46
-0.909,-0.813
-1.72,-0.281
-2.123,-4.594
0.595,0.097
2.251,0.121
2.469,-0.576
-0.327,-0.007
-0.649,0.016
-1.396,-0.086
-1.757,-0.015
-1.921,-0.103
-2.369,-0.189
-2.376,-3.215
-2.792,-1.34
1.374,-3.387
1.197,-3.651
1.162,-1.39
1.068,-1.075
-0.149,-3.828
-0.643,-2.202
-1.056,-0.826
0.352,-4.749
-1.221,-0.233
-2.418,-2.851
-2.42,-1.693
-2.62,-4.021
-2.599,-1.906
-2.594,-3.091
-2.612,-3.137
-2.842,-2.64
-2.849,-1.316
-2.714,-3.873
-2.846,-2.157
-2.897,-0.748
-2.911,-3.948
-2.963,-4.099
-3.015,-3.047
-3.036,-1.793
-2.905,-2.911
-3.071,-4.101
-2.98,-3.135
-3.093,-2.54
3.081,-3.026
-3.117,-2.449
3.134,-0.847
3.009,-3.126
3.012,-2.696
3.107,-2.864
3.04,-2.519
2.855,-2.74
2.742,-4.128
2.728,-3.975
2.783,-3.498
2.649,-2.708
2.603,-0.332
2.505,-2.525
2.411,-3.654
2.283,-2.364
2.167,-1.553
1.911,-3.492
1.935,-3.375
1.75,-1.695
1.893,-0.306
1.712,-3.902
1.69,-2.463
1.713,-1.783
1.711,-2.511
1.667,-2.664
1.599,-1.462
1.51,-3.199
1.348,-1.666
1.341,-1.685
1.197,-2.686
1.221,-1.661
0.906,-0.367
1.054,-1.367
0.872,-1.71
0.981,-0.797
0.859,-1.633
0.763,-0.422
0.752,-2.239
0.745,-3.59
0.839,-0.77
0.676,-2.807
0.602,-4.027
0.725,-1.737
0.707,-2.47
0.718,-1.375
0.663,-0.472
0.645,-0.253
0.639,-2.579
0.602,-4.112
0.443,-0.465
0.407,-2.034
0.402,-1.819
0.309,-2.137
0.301,-1.588
0.402,-0.662
0.402,-2.109
0.21,-2.146
0.335,-1.763
0.208,-3.576
0.157,-2.604
0.14,-2.878
0.144,-4.197
-0.007,-0.885
-0.031,-3.09
0.04,-4.038
-0.076,-3.222
-0.05,-1.531
-0.194,-1.83
-0.175,-0.382
-0.226,-1.5
-0.35,-4.039
-0.254,-2.972
-0.404,-4.048
-0.45,-0.896
-0.483,-4.058
-0.503,-1.906
-0.386,-3.421
-0.435,-1.038
-0.655,-0.492
-0.708,-1.333
-0.844,-2.809
-1.003,-2.389
-0.929,-2.154
-1.026,-1.467
-1.049,-2.393
-1.37,-2.564
-1.389,-0.823
-1.281,-3.312
-1.329,-0.908
-1.559,-3.3
-1.479,-0.274
-1.902,-2.049
-1.933,-3.4
-1.934,-2.268
-1.832,-3.304
-1.847,-3.036
-2.04,-2.182
-2.008,-3.72
-2.159,-0.332
-2.075,-2.385
-2.182,-2.515
-2.215,-2.485
-2.309,-0.403
-2.343,-0.975
-2.239,-2.576
-2.27,-1.867
-2.294,-1.892
-2.464,-2.24
-2.367,-3.092
-2.508,-4.34
-2.499,-4.315
-3.055,-4.53
2.927,-4.239
2.8,-4.487
2.282,-4.61
2.107,-4.583
1.505,-4.691
1.206,-4.205
0.985,-4.549
0.975,-4.606
0.847,-4.515
0.794,-4.563
0.783,-4.693
0.496,-4.568
0.408,-4.38
-0.031,-4.286
-0.606,-4.693
-1.308,-4.388
-1.581,-4.715
-2.128,-4.393
-2.207,-4.518
-2.42,-0.13
2.969,-0.016
1.702,-0.144
1.412,0.094
0.461,0.006
0.267,-0.128
0.07,0.074
-0.2,-0.096
-0.363,-0.073
2.921,-2.023
2.913,-0.81
1.274,-3.588
-1.534,-3.603
-2.876,-2.756
-2.9,-3.063
-0.443,-1.216
-1.663,-0.755
-1.993,-1.446
-2.68,-0.903
2.91,-2.386
2.616,-3.037
0.962,-1.552
0.637,-0.803
0.59,-1.622
0.643,-3.372
0.338,-1.569
-0.869,-0.922
-1.68,-0.39
-2.083,-4.703
0.635,-0.012
2.291,0.012
2.509,-0.685
-0.322,0.023
-1.069,-0.079
-1.43,-0.008
-1.594,-0.096
-2.042,-0.182
-2.049,-3.208
-2.465,-1.333
1.701,-3.38
1.524,-3.644
1.489,-1.383
1.395,-1.068
0.178,-3.821
-0.316,-2.195
-0.729,-0.819
0.679,-4.742
-0.894,-0.226
-2.091,-2.844
-2.093,-1.686
-2.293,-4.014
-2.272,-1.899
-2.267,-3.084
-2.285,-3.13
-2.515,-2.633
-2.522,-1.309
-2.387,-3.866
-2.519,-2.15
-2.57,-0.741
-2.584,-3.941
-2.636,-4.092
-2.688,-3.04
-2.709,-1.786
-2.578,-2.904
-2.744,-4.094
-2.653,-3.128
-2.766,-2.533
-2.875,-3.019
-2.79,-2.442
-2.822,-0.84
-2.947,-3.119
-2.944,-2.689
-2.849,-2.857
-2.916,-2.512
-3.101,-2.733
3.069,-4.121
3.055,-3.968
3.11,-3.491
2.976,-2.701
2.93,-0.325
2.832,-2.518
2.738,-3.647
2.61,-2.357
2.494,-1.546
2.238,-3.485
2.262,-3.368
2.077,-1.688
2.22,-0.299
2.039,-3.895
2.017,-2.456
2.04,-1.776
2.038,-2.504
1.994,-2.657
1.926,-1.455
1.837,-3.192
1.675,-1.659
1.668,-1.678
1.524,-2.679
1.548,-1.654
1.233,-0.36
1.381,-1.36
1.199,-1.703
1.308,-0.79
1.186,-1.626
1.09,-0.415
1.079,-2.232
1.072,-3.583
1.166,-0.763
1.003,-2.8
0.929,-4.02
1.052,-1.73
1.034,-2.463
1.045,-1.368
0.99,-0.465
0.972,-0.246
0.966,-2.572
0.929,-4.105
0.77,-0.458
0.734,-2.027
0.729,-1.812
0.636,-2.13
0.628,-1.581
0.729,-0.655
0.729,-2.102
0.537,-2.139
0.662,-1.756
0.535,-3.569
0.484,-2.597
0.467,-2.871
0.471,-4.19
0.32,-0.878
0.296,-3.083
0.367,-4.031
0.251,-3.215
0.277,-1.524
0.133,-1.823
0.152,-0.375
0.101,-1.493
-0.023,-4.032
0.073,-2.965
-0.077,-4.041
-0.123,-0.889
-0.156,-4.051
-0.176,-1.899
-0.059,-3.414
-0.108,-1.031
-0.328,-0.485
-0.381,-1.326
-0.517,-2.802
-0.676,-2.382
-0.602,-2.147
-0.699,-1.46
-0.722,-2.386
-1.043,-2.557
-1.062,-0.816
-0.954,-3.305
-1.002,-0.901
-1.232,-3.293
-1.152,-0.267
-1.575,-2.042
-1.606,-3.393
-1.607,-2.261
-1.505,-3.297
-1.52,-3.029
-1.713,-2.175
-1.681,-3.713
-1.832,-0.325
-1.748,-2.378
-1.855,-2.508
-1.888,-2.478
-1.982,-0.396
-2.016,-0.968
-1.912,-2.569
-1.943,-1.86
-1.967,-1.885
-2.137,-2.233
-2.04,-3.085
-2.181,-4.333
-2.172,-4.308
-2.728,-4.523
-3.029,-4.232
3.127,-4.48
2.609,-4.603
2.434,-4.576
1.832,-4.684
1.533,-4.198
1.312,-4.542
1.302,-4.599
1.174,-4.508
1.121,-4.556
1.11,-4.686
0.823,-4.561
0.735,-4.373
0.296,-4.279
-0.279,-4.686
-0.981,-4.381
-1.254,-4.708
-1.801,-4.386
-1.88,-4.511
-2.093,-0.123
-2.987,-0.009
2.029,-0.137
1.739,0.101
0.788,0.013
0.594,-0.121
0.397,0.081
0.127,-0.089
-0.036,-0.066
-3.035,-2.016
-3.043,-0.803
1.601,-3.581
-1.207,-3.596
-2.549,-2.749
-2.573,-3.056
-0.116,-1.209
-1.336,-0.748
-1.666,-1.439
-2.353,-0.896
-3.046,-2.379
2.943,-3.03
1.289,-1.545
0.964,-0.796
0.917,-1.615
0.97,-3.365
0.665,-1.562
-0.542,-0.915
-1.353,-0.383
-1.756,-4.696
0.962,-0.005
2.618,0.019
2.836,-0.678
-0.747,-0.102
-1.108,-0.031
-1.272,-0.119
-1.72,-0.205
-1.727,-3.231
-2.143,-1.356
2.023,-3.403
1.846,-3.667
1.811,-1.406
1.717,-1.091
0.5,-3.844
0.006,-2.218
-0.407,-0.842
1.001,-4.765
-0.572,-0.249
-1.769,-2.867
-1.771,-1.709
-1.971,-4.037
-1.95,-1.922
-1.945,-3.107
-1.963,-3.153
-2.193,-2.656
-2.2,-1.332
-2.065,-3.889
-2.197,-2.173
-2.248,-0.764
-2.262,-3.964
-2.314,-4.115
-2.366,-3.063
-2.387,-1.809
-2.256,-2.927
-2.422,-4.117
-2.331,-3.151
-2.444,-2.556
-2.553,-3.042
-2.468,-2.465
-2.5,-0.863
-2.625,-3.142
-2.622,-2.712
-2.527,-2.88
-2.594,-2.535
-2.779,-2.756
-2.892,-4.144
-2.906,-3.991
-2.851,-3.514
-2.985,-2.724
-3.031,-0.348
-3.129,-2.541
3.06,-3.67
2.932,-2.38
2.816,-1.569
2.56,-3.508
2.584,-3.391
2.399,-1.711
2.542,-0.322
2.361,-3.918
2.339,-2.479
2.362,-1.799
2.36,-2.527
2.316,-2.68
2.248,-1.478
2.159,-3.215
1.997,-1.682
1.99,-1.701
1.846,-2.702
1.87,-1.677
1.555,-0.383
1.703,-1.383
1.521,-1.726
1.63,-0.813
1.508,-1.649
1.412,-0.438
1.401,-2.255
1.394,-3.606
1.488,-0.786
1.325,-2.823
1.251,-4.043
1.374,-1.753
1.356,-2.486
1.367,-1.391
1.312,-0.488
1.294,-0.269
1.288,-2.595
1.251,-4.128
1.092,-0.481
1.056,-2.05
1.051,-1.835
0.958,-2.153
0.95,-1.604
1.051,-0.678
1.051,-2.125
0.859,-2.162
0.984,-1.779
0.857,-3.592
0.806,-2.62
0.789,-2.894
0.793,-4.213
0.642,-0.901
0.618,-3.106
0.689,-4.054
0.573,-3.238
0.599,-1.547
0.455,-1.846
0.474,-0.398
0.423,-1.516
0.299,-4.055
0.395,-2.988
0.245,-4.064
0.199,-0.912
0.166,-4.074
0.146,-1.922
0.263,-3.437
0.214,-1.054
-0.006,-0.508
-0.059,-1.349
-0.195,-2.825
-0.354,-2.405
-0.28,-2.17
-0.377,-1.483
-0.4,-2.409
-0.721,-2.58
-0.74,-0.839
-0.632,-3.328
-0.68,-0.924
-0.91,-3.316
-0.83,-0.29
-1.253,-2.065
-1.284,-3.416
-1.285,-2.284
-1.183,-3.32
-1.198,-3.052
-1.391,-2.198
-1.359,-3.736
-1.51,-0.348
-1.426,-2.401
-1.533,-2.531
-1.566,-2.501
-1.66,-0.419
-1.694,-0.991
-1.59,-2.592
-1.621,-1.883
-1.645,-1.908
-1.815,-2.256
-1.718,-3.108
-1.859,-4.356
-1.85,-4.331
-2.406,-4.546
-2.707,-4.255
-2.834,-4.503
2.931,-4.626
2.756,-4.599
2.154,-4.707
1.855,-4.221
1.634,-4.565
1.624,-4.622
1.496,-4.531
1.443,-4.579
1.432,-4.709
1.145,-4.584
1.057,-4.396
0.618,-4.302
0.043,-4.709
-0.659,-4.404
-0.932,-4.731
-1.479,-4.409
-1.558,-4.534
-1.771,-0.146
-2.665,-0.032
2.351,-0.16
2.061,0.078
1.11,-0.01
0.916,-0.144
0.719,0.058
0.449,-0.112
0.286,-0.089
-2.713,-2.039
-2.721,-0.826
1.923,-3.604
-0.885,-3.619
-2.227,-2.772
-2.251,-3.079
0.206,-1.232
-1.014,-0.771
-1.344,-1.462
-2.031,-0.919
-2.724,-2.402
-3.018,-3.053
1.611,-1.568
1.286,-0.819
1.239,-1.638
1.292,-3.388
0.987,-1.585
-0.22,-0.938
-1.031,-0.406
-1.434,-4.719
1.284,-0.028
2.94,-0.004
-3.125,-0.701
-0.361,0.071
-0.525,-0.017
-0.973,-0.103
-0.98,-3.129
-1.396,-1.254
2.77,-3.301
2.593,-3.565
2.558,-1.304
2.464,-0.989
1.247,-3.742
0.753,-2.116
0.34,-0.74
1.748,-4.663
0.175,-0.147
-1.022,-2.765
-1.024,-1.607
-1.224,-3.935
-1.203,-1.82
-1.198,-3.005
-1.216,-3.051
-1.446,-2.554
-1.453,-1.23
-1.318,-3.787
-1.45,-2.071
-1.501,-0.662
-1.515,-3.862
-1.567,-4.013
-1.619,-2.961
-1.64,-1.707
-1.509,-2.825
-1.675,-4.015
-1.584,-3.049
-1.697,-2.454
-1.806,-2.94
-1.721,-2.363
-1.753,-0.761
-1.878,-3.04
-1.875,-2.61
-1.78,-2.778
-1.847,-2.433
-2.032,-2.654
-2.145,-4.042
-2.159,-3.889
-2.104,-3.412
-2.238,-2.622
-2.284,-0.246
-2.382,-2.439
-2.476,-3.568
-2.604,-2.278
-2.72,-1.467
-2.976,-3.406
-2.952,-3.289
-3.137,-1.609
-2.994,-0.22
3.108,-3.816
3.086,-2.377
3.109,-1.697
3.107,-2.425
3.063,-2.578
2.995,-1.376
2.906,-3.113
2.744,-1.58
2.737,-1.599
2.593,-2.6
2.617,-1.575
2.302,-0.281
2.45,-1.281
2.268,-1.624
2.377,-0.711
2.255,-1.547
2.159,-0.336
2.148,-2.153
2.141,-3.504
2.235,-0.684
2.072,-2.721
1.998,-3.941
2.121,-1.651
2.103,-2.384
2.114,-1.289
2.059,-0.386
2.041,-0.167
2.035,-2.493
1.998,-4.026
1.839,-0.379
1.803,-1.948
1.798,-1.733
1.705,-2.051
1.697,-1.502
1.798,-0.576
1.798,-2.023
1.606,-2.06
1.731,-1.677
1.604,-3.49
1.553,-2.518
1.536,-2.792
1.54,-4.111
1.389,-0.799
1.365,-3.004
1.436,-3.952
1.32,-3.136
1.346,-1.445
1.202,-1.744
1.221,-0.296
1.17,-1.414
1.046,-3.953
1.142,-2.886
0.992,-3.962
0.946,-0.81
0.913,-3.972
0.893,-1.82
1.01,-3.335
0.961,-0.952
0.741,-0.406
0.688,-1.247
0.552,-2.723
0.393,-2.303
0.467,-2.068
0.37,-1.381
0.347,-2.307
0.026,-2.478
0.007,-0.737
0.115,-3.226
0.067,-0.822
-0.163,-3.214
-0.083,-0.188
-0.506,-1.963
-0.537,-3.314
-0.538,-2.182
-0.436,-3.218
-0.451,-2.95
-0.644,-2.096
-0.612,-3.634
-0.763,-0.246
-0.679,-2.299
-0.786,-2.429
-0.819,-2.399
-0.913,-0.317
-0.947,-0.889
-0.843,-2.49
-0.874,-1.781
-0.898,-1.806
-1.068,-2.154
-0.971,-3.006
-1.112,-4.254
-1.103,-4.229
-1.659,-4.444
-1.96,-4.153
-2.087,-4.401
-2.605,-4.524
-2.78,-4.497
2.901,-4.605
2.602,-4.119
2.381,-4.463
2.371,-4.52
2.243,-4.429
2.19,-4.477
2.179,-4.607
1.892,-4.482
1.804,-4.294
1.365,-4.2
0.79,-4.607
0.088,-4.302
-0.185,-4.629
-0.732,-4.307
-0.811,-4.432
-1.024,-0.044
-1.918,0.07
3.098,-0.058
2.808,0.18
1.857,0.092
1.663,-0.042
1.466,0.16
1.196,-0.01
1.033,0.013
-1.966,-1.937
-1.974,-0.724
2.67,-3.502
-0.138,-3.517
-1.48,-2.67
-1.504,-2.977
0.953,-1.13
-0.267,-0.669
-0.597,-1.36
-1.284,-0.817
-1.977,-2.3
-2.271,-2.951
2.358,-1.466
2.033,-0.717
1.986,-1.536
2.039,-3.286
1.734,-1.483
0.527,-0.836
-0.284,-0.304
-0.687,-4.617
2.031,0.074
-2.596,0.098
-2.378,-0.599
-0.164,-0.088
-0.612,-0.174
-0.619,-3.2
-1.035,-1.325
3.131,-3.372
2.954,-3.636
2.919,-1.375
2.825,-1.06
1.608,-3.813
1.114,-2.187
0.701,-0.811
2.109,-4.734
0.536,-0.218
-0.661,-2.836
-0.663,-1.678
-0.863,-4.006
-0.842,-1.891
-0.837,-3.076
-0.855,-3.122
-1.085,-2.625
-1.092,-1.301
-0.957,-3.858
-1.089,-2.142
-1.14,-0.733
-1.154,-3.933
-1.206,-4.084
-1.258,-3.032
-1.279,-1.778
-1.148,-2.896
-1.314,-4.086
-1.223,-3.12
-1.336,-2.525
-1.445,-3.011
-1.36,-2.434
-1.392,-0.832
-1.517,-3.111
-1.514,-2.681
-1.419,-2.849
-1.486,-2.504
-1.671,-2.725
-1.784,-4.113
-1.798,-3.96
-1.743,-3.483
-1.877,-2.693
-1.923,-0.317
-2.021,-2.51
-2.115,-3.639
-2.243,-2.349
-2.359,-1.538
-2.615,-3.477
-2.591,-3.36
-2.776,-1.68
-2.633,-0.291
-2.814,-3.887
-2.836,-2.448
-2.813,-1.768
-2.815,-2.496
-2.859,-2.649
-2.927,-1.447
-3.016,-3.184
3.105,-1.651
3.098,-1.67
2.954,-2.671
2.978,-1.646
2.663,-0.352
2.811,-1.352
2.629,-1.695
2.738,-0.782
2.616,-1.618
2.52,-0.407
2.509,-2.224
2.502,-3.575
2.596,-0.755
2.433,-2.792
2.359,-4.012
2.482,-1.722
2.464,-2.455
2.475,-1.36
2.42,-0.457
2.402,-0.238
2.396,-2.564
2.359,-4.097
2.2,-0.45
2.164,-2.019
2.159,-1.804
2.066,-2.122
2.058,-1.573
2.159,-0.647
2.159,-2.094
1.967,-2.131
2.092,-1.748
1.965,-3.561
1.914,-2.589
1.897,-2.863
1.901,-4.182
1.75,-0.87
1.726,-3.075
1.797,-4.023
1.681,-3.207
1.707,-1.516
1.563,-1.815
1.582,-0.367
1.531,-1.485
1.407,-4.024
1.503,-2.957
1.353,-4.033
1.307,-0.881
1.274,-4.043
1.254,-1.891
1.371,-3.406
1.322,-1.023
1.102,-0.477
1.049,-1.318
0.913,-2.794
0.754,-2.374
0.828,-2.139
0.731,-1.452
0.708,-2.378
0.387,-2.549
0.368,-0.808
0.476,-3.297
0.428,-0.893
0.198,-3.285
0.278,-0.259
-0.145,-2.034
-0.176,-3.385
-0.177,-2.253
-0.075,-3.289
-0.09,-3.021
-0.283,-2.167
-0.251,-3.705
-0.402,-0.317
-0.318,-2.37
-0.425,-2.5
-0.458,-2.47
-0.552,-0.388
-0.586,-0.96
-0.482,-2.561
-0.513,-1.852
-0.537,-1.877
-0.707,-2.225
-0.61,-3.077
-0.751,-4.325
-0.742,-4.3
-1.298,-4.515
-1.599,-4.224
-1.726,-4.472
-2.244,-4.595
-2.419,-4.568
-3.021,-4.676
2.963,-4.19
2.742,-4.534
2.732,-4.591
2.604,-4.5
2.551,-4.548
2.54,-4.678
2.253,-4.553
2.165,-4.365
1.726,-4.271
1.151,-4.678
0.449,-4.373
0.176,-4.7
-0.371,-4.378
-0.45,-4.503
-0.663,-0.115
-1.557,-0.001
-2.824,-0.129
-3.114,0.109
2.218,0.021
2.024,-0.113
1.827,0.089
1.557,-0.081
1.394,-0.058
-1.605,-2.008
-1.613,-0.795
3.031,-3.573
0.223,-3.588
-1.119,-2.741
-1.143,-3.048
1.314,-1.201
0.094,-0.74
-0.236,-1.431
-0.923,-0.888
-1.616,-2.371
-1.91,-3.022
2.719,-1.537
2.394,-0.788
2.347,-1.607
2.4,-3.357
2.095,-1.554
0.888,-0.907
0.077,-0.375
-0.326,-4.688
2.392,0.003
-2.235,0.027
-2.017,-0.67
-0.448,-0.086
-0.455,-3.112
-0.871,-1.237
-2.988,-3.284
3.118,-3.548
3.083,-1.287
2.989,-0.972
1.772,-3.725
1.278,-2.099
0.865,-0.723
2.273,-4.646
0.7,-0.13
-0.497,-2.748
-0.499,-1.59
-0.699,-3.918
-0.678,-1.803
-0.673,-2.988
-0.691,-3.034
-0.921,-2.537
-0.928,-1.213
-0.793,-3.77
-0.925,-2.054
-0.976,-0.645
-0.99,-3.845
-1.042,-3.996
-1.094,-2.944
-1.115,-1.69
-0.984,-2.808
-1.15,-3.998
-1.059,-3.032
-1.172,-2.437
-1.281,-2.923
-1.196,-2.346
-1.228,-0.744
-1.353,-3.023
-1.35,-2.593
-1.255,-2.761
-1.322,-2.416
-1.507,-2.637
-1.62,-4.025
-1.634,-3.872
-1.579,-3.395
-1.713,-2.605
-1.759,-0.229
-1.857,-2.422
-1.951,-3.551
-2.079,-2.261
-2.195,-1.45
-2.451,-3.389
-2.427,-3.272
-2.612,-1.592
-2.469,-0.203
-2.65,-3.799
-2.672,-2.36
-2.649,-1.68
-2.651,-2.408
-2.695,-2.561
-2.763,-1.359
-2.852,-3.096
-3.014,-1.563
-3.021,-1.582
3.118,-2.583
-3.141,-1.558
2.827,-0.264
2.975,-1.264
2.793,-1.607
2.902,-0.694
2.78,-1.53
2.684,-0.319
2.673,-2.136
2.666,-3.487
2.76,-0.667
2.597,-2.704
2.523,-3.924
2.646,-1.634
2.628,-2.367
2.639,-1.272
2.584,-0.369
2.566,-0.15
2.56,-2.476
2.523,-4.009
2.364,-0.362
2.328,-1.931
2.323,-1.716
2.23,-2.034
2.222,-1.485
2.323,-0.559
2.323,-2.006
2.131,-2.043
2.256,-1.66
2.129,-3.473
2.078,-2.501
2.061,-2.775
2.065,-4.094
1.914,-0.782
1.89,-2.987
1.961,-3.935
1.845,-3.119
1.871,-1.428
1.727,-1.727
1.746,-0.279
1.695,-1.397
1.571,-3.936
1.667,-2.869
1.517,-3.945
1.471,-0.793
1.438,-3.955
1.418,-1.803
1.535,-3.318
1.486,-0.935
1.266,-0.389
1.213,-1.23
1.077,-2.706
0.918,-2.286
0.992,-2.051
0.895,-1.364
0.872,-2.29
0.551,-2.461
0.532,-0.72
0.64,-3.209
0.592,-0.805
0.362,-3.197
0.442,-0.171
0.019,-1.946
-0.012,-3.297
-0.013,-2.165
0.089,-3.201
0.074,-2.933
-0.119,-2.079
-0.087,-3.617
-0.238,-0.229
-0.154,-2.282
-0.261,-2.412
-0.294,-2.382
-0.388,-0.3
-0.422,-0.872
-0.318,-2.473
-0.349,-1.764
-0.373,-1.789
-0.543,-2.137
-0.446,-2.989
-0.587,-4.237
-0.578,-4.212
-1.134,-4.427
-1.435,-4.136
-1.562,-4.384
-2.08,-4.507
-2.255,-4.48
-2.857,-4.588
3.127,-4.102
2.906,-4.446
2.896,-4.503
2.768,-4.412
2.715,-4.46
2.704,-4.59
2.417,-4.465
2.329,-4.277
1.89,-4.183
1.315,-4.59
0.613,-4.285
0.34,-4.612
-0.207,-4.29
-0.286,-4.415
-0.499,-0.027
-1.393,0.087
-2.66,-0.041
-2.95,0.197
2.382,0.109
2.188,-0.025
1.991,0.177
1.721,0.007
1.558,0.03
-1.441,-1.92
-1.449,-0.707
-3.088,-3.485
0.387,-3.5
-0.955,-2.653
-0.979,-2.96
1.478,-1.113
0.258,-0.652
-0.072,-1.343
-0.759,-0.8
-1.452,-2.283
-1.746,-2.934
2.883,-1.449
2.558,-0.7
2.511,-1.519
2.564,-3.269
2.259,-1.466
1.052,-0.819
0.241,-0.287
-0.162,-4.6
2.556,0.091
-2.071,0.115
-1.853,-0.582
-0.007,-3.026
-0.423,-1.151
-2.54,-3.198
-2.717,-3.462
-2.752,-1.201
-2.846,-0.886
2.22,-3.639
1.726,-2.013
1.313,-0.637
2.721,-4.56
1.148,-0.044
-0.049,-2.662
-0.051,-1.504
-0.251,-3.832
-0.23,-1.717
-0.225,-2.902
-0.243,-2.948
-0.473,-2.451
-0.48,-1.127
-0.345,-3.684
-0.477,-1.968
-0.528,-0.559
-0.542,-3.759
-0.594,-3.91
-0.646,-2.858
-0.667,-1.604
-0.536,-2.722
-0.702,-3.912
-0.611,-2.946
-0.724,-2.351
-0.833,-2.837
-0.748,-2.26
-0.78,-0.658
-0.905,-2.937
-0.902,-2.507
-0.807,-2.675
-0.874,-2.33
-1.059,-2.551
-1.172,-3.939
-1.186,-3.786
-1.131,-3.309
-1.265,-2.519
-1.311,-0.143
-1.409,-2.336
-1.503,-3.465
-1.631,-2.175
-1.747,-1.364
-2.003,-3.303
-1.979,-3.186
-2.164,-1.506
-2.021,-0.117
-2.202,-3.713
-2.224,-2.274
-2.201,-1.594
-2.203,-2.322
-2.247,-2.475
-2.315,-1.273
-2.404,-3.01
-2.566,-1.477
-2.573,-1.496
-2.717,-2.497
-2.693,-1.472
-3.008,-0.178
-2.86,-1.178
-3.042,-1.521
-2.933,-0.608
-3.055,-1.444
3.132,-0.233
3.121,-2.05
3.114,-3.401
-3.075,-0.581
3.045,-2.618
2.971,-3.838
3.094,-1.548
3.076,-2.281
3.087,-1.186
3.032,-0.283
3.014,-0.064
3.008,-2.39
2.971,-3.923
2.812,-0.276
2.776,-1.845
2.771,-1.63
2.678,-1.948
2.67,-1.399
2.771,-0.473
2.771,-1.92
2.579,-1.957
2.704,-1.574
2.577,-3.387
2.526,-2.415
2.509,-2.689
2.513,-4.008
2.362,-0.696
2.338,-2.901
2.409,-3.849
2.293,-3.033
2.319,-1.342
2.175,-1.641
2.194,-0.193
2.143,-1.311
2.019,-3.85
2.115,-2.783
1.965,-3.859
1.919,-0.707
1.886,-3.869
1.866,-1.717
1.983,-3.232
1.934,-0.849
1.714,-0.303
1.661,-1.144
1.525,-2.62
1.366,-2.2
1.44,-1.965
1.343,-1.278
1.32,-2.204
0.999,-2.375
0.98,-0.634
1.088,-3.123
1.04,-0.719
0.81,-3.111
0.89,-0.085
0.467,-1.86
0.436,-3.211
0.435,-2.079
0.537,-3.115
0.522,-2.847
0.329,-1.993
0.361,-3.531
0.21,-0.143
0.294,-2.196
0.187,-2.326
0.154,-2.296
0.06,-0.214
0.026,-0.786
0.13,-2.387
0.099,-1.678
0.075,-1.703
-0.095,-2.051
0.002,-2.903
-0.139,-4.151
-0.13,-4.126
-0.686,-4.341
-0.987,-4.05
-1.114,-4.298
-1.632,-4.421
-1.807,-4.394
-2.409,-4.502
-2.708,-4.016
-2.929,-4.36
-2.939,-4.417
-3.067,-4.326
-3.12,-4.374
-3.131,-4.504
2.865,-4.379
2.777,-4.191
2.338,-4.097
1.763,-4.504
1.061,-4.199
0.788,-4.526
0.241,-4.204
0.162,-4.329
-0.051,0.059
-0.945,0.173
-2.212,0.045
-2.502,0.283
2.83,0.195
2.636,0.061
2.439,0.263
2.169,0.093
2.006,0.116
-0.993,-1.834
-1.001,-0.621
-2.64,-3.399
0.835,-3.414
-0.507,-2.567
-0.531,-2.874
1.926,-1.027
0.706,-0.566
0.376,-1.257
-0.311,-0.714
-1.004,-2.197
-1.298,-2.848
-2.952,-1.363
3.006,-0.614
2.959,-1.433
3.012,-3.183
2.707,-1.38
1.5,-0.733
0.689,-0.201
0.286,-4.514
3.004,0.177
-1.623,0.201
-1.405,-0.496
-0.416,1.875
-2.533,-0.172
-2.71,-0.436
-2.745,1.825
-2.839,2.14
2.227,-0.613
1.733,1.013
1.32,2.389
2.728,-1.534
1.155,2.982
-0.042,0.364
-0.044,1.522
-0.244,-0.806
-0.223,1.309
-0.218,0.124
-0.236,0.078
-0.466,0.575
-0.473,1.899
-0.338,-0.658
-0.47,1.058
-0.521,2.467
-0.535,-0.733
-0.587,-0.884
-0.639,0.168
-0.66,1.422
-0.529,0.304
-0.695,-0.886
-0.604,0.08
-0.717,0.675
-0.826,0.189
-0.741,0.766
-0.773,2.368
-0.898,0.089
-0.895,0.519
-0.8,0.351
-0.867,0.696
-1.052,0.475
-1.165,-0.913
-1.179,-0.76
-1.124,-0.283
-1.258,0.507
-1.304,2.883
-1.402,0.69
-1.496,-0.439
-1.624,0.851
-1.74,1.662
-1.996,-0.277
-1.972,-0.16
-2.157,1.52
-2.014,2.909
-2.195,-0.687
-2.217,0.752
-2.194,1.432
-2.196,0.704
-2.24,0.551
-2.308,1.753
-2.397,0.016
-2.559,1.549
-2.566,1.53
-2.71,0.529
-2.686,1.554
-3.001,2.848
-2.853,1.848
-3.035,1.505
-2.926,2.418
-3.048,1.582
3.139,2.793
3.128,0.976
3.121,-0.375
-3.068,2.445
3.052,0.408
2.978,-0.812
3.101,1.478
3.083,0.745
3.094,1.84
3.039,2.743
3.021,2.962
3.015,0.636
2.978,-0.897
2.819,2.75
2.783,1.181
2.778,1.396
2.685,1.078
2.677,1.627
2.778,2.553
2.778,1.106
2.586,1.069
2.711,1.452
2.584,-0.361
2.533,0.611
2.516,0.337
2.52,-0.982
2.369,2.33
2.345,0.125
2.416,-0.823
2.3,-0.007
2.326,1.684
2.182,1.385
2.201,2.833
2.15,1.715
2.026,-0.824
2.122,0.243
1.972,-0.833
1.926,2.319
1.893,-0.843
1.873,1.309
1.99,-0.206
1.941,2.177
1.721,2.723
1.668,1.882
1.532,0.406
1.373,0.826
1.447,1.061
1.35,1.748
1.327,0.822
1.006,0.651
0.987,2.392
1.095,-0.097
1.047,2.307
0.817,-0.085
0.897,2.941
0.474,1.166
0.443,-0.185
0.442,0.947
0.544,-0.089
0.529,0.179
0.336,1.033
0.368,-0.505
0.217,2.883
0.301,0.83
0.194,0.7
0.161,0.73
0.067,2.812
0.033,2.24
0.137,0.639
0.106,1.348
0.082,1.323
-0.088,0.975
0.009,0.123
-0.132,-1.125
-0.123,-1.1
-0.679,-1.315
-0.98,-1.024
-1.107,-1.272
-1.625,-1.395
-1.8,-1.368
-2.402,-1.476
-2.701,-0.99
-2.922,-1.334
-2.932,-1.391
-3.06,-1.3
-3.113,-1.348
-3.124,-1.478
2.872,-1.353
2.784,-1.165
2.345,-1.071
1.77,-1.478
1.068,-1.173
0.795,-1.5
0.248,-1.178
0.169,-1.303
-0.044,3.085
-0.938,3.199
-2.205,3.071
-2.495,3.309
2.837,3.221
2.643,3.087
2.446,3.289
2.176,3.119
2.013,3.142
-0.986,1.192
-0.994,2.405
-2.633,-0.373
0.842,-0.388
-0.5,0.459
-0.524,0.152
1.933,1.999
0.713,2.46
0.383,1.769
-0.304,2.312
-0.997,0.829
-1.291,0.178
-2.945,1.663
3.013,2.412
2.966,1.593
3.019,-0.157
2.714,1.646
1.507,2.293
0.696,2.825
0.293,-1.488
3.011,3.203
-1.616,3.227
-1.398,2.53
-2.117,-2.047
-2.294,-2.311
-2.329,-0.05
-2.423,0.265
2.643,-2.488
2.149,-0.862
1.736,0.514
-3.139,-3.409
1.571,1.107
0.374,-1.511
0.372,-0.353
0.172,-2.681
0.193,-0.566
0.198,-1.751
0.18,-1.797
-0.05,-1.3
-0.057,0.024
0.078,-2.533
-0.054,-0.817
-0.105,0.592
-0.119,-2.608
-0.171,-2.759
-0.223,-1.707
-0.244,-0.453
-0.113,-1.571
-0.279,-2.761
-0.188,-1.795
-0.301,-1.2
-0.41,-1.686
-0.325,-1.109
-0.357,0.493
-0.482,-1.786
-0.479,-1.356
-0.384,-1.524
-0.451,-1.179
-0.636,-1.4
-0.749,-2.788
-0.763,-2.635
-0.708,-2.158
-0.842,-1.368
-0.888,1.008
-0.986,-1.185
-1.08,-2.314
-1.208,-1.024
-1.324,-0.213
-1.58,-2.152
-1.556,-2.035
-1.741,-0.355
-1.598,1.034
-1.779,-2.562
-1.801,-1.123
-1.778,-0.443
-1.78,-1.171
-1.824,-1.324
-1.892,-0.122
-1.981,-1.859
-2.143,-0.326
-2.15,-0.345
-2.294,-1.346
-2.27,-0.321
-2.585,0.973
-2.437,-0.027
-2.619,-0.37
-2.51,0.543
-2.632,-0.293
-2.728,0.918
-2.739,-0.899
-2.746,-2.25
-2.652,0.57
-2.815,-1.467
-2.889,-2.687
-2.766,-0.397
-2.784,-1.13
-2.773,-0.035
-2.828,0.868
-2.846,1.087
-2.852,-1.239
-2.889,-2.772
-3.048,0.875
-3.084,-0.694
-3.089,-0.479
3.101,-0.797
3.093,-0.248
-3.089,0.678
-3.089,-0.769
3.002,-0.806
3.127,-0.423
3.0,-2.236
2.949,-1.264
2.932,-1.538
2.936,-2.857
2.785,0.455
2.761,-1.75
2.832,-2.698
2.716,-1.882
2.742,-0.191
2.598,-0.49
2.617,0.958
2.566,-0.16
2.442,-2.699
2.538,-1.632
2.388,-2.708
2.342,0.444
2.309,-2.718
2.289,-0.566
2.406,-2.081
2.357,0.302
2.137,0.848
2.084,0.007
1.948,-1.469
1.789,-1.049
1.863,-0.814
1.766,-0.127
1.743,-1.053
1.422,-1.224
1.403,0.517
1.511,-1.972
1.463,0.432
1.233,-1.96
1.313,1.066
0.89,-0.709
0.859,-2.06
0.858,-0.928
0.96,-1.964
0.945,-1.696
0.752,-0.842
0.784,-2.38
0.633,1.008
0.717,-1.045
0.61,-1.175
0.577,-1.145
0.483,0.937
0.449,0.365
0.553,-1.236
0.522,-0.527
0.498,-0.552
0.328,-0.9
0.425,-1.752
0.284,-3.0
0.293,-2.975
-0.263,-3.19
-0.564,-2.899
-0.691,-3.147
-1.209,-3.27
-1.384,-3.243
-1.986,-3.351
-2.285,-2.865
-2.506,-3.209
-2.516,-3.266
-2.644,-3.175
-2.697,-3.223
-2.708,-3.353
-2.995,-3.228
-3.083,-3.04
2.761,-2.946
2.186,-3.353
1.484,-3.048
1.211,-3.375
0.664,-3.053
0.585,-3.178
0.372,1.21
-0.522,1.324
-1.789,1.196
-2.079,1.434
-3.03,1.346
3.059,1.212
2.862,1.414
2.592,1.244
2.429,1.267
-0.57,-0.683
-0.578,0.53
-2.217,-2.248
1.258,-2.263
-0.084,-1.416
-0.108,-1.723
2.349,0.124
1.129,0.585
0.799,-0.106
0.112,0.437
-0.581,-1.046
-0.875,-1.697
-2.529,-0.212
-2.854,0.537
-2.901,-0.282
-2.848,-2.032
3.13,-0.229
1.923,0.418
1.112,0.95
0.709,-3.363
-2.856,1.328
-1.2,1.352
-0.982,0.655
-0.177,-0.264
-0.212,1.997
-0.306,2.312
-1.523,-0.441
-2.017,1.185
-2.43,2.561
-1.022,-1.362
-2.595,3.154
2.491,0.536
2.489,1.694
2.289,-0.634
2.31,1.481
2.315,0.296
2.297,0.25
2.067,0.747
2.06,2.071
2.195,-0.486
2.063,1.23
2.012,2.639
1.998,-0.561
1.946,-0.712
1.894,0.34
1.873,1.594
2.004,0.476
1.838,-0.714
1.929,0.252
1.816,0.847
1.707,0.361
1.792,0.938
1.76,2.54
1.635,0.261
1.638,0.691
1.733,0.523
1.666,0.868
1.481,0.647
1.368,-0.741
1.354,-0.588
1.409,-0.111
1.275,0.679
1.229,3.055
1.131,0.862
1.037,-0.267
0.909,1.023
0.793,1.834
0.537,-0.105
0.561,0.012
0.376,1.692
0.519,3.081
0.338,-0.515
0.316,0.924
0.339,1.604
0.337,0.876
0.293,0.723
0.225,1.925
0.136,0.188
-0.026,1.721
-0.033,1.702
-0.177,0.701
-0.153,1.726
-0.468,3.02
-0.32,2.02
-0.502,1.677
-0.393,2.59
-0.515,1.754
-0.611,2.965
-0.622,1.148
-0.629,-0.203
-0.535,2.617
-0.698,0.58
-0.772,-0.64
-0.649,1.65
-0.667,0.917
-0.656,2.012
-0.711,2.915
-0.729,3.134
-0.735,0.808
-0.772,-0.725
-0.931,2.922
-0.967,1.353
-0.972,1.568
-1.065,1.25
-1.073,1.799
-0.972,2.725
-0.972,1.278
-1.164,1.241
-1.039,1.624
-1.166,-0.189
-1.217,0.783
-1.234,0.509
-1.23,-0.81
-1.381,2.502
-1.405,0.297
-1.334,-0.651
-1.45,0.165
-1.424,1.856
-1.568,1.557
-1.549,3.005
-1.6,1.887
-1.724,-0.652
-1.628,0.415
-1.778,-0.661
-1.824,2.491
-1.857,-0.671
-1.877,1.481
-1.76,-0.034
-1.809,2.349
-2.029,2.895
-2.082,2.054
-2.218,0.578
-2.377,0.998
-2.303,1.233
-2.4,1.92
-2.423,0.994
-2.744,0.823
-2.763,2.564
-2.655,0.075
-2.703,2.479
-2.933,0.087
-2.853,3.113
3.007,1.338
2.976,-0.013
2.975,1.119
3.077,0.083
3.062,0.351
2.869,1.205
2.901,-0.333
2.75,3.055
2.834,1.002
2.727,0.872
2.694,0.902
2.6,2.984
2.566,2.412
2.67,0.811
2.639,1.52
2.615,1.495
2.445,1.147
2.542,0.295
2.401,-0.953
2.41,-0.928
1.854,-1.143
1.553,-0.852
1.426,-1.1
0.908,-1.223
0.733,-1.196
0.131,-1.304
-0.168,-0.818
-0.389,-1.162
-0.399,-1.219
-0.527,-1.128
-0.58,-1.176
-0.591,-1.306
-0.878,-1.181
-0.966,-0.993
-1.405,-0.899
-1.98,-1.306
-2.682,-1.001
-2.955,-1.328
2.781,-1.006
2.702,-1.131
2.489,3.257
1.595,3.371
0.328,3.243
0.038,3.481
-0.913,3.393
-1.107,3.259
-1.304,3.461
-1.574,3.291
-1.737,3.314
1.547,1.364
1.539,2.577
-0.1,-0.201
-2.908,-0.216
2.033,0.631
2.009,0.324
-1.817,2.171
-3.037,2.632
2.916,1.941
2.229,2.484
1.536,1.001
1.242,0.35
-0.412,1.835
-0.737,2.584
-0.784,1.765
-0.731,0.015
-1.036,1.818
-2.243,2.465
-3.054,2.997
2.826,-1.316
-0.739,3.375
0.917,3.399
1.135,2.702
-0.035,2.261
-0.129,2.576
-1.346,-0.177
-1.84,1.449
-2.253,2.825
-0.845,-1.098
-2.418,3.418
2.668,0.8
2.666,1.958
2.466,-0.37
2.487,1.745
2.492,0.56
2.474,0.514
2.244,1.011
2.237,2.335
2.372,-0.222
2.24,1.494
2.189,2.903
2.175,-0.297
2.123,-0.448
2.071,0.604
2.05,1.858
2.181,0.74
2.015,-0.45
2.106,0.516
1.993,1.111
1.884,0.625
1.969,1.202
1.937,2.804
1.812,0.525
1.815,0.955
1.91,0.787
1.843,1.132
1.658,0.911
1.545,-0.477
1.531,-0.324
1.586,0.153
1.452,0.943
1.406,3.319
1.308,1.126
1.214,-0.003
1.086,1.287
0.97,2.098
0.714,0.159
0.738,0.276
0.553,1.956
0.696,3.345
0.515,-0.251
0.493,1.188
0.516,1.868
0.514,1.14
0.47,0.987
0.402,2.189
0.313,0.452
0.151,1.985
0.144,1.966
0.0,0.965
0.024,1.99
-0.291,3.284
-0.143,2.284
-0.325,1.941
-0.216,2.854
-0.338,2.018
-0.434,3.229
-0.445,1.412
-0.452,0.061
-0.358,2.881
-0.521,0.844
-0.595,-0.376
-0.472,1.914
-0.49,1.181
-0.479,2.276
-0.534,3.179
-0.552,3.398
-0.558,1.072
-0.595,-0.461
-0.754,3.186
-0.79,1.617
-0.795,1.832
-0.888,1.514
-0.896,2.063
-0.795,2.989
-0.795,1.542
-0.987,1.505
-0.862,1.888
-0.989,0.075
-1.04,1.047
-1.057,0.773
-1.053,-0.546
-1.204,2.766
-1.228,0.561
-1.157,-0.387
-1.273,0.429
-1.247,2.12
-1.391,1.821
-1.372,3.269
-1.423,2.151
-1.547,-0.388
-1.451,0.679
-1.601,-0.397
-1.647,2.755
-1.68,-0.407
-1.7,1.745
-1.583,0.23
-1.632,2.613
-1.852,3.159
-1.905,2.318
-2.041,0.842
-2.2,1.262
-2.126,1.497
-2.223,2.184
-2.246,1.258
-2.567,1.087
-2.586,2.828
-2.478,0.339
-2.526,2.743
-2.756,0.351
-2.676,3.377
-3.099,1.602
-3.13,0.251
-3.131,1.383
-3.029,0.347
-3.044,0.615
3.046,1.469
3.078,-0.069
2.927,3.319
3.011,1.266
2.904,1.136
2.871,1.166
2.777,3.248
2.743,2.676
2.847,1.075
2.816,1.784
2.792,1.759
2.622,1.411
2.719,0.559
2.578,-0.689
2.587,-0.664
2.031,-0.879
1.73,-0.588
1.603,-0.836
1.085,-0.959
0.91,-0.932
0.308,-1.04
0.009,-0.554
-0.212,-0.898
-0.222,-0.955
-0.35,-0.864
-0.403,-0.912
-0.414,-1.042
-0.701,-0.917
-0.789,-0.729
-1.228,-0.635
-1.803,-1.042
-2.505,-0.737
-2.778,-1.064
2.958,-0.742
2.879,-0.867
2.666,3.521
1.772,3.635
0.505,3.507
0.215,3.745
-0.736,3.657
-0.93,3.523
-1.127,3.725
-1.397,3.555
-1.56,3.578
1.724,1.628
1.716,2.841
0.077,0.063
-2.731,0.048
2.21,0.895
2.186,0.588
-1.64,2.435
-2.86,2.896
3.093,2.205
2.406,2.748
1.713,1.265
1.419,0.614
-0.235,2.099
-0.56,2.848
-0.607,2.029
-0.554,0.279
-0.859,2.082
-2.066,2.729
-2.877,3.261
3.003,-1.052
-0.562,3.639
1.094,3.663
1.312,2.966
-0.094,0.315
-1.311,-2.438
-1.805,-0.812
-2.218,0.564
-0.81,-3.359
-2.383,1.157
2.703,-1.461
2.701,-0.303
2.501,-2.631
2.522,-0.516
2.527,-1.701
2.509,-1.747
2.279,-1.25
2.272,0.074
2.407,-2.483
2.275,-0.767
2.224,0.642
2.21,-2.558
2.158,-2.709
2.106,-1.657
2.085,-0.403
2.216,-1.521
2.05,-2.711
2.141,-1.745
2.028,-1.15
1.919,-1.636
2.004,-1.059
1.972,0.543
1.847,-1.736
1.85,-1.306
1.945,-1.474
1.878,-1.129
1.693,-1.35
1.58,-2.738
1.566,-2.585
1.621,-2.108
1.487,-1.318
1.441,1.058
1.343,-1.135
1.249,-2.264
1.121,-0.974
1.005,-0.163
0.749,-2.102
0.773,-1.985
0.588,-0.305
0.731,1.084
0.55,-2.512
0.528,-1.073
0.551,-0.393
0.549,-1.121
0.505,-1.274
0.437,-0.072
0.348,-1.809
0.186,-0.276
0.179,-0.295
0.035,-1.296
0.059,-0.271
-0.256,1.023
-0.108,0.023
-0.29,-0.32
-0.181,0.593
-0.303,-0.243
-0.399,0.968
-0.41,-0.849
-0.417,-2.2
-0.323,0.62
-0.486,-1.417
-0.56,-2.637
-0.437,-0.347
-0.455,-1.08
-0.444,0.015
-0.499,0.918
-0.517,1.137
-0.523,-1.189
-0.56,-2.722
-0.719,0.925
-0.755,-0.644
-0.76,-0.429
-0.853,-0.747
-0.861,-0.198
-0.76,0.728
-0.76,-0.719
-0.952,-0.756
-0.827,-0.373
-0.954,-2.186
-1.005,-1.214
-1.022,-1.488
-1.018,-2.807
-1.169,0.505
-1.193,-1.7
-1.122,-2.648
-1.238,-1.832
-1.212,-0.141
-1.356,-0.44
-1.337,1.008
-1.388,-0.11
-1.512,-2.649
-1.416,-1.582
-1.566,-2.658
-1.612,0.494
-1.645,-2.668
-1.665,-0.516
-1.548,-2.031
-1.597,0.352
-1.817,0.898
-1.87,0.057
-2.006,-1.419
-2.165,-0.999
-2.091,-0.764
-2.188,-0.077
-2.211,-1.003
-2.532,-1.174
-2.551,0.567
-2.443,-1.922
-2.491,0.482
-2.721,-1.91
-2.641,1.116
-3.064,-0.659
-3.095,-2.01
-3.096,-0.878
-2.994,-1.914
-3.009,-1.646
3.081,-0.792
3.113,-2.33
2.962,1.058
3.046,-0.995
2.939,-1.125
2.906,-1.095
2.812,0.987
2.778,0.415
2.882,-1.186
2.851,-0.477
2.827,-0.502
2.657,-0.85
2.754,-1.702
2.613,-2.95
2.622,-2.925
2.066,-3.14
1.765,-2.849
1.638,-3.097
1.12,-3.22
0.945,-3.193
0.343,-3.301
0.044,-2.815
-0.177,-3.159
-0.187,-3.216
-0.315,-3.125
-0.368,-3.173
-0.379,-3.303
-0.666,-3.178
-0.754,-2.99
-1.193,-2.896
-1.768,-3.303
-2.47,-2.998
-2.743,-3.325
2.993,-3.003
2.914,-3.128
2.701,1.26
1.807,1.374
0.54,1.246
0.25,1.484
-0.701,1.396
-0.895,1.262
-1.092,1.464
-1.362,1.294
-1.525,1.317
1.759,-0.633
1.751,0.58
0.112,-2.198
-2.696,-2.213
2.245,-1.366
2.221,-1.673
-1.605,0.174
-2.825,0.635
3.128,-0.056
2.441,0.487
1.748,-0.996
1.454,-1.647
-0.2,-0.162
-0.525,0.587
-0.572,-0.232
-0.519,-1.982
-0.824,-0.179
-2.031,0.468
-2.842,1.0
3.038,-3.313
-0.527,1.378
1.129,1.402
1.347,0.705
-1.217,-2.753
-1.711,-1.127
-2.124,0.249
-0.716,-3.674
-2.289,0.842
2.797,-1.776
2.795,-0.618
2.595,-2.946
2.616,-0.831
2.621,-2.016
2.603,-2.062
2.373,-1.565
2.366,-0.241
2.501,-2.798
2.369,-1.082
2.318,0.327
2.304,-2.873
2.252,-3.024
2.2,-1.972
2.179,-0.718
2.31,-1.836
2.144,-3.026
2.235,-2.06
2.122,-1.465
2.013,-1.951
2.098,-1.374
2.066,0.228
1.941,-2.051
1.944,-1.621
2.039,-1.789
1.972,-1.444
1.787,-1.665
1.674,-3.053
1.66,-2.9
1.715,-2.423
1.581,-1.633
1.535,0.743
1.437,-1.45
1.343,-2.579
1.215,-1.289
1.099,-0.478
0.843,-2.417
0.867,-2.3
0.682,-0.62
0.825,0.769
0.644,-2.827
0.622,-1.388
0.645,-0.708
0.643,-1.436
0.599,-1.589
0.531,-0.387
0.442,-2.124
0.28,-0.591
0.273,-0.61
0.129,-1.611
0.153,-0.586
-0.162,0.708
-0.014,-0.292
-0.196,-0.635
-0.087,0.278
-0.209,-0.558
-0.305,0.653
-0.316,-1.164
-0.323,-2.515
-0.229,0.305
-0.392,-1.732
-0.466,-2.952
-0.343,-0.662
-0.361,-1.395
-0.35,-0.3
-0.405,0.603
-0.423,0.822
-0.429,-1.504
-0.466,-3.037
-0.625,0.61
-0.661,-0.959
-0.666,-0.744
-0.759,-1.062
-0.767,-0.513
-0.666,0.413
-0.666,-1.034
-0.858,-1.071
-0.733,-0.688
-0.86,-2.501
-0.911,-1.529
-0.928,-1.803
-0.924,-3.122
-1.075,0.19
-1.099,-2.015
-1.028,-2.963
-1.144,-2.147
-1.118,-0.456
-1.262,-0.755
-1.243,0.693
-1.294,-0.425
-1.418,-2.964
-1.322,-1.897
-1.472,-2.973
-1.518,0.179
-1.551,-2.983
-1.571,-0.831
-1.454,-2.346
-1.503,0.037
-1.723,0.583
-1.776,-0.258
-1.912,-1.734
-2.071,-1.314
-1.997,-1.079
-2.094,-0.392
-2.117,-1.318
-2.438,-1.489
-2.457,0.252
-2.349,-2.237
-2.397,0.167
-2.627,-2.225
-2.547,0.801
-2.97,-0.974
-3.001,-2.325
-3.002,-1.193
-2.9,-2.229
-2.915,-1.961
-3.108,-1.107
-3.076,-2.645
3.056,0.743
3.14,-1.31
3.033,-1.44
3.0,-1.41
2.906,0.672
2.872,0.1
2.976,-1.501
2.945,-0.792
2.921,-0.817
2.751,-1.165
2.848,-2.017
2.707,-3.265
2.716,-3.24
2.16,-3.455
1.859,-3.164
1.732,-3.412
1.214,-3.535
1.039,-3.508
0.437,-3.616
0.138,-3.13
-0.083,-3.474
-0.093,-3.531
-0.221,-3.44
-0.274,-3.488
-0.285,-3.618
-0.572,-3.493
-0.66,-3.305
-1.099,-3.211
-1.674,-3.618
-2.376,-3.313
-2.649,-3.64
3.087,-3.318
3.008,-3.443
2.795,0.945
1.901,1.059
0.634,0.931
0.344,1.169
-0.607,1.081
-0.801,0.947
-0.998,1.149
-1.268,0.979
-1.431,1.002
1.853,-0.948
1.845,0.265
0.206,-2.513
-2.602,-2.528
2.339,-1.681
2.315,-1.988
-1.511,-0.141
-2.731,0.32
-3.061,-0.371
2.535,0.172
1.842,-1.311
1.548,-1.962
-0.106,-0.477
-0.431,0.272
-0.478,-0.547
-0.425,-2.297
-0.73,-0.494
-1.937,0.153
-2.748,0.685
3.132,-3.628
-0.433,1.063
1.223,1.087
1.441,0.39
-0.494,1.626
-0.907,3.002
0.501,-0.921
-1.072,3.595
-2.269,0.977
-2.271,2.135
-2.471,-0.193
-2.45,1.922
-2.445,0.737
-2.463,0.691
-2.693,1.188
-2.7,2.512
-2.565,-0.045
-2.697,1.671
-2.748,3.08
-2.762,-0.12
-2.814,-0.271
-2.866,0.781
-2.887,2.035
-2.756,0.917
-2.922,-0.273
-2.831,0.693
-2.944,1.288
-3.053,0.802
-2.968,1.379
-3.0,2.981
-3.125,0.702
-3.122,1.132
-3.027,0.964
-3.094,1.309
3.004,1.088
2.891,-0.3
2.877,-0.147
2.932,0.33
2.798,1.12
2.752,3.496
2.654,1.303
2.56,0.174
2.432,1.464
2.316,2.275
2.06,0.336
2.084,0.453
1.899,2.133
2.042,3.522
1.861,-0.074
1.839,1.365
1.862,2.045
1.86,1.317
1.816,1.164
1.748,2.366
1.659,0.629
1.497,2.162
1.49,2.143
1.346,1.142
1.37,2.167
1.055,3.461
1.203,2.461
1.021,2.118
1.13,3.031
1.008,2.195
0.912,3.406
0.901,1.589
0.894,0.238
0.988,3.058
0.825,1.021
0.751,-0.199
0.874,2.091
0.856,1.358
0.867,2.453
0.812,3.356
0.794,3.575
0.788,1.249
0.751,-0.284
0.592,3.363
0.556,1.794
0.551,2.009
0.458,1.691
0.45,2.24
0.551,3.166
0.551,1.719
0.359,1.682
0.484,2.065
0.357,0.252
0.306,1.224
0.289,0.95
0.293,-0.369
0.142,2.943
0.118,0.738
0.189,-0.21
0.073,0.606
0.099,2.297
-0.045,1.998
-0.026,3.446
-0.077,2.328
-0.201,-0.211
-0.105,0.856
-0.255,-0.22
-0.301,2.932
-0.334,-0.23
-0.354,1.922
-0.237,0.407
-0.286,2.79
-0.506,3.336
-0.559,2.495
-0.695,1.019
-0.854,1.439
-0.78,1.674
-0.877,2.361
-0.9,1.435
-1.221,1.264
-1.24,3.005
-1.132,0.516
-1.18,2.92
-1.41,0.528
-1.33,3.554
-1.753,1.779
-1.784,0.428
-1.785,1.56
-1.683,0.524
-1.698,0.792
-1.891,1.646
-1.859,0.108
-2.01,3.496
-1.926,1.443
-2.033,1.313
-2.066,1.343
-2.16,3.425
-2.194,2.853
-2.09,1.252
-2.121,1.961
-2.145,1.936
-2.315,1.588
-2.218,0.736
-2.359,-0.512
-2.35,-0.487
-2.906,-0.702
3.076,-0.411
2.949,-0.659
2.431,-0.782
2.256,-0.755
1.654,-0.863
1.355,-0.377
1.134,-0.721
1.124,-0.778
0.996,-0.687
0.943,-0.735
0.932,-0.865
0.645,-0.74
0.557,-0.552
0.118,-0.458
-0.457,-0.865
-1.159,-0.56
-1.432,-0.887
-1.979,-0.565
-2.058,-0.69
-2.271,3.698
3.118,3.812
1.851,3.684
1.561,3.922
0.61,3.834
0.416,3.7
0.219,3.902
-0.051,3.732
-0.214,3.755
3.07,1.805
3.062,3.018
1.423,0.24
-1.385,0.225
-2.727,1.072
-2.751,0.765
-0.294,2.612
-1.514,3.073
-1.844,2.382
-2.531,2.925
3.059,1.442
2.765,0.791
1.111,2.276
0.786,3.025
0.739,2.206
0.792,0.456
0.487,2.259
-0.72,2.906
-1.531,3.438
-1.934,-0.875
0.784,3.816
2.44,3.84
2.658,3.143
-0.413,1.376
0.995,-2.547
-0.578,1.969
-1.775,-0.649
-1.777,0.509
-1.977,-1.819
-1.956,0.296
-1.951,-0.889
-1.969,-0.935
-2.199,-0.438
-2.206,0.886
-2.071,-1.671
-2.203,0.045
-2.254,1.454
-2.268,-1.746
-2.32,-1.897
-2.372,-0.845
-2.393,0.409
-2.262,-0.709
-2.428,-1.899
-2.337,-0.933
-2.45,-0.338
-2.559,-0.824
-2.474,-0.247
-2.506,1.355
-2.631,-0.924
-2.628,-0.494
-2.533,-0.662
-2.6,-0.317
-2.785,-0.538
-2.898,-1.926
-2.912,-1.773
-2.857,-1.296
-2.991,-0.506
-3.037,1.87
-3.135,-0.323
3.054,-1.452
2.926,-0.162
2.81,0.649
2.554,-1.29
2.578,-1.173
2.393,0.507
2.536,1.896
2.355,-1.7
2.333,-0.261
2.356,0.419
2.354,-0.309
2.31,-0.462
2.242,0.74
2.153,-0.997
1.991,0.536
1.984,0.517
1.84,-0.484
1.864,0.541
1.549,1.835
1.697,0.835
1.515,0.492
1.624,1.405
1.502,0.569
1.406,1.78
1.395,-0.037
1.388,-1.388
1.482,1.432
1.319,-0.605
1.245,-1.825
1.368,0.465
1.35,-0.268
1.361,0.827
1.306,1.73
1.288,1.949
1.282,-0.377
1.245,-1.91
1.086,1.737
1.05,0.168
1.045,0.383
0.952,0.065
0.944,0.614
1.045,1.54
1.045,0.093
0.853,0.056
0.978,0.439
0.851,-1.374
0.8,-0.402
0.783,-0.676
0.787,-1.995
0.636,1.317
0.612,-0.888
0.683,-1.836
0.567,-1.02
0.593,0.671
0.449,0.372
0.468,1.82
0.417,0.702
0.293,-1.837
0.389,-0.77
0.239,-1.846
0.193,1.306
0.16,-1.856
0.14,0.296
0.257,-1.219
0.208,1.164
-0.012,1.71
-0.065,0.869
-0.201,-0.607
-0.36,-0.187
-0.286,0.048
-0.383,0.735
-0.406,-0.191
-0.727,-0.362
-0.746,1.379
-0.638,-1.11
-0.686,1.294
-0.916,-1.098
-0.836,1.928
-1.259,0.153
-1.29,-1.198
-1.291,-0.066
-1.189,-1.102
-1.204,-0.834
-1.397,0.02
-1.365,-1.518
-1.516,1.87
-1.432,-0.183
-1.539,-0.313
-1.572,-0.283
-1.666,1.799
-1.7,1.227
-1.596,-0.374
-1.627,0.335
-1.651,0.31
-1.821,-0.038
-1.724,-0.89
-1.865,-2.138
-1.856,-2.113
-2.412,-2.328
-2.713,-2.037
-2.84,-2.285
2.925,-2.408
2.75,-2.381
2.148,-2.489
1.849,-2.003
1.628,-2.347
1.618,-2.404
1.49,-2.313
1.437,-2.361
1.426,-2.491
1.139,-2.366
1.051,-2.178
0.612,-2.084
0.037,-2.491
-0.665,-2.186
-0.938,-2.513
-1.485,-2.191
-1.564,-2.316
-1.777,2.072
-2.671,2.186
2.345,2.058
2.055,2.296
1.104,2.208
0.91,2.074
0.713,2.276
0.443,2.106
0.28,2.129
-2.719,0.179
-2.727,1.392
1.917,-1.386
-0.891,-1.401
-2.233,-0.554
-2.257,-0.861
0.2,0.986
-1.02,1.447
-1.35,0.756
-2.037,1.299
-2.73,-0.184
-3.024,-0.835
1.605,0.65
1.28,1.399
1.233,0.58
1.286,-1.17
0.981,0.633
-0.226,1.28
-1.037,1.812
-1.44,-2.501
1.278,2.19
2.934,2.214
-3.131,1.517
1.408,-3.923
-0.165,0.593
-1.362,-2.025
-1.364,-0.867
-1.564,-3.195
-1.543,-1.08
-1.538,-2.265
-1.556,-2.311
-1.786,-1.814
-1.793,-0.49
-1.658,-3.047
-1.79,-1.331
-1.841,0.078
-1.855,-3.122
-1.907,-3.273
-1.959,-2.221
-1.98,-0.967
-1.849,-2.085
-2.015,-3.275
-1.924,-2.309
-2.037,-1.714
-2.146,-2.2
-2.061,-1.623
-2.093,-0.021
-2.218,-2.3
-2.215,-1.87
-2.12,-2.038
-2.187,-1.693
-2.372,-1.914
-2.485,-3.302
-2.499,-3.149
-2.444,-2.672
-2.578,-1.882
-2.624,0.494
-2.722,-1.699
-2.816,-2.828
-2.944,-1.538
-3.06,-0.727
2.967,-2.666
2.991,-2.549
2.806,-0.869
2.949,0.52
2.768,-3.076
2.746,-1.637
2.769,-0.957
2.767,-1.685
2.723,-1.838
2.655,-0.636
2.566,-2.373
2.404,-0.84
2.397,-0.859
2.253,-1.86
2.277,-0.835
1.962,0.459
2.11,-0.541
1.928,-0.884
2.037,0.029
1.915,-0.807
1.819,0.404
1.808,-1.413
1.801,-2.764
1.895,0.056
1.732,-1.981
1.658,-3.201
1.781,-0.911
1.763,-1.644
1.774,-0.549
1.719,0.354
1.701,0.573
1.695,-1.753
1.658,-3.286
1.499,0.361
1.463,-1.208
1.458,-0.993
1.365,-1.311
1.357,-0.762
1.458,0.164
1.458,-1.283
1.266,-1.32
1.391,-0.937
1.264,-2.75
1.213,-1.778
1.196,-2.052
1.2,-3.371
1.049,-0.059
1.025,-2.264
1.096,-3.212
0.98,-2.396
1.006,-0.705
0.862,-1.004
0.881,0.444
0.83,-0.674
0.706,-3.213
0.802,-2.146
0.652,-3.222
0.606,-0.07
0.573,-3.232
0.553,-1.08
0.67,-2.595
0.621,-0.212
0.401,0.334
0.348,-0.507
0.212,-1.983
0.053,-1.563
0.127,-1.328
0.03,-0.641
0.007,-1.567
-0.314,-1.738
-0.333,0.003
-0.225,-2.486
-0.273,-0.082
-0.503,-2.474
-0.423,0.552
-0.846,-1.223
-0.877,-2.574
-0.878,-1.442
-0.776,-2.478
-0.791,-2.21
-0.984,-1.356
-0.952,-2.894
-1.103,0.494
-1.019,-1.559
-1.126,-1.689
-1.159,-1.659
-1.253,0.423
-1.287,-0.149
-1.183,-1.75
-1.214,-1.041
-1.238,-1.066
-1.408,-1.414
-1.311,-2.266
-1.452,-3.514
-1.443,-3.489
-1.999,-3.704
-2.3,-3.413
-2.427,-3.661
-2.945,-3.784
-3.12,-3.757
2.561,-3.865
2.262,-3.379
2.041,-3.723
2.031,-3.78
1.903,-3.689
1.85,-3.737
1.839,-3.867
1.552,-3.742
1.464,-3.554
1.025,-3.46
0.45,-3.867
-0.252,-3.562
-0.525,-3.889
-1.072,-3.567
-1.151,-3.692
-1.364,0.696
-2.258,0.81
2.758,0.682
2.468,0.92
1.517,0.832
1.323,0.698
1.126,0.9
0.856,0.73
0.693,0.753
-2.306,-1.197
-2.314,0.016
2.33,-2.762
-0.478,-2.777
-1.82,-1.93
-1.844,-2.237
0.613,-0.39
-0.607,0.071
-0.937,-0.62
-1.624,-0.077
-2.317,-1.56
-2.611,-2.211
2.018,-0.726
1.693,0.023
1.646,-0.796
1.699,-2.546
1.394,-0.743
0.187,-0.096
-0.624,0.436
-1.027,-3.877
1.691,0.814
-2.936,0.838
-2.718,0.141
-1.573,4.516
-2.77,1.898
-2.772,3.056
-2.972,0.728
-2.951,2.843
-2.946,1.658
-2.964,1.612
3.089,2.109
3.082,3.433
-3.066,0.876
3.085,2.592
3.034,4.001
3.02,0.801
2.968,0.65
2.916,1.702
2.895,2.956
3.026,1.838
2.86,0.648
2.951,1.614
2.838,2.209
2.729,1.723
2.814,2.3
2.782,3.902
2.657,1.623
2.66,2.053
2.755,1.885
2.688,2.23
2.503,2.009
2.39,0.621
2.376,0.774
2.431,1.251
2.297,2.041
2.251,4.417
2.153,2.224
2.059,1.095
1.931,2.385
1.815,3.196
1.559,1.257
1.583,1.374
1.398,3.054
1.541,4.443
1.36,0.847
1.338,2.286
1.361,2.966
1.359,2.238
1.315,2.085
1.247,3.287
1.158,1.55
0.996,3.083
0.989,3.064
0.845,2.063
0.869,3.088
0.554,4.382
0.702,3.382
0.52,3.039
0.629,3.952
0.507,3.116
0.411,4.327
0.4,2.51
0.393,1.159
0.487,3.979
0.324,1.942
0.25,0.722
0.373,3.012
0.355,2.279
0.366,3.374
0.311,4.277
0.293,4.496
0.287,2.17
0.25,0.637
0.091,4.284
0.055,2.715
0.05,2.93
-0.043,2.612
-0.051,3.161
0.05,4.087
0.05,2.64
-0.142,2.603
-0.017,2.986
-0.144,1.173
-0.195,2.145
-0.212,1.871
-0.208,0.552
-0.359,3.864
-0.383,1.659
-0.312,0.711
-0.428,1.527
-0.402,3.218
-0.546,2.919
-0.527,4.367
-0.578,3.249
-0.702,0.71
-0.606,1.777
-0.756,0.701
-0.802,3.853
-0.835,0.691
-0.855,2.843
-0.738,1.328
-0.787,3.711
-1.007,4.257
-1.06,3.416
-1.196,1.94
-1.355,2.36
-1.281,2.595
-1.378,3.282
-1.401,2.356
-1.722,2.185
-1.741,3.926
-1.633,1.437
-1.681,3.841
-1.911,1.449
-1.831,4.475
-2.254,2.7
-2.285,1.349
-2.286,2.481
-2.184,1.445
-2.199,1.713
-2.392,2.567
-2.36,1.029
-2.511,4.417
-2.427,2.364
-2.534,2.234
-2.567,2.264
-2.661,4.346
-2.695,3.774
-2.591,2.173
-2.622,2.882
-2.646,2.857
-2.816,2.509
-2.719,1.657
-2.86,0.409
-2.851,0.434
2.876,0.219
2.575,0.51
2.448,0.262
1.93,0.139
1.755,0.166
1.153,0.058
0.854,0.544
0.633,0.2
0.623,0.143
0.495,0.234
0.442,0.186
0.431,0.056
0.144,0.181
0.056,0.369
-0.383,0.463
-0.958,0.056
-1.66,0.361
-1.933,0.034
-2.48,0.356
-2.559,0.231
-2.772,4.619
2.617,4.733
1.35,4.605
1.06,4.843
0.109,4.755
-0.085,4.621
-0.282,4.823
-0.552,4.653
-0.715,4.676
2.569,2.726
2.561,3.939
0.922,1.161
-1.886,1.146
3.055,1.993
3.031,1.686
-0.795,3.533
-2.015,3.994
-2.345,3.303
-3.032,3.846
2.558,2.363
2.264,1.712
0.61,3.197
0.285,3.946
0.238,3.127
0.291,1.377
-0.014,3.18
-1.221,3.827
-2.032,4.359
-2.435,0.046
0.283,4.737
1.939,4.761
2.157,4.064
-1.197,-2.618
-1.199,-1.46
-1.399,-3.788
-1.378,-1.673
-1.373,-2.858
-1.391,-2.904
-1.621,-2.407
-1.628,-1.083
-1.493,-3.64
-1.625,-1.924
-1.676,-0.515
-1.69,-3.715
-1.742,-3.866
-1.794,-2.814
-1.815,-1.56
-1.684,-2.678
-1.85,-3.868
-1.759,-2.902
-1.872,-2.307
-1.981,-2.793
-1.896,-2.216
-1.928,-0.614
-2.053,-2.893
-2.05,-2.463
-1.955,-2.631
-2.022,-2.286
-2.207,-2.507
-2.32,-3.895
-2.334,-3.742
-2.279,-3.265
-2.413,-2.475
-2.459,-0.099
-2.557,-2.292
-2.651,-3.421
-2.779,-2.131
-2.895,-1.32
3.132,-3.259
-3.127,-3.142
2.971,-1.462
3.114,-0.073
2.933,-3.669
2.911,-2.23
2.934,-1.55
2.932,-2.278
2.888,-2.431
2.82,-1.229
2.731,-2.966
2.569,-1.433
2.562,-1.452
2.418,-2.453
2.442,-1.428
2.127,-0.134
2.275,-1.134
2.093,-1.477
2.202,-0.564
2.08,-1.4
1.984,-0.189
1.973,-2.006
1.966,-3.357
2.06,-0.537
1.897,-2.574
1.823,-3.794
1.946,-1.504
1.928,-2.237
1.939,-1.142
1.884,-0.239
1.866,-0.02
1.86,-2.346
1.823,-3.879
1.664,-0.232
1.628,-1.801
1.623,-1.586
1.53,-1.904
1.522,-1.355
1.623,-0.429
1.623,-1.876
1.431,-1.913
1.556,-1.53
1.429,-3.343
1.378,-2.371
1.361,-2.645
1.365,-3.964
1.214,-0.652
1.19,-2.857
1.261,-3.805
1.145,-2.989
1.171,-1.298
1.027,-1.597
1.046,-0.149
0.995,-1.267
0.871,-3.806
0.967,-2.739
0.817,-3.815
0.771,-0.663
0.738,-3.825
0.718,-1.673
0.835,-3.188
0.786,-0.805
0.566,-0.259
0.513,-1.1
0.377,-2.576
0.218,-2.156
0.292,-1.921
0.195,-1.234
0.172,-2.16
-0.149,-2.331
-0.168,-0.59
-0.06,-3.079
-0.108,-0.675
-0.338,-3.067
-0.258,-0.041
-0.681,-1.816
-0.712,-3.167
-0.713,-2.035
-0.611,-3.071
-0.626,-2.803
-0.819,-1.949
-0.787,-3.487
-0.938,-0.099
-0.854,-2.152
-0.961,-2.282
-0.994,-2.252
-1.088,-0.17
-1.122,-0.742
-1.018,-2.343
-1.049,-1.634
-1.073,-1.659
-1.243,-2.007
-1.146,-2.859
-1.287,-4.107
-1.278,-4.082
-1.834,-4.297
-2.135,-4.006
-2.262,-4.254
-2.78,-4.377
-2.955,-4.35
2.726,-4.458
2.427,-3.972
2.206,-4.316
2.196,-4.373
2.068,-4.282
2.015,-4.33
2.004,-4.46
1.717,-4.335
1.629,-4.147
1.19,-4.053
0.615,-4.46
-0.087,-4.155
-0.36,-4.482
-0.907,-4.16
-0.986,-4.285
-1.199,0.103
-2.093,0.217
2.923,0.089
2.633,0.327
1.682,0.239
1.488,0.105
1.291,0.307
1.021,0.137
0.858,0.16
-2.141,-1.79
-2.149,-0.577
2.495,-3.355
-0.313,-3.37
-1.655,-2.523
-1.679,-2.83
0.778,-0.983
-0.442,-0.522
-0.772,-1.213
-1.459,-0.67
-2.152,-2.153
-2.446,-2.804
2.183,-1.319
1.858,-0.57
1.811,-1.389
1.864,-3.139
1.559,-1.336
0.352,-0.689
-0.459,-0.157
-0.862,-4.47
1.856,0.221
-2.771,0.245
-2.553,-0.452
-0.002,1.158
-0.202,-1.17
-0.181,0.945
-0.176,-0.24
-0.194,-0.286
-0.424,0.211
-0.431,1.535
-0.296,-1.022
-0.428,0.694
-0.479,2.103
-0.493,-1.097
-0.545,-1.248
-0.597,-0.196
-0.618,1.058
-0.487,-0.06
-0.653,-1.25
-0.562,-0.284
-0.675,0.311
-0.784,-0.175
-0.699,0.402
-0.731,2.004
-0.856,-0.275
-0.853,0.155
-0.758,-0.013
-0.825,0.332
-1.01,0.111
-1.123,-1.277
-1.137,-1.124
-1.082,-0.647
-1.216,0.143
-1.262,2.519
-1.36,0.326
-1.454,-0.803
-1.582,0.487
-1.698,1.298
-1.954,-0.641
-1.93,-0.524
-2.115,1.156
-1.972,2.545
-2.153,-1.051
-2.175,0.388
-2.152,1.068
-2.154,0.34
-2.198,0.187
-2.266,1.389
-2.355,-0.348
-2.517,1.185
-2.524,1.166
-2.668,0.165
-2.644,1.19
-2.959,2.484
-2.811,1.484
-2.993,1.141
-2.884,2.054
-3.006,1.218
-3.102,2.429
-3.113,0.612
-3.12,-0.739
-3.026,2.081
3.094,0.044
3.02,-1.176
-3.14,1.114
3.125,0.381
3.136,1.476
3.081,2.379
3.063,2.598
3.057,0.272
3.02,-1.261
2.861,2.386
2.825,0.817
2.82,1.032
2.727,0.714
2.719,1.263
2.82,2.189
2.82,0.742
2.628,0.705
2.753,1.088
2.626,-0.725
2.575,0.247
2.558,-0.027
2.562,-1.346
2.411,1.966
2.387,-0.239
2.458,-1.187
2.342,-0.371
2.368,1.32
2.224,1.021
2.243,2.469
2.192,1.351
2.068,-1.188
2.164,-0.121
2.014,-1.197
1.968,1.955
1.935,-1.207
1.915,0.945
2.032,-0.57
1.983,1.813
1.763,2.359
1.71,1.518
1.574,0.042
1.415,0.462
1.489,0.697
1.392,1.384
1.369,0.458
1.048,0.287
1.029,2.028
1.137,-0.461
1.089,1.943
0.859,-0.449
0.939,2.577
0.516,0.802
0.485,-0.549
0.484,0.583
0.586,-0.453
0.571,-0.185
0.378,0.669
0.41,-0.869
0.259,2.519
0.343,0.466
0.236,0.336
0.203,0.366
0.109,2.448
0.075,1.876
0.179,0.275
0.148,0.984
0.124,0.959
-0.046,0.611
0.051,-0.241
-0.09,-1.489
-0.081,-1.464
-0.637,-1.679
-0.938,-1.388
-1.065,-1.636
-1.583,-1.759
-1.758,-1.732
-2.36,-1.84
-2.659,-1.354
-2.88,-1.698
-2.89,-1.755
-3.018,-1.664
-3.071,-1.712
-3.082,-1.842
2.914,-1.717
2.826,-1.529
2.387,-1.435
1.812,-1.842
1.11,-1.537
0.837,-1.864
0.29,-1.542
0.211,-1.667
-0.002,2.721
-0.896,2.835
-2.163,2.707
-2.453,2.945
2.879,2.857
2.685,2.723
2.488,2.925
2.218,2.755
2.055,2.778
-0.944,0.828
-0.952,2.041
-2.591,-0.737
0.884,-0.752
-0.458,0.095
-0.482,-0.212
1.975,1.635
0.755,2.096
0.425,1.405
-0.262,1.948
-0.955,0.465
-1.249,-0.186
-2.903,1.299
3.055,2.048
3.008,1.229
3.061,-0.521
2.756,1.282
1.549,1.929
0.738,2.461
0.335,-1.852
3.053,2.839
-1.574,2.863
-1.356,2.166
-0.2,-2.328
-0.179,-0.213
-0.174,-1.398
-0.192,-1.444
-0.422,-0.947
-0.429,0.377
-0.294,-2.18
-0.426,-0.464
-0.477,0.945
-0.491,-2.255
-0.543,-2.406
-0.595,-1.354
-0.616,-0.1
-0.485,-1.218
-0.651,-2.408
-0.56,-1.442
-0.673,-0.847
-0.782,-1.333
-0.697,-0.756
-0.729,0.846
-0.854,-1.433
-0.851,-1.003
-0.756,-1.171
-0.823,-0.826
-1.008,-1.047
-1.121,-2.435
-1.135,-2.282
-1.08,-1.805
-1.214,-1.015
-1.26,1.361
-1.358,-0.832
-1.452,-1.961
-1.58,-0.671
-1.696,0.14
-1.952,-1.799
-1.928,-1.682
-2.113,-0.002
-1.97,1.387
-2.151,-2.209
-2.173,-0.77
-2.15,-0.09
-2.152,-0.818
-2.196,-0.971
-2.264,0.231
-2.353,-1.506
-2.515,0.027
-2.522,0.008
-2.666,-0.993
-2.642,0.032
-2.957,1.326
-2.809,0.326
-2.991,-0.017
-2.882,0.896
-3.004,0.06
-3.1,1.271
-3.111,-0.546
-3.118,-1.897
-3.024,0.923
3.096,-1.114
3.022,-2.334
-3.138,-0.044
3.127,-0.777
3.138,0.318
3.083,1.221
3.065,1.44
3.059,-0.886
3.022,-2.419
2.863,1.228
2.827,-0.341
2.822,-0.126
2.729,-0.444
2.721,0.105
2.822,1.031
2.822,-0.416
2.63,-0.453
2.755,-0.07
2.628,-1.883
2.577,-0.911
2.56,-1.185
2.564,-2.504
2.413,0.808
2.389,-1.397
2.46,-2.345
2.344,-1.529
2.37,0.162
2.226,-0.137
2.245,1.311
2.194,0.193
2.07,-2.346
2.166,-1.279
2.016,-2.355
1.97,0.797
1.937,-2.365
1.917,-0.213
2.034,-1.728
1.985,0.655
1.765,1.201
1.712,0.36
1.576,-1.116
1.417,-0.696
1.491,-0.461
1.394,0.226
1.371,-0.7
1.05,-0.871
1.031,0.87
1.139,-1.619
1.091,0.785
0.861,-1.607
0.941,1.419
0.518,-0.356
0.487,-1.707
0.486,-0.575
0.588,-1.611
0.573,-1.343
0.38,-0.489
0.412,-2.027
0.261,1.361
0.345,-0.692
0.238,-0.822
0.205,-0.792
0.111,1.29
0.077,0.718
0.181,-0.883
0.15,-0.174
0.126,-0.199
-0.044,-0.547
0.053,-1.399
-0.088,-2.647
-0.079,-2.622
-0.635,-2.837
-0.936,-2.546
-1.063,-2.794
-1.581,-2.917
-1.756,-2.89
-2.358,-2.998
-2.657,-2.512
-2.878,-2.856
-2.888,-2.913
-3.016,-2.822
-3.069,-2.87
-3.08,-3.0
2.916,-2.875
2.828,-2.687
2.389,-2.593
1.814,-3.0
1.112,-2.695
0.839,-3.022
0.292,-2.7
0.213,-2.825
0.0,1.563
-0.894,1.677
-2.161,1.549
-2.451,1.787
2.881,1.699
2.687,1.565
2.49,1.767
2.22,1.597
2.057,1.62
-0.942,-0.33
-0.95,0.883
-2.589,-1.895
0.886,-1.91
-0.456,-1.063
-0.48,-1.37
1.977,0.477
0.757,0.938
0.427,0.247
-0.26,0.79
-0.953,-0.693
-1.247,-1.344
-2.901,0.141
3.057,0.89
3.01,0.071
3.063,-1.679
2.758,0.124
1.551,0.771
0.74,1.303
0.337,-3.01
3.055,1.681
-1.572,1.705
-1.354,1.008
0.021,2.115
0.026,0.93
0.008,0.884
-0.222,1.381
-0.229,2.705
-0.094,0.148
-0.226,1.864
-0.277,3.273
-0.291,0.073
-0.343,-0.078
-0.395,0.974
-0.416,2.228
-0.285,1.11
-0.451,-0.08
-0.36,0.886
-0.473,1.481
-0.582,0.995
-0.497,1.572
-0.529,3.174
-0.654,0.895
-0.651,1.325
-0.556,1.157
-0.623,1.502
-0.808,1.281
-0.921,-0.107
-0.935,0.046
-0.88,0.523
-1.014,1.313
-1.06,3.689
-1.158,1.496
-1.252,0.367
-1.38,1.657
-1.496,2.468
-1.752,0.529
-1.728,0.646
-1.913,2.326
-1.77,3.715
-1.951,0.119
-1.973,1.558
-1.95,2.238
-1.952,1.51
-1.996,1.357
-2.064,2.559
-2.153,0.822
-2.315,2.355
-2.322,2.336
-2.466,1.335
-2.442,2.36
-2.757,3.654
-2.609,2.654
-2.791,2.311
-2.682,3.224
-2.804,2.388
-2.9,3.599
-2.911,1.782
-2.918,0.431
-2.824,3.251
-2.987,1.214
-3.061,-0.006
-2.938,2.284
-2.956,1.551
-2.945,2.646
-3.0,3.549
-3.018,3.768
-3.024,1.442
-3.061,-0.091
3.063,3.556
3.027,1.987
3.022,2.202
2.929,1.884
2.921,2.433
3.022,3.359
3.022,1.912
2.83,1.875
2.955,2.258
2.828,0.445
2.777,1.417
2.76,1.143
2.764,-0.176
2.613,3.136
2.589,0.931
2.66,-0.017
2.544,0.799
2.57,2.49
2.426,2.191
2.445,3.639
2.394,2.521
2.27,-0.018
2.366,1.049
2.216,-0.027
2.17,3.125
2.137,-0.037
2.117,2.115
2.234,0.6
2.185,2.983
1.965,3.529
1.912,2.688
1.776,1.212
1.617,1.632
1.691,1.867
1.594,2.554
1.571,1.628
1.25,1.457
1.231,3.198
1.339,0.709
1.291,3.113
1.061,0.721
1.141,3.747
0.718,1.972
0.687,0.621
0.686,1.753
0.788,0.717
0.773,0.985
0.58,1.839
0.612,0.301
0.461,3.689
0.545,1.636
0.438,1.506
0.405,1.536
0.311,3.618
0.277,3.046
0.381,1.445
0.35,2.154
0.326,2.129
0.156,1.781
0.253,0.929
0.112,-0.319
0.121,-0.294
-0.435,-0.509
-0.736,-0.218
-0.863,-0.466
-1.381,-0.589
-1.556,-0.562
-2.158,-0.67
-2.457,-0.184
-2.678,-0.528
-2.688,-0.585
-2.816,-0.494
-2.869,-0.542
-2.88,-0.672
3.116,-0.547
3.028,-0.359
2.589,-0.265
2.014,-0.672
1.312,-0.367
1.039,-0.694
0.492,-0.372
0.413,-0.497
0.2,3.891
-0.694,4.005
-1.961,3.877
-2.251,4.115
3.081,4.027
2.887,3.893
2.69,4.095
2.42,3.925
2.257,3.948
-0.742,1.998
-0.75,3.211
-2.389,0.433
1.086,0.418
-0.256,1.265
-0.28,0.958
2.177,2.805
0.957,3.266
0.627,2.575
-0.06,3.118
-0.753,1.635
-1.047,0.984
-2.701,2.469
-3.026,3.218
-3.073,2.399
-3.02,0.649
2.958,2.452
1.751,3.099
0.94,3.631
0.537,-0.682
-3.028,4.009
-1.372,4.033
-1.154,3.336
0.005,-1.185
-0.013,-1.231
-0.243,-0.734
-0.25,0.59
-0.115,-1.967
-0.247,-0.251
-0.298,1.158
-0.312,-2.042
-0.364,-2.193
-0.416,-1.141
-0.437,0.113
-0.306,-1.005
-0.472,-2.195
-0.381,-1.229
-0.494,-0.634
-0.603,-1.12
-0.518,-0.543
-0.55,1.059
-0.675,-1.22
-0.672,-0.79
-0.577,-0.958
-0.644,-0.613
-0.829,-0.834
-0.942,-2.222
-0.956,-2.069
-0.901,-1.592
-1.035,-0.802
-1.081,1.574
-1.179,-0.619
-1.273,-1.748
-1.401,-0.458
-1.517,0.353
-1.773,-1.586
-1.749,-1.469
-1.934,0.211
-1.791,1.6
-1.972,-1.996
-1.994,-0.557
-1.971,0.123
-1.973,-0.605
-2.017,-0.758
-2.085,0.444
-2.174,-1.293
-2.336,0.24
-2.343,0.221
-2.487,-0.78
-2.463,0.245
-2.778,1.539
-2.63,0.539
-2.812,0.196
-2.703,1.109
-2.825,0.273
-2.921,1.484
-2.932,-0.333
-2.939,-1.684
-2.845,1.136
-3.008,-0.901
-3.082,-2.121
-2.959,0.169
-2.977,-0.564
-2.966,0.531
-3.021,1.434
-3.039,1.653
-3.045,-0.673
-3.082,-2.206
3.042,1.441
3.006,-0.128
3.001,0.087
2.908,-0.231
2.9,0.318
3.001,1.244
3.001,-0.203
2.809,-0.24
2.934,0.143
2.807,-1.67
2.756,-0.698
2.739,-0.972
2.743,-2.291
2.592,1.021
2.568,-1.184
2.639,-2.132
2.523,-1.316
2.549,0.375
2.405,0.076
2.424,1.524
2.373,0.406
2.249,-2.133
2.345,-1.066
2.195,-2.142
2.149,1.01
2.116,-2.152
2.096,0.0
2.213,-1.515
2.164,0.868
1.944,1.414
1.891,0.573
1.755,-0.903
1.596,-0.483
1.67,-0.248
1.573,0.439
1.55,-0.487
1.229,-0.658
1.21,1.083
1.318,-1.406
1.27,0.998
1.04,-1.394
1.12,1.632
0.697,-0.143
0.666,-1.494
0.665,-0.362
0.767,-1.398
0.752,-1.13
0.559,-0.276
0.591,-1.814
0.44,1.574
0.524,-0.479
0.417,-0.609
0.384,-0.579
0.29,1.503
0.256,0.931
0.36,-0.67
0.329,0.039
0.305,0.014
0.135,-0.334
0.232,-1.186
0.091,-2.434
0.1,-2.409
-0.456,-2.624
-0.757,-2.333
-0.884,-2.581
-1.402,-2.704
-1.577,-2.677
-2.179,-2.785
-2.478,-2.299
-2.699,-2.643
-2.709,-2.7
-2.837,-2.609
-2.89,-2.657
-2.901,-2.787
3.095,-2.662
3.007,-2.474
2.568,-2.38
1.993,-2.787
1.291,-2.482
1.018,-2.809
0.471,-2.487
0.392,-2.612
0.179,1.776
-0.715,1.89
-1.982,1.762
-2.272,2.0
3.06,1.912
2.866,1.778
2.669,1.98
2.399,1.81
2.236,1.833
-0.763,-0.117
-0.771,1.096
-2.41,-1.682
1.065,-1.697
-0.277,-0.85
-0.301,-1.157
2.156,0.69
0.936,1.151
0.606,0.46
-0.081,1.003
-0.774,-0.48
-1.068,-1.131
-2.722,0.354
-3.047,1.103
-3.094,0.284
-3.041,-1.466
2.937,0.337
1.73,0.984
0.919,1.516
0.516,-2.797
-3.049,1.894
-1.393,1.918
-1.175,1.221
-0.018,-0.046
-0.248,0.451
-0.255,1.775
-0.12,-0.782
-0.252,0.934
-0.303,2.343
-0.317,-0.857
-0.369,-1.008
-0.421,0.044
-0.442,1.298
-0.311,0.18
-0.477,-1.01
-0.386,-0.044
-0.499,0.551
-0.608,0.065
-0.523,0.642
-0.555,2.244
-0.68,-0.035
-0.677,0.395
-0.582,0.227
-0.649,0.572
-0.834,0.351
-0.947,-1.037
-0.961,-0.884
-0.906,-0.407
-1.04,0.383
-1.086,2.759
-1.184,0.566
-1.278,-0.563
-1.406,0.727
-1.522,1.538
-1.778,-0.401
-1.754,-0.284
-1.939,1.396
-1.796,2.785
-1.977,-0.811
-1.999,0.628
-1.976,1.308
-1.978,0.58
-2.022,0.427
-2.09,1.629
-2.179,-0.108
-2.341,1.425
-2.348,1.406
-2.492,0.405
-2.468,1.43
-2.783,2.724
-2.635,1.724
-2.817,1.381
-2.708,2.294
-2.83,1.458
-2.926,2.669
-2.937,0.852
-2.944,-0.499
-2.85,2.321
-3.013,0.284
-3.087,-0.936
-2.964,1.354
-2.982,0.621
-2.971,1.716
-3.026,2.619
-3.044,2.838
-3.05,0.512
-3.087,-1.021
3.037,2.626
3.001,1.057
2.996,1.272
2.903,0.954
2.895,1.503
2.996,2.429
2.996,0.982
2.804,0.945
2.929,1.328
2.802,-0.485
2.751,0.487
2.734,0.213
2.738,-1.106
2.587,2.206
2.563,0.001
2.634,-0.947
2.518,-0.131
2.544,1.56
2.4,1.261
2.419,2.709
2.368,1.591
2.244,-0.948
2.34,0.119
2.19,-0.957
2.144,2.195
2.111,-0.967
2.091,1.185
2.208,-0.33
2.159,2.053
1.939,2.599
1.886,1.758
1.75,0.282
1.591,0.702
1.665,0.937
1.568,1.624
1.545,0.698
1.224,0.527
1.205,2.268
1.313,-0.221
1.265,2.183
1.035,-0.209
1.115,2.817
0.692,1.042
0.661,-0.309
0.66,0.823
0.762,-0.213
0.747,0.055
0.554,0.909
0.586,-0.629
0.435,2.759
0.519,0.706
0.412,0.576
0.379,0.606
0.285,2.688
0.251,2.116
0.355,0.515
0.324,1.224
0.3,1.199
0.13,0.851
0.227,-0.001
0.086,-1.249
0.095,-1.224
-0.461,-1.439
-0.762,-1.148
-0.889,-1.396
-1.407,-1.519
-1.582,-1.492
-2.184,-1.6
-2.483,-1.114
-2.704,-1.458
-2.714,-1.515
-2.842,-1.424
-2.895,-1.472
-2.906,-1.602
3.09,-1.477
3.002,-1.289
2.563,-1.195
1.988,-1.602
1.286,-1.297
1.013,-1.624
0.466,-1.302
0.387,-1.427
0.174,2.961
-0.72,3.075
-1.987,2.947
-2.277,3.185
3.055,3.097
2.861,2.963
2.664,3.165
2.394,2.995
2.231,3.018
-0.768,1.068
-0.776,2.281
-2.415,-0.497
1.06,-0.512
-0.282,0.335
-0.306,0.028
2.151,1.875
0.931,2.336
0.601,1.645
-0.086,2.188
-0.779,0.705
-1.073,0.054
-2.727,1.539
-3.052,2.288
-3.099,1.469
-3.046,-0.281
2.932,1.522
1.725,2.169
0.914,2.701
0.511,-1.612
-3.054,3.079
-1.398,3.103
-1.18,2.406
-0.23,0.497
-0.237,1.821
-0.102,-0.736
-0.234,0.98
-0.285,2.389
-0.299,-0.811
-0.351,-0.962
-0.403,0.09
-0.424,1.344
-0.293,0.226
-0.459,-0.964
-0.368,0.002
-0.481,0.597
-0.59,0.111
-0.505,0.688
-0.537,2.29
-0.662,0.011
-0.659,0.441
-0.564,0.273
-0.631,0.618
-0.816,0.397
-0.929,-0.991
-0.943,-0.838
-0.888,-0.361
-1.022,0.429
-1.068,2.805
-1.166,0.612
-1.26,-0.517
-1.388,0.773
-1.504,1.584
-1.76,-0.355
-1.736,-0.238
-1.921,1.442
-1.778,2.831
-1.959,-0.765
-1.981,0.674
-1.958,1.354
-1.96,0.626
-2.004,0.473
-2.072,1.675
-2.161,-0.062
-2.323,1.471
-2.33,1.452
-2.474,0.451
-2.45,1.476
-2.765,2.77
-2.617,1.77
-2.799,1.427
-2.69,2.34
-2.812,1.504
-2.908,2.715
-2.919,0.898
-2.926,-0.453
-2.832,2.367
-2.995,0.33
-3.069,-0.89
-2.946,1.4
-2.964,0.667
-2.953,1.762
-3.008,2.665
-3.026,2.884
-3.032,0.558
-3.069,-0.975
3.055,2.672
3.019,1.103
3.014,1.318
2.921,1.0
2.913,1.549
3.014,2.475
3.014,1.028
2.822,0.991
2.947,1.374
2.82,-0.439
2.769,0.533
2.752,0.259
2.756,-1.06
2.605,2.252
2.581,0.047
2.652,-0.901
2.536,-0.085
2.562,1.606
2.418,1.307
2.437,2.755
2.386,1.637
2.262,-0.902
2.358,0.165
2.208,-0.911
2.162,2.241
2.129,-0.921
2.109,1.231
2.226,-0.284
2.177,2.099
1.957,2.645
1.904,1.804
1.768,0.328
1.609,0.748
1.683,0.983
1.586,1.67
1.563,0.744
1.242,0.573
1.223,2.314
1.331,-0.175
1.283,2.229
1.053,-0.163
1.133,2.863
0.71,1.088
0.679,-0.263
0.678,0.869
0.78,-0.167
0.765,0.101
0.572,0.955
0.604,-0.583
0.453,2.805
0.537,0.752
0.43,0.622
0.397,0.652
0.303,2.734
0.269,2.162
0.373,0.561
0.342,1.27
0.318,1.245
0.148,0.897
0.245,0.045
0.104,-1.203
0.113,-1.178
-0.443,-1.393
-0.744,-1.102
-0.871,-1.35
-1.389,-1.473
-1.564,-1.446
-2.166,-1.554
-2.465,-1.068
-2.686,-1.412
-2.696,-1.469
-2.824,-1.378
-2.877,-1.426
-2.888,-1.556
3.108,-1.431
3.02,-1.243
2.581,-1.149
2.006,-1.556
1.304,-1.251
1.031,-1.578
0.484,-1.256
0.405,-1.381
0.192,3.007
-0.702,3.121
-1.969,2.993
-2.259,3.231
3.073,3.143
2.879,3.009
2.682,3.211
2.412,3.041
2.249,3.064
-0.75,1.114
-0.758,2.327
-2.397,-0.451
1.078,-0.466
-0.264,0.381
-0.288,0.074
2.169,1.921
0.949,2.382
0.619,1.691
-0.068,2.234
-0.761,0.751
-1.055,0.1
-2.709,1.585
-3.034,2.334
-3.081,1.515
-3.028,-0.235
2.95,1.568
1.743,2.215
0.932,2.747
0.529,-1.566
-3.036,3.125
-1.38,3.149
-1.162,2.452
-0.007,1.324
0.128,-1.233
-0.004,0.483
-0.055,1.892
-0.069,-1.308
-0.121,-1.459
-0.173,-0.407
-0.194,0.847
-0.063,-0.271
-0.229,-1.461
-0.138,-0.495
-0.251,0.1
-0.36,-0.386
-0.275,0.191
-0.307,1.793
-0.432,-0.486
-0.429,-0.056
-0.334,-0.224
-0.401,0.121
-0.586,-0.1
-0.699,-1.488
-0.713,-1.335
-0.658,-0.858
-0.792,-0.068
-0.838,2.308
-0.936,0.115
-1.03,-1.014
-1.158,0.276
-1.274,1.087
-1.53,-0.852
-1.506,-0.735
-1.691,0.945
-1.548,2.334
-1.729,-1.262
-1.751,0.177
-1.728,0.857
-1.73,0.129
-1.774,-0.024
-1.842,1.178
-1.931,-0.559
-2.093,0.974
-2.1,0.955
-2.244,-0.046
-2.22,0.979
-2.535,2.273
-2.387,1.273
-2.569,0.93
-2.46,1.843
-2.582,1.007
-2.678,2.218
-2.689,0.401
-2.696,-0.95
-2.602,1.87
-2.765,-0.167
-2.839,-1.387
-2.716,0.903
-2.734,0.17
-2.723,1.265
-2.778,2.168
-2.796,2.387
-2.802,0.061
-2.839,-1.472
-2.998,2.175
-3.034,0.606
-3.039,0.821
-3.132,0.503
-3.14,1.052
-3.039,1.978
-3.039,0.531
3.052,0.494
-3.106,0.877
3.05,-0.936
2.999,0.036
2.982,-0.238
2.986,-1.557
2.835,1.755
2.811,-0.45
2.882,-1.398
2.766,-0.582
2.792,1.109
2.648,0.81
2.667,2.258
2.616,1.14
2.492,-1.399
2.588,-0.332
2.438,-1.408
2.392,1.744
2.359,-1.418
2.339,0.734
2.456,-0.781
2.407,1.602
2.187,2.148
2.134,1.307
1.998,-0.169
1.839,0.251
1.913,0.486
1.816,1.173
1.793,0.247
1.472,0.076
1.453,1.817
1.561,-0.672
1.513,1.732
1.283,-0.66
1.363,2.366
0.94,0.591
0.909,-0.76
0.908,0.372
1.01,-0.664
0.995,-0.396
0.802,0.458
0.834,-1.08
0.683,2.308
0.767,0.255
0.66,0.125
0.627,0.155
0.533,2.237
0.499,1.665
0.603,0.064
0.572,0.773
0.548,0.748
0.378,0.4
0.475,-0.452
0.334,-1.7
0.343,-1.675
-0.213,-1.89
-0.514,-1.599
-0.641,-1.847
-1.159,-1.97
-1.334,-1.943
-1.936,-2.051
-2.235,-1.565
-2.456,-1.909
-2.466,-1.966
-2.594,-1.875
-2.647,-1.923
-2.658,-2.053
-2.945,-1.928
-3.033,-1.74
2.811,-1.646
2.236,-2.053
1.534,-1.748
1.261,-2.075
0.714,-1.753
0.635,-1.878
0.422,2.51
-0.472,2.624
-1.739,2.496
-2.029,2.734
-2.98,2.646
3.109,2.512
2.912,2.714
2.642,2.544
2.479,2.567
-0.52,0.617
-0.528,1.83
-2.167,-0.948
1.308,-0.963
-0.034,-0.116
-0.058,-0.423
2.399,1.424
1.179,1.885
0.849,1.194
0.162,1.737
-0.531,0.254
-0.825,-0.397
-2.479,1.088
-2.804,1.837
-2.851,1.018
-2.798,-0.732
-3.103,1.071
1.973,1.718
1.162,2.25
0.759,-2.063
-2.806,2.628
-1.15,2.652
-0.932,1.955
0.135,-2.557
0.003,-0.841
-0.048,0.568
-0.062,-2.632
-0.114,-2.783
-0.166,-1.731
-0.187,-0.477
-0.056,-1.595
-0.222,-2.785
-0.131,-1.819
-0.244,-1.224
-0.353,-1.71
-0.268,-1.133
-0.3,0.469
-0.425,-1.81
-0.422,-1.38
-0.327,-1.548
-0.394,-1.203
-0.579,-1.424
-0.692,-2.812
-0.706,-2.659
-0.651,-2.182
-0.785,-1.392
-0.831,0.984
-0.929,-1.209
-1.023,-2.338
-1.151,-1.048
-1.267,-0.237
-1.523,-2.176
-1.499,-2.059
-1.684,-0.379
-1.541,1.01
-1.722,-2.586
-1.744,-1.147
-1.721,-0.467
-1.723,-1.195
-1.767,-1.348
-1.835,-0.146
-1.924,-1.883
-2.086,-0.35
-2.093,-0.369
-2.237,-1.37
-2.213,-0.345
-2.528,0.949
-2.38,-0.051
-2.562,-0.394
-2.453,0.519
-2.575,-0.317
-2.671,0.894
-2.682,-0.923
-2.689,-2.274
-2.595,0.546
-2.758,-1.491
-2.832,-2.711
-2.709,-0.421
-2.727,-1.154
-2.716,-0.059
-2.771,0.844
-2.789,1.063
-2.795,-1.263
-2.832,-2.796
-2.991,0.851
-3.027,-0.718
-3.032,-0.503
-3.125,-0.821
-3.133,-0.272
-3.032,0.654
-3.032,-0.793
3.059,-0.83
-3.099,-0.447
3.057,-2.26
3.006,-1.288
2.989,-1.562
2.993,-2.881
2.842,0.431
2.818,-1.774
2.889,-2.722
2.773,-1.906
2.799,-0.215
2.655,-0.514
2.674,0.934
2.623,-0.184
2.499,-2.723
2.595,-1.656
2.445,-2.732
2.399,0.42
2.366,-2.742
2.346,-0.59
2.463,-2.105
2.414,0.278
2.194,0.824
2.141,-0.017
2.005,-1.493
1.846,-1.073
1.92,-0.838
1.823,-0.151
1.8,-1.077
1.479,-1.248
1.46,0.493
1.568,-1.996
1.52,0.408
1.29,-1.984
1.37,1.042
0.947,-0.733
0.916,-2.084
0.915,-0.952
1.017,-1.988
1.002,-1.72
0.809,-0.866
0.841,-2.404
0.69,0.984
0.774,-1.069
0.667,-1.199
0.634,-1.169
0.54,0.913
0.506,0.341
0.61,-1.26
0.579,-0.551
0.555,-0.576
0.385,-0.924
0.482,-1.776
0.341,-3.024
0.35,-2.999
-0.206,-3.214
-0.507,-2.923
-0.634,-3.171
-1.152,-3.294
-1.327,-3.267
-1.929,-3.375
-2.228,-2.889
-2.449,-3.233
-2.459,-3.29
-2.587,-3.199
-2.64,-3.247
-2.651,-3.377
-2.938,-3.252
-3.026,-3.064
2.818,-2.97
2.243,-3.377
1.541,-3.072
1.268,-3.399
0.721,-3.077
0.642,-3.202
0.429,1.186
-0.465,1.3
-1.732,1.172
-2.022,1.41
-2.973,1.322
3.116,1.188
2.919,1.39
2.649,1.22
2.486,1.243
-0.513,-0.707
-0.521,0.506
-2.16,-2.272
1.315,-2.287
-0.027,-1.44
-0.051,-1.747
2.406,0.1
1.186,0.561
0.856,-0.13
0.169,0.413
-0.524,-1.07
-0.818,-1.721
-2.472,-0.236
-2.797,0.513
-2.844,-0.306
-2.791,-2.056
-3.096,-0.253
1.98,0.394
1.169,0.926
0.766,-3.387
-2.799,1.304
-1.143,1.328
-0.925,0.631
-0.132,1.716
-0.183,3.125
-0.197,-0.075
-0.249,-0.226
-0.301,0.826
-0.322,2.08
-0.191,0.962
-0.357,-0.228
-0.266,0.738
-0.379,1.333
-0.488,0.847
-0.403,1.424
-0.435,3.026
-0.56,0.747
-0.557,1.177
-0.462,1.009
-0.529,1.354
-0.714,1.133
-0.827,-0.255
-0.841,-0.102
-0.786,0.375
-0.92,1.165
-0.966,3.541
-1.064,1.348
-1.158,0.219
-1.286,1.509
-1.402,2.32
-1.658,0.381
-1.634,0.498
-1.819,2.178
-1.676,3.567
-1.857,-0.029
-1.879,1.41
-1.856,2.09
-1.858,1.362
-1.902,1.209
-1.97,2.411
-2.059,0.674
-2.221,2.207
-2.228,2.188
-2.372,1.187
-2.348,2.212
-2.663,3.506
-2.515,2.506
-2.697,2.163
-2.588,3.076
-2.71,2.24
-2.806,3.451
-2.817,1.634
-2.824,0.283
-2.73,3.103
-2.893,1.066
-2.967,-0.154
-2.844,2.136
-2.862,1.403
-2.851,2.498
-2.906,3.401
-2.924,3.62
-2.93,1.294
-2.967,-0.239
-3.126,3.408
3.121,1.839
3.116,2.054
3.023,1.736
3.015,2.285
3.116,3.211
3.116,1.764
2.924,1.727
3.049,2.11
2.922,0.297
2.871,1.269
2.854,0.995
2.858,-0.324
2.707,2.988
2.683,0.783
2.754,-0.165
2.638,0.651
2.664,2.342
2.52,2.043
2.539,3.491
2.488,2.373
2.364,-0.166
2.46,0.901
2.31,-0.175
2.264,2.977
2.231,-0.185
2.211,1.967
2.328,0.452
2.279,2.835
2.059,3.381
2.006,2.54
1.87,1.064
1.711,1.484
1.785,1.719
1.688,2.406
1.665,1.48
1.344,1.309
1.325,3.05
1.433,0.561
1.385,2.965
1.155,0.573
1.235,3.599
0.812,1.824
0.781,0.473
0.78,1.605
0.882,0.569
0.867,0.837
0.674,1.691
0.706,0.153
0.555,3.541
0.639,1.488
0.532,1.358
0.499,1.388
0.405,3.47
0.371,2.898
0.475,1.297
0.444,2.006
0.42,1.981
0.25,1.633
0.347,0.781
0.206,-0.467
0.215,-0.442
-0.341,-0.657
-0.642,-0.366
-0.769,-0.614
-1.287,-0.737
-1.462,-0.71
-2.064,-0.818
-2.363,-0.332
-2.584,-0.676
-2.594,-0.733
-2.722,-0.642
-2.775,-0.69
-2.786,-0.82
-3.073,-0.695
3.122,-0.507
2.683,-0.413
2.108,-0.82
1.406,-0.515
1.133,-0.842
0.586,-0.52
0.507,-0.645
0.294,3.743
-0.6,3.857
-1.867,3.729
-2.157,3.967
-3.108,3.879
2.981,3.745
2.784,3.947
2.514,3.777
2.351,3.8
-0.648,1.85
-0.656,3.063
-2.295,0.285
1.18,0.27
-0.162,1.117
-0.186,0.81
2.271,2.657
1.051,3.118
0.721,2.427
0.034,2.97
-0.659,1.487
-0.953,0.836
-2.607,2.321
-2.932,3.07
-2.979,2.251
-2.926,0.501
3.052,2.304
1.845,2.951
1.034,3.483
0.631,-0.83
-2.934,3.861
-1.278,3.885
-1.06,3.188
-0.051,1.409
-0.065,-1.791
-0.117,-1.942
-0.169,-0.89
-0.19,0.364
-0.059,-0.754
-0.225,-1.944
-0.134,-0.978
-0.247,-0.383
-0.356,-0.869
-0.271,-0.292
-0.303,1.31
-0.428,-0.969
-0.425,-0.539
-0.33,-0.707
-0.397,-0.362
-0.582,-0.583
-0.695,-1.971
-0.709,-1.818
-0.654,-1.341
-0.788,-0.551
-0.834,1.825
-0.932,-0.368
-1.026,-1.497
-1.154,-0.207
-1.27,0.604
-1.526,-1.335
-1.502,-1.218
-1.687,0.462
-1.544,1.851
-1.725,-1.745
-1.747,-0.306
-1.724,0.374
-1.726,-0.354
-1.77,-0.507
-1.838,0.695
-1.927,-1.042
-2.089,0.491
-2.096,0.472
-2.24,-0.529
-2.216,0.496
-2.531,1.79
-2.383,0.79
-2.565,0.447
-2.456,1.36
-2.578,0.524
-2.674,1.735
-2.685,-0.082
-2.692,-1.433
-2.598,1.387
-2.761,-0.65
-2.835,-1.87
-2.712,0.42
-2.73,-0.313
-2.719,0.782
-2.774,1.685
-2.792,1.904
-2.798,-0.422
-2.835,-1.955
-2.994,1.692
-3.03,0.123
-3.035,0.338
-3.128,0.02
-3.136,0.569
-3.035,1.495
-3.035,0.048
3.056,0.011
-3.102,0.394
3.054,-1.419
3.003,-0.447
2.986,-0.721
2.99,-2.04
2.839,1.272
2.815,-0.933
2.886,-1.881
2.77,-1.065
2.796,0.626
2.652,0.327
2.671,1.775
2.62,0.657
2.496,-1.882
2.592,-0.815
2.442,-1.891
2.396,1.261
2.363,-1.901
2.343,0.251
2.46,-1.264
2.411,1.119
2.191,1.665
2.138,0.824
2.002,-0.652
1.843,-0.232
1.917,0.003
1.82,0.69
1.797,-0.236
1.476,-0.407
1.457,1.334
1.565,-1.155
1.517,1.249
1.287,-1.143
1.367,1.883
0.944,0.108
0.913,-1.243
0.912,-0.111
1.014,-1.147
0.999,-0.879
0.806,-0.025
0.838,-1.563
0.687,1.825
0.771,-0.228
0.664,-0.358
0.631,-0.328
0.537,1.754
0.503,1.182
0.607,-0.419
0.576,0.29
0.552,0.265
0.382,-0.083
0.479,-0.935
0.338,-2.183
0.347,-2.158
-0.209,-2.373
-0.51,-2.082
-0.637,-2.33
-1.155,-2.453
-1.33,-2.426
-1.932,-2.534
-2.231,-2.048
-2.452,-2.392
-2.462,-2.449
-2.59,-2.358
-2.643,-2.406
-2.654,-2.536
-2.941,-2.411
-3.029,-2.223
2.815,-2.129
2.24,-2.536
1.538,-2.231
1.265,-2.558
0.718,-2.236
0.639,-2.361
0.426,2.027
-0.468,2.141
-1.735,2.013
-2.025,2.251
-2.976,2.163
3.113,2.029
2.916,2.231
2.646,2.061
2.483,2.084
-0.516,0.134
-0.524,1.347
-2.163,-1.431
1.312,-1.446
-0.03,-0.599
-0.054,-0.906
2.403,0.941
1.183,1.402
0.853,0.711
0.166,1.254
-0.527,-0.229
-0.821,-0.88
-2.475,0.605
-2.8,1.354
-2.847,0.535
-2.794,-1.215
-3.099,0.588
1.977,1.235
1.166,1.767
0.763,-2.546
-2.802,2.145
-1.146,2.169
-0.928,1.472
-0.014,-3.2
-0.066,-3.351
-0.118,-2.299
-0.139,-1.045
-0.008,-2.163
-0.174,-3.353
-0.083,-2.387
-0.196,-1.792
-0.305,-2.278
-0.22,-1.701
-0.252,-0.099
-0.377,-2.378
-0.374,-1.948
-0.279,-2.116
-0.346,-1.771
-0.531,-1.992
-0.644,-3.38
-0.658,-3.227
-0.603,-2.75
-0.737,-1.96
-0.783,0.416
-0.881,-1.777
-0.975,-2.906
-1.103,-1.616
-1.219,-0.805
-1.475,-2.744
-1.451,-2.627
-1.636,-0.947
-1.493,0.442
-1.674,-3.154
-1.696,-1.715
-1.673,-1.035
-1.675,-1.763
-1.719,-1.916
-1.787,-0.714
-1.876,-2.451
-2.038,-0.918
-2.045,-0.937
-2.189,-1.938
-2.165,-0.913
-2.48,0.381
-2.332,-0.619
-2.514,-0.962
-2.405,-0.049
-2.527,-0.885
-2.623,0.326
-2.634,-1.491
-2.641,-2.842
-2.547,-0.022
-2.71,-2.059
-2.784,-3.279
-2.661,-0.989
-2.679,-1.722
-2.668,-0.627
-2.723,0.276
-2.741,0.495
-2.747,-1.831
-2.784,-3.364
-2.943,0.283
-2.979,-1.286
-2.984,-1.071
-3.077,-1.389
-3.085,-0.84
-2.984,0.086
-2.984,-1.361
3.107,-1.398
-3.051,-1.015
3.105,-2.828
3.054,-1.856
3.037,-2.13
3.041,-3.449
2.89,-0.137
2.866,-2.342
2.937,-3.29
2.821,-2.474
2.847,-0.783
2.703,-1.082
2.722,0.366
2.671,-0.752
2.547,-3.291
2.643,-2.224
2.493,-3.3
2.447,-0.148
2.414,-3.31
2.394,-1.158
2.511,-2.673
2.462,-0.29
2.242,0.256
2.189,-0.585
2.053,-2.061
1.894,-1.641
1.968,-1.406
1.871,-0.719
1.848,-1.645
1.527,-1.816
1.508,-0.075
1.616,-2.564
1.568,-0.16
1.338,-2.552
1.418,0.474
0.995,-1.301
0.964,-2.652
0.963,-1.52
1.065,-2.556
1.05,-2.288
0.857,-1.434
0.889,-2.972
0.738,0.416
0.822,-1.637
0.715,-1.767
0.682,-1.737
0.588,0.345
0.554,-0.227
0.658,-1.828
0.627,-1.119
0.603,-1.144
0.433,-1.492
0.53,-2.344
0.389,-3.592
0.398,-3.567
-0.158,-3.782
-0.459,-3.491
-0.586,-3.739
-1.104,-3.862
-1.279,-3.835
-1.881,-3.943
-2.18,-3.457
-2.401,-3.801
-2.411,-3.858
-2.539,-3.767
-2.592,-3.815
-2.603,-3.945
-2.89,-3.82
-2.978,-3.632
2.866,-3.538
2.291,-3.945
1.589,-3.64
1.316,-3.967
0.769,-3.645
0.69,-3.77
0.477,0.618
-0.417,0.732
-1.684,0.604
-1.974,0.842
-2.925,0.754
-3.119,0.62
2.967,0.822
2.697,0.652
2.534,0.675
-0.465,-1.275
-0.473,-0.062
-2.112,-2.84
1.363,-2.855
0.021,-2.008
-0.003,-2.315
2.454,-0.468
1.234,-0.007
0.904,-0.698
0.217,-0.155
-0.476,-1.638
-0.77,-2.289
-2.424,-0.804
-2.749,-0.055
-2.796,-0.874
-2.743,-2.624
-3.048,-0.821
2.028,-0.174
1.217,0.358
0.814,-3.955
-2.751,0.736
-1.095,0.76
-0.877,0.063
-0.052,-0.151
-0.104,0.901
-0.125,2.155
0.006,1.037
-0.16,-0.153
-0.069,0.813
-0.182,1.408
-0.291,0.922
-0.206,1.499
-0.238,3.101
-0.363,0.822
-0.36,1.252
-0.265,1.084
-0.332,1.429
-0.517,1.208
-0.63,-0.18
-0.644,-0.027
-0.589,0.45
-0.723,1.24
-0.769,3.616
-0.867,1.423
-0.961,0.294
-1.089,1.584
-1.205,2.395
-1.461,0.456
-1.437,0.573
-1.622,2.253
-1.479,3.642
-1.66,0.046
-1.682,1.485
-1.659,2.165
-1.661,1.437
-1.705,1.284
-1.773,2.486
-1.862,0.749
-2.024,2.282
-2.031,2.263
-2.175,1.262
-2.151,2.287
-2.466,3.581
-2.318,2.581
-2.5,2.238
-2.391,3.151
-2.513,2.315
-2.609,3.526
-2.62,1.709
-2.627,0.358
-2.533,3.178
-2.696,1.141
-2.77,-0.079
-2.647,2.211
-2.665,1.478
-2.654,2.573
-2.709,3.476
-2.727,3.695
-2.733,1.369
-2.77,-0.164
-2.929,3.483
-2.965,1.914
-2.97,2.129
-3.063,1.811
-3.071,2.36
-2.97,3.286
-2.97,1.839
3.121,1.802
-3.037,2.185
3.119,0.372
3.068,1.344
3.051,1.07
3.055,-0.249
2.904,3.063
2.88,0.858
2.951,-0.09
2.835,0.726
2.861,2.417
2.717,2.118
2.736,3.566
2.685,2.448
2.561,-0.091
2.657,0.976
2.507,-0.1
2.461,3.052
2.428,-0.11
2.408,2.042
2.525,0.527
2.476,2.91
2.256,3.456
2.203,2.615
2.067,1.139
1.908,1.559
1.982,1.794
1.885,2.481
1.862,1.555
1.541,1.384
1.522,3.125
1.63,0.636
1.582,3.04
1.352,0.648
1.432,3.674
1.009,1.899
0.978,0.548
0.977,1.68
1.079,0.644
1.064,0.912
0.871,1.766
0.903,0.228
0.752,3.616
0.836,1.563
0.729,1.433
0.696,1.463
0.602,3.545
0.568,2.973
0.672,1.372
0.641,2.081
0.617,2.056
0.447,1.708
0.544,0.856
0.403,-0.392
0.412,-0.367
-0.144,-0.582
-0.445,-0.291
-0.572,-0.539
-1.09,-0.662
-1.265,-0.635
-1.867,-0.743
-2.166,-0.257
-2.387,-0.601
-2.397,-0.658
-2.525,-0.567
-2.578,-0.615
-2.589,-0.745
-2.876,-0.62
-2.964,-0.432
2.88,-0.338
2.305,-0.745
1.603,-0.44
1.33,-0.767
0.783,-0.445
0.704,-0.57
0.491,3.818
-0.403,3.932
-1.67,3.804
-1.96,4.042
-2.911,3.954
-3.105,3.82
2.981,4.022
2.711,3.852
2.548,3.875
-0.451,1.925
-0.459,3.138
-2.098,0.36
1.377,0.345
0.035,1.192
0.011,0.885
2.468,2.732
1.248,3.193
0.918,2.502
0.231,3.045
-0.462,1.562
-0.756,0.911
-2.41,2.396
-2.735,3.145
-2.782,2.326
-2.729,0.576
-3.034,2.379
2.042,3.026
1.231,3.558
0.828,-0.755
-2.737,3.936
-1.081,3.96
-0.863,3.263
-0.052,1.052
-0.073,2.306
0.058,1.188
-0.108,-0.002
-0.017,0.964
-0.13,1.559
-0.239,1.073
-0.154,1.65
-0.186,3.252
-0.311,0.973
-0.308,1.403
-0.213,1.235
-0.28,1.58
-0.465,1.359
-0.578,-0.029
-0.592,0.124
-0.537,0.601
-0.671,1.391
-0.717,3.767
-0.815,1.574
-0.909,0.445
-1.037,1.735
-1.153,2.546
-1.409,0.607
-1.385,0.724
-1.57,2.404
-1.427,3.793
-1.608,0.197
-1.63,1.636
-1.607,2.316
-1.609,1.588
-1.653,1.435
-1.721,2.637
-1.81,0.9
-1.972,2.433
-1.979,2.414
-2.123,1.413
-2.099,2.438
-2.414,3.732
-2.266,2.732
-2.448,2.389
-2.339,3.302
-2.461,2.466
-2.557,3.677
-2.568,1.86
-2.575,0.509
-2.481,3.329
-2.644,1.292
-2.718,0.072
-2.595,2.362
-2.613,1.629
-2.602,2.724
-2.657,3.627
-2.675,3.846
-2.681,1.52
-2.718,-0.013
-2.877,3.634
-2.913,2.065
-2.918,2.28
-3.011,1.962
-3.019,2.511
-2.918,3.437
-2.918,1.99
-3.11,1.953
-2.985,2.336
-3.112,0.523
3.12,1.495
3.103,1.221
3.107,-0.098
2.956,3.214
2.932,1.009
3.003,0.061
2.887,0.877
2.913,2.568
2.769,2.269
2.788,3.717
2.737,2.599
2.613,0.06
2.709,1.127
2.559,0.051
2.513,3.203
2.48,0.041
2.46,2.193
2.577,0.678
2.528,3.061
2.308,3.607
2.255,2.766
2.119,1.29
1.96,1.71
2.034,1.945
1.937,2.632
1.914,1.706
1.593,1.535
1.574,3.276
1.682,0.787
1.634,3.191
1.404,0.799
1.484,3.825
1.061,2.05
1.03,0.699
1.029,1.831
1.131,0.795
1.116,1.063
0.923,1.917
0.955,0.379
0.804,3.767
0.888,1.714
0.781,1.584
0.748,1.614
0.654,3.696
0.62,3.124
0.724,1.523
0.693,2.232
0.669,2.207
0.499,1.859
0.596,1.007
0.455,-0.241
0.464,-0.216
-0.092,-0.431
-0.393,-0.14
-0.52,-0.388
-1.038,-0.511
-1.213,-0.484
-1.815,-0.592
-2.114,-0.106
-2.335,-0.45
-2.345,-0.507
-2.473,-0.416
-2.526,-0.464
-2.537,-0.594
-2.824,-0.469
-2.912,-0.281
2.932,-0.187
2.357,-0.594
1.655,-0.289
1.382,-0.616
0.835,-0.294
0.756,-0.419
0.543,3.969
-0.351,4.083
-1.618,3.955
-1.908,4.193
-2.859,4.105
-3.053,3.971
3.033,4.173
2.763,4.003
2.6,4.026
-0.399,2.076
-0.407,3.289
-2.046,0.511
1.429,0.496
0.087,1.343
0.063,1.036
2.52,2.883
1.3,3.344
0.97,2.653
0.283,3.196
-0.41,1.713
-0.704,1.062
-2.358,2.547
-2.683,3.296
-2.73,2.477
-2.677,0.727
-2.982,2.53
2.094,3.177
1.283,3.709
0.88,-0.604
-2.685,4.087
-1.029,4.111
-0.811,3.414
-0.021,1.254
0.11,0.136
-0.056,-1.054
0.035,-0.088
-0.078,0.507
-0.187,0.021
-0.102,0.598
-0.134,2.2
-0.259,-0.079
-0.256,0.351
-0.161,0.183
-0.228,0.528
-0.413,0.307
-0.526,-1.081
-0.54,-0.928
-0.485,-0.451
-0.619,0.339
-0.665,2.715
-0.763,0.522
-0.857,-0.607
-0.985,0.683
-1.101,1.494
-1.357,-0.445
-1.333,-0.328
-1.518,1.352
-1.375,2.741
-1.556,-0.855
-1.578,0.584
-1.555,1.264
-1.557,0.536
-1.601,0.383
-1.669,1.585
-1.758,-0.152
-1.92,1.381
-1.927,1.362
-2.071,0.361
-2.047,1.386
-2.362,2.68
-2.214,1.68
-2.396,1.337
-2.287,2.25
-2.409,1.414
-2.505,2.625
-2.516,0.808
-2.523,-0.543
-2.429,2.277
-2.592,0.24
-2.666,-0.98
-2.543,1.31
-2.561,0.577
-2.55,1.672
-2.605,2.575
-2.623,2.794
-2.629,0.468
-2.666,-1.065
-2.825,2.582
-2.861,1.013
-2.866,1.228
-2.959,0.91
-2.967,1.459
-2.866,2.385
-2.866,0.938
-3.058,0.901
-2.933,1.284
-3.06,-0.529
-3.111,0.443
-3.128,0.169
-3.124,-1.15
3.008,2.162
2.984,-0.043
3.055,-0.991
2.939,-0.175
2.965,1.516
2.821,1.217
2.84,2.665
2.789,1.547
2.665,-0.992
2.761,0.075
2.611,-1.001
2.565,2.151
2.532,-1.011
2.512,1.141
2.629,-0.374
2.58,2.009
2.36,2.555
2.307,1.714
2.171,0.238
2.012,0.658
2.086,0.893
1.989,1.58
1.966,0.654
1.645,0.483
1.626,2.224
1.734,-0.265
1.686,2.139
1.456,-0.253
1.536,2.773
1.113,0.998
1.082,-0.353
1.081,0.779
1.183,-0.257
1.168,0.011
0.975,0.865
1.007,-0.673
0.856,2.715
0.94,0.662
0.833,0.532
0.8,0.562
0.706,2.644
0.672,2.072
0.776,0.471
0.745,1.18
0.721,1.155
0.551,0.807
0.648,-0.045
0.507,-1.293
0.516,-1.268
-0.04,-1.483
-0.341,-1.192
-0.468,-1.44
-0.986,-1.563
-1.161,-1.536
-1.763,-1.644
-2.062,-1.158
-2.283,-1.502
-2.293,-1.559
-2.421,-1.468
-2.474,-1.516
-2.485,-1.646
-2.772,-1.521
-2.86,-1.333
2.984,-1.239
2.409,-1.646
1.707,-1.341
1.434,-1.668
0.887,-1.346
0.808,-1.471
0.595,2.917
-0.299,3.031
-1.566,2.903
-1.856,3.141
-2.807,3.053
-3.001,2.919
3.085,3.121
2.815,2.951
2.652,2.974
-0.347,1.024
-0.355,2.237
-1.994,-0.541
1.481,-0.556
0.139,0.291
0.115,-0.016
2.572,1.831
1.352,2.292
1.022,1.601
0.335,2.144
-0.358,0.661
-0.652,0.01
-2.306,1.495
-2.631,2.244
-2.678,1.425
-2.625,-0.325
-2.93,1.478
2.146,2.125
1.335,2.657
0.932,-1.656
-2.633,3.035
-0.977,3.059
-0.759,2.362
0.131,-1.118
-0.035,-2.308
0.056,-1.342
-0.057,-0.747
-0.166,-1.233
-0.081,-0.656
-0.113,0.946
-0.238,-1.333
-0.235,-0.903
-0.14,-1.071
-0.207,-0.726
-0.392,-0.947
-0.505,-2.335
-0.519,-2.182
-0.464,-1.705
-0.598,-0.915
-0.644,1.461
-0.742,-0.732
-0.836,-1.861
-0.964,-0.571
-1.08,0.24
-1.336,-1.699
-1.312,-1.582
-1.497,0.098
-1.354,1.487
-1.535,-2.109
-1.557,-0.67
-1.534,0.01
-1.536,-0.718
-1.58,-0.871
-1.648,0.331
-1.737,-1.406
-1.899,0.127
-1.906,0.108
-2.05,-0.893
-2.026,0.132
-2.341,1.426
-2.193,0.426
-2.375,0.083
-2.266,0.996
-2.388,0.16
-2.484,1.371
-2.495,-0.446
-2.502,-1.797
-2.408,1.023
-2.571,-1.014
-2.645,-2.234
-2.522,0.056
-2.54,-0.677
-2.529,0.418
-2.584,1.321
-2.602,1.54
-2.608,-0.786
-2.645,-2.319
-2.804,1.328
-2.84,-0.241
-2.845,-0.026
-2.938,-0.344
-2.946,0.205
-2.845,1.131
-2.845,-0.316
-3.037,-0.353
-2.912,0.03
-3.039,-1.783
-3.09,-0.811
-3.107,-1.085
-3.103,-2.404
3.029,0.908
3.005,-1.297
3.076,-2.245
2.96,-1.429
2.986,0.262
2.842,-0.037
2.861,1.411
2.81,0.293
2.686,-2.246
2.782,-1.179
2.632,-2.255
2.586,0.897
2.553,-2.265
2.533,-0.113
2.65,-1.628
2.601,0.755
2.381,1.301
2.328,0.46
2.192,-1.016
2.033,-0.596
2.107,-0.361
2.01,0.326
1.987,-0.6
1.666,-0.771
1.647,0.97
1.755,-1.519
1.707,0.885
1.477,-1.507
1.557,1.519
1.134,-0.256
1.103,-1.607
1.102,-0.475
1.204,-1.511
1.189,-1.243
0.996,-0.389
1.028,-1.927
0.877,1.461
0.961,-0.592
0.854,-0.722
0.821,-0.692
0.727,1.39
0.693,0.818
0.797,-0.783
0.766,-0.074
0.742,-0.099
0.572,-0.447
0.669,-1.299
0.528,-2.547
0.537,-2.522
-0.019,-2.737
-0.32,-2.446
-0.447,-2.694
-0.965,-2.817
-1.14,-2.79
-1.742,-2.898
-2.041,-2.412
-2.262,-2.756
-2.272,-2.813
-2.4,-2.722
-2.453,-2.77
-2.464,-2.9
-2.751,-2.775
-2.839,-2.587
3.005,-2.493
2.43,-2.9
1.728,-2.595
1.455,-2.922
0.908,-2.6
0.829,-2.725
0.616,1.663
-0.278,1.777
-1.545,1.649
-1.835,1.887
-2.786,1.799
-2.98,1.665
3.106,1.867
2.836,1.697
2.673,1.72
-0.326,-0.23
-0.334,0.983
-1.973,-1.795
1.502,-1.81
0.16,-0.963
0.136,-1.27
2.593,0.577
1.373,1.038
1.043,0.347
0.356,0.89
-0.337,-0.593
-0.631,-1.244
-2.285,0.241
-2.61,0.99
-2.657,0.171
-2.604,-1.579
-2.909,0.224
2.167,0.871
1.356,1.403
0.953,-2.91
-2.612,1.781
-0.956,1.805
-0.738,1.108
-0.166,-1.19
-0.075,-0.224
-0.188,0.371
-0.297,-0.115
-0.212,0.462
-0.244,2.064
-0.369,-0.215
-0.366,0.215
-0.271,0.047
-0.338,0.392
-0.523,0.171
-0.636,-1.217
-0.65,-1.064
-0.595,-0.587
-0.729,0.203
-0.775,2.579
-0.873,0.386
-0.967,-0.743
-1.095,0.547
-1.211,1.358
-1.467,-0.581
-1.443,-0.464
-1.628,1.216
-1.485,2.605
-1.666,-0.991
-1.688,0.448
-1.665,1.128
-1.667,0.4
-1.711,0.247
-1.779,1.449
-1.868,-0.288
-2.03,1.245
-2.037,1.226
-2.181,0.225
-2.157,1.25
-2.472,2.544
-2.324,1.544
-2.506,1.201
-2.397,2.114
-2.519,1.278
-2.615,2.489
-2.626,0.672
-2.633,-0.679
-2.539,2.141
-2.702,0.104
-2.776,-1.116
-2.653,1.174
-2.671,0.441
-2.66,1.536
-2.715,2.439
-2.733,2.658
-2.739,0.332
-2.776,-1.201
-2.935,2.446
-2.971,0.877
-2.976,1.092
-3.069,0.774
-3.077,1.323
-2.976,2.249
-2.976,0.802
3.115,0.765
-3.043,1.148
3.113,-0.665
3.062,0.307
3.045,0.033
3.049,-1.286
2.898,2.026
2.874,-0.179
2.945,-1.127
2.829,-0.311
2.855,1.38
2.711,1.081
2.73,2.529
2.679,1.411
2.555,-1.128
2.651,-0.061
2.501,-1.137
2.455,2.015
2.422,-1.147
2.402,1.005
2.519,-0.51
2.47,1.873
2.25,2.419
2.197,1.578
2.061,0.102
1.902,0.522
1.976,0.757
1.879,1.444
1.856,0.518
1.535,0.347
1.516,2.088
1.624,-0.401
1.576,2.003
1.346,-0.389
1.426,2.637
1.003,0.862
0.972,-0.489
0.971,0.643
1.073,-0.393
1.058,-0.125
0.865,0.729
0.897,-0.809
0.746,2.579
0.83,0.526
0.723,0.396
0.69,0.426
0.596,2.508
0.562,1.936
0.666,0.335
0.635,1.044
0.611,1.019
0.441,0.671
0.538,-0.181
0.397,-1.429
0.406,-1.404
-0.15,-1.619
-0.451,-1.328
-0.578,-1.576
-1.096,-1.699
-1.271,-1.672
-1.873,-1.78
-2.172,-1.294
-2.393,-1.638
-2.403,-1.695
-2.531,-1.604
-2.584,-1.652
-2.595,-1.782
-2.882,-1.657
-2.97,-1.469
2.874,-1.375
2.299,-1.782
1.597,-1.477
1.324,-1.804
0.777,-1.482
0.698,-1.607
0.485,2.781
-0.409,2.895
-1.676,2.767
-1.966,3.005
-2.917,2.917
-3.111,2.783
2.975,2.985
2.705,2.815
2.542,2.838
-0.457,0.888
-0.465,2.101
-2.104,-0.677
1.371,-0.692
0.029,0.155
0.005,-0.152
2.462,1.695
1.242,2.156
0.912,1.465
0.225,2.008
-0.468,0.525
-0.762,-0.126
-2.416,1.359
-2.741,2.108
-2.788,1.289
-2.735,-0.461
-3.04,1.342
2.036,1.989
1.225,2.521
0.822,-1.792
-2.743,2.899
-1.087,2.923
-0.869,2.226
0.091,0.966
-0.022,1.561
-0.131,1.075
-0.046,1.652
-0.078,3.254
-0.203,0.975
-0.2,1.405
-0.105,1.237
-0.172,1.582
-0.357,1.361
-0.47,-0.027
-0.484,0.126
-0.429,0.603
-0.563,1.393
-0.609,3.769
-0.707,1.576
-0.801,0.447
-0.929,1.737
-1.045,2.548
-1.301,0.609
-1.277,0.726
-1.462,2.406
-1.319,3.795
-1.5,0.199
-1.522,1.638
-1.499,2.318
-1.501,1.59
-1.545,1.437
-1.613,2.639
-1.702,0.902
-1.864,2.435
-1.871,2.416
-2.015,1.415
-1.991,2.44
-2.306,3.734
-2.158,2.734
-2.34,2.391
-2.231,3.304
-2.353,2.468
-2.449,3.679
-2.46,1.862
-2.467,0.511
-2.373,3.331
-2.536,1.294
-2.61,0.074
-2.487,2.364
-2.505,1.631
-2.494,2.726
-2.549,3.629
-2.567,3.848
-2.573,1.522
-2.61,-0.011
-2.769,3.636
-2.805,2.067
-2.81,2.282
-2.903,1.964
-2.911,2.513
-2.81,3.439
-2.81,1.992
-3.002,1.955
-2.877,2.338
-3.004,0.525
-3.055,1.497
-3.072,1.223
-3.068,-0.096
3.064,3.216
3.04,1.011
3.111,0.063
2.995,0.879
3.021,2.57
2.877,2.271
2.896,3.719
2.845,2.601
2.721,0.062
2.817,1.129
2.667,0.053
2.621,3.205
2.588,0.043
2.568,2.195
2.685,0.68
2.636,3.063
2.416,3.609
2.363,2.768
2.227,1.292
2.068,1.712
2.142,1.947
2.045,2.634
2.022,1.708
1.701,1.537
1.682,3.278
1.79,0.789
1.742,3.193
1.512,0.801
1.592,3.827
1.169,2.052
1.138,0.701
1.137,1.833
1.239,0.797
1.224,1.065
1.031,1.919
1.063,0.381
0.912,3.769
0.996,1.716
0.889,1.586
0.856,1.616
0.762,3.698
0.728,3.126
0.832,1.525
0.801,2.234
0.777,2.209
0.607,1.861
0.704,1.009
0.563,-0.239
0.572,-0.214
0.016,-0.429
-0.285,-0.138
-0.412,-0.386
-0.93,-0.509
-1.105,-0.482
-1.707,-0.59
-2.006,-0.104
-2.227,-0.448
-2.237,-0.505
-2.365,-0.414
-2.418,-0.462
-2.429,-0.592
-2.716,-0.467
-2.804,-0.279
3.04,-0.185
2.465,-0.592
1.763,-0.287
1.49,-0.614
0.943,-0.292
0.864,-0.417
0.651,3.971
-0.243,4.085
-1.51,3.957
-1.8,4.195
-2.751,4.107
-2.945,3.973
3.141,4.175
2.871,4.005
2.708,4.028
-0.291,2.078
-0.299,3.291
-1.938,0.513
1.537,0.498
0.195,1.345
0.171,1.038
2.628,2.885
1.408,3.346
1.078,2.655
0.391,3.198
-0.302,1.715
-0.596,1.064
-2.25,2.549
-2.575,3.298
-2.622,2.479
-2.569,0.729
-2.874,2.532
2.202,3.179
1.391,3.711
0.988,-0.602
-2.577,4.089
-0.921,4.113
-0.703,3.416
-0.113,0.595
-0.222,0.109
-0.137,0.686
-0.169,2.288
-0.294,0.009
-0.291,0.439
-0.196,0.271
-0.263,0.616
-0.448,0.395
-0.561,-0.993
-0.575,-0.84
-0.52,-0.363
-0.654,0.427
-0.7,2.803
-0.798,0.61
-0.892,-0.519
-1.02,0.771
-1.136,1.582
-1.392,-0.357
-1.368,-0.24
-1.553,1.44
-1.41,2.829
-1.591,-0.767
-1.613,0.672
-1.59,1.352
-1.592,0.624
-1.636,0.471
-1.704,1.673
-1.793,-0.064
-1.955,1.469
-1.962,1.45
-2.106,0.449
-2.082,1.474
-2.397,2.768
-2.249,1.768
-2.431,1.425
-2.322,2.338
-2.444,1.502
-2.54,2.713
-2.551,0.896
-2.558,-0.455
-2.464,2.365
-2.627,0.328
-2.701,-0.892
-2.578,1.398
-2.596,0.665
-2.585,1.76
-2.64,2.663
-2.658,2.882
-2.664,0.556
-2.701,-0.977
-2.86,2.67
-2.896,1.101
-2.901,1.316
-2.994,0.998
-3.002,1.547
-2.901,2.473
-2.901,1.026
-3.093,0.989
-2.968,1.372
-3.095,-0.441
3.137,0.531
3.12,0.257
3.124,-1.062
2.973,2.25
2.949,0.045
3.02,-0.903
2.904,-0.087
2.93,1.604
2.786,1.305
2.805,2.753
2.754,1.635
2.63,-0.904
2.726,0.163
2.576,-0.913
2.53,2.239
2.497,-0.923
2.477,1.229
2.594,-0.286
2.545,2.097
2.325,2.643
2.272,1.802
2.136,0.326
1.977,0.746
2.051,0.981
1.954,1.668
1.931,0.742
1.61,0.571
1.591,2.312
1.699,-0.177
1.651,2.227
1.421,-0.165
1.501,2.861
1.078,1.086
1.047,-0.265
1.046,0.867
1.148,-0.169
1.133,0.099
0.94,0.953
0.972,-0.585
0.821,2.803
0.905,0.75
0.798,0.62
0.765,0.65
0.671,2.732
0.637,2.16
0.741,0.559
0.71,1.268
0.686,1.243
0.516,0.895
0.613,0.043
0.472,-1.205
0.481,-1.18
-0.075,-1.395
-0.376,-1.104
-0.503,-1.352
-1.021,-1.475
-1.196,-1.448
-1.798,-1.556
-2.097,-1.07
-2.318,-1.414
-2.328,-1.471
-2.456,-1.38
-2.509,-1.428
-2.52,-1.558
-2.807,-1.433
-2.895,-1.245
2.949,-1.151
2.374,-1.558
1.672,-1.253
1.399,-1.58
0.852,-1.258
0.773,-1.383
0.56,3.005
-0.334,3.119
-1.601,2.991
-1.891,3.229
-2.842,3.141
-3.036,3.007
3.05,3.209
2.78,3.039
2.617,3.062
-0.382,1.112
-0.39,2.325
-2.029,-0.453
1.446,-0.468
0.104,0.379
0.08,0.072
2.537,1.919
1.317,2.38
0.987,1.689
0.3,2.232
-0.393,0.749
-0.687,0.098
-2.341,1.583
-2.666,2.332
-2.713,1.513
-2.66,-0.237
-2.965,1.566
2.111,2.213
1.3,2.745
0.897,-1.568
-2.668,3.123
-1.012,3.147
-0.794,2.45
-0.109,-0.486
-0.024,0.091
-0.056,1.693
-0.181,-0.586
-0.178,-0.156
-0.083,-0.324
-0.15,0.021
-0.335,-0.2
-0.448,-1.588
-0.462,-1.435
-0.407,-0.958
-0.541,-0.168
-0.587,2.208
-0.685,0.015
-0.779,-1.114
-0.907,0.176
-1.023,0.987
-1.279,-0.952
-1.255,-0.835
-1.44,0.845
-1.297,2.234
-1.478,-1.362
-1.5,0.077
-1.477,0.757
-1.479,0.029
-1.523,-0.124
-1.591,1.078
-1.68,-0.659
-1.842,0.874
-1.849,0.855
-1.993,-0.146
-1.969,0.879
-2.284,2.173
-2.136,1.173
-2.318,0.83
-2.209,1.743
-2.331,0.907
-2.427,2.118
-2.438,0.301
-2.445,-1.05
-2.351,1.77
-2.514,-0.267
-2.588,-1.487
-2.465,0.803
-2.483,0.07
-2.472,1.165
-2.527,2.068
-2.545,2.287
-2.551,-0.039
-2.588,-1.572
-2.747,2.075
-2.783,0.506
-2.788,0.721
-2.881,0.403
-2.889,0.952
-2.788,1.878
-2.788,0.431
-2.98,0.394
-2.855,0.777
-2.982,-1.036
-3.033,-0.064
-3.05,-0.338
-3.046,-1.657
3.086,1.655
3.062,-0.55
3.133,-1.498
3.017,-0.682
3.043,1.009
2.899,0.71
2.918,2.158
2.867,1.04
2.743,-1.499
2.839,-0.432
2.689,-1.508
2.643,1.644
2.61,-1.518
2.59,0.634
2.707,-0.881
2.658,1.502
2.438,2.048
2.385,1.207
2.249,-0.269
2.09,0.151
2.164,0.386
2.067,1.073
2.044,0.147
1.723,-0.024
1.704,1.717
1.812,-0.772
1.764,1.632
1.534,-0.76
1.614,2.266
1.191,0.491
1.16,-0.86
1.159,0.272
1.261,-0.764
1.246,-0.496
1.053,0.358
1.085,-1.18
0.934,2.208
1.018,0.155
0.911,0.025
0.878,0.055
0.784,2.137
0.75,1.565
0.854,-0.036
0.823,0.673
0.799,0.648
0.629,0.3
0.726,-0.552
0.585,-1.8
0.594,-1.775
0.038,-1.99
-0.263,-1.699
-0.39,-1.947
-0.908,-2.07
-1.083,-2.043
-1.685,-2.151
-1.984,-1.665
-2.205,-2.009
-2.215,-2.066
-2.343,-1.975
-2.396,-2.023
-2.407,-2.153
-2.694,-2.028
-2.782,-1.84
3.062,-1.746
2.487,-2.153
1.785,-1.848
1.512,-2.175
0.965,-1.853
0.886,-1.978
0.673,2.41
-0.221,2.524
-1.488,2.396
-1.778,2.634
-2.729,2.546
-2.923,2.412
-3.12,2.614
2.893,2.444
2.73,2.467
-0.269,0.517
-0.277,1.73
-1.916,-1.048
1.559,-1.063
0.217,-0.216
0.193,-0.523
2.65,1.324
1.43,1.785
1.1,1.094
0.413,1.637
-0.28,0.154
-0.574,-0.497
-2.228,0.988
-2.553,1.737
-2.6,0.918
-2.547,-0.832
-2.852,0.971
2.224,1.618
1.413,2.15
1.01,-2.163
-2.555,2.528
-0.899,2.552
-0.681,1.855
0.085,0.577
0.053,2.179
-0.072,-0.1
-0.069,0.33
0.026,0.162
-0.041,0.507
-0.226,0.286
-0.339,-1.102
-0.353,-0.949
-0.298,-0.472
-0.432,0.318
-0.478,2.694
-0.576,0.501
-0.67,-0.628
-0.798,0.662
-0.914,1.473
-1.17,-0.466
-1.146,-0.349
-1.331,1.331
-1.188,2.72
-1.369,-0.876
-1.391,0.563
-1.368,1.243
-1.37,0.515
-1.414,0.362
-1.482,1.564
-1.571,-0.173
-1.733,1.36
-1.74,1.341
-1.884,0.34
-1.86,1.365
-2.175,2.659
-2.027,1.659
-2.209,1.316
-2.1,2.229
-2.222,1.393
-2.318,2.604
-2.329,0.787
-2.336,-0.564
-2.242,2.256
-2.405,0.219
-2.479,-1.001
-2.356,1.289
-2.374,0.556
-2.363,1.651
-2.418,2.554
-2.436,2.773
-2.442,0.447
-2.479,-1.086
-2.638,2.561
-2.674,0.992
-2.679,1.207
-2.772,0.889
-2.78,1.438
-2.679,2.364
-2.679,0.917
-2.871,0.88
-2.746,1.263
-2.873,-0.55
-2.924,0.422
-2.941,0.148
-2.937,-1.171
-3.088,2.141
-3.112,-0.064
-3.041,-1.012
3.126,-0.196
-3.131,1.495
3.008,1.196
3.027,2.644
2.976,1.526
2.852,-1.013
2.948,0.054
2.798,-1.022
2.752,2.13
2.719,-1.032
2.699,1.12
2.816,-0.395
2.767,1.988
2.547,2.534
2.494,1.693
2.358,0.217
2.199,0.637
2.273,0.872
2.176,1.559
2.153,0.633
1.832,0.462
1.813,2.203
1.921,-0.286
1.873,2.118
1.643,-0.274
1.723,2.752
1.3,0.977
1.269,-0.374
1.268,0.758
1.37,-0.278
1.355,-0.01
1.162,0.844
1.194,-0.694
1.043,2.694
1.127,0.641
1.02,0.511
0.987,0.541
0.893,2.623
0.859,2.051
0.963,0.45
0.932,1.159
0.908,1.134
0.738,0.786
0.835,-0.066
0.694,-1.314
0.703,-1.289
0.147,-1.504
-0.154,-1.213
-0.281,-1.461
-0.799,-1.584
-0.974,-1.557
-1.576,-1.665
-1.875,-1.179
-2.096,-1.523
-2.106,-1.58
-2.234,-1.489
-2.287,-1.537
-2.298,-1.667
-2.585,-1.542
-2.673,-1.354
-3.112,-1.26
2.596,-1.667
1.894,-1.362
1.621,-1.689
1.074,-1.367
0.995,-1.492
0.782,2.896
-0.112,3.01
-1.379,2.882
-1.669,3.12
-2.62,3.032
-2.814,2.898
-3.011,3.1
3.002,2.93
2.839,2.953
-0.16,1.003
-0.168,2.216
-1.807,-0.562
1.668,-0.577
0.326,0.27
0.302,-0.037
2.759,1.81
1.539,2.271
1.209,1.58
0.522,2.123
-0.171,0.64
-0.465,-0.011
-2.119,1.474
-2.444,2.223
-2.491,1.404
-2.438,-0.346
-2.743,1.457
2.333,2.104
1.522,2.636
1.119,-1.677
-2.446,3.014
-0.79,3.038
-0.572,2.341
-0.032,1.602
-0.157,-0.677
-0.154,-0.247
-0.059,-0.415
-0.126,-0.07
-0.311,-0.291
-0.424,-1.679
-0.438,-1.526
-0.383,-1.049
-0.517,-0.259
-0.563,2.117
-0.661,-0.076
-0.755,-1.205
-0.883,0.085
-0.999,0.896
-1.255,-1.043
-1.231,-0.926
-1.416,0.754
-1.273,2.143
-1.454,-1.453
-1.476,-0.014
-1.453,0.666
-1.455,-0.062
-1.499,-0.215
-1.567,0.987
-1.656,-0.75
-1.818,0.783
-1.825,0.764
-1.969,-0.237
-1.945,0.788
-2.26,2.082
-2.112,1.082
-2.294,0.739
-2.185,1.652
-2.307,0.816
-2.403,2.027
-2.414,0.21
-2.421,-1.141
-2.327,1.679
-2.49,-0.358
-2.564,-1.578
-2.441,0.712
-2.459,-0.021
-2.448,1.074
-2.503,1.977
-2.521,2.196
-2.527,-0.13
-2.564,-1.663
-2.723,1.984
-2.759,0.415
-2.764,0.63
-2.857,0.312
-2.865,0.861
-2.764,1.787
-2.764,0.34
-2.956,0.303
-2.831,0.686
-2.958,-1.127
-3.009,-0.155
-3.026,-0.429
-3.022,-1.748
3.11,1.564
3.086,-0.641
-3.126,-1.589
3.041,-0.773
3.067,0.918
2.923,0.619
2.942,2.067
2.891,0.949
2.767,-1.59
2.863,-0.523
2.713,-1.599
2.667,1.553
2.634,-1.609
2.614,0.543
2.731,-0.972
2.682,1.411
2.462,1.957
2.409,1.116
2.273,-0.36
2.114,0.06
2.188,0.295
2.091,0.982
2.068,0.056
1.747,-0.115
1.728,1.626
1.836,-0.863
1.788,1.541
1.558,-0.851
1.638,2.175
1.215,0.4
1.184,-0.951
1.183,0.181
1.285,-0.855
1.27,-0.587
1.077,0.267
1.109,-1.271
0.958,2.117
1.042,0.064
0.935,-0.066
0.902,-0.036
0.808,2.046
0.774,1.474
0.878,-0.127
0.847,0.582
0.823,0.557
0.653,0.209
0.75,-0.643
0.609,-1.891
0.618,-1.866
0.062,-2.081
-0.239,-1.79
-0.366,-2.038
-0.884,-2.161
-1.059,-2.134
-1.661,-2.242
-1.96,-1.756
-2.181,-2.1
-2.191,-2.157
-2.319,-2.066
-2.372,-2.114
-2.383,-2.244
-2.67,-2.119
-2.758,-1.931
3.086,-1.837
2.511,-2.244
1.809,-1.939
1.536,-2.266
0.989,-1.944
0.91,-2.069
0.697,2.319
-0.197,2.433
-1.464,2.305
-1.754,2.543
-2.705,2.455
-2.899,2.321
-3.096,2.523
2.917,2.353
2.754,2.376
-0.245,0.426
-0.253,1.639
-1.892,-1.139
1.583,-1.154
0.241,-0.307
0.217,-0.614
2.674,1.233
1.454,1.694
1.124,1.003
0.437,1.546
-0.256,0.063
-0.55,-0.588
-2.204,0.897
-2.529,1.646
-2.576,0.827
-2.523,-0.923
-2.828,0.88
2.248,1.527
1.437,2.059
1.034,-2.254
-2.531,2.437
-0.875,2.461
-0.657,1.764
-0.125,-2.279
-0.122,-1.849
-0.027,-2.017
-0.094,-1.672
-0.279,-1.893
-0.392,-3.281
-0.406,-3.128
-0.351,-2.651
-0.485,-1.861
-0.531,0.515
-0.629,-1.678
-0.723,-2.807
-0.851,-1.517
-0.967,-0.706
-1.223,-2.645
-1.199,-2.528
-1.384,-0.848
-1.241,0.541
-1.422,-3.055
-1.444,-1.616
-1.421,-0.936
-1.423,-1.664
-1.467,-1.817
-1.535,-0.615
-1.624,-2.352
-1.786,-0.819
-1.793,-0.838
-1.937,-1.839
-1.913,-0.814
-2.228,0.48
-2.08,-0.52
-2.262,-0.863
-2.153,0.05
-2.275,-0.786
-2.371,0.425
-2.382,-1.392
-2.389,-2.743
-2.295,0.077
-2.458,-1.96
-2.532,-3.18
-2.409,-0.89
-2.427,-1.623
-2.416,-0.528
-2.471,0.375
-2.489,0.594
-2.495,-1.732
-2.532,-3.265
-2.691,0.382
-2.727,-1.187
-2.732,-0.972
-2.825,-1.29
-2.833,-0.741
-2.732,0.185
-2.732,-1.262
-2.924,-1.299
-2.799,-0.916
-2.926,-2.729
-2.977,-1.757
-2.994,-2.031
-2.99,-3.35
-3.141,-0.038
3.118,-2.243
-3.094,-3.191
3.073,-2.375
3.099,-0.684
2.955,-0.983
2.974,0.465
2.923,-0.653
2.799,-3.192
2.895,-2.125
2.745,-3.201
2.699,-0.049
2.666,-3.211
2.646,-1.059
2.763,-2.574
2.714,-0.191
2.494,0.355
2.441,-0.486
2.305,-1.962
2.146,-1.542
2.22,-1.307
2.123,-0.62
2.1,-1.546
1.779,-1.717
1.76,0.024
1.868,-2.465
1.82,-0.061
1.59,-2.453
1.67,0.573
1.247,-1.202
1.216,-2.553
1.215,-1.421
1.317,-2.457
1.302,-2.189
1.109,-1.335
1.141,-2.873
0.99,0.515
1.074,-1.538
0.967,-1.668
0.934,-1.638
0.84,0.444
0.806,-0.128
0.91,-1.729
0.879,-1.02
0.855,-1.045
0.685,-1.393
0.782,-2.245
0.641,-3.493
0.65,-3.468
0.094,-3.683
-0.207,-3.392
-0.334,-3.64
-0.852,-3.763
-1.027,-3.736
-1.629,-3.844
-1.928,-3.358
-2.149,-3.702
-2.159,-3.759
-2.287,-3.668
-2.34,-3.716
-2.351,-3.846
-2.638,-3.721
-2.726,-3.533
3.118,-3.439
2.543,-3.846
1.841,-3.541
1.568,-3.868
1.021,-3.546
0.942,-3.671
0.729,0.717
-0.165,0.831
-1.432,0.703
-1.722,0.941
-2.673,0.853
-2.867,0.719
-3.064,0.921
2.949,0.751
2.786,0.774
-0.213,-1.176
-0.221,0.037
-1.86,-2.741
1.615,-2.756
0.273,-1.909
0.249,-2.216
2.706,-0.369
1.486,0.092
1.156,-0.599
0.469,-0.056
-0.224,-1.539
-0.518,-2.19
-2.172,-0.705
-2.497,0.044
-2.544,-0.775
-2.491,-2.525
-2.796,-0.722
2.28,-0.075
1.469,0.457
1.066,-3.856
-2.499,0.835
-0.843,0.859
-0.625,0.162
0.003,0.43
0.098,0.262
0.031,0.607
-0.154,0.386
-0.267,-1.002
-0.281,-0.849
-0.226,-0.372
-0.36,0.418
-0.406,2.794
-0.504,0.601
-0.598,-0.528
-0.726,0.762
-0.842,1.573
-1.098,-0.366
-1.074,-0.249
-1.259,1.431
-1.116,2.82
-1.297,-0.776
-1.319,0.663
-1.296,1.343
-1.298,0.615
-1.342,0.462
-1.41,1.664
-1.499,-0.073
-1.661,1.46
-1.668,1.441
-1.812,0.44
-1.788,1.465
-2.103,2.759
-1.955,1.759
-2.137,1.416
-2.028,2.329
-2.15,1.493
-2.246,2.704
-2.257,0.887
-2.264,-0.464
-2.17,2.356
-2.333,0.319
-2.407,-0.901
-2.284,1.389
-2.302,0.656
-2.291,1.751
-2.346,2.654
-2.364,2.873
-2.37,0.547
-2.407,-0.986
-2.566,2.661
-2.602,1.092
-2.607,1.307
-2.7,0.989
-2.708,1.538
-2.607,2.464
-2.607,1.017
-2.799,0.98
-2.674,1.363
-2.801,-0.45
-2.852,0.522
-2.869,0.248
-2.865,-1.071
-3.016,2.241
-3.04,0.036
-2.969,-0.912
-3.085,-0.096
-3.059,1.595
3.08,1.296
3.099,2.744
3.048,1.626
2.924,-0.913
3.02,0.154
2.87,-0.922
2.824,2.23
2.791,-0.932
2.771,1.22
2.888,-0.295
2.839,2.088
2.619,2.634
2.566,1.793
2.43,0.317
2.271,0.737
2.345,0.972
2.248,1.659
2.225,0.733
1.904,0.562
1.885,2.303
1.993,-0.186
1.945,2.218
1.715,-0.174
1.795,2.852
1.372,1.077
1.341,-0.274
1.34,0.858
1.442,-0.178
1.427,0.09
1.234,0.944
1.266,-0.594
1.115,2.794
1.199,0.741
1.092,0.611
1.059,0.641
0.965,2.723
0.931,2.151
1.035,0.55
1.004,1.259
0.98,1.234
0.81,0.886
0.907,0.034
0.766,-1.214
0.775,-1.189
0.219,-1.404
-0.082,-1.113
-0.209,-1.361
-0.727,-1.484
-0.902,-1.457
-1.504,-1.565
-1.803,-1.079
-2.024,-1.423
-2.034,-1.48
-2.162,-1.389
-2.215,-1.437
-2.226,-1.567
-2.513,-1.442
-2.601,-1.254
-3.04,-1.16
2.668,-1.567
1.966,-1.262
1.693,-1.589
1.146,-1.267
1.067,-1.392
0.854,2.996
-0.04,3.11
-1.307,2.982
-1.597,3.22
-2.548,3.132
-2.742,2.998
-2.939,3.2
3.074,3.03
2.911,3.053
-0.088,1.103
-0.096,2.316
-1.735,-0.462
1.74,-0.477
0.398,0.37
0.374,0.063
2.831,1.91
1.611,2.371
1.281,1.68
0.594,2.223
-0.099,0.74
-0.393,0.089
-2.047,1.574
-2.372,2.323
-2.419,1.504
-2.366,-0.246
-2.671,1.557
2.405,2.204
1.594,2.736
1.191,-1.577
-2.374,3.114
-0.718,3.138
-0.5,2.441
0.095,-0.168
0.028,0.177
-0.157,-0.044
-0.27,-1.432
-0.284,-1.279
-0.229,-0.802
-0.363,-0.012
-0.409,2.364
-0.507,0.171
-0.601,-0.958
-0.729,0.332
-0.845,1.143
-1.101,-0.796
-1.077,-0.679
-1.262,1.001
-1.119,2.39
-1.3,-1.206
-1.322,0.233
-1.299,0.913
-1.301,0.185
-1.345,0.032
-1.413,1.234
-1.502,-0.503
-1.664,1.03
-1.671,1.011
-1.815,0.01
-1.791,1.035
-2.106,2.329
-1.958,1.329
-2.14,0.986
-2.031,1.899
-2.153,1.063
-2.249,2.274
-2.26,0.457
-2.267,-0.894
-2.173,1.926
-2.336,-0.111
-2.41,-1.331
-2.287,0.959
-2.305,0.226
-2.294,1.321
-2.349,2.224
-2.367,2.443
-2.373,0.117
-2.41,-1.416
-2.569,2.231
-2.605,0.662
-2.61,0.877
-2.703,0.559
-2.711,1.108
-2.61,2.034
-2.61,0.587
-2.802,0.55
-2.677,0.933
-2.804,-0.88
-2.855,0.092
-2.872,-0.182
-2.868,-1.501
-3.019,1.811
-3.043,-0.394
-2.972,-1.342
-3.088,-0.526
-3.062,1.165
3.077,0.866
3.096,2.314
3.045,1.196
2.921,-1.343
3.017,-0.276
2.867,-1.352
2.821,1.8
2.788,-1.362
2.768,0.79
2.885,-0.725
2.836,1.658
2.616,2.204
2.563,1.363
2.427,-0.113
2.268,0.307
2.342,0.542
2.245,1.229
2.222,0.303
1.901,0.132
1.882,1.873
1.99,-0.616
1.942,1.788
1.712,-0.604
1.792,2.422
1.369,0.647
1.338,-0.704
1.337,0.428
1.439,-0.608
1.424,-0.34
1.231,0.514
1.263,-1.024
1.112,2.364
1.196,0.311
1.089,0.181
1.056,0.211
0.962,2.293
0.928,1.721
1.032,0.12
1.001,0.829
0.977,0.804
0.807,0.456
0.904,-0.396
0.763,-1.644
0.772,-1.619
0.216,-1.834
-0.085,-1.543
-0.212,-1.791
-0.73,-1.914
-0.905,-1.887
-1.507,-1.995
-1.806,-1.509
-2.027,-1.853
-2.037,-1.91
-2.165,-1.819
-2.218,-1.867
-2.229,-1.997
-2.516,-1.872
-2.604,-1.684
-3.043,-1.59
2.665,-1.997
1.963,-1.692
1.69,-2.019
1.143,-1.697
1.064,-1.822
0.851,2.566
-0.043,2.68
-1.31,2.552
-1.6,2.79
-2.551,2.702
-2.745,2.568
-2.942,2.77
3.071,2.6
2.908,2.623
-0.091,0.673
-0.099,1.886
-1.738,-0.892
1.737,-0.907
0.395,-0.06
0.371,-0.367
2.828,1.48
1.608,1.941
1.278,1.25
0.591,1.793
-0.102,0.31
-0.396,-0.341
-2.05,1.144
-2.375,1.893
-2.422,1.074
-2.369,-0.676
-2.674,1.127
2.402,1.774
1.591,2.306
1.188,-2.007
-2.377,2.684
-0.721,2.708
-0.503,2.011
-0.067,0.345
-0.252,0.124
-0.365,-1.264
-0.379,-1.111
-0.324,-0.634
-0.458,0.156
-0.504,2.532
-0.602,0.339
-0.696,-0.79
-0.824,0.5
-0.94,1.311
-1.196,-0.628
-1.172,-0.511
-1.357,1.169
-1.214,2.558
-1.395,-1.038
-1.417,0.401
-1.394,1.081
-1.396,0.353
-1.44,0.2
-1.508,1.402
-1.597,-0.335
-1.759,1.198
-1.766,1.179
-1.91,0.178
-1.886,1.203
-2.201,2.497
-2.053,1.497
-2.235,1.154
-2.126,2.067
-2.248,1.231
-2.344,2.442
-2.355,0.625
-2.362,-0.726
-2.268,2.094
-2.431,0.057
-2.505,-1.163
-2.382,1.127
-2.4,0.394
-2.389,1.489
-2.444,2.392
-2.462,2.611
-2.468,0.285
-2.505,-1.248
-2.664,2.399
-2.7,0.83
-2.705,1.045
-2.798,0.727
-2.806,1.276
-2.705,2.202
-2.705,0.755
-2.897,0.718
-2.772,1.101
-2.899,-0.712
-2.95,0.26
-2.967,-0.014
-2.963,-1.333
-3.114,1.979
-3.138,-0.226
-3.067,-1.174
3.1,-0.358
3.126,1.333
2.982,1.034
3.001,2.482
2.95,1.364
2.826,-1.175
2.922,-0.108
2.772,-1.184
2.726,1.968
2.693,-1.194
2.673,0.958
2.79,-0.557
2.741,1.826
2.521,2.372
2.468,1.531
2.332,0.055
2.173,0.475
2.247,0.71
2.15,1.397
2.127,0.471
1.806,0.3
1.787,2.041
1.895,-0.448
1.847,1.956
1.617,-0.436
1.697,2.59
1.274,0.815
1.243,-0.536
1.242,0.596
1.344,-0.44
1.329,-0.172
1.136,0.682
1.168,-0.856
1.017,2.532
1.101,0.479
0.994,0.349
0.961,0.379
0.867,2.461
0.833,1.889
0.937,0.288
0.906,0.997
0.882,0.972
0.712,0.624
0.809,-0.228
0.668,-1.476
0.677,-1.451
0.121,-1.666
-0.18,-1.375
-0.307,-1.623
-0.825,-1.746
-1.0,-1.719
-1.602,-1.827
-1.901,-1.341
-2.122,-1.685
-2.132,-1.742
-2.26,-1.651
-2.313,-1.699
-2.324,-1.829
-2.611,-1.704
-2.699,-1.516
-3.138,-1.422
2.57,-1.829
1.868,-1.524
1.595,-1.851
1.048,-1.529
0.969,-1.654
0.756,2.734
-0.138,2.848
-1.405,2.72
-1.695,2.958
-2.646,2.87
-2.84,2.736
-3.037,2.938
2.976,2.768
2.813,2.791
-0.186,0.841
-0.194,2.054
-1.833,-0.724
1.642,-0.739
0.3,0.108
0.276,-0.199
2.733,1.648
1.513,2.109
1.183,1.418
0.496,1.961
-0.197,0.478
-0.491,-0.173
-2.145,1.312
-2.47,2.061
-2.517,1.242
-2.464,-0.508
-2.769,1.295
2.307,1.942
1.496,2.474
1.093,-1.839
-2.472,2.852
-0.816,2.876
-0.598,2.179
-0.185,-0.221
-0.298,-1.609
-0.312,-1.456
-0.257,-0.979
-0.391,-0.189
-0.437,2.187
-0.535,-0.006
-0.629,-1.135
-0.757,0.155
-0.873,0.966
-1.129,-0.973
-1.105,-0.856
-1.29,0.824
-1.147,2.213
-1.328,-1.383
-1.35,0.056
-1.327,0.736
-1.329,0.008
-1.373,-0.145
-1.441,1.057
-1.53,-0.68
-1.692,0.853
-1.699,0.834
-1.843,-0.167
-1.819,0.858
-2.134,2.152
-1.986,1.152
-2.168,0.809
-2.059,1.722
-2.181,0.886
-2.277,2.097
-2.288,0.28
-2.295,-1.071
-2.201,1.749
-2.364,-0.288
-2.438,-1.508
-2.315,0.782
-2.333,0.049
-2.322,1.144
-2.377,2.047
-2.395,2.266
-2.401,-0.06
-2.438,-1.593
-2.597,2.054
-2.633,0.485
-2.638,0.7
-2.731,0.382
-2.739,0.931
-2.638,1.857
-2.638,0.41
-2.83,0.373
-2.705,0.756
-2.832,-1.057
-2.883,-0.085
-2.9,-0.359
-2.896,-1.678
-3.047,1.634
-3.071,-0.571
-3.0,-1.519
-3.116,-0.703
-3.09,0.988
3.049,0.689
3.068,2.137
3.017,1.019
2.893,-1.52
2.989,-0.453
2.839,-1.529
2.793,1.623
2.76,-1.539
2.74,0.613
2.857,-0.902
2.808,1.481
2.588,2.027
2.535,1.186
2.399,-0.29
2.24,0.13
2.314,0.365
2.217,1.052
2.194,0.126
1.873,-0.045
1.854,1.696
1.962,-0.793
1.914,1.611
1.684,-0.781
1.764,2.245
1.341,0.47
1.31,-0.881
1.309,0.251
1.411,-0.785
1.396,-0.517
1.203,0.337
1.235,-1.201
1.084,2.187
1.168,0.134
1.061,0.004
1.028,0.034
0.934,2.116
0.9,1.544
1.004,-0.057
0.973,0.652
0.949,0.627
0.779,0.279
0.876,-0.573
0.735,-1.821
0.744,-1.796
0.188,-2.011
-0.113,-1.72
-0.24,-1.968
-0.758,-2.091
-0.933,-2.064
-1.535,-2.172
-1.834,-1.686
-2.055,-2.03
-2.065,-2.087
-2.193,-1.996
-2.246,-2.044
-2.257,-2.174
-2.544,-2.049
-2.632,-1.861
-3.071,-1.767
2.637,-2.174
1.935,-1.869
1.662,-2.196
1.115,-1.874
1.036,-1.999
0.823,2.389
-0.071,2.503
-1.338,2.375
-1.628,2.613
-2.579,2.525
-2.773,2.391
-2.97,2.593
3.043,2.423
2.88,2.446
-0.119,0.496
-0.127,1.709
-1.766,-1.069
1.709,-1.084
0.367,-0.237
0.343,-0.544
2.8,1.303
1.58,1.764
1.25,1.073
0.563,1.616
-0.13,0.133
-0.424,-0.518
-2.078,0.967
-2.403,1.716
-2.45,0.897
-2.397,-0.853
-2.702,0.95
2.374,1.597
1.563,2.129
1.16,-2.184
-2.405,2.507
-0.749,2.531
-0.531,1.834
-0.113,-1.388
-0.127,-1.235
-0.072,-0.758
-0.206,0.032
-0.252,2.408
-0.35,0.215
-0.444,-0.914
-0.572,0.376
-0.688,1.187
-0.944,-0.752
-0.92,-0.635
-1.105,1.045
-0.962,2.434
-1.143,-1.162
-1.165,0.277
-1.142,0.957
-1.144,0.229
-1.188,0.076
-1.256,1.278
-1.345,-0.459
-1.507,1.074
-1.514,1.055
-1.658,0.054
-1.634,1.079
-1.949,2.373
-1.801,1.373
-1.983,1.03
-1.874,1.943
-1.996,1.107
-2.092,2.318
-2.103,0.501
-2.11,-0.85
-2.016,1.97
-2.179,-0.067
-2.253,-1.287
-2.13,1.003
-2.148,0.27
-2.137,1.365
-2.192,2.268
-2.21,2.487
-2.216,0.161
-2.253,-1.372
-2.412,2.275
-2.448,0.706
-2.453,0.921
-2.546,0.603
-2.554,1.152
-2.453,2.078
-2.453,0.631
-2.645,0.594
-2.52,0.977
-2.647,-0.836
-2.698,0.136
-2.715,-0.138
-2.711,-1.457
-2.862,1.855
-2.886,-0.35
-2.815,-1.298
-2.931,-0.482
-2.905,1.209
-3.049,0.91
-3.03,2.358
-3.081,1.24
3.078,-1.299
-3.109,-0.232
3.024,-1.308
2.978,1.844
2.945,-1.318
2.925,0.834
3.042,-0.681
2.993,1.702
2.773,2.248
2.72,1.407
2.584,-0.069
2.425,0.351
2.499,0.586
2.402,1.273
2.379,0.347
2.058,0.176
2.039,1.917
2.147,-0.572
2.099,1.832
1.869,-0.56
1.949,2.466
1.526,0.691
1.495,-0.66
1.494,0.472
1.596,-0.564
1.581,-0.296
1.388,0.558
1.42,-0.98
1.269,2.408
1.353,0.355
1.246,0.225
1.213,0.255
1.119,2.337
1.085,1.765
1.189,0.164
1.158,0.873
1.134,0.848
0.964,0.5
1.061,-0.352
0.92,-1.6
0.929,-1.575
0.373,-1.79
0.072,-1.499
-0.055,-1.747
-0.573,-1.87
-0.748,-1.843
-1.35,-1.951
-1.649,-1.465
-1.87,-1.809
-1.88,-1.866
-2.008,-1.775
-2.061,-1.823
-2.072,-1.953
-2.359,-1.828
-2.447,-1.64
-2.886,-1.546
2.822,-1.953
2.12,-1.648
1.847,-1.975
1.3,-1.653
1.221,-1.778
1.008,2.61
0.114,2.724
-1.153,2.596
-1.443,2.834
-2.394,2.746
-2.588,2.612
-2.785,2.814
-3.055,2.644
3.065,2.667
0.066,0.717
0.058,1.93
-1.581,-0.848
1.894,-0.863
0.552,-0.016
0.528,-0.323
2.985,1.524
1.765,1.985
1.435,1.294
0.748,1.837
0.055,0.354
-0.239,-0.297
-1.893,1.188
-2.218,1.937
-2.265,1.118
-2.212,-0.632
-2.517,1.171
2.559,1.818
1.748,2.35
1.345,-1.963
-2.22,2.728
-0.564,2.752
-0.346,2.055
-0.014,0.153
0.041,0.63
-0.093,1.42
-0.139,3.796
-0.237,1.603
-0.331,0.474
-0.459,1.764
-0.575,2.575
-0.831,0.636
-0.807,0.753
-0.992,2.433
-0.849,3.822
-1.03,0.226
-1.052,1.665
-1.029,2.345
-1.031,1.617
-1.075,1.464
-1.143,2.666
-1.232,0.929
-1.394,2.462
-1.401,2.443
-1.545,1.442
-1.521,2.467
-1.836,3.761
-1.688,2.761
-1.87,2.418
-1.761,3.331
-1.883,2.495
-1.979,3.706
-1.99,1.889
-1.997,0.538
-1.903,3.358
-2.066,1.321
-2.14,0.101
-2.017,2.391
-2.035,1.658
-2.024,2.753
-2.079,3.656
-2.097,3.875
-2.103,1.549
-2.14,0.016
-2.299,3.663
-2.335,2.094
-2.34,2.309
-2.433,1.991
-2.441,2.54
-2.34,3.466
-2.34,2.019
-2.532,1.982
-2.407,2.365
-2.534,0.552
-2.585,1.524
-2.602,1.25
-2.598,-0.069
-2.749,3.243
-2.773,1.038
-2.702,0.09
-2.818,0.906
-2.792,2.597
-2.936,2.298
-2.917,3.746
-2.968,2.628
-3.092,0.089
-2.996,1.156
3.137,0.08
3.091,3.232
3.058,0.07
3.038,2.222
-3.128,0.707
3.106,3.09
2.886,3.636
2.833,2.795
2.697,1.319
2.538,1.739
2.612,1.974
2.515,2.661
2.492,1.735
2.171,1.564
2.152,3.305
2.26,0.816
2.212,3.22
1.982,0.828
2.062,3.854
1.639,2.079
1.608,0.728
1.607,1.86
1.709,0.824
1.694,1.092
1.501,1.946
1.533,0.408
1.382,3.796
1.466,1.743
1.359,1.613
1.326,1.643
1.232,3.725
1.198,3.153
1.302,1.552
1.271,2.261
1.247,2.236
1.077,1.888
1.174,1.036
1.033,-0.212
1.042,-0.187
0.486,-0.402
0.185,-0.111
0.058,-0.359
-0.46,-0.482
-0.635,-0.455
-1.237,-0.563
-1.536,-0.077
-1.757,-0.421
-1.767,-0.478
-1.895,-0.387
-1.948,-0.435
-1.959,-0.565
-2.246,-0.44
-2.334,-0.252
-2.773,-0.158
2.935,-0.565
2.233,-0.26
1.96,-0.587
1.413,-0.265
1.334,-0.39
1.121,3.998
0.227,4.112
-1.04,3.984
-1.33,4.222
-2.281,4.134
-2.475,4.0
-2.672,4.202
-2.942,4.032
-3.105,4.055
0.179,2.105
0.171,3.318
-1.468,0.54
2.007,0.525
0.665,1.372
0.641,1.065
3.098,2.912
1.878,3.373
1.548,2.682
0.861,3.225
0.168,1.742
-0.126,1.091
-1.78,2.576
-2.105,3.325
-2.152,2.506
-2.099,0.756
-2.404,2.559
2.672,3.206
1.861,3.738
1.458,-0.575
-2.107,4.116
-0.451,4.14
-0.233,3.443
0.055,0.477
-0.079,1.267
-0.125,3.643
-0.223,1.45
-0.317,0.321
-0.445,1.611
-0.561,2.422
-0.817,0.483
-0.793,0.6
-0.978,2.28
-0.835,3.669
-1.016,0.073
-1.038,1.512
-1.015,2.192
-1.017,1.464
-1.061,1.311
-1.129,2.513
-1.218,0.776
-1.38,2.309
-1.387,2.29
-1.531,1.289
-1.507,2.314
-1.822,3.608
-1.674,2.608
-1.856,2.265
-1.747,3.178
-1.869,2.342
-1.965,3.553
-1.976,1.736
-1.983,0.385
-1.889,3.205
-2.052,1.168
-2.126,-0.052
-2.003,2.238
-2.021,1.505
-2.01,2.6
-2.065,3.503
-2.083,3.722
-2.089,1.396
-2.126,-0.137
-2.285,3.51
-2.321,1.941
-2.326,2.156
-2.419,1.838
-2.427,2.387
-2.326,3.313
-2.326,1.866
-2.518,1.829
-2.393,2.212
-2.52,0.399
-2.571,1.371
-2.588,1.097
-2.584,-0.222
-2.735,3.09
-2.759,0.885
-2.688,-0.063
-2.804,0.753
-2.778,2.444
-2.922,2.145
-2.903,3.593
-2.954,2.475
-3.078,-0.064
-2.982,1.003
-3.132,-0.073
3.105,3.079
3.072,-0.083
3.052,2.069
-3.114,0.554
3.12,2.937
2.9,3.483
2.847,2.642
2.711,1.166
2.552,1.586
2.626,1.821
2.529,2.508
2.506,1.582
2.185,1.411
2.166,3.152
2.274,0.663
2.226,3.067
1.996,0.675
2.076,3.701
1.653,1.926
1.622,0.575
1.621,1.707
1.723,0.671
1.708,0.939
1.515,1.793
1.547,0.255
1.396,3.643
1.48,1.59
1.373,1.46
1.34,1.49
1.246,3.572
1.212,3.0
1.316,1.399
1.285,2.108
1.261,2.083
1.091,1.735
1.188,0.883
1.047,-0.365
1.056,-0.34
0.5,-0.555
0.199,-0.264
0.072,-0.512
-0.446,-0.635
-0.621,-0.608
-1.223,-0.716
-1.522,-0.23
-1.743,-0.574
-1.753,-0.631
-1.881,-0.54
-1.934,-0.588
-1.945,-0.718
-2.232,-0.593
-2.32,-0.405
-2.759,-0.311
2.949,-0.718
2.247,-0.413
1.974,-0.74
1.427,-0.418
1.348,-0.543
1.135,3.845
0.241,3.959
-1.026,3.831
-1.316,4.069
-2.267,3.981
-2.461,3.847
-2.658,4.049
-2.928,3.879
-3.091,3.902
0.193,1.952
0.185,3.165
-1.454,0.387
2.021,0.372
0.679,1.219
0.655,0.912
3.112,2.759
1.892,3.22
1.562,2.529
0.875,3.072
0.182,1.589
-0.112,0.938
-1.766,2.423
-2.091,3.172
-2.138,2.353
-2.085,0.603
-2.39,2.406
2.686,3.053
1.875,3.585
1.472,-0.728
-2.093,3.963
-0.437,3.987
-0.219,3.29
-0.134,0.79
-0.18,3.166
-0.278,0.973
-0.372,-0.156
-0.5,1.134
-0.616,1.945
-0.872,0.006
-0.848,0.123
-1.033,1.803
-0.89,3.192
-1.071,-0.404
-1.093,1.035
-1.07,1.715
-1.072,0.987
-1.116,0.834
-1.184,2.036
-1.273,0.299
-1.435,1.832
-1.442,1.813
-1.586,0.812
-1.562,1.837
-1.877,3.131
-1.729,2.131
-1.911,1.788
-1.802,2.701
-1.924,1.865
-2.02,3.076
-2.031,1.259
-2.038,-0.092
-1.944,2.728
-2.107,0.691
-2.181,-0.529
-2.058,1.761
-2.076,1.028
-2.065,2.123
-2.12,3.026
-2.138,3.245
-2.144,0.919
-2.181,-0.614
-2.34,3.033
-2.376,1.464
-2.381,1.679
-2.474,1.361
-2.482,1.91
-2.381,2.836
-2.381,1.389
-2.573,1.352
-2.448,1.735
-2.575,-0.078
-2.626,0.894
-2.643,0.62
-2.639,-0.699
-2.79,2.613
-2.814,0.408
-2.743,-0.54
-2.859,0.276
-2.833,1.967
-2.977,1.668
-2.958,3.116
-3.009,1.998
-3.133,-0.541
-3.037,0.526
3.096,-0.55
3.05,2.602
3.017,-0.56
2.997,1.592
3.114,0.077
3.065,2.46
2.845,3.006
2.792,2.165
2.656,0.689
2.497,1.109
2.571,1.344
2.474,2.031
2.451,1.105
2.13,0.934
2.111,2.675
2.219,0.186
2.171,2.59
1.941,0.198
2.021,3.224
1.598,1.449
1.567,0.098
1.566,1.23
1.668,0.194
1.653,0.462
1.46,1.316
1.492,-0.222
1.341,3.166
1.425,1.113
1.318,0.983
1.285,1.013
1.191,3.095
1.157,2.523
1.261,0.922
1.23,1.631
1.206,1.606
1.036,1.258
1.133,0.406
0.992,-0.842
1.001,-0.817
0.445,-1.032
0.144,-0.741
0.017,-0.989
-0.501,-1.112
-0.676,-1.085
-1.278,-1.193
-1.577,-0.707
-1.798,-1.051
-1.808,-1.108
-1.936,-1.017
-1.989,-1.065
-2.0,-1.195
-2.287,-1.07
-2.375,-0.882
-2.814,-0.788
2.894,-1.195
2.192,-0.89
1.919,-1.217
1.372,-0.895
1.293,-1.02
1.08,3.368
0.186,3.482
-1.081,3.354
-1.371,3.592
-2.322,3.504
-2.516,3.37
-2.713,3.572
-2.983,3.402
3.137,3.425
0.138,1.475
0.13,2.688
-1.509,-0.09
1.966,-0.105
0.624,0.742
0.6,0.435
3.057,2.282
1.837,2.743
1.507,2.052
0.82,2.595
0.127,1.112
-0.167,0.461
-1.821,1.946
-2.146,2.695
-2.193,1.876
-2.14,0.126
-2.445,1.929
2.631,2.576
1.82,3.108
1.417,-1.205
-2.148,3.486
-0.492,3.51
-0.274,2.813
-0.046,2.376
-0.144,0.183
-0.238,-0.946
-0.366,0.344
-0.482,1.155
-0.738,-0.784
-0.714,-0.667
-0.899,1.013
-0.756,2.402
-0.937,-1.194
-0.959,0.245
-0.936,0.925
-0.938,0.197
-0.982,0.044
-1.05,1.246
-1.139,-0.491
-1.301,1.042
-1.308,1.023
-1.452,0.022
-1.428,1.047
-1.743,2.341
-1.595,1.341
-1.777,0.998
-1.668,1.911
-1.79,1.075
-1.886,2.286
-1.897,0.469
-1.904,-0.882
-1.81,1.938
-1.973,-0.099
-2.047,-1.319
-1.924,0.971
-1.942,0.238
-1.931,1.333
-1.986,2.236
-2.004,2.455
-2.01,0.129
-2.047,-1.404
-2.206,2.243
-2.242,0.674
-2.247,0.889
-2.34,0.571
-2.348,1.12
-2.247,2.046
-2.247,0.599
-2.439,0.562
-2.314,0.945
-2.441,-0.868
-2.492,0.104
-2.509,-0.17
-2.505,-1.489
-2.656,1.823
-2.68,-0.382
-2.609,-1.33
-2.725,-0.514
-2.699,1.177
-2.843,0.878
-2.824,2.326
-2.875,1.208
-2.999,-1.331
-2.903,-0.264
-3.053,-1.34
-3.099,1.812
-3.132,-1.35
3.131,0.802
-3.035,-0.713
-3.084,1.67
2.979,2.216
2.926,1.375
2.79,-0.101
2.631,0.319
2.705,0.554
2.608,1.241
2.585,0.315
2.264,0.144
2.245,1.885
2.353,-0.604
2.305,1.8
2.075,-0.592
2.155,2.434
1.732,0.659
1.701,-0.692
1.7,0.44
1.802,-0.596
1.787,-0.328
1.594,0.526
1.626,-1.012
1.475,2.376
1.559,0.323
1.452,0.193
1.419,0.223
1.325,2.305
1.291,1.733
1.395,0.132
1.364,0.841
1.34,0.816
1.17,0.468
1.267,-0.384
1.126,-1.632
1.135,-1.607
0.579,-1.822
0.278,-1.531
0.151,-1.779
-0.367,-1.902
-0.542,-1.875
-1.144,-1.983
-1.443,-1.497
-1.664,-1.841
-1.674,-1.898
-1.802,-1.807
-1.855,-1.855
-1.866,-1.985
-2.153,-1.86
-2.241,-1.672
-2.68,-1.578
3.028,-1.985
2.326,-1.68
2.053,-2.007
1.506,-1.685
1.427,-1.81
1.214,2.578
0.32,2.692
-0.947,2.564
-1.237,2.802
-2.188,2.714
-2.382,2.58
-2.579,2.782
-2.849,2.612
-3.012,2.635
0.272,0.685
0.264,1.898
-1.375,-0.88
2.1,-0.895
0.758,-0.048
0.734,-0.355
-3.092,1.492
1.971,1.953
1.641,1.262
0.954,1.805
0.261,0.322
-0.033,-0.329
-1.687,1.156
-2.012,1.905
-2.059,1.086
-2.006,-0.664
-2.311,1.139
2.765,1.786
1.954,2.318
1.551,-1.995
-2.014,2.696
-0.358,2.72
-0.14,2.023
-0.098,-2.193
-0.192,-3.322
-0.32,-2.032
-0.436,-1.221
-0.692,-3.16
-0.668,-3.043
-0.853,-1.363
-0.71,0.026
-0.891,-3.57
-0.913,-2.131
-0.89,-1.451
-0.892,-2.179
-0.936,-2.332
-1.004,-1.13
-1.093,-2.867
-1.255,-1.334
-1.262,-1.353
-1.406,-2.354
-1.382,-1.329
-1.697,-0.035
-1.549,-1.035
-1.731,-1.378
-1.622,-0.465
-1.744,-1.301
-1.84,-0.09
-1.851,-1.907
-1.858,-3.258
-1.764,-0.438
-1.927,-2.475
-2.001,-3.695
-1.878,-1.405
-1.896,-2.138
-1.885,-1.043
-1.94,-0.14
-1.958,0.079
-1.964,-2.247
-2.001,-3.78
-2.16,-0.133
-2.196,-1.702
-2.201,-1.487
-2.294,-1.805
-2.302,-1.256
-2.201,-0.33
-2.201,-1.777
-2.393,-1.814
-2.268,-1.431
-2.395,-3.244
-2.446,-2.272
-2.463,-2.546
-2.459,-3.865
-2.61,-0.553
-2.634,-2.758
-2.563,-3.706
-2.679,-2.89
-2.653,-1.199
-2.797,-1.498
-2.778,-0.05
-2.829,-1.168
-2.953,-3.707
-2.857,-2.64
-3.007,-3.716
-3.053,-0.564
-3.086,-3.726
-3.106,-1.574
-2.989,-3.089
-3.038,-0.706
3.025,-0.16
2.972,-1.001
2.836,-2.477
2.677,-2.057
2.751,-1.822
2.654,-1.135
2.631,-2.061
2.31,-2.232
2.291,-0.491
2.399,-2.98
2.351,-0.576
2.121,-2.968
2.201,0.058
1.778,-1.717
1.747,-3.068
1.746,-1.936
1.848,-2.972
1.833,-2.704
1.64,-1.85
1.672,-3.388
1.521,0.0
1.605,-2.053
1.498,-2.183
1.465,-2.153
1.371,-0.071
1.337,-0.643
1.441,-2.244
1.41,-1.535
1.386,-1.56
1.216,-1.908
1.313,-2.76
1.172,-4.008
1.181,-3.983
0.625,-4.198
0.324,-3.907
0.197,-4.155
-0.321,-4.278
-0.496,-4.251
-1.098,-4.359
-1.397,-3.873
-1.618,-4.217
-1.628,-4.274
-1.756,-4.183
-1.809,-4.231
-1.82,-4.361
-2.107,-4.236
-2.195,-4.048
-2.634,-3.954
3.074,-4.361
2.372,-4.056
2.099,-4.383
1.552,-4.061
1.473,-4.186
1.26,0.202
0.366,0.316
-0.901,0.188
-1.191,0.426
-2.142,0.338
-2.336,0.204
-2.533,0.406
-2.803,0.236
-2.966,0.259
0.318,-1.691
0.31,-0.478
-1.329,-3.256
2.146,-3.271
0.804,-2.424
0.78,-2.731
-3.046,-0.884
2.017,-0.423
1.687,-1.114
1.0,-0.571
0.307,-2.054
0.013,-2.705
-1.641,-1.22
-1.966,-0.471
-2.013,-1.29
-1.96,-3.04
-2.265,-1.237
2.811,-0.59
2.0,-0.058
1.597,-4.371
-1.968,0.32
-0.312,0.344
-0.094,-0.353
-0.094,-1.129
-0.222,0.161
-0.338,0.972
-0.594,-0.967
-0.57,-0.85
-0.755,0.83
-0.612,2.219
-0.793,-1.377
-0.815,0.062
-0.792,0.742
-0.794,0.014
-0.838,-0.139
-0.906,1.063
-0.995,-0.674
-1.157,0.859
-1.164,0.84
-1.308,-0.161
-1.284,0.864
-1.599,2.158
-1.451,1.158
-1.633,0.815
-1.524,1.728
-1.646,0.892
-1.742,2.103
-1.753,0.286
-1.76,-1.065
-1.666,1.755
-1.829,-0.282
-1.903,-1.502
-1.78,0.788
-1.798,0.055
-1.787,1.15
-1.842,2.053
-1.86,2.272
-1.866,-0.054
-1.903,-1.587
-2.062,2.06
-2.098,0.491
-2.103,0.706
-2.196,0.388
-2.204,0.937
-2.103,1.863
-2.103,0.416
-2.295,0.379
-2.17,0.762
-2.297,-1.051
-2.348,-0.079
-2.365,-0.353
-2.361,-1.672
-2.512,1.64
-2.536,-0.565
-2.465,-1.513
-2.581,-0.697
-2.555,0.994
-2.699,0.695
-2.68,2.143
-2.731,1.025
-2.855,-1.514
-2.759,-0.447
-2.909,-1.523
-2.955,1.629
-2.988,-1.533
-3.008,0.619
-2.891,-0.896
-2.94,1.487
3.123,2.033
3.07,1.192
2.934,-0.284
2.775,0.136
2.849,0.371
2.752,1.058
2.729,0.132
2.408,-0.039
2.389,1.702
2.497,-0.787
2.449,1.617
2.219,-0.775
2.299,2.251
1.876,0.476
1.845,-0.875
1.844,0.257
1.946,-0.779
1.931,-0.511
1.738,0.343
1.77,-1.195
1.619,2.193
1.703,0.14
1.596,0.01
1.563,0.04
1.469,2.122
1.435,1.55
1.539,-0.051
1.508,0.658
1.484,0.633
1.314,0.285
1.411,-0.567
1.27,-1.815
1.279,-1.79
0.723,-2.005
0.422,-1.714
0.295,-1.962
-0.223,-2.085
-0.398,-2.058
-1.0,-2.166
-1.299,-1.68
-1.52,-2.024
-1.53,-2.081
-1.658,-1.99
-1.711,-2.038
-1.722,-2.168
-2.009,-2.043
-2.097,-1.855
-2.536,-1.761
-3.111,-2.168
2.47,-1.863
2.197,-2.19
1.65,-1.868
1.571,-1.993
1.358,2.395
0.464,2.509
-0.803,2.381
-1.093,2.619
-2.044,2.531
-2.238,2.397
-2.435,2.599
-2.705,2.429
-2.868,2.452
0.416,0.502
0.408,1.715
-1.231,-1.063
2.244,-1.078
0.902,-0.231
0.878,-0.538
-2.948,1.309
2.115,1.77
1.785,1.079
1.098,1.622
0.405,0.139
0.111,-0.512
-1.543,0.973
-1.868,1.722
-1.915,0.903
-1.862,-0.847
-2.167,0.956
2.909,1.603
2.098,2.135
1.695,-2.178
-1.87,2.513
-0.214,2.537
0.004,1.84
-0.128,1.29
-0.244,2.101
-0.5,0.162
-0.476,0.279
-0.661,1.959
-0.518,3.348
-0.699,-0.248
-0.721,1.191
-0.698,1.871
-0.7,1.143
-0.744,0.99
-0.812,2.192
-0.901,0.455
-1.063,1.988
-1.07,1.969
-1.214,0.968
-1.19,1.993
-1.505,3.287
-1.357,2.287
-1.539,1.944
-1.43,2.857
-1.552,2.021
-1.648,3.232
-1.659,1.415
-1.666,0.064
-1.572,2.884
-1.735,0.847
-1.809,-0.373
-1.686,1.917
-1.704,1.184
-1.693,2.279
-1.748,3.182
-1.766,3.401
-1.772,1.075
-1.809,-0.458
-1.968,3.189
-2.004,1.62
-2.009,1.835
-2.102,1.517
-2.11,2.066
-2.009,2.992
-2.009,1.545
-2.201,1.508
-2.076,1.891
-2.203,0.078
-2.254,1.05
-2.271,0.776
-2.267,-0.543
-2.418,2.769
-2.442,0.564
-2.371,-0.384
-2.487,0.432
-2.461,2.123
-2.605,1.824
-2.586,3.272
-2.637,2.154
-2.761,-0.385
-2.665,0.682
-2.815,-0.394
-2.861,2.758
-2.894,-0.404
-2.914,1.748
-2.797,0.233
-2.846,2.616
-3.066,3.162
-3.119,2.321
3.028,0.845
2.869,1.265
2.943,1.5
2.846,2.187
2.823,1.261
2.502,1.09
2.483,2.831
2.591,0.342
2.543,2.746
2.313,0.354
2.393,3.38
1.97,1.605
1.939,0.254
1.938,1.386
2.04,0.35
2.025,0.618
1.832,1.472
1.864,-0.066
1.713,3.322
1.797,1.269
1.69,1.139
1.657,1.169
1.563,3.251
1.529,2.679
1.633,1.078
1.602,1.787
1.578,1.762
1.408,1.414
1.505,0.562
1.364,-0.686
1.373,-0.661
0.817,-0.876
0.516,-0.585
0.389,-0.833
-0.129,-0.956
-0.304,-0.929
-0.906,-1.037
-1.205,-0.551
-1.426,-0.895
-1.436,-0.952
-1.564,-0.861
-1.617,-0.909
-1.628,-1.039
-1.915,-0.914
-2.003,-0.726
-2.442,-0.632
-3.017,-1.039
2.564,-0.734
2.291,-1.061
1.744,-0.739
1.665,-0.864
1.452,3.524
0.558,3.638
-0.709,3.51
-0.999,3.748
-1.95,3.66
-2.144,3.526
-2.341,3.728
-2.611,3.558
-2.774,3.581
0.51,1.631
0.502,2.844
-1.137,0.066
2.338,0.051
0.996,0.898
0.972,0.591
-2.854,2.438
2.209,2.899
1.879,2.208
1.192,2.751
0.499,1.268
0.205,0.617
-1.449,2.102
-1.774,2.851
-1.821,2.032
-1.768,0.282
-2.073,2.085
3.003,2.732
2.192,3.264
1.789,-1.049
-1.776,3.642
-0.12,3.666
0.098,2.969
-0.116,0.811
-0.372,-1.128
-0.348,-1.011
-0.533,0.669
-0.39,2.058
-0.571,-1.538
-0.593,-0.099
-0.57,0.581
-0.572,-0.147
-0.616,-0.3
-0.684,0.902
-0.773,-0.835
-0.935,0.698
-0.942,0.679
-1.086,-0.322
-1.062,0.703
-1.377,1.997
-1.229,0.997
-1.411,0.654
-1.302,1.567
-1.424,0.731
-1.52,1.942
-1.531,0.125
-1.538,-1.226
-1.444,1.594
-1.607,-0.443
-1.681,-1.663
-1.558,0.627
-1.576,-0.106
-1.565,0.989
-1.62,1.892
-1.638,2.111
-1.644,-0.215
-1.681,-1.748
-1.84,1.899
-1.876,0.33
-1.881,0.545
-1.974,0.227
-1.982,0.776
-1.881,1.702
-1.881,0.255
-2.073,0.218
-1.948,0.601
-2.075,-1.212
-2.126,-0.24
-2.143,-0.514
-2.139,-1.833
-2.29,1.479
-2.314,-0.726
-2.243,-1.674
-2.359,-0.858
-2.333,0.833
-2.477,0.534
-2.458,1.982
-2.509,0.864
-2.633,-1.675
-2.537,-0.608
-2.687,-1.684
-2.733,1.468
-2.766,-1.694
-2.786,0.458
-2.669,-1.057
-2.718,1.326
-2.938,1.872
-2.991,1.031
-3.127,-0.445
2.997,-0.025
3.071,0.21
2.974,0.897
2.951,-0.029
2.63,-0.2
2.611,1.541
2.719,-0.948
2.671,1.456
2.441,-0.936
2.521,2.09
2.098,0.315
2.067,-1.036
2.066,0.096
2.168,-0.94
2.153,-0.672
1.96,0.182
1.992,-1.356
1.841,2.032
1.925,-0.021
1.818,-0.151
1.785,-0.121
1.691,1.961
1.657,1.389
1.761,-0.212
1.73,0.497
1.706,0.472
1.536,0.124
1.633,-0.728
1.492,-1.976
1.501,-1.951
0.945,-2.166
0.644,-1.875
0.517,-2.123
-0.001,-2.246
-0.176,-2.219
-0.778,-2.327
-1.077,-1.841
-1.298,-2.185
-1.308,-2.242
-1.436,-2.151
-1.489,-2.199
-1.5,-2.329
-1.787,-2.204
-1.875,-2.016
-2.314,-1.922
-2.889,-2.329
2.692,-2.024
2.419,-2.351
1.872,-2.029
1.793,-2.154
1.58,2.234
0.686,2.348
-0.581,2.22
-0.871,2.458
-1.822,2.37
-2.016,2.236
-2.213,2.438
-2.483,2.268
-2.646,2.291
0.638,0.341
0.63,1.554
-1.009,-1.224
2.466,-1.239
1.124,-0.392
1.1,-0.699
-2.726,1.148
2.337,1.609
2.007,0.918
1.32,1.461
0.627,-0.022
0.333,-0.673
-1.321,0.812
-1.646,1.561
-1.693,0.742
-1.64,-1.008
-1.945,0.795
3.131,1.442
2.32,1.974
1.917,-2.339
-1.648,2.352
0.008,2.376
0.226,1.679
-0.256,-1.939
-0.232,-1.822
-0.417,-0.142
-0.274,1.247
-0.455,-2.349
-0.477,-0.91
-0.454,-0.23
-0.456,-0.958
-0.5,-1.111
-0.568,0.091
-0.657,-1.646
-0.819,-0.113
-0.826,-0.132
-0.97,-1.133
-0.946,-0.108
-1.261,1.186
-1.113,0.186
-1.295,-0.157
-1.186,0.756
-1.308,-0.08
-1.404,1.131
-1.415,-0.686
-1.422,-2.037
-1.328,0.783
-1.491,-1.254
-1.565,-2.474
-1.442,-0.184
-1.46,-0.917
-1.449,0.178
-1.504,1.081
-1.522,1.3
-1.528,-1.026
-1.565,-2.559
-1.724,1.088
-1.76,-0.481
-1.765,-0.266
-1.858,-0.584
-1.866,-0.035
-1.765,0.891
-1.765,-0.556
-1.957,-0.593
-1.832,-0.21
-1.959,-2.023
-2.01,-1.051
-2.027,-1.325
-2.023,-2.644
-2.174,0.668
-2.198,-1.537
-2.127,-2.485
-2.243,-1.669
-2.217,0.022
-2.361,-0.277
-2.342,1.171
-2.393,0.053
-2.517,-2.486
-2.421,-1.419
-2.571,-2.495
-2.617,0.657
-2.65,-2.505
-2.67,-0.353
-2.553,-1.868
-2.602,0.515
-2.822,1.061
-2.875,0.22
-3.011,-1.256
3.113,-0.836
-3.096,-0.601
3.09,0.086
3.067,-0.84
2.746,-1.011
2.727,0.73
2.835,-1.759
2.787,0.645
2.557,-1.747
2.637,1.279
2.214,-0.496
2.183,-1.847
2.182,-0.715
2.284,-1.751
2.269,-1.483
2.076,-0.629
2.108,-2.167
1.957,1.221
2.041,-0.832
1.934,-0.962
1.901,-0.932
1.807,1.15
1.773,0.578
1.877,-1.023
1.846,-0.314
1.822,-0.339
1.652,-0.687
1.749,-1.539
1.608,-2.787
1.617,-2.762
1.061,-2.977
0.76,-2.686
0.633,-2.934
0.115,-3.057
-0.06,-3.03
-0.662,-3.138
-0.961,-2.652
-1.182,-2.996
-1.192,-3.053
-1.32,-2.962
-1.373,-3.01
-1.384,-3.14
-1.671,-3.015
-1.759,-2.827
-2.198,-2.733
-2.773,-3.14
2.808,-2.835
2.535,-3.162
1.988,-2.84
1.909,-2.965
1.696,1.423
0.802,1.537
-0.465,1.409
-0.755,1.647
-1.706,1.559
-1.9,1.425
-2.097,1.627
-2.367,1.457
-2.53,1.48
0.754,-0.47
0.746,0.743
-0.893,-2.035
2.582,-2.05
1.24,-1.203
1.216,-1.51
-2.61,0.337
2.453,0.798
2.123,0.107
1.436,0.65
0.743,-0.833
0.449,-1.484
-1.205,0.001
-1.53,0.75
-1.577,-0.069
-1.524,-1.819
-1.829,-0.016
-3.036,0.631
2.436,1.163
2.033,-3.15
-1.532,1.541
0.124,1.565
0.342,0.868
0.024,0.117
-0.161,1.797
-0.018,3.186
-0.199,-0.41
-0.221,1.029
-0.198,1.709
-0.2,0.981
-0.244,0.828
-0.312,2.03
-0.401,0.293
-0.563,1.826
-0.57,1.807
-0.714,0.806
-0.69,1.831
-1.005,3.125
-0.857,2.125
-1.039,1.782
-0.93,2.695
-1.052,1.859
-1.148,3.07
-1.159,1.253
-1.166,-0.098
-1.072,2.722
-1.235,0.685
-1.309,-0.535
-1.186,1.755
-1.204,1.022
-1.193,2.117
-1.248,3.02
-1.266,3.239
-1.272,0.913
-1.309,-0.62
-1.468,3.027
-1.504,1.458
-1.509,1.673
-1.602,1.355
-1.61,1.904
-1.509,2.83
-1.509,1.383
-1.701,1.346
-1.576,1.729
-1.703,-0.084
-1.754,0.888
-1.771,0.614
-1.767,-0.705
-1.918,2.607
-1.942,0.402
-1.871,-0.546
-1.987,0.27
-1.961,1.961
-2.105,1.662
-2.086,3.11
-2.137,1.992
-2.261,-0.547
-2.165,0.52
-2.315,-0.556
-2.361,2.596
-2.394,-0.566
-2.414,1.586
-2.297,0.071
-2.346,2.454
-2.566,3.0
-2.619,2.159
-2.755,0.683
-2.914,1.103
-2.84,1.338
-2.937,2.025
-2.96,1.099
3.002,0.928
2.983,2.669
3.091,0.18
3.043,2.584
2.813,0.192
2.893,3.218
2.47,1.443
2.439,0.092
2.438,1.224
2.54,0.188
2.525,0.456
2.332,1.31
2.364,-0.228
2.213,3.16
2.297,1.107
2.19,0.977
2.157,1.007
2.063,3.089
2.029,2.517
2.133,0.916
2.102,1.625
2.078,1.6
1.908,1.252
2.005,0.4
1.864,-0.848
1.873,-0.823
1.317,-1.038
1.016,-0.747
0.889,-0.995
0.371,-1.118
0.196,-1.091
-0.406,-1.199
-0.705,-0.713
-0.926,-1.057
-0.936,-1.114
-1.064,-1.023
-1.117,-1.071
-1.128,-1.201
-1.415,-1.076
-1.503,-0.888
-1.942,-0.794
-2.517,-1.201
3.064,-0.896
2.791,-1.223
2.244,-0.901
2.165,-1.026
1.952,3.362
1.058,3.476
-0.209,3.348
-0.499,3.586
-1.45,3.498
-1.644,3.364
-1.841,3.566
-2.111,3.396
-2.274,3.419
1.01,1.469
1.002,2.682
-0.637,-0.096
2.838,-0.111
1.496,0.736
1.472,0.429
-2.354,2.276
2.709,2.737
2.379,2.046
1.692,2.589
0.999,1.106
0.705,0.455
-0.949,1.94
-1.274,2.689
-1.321,1.87
-1.268,0.12
-1.573,1.923
-2.78,2.57
2.692,3.102
2.289,-1.211
-1.276,3.48
0.38,3.504
0.598,2.807
-0.185,1.68
-0.042,3.069
-0.223,-0.527
-0.245,0.912
-0.222,1.592
-0.224,0.864
-0.268,0.711
-0.336,1.913
-0.425,0.176
-0.587,1.709
-0.594,1.69
-0.738,0.689
-0.714,1.714
-1.029,3.008
-0.881,2.008
-1.063,1.665
-0.954,2.578
-1.076,1.742
-1.172,2.953
-1.183,1.136
-1.19,-0.215
-1.096,2.605
-1.259,0.568
-1.333,-0.652
-1.21,1.638
-1.228,0.905
-1.217,2.0
-1.272,2.903
-1.29,3.122
-1.296,0.796
-1.333,-0.737
-1.492,2.91
-1.528,1.341
-1.533,1.556
-1.626,1.238
-1.634,1.787
-1.533,2.713
-1.533,1.266
-1.725,1.229
-1.6,1.612
-1.727,-0.201
-1.778,0.771
-1.795,0.497
-1.791,-0.822
-1.942,2.49
-1.966,0.285
-1.895,-0.663
-2.011,0.153
-1.985,1.844
-2.129,1.545
-2.11,2.993
-2.161,1.875
-2.285,-0.664
-2.189,0.403
-2.339,-0.673
-2.385,2.479
-2.418,-0.683
-2.438,1.469
-2.321,-0.046
-2.37,2.337
-2.59,2.883
-2.643,2.042
-2.779,0.566
-2.938,0.986
-2.864,1.221
-2.961,1.908
-2.984,0.982
2.978,0.811
2.959,2.552
3.067,0.063
3.019,2.467
2.789,0.075
2.869,3.101
2.446,1.326
2.415,-0.025
2.414,1.107
2.516,0.071
2.501,0.339
2.308,1.193
2.34,-0.345
2.189,3.043
2.273,0.99
2.166,0.86
2.133,0.89
2.039,2.972
2.005,2.4
2.109,0.799
2.078,1.508
2.054,1.483
1.884,1.135
1.981,0.283
1.84,-0.965
1.849,-0.94
1.293,-1.155
0.992,-0.864
0.865,-1.112
0.347,-1.235
0.172,-1.208
-0.43,-1.316
-0.729,-0.83
-0.95,-1.174
-0.96,-1.231
-1.088,-1.14
-1.141,-1.188
-1.152,-1.318
-1.439,-1.193
-1.527,-1.005
-1.966,-0.911
-2.541,-1.318
3.04,-1.013
2.767,-1.34
2.22,-1.018
2.141,-1.143
1.928,3.245
1.034,3.359
-0.233,3.231
-0.523,3.469
-1.474,3.381
-1.668,3.247
-1.865,3.449
-2.135,3.279
-2.298,3.302
0.986,1.352
0.978,2.565
-0.661,-0.213
2.814,-0.228
1.472,0.619
1.448,0.312
-2.378,2.159
2.685,2.62
2.355,1.929
1.668,2.472
0.975,0.989
0.681,0.338
-0.973,1.823
-1.298,2.572
-1.345,1.753
-1.292,0.003
-1.597,1.806
-2.804,2.453
2.668,2.985
2.265,-1.328
-1.3,3.363
0.356,3.387
0.574,2.69
0.143,1.389
-0.038,-2.207
-0.06,-0.768
-0.037,-0.088
-0.039,-0.816
-0.083,-0.969
-0.151,0.233
-0.24,-1.504
-0.402,0.029
-0.409,0.01
-0.553,-0.991
-0.529,0.034
-0.844,1.328
-0.696,0.328
-0.878,-0.015
-0.769,0.898
-0.891,0.062
-0.987,1.273
-0.998,-0.544
-1.005,-1.895
-0.911,0.925
-1.074,-1.112
-1.148,-2.332
-1.025,-0.042
-1.043,-0.775
-1.032,0.32
-1.087,1.223
-1.105,1.442
-1.111,-0.884
-1.148,-2.417
-1.307,1.23
-1.343,-0.339
-1.348,-0.124
-1.441,-0.442
-1.449,0.107
-1.348,1.033
-1.348,-0.414
-1.54,-0.451
-1.415,-0.068
-1.542,-1.881
-1.593,-0.909
-1.61,-1.183
-1.606,-2.502
-1.757,0.81
-1.781,-1.395
-1.71,-2.343
-1.826,-1.527
-1.8,0.164
-1.944,-0.135
-1.925,1.313
-1.976,0.195
-2.1,-2.344
-2.004,-1.277
-2.154,-2.353
-2.2,0.799
-2.233,-2.363
-2.253,-0.211
-2.136,-1.726
-2.185,0.657
-2.405,1.203
-2.458,0.362
-2.594,-1.114
-2.753,-0.694
-2.679,-0.459
-2.776,0.228
-2.799,-0.698
-3.12,-0.869
-3.139,0.872
-3.031,-1.617
-3.079,0.787
2.974,-1.605
3.054,1.421
2.631,-0.354
2.6,-1.705
2.599,-0.573
2.701,-1.609
2.686,-1.341
2.493,-0.487
2.525,-2.025
2.374,1.363
2.458,-0.69
2.351,-0.82
2.318,-0.79
2.224,1.292
2.19,0.72
2.294,-0.881
2.263,-0.172
2.239,-0.197
2.069,-0.545
2.166,-1.397
2.025,-2.645
2.034,-2.62
1.478,-2.835
1.177,-2.544
1.05,-2.792
0.532,-2.915
0.357,-2.888
-0.245,-2.996
-0.544,-2.51
-0.765,-2.854
-0.775,-2.911
-0.903,-2.82
-0.956,-2.868
-0.967,-2.998
-1.254,-2.873
-1.342,-2.685
-1.781,-2.591
-2.356,-2.998
-3.058,-2.693
2.952,-3.02
2.405,-2.698
2.326,-2.823
2.113,1.565
1.219,1.679
-0.048,1.551
-0.338,1.789
-1.289,1.701
-1.483,1.567
-1.68,1.769
-1.95,1.599
-2.113,1.622
1.171,-0.328
1.163,0.885
-0.476,-1.893
2.999,-1.908
1.657,-1.061
1.633,-1.368
-2.193,0.479
2.87,0.94
2.54,0.249
1.853,0.792
1.16,-0.691
0.866,-1.342
-0.788,0.143
-1.113,0.892
-1.16,0.073
-1.107,-1.677
-1.412,0.126
-2.619,0.773
2.853,1.305
2.45,-3.008
-1.115,1.683
0.541,1.707
0.759,1.01
-0.181,-3.596
-0.203,-2.157
-0.18,-1.477
-0.182,-2.205
-0.226,-2.358
-0.294,-1.156
-0.383,-2.893
-0.545,-1.36
-0.552,-1.379
-0.696,-2.38
-0.672,-1.355
-0.987,-0.061
-0.839,-1.061
-1.021,-1.404
-0.912,-0.491
-1.034,-1.327
-1.13,-0.116
-1.141,-1.933
-1.148,-3.284
-1.054,-0.464
-1.217,-2.501
-1.291,-3.721
-1.168,-1.431
-1.186,-2.164
-1.175,-1.069
-1.23,-0.166
-1.248,0.053
-1.254,-2.273
-1.291,-3.806
-1.45,-0.159
-1.486,-1.728
-1.491,-1.513
-1.584,-1.831
-1.592,-1.282
-1.491,-0.356
-1.491,-1.803
-1.683,-1.84
-1.558,-1.457
-1.685,-3.27
-1.736,-2.298
-1.753,-2.572
-1.749,-3.891
-1.9,-0.579
-1.924,-2.784
-1.853,-3.732
-1.969,-2.916
-1.943,-1.225
-2.087,-1.524
-2.068,-0.076
-2.119,-1.194
-2.243,-3.733
-2.147,-2.666
-2.297,-3.742
-2.343,-0.59
-2.376,-3.752
-2.396,-1.6
-2.279,-3.115
-2.328,-0.732
-2.548,-0.186
-2.601,-1.027
-2.737,-2.503
-2.896,-2.083
-2.822,-1.848
-2.919,-1.161
-2.942,-2.087
3.02,-2.258
3.001,-0.517
3.109,-3.006
3.061,-0.602
2.831,-2.994
2.911,0.032
2.488,-1.743
2.457,-3.094
2.456,-1.962
2.558,-2.998
2.543,-2.73
2.35,-1.876
2.382,-3.414
2.231,-0.026
2.315,-2.079
2.208,-2.209
2.175,-2.179
2.081,-0.097
2.047,-0.669
2.151,-2.27
2.12,-1.561
2.096,-1.586
1.926,-1.934
2.023,-2.786
1.882,-4.034
1.891,-4.009
1.335,-4.224
1.034,-3.933
0.907,-4.181
0.389,-4.304
0.214,-4.277
-0.388,-4.385
-0.687,-3.899
-0.908,-4.243
-0.918,-4.3
-1.046,-4.209
-1.099,-4.257
-1.11,-4.387
-1.397,-4.262
-1.485,-4.074
-1.924,-3.98
-2.499,-4.387
3.082,-4.082
2.809,-4.409
2.262,-4.087
2.183,-4.212
1.97,0.176
1.076,0.29
-0.191,0.162
-0.481,0.4
-1.432,0.312
-1.626,0.178
-1.823,0.38
-2.093,0.21
-2.256,0.233
1.028,-1.717
1.02,-0.504
-0.619,-3.282
2.856,-3.297
1.514,-2.45
1.49,-2.757
-2.336,-0.91
2.727,-0.449
2.397,-1.14
1.71,-0.597
1.017,-2.08
0.723,-2.731
-0.931,-1.246
-1.256,-0.497
-1.303,-1.316
-1.25,-3.066
-1.555,-1.263
-2.762,-0.616
2.71,-0.084
2.307,-4.397
-1.258,0.294
0.398,0.318
0.616,-0.379
-0.022,1.439
0.001,2.119
-0.001,1.391
-0.045,1.238
-0.113,2.44
-0.202,0.703
-0.364,2.236
-0.371,2.217
-0.515,1.216
-0.491,2.241
-0.806,3.535
-0.658,2.535
-0.84,2.192
-0.731,3.105
-0.853,2.269
-0.949,3.48
-0.96,1.663
-0.967,0.312
-0.873,3.132
-1.036,1.095
-1.11,-0.125
-0.987,2.165
-1.005,1.432
-0.994,2.527
-1.049,3.43
-1.067,3.649
-1.073,1.323
-1.11,-0.21
-1.269,3.437
-1.305,1.868
-1.31,2.083
-1.403,1.765
-1.411,2.314
-1.31,3.24
-1.31,1.793
-1.502,1.756
-1.377,2.139
-1.504,0.326
-1.555,1.298
-1.572,1.024
-1.568,-0.295
-1.719,3.017
-1.743,0.812
-1.672,-0.136
-1.788,0.68
-1.762,2.371
-1.906,2.072
-1.887,3.52
-1.938,2.402
-2.062,-0.137
-1.966,0.93
-2.116,-0.146
-2.162,3.006
-2.195,-0.156
-2.215,1.996
-2.098,0.481
-2.147,2.864
-2.367,3.41
-2.42,2.569
-2.556,1.093
-2.715,1.513
-2.641,1.748
-2.738,2.435
-2.761,1.509
-3.082,1.338
-3.101,3.079
-2.993,0.59
-3.041,2.994
3.012,0.602
3.092,3.628
2.669,1.853
2.638,0.502
2.637,1.634
2.739,0.598
2.724,0.866
2.531,1.72
2.563,0.182
2.412,3.57
2.496,1.517
2.389,1.387
2.356,1.417
2.262,3.499
2.228,2.927
2.332,1.326
2.301,2.035
2.277,2.01
2.107,1.662
2.204,0.81
2.063,-0.438
2.072,-0.413
1.516,-0.628
1.215,-0.337
1.088,-0.585
0.57,-0.708
0.395,-0.681
-0.207,-0.789
-0.506,-0.303
-0.727,-0.647
-0.737,-0.704
-0.865,-0.613
-0.918,-0.661
-0.929,-0.791
-1.216,-0.666
-1.304,-0.478
-1.743,-0.384
-2.318,-0.791
-3.02,-0.486
2.99,-0.813
2.443,-0.491
2.364,-0.616
2.151,3.772
1.257,3.886
-0.01,3.758
-0.3,3.996
-1.251,3.908
-1.445,3.774
-1.642,3.976
-1.912,3.806
-2.075,3.829
1.209,1.879
1.201,3.092
-0.438,0.314
3.037,0.299
1.695,1.146
1.671,0.839
-2.155,2.686
2.908,3.147
2.578,2.456
1.891,2.999
1.198,1.516
0.904,0.865
-0.75,2.35
-1.075,3.099
-1.122,2.28
-1.069,0.53
-1.374,2.333
-2.581,2.98
2.891,3.512
2.488,-0.801
-1.077,3.89
0.579,3.914
0.797,3.217
0.023,0.68
0.021,-0.048
-0.023,-0.201
-0.091,1.001
-0.18,-0.736
-0.342,0.797
-0.349,0.778
-0.493,-0.223
-0.469,0.802
-0.784,2.096
-0.636,1.096
-0.818,0.753
-0.709,1.666
-0.831,0.83
-0.927,2.041
-0.938,0.224
-0.945,-1.127
-0.851,1.693
-1.014,-0.344
-1.088,-1.564
-0.965,0.726
-0.983,-0.007
-0.972,1.088
-1.027,1.991
-1.045,2.21
-1.051,-0.116
-1.088,-1.649
-1.247,1.998
-1.283,0.429
-1.288,0.644
-1.381,0.326
-1.389,0.875
-1.288,1.801
-1.288,0.354
-1.48,0.317
-1.355,0.7
-1.482,-1.113
-1.533,-0.141
-1.55,-0.415
-1.546,-1.734
-1.697,1.578
-1.721,-0.627
-1.65,-1.575
-1.766,-0.759
-1.74,0.932
-1.884,0.633
-1.865,2.081
-1.916,0.963
-2.04,-1.576
-1.944,-0.509
-2.094,-1.585
-2.14,1.567
-2.173,-1.595
-2.193,0.557
-2.076,-0.958
-2.125,1.425
-2.345,1.971
-2.398,1.13
-2.534,-0.346
-2.693,0.074
-2.619,0.309
-2.716,0.996
-2.739,0.07
-3.06,-0.101
-3.079,1.64
-2.971,-0.849
-3.019,1.555
3.034,-0.837
3.114,2.189
2.691,0.414
2.66,-0.937
2.659,0.195
2.761,-0.841
2.746,-0.573
2.553,0.281
2.585,-1.257
2.434,2.131
2.518,0.078
2.411,-0.052
2.378,-0.022
2.284,2.06
2.25,1.488
2.354,-0.113
2.323,0.596
2.299,0.571
2.129,0.223
2.226,-0.629
2.085,-1.877
2.094,-1.852
1.538,-2.067
1.237,-1.776
1.11,-2.024
0.592,-2.147
0.417,-2.12
-0.185,-2.228
-0.484,-1.742
-0.705,-2.086
-0.715,-2.143
-0.843,-2.052
-0.896,-2.1
-0.907,-2.23
-1.194,-2.105
-1.282,-1.917
-1.721,-1.823
-2.296,-2.23
-2.998,-1.925
3.012,-2.252
2.465,-1.93
2.386,-2.055
2.173,2.333
1.279,2.447
0.012,2.319
-0.278,2.557
-1.229,2.469
-1.423,2.335
-1.62,2.537
-1.89,2.367
-2.053,2.39
1.231,0.44
1.223,1.653
-0.416,-1.125
3.059,-1.14
1.717,-0.293
1.693,-0.6
-2.133,1.247
2.93,1.708
2.6,1.017
1.913,1.56
1.22,0.077
0.926,-0.574
-0.728,0.911
-1.053,1.66
-1.1,0.841
-1.047,-0.909
-1.352,0.894
-2.559,1.541
2.913,2.073
2.51,-2.24
-1.055,2.451
0.601,2.475
0.819,1.778
-0.002,-0.728
-0.046,-0.881
-0.114,0.321
-0.203,-1.416
-0.365,0.117
-0.372,0.098
-0.516,-0.903
-0.492,0.122
-0.807,1.416
-0.659,0.416
-0.841,0.073
-0.732,0.986
-0.854,0.15
-0.95,1.361
-0.961,-0.456
-0.968,-1.807
-0.874,1.013
-1.037,-1.024
-1.111,-2.244
-0.988,0.046
-1.006,-0.687
-0.995,0.408
-1.05,1.311
-1.068,1.53
-1.074,-0.796
-1.111,-2.329
-1.27,1.318
-1.306,-0.251
-1.311,-0.036
-1.404,-0.354
-1.412,0.195
-1.311,1.121
-1.311,-0.326
-1.503,-0.363
-1.378,0.02
-1.505,-1.793
-1.556,-0.821
-1.573,-1.095
-1.569,-2.414
-1.72,0.898
-1.744,-1.307
-1.673,-2.255
-1.789,-1.439
-1.763,0.252
-1.907,-0.047
-1.888,1.401
-1.939,0.283
-2.063,-2.256
-1.967,-1.189
-2.117,-2.265
-2.163,0.887
-2.196,-2.275
-2.216,-0.123
-2.099,-1.638
-2.148,0.745
-2.368,1.291
-2.421,0.45
-2.557,-1.026
-2.716,-0.606
-2.642,-0.371
-2.739,0.316
-2.762,-0.61
-3.083,-0.781
-3.102,0.96
-2.994,-1.529
-3.042,0.875
3.011,-1.517
3.091,1.509
2.668,-0.266
2.637,-1.617
2.636,-0.485
2.738,-1.521
2.723,-1.253
2.53,-0.399
2.562,-1.937
2.411,1.451
2.495,-0.602
2.388,-0.732
2.355,-0.702
2.261,1.38
2.227,0.808
2.331,-0.793
2.3,-0.084
2.276,-0.109
2.106,-0.457
2.203,-1.309
2.062,-2.557
2.071,-2.532
1.515,-2.747
1.214,-2.456
1.087,-2.704
0.569,-2.827
0.394,-2.8
-0.208,-2.908
-0.507,-2.422
-0.728,-2.766
-0.738,-2.823
-0.866,-2.732
-0.919,-2.78
-0.93,-2.91
-1.217,-2.785
-1.305,-2.597
-1.744,-2.503
-2.319,-2.91
-3.021,-2.605
2.989,-2.932
2.442,-2.61
2.363,-2.735
2.15,1.653
1.256,1.767
-0.011,1.639
-0.301,1.877
-1.252,1.789
-1.446,1.655
-1.643,1.857
-1.913,1.687
-2.076,1.71
1.208,-0.24
1.2,0.973
-0.439,-1.805
3.036,-1.82
1.694,-0.973
1.67,-1.28
-2.156,0.567
2.907,1.028
2.577,0.337
1.89,0.88
1.197,-0.603
0.903,-1.254
-0.751,0.231
-1.076,0.98
-1.123,0.161
-1.07,-1.589
-1.375,0.214
-2.582,0.861
2.89,1.393
2.487,-2.92
-1.078,1.771
0.578,1.795
0.796,1.098
-0.044,-0.153
-0.112,1.049
-0.201,-0.688
-0.363,0.845
-0.37,0.826
-0.514,-0.175
-0.49,0.85
-0.805,2.144
-0.657,1.144
-0.839,0.801
-0.73,1.714
-0.852,0.878
-0.948,2.089
-0.959,0.272
-0.966,-1.079
-0.872,1.741
-1.035,-0.296
-1.109,-1.516
-0.986,0.774
-1.004,0.041
-0.993,1.136
-1.048,2.039
-1.066,2.258
-1.072,-0.068
-1.109,-1.601
-1.268,2.046
-1.304,0.477
-1.309,0.692
-1.402,0.374
-1.41,0.923
-1.309,1.849
-1.309,0.402
-1.501,0.365
-1.376,0.748
-1.503,-1.065
-1.554,-0.093
-1.571,-0.367
-1.567,-1.686
-1.718,1.626
-1.742,-0.579
-1.671,-1.527
-1.787,-0.711
-1.761,0.98
-1.905,0.681
-1.886,2.129
-1.937,1.011
-2.061,-1.528
-1.965,-0.461
-2.115,-1.537
-2.161,1.615
-2.194,-1.547
-2.214,0.605
-2.097,-0.91
-2.146,1.473
-2.366,2.019
-2.419,1.178
-2.555,-0.298
-2.714,0.122
-2.64,0.357
-2.737,1.044
-2.76,0.118
-3.081,-0.053
-3.1,1.688
-2.992,-0.801
-3.04,1.603
3.013,-0.789
3.093,2.237
2.67,0.462
2.639,-0.889
2.638,0.243
2.74,-0.793
2.725,-0.525
2.532,0.329
2.564,-1.209
2.413,2.179
2.497,0.126
2.39,-0.004
2.357,0.026
2.263,2.108
2.229,1.536
2.333,-0.065
2.302,0.644
2.278,0.619
2.108,0.271
2.205,-0.581
2.064,-1.829
2.073,-1.804
1.517,-2.019
1.216,-1.728
1.089,-1.976
0.571,-2.099
0.396,-2.072
-0.206,-2.18
-0.505,-1.694
-0.726,-2.038
-0.736,-2.095
-0.864,-2.004
-0.917,-2.052
-0.928,-2.182
-1.215,-2.057
-1.303,-1.869
-1.742,-1.775
-2.317,-2.182
-3.019,-1.877
2.991,-2.204
2.444,-1.882
2.365,-2.007
2.152,2.381
1.258,2.495
-0.009,2.367
-0.299,2.605
-1.25,2.517
-1.444,2.383
-1.641,2.585
-1.911,2.415
-2.074,2.438
1.21,0.488
1.202,1.701
-0.437,-1.077
3.038,-1.092
1.696,-0.245
1.672,-0.552
-2.154,1.295
2.909,1.756
2.579,1.065
1.892,1.608
1.199,0.125
0.905,-0.526
-0.749,0.959
-1.074,1.708
-1.121,0.889
-1.068,-0.861
-1.373,0.942
-2.58,1.589
2.892,2.121
2.489,-2.192
-1.076,2.499
0.58,2.523
0.798,1.826
-0.068,1.202
-0.157,-0.535
-0.319,0.998
-0.326,0.979
-0.47,-0.022
-0.446,1.003
-0.761,2.297
-0.613,1.297
-0.795,0.954
-0.686,1.867
-0.808,1.031
-0.904,2.242
-0.915,0.425
-0.922,-0.926
-0.828,1.894
-0.991,-0.143
-1.065,-1.363
-0.942,0.927
-0.96,0.194
-0.949,1.289
-1.004,2.192
-1.022,2.411
-1.028,0.085
-1.065,-1.448
-1.224,2.199
-1.26,0.63
-1.265,0.845
-1.358,0.527
-1.366,1.076
-1.265,2.002
-1.265,0.555
-1.457,0.518
-1.332,0.901
-1.459,-0.912
-1.51,0.06
-1.527,-0.214
-1.523,-1.533
-1.674,1.779
-1.698,-0.426
-1.627,-1.374
-1.743,-0.558
-1.717,1.133
-1.861,0.834
-1.842,2.282
-1.893,1.164
-2.017,-1.375
-1.921,-0.308
-2.071,-1.384
-2.117,1.768
-2.15,-1.394
-2.17,0.758
-2.053,-0.757
-2.102,1.626
-2.322,2.172
-2.375,1.331
-2.511,-0.145
-2.67,0.275
-2.596,0.51
-2.693,1.197
-2.716,0.271
-3.037,0.1
-3.056,1.841
-2.948,-0.648
-2.996,1.756
3.057,-0.636
3.137,2.39
2.714,0.615
2.683,-0.736
2.682,0.396
2.784,-0.64
2.769,-0.372
2.576,0.482
2.608,-1.056
2.457,2.332
2.541,0.279
2.434,0.149
2.401,0.179
2.307,2.261
2.273,1.689
2.377,0.088
2.346,0.797
2.322,0.772
2.152,0.424
2.249,-0.428
2.108,-1.676
2.117,-1.651
1.561,-1.866
1.26,-1.575
1.133,-1.823
0.615,-1.946
0.44,-1.919
-0.162,-2.027
-0.461,-1.541
-0.682,-1.885
-0.692,-1.942
-0.82,-1.851
-0.873,-1.899
-0.884,-2.029
-1.171,-1.904
-1.259,-1.716
-1.698,-1.622
-2.273,-2.029
-2.975,-1.724
3.035,-2.051
2.488,-1.729
2.409,-1.854
2.196,2.534
1.302,2.648
0.035,2.52
-0.255,2.758
-1.206,2.67
-1.4,2.536
-1.597,2.738
-1.867,2.568
-2.03,2.591
1.254,0.641
1.246,1.854
-0.393,-0.924
3.082,-0.939
1.74,-0.092
1.716,-0.399
-2.11,1.448
2.953,1.909
2.623,1.218
1.936,1.761
1.243,0.278
0.949,-0.373
-0.705,1.112
-1.03,1.861
-1.077,1.042
-1.024,-0.708
-1.329,1.095
-2.536,1.742
2.936,2.274
2.533,-2.039
-1.032,2.652
0.624,2.676
0.842,1.979
-0.089,-1.737
-0.251,-0.204
-0.258,-0.223
-0.402,-1.224
-0.378,-0.199
-0.693,1.095
-0.545,0.095
-0.727,-0.248
-0.618,0.665
-0.74,-0.171
-0.836,1.04
-0.847,-0.777
-0.854,-2.128
-0.76,0.692
-0.923,-1.345
-0.997,-2.565
-0.874,-0.275
-0.892,-1.008
-0.881,0.087
-0.936,0.99
-0.954,1.209
-0.96,-1.117
-0.997,-2.65
-1.156,0.997
-1.192,-0.572
-1.197,-0.357
-1.29,-0.675
-1.298,-0.126
-1.197,0.8
-1.197,-0.647
-1.389,-0.684
-1.264,-0.301
-1.391,-2.114
-1.442,-1.142
-1.459,-1.416
-1.455,-2.735
-1.606,0.577
-1.63,-1.628
-1.559,-2.576
-1.675,-1.76
-1.649,-0.069
-1.793,-0.368
-1.774,1.08
-1.825,-0.038
-1.949,-2.577
-1.853,-1.51
-2.003,-2.586
-2.049,0.566
-2.082,-2.596
-2.102,-0.444
-1.985,-1.959
-2.034,0.424
-2.254,0.97
-2.307,0.129
-2.443,-1.347
-2.602,-0.927
-2.528,-0.692
-2.625,-0.005
-2.648,-0.931
-2.969,-1.102
-2.988,0.639
-2.88,-1.85
-2.928,0.554
3.125,-1.838
-3.078,1.188
2.782,-0.587
2.751,-1.938
2.75,-0.806
2.852,-1.842
2.837,-1.574
2.644,-0.72
2.676,-2.258
2.525,1.13
2.609,-0.923
2.502,-1.053
2.469,-1.023
2.375,1.059
2.341,0.487
2.445,-1.114
2.414,-0.405
2.39,-0.43
2.22,-0.778
2.317,-1.63
2.176,-2.878
2.185,-2.853
1.629,-3.068
1.328,-2.777
1.201,-3.025
0.683,-3.148
0.508,-3.121
-0.094,-3.229
-0.393,-2.743
-0.614,-3.087
-0.624,-3.144
-0.752,-3.053
-0.805,-3.101
-0.816,-3.231
-1.103,-3.106
-1.191,-2.918
-1.63,-2.824
-2.205,-3.231
-2.907,-2.926
3.103,-3.253
2.556,-2.931
2.477,-3.056
2.264,1.332
1.37,1.446
0.103,1.318
-0.187,1.556
-1.138,1.468
-1.332,1.334
-1.529,1.536
-1.799,1.366
-1.962,1.389
1.322,-0.561
1.314,0.652
-0.325,-2.126
-3.133,-2.141
1.808,-1.294
1.784,-1.601
-2.042,0.246
3.021,0.707
2.691,0.016
2.004,0.559
1.311,-0.924
1.017,-1.575
-0.637,-0.09
-0.962,0.659
-1.009,-0.16
-0.956,-1.91
-1.261,-0.107
-2.468,0.54
3.004,1.072
2.601,-3.241
-0.964,1.45
0.692,1.474
0.91,0.777
-0.162,1.533
-0.169,1.514
-0.313,0.513
-0.289,1.538
-0.604,2.832
-0.456,1.832
-0.638,1.489
-0.529,2.402
-0.651,1.566
-0.747,2.777
-0.758,0.96
-0.765,-0.391
-0.671,2.429
-0.834,0.392
-0.908,-0.828
-0.785,1.462
-0.803,0.729
-0.792,1.824
-0.847,2.727
-0.865,2.946
-0.871,0.62
-0.908,-0.913
-1.067,2.734
-1.103,1.165
-1.108,1.38
-1.201,1.062
-1.209,1.611
-1.108,2.537
-1.108,1.09
-1.3,1.053
-1.175,1.436
-1.302,-0.377
-1.353,0.595
-1.37,0.321
-1.366,-0.998
-1.517,2.314
-1.541,0.109
-1.47,-0.839
-1.586,-0.023
-1.56,1.668
-1.704,1.369
-1.685,2.817
-1.736,1.699
-1.86,-0.84
-1.764,0.227
-1.914,-0.849
-1.96,2.303
-1.993,-0.859
-2.013,1.293
-1.896,-0.222
-1.945,2.161
-2.165,2.707
-2.218,1.866
-2.354,0.39
-2.513,0.81
-2.439,1.045
-2.536,1.732
-2.559,0.806
-2.88,0.635
-2.899,2.376
-2.791,-0.113
-2.839,2.291
-3.069,-0.101
-2.989,2.925
2.871,1.15
2.84,-0.201
2.839,0.931
2.941,-0.105
2.926,0.163
2.733,1.017
2.765,-0.521
2.614,2.867
2.698,0.814
2.591,0.684
2.558,0.714
2.464,2.796
2.43,2.224
2.534,0.623
2.503,1.332
2.479,1.307
2.309,0.959
2.406,0.107
2.265,-1.141
2.274,-1.116
1.718,-1.331
1.417,-1.04
1.29,-1.288
0.772,-1.411
0.597,-1.384
-0.005,-1.492
-0.304,-1.006
-0.525,-1.35
-0.535,-1.407
-0.663,-1.316
-0.716,-1.364
-0.727,-1.494
-1.014,-1.369
-1.102,-1.181
-1.541,-1.087
-2.116,-1.494
-2.818,-1.189
-3.091,-1.516
2.645,-1.194
2.566,-1.319
2.353,3.069
1.459,3.183
0.192,3.055
-0.098,3.293
-1.049,3.205
-1.243,3.071
-1.44,3.273
-1.71,3.103
-1.873,3.126
1.411,1.176
1.403,2.389
-0.236,-0.389
-3.044,-0.404
1.897,0.443
1.873,0.136
-1.953,1.983
3.11,2.444
2.78,1.753
2.093,2.296
1.4,0.813
1.106,0.162
-0.548,1.647
-0.873,2.396
-0.92,1.577
-0.867,-0.173
-1.172,1.63
-2.379,2.277
3.093,2.809
2.69,-1.504
-0.875,3.187
0.781,3.211
0.999,2.514
-0.007,-0.019
-0.151,-1.02
-0.127,0.005
-0.442,1.299
-0.294,0.299
-0.476,-0.044
-0.367,0.869
-0.489,0.033
-0.585,1.244
-0.596,-0.573
-0.603,-1.924
-0.509,0.896
-0.672,-1.141
-0.746,-2.361
-0.623,-0.071
-0.641,-0.804
-0.63,0.291
-0.685,1.194
-0.703,1.413
-0.709,-0.913
-0.746,-2.446
-0.905,1.201
-0.941,-0.368
-0.946,-0.153
-1.039,-0.471
-1.047,0.078
-0.946,1.004
-0.946,-0.443
-1.138,-0.48
-1.013,-0.097
-1.14,-1.91
-1.191,-0.938
-1.208,-1.212
-1.204,-2.531
-1.355,0.781
-1.379,-1.424
-1.308,-2.372
-1.424,-1.556
-1.398,0.135
-1.542,-0.164
-1.523,1.284
-1.574,0.166
-1.698,-2.373
-1.602,-1.306
-1.752,-2.382
-1.798,0.77
-1.831,-2.392
-1.851,-0.24
-1.734,-1.755
-1.783,0.628
-2.003,1.174
-2.056,0.333
-2.192,-1.143
-2.351,-0.723
-2.277,-0.488
-2.374,0.199
-2.397,-0.727
-2.718,-0.898
-2.737,0.843
-2.629,-1.646
-2.677,0.758
-2.907,-1.634
-2.827,1.392
3.033,-0.383
3.002,-1.734
3.001,-0.602
3.103,-1.638
3.088,-1.37
2.895,-0.516
2.927,-2.054
2.776,1.334
2.86,-0.719
2.753,-0.849
2.72,-0.819
2.626,1.263
2.592,0.691
2.696,-0.91
2.665,-0.201
2.641,-0.226
2.471,-0.574
2.568,-1.426
2.427,-2.674
2.436,-2.649
1.88,-2.864
1.579,-2.573
1.452,-2.821
0.934,-2.944
0.759,-2.917
0.157,-3.025
-0.142,-2.539
-0.363,-2.883
-0.373,-2.94
-0.501,-2.849
-0.554,-2.897
-0.565,-3.027
-0.852,-2.902
-0.94,-2.714
-1.379,-2.62
-1.954,-3.027
-2.656,-2.722
-2.929,-3.049
2.807,-2.727
2.728,-2.852
2.515,1.536
1.621,1.65
0.354,1.522
0.064,1.76
-0.887,1.672
-1.081,1.538
-1.278,1.74
-1.548,1.57
-1.711,1.593
1.573,-0.357
1.565,0.856
-0.074,-1.922
-2.882,-1.937
2.059,-1.09
2.035,-1.397
-1.791,0.45
-3.011,0.911
2.942,0.22
2.255,0.763
1.562,-0.72
1.268,-1.371
-0.386,0.114
-0.711,0.863
-0.758,0.044
-0.705,-1.706
-1.01,0.097
-2.217,0.744
-3.028,1.276
2.852,-3.037
-0.713,1.654
0.943,1.678
1.161,0.981
-0.144,-1.001
-0.12,0.024
-0.435,1.318
-0.287,0.318
-0.469,-0.025
-0.36,0.888
-0.482,0.052
-0.578,1.263
-0.589,-0.554
-0.596,-1.905
-0.502,0.915
-0.665,-1.122
-0.739,-2.342
-0.616,-0.052
-0.634,-0.785
-0.623,0.31
-0.678,1.213
-0.696,1.432
-0.702,-0.894
-0.739,-2.427
-0.898,1.22
-0.934,-0.349
-0.939,-0.134
-1.032,-0.452
-1.04,0.097
-0.939,1.023
-0.939,-0.424
-1.131,-0.461
-1.006,-0.078
-1.133,-1.891
-1.184,-0.919
-1.201,-1.193
-1.197,-2.512
-1.348,0.8
-1.372,-1.405
-1.301,-2.353
-1.417,-1.537
-1.391,0.154
-1.535,-0.145
-1.516,1.303
-1.567,0.185
-1.691,-2.354
-1.595,-1.287
-1.745,-2.363
-1.791,0.789
-1.824,-2.373
-1.844,-0.221
-1.727,-1.736
-1.776,0.647
-1.996,1.193
-2.049,0.352
-2.185,-1.124
-2.344,-0.704
-2.27,-0.469
-2.367,0.218
-2.39,-0.708
-2.711,-0.879
-2.73,0.862
-2.622,-1.627
-2.67,0.777
-2.9,-1.615
-2.82,1.411
3.04,-0.364
3.009,-1.715
3.008,-0.583
3.11,-1.619
3.095,-1.351
2.902,-0.497
2.934,-2.035
2.783,1.353
2.867,-0.7
2.76,-0.83
2.727,-0.8
2.633,1.282
2.599,0.71
2.703,-0.891
2.672,-0.182
2.648,-0.207
2.478,-0.555
2.575,-1.407
2.434,-2.655
2.443,-2.63
1.887,-2.845
1.586,-2.554
1.459,-2.802
0.941,-2.925
0.766,-2.898
0.164,-3.006
-0.135,-2.52
-0.356,-2.864
-0.366,-2.921
-0.494,-2.83
-0.547,-2.878
-0.558,-3.008
-0.845,-2.883
-0.933,-2.695
-1.372,-2.601
-1.947,-3.008
-2.649,-2.703
-2.922,-3.03
2.814,-2.708
2.735,-2.833
2.522,1.555
1.628,1.669
0.361,1.541
0.071,1.779
-0.88,1.691
-1.074,1.557
-1.271,1.759
-1.541,1.589
-1.704,1.612
1.58,-0.338
1.572,0.875
-0.067,-1.903
-2.875,-1.918
2.066,-1.071
2.042,-1.378
-1.784,0.469
-3.004,0.93
2.949,0.239
2.262,0.782
1.569,-0.701
1.275,-1.352
-0.379,0.133
-0.704,0.882
-0.751,0.063
-0.698,-1.687
-1.003,0.116
-2.21,0.763
-3.021,1.295
2.859,-3.018
-0.706,1.673
0.95,1.697
1.168,1.0
0.024,1.025
-0.291,2.319
-0.143,1.319
-0.325,0.976
-0.216,1.889
-0.338,1.053
-0.434,2.264
-0.445,0.447
-0.452,-0.904
-0.358,1.916
-0.521,-0.121
-0.595,-1.341
-0.472,0.949
-0.49,0.216
-0.479,1.311
-0.534,2.214
-0.552,2.433
-0.558,0.107
-0.595,-1.426
-0.754,2.221
-0.79,0.652
-0.795,0.867
-0.888,0.549
-0.896,1.098
-0.795,2.024
-0.795,0.577
-0.987,0.54
-0.862,0.923
-0.989,-0.89
-1.04,0.082
-1.057,-0.192
-1.053,-1.511
-1.204,1.801
-1.228,-0.404
-1.157,-1.352
-1.273,-0.536
-1.247,1.155
-1.391,0.856
-1.372,2.304
-1.423,1.186
-1.547,-1.353
-1.451,-0.286
-1.601,-1.362
-1.647,1.79
-1.68,-1.372
-1.7,0.78
-1.583,-0.735
-1.632,1.648
-1.852,2.194
-1.905,1.353
-2.041,-0.123
-2.2,0.297
-2.126,0.532
-2.223,1.219
-2.246,0.293
-2.567,0.122
-2.586,1.863
-2.478,-0.626
-2.526,1.778
-2.756,-0.614
-2.676,2.412
-3.099,0.637
-3.13,-0.714
-3.131,0.418
-3.029,-0.618
-3.044,-0.35
3.046,0.504
3.078,-1.034
2.927,2.354
3.011,0.301
2.904,0.171
2.871,0.201
2.777,2.283
2.743,1.711
2.847,0.11
2.816,0.819
2.792,0.794
2.622,0.446
2.719,-0.406
2.578,-1.654
2.587,-1.629
2.031,-1.844
1.73,-1.553
1.603,-1.801
1.085,-1.924
0.91,-1.897
0.308,-2.005
0.009,-1.519
-0.212,-1.863
-0.222,-1.92
-0.35,-1.829
-0.403,-1.877
-0.414,-2.007
-0.701,-1.882
-0.789,-1.694
-1.228,-1.6
-1.803,-2.007
-2.505,-1.702
-2.778,-2.029
2.958,-1.707
2.879,-1.832
2.666,2.556
1.772,2.67
0.505,2.542
0.215,2.78
-0.736,2.692
-0.93,2.558
-1.127,2.76
-1.397,2.59
-1.56,2.613
1.724,0.663
1.716,1.876
0.077,-0.902
-2.731,-0.917
2.21,-0.07
2.186,-0.377
-1.64,1.47
-2.86,1.931
3.093,1.24
2.406,1.783
1.713,0.3
1.419,-0.351
-0.235,1.134
-0.56,1.883
-0.607,1.064
-0.554,-0.686
-0.859,1.117
-2.066,1.764
-2.877,2.296
3.003,-2.017
-0.562,2.674
1.094,2.698
1.312,2.001
-0.315,1.294
-0.167,0.294
-0.349,-0.049
-0.24,0.864
-0.362,0.028
-0.458,1.239
-0.469,-0.578
-0.476,-1.929
-0.382,0.891
-0.545,-1.146
-0.619,-2.366
-0.496,-0.076
-0.514,-0.809
-0.503,0.286
-0.558,1.189
-0.576,1.408
-0.582,-0.918
-0.619,-2.451
-0.778,1.196
-0.814,-0.373
-0.819,-0.158
-0.912,-0.476
-0.92,0.073
-0.819,0.999
-0.819,-0.448
-1.011,-0.485
-0.886,-0.102
-1.013,-1.915
-1.064,-0.943
-1.081,-1.217
-1.077,-2.536
-1.228,0.776
-1.252,-1.429
-1.181,-2.377
-1.297,-1.561
-1.271,0.13
-1.415,-0.169
-1.396,1.279
-1.447,0.161
-1.571,-2.378
-1.475,-1.311
-1.625,-2.387
-1.671,0.765
-1.704,-2.397
-1.724,-0.245
-1.607,-1.76
-1.656,0.623
-1.876,1.169
-1.929,0.328
-2.065,-1.148
-2.224,-0.728
-2.15,-0.493
-2.247,0.194
-2.27,-0.732
-2.591,-0.903
-2.61,0.838
-2.502,-1.651
-2.55,0.753
-2.78,-1.639
-2.7,1.387
-3.123,-0.388
3.129,-1.739
3.128,-0.607
-3.053,-1.643
-3.068,-1.375
3.022,-0.521
3.054,-2.059
2.903,1.329
2.987,-0.724
2.88,-0.854
2.847,-0.824
2.753,1.258
2.719,0.686
2.823,-0.915
2.792,-0.206
2.768,-0.231
2.598,-0.579
2.695,-1.431
2.554,-2.679
2.563,-2.654
2.007,-2.869
1.706,-2.578
1.579,-2.826
1.061,-2.949
0.886,-2.922
0.284,-3.03
-0.015,-2.544
-0.236,-2.888
-0.246,-2.945
-0.374,-2.854
-0.427,-2.902
-0.438,-3.032
-0.725,-2.907
-0.813,-2.719
-1.252,-2.625
-1.827,-3.032
-2.529,-2.727
-2.802,-3.054
2.934,-2.732
2.855,-2.857
2.642,1.531
1.748,1.645
0.481,1.517
0.191,1.755
-0.76,1.667
-0.954,1.533
-1.151,1.735
-1.421,1.565
-1.584,1.588
1.7,-0.362
1.692,0.851
0.053,-1.927
-2.755,-1.942
2.186,-1.095
2.162,-1.402
-1.664,0.445
-2.884,0.906
3.069,0.215
2.382,0.758
1.689,-0.725
1.395,-1.376
-0.259,0.109
-0.584,0.858
-0.631,0.039
-0.578,-1.711
-0.883,0.092
-2.09,0.739
-2.901,1.271
2.979,-3.042
-0.586,1.649
1.07,1.673
1.288,0.976
0.148,-1.0
-0.034,-1.343
0.075,-0.43
-0.047,-1.266
-0.143,-0.055
-0.154,-1.872
-0.161,-3.223
-0.067,-0.403
-0.23,-2.44
-0.304,-3.66
-0.181,-1.37
-0.199,-2.103
-0.188,-1.008
-0.243,-0.105
-0.261,0.114
-0.267,-2.212
-0.304,-3.745
-0.463,-0.098
-0.499,-1.667
-0.504,-1.452
-0.597,-1.77
-0.605,-1.221
-0.504,-0.295
-0.504,-1.742
-0.696,-1.779
-0.571,-1.396
-0.698,-3.209
-0.749,-2.237
-0.766,-2.511
-0.762,-3.83
-0.913,-0.518
-0.937,-2.723
-0.866,-3.671
-0.982,-2.855
-0.956,-1.164
-1.1,-1.463
-1.081,-0.015
-1.132,-1.133
-1.256,-3.672
-1.16,-2.605
-1.31,-3.681
-1.356,-0.529
-1.389,-3.691
-1.409,-1.539
-1.292,-3.054
-1.341,-0.671
-1.561,-0.125
-1.614,-0.966
-1.75,-2.442
-1.909,-2.022
-1.835,-1.787
-1.932,-1.1
-1.955,-2.026
-2.276,-2.197
-2.295,-0.456
-2.187,-2.945
-2.235,-0.541
-2.465,-2.933
-2.385,0.093
-2.808,-1.682
-2.839,-3.033
-2.84,-1.901
-2.738,-2.937
-2.753,-2.669
-2.946,-1.815
-2.914,-3.353
-3.065,0.035
-2.981,-2.018
-3.088,-2.148
-3.121,-2.118
3.068,-0.036
3.034,-0.608
3.138,-2.209
3.107,-1.5
3.083,-1.525
2.913,-1.873
3.01,-2.725
2.869,-3.973
2.878,-3.948
2.322,-4.163
2.021,-3.872
1.894,-4.12
1.376,-4.243
1.201,-4.216
0.599,-4.324
0.3,-3.838
0.079,-4.182
0.069,-4.239
-0.059,-4.148
-0.112,-4.196
-0.123,-4.326
-0.41,-4.201
-0.498,-4.013
-0.937,-3.919
-1.512,-4.326
-2.214,-4.021
-2.487,-4.348
-3.034,-4.026
-3.113,-4.151
2.957,0.237
2.063,0.351
0.796,0.223
0.506,0.461
-0.445,0.373
-0.639,0.239
-0.836,0.441
-1.106,0.271
-1.269,0.294
2.015,-1.656
2.007,-0.443
0.368,-3.221
-2.44,-3.236
2.501,-2.389
2.477,-2.696
-1.349,-0.849
-2.569,-0.388
-2.899,-1.079
2.697,-0.536
2.004,-2.019
1.71,-2.67
0.056,-1.185
-0.269,-0.436
-0.316,-1.255
-0.263,-3.005
-0.568,-1.202
-1.775,-0.555
-2.586,-0.023
-2.989,-4.336
-0.271,0.355
1.385,0.379
1.603,-0.318
-0.182,-0.343
-0.073,0.57
-0.195,-0.266
-0.291,0.945
-0.302,-0.872
-0.309,-2.223
-0.215,0.597
-0.378,-1.44
-0.452,-2.66
-0.329,-0.37
-0.347,-1.103
-0.336,-0.008
-0.391,0.895
-0.409,1.114
-0.415,-1.212
-0.452,-2.745
-0.611,0.902
-0.647,-0.667
-0.652,-0.452
-0.745,-0.77
-0.753,-0.221
-0.652,0.705
-0.652,-0.742
-0.844,-0.779
-0.719,-0.396
-0.846,-2.209
-0.897,-1.237
-0.914,-1.511
-0.91,-2.83
-1.061,0.482
-1.085,-1.723
-1.014,-2.671
-1.13,-1.855
-1.104,-0.164
-1.248,-0.463
-1.229,0.985
-1.28,-0.133
-1.404,-2.672
-1.308,-1.605
-1.458,-2.681
-1.504,0.471
-1.537,-2.691
-1.557,-0.539
-1.44,-2.054
-1.489,0.329
-1.709,0.875
-1.762,0.034
-1.898,-1.442
-2.057,-1.022
-1.983,-0.787
-2.08,-0.1
-2.103,-1.026
-2.424,-1.197
-2.443,0.544
-2.335,-1.945
-2.383,0.459
-2.613,-1.933
-2.533,1.093
-2.956,-0.682
-2.987,-2.033
-2.988,-0.901
-2.886,-1.937
-2.901,-1.669
-3.094,-0.815
-3.062,-2.353
3.07,1.035
-3.129,-1.018
3.047,-1.148
3.014,-1.118
2.92,0.964
2.886,0.392
2.99,-1.209
2.959,-0.5
2.935,-0.525
2.765,-0.873
2.862,-1.725
2.721,-2.973
2.73,-2.948
2.174,-3.163
1.873,-2.872
1.746,-3.12
1.228,-3.243
1.053,-3.216
0.451,-3.324
0.152,-2.838
-0.069,-3.182
-0.079,-3.239
-0.207,-3.148
-0.26,-3.196
-0.271,-3.326
-0.558,-3.201
-0.646,-3.013
-1.085,-2.919
-1.66,-3.326
-2.362,-3.021
-2.635,-3.348
3.101,-3.026
3.022,-3.151
2.809,1.237
1.915,1.351
0.648,1.223
0.358,1.461
-0.593,1.373
-0.787,1.239
-0.984,1.441
-1.254,1.271
-1.417,1.294
1.867,-0.656
1.859,0.557
0.22,-2.221
-2.588,-2.236
2.353,-1.389
2.329,-1.696
-1.497,0.151
-2.717,0.612
-3.047,-0.079
2.549,0.464
1.856,-1.019
1.562,-1.67
-0.092,-0.185
-0.417,0.564
-0.464,-0.255
-0.411,-2.005
-0.716,-0.202
-1.923,0.445
-2.734,0.977
-3.137,-3.336
-0.419,1.355
1.237,1.379
1.455,0.682
0.109,0.913
-0.013,0.077
-0.109,1.288
-0.12,-0.529
-0.127,-1.88
-0.033,0.94
-0.196,-1.097
-0.27,-2.317
-0.147,-0.027
-0.165,-0.76
-0.154,0.335
-0.209,1.238
-0.227,1.457
-0.233,-0.869
-0.27,-2.402
-0.429,1.245
-0.465,-0.324
-0.47,-0.109
-0.563,-0.427
-0.571,0.122
-0.47,1.048
-0.47,-0.399
-0.662,-0.436
-0.537,-0.053
-0.664,-1.866
-0.715,-0.894
-0.732,-1.168
-0.728,-2.487
-0.879,0.825
-0.903,-1.38
-0.832,-2.328
-0.948,-1.512
-0.922,0.179
-1.066,-0.12
-1.047,1.328
-1.098,0.21
-1.222,-2.329
-1.126,-1.262
-1.276,-2.338
-1.322,0.814
-1.355,-2.348
-1.375,-0.196
-1.258,-1.711
-1.307,0.672
-1.527,1.218
-1.58,0.377
-1.716,-1.099
-1.875,-0.679
-1.801,-0.444
-1.898,0.243
-1.921,-0.683
-2.242,-0.854
-2.261,0.887
-2.153,-1.602
-2.201,0.802
-2.431,-1.59
-2.351,1.436
-2.774,-0.339
-2.805,-1.69
-2.806,-0.558
-2.704,-1.594
-2.719,-1.326
-2.912,-0.472
-2.88,-2.01
-3.031,1.378
-2.947,-0.675
-3.054,-0.805
-3.087,-0.775
3.102,1.307
3.068,0.735
-3.111,-0.866
3.141,-0.157
3.117,-0.182
2.947,-0.53
3.044,-1.382
2.903,-2.63
2.912,-2.605
2.356,-2.82
2.055,-2.529
1.928,-2.777
1.41,-2.9
1.235,-2.873
0.633,-2.981
0.334,-2.495
0.113,-2.839
0.103,-2.896
-0.025,-2.805
-0.078,-2.853
-0.089,-2.983
-0.376,-2.858
-0.464,-2.67
-0.903,-2.576
-1.478,-2.983
-2.18,-2.678
-2.453,-3.005
-3.0,-2.683
-3.079,-2.808
2.991,1.58
2.097,1.694
0.83,1.566
0.54,1.804
-0.411,1.716
-0.605,1.582
-0.802,1.784
-1.072,1.614
-1.235,1.637
2.049,-0.313
2.041,0.9
0.402,-1.878
-2.406,-1.893
2.535,-1.046
2.511,-1.353
-1.315,0.494
-2.535,0.955
-2.865,0.264
2.731,0.807
2.038,-0.676
1.744,-1.327
0.09,0.158
-0.235,0.907
-0.282,0.088
-0.229,-1.662
-0.534,0.141
-1.741,0.788
-2.552,1.32
-2.955,-2.993
-0.237,1.698
1.419,1.722
1.637,1.025
-0.122,-0.836
-0.218,0.375
-0.229,-1.442
-0.236,-2.793
-0.142,0.027
-0.305,-2.01
-0.379,-3.23
-0.256,-0.94
-0.274,-1.673
-0.263,-0.578
-0.318,0.325
-0.336,0.544
-0.342,-1.782
-0.379,-3.315
-0.538,0.332
-0.574,-1.237
-0.579,-1.022
-0.672,-1.34
-0.68,-0.791
-0.579,0.135
-0.579,-1.312
-0.771,-1.349
-0.646,-0.966
-0.773,-2.779
-0.824,-1.807
-0.841,-2.081
-0.837,-3.4
-0.988,-0.088
-1.012,-2.293
-0.941,-3.241
-1.057,-2.425
-1.031,-0.734
-1.175,-1.033
-1.156,0.415
-1.207,-0.703
-1.331,-3.242
-1.235,-2.175
-1.385,-3.251
-1.431,-0.099
-1.464,-3.261
-1.484,-1.109
-1.367,-2.624
-1.416,-0.241
-1.636,0.305
-1.689,-0.536
-1.825,-2.012
-1.984,-1.592
-1.91,-1.357
-2.007,-0.67
-2.03,-1.596
-2.351,-1.767
-2.37,-0.026
-2.262,-2.515
-2.31,-0.111
-2.54,-2.503
-2.46,0.523
-2.883,-1.252
-2.914,-2.603
-2.915,-1.471
-2.813,-2.507
-2.828,-2.239
-3.021,-1.385
-2.989,-2.923
-3.14,0.465
-3.056,-1.588
3.12,-1.718
3.087,-1.688
2.993,0.394
2.959,-0.178
3.063,-1.779
3.032,-1.07
3.008,-1.095
2.838,-1.443
2.935,-2.295
2.794,-3.543
2.803,-3.518
2.247,-3.733
1.946,-3.442
1.819,-3.69
1.301,-3.813
1.126,-3.786
0.524,-3.894
0.225,-3.408
0.004,-3.752
-0.006,-3.809
-0.134,-3.718
-0.187,-3.766
-0.198,-3.896
-0.485,-3.771
-0.573,-3.583
-1.012,-3.489
-1.587,-3.896
-2.289,-3.591
-2.562,-3.918
-3.109,-3.596
3.095,-3.721
2.882,0.667
1.988,0.781
0.721,0.653
0.431,0.891
-0.52,0.803
-0.714,0.669
-0.911,0.871
-1.181,0.701
-1.344,0.724
1.94,-1.226
1.932,-0.013
0.293,-2.791
-2.515,-2.806
2.426,-1.959
2.402,-2.266
-1.424,-0.419
-2.644,0.042
-2.974,-0.649
2.622,-0.106
1.929,-1.589
1.635,-2.24
-0.019,-0.755
-0.344,-0.006
-0.391,-0.825
-0.338,-2.575
-0.643,-0.772
-1.85,-0.125
-2.661,0.407
-3.064,-3.906
-0.346,0.785
1.31,0.809
1.528,0.112
-0.096,1.211
-0.107,-0.606
-0.114,-1.957
-0.02,0.863
-0.183,-1.174
-0.257,-2.394
-0.134,-0.104
-0.152,-0.837
-0.141,0.258
-0.196,1.161
-0.214,1.38
-0.22,-0.946
-0.257,-2.479
-0.416,1.168
-0.452,-0.401
-0.457,-0.186
-0.55,-0.504
-0.558,0.045
-0.457,0.971
-0.457,-0.476
-0.649,-0.513
-0.524,-0.13
-0.651,-1.943
-0.702,-0.971
-0.719,-1.245
-0.715,-2.564
-0.866,0.748
-0.89,-1.457
-0.819,-2.405
-0.935,-1.589
-0.909,0.102
-1.053,-0.197
-1.034,1.251
-1.085,0.133
-1.209,-2.406
-1.113,-1.339
-1.263,-2.415
-1.309,0.737
-1.342,-2.425
-1.362,-0.273
-1.245,-1.788
-1.294,0.595
-1.514,1.141
-1.567,0.3
-1.703,-1.176
-1.862,-0.756
-1.788,-0.521
-1.885,0.166
-1.908,-0.76
-2.229,-0.931
-2.248,0.81
-2.14,-1.679
-2.188,0.725
-2.418,-1.667
-2.338,1.359
-2.761,-0.416
-2.792,-1.767
-2.793,-0.635
-2.691,-1.671
-2.706,-1.403
-2.899,-0.549
-2.867,-2.087
-3.018,1.301
-2.934,-0.752
-3.041,-0.882
-3.074,-0.852
3.115,1.23
3.081,0.658
-3.098,-0.943
-3.129,-0.234
3.13,-0.259
2.96,-0.607
3.057,-1.459
2.916,-2.707
2.925,-2.682
2.369,-2.897
2.068,-2.606
1.941,-2.854
1.423,-2.977
1.248,-2.95
0.646,-3.058
0.347,-2.572
0.126,-2.916
0.116,-2.973
-0.012,-2.882
-0.065,-2.93
-0.076,-3.06
-0.363,-2.935
-0.451,-2.747
-0.89,-2.653
-1.465,-3.06
-2.167,-2.755
-2.44,-3.082
-2.987,-2.76
-3.066,-2.885
3.004,1.503
2.11,1.617
0.843,1.489
0.553,1.727
-0.398,1.639
-0.592,1.505
-0.789,1.707
-1.059,1.537
-1.222,1.56
2.062,-0.39
2.054,0.823
0.415,-1.955
-2.393,-1.97
2.548,-1.123
2.524,-1.43
-1.302,0.417
-2.522,0.878
-2.852,0.187
2.744,0.73
2.051,-0.753
1.757,-1.404
0.103,0.081
-0.222,0.83
-0.269,0.011
-0.216,-1.739
-0.521,0.064
-1.728,0.711
-2.539,1.243
-2.942,-3.07
-0.224,1.621
1.432,1.645
1.65,0.948
-0.011,-1.817
-0.018,-3.168
0.076,-0.348
-0.087,-2.385
-0.161,-3.605
-0.038,-1.315
-0.056,-2.048
-0.045,-0.953
-0.1,-0.05
-0.118,0.169
-0.124,-2.157
-0.161,-3.69
-0.32,-0.043
-0.356,-1.612
-0.361,-1.397
-0.454,-1.715
-0.462,-1.166
-0.361,-0.24
-0.361,-1.687
-0.553,-1.724
-0.428,-1.341
-0.555,-3.154
-0.606,-2.182
-0.623,-2.456
-0.619,-3.775
-0.77,-0.463
-0.794,-2.668
-0.723,-3.616
-0.839,-2.8
-0.813,-1.109
-0.957,-1.408
-0.938,0.04
-0.989,-1.078
-1.113,-3.617
-1.017,-2.55
-1.167,-3.626
-1.213,-0.474
-1.246,-3.636
-1.266,-1.484
-1.149,-2.999
-1.198,-0.616
-1.418,-0.07
-1.471,-0.911
-1.607,-2.387
-1.766,-1.967
-1.692,-1.732
-1.789,-1.045
-1.812,-1.971
-2.133,-2.142
-2.152,-0.401
-2.044,-2.89
-2.092,-0.486
-2.322,-2.878
-2.242,0.148
-2.665,-1.627
-2.696,-2.978
-2.697,-1.846
-2.595,-2.882
-2.61,-2.614
-2.803,-1.76
-2.771,-3.298
-2.922,0.09
-2.838,-1.963
-2.945,-2.093
-2.978,-2.063
-3.072,0.019
-3.106,-0.553
-3.002,-2.154
-3.033,-1.445
-3.057,-1.47
3.056,-1.818
-3.13,-2.67
3.012,-3.918
3.021,-3.893
2.465,-4.108
2.164,-3.817
2.037,-4.065
1.519,-4.188
1.344,-4.161
0.742,-4.269
0.443,-3.783
0.222,-4.127
0.212,-4.184
0.084,-4.093
0.031,-4.141
0.02,-4.271
-0.267,-4.146
-0.355,-3.958
-0.794,-3.864
-1.369,-4.271
-2.071,-3.966
-2.344,-4.293
-2.891,-3.971
-2.97,-4.096
3.1,0.292
2.206,0.406
0.939,0.278
0.649,0.516
-0.302,0.428
-0.496,0.294
-0.693,0.496
-0.963,0.326
-1.126,0.349
2.158,-1.601
2.15,-0.388
0.511,-3.166
-2.297,-3.181
2.644,-2.334
2.62,-2.641
-1.206,-0.794
-2.426,-0.333
-2.756,-1.024
2.84,-0.481
2.147,-1.964
1.853,-2.615
0.199,-1.13
-0.126,-0.381
-0.173,-1.2
-0.12,-2.95
-0.425,-1.147
-1.632,-0.5
-2.443,0.032
-2.846,-4.281
-0.128,0.41
1.528,0.434
1.746,-0.263
-0.007,-1.351
0.087,1.469
-0.076,-0.568
-0.15,-1.788
-0.027,0.502
-0.045,-0.231
-0.034,0.864
-0.089,1.767
-0.107,1.986
-0.113,-0.34
-0.15,-1.873
-0.309,1.774
-0.345,0.205
-0.35,0.42
-0.443,0.102
-0.451,0.651
-0.35,1.577
-0.35,0.13
-0.542,0.093
-0.417,0.476
-0.544,-1.337
-0.595,-0.365
-0.612,-0.639
-0.608,-1.958
-0.759,1.354
-0.783,-0.851
-0.712,-1.799
-0.828,-0.983
-0.802,0.708
-0.946,0.409
-0.927,1.857
-0.978,0.739
-1.102,-1.8
-1.006,-0.733
-1.156,-1.809
-1.202,1.343
-1.235,-1.819
-1.255,0.333
-1.138,-1.182
-1.187,1.201
-1.407,1.747
-1.46,0.906
-1.596,-0.57
-1.755,-0.15
-1.681,0.085
-1.778,0.772
-1.801,-0.154
-2.122,-0.325
-2.141,1.416
-2.033,-1.073
-2.081,1.331
-2.311,-1.061
-2.231,1.965
-2.654,0.19
-2.685,-1.161
-2.686,-0.029
-2.584,-1.065
-2.599,-0.797
-2.792,0.057
-2.76,-1.481
-2.911,1.907
-2.827,-0.146
-2.934,-0.276
-2.967,-0.246
-3.061,1.836
-3.095,1.264
-2.991,-0.337
-3.022,0.372
-3.046,0.347
3.067,-0.001
-3.119,-0.853
3.023,-2.101
3.032,-2.076
2.476,-2.291
2.175,-2.0
2.048,-2.248
1.53,-2.371
1.355,-2.344
0.753,-2.452
0.454,-1.966
0.233,-2.31
0.223,-2.367
0.095,-2.276
0.042,-2.324
0.031,-2.454
-0.256,-2.329
-0.344,-2.141
-0.783,-2.047
-1.358,-2.454
-2.06,-2.149
-2.333,-2.476
-2.88,-2.154
-2.959,-2.279
3.111,2.109
2.217,2.223
0.95,2.095
0.66,2.333
-0.291,2.245
-0.485,2.111
-0.682,2.313
-0.952,2.143
-1.115,2.166
2.169,0.216
2.161,1.429
0.522,-1.349
-2.286,-1.364
2.655,-0.517
2.631,-0.824
-1.195,1.023
-2.415,1.484
-2.745,0.793
2.851,1.336
2.158,-0.147
1.864,-0.798
0.21,0.687
-0.115,1.436
-0.162,0.617
-0.109,-1.133
-0.414,0.67
-1.621,1.317
-2.432,1.849
-2.835,-2.464
-0.117,2.227
1.539,2.251
1.757,1.554
0.094,2.82
-0.069,0.783
-0.143,-0.437
-0.02,1.853
-0.038,1.12
-0.027,2.215
-0.082,3.118
-0.1,3.337
-0.106,1.011
-0.143,-0.522
-0.302,3.125
-0.338,1.556
-0.343,1.771
-0.436,1.453
-0.444,2.002
-0.343,2.928
-0.343,1.481
-0.535,1.444
-0.41,1.827
-0.537,0.014
-0.588,0.986
-0.605,0.712
-0.601,-0.607
-0.752,2.705
-0.776,0.5
-0.705,-0.448
-0.821,0.368
-0.795,2.059
-0.939,1.76
-0.92,3.208
-0.971,2.09
-1.095,-0.449
-0.999,0.618
-1.149,-0.458
-1.195,2.694
-1.228,-0.468
-1.248,1.684
-1.131,0.169
-1.18,2.552
-1.4,3.098
-1.453,2.257
-1.589,0.781
-1.748,1.201
-1.674,1.436
-1.771,2.123
-1.794,1.197
-2.115,1.026
-2.134,2.767
-2.026,0.278
-2.074,2.682
-2.304,0.29
-2.224,3.316
-2.647,1.541
-2.678,0.19
-2.679,1.322
-2.577,0.286
-2.592,0.554
-2.785,1.408
-2.753,-0.13
-2.904,3.258
-2.82,1.205
-2.927,1.075
-2.96,1.105
-3.054,3.187
-3.088,2.615
-2.984,1.014
-3.015,1.723
-3.039,1.698
3.074,1.35
-3.112,0.498
3.03,-0.75
3.039,-0.725
2.483,-0.94
2.182,-0.649
2.055,-0.897
1.537,-1.02
1.362,-0.993
0.76,-1.101
0.461,-0.615
0.24,-0.959
0.23,-1.016
0.102,-0.925
0.049,-0.973
0.038,-1.103
-0.249,-0.978
-0.337,-0.79
-0.776,-0.696
-1.351,-1.103
-2.053,-0.798
-2.326,-1.125
-2.873,-0.803
-2.952,-0.928
3.118,3.46
2.224,3.574
0.957,3.446
0.667,3.684
-0.284,3.596
-0.478,3.462
-0.675,3.664
-0.945,3.494
-1.108,3.517
2.176,1.567
2.168,2.78
0.529,0.002
-2.279,-0.013
2.662,0.834
2.638,0.527
-1.188,2.374
-2.408,2.835
-2.738,2.144
2.858,2.687
2.165,1.204
1.871,0.553
0.217,2.038
-0.108,2.787
-0.155,1.968
-0.102,0.218
-0.407,2.021
-1.614,2.668
-2.425,3.2
-2.828,-1.113
-0.11,3.578
1.546,3.602
1.764,2.905
-0.163,-2.037
-0.237,-3.257
-0.114,-0.967
-0.132,-1.7
-0.121,-0.605
-0.176,0.298
-0.194,0.517
-0.2,-1.809
-0.237,-3.342
-0.396,0.305
-0.432,-1.264
-0.437,-1.049
-0.53,-1.367
-0.538,-0.818
-0.437,0.108
-0.437,-1.339
-0.629,-1.376
-0.504,-0.993
-0.631,-2.806
-0.682,-1.834
-0.699,-2.108
-0.695,-3.427
-0.846,-0.115
-0.87,-2.32
-0.799,-3.268
-0.915,-2.452
-0.889,-0.761
-1.033,-1.06
-1.014,0.388
-1.065,-0.73
-1.189,-3.269
-1.093,-2.202
-1.243,-3.278
-1.289,-0.126
-1.322,-3.288
-1.342,-1.136
-1.225,-2.651
-1.274,-0.268
-1.494,0.278
-1.547,-0.563
-1.683,-2.039
-1.842,-1.619
-1.768,-1.384
-1.865,-0.697
-1.888,-1.623
-2.209,-1.794
-2.228,-0.053
-2.12,-2.542
-2.168,-0.138
-2.398,-2.53
-2.318,0.496
-2.741,-1.279
-2.772,-2.63
-2.773,-1.498
-2.671,-2.534
-2.686,-2.266
-2.879,-1.412
-2.847,-2.95
-2.998,0.438
-2.914,-1.615
-3.021,-1.745
-3.054,-1.715
3.135,0.367
3.101,-0.205
-3.078,-1.806
-3.109,-1.097
-3.133,-1.122
2.98,-1.47
3.077,-2.322
2.936,-3.57
2.945,-3.545
2.389,-3.76
2.088,-3.469
1.961,-3.717
1.443,-3.84
1.268,-3.813
0.666,-3.921
0.367,-3.435
0.146,-3.779
0.136,-3.836
0.008,-3.745
-0.045,-3.793
-0.056,-3.923
-0.343,-3.798
-0.431,-3.61
-0.87,-3.516
-1.445,-3.923
-2.147,-3.618
-2.42,-3.945
-2.967,-3.623
-3.046,-3.748
3.024,0.64
2.13,0.754
0.863,0.626
0.573,0.864
-0.378,0.776
-0.572,0.642
-0.769,0.844
-1.039,0.674
-1.202,0.697
2.082,-1.253
2.074,-0.04
0.435,-2.818
-2.373,-2.833
2.568,-1.986
2.544,-2.293
-1.282,-0.446
-2.502,0.015
-2.832,-0.676
2.764,-0.133
2.071,-1.616
1.777,-2.267
0.123,-0.782
-0.202,-0.033
-0.249,-0.852
-0.196,-2.602
-0.501,-0.799
-1.708,-0.152
-2.519,0.38
-2.922,-3.933
-0.204,0.758
1.452,0.782
1.67,0.085
-0.074,-1.22
0.049,1.07
0.031,0.337
0.042,1.432
-0.013,2.335
-0.031,2.554
-0.037,0.228
-0.074,-1.305
-0.233,2.342
-0.269,0.773
-0.274,0.988
-0.367,0.67
-0.375,1.219
-0.274,2.145
-0.274,0.698
-0.466,0.661
-0.341,1.044
-0.468,-0.769
-0.519,0.203
-0.536,-0.071
-0.532,-1.39
-0.683,1.922
-0.707,-0.283
-0.636,-1.231
-0.752,-0.415
-0.726,1.276
-0.87,0.977
-0.851,2.425
-0.902,1.307
-1.026,-1.232
-0.93,-0.165
-1.08,-1.241
-1.126,1.911
-1.159,-1.251
-1.179,0.901
-1.062,-0.614
-1.111,1.769
-1.331,2.315
-1.384,1.474
-1.52,-0.002
-1.679,0.418
-1.605,0.653
-1.702,1.34
-1.725,0.414
-2.046,0.243
-2.065,1.984
-1.957,-0.505
-2.005,1.899
-2.235,-0.493
-2.155,2.533
-2.578,0.758
-2.609,-0.593
-2.61,0.539
-2.508,-0.497
-2.523,-0.229
-2.716,0.625
-2.684,-0.913
-2.835,2.475
-2.751,0.422
-2.858,0.292
-2.891,0.322
-2.985,2.404
-3.019,1.832
-2.915,0.231
-2.946,0.94
-2.97,0.915
-3.14,0.567
-3.043,-0.285
3.099,-1.533
3.108,-1.508
2.552,-1.723
2.251,-1.432
2.124,-1.68
1.606,-1.803
1.431,-1.776
0.829,-1.884
0.53,-1.398
0.309,-1.742
0.299,-1.799
0.171,-1.708
0.118,-1.756
0.107,-1.886
-0.18,-1.761
-0.268,-1.573
-0.707,-1.479
-1.282,-1.886
-1.984,-1.581
-2.257,-1.908
-2.804,-1.586
-2.883,-1.711
-3.096,2.677
2.293,2.791
1.026,2.663
0.736,2.901
-0.215,2.813
-0.409,2.679
-0.606,2.881
-0.876,2.711
-1.039,2.734
2.245,0.784
2.237,1.997
0.598,-0.781
-2.21,-0.796
2.731,0.051
2.707,-0.256
-1.119,1.591
-2.339,2.052
-2.669,1.361
2.927,1.904
2.234,0.421
1.94,-0.23
0.286,1.255
-0.039,2.004
-0.086,1.185
-0.033,-0.565
-0.338,1.238
-1.545,1.885
-2.356,2.417
-2.759,-1.896
-0.041,2.795
1.615,2.819
1.833,2.122
0.123,2.29
0.105,1.557
0.116,2.652
0.061,3.555
0.043,3.774
0.037,1.448
0.0,-0.085
-0.159,3.562
-0.195,1.993
-0.2,2.208
-0.293,1.89
-0.301,2.439
-0.2,3.365
-0.2,1.918
-0.392,1.881
-0.267,2.264
-0.394,0.451
-0.445,1.423
-0.462,1.149
-0.458,-0.17
-0.609,3.142
-0.633,0.937
-0.562,-0.011
-0.678,0.805
-0.652,2.496
-0.796,2.197
-0.777,3.645
-0.828,2.527
-0.952,-0.012
-0.856,1.055
-1.006,-0.021
-1.052,3.131
-1.085,-0.031
-1.105,2.121
-0.988,0.606
-1.037,2.989
-1.257,3.535
-1.31,2.694
-1.446,1.218
-1.605,1.638
-1.531,1.873
-1.628,2.56
-1.651,1.634
-1.972,1.463
-1.991,3.204
-1.883,0.715
-1.931,3.119
-2.161,0.727
-2.081,3.753
-2.504,1.978
-2.535,0.627
-2.536,1.759
-2.434,0.723
-2.449,0.991
-2.642,1.845
-2.61,0.307
-2.761,3.695
-2.677,1.642
-2.784,1.512
-2.817,1.542
-2.911,3.624
-2.945,3.052
-2.841,1.451
-2.872,2.16
-2.896,2.135
-3.066,1.787
-2.969,0.935
-3.11,-0.313
-3.101,-0.288
2.626,-0.503
2.325,-0.212
2.198,-0.46
1.68,-0.583
1.505,-0.556
0.903,-0.664
0.604,-0.178
0.383,-0.522
0.373,-0.579
0.245,-0.488
0.192,-0.536
0.181,-0.666
-0.106,-0.541
-0.194,-0.353
-0.633,-0.259
-1.208,-0.666
-1.91,-0.361
-2.183,-0.688
-2.73,-0.366
-2.809,-0.491
-3.022,3.897
2.367,4.011
1.1,3.883
0.81,4.121
-0.141,4.033
-0.335,3.899
-0.532,4.101
-0.802,3.931
-0.965,3.954
2.319,2.004
2.311,3.217
0.672,0.439
-2.136,0.424
2.805,1.271
2.781,0.964
-1.045,2.811
-2.265,3.272
-2.595,2.581
3.001,3.124
2.308,1.641
2.014,0.99
0.36,2.475
0.035,3.224
-0.012,2.405
0.041,0.655
-0.264,2.458
-1.471,3.105
-2.282,3.637
-2.685,-0.676
0.033,4.015
1.689,4.039
1.907,3.342
-0.018,-0.733
-0.007,0.362
-0.062,1.265
-0.08,1.484
-0.086,-0.842
-0.123,-2.375
-0.282,1.272
-0.318,-0.297
-0.323,-0.082
-0.416,-0.4
-0.424,0.149
-0.323,1.075
-0.323,-0.372
-0.515,-0.409
-0.39,-0.026
-0.517,-1.839
-0.568,-0.867
-0.585,-1.141
-0.581,-2.46
-0.732,0.852
-0.756,-1.353
-0.685,-2.301
-0.801,-1.485
-0.775,0.206
-0.919,-0.093
-0.9,1.355
-0.951,0.237
-1.075,-2.302
-0.979,-1.235
-1.129,-2.311
-1.175,0.841
-1.208,-2.321
-1.228,-0.169
-1.111,-1.684
-1.16,0.699
-1.38,1.245
-1.433,0.404
-1.569,-1.072
-1.728,-0.652
-1.654,-0.417
-1.751,0.27
-1.774,-0.656
-2.095,-0.827
-2.114,0.914
-2.006,-1.575
-2.054,0.829
-2.284,-1.563
-2.204,1.463
-2.627,-0.312
-2.658,-1.663
-2.659,-0.531
-2.557,-1.567
-2.572,-1.299
-2.765,-0.445
-2.733,-1.983
-2.884,1.405
-2.8,-0.648
-2.907,-0.778
-2.94,-0.748
-3.034,1.334
-3.068,0.762
-2.964,-0.839
-2.995,-0.13
-3.019,-0.155
3.094,-0.503
-3.092,-1.355
3.05,-2.603
3.059,-2.578
2.503,-2.793
2.202,-2.502
2.075,-2.75
1.557,-2.873
1.382,-2.846
0.78,-2.954
0.481,-2.468
0.26,-2.812
0.25,-2.869
0.122,-2.778
0.069,-2.826
0.058,-2.956
-0.229,-2.831
-0.317,-2.643
-0.756,-2.549
-1.331,-2.956
-2.033,-2.651
-2.306,-2.978
-2.853,-2.656
-2.932,-2.781
3.138,1.607
2.244,1.721
0.977,1.593
0.687,1.831
-0.264,1.743
-0.458,1.609
-0.655,1.811
-0.925,1.641
-1.088,1.664
2.196,-0.286
2.188,0.927
0.549,-1.851
-2.259,-1.866
2.682,-1.019
2.658,-1.326
-1.168,0.521
-2.388,0.982
-2.718,0.291
2.878,0.834
2.185,-0.649
1.891,-1.3
0.237,0.185
-0.088,0.934
-0.135,0.115
-0.082,-1.635
-0.387,0.168
-1.594,0.815
-2.405,1.347
-2.808,-2.966
-0.09,1.725
1.566,1.749
1.784,1.052
0.011,1.095
-0.044,1.998
-0.062,2.217
-0.068,-0.109
-0.105,-1.642
-0.264,2.005
-0.3,0.436
-0.305,0.651
-0.398,0.333
-0.406,0.882
-0.305,1.808
-0.305,0.361
-0.497,0.324
-0.372,0.707
-0.499,-1.106
-0.55,-0.134
-0.567,-0.408
-0.563,-1.727
-0.714,1.585
-0.738,-0.62
-0.667,-1.568
-0.783,-0.752
-0.757,0.939
-0.901,0.64
-0.882,2.088
-0.933,0.97
-1.057,-1.569
-0.961,-0.502
-1.111,-1.578
-1.157,1.574
-1.19,-1.588
-1.21,0.564
-1.093,-0.951
-1.142,1.432
-1.362,1.978
-1.415,1.137
-1.551,-0.339
-1.71,0.081
-1.636,0.316
-1.733,1.003
-1.756,0.077
-2.077,-0.094
-2.096,1.647
-1.988,-0.842
-2.036,1.562
-2.266,-0.83
-2.186,2.196
-2.609,0.421
-2.64,-0.93
-2.641,0.202
-2.539,-0.834
-2.554,-0.566
-2.747,0.288
-2.715,-1.25
-2.866,2.138
-2.782,0.085
-2.889,-0.045
-2.922,-0.015
-3.016,2.067
-3.05,1.495
-2.946,-0.106
-2.977,0.603
-3.001,0.578
3.112,0.23
-3.074,-0.622
3.068,-1.87
3.077,-1.845
2.521,-2.06
2.22,-1.769
2.093,-2.017
1.575,-2.14
1.4,-2.113
0.798,-2.221
0.499,-1.735
0.278,-2.079
0.268,-2.136
0.14,-2.045
0.087,-2.093
0.076,-2.223
-0.211,-2.098
-0.299,-1.91
-0.738,-1.816
-1.313,-2.223
-2.015,-1.918
-2.288,-2.245
-2.835,-1.923
-2.914,-2.048
-3.127,2.34
2.262,2.454
0.995,2.326
0.705,2.564
-0.246,2.476
-0.44,2.342
-0.637,2.544
-0.907,2.374
-1.07,2.397
2.214,0.447
2.206,1.66
0.567,-1.118
-2.241,-1.133
2.7,-0.286
2.676,-0.593
-1.15,1.254
-2.37,1.715
-2.7,1.024
2.896,1.567
2.203,0.084
1.909,-0.567
0.255,0.918
-0.07,1.667
-0.117,0.848
-0.064,-0.902
-0.369,0.901
-1.576,1.548
-2.387,2.08
-2.79,-2.233
-0.072,2.458
1.584,2.482
1.802,1.785
-0.055,0.903
-0.073,1.122
-0.079,-1.204
-0.116,-2.737
-0.275,0.91
-0.311,-0.659
-0.316,-0.444
-0.409,-0.762
-0.417,-0.213
-0.316,0.713
-0.316,-0.734
-0.508,-0.771
-0.383,-0.388
-0.51,-2.201
-0.561,-1.229
-0.578,-1.503
-0.574,-2.822
-0.725,0.49
-0.749,-1.715
-0.678,-2.663
-0.794,-1.847
-0.768,-0.156
-0.912,-0.455
-0.893,0.993
-0.944,-0.125
-1.068,-2.664
-0.972,-1.597
-1.122,-2.673
-1.168,0.479
-1.201,-2.683
-1.221,-0.531
-1.104,-2.046
-1.153,0.337
-1.373,0.883
-1.426,0.042
-1.562,-1.434
-1.721,-1.014
-1.647,-0.779
-1.744,-0.092
-1.767,-1.018
-2.088,-1.189
-2.107,0.552
-1.999,-1.937
-2.047,0.467
-2.277,-1.925
-2.197,1.101
-2.62,-0.674
-2.651,-2.025
-2.652,-0.893
-2.55,-1.929
-2.565,-1.661
-2.758,-0.807
-2.726,-2.345
-2.877,1.043
-2.793,-1.01
-2.9,-1.14
-2.933,-1.11
-3.027,0.972
-3.061,0.4
-2.957,-1.201
-2.988,-0.492
-3.012,-0.517
3.101,-0.865
-3.085,-1.717
3.057,-2.965
3.066,-2.94
2.51,-3.155
2.209,-2.864
2.082,-3.112
1.564,-3.235
1.389,-3.208
0.787,-3.316
0.488,-2.83
0.267,-3.174
0.257,-3.231
0.129,-3.14
0.076,-3.188
0.065,-3.318
-0.222,-3.193
-0.31,-3.005
-0.749,-2.911
-1.324,-3.318
-2.026,-3.013
-2.299,-3.34
-2.846,-3.018
-2.925,-3.143
-3.138,1.245
2.251,1.359
0.984,1.231
0.694,1.469
-0.257,1.381
-0.451,1.247
-0.648,1.449
-0.918,1.279
-1.081,1.302
2.203,-0.648
2.195,0.565
0.556,-2.213
-2.252,-2.228
2.689,-1.381
2.665,-1.688
-1.161,0.159
-2.381,0.62
-2.711,-0.071
2.885,0.472
2.192,-1.011
1.898,-1.662
0.244,-0.177
-0.081,0.572
-0.128,-0.247
-0.075,-1.997
-0.38,-0.194
-1.587,0.453
-2.398,0.985
-2.801,-3.328
-0.083,1.363
1.573,1.387
1.791,0.69
-0.018,0.219
-0.024,-2.107
-0.061,-3.64
-0.22,0.007
-0.256,-1.562
-0.261,-1.347
-0.354,-1.665
-0.362,-1.116
-0.261,-0.19
-0.261,-1.637
-0.453,-1.674
-0.328,-1.291
-0.455,-3.104
-0.506,-2.132
-0.523,-2.406
-0.519,-3.725
-0.67,-0.413
-0.694,-2.618
-0.623,-3.566
-0.739,-2.75
-0.713,-1.059
-0.857,-1.358
-0.838,0.09
-0.889,-1.028
-1.013,-3.567
-0.917,-2.5
-1.067,-3.576
-1.113,-0.424
-1.146,-3.586
-1.166,-1.434
-1.049,-2.949
-1.098,-0.566
-1.318,-0.02
-1.371,-0.861
-1.507,-2.337
-1.666,-1.917
-1.592,-1.682
-1.689,-0.995
-1.712,-1.921
-2.033,-2.092
-2.052,-0.351
-1.944,-2.84
-1.992,-0.436
-2.222,-2.828
-2.142,0.198
-2.565,-1.577
-2.596,-2.928
-2.597,-1.796
-2.495,-2.832
-2.51,-2.564
-2.703,-1.71
-2.671,-3.248
-2.822,0.14
-2.738,-1.913
-2.845,-2.043
-2.878,-2.013
-2.972,0.069
-3.006,-0.503
-2.902,-2.104
-2.933,-1.395
-2.957,-1.42
-3.127,-1.768
-3.03,-2.62
3.112,-3.868
3.121,-3.843
2.565,-4.058
2.264,-3.767
2.137,-4.015
1.619,-4.138
1.444,-4.111
0.842,-4.219
0.543,-3.733
0.322,-4.077
0.312,-4.134
0.184,-4.043
0.131,-4.091
0.12,-4.221
-0.167,-4.096
-0.255,-3.908
-0.694,-3.814
-1.269,-4.221
-1.971,-3.916
-2.244,-4.243
-2.791,-3.921
-2.87,-4.046
-3.083,0.342
2.306,0.456
1.039,0.328
0.749,0.566
-0.202,0.478
-0.396,0.344
-0.593,0.546
-0.863,0.376
-1.026,0.399
2.258,-1.551
2.25,-0.338
0.611,-3.116
-2.197,-3.131
2.744,-2.284
2.72,-2.591
-1.106,-0.744
-2.326,-0.283
-2.656,-0.974
2.94,-0.431
2.247,-1.914
1.953,-2.565
0.299,-1.08
-0.026,-0.331
-0.073,-1.15
-0.02,-2.9
-0.325,-1.097
-1.532,-0.45
-2.343,0.082
-2.746,-4.231
-0.028,0.46
1.628,0.484
1.846,-0.213
-0.006,-2.326
-0.043,-3.859
-0.202,-0.212
-0.238,-1.781
-0.243,-1.566
-0.336,-1.884
-0.344,-1.335
-0.243,-0.409
-0.243,-1.856
-0.435,-1.893
-0.31,-1.51
-0.437,-3.323
-0.488,-2.351
-0.505,-2.625
-0.501,-3.944
-0.652,-0.632
-0.676,-2.837
-0.605,-3.785
-0.721,-2.969
-0.695,-1.278
-0.839,-1.577
-0.82,-0.129
-0.871,-1.247
-0.995,-3.786
-0.899,-2.719
-1.049,-3.795
-1.095,-0.643
-1.128,-3.805
-1.148,-1.653
-1.031,-3.168
-1.08,-0.785
-1.3,-0.239
-1.353,-1.08
-1.489,-2.556
-1.648,-2.136
-1.574,-1.901
-1.671,-1.214
-1.694,-2.14
-2.015,-2.311
-2.034,-0.57
-1.926,-3.059
-1.974,-0.655
-2.204,-3.047
-2.124,-0.021
-2.547,-1.796
-2.578,-3.147
-2.579,-2.015
-2.477,-3.051
-2.492,-2.783
-2.685,-1.929
-2.653,-3.467
-2.804,-0.079
-2.72,-2.132
-2.827,-2.262
-2.86,-2.232
-2.954,-0.15
-2.988,-0.722
-2.884,-2.323
-2.915,-1.614
-2.939,-1.639
-3.109,-1.987
-3.012,-2.839
3.13,-4.087
3.139,-4.062
2.583,-4.277
2.282,-3.986
2.155,-4.234
1.637,-4.357
1.462,-4.33
0.86,-4.438
0.561,-3.952
0.34,-4.296
0.33,-4.353
0.202,-4.262
0.149,-4.31
0.138,-4.44
-0.149,-4.315
-0.237,-4.127
-0.676,-4.033
-1.251,-4.44
-1.953,-4.135
-2.226,-4.462
-2.773,-4.14
-2.852,-4.265
-3.065,0.123
2.324,0.237
1.057,0.109
0.767,0.347
-0.184,0.259
-0.378,0.125
-0.575,0.327
-0.845,0.157
-1.008,0.18
2.276,-1.77
2.268,-0.557
0.629,-3.335
-2.179,-3.35
2.762,-2.503
2.738,-2.81
-1.088,-0.963
-2.308,-0.502
-2.638,-1.193
2.958,-0.65
2.265,-2.133
1.971,-2.784
0.317,-1.299
-0.008,-0.55
-0.055,-1.369
-0.002,-3.119
-0.307,-1.316
-1.514,-0.669
-2.325,-0.137
-2.728,-4.45
-0.01,0.241
1.646,0.265
1.864,-0.432
-0.037,-1.533
-0.196,2.114
-0.232,0.545
-0.237,0.76
-0.33,0.442
-0.338,0.991
-0.237,1.917
-0.237,0.47
-0.429,0.433
-0.304,0.816
-0.431,-0.997
-0.482,-0.025
-0.499,-0.299
-0.495,-1.618
-0.646,1.694
-0.67,-0.511
-0.599,-1.459
-0.715,-0.643
-0.689,1.048
-0.833,0.749
-0.814,2.197
-0.865,1.079
-0.989,-1.46
-0.893,-0.393
-1.043,-1.469
-1.089,1.683
-1.122,-1.479
-1.142,0.673
-1.025,-0.842
-1.074,1.541
-1.294,2.087
-1.347,1.246
-1.483,-0.23
-1.642,0.19
-1.568,0.425
-1.665,1.112
-1.688,0.186
-2.009,0.015
-2.028,1.756
-1.92,-0.733
-1.968,1.671
-2.198,-0.721
-2.118,2.305
-2.541,0.53
-2.572,-0.821
-2.573,0.311
-2.471,-0.725
-2.486,-0.457
-2.679,0.397
-2.647,-1.141
-2.798,2.247
-2.714,0.194
-2.821,0.064
-2.854,0.094
-2.948,2.176
-2.982,1.604
-2.878,0.003
-2.909,0.712
-2.933,0.687
-3.103,0.339
-3.006,-0.513
3.136,-1.761
-3.138,-1.736
2.589,-1.951
2.288,-1.66
2.161,-1.908
1.643,-2.031
1.468,-2.004
0.866,-2.112
0.567,-1.626
0.346,-1.97
0.336,-2.027
0.208,-1.936
0.155,-1.984
0.144,-2.114
-0.143,-1.989
-0.231,-1.801
-0.67,-1.707
-1.245,-2.114
-1.947,-1.809
-2.22,-2.136
-2.767,-1.814
-2.846,-1.939
-3.059,2.449
2.33,2.563
1.063,2.435
0.773,2.673
-0.178,2.585
-0.372,2.451
-0.569,2.653
-0.839,2.483
-1.002,2.506
2.282,0.556
2.274,1.769
0.635,-1.009
-2.173,-1.024
2.768,-0.177
2.744,-0.484
-1.082,1.363
-2.302,1.824
-2.632,1.133
2.964,1.676
2.271,0.193
1.977,-0.458
0.323,1.027
-0.002,1.776
-0.049,0.957
0.004,-0.793
-0.301,1.01
-1.508,1.657
-2.319,2.189
-2.722,-2.124
-0.004,2.567
1.652,2.591
1.87,1.894
-0.159,3.647
-0.195,2.078
-0.2,2.293
-0.293,1.975
-0.301,2.524
-0.2,3.45
-0.2,2.003
-0.392,1.966
-0.267,2.349
-0.394,0.536
-0.445,1.508
-0.462,1.234
-0.458,-0.085
-0.609,3.227
-0.633,1.022
-0.562,0.074
-0.678,0.89
-0.652,2.581
-0.796,2.282
-0.777,3.73
-0.828,2.612
-0.952,0.073
-0.856,1.14
-1.006,0.064
-1.052,3.216
-1.085,0.054
-1.105,2.206
-0.988,0.691
-1.037,3.074
-1.257,3.62
-1.31,2.779
-1.446,1.303
-1.605,1.723
-1.531,1.958
-1.628,2.645
-1.651,1.719
-1.972,1.548
-1.991,3.289
-1.883,0.8
-1.931,3.204
-2.161,0.812
-2.081,3.838
-2.504,2.063
-2.535,0.712
-2.536,1.844
-2.434,0.808
-2.449,1.076
-2.642,1.93
-2.61,0.392
-2.761,3.78
-2.677,1.727
-2.784,1.597
-2.817,1.627
-2.911,3.709
-2.945,3.137
-2.841,1.536
-2.872,2.245
-2.896,2.22
-3.066,1.872
-2.969,1.02
-3.11,-0.228
-3.101,-0.203
2.626,-0.418
2.325,-0.127
2.198,-0.375
1.68,-0.498
1.505,-0.471
0.903,-0.579
0.604,-0.093
0.383,-0.437
0.373,-0.494
0.245,-0.403
0.192,-0.451
0.181,-0.581
-0.106,-0.456
-0.194,-0.268
-0.633,-0.174
-1.208,-0.581
-1.91,-0.276
-2.183,-0.603
-2.73,-0.281
-2.809,-0.406
-3.022,3.982
2.367,4.096
1.1,3.968
0.81,4.206
-0.141,4.118
-0.335,3.984
-0.532,4.186
-0.802,4.016
-0.965,4.039
2.319,2.089
2.311,3.302
0.672,0.524
-2.136,0.509
2.805,1.356
2.781,1.049
-1.045,2.896
-2.265,3.357
-2.595,2.666
3.001,3.209
2.308,1.726
2.014,1.075
0.36,2.56
0.035,3.309
-0.012,2.49
0.041,0.74
-0.264,2.543
-1.471,3.19
-2.282,3.722
-2.685,-0.591
0.033,4.1
1.689,4.124
1.907,3.427
-0.036,-1.569
-0.041,-1.354
-0.134,-1.672
-0.142,-1.123
-0.041,-0.197
-0.041,-1.644
-0.233,-1.681
-0.108,-1.298
-0.235,-3.111
-0.286,-2.139
-0.303,-2.413
-0.299,-3.732
-0.45,-0.42
-0.474,-2.625
-0.403,-3.573
-0.519,-2.757
-0.493,-1.066
-0.637,-1.365
-0.618,0.083
-0.669,-1.035
-0.793,-3.574
-0.697,-2.507
-0.847,-3.583
-0.893,-0.431
-0.926,-3.593
-0.946,-1.441
-0.829,-2.956
-0.878,-0.573
-1.098,-0.027
-1.151,-0.868
-1.287,-2.344
-1.446,-1.924
-1.372,-1.689
-1.469,-1.002
-1.492,-1.928
-1.813,-2.099
-1.832,-0.358
-1.724,-2.847
-1.772,-0.443
-2.002,-2.835
-1.922,0.191
-2.345,-1.584
-2.376,-2.935
-2.377,-1.803
-2.275,-2.839
-2.29,-2.571
-2.483,-1.717
-2.451,-3.255
-2.602,0.133
-2.518,-1.92
-2.625,-2.05
-2.658,-2.02
-2.752,0.062
-2.786,-0.51
-2.682,-2.111
-2.713,-1.402
-2.737,-1.427
-2.907,-1.775
-2.81,-2.627
-2.951,-3.875
-2.942,-3.85
2.785,-4.065
2.484,-3.774
2.357,-4.022
1.839,-4.145
1.664,-4.118
1.062,-4.226
0.763,-3.74
0.542,-4.084
0.532,-4.141
0.404,-4.05
0.351,-4.098
0.34,-4.228
0.053,-4.103
-0.035,-3.915
-0.474,-3.821
-1.049,-4.228
-1.751,-3.923
-2.024,-4.25
-2.571,-3.928
-2.65,-4.053
-2.863,0.335
2.526,0.449
1.259,0.321
0.969,0.559
0.018,0.471
-0.176,0.337
-0.373,0.539
-0.643,0.369
-0.806,0.392
2.478,-1.558
2.47,-0.345
0.831,-3.123
-1.977,-3.138
2.964,-2.291
2.94,-2.598
-0.886,-0.751
-2.106,-0.29
-2.436,-0.981
-3.123,-0.438
2.467,-1.921
2.173,-2.572
0.519,-1.087
0.194,-0.338
0.147,-1.157
0.2,-2.907
-0.105,-1.104
-1.312,-0.457
-2.123,0.075
-2.526,-4.238
0.192,0.453
1.848,0.477
2.066,-0.22
-0.005,0.215
-0.098,-0.103
-0.106,0.446
-0.005,1.372
-0.005,-0.075
-0.197,-0.112
-0.072,0.271
-0.199,-1.542
-0.25,-0.57
-0.267,-0.844
-0.263,-2.163
-0.414,1.149
-0.438,-1.056
-0.367,-2.004
-0.483,-1.188
-0.457,0.503
-0.601,0.204
-0.582,1.652
-0.633,0.534
-0.757,-2.005
-0.661,-0.938
-0.811,-2.014
-0.857,1.138
-0.89,-2.024
-0.91,0.128
-0.793,-1.387
-0.842,0.996
-1.062,1.542
-1.115,0.701
-1.251,-0.775
-1.41,-0.355
-1.336,-0.12
-1.433,0.567
-1.456,-0.359
-1.777,-0.53
-1.796,1.211
-1.688,-1.278
-1.736,1.126
-1.966,-1.266
-1.886,1.76
-2.309,-0.015
-2.34,-1.366
-2.341,-0.234
-2.239,-1.27
-2.254,-1.002
-2.447,-0.148
-2.415,-1.686
-2.566,1.702
-2.482,-0.351
-2.589,-0.481
-2.622,-0.451
-2.716,1.631
-2.75,1.059
-2.646,-0.542
-2.677,0.167
-2.701,0.142
-2.871,-0.206
-2.774,-1.058
-2.915,-2.306
-2.906,-2.281
2.821,-2.496
2.52,-2.205
2.393,-2.453
1.875,-2.576
1.7,-2.549
1.098,-2.657
0.799,-2.171
0.578,-2.515
0.568,-2.572
0.44,-2.481
0.387,-2.529
0.376,-2.659
0.089,-2.534
0.001,-2.346
-0.438,-2.252
-1.013,-2.659
-1.715,-2.354
-1.988,-2.681
-2.535,-2.359
-2.614,-2.484
-2.827,1.904
2.562,2.018
1.295,1.89
1.005,2.128
0.054,2.04
-0.14,1.906
-0.337,2.108
-0.607,1.938
-0.77,1.961
2.514,0.011
2.506,1.224
0.867,-1.554
-1.941,-1.569
3.0,-0.722
2.976,-1.029
-0.85,0.818
-2.07,1.279
-2.4,0.588
-3.087,1.131
2.503,-0.352
2.209,-1.003
0.555,0.482
0.23,1.231
0.183,0.412
0.236,-1.338
-0.069,0.465
-1.276,1.112
-2.087,1.644
-2.49,-2.669
0.228,2.022
1.884,2.046
2.102,1.349
-0.093,-0.318
-0.101,0.231
0.0,1.157
0.0,-0.29
-0.192,-0.327
-0.067,0.056
-0.194,-1.757
-0.245,-0.785
-0.262,-1.059
-0.258,-2.378
-0.409,0.934
-0.433,-1.271
-0.362,-2.219
-0.478,-1.403
-0.452,0.288
-0.596,-0.011
-0.577,1.437
-0.628,0.319
-0.752,-2.22
-0.656,-1.153
-0.806,-2.229
-0.852,0.923
-0.885,-2.239
-0.905,-0.087
-0.788,-1.602
-0.837,0.781
-1.057,1.327
-1.11,0.486
-1.246,-0.99
-1.405,-0.57
-1.331,-0.335
-1.428,0.352
-1.451,-0.574
-1.772,-0.745
-1.791,0.996
-1.683,-1.493
-1.731,0.911
-1.961,-1.481
-1.881,1.545
-2.304,-0.23
-2.335,-1.581
-2.336,-0.449
-2.234,-1.485
-2.249,-1.217
-2.442,-0.363
-2.41,-1.901
-2.561,1.487
-2.477,-0.566
-2.584,-0.696
-2.617,-0.666
-2.711,1.416
-2.745,0.844
-2.641,-0.757
-2.672,-0.048
-2.696,-0.073
-2.866,-0.421
-2.769,-1.273
-2.91,-2.521
-2.901,-2.496
2.826,-2.711
2.525,-2.42
2.398,-2.668
1.88,-2.791
1.705,-2.764
1.103,-2.872
0.804,-2.386
0.583,-2.73
0.573,-2.787
0.445,-2.696
0.392,-2.744
0.381,-2.874
0.094,-2.749
0.006,-2.561
-0.433,-2.467
-1.008,-2.874
-1.71,-2.569
-1.983,-2.896
-2.53,-2.574
-2.609,-2.699
-2.822,1.689
2.567,1.803
1.3,1.675
1.01,1.913
0.059,1.825
-0.135,1.691
-0.332,1.893
-0.602,1.723
-0.765,1.746
2.519,-0.204
2.511,1.009
0.872,-1.769
-1.936,-1.784
3.005,-0.937
2.981,-1.244
-0.845,0.603
-2.065,1.064
-2.395,0.373
-3.082,0.916
2.508,-0.567
2.214,-1.218
0.56,0.267
0.235,1.016
0.188,0.197
0.241,-1.553
-0.064,0.25
-1.271,0.897
-2.082,1.429
-2.485,-2.884
0.233,1.807
1.889,1.831
2.107,1.134
-0.008,0.549
0.093,1.475
0.093,0.028
-0.099,-0.009
0.026,0.374
-0.101,-1.439
-0.152,-0.467
-0.169,-0.741
-0.165,-2.06
-0.316,1.252
-0.34,-0.953
-0.269,-1.901
-0.385,-1.085
-0.359,0.606
-0.503,0.307
-0.484,1.755
-0.535,0.637
-0.659,-1.902
-0.563,-0.835
-0.713,-1.911
-0.759,1.241
-0.792,-1.921
-0.812,0.231
-0.695,-1.284
-0.744,1.099
-0.964,1.645
-1.017,0.804
-1.153,-0.672
-1.312,-0.252
-1.238,-0.017
-1.335,0.67
-1.358,-0.256
-1.679,-0.427
-1.698,1.314
-1.59,-1.175
-1.638,1.229
-1.868,-1.163
-1.788,1.863
-2.211,0.088
-2.242,-1.263
-2.243,-0.131
-2.141,-1.167
-2.156,-0.899
-2.349,-0.045
-2.317,-1.583
-2.468,1.805
-2.384,-0.248
-2.491,-0.378
-2.524,-0.348
-2.618,1.734
-2.652,1.162
-2.548,-0.439
-2.579,0.27
-2.603,0.245
-2.773,-0.103
-2.676,-0.955
-2.817,-2.203
-2.808,-2.178
2.919,-2.393
2.618,-2.102
2.491,-2.35
1.973,-2.473
1.798,-2.446
1.196,-2.554
0.897,-2.068
0.676,-2.412
0.666,-2.469
0.538,-2.378
0.485,-2.426
0.474,-2.556
0.187,-2.431
0.099,-2.243
-0.34,-2.149
-0.915,-2.556
-1.617,-2.251
-1.89,-2.578
-2.437,-2.256
-2.516,-2.381
-2.729,2.007
2.66,2.121
1.393,1.993
1.103,2.231
0.152,2.143
-0.042,2.009
-0.239,2.211
-0.509,2.041
-0.672,2.064
2.612,0.114
2.604,1.327
0.965,-1.451
-1.843,-1.466
3.098,-0.619
3.074,-0.926
-0.752,0.921
-1.972,1.382
-2.302,0.691
-2.989,1.234
2.601,-0.249
2.307,-0.9
0.653,0.585
0.328,1.334
0.281,0.515
0.334,-1.235
0.029,0.568
-1.178,1.215
-1.989,1.747
-2.392,-2.566
0.326,2.125
1.982,2.149
2.2,1.452
0.101,0.926
0.101,-0.521
-0.091,-0.558
0.034,-0.175
-0.093,-1.988
-0.144,-1.016
-0.161,-1.29
-0.157,-2.609
-0.308,0.703
-0.332,-1.502
-0.261,-2.45
-0.377,-1.634
-0.351,0.057
-0.495,-0.242
-0.476,1.206
-0.527,0.088
-0.651,-2.451
-0.555,-1.384
-0.705,-2.46
-0.751,0.692
-0.784,-2.47
-0.804,-0.318
-0.687,-1.833
-0.736,0.55
-0.956,1.096
-1.009,0.255
-1.145,-1.221
-1.304,-0.801
-1.23,-0.566
-1.327,0.121
-1.35,-0.805
-1.671,-0.976
-1.69,0.765
-1.582,-1.724
-1.63,0.68
-1.86,-1.712
-1.78,1.314
-2.203,-0.461
-2.234,-1.812
-2.235,-0.68
-2.133,-1.716
-2.148,-1.448
-2.341,-0.594
-2.309,-2.132
-2.46,1.256
-2.376,-0.797
-2.483,-0.927
-2.516,-0.897
-2.61,1.185
-2.644,0.613
-2.54,-0.988
-2.571,-0.279
-2.595,-0.304
-2.765,-0.652
-2.668,-1.504
-2.809,-2.752
-2.8,-2.727
2.927,-2.942
2.626,-2.651
2.499,-2.899
1.981,-3.022
1.806,-2.995
1.204,-3.103
0.905,-2.617
0.684,-2.961
0.674,-3.018
0.546,-2.927
0.493,-2.975
0.482,-3.105
0.195,-2.98
0.107,-2.792
-0.332,-2.698
-0.907,-3.105
-1.609,-2.8
-1.882,-3.127
-2.429,-2.805
-2.508,-2.93
-2.721,1.458
2.668,1.572
1.401,1.444
1.111,1.682
0.16,1.594
-0.034,1.46
-0.231,1.662
-0.501,1.492
-0.664,1.515
2.62,-0.435
2.612,0.778
0.973,-2.0
-1.835,-2.015
3.106,-1.168
3.082,-1.475
-0.744,0.372
-1.964,0.833
-2.294,0.142
-2.981,0.685
2.609,-0.798
2.315,-1.449
0.661,0.036
0.336,0.785
0.289,-0.034
0.342,-1.784
0.037,0.019
-1.17,0.666
-1.981,1.198
-2.384,-3.115
0.334,1.576
1.99,1.6
2.208,0.903
0.0,-1.447
-0.192,-1.484
-0.067,-1.101
-0.194,-2.914
-0.245,-1.942
-0.262,-2.216
-0.258,-3.535
-0.409,-0.223
-0.433,-2.428
-0.362,-3.376
-0.478,-2.56
-0.452,-0.869
-0.596,-1.168
-0.577,0.28
-0.628,-0.838
-0.752,-3.377
-0.656,-2.31
-0.806,-3.386
-0.852,-0.234
-0.885,-3.396
-0.905,-1.244
-0.788,-2.759
-0.837,-0.376
-1.057,0.17
-1.11,-0.671
-1.246,-2.147
-1.405,-1.727
-1.331,-1.492
-1.428,-0.805
-1.451,-1.731
-1.772,-1.902
-1.791,-0.161
-1.683,-2.65
-1.731,-0.246
-1.961,-2.638
-1.881,0.388
-2.304,-1.387
-2.335,-2.738
-2.336,-1.606
-2.234,-2.642
-2.249,-2.374
-2.442,-1.52
-2.41,-3.058
-2.561,0.33
-2.477,-1.723
-2.584,-1.853
-2.617,-1.823
-2.711,0.259
-2.745,-0.313
-2.641,-1.914
-2.672,-1.205
-2.696,-1.23
-2.866,-1.578
-2.769,-2.43
-2.91,-3.678
-2.901,-3.653
2.826,-3.868
2.525,-3.577
2.398,-3.825
1.88,-3.948
1.705,-3.921
1.103,-4.029
0.804,-3.543
0.583,-3.887
0.573,-3.944
0.445,-3.853
0.392,-3.901
0.381,-4.031
0.094,-3.906
0.006,-3.718
-0.433,-3.624
-1.008,-4.031
-1.71,-3.726
-1.983,-4.053
-2.53,-3.731
-2.609,-3.856
-2.822,0.532
2.567,0.646
1.3,0.518
1.01,0.756
0.059,0.668
-0.135,0.534
-0.332,0.736
-0.602,0.566
-0.765,0.589
2.519,-1.361
2.511,-0.148
0.872,-2.926
-1.936,-2.941
3.005,-2.094
2.981,-2.401
-0.845,-0.554
-2.065,-0.093
-2.395,-0.784
-3.082,-0.241
2.508,-1.724
2.214,-2.375
0.56,-0.89
0.235,-0.141
0.188,-0.96
0.241,-2.71
-0.064,-0.907
-1.271,-0.26
-2.082,0.272
-2.485,-4.041
0.233,0.65
1.889,0.674
2.107,-0.023
-0.192,-0.037
-0.067,0.346
-0.194,-1.467
-0.245,-0.495
-0.262,-0.769
-0.258,-2.088
-0.409,1.224
-0.433,-0.981
-0.362,-1.929
-0.478,-1.113
-0.452,0.578
-0.596,0.279
-0.577,1.727
-0.628,0.609
-0.752,-1.93
-0.656,-0.863
-0.806,-1.939
-0.852,1.213
-0.885,-1.949
-0.905,0.203
-0.788,-1.312
-0.837,1.071
-1.057,1.617
-1.11,0.776
-1.246,-0.7
-1.405,-0.28
-1.331,-0.045
-1.428,0.642
-1.451,-0.284
-1.772,-0.455
-1.791,1.286
-1.683,-1.203
-1.731,1.201
-1.961,-1.191
-1.881,1.835
-2.304,0.06
-2.335,-1.291
-2.336,-0.159
-2.234,-1.195
-2.249,-0.927
-2.442,-0.073
-2.41,-1.611
-2.561,1.777
-2.477,-0.276
-2.584,-0.406
-2.617,-0.376
-2.711,1.706
-2.745,1.134
-2.641,-0.467
-2.672,0.242
-2.696,0.217
-2.866,-0.131
-2.769,-0.983
-2.91,-2.231
-2.901,-2.206
2.826,-2.421
2.525,-2.13
2.398,-2.378
1.88,-2.501
1.705,-2.474
1.103,-2.582
0.804,-2.096
0.583,-2.44
0.573,-2.497
0.445,-2.406
0.392,-2.454
0.381,-2.584
0.094,-2.459
0.006,-2.271
-0.433,-2.177
-1.008,-2.584
-1.71,-2.279
-1.983,-2.606
-2.53,-2.284
-2.609,-2.409
-2.822,1.979
2.567,2.093
1.3,1.965
1.01,2.203
0.059,2.115
-0.135,1.981
-0.332,2.183
-0.602,2.013
-0.765,2.036
2.519,0.086
2.511,1.299
0.872,-1.479
-1.936,-1.494
3.005,-0.647
2.981,-0.954
-0.845,0.893
-2.065,1.354
-2.395,0.663
-3.082,1.206
2.508,-0.277
2.214,-0.928
0.56,0.557
0.235,1.306
0.188,0.487
0.241,-1.263
-0.064,0.54
-1.271,1.187
-2.082,1.719
-2.485,-2.594
0.233,2.097
1.889,2.121
2.107,1.424
0.125,0.383
-0.002,-1.43
-0.053,-0.458
-0.07,-0.732
-0.066,-2.051
-0.217,1.261
-0.241,-0.944
-0.17,-1.892
-0.286,-1.076
-0.26,0.615
-0.404,0.316
-0.385,1.764
-0.436,0.646
-0.56,-1.893
-0.464,-0.826
-0.614,-1.902
-0.66,1.25
-0.693,-1.912
-0.713,0.24
-0.596,-1.275
-0.645,1.108
-0.865,1.654
-0.918,0.813
-1.054,-0.663
-1.213,-0.243
-1.139,-0.008
-1.236,0.679
-1.259,-0.247
-1.58,-0.418
-1.599,1.323
-1.491,-1.166
-1.539,1.238
-1.769,-1.154
-1.689,1.872
-2.112,0.097
-2.143,-1.254
-2.144,-0.122
-2.042,-1.158
-2.057,-0.89
-2.25,-0.036
-2.218,-1.574
-2.369,1.814
-2.285,-0.239
-2.392,-0.369
-2.425,-0.339
-2.519,1.743
-2.553,1.171
-2.449,-0.43
-2.48,0.279
-2.504,0.254
-2.674,-0.094
-2.577,-0.946
-2.718,-2.194
-2.709,-2.169
3.018,-2.384
2.717,-2.093
2.59,-2.341
2.072,-2.464
1.897,-2.437
1.295,-2.545
0.996,-2.059
0.775,-2.403
0.765,-2.46
0.637,-2.369
0.584,-2.417
0.573,-2.547
0.286,-2.422
0.198,-2.234
-0.241,-2.14
-0.816,-2.547
-1.518,-2.242
-1.791,-2.569
-2.338,-2.247
-2.417,-2.372
-2.63,2.016
2.759,2.13
1.492,2.002
1.202,2.24
0.251,2.152
0.057,2.018
-0.14,2.22
-0.41,2.05
-0.573,2.073
2.711,0.123
2.703,1.336
1.064,-1.442
-1.744,-1.457
-3.086,-0.61
-3.11,-0.917
-0.653,0.93
-1.873,1.391
-2.203,0.7
-2.89,1.243
2.7,-0.24
2.406,-0.891
0.752,0.594
0.427,1.343
0.38,0.524
0.433,-1.226
0.128,0.577
-1.079,1.224
-1.89,1.756
-2.293,-2.557
0.425,2.134
2.081,2.158
2.299,1.461
-0.127,-1.813
-0.178,-0.841
-0.195,-1.115
-0.191,-2.434
-0.342,0.878
-0.366,-1.327
-0.295,-2.275
-0.411,-1.459
-0.385,0.232
-0.529,-0.067
-0.51,1.381
-0.561,0.263
-0.685,-2.276
-0.589,-1.209
-0.739,-2.285
-0.785,0.867
-0.818,-2.295
-0.838,-0.143
-0.721,-1.658
-0.77,0.725
-0.99,1.271
-1.043,0.43
-1.179,-1.046
-1.338,-0.626
-1.264,-0.391
-1.361,0.296
-1.384,-0.63
-1.705,-0.801
-1.724,0.94
-1.616,-1.549
-1.664,0.855
-1.894,-1.537
-1.814,1.489
-2.237,-0.286
-2.268,-1.637
-2.269,-0.505
-2.167,-1.541
-2.182,-1.273
-2.375,-0.419
-2.343,-1.957
-2.494,1.431
-2.41,-0.622
-2.517,-0.752
-2.55,-0.722
-2.644,1.36
-2.678,0.788
-2.574,-0.813
-2.605,-0.104
-2.629,-0.129
-2.799,-0.477
-2.702,-1.329
-2.843,-2.577
-2.834,-2.552
2.893,-2.767
2.592,-2.476
2.465,-2.724
1.947,-2.847
1.772,-2.82
1.17,-2.928
0.871,-2.442
0.65,-2.786
0.64,-2.843
0.512,-2.752
0.459,-2.8
0.448,-2.93
0.161,-2.805
0.073,-2.617
-0.366,-2.523
-0.941,-2.93
-1.643,-2.625
-1.916,-2.952
-2.463,-2.63
-2.542,-2.755
-2.755,1.633
2.634,1.747
1.367,1.619
1.077,1.857
0.126,1.769
-0.068,1.635
-0.265,1.837
-0.535,1.667
-0.698,1.69
2.586,-0.26
2.578,0.953
0.939,-1.825
-1.869,-1.84
3.072,-0.993
3.048,-1.3
-0.778,0.547
-1.998,1.008
-2.328,0.317
-3.015,0.86
2.575,-0.623
2.281,-1.274
0.627,0.211
0.302,0.96
0.255,0.141
0.308,-1.609
0.003,0.194
-1.204,0.841
-2.015,1.373
-2.418,-2.94
0.3,1.751
1.956,1.775
2.174,1.078
-0.051,0.972
-0.068,0.698
-0.064,-0.621
-0.215,2.691
-0.239,0.486
-0.168,-0.462
-0.284,0.354
-0.258,2.045
-0.402,1.746
-0.383,3.194
-0.434,2.076
-0.558,-0.463
-0.462,0.604
-0.612,-0.472
-0.658,2.68
-0.691,-0.482
-0.711,1.67
-0.594,0.155
-0.643,2.538
-0.863,3.084
-0.916,2.243
-1.052,0.767
-1.211,1.187
-1.137,1.422
-1.234,2.109
-1.257,1.183
-1.578,1.012
-1.597,2.753
-1.489,0.264
-1.537,2.668
-1.767,0.276
-1.687,3.302
-2.11,1.527
-2.141,0.176
-2.142,1.308
-2.04,0.272
-2.055,0.54
-2.248,1.394
-2.216,-0.144
-2.367,3.244
-2.283,1.191
-2.39,1.061
-2.423,1.091
-2.517,3.173
-2.551,2.601
-2.447,1.0
-2.478,1.709
-2.502,1.684
-2.672,1.336
-2.575,0.484
-2.716,-0.764
-2.707,-0.739
3.02,-0.954
2.719,-0.663
2.592,-0.911
2.074,-1.034
1.899,-1.007
1.297,-1.115
0.998,-0.629
0.777,-0.973
0.767,-1.03
0.639,-0.939
0.586,-0.987
0.575,-1.117
0.288,-0.992
0.2,-0.804
-0.239,-0.71
-0.814,-1.117
-1.516,-0.812
-1.789,-1.139
-2.336,-0.817
-2.415,-0.942
-2.628,3.446
2.761,3.56
1.494,3.432
1.204,3.67
0.253,3.582
0.059,3.448
-0.138,3.65
-0.408,3.48
-0.571,3.503
2.713,1.553
2.705,2.766
1.066,-0.012
-1.742,-0.027
-3.084,0.82
-3.108,0.513
-0.651,2.36
-1.871,2.821
-2.201,2.13
-2.888,2.673
2.702,1.19
2.408,0.539
0.754,2.024
0.429,2.773
0.382,1.954
0.435,0.204
0.13,2.007
-1.077,2.654
-1.888,3.186
-2.291,-1.127
0.427,3.564
2.083,3.588
2.301,2.891
-0.017,-0.274
-0.013,-1.593
-0.164,1.719
-0.188,-0.486
-0.117,-1.434
-0.233,-0.618
-0.207,1.073
-0.351,0.774
-0.332,2.222
-0.383,1.104
-0.507,-1.435
-0.411,-0.368
-0.561,-1.444
-0.607,1.708
-0.64,-1.454
-0.66,0.698
-0.543,-0.817
-0.592,1.566
-0.812,2.112
-0.865,1.271
-1.001,-0.205
-1.16,0.215
-1.086,0.45
-1.183,1.137
-1.206,0.211
-1.527,0.04
-1.546,1.781
-1.438,-0.708
-1.486,1.696
-1.716,-0.696
-1.636,2.33
-2.059,0.555
-2.09,-0.796
-2.091,0.336
-1.989,-0.7
-2.004,-0.432
-2.197,0.422
-2.165,-1.116
-2.316,2.272
-2.232,0.219
-2.339,0.089
-2.372,0.119
-2.466,2.201
-2.5,1.629
-2.396,0.028
-2.427,0.737
-2.451,0.712
-2.621,0.364
-2.524,-0.488
-2.665,-1.736
-2.656,-1.711
3.071,-1.926
2.77,-1.635
2.643,-1.883
2.125,-2.006
1.95,-1.979
1.348,-2.087
1.049,-1.601
0.828,-1.945
0.818,-2.002
0.69,-1.911
0.637,-1.959
0.626,-2.089
0.339,-1.964
0.251,-1.776
-0.188,-1.682
-0.763,-2.089
-1.465,-1.784
-1.738,-2.111
-2.285,-1.789
-2.364,-1.914
-2.577,2.474
2.812,2.588
1.545,2.46
1.255,2.698
0.304,2.61
0.11,2.476
-0.087,2.678
-0.357,2.508
-0.52,2.531
2.764,0.581
2.756,1.794
1.117,-0.984
-1.691,-0.999
-3.033,-0.152
-3.057,-0.459
-0.6,1.388
-1.82,1.849
-2.15,1.158
-2.837,1.701
2.753,0.218
2.459,-0.433
0.805,1.052
0.48,1.801
0.433,0.982
0.486,-0.768
0.181,1.035
-1.026,1.682
-1.837,2.214
-2.24,-2.099
0.478,2.592
2.134,2.616
2.352,1.919
0.004,-1.319
-0.147,1.993
-0.171,-0.212
-0.1,-1.16
-0.216,-0.344
-0.19,1.347
-0.334,1.048
-0.315,2.496
-0.366,1.378
-0.49,-1.161
-0.394,-0.094
-0.544,-1.17
-0.59,1.982
-0.623,-1.18
-0.643,0.972
-0.526,-0.543
-0.575,1.84
-0.795,2.386
-0.848,1.545
-0.984,0.069
-1.143,0.489
-1.069,0.724
-1.166,1.411
-1.189,0.485
-1.51,0.314
-1.529,2.055
-1.421,-0.434
-1.469,1.97
-1.699,-0.422
-1.619,2.604
-2.042,0.829
-2.073,-0.522
-2.074,0.61
-1.972,-0.426
-1.987,-0.158
-2.18,0.696
-2.148,-0.842
-2.299,2.546
-2.215,0.493
-2.322,0.363
-2.355,0.393
-2.449,2.475
-2.483,1.903
-2.379,0.302
-2.41,1.011
-2.434,0.986
-2.604,0.638
-2.507,-0.214
-2.648,-1.462
-2.639,-1.437
3.088,-1.652
2.787,-1.361
2.66,-1.609
2.142,-1.732
1.967,-1.705
1.365,-1.813
1.066,-1.327
0.845,-1.671
0.835,-1.728
0.707,-1.637
0.654,-1.685
0.643,-1.815
0.356,-1.69
0.268,-1.502
-0.171,-1.408
-0.746,-1.815
-1.448,-1.51
-1.721,-1.837
-2.268,-1.515
-2.347,-1.64
-2.56,2.748
2.829,2.862
1.562,2.734
1.272,2.972
0.321,2.884
0.127,2.75
-0.07,2.952
-0.34,2.782
-0.503,2.805
2.781,0.855
2.773,2.068
1.134,-0.71
-1.674,-0.725
-3.016,0.122
-3.04,-0.185
-0.583,1.662
-1.803,2.123
-2.133,1.432
-2.82,1.975
2.77,0.492
2.476,-0.159
0.822,1.326
0.497,2.075
0.45,1.256
0.503,-0.494
0.198,1.309
-1.009,1.956
-1.82,2.488
-2.223,-1.825
0.495,2.866
2.151,2.89
2.369,2.193
-0.151,3.312
-0.175,1.107
-0.104,0.159
-0.22,0.975
-0.194,2.666
-0.338,2.367
-0.319,3.815
-0.37,2.697
-0.494,0.158
-0.398,1.225
-0.548,0.149
-0.594,3.301
-0.627,0.139
-0.647,2.291
-0.53,0.776
-0.579,3.159
-0.799,3.705
-0.852,2.864
-0.988,1.388
-1.147,1.808
-1.073,2.043
-1.17,2.73
-1.193,1.804
-1.514,1.633
-1.533,3.374
-1.425,0.885
-1.473,3.289
-1.703,0.897
-1.623,3.923
-2.046,2.148
-2.077,0.797
-2.078,1.929
-1.976,0.893
-1.991,1.161
-2.184,2.015
-2.152,0.477
-2.303,3.865
-2.219,1.812
-2.326,1.682
-2.359,1.712
-2.453,3.794
-2.487,3.222
-2.383,1.621
-2.414,2.33
-2.438,2.305
-2.608,1.957
-2.511,1.105
-2.652,-0.143
-2.643,-0.118
3.084,-0.333
2.783,-0.042
2.656,-0.29
2.138,-0.413
1.963,-0.386
1.361,-0.494
1.062,-0.008
0.841,-0.352
0.831,-0.409
0.703,-0.318
0.65,-0.366
0.639,-0.496
0.352,-0.371
0.264,-0.183
-0.175,-0.089
-0.75,-0.496
-1.452,-0.191
-1.725,-0.518
-2.272,-0.196
-2.351,-0.321
-2.564,4.067
2.825,4.181
1.558,4.053
1.268,4.291
0.317,4.203
0.123,4.069
-0.074,4.271
-0.344,4.101
-0.507,4.124
2.777,2.174
2.769,3.387
1.13,0.609
-1.678,0.594
-3.02,1.441
-3.044,1.134
-0.587,2.981
-1.807,3.442
-2.137,2.751
-2.824,3.294
2.766,1.811
2.472,1.16
0.818,2.645
0.493,3.394
0.446,2.575
0.499,0.825
0.194,2.628
-1.013,3.275
-1.824,3.807
-2.227,-0.506
0.491,4.185
2.147,4.209
2.365,3.512
-0.024,-2.205
0.047,-3.153
-0.069,-2.337
-0.043,-0.646
-0.187,-0.945
-0.168,0.503
-0.219,-0.615
-0.343,-3.154
-0.247,-2.087
-0.397,-3.163
-0.443,-0.011
-0.476,-3.173
-0.496,-1.021
-0.379,-2.536
-0.428,-0.153
-0.648,0.393
-0.701,-0.448
-0.837,-1.924
-0.996,-1.504
-0.922,-1.269
-1.019,-0.582
-1.042,-1.508
-1.363,-1.679
-1.382,0.062
-1.274,-2.427
-1.322,-0.023
-1.552,-2.415
-1.472,0.611
-1.895,-1.164
-1.926,-2.515
-1.927,-1.383
-1.825,-2.419
-1.84,-2.151
-2.033,-1.297
-2.001,-2.835
-2.152,0.553
-2.068,-1.5
-2.175,-1.63
-2.208,-1.6
-2.302,0.482
-2.336,-0.09
-2.232,-1.691
-2.263,-0.982
-2.287,-1.007
-2.457,-1.355
-2.36,-2.207
-2.501,-3.455
-2.492,-3.43
-3.048,-3.645
2.934,-3.354
2.807,-3.602
2.289,-3.725
2.114,-3.698
1.512,-3.806
1.213,-3.32
0.992,-3.664
0.982,-3.721
0.854,-3.63
0.801,-3.678
0.79,-3.808
0.503,-3.683
0.415,-3.495
-0.024,-3.401
-0.599,-3.808
-1.301,-3.503
-1.574,-3.83
-2.121,-3.508
-2.2,-3.633
-2.413,0.755
2.976,0.869
1.709,0.741
1.419,0.979
0.468,0.891
0.274,0.757
0.077,0.959
-0.193,0.789
-0.356,0.812
2.928,-1.138
2.92,0.075
1.281,-2.703
-1.527,-2.718
-2.869,-1.871
-2.893,-2.178
-0.436,-0.331
-1.656,0.13
-1.986,-0.561
-2.673,-0.018
2.917,-1.501
2.623,-2.152
0.969,-0.667
0.644,0.082
0.597,-0.737
0.65,-2.487
0.345,-0.684
-0.862,-0.037
-1.673,0.495
-2.076,-3.818
0.642,0.873
2.298,0.897
2.516,0.2
0.071,-0.948
-0.045,-0.132
-0.019,1.559
-0.163,1.26
-0.144,2.708
-0.195,1.59
-0.319,-0.949
-0.223,0.118
-0.373,-0.958
-0.419,2.194
-0.452,-0.968
-0.472,1.184
-0.355,-0.331
-0.404,2.052
-0.624,2.598
-0.677,1.757
-0.813,0.281
-0.972,0.701
-0.898,0.936
-0.995,1.623
-1.018,0.697
-1.339,0.526
-1.358,2.267
-1.25,-0.222
-1.298,2.182
-1.528,-0.21
-1.448,2.816
-1.871,1.041
-1.902,-0.31
-1.903,0.822
-1.801,-0.214
-1.816,0.054
-2.009,0.908
-1.977,-0.63
-2.128,2.758
-2.044,0.705
-2.151,0.575
-2.184,0.605
-2.278,2.687
-2.312,2.115
-2.208,0.514
-2.239,1.223
-2.263,1.198
-2.433,0.85
-2.336,-0.002
-2.477,-1.25
-2.468,-1.225
-3.024,-1.44
2.958,-1.149
2.831,-1.397
2.313,-1.52
2.138,-1.493
1.536,-1.601
1.237,-1.115
1.016,-1.459
1.006,-1.516
0.878,-1.425
0.825,-1.473
0.814,-1.603
0.527,-1.478
0.439,-1.29
0.0,-1.196
-0.575,-1.603
-1.277,-1.298
-1.55,-1.625
-2.097,-1.303
-2.176,-1.428
-2.389,2.96
3.0,3.074
1.733,2.946
1.443,3.184
0.492,3.096
0.298,2.962
0.101,3.164
-0.169,2.994
-0.332,3.017
2.952,1.067
2.944,2.28
1.305,-0.498
-1.503,-0.513
-2.845,0.334
-2.869,0.027
-0.412,1.874
-1.632,2.335
-1.962,1.644
-2.649,2.187
2.941,0.704
2.647,0.053
0.993,1.538
0.668,2.287
0.621,1.468
0.674,-0.282
0.369,1.521
-0.838,2.168
-1.649,2.7
-2.052,-1.613
0.666,3.078
2.322,3.102
2.54,2.405
-0.116,0.816
-0.09,2.507
-0.234,2.208
-0.215,3.656
-0.266,2.538
-0.39,-0.001
-0.294,1.066
-0.444,-0.01
-0.49,3.142
-0.523,-0.02
-0.543,2.132
-0.426,0.617
-0.475,3.0
-0.695,3.546
-0.748,2.705
-0.884,1.229
-1.043,1.649
-0.969,1.884
-1.066,2.571
-1.089,1.645
-1.41,1.474
-1.429,3.215
-1.321,0.726
-1.369,3.13
-1.599,0.738
-1.519,3.764
-1.942,1.989
-1.973,0.638
-1.974,1.77
-1.872,0.734
-1.887,1.002
-2.08,1.856
-2.048,0.318
-2.199,3.706
-2.115,1.653
-2.222,1.523
-2.255,1.553
-2.349,3.635
-2.383,3.063
-2.279,1.462
-2.31,2.171
-2.334,2.146
-2.504,1.798
-2.407,0.946
-2.548,-0.302
-2.539,-0.277
-3.095,-0.492
2.887,-0.201
2.76,-0.449
2.242,-0.572
2.067,-0.545
1.465,-0.653
1.166,-0.167
0.945,-0.511
0.935,-0.568
0.807,-0.477
0.754,-0.525
0.743,-0.655
0.456,-0.53
0.368,-0.342
-0.071,-0.248
-0.646,-0.655
-1.348,-0.35
-1.621,-0.677
-2.168,-0.355
-2.247,-0.48
-2.46,3.908
2.929,4.022
1.662,3.894
1.372,4.132
0.421,4.044
0.227,3.91
0.03,4.112
-0.24,3.942
-0.403,3.965
2.881,2.015
2.873,3.228
1.234,0.45
-1.574,0.435
-2.916,1.282
-2.94,0.975
-0.483,2.822
-1.703,3.283
-2.033,2.592
-2.72,3.135
2.87,1.652
2.576,1.001
0.922,2.486
0.597,3.235
0.55,2.416
0.603,0.666
0.298,2.469
-0.909,3.116
-1.72,3.648
-2.123,-0.665
0.595,4.026
2.251,4.05
2.469,3.353
0.026,1.691
-0.118,1.392
-0.099,2.84
-0.15,1.722
-0.274,-0.817
-0.178,0.25
-0.328,-0.826
-0.374,2.326
-0.407,-0.836
-0.427,1.316
-0.31,-0.199
-0.359,2.184
-0.579,2.73
-0.632,1.889
-0.768,0.413
-0.927,0.833
-0.853,1.068
-0.95,1.755
-0.973,0.829
-1.294,0.658
-1.313,2.399
-1.205,-0.09
-1.253,2.314
-1.483,-0.078
-1.403,2.948
-1.826,1.173
-1.857,-0.178
-1.858,0.954
-1.756,-0.082
-1.771,0.186
-1.964,1.04
-1.932,-0.498
-2.083,2.89
-1.999,0.837
-2.106,0.707
-2.139,0.737
-2.233,2.819
-2.267,2.247
-2.163,0.646
-2.194,1.355
-2.218,1.33
-2.388,0.982
-2.291,0.13
-2.432,-1.118
-2.423,-1.093
-2.979,-1.308
3.003,-1.017
2.876,-1.265
2.358,-1.388
2.183,-1.361
1.581,-1.469
1.282,-0.983
1.061,-1.327
1.051,-1.384
0.923,-1.293
0.87,-1.341
0.859,-1.471
0.572,-1.346
0.484,-1.158
0.045,-1.064
-0.53,-1.471
-1.232,-1.166
-1.505,-1.493
-2.052,-1.171
-2.131,-1.296
-2.344,3.092
3.045,3.206
1.778,3.078
1.488,3.316
0.537,3.228
0.343,3.094
0.146,3.296
-0.124,3.126
-0.287,3.149
2.997,1.199
2.989,2.412
1.35,-0.366
-1.458,-0.381
-2.8,0.466
-2.824,0.159
-0.367,2.006
-1.587,2.467
-1.917,1.776
-2.604,2.319
2.986,0.836
2.692,0.185
1.038,1.67
0.713,2.419
0.666,1.6
0.719,-0.15
0.414,1.653
-0.793,2.3
-1.604,2.832
-2.007,-1.481
0.711,3.21
2.367,3.234
2.585,2.537
-0.144,-0.299
-0.125,1.149
-0.176,0.031
-0.3,-2.508
-0.204,-1.441
-0.354,-2.517
-0.4,0.635
-0.433,-2.527
-0.453,-0.375
-0.336,-1.89
-0.385,0.493
-0.605,1.039
-0.658,0.198
-0.794,-1.278
-0.953,-0.858
-0.879,-0.623
-0.976,0.064
-0.999,-0.862
-1.32,-1.033
-1.339,0.708
-1.231,-1.781
-1.279,0.623
-1.509,-1.769
-1.429,1.257
-1.852,-0.518
-1.883,-1.869
-1.884,-0.737
-1.782,-1.773
-1.797,-1.505
-1.99,-0.651
-1.958,-2.189
-2.109,1.199
-2.025,-0.854
-2.132,-0.984
-2.165,-0.954
-2.259,1.128
-2.293,0.556
-2.189,-1.045
-2.22,-0.336
-2.244,-0.361
-2.414,-0.709
-2.317,-1.561
-2.458,-2.809
-2.449,-2.784
-3.005,-2.999
2.977,-2.708
2.85,-2.956
2.332,-3.079
2.157,-3.052
1.555,-3.16
1.256,-2.674
1.035,-3.018
1.025,-3.075
0.897,-2.984
0.844,-3.032
0.833,-3.162
0.546,-3.037
0.458,-2.849
0.019,-2.755
-0.556,-3.162
-1.258,-2.857
-1.531,-3.184
-2.078,-2.862
-2.157,-2.987
-2.37,1.401
3.019,1.515
1.752,1.387
1.462,1.625
0.511,1.537
0.317,1.403
0.12,1.605
-0.15,1.435
-0.313,1.458
2.971,-0.492
2.963,0.721
1.324,-2.057
-1.484,-2.072
-2.826,-1.225
-2.85,-1.532
-0.393,0.315
-1.613,0.776
-1.943,0.085
-2.63,0.628
2.96,-0.855
2.666,-1.506
1.012,-0.021
0.687,0.728
0.64,-0.091
0.693,-1.841
0.388,-0.038
-0.819,0.609
-1.63,1.141
-2.033,-3.172
0.685,1.519
2.341,1.543
2.559,0.846
0.019,1.448
-0.032,0.33
-0.156,-2.209
-0.06,-1.142
-0.21,-2.218
-0.256,0.934
-0.289,-2.228
-0.309,-0.076
-0.192,-1.591
-0.241,0.792
-0.461,1.338
-0.514,0.497
-0.65,-0.979
-0.809,-0.559
-0.735,-0.324
-0.832,0.363
-0.855,-0.563
-1.176,-0.734
-1.195,1.007
-1.087,-1.482
-1.135,0.922
-1.365,-1.47
-1.285,1.556
-1.708,-0.219
-1.739,-1.57
-1.74,-0.438
-1.638,-1.474
-1.653,-1.206
-1.846,-0.352
-1.814,-1.89
-1.965,1.498
-1.881,-0.555
-1.988,-0.685
-2.021,-0.655
-2.115,1.427
-2.149,0.855
-2.045,-0.746
-2.076,-0.037
-2.1,-0.062
-2.27,-0.41
-2.173,-1.262
-2.314,-2.51
-2.305,-2.485
-2.861,-2.7
3.121,-2.409
2.994,-2.657
2.476,-2.78
2.301,-2.753
1.699,-2.861
1.4,-2.375
1.179,-2.719
1.169,-2.776
1.041,-2.685
0.988,-2.733
0.977,-2.863
0.69,-2.738
0.602,-2.55
0.163,-2.456
-0.412,-2.863
-1.114,-2.558
-1.387,-2.885
-1.934,-2.563
-2.013,-2.688
-2.226,1.7
-3.12,1.814
1.896,1.686
1.606,1.924
0.655,1.836
0.461,1.702
0.264,1.904
-0.006,1.734
-0.169,1.757
3.115,-0.193
3.107,1.02
1.468,-1.758
-1.34,-1.773
-2.682,-0.926
-2.706,-1.233
-0.249,0.614
-1.469,1.075
-1.799,0.384
-2.486,0.927
3.104,-0.556
2.81,-1.207
1.156,0.278
0.831,1.027
0.784,0.208
0.837,-1.542
0.532,0.261
-0.675,0.908
-1.486,1.44
-1.889,-2.873
0.829,1.818
2.485,1.842
2.703,1.145
-0.051,-1.118
-0.175,-3.657
-0.079,-2.59
-0.229,-3.666
-0.275,-0.514
-0.308,-3.676
-0.328,-1.524
-0.211,-3.039
-0.26,-0.656
-0.48,-0.11
-0.533,-0.951
-0.669,-2.427
-0.828,-2.007
-0.754,-1.772
-0.851,-1.085
-0.874,-2.011
-1.195,-2.182
-1.214,-0.441
-1.106,-2.93
-1.154,-0.526
-1.384,-2.918
-1.304,0.108
-1.727,-1.667
-1.758,-3.018
-1.759,-1.886
-1.657,-2.922
-1.672,-2.654
-1.865,-1.8
-1.833,-3.338
-1.984,0.05
-1.9,-2.003
-2.007,-2.133
-2.04,-2.103
-2.134,-0.021
-2.168,-0.593
-2.064,-2.194
-2.095,-1.485
-2.119,-1.51
-2.289,-1.858
-2.192,-2.71
-2.333,-3.958
-2.324,-3.933
-2.88,-4.148
3.102,-3.857
2.975,-4.105
2.457,-4.228
2.282,-4.201
1.68,-4.309
1.381,-3.823
1.16,-4.167
1.15,-4.224
1.022,-4.133
0.969,-4.181
0.958,-4.311
0.671,-4.186
0.583,-3.998
0.144,-3.904
-0.431,-4.311
-1.133,-4.006
-1.406,-4.333
-1.953,-4.011
-2.032,-4.136
-2.245,0.252
-3.139,0.366
1.877,0.238
1.587,0.476
0.636,0.388
0.442,0.254
0.245,0.456
-0.025,0.286
-0.188,0.309
3.096,-1.641
3.088,-0.428
1.449,-3.206
-1.359,-3.221
-2.701,-2.374
-2.725,-2.681
-0.268,-0.834
-1.488,-0.373
-1.818,-1.064
-2.505,-0.521
3.085,-2.004
2.791,-2.655
1.137,-1.17
0.812,-0.421
0.765,-1.24
0.818,-2.99
0.513,-1.187
-0.694,-0.54
-1.505,-0.008
-1.908,-4.321
0.81,0.37
2.466,0.394
2.684,-0.303
-0.124,-2.539
-0.028,-1.472
-0.178,-2.548
-0.224,0.604
-0.257,-2.558
-0.277,-0.406
-0.16,-1.921
-0.209,0.462
-0.429,1.008
-0.482,0.167
-0.618,-1.309
-0.777,-0.889
-0.703,-0.654
-0.8,0.033
-0.823,-0.893
-1.144,-1.064
-1.163,0.677
-1.055,-1.812
-1.103,0.592
-1.333,-1.8
-1.253,1.226
-1.676,-0.549
-1.707,-1.9
-1.708,-0.768
-1.606,-1.804
-1.621,-1.536
-1.814,-0.682
-1.782,-2.22
-1.933,1.168
-1.849,-0.885
-1.956,-1.015
-1.989,-0.985
-2.083,1.097
-2.117,0.525
-2.013,-1.076
-2.044,-0.367
-2.068,-0.392
-2.238,-0.74
-2.141,-1.592
-2.282,-2.84
-2.273,-2.815
-2.829,-3.03
-3.13,-2.739
3.026,-2.987
2.508,-3.11
2.333,-3.083
1.731,-3.191
1.432,-2.705
1.211,-3.049
1.201,-3.106
1.073,-3.015
1.02,-3.063
1.009,-3.193
0.722,-3.068
0.634,-2.88
0.195,-2.786
-0.38,-3.193
-1.082,-2.888
-1.355,-3.215
-1.902,-2.893
-1.981,-3.018
-2.194,1.37
-3.088,1.484
1.928,1.356
1.638,1.594
0.687,1.506
0.493,1.372
0.296,1.574
0.026,1.404
-0.137,1.427
-3.136,-0.523
3.139,0.69
1.5,-2.088
-1.308,-2.103
-2.65,-1.256
-2.674,-1.563
-0.217,0.284
-1.437,0.745
-1.767,0.054
-2.454,0.597
3.136,-0.886
2.842,-1.537
1.188,-0.052
0.863,0.697
0.816,-0.122
0.869,-1.872
0.564,-0.069
-0.643,0.578
-1.454,1.11
-1.857,-3.203
0.861,1.488
2.517,1.512
2.735,0.815
0.096,1.067
-0.054,-0.009
-0.1,3.143
-0.133,-0.019
-0.153,2.133
-0.036,0.618
-0.085,3.001
-0.305,3.547
-0.358,2.706
-0.494,1.23
-0.653,1.65
-0.579,1.885
-0.676,2.572
-0.699,1.646
-1.02,1.475
-1.039,3.216
-0.931,0.727
-0.979,3.131
-1.209,0.739
-1.129,3.765
-1.552,1.99
-1.583,0.639
-1.584,1.771
-1.482,0.735
-1.497,1.003
-1.69,1.857
-1.658,0.319
-1.809,3.707
-1.725,1.654
-1.832,1.524
-1.865,1.554
-1.959,3.636
-1.993,3.064
-1.889,1.463
-1.92,2.172
-1.944,2.147
-2.114,1.799
-2.017,0.947
-2.158,-0.301
-2.149,-0.276
-2.705,-0.491
-3.006,-0.2
-3.133,-0.448
2.632,-0.571
2.457,-0.544
1.855,-0.652
1.556,-0.166
1.335,-0.51
1.325,-0.567
1.197,-0.476
1.144,-0.524
1.133,-0.654
0.846,-0.529
0.758,-0.341
0.319,-0.247
-0.256,-0.654
-0.958,-0.349
-1.231,-0.676
-1.778,-0.354
-1.857,-0.479
-2.07,3.909
-2.964,4.023
2.052,3.895
1.762,4.133
0.811,4.045
0.617,3.911
0.42,4.113
0.15,3.943
-0.013,3.966
-3.012,2.016
-3.02,3.229
1.624,0.451
-1.184,0.436
-2.526,1.283
-2.55,0.976
-0.093,2.823
-1.313,3.284
-1.643,2.593
-2.33,3.136
-3.023,1.653
2.966,1.002
1.312,2.487
0.987,3.236
0.94,2.417
0.993,0.667
0.688,2.47
-0.519,3.117
-1.33,3.649
-1.733,-0.664
0.985,4.027
2.641,4.051
2.859,3.354
-0.15,-1.076
-0.196,2.076
-0.229,-1.086
-0.249,1.066
-0.132,-0.449
-0.181,1.934
-0.401,2.48
-0.454,1.639
-0.59,0.163
-0.749,0.583
-0.675,0.818
-0.772,1.505
-0.795,0.579
-1.116,0.408
-1.135,2.149
-1.027,-0.34
-1.075,2.064
-1.305,-0.328
-1.225,2.698
-1.648,0.923
-1.679,-0.428
-1.68,0.704
-1.578,-0.332
-1.593,-0.064
-1.786,0.79
-1.754,-0.748
-1.905,2.64
-1.821,0.587
-1.928,0.457
-1.961,0.487
-2.055,2.569
-2.089,1.997
-1.985,0.396
-2.016,1.105
-2.04,1.08
-2.21,0.732
-2.113,-0.12
-2.254,-1.368
-2.245,-1.343
-2.801,-1.558
-3.102,-1.267
3.054,-1.515
2.536,-1.638
2.361,-1.611
1.759,-1.719
1.46,-1.233
1.239,-1.577
1.229,-1.634
1.101,-1.543
1.048,-1.591
1.037,-1.721
0.75,-1.596
0.662,-1.408
0.223,-1.314
-0.352,-1.721
-1.054,-1.416
-1.327,-1.743
-1.874,-1.421
-1.953,-1.546
-2.166,2.842
-3.06,2.956
1.956,2.828
1.666,3.066
0.715,2.978
0.521,2.844
0.324,3.046
0.054,2.876
-0.109,2.899
-3.108,0.949
-3.116,2.162
1.528,-0.616
-1.28,-0.631
-2.622,0.216
-2.646,-0.091
-0.189,1.756
-1.409,2.217
-1.739,1.526
-2.426,2.069
-3.119,0.586
2.87,-0.065
1.216,1.42
0.891,2.169
0.844,1.35
0.897,-0.4
0.592,1.403
-0.615,2.05
-1.426,2.582
-1.829,-1.731
0.889,2.96
2.545,2.984
2.763,2.287
-0.046,3.152
-0.079,-0.01
-0.099,2.142
0.018,0.627
-0.031,3.01
-0.251,3.556
-0.304,2.715
-0.44,1.239
-0.599,1.659
-0.525,1.894
-0.622,2.581
-0.645,1.655
-0.966,1.484
-0.985,3.225
-0.877,0.736
-0.925,3.14
-1.155,0.748
-1.075,3.774
-1.498,1.999
-1.529,0.648
-1.53,1.78
-1.428,0.744
-1.443,1.012
-1.636,1.866
-1.604,0.328
-1.755,3.716
-1.671,1.663
-1.778,1.533
-1.811,1.563
-1.905,3.645
-1.939,3.073
-1.835,1.472
-1.866,2.181
-1.89,2.156
-2.06,1.808
-1.963,0.956
-2.104,-0.292
-2.095,-0.267
-2.651,-0.482
-2.952,-0.191
-3.079,-0.439
2.686,-0.562
2.511,-0.535
1.909,-0.643
1.61,-0.157
1.389,-0.501
1.379,-0.558
1.251,-0.467
1.198,-0.515
1.187,-0.645
0.9,-0.52
0.812,-0.332
0.373,-0.238
-0.202,-0.645
-0.904,-0.34
-1.177,-0.667
-1.724,-0.345
-1.803,-0.47
-2.016,3.918
-2.91,4.032
2.106,3.904
1.816,4.142
0.865,4.054
0.671,3.92
0.474,4.122
0.204,3.952
0.041,3.975
-2.958,2.025
-2.966,3.238
1.678,0.46
-1.13,0.445
-2.472,1.292
-2.496,0.985
-0.039,2.832
-1.259,3.293
-1.589,2.602
-2.276,3.145
-2.969,1.662
3.02,1.011
1.366,2.496
1.041,3.245
0.994,2.426
1.047,0.676
0.742,2.479
-0.465,3.126
-1.276,3.658
-1.679,-0.655
1.039,4.036
2.695,4.06
2.913,3.363
-0.033,-3.162
-0.053,-1.01
0.064,-2.525
0.015,-0.142
-0.205,0.404
-0.258,-0.437
-0.394,-1.913
-0.553,-1.493
-0.479,-1.258
-0.576,-0.571
-0.599,-1.497
-0.92,-1.668
-0.939,0.073
-0.831,-2.416
-0.879,-0.012
-1.109,-2.404
-1.029,0.622
-1.452,-1.153
-1.483,-2.504
-1.484,-1.372
-1.382,-2.408
-1.397,-2.14
-1.59,-1.286
-1.558,-2.824
-1.709,0.564
-1.625,-1.489
-1.732,-1.619
-1.765,-1.589
-1.859,0.493
-1.893,-0.079
-1.789,-1.68
-1.82,-0.971
-1.844,-0.996
-2.014,-1.344
-1.917,-2.196
-2.058,-3.444
-2.049,-3.419
-2.605,-3.634
-2.906,-3.343
-3.033,-3.591
2.732,-3.714
2.557,-3.687
1.955,-3.795
1.656,-3.309
1.435,-3.653
1.425,-3.71
1.297,-3.619
1.244,-3.667
1.233,-3.797
0.946,-3.672
0.858,-3.484
0.419,-3.39
-0.156,-3.797
-0.858,-3.492
-1.131,-3.819
-1.678,-3.497
-1.757,-3.622
-1.97,0.766
-2.864,0.88
2.152,0.752
1.862,0.99
0.911,0.902
0.717,0.768
0.52,0.97
0.25,0.8
0.087,0.823
-2.912,-1.127
-2.92,0.086
1.724,-2.692
-1.084,-2.707
-2.426,-1.86
-2.45,-2.167
0.007,-0.32
-1.213,0.141
-1.543,-0.55
-2.23,-0.007
-2.923,-1.49
3.066,-2.141
1.412,-0.656
1.087,0.093
1.04,-0.726
1.093,-2.476
0.788,-0.673
-0.419,-0.026
-1.23,0.506
-1.633,-3.807
1.085,0.884
2.741,0.908
2.959,0.211
-0.02,2.152
0.097,0.637
0.048,3.02
-0.172,3.566
-0.225,2.725
-0.361,1.249
-0.52,1.669
-0.446,1.904
-0.543,2.591
-0.566,1.665
-0.887,1.494
-0.906,3.235
-0.798,0.746
-0.846,3.15
-1.076,0.758
-0.996,3.784
-1.419,2.009
-1.45,0.658
-1.451,1.79
-1.349,0.754
-1.364,1.022
-1.557,1.876
-1.525,0.338
-1.676,3.726
-1.592,1.673
-1.699,1.543
-1.732,1.573
-1.826,3.655
-1.86,3.083
-1.756,1.482
-1.787,2.191
-1.811,2.166
-1.981,1.818
-1.884,0.966
-2.025,-0.282
-2.016,-0.257
-2.572,-0.472
-2.873,-0.181
-3.0,-0.429
2.765,-0.552
2.59,-0.525
1.988,-0.633
1.689,-0.147
1.468,-0.491
1.458,-0.548
1.33,-0.457
1.277,-0.505
1.266,-0.635
0.979,-0.51
0.891,-0.322
0.452,-0.228
-0.123,-0.635
-0.825,-0.33
-1.098,-0.657
-1.645,-0.335
-1.724,-0.46
-1.937,3.928
-2.831,4.042
2.185,3.914
1.895,4.152
0.944,4.064
0.75,3.93
0.553,4.132
0.283,3.962
0.12,3.985
-2.879,2.035
-2.887,3.248
1.757,0.47
-1.051,0.455
-2.393,1.302
-2.417,0.995
0.04,2.842
-1.18,3.303
-1.51,2.612
-2.197,3.155
-2.89,1.672
3.099,1.021
1.445,2.506
1.12,3.255
1.073,2.436
1.126,0.686
0.821,2.489
-0.386,3.136
-1.197,3.668
-1.6,-0.645
1.118,4.046
2.774,4.07
2.992,3.373
0.117,-1.515
0.068,0.868
-0.152,1.414
-0.205,0.573
-0.341,-0.903
-0.5,-0.483
-0.426,-0.248
-0.523,0.439
-0.546,-0.487
-0.867,-0.658
-0.886,1.083
-0.778,-1.406
-0.826,0.998
-1.056,-1.394
-0.976,1.632
-1.399,-0.143
-1.43,-1.494
-1.431,-0.362
-1.329,-1.398
-1.344,-1.13
-1.537,-0.276
-1.505,-1.814
-1.656,1.574
-1.572,-0.479
-1.679,-0.609
-1.712,-0.579
-1.806,1.503
-1.84,0.931
-1.736,-0.67
-1.767,0.039
-1.791,0.014
-1.961,-0.334
-1.864,-1.186
-2.005,-2.434
-1.996,-2.409
-2.552,-2.624
-2.853,-2.333
-2.98,-2.581
2.785,-2.704
2.61,-2.677
2.008,-2.785
1.709,-2.299
1.488,-2.643
1.478,-2.7
1.35,-2.609
1.297,-2.657
1.286,-2.787
0.999,-2.662
0.911,-2.474
0.472,-2.38
-0.103,-2.787
-0.805,-2.482
-1.078,-2.809
-1.625,-2.487
-1.704,-2.612
-1.917,1.776
-2.811,1.89
2.205,1.762
1.915,2.0
0.964,1.912
0.77,1.778
0.573,1.98
0.303,1.81
0.14,1.833
-2.859,-0.117
-2.867,1.096
1.777,-1.682
-1.031,-1.697
-2.373,-0.85
-2.397,-1.157
0.06,0.69
-1.16,1.151
-1.49,0.46
-2.177,1.003
-2.87,-0.48
3.119,-1.131
1.465,0.354
1.14,1.103
1.093,0.284
1.146,-1.466
0.841,0.337
-0.366,0.984
-1.177,1.516
-1.58,-2.797
1.138,1.894
2.794,1.918
3.012,1.221
-0.049,2.383
-0.269,2.929
-0.322,2.088
-0.458,0.612
-0.617,1.032
-0.543,1.267
-0.64,1.954
-0.663,1.028
-0.984,0.857
-1.003,2.598
-0.895,0.109
-0.943,2.513
-1.173,0.121
-1.093,3.147
-1.516,1.372
-1.547,0.021
-1.548,1.153
-1.446,0.117
-1.461,0.385
-1.654,1.239
-1.622,-0.299
-1.773,3.089
-1.689,1.036
-1.796,0.906
-1.829,0.936
-1.923,3.018
-1.957,2.446
-1.853,0.845
-1.884,1.554
-1.908,1.529
-2.078,1.181
-1.981,0.329
-2.122,-0.919
-2.113,-0.894
-2.669,-1.109
-2.97,-0.818
-3.097,-1.066
2.668,-1.189
2.493,-1.162
1.891,-1.27
1.592,-0.784
1.371,-1.128
1.361,-1.185
1.233,-1.094
1.18,-1.142
1.169,-1.272
0.882,-1.147
0.794,-0.959
0.355,-0.865
-0.22,-1.272
-0.922,-0.967
-1.195,-1.294
-1.742,-0.972
-1.821,-1.097
-2.034,3.291
-2.928,3.405
2.088,3.277
1.798,3.515
0.847,3.427
0.653,3.293
0.456,3.495
0.186,3.325
0.023,3.348
-2.976,1.398
-2.984,2.611
1.66,-0.167
-1.148,-0.182
-2.49,0.665
-2.514,0.358
-0.057,2.205
-1.277,2.666
-1.607,1.975
-2.294,2.518
-2.987,1.035
3.002,0.384
1.348,1.869
1.023,2.618
0.976,1.799
1.029,0.049
0.724,1.852
-0.483,2.499
-1.294,3.031
-1.697,-1.282
1.021,3.409
2.677,3.433
2.895,2.736
-0.22,0.546
-0.273,-0.295
-0.409,-1.771
-0.568,-1.351
-0.494,-1.116
-0.591,-0.429
-0.614,-1.355
-0.935,-1.526
-0.954,0.215
-0.846,-2.274
-0.894,0.13
-1.124,-2.262
-1.044,0.764
-1.467,-1.011
-1.498,-2.362
-1.499,-1.23
-1.397,-2.266
-1.412,-1.998
-1.605,-1.144
-1.573,-2.682
-1.724,0.706
-1.64,-1.347
-1.747,-1.477
-1.78,-1.447
-1.874,0.635
-1.908,0.063
-1.804,-1.538
-1.835,-0.829
-1.859,-0.854
-2.029,-1.202
-1.932,-2.054
-2.073,-3.302
-2.064,-3.277
-2.62,-3.492
-2.921,-3.201
-3.048,-3.449
2.717,-3.572
2.542,-3.545
1.94,-3.653
1.641,-3.167
1.42,-3.511
1.41,-3.568
1.282,-3.477
1.229,-3.525
1.218,-3.655
0.931,-3.53
0.843,-3.342
0.404,-3.248
-0.171,-3.655
-0.873,-3.35
-1.146,-3.677
-1.693,-3.355
-1.772,-3.48
-1.985,0.908
-2.879,1.022
2.137,0.894
1.847,1.132
0.896,1.044
0.702,0.91
0.505,1.112
0.235,0.942
0.072,0.965
-2.927,-0.985
-2.935,0.228
1.709,-2.55
-1.099,-2.565
-2.441,-1.718
-2.465,-2.025
-0.008,-0.178
-1.228,0.283
-1.558,-0.408
-2.245,0.135
-2.938,-1.348
3.051,-1.999
1.397,-0.514
1.072,0.235
1.025,-0.584
1.078,-2.334
0.773,-0.531
-0.434,0.116
-1.245,0.648
-1.648,-3.665
1.07,1.026
2.726,1.05
2.944,0.353
-0.053,-0.841
-0.189,-2.317
-0.348,-1.897
-0.274,-1.662
-0.371,-0.975
-0.394,-1.901
-0.715,-2.072
-0.734,-0.331
-0.626,-2.82
-0.674,-0.416
-0.904,-2.808
-0.824,0.218
-1.247,-1.557
-1.278,-2.908
-1.279,-1.776
-1.177,-2.812
-1.192,-2.544
-1.385,-1.69
-1.353,-3.228
-1.504,0.16
-1.42,-1.893
-1.527,-2.023
-1.56,-1.993
-1.654,0.089
-1.688,-0.483
-1.584,-2.084
-1.615,-1.375
-1.639,-1.4
-1.809,-1.748
-1.712,-2.6
-1.853,-3.848
-1.844,-3.823
-2.4,-4.038
-2.701,-3.747
-2.828,-3.995
2.937,-4.118
2.762,-4.091
2.16,-4.199
1.861,-3.713
1.64,-4.057
1.63,-4.114
1.502,-4.023
1.449,-4.071
1.438,-4.201
1.151,-4.076
1.063,-3.888
0.624,-3.794
0.049,-4.201
-0.653,-3.896
-0.926,-4.223
-1.473,-3.901
-1.552,-4.026
-1.765,0.362
-2.659,0.476
2.357,0.348
2.067,0.586
1.116,0.498
0.922,0.364
0.725,0.566
0.455,0.396
0.292,0.419
-2.707,-1.531
-2.715,-0.318
1.929,-3.096
-0.879,-3.111
-2.221,-2.264
-2.245,-2.571
0.212,-0.724
-1.008,-0.263
-1.338,-0.954
-2.025,-0.411
-2.718,-1.894
-3.012,-2.545
1.617,-1.06
1.292,-0.311
1.245,-1.13
1.298,-2.88
0.993,-1.077
-0.214,-0.43
-1.025,0.102
-1.428,-4.211
1.29,0.48
2.946,0.504
-3.119,-0.193
-0.136,-1.476
-0.295,-1.056
-0.221,-0.821
-0.318,-0.134
-0.341,-1.06
-0.662,-1.231
-0.681,0.51
-0.573,-1.979
-0.621,0.425
-0.851,-1.967
-0.771,1.059
-1.194,-0.716
-1.225,-2.067
-1.226,-0.935
-1.124,-1.971
-1.139,-1.703
-1.332,-0.849
-1.3,-2.387
-1.451,1.001
-1.367,-1.052
-1.474,-1.182
-1.507,-1.152
-1.601,0.93
-1.635,0.358
-1.531,-1.243
-1.562,-0.534
-1.586,-0.559
-1.756,-0.907
-1.659,-1.759
-1.8,-3.007
-1.791,-2.982
-2.347,-3.197
-2.648,-2.906
-2.775,-3.154
2.99,-3.277
2.815,-3.25
2.213,-3.358
1.914,-2.872
1.693,-3.216
1.683,-3.273
1.555,-3.182
1.502,-3.23
1.491,-3.36
1.204,-3.235
1.116,-3.047
0.677,-2.953
0.102,-3.36
-0.6,-3.055
-0.873,-3.382
-1.42,-3.06
-1.499,-3.185
-1.712,1.203
-2.606,1.317
2.41,1.189
2.12,1.427
1.169,1.339
0.975,1.205
0.778,1.407
0.508,1.237
0.345,1.26
-2.654,-0.69
-2.662,0.523
1.982,-2.255
-0.826,-2.27
-2.168,-1.423
-2.192,-1.73
0.265,0.117
-0.955,0.578
-1.285,-0.113
-1.972,0.43
-2.665,-1.053
-2.959,-1.704
1.67,-0.219
1.345,0.53
1.298,-0.289
1.351,-2.039
1.046,-0.236
-0.161,0.411
-0.972,0.943
-1.375,-3.37
1.343,1.321
2.999,1.345
-3.066,0.648
-0.159,0.42
-0.085,0.655
-0.182,1.342
-0.205,0.416
-0.526,0.245
-0.545,1.986
-0.437,-0.503
-0.485,1.901
-0.715,-0.491
-0.635,2.535
-1.058,0.76
-1.089,-0.591
-1.09,0.541
-0.988,-0.495
-1.003,-0.227
-1.196,0.627
-1.164,-0.911
-1.315,2.477
-1.231,0.424
-1.338,0.294
-1.371,0.324
-1.465,2.406
-1.499,1.834
-1.395,0.233
-1.426,0.942
-1.45,0.917
-1.62,0.569
-1.523,-0.283
-1.664,-1.531
-1.655,-1.506
-2.211,-1.721
-2.512,-1.43
-2.639,-1.678
3.126,-1.801
2.951,-1.774
2.349,-1.882
2.05,-1.396
1.829,-1.74
1.819,-1.797
1.691,-1.706
1.638,-1.754
1.627,-1.884
1.34,-1.759
1.252,-1.571
0.813,-1.477
0.238,-1.884
-0.464,-1.579
-0.737,-1.906
-1.284,-1.584
-1.363,-1.709
-1.576,2.679
-2.47,2.793
2.546,2.665
2.256,2.903
1.305,2.815
1.111,2.681
0.914,2.883
0.644,2.713
0.481,2.736
-2.518,0.786
-2.526,1.999
2.118,-0.779
-0.69,-0.794
-2.032,0.053
-2.056,-0.254
0.401,1.593
-0.819,2.054
-1.149,1.363
-1.836,1.906
-2.529,0.423
-2.823,-0.228
1.806,1.257
1.481,2.006
1.434,1.187
1.487,-0.563
1.182,1.24
-0.025,1.887
-0.836,2.419
-1.239,-1.894
1.479,2.797
3.135,2.821
-2.93,2.124
0.074,0.235
-0.023,0.922
-0.046,-0.004
-0.367,-0.175
-0.386,1.566
-0.278,-0.923
-0.326,1.481
-0.556,-0.911
-0.476,2.115
-0.899,0.34
-0.93,-1.011
-0.931,0.121
-0.829,-0.915
-0.844,-0.647
-1.037,0.207
-1.005,-1.331
-1.156,2.057
-1.072,0.004
-1.179,-0.126
-1.212,-0.096
-1.306,1.986
-1.34,1.414
-1.236,-0.187
-1.267,0.522
-1.291,0.497
-1.461,0.149
-1.364,-0.703
-1.505,-1.951
-1.496,-1.926
-2.052,-2.141
-2.353,-1.85
-2.48,-2.098
-2.998,-2.221
3.11,-2.194
2.508,-2.302
2.209,-1.816
1.988,-2.16
1.978,-2.217
1.85,-2.126
1.797,-2.174
1.786,-2.304
1.499,-2.179
1.411,-1.991
0.972,-1.897
0.397,-2.304
-0.305,-1.999
-0.578,-2.326
-1.125,-2.004
-1.204,-2.129
-1.417,2.259
-2.311,2.373
2.705,2.245
2.415,2.483
1.464,2.395
1.27,2.261
1.073,2.463
0.803,2.293
0.64,2.316
-2.359,0.366
-2.367,1.579
2.277,-1.199
-0.531,-1.214
-1.873,-0.367
-1.897,-0.674
0.56,1.173
-0.66,1.634
-0.99,0.943
-1.677,1.486
-2.37,0.003
-2.664,-0.648
1.965,0.837
1.64,1.586
1.593,0.767
1.646,-0.983
1.341,0.82
0.134,1.467
-0.677,1.999
-1.08,-2.314
1.638,2.377
-2.989,2.401
-2.771,1.704
-0.097,0.687
-0.12,-0.239
-0.441,-0.41
-0.46,1.331
-0.352,-1.158
-0.4,1.246
-0.63,-1.146
-0.55,1.88
-0.973,0.105
-1.004,-1.246
-1.005,-0.114
-0.903,-1.15
-0.918,-0.882
-1.111,-0.028
-1.079,-1.566
-1.23,1.822
-1.146,-0.231
-1.253,-0.361
-1.286,-0.331
-1.38,1.751
-1.414,1.179
-1.31,-0.422
-1.341,0.287
-1.365,0.262
-1.535,-0.086
-1.438,-0.938
-1.579,-2.186
-1.57,-2.161
-2.126,-2.376
-2.427,-2.085
-2.554,-2.333
-3.072,-2.456
3.036,-2.429
2.434,-2.537
2.135,-2.051
1.914,-2.395
1.904,-2.452
1.776,-2.361
1.723,-2.409
1.712,-2.539
1.425,-2.414
1.337,-2.226
0.898,-2.132
0.323,-2.539
-0.379,-2.234
-0.652,-2.561
-1.199,-2.239
-1.278,-2.364
-1.491,2.024
-2.385,2.138
2.631,2.01
2.341,2.248
1.39,2.16
1.196,2.026
0.999,2.228
0.729,2.058
0.566,2.081
-2.433,0.131
-2.441,1.344
2.203,-1.434
-0.605,-1.449
-1.947,-0.602
-1.971,-0.909
0.486,0.938
-0.734,1.399
-1.064,0.708
-1.751,1.251
-2.444,-0.232
-2.738,-0.883
1.891,0.602
1.566,1.351
1.519,0.532
1.572,-1.218
1.267,0.585
0.06,1.232
-0.751,1.764
-1.154,-2.549
1.564,2.142
-3.063,2.166
-2.845,1.469
-0.023,-0.926
-0.344,-1.097
-0.363,0.644
-0.255,-1.845
-0.303,0.559
-0.533,-1.833
-0.453,1.193
-0.876,-0.582
-0.907,-1.933
-0.908,-0.801
-0.806,-1.837
-0.821,-1.569
-1.014,-0.715
-0.982,-2.253
-1.133,1.135
-1.049,-0.918
-1.156,-1.048
-1.189,-1.018
-1.283,1.064
-1.317,0.492
-1.213,-1.109
-1.244,-0.4
-1.268,-0.425
-1.438,-0.773
-1.341,-1.625
-1.482,-2.873
-1.473,-2.848
-2.029,-3.063
-2.33,-2.772
-2.457,-3.02
-2.975,-3.143
3.133,-3.116
2.531,-3.224
2.232,-2.738
2.011,-3.082
2.001,-3.139
1.873,-3.048
1.82,-3.096
1.809,-3.226
1.522,-3.101
1.434,-2.913
0.995,-2.819
0.42,-3.226
-0.282,-2.921
-0.555,-3.248
-1.102,-2.926
-1.181,-3.051
-1.394,1.337
-2.288,1.451
2.728,1.323
2.438,1.561
1.487,1.473
1.293,1.339
1.096,1.541
0.826,1.371
0.663,1.394
-2.336,-0.556
-2.344,0.657
2.3,-2.121
-0.508,-2.136
-1.85,-1.289
-1.874,-1.596
0.583,0.251
-0.637,0.712
-0.967,0.021
-1.654,0.564
-2.347,-0.919
-2.641,-1.57
1.988,-0.085
1.663,0.664
1.616,-0.155
1.669,-1.905
1.364,-0.102
0.157,0.545
-0.654,1.077
-1.057,-3.236
1.661,1.455
-2.966,1.479
-2.748,0.782
-0.321,-0.171
-0.34,1.57
-0.232,-0.919
-0.28,1.485
-0.51,-0.907
-0.43,2.119
-0.853,0.344
-0.884,-1.007
-0.885,0.125
-0.783,-0.911
-0.798,-0.643
-0.991,0.211
-0.959,-1.327
-1.11,2.061
-1.026,0.008
-1.133,-0.122
-1.166,-0.092
-1.26,1.99
-1.294,1.418
-1.19,-0.183
-1.221,0.526
-1.245,0.501
-1.415,0.153
-1.318,-0.699
-1.459,-1.947
-1.45,-1.922
-2.006,-2.137
-2.307,-1.846
-2.434,-2.094
-2.952,-2.217
-3.127,-2.19
2.554,-2.298
2.255,-1.812
2.034,-2.156
2.024,-2.213
1.896,-2.122
1.843,-2.17
1.832,-2.3
1.545,-2.175
1.457,-1.987
1.018,-1.893
0.443,-2.3
-0.259,-1.995
-0.532,-2.322
-1.079,-2.0
-1.158,-2.125
-1.371,2.263
-2.265,2.377
2.751,2.249
2.461,2.487
1.51,2.399
1.316,2.265
1.119,2.467
0.849,2.297
0.686,2.32
-2.313,0.37
-2.321,1.583
2.323,-1.195
-0.485,-1.21
-1.827,-0.363
-1.851,-0.67
0.606,1.177
-0.614,1.638
-0.944,0.947
-1.631,1.49
-2.324,0.007
-2.618,-0.644
2.011,0.841
1.686,1.59
1.639,0.771
1.692,-0.979
1.387,0.824
0.18,1.471
-0.631,2.003
-1.034,-2.31
1.684,2.381
-2.943,2.405
-2.725,1.708
-0.019,1.741
0.089,-0.748
0.041,1.656
-0.189,-0.736
-0.109,2.29
-0.532,0.515
-0.563,-0.836
-0.564,0.296
-0.462,-0.74
-0.477,-0.472
-0.67,0.382
-0.638,-1.156
-0.789,2.232
-0.705,0.179
-0.812,0.049
-0.845,0.079
-0.939,2.161
-0.973,1.589
-0.869,-0.012
-0.9,0.697
-0.924,0.672
-1.094,0.324
-0.997,-0.528
-1.138,-1.776
-1.129,-1.751
-1.685,-1.966
-1.986,-1.675
-2.113,-1.923
-2.631,-2.046
-2.806,-2.019
2.875,-2.127
2.576,-1.641
2.355,-1.985
2.345,-2.042
2.217,-1.951
2.164,-1.999
2.153,-2.129
1.866,-2.004
1.778,-1.816
1.339,-1.722
0.764,-2.129
0.062,-1.824
-0.211,-2.151
-0.758,-1.829
-0.837,-1.954
-1.05,2.434
-1.944,2.548
3.072,2.42
2.782,2.658
1.831,2.57
1.637,2.436
1.44,2.638
1.17,2.468
1.007,2.491
-1.992,0.541
-2.0,1.754
2.644,-1.024
-0.164,-1.039
-1.506,-0.192
-1.53,-0.499
0.927,1.348
-0.293,1.809
-0.623,1.118
-1.31,1.661
-2.003,0.178
-2.297,-0.473
2.332,1.012
2.007,1.761
1.96,0.942
2.013,-0.808
1.708,0.995
0.501,1.642
-0.31,2.174
-0.713,-2.139
2.005,2.552
-2.622,2.576
-2.404,1.879
0.108,-2.489
0.06,-0.085
-0.17,-2.477
-0.09,0.549
-0.513,-1.226
-0.544,-2.577
-0.545,-1.445
-0.443,-2.481
-0.458,-2.213
-0.651,-1.359
-0.619,-2.897
-0.77,0.491
-0.686,-1.562
-0.793,-1.692
-0.826,-1.662
-0.92,0.42
-0.954,-0.152
-0.85,-1.753
-0.881,-1.044
-0.905,-1.069
-1.075,-1.417
-0.978,-2.269
-1.119,-3.517
-1.11,-3.492
-1.666,-3.707
-1.967,-3.416
-2.094,-3.664
-2.612,-3.787
-2.787,-3.76
2.894,-3.868
2.595,-3.382
2.374,-3.726
2.364,-3.783
2.236,-3.692
2.183,-3.74
2.172,-3.87
1.885,-3.745
1.797,-3.557
1.358,-3.463
0.783,-3.87
0.081,-3.565
-0.192,-3.892
-0.739,-3.57
-0.818,-3.695
-1.031,0.693
-1.925,0.807
3.091,0.679
2.801,0.917
1.85,0.829
1.656,0.695
1.459,0.897
1.189,0.727
1.026,0.75
-1.973,-1.2
-1.981,0.013
2.663,-2.765
-0.145,-2.78
-1.487,-1.933
-1.511,-2.24
0.946,-0.393
-0.274,0.068
-0.604,-0.623
-1.291,-0.08
-1.984,-1.563
-2.278,-2.214
2.351,-0.729
2.026,0.02
1.979,-0.799
2.032,-2.549
1.727,-0.746
0.52,-0.099
-0.291,0.433
-0.694,-3.88
2.024,0.811
-2.603,0.835
-2.385,0.138
-0.048,2.404
-0.278,0.012
-0.198,3.038
-0.621,1.263
-0.652,-0.088
-0.653,1.044
-0.551,0.008
-0.566,0.276
-0.759,1.13
-0.727,-0.408
-0.878,2.98
-0.794,0.927
-0.901,0.797
-0.934,0.827
-1.028,2.909
-1.062,2.337
-0.958,0.736
-0.989,1.445
-1.013,1.42
-1.183,1.072
-1.086,0.22
-1.227,-1.028
-1.218,-1.003
-1.774,-1.218
-2.075,-0.927
-2.202,-1.175
-2.72,-1.298
-2.895,-1.271
2.786,-1.379
2.487,-0.893
2.266,-1.237
2.256,-1.294
2.128,-1.203
2.075,-1.251
2.064,-1.381
1.777,-1.256
1.689,-1.068
1.25,-0.974
0.675,-1.381
-0.027,-1.076
-0.3,-1.403
-0.847,-1.081
-0.926,-1.206
-1.139,3.182
-2.033,3.296
2.983,3.168
2.693,3.406
1.742,3.318
1.548,3.184
1.351,3.386
1.081,3.216
0.918,3.239
-2.081,1.289
-2.089,2.502
2.555,-0.276
-0.253,-0.291
-1.595,0.556
-1.619,0.249
0.838,2.096
-0.382,2.557
-0.712,1.866
-1.399,2.409
-2.092,0.926
-2.386,0.275
2.243,1.76
1.918,2.509
1.871,1.69
1.924,-0.06
1.619,1.743
0.412,2.39
-0.399,2.922
-0.802,-1.391
1.916,3.3
-2.711,3.324
-2.493,2.627
-0.23,-2.392
-0.15,0.634
-0.573,-1.141
-0.604,-2.492
-0.605,-1.36
-0.503,-2.396
-0.518,-2.128
-0.711,-1.274
-0.679,-2.812
-0.83,0.576
-0.746,-1.477
-0.853,-1.607
-0.886,-1.577
-0.98,0.505
-1.014,-0.067
-0.91,-1.668
-0.941,-0.959
-0.965,-0.984
-1.135,-1.332
-1.038,-2.184
-1.179,-3.432
-1.17,-3.407
-1.726,-3.622
-2.027,-3.331
-2.154,-3.579
-2.672,-3.702
-2.847,-3.675
2.834,-3.783
2.535,-3.297
2.314,-3.641
2.304,-3.698
2.176,-3.607
2.123,-3.655
2.112,-3.785
1.825,-3.66
1.737,-3.472
1.298,-3.378
0.723,-3.785
0.021,-3.48
-0.252,-3.807
-0.799,-3.485
-0.878,-3.61
-1.091,0.778
-1.985,0.892
3.031,0.764
2.741,1.002
1.79,0.914
1.596,0.78
1.399,0.982
1.129,0.812
0.966,0.835
-2.033,-1.115
-2.041,0.098
2.603,-2.68
-0.205,-2.695
-1.547,-1.848
-1.571,-2.155
0.886,-0.308
-0.334,0.153
-0.664,-0.538
-1.351,0.005
-2.044,-1.478
-2.338,-2.129
2.291,-0.644
1.966,0.105
1.919,-0.714
1.972,-2.464
1.667,-0.661
0.46,-0.014
-0.351,0.518
-0.754,-3.795
1.964,0.896
-2.663,0.92
-2.445,0.223
0.08,3.026
-0.343,1.251
-0.374,-0.1
-0.375,1.032
-0.273,-0.004
-0.288,0.264
-0.481,1.118
-0.449,-0.42
-0.6,2.968
-0.516,0.915
-0.623,0.785
-0.656,0.815
-0.75,2.897
-0.784,2.325
-0.68,0.724
-0.711,1.433
-0.735,1.408
-0.905,1.06
-0.808,0.208
-0.949,-1.04
-0.94,-1.015
-1.496,-1.23
-1.797,-0.939
-1.924,-1.187
-2.442,-1.31
-2.617,-1.283
3.064,-1.391
2.765,-0.905
2.544,-1.249
2.534,-1.306
2.406,-1.215
2.353,-1.263
2.342,-1.393
2.055,-1.268
1.967,-1.08
1.528,-0.986
0.953,-1.393
0.251,-1.088
-0.022,-1.415
-0.569,-1.093
-0.648,-1.218
-0.861,3.17
-1.755,3.284
-3.022,3.156
2.971,3.394
2.02,3.306
1.826,3.172
1.629,3.374
1.359,3.204
1.196,3.227
-1.803,1.277
-1.811,2.49
2.833,-0.288
0.025,-0.303
-1.317,0.544
-1.341,0.237
1.116,2.084
-0.104,2.545
-0.434,1.854
-1.121,2.397
-1.814,0.914
-2.108,0.263
2.521,1.748
2.196,2.497
2.149,1.678
2.202,-0.072
1.897,1.731
0.69,2.378
-0.121,2.91
-0.524,-1.403
2.194,3.288
-2.433,3.312
-2.215,2.615
-0.423,-1.775
-0.454,-3.126
-0.455,-1.994
-0.353,-3.03
-0.368,-2.762
-0.561,-1.908
-0.529,-3.446
-0.68,-0.058
-0.596,-2.111
-0.703,-2.241
-0.736,-2.211
-0.83,-0.129
-0.864,-0.701
-0.76,-2.302
-0.791,-1.593
-0.815,-1.618
-0.985,-1.966
-0.888,-2.818
-1.029,-4.066
-1.02,-4.041
-1.576,-4.256
-1.877,-3.965
-2.004,-4.213
-2.522,-4.336
-2.697,-4.309
2.984,-4.417
2.685,-3.931
2.464,-4.275
2.454,-4.332
2.326,-4.241
2.273,-4.289
2.262,-4.419
1.975,-4.294
1.887,-4.106
1.448,-4.012
0.873,-4.419
0.171,-4.114
-0.102,-4.441
-0.649,-4.119
-0.728,-4.244
-0.941,0.144
-1.835,0.258
-3.102,0.13
2.891,0.368
1.94,0.28
1.746,0.146
1.549,0.348
1.279,0.178
1.116,0.201
-1.883,-1.749
-1.891,-0.536
2.753,-3.314
-0.055,-3.329
-1.397,-2.482
-1.421,-2.789
1.036,-0.942
-0.184,-0.481
-0.514,-1.172
-1.201,-0.629
-1.894,-2.112
-2.188,-2.763
2.441,-1.278
2.116,-0.529
2.069,-1.348
2.122,-3.098
1.817,-1.295
0.61,-0.648
-0.201,-0.116
-0.604,-4.429
2.114,0.262
-2.513,0.286
-2.295,-0.411
-0.031,-1.351
-0.032,-0.219
0.07,-1.255
0.055,-0.987
-0.138,-0.133
-0.106,-1.671
-0.257,1.717
-0.173,-0.336
-0.28,-0.466
-0.313,-0.436
-0.407,1.646
-0.441,1.074
-0.337,-0.527
-0.368,0.182
-0.392,0.157
-0.562,-0.191
-0.465,-1.043
-0.606,-2.291
-0.597,-2.266
-1.153,-2.481
-1.454,-2.19
-1.581,-2.438
-2.099,-2.561
-2.274,-2.534
-2.876,-2.642
3.108,-2.156
2.887,-2.5
2.877,-2.557
2.749,-2.466
2.696,-2.514
2.685,-2.644
2.398,-2.519
2.31,-2.331
1.871,-2.237
1.296,-2.644
0.594,-2.339
0.321,-2.666
-0.226,-2.344
-0.305,-2.469
-0.518,1.919
-1.412,2.033
-2.679,1.905
-2.969,2.143
2.363,2.055
2.169,1.921
1.972,2.123
1.702,1.953
1.539,1.976
-1.46,0.026
-1.468,1.239
-3.107,-1.539
0.368,-1.554
-0.974,-0.707
-0.998,-1.014
1.459,0.833
0.239,1.294
-0.091,0.603
-0.778,1.146
-1.471,-0.337
-1.765,-0.988
2.864,0.497
2.539,1.246
2.492,0.427
2.545,-1.323
2.24,0.48
1.033,1.127
0.222,1.659
-0.181,-2.654
2.537,2.037
-2.09,2.061
-1.872,1.364
-0.001,1.132
0.101,0.096
0.086,0.364
-0.107,1.218
-0.075,-0.32
-0.226,3.068
-0.142,1.015
-0.249,0.885
-0.282,0.915
-0.376,2.997
-0.41,2.425
-0.306,0.824
-0.337,1.533
-0.361,1.508
-0.531,1.16
-0.434,0.308
-0.575,-0.94
-0.566,-0.915
-1.122,-1.13
-1.423,-0.839
-1.55,-1.087
-2.068,-1.21
-2.243,-1.183
-2.845,-1.291
3.139,-0.805
2.918,-1.149
2.908,-1.206
2.78,-1.115
2.727,-1.163
2.716,-1.293
2.429,-1.168
2.341,-0.98
1.902,-0.886
1.327,-1.293
0.625,-0.988
0.352,-1.315
-0.195,-0.993
-0.274,-1.118
-0.487,3.27
-1.381,3.384
-2.648,3.256
-2.938,3.494
2.394,3.406
2.2,3.272
2.003,3.474
1.733,3.304
1.57,3.327
-1.429,1.377
-1.437,2.59
-3.076,-0.188
0.399,-0.203
-0.943,0.644
-0.967,0.337
1.49,2.184
0.27,2.645
-0.06,1.954
-0.747,2.497
-1.44,1.014
-1.734,0.363
2.895,1.848
2.57,2.597
2.523,1.778
2.576,0.028
2.271,1.831
1.064,2.478
0.253,3.01
-0.15,-1.303
2.568,3.388
-2.059,3.412
-1.841,2.715
0.102,-1.036
0.087,-0.768
-0.106,0.086
-0.074,-1.452
-0.225,1.936
-0.141,-0.117
-0.248,-0.247
-0.281,-0.217
-0.375,1.865
-0.409,1.293
-0.305,-0.308
-0.336,0.401
-0.36,0.376
-0.53,0.028
-0.433,-0.824
-0.574,-2.072
-0.565,-2.047
-1.121,-2.262
-1.422,-1.971
-1.549,-2.219
-2.067,-2.342
-2.242,-2.315
-2.844,-2.423
3.14,-1.937
2.919,-2.281
2.909,-2.338
2.781,-2.247
2.728,-2.295
2.717,-2.425
2.43,-2.3
2.342,-2.112
1.903,-2.018
1.328,-2.425
0.626,-2.12
0.353,-2.447
-0.194,-2.125
-0.273,-2.25
-0.486,2.138
-1.38,2.252
-2.647,2.124
-2.937,2.362
2.395,2.274
2.201,2.14
2.004,2.342
1.734,2.172
1.571,2.195
-1.428,0.245
-1.436,1.458
-3.075,-1.32
0.4,-1.335
-0.942,-0.488
-0.966,-0.795
1.491,1.052
0.271,1.513
-0.059,0.822
-0.746,1.365
-1.439,-0.118
-1.733,-0.769
2.896,0.716
2.571,1.465
2.524,0.646
2.577,-1.104
2.272,0.699
1.065,1.346
0.254,1.878
-0.149,-2.435
2.569,2.256
-2.058,2.28
-1.84,1.583
-0.015,0.268
-0.208,1.122
-0.176,-0.416
-0.327,2.972
-0.243,0.919
-0.35,0.789
-0.383,0.819
-0.477,2.901
-0.511,2.329
-0.407,0.728
-0.438,1.437
-0.462,1.412
-0.632,1.064
-0.535,0.212
-0.676,-1.036
-0.667,-1.011
-1.223,-1.226
-1.524,-0.935
-1.651,-1.183
-2.169,-1.306
-2.344,-1.279
-2.946,-1.387
3.038,-0.901
2.817,-1.245
2.807,-1.302
2.679,-1.211
2.626,-1.259
2.615,-1.389
2.328,-1.264
2.24,-1.076
1.801,-0.982
1.226,-1.389
0.524,-1.084
0.251,-1.411
-0.296,-1.089
-0.375,-1.214
-0.588,3.174
-1.482,3.288
-2.749,3.16
-3.039,3.398
2.293,3.31
2.099,3.176
1.902,3.378
1.632,3.208
1.469,3.231
-1.53,1.281
-1.538,2.494
3.106,-0.284
0.298,-0.299
-1.044,0.548
-1.068,0.241
1.389,2.088
0.169,2.549
-0.161,1.858
-0.848,2.401
-1.541,0.918
-1.835,0.267
2.794,1.752
2.469,2.501
2.422,1.682
2.475,-0.068
2.17,1.735
0.963,2.382
0.152,2.914
-0.251,-1.399
2.467,3.292
-2.16,3.316
-1.942,2.619
-0.193,0.854
-0.161,-0.684
-0.312,2.704
-0.228,0.651
-0.335,0.521
-0.368,0.551
-0.462,2.633
-0.496,2.061
-0.392,0.46
-0.423,1.169
-0.447,1.144
-0.617,0.796
-0.52,-0.056
-0.661,-1.304
-0.652,-1.279
-1.208,-1.494
-1.509,-1.203
-1.636,-1.451
-2.154,-1.574
-2.329,-1.547
-2.931,-1.655
3.053,-1.169
2.832,-1.513
2.822,-1.57
2.694,-1.479
2.641,-1.527
2.63,-1.657
2.343,-1.532
2.255,-1.344
1.816,-1.25
1.241,-1.657
0.539,-1.352
0.266,-1.679
-0.281,-1.357
-0.36,-1.482
-0.573,2.906
-1.467,3.02
-2.734,2.892
-3.024,3.13
2.308,3.042
2.114,2.908
1.917,3.11
1.647,2.94
1.484,2.963
-1.515,1.013
-1.523,2.226
3.121,-0.552
0.313,-0.567
-1.029,0.28
-1.053,-0.027
1.404,1.82
0.184,2.281
-0.146,1.59
-0.833,2.133
-1.526,0.65
-1.82,-0.001
2.809,1.484
2.484,2.233
2.437,1.414
2.49,-0.336
2.185,1.467
0.978,2.114
0.167,2.646
-0.236,-1.667
2.482,3.024
-2.145,3.048
-1.927,2.351
0.032,-1.538
-0.119,1.85
-0.035,-0.203
-0.142,-0.333
-0.175,-0.303
-0.269,1.779
-0.303,1.207
-0.199,-0.394
-0.23,0.315
-0.254,0.29
-0.424,-0.058
-0.327,-0.91
-0.468,-2.158
-0.459,-2.133
-1.015,-2.348
-1.316,-2.057
-1.443,-2.305
-1.961,-2.428
-2.136,-2.401
-2.738,-2.509
-3.037,-2.023
3.025,-2.367
3.015,-2.424
2.887,-2.333
2.834,-2.381
2.823,-2.511
2.536,-2.386
2.448,-2.198
2.009,-2.104
1.434,-2.511
0.732,-2.206
0.459,-2.533
-0.088,-2.211
-0.167,-2.336
-0.38,2.052
-1.274,2.166
-2.541,2.038
-2.831,2.276
2.501,2.188
2.307,2.054
2.11,2.256
1.84,2.086
1.677,2.109
-1.322,0.159
-1.33,1.372
-2.969,-1.406
0.506,-1.421
-0.836,-0.574
-0.86,-0.881
1.597,0.966
0.377,1.427
0.047,0.736
-0.64,1.279
-1.333,-0.204
-1.627,-0.855
3.002,0.63
2.677,1.379
2.63,0.56
2.683,-1.19
2.378,0.613
1.171,1.26
0.36,1.792
-0.043,-2.521
2.675,2.17
-1.952,2.194
-1.734,1.497
-0.151,3.388
-0.067,1.335
-0.174,1.205
-0.207,1.235
-0.301,3.317
-0.335,2.745
-0.231,1.144
-0.262,1.853
-0.286,1.828
-0.456,1.48
-0.359,0.628
-0.5,-0.62
-0.491,-0.595
-1.047,-0.81
-1.348,-0.519
-1.475,-0.767
-1.993,-0.89
-2.168,-0.863
-2.77,-0.971
-3.069,-0.485
2.993,-0.829
2.983,-0.886
2.855,-0.795
2.802,-0.843
2.791,-0.973
2.504,-0.848
2.416,-0.66
1.977,-0.566
1.402,-0.973
0.7,-0.668
0.427,-0.995
-0.12,-0.673
-0.199,-0.798
-0.412,3.59
-1.306,3.704
-2.573,3.576
-2.863,3.814
2.469,3.726
2.275,3.592
2.078,3.794
1.808,3.624
1.645,3.647
-1.354,1.697
-1.362,2.91
-3.001,0.132
0.474,0.117
-0.868,0.964
-0.892,0.657
1.565,2.504
0.345,2.965
0.015,2.274
-0.672,2.817
-1.365,1.334
-1.659,0.683
2.97,2.168
2.645,2.917
2.598,2.098
2.651,0.348
2.346,2.151
1.139,2.798
0.328,3.33
-0.075,-0.983
2.643,3.708
-1.984,3.732
-1.766,3.035
0.084,-2.053
-0.023,-2.183
-0.056,-2.153
-0.15,-0.071
-0.184,-0.643
-0.08,-2.244
-0.111,-1.535
-0.135,-1.56
-0.305,-1.908
-0.208,-2.76
-0.349,-4.008
-0.34,-3.983
-0.896,-4.198
-1.197,-3.907
-1.324,-4.155
-1.842,-4.278
-2.017,-4.251
-2.619,-4.359
-2.918,-3.873
-3.139,-4.217
3.134,-4.274
3.006,-4.183
2.953,-4.231
2.942,-4.361
2.655,-4.236
2.567,-4.048
2.128,-3.954
1.553,-4.361
0.851,-4.056
0.578,-4.383
0.031,-4.061
-0.048,-4.186
-0.261,0.202
-1.155,0.316
-2.422,0.188
-2.712,0.426
2.62,0.338
2.426,0.204
2.229,0.406
1.959,0.236
1.796,0.259
-1.203,-1.691
-1.211,-0.478
-2.85,-3.256
0.625,-3.271
-0.717,-2.424
-0.741,-2.731
1.716,-0.884
0.496,-0.423
0.166,-1.114
-0.521,-0.571
-1.214,-2.054
-1.508,-2.705
3.121,-1.22
2.796,-0.471
2.749,-1.29
2.802,-3.04
2.497,-1.237
1.29,-0.59
0.479,-0.058
0.076,-4.371
2.794,0.32
-1.833,0.344
-1.615,-0.353
-0.107,-0.13
-0.14,-0.1
-0.234,1.982
-0.268,1.41
-0.164,-0.191
-0.195,0.518
-0.219,0.493
-0.389,0.145
-0.292,-0.707
-0.433,-1.955
-0.424,-1.93
-0.98,-2.145
-1.281,-1.854
-1.408,-2.102
-1.926,-2.225
-2.101,-2.198
-2.703,-2.306
-3.002,-1.82
3.06,-2.164
3.05,-2.221
2.922,-2.13
2.869,-2.178
2.858,-2.308
2.571,-2.183
2.483,-1.995
2.044,-1.901
1.469,-2.308
0.767,-2.003
0.494,-2.33
-0.053,-2.008
-0.132,-2.133
-0.345,2.255
-1.239,2.369
-2.506,2.241
-2.796,2.479
2.536,2.391
2.342,2.257
2.145,2.459
1.875,2.289
1.712,2.312
-1.287,0.362
-1.295,1.575
-2.934,-1.203
0.541,-1.218
-0.801,-0.371
-0.825,-0.678
1.632,1.169
0.412,1.63
0.082,0.939
-0.605,1.482
-1.298,-0.001
-1.592,-0.652
3.037,0.833
2.712,1.582
2.665,0.763
2.718,-0.987
2.413,0.816
1.206,1.463
0.395,1.995
-0.008,-2.318
2.71,2.373
-1.917,2.397
-1.699,1.7
-0.033,0.03
-0.127,2.112
-0.161,1.54
-0.057,-0.061
-0.088,0.648
-0.112,0.623
-0.282,0.275
-0.185,-0.577
-0.326,-1.825
-0.317,-1.8
-0.873,-2.015
-1.174,-1.724
-1.301,-1.972
-1.819,-2.095
-1.994,-2.068
-2.596,-2.176
-2.895,-1.69
-3.116,-2.034
-3.126,-2.091
3.029,-2.0
2.976,-2.048
2.965,-2.178
2.678,-2.053
2.59,-1.865
2.151,-1.771
1.576,-2.178
0.874,-1.873
0.601,-2.2
0.054,-1.878
-0.025,-2.003
-0.238,2.385
-1.132,2.499
-2.399,2.371
-2.689,2.609
2.643,2.521
2.449,2.387
2.252,2.589
1.982,2.419
1.819,2.442
-1.18,0.492
-1.188,1.705
-2.827,-1.073
0.648,-1.088
-0.694,-0.241
-0.718,-0.548
1.739,1.299
0.519,1.76
0.189,1.069
-0.498,1.612
-1.191,0.129
-1.485,-0.522
-3.139,0.963
2.819,1.712
2.772,0.893
2.825,-0.857
2.52,0.946
1.313,1.593
0.502,2.125
0.099,-2.188
2.817,2.503
-1.81,2.527
-1.592,1.83
-0.094,2.082
-0.128,1.51
-0.024,-0.091
-0.055,0.618
-0.079,0.593
-0.249,0.245
-0.152,-0.607
-0.293,-1.855
-0.284,-1.83
-0.84,-2.045
-1.141,-1.754
-1.268,-2.002
-1.786,-2.125
-1.961,-2.098
-2.563,-2.206
-2.862,-1.72
-3.083,-2.064
-3.093,-2.121
3.062,-2.03
3.009,-2.078
2.998,-2.208
2.711,-2.083
2.623,-1.895
2.184,-1.801
1.609,-2.208
0.907,-1.903
0.634,-2.23
0.087,-1.908
0.008,-2.033
-0.205,2.355
-1.099,2.469
-2.366,2.341
-2.656,2.579
2.676,2.491
2.482,2.357
2.285,2.559
2.015,2.389
1.852,2.412
-1.147,0.462
-1.155,1.675
-2.794,-1.103
0.681,-1.118
-0.661,-0.271
-0.685,-0.578
1.772,1.269
0.552,1.73
0.222,1.039
-0.465,1.582
-1.158,0.099
-1.452,-0.552
-3.106,0.933
2.852,1.682
2.805,0.863
2.858,-0.887
2.553,0.916
1.346,1.563
0.535,2.095
0.132,-2.218
2.85,2.473
-1.777,2.497
-1.559,1.8
-0.034,-0.572
0.07,-2.173
0.039,-1.464
0.015,-1.489
-0.155,-1.837
-0.058,-2.689
-0.199,-3.937
-0.19,-3.912
-0.746,-4.127
-1.047,-3.836
-1.174,-4.084
-1.692,-4.207
-1.867,-4.18
-2.469,-4.288
-2.768,-3.802
-2.989,-4.146
-2.999,-4.203
-3.127,-4.112
3.103,-4.16
3.092,-4.29
2.805,-4.165
2.717,-3.977
2.278,-3.883
1.703,-4.29
1.001,-3.985
0.728,-4.312
0.181,-3.99
0.102,-4.115
-0.111,0.273
-1.005,0.387
-2.272,0.259
-2.562,0.497
2.77,0.409
2.576,0.275
2.379,0.477
2.109,0.307
1.946,0.33
-1.053,-1.62
-1.061,-0.407
-2.7,-3.185
0.775,-3.2
-0.567,-2.353
-0.591,-2.66
1.866,-0.813
0.646,-0.352
0.316,-1.043
-0.371,-0.5
-1.064,-1.983
-1.358,-2.634
-3.012,-1.149
2.946,-0.4
2.899,-1.219
2.952,-2.969
2.647,-1.166
1.44,-0.519
0.629,0.013
0.226,-4.3
2.944,0.391
-1.683,0.415
-1.465,-0.282
0.104,-1.601
0.073,-0.892
0.049,-0.917
-0.121,-1.265
-0.024,-2.117
-0.165,-3.365
-0.156,-3.34
-0.712,-3.555
-1.013,-3.264
-1.14,-3.512
-1.658,-3.635
-1.833,-3.608
-2.435,-3.716
-2.734,-3.23
-2.955,-3.574
-2.965,-3.631
-3.093,-3.54
3.137,-3.588
3.126,-3.718
2.839,-3.593
2.751,-3.405
2.312,-3.311
1.737,-3.718
1.035,-3.413
0.762,-3.74
0.215,-3.418
0.136,-3.543
-0.077,0.845
-0.971,0.959
-2.238,0.831
-2.528,1.069
2.804,0.981
2.61,0.847
2.413,1.049
2.143,0.879
1.98,0.902
-1.019,-1.048
-1.027,0.165
-2.666,-2.613
0.809,-2.628
-0.533,-1.781
-0.557,-2.088
1.9,-0.241
0.68,0.22
0.35,-0.471
-0.337,0.072
-1.03,-1.411
-1.324,-2.062
-2.978,-0.577
2.98,0.172
2.933,-0.647
2.986,-2.397
2.681,-0.594
1.474,0.053
0.663,0.585
0.26,-3.728
2.978,0.963
-1.649,0.987
-1.431,0.29
-0.031,0.709
-0.055,0.684
-0.225,0.336
-0.128,-0.516
-0.269,-1.764
-0.26,-1.739
-0.816,-1.954
-1.117,-1.663
-1.244,-1.911
-1.762,-2.034
-1.937,-2.007
-2.539,-2.115
-2.838,-1.629
-3.059,-1.973
-3.069,-2.03
3.086,-1.939
3.033,-1.987
3.022,-2.117
2.735,-1.992
2.647,-1.804
2.208,-1.71
1.633,-2.117
0.931,-1.812
0.658,-2.139
0.111,-1.817
0.032,-1.942
-0.181,2.446
-1.075,2.56
-2.342,2.432
-2.632,2.67
2.7,2.582
2.506,2.448
2.309,2.65
2.039,2.48
1.876,2.503
-1.123,0.553
-1.131,1.766
-2.77,-1.012
0.705,-1.027
-0.637,-0.18
-0.661,-0.487
1.796,1.36
0.576,1.821
0.246,1.13
-0.441,1.673
-1.134,0.19
-1.428,-0.461
-3.082,1.024
2.876,1.773
2.829,0.954
2.882,-0.796
2.577,1.007
1.37,1.654
0.559,2.186
0.156,-2.127
2.874,2.564
-1.753,2.588
-1.535,1.891
-0.024,-0.025
-0.194,-0.373
-0.097,-1.225
-0.238,-2.473
-0.229,-2.448
-0.785,-2.663
-1.086,-2.372
-1.213,-2.62
-1.731,-2.743
-1.906,-2.716
-2.508,-2.824
-2.807,-2.338
-3.028,-2.682
-3.038,-2.739
3.117,-2.648
3.064,-2.696
3.053,-2.826
2.766,-2.701
2.678,-2.513
2.239,-2.419
1.664,-2.826
0.962,-2.521
0.689,-2.848
0.142,-2.526
0.063,-2.651
-0.15,1.737
-1.044,1.851
-2.311,1.723
-2.601,1.961
2.731,1.873
2.537,1.739
2.34,1.941
2.07,1.771
1.907,1.794
-1.092,-0.156
-1.1,1.057
-2.739,-1.721
0.736,-1.736
-0.606,-0.889
-0.63,-1.196
1.827,0.651
0.607,1.112
0.277,0.421
-0.41,0.964
-1.103,-0.519
-1.397,-1.17
-3.051,0.315
2.907,1.064
2.86,0.245
2.913,-1.505
2.608,0.298
1.401,0.945
0.59,1.477
0.187,-2.836
2.905,1.855
-1.722,1.879
-1.504,1.182
-0.17,-0.348
-0.073,-1.2
-0.214,-2.448
-0.205,-2.423
-0.761,-2.638
-1.062,-2.347
-1.189,-2.595
-1.707,-2.718
-1.882,-2.691
-2.484,-2.799
-2.783,-2.313
-3.004,-2.657
-3.014,-2.714
3.141,-2.623
3.088,-2.671
3.077,-2.801
2.79,-2.676
2.702,-2.488
2.263,-2.394
1.688,-2.801
0.986,-2.496
0.713,-2.823
0.166,-2.501
0.087,-2.626
-0.126,1.762
-1.02,1.876
-2.287,1.748
-2.577,1.986
2.755,1.898
2.561,1.764
2.364,1.966
2.094,1.796
1.931,1.819
-1.068,-0.131
-1.076,1.082
-2.715,-1.696
0.76,-1.711
-0.582,-0.864
-0.606,-1.171
1.851,0.676
0.631,1.137
0.301,0.446
-0.386,0.989
-1.079,-0.494
-1.373,-1.145
-3.027,0.34
2.931,1.089
2.884,0.27
2.937,-1.48
2.632,0.323
1.425,0.97
0.614,1.502
0.211,-2.811
2.929,1.88
-1.698,1.904
-1.48,1.207
0.097,-0.852
-0.044,-2.1
-0.035,-2.075
-0.591,-2.29
-0.892,-1.999
-1.019,-2.247
-1.537,-2.37
-1.712,-2.343
-2.314,-2.451
-2.613,-1.965
-2.834,-2.309
-2.844,-2.366
-2.972,-2.275
-3.025,-2.323
-3.036,-2.453
2.96,-2.328
2.872,-2.14
2.433,-2.046
1.858,-2.453
1.156,-2.148
0.883,-2.475
0.336,-2.153
0.257,-2.278
0.044,2.11
-0.85,2.224
-2.117,2.096
-2.407,2.334
2.925,2.246
2.731,2.112
2.534,2.314
2.264,2.144
2.101,2.167
-0.898,0.217
-0.906,1.43
-2.545,-1.348
0.93,-1.363
-0.412,-0.516
-0.436,-0.823
2.021,1.024
0.801,1.485
0.471,0.794
-0.216,1.337
-0.909,-0.146
-1.203,-0.797
-2.857,0.688
3.101,1.437
3.054,0.618
3.107,-1.132
2.802,0.671
1.595,1.318
0.784,1.85
0.381,-2.463
3.099,2.228
-1.528,2.252
-1.31,1.555
-0.141,-1.248
-0.132,-1.223
-0.688,-1.438
-0.989,-1.147
-1.116,-1.395
-1.634,-1.518
-1.809,-1.491
-2.411,-1.599
-2.71,-1.113
-2.931,-1.457
-2.941,-1.514
-3.069,-1.423
-3.122,-1.471
-3.133,-1.601
2.863,-1.476
2.775,-1.288
2.336,-1.194
1.761,-1.601
1.059,-1.296
0.786,-1.623
0.239,-1.301
0.16,-1.426
-0.053,2.962
-0.947,3.076
-2.214,2.948
-2.504,3.186
2.828,3.098
2.634,2.964
2.437,3.166
2.167,2.996
2.004,3.019
-0.995,1.069
-1.003,2.282
-2.642,-0.496
0.833,-0.511
-0.509,0.336
-0.533,0.029
1.924,1.876
0.704,2.337
0.374,1.646
-0.313,2.189
-1.006,0.706
-1.3,0.055
-2.954,1.54
3.004,2.289
2.957,1.47
3.01,-0.28
2.705,1.523
1.498,2.17
0.687,2.702
0.284,-1.611
3.002,3.08
-1.625,3.104
-1.407,2.407
0.009,0.025
-0.547,-0.19
-0.848,0.101
-0.975,-0.147
-1.493,-0.27
-1.668,-0.243
-2.27,-0.351
-2.569,0.135
-2.79,-0.209
-2.8,-0.266
-2.928,-0.175
-2.981,-0.223
-2.992,-0.353
3.004,-0.228
2.916,-0.04
2.477,0.054
1.902,-0.353
1.2,-0.048
0.927,-0.375
0.38,-0.053
0.301,-0.178
0.088,4.21
-0.806,4.324
-2.073,4.196
-2.363,4.434
2.969,4.346
2.775,4.212
2.578,4.414
2.308,4.244
2.145,4.267
-0.854,2.317
-0.862,3.53
-2.501,0.752
0.974,0.737
-0.368,1.584
-0.392,1.277
2.065,3.124
0.845,3.585
0.515,2.894
-0.172,3.437
-0.865,1.954
-1.159,1.303
-2.813,2.788
-3.138,3.537
3.098,2.718
-3.132,0.968
2.846,2.771
1.639,3.418
0.828,3.95
0.425,-0.363
-3.14,4.328
-1.484,4.352
-1.266,3.655
-0.556,-0.215
-0.857,0.076
-0.984,-0.172
-1.502,-0.295
-1.677,-0.268
-2.279,-0.376
-2.578,0.11
-2.799,-0.234
-2.809,-0.291
-2.937,-0.2
-2.99,-0.248
-3.001,-0.378
2.995,-0.253
2.907,-0.065
2.468,0.029
1.893,-0.378
1.191,-0.073
0.918,-0.4
0.371,-0.078
0.292,-0.203
0.079,4.185
-0.815,4.299
-2.082,4.171
-2.372,4.409
2.96,4.321
2.766,4.187
2.569,4.389
2.299,4.219
2.136,4.242
-0.863,2.292
-0.871,3.505
-2.51,0.727
0.965,0.712
-0.377,1.559
-0.401,1.252
2.056,3.099
0.836,3.56
0.506,2.869
-0.181,3.412
-0.874,1.929
-1.168,1.278
-2.822,2.763
3.136,3.512
3.089,2.693
-3.141,0.943
2.837,2.746
1.63,3.393
0.819,3.925
0.416,-0.388
3.134,4.303
-1.493,4.327
-1.275,3.63
-0.301,0.291
-0.428,0.043
-0.946,-0.08
-1.121,-0.053
-1.723,-0.161
-2.022,0.325
-2.243,-0.019
-2.253,-0.076
-2.381,0.015
-2.434,-0.033
-2.445,-0.163
-2.732,-0.038
-2.82,0.15
3.024,0.244
2.449,-0.163
1.747,0.142
1.474,-0.185
0.927,0.137
0.848,0.012
0.635,4.4
-0.259,4.514
-1.526,4.386
-1.816,4.624
-2.767,4.536
-2.961,4.402
3.125,4.604
2.855,4.434
2.692,4.457
-0.307,2.507
-0.315,3.72
-1.954,0.942
1.521,0.927
0.179,1.774
0.155,1.467
2.612,3.314
1.392,3.775
1.062,3.084
0.375,3.627
-0.318,2.144
-0.612,1.493
-2.266,2.978
-2.591,3.727
-2.638,2.908
-2.585,1.158
-2.89,2.961
2.186,3.608
1.375,4.14
0.972,-0.173
-2.593,4.518
-0.937,4.542
-0.719,3.845
-0.127,-0.248
-0.645,-0.371
-0.82,-0.344
-1.422,-0.452
-1.721,0.034
-1.942,-0.31
-1.952,-0.367
-2.08,-0.276
-2.133,-0.324
-2.144,-0.454
-2.431,-0.329
-2.519,-0.141
-2.958,-0.047
2.75,-0.454
2.048,-0.149
1.775,-0.476
1.228,-0.154
1.149,-0.279
0.936,4.109
0.042,4.223
-1.225,4.095
-1.515,4.333
-2.466,4.245
-2.66,4.111
-2.857,4.313
-3.127,4.143
2.993,4.166
-0.006,2.216
-0.014,3.429
-1.653,0.651
1.822,0.636
0.48,1.483
0.456,1.176
2.913,3.023
1.693,3.484
1.363,2.793
0.676,3.336
-0.017,1.853
-0.311,1.202
-1.965,2.687
-2.29,3.436
-2.337,2.617
-2.284,0.867
-2.589,2.67
2.487,3.317
1.676,3.849
1.273,-0.464
-2.292,4.227
-0.636,4.251
-0.418,3.554
-0.518,-0.123
-0.693,-0.096
-1.295,-0.204
-1.594,0.282
-1.815,-0.062
-1.825,-0.119
-1.953,-0.028
-2.006,-0.076
-2.017,-0.206
-2.304,-0.081
-2.392,0.107
-2.831,0.201
2.877,-0.206
2.175,0.099
1.902,-0.228
1.355,0.094
1.276,-0.031
1.063,4.357
0.169,4.471
-1.098,4.343
-1.388,4.581
-2.339,4.493
-2.533,4.359
-2.73,4.561
-3.0,4.391
3.12,4.414
0.121,2.464
0.113,3.677
-1.526,0.899
1.949,0.884
0.607,1.731
0.583,1.424
3.04,3.271
1.82,3.732
1.49,3.041
0.803,3.584
0.11,2.101
-0.184,1.45
-1.838,2.935
-2.163,3.684
-2.21,2.865
-2.157,1.115
-2.462,2.918
2.614,3.565
1.803,4.097
1.4,-0.216
-2.165,4.475
-0.509,4.499
-0.291,3.802
-0.175,0.027
-0.777,-0.081
-1.076,0.405
-1.297,0.061
-1.307,0.004
-1.435,0.095
-1.488,0.047
-1.499,-0.083
-1.786,0.042
-1.874,0.23
-2.313,0.324
-2.888,-0.083
2.693,0.222
2.42,-0.105
1.873,0.217
1.794,0.092
1.581,4.48
0.687,4.594
-0.58,4.466
-0.87,4.704
-1.821,4.616
-2.015,4.482
-2.212,4.684
-2.482,4.514
-2.645,4.537
0.639,2.587
0.631,3.8
-1.008,1.022
2.467,1.007
1.125,1.854
1.101,1.547
-2.725,3.394
2.338,3.855
2.008,3.164
1.321,3.707
0.628,2.224
0.334,1.573
-1.32,3.058
-1.645,3.807
-1.692,2.988
-1.639,1.238
-1.944,3.041
3.132,3.688
2.321,4.22
1.918,-0.093
-1.647,4.598
0.009,4.622
0.227,3.925
-0.602,-0.108
-0.901,0.378
-1.122,0.034
-1.132,-0.023
-1.26,0.068
-1.313,0.02
-1.324,-0.11
-1.611,0.015
-1.699,0.203
-2.138,0.297
-2.713,-0.11
2.868,0.195
2.595,-0.132
2.048,0.19
1.969,0.065
1.756,4.453
0.862,4.567
-0.405,4.439
-0.695,4.677
-1.646,4.589
-1.84,4.455
-2.037,4.657
-2.307,4.487
-2.47,4.51
0.814,2.56
0.806,3.773
-0.833,0.995
2.642,0.98
1.3,1.827
1.276,1.52
-2.55,3.367
2.513,3.828
2.183,3.137
1.496,3.68
0.803,2.197
0.509,1.546
-1.145,3.031
-1.47,3.78
-1.517,2.961
-1.464,1.211
-1.769,3.014
-2.976,3.661
2.496,4.193
2.093,-0.12
-1.472,4.571
0.184,4.595
0.402,3.898
-0.299,0.486
-0.52,0.142
-0.53,0.085
-0.658,0.176
-0.711,0.128
-0.722,-0.002
-1.009,0.123
-1.097,0.311
-1.536,0.405
-2.111,-0.002
-2.813,0.303
-3.086,-0.024
2.65,0.298
2.571,0.173
2.358,4.561
1.464,4.675
0.197,4.547
-0.093,4.785
-1.044,4.697
-1.238,4.563
-1.435,4.765
-1.705,4.595
-1.868,4.618
1.416,2.668
1.408,3.881
-0.231,1.103
-3.039,1.088
1.902,1.935
1.878,1.628
-1.948,3.475
3.115,3.936
2.785,3.245
2.098,3.788
1.405,2.305
1.111,1.654
-0.543,3.139
-0.868,3.888
-0.915,3.069
-0.862,1.319
-1.167,3.122
-2.374,3.769
3.098,4.301
2.695,-0.012
-0.87,4.679
0.786,4.703
1.004,4.006
-0.221,-0.344
-0.231,-0.401
-0.359,-0.31
-0.412,-0.358
-0.423,-0.488
-0.71,-0.363
-0.798,-0.175
-1.237,-0.081
-1.812,-0.488
-2.514,-0.183
-2.787,-0.51
2.949,-0.188
2.87,-0.313
2.657,4.075
1.763,4.189
0.496,4.061
0.206,4.299
-0.745,4.211
-0.939,4.077
-1.136,4.279
-1.406,4.109
-1.569,4.132
1.715,2.182
1.707,3.395
0.068,0.617
-2.74,0.602
2.201,1.449
2.177,1.142
-1.649,2.989
-2.869,3.45
3.084,2.759
2.397,3.302
1.704,1.819
1.41,1.168
-0.244,2.653
-0.569,3.402
-0.616,2.583
-0.563,0.833
-0.868,2.636
-2.075,3.283
-2.886,3.815
2.994,-0.498
-0.571,4.193
1.085,4.217
1.303,3.52
-0.01,-0.057
-0.138,0.034
-0.191,-0.014
-0.202,-0.144
-0.489,-0.019
-0.577,0.169
-1.016,0.263
-1.591,-0.144
-2.293,0.161
-2.566,-0.166
-3.113,0.156
3.091,0.031
2.878,4.419
1.984,4.533
0.717,4.405
0.427,4.643
-0.524,4.555
-0.718,4.421
-0.915,4.623
-1.185,4.453
-1.348,4.476
1.936,2.526
1.928,3.739
0.289,0.961
-2.519,0.946
2.422,1.793
2.398,1.486
-1.428,3.333
-2.648,3.794
-2.978,3.103
2.618,3.646
1.925,2.163
1.631,1.512
-0.023,2.997
-0.348,3.746
-0.395,2.927
-0.342,1.177
-0.647,2.98
-1.854,3.627
-2.665,4.159
-3.068,-0.154
-0.35,4.537
1.306,4.561
1.524,3.864
-0.128,0.091
-0.181,0.043
-0.192,-0.087
-0.479,0.038
-0.567,0.226
-1.006,0.32
-1.581,-0.087
-2.283,0.218
-2.556,-0.109
-3.103,0.213
3.101,0.088
2.888,4.476
1.994,4.59
0.727,4.462
0.437,4.7
-0.514,4.612
-0.708,4.478
-0.905,4.68
-1.175,4.51
-1.338,4.533
1.946,2.583
1.938,3.796
0.299,1.018
-2.509,1.003
2.432,1.85
2.408,1.543
-1.418,3.39
-2.638,3.851
-2.968,3.16
2.628,3.703
1.935,2.22
1.641,1.569
-0.013,3.054
-0.338,3.803
-0.385,2.984
-0.332,1.234
-0.637,3.037
-1.844,3.684
-2.655,4.216
-3.058,-0.097
-0.34,4.594
1.316,4.618
1.534,3.921
-0.053,-0.048
-0.064,-0.178
-0.351,-0.053
-0.439,0.135
-0.878,0.229
-1.453,-0.178
-2.155,0.127
-2.428,-0.2
-2.975,0.122
-3.054,-0.003
3.016,4.385
2.122,4.499
0.855,4.371
0.565,4.609
-0.386,4.521
-0.58,4.387
-0.777,4.589
-1.047,4.419
-1.21,4.442
2.074,2.492
2.066,3.705
0.427,0.927
-2.381,0.912
2.56,1.759
2.536,1.452
-1.29,3.299
-2.51,3.76
-2.84,3.069
2.756,3.612
2.063,2.129
1.769,1.478
0.115,2.963
-0.21,3.712
-0.257,2.893
-0.204,1.143
-0.509,2.946
-1.716,3.593
-2.527,4.125
-2.93,-0.188
-0.212,4.503
1.444,4.527
1.662,3.83
-0.011,-0.13
-0.298,-0.005
-0.386,0.183
-0.825,0.277
-1.4,-0.13
-2.102,0.175
-2.375,-0.152
-2.922,0.17
-3.001,0.045
3.069,4.433
2.175,4.547
0.908,4.419
0.618,4.657
-0.333,4.569
-0.527,4.435
-0.724,4.637
-0.994,4.467
-1.157,4.49
2.127,2.54
2.119,3.753
0.48,0.975
-2.328,0.96
2.613,1.807
2.589,1.5
-1.237,3.347
-2.457,3.808
-2.787,3.117
2.809,3.66
2.116,2.177
1.822,1.526
0.168,3.011
-0.157,3.76
-0.204,2.941
-0.151,1.191
-0.456,2.994
-1.663,3.641
-2.474,4.173
-2.877,-0.14
-0.159,4.551
1.497,4.575
1.715,3.878
-0.287,0.125
-0.375,0.313
-0.814,0.407
-1.389,0.0
-2.091,0.305
-2.364,-0.022
-2.911,0.3
-2.99,0.175
3.08,4.563
2.186,4.677
0.919,4.549
0.629,4.787
-0.322,4.699
-0.516,4.565
-0.713,4.767
-0.983,4.597
-1.146,4.62
2.138,2.67
2.13,3.883
0.491,1.105
-2.317,1.09
2.624,1.937
2.6,1.63
-1.226,3.477
-2.446,3.938
-2.776,3.247
2.82,3.79
2.127,2.307
1.833,1.656
0.179,3.141
-0.146,3.89
-0.193,3.071
-0.14,1.321
-0.445,3.124
-1.652,3.771
-2.463,4.303
-2.866,-0.01
-0.148,4.681
1.508,4.705
1.726,4.008
-0.088,0.188
-0.527,0.282
-1.102,-0.125
-1.804,0.18
-2.077,-0.147
-2.624,0.175
-2.703,0.05
-2.916,4.438
2.473,4.552
1.206,4.424
0.916,4.662
-0.035,4.574
-0.229,4.44
-0.426,4.642
-0.696,4.472
-0.859,4.495
2.425,2.545
2.417,3.758
0.778,0.98
-2.03,0.965
2.911,1.812
2.887,1.505
-0.939,3.352
-2.159,3.813
-2.489,3.122
3.107,3.665
2.414,2.182
2.12,1.531
0.466,3.016
0.141,3.765
0.094,2.946
0.147,1.196
-0.158,2.999
-1.365,3.646
-2.176,4.178
-2.579,-0.135
0.139,4.556
1.795,4.58
2.013,3.883
-0.439,0.094
-1.014,-0.313
-1.716,-0.008
-1.989,-0.335
-2.536,-0.013
-2.615,-0.138
-2.828,4.25
2.561,4.364
1.294,4.236
1.004,4.474
0.053,4.386
-0.141,4.252
-0.338,4.454
-0.608,4.284
-0.771,4.307
2.513,2.357
2.505,3.57
0.866,0.792
-1.942,0.777
2.999,1.624
2.975,1.317
-0.851,3.164
-2.071,3.625
-2.401,2.934
-3.088,3.477
2.502,1.994
2.208,1.343
0.554,2.828
0.229,3.577
0.182,2.758
0.235,1.008
-0.07,2.811
-1.277,3.458
-2.088,3.99
-2.491,-0.323
0.227,4.368
1.883,4.392
2.101,3.695
-0.575,-0.407
-1.277,-0.102
-1.55,-0.429
-2.097,-0.107
-2.176,-0.232
-2.389,4.156
3.0,4.27
1.733,4.142
1.443,4.38
0.492,4.292
0.298,4.158
0.101,4.36
-0.169,4.19
-0.332,4.213
2.952,2.263
2.944,3.476
1.305,0.698
-1.503,0.683
-2.845,1.53
-2.869,1.223
-0.412,3.07
-1.632,3.531
-1.962,2.84
-2.649,3.383
2.941,1.9
2.647,1.249
0.993,2.734
0.668,3.483
0.621,2.664
0.674,0.914
0.369,2.717
-0.838,3.364
-1.649,3.896
-2.052,-0.417
0.666,4.274
2.322,4.298
2.54,3.601
-0.702,0.305
-0.975,-0.022
-1.522,0.3
-1.601,0.175
-1.814,4.563
-2.708,4.677
2.308,4.549
2.018,4.787
1.067,4.699
0.873,4.565
0.676,4.767
0.406,4.597
0.243,4.62
-2.756,2.67
-2.764,3.883
1.88,1.105
-0.928,1.09
-2.27,1.937
-2.294,1.63
0.163,3.477
-1.057,3.938
-1.387,3.247
-2.074,3.79
-2.767,2.307
-3.061,1.656
1.568,3.141
1.243,3.89
1.196,3.071
1.249,1.321
0.944,3.124
-0.263,3.771
-1.074,4.303
-1.477,-0.01
1.241,4.681
2.897,4.705
3.115,4.008
-0.273,-0.327
-0.82,-0.005
-0.899,-0.13
-1.112,4.258
-2.006,4.372
3.01,4.244
2.72,4.482
1.769,4.394
1.575,4.26
1.378,4.462
1.108,4.292
0.945,4.315
-2.054,2.365
-2.062,3.578
2.582,0.8
-0.226,0.785
-1.568,1.632
-1.592,1.325
0.865,3.172
-0.355,3.633
-0.685,2.942
-1.372,3.485
-2.065,2.002
-2.359,1.351
2.27,2.836
1.945,3.585
1.898,2.766
1.951,1.016
1.646,2.819
0.439,3.466
-0.372,3.998
-0.775,-0.315
1.943,4.376
-2.684,4.4
-2.466,3.703
-0.547,0.322
-0.626,0.197
-0.839,4.585
-1.733,4.699
-3.0,4.571
2.993,4.809
2.042,4.721
1.848,4.587
1.651,4.789
1.381,4.619
1.218,4.642
-1.781,2.692
-1.789,3.905
2.855,1.127
0.047,1.112
-1.295,1.959
-1.319,1.652
1.138,3.499
-0.082,3.96
-0.412,3.269
-1.099,3.812
-1.792,2.329
-2.086,1.678
2.543,3.163
2.218,3.912
2.171,3.093
2.224,1.343
1.919,3.146
0.712,3.793
-0.099,4.325
-0.502,0.012
2.216,4.703
-2.411,4.727
-2.193,4.03
-0.079,-0.125
-0.292,4.263
-1.186,4.377
-2.453,4.249
-2.743,4.487
2.589,4.399
2.395,4.265
2.198,4.467
1.928,4.297
1.765,4.32
-1.234,2.37
-1.242,3.583
-2.881,0.805
0.594,0.79
-0.748,1.637
-0.772,1.33
1.685,3.177
0.465,3.638
0.135,2.947
-0.552,3.49
-1.245,2.007
-1.539,1.356
3.09,2.841
2.765,3.59
2.718,2.771
2.771,1.021
2.466,2.824
1.259,3.471
0.448,4.003
0.045,-0.31
2.763,4.381
-1.864,4.405
-1.646,3.708
-0.213,4.388
-1.107,4.502
-2.374,4.374
-2.664,4.612
2.668,4.524
2.474,4.39
2.277,4.592
2.007,4.422
1.844,4.445
-1.155,2.495
-1.163,3.708
-2.802,0.93
0.673,0.915
-0.669,1.762
-0.693,1.455
1.764,3.302
0.544,3.763
0.214,3.072
-0.473,3.615
-1.166,2.132
-1.46,1.481
-3.114,2.966
2.844,3.715
2.797,2.896
2.85,1.146
2.545,2.949
1.338,3.596
0.527,4.128
0.124,-0.185
2.842,4.506
-1.785,4.53
-1.567,3.833
-0.894,0.114
-2.161,-0.014
-2.451,0.224
2.881,0.136
2.687,0.002
2.49,0.204
2.22,0.034
2.057,0.057
-0.942,-1.893
-0.95,-0.68
-2.589,-3.458
0.886,-3.473
-0.456,-2.626
-0.48,-2.933
1.977,-1.086
0.757,-0.625
0.427,-1.316
-0.26,-0.773
-0.953,-2.256
-1.247,-2.907
-2.901,-1.422
3.057,-0.673
3.01,-1.492
3.063,-3.242
2.758,-1.439
1.551,-0.792
0.74,-0.26
0.337,-4.573
3.055,0.118
-1.572,0.142
-1.354,-0.555
-1.267,-0.128
-1.557,0.11
-2.508,0.022
-2.702,-0.112
-2.899,0.09
3.114,-0.08
2.951,-0.057
-0.048,-2.007
-0.056,-0.794
-1.695,-3.572
1.78,-3.587
0.438,-2.74
0.414,-3.047
2.871,-1.2
1.651,-0.739
1.321,-1.43
0.634,-0.887
-0.059,-2.37
-0.353,-3.021
-2.007,-1.536
-2.332,-0.787
-2.379,-1.606
-2.326,-3.356
-2.631,-1.553
2.445,-0.906
1.634,-0.374
1.231,-4.687
-2.334,0.004
-0.678,0.028
-0.46,-0.669
-0.29,0.238
-1.241,0.15
-1.435,0.016
-1.632,0.218
-1.902,0.048
-2.065,0.071
1.219,-1.879
1.211,-0.666
-0.428,-3.444
3.047,-3.459
1.705,-2.612
1.681,-2.919
-2.145,-1.072
2.918,-0.611
2.588,-1.302
1.901,-0.759
1.208,-2.242
0.914,-2.893
-0.74,-1.408
-1.065,-0.659
-1.112,-1.478
-1.059,-3.228
-1.364,-1.425
-2.571,-0.778
2.901,-0.246
2.498,-4.559
-1.067,0.132
0.589,0.156
0.807,-0.541
-0.951,-0.088
-1.145,-0.222
-1.342,-0.02
-1.612,-0.19
-1.775,-0.167
1.509,-2.117
1.501,-0.904
-0.138,-3.682
-2.946,-3.697
1.995,-2.85
1.971,-3.157
-1.855,-1.31
-3.075,-0.849
2.878,-1.54
2.191,-0.997
1.498,-2.48
1.204,-3.131
-0.45,-1.646
-0.775,-0.897
-0.822,-1.716
-0.769,-3.466
-1.074,-1.663
-2.281,-1.016
-3.092,-0.484
2.788,-4.797
-0.777,-0.106
0.879,-0.082
1.097,-0.779
-0.194,-0.134
-0.391,0.068
-0.661,-0.102
-0.824,-0.079
2.46,-2.029
2.452,-0.816
0.813,-3.594
-1.995,-3.609
2.946,-2.762
2.922,-3.069
-0.904,-1.222
-2.124,-0.761
-2.454,-1.452
-3.141,-0.909
2.449,-2.392
2.155,-3.043
0.501,-1.558
0.176,-0.809
0.129,-1.628
0.182,-3.378
-0.123,-1.575
-1.33,-0.928
-2.141,-0.396
-2.544,-4.709
0.174,-0.018
1.83,0.006
2.048,-0.691
-0.197,0.202
-0.467,0.032
-0.63,0.055
2.654,-1.895
2.646,-0.682
1.007,-3.46
-1.801,-3.475
3.14,-2.628
3.116,-2.935
-0.71,-1.088
-1.93,-0.627
-2.26,-1.318
-2.947,-0.775
2.643,-2.258
2.349,-2.909
0.695,-1.424
0.37,-0.675
0.323,-1.494
0.376,-3.244
0.071,-1.441
-1.136,-0.794
-1.947,-0.262
-2.35,-4.575
0.368,0.116
2.024,0.14
2.242,-0.557
-0.27,-0.17
-0.433,-0.147
2.851,-2.097
2.843,-0.884
1.204,-3.662
-1.604,-3.677
-2.946,-2.83
-2.97,-3.137
-0.513,-1.29
-1.733,-0.829
-2.063,-1.52
-2.75,-0.977
2.84,-2.46
2.546,-3.111
0.892,-1.626
0.567,-0.877
0.52,-1.696
0.573,-3.446
0.268,-1.643
-0.939,-0.996
-1.75,-0.464
-2.153,-4.777
0.565,-0.086
2.221,-0.062
2.439,-0.759
-0.163,0.023
3.121,-1.927
3.113,-0.714
1.474,-3.492
-1.334,-3.507
-2.676,-2.66
-2.7,-2.967
-0.243,-1.12
-1.463,-0.659
-1.793,-1.35
-2.48,-0.807
3.11,-2.29
2.816,-2.941
1.162,-1.456
0.837,-0.707
0.79,-1.526
0.843,-3.276
0.538,-1.473
-0.669,-0.826
-1.48,-0.294
-1.883,-4.607
0.835,0.084
2.491,0.108
2.709,-0.589
-2.999,-1.95
-3.007,-0.737
1.637,-3.515
-1.171,-3.53
-2.513,-2.683
-2.537,-2.99
-0.08,-1.143
-1.3,-0.682
-1.63,-1.373
-2.317,-0.83
-3.01,-2.313
2.979,-2.964
1.325,-1.479
1.0,-0.73
0.953,-1.549
1.006,-3.299
0.701,-1.496
-0.506,-0.849
-1.317,-0.317
-1.72,-4.63
0.998,0.061
2.654,0.085
2.872,-0.612
-0.008,1.213
-1.647,-1.565
1.828,-1.58
0.486,-0.733
0.462,-1.04
2.919,0.807
1.699,1.268
1.369,0.577
0.682,1.12
-0.011,-0.363
-0.305,-1.014
-1.959,0.471
-2.284,1.22
-2.331,0.401
-2.278,-1.349
-2.583,0.454
2.493,1.101
1.682,1.633
1.279,-2.68
-2.286,2.011
-0.63,2.035
-0.412,1.338
-1.639,-2.778
1.836,-2.793
0.494,-1.946
0.47,-2.253
2.927,-0.406
1.707,0.055
1.377,-0.636
0.69,-0.093
-0.003,-1.576
-0.297,-2.227
-1.951,-0.742
-2.276,0.007
-2.323,-0.812
-2.27,-2.562
-2.575,-0.759
2.501,-0.112
1.69,0.42
1.287,-3.893
-2.278,0.798
-0.622,0.822
-0.404,0.125
-2.808,-0.015
2.133,0.832
2.109,0.525
-1.717,2.372
-2.937,2.833
3.016,2.142
2.329,2.685
1.636,1.202
1.342,0.551
-0.312,2.036
-0.637,2.785
-0.684,1.966
-0.631,0.216
-0.936,2.019
-2.143,2.666
-2.954,3.198
2.926,-1.115
-0.639,3.576
1.017,3.6
1.235,2.903
-1.342,0.847
-1.366,0.54
1.091,2.387
-0.129,2.848
-0.459,2.157
-1.146,2.7
-1.839,1.217
-2.133,0.566
2.496,2.051
2.171,2.8
2.124,1.981
2.177,0.231
1.872,2.034
0.665,2.681
-0.146,3.213
-0.549,-1.1
2.169,3.591
-2.458,3.615
-2.24,2.918
-0.024,-0.307
2.433,1.54
1.213,2.001
0.883,1.31
0.196,1.853
-0.497,0.37
-0.791,-0.281
-2.445,1.204
-2.77,1.953
-2.817,1.134
-2.764,-0.616
-3.069,1.187
2.007,1.834
1.196,2.366
0.793,-1.947
-2.772,2.744
-1.116,2.768
-0.898,2.071
2.457,1.847
1.237,2.308
0.907,1.617
0.22,2.16
-0.473,0.677
-0.767,0.026
-2.421,1.511
-2.746,2.26
-2.793,1.441
-2.74,-0.309
-3.045,1.494
2.031,2.141
1.22,2.673
0.817,-1.64
-2.748,3.051
-1.092,3.075
-0.874,2.378
-1.22,0.461
-1.55,-0.23
-2.237,0.313
-2.93,-1.17
3.059,-1.821
1.405,-0.336
1.08,0.413
1.033,-0.406
1.086,-2.156
0.781,-0.353
-0.426,0.294
-1.237,0.826
-1.64,-3.487
1.078,1.204
2.734,1.228
2.952,0.531
-0.33,-0.691
-1.017,-0.148
-1.71,-1.631
-2.004,-2.282
2.625,-0.797
2.3,-0.048
2.253,-0.867
2.306,-2.617
2.001,-0.814
0.794,-0.167
-0.017,0.365
-0.42,-3.948
2.298,0.743
-2.329,0.767
-2.111,0.07
-0.687,0.543
-1.38,-0.94
-1.674,-1.591
2.955,-0.106
2.63,0.643
2.583,-0.176
2.636,-1.926
2.331,-0.123
1.124,0.524
0.313,1.056
-0.09,-3.257
2.628,1.434
-1.999,1.458
-1.781,0.761
-0.693,-1.483
-0.987,-2.134
-2.641,-0.649
-2.966,0.1
-3.013,-0.719
-2.96,-2.469
3.018,-0.666
1.811,-0.019
1.0,0.513
0.597,-3.8
-2.968,0.891
-1.312,0.915
-1.094,0.218
-0.294,-0.651
-1.948,0.834
-2.273,1.583
-2.32,0.764
-2.267,-0.986
-2.572,0.817
2.504,1.464
1.693,1.996
1.29,-2.317
-2.275,2.374
-0.619,2.398
-0.401,1.701
-1.654,1.485
-1.979,2.234
-2.026,1.415
-1.973,-0.335
-2.278,1.468
2.798,2.115
1.987,2.647
1.584,-1.666
-1.981,3.025
-0.325,3.049
-0.107,2.352
-0.325,0.749
-0.372,-0.07
-0.319,-1.82
-0.624,-0.017
-1.831,0.63
-2.642,1.162
-3.045,-3.151
-0.327,1.54
1.329,1.564
1.547,0.867
-0.047,-0.819
0.006,-2.569
-0.299,-0.766
-1.506,-0.119
-2.317,0.413
-2.72,-3.9
-0.002,0.791
1.654,0.815
1.872,0.118
0.053,-1.75
-0.252,0.053
-1.459,0.7
-2.27,1.232
-2.673,-3.081
0.045,1.61
1.701,1.634
1.919,0.937
-0.305,1.803
-1.512,2.45
-2.323,2.982
-2.726,-1.331
-0.008,3.36
1.648,3.384
1.866,2.687
-1.207,0.647
-2.018,1.179
-2.421,-3.134
0.297,1.557
1.953,1.581
2.171,0.884
-0.811,0.532
-1.214,-3.781
1.504,0.91
-3.123,0.934
-2.905,0.237
-0.403,-4.313
2.315,0.378
-2.312,0.402
-2.094,-0.295
2.718,4.691
-1.909,4.715
-1.691,4.018
1.656,0.024
1.874,-0.673
0.218,-0.697
