-0.088,0.854
-0.353,1.331
-0.397,0.897
-0.4,2.45
-0.406,2.219
-0.336,3.063
-0.348,1.19
-0.444,2.099
-0.467,1.706
-0.386,0.842
-0.394,1.58
-0.483,2.804
-0.514,2.466
-0.525,0.427
-0.584,1.89
-0.527,2.062
-0.606,3.485
-0.607,0.715
-0.585,3.037
-0.688,1.684
-0.703,2.415
-0.748,2.514
-0.797,2.612
-0.84,3.09
-0.836,1.664
-0.871,2.317
-0.892,0.943
-0.899,2.981
-0.892,-0.011
-0.889,0.919
-0.853,3.316
-0.87,1.198
-0.867,1.959
-0.953,2.687
-0.907,0.699
-0.993,0.491
-1.008,0.389
-0.953,1.748
-0.988,2.459
-1.01,1.695
-1.071,1.811
-1.103,2.444
-1.052,3.209
-1.121,2.979
-1.201,1.867
-1.139,2.557
-1.25,1.342
-1.273,3.228
-1.226,1.13
-1.269,2.078
-1.256,0.277
-1.354,1.207
-1.407,0.759
-1.412,2.618
-1.447,3.059
-1.439,2.456
-1.478,0.606
-1.549,1.505
-1.557,2.7
-1.516,0.026
-1.597,1.301
-1.638,1.086
-1.577,1.94
-1.623,2.949
-1.606,0.852
-1.785,1.842
-1.753,1.794
-1.915,0.342
-1.86,2.888
-1.893,1.785
-1.98,2.716
-1.952,3.752
-2.067,1.4
-2.09,3.234
-2.042,0.615
-2.123,0.887
-2.133,0.096
-2.14,3.801
-2.229,2.028
-2.244,1.719
-2.25,2.405
-2.184,0.379
-2.275,3.688
-2.335,1.211
-2.263,3.689
-2.354,2.872
-2.392,2.076
-2.351,3.67
-2.434,2.697
-2.478,3.727
-2.505,1.119
-2.58,0.147
-2.741,0.428
-2.807,0.227
-2.808,2.494
-2.876,1.349
-2.818,2.015
-2.853,2.827
-2.967,2.151
-2.912,2.089
-2.974,1.343
-3.011,3.958
-3.079,2.27
-3.079,0.49
-3.037,3.391
-3.123,3.807
-3.084,2.335
-3.117,2.991
2.982,1.889
3.038,2.112
2.984,3.338
3.041,3.265
2.977,2.93
2.873,2.849
2.902,1.422
2.827,1.524
2.815,2.81
2.839,1.588
2.783,3.647
2.69,2.462
2.654,1.445
2.554,3.179
2.585,1.283
2.432,3.428
2.332,1.799
2.345,3.26
2.363,3.001
2.315,2.748
2.271,3.3
2.274,1.376
2.293,2.725
2.263,0.935
2.248,1.774
2.223,3.615
2.217,1.073
2.182,2.681
2.105,0.241
2.17,1.572
2.155,0.167
2.065,1.238
2.139,0.334
2.112,1.106
2.043,2.209
2.055,1.071
1.955,3.779
2.02,3.298
1.913,1.292
1.963,0.793
1.939,1.774
1.867,1.011
1.892,-0.018
1.796,2.269
1.805,0.815
1.754,1.816
1.721,0.651
1.676,1.663
1.601,3.327
1.6,1.635
1.624,1.88
1.54,2.418
1.602,1.871
1.441,3.366
1.499,3.065
1.365,2.789
1.414,0.552
1.437,0.618
1.377,0.205
1.274,3.97
1.262,2.842
1.333,3.984
1.15,0.993
1.213,3.349
1.129,1.023
1.039,3.745
1.001,0.145
0.901,1.901
0.961,0.604
0.857,0.256
0.672,0.013
0.517,2.182
0.529,3.097
0.375,2.282
0.324,3.245
0.311,2.899
0.306,2.398
0.275,3.591
0.17,0.742
0.118,1.673
0.146,1.816
-0.004,-0.229
-0.217,-0.161
-0.187,0.005
-1.002,-0.057
-1.486,-0.169
-1.597,-0.273
-2.265,-0.17
-2.238,-0.344
-2.34,-0.263
-2.932,-0.144
2.819,-0.532
1.979,-0.565
1.742,-0.376
1.593,-0.278
1.237,-0.138
0.909,-0.219
0.554,-0.138
-0.289,4.134
-0.496,4.225
-0.841,4.175
-1.203,4.111
-1.3,3.908
-1.244,4.2
3.135,4.125
2.46,4.233
2.363,4.272
2.054,4.054
1.53,3.979
0.127,4.101
-1.479,2.498
-2.07,0.207
2.988,2.182
2.792,2.259
2.432,2.148
2.077,3.028
1.534,0.872
-1.448,4.035
0.022,3.887
0.038,3.554
0.062,1.058
-0.074,0.367
-0.468,0.845
-0.374,2.129
-0.494,3.834
-0.474,3.572
-0.374,1.424
-0.372,2.296
-0.538,2.587
-0.493,1.979
-0.542,2.002
-0.687,3.762
-0.583,1.931
-0.701,2.807
-0.742,1.75
-0.735,0.995
-0.616,1.362
-0.631,2.182
-0.685,3.967
-0.837,2.424
-0.881,3.889
-0.861,2.173
-0.87,2.583
-1.03,2.073
-0.931,3.812
-1.056,3.614
-1.209,2.409
-1.403,2.758
-1.654,0.14
-1.721,1.824
-1.623,0.952
-1.707,1.584
-1.782,3.405
-1.969,1.413
-1.959,1.833
-2.013,0.05
-2.275,1.732
-2.318,3.957
-2.455,0.696
-2.524,-0.017
-2.625,3.208
-3.077,0.348
-2.958,3.676
-3.054,3.965
3.116,1.907
3.069,1.605
3.04,2.549
2.753,1.578
2.796,3.881
2.626,2.912
2.422,1.096
2.375,3.286
2.282,0.234
2.268,3.653
2.131,2.852
2.258,3.31
2.214,2.425
2.168,1.632
2.19,3.354
1.922,3.873
1.985,3.81
1.983,2.627
1.913,2.292
1.88,2.16
1.777,1.655
1.726,1.146
1.805,1.119
1.792,0.564
1.553,3.457
1.431,0.366
1.202,0.936
1.255,0.494
1.205,3.684
1.026,0.191
0.994,0.851
1.075,3.635
0.716,0.06
0.318,0.34
0.306,3.269
0.299,1.659
0.155,1.761
0.152,-0.302
-0.439,-0.222
-0.688,-0.286
-0.762,-0.359
-1.165,-0.243
-1.658,-0.181
3.074,-0.214
2.014,-0.453
1.943,-0.347
2.053,-0.471
1.507,-0.402
1.589,-0.069
1.493,-0.109
1.28,-0.378
0.71,-0.249
0.434,-0.515
-0.205,4.172
-0.203,4.241
-0.429,4.221
-1.637,4.239
-2.49,4.219
-2.944,4.235
3.088,4.225
2.532,4.047
2.502,4.11
2.401,4.191
1.332,4.225
1.14,4.158
-0.847,3.492
-1.155,1.571
-1.424,1.59
-2.071,1.562
2.648,2.937
2.525,1.701
2.336,0.977
1.96,1.734
2.001,1.88
1.915,1.624
0.424,0.019
-0.432,2.919
-0.802,0.441
-2.404,1.483
2.45,2.356
2.263,3.491
1.763,0.666
1.468,2.35
-1.143,2.648
-1.419,1.282
1.971,2.718
1.768,0.336
1.67,2.761
1.028,1.195
-0.989,0.094
2.106,3.717
2.179,0.239
-2.494,-0.513
-0.265,0.477
-0.309,0.043
-0.312,1.596
-0.318,1.365
-0.248,2.209
-0.26,0.336
-0.356,1.245
-0.379,0.852
-0.298,-0.012
-0.306,0.726
-0.395,1.95
-0.426,1.612
-0.437,-0.427
-0.496,1.036
-0.439,1.208
-0.518,2.631
-0.519,-0.139
-0.497,2.183
-0.6,0.83
-0.615,1.561
-0.66,1.66
-0.709,1.758
-0.752,2.236
-0.748,0.81
-0.783,1.463
-0.804,0.089
-0.811,2.127
-0.804,-0.865
-0.801,0.065
-0.765,2.462
-0.782,0.344
-0.779,1.105
-0.865,1.833
-0.819,-0.155
-0.905,-0.363
-0.92,-0.465
-0.865,0.894
-0.9,1.605
-0.922,0.841
-0.983,0.957
-1.015,1.59
-0.964,2.355
-1.033,2.125
-1.113,1.013
-1.051,1.703
-1.162,0.488
-1.185,2.374
-1.138,0.276
-1.181,1.224
-1.168,-0.577
-1.266,0.353
-1.319,-0.095
-1.324,1.764
-1.359,2.205
-1.351,1.602
-1.39,-0.248
-1.461,0.651
-1.469,1.846
-1.428,-0.828
-1.509,0.447
-1.55,0.232
-1.489,1.086
-1.535,2.095
-1.518,-0.002
-1.697,0.988
-1.665,0.94
-1.827,-0.512
-1.772,2.034
-1.805,0.931
-1.892,1.862
-1.864,2.898
-1.979,0.546
-2.002,2.38
-1.954,-0.239
-2.035,0.033
-2.045,-0.758
-2.052,2.947
-2.141,1.174
-2.156,0.865
-2.162,1.551
-2.096,-0.475
-2.187,2.834
-2.247,0.357
-2.175,2.835
-2.266,2.018
-2.304,1.222
-2.263,2.816
-2.346,1.843
-2.39,2.873
-2.417,0.265
-2.492,-0.707
-2.653,-0.426
-2.719,-0.627
-2.72,1.64
-2.788,0.495
-2.73,1.161
-2.765,1.973
-2.879,1.297
-2.824,1.235
-2.886,0.489
-2.923,3.104
-2.991,1.416
-2.991,-0.364
-2.949,2.537
-3.035,2.953
-2.996,1.481
-3.029,2.137
3.07,1.035
3.126,1.258
3.072,2.484
3.129,2.411
3.065,2.076
2.961,1.995
2.99,0.568
2.915,0.67
2.903,1.956
2.927,0.734
2.871,2.793
2.778,1.608
2.742,0.591
2.642,2.325
2.673,0.429
2.52,2.574
2.42,0.945
2.433,2.406
2.451,2.147
2.403,1.894
2.359,2.446
2.362,0.522
2.381,1.871
2.351,0.081
2.336,0.92
2.311,2.761
2.305,0.219
2.27,1.827
2.193,-0.613
2.258,0.718
2.243,-0.687
2.153,0.384
2.227,-0.52
2.2,0.252
2.131,1.355
2.143,0.217
2.043,2.925
2.108,2.444
2.001,0.438
2.051,-0.061
2.027,0.92
1.955,0.157
1.98,-0.872
1.884,1.415
1.893,-0.039
1.842,0.962
1.809,-0.203
1.764,0.809
1.689,2.473
1.688,0.781
1.712,1.026
1.628,1.564
1.69,1.017
1.529,2.512
1.587,2.211
1.453,1.935
1.502,-0.302
1.525,-0.236
1.465,-0.649
1.362,3.116
1.35,1.988
1.421,3.13
1.238,0.139
1.301,2.495
1.217,0.169
1.127,2.891
1.089,-0.709
0.989,1.047
1.049,-0.25
0.945,-0.598
0.76,-0.841
0.605,1.328
0.617,2.243
0.463,1.428
0.412,2.391
0.399,2.045
0.394,1.544
0.363,2.737
0.258,-0.112
0.206,0.819
0.234,0.962
0.084,-1.083
-0.129,-1.015
-0.099,-0.849
-0.914,-0.911
-1.398,-1.023
-1.509,-1.127
-2.177,-1.024
-2.15,-1.198
-2.252,-1.117
-2.844,-0.998
2.907,-1.386
2.067,-1.419
1.83,-1.23
1.681,-1.132
1.325,-0.992
0.997,-1.073
0.642,-0.992
-0.201,3.28
-0.408,3.371
-0.753,3.321
-1.115,3.257
-1.212,3.054
-1.156,3.346
-3.06,3.271
2.548,3.379
2.451,3.418
2.142,3.2
1.618,3.125
0.215,3.247
-1.391,1.644
-1.982,-0.647
3.076,1.328
2.88,1.405
2.52,1.294
2.165,2.174
1.622,0.018
-1.36,3.181
0.11,3.033
0.126,2.7
0.15,0.204
0.014,-0.487
-0.38,-0.009
-0.286,1.275
-0.406,2.98
-0.386,2.718
-0.286,0.57
-0.284,1.442
-0.45,1.733
-0.405,1.125
-0.454,1.148
-0.599,2.908
-0.495,1.077
-0.613,1.953
-0.654,0.896
-0.647,0.141
-0.528,0.508
-0.543,1.328
-0.597,3.113
-0.749,1.57
-0.793,3.035
-0.773,1.319
-0.782,1.729
-0.942,1.219
-0.843,2.958
-0.968,2.76
-1.121,1.555
-1.315,1.904
-1.566,-0.714
-1.633,0.97
-1.535,0.098
-1.619,0.73
-1.694,2.551
-1.881,0.559
-1.871,0.979
-1.925,-0.804
-2.187,0.878
-2.23,3.103
-2.367,-0.158
-2.436,-0.871
-2.537,2.354
-2.989,-0.506
-2.87,2.822
-2.966,3.111
-3.079,1.053
-3.126,0.751
3.128,1.695
2.841,0.724
2.884,3.027
2.714,2.058
2.51,0.242
2.463,2.432
2.37,-0.62
2.356,2.799
2.219,1.998
2.346,2.456
2.302,1.571
2.256,0.778
2.278,2.5
2.01,3.019
2.073,2.956
2.071,1.773
2.001,1.438
1.968,1.306
1.865,0.801
1.814,0.292
1.893,0.265
1.88,-0.29
1.641,2.603
1.519,-0.488
1.29,0.082
1.343,-0.36
1.293,2.83
1.114,-0.663
1.082,-0.003
1.163,2.781
0.804,-0.794
0.406,-0.514
0.394,2.415
0.387,0.805
0.243,0.907
0.24,-1.156
-0.351,-1.076
-0.6,-1.14
-0.674,-1.213
-1.077,-1.097
-1.57,-1.035
-3.121,-1.068
2.102,-1.307
2.031,-1.201
2.141,-1.325
1.595,-1.256
1.677,-0.923
1.581,-0.963
1.368,-1.232
0.798,-1.103
0.522,-1.369
-0.117,3.318
-0.115,3.387
-0.341,3.367
-1.549,3.385
-2.402,3.365
-2.856,3.381
-3.107,3.371
2.62,3.193
2.59,3.256
2.489,3.337
1.42,3.371
1.228,3.304
-0.759,2.638
-1.067,0.717
-1.336,0.736
-1.983,0.708
2.736,2.083
2.613,0.847
2.424,0.123
2.048,0.88
2.089,1.026
2.003,0.77
0.512,-0.835
-0.344,2.065
-0.714,-0.413
-2.316,0.629
2.538,1.502
2.351,2.637
1.851,-0.188
1.556,1.496
-1.055,1.794
-1.331,0.428
2.059,1.864
1.856,-0.518
1.758,1.907
1.116,0.341
-0.901,-0.76
2.194,2.863
2.267,-0.615
-2.406,-1.367
-0.044,-0.434
-0.047,1.119
-0.053,0.888
0.017,1.732
0.005,-0.141
-0.091,0.768
-0.114,0.375
-0.033,-0.489
-0.041,0.249
-0.13,1.473
-0.161,1.135
-0.172,-0.904
-0.231,0.559
-0.174,0.731
-0.253,2.154
-0.254,-0.616
-0.232,1.706
-0.335,0.353
-0.35,1.084
-0.395,1.183
-0.444,1.281
-0.487,1.759
-0.483,0.333
-0.518,0.986
-0.539,-0.388
-0.546,1.65
-0.539,-1.342
-0.536,-0.412
-0.5,1.985
-0.517,-0.133
-0.514,0.628
-0.6,1.356
-0.554,-0.632
-0.64,-0.84
-0.655,-0.942
-0.6,0.417
-0.635,1.128
-0.657,0.364
-0.718,0.48
-0.75,1.113
-0.699,1.878
-0.768,1.648
-0.848,0.536
-0.786,1.226
-0.897,0.011
-0.92,1.897
-0.873,-0.201
-0.916,0.747
-0.903,-1.054
-1.001,-0.124
-1.054,-0.572
-1.059,1.287
-1.094,1.728
-1.086,1.125
-1.125,-0.725
-1.196,0.174
-1.204,1.369
-1.163,-1.305
-1.244,-0.03
-1.285,-0.245
-1.224,0.609
-1.27,1.618
-1.253,-0.479
-1.432,0.511
-1.4,0.463
-1.562,-0.989
-1.507,1.557
-1.54,0.454
-1.627,1.385
-1.599,2.421
-1.714,0.069
-1.737,1.903
-1.689,-0.716
-1.77,-0.444
-1.78,-1.235
-1.787,2.47
-1.876,0.697
-1.891,0.388
-1.897,1.074
-1.831,-0.952
-1.922,2.357
-1.982,-0.12
-1.91,2.358
-2.001,1.541
-2.039,0.745
-1.998,2.339
-2.081,1.366
-2.125,2.396
-2.152,-0.212
-2.227,-1.184
-2.388,-0.903
-2.454,-1.104
-2.455,1.163
-2.523,0.018
-2.465,0.684
-2.5,1.496
-2.614,0.82
-2.559,0.758
-2.621,0.012
-2.658,2.627
-2.726,0.939
-2.726,-0.841
-2.684,2.06
-2.77,2.476
-2.731,1.004
-2.764,1.66
-2.948,0.558
-2.892,0.781
-2.946,2.007
-2.889,1.934
-2.953,1.599
-3.057,1.518
-3.028,0.091
-3.103,0.193
-3.115,1.479
-3.091,0.257
3.136,2.316
3.043,1.131
3.007,0.114
2.907,1.848
2.938,-0.048
2.785,2.097
2.685,0.468
2.698,1.929
2.716,1.67
2.668,1.417
2.624,1.969
2.627,0.045
2.646,1.394
2.616,-0.396
2.601,0.443
2.576,2.284
2.57,-0.258
2.535,1.35
2.458,-1.09
2.523,0.241
2.508,-1.164
2.418,-0.093
2.492,-0.997
2.465,-0.225
2.396,0.878
2.408,-0.26
2.308,2.448
2.373,1.967
2.266,-0.039
2.316,-0.538
2.292,0.443
2.22,-0.32
2.245,-1.349
2.149,0.938
2.158,-0.516
2.107,0.485
2.074,-0.68
2.029,0.332
1.954,1.996
1.953,0.304
1.977,0.549
1.893,1.087
1.955,0.54
1.794,2.035
1.852,1.734
1.718,1.458
1.767,-0.779
1.79,-0.713
1.73,-1.126
1.627,2.639
1.615,1.511
1.686,2.653
1.503,-0.338
1.566,2.018
1.482,-0.308
1.392,2.414
1.354,-1.186
1.254,0.57
1.314,-0.727
1.21,-1.075
1.025,-1.318
0.87,0.851
0.882,1.766
0.728,0.951
0.677,1.914
0.664,1.568
0.659,1.067
0.628,2.26
0.523,-0.589
0.471,0.342
0.499,0.485
0.349,-1.56
0.136,-1.492
0.166,-1.326
-0.649,-1.388
-1.133,-1.5
-1.244,-1.604
-1.912,-1.501
-1.885,-1.675
-1.987,-1.594
-2.579,-1.475
-3.111,-1.863
2.332,-1.896
2.095,-1.707
1.946,-1.609
1.59,-1.469
1.262,-1.55
0.907,-1.469
0.064,2.803
-0.143,2.894
-0.488,2.844
-0.85,2.78
-0.947,2.577
-0.891,2.869
-2.795,2.794
2.813,2.902
2.716,2.941
2.407,2.723
1.883,2.648
0.48,2.77
-1.126,1.167
-1.717,-1.124
-2.942,0.851
-3.138,0.928
2.785,0.817
2.43,1.697
1.887,-0.459
-1.095,2.704
0.375,2.556
0.391,2.223
0.415,-0.273
0.279,-0.964
-0.115,-0.486
-0.021,0.798
-0.141,2.503
-0.121,2.241
-0.021,0.093
-0.019,0.965
-0.185,1.256
-0.14,0.648
-0.189,0.671
-0.334,2.431
-0.23,0.6
-0.348,1.476
-0.389,0.419
-0.382,-0.336
-0.263,0.031
-0.278,0.851
-0.332,2.636
-0.484,1.093
-0.528,2.558
-0.508,0.842
-0.517,1.252
-0.677,0.742
-0.578,2.481
-0.703,2.283
-0.856,1.078
-1.05,1.427
-1.301,-1.191
-1.368,0.493
-1.27,-0.379
-1.354,0.253
-1.429,2.074
-1.616,0.082
-1.606,0.502
-1.66,-1.281
-1.922,0.401
-1.965,2.626
-2.102,-0.635
-2.171,-1.348
-2.272,1.877
-2.724,-0.983
-2.605,2.345
-2.701,2.634
-2.814,0.576
-2.861,0.274
-2.89,1.218
3.106,0.247
-3.134,2.55
2.979,1.581
2.775,-0.235
2.728,1.955
2.635,-1.097
2.621,2.322
2.484,1.521
2.611,1.979
2.567,1.094
2.521,0.301
2.543,2.023
2.275,2.542
2.338,2.479
2.336,1.296
2.266,0.961
2.233,0.829
2.13,0.324
2.079,-0.185
2.158,-0.212
2.145,-0.767
1.906,2.126
1.784,-0.965
1.555,-0.395
1.608,-0.837
1.558,2.353
1.379,-1.14
1.347,-0.48
1.428,2.304
1.069,-1.271
0.671,-0.991
0.659,1.938
0.652,0.328
0.508,0.43
0.505,-1.633
-0.086,-1.553
-0.335,-1.617
-0.409,-1.69
-0.812,-1.574
-1.305,-1.512
-2.856,-1.545
2.367,-1.784
2.296,-1.678
2.406,-1.802
1.86,-1.733
1.942,-1.4
1.846,-1.44
1.633,-1.709
1.063,-1.58
0.787,-1.846
0.148,2.841
0.15,2.91
-0.076,2.89
-1.284,2.908
-2.137,2.888
-2.591,2.904
-2.842,2.894
2.885,2.716
2.855,2.779
2.754,2.86
1.685,2.894
1.493,2.827
-0.494,2.161
-0.802,0.24
-1.071,0.259
-1.718,0.231
3.001,1.606
2.878,0.37
2.689,-0.354
2.313,0.403
2.354,0.549
2.268,0.293
0.777,-1.312
-0.079,1.588
-0.449,-0.89
-2.051,0.152
2.803,1.025
2.616,2.16
2.116,-0.665
1.821,1.019
-0.79,1.317
-1.066,-0.049
2.324,1.387
2.121,-0.995
2.023,1.43
1.381,-0.136
-0.636,-1.237
2.459,2.386
2.532,-1.092
-2.141,-1.844
-0.003,1.553
-0.009,1.322
0.061,2.166
0.049,0.293
-0.047,1.202
-0.07,0.809
0.011,-0.055
0.003,0.683
-0.086,1.907
-0.117,1.569
-0.128,-0.47
-0.187,0.993
-0.13,1.165
-0.209,2.588
-0.21,-0.182
-0.188,2.14
-0.291,0.787
-0.306,1.518
-0.351,1.617
-0.4,1.715
-0.443,2.193
-0.439,0.767
-0.474,1.42
-0.495,0.046
-0.502,2.084
-0.495,-0.908
-0.492,0.022
-0.456,2.419
-0.473,0.301
-0.47,1.062
-0.556,1.79
-0.51,-0.198
-0.596,-0.406
-0.611,-0.508
-0.556,0.851
-0.591,1.562
-0.613,0.798
-0.674,0.914
-0.706,1.547
-0.655,2.312
-0.724,2.082
-0.804,0.97
-0.742,1.66
-0.853,0.445
-0.876,2.331
-0.829,0.233
-0.872,1.181
-0.859,-0.62
-0.957,0.31
-1.01,-0.138
-1.015,1.721
-1.05,2.162
-1.042,1.559
-1.081,-0.291
-1.152,0.608
-1.16,1.803
-1.119,-0.871
-1.2,0.404
-1.241,0.189
-1.18,1.043
-1.226,2.052
-1.209,-0.045
-1.388,0.945
-1.356,0.897
-1.518,-0.555
-1.463,1.991
-1.496,0.888
-1.583,1.819
-1.555,2.855
-1.67,0.503
-1.693,2.337
-1.645,-0.282
-1.726,-0.01
-1.736,-0.801
-1.743,2.904
-1.832,1.131
-1.847,0.822
-1.853,1.508
-1.787,-0.518
-1.878,2.791
-1.938,0.314
-1.866,2.792
-1.957,1.975
-1.995,1.179
-1.954,2.773
-2.037,1.8
-2.081,2.83
-2.108,0.222
-2.183,-0.75
-2.344,-0.469
-2.41,-0.67
-2.411,1.597
-2.479,0.452
-2.421,1.118
-2.456,1.93
-2.57,1.254
-2.515,1.192
-2.577,0.446
-2.614,3.061
-2.682,1.373
-2.682,-0.407
-2.64,2.494
-2.726,2.91
-2.687,1.438
-2.72,2.094
-2.904,0.992
-2.848,1.215
-2.902,2.441
-2.845,2.368
-2.909,2.033
-3.013,1.952
-2.984,0.525
-3.059,0.627
-3.071,1.913
-3.047,0.691
-3.103,2.75
3.087,1.565
3.051,0.548
2.951,2.282
2.982,0.386
2.829,2.531
2.729,0.902
2.742,2.363
2.76,2.104
2.712,1.851
2.668,2.403
2.671,0.479
2.69,1.828
2.66,0.038
2.645,0.877
2.62,2.718
2.614,0.176
2.579,1.784
2.502,-0.656
2.567,0.675
2.552,-0.73
2.462,0.341
2.536,-0.563
2.509,0.209
2.44,1.312
2.452,0.174
2.352,2.882
2.417,2.401
2.31,0.395
2.36,-0.104
2.336,0.877
2.264,0.114
2.289,-0.915
2.193,1.372
2.202,-0.082
2.151,0.919
2.118,-0.246
2.073,0.766
1.998,2.43
1.997,0.738
2.021,0.983
1.937,1.521
1.999,0.974
1.838,2.469
1.896,2.168
1.762,1.892
1.811,-0.345
1.834,-0.279
1.774,-0.692
1.671,3.073
1.659,1.945
1.73,3.087
1.547,0.096
1.61,2.452
1.526,0.126
1.436,2.848
1.398,-0.752
1.298,1.004
1.358,-0.293
1.254,-0.641
1.069,-0.884
0.914,1.285
0.926,2.2
0.772,1.385
0.721,2.348
0.708,2.002
0.703,1.501
0.672,2.694
0.567,-0.155
0.515,0.776
0.543,0.919
0.393,-1.126
0.18,-1.058
0.21,-0.892
-0.605,-0.954
-1.089,-1.066
-1.2,-1.17
-1.868,-1.067
-1.841,-1.241
-1.943,-1.16
-2.535,-1.041
-3.067,-1.429
2.376,-1.462
2.139,-1.273
1.99,-1.175
1.634,-1.035
1.306,-1.116
0.951,-1.035
0.108,3.237
-0.099,3.328
-0.444,3.278
-0.806,3.214
-0.903,3.011
-0.847,3.303
-2.751,3.228
2.857,3.336
2.76,3.375
2.451,3.157
1.927,3.082
0.524,3.204
-1.082,1.601
-1.673,-0.69
-2.898,1.285
-3.094,1.362
2.829,1.251
2.474,2.131
1.931,-0.025
-1.051,3.138
0.419,2.99
0.435,2.657
0.459,0.161
0.323,-0.53
-0.071,-0.052
0.023,1.232
-0.097,2.937
-0.077,2.675
0.023,0.527
0.025,1.399
-0.141,1.69
-0.096,1.082
-0.145,1.105
-0.29,2.865
-0.186,1.034
-0.304,1.91
-0.345,0.853
-0.338,0.098
-0.219,0.465
-0.234,1.285
-0.288,3.07
-0.44,1.527
-0.484,2.992
-0.464,1.276
-0.473,1.686
-0.633,1.176
-0.534,2.915
-0.659,2.717
-0.812,1.512
-1.006,1.861
-1.257,-0.757
-1.324,0.927
-1.226,0.055
-1.31,0.687
-1.385,2.508
-1.572,0.516
-1.562,0.936
-1.616,-0.847
-1.878,0.835
-1.921,3.06
-2.058,-0.201
-2.127,-0.914
-2.228,2.311
-2.68,-0.549
-2.561,2.779
-2.657,3.068
-2.77,1.01
-2.817,0.708
-2.846,1.652
-3.133,0.681
-3.09,2.984
3.023,2.015
2.819,0.199
2.772,2.389
2.679,-0.663
2.665,2.756
2.528,1.955
2.655,2.413
2.611,1.528
2.565,0.735
2.587,2.457
2.319,2.976
2.382,2.913
2.38,1.73
2.31,1.395
2.277,1.263
2.174,0.758
2.123,0.249
2.202,0.222
2.189,-0.333
1.95,2.56
1.828,-0.531
1.599,0.039
1.652,-0.403
1.602,2.787
1.423,-0.706
1.391,-0.046
1.472,2.738
1.113,-0.837
0.715,-0.557
0.703,2.372
0.696,0.762
0.552,0.864
0.549,-1.199
-0.042,-1.119
-0.291,-1.183
-0.365,-1.256
-0.768,-1.14
-1.261,-1.078
-2.812,-1.111
2.411,-1.35
2.34,-1.244
2.45,-1.368
1.904,-1.299
1.986,-0.966
1.89,-1.006
1.677,-1.275
1.107,-1.146
0.831,-1.412
0.192,3.275
0.194,3.344
-0.032,3.324
-1.24,3.342
-2.093,3.322
-2.547,3.338
-2.798,3.328
2.929,3.15
2.899,3.213
2.798,3.294
1.729,3.328
1.537,3.261
-0.45,2.595
-0.758,0.674
-1.027,0.693
-1.674,0.665
3.045,2.04
2.922,0.804
2.733,0.08
2.357,0.837
2.398,0.983
2.312,0.727
0.821,-0.878
-0.035,2.022
-0.405,-0.456
-2.007,0.586
2.847,1.459
2.66,2.594
2.16,-0.231
1.865,1.453
-0.746,1.751
-1.022,0.385
2.368,1.821
2.165,-0.561
2.067,1.864
1.425,0.298
-0.592,-0.803
2.503,2.82
2.576,-0.658
-2.097,-1.41
-0.006,-0.231
0.064,0.613
0.052,-1.26
-0.044,-0.351
-0.067,-0.744
0.014,-1.608
0.006,-0.87
-0.083,0.354
-0.114,0.016
-0.125,-2.023
-0.184,-0.56
-0.127,-0.388
-0.206,1.035
-0.207,-1.735
-0.185,0.587
-0.288,-0.766
-0.303,-0.035
-0.348,0.064
-0.397,0.162
-0.44,0.64
-0.436,-0.786
-0.471,-0.133
-0.492,-1.507
-0.499,0.531
-0.492,-2.461
-0.489,-1.531
-0.453,0.866
-0.47,-1.252
-0.467,-0.491
-0.553,0.237
-0.507,-1.751
-0.593,-1.959
-0.608,-2.061
-0.553,-0.702
-0.588,0.009
-0.61,-0.755
-0.671,-0.639
-0.703,-0.006
-0.652,0.759
-0.721,0.529
-0.801,-0.583
-0.739,0.107
-0.85,-1.108
-0.873,0.778
-0.826,-1.32
-0.869,-0.372
-0.856,-2.173
-0.954,-1.243
-1.007,-1.691
-1.012,0.168
-1.047,0.609
-1.039,0.006
-1.078,-1.844
-1.149,-0.945
-1.157,0.25
-1.116,-2.424
-1.197,-1.149
-1.238,-1.364
-1.177,-0.51
-1.223,0.499
-1.206,-1.598
-1.385,-0.608
-1.353,-0.656
-1.515,-2.108
-1.46,0.438
-1.493,-0.665
-1.58,0.266
-1.552,1.302
-1.667,-1.05
-1.69,0.784
-1.642,-1.835
-1.723,-1.563
-1.733,-2.354
-1.74,1.351
-1.829,-0.422
-1.844,-0.731
-1.85,-0.045
-1.784,-2.071
-1.875,1.238
-1.935,-1.239
-1.863,1.239
-1.954,0.422
-1.992,-0.374
-1.951,1.22
-2.034,0.247
-2.078,1.277
-2.105,-1.331
-2.18,-2.303
-2.341,-2.022
-2.407,-2.223
-2.408,0.044
-2.476,-1.101
-2.418,-0.435
-2.453,0.377
-2.567,-0.299
-2.512,-0.361
-2.574,-1.107
-2.611,1.508
-2.679,-0.18
-2.679,-1.96
-2.637,0.941
-2.723,1.357
-2.684,-0.115
-2.717,0.541
-2.901,-0.561
-2.845,-0.338
-2.899,0.888
-2.842,0.815
-2.906,0.48
-3.01,0.399
-2.981,-1.028
-3.056,-0.926
-3.068,0.36
-3.044,-0.862
-3.1,1.197
3.09,0.012
3.054,-1.005
2.954,0.729
2.985,-1.167
2.832,0.978
2.732,-0.651
2.745,0.81
2.763,0.551
2.715,0.298
2.671,0.85
2.674,-1.074
2.693,0.275
2.663,-1.515
2.648,-0.676
2.623,1.165
2.617,-1.377
2.582,0.231
2.505,-2.209
2.57,-0.878
2.555,-2.283
2.465,-1.212
2.539,-2.116
2.512,-1.344
2.443,-0.241
2.455,-1.379
2.355,1.329
2.42,0.848
2.313,-1.158
2.363,-1.657
2.339,-0.676
2.267,-1.439
2.292,-2.468
2.196,-0.181
2.205,-1.635
2.154,-0.634
2.121,-1.799
2.076,-0.787
2.001,0.877
2.0,-0.815
2.024,-0.57
1.94,-0.032
2.002,-0.579
1.841,0.916
1.899,0.615
1.765,0.339
1.814,-1.898
1.837,-1.832
1.777,-2.245
1.674,1.52
1.662,0.392
1.733,1.534
1.55,-1.457
1.613,0.899
1.529,-1.427
1.439,1.295
1.401,-2.305
1.301,-0.549
1.361,-1.846
1.257,-2.194
1.072,-2.437
0.917,-0.268
0.929,0.647
0.775,-0.168
0.724,0.795
0.711,0.449
0.706,-0.052
0.675,1.141
0.57,-1.708
0.518,-0.777
0.546,-0.634
0.396,-2.679
0.183,-2.611
0.213,-2.445
-0.602,-2.507
-1.086,-2.619
-1.197,-2.723
-1.865,-2.62
-1.838,-2.794
-1.94,-2.713
-2.532,-2.594
-3.064,-2.982
2.379,-3.015
2.142,-2.826
1.993,-2.728
1.637,-2.588
1.309,-2.669
0.954,-2.588
0.111,1.684
-0.096,1.775
-0.441,1.725
-0.803,1.661
-0.9,1.458
-0.844,1.75
-2.748,1.675
2.86,1.783
2.763,1.822
2.454,1.604
1.93,1.529
0.527,1.651
-1.079,0.048
-1.67,-2.243
-2.895,-0.268
-3.091,-0.191
2.832,-0.302
2.477,0.578
1.934,-1.578
-1.048,1.585
0.422,1.437
0.438,1.104
0.462,-1.392
0.326,-2.083
-0.068,-1.605
0.026,-0.321
-0.094,1.384
-0.074,1.122
0.026,-1.026
0.028,-0.154
-0.138,0.137
-0.093,-0.471
-0.142,-0.448
-0.287,1.312
-0.183,-0.519
-0.301,0.357
-0.342,-0.7
-0.335,-1.455
-0.216,-1.088
-0.231,-0.268
-0.285,1.517
-0.437,-0.026
-0.481,1.439
-0.461,-0.277
-0.47,0.133
-0.63,-0.377
-0.531,1.362
-0.656,1.164
-0.809,-0.041
-1.003,0.308
-1.254,-2.31
-1.321,-0.626
-1.223,-1.498
-1.307,-0.866
-1.382,0.955
-1.569,-1.037
-1.559,-0.617
-1.613,-2.4
-1.875,-0.718
-1.918,1.507
-2.055,-1.754
-2.124,-2.467
-2.225,0.758
-2.677,-2.102
-2.558,1.226
-2.654,1.515
-2.767,-0.543
-2.814,-0.845
-2.843,0.099
-3.13,-0.872
-3.087,1.431
3.026,0.462
2.822,-1.354
2.775,0.836
2.682,-2.216
2.668,1.203
2.531,0.402
2.658,0.86
2.614,-0.025
2.568,-0.818
2.59,0.904
2.322,1.423
2.385,1.36
2.383,0.177
2.313,-0.158
2.28,-0.29
2.177,-0.795
2.126,-1.304
2.205,-1.331
2.192,-1.886
1.953,1.007
1.831,-2.084
1.602,-1.514
1.655,-1.956
1.605,1.234
1.426,-2.259
1.394,-1.599
1.475,1.185
1.116,-2.39
0.718,-2.11
0.706,0.819
0.699,-0.791
0.555,-0.689
0.552,-2.752
-0.039,-2.672
-0.288,-2.736
-0.362,-2.809
-0.765,-2.693
-1.258,-2.631
-2.809,-2.664
2.414,-2.903
2.343,-2.797
2.453,-2.921
1.907,-2.852
1.989,-2.519
1.893,-2.559
1.68,-2.828
1.11,-2.699
0.834,-2.965
0.195,1.722
0.197,1.791
-0.029,1.771
-1.237,1.789
-2.09,1.769
-2.544,1.785
-2.795,1.775
2.932,1.597
2.902,1.66
2.801,1.741
1.732,1.775
1.54,1.708
-0.447,1.042
-0.755,-0.879
-1.024,-0.86
-1.671,-0.888
3.048,0.487
2.925,-0.749
2.736,-1.473
2.36,-0.716
2.401,-0.57
2.315,-0.826
0.824,-2.431
-0.032,0.469
-0.402,-2.009
-2.004,-0.967
2.85,-0.094
2.663,1.041
2.163,-1.784
1.868,-0.1
-0.743,0.198
-1.019,-1.168
2.371,0.268
2.168,-2.114
2.07,0.311
1.428,-1.255
-0.589,-2.356
2.506,1.267
2.579,-2.211
-2.094,-2.963
0.07,0.844
0.058,-1.029
-0.038,-0.12
-0.061,-0.513
0.02,-1.377
0.012,-0.639
-0.077,0.585
-0.108,0.247
-0.119,-1.792
-0.178,-0.329
-0.121,-0.157
-0.2,1.266
-0.201,-1.504
-0.179,0.818
-0.282,-0.535
-0.297,0.196
-0.342,0.295
-0.391,0.393
-0.434,0.871
-0.43,-0.555
-0.465,0.098
-0.486,-1.276
-0.493,0.762
-0.486,-2.23
-0.483,-1.3
-0.447,1.097
-0.464,-1.021
-0.461,-0.26
-0.547,0.468
-0.501,-1.52
-0.587,-1.728
-0.602,-1.83
-0.547,-0.471
-0.582,0.24
-0.604,-0.524
-0.665,-0.408
-0.697,0.225
-0.646,0.99
-0.715,0.76
-0.795,-0.352
-0.733,0.338
-0.844,-0.877
-0.867,1.009
-0.82,-1.089
-0.863,-0.141
-0.85,-1.942
-0.948,-1.012
-1.001,-1.46
-1.006,0.399
-1.041,0.84
-1.033,0.237
-1.072,-1.613
-1.143,-0.714
-1.151,0.481
-1.11,-2.193
-1.191,-0.918
-1.232,-1.133
-1.171,-0.279
-1.217,0.73
-1.2,-1.367
-1.379,-0.377
-1.347,-0.425
-1.509,-1.877
-1.454,0.669
-1.487,-0.434
-1.574,0.497
-1.546,1.533
-1.661,-0.819
-1.684,1.015
-1.636,-1.604
-1.717,-1.332
-1.727,-2.123
-1.734,1.582
-1.823,-0.191
-1.838,-0.5
-1.844,0.186
-1.778,-1.84
-1.869,1.469
-1.929,-1.008
-1.857,1.47
-1.948,0.653
-1.986,-0.143
-1.945,1.451
-2.028,0.478
-2.072,1.508
-2.099,-1.1
-2.174,-2.072
-2.335,-1.791
-2.401,-1.992
-2.402,0.275
-2.47,-0.87
-2.412,-0.204
-2.447,0.608
-2.561,-0.068
-2.506,-0.13
-2.568,-0.876
-2.605,1.739
-2.673,0.051
-2.673,-1.729
-2.631,1.172
-2.717,1.588
-2.678,0.116
-2.711,0.772
-2.895,-0.33
-2.839,-0.107
-2.893,1.119
-2.836,1.046
-2.9,0.711
-3.004,0.63
-2.975,-0.797
-3.05,-0.695
-3.062,0.591
-3.038,-0.631
-3.094,1.428
3.096,0.243
3.06,-0.774
2.96,0.96
2.991,-0.936
2.838,1.209
2.738,-0.42
2.751,1.041
2.769,0.782
2.721,0.529
2.677,1.081
2.68,-0.843
2.699,0.506
2.669,-1.284
2.654,-0.445
2.629,1.396
2.623,-1.146
2.588,0.462
2.511,-1.978
2.576,-0.647
2.561,-2.052
2.471,-0.981
2.545,-1.885
2.518,-1.113
2.449,-0.01
2.461,-1.148
2.361,1.56
2.426,1.079
2.319,-0.927
2.369,-1.426
2.345,-0.445
2.273,-1.208
2.298,-2.237
2.202,0.05
2.211,-1.404
2.16,-0.403
2.127,-1.568
2.082,-0.556
2.007,1.108
2.006,-0.584
2.03,-0.339
1.946,0.199
2.008,-0.348
1.847,1.147
1.905,0.846
1.771,0.57
1.82,-1.667
1.843,-1.601
1.783,-2.014
1.68,1.751
1.668,0.623
1.739,1.765
1.556,-1.226
1.619,1.13
1.535,-1.196
1.445,1.526
1.407,-2.074
1.307,-0.318
1.367,-1.615
1.263,-1.963
1.078,-2.206
0.923,-0.037
0.935,0.878
0.781,0.063
0.73,1.026
0.717,0.68
0.712,0.179
0.681,1.372
0.576,-1.477
0.524,-0.546
0.552,-0.403
0.402,-2.448
0.189,-2.38
0.219,-2.214
-0.596,-2.276
-1.08,-2.388
-1.191,-2.492
-1.859,-2.389
-1.832,-2.563
-1.934,-2.482
-2.526,-2.363
-3.058,-2.751
2.385,-2.784
2.148,-2.595
1.999,-2.497
1.643,-2.357
1.315,-2.438
0.96,-2.357
0.117,1.915
-0.09,2.006
-0.435,1.956
-0.797,1.892
-0.894,1.689
-0.838,1.981
-2.742,1.906
2.866,2.014
2.769,2.053
2.46,1.835
1.936,1.76
0.533,1.882
-1.073,0.279
-1.664,-2.012
-2.889,-0.037
-3.085,0.04
2.838,-0.071
2.483,0.809
1.94,-1.347
-1.042,1.816
0.428,1.668
0.444,1.335
0.468,-1.161
0.332,-1.852
-0.062,-1.374
0.032,-0.09
-0.088,1.615
-0.068,1.353
0.032,-0.795
0.034,0.077
-0.132,0.368
-0.087,-0.24
-0.136,-0.217
-0.281,1.543
-0.177,-0.288
-0.295,0.588
-0.336,-0.469
-0.329,-1.224
-0.21,-0.857
-0.225,-0.037
-0.279,1.748
-0.431,0.205
-0.475,1.67
-0.455,-0.046
-0.464,0.364
-0.624,-0.146
-0.525,1.593
-0.65,1.395
-0.803,0.19
-0.997,0.539
-1.248,-2.079
-1.315,-0.395
-1.217,-1.267
-1.301,-0.635
-1.376,1.186
-1.563,-0.806
-1.553,-0.386
-1.607,-2.169
-1.869,-0.487
-1.912,1.738
-2.049,-1.523
-2.118,-2.236
-2.219,0.989
-2.671,-1.871
-2.552,1.457
-2.648,1.746
-2.761,-0.312
-2.808,-0.614
-2.837,0.33
-3.124,-0.641
-3.081,1.662
3.032,0.693
2.828,-1.123
2.781,1.067
2.688,-1.985
2.674,1.434
2.537,0.633
2.664,1.091
2.62,0.206
2.574,-0.587
2.596,1.135
2.328,1.654
2.391,1.591
2.389,0.408
2.319,0.073
2.286,-0.059
2.183,-0.564
2.132,-1.073
2.211,-1.1
2.198,-1.655
1.959,1.238
1.837,-1.853
1.608,-1.283
1.661,-1.725
1.611,1.465
1.432,-2.028
1.4,-1.368
1.481,1.416
1.122,-2.159
0.724,-1.879
0.712,1.05
0.705,-0.56
0.561,-0.458
0.558,-2.521
-0.033,-2.441
-0.282,-2.505
-0.356,-2.578
-0.759,-2.462
-1.252,-2.4
-2.803,-2.433
2.42,-2.672
2.349,-2.566
2.459,-2.69
1.913,-2.621
1.995,-2.288
1.899,-2.328
1.686,-2.597
1.116,-2.468
0.84,-2.734
0.201,1.953
0.203,2.022
-0.023,2.002
-1.231,2.02
-2.084,2.0
-2.538,2.016
-2.789,2.006
2.938,1.828
2.908,1.891
2.807,1.972
1.738,2.006
1.546,1.939
-0.441,1.273
-0.749,-0.648
-1.018,-0.629
-1.665,-0.657
3.054,0.718
2.931,-0.518
2.742,-1.242
2.366,-0.485
2.407,-0.339
2.321,-0.595
0.83,-2.2
-0.026,0.7
-0.396,-1.778
-1.998,-0.736
2.856,0.137
2.669,1.272
2.169,-1.553
1.874,0.131
-0.737,0.429
-1.013,-0.937
2.377,0.499
2.174,-1.883
2.076,0.542
1.434,-1.024
-0.583,-2.125
2.512,1.498
2.585,-1.98
-2.088,-2.732
-0.012,-1.873
-0.108,-0.964
-0.131,-1.357
-0.05,-2.221
-0.058,-1.483
-0.147,-0.259
-0.178,-0.597
-0.189,-2.636
-0.248,-1.173
-0.191,-1.001
-0.27,0.422
-0.271,-2.348
-0.249,-0.026
-0.352,-1.379
-0.367,-0.648
-0.412,-0.549
-0.461,-0.451
-0.504,0.027
-0.5,-1.399
-0.535,-0.746
-0.556,-2.12
-0.563,-0.082
-0.556,-3.074
-0.553,-2.144
-0.517,0.253
-0.534,-1.865
-0.531,-1.104
-0.617,-0.376
-0.571,-2.364
-0.657,-2.572
-0.672,-2.674
-0.617,-1.315
-0.652,-0.604
-0.674,-1.368
-0.735,-1.252
-0.767,-0.619
-0.716,0.146
-0.785,-0.084
-0.865,-1.196
-0.803,-0.506
-0.914,-1.721
-0.937,0.165
-0.89,-1.933
-0.933,-0.985
-0.92,-2.786
-1.018,-1.856
-1.071,-2.304
-1.076,-0.445
-1.111,-0.004
-1.103,-0.607
-1.142,-2.457
-1.213,-1.558
-1.221,-0.363
-1.18,-3.037
-1.261,-1.762
-1.302,-1.977
-1.241,-1.123
-1.287,-0.114
-1.27,-2.211
-1.449,-1.221
-1.417,-1.269
-1.579,-2.721
-1.524,-0.175
-1.557,-1.278
-1.644,-0.347
-1.616,0.689
-1.731,-1.663
-1.754,0.171
-1.706,-2.448
-1.787,-2.176
-1.797,-2.967
-1.804,0.738
-1.893,-1.035
-1.908,-1.344
-1.914,-0.658
-1.848,-2.684
-1.939,0.625
-1.999,-1.852
-1.927,0.626
-2.018,-0.191
-2.056,-0.987
-2.015,0.607
-2.098,-0.366
-2.142,0.664
-2.169,-1.944
-2.244,-2.916
-2.405,-2.635
-2.471,-2.836
-2.472,-0.569
-2.54,-1.714
-2.482,-1.048
-2.517,-0.236
-2.631,-0.912
-2.576,-0.974
-2.638,-1.72
-2.675,0.895
-2.743,-0.793
-2.743,-2.573
-2.701,0.328
-2.787,0.744
-2.748,-0.728
-2.781,-0.072
-2.965,-1.174
-2.909,-0.951
-2.963,0.275
-2.906,0.202
-2.97,-0.133
-3.074,-0.214
-3.045,-1.641
-3.12,-1.539
-3.132,-0.253
-3.108,-1.475
3.119,0.584
3.026,-0.601
2.99,-1.618
2.89,0.116
2.921,-1.78
2.768,0.365
2.668,-1.264
2.681,0.197
2.699,-0.062
2.651,-0.315
2.607,0.237
2.61,-1.687
2.629,-0.338
2.599,-2.128
2.584,-1.289
2.559,0.552
2.553,-1.99
2.518,-0.382
2.441,-2.822
2.506,-1.491
2.491,-2.896
2.401,-1.825
2.475,-2.729
2.448,-1.957
2.379,-0.854
2.391,-1.992
2.291,0.716
2.356,0.235
2.249,-1.771
2.299,-2.27
2.275,-1.289
2.203,-2.052
2.228,-3.081
2.132,-0.794
2.141,-2.248
2.09,-1.247
2.057,-2.412
2.012,-1.4
1.937,0.264
1.936,-1.428
1.96,-1.183
1.876,-0.645
1.938,-1.192
1.777,0.303
1.835,0.002
1.701,-0.274
1.75,-2.511
1.773,-2.445
1.713,-2.858
1.61,0.907
1.598,-0.221
1.669,0.921
1.486,-2.07
1.549,0.286
1.465,-2.04
1.375,0.682
1.337,-2.918
1.237,-1.162
1.297,-2.459
1.193,-2.807
1.008,-3.05
0.853,-0.881
0.865,0.034
0.711,-0.781
0.66,0.182
0.647,-0.164
0.642,-0.665
0.611,0.528
0.506,-2.321
0.454,-1.39
0.482,-1.247
0.332,-3.292
0.119,-3.224
0.149,-3.058
-0.666,-3.12
-1.15,-3.232
-1.261,-3.336
-1.929,-3.233
-1.902,-3.407
-2.004,-3.326
-2.596,-3.207
-3.128,-3.595
2.315,-3.628
2.078,-3.439
1.929,-3.341
1.573,-3.201
1.245,-3.282
0.89,-3.201
0.047,1.071
-0.16,1.162
-0.505,1.112
-0.867,1.048
-0.964,0.845
-0.908,1.137
-2.812,1.062
2.796,1.17
2.699,1.209
2.39,0.991
1.866,0.916
0.463,1.038
-1.143,-0.565
-1.734,-2.856
-2.959,-0.881
3.128,-0.804
2.768,-0.915
2.413,-0.035
1.87,-2.191
-1.112,0.972
0.358,0.824
0.374,0.491
0.398,-2.005
0.262,-2.696
-0.132,-2.218
-0.038,-0.934
-0.158,0.771
-0.138,0.509
-0.038,-1.639
-0.036,-0.767
-0.202,-0.476
-0.157,-1.084
-0.206,-1.061
-0.351,0.699
-0.247,-1.132
-0.365,-0.256
-0.406,-1.313
-0.399,-2.068
-0.28,-1.701
-0.295,-0.881
-0.349,0.904
-0.501,-0.639
-0.545,0.826
-0.525,-0.89
-0.534,-0.48
-0.694,-0.99
-0.595,0.749
-0.72,0.551
-0.873,-0.654
-1.067,-0.305
-1.318,-2.923
-1.385,-1.239
-1.287,-2.111
-1.371,-1.479
-1.446,0.342
-1.633,-1.65
-1.623,-1.23
-1.677,-3.013
-1.939,-1.331
-1.982,0.894
-2.119,-2.367
-2.188,-3.08
-2.289,0.145
-2.741,-2.715
-2.622,0.613
-2.718,0.902
-2.831,-1.156
-2.878,-1.458
-2.907,-0.514
3.089,-1.485
3.132,0.818
2.962,-0.151
2.758,-1.967
2.711,0.223
2.618,-2.829
2.604,0.59
2.467,-0.211
2.594,0.247
2.55,-0.638
2.504,-1.431
2.526,0.291
2.258,0.81
2.321,0.747
2.319,-0.436
2.249,-0.771
2.216,-0.903
2.113,-1.408
2.062,-1.917
2.141,-1.944
2.128,-2.499
1.889,0.394
1.767,-2.697
1.538,-2.127
1.591,-2.569
1.541,0.621
1.362,-2.872
1.33,-2.212
1.411,0.572
1.052,-3.003
0.654,-2.723
0.642,0.206
0.635,-1.404
0.491,-1.302
0.488,-3.365
-0.103,-3.285
-0.352,-3.349
-0.426,-3.422
-0.829,-3.306
-1.322,-3.244
-2.873,-3.277
2.35,-3.516
2.279,-3.41
2.389,-3.534
1.843,-3.465
1.925,-3.132
1.829,-3.172
1.616,-3.441
1.046,-3.312
0.77,-3.578
0.131,1.109
0.133,1.178
-0.093,1.158
-1.301,1.176
-2.154,1.156
-2.608,1.172
-2.859,1.162
2.868,0.984
2.838,1.047
2.737,1.128
1.668,1.162
1.476,1.095
-0.511,0.429
-0.819,-1.492
-1.088,-1.473
-1.735,-1.501
2.984,-0.126
2.861,-1.362
2.672,-2.086
2.296,-1.329
2.337,-1.183
2.251,-1.439
0.76,-3.044
-0.096,-0.144
-0.466,-2.622
-2.068,-1.58
2.786,-0.707
2.599,0.428
2.099,-2.397
1.804,-0.713
-0.807,-0.415
-1.083,-1.781
2.307,-0.345
2.104,-2.727
2.006,-0.302
1.364,-1.868
-0.653,-2.969
2.442,0.654
2.515,-2.824
-2.158,-3.576
-0.096,0.909
-0.119,0.516
-0.038,-0.348
-0.046,0.39
-0.135,1.614
-0.166,1.276
-0.177,-0.763
-0.236,0.7
-0.179,0.872
-0.258,2.295
-0.259,-0.475
-0.237,1.847
-0.34,0.494
-0.355,1.225
-0.4,1.324
-0.449,1.422
-0.492,1.9
-0.488,0.474
-0.523,1.127
-0.544,-0.247
-0.551,1.791
-0.544,-1.201
-0.541,-0.271
-0.505,2.126
-0.522,0.008
-0.519,0.769
-0.605,1.497
-0.559,-0.491
-0.645,-0.699
-0.66,-0.801
-0.605,0.558
-0.64,1.269
-0.662,0.505
-0.723,0.621
-0.755,1.254
-0.704,2.019
-0.773,1.789
-0.853,0.677
-0.791,1.367
-0.902,0.152
-0.925,2.038
-0.878,-0.06
-0.921,0.888
-0.908,-0.913
-1.006,0.017
-1.059,-0.431
-1.064,1.428
-1.099,1.869
-1.091,1.266
-1.13,-0.584
-1.201,0.315
-1.209,1.51
-1.168,-1.164
-1.249,0.111
-1.29,-0.104
-1.229,0.75
-1.275,1.759
-1.258,-0.338
-1.437,0.652
-1.405,0.604
-1.567,-0.848
-1.512,1.698
-1.545,0.595
-1.632,1.526
-1.604,2.562
-1.719,0.21
-1.742,2.044
-1.694,-0.575
-1.775,-0.303
-1.785,-1.094
-1.792,2.611
-1.881,0.838
-1.896,0.529
-1.902,1.215
-1.836,-0.811
-1.927,2.498
-1.987,0.021
-1.915,2.499
-2.006,1.682
-2.044,0.886
-2.003,2.48
-2.086,1.507
-2.13,2.537
-2.157,-0.071
-2.232,-1.043
-2.393,-0.762
-2.459,-0.963
-2.46,1.304
-2.528,0.159
-2.47,0.825
-2.505,1.637
-2.619,0.961
-2.564,0.899
-2.626,0.153
-2.663,2.768
-2.731,1.08
-2.731,-0.7
-2.689,2.201
-2.775,2.617
-2.736,1.145
-2.769,1.801
-2.953,0.699
-2.897,0.922
-2.951,2.148
-2.894,2.075
-2.958,1.74
-3.062,1.659
-3.033,0.232
-3.108,0.334
-3.12,1.62
-3.096,0.398
3.131,2.457
3.038,1.272
3.002,0.255
2.902,1.989
2.933,0.093
2.78,2.238
2.68,0.609
2.693,2.07
2.711,1.811
2.663,1.558
2.619,2.11
2.622,0.186
2.641,1.535
2.611,-0.255
2.596,0.584
2.571,2.425
2.565,-0.117
2.53,1.491
2.453,-0.949
2.518,0.382
2.503,-1.023
2.413,0.048
2.487,-0.856
2.46,-0.084
2.391,1.019
2.403,-0.119
2.303,2.589
2.368,2.108
2.261,0.102
2.311,-0.397
2.287,0.584
2.215,-0.179
2.24,-1.208
2.144,1.079
2.153,-0.375
2.102,0.626
2.069,-0.539
2.024,0.473
1.949,2.137
1.948,0.445
1.972,0.69
1.888,1.228
1.95,0.681
1.789,2.176
1.847,1.875
1.713,1.599
1.762,-0.638
1.785,-0.572
1.725,-0.985
1.622,2.78
1.61,1.652
1.681,2.794
1.498,-0.197
1.561,2.159
1.477,-0.167
1.387,2.555
1.349,-1.045
1.249,0.711
1.309,-0.586
1.205,-0.934
1.02,-1.177
0.865,0.992
0.877,1.907
0.723,1.092
0.672,2.055
0.659,1.709
0.654,1.208
0.623,2.401
0.518,-0.448
0.466,0.483
0.494,0.626
0.344,-1.419
0.131,-1.351
0.161,-1.185
-0.654,-1.247
-1.138,-1.359
-1.249,-1.463
-1.917,-1.36
-1.89,-1.534
-1.992,-1.453
-2.584,-1.334
-3.116,-1.722
2.327,-1.755
2.09,-1.566
1.941,-1.468
1.585,-1.328
1.257,-1.409
0.902,-1.328
0.059,2.944
-0.148,3.035
-0.493,2.985
-0.855,2.921
-0.952,2.718
-0.896,3.01
-2.8,2.935
2.808,3.043
2.711,3.082
2.402,2.864
1.878,2.789
0.475,2.911
-1.131,1.308
-1.722,-0.983
-2.947,0.992
3.14,1.069
2.78,0.958
2.425,1.838
1.882,-0.318
-1.1,2.845
0.37,2.697
0.386,2.364
0.41,-0.132
0.274,-0.823
-0.12,-0.345
-0.026,0.939
-0.146,2.644
-0.126,2.382
-0.026,0.234
-0.024,1.106
-0.19,1.397
-0.145,0.789
-0.194,0.812
-0.339,2.572
-0.235,0.741
-0.353,1.617
-0.394,0.56
-0.387,-0.195
-0.268,0.172
-0.283,0.992
-0.337,2.777
-0.489,1.234
-0.533,2.699
-0.513,0.983
-0.522,1.393
-0.682,0.883
-0.583,2.622
-0.708,2.424
-0.861,1.219
-1.055,1.568
-1.306,-1.05
-1.373,0.634
-1.275,-0.238
-1.359,0.394
-1.434,2.215
-1.621,0.223
-1.611,0.643
-1.665,-1.14
-1.927,0.542
-1.97,2.767
-2.107,-0.494
-2.176,-1.207
-2.277,2.018
-2.729,-0.842
-2.61,2.486
-2.706,2.775
-2.819,0.717
-2.866,0.415
-2.895,1.359
3.101,0.388
-3.139,2.691
2.974,1.722
2.77,-0.094
2.723,2.096
2.63,-0.956
2.616,2.463
2.479,1.662
2.606,2.12
2.562,1.235
2.516,0.442
2.538,2.164
2.27,2.683
2.333,2.62
2.331,1.437
2.261,1.102
2.228,0.97
2.125,0.465
2.074,-0.044
2.153,-0.071
2.14,-0.626
1.901,2.267
1.779,-0.824
1.55,-0.254
1.603,-0.696
1.553,2.494
1.374,-0.999
1.342,-0.339
1.423,2.445
1.064,-1.13
0.666,-0.85
0.654,2.079
0.647,0.469
0.503,0.571
0.5,-1.492
-0.091,-1.412
-0.34,-1.476
-0.414,-1.549
-0.817,-1.433
-1.31,-1.371
-2.861,-1.404
2.362,-1.643
2.291,-1.537
2.401,-1.661
1.855,-1.592
1.937,-1.259
1.841,-1.299
1.628,-1.568
1.058,-1.439
0.782,-1.705
0.143,2.982
0.145,3.051
-0.081,3.031
-1.289,3.049
-2.142,3.029
-2.596,3.045
-2.847,3.035
2.88,2.857
2.85,2.92
2.749,3.001
1.68,3.035
1.488,2.968
-0.499,2.302
-0.807,0.381
-1.076,0.4
-1.723,0.372
2.996,1.747
2.873,0.511
2.684,-0.213
2.308,0.544
2.349,0.69
2.263,0.434
0.772,-1.171
-0.084,1.729
-0.454,-0.749
-2.056,0.293
2.798,1.166
2.611,2.301
2.111,-0.524
1.816,1.16
-0.795,1.458
-1.071,0.092
2.319,1.528
2.116,-0.854
2.018,1.571
1.376,0.005
-0.641,-1.096
2.454,2.527
2.527,-0.951
-2.146,-1.703
-0.023,-0.393
0.058,-1.257
0.05,-0.519
-0.039,0.705
-0.07,0.367
-0.081,-1.672
-0.14,-0.209
-0.083,-0.037
-0.162,1.386
-0.163,-1.384
-0.141,0.938
-0.244,-0.415
-0.259,0.316
-0.304,0.415
-0.353,0.513
-0.396,0.991
-0.392,-0.435
-0.427,0.218
-0.448,-1.156
-0.455,0.882
-0.448,-2.11
-0.445,-1.18
-0.409,1.217
-0.426,-0.901
-0.423,-0.14
-0.509,0.588
-0.463,-1.4
-0.549,-1.608
-0.564,-1.71
-0.509,-0.351
-0.544,0.36
-0.566,-0.404
-0.627,-0.288
-0.659,0.345
-0.608,1.11
-0.677,0.88
-0.757,-0.232
-0.695,0.458
-0.806,-0.757
-0.829,1.129
-0.782,-0.969
-0.825,-0.021
-0.812,-1.822
-0.91,-0.892
-0.963,-1.34
-0.968,0.519
-1.003,0.96
-0.995,0.357
-1.034,-1.493
-1.105,-0.594
-1.113,0.601
-1.072,-2.073
-1.153,-0.798
-1.194,-1.013
-1.133,-0.159
-1.179,0.85
-1.162,-1.247
-1.341,-0.257
-1.309,-0.305
-1.471,-1.757
-1.416,0.789
-1.449,-0.314
-1.536,0.617
-1.508,1.653
-1.623,-0.699
-1.646,1.135
-1.598,-1.484
-1.679,-1.212
-1.689,-2.003
-1.696,1.702
-1.785,-0.071
-1.8,-0.38
-1.806,0.306
-1.74,-1.72
-1.831,1.589
-1.891,-0.888
-1.819,1.59
-1.91,0.773
-1.948,-0.023
-1.907,1.571
-1.99,0.598
-2.034,1.628
-2.061,-0.98
-2.136,-1.952
-2.297,-1.671
-2.363,-1.872
-2.364,0.395
-2.432,-0.75
-2.374,-0.084
-2.409,0.728
-2.523,0.052
-2.468,-0.01
-2.53,-0.756
-2.567,1.859
-2.635,0.171
-2.635,-1.609
-2.593,1.292
-2.679,1.708
-2.64,0.236
-2.673,0.892
-2.857,-0.21
-2.801,0.013
-2.855,1.239
-2.798,1.166
-2.862,0.831
-2.966,0.75
-2.937,-0.677
-3.012,-0.575
-3.024,0.711
-3.0,-0.511
-3.056,1.548
3.134,0.363
3.098,-0.654
2.998,1.08
3.029,-0.816
2.876,1.329
2.776,-0.3
2.789,1.161
2.807,0.902
2.759,0.649
2.715,1.201
2.718,-0.723
2.737,0.626
2.707,-1.164
2.692,-0.325
2.667,1.516
2.661,-1.026
2.626,0.582
2.549,-1.858
2.614,-0.527
2.599,-1.932
2.509,-0.861
2.583,-1.765
2.556,-0.993
2.487,0.11
2.499,-1.028
2.399,1.68
2.464,1.199
2.357,-0.807
2.407,-1.306
2.383,-0.325
2.311,-1.088
2.336,-2.117
2.24,0.17
2.249,-1.284
2.198,-0.283
2.165,-1.448
2.12,-0.436
2.045,1.228
2.044,-0.464
2.068,-0.219
1.984,0.319
2.046,-0.228
1.885,1.267
1.943,0.966
1.809,0.69
1.858,-1.547
1.881,-1.481
1.821,-1.894
1.718,1.871
1.706,0.743
1.777,1.885
1.594,-1.106
1.657,1.25
1.573,-1.076
1.483,1.646
1.445,-1.954
1.345,-0.198
1.405,-1.495
1.301,-1.843
1.116,-2.086
0.961,0.083
0.973,0.998
0.819,0.183
0.768,1.146
0.755,0.8
0.75,0.299
0.719,1.492
0.614,-1.357
0.562,-0.426
0.59,-0.283
0.44,-2.328
0.227,-2.26
0.257,-2.094
-0.558,-2.156
-1.042,-2.268
-1.153,-2.372
-1.821,-2.269
-1.794,-2.443
-1.896,-2.362
-2.488,-2.243
-3.02,-2.631
2.423,-2.664
2.186,-2.475
2.037,-2.377
1.681,-2.237
1.353,-2.318
0.998,-2.237
0.155,2.035
-0.052,2.126
-0.397,2.076
-0.759,2.012
-0.856,1.809
-0.8,2.101
-2.704,2.026
2.904,2.134
2.807,2.173
2.498,1.955
1.974,1.88
0.571,2.002
-1.035,0.399
-1.626,-1.892
-2.851,0.083
-3.047,0.16
2.876,0.049
2.521,0.929
1.978,-1.227
-1.004,1.936
0.466,1.788
0.482,1.455
0.506,-1.041
0.37,-1.732
-0.024,-1.254
0.07,0.03
-0.05,1.735
-0.03,1.473
0.07,-0.675
0.072,0.197
-0.094,0.488
-0.049,-0.12
-0.098,-0.097
-0.243,1.663
-0.139,-0.168
-0.257,0.708
-0.298,-0.349
-0.291,-1.104
-0.172,-0.737
-0.187,0.083
-0.241,1.868
-0.393,0.325
-0.437,1.79
-0.417,0.074
-0.426,0.484
-0.586,-0.026
-0.487,1.713
-0.612,1.515
-0.765,0.31
-0.959,0.659
-1.21,-1.959
-1.277,-0.275
-1.179,-1.147
-1.263,-0.515
-1.338,1.306
-1.525,-0.686
-1.515,-0.266
-1.569,-2.049
-1.831,-0.367
-1.874,1.858
-2.011,-1.403
-2.08,-2.116
-2.181,1.109
-2.633,-1.751
-2.514,1.577
-2.61,1.866
-2.723,-0.192
-2.77,-0.494
-2.799,0.45
-3.086,-0.521
-3.043,1.782
3.07,0.813
2.866,-1.003
2.819,1.187
2.726,-1.865
2.712,1.554
2.575,0.753
2.702,1.211
2.658,0.326
2.612,-0.467
2.634,1.255
2.366,1.774
2.429,1.711
2.427,0.528
2.357,0.193
2.324,0.061
2.221,-0.444
2.17,-0.953
2.249,-0.98
2.236,-1.535
1.997,1.358
1.875,-1.733
1.646,-1.163
1.699,-1.605
1.649,1.585
1.47,-1.908
1.438,-1.248
1.519,1.536
1.16,-2.039
0.762,-1.759
0.75,1.17
0.743,-0.44
0.599,-0.338
0.596,-2.401
0.005,-2.321
-0.244,-2.385
-0.318,-2.458
-0.721,-2.342
-1.214,-2.28
-2.765,-2.313
2.458,-2.552
2.387,-2.446
2.497,-2.57
1.951,-2.501
2.033,-2.168
1.937,-2.208
1.724,-2.477
1.154,-2.348
0.878,-2.614
0.239,2.073
0.241,2.142
0.015,2.122
-1.193,2.14
-2.046,2.12
-2.5,2.136
-2.751,2.126
2.976,1.948
2.946,2.011
2.845,2.092
1.776,2.126
1.584,2.059
-0.403,1.393
-0.711,-0.528
-0.98,-0.509
-1.627,-0.537
3.092,0.838
2.969,-0.398
2.78,-1.122
2.404,-0.365
2.445,-0.219
2.359,-0.475
0.868,-2.08
0.012,0.82
-0.358,-1.658
-1.96,-0.616
2.894,0.257
2.707,1.392
2.207,-1.433
1.912,0.251
-0.699,0.549
-0.975,-0.817
2.415,0.619
2.212,-1.763
2.114,0.662
1.472,-0.904
-0.545,-2.005
2.55,1.618
2.623,-1.86
-2.05,-2.612
0.081,-0.864
0.073,-0.126
-0.016,1.098
-0.047,0.76
-0.058,-1.279
-0.117,0.184
-0.06,0.356
-0.139,1.779
-0.14,-0.991
-0.118,1.331
-0.221,-0.022
-0.236,0.709
-0.281,0.808
-0.33,0.906
-0.373,1.384
-0.369,-0.042
-0.404,0.611
-0.425,-0.763
-0.432,1.275
-0.425,-1.717
-0.422,-0.787
-0.386,1.61
-0.403,-0.508
-0.4,0.253
-0.486,0.981
-0.44,-1.007
-0.526,-1.215
-0.541,-1.317
-0.486,0.042
-0.521,0.753
-0.543,-0.011
-0.604,0.105
-0.636,0.738
-0.585,1.503
-0.654,1.273
-0.734,0.161
-0.672,0.851
-0.783,-0.364
-0.806,1.522
-0.759,-0.576
-0.802,0.372
-0.789,-1.429
-0.887,-0.499
-0.94,-0.947
-0.945,0.912
-0.98,1.353
-0.972,0.75
-1.011,-1.1
-1.082,-0.201
-1.09,0.994
-1.049,-1.68
-1.13,-0.405
-1.171,-0.62
-1.11,0.234
-1.156,1.243
-1.139,-0.854
-1.318,0.136
-1.286,0.088
-1.448,-1.364
-1.393,1.182
-1.426,0.079
-1.513,1.01
-1.485,2.046
-1.6,-0.306
-1.623,1.528
-1.575,-1.091
-1.656,-0.819
-1.666,-1.61
-1.673,2.095
-1.762,0.322
-1.777,0.013
-1.783,0.699
-1.717,-1.327
-1.808,1.982
-1.868,-0.495
-1.796,1.983
-1.887,1.166
-1.925,0.37
-1.884,1.964
-1.967,0.991
-2.011,2.021
-2.038,-0.587
-2.113,-1.559
-2.274,-1.278
-2.34,-1.479
-2.341,0.788
-2.409,-0.357
-2.351,0.309
-2.386,1.121
-2.5,0.445
-2.445,0.383
-2.507,-0.363
-2.544,2.252
-2.612,0.564
-2.612,-1.216
-2.57,1.685
-2.656,2.101
-2.617,0.629
-2.65,1.285
-2.834,0.183
-2.778,0.406
-2.832,1.632
-2.775,1.559
-2.839,1.224
-2.943,1.143
-2.914,-0.284
-2.989,-0.182
-3.001,1.104
-2.977,-0.118
-3.033,1.941
-3.126,0.756
3.121,-0.261
3.021,1.473
3.052,-0.423
2.899,1.722
2.799,0.093
2.812,1.554
2.83,1.295
2.782,1.042
2.738,1.594
2.741,-0.33
2.76,1.019
2.73,-0.771
2.715,0.068
2.69,1.909
2.684,-0.633
2.649,0.975
2.572,-1.465
2.637,-0.134
2.622,-1.539
2.532,-0.468
2.606,-1.372
2.579,-0.6
2.51,0.503
2.522,-0.635
2.422,2.073
2.487,1.592
2.38,-0.414
2.43,-0.913
2.406,0.068
2.334,-0.695
2.359,-1.724
2.263,0.563
2.272,-0.891
2.221,0.11
2.188,-1.055
2.143,-0.043
2.068,1.621
2.067,-0.071
2.091,0.174
2.007,0.712
2.069,0.165
1.908,1.66
1.966,1.359
1.832,1.083
1.881,-1.154
1.904,-1.088
1.844,-1.501
1.741,2.264
1.729,1.136
1.8,2.278
1.617,-0.713
1.68,1.643
1.596,-0.683
1.506,2.039
1.468,-1.561
1.368,0.195
1.428,-1.102
1.324,-1.45
1.139,-1.693
0.984,0.476
0.996,1.391
0.842,0.576
0.791,1.539
0.778,1.193
0.773,0.692
0.742,1.885
0.637,-0.964
0.585,-0.033
0.613,0.11
0.463,-1.935
0.25,-1.867
0.28,-1.701
-0.535,-1.763
-1.019,-1.875
-1.13,-1.979
-1.798,-1.876
-1.771,-2.05
-1.873,-1.969
-2.465,-1.85
-2.997,-2.238
2.446,-2.271
2.209,-2.082
2.06,-1.984
1.704,-1.844
1.376,-1.925
1.021,-1.844
0.178,2.428
-0.029,2.519
-0.374,2.469
-0.736,2.405
-0.833,2.202
-0.777,2.494
-2.681,2.419
2.927,2.527
2.83,2.566
2.521,2.348
1.997,2.273
0.594,2.395
-1.012,0.792
-1.603,-1.499
-2.828,0.476
-3.024,0.553
2.899,0.442
2.544,1.322
2.001,-0.834
-0.981,2.329
0.489,2.181
0.505,1.848
0.529,-0.648
0.393,-1.339
-0.001,-0.861
0.093,0.423
-0.027,2.128
-0.007,1.866
0.093,-0.282
0.095,0.59
-0.071,0.881
-0.026,0.273
-0.075,0.296
-0.22,2.056
-0.116,0.225
-0.234,1.101
-0.275,0.044
-0.268,-0.711
-0.149,-0.344
-0.164,0.476
-0.218,2.261
-0.37,0.718
-0.414,2.183
-0.394,0.467
-0.403,0.877
-0.563,0.367
-0.464,2.106
-0.589,1.908
-0.742,0.703
-0.936,1.052
-1.187,-1.566
-1.254,0.118
-1.156,-0.754
-1.24,-0.122
-1.315,1.699
-1.502,-0.293
-1.492,0.127
-1.546,-1.656
-1.808,0.026
-1.851,2.251
-1.988,-1.01
-2.057,-1.723
-2.158,1.502
-2.61,-1.358
-2.491,1.97
-2.587,2.259
-2.7,0.201
-2.747,-0.101
-2.776,0.843
-3.063,-0.128
-3.02,2.175
3.093,1.206
2.889,-0.61
2.842,1.58
2.749,-1.472
2.735,1.947
2.598,1.146
2.725,1.604
2.681,0.719
2.635,-0.074
2.657,1.648
2.389,2.167
2.452,2.104
2.45,0.921
2.38,0.586
2.347,0.454
2.244,-0.051
2.193,-0.56
2.272,-0.587
2.259,-1.142
2.02,1.751
1.898,-1.34
1.669,-0.77
1.722,-1.212
1.672,1.978
1.493,-1.515
1.461,-0.855
1.542,1.929
1.183,-1.646
0.785,-1.366
0.773,1.563
0.766,-0.047
0.622,0.055
0.619,-2.008
0.028,-1.928
-0.221,-1.992
-0.295,-2.065
-0.698,-1.949
-1.191,-1.887
-2.742,-1.92
2.481,-2.159
2.41,-2.053
2.52,-2.177
1.974,-2.108
2.056,-1.775
1.96,-1.815
1.747,-2.084
1.177,-1.955
0.901,-2.221
0.262,2.466
0.264,2.535
0.038,2.515
-1.17,2.533
-2.023,2.513
-2.477,2.529
-2.728,2.519
2.999,2.341
2.969,2.404
2.868,2.485
1.799,2.519
1.607,2.452
-0.38,1.786
-0.688,-0.135
-0.957,-0.116
-1.604,-0.144
3.115,1.231
2.992,-0.005
2.803,-0.729
2.427,0.028
2.468,0.174
2.382,-0.082
0.891,-1.687
0.035,1.213
-0.335,-1.265
-1.937,-0.223
2.917,0.65
2.73,1.785
2.23,-1.04
1.935,0.644
-0.676,0.942
-0.952,-0.424
2.438,1.012
2.235,-1.37
2.137,1.055
1.495,-0.511
-0.522,-1.612
2.573,2.011
2.646,-1.467
-2.027,-2.219
-0.008,0.738
-0.097,1.962
-0.128,1.624
-0.139,-0.415
-0.198,1.048
-0.141,1.22
-0.22,2.643
-0.221,-0.127
-0.199,2.195
-0.302,0.842
-0.317,1.573
-0.362,1.672
-0.411,1.77
-0.454,2.248
-0.45,0.822
-0.485,1.475
-0.506,0.101
-0.513,2.139
-0.506,-0.853
-0.503,0.077
-0.467,2.474
-0.484,0.356
-0.481,1.117
-0.567,1.845
-0.521,-0.143
-0.607,-0.351
-0.622,-0.453
-0.567,0.906
-0.602,1.617
-0.624,0.853
-0.685,0.969
-0.717,1.602
-0.666,2.367
-0.735,2.137
-0.815,1.025
-0.753,1.715
-0.864,0.5
-0.887,2.386
-0.84,0.288
-0.883,1.236
-0.87,-0.565
-0.968,0.365
-1.021,-0.083
-1.026,1.776
-1.061,2.217
-1.053,1.614
-1.092,-0.236
-1.163,0.663
-1.171,1.858
-1.13,-0.816
-1.211,0.459
-1.252,0.244
-1.191,1.098
-1.237,2.107
-1.22,0.01
-1.399,1.0
-1.367,0.952
-1.529,-0.5
-1.474,2.046
-1.507,0.943
-1.594,1.874
-1.566,2.91
-1.681,0.558
-1.704,2.392
-1.656,-0.227
-1.737,0.045
-1.747,-0.746
-1.754,2.959
-1.843,1.186
-1.858,0.877
-1.864,1.563
-1.798,-0.463
-1.889,2.846
-1.949,0.369
-1.877,2.847
-1.968,2.03
-2.006,1.234
-1.965,2.828
-2.048,1.855
-2.092,2.885
-2.119,0.277
-2.194,-0.695
-2.355,-0.414
-2.421,-0.615
-2.422,1.652
-2.49,0.507
-2.432,1.173
-2.467,1.985
-2.581,1.309
-2.526,1.247
-2.588,0.501
-2.625,3.116
-2.693,1.428
-2.693,-0.352
-2.651,2.549
-2.737,2.965
-2.698,1.493
-2.731,2.149
-2.915,1.047
-2.859,1.27
-2.913,2.496
-2.856,2.423
-2.92,2.088
-3.024,2.007
-2.995,0.58
-3.07,0.682
-3.082,1.968
-3.058,0.746
-3.114,2.805
3.076,1.62
3.04,0.603
2.94,2.337
2.971,0.441
2.818,2.586
2.718,0.957
2.731,2.418
2.749,2.159
2.701,1.906
2.657,2.458
2.66,0.534
2.679,1.883
2.649,0.093
2.634,0.932
2.609,2.773
2.603,0.231
2.568,1.839
2.491,-0.601
2.556,0.73
2.541,-0.675
2.451,0.396
2.525,-0.508
2.498,0.264
2.429,1.367
2.441,0.229
2.341,2.937
2.406,2.456
2.299,0.45
2.349,-0.049
2.325,0.932
2.253,0.169
2.278,-0.86
2.182,1.427
2.191,-0.027
2.14,0.974
2.107,-0.191
2.062,0.821
1.987,2.485
1.986,0.793
2.01,1.038
1.926,1.576
1.988,1.029
1.827,2.524
1.885,2.223
1.751,1.947
1.8,-0.29
1.823,-0.224
1.763,-0.637
1.66,3.128
1.648,2.0
1.719,3.142
1.536,0.151
1.599,2.507
1.515,0.181
1.425,2.903
1.387,-0.697
1.287,1.059
1.347,-0.238
1.243,-0.586
1.058,-0.829
0.903,1.34
0.915,2.255
0.761,1.44
0.71,2.403
0.697,2.057
0.692,1.556
0.661,2.749
0.556,-0.1
0.504,0.831
0.532,0.974
0.382,-1.071
0.169,-1.003
0.199,-0.837
-0.616,-0.899
-1.1,-1.011
-1.211,-1.115
-1.879,-1.012
-1.852,-1.186
-1.954,-1.105
-2.546,-0.986
-3.078,-1.374
2.365,-1.407
2.128,-1.218
1.979,-1.12
1.623,-0.98
1.295,-1.061
0.94,-0.98
0.097,3.292
-0.11,3.383
-0.455,3.333
-0.817,3.269
-0.914,3.066
-0.858,3.358
-2.762,3.283
2.846,3.391
2.749,3.43
2.44,3.212
1.916,3.137
0.513,3.259
-1.093,1.656
-1.684,-0.635
-2.909,1.34
-3.105,1.417
2.818,1.306
2.463,2.186
1.92,0.03
-1.062,3.193
0.408,3.045
0.424,2.712
0.448,0.216
0.312,-0.475
-0.082,0.003
0.012,1.287
-0.108,2.992
-0.088,2.73
0.012,0.582
0.014,1.454
-0.152,1.745
-0.107,1.137
-0.156,1.16
-0.301,2.92
-0.197,1.089
-0.315,1.965
-0.356,0.908
-0.349,0.153
-0.23,0.52
-0.245,1.34
-0.299,3.125
-0.451,1.582
-0.495,3.047
-0.475,1.331
-0.484,1.741
-0.644,1.231
-0.545,2.97
-0.67,2.772
-0.823,1.567
-1.017,1.916
-1.268,-0.702
-1.335,0.982
-1.237,0.11
-1.321,0.742
-1.396,2.563
-1.583,0.571
-1.573,0.991
-1.627,-0.792
-1.889,0.89
-1.932,3.115
-2.069,-0.146
-2.138,-0.859
-2.239,2.366
-2.691,-0.494
-2.572,2.834
-2.668,3.123
-2.781,1.065
-2.828,0.763
-2.857,1.707
3.139,0.736
-3.101,3.039
3.012,2.07
2.808,0.254
2.761,2.444
2.668,-0.608
2.654,2.811
2.517,2.01
2.644,2.468
2.6,1.583
2.554,0.79
2.576,2.512
2.308,3.031
2.371,2.968
2.369,1.785
2.299,1.45
2.266,1.318
2.163,0.813
2.112,0.304
2.191,0.277
2.178,-0.278
1.939,2.615
1.817,-0.476
1.588,0.094
1.641,-0.348
1.591,2.842
1.412,-0.651
1.38,0.009
1.461,2.793
1.102,-0.782
0.704,-0.502
0.692,2.427
0.685,0.817
0.541,0.919
0.538,-1.144
-0.053,-1.064
-0.302,-1.128
-0.376,-1.201
-0.779,-1.085
-1.272,-1.023
-2.823,-1.056
2.4,-1.295
2.329,-1.189
2.439,-1.313
1.893,-1.244
1.975,-0.911
1.879,-0.951
1.666,-1.22
1.096,-1.091
0.82,-1.357
0.181,3.33
0.183,3.399
-0.043,3.379
-1.251,3.397
-2.104,3.377
-2.558,3.393
-2.809,3.383
2.918,3.205
2.888,3.268
2.787,3.349
1.718,3.383
1.526,3.316
-0.461,2.65
-0.769,0.729
-1.038,0.748
-1.685,0.72
3.034,2.095
2.911,0.859
2.722,0.135
2.346,0.892
2.387,1.038
2.301,0.782
0.81,-0.823
-0.046,2.077
-0.416,-0.401
-2.018,0.641
2.836,1.514
2.649,2.649
2.149,-0.176
1.854,1.508
-0.757,1.806
-1.033,0.44
2.357,1.876
2.154,-0.506
2.056,1.919
1.414,0.353
-0.603,-0.748
2.492,2.875
2.565,-0.603
-2.108,-1.355
-0.089,1.224
-0.12,0.886
-0.131,-1.153
-0.19,0.31
-0.133,0.482
-0.212,1.905
-0.213,-0.865
-0.191,1.457
-0.294,0.104
-0.309,0.835
-0.354,0.934
-0.403,1.032
-0.446,1.51
-0.442,0.084
-0.477,0.737
-0.498,-0.637
-0.505,1.401
-0.498,-1.591
-0.495,-0.661
-0.459,1.736
-0.476,-0.382
-0.473,0.379
-0.559,1.107
-0.513,-0.881
-0.599,-1.089
-0.614,-1.191
-0.559,0.168
-0.594,0.879
-0.616,0.115
-0.677,0.231
-0.709,0.864
-0.658,1.629
-0.727,1.399
-0.807,0.287
-0.745,0.977
-0.856,-0.238
-0.879,1.648
-0.832,-0.45
-0.875,0.498
-0.862,-1.303
-0.96,-0.373
-1.013,-0.821
-1.018,1.038
-1.053,1.479
-1.045,0.876
-1.084,-0.974
-1.155,-0.075
-1.163,1.12
-1.122,-1.554
-1.203,-0.279
-1.244,-0.494
-1.183,0.36
-1.229,1.369
-1.212,-0.728
-1.391,0.262
-1.359,0.214
-1.521,-1.238
-1.466,1.308
-1.499,0.205
-1.586,1.136
-1.558,2.172
-1.673,-0.18
-1.696,1.654
-1.648,-0.965
-1.729,-0.693
-1.739,-1.484
-1.746,2.221
-1.835,0.448
-1.85,0.139
-1.856,0.825
-1.79,-1.201
-1.881,2.108
-1.941,-0.369
-1.869,2.109
-1.96,1.292
-1.998,0.496
-1.957,2.09
-2.04,1.117
-2.084,2.147
-2.111,-0.461
-2.186,-1.433
-2.347,-1.152
-2.413,-1.353
-2.414,0.914
-2.482,-0.231
-2.424,0.435
-2.459,1.247
-2.573,0.571
-2.518,0.509
-2.58,-0.237
-2.617,2.378
-2.685,0.69
-2.685,-1.09
-2.643,1.811
-2.729,2.227
-2.69,0.755
-2.723,1.411
-2.907,0.309
-2.851,0.532
-2.905,1.758
-2.848,1.685
-2.912,1.35
-3.016,1.269
-2.987,-0.158
-3.062,-0.056
-3.074,1.23
-3.05,0.008
-3.106,2.067
3.084,0.882
3.048,-0.135
2.948,1.599
2.979,-0.297
2.826,1.848
2.726,0.219
2.739,1.68
2.757,1.421
2.709,1.168
2.665,1.72
2.668,-0.204
2.687,1.145
2.657,-0.645
2.642,0.194
2.617,2.035
2.611,-0.507
2.576,1.101
2.499,-1.339
2.564,-0.008
2.549,-1.413
2.459,-0.342
2.533,-1.246
2.506,-0.474
2.437,0.629
2.449,-0.509
2.349,2.199
2.414,1.718
2.307,-0.288
2.357,-0.787
2.333,0.194
2.261,-0.569
2.286,-1.598
2.19,0.689
2.199,-0.765
2.148,0.236
2.115,-0.929
2.07,0.083
1.995,1.747
1.994,0.055
2.018,0.3
1.934,0.838
1.996,0.291
1.835,1.786
1.893,1.485
1.759,1.209
1.808,-1.028
1.831,-0.962
1.771,-1.375
1.668,2.39
1.656,1.262
1.727,2.404
1.544,-0.587
1.607,1.769
1.523,-0.557
1.433,2.165
1.395,-1.435
1.295,0.321
1.355,-0.976
1.251,-1.324
1.066,-1.567
0.911,0.602
0.923,1.517
0.769,0.702
0.718,1.665
0.705,1.319
0.7,0.818
0.669,2.011
0.564,-0.838
0.512,0.093
0.54,0.236
0.39,-1.809
0.177,-1.741
0.207,-1.575
-0.608,-1.637
-1.092,-1.749
-1.203,-1.853
-1.871,-1.75
-1.844,-1.924
-1.946,-1.843
-2.538,-1.724
-3.07,-2.112
2.373,-2.145
2.136,-1.956
1.987,-1.858
1.631,-1.718
1.303,-1.799
0.948,-1.718
0.105,2.554
-0.102,2.645
-0.447,2.595
-0.809,2.531
-0.906,2.328
-0.85,2.62
-2.754,2.545
2.854,2.653
2.757,2.692
2.448,2.474
1.924,2.399
0.521,2.521
-1.085,0.918
-1.676,-1.373
-2.901,0.602
-3.097,0.679
2.826,0.568
2.471,1.448
1.928,-0.708
-1.054,2.455
0.416,2.307
0.432,1.974
0.456,-0.522
0.32,-1.213
-0.074,-0.735
0.02,0.549
-0.1,2.254
-0.08,1.992
0.02,-0.156
0.022,0.716
-0.144,1.007
-0.099,0.399
-0.148,0.422
-0.293,2.182
-0.189,0.351
-0.307,1.227
-0.348,0.17
-0.341,-0.585
-0.222,-0.218
-0.237,0.602
-0.291,2.387
-0.443,0.844
-0.487,2.309
-0.467,0.593
-0.476,1.003
-0.636,0.493
-0.537,2.232
-0.662,2.034
-0.815,0.829
-1.009,1.178
-1.26,-1.44
-1.327,0.244
-1.229,-0.628
-1.313,0.004
-1.388,1.825
-1.575,-0.167
-1.565,0.253
-1.619,-1.53
-1.881,0.152
-1.924,2.377
-2.061,-0.884
-2.13,-1.597
-2.231,1.628
-2.683,-1.232
-2.564,2.096
-2.66,2.385
-2.773,0.327
-2.82,0.025
-2.849,0.969
-3.136,-0.002
-3.093,2.301
3.02,1.332
2.816,-0.484
2.769,1.706
2.676,-1.346
2.662,2.073
2.525,1.272
2.652,1.73
2.608,0.845
2.562,0.052
2.584,1.774
2.316,2.293
2.379,2.23
2.377,1.047
2.307,0.712
2.274,0.58
2.171,0.075
2.12,-0.434
2.199,-0.461
2.186,-1.016
1.947,1.877
1.825,-1.214
1.596,-0.644
1.649,-1.086
1.599,2.104
1.42,-1.389
1.388,-0.729
1.469,2.055
1.11,-1.52
0.712,-1.24
0.7,1.689
0.693,0.079
0.549,0.181
0.546,-1.882
-0.045,-1.802
-0.294,-1.866
-0.368,-1.939
-0.771,-1.823
-1.264,-1.761
-2.815,-1.794
2.408,-2.033
2.337,-1.927
2.447,-2.051
1.901,-1.982
1.983,-1.649
1.887,-1.689
1.674,-1.958
1.104,-1.829
0.828,-2.095
0.189,2.592
0.191,2.661
-0.035,2.641
-1.243,2.659
-2.096,2.639
-2.55,2.655
-2.801,2.645
2.926,2.467
2.896,2.53
2.795,2.611
1.726,2.645
1.534,2.578
-0.453,1.912
-0.761,-0.009
-1.03,0.01
-1.677,-0.018
3.042,1.357
2.919,0.121
2.73,-0.603
2.354,0.154
2.395,0.3
2.309,0.044
0.818,-1.561
-0.038,1.339
-0.408,-1.139
-2.01,-0.097
2.844,0.776
2.657,1.911
2.157,-0.914
1.862,0.77
-0.749,1.068
-1.025,-0.298
2.365,1.138
2.162,-1.244
2.064,1.181
1.422,-0.385
-0.595,-1.486
2.5,2.137
2.573,-1.341
-2.1,-2.093
-0.031,-0.338
-0.042,-2.377
-0.101,-0.914
-0.044,-0.742
-0.123,0.681
-0.124,-2.089
-0.102,0.233
-0.205,-1.12
-0.22,-0.389
-0.265,-0.29
-0.314,-0.192
-0.357,0.286
-0.353,-1.14
-0.388,-0.487
-0.409,-1.861
-0.416,0.177
-0.409,-2.815
-0.406,-1.885
-0.37,0.512
-0.387,-1.606
-0.384,-0.845
-0.47,-0.117
-0.424,-2.105
-0.51,-2.313
-0.525,-2.415
-0.47,-1.056
-0.505,-0.345
-0.527,-1.109
-0.588,-0.993
-0.62,-0.36
-0.569,0.405
-0.638,0.175
-0.718,-0.937
-0.656,-0.247
-0.767,-1.462
-0.79,0.424
-0.743,-1.674
-0.786,-0.726
-0.773,-2.527
-0.871,-1.597
-0.924,-2.045
-0.929,-0.186
-0.964,0.255
-0.956,-0.348
-0.995,-2.198
-1.066,-1.299
-1.074,-0.104
-1.033,-2.778
-1.114,-1.503
-1.155,-1.718
-1.094,-0.864
-1.14,0.145
-1.123,-1.952
-1.302,-0.962
-1.27,-1.01
-1.432,-2.462
-1.377,0.084
-1.41,-1.019
-1.497,-0.088
-1.469,0.948
-1.584,-1.404
-1.607,0.43
-1.559,-2.189
-1.64,-1.917
-1.65,-2.708
-1.657,0.997
-1.746,-0.776
-1.761,-1.085
-1.767,-0.399
-1.701,-2.425
-1.792,0.884
-1.852,-1.593
-1.78,0.885
-1.871,0.068
-1.909,-0.728
-1.868,0.866
-1.951,-0.107
-1.995,0.923
-2.022,-1.685
-2.097,-2.657
-2.258,-2.376
-2.324,-2.577
-2.325,-0.31
-2.393,-1.455
-2.335,-0.789
-2.37,0.023
-2.484,-0.653
-2.429,-0.715
-2.491,-1.461
-2.528,1.154
-2.596,-0.534
-2.596,-2.314
-2.554,0.587
-2.64,1.003
-2.601,-0.469
-2.634,0.187
-2.818,-0.915
-2.762,-0.692
-2.816,0.534
-2.759,0.461
-2.823,0.126
-2.927,0.045
-2.898,-1.382
-2.973,-1.28
-2.985,0.006
-2.961,-1.216
-3.017,0.843
-3.11,-0.342
3.137,-1.359
3.037,0.375
3.068,-1.521
2.915,0.624
2.815,-1.005
2.828,0.456
2.846,0.197
2.798,-0.056
2.754,0.496
2.757,-1.428
2.776,-0.079
2.746,-1.869
2.731,-1.03
2.706,0.811
2.7,-1.731
2.665,-0.123
2.588,-2.563
2.653,-1.232
2.638,-2.637
2.548,-1.566
2.622,-2.47
2.595,-1.698
2.526,-0.595
2.538,-1.733
2.438,0.975
2.503,0.494
2.396,-1.512
2.446,-2.011
2.422,-1.03
2.35,-1.793
2.375,-2.822
2.279,-0.535
2.288,-1.989
2.237,-0.988
2.204,-2.153
2.159,-1.141
2.084,0.523
2.083,-1.169
2.107,-0.924
2.023,-0.386
2.085,-0.933
1.924,0.562
1.982,0.261
1.848,-0.015
1.897,-2.252
1.92,-2.186
1.86,-2.599
1.757,1.166
1.745,0.038
1.816,1.18
1.633,-1.811
1.696,0.545
1.612,-1.781
1.522,0.941
1.484,-2.659
1.384,-0.903
1.444,-2.2
1.34,-2.548
1.155,-2.791
1.0,-0.622
1.012,0.293
0.858,-0.522
0.807,0.441
0.794,0.095
0.789,-0.406
0.758,0.787
0.653,-2.062
0.601,-1.131
0.629,-0.988
0.479,-3.033
0.266,-2.965
0.296,-2.799
-0.519,-2.861
-1.003,-2.973
-1.114,-3.077
-1.782,-2.974
-1.755,-3.148
-1.857,-3.067
-2.449,-2.948
-2.981,-3.336
2.462,-3.369
2.225,-3.18
2.076,-3.082
1.72,-2.942
1.392,-3.023
1.037,-2.942
0.194,1.33
-0.013,1.421
-0.358,1.371
-0.72,1.307
-0.817,1.104
-0.761,1.396
-2.665,1.321
2.943,1.429
2.846,1.468
2.537,1.25
2.013,1.175
0.61,1.297
-0.996,-0.306
-1.587,-2.597
-2.812,-0.622
-3.008,-0.545
2.915,-0.656
2.56,0.224
2.017,-1.932
-0.965,1.231
0.505,1.083
0.521,0.75
0.545,-1.746
0.409,-2.437
0.015,-1.959
0.109,-0.675
-0.011,1.03
0.009,0.768
0.109,-1.38
0.111,-0.508
-0.055,-0.217
-0.01,-0.825
-0.059,-0.802
-0.204,0.958
-0.1,-0.873
-0.218,0.003
-0.259,-1.054
-0.252,-1.809
-0.133,-1.442
-0.148,-0.622
-0.202,1.163
-0.354,-0.38
-0.398,1.085
-0.378,-0.631
-0.387,-0.221
-0.547,-0.731
-0.448,1.008
-0.573,0.81
-0.726,-0.395
-0.92,-0.046
-1.171,-2.664
-1.238,-0.98
-1.14,-1.852
-1.224,-1.22
-1.299,0.601
-1.486,-1.391
-1.476,-0.971
-1.53,-2.754
-1.792,-1.072
-1.835,1.153
-1.972,-2.108
-2.041,-2.821
-2.142,0.404
-2.594,-2.456
-2.475,0.872
-2.571,1.161
-2.684,-0.897
-2.731,-1.199
-2.76,-0.255
-3.047,-1.226
-3.004,1.077
3.109,0.108
2.905,-1.708
2.858,0.482
2.765,-2.57
2.751,0.849
2.614,0.048
2.741,0.506
2.697,-0.379
2.651,-1.172
2.673,0.55
2.405,1.069
2.468,1.006
2.466,-0.177
2.396,-0.512
2.363,-0.644
2.26,-1.149
2.209,-1.658
2.288,-1.685
2.275,-2.24
2.036,0.653
1.914,-2.438
1.685,-1.868
1.738,-2.31
1.688,0.88
1.509,-2.613
1.477,-1.953
1.558,0.831
1.199,-2.744
0.801,-2.464
0.789,0.465
0.782,-1.145
0.638,-1.043
0.635,-3.106
0.044,-3.026
-0.205,-3.09
-0.279,-3.163
-0.682,-3.047
-1.175,-2.985
-2.726,-3.018
2.497,-3.257
2.426,-3.151
2.536,-3.275
1.99,-3.206
2.072,-2.873
1.976,-2.913
1.763,-3.182
1.193,-3.053
0.917,-3.319
0.278,1.368
0.28,1.437
0.054,1.417
-1.154,1.435
-2.007,1.415
-2.461,1.431
-2.712,1.421
3.015,1.243
2.985,1.306
2.884,1.387
1.815,1.421
1.623,1.354
-0.364,0.688
-0.672,-1.233
-0.941,-1.214
-1.588,-1.242
3.131,0.133
3.008,-1.103
2.819,-1.827
2.443,-1.07
2.484,-0.924
2.398,-1.18
0.907,-2.785
0.051,0.115
-0.319,-2.363
-1.921,-1.321
2.933,-0.448
2.746,0.687
2.246,-2.138
1.951,-0.454
-0.66,-0.156
-0.936,-1.522
2.454,-0.086
2.251,-2.468
2.153,-0.043
1.511,-1.609
-0.506,-2.71
2.589,0.913
2.662,-2.565
-2.011,-3.317
-0.011,-2.039
-0.07,-0.576
-0.013,-0.404
-0.092,1.019
-0.093,-1.751
-0.071,0.571
-0.174,-0.782
-0.189,-0.051
-0.234,0.048
-0.283,0.146
-0.326,0.624
-0.322,-0.802
-0.357,-0.149
-0.378,-1.523
-0.385,0.515
-0.378,-2.477
-0.375,-1.547
-0.339,0.85
-0.356,-1.268
-0.353,-0.507
-0.439,0.221
-0.393,-1.767
-0.479,-1.975
-0.494,-2.077
-0.439,-0.718
-0.474,-0.007
-0.496,-0.771
-0.557,-0.655
-0.589,-0.022
-0.538,0.743
-0.607,0.513
-0.687,-0.599
-0.625,0.091
-0.736,-1.124
-0.759,0.762
-0.712,-1.336
-0.755,-0.388
-0.742,-2.189
-0.84,-1.259
-0.893,-1.707
-0.898,0.152
-0.933,0.593
-0.925,-0.01
-0.964,-1.86
-1.035,-0.961
-1.043,0.234
-1.002,-2.44
-1.083,-1.165
-1.124,-1.38
-1.063,-0.526
-1.109,0.483
-1.092,-1.614
-1.271,-0.624
-1.239,-0.672
-1.401,-2.124
-1.346,0.422
-1.379,-0.681
-1.466,0.25
-1.438,1.286
-1.553,-1.066
-1.576,0.768
-1.528,-1.851
-1.609,-1.579
-1.619,-2.37
-1.626,1.335
-1.715,-0.438
-1.73,-0.747
-1.736,-0.061
-1.67,-2.087
-1.761,1.222
-1.821,-1.255
-1.749,1.223
-1.84,0.406
-1.878,-0.39
-1.837,1.204
-1.92,0.231
-1.964,1.261
-1.991,-1.347
-2.066,-2.319
-2.227,-2.038
-2.293,-2.239
-2.294,0.028
-2.362,-1.117
-2.304,-0.451
-2.339,0.361
-2.453,-0.315
-2.398,-0.377
-2.46,-1.123
-2.497,1.492
-2.565,-0.196
-2.565,-1.976
-2.523,0.925
-2.609,1.341
-2.57,-0.131
-2.603,0.525
-2.787,-0.577
-2.731,-0.354
-2.785,0.872
-2.728,0.799
-2.792,0.464
-2.896,0.383
-2.867,-1.044
-2.942,-0.942
-2.954,0.344
-2.93,-0.878
-2.986,1.181
-3.079,-0.004
-3.115,-1.021
3.068,0.713
3.099,-1.183
2.946,0.962
2.846,-0.667
2.859,0.794
2.877,0.535
2.829,0.282
2.785,0.834
2.788,-1.09
2.807,0.259
2.777,-1.531
2.762,-0.692
2.737,1.149
2.731,-1.393
2.696,0.215
2.619,-2.225
2.684,-0.894
2.669,-2.299
2.579,-1.228
2.653,-2.132
2.626,-1.36
2.557,-0.257
2.569,-1.395
2.469,1.313
2.534,0.832
2.427,-1.174
2.477,-1.673
2.453,-0.692
2.381,-1.455
2.406,-2.484
2.31,-0.197
2.319,-1.651
2.268,-0.65
2.235,-1.815
2.19,-0.803
2.115,0.861
2.114,-0.831
2.138,-0.586
2.054,-0.048
2.116,-0.595
1.955,0.9
2.013,0.599
1.879,0.323
1.928,-1.914
1.951,-1.848
1.891,-2.261
1.788,1.504
1.776,0.376
1.847,1.518
1.664,-1.473
1.727,0.883
1.643,-1.443
1.553,1.279
1.515,-2.321
1.415,-0.565
1.475,-1.862
1.371,-2.21
1.186,-2.453
1.031,-0.284
1.043,0.631
0.889,-0.184
0.838,0.779
0.825,0.433
0.82,-0.068
0.789,1.125
0.684,-1.724
0.632,-0.793
0.66,-0.65
0.51,-2.695
0.297,-2.627
0.327,-2.461
-0.488,-2.523
-0.972,-2.635
-1.083,-2.739
-1.751,-2.636
-1.724,-2.81
-1.826,-2.729
-2.418,-2.61
-2.95,-2.998
2.493,-3.031
2.256,-2.842
2.107,-2.744
1.751,-2.604
1.423,-2.685
1.068,-2.604
0.225,1.668
0.018,1.759
-0.327,1.709
-0.689,1.645
-0.786,1.442
-0.73,1.734
-2.634,1.659
2.974,1.767
2.877,1.806
2.568,1.588
2.044,1.513
0.641,1.635
-0.965,0.032
-1.556,-2.259
-2.781,-0.284
-2.977,-0.207
2.946,-0.318
2.591,0.562
2.048,-1.594
-0.934,1.569
0.536,1.421
0.552,1.088
0.576,-1.408
0.44,-2.099
0.046,-1.621
0.14,-0.337
0.02,1.368
0.04,1.106
0.14,-1.042
0.142,-0.17
-0.024,0.121
0.021,-0.487
-0.028,-0.464
-0.173,1.296
-0.069,-0.535
-0.187,0.341
-0.228,-0.716
-0.221,-1.471
-0.102,-1.104
-0.117,-0.284
-0.171,1.501
-0.323,-0.042
-0.367,1.423
-0.347,-0.293
-0.356,0.117
-0.516,-0.393
-0.417,1.346
-0.542,1.148
-0.695,-0.057
-0.889,0.292
-1.14,-2.326
-1.207,-0.642
-1.109,-1.514
-1.193,-0.882
-1.268,0.939
-1.455,-1.053
-1.445,-0.633
-1.499,-2.416
-1.761,-0.734
-1.804,1.491
-1.941,-1.77
-2.01,-2.483
-2.111,0.742
-2.563,-2.118
-2.444,1.21
-2.54,1.499
-2.653,-0.559
-2.7,-0.861
-2.729,0.083
-3.016,-0.888
-2.973,1.415
3.14,0.446
2.936,-1.37
2.889,0.82
2.796,-2.232
2.782,1.187
2.645,0.386
2.772,0.844
2.728,-0.041
2.682,-0.834
2.704,0.888
2.436,1.407
2.499,1.344
2.497,0.161
2.427,-0.174
2.394,-0.306
2.291,-0.811
2.24,-1.32
2.319,-1.347
2.306,-1.902
2.067,0.991
1.945,-2.1
1.716,-1.53
1.769,-1.972
1.719,1.218
1.54,-2.275
1.508,-1.615
1.589,1.169
1.23,-2.406
0.832,-2.126
0.82,0.803
0.813,-0.807
0.669,-0.705
0.666,-2.768
0.075,-2.688
-0.174,-2.752
-0.248,-2.825
-0.651,-2.709
-1.144,-2.647
-2.695,-2.68
2.528,-2.919
2.457,-2.813
2.567,-2.937
2.021,-2.868
2.103,-2.535
2.007,-2.575
1.794,-2.844
1.224,-2.715
0.948,-2.981
0.309,1.706
0.311,1.775
0.085,1.755
-1.123,1.773
-1.976,1.753
-2.43,1.769
-2.681,1.759
3.046,1.581
3.016,1.644
2.915,1.725
1.846,1.759
1.654,1.692
-0.333,1.026
-0.641,-0.895
-0.91,-0.876
-1.557,-0.904
-3.121,0.471
3.039,-0.765
2.85,-1.489
2.474,-0.732
2.515,-0.586
2.429,-0.842
0.938,-2.447
0.082,0.453
-0.288,-2.025
-1.89,-0.983
2.964,-0.11
2.777,1.025
2.277,-1.8
1.982,-0.116
-0.629,0.182
-0.905,-1.184
2.485,0.252
2.282,-2.13
2.184,0.295
1.542,-1.271
-0.475,-2.372
2.62,1.251
2.693,-2.227
-1.98,-2.979
-0.059,1.463
-0.002,1.635
-0.081,3.058
-0.082,0.288
-0.06,2.61
-0.163,1.257
-0.178,1.988
-0.223,2.087
-0.272,2.185
-0.315,2.663
-0.311,1.237
-0.346,1.89
-0.367,0.516
-0.374,2.554
-0.367,-0.438
-0.364,0.492
-0.328,2.889
-0.345,0.771
-0.342,1.532
-0.428,2.26
-0.382,0.272
-0.468,0.064
-0.483,-0.038
-0.428,1.321
-0.463,2.032
-0.485,1.268
-0.546,1.384
-0.578,2.017
-0.527,2.782
-0.596,2.552
-0.676,1.44
-0.614,2.13
-0.725,0.915
-0.748,2.801
-0.701,0.703
-0.744,1.651
-0.731,-0.15
-0.829,0.78
-0.882,0.332
-0.887,2.191
-0.922,2.632
-0.914,2.029
-0.953,0.179
-1.024,1.078
-1.032,2.273
-0.991,-0.401
-1.072,0.874
-1.113,0.659
-1.052,1.513
-1.098,2.522
-1.081,0.425
-1.26,1.415
-1.228,1.367
-1.39,-0.085
-1.335,2.461
-1.368,1.358
-1.455,2.289
-1.427,3.325
-1.542,0.973
-1.565,2.807
-1.517,0.188
-1.598,0.46
-1.608,-0.331
-1.615,3.374
-1.704,1.601
-1.719,1.292
-1.725,1.978
-1.659,-0.048
-1.75,3.261
-1.81,0.784
-1.738,3.262
-1.829,2.445
-1.867,1.649
-1.826,3.243
-1.909,2.27
-1.953,3.3
-1.98,0.692
-2.055,-0.28
-2.216,0.001
-2.282,-0.2
-2.283,2.067
-2.351,0.922
-2.293,1.588
-2.328,2.4
-2.442,1.724
-2.387,1.662
-2.449,0.916
-2.486,3.531
-2.554,1.843
-2.554,0.063
-2.512,2.964
-2.598,3.38
-2.559,1.908
-2.592,2.564
-2.776,1.462
-2.72,1.685
-2.774,2.911
-2.717,2.838
-2.781,2.503
-2.885,2.422
-2.856,0.995
-2.931,1.097
-2.943,2.383
-2.919,1.161
-2.975,3.22
-3.068,2.035
-3.104,1.018
3.079,2.752
3.11,0.856
2.957,3.001
2.857,1.372
2.87,2.833
2.888,2.574
2.84,2.321
2.796,2.873
2.799,0.949
2.818,2.298
2.788,0.508
2.773,1.347
2.748,3.188
2.742,0.646
2.707,2.254
2.63,-0.186
2.695,1.145
2.68,-0.26
2.59,0.811
2.664,-0.093
2.637,0.679
2.568,1.782
2.58,0.644
2.48,3.352
2.545,2.871
2.438,0.865
2.488,0.366
2.464,1.347
2.392,0.584
2.417,-0.445
2.321,1.842
2.33,0.388
2.279,1.389
2.246,0.224
2.201,1.236
2.126,2.9
2.125,1.208
2.149,1.453
2.065,1.991
2.127,1.444
1.966,2.939
2.024,2.638
1.89,2.362
1.939,0.125
1.962,0.191
1.902,-0.222
1.799,3.543
1.787,2.415
1.858,3.557
1.675,0.566
1.738,2.922
1.654,0.596
1.564,3.318
1.526,-0.282
1.426,1.474
1.486,0.177
1.382,-0.171
1.197,-0.414
1.042,1.755
1.054,2.67
0.9,1.855
0.849,2.818
0.836,2.472
0.831,1.971
0.8,3.164
0.695,0.315
0.643,1.246
0.671,1.389
0.521,-0.656
0.308,-0.588
0.338,-0.422
-0.477,-0.484
-0.961,-0.596
-1.072,-0.7
-1.74,-0.597
-1.713,-0.771
-1.815,-0.69
-2.407,-0.571
-2.939,-0.959
2.504,-0.992
2.267,-0.803
2.118,-0.705
1.762,-0.565
1.434,-0.646
1.079,-0.565
0.236,3.707
0.029,3.798
-0.316,3.748
-0.678,3.684
-0.775,3.481
-0.719,3.773
-2.623,3.698
2.985,3.806
2.888,3.845
2.579,3.627
2.055,3.552
0.652,3.674
-0.954,2.071
-1.545,-0.22
-2.77,1.755
-2.966,1.832
2.957,1.721
2.602,2.601
2.059,0.445
-0.923,3.608
0.547,3.46
0.563,3.127
0.587,0.631
0.451,-0.06
0.057,0.418
0.151,1.702
0.031,3.407
0.051,3.145
0.151,0.997
0.153,1.869
-0.013,2.16
0.032,1.552
-0.017,1.575
-0.162,3.335
-0.058,1.504
-0.176,2.38
-0.217,1.323
-0.21,0.568
-0.091,0.935
-0.106,1.755
-0.16,3.54
-0.312,1.997
-0.356,3.462
-0.336,1.746
-0.345,2.156
-0.505,1.646
-0.406,3.385
-0.531,3.187
-0.684,1.982
-0.878,2.331
-1.129,-0.287
-1.196,1.397
-1.098,0.525
-1.182,1.157
-1.257,2.978
-1.444,0.986
-1.434,1.406
-1.488,-0.377
-1.75,1.305
-1.793,3.53
-1.93,0.269
-1.999,-0.444
-2.1,2.781
-2.552,-0.079
-2.433,3.249
-2.529,3.538
-2.642,1.48
-2.689,1.178
-2.718,2.122
-3.005,1.151
-2.962,3.454
-3.132,2.485
2.947,0.669
2.9,2.859
2.807,-0.193
2.793,3.226
2.656,2.425
2.783,2.883
2.739,1.998
2.693,1.205
2.715,2.927
2.447,3.446
2.51,3.383
2.508,2.2
2.438,1.865
2.405,1.733
2.302,1.228
2.251,0.719
2.33,0.692
2.317,0.137
2.078,3.03
1.956,-0.061
1.727,0.509
1.78,0.067
1.73,3.257
1.551,-0.236
1.519,0.424
1.6,3.208
1.241,-0.367
0.843,-0.087
0.831,2.842
0.824,1.232
0.68,1.334
0.677,-0.729
0.086,-0.649
-0.163,-0.713
-0.237,-0.786
-0.64,-0.67
-1.133,-0.608
-2.684,-0.641
2.539,-0.88
2.468,-0.774
2.578,-0.898
2.032,-0.829
2.114,-0.496
2.018,-0.536
1.805,-0.805
1.235,-0.676
0.959,-0.942
0.32,3.745
0.322,3.814
0.096,3.794
-1.112,3.812
-1.965,3.792
-2.419,3.808
-2.67,3.798
3.057,3.62
3.027,3.683
2.926,3.764
1.857,3.798
1.665,3.731
-0.322,3.065
-0.63,1.144
-0.899,1.163
-1.546,1.135
-3.11,2.51
3.05,1.274
2.861,0.55
2.485,1.307
2.526,1.453
2.44,1.197
0.949,-0.408
0.093,2.492
-0.277,0.014
-1.879,1.056
2.975,1.929
2.788,3.064
2.288,0.239
1.993,1.923
-0.618,2.221
-0.894,0.855
2.496,2.291
2.293,-0.091
2.195,2.334
1.553,0.768
-0.464,-0.333
2.631,3.29
2.704,-0.188
-1.969,-0.94
0.057,0.172
-0.022,1.595
-0.023,-1.175
-0.001,1.147
-0.104,-0.206
-0.119,0.525
-0.164,0.624
-0.213,0.722
-0.256,1.2
-0.252,-0.226
-0.287,0.427
-0.308,-0.947
-0.315,1.091
-0.308,-1.901
-0.305,-0.971
-0.269,1.426
-0.286,-0.692
-0.283,0.069
-0.369,0.797
-0.323,-1.191
-0.409,-1.399
-0.424,-1.501
-0.369,-0.142
-0.404,0.569
-0.426,-0.195
-0.487,-0.079
-0.519,0.554
-0.468,1.319
-0.537,1.089
-0.617,-0.023
-0.555,0.667
-0.666,-0.548
-0.689,1.338
-0.642,-0.76
-0.685,0.188
-0.672,-1.613
-0.77,-0.683
-0.823,-1.131
-0.828,0.728
-0.863,1.169
-0.855,0.566
-0.894,-1.284
-0.965,-0.385
-0.973,0.81
-0.932,-1.864
-1.013,-0.589
-1.054,-0.804
-0.993,0.05
-1.039,1.059
-1.022,-1.038
-1.201,-0.048
-1.169,-0.096
-1.331,-1.548
-1.276,0.998
-1.309,-0.105
-1.396,0.826
-1.368,1.862
-1.483,-0.49
-1.506,1.344
-1.458,-1.275
-1.539,-1.003
-1.549,-1.794
-1.556,1.911
-1.645,0.138
-1.66,-0.171
-1.666,0.515
-1.6,-1.511
-1.691,1.798
-1.751,-0.679
-1.679,1.799
-1.77,0.982
-1.808,0.186
-1.767,1.78
-1.85,0.807
-1.894,1.837
-1.921,-0.771
-1.996,-1.743
-2.157,-1.462
-2.223,-1.663
-2.224,0.604
-2.292,-0.541
-2.234,0.125
-2.269,0.937
-2.383,0.261
-2.328,0.199
-2.39,-0.547
-2.427,2.068
-2.495,0.38
-2.495,-1.4
-2.453,1.501
-2.539,1.917
-2.5,0.445
-2.533,1.101
-2.717,-0.001
-2.661,0.222
-2.715,1.448
-2.658,1.375
-2.722,1.04
-2.826,0.959
-2.797,-0.468
-2.872,-0.366
-2.884,0.92
-2.86,-0.302
-2.916,1.757
-3.009,0.572
-3.045,-0.445
3.138,1.289
-3.114,-0.607
3.016,1.538
2.916,-0.091
2.929,1.37
2.947,1.111
2.899,0.858
2.855,1.41
2.858,-0.514
2.877,0.835
2.847,-0.955
2.832,-0.116
2.807,1.725
2.801,-0.817
2.766,0.791
2.689,-1.649
2.754,-0.318
2.739,-1.723
2.649,-0.652
2.723,-1.556
2.696,-0.784
2.627,0.319
2.639,-0.819
2.539,1.889
2.604,1.408
2.497,-0.598
2.547,-1.097
2.523,-0.116
2.451,-0.879
2.476,-1.908
2.38,0.379
2.389,-1.075
2.338,-0.074
2.305,-1.239
2.26,-0.227
2.185,1.437
2.184,-0.255
2.208,-0.01
2.124,0.528
2.186,-0.019
2.025,1.476
2.083,1.175
1.949,0.899
1.998,-1.338
2.021,-1.272
1.961,-1.685
1.858,2.08
1.846,0.952
1.917,2.094
1.734,-0.897
1.797,1.459
1.713,-0.867
1.623,1.855
1.585,-1.745
1.485,0.011
1.545,-1.286
1.441,-1.634
1.256,-1.877
1.101,0.292
1.113,1.207
0.959,0.392
0.908,1.355
0.895,1.009
0.89,0.508
0.859,1.701
0.754,-1.148
0.702,-0.217
0.73,-0.074
0.58,-2.119
0.367,-2.051
0.397,-1.885
-0.418,-1.947
-0.902,-2.059
-1.013,-2.163
-1.681,-2.06
-1.654,-2.234
-1.756,-2.153
-2.348,-2.034
-2.88,-2.422
2.563,-2.455
2.326,-2.266
2.177,-2.168
1.821,-2.028
1.493,-2.109
1.138,-2.028
0.295,2.244
0.088,2.335
-0.257,2.285
-0.619,2.221
-0.716,2.018
-0.66,2.31
-2.564,2.235
3.044,2.343
2.947,2.382
2.638,2.164
2.114,2.089
0.711,2.211
-0.895,0.608
-1.486,-1.683
-2.711,0.292
-2.907,0.369
3.016,0.258
2.661,1.138
2.118,-1.018
-0.864,2.145
0.606,1.997
0.622,1.664
0.646,-0.832
0.51,-1.523
0.116,-1.045
0.21,0.239
0.09,1.944
0.11,1.682
0.21,-0.466
0.212,0.406
0.046,0.697
0.091,0.089
0.042,0.112
-0.103,1.872
0.001,0.041
-0.117,0.917
-0.158,-0.14
-0.151,-0.895
-0.032,-0.528
-0.047,0.292
-0.101,2.077
-0.253,0.534
-0.297,1.999
-0.277,0.283
-0.286,0.693
-0.446,0.183
-0.347,1.922
-0.472,1.724
-0.625,0.519
-0.819,0.868
-1.07,-1.75
-1.137,-0.066
-1.039,-0.938
-1.123,-0.306
-1.198,1.515
-1.385,-0.477
-1.375,-0.057
-1.429,-1.84
-1.691,-0.158
-1.734,2.067
-1.871,-1.194
-1.94,-1.907
-2.041,1.318
-2.493,-1.542
-2.374,1.786
-2.47,2.075
-2.583,0.017
-2.63,-0.285
-2.659,0.659
-2.946,-0.312
-2.903,1.991
-3.073,1.022
3.006,-0.794
2.959,1.396
2.866,-1.656
2.852,1.763
2.715,0.962
2.842,1.42
2.798,0.535
2.752,-0.258
2.774,1.464
2.506,1.983
2.569,1.92
2.567,0.737
2.497,0.402
2.464,0.27
2.361,-0.235
2.31,-0.744
2.389,-0.771
2.376,-1.326
2.137,1.567
2.015,-1.524
1.786,-0.954
1.839,-1.396
1.789,1.794
1.61,-1.699
1.578,-1.039
1.659,1.745
1.3,-1.83
0.902,-1.55
0.89,1.379
0.883,-0.231
0.739,-0.129
0.736,-2.192
0.145,-2.112
-0.104,-2.176
-0.178,-2.249
-0.581,-2.133
-1.074,-2.071
-2.625,-2.104
2.598,-2.343
2.527,-2.237
2.637,-2.361
2.091,-2.292
2.173,-1.959
2.077,-1.999
1.864,-2.268
1.294,-2.139
1.018,-2.405
0.379,2.282
0.381,2.351
0.155,2.331
-1.053,2.349
-1.906,2.329
-2.36,2.345
-2.611,2.335
3.116,2.157
3.086,2.22
2.985,2.301
1.916,2.335
1.724,2.268
-0.263,1.602
-0.571,-0.319
-0.84,-0.3
-1.487,-0.328
-3.051,1.047
3.109,-0.189
2.92,-0.913
2.544,-0.156
2.585,-0.01
2.499,-0.266
1.008,-1.871
0.152,1.029
-0.218,-1.449
-1.82,-0.407
3.034,0.466
2.847,1.601
2.347,-1.224
2.052,0.46
-0.559,0.758
-0.835,-0.608
2.555,0.828
2.352,-1.554
2.254,0.871
1.612,-0.695
-0.405,-1.796
2.69,1.827
2.763,-1.651
-1.91,-2.403
-0.079,1.423
-0.08,-1.347
-0.058,0.975
-0.161,-0.378
-0.176,0.353
-0.221,0.452
-0.27,0.55
-0.313,1.028
-0.309,-0.398
-0.344,0.255
-0.365,-1.119
-0.372,0.919
-0.365,-2.073
-0.362,-1.143
-0.326,1.254
-0.343,-0.864
-0.34,-0.103
-0.426,0.625
-0.38,-1.363
-0.466,-1.571
-0.481,-1.673
-0.426,-0.314
-0.461,0.397
-0.483,-0.367
-0.544,-0.251
-0.576,0.382
-0.525,1.147
-0.594,0.917
-0.674,-0.195
-0.612,0.495
-0.723,-0.72
-0.746,1.166
-0.699,-0.932
-0.742,0.016
-0.729,-1.785
-0.827,-0.855
-0.88,-1.303
-0.885,0.556
-0.92,0.997
-0.912,0.394
-0.951,-1.456
-1.022,-0.557
-1.03,0.638
-0.989,-2.036
-1.07,-0.761
-1.111,-0.976
-1.05,-0.122
-1.096,0.887
-1.079,-1.21
-1.258,-0.22
-1.226,-0.268
-1.388,-1.72
-1.333,0.826
-1.366,-0.277
-1.453,0.654
-1.425,1.69
-1.54,-0.662
-1.563,1.172
-1.515,-1.447
-1.596,-1.175
-1.606,-1.966
-1.613,1.739
-1.702,-0.034
-1.717,-0.343
-1.723,0.343
-1.657,-1.683
-1.748,1.626
-1.808,-0.851
-1.736,1.627
-1.827,0.81
-1.865,0.014
-1.824,1.608
-1.907,0.635
-1.951,1.665
-1.978,-0.943
-2.053,-1.915
-2.214,-1.634
-2.28,-1.835
-2.281,0.432
-2.349,-0.713
-2.291,-0.047
-2.326,0.765
-2.44,0.089
-2.385,0.027
-2.447,-0.719
-2.484,1.896
-2.552,0.208
-2.552,-1.572
-2.51,1.329
-2.596,1.745
-2.557,0.273
-2.59,0.929
-2.774,-0.173
-2.718,0.05
-2.772,1.276
-2.715,1.203
-2.779,0.868
-2.883,0.787
-2.854,-0.64
-2.929,-0.538
-2.941,0.748
-2.917,-0.474
-2.973,1.585
-3.066,0.4
-3.102,-0.617
3.081,1.117
3.112,-0.779
2.959,1.366
2.859,-0.263
2.872,1.198
2.89,0.939
2.842,0.686
2.798,1.238
2.801,-0.686
2.82,0.663
2.79,-1.127
2.775,-0.288
2.75,1.553
2.744,-0.989
2.709,0.619
2.632,-1.821
2.697,-0.49
2.682,-1.895
2.592,-0.824
2.666,-1.728
2.639,-0.956
2.57,0.147
2.582,-0.991
2.482,1.717
2.547,1.236
2.44,-0.77
2.49,-1.269
2.466,-0.288
2.394,-1.051
2.419,-2.08
2.323,0.207
2.332,-1.247
2.281,-0.246
2.248,-1.411
2.203,-0.399
2.128,1.265
2.127,-0.427
2.151,-0.182
2.067,0.356
2.129,-0.191
1.968,1.304
2.026,1.003
1.892,0.727
1.941,-1.51
1.964,-1.444
1.904,-1.857
1.801,1.908
1.789,0.78
1.86,1.922
1.677,-1.069
1.74,1.287
1.656,-1.039
1.566,1.683
1.528,-1.917
1.428,-0.161
1.488,-1.458
1.384,-1.806
1.199,-2.049
1.044,0.12
1.056,1.035
0.902,0.22
0.851,1.183
0.838,0.837
0.833,0.336
0.802,1.529
0.697,-1.32
0.645,-0.389
0.673,-0.246
0.523,-2.291
0.31,-2.223
0.34,-2.057
-0.475,-2.119
-0.959,-2.231
-1.07,-2.335
-1.738,-2.232
-1.711,-2.406
-1.813,-2.325
-2.405,-2.206
-2.937,-2.594
2.506,-2.627
2.269,-2.438
2.12,-2.34
1.764,-2.2
1.436,-2.281
1.081,-2.2
0.238,2.072
0.031,2.163
-0.314,2.113
-0.676,2.049
-0.773,1.846
-0.717,2.138
-2.621,2.063
2.987,2.171
2.89,2.21
2.581,1.992
2.057,1.917
0.654,2.039
-0.952,0.436
-1.543,-1.855
-2.768,0.12
-2.964,0.197
2.959,0.086
2.604,0.966
2.061,-1.19
-0.921,1.973
0.549,1.825
0.565,1.492
0.589,-1.004
0.453,-1.695
0.059,-1.217
0.153,0.067
0.033,1.772
0.053,1.51
0.153,-0.638
0.155,0.234
-0.011,0.525
0.034,-0.083
-0.015,-0.06
-0.16,1.7
-0.056,-0.131
-0.174,0.745
-0.215,-0.312
-0.208,-1.067
-0.089,-0.7
-0.104,0.12
-0.158,1.905
-0.31,0.362
-0.354,1.827
-0.334,0.111
-0.343,0.521
-0.503,0.011
-0.404,1.75
-0.529,1.552
-0.682,0.347
-0.876,0.696
-1.127,-1.922
-1.194,-0.238
-1.096,-1.11
-1.18,-0.478
-1.255,1.343
-1.442,-0.649
-1.432,-0.229
-1.486,-2.012
-1.748,-0.33
-1.791,1.895
-1.928,-1.366
-1.997,-2.079
-2.098,1.146
-2.55,-1.714
-2.431,1.614
-2.527,1.903
-2.64,-0.155
-2.687,-0.457
-2.716,0.487
-3.003,-0.484
-2.96,1.819
-3.13,0.85
2.949,-0.966
2.902,1.224
2.809,-1.828
2.795,1.591
2.658,0.79
2.785,1.248
2.741,0.363
2.695,-0.43
2.717,1.292
2.449,1.811
2.512,1.748
2.51,0.565
2.44,0.23
2.407,0.098
2.304,-0.407
2.253,-0.916
2.332,-0.943
2.319,-1.498
2.08,1.395
1.958,-1.696
1.729,-1.126
1.782,-1.568
1.732,1.622
1.553,-1.871
1.521,-1.211
1.602,1.573
1.243,-2.002
0.845,-1.722
0.833,1.207
0.826,-0.403
0.682,-0.301
0.679,-2.364
0.088,-2.284
-0.161,-2.348
-0.235,-2.421
-0.638,-2.305
-1.131,-2.243
-2.682,-2.276
2.541,-2.515
2.47,-2.409
2.58,-2.533
2.034,-2.464
2.116,-2.131
2.02,-2.171
1.807,-2.44
1.237,-2.311
0.961,-2.577
0.322,2.11
0.324,2.179
0.098,2.159
-1.11,2.177
-1.963,2.157
-2.417,2.173
-2.668,2.163
3.059,1.985
3.029,2.048
2.928,2.129
1.859,2.163
1.667,2.096
-0.32,1.43
-0.628,-0.491
-0.897,-0.472
-1.544,-0.5
-3.108,0.875
3.052,-0.361
2.863,-1.085
2.487,-0.328
2.528,-0.182
2.442,-0.438
0.951,-2.043
0.095,0.857
-0.275,-1.621
-1.877,-0.579
2.977,0.294
2.79,1.429
2.29,-1.396
1.995,0.288
-0.616,0.586
-0.892,-0.78
2.498,0.656
2.295,-1.726
2.197,0.699
1.555,-0.867
-0.462,-1.968
2.633,1.655
2.706,-1.823
-1.967,-2.575
-0.001,-2.77
0.021,-0.448
-0.082,-1.801
-0.097,-1.07
-0.142,-0.971
-0.191,-0.873
-0.234,-0.395
-0.23,-1.821
-0.265,-1.168
-0.286,-2.542
-0.293,-0.504
-0.286,-3.496
-0.283,-2.566
-0.247,-0.169
-0.264,-2.287
-0.261,-1.526
-0.347,-0.798
-0.301,-2.786
-0.387,-2.994
-0.402,-3.096
-0.347,-1.737
-0.382,-1.026
-0.404,-1.79
-0.465,-1.674
-0.497,-1.041
-0.446,-0.276
-0.515,-0.506
-0.595,-1.618
-0.533,-0.928
-0.644,-2.143
-0.667,-0.257
-0.62,-2.355
-0.663,-1.407
-0.65,-3.208
-0.748,-2.278
-0.801,-2.726
-0.806,-0.867
-0.841,-0.426
-0.833,-1.029
-0.872,-2.879
-0.943,-1.98
-0.951,-0.785
-0.91,-3.459
-0.991,-2.184
-1.032,-2.399
-0.971,-1.545
-1.017,-0.536
-1.0,-2.633
-1.179,-1.643
-1.147,-1.691
-1.309,-3.143
-1.254,-0.597
-1.287,-1.7
-1.374,-0.769
-1.346,0.267
-1.461,-2.085
-1.484,-0.251
-1.436,-2.87
-1.517,-2.598
-1.527,-3.389
-1.534,0.316
-1.623,-1.457
-1.638,-1.766
-1.644,-1.08
-1.578,-3.106
-1.669,0.203
-1.729,-2.274
-1.657,0.204
-1.748,-0.613
-1.786,-1.409
-1.745,0.185
-1.828,-0.788
-1.872,0.242
-1.899,-2.366
-1.974,-3.338
-2.135,-3.057
-2.201,-3.258
-2.202,-0.991
-2.27,-2.136
-2.212,-1.47
-2.247,-0.658
-2.361,-1.334
-2.306,-1.396
-2.368,-2.142
-2.405,0.473
-2.473,-1.215
-2.473,-2.995
-2.431,-0.094
-2.517,0.322
-2.478,-1.15
-2.511,-0.494
-2.695,-1.596
-2.639,-1.373
-2.693,-0.147
-2.636,-0.22
-2.7,-0.555
-2.804,-0.636
-2.775,-2.063
-2.85,-1.961
-2.862,-0.675
-2.838,-1.897
-2.894,0.162
-2.987,-1.023
-3.023,-2.04
-3.123,-0.306
-3.092,-2.202
3.038,-0.057
2.938,-1.686
2.951,-0.225
2.969,-0.484
2.921,-0.737
2.877,-0.185
2.88,-2.109
2.899,-0.76
2.869,-2.55
2.854,-1.711
2.829,0.13
2.823,-2.412
2.788,-0.804
2.711,-3.244
2.776,-1.913
2.761,-3.318
2.671,-2.247
2.745,-3.151
2.718,-2.379
2.649,-1.276
2.661,-2.414
2.561,0.294
2.626,-0.187
2.519,-2.193
2.569,-2.692
2.545,-1.711
2.473,-2.474
2.498,-3.503
2.402,-1.216
2.411,-2.67
2.36,-1.669
2.327,-2.834
2.282,-1.822
2.207,-0.158
2.206,-1.85
2.23,-1.605
2.146,-1.067
2.208,-1.614
2.047,-0.119
2.105,-0.42
1.971,-0.696
2.02,-2.933
2.043,-2.867
1.983,-3.28
1.88,0.485
1.868,-0.643
1.939,0.499
1.756,-2.492
1.819,-0.136
1.735,-2.462
1.645,0.26
1.607,-3.34
1.507,-1.584
1.567,-2.881
1.463,-3.229
1.278,-3.472
1.123,-1.303
1.135,-0.388
0.981,-1.203
0.93,-0.24
0.917,-0.586
0.912,-1.087
0.881,0.106
0.776,-2.743
0.724,-1.812
0.752,-1.669
0.602,-3.714
0.389,-3.646
0.419,-3.48
-0.396,-3.542
-0.88,-3.654
-0.991,-3.758
-1.659,-3.655
-1.632,-3.829
-1.734,-3.748
-2.326,-3.629
-2.858,-4.017
2.585,-4.05
2.348,-3.861
2.199,-3.763
1.843,-3.623
1.515,-3.704
1.16,-3.623
0.317,0.649
0.11,0.74
-0.235,0.69
-0.597,0.626
-0.694,0.423
-0.638,0.715
-2.542,0.64
3.066,0.748
2.969,0.787
2.66,0.569
2.136,0.494
0.733,0.616
-0.873,-0.987
-1.464,-3.278
-2.689,-1.303
-2.885,-1.226
3.038,-1.337
2.683,-0.457
2.14,-2.613
-0.842,0.55
0.628,0.402
0.644,0.069
0.668,-2.427
0.532,-3.118
0.138,-2.64
0.232,-1.356
0.112,0.349
0.132,0.087
0.232,-2.061
0.234,-1.189
0.068,-0.898
0.113,-1.506
0.064,-1.483
-0.081,0.277
0.023,-1.554
-0.095,-0.678
-0.136,-1.735
-0.129,-2.49
-0.01,-2.123
-0.025,-1.303
-0.079,0.482
-0.231,-1.061
-0.275,0.404
-0.255,-1.312
-0.264,-0.902
-0.424,-1.412
-0.325,0.327
-0.45,0.129
-0.603,-1.076
-0.797,-0.727
-1.048,-3.345
-1.115,-1.661
-1.017,-2.533
-1.101,-1.901
-1.176,-0.08
-1.363,-2.072
-1.353,-1.652
-1.407,-3.435
-1.669,-1.753
-1.712,0.472
-1.849,-2.789
-1.918,-3.502
-2.019,-0.277
-2.471,-3.137
-2.352,0.191
-2.448,0.48
-2.561,-1.578
-2.608,-1.88
-2.637,-0.936
-2.924,-1.907
-2.881,0.396
-3.051,-0.573
3.028,-2.389
2.981,-0.199
2.888,-3.251
2.874,0.168
2.737,-0.633
2.864,-0.175
2.82,-1.06
2.774,-1.853
2.796,-0.131
2.528,0.388
2.591,0.325
2.589,-0.858
2.519,-1.193
2.486,-1.325
2.383,-1.83
2.332,-2.339
2.411,-2.366
2.398,-2.921
2.159,-0.028
2.037,-3.119
1.808,-2.549
1.861,-2.991
1.811,0.199
1.632,-3.294
1.6,-2.634
1.681,0.15
1.322,-3.425
0.924,-3.145
0.912,-0.216
0.905,-1.826
0.761,-1.724
0.758,-3.787
0.167,-3.707
-0.082,-3.771
-0.156,-3.844
-0.559,-3.728
-1.052,-3.666
-2.603,-3.699
2.62,-3.938
2.549,-3.832
2.659,-3.956
2.113,-3.887
2.195,-3.554
2.099,-3.594
1.886,-3.863
1.316,-3.734
1.04,-4.0
0.401,0.687
0.403,0.756
0.177,0.736
-1.031,0.754
-1.884,0.734
-2.338,0.75
-2.589,0.74
3.138,0.562
3.108,0.625
3.007,0.706
1.938,0.74
1.746,0.673
-0.241,0.007
-0.549,-1.914
-0.818,-1.895
-1.465,-1.923
-3.029,-0.548
3.131,-1.784
2.942,-2.508
2.566,-1.751
2.607,-1.605
2.521,-1.861
1.03,-3.466
0.174,-0.566
-0.196,-3.044
-1.798,-2.002
3.056,-1.129
2.869,0.006
2.369,-2.819
2.074,-1.135
-0.537,-0.837
-0.813,-2.203
2.577,-0.767
2.374,-3.149
2.276,-0.724
1.634,-2.29
-0.383,-3.391
2.712,0.232
2.785,-3.246
-1.888,-3.998
0.022,2.322
-0.081,0.969
-0.096,1.7
-0.141,1.799
-0.19,1.897
-0.233,2.375
-0.229,0.949
-0.264,1.602
-0.285,0.228
-0.292,2.266
-0.285,-0.726
-0.282,0.204
-0.246,2.601
-0.263,0.483
-0.26,1.244
-0.346,1.972
-0.3,-0.016
-0.386,-0.224
-0.401,-0.326
-0.346,1.033
-0.381,1.744
-0.403,0.98
-0.464,1.096
-0.496,1.729
-0.445,2.494
-0.514,2.264
-0.594,1.152
-0.532,1.842
-0.643,0.627
-0.666,2.513
-0.619,0.415
-0.662,1.363
-0.649,-0.438
-0.747,0.492
-0.8,0.044
-0.805,1.903
-0.84,2.344
-0.832,1.741
-0.871,-0.109
-0.942,0.79
-0.95,1.985
-0.909,-0.689
-0.99,0.586
-1.031,0.371
-0.97,1.225
-1.016,2.234
-0.999,0.137
-1.178,1.127
-1.146,1.079
-1.308,-0.373
-1.253,2.173
-1.286,1.07
-1.373,2.001
-1.345,3.037
-1.46,0.685
-1.483,2.519
-1.435,-0.1
-1.516,0.172
-1.526,-0.619
-1.533,3.086
-1.622,1.313
-1.637,1.004
-1.643,1.69
-1.577,-0.336
-1.668,2.973
-1.728,0.496
-1.656,2.974
-1.747,2.157
-1.785,1.361
-1.744,2.955
-1.827,1.982
-1.871,3.012
-1.898,0.404
-1.973,-0.568
-2.134,-0.287
-2.2,-0.488
-2.201,1.779
-2.269,0.634
-2.211,1.3
-2.246,2.112
-2.36,1.436
-2.305,1.374
-2.367,0.628
-2.404,3.243
-2.472,1.555
-2.472,-0.225
-2.43,2.676
-2.516,3.092
-2.477,1.62
-2.51,2.276
-2.694,1.174
-2.638,1.397
-2.692,2.623
-2.635,2.55
-2.699,2.215
-2.803,2.134
-2.774,0.707
-2.849,0.809
-2.861,2.095
-2.837,0.873
-2.893,2.932
-2.986,1.747
-3.022,0.73
-3.122,2.464
-3.091,0.568
3.039,2.713
2.939,1.084
2.952,2.545
2.97,2.286
2.922,2.033
2.878,2.585
2.881,0.661
2.9,2.01
2.87,0.22
2.855,1.059
2.83,2.9
2.824,0.358
2.789,1.966
2.712,-0.474
2.777,0.857
2.762,-0.548
2.672,0.523
2.746,-0.381
2.719,0.391
2.65,1.494
2.662,0.356
2.562,3.064
2.627,2.583
2.52,0.577
2.57,0.078
2.546,1.059
2.474,0.296
2.499,-0.733
2.403,1.554
2.412,0.1
2.361,1.101
2.328,-0.064
2.283,0.948
2.208,2.612
2.207,0.92
2.231,1.165
2.147,1.703
2.209,1.156
2.048,2.651
2.106,2.35
1.972,2.074
2.021,-0.163
2.044,-0.097
1.984,-0.51
1.881,3.255
1.869,2.127
1.94,3.269
1.757,0.278
1.82,2.634
1.736,0.308
1.646,3.03
1.608,-0.57
1.508,1.186
1.568,-0.111
1.464,-0.459
1.279,-0.702
1.124,1.467
1.136,2.382
0.982,1.567
0.931,2.53
0.918,2.184
0.913,1.683
0.882,2.876
0.777,0.027
0.725,0.958
0.753,1.101
0.603,-0.944
0.39,-0.876
0.42,-0.71
-0.395,-0.772
-0.879,-0.884
-0.99,-0.988
-1.658,-0.885
-1.631,-1.059
-1.733,-0.978
-2.325,-0.859
-2.857,-1.247
2.586,-1.28
2.349,-1.091
2.2,-0.993
1.844,-0.853
1.516,-0.934
1.161,-0.853
0.318,3.419
0.111,3.51
-0.234,3.46
-0.596,3.396
-0.693,3.193
-0.637,3.485
-2.541,3.41
3.067,3.518
2.97,3.557
2.661,3.339
2.137,3.264
0.734,3.386
-0.872,1.783
-1.463,-0.508
-2.688,1.467
-2.884,1.544
3.039,1.433
2.684,2.313
2.141,0.157
-0.841,3.32
0.629,3.172
0.645,2.839
0.669,0.343
0.533,-0.348
0.139,0.13
0.233,1.414
0.113,3.119
0.133,2.857
0.233,0.709
0.235,1.581
0.069,1.872
0.114,1.264
0.065,1.287
-0.08,3.047
0.024,1.216
-0.094,2.092
-0.135,1.035
-0.128,0.28
-0.009,0.647
-0.024,1.467
-0.078,3.252
-0.23,1.709
-0.274,3.174
-0.254,1.458
-0.263,1.868
-0.423,1.358
-0.324,3.097
-0.449,2.899
-0.602,1.694
-0.796,2.043
-1.047,-0.575
-1.114,1.109
-1.016,0.237
-1.1,0.869
-1.175,2.69
-1.362,0.698
-1.352,1.118
-1.406,-0.665
-1.668,1.017
-1.711,3.242
-1.848,-0.019
-1.917,-0.732
-2.018,2.493
-2.47,-0.367
-2.351,2.961
-2.447,3.25
-2.56,1.192
-2.607,0.89
-2.636,1.834
-2.923,0.863
-2.88,3.166
-3.05,2.197
3.029,0.381
2.982,2.571
2.889,-0.481
2.875,2.938
2.738,2.137
2.865,2.595
2.821,1.71
2.775,0.917
2.797,2.639
2.529,3.158
2.592,3.095
2.59,1.912
2.52,1.577
2.487,1.445
2.384,0.94
2.333,0.431
2.412,0.404
2.399,-0.151
2.16,2.742
2.038,-0.349
1.809,0.221
1.862,-0.221
1.812,2.969
1.633,-0.524
1.601,0.136
1.682,2.92
1.323,-0.655
0.925,-0.375
0.913,2.554
0.906,0.944
0.762,1.046
0.759,-1.017
0.168,-0.937
-0.081,-1.001
-0.155,-1.074
-0.558,-0.958
-1.051,-0.896
-2.602,-0.929
2.621,-1.168
2.55,-1.062
2.66,-1.186
2.114,-1.117
2.196,-0.784
2.1,-0.824
1.887,-1.093
1.317,-0.964
1.041,-1.23
0.402,3.457
0.404,3.526
0.178,3.506
-1.03,3.524
-1.883,3.504
-2.337,3.52
-2.588,3.51
3.139,3.332
3.109,3.395
3.008,3.476
1.939,3.51
1.747,3.443
-0.24,2.777
-0.548,0.856
-0.817,0.875
-1.464,0.847
-3.028,2.222
3.132,0.986
2.943,0.262
2.567,1.019
2.608,1.165
2.522,0.909
1.031,-0.696
0.175,2.204
-0.195,-0.274
-1.797,0.768
3.057,1.641
2.87,2.776
2.37,-0.049
2.075,1.635
-0.536,1.933
-0.812,0.567
2.578,2.003
2.375,-0.379
2.277,2.046
1.635,0.48
-0.382,-0.621
2.713,3.002
2.786,-0.476
-1.887,-1.228
-0.103,-1.353
-0.118,-0.622
-0.163,-0.523
-0.212,-0.425
-0.255,0.053
-0.251,-1.373
-0.286,-0.72
-0.307,-2.094
-0.314,-0.056
-0.307,-3.048
-0.304,-2.118
-0.268,0.279
-0.285,-1.839
-0.282,-1.078
-0.368,-0.35
-0.322,-2.338
-0.408,-2.546
-0.423,-2.648
-0.368,-1.289
-0.403,-0.578
-0.425,-1.342
-0.486,-1.226
-0.518,-0.593
-0.467,0.172
-0.536,-0.058
-0.616,-1.17
-0.554,-0.48
-0.665,-1.695
-0.688,0.191
-0.641,-1.907
-0.684,-0.959
-0.671,-2.76
-0.769,-1.83
-0.822,-2.278
-0.827,-0.419
-0.862,0.022
-0.854,-0.581
-0.893,-2.431
-0.964,-1.532
-0.972,-0.337
-0.931,-3.011
-1.012,-1.736
-1.053,-1.951
-0.992,-1.097
-1.038,-0.088
-1.021,-2.185
-1.2,-1.195
-1.168,-1.243
-1.33,-2.695
-1.275,-0.149
-1.308,-1.252
-1.395,-0.321
-1.367,0.715
-1.482,-1.637
-1.505,0.197
-1.457,-2.422
-1.538,-2.15
-1.548,-2.941
-1.555,0.764
-1.644,-1.009
-1.659,-1.318
-1.665,-0.632
-1.599,-2.658
-1.69,0.651
-1.75,-1.826
-1.678,0.652
-1.769,-0.165
-1.807,-0.961
-1.766,0.633
-1.849,-0.34
-1.893,0.69
-1.92,-1.918
-1.995,-2.89
-2.156,-2.609
-2.222,-2.81
-2.223,-0.543
-2.291,-1.688
-2.233,-1.022
-2.268,-0.21
-2.382,-0.886
-2.327,-0.948
-2.389,-1.694
-2.426,0.921
-2.494,-0.767
-2.494,-2.547
-2.452,0.354
-2.538,0.77
-2.499,-0.702
-2.532,-0.046
-2.716,-1.148
-2.66,-0.925
-2.714,0.301
-2.657,0.228
-2.721,-0.107
-2.825,-0.188
-2.796,-1.615
-2.871,-1.513
-2.883,-0.227
-2.859,-1.449
-2.915,0.61
-3.008,-0.575
-3.044,-1.592
3.139,0.142
-3.113,-1.754
3.017,0.391
2.917,-1.238
2.93,0.223
2.948,-0.036
2.9,-0.289
2.856,0.263
2.859,-1.661
2.878,-0.312
2.848,-2.102
2.833,-1.263
2.808,0.578
2.802,-1.964
2.767,-0.356
2.69,-2.796
2.755,-1.465
2.74,-2.87
2.65,-1.799
2.724,-2.703
2.697,-1.931
2.628,-0.828
2.64,-1.966
2.54,0.742
2.605,0.261
2.498,-1.745
2.548,-2.244
2.524,-1.263
2.452,-2.026
2.477,-3.055
2.381,-0.768
2.39,-2.222
2.339,-1.221
2.306,-2.386
2.261,-1.374
2.186,0.29
2.185,-1.402
2.209,-1.157
2.125,-0.619
2.187,-1.166
2.026,0.329
2.084,0.028
1.95,-0.248
1.999,-2.485
2.022,-2.419
1.962,-2.832
1.859,0.933
1.847,-0.195
1.918,0.947
1.735,-2.044
1.798,0.312
1.714,-2.014
1.624,0.708
1.586,-2.892
1.486,-1.136
1.546,-2.433
1.442,-2.781
1.257,-3.024
1.102,-0.855
1.114,0.06
0.96,-0.755
0.909,0.208
0.896,-0.138
0.891,-0.639
0.86,0.554
0.755,-2.295
0.703,-1.364
0.731,-1.221
0.581,-3.266
0.368,-3.198
0.398,-3.032
-0.417,-3.094
-0.901,-3.206
-1.012,-3.31
-1.68,-3.207
-1.653,-3.381
-1.755,-3.3
-2.347,-3.181
-2.879,-3.569
2.564,-3.602
2.327,-3.413
2.178,-3.315
1.822,-3.175
1.494,-3.256
1.139,-3.175
0.296,1.097
0.089,1.188
-0.256,1.138
-0.618,1.074
-0.715,0.871
-0.659,1.163
-2.563,1.088
3.045,1.196
2.948,1.235
2.639,1.017
2.115,0.942
0.712,1.064
-0.894,-0.539
-1.485,-2.83
-2.71,-0.855
-2.906,-0.778
3.017,-0.889
2.662,-0.009
2.119,-2.165
-0.863,0.998
0.607,0.85
0.623,0.517
0.647,-1.979
0.511,-2.67
0.117,-2.192
0.211,-0.908
0.091,0.797
0.111,0.535
0.211,-1.613
0.213,-0.741
0.047,-0.45
0.092,-1.058
0.043,-1.035
-0.102,0.725
0.002,-1.106
-0.116,-0.23
-0.157,-1.287
-0.15,-2.042
-0.031,-1.675
-0.046,-0.855
-0.1,0.93
-0.252,-0.613
-0.296,0.852
-0.276,-0.864
-0.285,-0.454
-0.445,-0.964
-0.346,0.775
-0.471,0.577
-0.624,-0.628
-0.818,-0.279
-1.069,-2.897
-1.136,-1.213
-1.038,-2.085
-1.122,-1.453
-1.197,0.368
-1.384,-1.624
-1.374,-1.204
-1.428,-2.987
-1.69,-1.305
-1.733,0.92
-1.87,-2.341
-1.939,-3.054
-2.04,0.171
-2.492,-2.689
-2.373,0.639
-2.469,0.928
-2.582,-1.13
-2.629,-1.432
-2.658,-0.488
-2.945,-1.459
-2.902,0.844
-3.072,-0.125
3.007,-1.941
2.96,0.249
2.867,-2.803
2.853,0.616
2.716,-0.185
2.843,0.273
2.799,-0.612
2.753,-1.405
2.775,0.317
2.507,0.836
2.57,0.773
2.568,-0.41
2.498,-0.745
2.465,-0.877
2.362,-1.382
2.311,-1.891
2.39,-1.918
2.377,-2.473
2.138,0.42
2.016,-2.671
1.787,-2.101
1.84,-2.543
1.79,0.647
1.611,-2.846
1.579,-2.186
1.66,0.598
1.301,-2.977
0.903,-2.697
0.891,0.232
0.884,-1.378
0.74,-1.276
0.737,-3.339
0.146,-3.259
-0.103,-3.323
-0.177,-3.396
-0.58,-3.28
-1.073,-3.218
-2.624,-3.251
2.599,-3.49
2.528,-3.384
2.638,-3.508
2.092,-3.439
2.174,-3.106
2.078,-3.146
1.865,-3.415
1.295,-3.286
1.019,-3.552
0.38,1.135
0.382,1.204
0.156,1.184
-1.052,1.202
-1.905,1.182
-2.359,1.198
-2.61,1.188
3.117,1.01
3.087,1.073
2.986,1.154
1.917,1.188
1.725,1.121
-0.262,0.455
-0.57,-1.466
-0.839,-1.447
-1.486,-1.475
-3.05,-0.1
3.11,-1.336
2.921,-2.06
2.545,-1.303
2.586,-1.157
2.5,-1.413
1.009,-3.018
0.153,-0.118
-0.217,-2.596
-1.819,-1.554
3.035,-0.681
2.848,0.454
2.348,-2.371
2.053,-0.687
-0.558,-0.389
-0.834,-1.755
2.556,-0.319
2.353,-2.701
2.255,-0.276
1.613,-1.842
-0.404,-2.943
2.691,0.68
2.764,-2.798
-1.909,-3.55
-0.015,0.731
-0.06,0.83
-0.109,0.928
-0.152,1.406
-0.148,-0.02
-0.183,0.633
-0.204,-0.741
-0.211,1.297
-0.204,-1.695
-0.201,-0.765
-0.165,1.632
-0.182,-0.486
-0.179,0.275
-0.265,1.003
-0.219,-0.985
-0.305,-1.193
-0.32,-1.295
-0.265,0.064
-0.3,0.775
-0.322,0.011
-0.383,0.127
-0.415,0.76
-0.364,1.525
-0.433,1.295
-0.513,0.183
-0.451,0.873
-0.562,-0.342
-0.585,1.544
-0.538,-0.554
-0.581,0.394
-0.568,-1.407
-0.666,-0.477
-0.719,-0.925
-0.724,0.934
-0.759,1.375
-0.751,0.772
-0.79,-1.078
-0.861,-0.179
-0.869,1.016
-0.828,-1.658
-0.909,-0.383
-0.95,-0.598
-0.889,0.256
-0.935,1.265
-0.918,-0.832
-1.097,0.158
-1.065,0.11
-1.227,-1.342
-1.172,1.204
-1.205,0.101
-1.292,1.032
-1.264,2.068
-1.379,-0.284
-1.402,1.55
-1.354,-1.069
-1.435,-0.797
-1.445,-1.588
-1.452,2.117
-1.541,0.344
-1.556,0.035
-1.562,0.721
-1.496,-1.305
-1.587,2.004
-1.647,-0.473
-1.575,2.005
-1.666,1.188
-1.704,0.392
-1.663,1.986
-1.746,1.013
-1.79,2.043
-1.817,-0.565
-1.892,-1.537
-2.053,-1.256
-2.119,-1.457
-2.12,0.81
-2.188,-0.335
-2.13,0.331
-2.165,1.143
-2.279,0.467
-2.224,0.405
-2.286,-0.341
-2.323,2.274
-2.391,0.586
-2.391,-1.194
-2.349,1.707
-2.435,2.123
-2.396,0.651
-2.429,1.307
-2.613,0.205
-2.557,0.428
-2.611,1.654
-2.554,1.581
-2.618,1.246
-2.722,1.165
-2.693,-0.262
-2.768,-0.16
-2.78,1.126
-2.756,-0.096
-2.812,1.963
-2.905,0.778
-2.941,-0.239
-3.041,1.495
-3.01,-0.401
3.12,1.744
3.02,0.115
3.033,1.576
3.051,1.317
3.003,1.064
2.959,1.616
2.962,-0.308
2.981,1.041
2.951,-0.749
2.936,0.09
2.911,1.931
2.905,-0.611
2.87,0.997
2.793,-1.443
2.858,-0.112
2.843,-1.517
2.753,-0.446
2.827,-1.35
2.8,-0.578
2.731,0.525
2.743,-0.613
2.643,2.095
2.708,1.614
2.601,-0.392
2.651,-0.891
2.627,0.09
2.555,-0.673
2.58,-1.702
2.484,0.585
2.493,-0.869
2.442,0.132
2.409,-1.033
2.364,-0.021
2.289,1.643
2.288,-0.049
2.312,0.196
2.228,0.734
2.29,0.187
2.129,1.682
2.187,1.381
2.053,1.105
2.102,-1.132
2.125,-1.066
2.065,-1.479
1.962,2.286
1.95,1.158
2.021,2.3
1.838,-0.691
1.901,1.665
1.817,-0.661
1.727,2.061
1.689,-1.539
1.589,0.217
1.649,-1.08
1.545,-1.428
1.36,-1.671
1.205,0.498
1.217,1.413
1.063,0.598
1.012,1.561
0.999,1.215
0.994,0.714
0.963,1.907
0.858,-0.942
0.806,-0.011
0.834,0.132
0.684,-1.913
0.471,-1.845
0.501,-1.679
-0.314,-1.741
-0.798,-1.853
-0.909,-1.957
-1.577,-1.854
-1.55,-2.028
-1.652,-1.947
-2.244,-1.828
-2.776,-2.216
2.667,-2.249
2.43,-2.06
2.281,-1.962
1.925,-1.822
1.597,-1.903
1.242,-1.822
0.399,2.45
0.192,2.541
-0.153,2.491
-0.515,2.427
-0.612,2.224
-0.556,2.516
-2.46,2.441
-3.135,2.549
3.051,2.588
2.742,2.37
2.218,2.295
0.815,2.417
-0.791,0.814
-1.382,-1.477
-2.607,0.498
-2.803,0.575
3.12,0.464
2.765,1.344
2.222,-0.812
-0.76,2.351
0.71,2.203
0.726,1.87
0.75,-0.626
0.614,-1.317
0.22,-0.839
0.314,0.445
0.194,2.15
0.214,1.888
0.314,-0.26
0.316,0.612
0.15,0.903
0.195,0.295
0.146,0.318
0.001,2.078
0.105,0.247
-0.013,1.123
-0.054,0.066
-0.047,-0.689
0.072,-0.322
0.057,0.498
0.003,2.283
-0.149,0.74
-0.193,2.205
-0.173,0.489
-0.182,0.899
-0.342,0.389
-0.243,2.128
-0.368,1.93
-0.521,0.725
-0.715,1.074
-0.966,-1.544
-1.033,0.14
-0.935,-0.732
-1.019,-0.1
-1.094,1.721
-1.281,-0.271
-1.271,0.149
-1.325,-1.634
-1.587,0.048
-1.63,2.273
-1.767,-0.988
-1.836,-1.701
-1.937,1.524
-2.389,-1.336
-2.27,1.992
-2.366,2.281
-2.479,0.223
-2.526,-0.079
-2.555,0.865
-2.842,-0.106
-2.799,2.197
-2.969,1.228
3.11,-0.588
3.063,1.602
2.97,-1.45
2.956,1.969
2.819,1.168
2.946,1.626
2.902,0.741
2.856,-0.052
2.878,1.67
2.61,2.189
2.673,2.126
2.671,0.943
2.601,0.608
2.568,0.476
2.465,-0.029
2.414,-0.538
2.493,-0.565
2.48,-1.12
2.241,1.773
2.119,-1.318
1.89,-0.748
1.943,-1.19
1.893,2.0
1.714,-1.493
1.682,-0.833
1.763,1.951
1.404,-1.624
1.006,-1.344
0.994,1.585
0.987,-0.025
0.843,0.077
0.84,-1.986
0.249,-1.906
0.0,-1.97
-0.074,-2.043
-0.477,-1.927
-0.97,-1.865
-2.521,-1.898
2.702,-2.137
2.631,-2.031
2.741,-2.155
2.195,-2.086
2.277,-1.753
2.181,-1.793
1.968,-2.062
1.398,-1.933
1.122,-2.199
0.483,2.488
0.485,2.557
0.259,2.537
-0.949,2.555
-1.802,2.535
-2.256,2.551
-2.507,2.541
-3.063,2.363
-3.093,2.426
3.089,2.507
2.02,2.541
1.828,2.474
-0.159,1.808
-0.467,-0.113
-0.736,-0.094
-1.383,-0.122
-2.947,1.253
-3.07,0.017
3.024,-0.707
2.648,0.05
2.689,0.196
2.603,-0.06
1.112,-1.665
0.256,1.235
-0.114,-1.243
-1.716,-0.201
3.138,0.672
2.951,1.807
2.451,-1.018
2.156,0.666
-0.455,0.964
-0.731,-0.402
2.659,1.034
2.456,-1.348
2.358,1.077
1.716,-0.489
-0.301,-1.59
2.794,2.033
2.867,-1.445
-1.806,-2.197
-0.045,0.099
-0.094,0.197
-0.137,0.675
-0.133,-0.751
-0.168,-0.098
-0.189,-1.472
-0.196,0.566
-0.189,-2.426
-0.186,-1.496
-0.15,0.901
-0.167,-1.217
-0.164,-0.456
-0.25,0.272
-0.204,-1.716
-0.29,-1.924
-0.305,-2.026
-0.25,-0.667
-0.285,0.044
-0.307,-0.72
-0.368,-0.604
-0.4,0.029
-0.349,0.794
-0.418,0.564
-0.498,-0.548
-0.436,0.142
-0.547,-1.073
-0.57,0.813
-0.523,-1.285
-0.566,-0.337
-0.553,-2.138
-0.651,-1.208
-0.704,-1.656
-0.709,0.203
-0.744,0.644
-0.736,0.041
-0.775,-1.809
-0.846,-0.91
-0.854,0.285
-0.813,-2.389
-0.894,-1.114
-0.935,-1.329
-0.874,-0.475
-0.92,0.534
-0.903,-1.563
-1.082,-0.573
-1.05,-0.621
-1.212,-2.073
-1.157,0.473
-1.19,-0.63
-1.277,0.301
-1.249,1.337
-1.364,-1.015
-1.387,0.819
-1.339,-1.8
-1.42,-1.528
-1.43,-2.319
-1.437,1.386
-1.526,-0.387
-1.541,-0.696
-1.547,-0.01
-1.481,-2.036
-1.572,1.273
-1.632,-1.204
-1.56,1.274
-1.651,0.457
-1.689,-0.339
-1.648,1.255
-1.731,0.282
-1.775,1.312
-1.802,-1.296
-1.877,-2.268
-2.038,-1.987
-2.104,-2.188
-2.105,0.079
-2.173,-1.066
-2.115,-0.4
-2.15,0.412
-2.264,-0.264
-2.209,-0.326
-2.271,-1.072
-2.308,1.543
-2.376,-0.145
-2.376,-1.925
-2.334,0.976
-2.42,1.392
-2.381,-0.08
-2.414,0.576
-2.598,-0.526
-2.542,-0.303
-2.596,0.923
-2.539,0.85
-2.603,0.515
-2.707,0.434
-2.678,-0.993
-2.753,-0.891
-2.765,0.395
-2.741,-0.827
-2.797,1.232
-2.89,0.047
-2.926,-0.97
-3.026,0.764
-2.995,-1.132
3.135,1.013
3.035,-0.616
3.048,0.845
3.066,0.586
3.018,0.333
2.974,0.885
2.977,-1.039
2.996,0.31
2.966,-1.48
2.951,-0.641
2.926,1.2
2.92,-1.342
2.885,0.266
2.808,-2.174
2.873,-0.843
2.858,-2.248
2.768,-1.177
2.842,-2.081
2.815,-1.309
2.746,-0.206
2.758,-1.344
2.658,1.364
2.723,0.883
2.616,-1.123
2.666,-1.622
2.642,-0.641
2.57,-1.404
2.595,-2.433
2.499,-0.146
2.508,-1.6
2.457,-0.599
2.424,-1.764
2.379,-0.752
2.304,0.912
2.303,-0.78
2.327,-0.535
2.243,0.003
2.305,-0.544
2.144,0.951
2.202,0.65
2.068,0.374
2.117,-1.863
2.14,-1.797
2.08,-2.21
1.977,1.555
1.965,0.427
2.036,1.569
1.853,-1.422
1.916,0.934
1.832,-1.392
1.742,1.33
1.704,-2.27
1.604,-0.514
1.664,-1.811
1.56,-2.159
1.375,-2.402
1.22,-0.233
1.232,0.682
1.078,-0.133
1.027,0.83
1.014,0.484
1.009,-0.017
0.978,1.176
0.873,-1.673
0.821,-0.742
0.849,-0.599
0.699,-2.644
0.486,-2.576
0.516,-2.41
-0.299,-2.472
-0.783,-2.584
-0.894,-2.688
-1.562,-2.585
-1.535,-2.759
-1.637,-2.678
-2.229,-2.559
-2.761,-2.947
2.682,-2.98
2.445,-2.791
2.296,-2.693
1.94,-2.553
1.612,-2.634
1.257,-2.553
0.414,1.719
0.207,1.81
-0.138,1.76
-0.5,1.696
-0.597,1.493
-0.541,1.785
-2.445,1.71
-3.12,1.818
3.066,1.857
2.757,1.639
2.233,1.564
0.83,1.686
-0.776,0.083
-1.367,-2.208
-2.592,-0.233
-2.788,-0.156
3.135,-0.267
2.78,0.613
2.237,-1.543
-0.745,1.62
0.725,1.472
0.741,1.139
0.765,-1.357
0.629,-2.048
0.235,-1.57
0.329,-0.286
0.209,1.419
0.229,1.157
0.329,-0.991
0.331,-0.119
0.165,0.172
0.21,-0.436
0.161,-0.413
0.016,1.347
0.12,-0.484
0.002,0.392
-0.039,-0.665
-0.032,-1.42
0.087,-1.053
0.072,-0.233
0.018,1.552
-0.134,0.009
-0.178,1.474
-0.158,-0.242
-0.167,0.168
-0.327,-0.342
-0.228,1.397
-0.353,1.199
-0.506,-0.006
-0.7,0.343
-0.951,-2.275
-1.018,-0.591
-0.92,-1.463
-1.004,-0.831
-1.079,0.99
-1.266,-1.002
-1.256,-0.582
-1.31,-2.365
-1.572,-0.683
-1.615,1.542
-1.752,-1.719
-1.821,-2.432
-1.922,0.793
-2.374,-2.067
-2.255,1.261
-2.351,1.55
-2.464,-0.508
-2.511,-0.81
-2.54,0.134
-2.827,-0.837
-2.784,1.466
-2.954,0.497
3.125,-1.319
3.078,0.871
2.985,-2.181
2.971,1.238
2.834,0.437
2.961,0.895
2.917,0.01
2.871,-0.783
2.893,0.939
2.625,1.458
2.688,1.395
2.686,0.212
2.616,-0.123
2.583,-0.255
2.48,-0.76
2.429,-1.269
2.508,-1.296
2.495,-1.851
2.256,1.042
2.134,-2.049
1.905,-1.479
1.958,-1.921
1.908,1.269
1.729,-2.224
1.697,-1.564
1.778,1.22
1.419,-2.355
1.021,-2.075
1.009,0.854
1.002,-0.756
0.858,-0.654
0.855,-2.717
0.264,-2.637
0.015,-2.701
-0.059,-2.774
-0.462,-2.658
-0.955,-2.596
-2.506,-2.629
2.717,-2.868
2.646,-2.762
2.756,-2.886
2.21,-2.817
2.292,-2.484
2.196,-2.524
1.983,-2.793
1.413,-2.664
1.137,-2.93
0.498,1.757
0.5,1.826
0.274,1.806
-0.934,1.824
-1.787,1.804
-2.241,1.82
-2.492,1.81
-3.048,1.632
-3.078,1.695
3.104,1.776
2.035,1.81
1.843,1.743
-0.144,1.077
-0.452,-0.844
-0.721,-0.825
-1.368,-0.853
-2.932,0.522
-3.055,-0.714
3.039,-1.438
2.663,-0.681
2.704,-0.535
2.618,-0.791
1.127,-2.396
0.271,0.504
-0.099,-1.974
-1.701,-0.932
-3.13,-0.059
2.966,1.076
2.466,-1.749
2.171,-0.065
-0.44,0.233
-0.716,-1.133
2.674,0.303
2.471,-2.079
2.373,0.346
1.731,-1.22
-0.286,-2.321
2.809,1.302
2.882,-2.176
-1.791,-2.928
-0.049,0.098
-0.092,0.576
-0.088,-0.85
-0.123,-0.197
-0.144,-1.571
-0.151,0.467
-0.144,-2.525
-0.141,-1.595
-0.105,0.802
-0.122,-1.316
-0.119,-0.555
-0.205,0.173
-0.159,-1.815
-0.245,-2.023
-0.26,-2.125
-0.205,-0.766
-0.24,-0.055
-0.262,-0.819
-0.323,-0.703
-0.355,-0.07
-0.304,0.695
-0.373,0.465
-0.453,-0.647
-0.391,0.043
-0.502,-1.172
-0.525,0.714
-0.478,-1.384
-0.521,-0.436
-0.508,-2.237
-0.606,-1.307
-0.659,-1.755
-0.664,0.104
-0.699,0.545
-0.691,-0.058
-0.73,-1.908
-0.801,-1.009
-0.809,0.186
-0.768,-2.488
-0.849,-1.213
-0.89,-1.428
-0.829,-0.574
-0.875,0.435
-0.858,-1.662
-1.037,-0.672
-1.005,-0.72
-1.167,-2.172
-1.112,0.374
-1.145,-0.729
-1.232,0.202
-1.204,1.238
-1.319,-1.114
-1.342,0.72
-1.294,-1.899
-1.375,-1.627
-1.385,-2.418
-1.392,1.287
-1.481,-0.486
-1.496,-0.795
-1.502,-0.109
-1.436,-2.135
-1.527,1.174
-1.587,-1.303
-1.515,1.175
-1.606,0.358
-1.644,-0.438
-1.603,1.156
-1.686,0.183
-1.73,1.213
-1.757,-1.395
-1.832,-2.367
-1.993,-2.086
-2.059,-2.287
-2.06,-0.02
-2.128,-1.165
-2.07,-0.499
-2.105,0.313
-2.219,-0.363
-2.164,-0.425
-2.226,-1.171
-2.263,1.444
-2.331,-0.244
-2.331,-2.024
-2.289,0.877
-2.375,1.293
-2.336,-0.179
-2.369,0.477
-2.553,-0.625
-2.497,-0.402
-2.551,0.824
-2.494,0.751
-2.558,0.416
-2.662,0.335
-2.633,-1.092
-2.708,-0.99
-2.72,0.296
-2.696,-0.926
-2.752,1.133
-2.845,-0.052
-2.881,-1.069
-2.981,0.665
-2.95,-1.231
-3.103,0.914
3.08,-0.715
3.093,0.746
3.111,0.487
3.063,0.234
3.019,0.786
3.022,-1.138
3.041,0.211
3.011,-1.579
2.996,-0.74
2.971,1.101
2.965,-1.441
2.93,0.167
2.853,-2.273
2.918,-0.942
2.903,-2.347
2.813,-1.276
2.887,-2.18
2.86,-1.408
2.791,-0.305
2.803,-1.443
2.703,1.265
2.768,0.784
2.661,-1.222
2.711,-1.721
2.687,-0.74
2.615,-1.503
2.64,-2.532
2.544,-0.245
2.553,-1.699
2.502,-0.698
2.469,-1.863
2.424,-0.851
2.349,0.813
2.348,-0.879
2.372,-0.634
2.288,-0.096
2.35,-0.643
2.189,0.852
2.247,0.551
2.113,0.275
2.162,-1.962
2.185,-1.896
2.125,-2.309
2.022,1.456
2.01,0.328
2.081,1.47
1.898,-1.521
1.961,0.835
1.877,-1.491
1.787,1.231
1.749,-2.369
1.649,-0.613
1.709,-1.91
1.605,-2.258
1.42,-2.501
1.265,-0.332
1.277,0.583
1.123,-0.232
1.072,0.731
1.059,0.385
1.054,-0.116
1.023,1.077
0.918,-1.772
0.866,-0.841
0.894,-0.698
0.744,-2.743
0.531,-2.675
0.561,-2.509
-0.254,-2.571
-0.738,-2.683
-0.849,-2.787
-1.517,-2.684
-1.49,-2.858
-1.592,-2.777
-2.184,-2.658
-2.716,-3.046
2.727,-3.079
2.49,-2.89
2.341,-2.792
1.985,-2.652
1.657,-2.733
1.302,-2.652
0.459,1.62
0.252,1.711
-0.093,1.661
-0.455,1.597
-0.552,1.394
-0.496,1.686
-2.4,1.611
-3.075,1.719
3.111,1.758
2.802,1.54
2.278,1.465
0.875,1.587
-0.731,-0.016
-1.322,-2.307
-2.547,-0.332
-2.743,-0.255
-3.103,-0.366
2.825,0.514
2.282,-1.642
-0.7,1.521
0.77,1.373
0.786,1.04
0.81,-1.456
0.674,-2.147
0.28,-1.669
0.374,-0.385
0.254,1.32
0.274,1.058
0.374,-1.09
0.376,-0.218
0.21,0.073
0.255,-0.535
0.206,-0.512
0.061,1.248
0.165,-0.583
0.047,0.293
0.006,-0.764
0.013,-1.519
0.132,-1.152
0.117,-0.332
0.063,1.453
-0.089,-0.09
-0.133,1.375
-0.113,-0.341
-0.122,0.069
-0.282,-0.441
-0.183,1.298
-0.308,1.1
-0.461,-0.105
-0.655,0.244
-0.906,-2.374
-0.973,-0.69
-0.875,-1.562
-0.959,-0.93
-1.034,0.891
-1.221,-1.101
-1.211,-0.681
-1.265,-2.464
-1.527,-0.782
-1.57,1.443
-1.707,-1.818
-1.776,-2.531
-1.877,0.694
-2.329,-2.166
-2.21,1.162
-2.306,1.451
-2.419,-0.607
-2.466,-0.909
-2.495,0.035
-2.782,-0.936
-2.739,1.367
-2.909,0.398
-3.113,-1.418
3.123,0.772
3.03,-2.28
3.016,1.139
2.879,0.338
3.006,0.796
2.962,-0.089
2.916,-0.882
2.938,0.84
2.67,1.359
2.733,1.296
2.731,0.113
2.661,-0.222
2.628,-0.354
2.525,-0.859
2.474,-1.368
2.553,-1.395
2.54,-1.95
2.301,0.943
2.179,-2.148
1.95,-1.578
2.003,-2.02
1.953,1.17
1.774,-2.323
1.742,-1.663
1.823,1.121
1.464,-2.454
1.066,-2.174
1.054,0.755
1.047,-0.855
0.903,-0.753
0.9,-2.816
0.309,-2.736
0.06,-2.8
-0.014,-2.873
-0.417,-2.757
-0.91,-2.695
-2.461,-2.728
2.762,-2.967
2.691,-2.861
2.801,-2.985
2.255,-2.916
2.337,-2.583
2.241,-2.623
2.028,-2.892
1.458,-2.763
1.182,-3.029
0.543,1.658
0.545,1.727
0.319,1.707
-0.889,1.725
-1.742,1.705
-2.196,1.721
-2.447,1.711
-3.003,1.533
-3.033,1.596
-3.134,1.677
2.08,1.711
1.888,1.644
-0.099,0.978
-0.407,-0.943
-0.676,-0.924
-1.323,-0.952
-2.887,0.423
-3.01,-0.813
3.084,-1.537
2.708,-0.78
2.749,-0.634
2.663,-0.89
1.172,-2.495
0.316,0.405
-0.054,-2.073
-1.656,-1.031
-3.085,-0.158
3.011,0.977
2.511,-1.848
2.216,-0.164
-0.395,0.134
-0.671,-1.232
2.719,0.204
2.516,-2.178
2.418,0.247
1.776,-1.319
-0.241,-2.42
2.854,1.203
2.927,-2.275
-1.746,-3.027
-0.043,0.478
-0.039,-0.948
-0.074,-0.295
-0.095,-1.669
-0.102,0.369
-0.095,-2.623
-0.092,-1.693
-0.056,0.704
-0.073,-1.414
-0.07,-0.653
-0.156,0.075
-0.11,-1.913
-0.196,-2.121
-0.211,-2.223
-0.156,-0.864
-0.191,-0.153
-0.213,-0.917
-0.274,-0.801
-0.306,-0.168
-0.255,0.597
-0.324,0.367
-0.404,-0.745
-0.342,-0.055
-0.453,-1.27
-0.476,0.616
-0.429,-1.482
-0.472,-0.534
-0.459,-2.335
-0.557,-1.405
-0.61,-1.853
-0.615,0.006
-0.65,0.447
-0.642,-0.156
-0.681,-2.006
-0.752,-1.107
-0.76,0.088
-0.719,-2.586
-0.8,-1.311
-0.841,-1.526
-0.78,-0.672
-0.826,0.337
-0.809,-1.76
-0.988,-0.77
-0.956,-0.818
-1.118,-2.27
-1.063,0.276
-1.096,-0.827
-1.183,0.104
-1.155,1.14
-1.27,-1.212
-1.293,0.622
-1.245,-1.997
-1.326,-1.725
-1.336,-2.516
-1.343,1.189
-1.432,-0.584
-1.447,-0.893
-1.453,-0.207
-1.387,-2.233
-1.478,1.076
-1.538,-1.401
-1.466,1.077
-1.557,0.26
-1.595,-0.536
-1.554,1.058
-1.637,0.085
-1.681,1.115
-1.708,-1.493
-1.783,-2.465
-1.944,-2.184
-2.01,-2.385
-2.011,-0.118
-2.079,-1.263
-2.021,-0.597
-2.056,0.215
-2.17,-0.461
-2.115,-0.523
-2.177,-1.269
-2.214,1.346
-2.282,-0.342
-2.282,-2.122
-2.24,0.779
-2.326,1.195
-2.287,-0.277
-2.32,0.379
-2.504,-0.723
-2.448,-0.5
-2.502,0.726
-2.445,0.653
-2.509,0.318
-2.613,0.237
-2.584,-1.19
-2.659,-1.088
-2.671,0.198
-2.647,-1.024
-2.703,1.035
-2.796,-0.15
-2.832,-1.167
-2.932,0.567
-2.901,-1.329
-3.054,0.816
3.129,-0.813
-3.141,0.648
-3.123,0.389
3.112,0.136
3.068,0.688
3.071,-1.236
3.09,0.113
3.06,-1.677
3.045,-0.838
3.02,1.003
3.014,-1.539
2.979,0.069
2.902,-2.371
2.967,-1.04
2.952,-2.445
2.862,-1.374
2.936,-2.278
2.909,-1.506
2.84,-0.403
2.852,-1.541
2.752,1.167
2.817,0.686
2.71,-1.32
2.76,-1.819
2.736,-0.838
2.664,-1.601
2.689,-2.63
2.593,-0.343
2.602,-1.797
2.551,-0.796
2.518,-1.961
2.473,-0.949
2.398,0.715
2.397,-0.977
2.421,-0.732
2.337,-0.194
2.399,-0.741
2.238,0.754
2.296,0.453
2.162,0.177
2.211,-2.06
2.234,-1.994
2.174,-2.407
2.071,1.358
2.059,0.23
2.13,1.372
1.947,-1.619
2.01,0.737
1.926,-1.589
1.836,1.133
1.798,-2.467
1.698,-0.711
1.758,-2.008
1.654,-2.356
1.469,-2.599
1.314,-0.43
1.326,0.485
1.172,-0.33
1.121,0.633
1.108,0.287
1.103,-0.214
1.072,0.979
0.967,-1.87
0.915,-0.939
0.943,-0.796
0.793,-2.841
0.58,-2.773
0.61,-2.607
-0.205,-2.669
-0.689,-2.781
-0.8,-2.885
-1.468,-2.782
-1.441,-2.956
-1.543,-2.875
-2.135,-2.756
-2.667,-3.144
2.776,-3.177
2.539,-2.988
2.39,-2.89
2.034,-2.75
1.706,-2.831
1.351,-2.75
0.508,1.522
0.301,1.613
-0.044,1.563
-0.406,1.499
-0.503,1.296
-0.447,1.588
-2.351,1.513
-3.026,1.621
-3.123,1.66
2.851,1.442
2.327,1.367
0.924,1.489
-0.682,-0.114
-1.273,-2.405
-2.498,-0.43
-2.694,-0.353
-3.054,-0.464
2.874,0.416
2.331,-1.74
-0.651,1.423
0.819,1.275
0.835,0.942
0.859,-1.554
0.723,-2.245
0.329,-1.767
0.423,-0.483
0.303,1.222
0.323,0.96
0.423,-1.188
0.425,-0.316
0.259,-0.025
0.304,-0.633
0.255,-0.61
0.11,1.15
0.214,-0.681
0.096,0.195
0.055,-0.862
0.062,-1.617
0.181,-1.25
0.166,-0.43
0.112,1.355
-0.04,-0.188
-0.084,1.277
-0.064,-0.439
-0.073,-0.029
-0.233,-0.539
-0.134,1.2
-0.259,1.002
-0.412,-0.203
-0.606,0.146
-0.857,-2.472
-0.924,-0.788
-0.826,-1.66
-0.91,-1.028
-0.985,0.793
-1.172,-1.199
-1.162,-0.779
-1.216,-2.562
-1.478,-0.88
-1.521,1.345
-1.658,-1.916
-1.727,-2.629
-1.828,0.596
-2.28,-2.264
-2.161,1.064
-2.257,1.353
-2.37,-0.705
-2.417,-1.007
-2.446,-0.063
-2.733,-1.034
-2.69,1.269
-2.86,0.3
-3.064,-1.516
-3.111,0.674
3.079,-2.378
3.065,1.041
2.928,0.24
3.055,0.698
3.011,-0.187
2.965,-0.98
2.987,0.742
2.719,1.261
2.782,1.198
2.78,0.015
2.71,-0.32
2.677,-0.452
2.574,-0.957
2.523,-1.466
2.602,-1.493
2.589,-2.048
2.35,0.845
2.228,-2.246
1.999,-1.676
2.052,-2.118
2.002,1.072
1.823,-2.421
1.791,-1.761
1.872,1.023
1.513,-2.552
1.115,-2.272
1.103,0.657
1.096,-0.953
0.952,-0.851
0.949,-2.914
0.358,-2.834
0.109,-2.898
0.035,-2.971
-0.368,-2.855
-0.861,-2.793
-2.412,-2.826
2.811,-3.065
2.74,-2.959
2.85,-3.083
2.304,-3.014
2.386,-2.681
2.29,-2.721
2.077,-2.99
1.507,-2.861
1.231,-3.127
0.592,1.56
0.594,1.629
0.368,1.609
-0.84,1.627
-1.693,1.607
-2.147,1.623
-2.398,1.613
-2.954,1.435
-2.984,1.498
-3.085,1.579
2.129,1.613
1.937,1.546
-0.05,0.88
-0.358,-1.041
-0.627,-1.022
-1.274,-1.05
-2.838,0.325
-2.961,-0.911
3.133,-1.635
2.757,-0.878
2.798,-0.732
2.712,-0.988
1.221,-2.593
0.365,0.307
-0.005,-2.171
-1.607,-1.129
-3.036,-0.256
3.06,0.879
2.56,-1.946
2.265,-0.262
-0.346,0.036
-0.622,-1.33
2.768,0.106
2.565,-2.276
2.467,0.149
1.825,-1.417
-0.192,-2.518
2.903,1.105
2.976,-2.373
-1.697,-3.125
0.004,-1.426
-0.031,-0.773
-0.052,-2.147
-0.059,-0.109
-0.052,-3.101
-0.049,-2.171
-0.013,0.226
-0.03,-1.892
-0.027,-1.131
-0.113,-0.403
-0.067,-2.391
-0.153,-2.599
-0.168,-2.701
-0.113,-1.342
-0.148,-0.631
-0.17,-1.395
-0.231,-1.279
-0.263,-0.646
-0.212,0.119
-0.281,-0.111
-0.361,-1.223
-0.299,-0.533
-0.41,-1.748
-0.433,0.138
-0.386,-1.96
-0.429,-1.012
-0.416,-2.813
-0.514,-1.883
-0.567,-2.331
-0.572,-0.472
-0.607,-0.031
-0.599,-0.634
-0.638,-2.484
-0.709,-1.585
-0.717,-0.39
-0.676,-3.064
-0.757,-1.789
-0.798,-2.004
-0.737,-1.15
-0.783,-0.141
-0.766,-2.238
-0.945,-1.248
-0.913,-1.296
-1.075,-2.748
-1.02,-0.202
-1.053,-1.305
-1.14,-0.374
-1.112,0.662
-1.227,-1.69
-1.25,0.144
-1.202,-2.475
-1.283,-2.203
-1.293,-2.994
-1.3,0.711
-1.389,-1.062
-1.404,-1.371
-1.41,-0.685
-1.344,-2.711
-1.435,0.598
-1.495,-1.879
-1.423,0.599
-1.514,-0.218
-1.552,-1.014
-1.511,0.58
-1.594,-0.393
-1.638,0.637
-1.665,-1.971
-1.74,-2.943
-1.901,-2.662
-1.967,-2.863
-1.968,-0.596
-2.036,-1.741
-1.978,-1.075
-2.013,-0.263
-2.127,-0.939
-2.072,-1.001
-2.134,-1.747
-2.171,0.868
-2.239,-0.82
-2.239,-2.6
-2.197,0.301
-2.283,0.717
-2.244,-0.755
-2.277,-0.099
-2.461,-1.201
-2.405,-0.978
-2.459,0.248
-2.402,0.175
-2.466,-0.16
-2.57,-0.241
-2.541,-1.668
-2.616,-1.566
-2.628,-0.28
-2.604,-1.502
-2.66,0.557
-2.753,-0.628
-2.789,-1.645
-2.889,0.089
-2.858,-1.807
-3.011,0.338
-3.111,-1.291
-3.098,0.17
-3.08,-0.089
-3.128,-0.342
3.111,0.21
3.114,-1.714
3.133,-0.365
3.103,-2.155
3.088,-1.316
3.063,0.525
3.057,-2.017
3.022,-0.409
2.945,-2.849
3.01,-1.518
2.995,-2.923
2.905,-1.852
2.979,-2.756
2.952,-1.984
2.883,-0.881
2.895,-2.019
2.795,0.689
2.86,0.208
2.753,-1.798
2.803,-2.297
2.779,-1.316
2.707,-2.079
2.732,-3.108
2.636,-0.821
2.645,-2.275
2.594,-1.274
2.561,-2.439
2.516,-1.427
2.441,0.237
2.44,-1.455
2.464,-1.21
2.38,-0.672
2.442,-1.219
2.281,0.276
2.339,-0.025
2.205,-0.301
2.254,-2.538
2.277,-2.472
2.217,-2.885
2.114,0.88
2.102,-0.248
2.173,0.894
1.99,-2.097
2.053,0.259
1.969,-2.067
1.879,0.655
1.841,-2.945
1.741,-1.189
1.801,-2.486
1.697,-2.834
1.512,-3.077
1.357,-0.908
1.369,0.007
1.215,-0.808
1.164,0.155
1.151,-0.191
1.146,-0.692
1.115,0.501
1.01,-2.348
0.958,-1.417
0.986,-1.274
0.836,-3.319
0.623,-3.251
0.653,-3.085
-0.162,-3.147
-0.646,-3.259
-0.757,-3.363
-1.425,-3.26
-1.398,-3.434
-1.5,-3.353
-2.092,-3.234
-2.624,-3.622
2.819,-3.655
2.582,-3.466
2.433,-3.368
2.077,-3.228
1.749,-3.309
1.394,-3.228
0.551,1.044
0.344,1.135
-0.001,1.085
-0.363,1.021
-0.46,0.818
-0.404,1.11
-2.308,1.035
-2.983,1.143
-3.08,1.182
2.894,0.964
2.37,0.889
0.967,1.011
-0.639,-0.592
-1.23,-2.883
-2.455,-0.908
-2.651,-0.831
-3.011,-0.942
2.917,-0.062
2.374,-2.218
-0.608,0.945
0.862,0.797
0.878,0.464
0.902,-2.032
0.766,-2.723
0.372,-2.245
0.466,-0.961
0.346,0.744
0.366,0.482
0.466,-1.666
0.468,-0.794
0.302,-0.503
0.347,-1.111
0.298,-1.088
0.153,0.672
0.257,-1.159
0.139,-0.283
0.098,-1.34
0.105,-2.095
0.224,-1.728
0.209,-0.908
0.155,0.877
0.003,-0.666
-0.041,0.799
-0.021,-0.917
-0.03,-0.507
-0.19,-1.017
-0.091,0.722
-0.216,0.524
-0.369,-0.681
-0.563,-0.332
-0.814,-2.95
-0.881,-1.266
-0.783,-2.138
-0.867,-1.506
-0.942,0.315
-1.129,-1.677
-1.119,-1.257
-1.173,-3.04
-1.435,-1.358
-1.478,0.867
-1.615,-2.394
-1.684,-3.107
-1.785,0.118
-2.237,-2.742
-2.118,0.586
-2.214,0.875
-2.327,-1.183
-2.374,-1.485
-2.403,-0.541
-2.69,-1.512
-2.647,0.791
-2.817,-0.178
-3.021,-1.994
-3.068,0.196
3.122,-2.856
3.108,0.563
2.971,-0.238
3.098,0.22
3.054,-0.665
3.008,-1.458
3.03,0.264
2.762,0.783
2.825,0.72
2.823,-0.463
2.753,-0.798
2.72,-0.93
2.617,-1.435
2.566,-1.944
2.645,-1.971
2.632,-2.526
2.393,0.367
2.271,-2.724
2.042,-2.154
2.095,-2.596
2.045,0.594
1.866,-2.899
1.834,-2.239
1.915,0.545
1.556,-3.03
1.158,-2.75
1.146,0.179
1.139,-1.431
0.995,-1.329
0.992,-3.392
0.401,-3.312
0.152,-3.376
0.078,-3.449
-0.325,-3.333
-0.818,-3.271
-2.369,-3.304
2.854,-3.543
2.783,-3.437
2.893,-3.561
2.347,-3.492
2.429,-3.159
2.333,-3.199
2.12,-3.468
1.55,-3.339
1.274,-3.605
0.635,1.082
0.637,1.151
0.411,1.131
-0.797,1.149
-1.65,1.129
-2.104,1.145
-2.355,1.135
-2.911,0.957
-2.941,1.02
-3.042,1.101
2.172,1.135
1.98,1.068
-0.007,0.402
-0.315,-1.519
-0.584,-1.5
-1.231,-1.528
-2.795,-0.153
-2.918,-1.389
-3.107,-2.113
2.8,-1.356
2.841,-1.21
2.755,-1.466
1.264,-3.071
0.408,-0.171
0.038,-2.649
-1.564,-1.607
-2.993,-0.734
3.103,0.401
2.603,-2.424
2.308,-0.74
-0.303,-0.442
-0.579,-1.808
2.811,-0.372
2.608,-2.754
2.51,-0.329
1.868,-1.895
-0.149,-2.996
2.946,0.627
3.019,-2.851
-1.654,-3.603
-0.035,0.653
-0.056,-0.721
-0.063,1.317
-0.056,-1.675
-0.053,-0.745
-0.017,1.652
-0.034,-0.466
-0.031,0.295
-0.117,1.023
-0.071,-0.965
-0.157,-1.173
-0.172,-1.275
-0.117,0.084
-0.152,0.795
-0.174,0.031
-0.235,0.147
-0.267,0.78
-0.216,1.545
-0.285,1.315
-0.365,0.203
-0.303,0.893
-0.414,-0.322
-0.437,1.564
-0.39,-0.534
-0.433,0.414
-0.42,-1.387
-0.518,-0.457
-0.571,-0.905
-0.576,0.954
-0.611,1.395
-0.603,0.792
-0.642,-1.058
-0.713,-0.159
-0.721,1.036
-0.68,-1.638
-0.761,-0.363
-0.802,-0.578
-0.741,0.276
-0.787,1.285
-0.77,-0.812
-0.949,0.178
-0.917,0.13
-1.079,-1.322
-1.024,1.224
-1.057,0.121
-1.144,1.052
-1.116,2.088
-1.231,-0.264
-1.254,1.57
-1.206,-1.049
-1.287,-0.777
-1.297,-1.568
-1.304,2.137
-1.393,0.364
-1.408,0.055
-1.414,0.741
-1.348,-1.285
-1.439,2.024
-1.499,-0.453
-1.427,2.025
-1.518,1.208
-1.556,0.412
-1.515,2.006
-1.598,1.033
-1.642,2.063
-1.669,-0.545
-1.744,-1.517
-1.905,-1.236
-1.971,-1.437
-1.972,0.83
-2.04,-0.315
-1.982,0.351
-2.017,1.163
-2.131,0.487
-2.076,0.425
-2.138,-0.321
-2.175,2.294
-2.243,0.606
-2.243,-1.174
-2.201,1.727
-2.287,2.143
-2.248,0.671
-2.281,1.327
-2.465,0.225
-2.409,0.448
-2.463,1.674
-2.406,1.601
-2.47,1.266
-2.574,1.185
-2.545,-0.242
-2.62,-0.14
-2.632,1.146
-2.608,-0.076
-2.664,1.983
-2.757,0.798
-2.793,-0.219
-2.893,1.515
-2.862,-0.381
-3.015,1.764
-3.115,0.135
-3.102,1.596
-3.084,1.337
-3.132,1.084
3.107,1.636
3.11,-0.288
3.129,1.061
3.099,-0.729
3.084,0.11
3.059,1.951
3.053,-0.591
3.018,1.017
2.941,-1.423
3.006,-0.092
2.991,-1.497
2.901,-0.426
2.975,-1.33
2.948,-0.558
2.879,0.545
2.891,-0.593
2.791,2.115
2.856,1.634
2.749,-0.372
2.799,-0.871
2.775,0.11
2.703,-0.653
2.728,-1.682
2.632,0.605
2.641,-0.849
2.59,0.152
2.557,-1.013
2.512,-0.001
2.437,1.663
2.436,-0.029
2.46,0.216
2.376,0.754
2.438,0.207
2.277,1.702
2.335,1.401
2.201,1.125
2.25,-1.112
2.273,-1.046
2.213,-1.459
2.11,2.306
2.098,1.178
2.169,2.32
1.986,-0.671
2.049,1.685
1.965,-0.641
1.875,2.081
1.837,-1.519
1.737,0.237
1.797,-1.06
1.693,-1.408
1.508,-1.651
1.353,0.518
1.365,1.433
1.211,0.618
1.16,1.581
1.147,1.235
1.142,0.734
1.111,1.927
1.006,-0.922
0.954,0.009
0.982,0.152
0.832,-1.893
0.619,-1.825
0.649,-1.659
-0.166,-1.721
-0.65,-1.833
-0.761,-1.937
-1.429,-1.834
-1.402,-2.008
-1.504,-1.927
-2.096,-1.808
-2.628,-2.196
2.815,-2.229
2.578,-2.04
2.429,-1.942
2.073,-1.802
1.745,-1.883
1.39,-1.802
0.547,2.47
0.34,2.561
-0.005,2.511
-0.367,2.447
-0.464,2.244
-0.408,2.536
-2.312,2.461
-2.987,2.569
-3.084,2.608
2.89,2.39
2.366,2.315
0.963,2.437
-0.643,0.834
-1.234,-1.457
-2.459,0.518
-2.655,0.595
-3.015,0.484
2.913,1.364
2.37,-0.792
-0.612,2.371
0.858,2.223
0.874,1.89
0.898,-0.606
0.762,-1.297
0.368,-0.819
0.462,0.465
0.342,2.17
0.362,1.908
0.462,-0.24
0.464,0.632
0.298,0.923
0.343,0.315
0.294,0.338
0.149,2.098
0.253,0.267
0.135,1.143
0.094,0.086
0.101,-0.669
0.22,-0.302
0.205,0.518
0.151,2.303
-0.001,0.76
-0.045,2.225
-0.025,0.509
-0.034,0.919
-0.194,0.409
-0.095,2.148
-0.22,1.95
-0.373,0.745
-0.567,1.094
-0.818,-1.524
-0.885,0.16
-0.787,-0.712
-0.871,-0.08
-0.946,1.741
-1.133,-0.251
-1.123,0.169
-1.177,-1.614
-1.439,0.068
-1.482,2.293
-1.619,-0.968
-1.688,-1.681
-1.789,1.544
-2.241,-1.316
-2.122,2.012
-2.218,2.301
-2.331,0.243
-2.378,-0.059
-2.407,0.885
-2.694,-0.086
-2.651,2.217
-2.821,1.248
-3.025,-0.568
-3.072,1.622
3.118,-1.43
3.104,1.989
2.967,1.188
3.094,1.646
3.05,0.761
3.004,-0.032
3.026,1.69
2.758,2.209
2.821,2.146
2.819,0.963
2.749,0.628
2.716,0.496
2.613,-0.009
2.562,-0.518
2.641,-0.545
2.628,-1.1
2.389,1.793
2.267,-1.298
2.038,-0.728
2.091,-1.17
2.041,2.02
1.862,-1.473
1.83,-0.813
1.911,1.971
1.552,-1.604
1.154,-1.324
1.142,1.605
1.135,-0.005
0.991,0.097
0.988,-1.966
0.397,-1.886
0.148,-1.95
0.074,-2.023
-0.329,-1.907
-0.822,-1.845
-2.373,-1.878
2.85,-2.117
2.779,-2.011
2.889,-2.135
2.343,-2.066
2.425,-1.733
2.329,-1.773
2.116,-2.042
1.546,-1.913
1.27,-2.179
0.631,2.508
0.633,2.577
0.407,2.557
-0.801,2.575
-1.654,2.555
-2.108,2.571
-2.359,2.561
-2.915,2.383
-2.945,2.446
-3.046,2.527
2.168,2.561
1.976,2.494
-0.011,1.828
-0.319,-0.093
-0.588,-0.074
-1.235,-0.102
-2.799,1.273
-2.922,0.037
-3.111,-0.687
2.796,0.07
2.837,0.216
2.751,-0.04
1.26,-1.645
0.404,1.255
0.034,-1.223
-1.568,-0.181
-2.997,0.692
3.099,1.827
2.599,-0.998
2.304,0.686
-0.307,0.984
-0.583,-0.382
2.807,1.054
2.604,-1.328
2.506,1.097
1.864,-0.469
-0.153,-1.57
2.942,2.053
3.015,-1.425
-1.658,-2.177
-0.021,-1.374
-0.028,0.664
-0.021,-2.328
-0.018,-1.398
0.018,0.999
0.001,-1.119
0.004,-0.358
-0.082,0.37
-0.036,-1.618
-0.122,-1.826
-0.137,-1.928
-0.082,-0.569
-0.117,0.142
-0.139,-0.622
-0.2,-0.506
-0.232,0.127
-0.181,0.892
-0.25,0.662
-0.33,-0.45
-0.268,0.24
-0.379,-0.975
-0.402,0.911
-0.355,-1.187
-0.398,-0.239
-0.385,-2.04
-0.483,-1.11
-0.536,-1.558
-0.541,0.301
-0.576,0.742
-0.568,0.139
-0.607,-1.711
-0.678,-0.812
-0.686,0.383
-0.645,-2.291
-0.726,-1.016
-0.767,-1.231
-0.706,-0.377
-0.752,0.632
-0.735,-1.465
-0.914,-0.475
-0.882,-0.523
-1.044,-1.975
-0.989,0.571
-1.022,-0.532
-1.109,0.399
-1.081,1.435
-1.196,-0.917
-1.219,0.917
-1.171,-1.702
-1.252,-1.43
-1.262,-2.221
-1.269,1.484
-1.358,-0.289
-1.373,-0.598
-1.379,0.088
-1.313,-1.938
-1.404,1.371
-1.464,-1.106
-1.392,1.372
-1.483,0.555
-1.521,-0.241
-1.48,1.353
-1.563,0.38
-1.607,1.41
-1.634,-1.198
-1.709,-2.17
-1.87,-1.889
-1.936,-2.09
-1.937,0.177
-2.005,-0.968
-1.947,-0.302
-1.982,0.51
-2.096,-0.166
-2.041,-0.228
-2.103,-0.974
-2.14,1.641
-2.208,-0.047
-2.208,-1.827
-2.166,1.074
-2.252,1.49
-2.213,0.018
-2.246,0.674
-2.43,-0.428
-2.374,-0.205
-2.428,1.021
-2.371,0.948
-2.435,0.613
-2.539,0.532
-2.51,-0.895
-2.585,-0.793
-2.597,0.493
-2.573,-0.729
-2.629,1.33
-2.722,0.145
-2.758,-0.872
-2.858,0.862
-2.827,-1.034
-2.98,1.111
-3.08,-0.518
-3.067,0.943
-3.049,0.684
-3.097,0.431
-3.141,0.983
-3.138,-0.941
-3.119,0.408
3.134,-1.382
3.119,-0.543
3.094,1.298
3.088,-1.244
3.053,0.364
2.976,-2.076
3.041,-0.745
3.026,-2.15
2.936,-1.079
3.01,-1.983
2.983,-1.211
2.914,-0.108
2.926,-1.246
2.826,1.462
2.891,0.981
2.784,-1.025
2.834,-1.524
2.81,-0.543
2.738,-1.306
2.763,-2.335
2.667,-0.048
2.676,-1.502
2.625,-0.501
2.592,-1.666
2.547,-0.654
2.472,1.01
2.471,-0.682
2.495,-0.437
2.411,0.101
2.473,-0.446
2.312,1.049
2.37,0.748
2.236,0.472
2.285,-1.765
2.308,-1.699
2.248,-2.112
2.145,1.653
2.133,0.525
2.204,1.667
2.021,-1.324
2.084,1.032
2.0,-1.294
1.91,1.428
1.872,-2.172
1.772,-0.416
1.832,-1.713
1.728,-2.061
1.543,-2.304
1.388,-0.135
1.4,0.78
1.246,-0.035
1.195,0.928
1.182,0.582
1.177,0.081
1.146,1.274
1.041,-1.575
0.989,-0.644
1.017,-0.501
0.867,-2.546
0.654,-2.478
0.684,-2.312
-0.131,-2.374
-0.615,-2.486
-0.726,-2.59
-1.394,-2.487
-1.367,-2.661
-1.469,-2.58
-2.061,-2.461
-2.593,-2.849
2.85,-2.882
2.613,-2.693
2.464,-2.595
2.108,-2.455
1.78,-2.536
1.425,-2.455
0.582,1.817
0.375,1.908
0.03,1.858
-0.332,1.794
-0.429,1.591
-0.373,1.883
-2.277,1.808
-2.952,1.916
-3.049,1.955
2.925,1.737
2.401,1.662
0.998,1.784
-0.608,0.181
-1.199,-2.11
-2.424,-0.135
-2.62,-0.058
-2.98,-0.169
2.948,0.711
2.405,-1.445
-0.577,1.718
0.893,1.57
0.909,1.237
0.933,-1.259
0.797,-1.95
0.403,-1.472
0.497,-0.188
0.377,1.517
0.397,1.255
0.497,-0.893
0.499,-0.021
0.333,0.27
0.378,-0.338
0.329,-0.315
0.184,1.445
0.288,-0.386
0.17,0.49
0.129,-0.567
0.136,-1.322
0.255,-0.955
0.24,-0.135
0.186,1.65
0.034,0.107
-0.01,1.572
0.01,-0.144
0.001,0.266
-0.159,-0.244
-0.06,1.495
-0.185,1.297
-0.338,0.092
-0.532,0.441
-0.783,-2.177
-0.85,-0.493
-0.752,-1.365
-0.836,-0.733
-0.911,1.088
-1.098,-0.904
-1.088,-0.484
-1.142,-2.267
-1.404,-0.585
-1.447,1.64
-1.584,-1.621
-1.653,-2.334
-1.754,0.891
-2.206,-1.969
-2.087,1.359
-2.183,1.648
-2.296,-0.41
-2.343,-0.712
-2.372,0.232
-2.659,-0.739
-2.616,1.564
-2.786,0.595
-2.99,-1.221
-3.037,0.969
-3.13,-2.083
3.139,1.336
3.002,0.535
3.129,0.993
3.085,0.108
3.039,-0.685
3.061,1.037
2.793,1.556
2.856,1.493
2.854,0.31
2.784,-0.025
2.751,-0.157
2.648,-0.662
2.597,-1.171
2.676,-1.198
2.663,-1.753
2.424,1.14
2.302,-1.951
2.073,-1.381
2.126,-1.823
2.076,1.367
1.897,-2.126
1.865,-1.466
1.946,1.318
1.587,-2.257
1.189,-1.977
1.177,0.952
1.17,-0.658
1.026,-0.556
1.023,-2.619
0.432,-2.539
0.183,-2.603
0.109,-2.676
-0.294,-2.56
-0.787,-2.498
-2.338,-2.531
2.885,-2.77
2.814,-2.664
2.924,-2.788
2.378,-2.719
2.46,-2.386
2.364,-2.426
2.151,-2.695
1.581,-2.566
1.305,-2.832
0.666,1.855
0.668,1.924
0.442,1.904
-0.766,1.922
-1.619,1.902
-2.073,1.918
-2.324,1.908
-2.88,1.73
-2.91,1.793
-3.011,1.874
2.203,1.908
2.011,1.841
0.024,1.175
-0.284,-0.746
-0.553,-0.727
-1.2,-0.755
-2.764,0.62
-2.887,-0.616
-3.076,-1.34
2.831,-0.583
2.872,-0.437
2.786,-0.693
1.295,-2.298
0.439,0.602
0.069,-1.876
-1.533,-0.834
-2.962,0.039
3.134,1.174
2.634,-1.651
2.339,0.033
-0.272,0.331
-0.548,-1.035
2.842,0.401
2.639,-1.981
2.541,0.444
1.899,-1.122
-0.118,-2.223
2.977,1.4
3.05,-2.078
-1.623,-2.83
-0.007,2.038
0.0,-0.954
0.003,-0.024
0.039,2.373
0.022,0.255
0.025,1.016
-0.061,1.744
-0.015,-0.244
-0.101,-0.452
-0.116,-0.554
-0.061,0.805
-0.096,1.516
-0.118,0.752
-0.179,0.868
-0.211,1.501
-0.16,2.266
-0.229,2.036
-0.309,0.924
-0.247,1.614
-0.358,0.399
-0.381,2.285
-0.334,0.187
-0.377,1.135
-0.364,-0.666
-0.462,0.264
-0.515,-0.184
-0.52,1.675
-0.555,2.116
-0.547,1.513
-0.586,-0.337
-0.657,0.562
-0.665,1.757
-0.624,-0.917
-0.705,0.358
-0.746,0.143
-0.685,0.997
-0.731,2.006
-0.714,-0.091
-0.893,0.899
-0.861,0.851
-1.023,-0.601
-0.968,1.945
-1.001,0.842
-1.088,1.773
-1.06,2.809
-1.175,0.457
-1.198,2.291
-1.15,-0.328
-1.231,-0.056
-1.241,-0.847
-1.248,2.858
-1.337,1.085
-1.352,0.776
-1.358,1.462
-1.292,-0.564
-1.383,2.745
-1.443,0.268
-1.371,2.746
-1.462,1.929
-1.5,1.133
-1.459,2.727
-1.542,1.754
-1.586,2.784
-1.613,0.176
-1.688,-0.796
-1.849,-0.515
-1.915,-0.716
-1.916,1.551
-1.984,0.406
-1.926,1.072
-1.961,1.884
-2.075,1.208
-2.02,1.146
-2.082,0.4
-2.119,3.015
-2.187,1.327
-2.187,-0.453
-2.145,2.448
-2.231,2.864
-2.192,1.392
-2.225,2.048
-2.409,0.946
-2.353,1.169
-2.407,2.395
-2.35,2.322
-2.414,1.987
-2.518,1.906
-2.489,0.479
-2.564,0.581
-2.576,1.867
-2.552,0.645
-2.608,2.704
-2.701,1.519
-2.737,0.502
-2.837,2.236
-2.806,0.34
-2.959,2.485
-3.059,0.856
-3.046,2.317
-3.028,2.058
-3.076,1.805
-3.12,2.357
-3.117,0.433
-3.098,1.782
-3.128,-0.008
3.14,0.831
3.115,2.672
3.109,0.13
3.074,1.738
2.997,-0.702
3.062,0.629
3.047,-0.776
2.957,0.295
3.031,-0.609
3.004,0.163
2.935,1.266
2.947,0.128
2.847,2.836
2.912,2.355
2.805,0.349
2.855,-0.15
2.831,0.831
2.759,0.068
2.784,-0.961
2.688,1.326
2.697,-0.128
2.646,0.873
2.613,-0.292
2.568,0.72
2.493,2.384
2.492,0.692
2.516,0.937
2.432,1.475
2.494,0.928
2.333,2.423
2.391,2.122
2.257,1.846
2.306,-0.391
2.329,-0.325
2.269,-0.738
2.166,3.027
2.154,1.899
2.225,3.041
2.042,0.05
2.105,2.406
2.021,0.08
1.931,2.802
1.893,-0.798
1.793,0.958
1.853,-0.339
1.749,-0.687
1.564,-0.93
1.409,1.239
1.421,2.154
1.267,1.339
1.216,2.302
1.203,1.956
1.198,1.455
1.167,2.648
1.062,-0.201
1.01,0.73
1.038,0.873
0.888,-1.172
0.675,-1.104
0.705,-0.938
-0.11,-1.0
-0.594,-1.112
-0.705,-1.216
-1.373,-1.113
-1.346,-1.287
-1.448,-1.206
-2.04,-1.087
-2.572,-1.475
2.871,-1.508
2.634,-1.319
2.485,-1.221
2.129,-1.081
1.801,-1.162
1.446,-1.081
0.603,3.191
0.396,3.282
0.051,3.232
-0.311,3.168
-0.408,2.965
-0.352,3.257
-2.256,3.182
-2.931,3.29
-3.028,3.329
2.946,3.111
2.422,3.036
1.019,3.158
-0.587,1.555
-1.178,-0.736
-2.403,1.239
-2.599,1.316
-2.959,1.205
2.969,2.085
2.426,-0.071
-0.556,3.092
0.914,2.944
0.93,2.611
0.954,0.115
0.818,-0.576
0.424,-0.098
0.518,1.186
0.398,2.891
0.418,2.629
0.518,0.481
0.52,1.353
0.354,1.644
0.399,1.036
0.35,1.059
0.205,2.819
0.309,0.988
0.191,1.864
0.15,0.807
0.157,0.052
0.276,0.419
0.261,1.239
0.207,3.024
0.055,1.481
0.011,2.946
0.031,1.23
0.022,1.64
-0.138,1.13
-0.039,2.869
-0.164,2.671
-0.317,1.466
-0.511,1.815
-0.762,-0.803
-0.829,0.881
-0.731,0.009
-0.815,0.641
-0.89,2.462
-1.077,0.47
-1.067,0.89
-1.121,-0.893
-1.383,0.789
-1.426,3.014
-1.563,-0.247
-1.632,-0.96
-1.733,2.265
-2.185,-0.595
-2.066,2.733
-2.162,3.022
-2.275,0.964
-2.322,0.662
-2.351,1.606
-2.638,0.635
-2.595,2.938
-2.765,1.969
-2.969,0.153
-3.016,2.343
-3.109,-0.709
-3.123,2.71
3.023,1.909
-3.133,2.367
3.106,1.482
3.06,0.689
3.082,2.411
2.814,2.93
2.877,2.867
2.875,1.684
2.805,1.349
2.772,1.217
2.669,0.712
2.618,0.203
2.697,0.176
2.684,-0.379
2.445,2.514
2.323,-0.577
2.094,-0.007
2.147,-0.449
2.097,2.741
1.918,-0.752
1.886,-0.092
1.967,2.692
1.608,-0.883
1.21,-0.603
1.198,2.326
1.191,0.716
1.047,0.818
1.044,-1.245
0.453,-1.165
0.204,-1.229
0.13,-1.302
-0.273,-1.186
-0.766,-1.124
-2.317,-1.157
2.906,-1.396
2.835,-1.29
2.945,-1.414
2.399,-1.345
2.481,-1.012
2.385,-1.052
2.172,-1.321
1.602,-1.192
1.326,-1.458
0.687,3.229
0.689,3.298
0.463,3.278
-0.745,3.296
-1.598,3.276
-2.052,3.292
-2.303,3.282
-2.859,3.104
-2.889,3.167
-2.99,3.248
2.224,3.282
2.032,3.215
0.045,2.549
-0.263,0.628
-0.532,0.647
-1.179,0.619
-2.743,1.994
-2.866,0.758
-3.055,0.034
2.852,0.791
2.893,0.937
2.807,0.681
1.316,-0.924
0.46,1.976
0.09,-0.502
-1.512,0.54
-2.941,1.413
-3.128,2.548
2.655,-0.277
2.36,1.407
-0.251,1.705
-0.527,0.339
2.863,1.775
2.66,-0.607
2.562,1.818
1.92,0.252
-0.097,-0.849
2.998,2.774
3.071,-0.704
-1.602,-1.456
0.007,-2.992
0.01,-2.062
0.046,0.335
0.029,-1.783
0.032,-1.022
-0.054,-0.294
-0.008,-2.282
-0.094,-2.49
-0.109,-2.592
-0.054,-1.233
-0.089,-0.522
-0.111,-1.286
-0.172,-1.17
-0.204,-0.537
-0.153,0.228
-0.222,-0.002
-0.302,-1.114
-0.24,-0.424
-0.351,-1.639
-0.374,0.247
-0.327,-1.851
-0.37,-0.903
-0.357,-2.704
-0.455,-1.774
-0.508,-2.222
-0.513,-0.363
-0.548,0.078
-0.54,-0.525
-0.579,-2.375
-0.65,-1.476
-0.658,-0.281
-0.617,-2.955
-0.698,-1.68
-0.739,-1.895
-0.678,-1.041
-0.724,-0.032
-0.707,-2.129
-0.886,-1.139
-0.854,-1.187
-1.016,-2.639
-0.961,-0.093
-0.994,-1.196
-1.081,-0.265
-1.053,0.771
-1.168,-1.581
-1.191,0.253
-1.143,-2.366
-1.224,-2.094
-1.234,-2.885
-1.241,0.82
-1.33,-0.953
-1.345,-1.262
-1.351,-0.576
-1.285,-2.602
-1.376,0.707
-1.436,-1.77
-1.364,0.708
-1.455,-0.109
-1.493,-0.905
-1.452,0.689
-1.535,-0.284
-1.579,0.746
-1.606,-1.862
-1.681,-2.834
-1.842,-2.553
-1.908,-2.754
-1.909,-0.487
-1.977,-1.632
-1.919,-0.966
-1.954,-0.154
-2.068,-0.83
-2.013,-0.892
-2.075,-1.638
-2.112,0.977
-2.18,-0.711
-2.18,-2.491
-2.138,0.41
-2.224,0.826
-2.185,-0.646
-2.218,0.01
-2.402,-1.092
-2.346,-0.869
-2.4,0.357
-2.343,0.284
-2.407,-0.051
-2.511,-0.132
-2.482,-1.559
-2.557,-1.457
-2.569,-0.171
-2.545,-1.393
-2.601,0.666
-2.694,-0.519
-2.73,-1.536
-2.83,0.198
-2.799,-1.698
-2.952,0.447
-3.052,-1.182
-3.039,0.279
-3.021,0.02
-3.069,-0.233
-3.113,0.319
-3.11,-1.605
-3.091,-0.256
-3.121,-2.046
-3.136,-1.207
3.122,0.634
3.116,-1.908
3.081,-0.3
3.004,-2.74
3.069,-1.409
3.054,-2.814
2.964,-1.743
3.038,-2.647
3.011,-1.875
2.942,-0.772
2.954,-1.91
2.854,0.798
2.919,0.317
2.812,-1.689
2.862,-2.188
2.838,-1.207
2.766,-1.97
2.791,-2.999
2.695,-0.712
2.704,-2.166
2.653,-1.165
2.62,-2.33
2.575,-1.318
2.5,0.346
2.499,-1.346
2.523,-1.101
2.439,-0.563
2.501,-1.11
2.34,0.385
2.398,0.084
2.264,-0.192
2.313,-2.429
2.336,-2.363
2.276,-2.776
2.173,0.989
2.161,-0.139
2.232,1.003
2.049,-1.988
2.112,0.368
2.028,-1.958
1.938,0.764
1.9,-2.836
1.8,-1.08
1.86,-2.377
1.756,-2.725
1.571,-2.968
1.416,-0.799
1.428,0.116
1.274,-0.699
1.223,0.264
1.21,-0.082
1.205,-0.583
1.174,0.61
1.069,-2.239
1.017,-1.308
1.045,-1.165
0.895,-3.21
0.682,-3.142
0.712,-2.976
-0.103,-3.038
-0.587,-3.15
-0.698,-3.254
-1.366,-3.151
-1.339,-3.325
-1.441,-3.244
-2.033,-3.125
-2.565,-3.513
2.878,-3.546
2.641,-3.357
2.492,-3.259
2.136,-3.119
1.808,-3.2
1.453,-3.119
0.61,1.153
0.403,1.244
0.058,1.194
-0.304,1.13
-0.401,0.927
-0.345,1.219
-2.249,1.144
-2.924,1.252
-3.021,1.291
2.953,1.073
2.429,0.998
1.026,1.12
-0.58,-0.483
-1.171,-2.774
-2.396,-0.799
-2.592,-0.722
-2.952,-0.833
2.976,0.047
2.433,-2.109
-0.549,1.054
0.921,0.906
0.937,0.573
0.961,-1.923
0.825,-2.614
0.431,-2.136
0.525,-0.852
0.405,0.853
0.425,0.591
0.525,-1.557
0.527,-0.685
0.361,-0.394
0.406,-1.002
0.357,-0.979
0.212,0.781
0.316,-1.05
0.198,-0.174
0.157,-1.231
0.164,-1.986
0.283,-1.619
0.268,-0.799
0.214,0.986
0.062,-0.557
0.018,0.908
0.038,-0.808
0.029,-0.398
-0.131,-0.908
-0.032,0.831
-0.157,0.633
-0.31,-0.572
-0.504,-0.223
-0.755,-2.841
-0.822,-1.157
-0.724,-2.029
-0.808,-1.397
-0.883,0.424
-1.07,-1.568
-1.06,-1.148
-1.114,-2.931
-1.376,-1.249
-1.419,0.976
-1.556,-2.285
-1.625,-2.998
-1.726,0.227
-2.178,-2.633
-2.059,0.695
-2.155,0.984
-2.268,-1.074
-2.315,-1.376
-2.344,-0.432
-2.631,-1.403
-2.588,0.9
-2.758,-0.069
-2.962,-1.885
-3.009,0.305
-3.102,-2.747
-3.116,0.672
3.03,-0.129
-3.126,0.329
3.113,-0.556
3.067,-1.349
3.089,0.373
2.821,0.892
2.884,0.829
2.882,-0.354
2.812,-0.689
2.779,-0.821
2.676,-1.326
2.625,-1.835
2.704,-1.862
2.691,-2.417
2.452,0.476
2.33,-2.615
2.101,-2.045
2.154,-2.487
2.104,0.703
1.925,-2.79
1.893,-2.13
1.974,0.654
1.615,-2.921
1.217,-2.641
1.205,0.288
1.198,-1.322
1.054,-1.22
1.051,-3.283
0.46,-3.203
0.211,-3.267
0.137,-3.34
-0.266,-3.224
-0.759,-3.162
-2.31,-3.195
2.913,-3.434
2.842,-3.328
2.952,-3.452
2.406,-3.383
2.488,-3.05
2.392,-3.09
2.179,-3.359
1.609,-3.23
1.333,-3.496
0.694,1.191
0.696,1.26
0.47,1.24
-0.738,1.258
-1.591,1.238
-2.045,1.254
-2.296,1.244
-2.852,1.066
-2.882,1.129
-2.983,1.21
2.231,1.244
2.039,1.177
0.052,0.511
-0.256,-1.41
-0.525,-1.391
-1.172,-1.419
-2.736,-0.044
-2.859,-1.28
-3.048,-2.004
2.859,-1.247
2.9,-1.101
2.814,-1.357
1.323,-2.962
0.467,-0.062
0.097,-2.54
-1.505,-1.498
-2.934,-0.625
-3.121,0.51
2.662,-2.315
2.367,-0.631
-0.244,-0.333
-0.52,-1.699
2.87,-0.263
2.667,-2.645
2.569,-0.22
1.927,-1.786
-0.09,-2.887
3.005,0.736
3.078,-2.742
-1.595,-3.494
0.003,0.93
0.039,3.327
0.022,1.209
0.025,1.97
-0.061,2.698
-0.015,0.71
-0.101,0.502
-0.116,0.4
-0.061,1.759
-0.096,2.47
-0.118,1.706
-0.179,1.822
-0.211,2.455
-0.16,3.22
-0.229,2.99
-0.309,1.878
-0.247,2.568
-0.358,1.353
-0.381,3.239
-0.334,1.141
-0.377,2.089
-0.364,0.288
-0.462,1.218
-0.515,0.77
-0.52,2.629
-0.555,3.07
-0.547,2.467
-0.586,0.617
-0.657,1.516
-0.665,2.711
-0.624,0.037
-0.705,1.312
-0.746,1.097
-0.685,1.951
-0.731,2.96
-0.714,0.863
-0.893,1.853
-0.861,1.805
-1.023,0.353
-0.968,2.899
-1.001,1.796
-1.088,2.727
-1.06,3.763
-1.175,1.411
-1.198,3.245
-1.15,0.626
-1.231,0.898
-1.241,0.107
-1.248,3.812
-1.337,2.039
-1.352,1.73
-1.358,2.416
-1.292,0.39
-1.383,3.699
-1.443,1.222
-1.371,3.7
-1.462,2.883
-1.5,2.087
-1.459,3.681
-1.542,2.708
-1.586,3.738
-1.613,1.13
-1.688,0.158
-1.849,0.439
-1.915,0.238
-1.916,2.505
-1.984,1.36
-1.926,2.026
-1.961,2.838
-2.075,2.162
-2.02,2.1
-2.082,1.354
-2.119,3.969
-2.187,2.281
-2.187,0.501
-2.145,3.402
-2.231,3.818
-2.192,2.346
-2.225,3.002
-2.409,1.9
-2.353,2.123
-2.407,3.349
-2.35,3.276
-2.414,2.941
-2.518,2.86
-2.489,1.433
-2.564,1.535
-2.576,2.821
-2.552,1.599
-2.608,3.658
-2.701,2.473
-2.737,1.456
-2.837,3.19
-2.806,1.294
-2.959,3.439
-3.059,1.81
-3.046,3.271
-3.028,3.012
-3.076,2.759
-3.12,3.311
-3.117,1.387
-3.098,2.736
-3.128,0.946
3.14,1.785
3.115,3.626
3.109,1.084
3.074,2.692
2.997,0.252
3.062,1.583
3.047,0.178
2.957,1.249
3.031,0.345
3.004,1.117
2.935,2.22
2.947,1.082
2.847,3.79
2.912,3.309
2.805,1.303
2.855,0.804
2.831,1.785
2.759,1.022
2.784,-0.007
2.688,2.28
2.697,0.826
2.646,1.827
2.613,0.662
2.568,1.674
2.493,3.338
2.492,1.646
2.516,1.891
2.432,2.429
2.494,1.882
2.333,3.377
2.391,3.076
2.257,2.8
2.306,0.563
2.329,0.629
2.269,0.216
2.166,3.981
2.154,2.853
2.225,3.995
2.042,1.004
2.105,3.36
2.021,1.034
1.931,3.756
1.893,0.156
1.793,1.912
1.853,0.615
1.749,0.267
1.564,0.024
1.409,2.193
1.421,3.108
1.267,2.293
1.216,3.256
1.203,2.91
1.198,2.409
1.167,3.602
1.062,0.753
1.01,1.684
1.038,1.827
0.888,-0.218
0.675,-0.15
0.705,0.016
-0.11,-0.046
-0.594,-0.158
-0.705,-0.262
-1.373,-0.159
-1.346,-0.333
-1.448,-0.252
-2.04,-0.133
-2.572,-0.521
2.871,-0.554
2.634,-0.365
2.485,-0.267
2.129,-0.127
1.801,-0.208
1.446,-0.127
0.603,4.145
0.396,4.236
0.051,4.186
-0.311,4.122
-0.408,3.919
-0.352,4.211
-2.256,4.136
-2.931,4.244
-3.028,4.283
2.946,4.065
2.422,3.99
1.019,4.112
-0.587,2.509
-1.178,0.218
-2.403,2.193
-2.599,2.27
-2.959,2.159
2.969,3.039
2.426,0.883
-0.556,4.046
0.914,3.898
0.93,3.565
0.954,1.069
0.818,0.378
0.424,0.856
0.518,2.14
0.398,3.845
0.418,3.583
0.518,1.435
0.52,2.307
0.354,2.598
0.399,1.99
0.35,2.013
0.205,3.773
0.309,1.942
0.191,2.818
0.15,1.761
0.157,1.006
0.276,1.373
0.261,2.193
0.207,3.978
0.055,2.435
0.011,3.9
0.031,2.184
0.022,2.594
-0.138,2.084
-0.039,3.823
-0.164,3.625
-0.317,2.42
-0.511,2.769
-0.762,0.151
-0.829,1.835
-0.731,0.963
-0.815,1.595
-0.89,3.416
-1.077,1.424
-1.067,1.844
-1.121,0.061
-1.383,1.743
-1.426,3.968
-1.563,0.707
-1.632,-0.006
-1.733,3.219
-2.185,0.359
-2.066,3.687
-2.162,3.976
-2.275,1.918
-2.322,1.616
-2.351,2.56
-2.638,1.589
-2.595,3.892
-2.765,2.923
-2.969,1.107
-3.016,3.297
-3.109,0.245
-3.123,3.664
3.023,2.863
-3.133,3.321
3.106,2.436
3.06,1.643
3.082,3.365
2.814,3.884
2.877,3.821
2.875,2.638
2.805,2.303
2.772,2.171
2.669,1.666
2.618,1.157
2.697,1.13
2.684,0.575
2.445,3.468
2.323,0.377
2.094,0.947
2.147,0.505
2.097,3.695
1.918,0.202
1.886,0.862
1.967,3.646
1.608,0.071
1.21,0.351
1.198,3.28
1.191,1.67
1.047,1.772
1.044,-0.291
0.453,-0.211
0.204,-0.275
0.13,-0.348
-0.273,-0.232
-0.766,-0.17
-2.317,-0.203
2.906,-0.442
2.835,-0.336
2.945,-0.46
2.399,-0.391
2.481,-0.058
2.385,-0.098
2.172,-0.367
1.602,-0.238
1.326,-0.504
0.687,4.183
0.689,4.252
0.463,4.232
-0.745,4.25
-1.598,4.23
-2.052,4.246
-2.303,4.236
-2.859,4.058
-2.889,4.121
-2.99,4.202
2.224,4.236
2.032,4.169
0.045,3.503
-0.263,1.582
-0.532,1.601
-1.179,1.573
-2.743,2.948
-2.866,1.712
-3.055,0.988
2.852,1.745
2.893,1.891
2.807,1.635
1.316,0.03
0.46,2.93
0.09,0.452
-1.512,1.494
-2.941,2.367
-3.128,3.502
2.655,0.677
2.36,2.361
-0.251,2.659
-0.527,1.293
2.863,2.729
2.66,0.347
2.562,2.772
1.92,1.206
-0.097,0.105
2.998,3.728
3.071,0.25
-1.602,-0.502
0.036,2.397
0.019,0.279
0.022,1.04
-0.064,1.768
-0.018,-0.22
-0.104,-0.428
-0.119,-0.53
-0.064,0.829
-0.099,1.54
-0.121,0.776
-0.182,0.892
-0.214,1.525
-0.163,2.29
-0.232,2.06
-0.312,0.948
-0.25,1.638
-0.361,0.423
-0.384,2.309
-0.337,0.211
-0.38,1.159
-0.367,-0.642
-0.465,0.288
-0.518,-0.16
-0.523,1.699
-0.558,2.14
-0.55,1.537
-0.589,-0.313
-0.66,0.586
-0.668,1.781
-0.627,-0.893
-0.708,0.382
-0.749,0.167
-0.688,1.021
-0.734,2.03
-0.717,-0.067
-0.896,0.923
-0.864,0.875
-1.026,-0.577
-0.971,1.969
-1.004,0.866
-1.091,1.797
-1.063,2.833
-1.178,0.481
-1.201,2.315
-1.153,-0.304
-1.234,-0.032
-1.244,-0.823
-1.251,2.882
-1.34,1.109
-1.355,0.8
-1.361,1.486
-1.295,-0.54
-1.386,2.769
-1.446,0.292
-1.374,2.77
-1.465,1.953
-1.503,1.157
-1.462,2.751
-1.545,1.778
-1.589,2.808
-1.616,0.2
-1.691,-0.772
-1.852,-0.491
-1.918,-0.692
-1.919,1.575
-1.987,0.43
-1.929,1.096
-1.964,1.908
-2.078,1.232
-2.023,1.17
-2.085,0.424
-2.122,3.039
-2.19,1.351
-2.19,-0.429
-2.148,2.472
-2.234,2.888
-2.195,1.416
-2.228,2.072
-2.412,0.97
-2.356,1.193
-2.41,2.419
-2.353,2.346
-2.417,2.011
-2.521,1.93
-2.492,0.503
-2.567,0.605
-2.579,1.891
-2.555,0.669
-2.611,2.728
-2.704,1.543
-2.74,0.526
-2.84,2.26
-2.809,0.364
-2.962,2.509
-3.062,0.88
-3.049,2.341
-3.031,2.082
-3.079,1.829
-3.123,2.381
-3.12,0.457
-3.101,1.806
-3.131,0.016
3.137,0.855
3.112,2.696
3.106,0.154
3.071,1.762
2.994,-0.678
3.059,0.653
3.044,-0.752
2.954,0.319
3.028,-0.585
3.001,0.187
2.932,1.29
2.944,0.152
2.844,2.86
2.909,2.379
2.802,0.373
2.852,-0.126
2.828,0.855
2.756,0.092
2.781,-0.937
2.685,1.35
2.694,-0.104
2.643,0.897
2.61,-0.268
2.565,0.744
2.49,2.408
2.489,0.716
2.513,0.961
2.429,1.499
2.491,0.952
2.33,2.447
2.388,2.146
2.254,1.87
2.303,-0.367
2.326,-0.301
2.266,-0.714
2.163,3.051
2.151,1.923
2.222,3.065
2.039,0.074
2.102,2.43
2.018,0.104
1.928,2.826
1.89,-0.774
1.79,0.982
1.85,-0.315
1.746,-0.663
1.561,-0.906
1.406,1.263
1.418,2.178
1.264,1.363
1.213,2.326
1.2,1.98
1.195,1.479
1.164,2.672
1.059,-0.177
1.007,0.754
1.035,0.897
0.885,-1.148
0.672,-1.08
0.702,-0.914
-0.113,-0.976
-0.597,-1.088
-0.708,-1.192
-1.376,-1.089
-1.349,-1.263
-1.451,-1.182
-2.043,-1.063
-2.575,-1.451
2.868,-1.484
2.631,-1.295
2.482,-1.197
2.126,-1.057
1.798,-1.138
1.443,-1.057
0.6,3.215
0.393,3.306
0.048,3.256
-0.314,3.192
-0.411,2.989
-0.355,3.281
-2.259,3.206
-2.934,3.314
-3.031,3.353
2.943,3.135
2.419,3.06
1.016,3.182
-0.59,1.579
-1.181,-0.712
-2.406,1.263
-2.602,1.34
-2.962,1.229
2.966,2.109
2.423,-0.047
-0.559,3.116
0.911,2.968
0.927,2.635
0.951,0.139
0.815,-0.552
0.421,-0.074
0.515,1.21
0.395,2.915
0.415,2.653
0.515,0.505
0.517,1.377
0.351,1.668
0.396,1.06
0.347,1.083
0.202,2.843
0.306,1.012
0.188,1.888
0.147,0.831
0.154,0.076
0.273,0.443
0.258,1.263
0.204,3.048
0.052,1.505
0.008,2.97
0.028,1.254
0.019,1.664
-0.141,1.154
-0.042,2.893
-0.167,2.695
-0.32,1.49
-0.514,1.839
-0.765,-0.779
-0.832,0.905
-0.734,0.033
-0.818,0.665
-0.893,2.486
-1.08,0.494
-1.07,0.914
-1.124,-0.869
-1.386,0.813
-1.429,3.038
-1.566,-0.223
-1.635,-0.936
-1.736,2.289
-2.188,-0.571
-2.069,2.757
-2.165,3.046
-2.278,0.988
-2.325,0.686
-2.354,1.63
-2.641,0.659
-2.598,2.962
-2.768,1.993
-2.972,0.177
-3.019,2.367
-3.112,-0.685
-3.126,2.734
3.02,1.933
-3.136,2.391
3.103,1.506
3.057,0.713
3.079,2.435
2.811,2.954
2.874,2.891
2.872,1.708
2.802,1.373
2.769,1.241
2.666,0.736
2.615,0.227
2.694,0.2
2.681,-0.355
2.442,2.538
2.32,-0.553
2.091,0.017
2.144,-0.425
2.094,2.765
1.915,-0.728
1.883,-0.068
1.964,2.716
1.605,-0.859
1.207,-0.579
1.195,2.35
1.188,0.74
1.044,0.842
1.041,-1.221
0.45,-1.141
0.201,-1.205
0.127,-1.278
-0.276,-1.162
-0.769,-1.1
-2.32,-1.133
2.903,-1.372
2.832,-1.266
2.942,-1.39
2.396,-1.321
2.478,-0.988
2.382,-1.028
2.169,-1.297
1.599,-1.168
1.323,-1.434
0.684,3.253
0.686,3.322
0.46,3.302
-0.748,3.32
-1.601,3.3
-2.055,3.316
-2.306,3.306
-2.862,3.128
-2.892,3.191
-2.993,3.272
2.221,3.306
2.029,3.239
0.042,2.573
-0.266,0.652
-0.535,0.671
-1.182,0.643
-2.746,2.018
-2.869,0.782
-3.058,0.058
2.849,0.815
2.89,0.961
2.804,0.705
1.313,-0.9
0.457,2.0
0.087,-0.478
-1.515,0.564
-2.944,1.437
-3.131,2.572
2.652,-0.253
2.357,1.431
-0.254,1.729
-0.53,0.363
2.86,1.799
2.657,-0.583
2.559,1.842
1.917,0.276
-0.1,-0.825
2.995,2.798
3.068,-0.68
-1.605,-1.432
-0.017,-2.118
-0.014,-1.357
-0.1,-0.629
-0.054,-2.617
-0.14,-2.825
-0.155,-2.927
-0.1,-1.568
-0.135,-0.857
-0.157,-1.621
-0.218,-1.505
-0.25,-0.872
-0.199,-0.107
-0.268,-0.337
-0.348,-1.449
-0.286,-0.759
-0.397,-1.974
-0.42,-0.088
-0.373,-2.186
-0.416,-1.238
-0.403,-3.039
-0.501,-2.109
-0.554,-2.557
-0.559,-0.698
-0.594,-0.257
-0.586,-0.86
-0.625,-2.71
-0.696,-1.811
-0.704,-0.616
-0.663,-3.29
-0.744,-2.015
-0.785,-2.23
-0.724,-1.376
-0.77,-0.367
-0.753,-2.464
-0.932,-1.474
-0.9,-1.522
-1.062,-2.974
-1.007,-0.428
-1.04,-1.531
-1.127,-0.6
-1.099,0.436
-1.214,-1.916
-1.237,-0.082
-1.189,-2.701
-1.27,-2.429
-1.28,-3.22
-1.287,0.485
-1.376,-1.288
-1.391,-1.597
-1.397,-0.911
-1.331,-2.937
-1.422,0.372
-1.482,-2.105
-1.41,0.373
-1.501,-0.444
-1.539,-1.24
-1.498,0.354
-1.581,-0.619
-1.625,0.411
-1.652,-2.197
-1.727,-3.169
-1.888,-2.888
-1.954,-3.089
-1.955,-0.822
-2.023,-1.967
-1.965,-1.301
-2.0,-0.489
-2.114,-1.165
-2.059,-1.227
-2.121,-1.973
-2.158,0.642
-2.226,-1.046
-2.226,-2.826
-2.184,0.075
-2.27,0.491
-2.231,-0.981
-2.264,-0.325
-2.448,-1.427
-2.392,-1.204
-2.446,0.022
-2.389,-0.051
-2.453,-0.386
-2.557,-0.467
-2.528,-1.894
-2.603,-1.792
-2.615,-0.506
-2.591,-1.728
-2.647,0.331
-2.74,-0.854
-2.776,-1.871
-2.876,-0.137
-2.845,-2.033
-2.998,0.112
-3.098,-1.517
-3.085,-0.056
-3.067,-0.315
-3.115,-0.568
3.124,-0.016
3.127,-1.94
-3.137,-0.591
3.116,-2.381
3.101,-1.542
3.076,0.299
3.07,-2.243
3.035,-0.635
2.958,-3.075
3.023,-1.744
3.008,-3.149
2.918,-2.078
2.992,-2.982
2.965,-2.21
2.896,-1.107
2.908,-2.245
2.808,0.463
2.873,-0.018
2.766,-2.024
2.816,-2.523
2.792,-1.542
2.72,-2.305
2.745,-3.334
2.649,-1.047
2.658,-2.501
2.607,-1.5
2.574,-2.665
2.529,-1.653
2.454,0.011
2.453,-1.681
2.477,-1.436
2.393,-0.898
2.455,-1.445
2.294,0.05
2.352,-0.251
2.218,-0.527
2.267,-2.764
2.29,-2.698
2.23,-3.111
2.127,0.654
2.115,-0.474
2.186,0.668
2.003,-2.323
2.066,0.033
1.982,-2.293
1.892,0.429
1.854,-3.171
1.754,-1.415
1.814,-2.712
1.71,-3.06
1.525,-3.303
1.37,-1.134
1.382,-0.219
1.228,-1.034
1.177,-0.071
1.164,-0.417
1.159,-0.918
1.128,0.275
1.023,-2.574
0.971,-1.643
0.999,-1.5
0.849,-3.545
0.636,-3.477
0.666,-3.311
-0.149,-3.373
-0.633,-3.485
-0.744,-3.589
-1.412,-3.486
-1.385,-3.66
-1.487,-3.579
-2.079,-3.46
-2.611,-3.848
2.832,-3.881
2.595,-3.692
2.446,-3.594
2.09,-3.454
1.762,-3.535
1.407,-3.454
0.564,0.818
0.357,0.909
0.012,0.859
-0.35,0.795
-0.447,0.592
-0.391,0.884
-2.295,0.809
-2.97,0.917
-3.067,0.956
2.907,0.738
2.383,0.663
0.98,0.785
-0.626,-0.818
-1.217,-3.109
-2.442,-1.134
-2.638,-1.057
-2.998,-1.168
2.93,-0.288
2.387,-2.444
-0.595,0.719
0.875,0.571
0.891,0.238
0.915,-2.258
0.779,-2.949
0.385,-2.471
0.479,-1.187
0.359,0.518
0.379,0.256
0.479,-1.892
0.481,-1.02
0.315,-0.729
0.36,-1.337
0.311,-1.314
0.166,0.446
0.27,-1.385
0.152,-0.509
0.111,-1.566
0.118,-2.321
0.237,-1.954
0.222,-1.134
0.168,0.651
0.016,-0.892
-0.028,0.573
-0.008,-1.143
-0.017,-0.733
-0.177,-1.243
-0.078,0.496
-0.203,0.298
-0.356,-0.907
-0.55,-0.558
-0.801,-3.176
-0.868,-1.492
-0.77,-2.364
-0.854,-1.732
-0.929,0.089
-1.116,-1.903
-1.106,-1.483
-1.16,-3.266
-1.422,-1.584
-1.465,0.641
-1.602,-2.62
-1.671,-3.333
-1.772,-0.108
-2.224,-2.968
-2.105,0.36
-2.201,0.649
-2.314,-1.409
-2.361,-1.711
-2.39,-0.767
-2.677,-1.738
-2.634,0.565
-2.804,-0.404
-3.008,-2.22
-3.055,-0.03
3.135,-3.082
3.121,0.337
2.984,-0.464
3.111,-0.006
3.067,-0.891
3.021,-1.684
3.043,0.038
2.775,0.557
2.838,0.494
2.836,-0.689
2.766,-1.024
2.733,-1.156
2.63,-1.661
2.579,-2.17
2.658,-2.197
2.645,-2.752
2.406,0.141
2.284,-2.95
2.055,-2.38
2.108,-2.822
2.058,0.368
1.879,-3.125
1.847,-2.465
1.928,0.319
1.569,-3.256
1.171,-2.976
1.159,-0.047
1.152,-1.657
1.008,-1.555
1.005,-3.618
0.414,-3.538
0.165,-3.602
0.091,-3.675
-0.312,-3.559
-0.805,-3.497
-2.356,-3.53
2.867,-3.769
2.796,-3.663
2.906,-3.787
2.36,-3.718
2.442,-3.385
2.346,-3.425
2.133,-3.694
1.563,-3.565
1.287,-3.831
0.648,0.856
0.65,0.925
0.424,0.905
-0.784,0.923
-1.637,0.903
-2.091,0.919
-2.342,0.909
-2.898,0.731
-2.928,0.794
-3.029,0.875
2.185,0.909
1.993,0.842
0.006,0.176
-0.302,-1.745
-0.571,-1.726
-1.218,-1.754
-2.782,-0.379
-2.905,-1.615
-3.094,-2.339
2.813,-1.582
2.854,-1.436
2.768,-1.692
1.277,-3.297
0.421,-0.397
0.051,-2.875
-1.551,-1.833
-2.98,-0.96
3.116,0.175
2.616,-2.65
2.321,-0.966
-0.29,-0.668
-0.566,-2.034
2.824,-0.598
2.621,-2.98
2.523,-0.555
1.881,-2.121
-0.136,-3.222
2.959,0.401
3.032,-3.077
-1.641,-3.829
0.003,0.761
-0.083,1.489
-0.037,-0.499
-0.123,-0.707
-0.138,-0.809
-0.083,0.55
-0.118,1.261
-0.14,0.497
-0.201,0.613
-0.233,1.246
-0.182,2.011
-0.251,1.781
-0.331,0.669
-0.269,1.359
-0.38,0.144
-0.403,2.03
-0.356,-0.068
-0.399,0.88
-0.386,-0.921
-0.484,0.009
-0.537,-0.439
-0.542,1.42
-0.577,1.861
-0.569,1.258
-0.608,-0.592
-0.679,0.307
-0.687,1.502
-0.646,-1.172
-0.727,0.103
-0.768,-0.112
-0.707,0.742
-0.753,1.751
-0.736,-0.346
-0.915,0.644
-0.883,0.596
-1.045,-0.856
-0.99,1.69
-1.023,0.587
-1.11,1.518
-1.082,2.554
-1.197,0.202
-1.22,2.036
-1.172,-0.583
-1.253,-0.311
-1.263,-1.102
-1.27,2.603
-1.359,0.83
-1.374,0.521
-1.38,1.207
-1.314,-0.819
-1.405,2.49
-1.465,0.013
-1.393,2.491
-1.484,1.674
-1.522,0.878
-1.481,2.472
-1.564,1.499
-1.608,2.529
-1.635,-0.079
-1.71,-1.051
-1.871,-0.77
-1.937,-0.971
-1.938,1.296
-2.006,0.151
-1.948,0.817
-1.983,1.629
-2.097,0.953
-2.042,0.891
-2.104,0.145
-2.141,2.76
-2.209,1.072
-2.209,-0.708
-2.167,2.193
-2.253,2.609
-2.214,1.137
-2.247,1.793
-2.431,0.691
-2.375,0.914
-2.429,2.14
-2.372,2.067
-2.436,1.732
-2.54,1.651
-2.511,0.224
-2.586,0.326
-2.598,1.612
-2.574,0.39
-2.63,2.449
-2.723,1.264
-2.759,0.247
-2.859,1.981
-2.828,0.085
-2.981,2.23
-3.081,0.601
-3.068,2.062
-3.05,1.803
-3.098,1.55
3.141,2.102
-3.139,0.178
-3.12,1.527
3.133,-0.263
3.118,0.576
3.093,2.417
3.087,-0.125
3.052,1.483
2.975,-0.957
3.04,0.374
3.025,-1.031
2.935,0.04
3.009,-0.864
2.982,-0.092
2.913,1.011
2.925,-0.127
2.825,2.581
2.89,2.1
2.783,0.094
2.833,-0.405
2.809,0.576
2.737,-0.187
2.762,-1.216
2.666,1.071
2.675,-0.383
2.624,0.618
2.591,-0.547
2.546,0.465
2.471,2.129
2.47,0.437
2.494,0.682
2.41,1.22
2.472,0.673
2.311,2.168
2.369,1.867
2.235,1.591
2.284,-0.646
2.307,-0.58
2.247,-0.993
2.144,2.772
2.132,1.644
2.203,2.786
2.02,-0.205
2.083,2.151
1.999,-0.175
1.909,2.547
1.871,-1.053
1.771,0.703
1.831,-0.594
1.727,-0.942
1.542,-1.185
1.387,0.984
1.399,1.899
1.245,1.084
1.194,2.047
1.181,1.701
1.176,1.2
1.145,2.393
1.04,-0.456
0.988,0.475
1.016,0.618
0.866,-1.427
0.653,-1.359
0.683,-1.193
-0.132,-1.255
-0.616,-1.367
-0.727,-1.471
-1.395,-1.368
-1.368,-1.542
-1.47,-1.461
-2.062,-1.342
-2.594,-1.73
2.849,-1.763
2.612,-1.574
2.463,-1.476
2.107,-1.336
1.779,-1.417
1.424,-1.336
0.581,2.936
0.374,3.027
0.029,2.977
-0.333,2.913
-0.43,2.71
-0.374,3.002
-2.278,2.927
-2.953,3.035
-3.05,3.074
2.924,2.856
2.4,2.781
0.997,2.903
-0.609,1.3
-1.2,-0.991
-2.425,0.984
-2.621,1.061
-2.981,0.95
2.947,1.83
2.404,-0.326
-0.578,2.837
0.892,2.689
0.908,2.356
0.932,-0.14
0.796,-0.831
0.402,-0.353
0.496,0.931
0.376,2.636
0.396,2.374
0.496,0.226
0.498,1.098
0.332,1.389
0.377,0.781
0.328,0.804
0.183,2.564
0.287,0.733
0.169,1.609
0.128,0.552
0.135,-0.203
0.254,0.164
0.239,0.984
0.185,2.769
0.033,1.226
-0.011,2.691
0.009,0.975
0.0,1.385
-0.16,0.875
-0.061,2.614
-0.186,2.416
-0.339,1.211
-0.533,1.56
-0.784,-1.058
-0.851,0.626
-0.753,-0.246
-0.837,0.386
-0.912,2.207
-1.099,0.215
-1.089,0.635
-1.143,-1.148
-1.405,0.534
-1.448,2.759
-1.585,-0.502
-1.654,-1.215
-1.755,2.01
-2.207,-0.85
-2.088,2.478
-2.184,2.767
-2.297,0.709
-2.344,0.407
-2.373,1.351
-2.66,0.38
-2.617,2.683
-2.787,1.714
-2.991,-0.102
-3.038,2.088
-3.131,-0.964
3.138,2.455
3.001,1.654
3.128,2.112
3.084,1.227
3.038,0.434
3.06,2.156
2.792,2.675
2.855,2.612
2.853,1.429
2.783,1.094
2.75,0.962
2.647,0.457
2.596,-0.052
2.675,-0.079
2.662,-0.634
2.423,2.259
2.301,-0.832
2.072,-0.262
2.125,-0.704
2.075,2.486
1.896,-1.007
1.864,-0.347
1.945,2.437
1.586,-1.138
1.188,-0.858
1.176,2.071
1.169,0.461
1.025,0.563
1.022,-1.5
0.431,-1.42
0.182,-1.484
0.108,-1.557
-0.295,-1.441
-0.788,-1.379
-2.339,-1.412
2.884,-1.651
2.813,-1.545
2.923,-1.669
2.377,-1.6
2.459,-1.267
2.363,-1.307
2.15,-1.576
1.58,-1.447
1.304,-1.713
0.665,2.974
0.667,3.043
0.441,3.023
-0.767,3.041
-1.62,3.021
-2.074,3.037
-2.325,3.027
-2.881,2.849
-2.911,2.912
-3.012,2.993
2.202,3.027
2.01,2.96
0.023,2.294
-0.285,0.373
-0.554,0.392
-1.201,0.364
-2.765,1.739
-2.888,0.503
-3.077,-0.221
2.83,0.536
2.871,0.682
2.785,0.426
1.294,-1.179
0.438,1.721
0.068,-0.757
-1.534,0.285
-2.963,1.158
3.133,2.293
2.633,-0.532
2.338,1.152
-0.273,1.45
-0.549,0.084
2.841,1.52
2.638,-0.862
2.54,1.563
1.898,-0.003
-0.119,-1.104
2.976,2.519
3.049,-0.959
-1.624,-1.711
-0.086,0.728
-0.04,-1.26
-0.126,-1.468
-0.141,-1.57
-0.086,-0.211
-0.121,0.5
-0.143,-0.264
-0.204,-0.148
-0.236,0.485
-0.185,1.25
-0.254,1.02
-0.334,-0.092
-0.272,0.598
-0.383,-0.617
-0.406,1.269
-0.359,-0.829
-0.402,0.119
-0.389,-1.682
-0.487,-0.752
-0.54,-1.2
-0.545,0.659
-0.58,1.1
-0.572,0.497
-0.611,-1.353
-0.682,-0.454
-0.69,0.741
-0.649,-1.933
-0.73,-0.658
-0.771,-0.873
-0.71,-0.019
-0.756,0.99
-0.739,-1.107
-0.918,-0.117
-0.886,-0.165
-1.048,-1.617
-0.993,0.929
-1.026,-0.174
-1.113,0.757
-1.085,1.793
-1.2,-0.559
-1.223,1.275
-1.175,-1.344
-1.256,-1.072
-1.266,-1.863
-1.273,1.842
-1.362,0.069
-1.377,-0.24
-1.383,0.446
-1.317,-1.58
-1.408,1.729
-1.468,-0.748
-1.396,1.73
-1.487,0.913
-1.525,0.117
-1.484,1.711
-1.567,0.738
-1.611,1.768
-1.638,-0.84
-1.713,-1.812
-1.874,-1.531
-1.94,-1.732
-1.941,0.535
-2.009,-0.61
-1.951,0.056
-1.986,0.868
-2.1,0.192
-2.045,0.13
-2.107,-0.616
-2.144,1.999
-2.212,0.311
-2.212,-1.469
-2.17,1.432
-2.256,1.848
-2.217,0.376
-2.25,1.032
-2.434,-0.07
-2.378,0.153
-2.432,1.379
-2.375,1.306
-2.439,0.971
-2.543,0.89
-2.514,-0.537
-2.589,-0.435
-2.601,0.851
-2.577,-0.371
-2.633,1.688
-2.726,0.503
-2.762,-0.514
-2.862,1.22
-2.831,-0.676
-2.984,1.469
-3.084,-0.16
-3.071,1.301
-3.053,1.042
-3.101,0.789
3.138,1.341
3.141,-0.583
-3.123,0.766
3.13,-1.024
3.115,-0.185
3.09,1.656
3.084,-0.886
3.049,0.722
2.972,-1.718
3.037,-0.387
3.022,-1.792
2.932,-0.721
3.006,-1.625
2.979,-0.853
2.91,0.25
2.922,-0.888
2.822,1.82
2.887,1.339
2.78,-0.667
2.83,-1.166
2.806,-0.185
2.734,-0.948
2.759,-1.977
2.663,0.31
2.672,-1.144
2.621,-0.143
2.588,-1.308
2.543,-0.296
2.468,1.368
2.467,-0.324
2.491,-0.079
2.407,0.459
2.469,-0.088
2.308,1.407
2.366,1.106
2.232,0.83
2.281,-1.407
2.304,-1.341
2.244,-1.754
2.141,2.011
2.129,0.883
2.2,2.025
2.017,-0.966
2.08,1.39
1.996,-0.936
1.906,1.786
1.868,-1.814
1.768,-0.058
1.828,-1.355
1.724,-1.703
1.539,-1.946
1.384,0.223
1.396,1.138
1.242,0.323
1.191,1.286
1.178,0.94
1.173,0.439
1.142,1.632
1.037,-1.217
0.985,-0.286
1.013,-0.143
0.863,-2.188
0.65,-2.12
0.68,-1.954
-0.135,-2.016
-0.619,-2.128
-0.73,-2.232
-1.398,-2.129
-1.371,-2.303
-1.473,-2.222
-2.065,-2.103
-2.597,-2.491
2.846,-2.524
2.609,-2.335
2.46,-2.237
2.104,-2.097
1.776,-2.178
1.421,-2.097
0.578,2.175
0.371,2.266
0.026,2.216
-0.336,2.152
-0.433,1.949
-0.377,2.241
-2.281,2.166
-2.956,2.274
-3.053,2.313
2.921,2.095
2.397,2.02
0.994,2.142
-0.612,0.539
-1.203,-1.752
-2.428,0.223
-2.624,0.3
-2.984,0.189
2.944,1.069
2.401,-1.087
-0.581,2.076
0.889,1.928
0.905,1.595
0.929,-0.901
0.793,-1.592
0.399,-1.114
0.493,0.17
0.373,1.875
0.393,1.613
0.493,-0.535
0.495,0.337
0.329,0.628
0.374,0.02
0.325,0.043
0.18,1.803
0.284,-0.028
0.166,0.848
0.125,-0.209
0.132,-0.964
0.251,-0.597
0.236,0.223
0.182,2.008
0.03,0.465
-0.014,1.93
0.006,0.214
-0.003,0.624
-0.163,0.114
-0.064,1.853
-0.189,1.655
-0.342,0.45
-0.536,0.799
-0.787,-1.819
-0.854,-0.135
-0.756,-1.007
-0.84,-0.375
-0.915,1.446
-1.102,-0.546
-1.092,-0.126
-1.146,-1.909
-1.408,-0.227
-1.451,1.998
-1.588,-1.263
-1.657,-1.976
-1.758,1.249
-2.21,-1.611
-2.091,1.717
-2.187,2.006
-2.3,-0.052
-2.347,-0.354
-2.376,0.59
-2.663,-0.381
-2.62,1.922
-2.79,0.953
-2.994,-0.863
-3.041,1.327
-3.134,-1.725
3.135,1.694
2.998,0.893
3.125,1.351
3.081,0.466
3.035,-0.327
3.057,1.395
2.789,1.914
2.852,1.851
2.85,0.668
2.78,0.333
2.747,0.201
2.644,-0.304
2.593,-0.813
2.672,-0.84
2.659,-1.395
2.42,1.498
2.298,-1.593
2.069,-1.023
2.122,-1.465
2.072,1.725
1.893,-1.768
1.861,-1.108
1.942,1.676
1.583,-1.899
1.185,-1.619
1.173,1.31
1.166,-0.3
1.022,-0.198
1.019,-2.261
0.428,-2.181
0.179,-2.245
0.105,-2.318
-0.298,-2.202
-0.791,-2.14
-2.342,-2.173
2.881,-2.412
2.81,-2.306
2.92,-2.43
2.374,-2.361
2.456,-2.028
2.36,-2.068
2.147,-2.337
1.577,-2.208
1.301,-2.474
0.662,2.213
0.664,2.282
0.438,2.262
-0.77,2.28
-1.623,2.26
-2.077,2.276
-2.328,2.266
-2.884,2.088
-2.914,2.151
-3.015,2.232
2.199,2.266
2.007,2.199
0.02,1.533
-0.288,-0.388
-0.557,-0.369
-1.204,-0.397
-2.768,0.978
-2.891,-0.258
-3.08,-0.982
2.827,-0.225
2.868,-0.079
2.782,-0.335
1.291,-1.94
0.435,0.96
0.065,-1.518
-1.537,-0.476
-2.966,0.397
3.13,1.532
2.63,-1.293
2.335,0.391
-0.276,0.689
-0.552,-0.677
2.838,0.759
2.635,-1.623
2.537,0.802
1.895,-0.764
-0.122,-1.865
2.973,1.758
3.046,-1.72
-1.627,-2.472
0.046,-1.988
-0.04,-2.196
-0.055,-2.298
0.0,-0.939
-0.035,-0.228
-0.057,-0.992
-0.118,-0.876
-0.15,-0.243
-0.099,0.522
-0.168,0.292
-0.248,-0.82
-0.186,-0.13
-0.297,-1.345
-0.32,0.541
-0.273,-1.557
-0.316,-0.609
-0.303,-2.41
-0.401,-1.48
-0.454,-1.928
-0.459,-0.069
-0.494,0.372
-0.486,-0.231
-0.525,-2.081
-0.596,-1.182
-0.604,0.013
-0.563,-2.661
-0.644,-1.386
-0.685,-1.601
-0.624,-0.747
-0.67,0.262
-0.653,-1.835
-0.832,-0.845
-0.8,-0.893
-0.962,-2.345
-0.907,0.201
-0.94,-0.902
-1.027,0.029
-0.999,1.065
-1.114,-1.287
-1.137,0.547
-1.089,-2.072
-1.17,-1.8
-1.18,-2.591
-1.187,1.114
-1.276,-0.659
-1.291,-0.968
-1.297,-0.282
-1.231,-2.308
-1.322,1.001
-1.382,-1.476
-1.31,1.002
-1.401,0.185
-1.439,-0.611
-1.398,0.983
-1.481,0.01
-1.525,1.04
-1.552,-1.568
-1.627,-2.54
-1.788,-2.259
-1.854,-2.46
-1.855,-0.193
-1.923,-1.338
-1.865,-0.672
-1.9,0.14
-2.014,-0.536
-1.959,-0.598
-2.021,-1.344
-2.058,1.271
-2.126,-0.417
-2.126,-2.197
-2.084,0.704
-2.17,1.12
-2.131,-0.352
-2.164,0.304
-2.348,-0.798
-2.292,-0.575
-2.346,0.651
-2.289,0.578
-2.353,0.243
-2.457,0.162
-2.428,-1.265
-2.503,-1.163
-2.515,0.123
-2.491,-1.099
-2.547,0.96
-2.64,-0.225
-2.676,-1.242
-2.776,0.492
-2.745,-1.404
-2.898,0.741
-2.998,-0.888
-2.985,0.573
-2.967,0.314
-3.015,0.061
-3.059,0.613
-3.056,-1.311
-3.037,0.038
-3.067,-1.752
-3.082,-0.913
-3.107,0.928
-3.113,-1.614
3.135,-0.006
3.058,-2.446
3.123,-1.115
3.108,-2.52
3.018,-1.449
3.092,-2.353
3.065,-1.581
2.996,-0.478
3.008,-1.616
2.908,1.092
2.973,0.611
2.866,-1.395
2.916,-1.894
2.892,-0.913
2.82,-1.676
2.845,-2.705
2.749,-0.418
2.758,-1.872
2.707,-0.871
2.674,-2.036
2.629,-1.024
2.554,0.64
2.553,-1.052
2.577,-0.807
2.493,-0.269
2.555,-0.816
2.394,0.679
2.452,0.378
2.318,0.102
2.367,-2.135
2.39,-2.069
2.33,-2.482
2.227,1.283
2.215,0.155
2.286,1.297
2.103,-1.694
2.166,0.662
2.082,-1.664
1.992,1.058
1.954,-2.542
1.854,-0.786
1.914,-2.083
1.81,-2.431
1.625,-2.674
1.47,-0.505
1.482,0.41
1.328,-0.405
1.277,0.558
1.264,0.212
1.259,-0.289
1.228,0.904
1.123,-1.945
1.071,-1.014
1.099,-0.871
0.949,-2.916
0.736,-2.848
0.766,-2.682
-0.049,-2.744
-0.533,-2.856
-0.644,-2.96
-1.312,-2.857
-1.285,-3.031
-1.387,-2.95
-1.979,-2.831
-2.511,-3.219
2.932,-3.252
2.695,-3.063
2.546,-2.965
2.19,-2.825
1.862,-2.906
1.507,-2.825
0.664,1.447
0.457,1.538
0.112,1.488
-0.25,1.424
-0.347,1.221
-0.291,1.513
-2.195,1.438
-2.87,1.546
-2.967,1.585
3.007,1.367
2.483,1.292
1.08,1.414
-0.526,-0.189
-1.117,-2.48
-2.342,-0.505
-2.538,-0.428
-2.898,-0.539
3.03,0.341
2.487,-1.815
-0.495,1.348
0.975,1.2
0.991,0.867
1.015,-1.629
0.879,-2.32
0.485,-1.842
0.579,-0.558
0.459,1.147
0.479,0.885
0.579,-1.263
0.581,-0.391
0.415,-0.1
0.46,-0.708
0.411,-0.685
0.266,1.075
0.37,-0.756
0.252,0.12
0.211,-0.937
0.218,-1.692
0.337,-1.325
0.322,-0.505
0.268,1.28
0.116,-0.263
0.072,1.202
0.092,-0.514
0.083,-0.104
-0.077,-0.614
0.022,1.125
-0.103,0.927
-0.256,-0.278
-0.45,0.071
-0.701,-2.547
-0.768,-0.863
-0.67,-1.735
-0.754,-1.103
-0.829,0.718
-1.016,-1.274
-1.006,-0.854
-1.06,-2.637
-1.322,-0.955
-1.365,1.27
-1.502,-1.991
-1.571,-2.704
-1.672,0.521
-2.124,-2.339
-2.005,0.989
-2.101,1.278
-2.214,-0.78
-2.261,-1.082
-2.29,-0.138
-2.577,-1.109
-2.534,1.194
-2.704,0.225
-2.908,-1.591
-2.955,0.599
-3.048,-2.453
-3.062,0.966
3.084,0.165
-3.072,0.623
-3.116,-0.262
3.121,-1.055
-3.14,0.667
2.875,1.186
2.938,1.123
2.936,-0.06
2.866,-0.395
2.833,-0.527
2.73,-1.032
2.679,-1.541
2.758,-1.568
2.745,-2.123
2.506,0.77
2.384,-2.321
2.155,-1.751
2.208,-2.193
2.158,0.997
1.979,-2.496
1.947,-1.836
2.028,0.948
1.669,-2.627
1.271,-2.347
1.259,0.582
1.252,-1.028
1.108,-0.926
1.105,-2.989
0.514,-2.909
0.265,-2.973
0.191,-3.046
-0.212,-2.93
-0.705,-2.868
-2.256,-2.901
2.967,-3.14
2.896,-3.034
3.006,-3.158
2.46,-3.089
2.542,-2.756
2.446,-2.796
2.233,-3.065
1.663,-2.936
1.387,-3.202
0.748,1.485
0.75,1.554
0.524,1.534
-0.684,1.552
-1.537,1.532
-1.991,1.548
-2.242,1.538
-2.798,1.36
-2.828,1.423
-2.929,1.504
2.285,1.538
2.093,1.471
0.106,0.805
-0.202,-1.116
-0.471,-1.097
-1.118,-1.125
-2.682,0.25
-2.805,-0.986
-2.994,-1.71
2.913,-0.953
2.954,-0.807
2.868,-1.063
1.377,-2.668
0.521,0.232
0.151,-2.246
-1.451,-1.204
-2.88,-0.331
-3.067,0.804
2.716,-2.021
2.421,-0.337
-0.19,-0.039
-0.466,-1.405
2.924,0.031
2.721,-2.351
2.623,0.074
1.981,-1.492
-0.036,-2.593
3.059,1.03
3.132,-2.448
-1.541,-3.2
-0.086,-0.208
-0.101,-0.31
-0.046,1.049
-0.081,1.76
-0.103,0.996
-0.164,1.112
-0.196,1.745
-0.145,2.51
-0.214,2.28
-0.294,1.168
-0.232,1.858
-0.343,0.643
-0.366,2.529
-0.319,0.431
-0.362,1.379
-0.349,-0.422
-0.447,0.508
-0.5,0.06
-0.505,1.919
-0.54,2.36
-0.532,1.757
-0.571,-0.093
-0.642,0.806
-0.65,2.001
-0.609,-0.673
-0.69,0.602
-0.731,0.387
-0.67,1.241
-0.716,2.25
-0.699,0.153
-0.878,1.143
-0.846,1.095
-1.008,-0.357
-0.953,2.189
-0.986,1.086
-1.073,2.017
-1.045,3.053
-1.16,0.701
-1.183,2.535
-1.135,-0.084
-1.216,0.188
-1.226,-0.603
-1.233,3.102
-1.322,1.329
-1.337,1.02
-1.343,1.706
-1.277,-0.32
-1.368,2.989
-1.428,0.512
-1.356,2.99
-1.447,2.173
-1.485,1.377
-1.444,2.971
-1.527,1.998
-1.571,3.028
-1.598,0.42
-1.673,-0.552
-1.834,-0.271
-1.9,-0.472
-1.901,1.795
-1.969,0.65
-1.911,1.316
-1.946,2.128
-2.06,1.452
-2.005,1.39
-2.067,0.644
-2.104,3.259
-2.172,1.571
-2.172,-0.209
-2.13,2.692
-2.216,3.108
-2.177,1.636
-2.21,2.292
-2.394,1.19
-2.338,1.413
-2.392,2.639
-2.335,2.566
-2.399,2.231
-2.503,2.15
-2.474,0.723
-2.549,0.825
-2.561,2.111
-2.537,0.889
-2.593,2.948
-2.686,1.763
-2.722,0.746
-2.822,2.48
-2.791,0.584
-2.944,2.729
-3.044,1.1
-3.031,2.561
-3.013,2.302
-3.061,2.049
-3.105,2.601
-3.102,0.677
-3.083,2.026
-3.113,0.236
-3.128,1.075
3.13,2.916
3.124,0.374
3.089,1.982
3.012,-0.458
3.077,0.873
3.062,-0.532
2.972,0.539
3.046,-0.365
3.019,0.407
2.95,1.51
2.962,0.372
2.862,3.08
2.927,2.599
2.82,0.593
2.87,0.094
2.846,1.075
2.774,0.312
2.799,-0.717
2.703,1.57
2.712,0.116
2.661,1.117
2.628,-0.048
2.583,0.964
2.508,2.628
2.507,0.936
2.531,1.181
2.447,1.719
2.509,1.172
2.348,2.667
2.406,2.366
2.272,2.09
2.321,-0.147
2.344,-0.081
2.284,-0.494
2.181,3.271
2.169,2.143
2.24,3.285
2.057,0.294
2.12,2.65
2.036,0.324
1.946,3.046
1.908,-0.554
1.808,1.202
1.868,-0.095
1.764,-0.443
1.579,-0.686
1.424,1.483
1.436,2.398
1.282,1.583
1.231,2.546
1.218,2.2
1.213,1.699
1.182,2.892
1.077,0.043
1.025,0.974
1.053,1.117
0.903,-0.928
0.69,-0.86
0.72,-0.694
-0.095,-0.756
-0.579,-0.868
-0.69,-0.972
-1.358,-0.869
-1.331,-1.043
-1.433,-0.962
-2.025,-0.843
-2.557,-1.231
2.886,-1.264
2.649,-1.075
2.5,-0.977
2.144,-0.837
1.816,-0.918
1.461,-0.837
0.618,3.435
0.411,3.526
0.066,3.476
-0.296,3.412
-0.393,3.209
-0.337,3.501
-2.241,3.426
-2.916,3.534
-3.013,3.573
2.961,3.355
2.437,3.28
1.034,3.402
-0.572,1.799
-1.163,-0.492
-2.388,1.483
-2.584,1.56
-2.944,1.449
2.984,2.329
2.441,0.173
-0.541,3.336
0.929,3.188
0.945,2.855
0.969,0.359
0.833,-0.332
0.439,0.146
0.533,1.43
0.413,3.135
0.433,2.873
0.533,0.725
0.535,1.597
0.369,1.888
0.414,1.28
0.365,1.303
0.22,3.063
0.324,1.232
0.206,2.108
0.165,1.051
0.172,0.296
0.291,0.663
0.276,1.483
0.222,3.268
0.07,1.725
0.026,3.19
0.046,1.474
0.037,1.884
-0.123,1.374
-0.024,3.113
-0.149,2.915
-0.302,1.71
-0.496,2.059
-0.747,-0.559
-0.814,1.125
-0.716,0.253
-0.8,0.885
-0.875,2.706
-1.062,0.714
-1.052,1.134
-1.106,-0.649
-1.368,1.033
-1.411,3.258
-1.548,-0.003
-1.617,-0.716
-1.718,2.509
-2.17,-0.351
-2.051,2.977
-2.147,3.266
-2.26,1.208
-2.307,0.906
-2.336,1.85
-2.623,0.879
-2.58,3.182
-2.75,2.213
-2.954,0.397
-3.001,2.587
-3.094,-0.465
-3.108,2.954
3.038,2.153
-3.118,2.611
3.121,1.726
3.075,0.933
3.097,2.655
2.829,3.174
2.892,3.111
2.89,1.928
2.82,1.593
2.787,1.461
2.684,0.956
2.633,0.447
2.712,0.42
2.699,-0.135
2.46,2.758
2.338,-0.333
2.109,0.237
2.162,-0.205
2.112,2.985
1.933,-0.508
1.901,0.152
1.982,2.936
1.623,-0.639
1.225,-0.359
1.213,2.57
1.206,0.96
1.062,1.062
1.059,-1.001
0.468,-0.921
0.219,-0.985
0.145,-1.058
-0.258,-0.942
-0.751,-0.88
-2.302,-0.913
2.921,-1.152
2.85,-1.046
2.96,-1.17
2.414,-1.101
2.496,-0.768
2.4,-0.808
2.187,-1.077
1.617,-0.948
1.341,-1.214
0.702,3.473
0.704,3.542
0.478,3.522
-0.73,3.54
-1.583,3.52
-2.037,3.536
-2.288,3.526
-2.844,3.348
-2.874,3.411
-2.975,3.492
2.239,3.526
2.047,3.459
0.06,2.793
-0.248,0.872
-0.517,0.891
-1.164,0.863
-2.728,2.238
-2.851,1.002
-3.04,0.278
2.867,1.035
2.908,1.181
2.822,0.925
1.331,-0.68
0.475,2.22
0.105,-0.258
-1.497,0.784
-2.926,1.657
-3.113,2.792
2.67,-0.033
2.375,1.651
-0.236,1.949
-0.512,0.583
2.878,2.019
2.675,-0.363
2.577,2.062
1.935,0.496
-0.082,-0.605
3.013,3.018
3.086,-0.46
-1.587,-1.212
-0.015,-0.102
0.04,1.257
0.005,1.968
-0.017,1.204
-0.078,1.32
-0.11,1.953
-0.059,2.718
-0.128,2.488
-0.208,1.376
-0.146,2.066
-0.257,0.851
-0.28,2.737
-0.233,0.639
-0.276,1.587
-0.263,-0.214
-0.361,0.716
-0.414,0.268
-0.419,2.127
-0.454,2.568
-0.446,1.965
-0.485,0.115
-0.556,1.014
-0.564,2.209
-0.523,-0.465
-0.604,0.81
-0.645,0.595
-0.584,1.449
-0.63,2.458
-0.613,0.361
-0.792,1.351
-0.76,1.303
-0.922,-0.149
-0.867,2.397
-0.9,1.294
-0.987,2.225
-0.959,3.261
-1.074,0.909
-1.097,2.743
-1.049,0.124
-1.13,0.396
-1.14,-0.395
-1.147,3.31
-1.236,1.537
-1.251,1.228
-1.257,1.914
-1.191,-0.112
-1.282,3.197
-1.342,0.72
-1.27,3.198
-1.361,2.381
-1.399,1.585
-1.358,3.179
-1.441,2.206
-1.485,3.236
-1.512,0.628
-1.587,-0.344
-1.748,-0.063
-1.814,-0.264
-1.815,2.003
-1.883,0.858
-1.825,1.524
-1.86,2.336
-1.974,1.66
-1.919,1.598
-1.981,0.852
-2.018,3.467
-2.086,1.779
-2.086,-0.001
-2.044,2.9
-2.13,3.316
-2.091,1.844
-2.124,2.5
-2.308,1.398
-2.252,1.621
-2.306,2.847
-2.249,2.774
-2.313,2.439
-2.417,2.358
-2.388,0.931
-2.463,1.033
-2.475,2.319
-2.451,1.097
-2.507,3.156
-2.6,1.971
-2.636,0.954
-2.736,2.688
-2.705,0.792
-2.858,2.937
-2.958,1.308
-2.945,2.769
-2.927,2.51
-2.975,2.257
-3.019,2.809
-3.016,0.885
-2.997,2.234
-3.027,0.444
-3.042,1.283
-3.067,3.124
-3.073,0.582
-3.108,2.19
3.098,-0.25
-3.12,1.081
-3.135,-0.324
3.058,0.747
3.132,-0.157
3.105,0.615
3.036,1.718
3.048,0.58
2.948,3.288
3.013,2.807
2.906,0.801
2.956,0.302
2.932,1.283
2.86,0.52
2.885,-0.509
2.789,1.778
2.798,0.324
2.747,1.325
2.714,0.16
2.669,1.172
2.594,2.836
2.593,1.144
2.617,1.389
2.533,1.927
2.595,1.38
2.434,2.875
2.492,2.574
2.358,2.298
2.407,0.061
2.43,0.127
2.37,-0.286
2.267,3.479
2.255,2.351
2.326,3.493
2.143,0.502
2.206,2.858
2.122,0.532
2.032,3.254
1.994,-0.346
1.894,1.41
1.954,0.113
1.85,-0.235
1.665,-0.478
1.51,1.691
1.522,2.606
1.368,1.791
1.317,2.754
1.304,2.408
1.299,1.907
1.268,3.1
1.163,0.251
1.111,1.182
1.139,1.325
0.989,-0.72
0.776,-0.652
0.806,-0.486
-0.009,-0.548
-0.493,-0.66
-0.604,-0.764
-1.272,-0.661
-1.245,-0.835
-1.347,-0.754
-1.939,-0.635
-2.471,-1.023
2.972,-1.056
2.735,-0.867
2.586,-0.769
2.23,-0.629
1.902,-0.71
1.547,-0.629
0.704,3.643
0.497,3.734
0.152,3.684
-0.21,3.62
-0.307,3.417
-0.251,3.709
-2.155,3.634
-2.83,3.742
-2.927,3.781
3.047,3.563
2.523,3.488
1.12,3.61
-0.486,2.007
-1.077,-0.284
-2.302,1.691
-2.498,1.768
-2.858,1.657
3.07,2.537
2.527,0.381
-0.455,3.544
1.015,3.396
1.031,3.063
1.055,0.567
0.919,-0.124
0.525,0.354
0.619,1.638
0.499,3.343
0.519,3.081
0.619,0.933
0.621,1.805
0.455,2.096
0.5,1.488
0.451,1.511
0.306,3.271
0.41,1.44
0.292,2.316
0.251,1.259
0.258,0.504
0.377,0.871
0.362,1.691
0.308,3.476
0.156,1.933
0.112,3.398
0.132,1.682
0.123,2.092
-0.037,1.582
0.062,3.321
-0.063,3.123
-0.216,1.918
-0.41,2.267
-0.661,-0.351
-0.728,1.333
-0.63,0.461
-0.714,1.093
-0.789,2.914
-0.976,0.922
-0.966,1.342
-1.02,-0.441
-1.282,1.241
-1.325,3.466
-1.462,0.205
-1.531,-0.508
-1.632,2.717
-2.084,-0.143
-1.965,3.185
-2.061,3.474
-2.174,1.416
-2.221,1.114
-2.25,2.058
-2.537,1.087
-2.494,3.39
-2.664,2.421
-2.868,0.605
-2.915,2.795
-3.008,-0.257
-3.022,3.162
3.124,2.361
-3.032,2.819
-3.076,1.934
-3.122,1.141
-3.1,2.863
2.915,3.382
2.978,3.319
2.976,2.136
2.906,1.801
2.873,1.669
2.77,1.164
2.719,0.655
2.798,0.628
2.785,0.073
2.546,2.966
2.424,-0.125
2.195,0.445
2.248,0.003
2.198,3.193
2.019,-0.3
1.987,0.36
2.068,3.144
1.709,-0.431
1.311,-0.151
1.299,2.778
1.292,1.168
1.148,1.27
1.145,-0.793
0.554,-0.713
0.305,-0.777
0.231,-0.85
-0.172,-0.734
-0.665,-0.672
-2.216,-0.705
3.007,-0.944
2.936,-0.838
3.046,-0.962
2.5,-0.893
2.582,-0.56
2.486,-0.6
2.273,-0.869
1.703,-0.74
1.427,-1.006
0.788,3.681
0.79,3.75
0.564,3.73
-0.644,3.748
-1.497,3.728
-1.951,3.744
-2.202,3.734
-2.758,3.556
-2.788,3.619
-2.889,3.7
2.325,3.734
2.133,3.667
0.146,3.001
-0.162,1.08
-0.431,1.099
-1.078,1.071
-2.642,2.446
-2.765,1.21
-2.954,0.486
2.953,1.243
2.994,1.389
2.908,1.133
1.417,-0.472
0.561,2.428
0.191,-0.05
-1.411,0.992
-2.84,1.865
-3.027,3.0
2.756,0.175
2.461,1.859
-0.15,2.157
-0.426,0.791
2.964,2.227
2.761,-0.155
2.663,2.27
2.021,0.704
0.004,-0.397
3.099,3.226
-3.111,-0.252
-1.501,-1.004
0.055,1.359
0.02,2.07
-0.002,1.306
-0.063,1.422
-0.095,2.055
-0.044,2.82
-0.113,2.59
-0.193,1.478
-0.131,2.168
-0.242,0.953
-0.265,2.839
-0.218,0.741
-0.261,1.689
-0.248,-0.112
-0.346,0.818
-0.399,0.37
-0.404,2.229
-0.439,2.67
-0.431,2.067
-0.47,0.217
-0.541,1.116
-0.549,2.311
-0.508,-0.363
-0.589,0.912
-0.63,0.697
-0.569,1.551
-0.615,2.56
-0.598,0.463
-0.777,1.453
-0.745,1.405
-0.907,-0.047
-0.852,2.499
-0.885,1.396
-0.972,2.327
-0.944,3.363
-1.059,1.011
-1.082,2.845
-1.034,0.226
-1.115,0.498
-1.125,-0.293
-1.132,3.412
-1.221,1.639
-1.236,1.33
-1.242,2.016
-1.176,-0.01
-1.267,3.299
-1.327,0.822
-1.255,3.3
-1.346,2.483
-1.384,1.687
-1.343,3.281
-1.426,2.308
-1.47,3.338
-1.497,0.73
-1.572,-0.242
-1.733,0.039
-1.799,-0.162
-1.8,2.105
-1.868,0.96
-1.81,1.626
-1.845,2.438
-1.959,1.762
-1.904,1.7
-1.966,0.954
-2.003,3.569
-2.071,1.881
-2.071,0.101
-2.029,3.002
-2.115,3.418
-2.076,1.946
-2.109,2.602
-2.293,1.5
-2.237,1.723
-2.291,2.949
-2.234,2.876
-2.298,2.541
-2.402,2.46
-2.373,1.033
-2.448,1.135
-2.46,2.421
-2.436,1.199
-2.492,3.258
-2.585,2.073
-2.621,1.056
-2.721,2.79
-2.69,0.894
-2.843,3.039
-2.943,1.41
-2.93,2.871
-2.912,2.612
-2.96,2.359
-3.004,2.911
-3.001,0.987
-2.982,2.336
-3.012,0.546
-3.027,1.385
-3.052,3.226
-3.058,0.684
-3.093,2.292
3.113,-0.148
-3.105,1.183
-3.12,-0.222
3.073,0.849
-3.136,-0.055
3.12,0.717
3.051,1.82
3.063,0.682
2.963,3.39
3.028,2.909
2.921,0.903
2.971,0.404
2.947,1.385
2.875,0.622
2.9,-0.407
2.804,1.88
2.813,0.426
2.762,1.427
2.729,0.262
2.684,1.274
2.609,2.938
2.608,1.246
2.632,1.491
2.548,2.029
2.61,1.482
2.449,2.977
2.507,2.676
2.373,2.4
2.422,0.163
2.445,0.229
2.385,-0.184
2.282,3.581
2.27,2.453
2.341,3.595
2.158,0.604
2.221,2.96
2.137,0.634
2.047,3.356
2.009,-0.244
1.909,1.512
1.969,0.215
1.865,-0.133
1.68,-0.376
1.525,1.793
1.537,2.708
1.383,1.893
1.332,2.856
1.319,2.51
1.314,2.009
1.283,3.202
1.178,0.353
1.126,1.284
1.154,1.427
1.004,-0.618
0.791,-0.55
0.821,-0.384
0.006,-0.446
-0.478,-0.558
-0.589,-0.662
-1.257,-0.559
-1.23,-0.733
-1.332,-0.652
-1.924,-0.533
-2.456,-0.921
2.987,-0.954
2.75,-0.765
2.601,-0.667
2.245,-0.527
1.917,-0.608
1.562,-0.527
0.719,3.745
0.512,3.836
0.167,3.786
-0.195,3.722
-0.292,3.519
-0.236,3.811
-2.14,3.736
-2.815,3.844
-2.912,3.883
3.062,3.665
2.538,3.59
1.135,3.712
-0.471,2.109
-1.062,-0.182
-2.287,1.793
-2.483,1.87
-2.843,1.759
3.085,2.639
2.542,0.483
-0.44,3.646
1.03,3.498
1.046,3.165
1.07,0.669
0.934,-0.022
0.54,0.456
0.634,1.74
0.514,3.445
0.534,3.183
0.634,1.035
0.636,1.907
0.47,2.198
0.515,1.59
0.466,1.613
0.321,3.373
0.425,1.542
0.307,2.418
0.266,1.361
0.273,0.606
0.392,0.973
0.377,1.793
0.323,3.578
0.171,2.035
0.127,3.5
0.147,1.784
0.138,2.194
-0.022,1.684
0.077,3.423
-0.048,3.225
-0.201,2.02
-0.395,2.369
-0.646,-0.249
-0.713,1.435
-0.615,0.563
-0.699,1.195
-0.774,3.016
-0.961,1.024
-0.951,1.444
-1.005,-0.339
-1.267,1.343
-1.31,3.568
-1.447,0.307
-1.516,-0.406
-1.617,2.819
-2.069,-0.041
-1.95,3.287
-2.046,3.576
-2.159,1.518
-2.206,1.216
-2.235,2.16
-2.522,1.189
-2.479,3.492
-2.649,2.523
-2.853,0.707
-2.9,2.897
-2.993,-0.155
-3.007,3.264
3.139,2.463
-3.017,2.921
-3.061,2.036
-3.107,1.243
-3.085,2.965
2.93,3.484
2.993,3.421
2.991,2.238
2.921,1.903
2.888,1.771
2.785,1.266
2.734,0.757
2.813,0.73
2.8,0.175
2.561,3.068
2.439,-0.023
2.21,0.547
2.263,0.105
2.213,3.295
2.034,-0.198
2.002,0.462
2.083,3.246
1.724,-0.329
1.326,-0.049
1.314,2.88
1.307,1.27
1.163,1.372
1.16,-0.691
0.569,-0.611
0.32,-0.675
0.246,-0.748
-0.157,-0.632
-0.65,-0.57
-2.201,-0.603
3.022,-0.842
2.951,-0.736
3.061,-0.86
2.515,-0.791
2.597,-0.458
2.501,-0.498
2.288,-0.767
1.718,-0.638
1.442,-0.904
0.803,3.783
0.805,3.852
0.579,3.832
-0.629,3.85
-1.482,3.83
-1.936,3.846
-2.187,3.836
-2.743,3.658
-2.773,3.721
-2.874,3.802
2.34,3.836
2.148,3.769
0.161,3.103
-0.147,1.182
-0.416,1.201
-1.063,1.173
-2.627,2.548
-2.75,1.312
-2.939,0.588
2.968,1.345
3.009,1.491
2.923,1.235
1.432,-0.37
0.576,2.53
0.206,0.052
-1.396,1.094
-2.825,1.967
-3.012,3.102
2.771,0.277
2.476,1.961
-0.135,2.259
-0.411,0.893
2.979,2.329
2.776,-0.053
2.678,2.372
2.036,0.806
0.019,-0.295
3.114,3.328
-3.096,-0.15
-1.486,-0.902
-0.035,0.711
-0.057,-0.053
-0.118,0.063
-0.15,0.696
-0.099,1.461
-0.168,1.231
-0.248,0.119
-0.186,0.809
-0.297,-0.406
-0.32,1.48
-0.273,-0.618
-0.316,0.33
-0.303,-1.471
-0.401,-0.541
-0.454,-0.989
-0.459,0.87
-0.494,1.311
-0.486,0.708
-0.525,-1.142
-0.596,-0.243
-0.604,0.952
-0.563,-1.722
-0.644,-0.447
-0.685,-0.662
-0.624,0.192
-0.67,1.201
-0.653,-0.896
-0.832,0.094
-0.8,0.046
-0.962,-1.406
-0.907,1.14
-0.94,0.037
-1.027,0.968
-0.999,2.004
-1.114,-0.348
-1.137,1.486
-1.089,-1.133
-1.17,-0.861
-1.18,-1.652
-1.187,2.053
-1.276,0.28
-1.291,-0.029
-1.297,0.657
-1.231,-1.369
-1.322,1.94
-1.382,-0.537
-1.31,1.941
-1.401,1.124
-1.439,0.328
-1.398,1.922
-1.481,0.949
-1.525,1.979
-1.552,-0.629
-1.627,-1.601
-1.788,-1.32
-1.854,-1.521
-1.855,0.746
-1.923,-0.399
-1.865,0.267
-1.9,1.079
-2.014,0.403
-1.959,0.341
-2.021,-0.405
-2.058,2.21
-2.126,0.522
-2.126,-1.258
-2.084,1.643
-2.17,2.059
-2.131,0.587
-2.164,1.243
-2.348,0.141
-2.292,0.364
-2.346,1.59
-2.289,1.517
-2.353,1.182
-2.457,1.101
-2.428,-0.326
-2.503,-0.224
-2.515,1.062
-2.491,-0.16
-2.547,1.899
-2.64,0.714
-2.676,-0.303
-2.776,1.431
-2.745,-0.465
-2.898,1.68
-2.998,0.051
-2.985,1.512
-2.967,1.253
-3.015,1.0
-3.059,1.552
-3.056,-0.372
-3.037,0.977
-3.067,-0.813
-3.082,0.026
-3.107,1.867
-3.113,-0.675
3.135,0.933
3.058,-1.507
3.123,-0.176
3.108,-1.581
3.018,-0.51
3.092,-1.414
3.065,-0.642
2.996,0.461
3.008,-0.677
2.908,2.031
2.973,1.55
2.866,-0.456
2.916,-0.955
2.892,0.026
2.82,-0.737
2.845,-1.766
2.749,0.521
2.758,-0.933
2.707,0.068
2.674,-1.097
2.629,-0.085
2.554,1.579
2.553,-0.113
2.577,0.132
2.493,0.67
2.555,0.123
2.394,1.618
2.452,1.317
2.318,1.041
2.367,-1.196
2.39,-1.13
2.33,-1.543
2.227,2.222
2.215,1.094
2.286,2.236
2.103,-0.755
2.166,1.601
2.082,-0.725
1.992,1.997
1.954,-1.603
1.854,0.153
1.914,-1.144
1.81,-1.492
1.625,-1.735
1.47,0.434
1.482,1.349
1.328,0.534
1.277,1.497
1.264,1.151
1.259,0.65
1.228,1.843
1.123,-1.006
1.071,-0.075
1.099,0.068
0.949,-1.977
0.736,-1.909
0.766,-1.743
-0.049,-1.805
-0.533,-1.917
-0.644,-2.021
-1.312,-1.918
-1.285,-2.092
-1.387,-2.011
-1.979,-1.892
-2.511,-2.28
2.932,-2.313
2.695,-2.124
2.546,-2.026
2.19,-1.886
1.862,-1.967
1.507,-1.886
0.664,2.386
0.457,2.477
0.112,2.427
-0.25,2.363
-0.347,2.16
-0.291,2.452
-2.195,2.377
-2.87,2.485
-2.967,2.524
3.007,2.306
2.483,2.231
1.08,2.353
-0.526,0.75
-1.117,-1.541
-2.342,0.434
-2.538,0.511
-2.898,0.4
3.03,1.28
2.487,-0.876
-0.495,2.287
0.975,2.139
0.991,1.806
1.015,-0.69
0.879,-1.381
0.485,-0.903
0.579,0.381
0.459,2.086
0.479,1.824
0.579,-0.324
0.581,0.548
0.415,0.839
0.46,0.231
0.411,0.254
0.266,2.014
0.37,0.183
0.252,1.059
0.211,0.002
0.218,-0.753
0.337,-0.386
0.322,0.434
0.268,2.219
0.116,0.676
0.072,2.141
0.092,0.425
0.083,0.835
-0.077,0.325
0.022,2.064
-0.103,1.866
-0.256,0.661
-0.45,1.01
-0.701,-1.608
-0.768,0.076
-0.67,-0.796
-0.754,-0.164
-0.829,1.657
-1.016,-0.335
-1.006,0.085
-1.06,-1.698
-1.322,-0.016
-1.365,2.209
-1.502,-1.052
-1.571,-1.765
-1.672,1.46
-2.124,-1.4
-2.005,1.928
-2.101,2.217
-2.214,0.159
-2.261,-0.143
-2.29,0.801
-2.577,-0.17
-2.534,2.133
-2.704,1.164
-2.908,-0.652
-2.955,1.538
-3.048,-1.514
-3.062,1.905
3.084,1.104
-3.072,1.562
-3.116,0.677
3.121,-0.116
-3.14,1.606
2.875,2.125
2.938,2.062
2.936,0.879
2.866,0.544
2.833,0.412
2.73,-0.093
2.679,-0.602
2.758,-0.629
2.745,-1.184
2.506,1.709
2.384,-1.382
2.155,-0.812
2.208,-1.254
2.158,1.936
1.979,-1.557
1.947,-0.897
2.028,1.887
1.669,-1.688
1.271,-1.408
1.259,1.521
1.252,-0.089
1.108,0.013
1.105,-2.05
0.514,-1.97
0.265,-2.034
0.191,-2.107
-0.212,-1.991
-0.705,-1.929
-2.256,-1.962
2.967,-2.201
2.896,-2.095
3.006,-2.219
2.46,-2.15
2.542,-1.817
2.446,-1.857
2.233,-2.126
1.663,-1.997
1.387,-2.263
0.748,2.424
0.75,2.493
0.524,2.473
-0.684,2.491
-1.537,2.471
-1.991,2.487
-2.242,2.477
-2.798,2.299
-2.828,2.362
-2.929,2.443
2.285,2.477
2.093,2.41
0.106,1.744
-0.202,-0.177
-0.471,-0.158
-1.118,-0.186
-2.682,1.189
-2.805,-0.047
-2.994,-0.771
2.913,-0.014
2.954,0.132
2.868,-0.124
1.377,-1.729
0.521,1.171
0.151,-1.307
-1.451,-0.265
-2.88,0.608
-3.067,1.743
2.716,-1.082
2.421,0.602
-0.19,0.9
-0.466,-0.466
2.924,0.97
2.721,-1.412
2.623,1.013
1.981,-0.553
-0.036,-1.654
3.059,1.969
3.132,-1.509
-1.541,-2.261
-0.022,-0.764
-0.083,-0.648
-0.115,-0.015
-0.064,0.75
-0.133,0.52
-0.213,-0.592
-0.151,0.098
-0.262,-1.117
-0.285,0.769
-0.238,-1.329
-0.281,-0.381
-0.268,-2.182
-0.366,-1.252
-0.419,-1.7
-0.424,0.159
-0.459,0.6
-0.451,-0.003
-0.49,-1.853
-0.561,-0.954
-0.569,0.241
-0.528,-2.433
-0.609,-1.158
-0.65,-1.373
-0.589,-0.519
-0.635,0.49
-0.618,-1.607
-0.797,-0.617
-0.765,-0.665
-0.927,-2.117
-0.872,0.429
-0.905,-0.674
-0.992,0.257
-0.964,1.293
-1.079,-1.059
-1.102,0.775
-1.054,-1.844
-1.135,-1.572
-1.145,-2.363
-1.152,1.342
-1.241,-0.431
-1.256,-0.74
-1.262,-0.054
-1.196,-2.08
-1.287,1.229
-1.347,-1.248
-1.275,1.23
-1.366,0.413
-1.404,-0.383
-1.363,1.211
-1.446,0.238
-1.49,1.268
-1.517,-1.34
-1.592,-2.312
-1.753,-2.031
-1.819,-2.232
-1.82,0.035
-1.888,-1.11
-1.83,-0.444
-1.865,0.368
-1.979,-0.308
-1.924,-0.37
-1.986,-1.116
-2.023,1.499
-2.091,-0.189
-2.091,-1.969
-2.049,0.932
-2.135,1.348
-2.096,-0.124
-2.129,0.532
-2.313,-0.57
-2.257,-0.347
-2.311,0.879
-2.254,0.806
-2.318,0.471
-2.422,0.39
-2.393,-1.037
-2.468,-0.935
-2.48,0.351
-2.456,-0.871
-2.512,1.188
-2.605,0.003
-2.641,-1.014
-2.741,0.72
-2.71,-1.176
-2.863,0.969
-2.963,-0.66
-2.95,0.801
-2.932,0.542
-2.98,0.289
-3.024,0.841
-3.021,-1.083
-3.002,0.266
-3.032,-1.524
-3.047,-0.685
-3.072,1.156
-3.078,-1.386
-3.113,0.222
3.093,-2.218
-3.125,-0.887
-3.14,-2.292
3.053,-1.221
3.127,-2.125
3.1,-1.353
3.031,-0.25
3.043,-1.388
2.943,1.32
3.008,0.839
2.901,-1.167
2.951,-1.666
2.927,-0.685
2.855,-1.448
2.88,-2.477
2.784,-0.19
2.793,-1.644
2.742,-0.643
2.709,-1.808
2.664,-0.796
2.589,0.868
2.588,-0.824
2.612,-0.579
2.528,-0.041
2.59,-0.588
2.429,0.907
2.487,0.606
2.353,0.33
2.402,-1.907
2.425,-1.841
2.365,-2.254
2.262,1.511
2.25,0.383
2.321,1.525
2.138,-1.466
2.201,0.89
2.117,-1.436
2.027,1.286
1.989,-2.314
1.889,-0.558
1.949,-1.855
1.845,-2.203
1.66,-2.446
1.505,-0.277
1.517,0.638
1.363,-0.177
1.312,0.786
1.299,0.44
1.294,-0.061
1.263,1.132
1.158,-1.717
1.106,-0.786
1.134,-0.643
0.984,-2.688
0.771,-2.62
0.801,-2.454
-0.014,-2.516
-0.498,-2.628
-0.609,-2.732
-1.277,-2.629
-1.25,-2.803
-1.352,-2.722
-1.944,-2.603
-2.476,-2.991
2.967,-3.024
2.73,-2.835
2.581,-2.737
2.225,-2.597
1.897,-2.678
1.542,-2.597
0.699,1.675
0.492,1.766
0.147,1.716
-0.215,1.652
-0.312,1.449
-0.256,1.741
-2.16,1.666
-2.835,1.774
-2.932,1.813
3.042,1.595
2.518,1.52
1.115,1.642
-0.491,0.039
-1.082,-2.252
-2.307,-0.277
-2.503,-0.2
-2.863,-0.311
3.065,0.569
2.522,-1.587
-0.46,1.576
1.01,1.428
1.026,1.095
1.05,-1.401
0.914,-2.092
0.52,-1.614
0.614,-0.33
0.494,1.375
0.514,1.113
0.614,-1.035
0.616,-0.163
0.45,0.128
0.495,-0.48
0.446,-0.457
0.301,1.303
0.405,-0.528
0.287,0.348
0.246,-0.709
0.253,-1.464
0.372,-1.097
0.357,-0.277
0.303,1.508
0.151,-0.035
0.107,1.43
0.127,-0.286
0.118,0.124
-0.042,-0.386
0.057,1.353
-0.068,1.155
-0.221,-0.05
-0.415,0.299
-0.666,-2.319
-0.733,-0.635
-0.635,-1.507
-0.719,-0.875
-0.794,0.946
-0.981,-1.046
-0.971,-0.626
-1.025,-2.409
-1.287,-0.727
-1.33,1.498
-1.467,-1.763
-1.536,-2.476
-1.637,0.749
-2.089,-2.111
-1.97,1.217
-2.066,1.506
-2.179,-0.552
-2.226,-0.854
-2.255,0.09
-2.542,-0.881
-2.499,1.422
-2.669,0.453
-2.873,-1.363
-2.92,0.827
-3.013,-2.225
-3.027,1.194
3.119,0.393
-3.037,0.851
-3.081,-0.034
-3.127,-0.827
-3.105,0.895
2.91,1.414
2.973,1.351
2.971,0.168
2.901,-0.167
2.868,-0.299
2.765,-0.804
2.714,-1.313
2.793,-1.34
2.78,-1.895
2.541,0.998
2.419,-2.093
2.19,-1.523
2.243,-1.965
2.193,1.225
2.014,-2.268
1.982,-1.608
2.063,1.176
1.704,-2.399
1.306,-2.119
1.294,0.81
1.287,-0.8
1.143,-0.698
1.14,-2.761
0.549,-2.681
0.3,-2.745
0.226,-2.818
-0.177,-2.702
-0.67,-2.64
-2.221,-2.673
3.002,-2.912
2.931,-2.806
3.041,-2.93
2.495,-2.861
2.577,-2.528
2.481,-2.568
2.268,-2.837
1.698,-2.708
1.422,-2.974
0.783,1.713
0.785,1.782
0.559,1.762
-0.649,1.78
-1.502,1.76
-1.956,1.776
-2.207,1.766
-2.763,1.588
-2.793,1.651
-2.894,1.732
2.32,1.766
2.128,1.699
0.141,1.033
-0.167,-0.888
-0.436,-0.869
-1.083,-0.897
-2.647,0.478
-2.77,-0.758
-2.959,-1.482
2.948,-0.725
2.989,-0.579
2.903,-0.835
1.412,-2.44
0.556,0.46
0.186,-2.018
-1.416,-0.976
-2.845,-0.103
-3.032,1.032
2.751,-1.793
2.456,-0.109
-0.155,0.189
-0.431,-1.177
2.959,0.259
2.756,-2.123
2.658,0.302
2.016,-1.264
-0.001,-2.365
3.094,1.258
-3.116,-2.22
-1.506,-2.972
-0.061,0.116
-0.093,0.749
-0.042,1.514
-0.111,1.284
-0.191,0.172
-0.129,0.862
-0.24,-0.353
-0.263,1.533
-0.216,-0.565
-0.259,0.383
-0.246,-1.418
-0.344,-0.488
-0.397,-0.936
-0.402,0.923
-0.437,1.364
-0.429,0.761
-0.468,-1.089
-0.539,-0.19
-0.547,1.005
-0.506,-1.669
-0.587,-0.394
-0.628,-0.609
-0.567,0.245
-0.613,1.254
-0.596,-0.843
-0.775,0.147
-0.743,0.099
-0.905,-1.353
-0.85,1.193
-0.883,0.09
-0.97,1.021
-0.942,2.057
-1.057,-0.295
-1.08,1.539
-1.032,-1.08
-1.113,-0.808
-1.123,-1.599
-1.13,2.106
-1.219,0.333
-1.234,0.024
-1.24,0.71
-1.174,-1.316
-1.265,1.993
-1.325,-0.484
-1.253,1.994
-1.344,1.177
-1.382,0.381
-1.341,1.975
-1.424,1.002
-1.468,2.032
-1.495,-0.576
-1.57,-1.548
-1.731,-1.267
-1.797,-1.468
-1.798,0.799
-1.866,-0.346
-1.808,0.32
-1.843,1.132
-1.957,0.456
-1.902,0.394
-1.964,-0.352
-2.001,2.263
-2.069,0.575
-2.069,-1.205
-2.027,1.696
-2.113,2.112
-2.074,0.64
-2.107,1.296
-2.291,0.194
-2.235,0.417
-2.289,1.643
-2.232,1.57
-2.296,1.235
-2.4,1.154
-2.371,-0.273
-2.446,-0.171
-2.458,1.115
-2.434,-0.107
-2.49,1.952
-2.583,0.767
-2.619,-0.25
-2.719,1.484
-2.688,-0.412
-2.841,1.733
-2.941,0.104
-2.928,1.565
-2.91,1.306
-2.958,1.053
-3.002,1.605
-2.999,-0.319
-2.98,1.03
-3.01,-0.76
-3.025,0.079
-3.05,1.92
-3.056,-0.622
-3.091,0.986
3.115,-1.454
-3.103,-0.123
-3.118,-1.528
3.075,-0.457
-3.134,-1.361
3.122,-0.589
3.053,0.514
3.065,-0.624
2.965,2.084
3.03,1.603
2.923,-0.403
2.973,-0.902
2.949,0.079
2.877,-0.684
2.902,-1.713
2.806,0.574
2.815,-0.88
2.764,0.121
2.731,-1.044
2.686,-0.032
2.611,1.632
2.61,-0.06
2.634,0.185
2.55,0.723
2.612,0.176
2.451,1.671
2.509,1.37
2.375,1.094
2.424,-1.143
2.447,-1.077
2.387,-1.49
2.284,2.275
2.272,1.147
2.343,2.289
2.16,-0.702
2.223,1.654
2.139,-0.672
2.049,2.05
2.011,-1.55
1.911,0.206
1.971,-1.091
1.867,-1.439
1.682,-1.682
1.527,0.487
1.539,1.402
1.385,0.587
1.334,1.55
1.321,1.204
1.316,0.703
1.285,1.896
1.18,-0.953
1.128,-0.022
1.156,0.121
1.006,-1.924
0.793,-1.856
0.823,-1.69
0.008,-1.752
-0.476,-1.864
-0.587,-1.968
-1.255,-1.865
-1.228,-2.039
-1.33,-1.958
-1.922,-1.839
-2.454,-2.227
2.989,-2.26
2.752,-2.071
2.603,-1.973
2.247,-1.833
1.919,-1.914
1.564,-1.833
0.721,2.439
0.514,2.53
0.169,2.48
-0.193,2.416
-0.29,2.213
-0.234,2.505
-2.138,2.43
-2.813,2.538
-2.91,2.577
3.064,2.359
2.54,2.284
1.137,2.406
-0.469,0.803
-1.06,-1.488
-2.285,0.487
-2.481,0.564
-2.841,0.453
3.087,1.333
2.544,-0.823
-0.438,2.34
1.032,2.192
1.048,1.859
1.072,-0.637
0.936,-1.328
0.542,-0.85
0.636,0.434
0.516,2.139
0.536,1.877
0.636,-0.271
0.638,0.601
0.472,0.892
0.517,0.284
0.468,0.307
0.323,2.067
0.427,0.236
0.309,1.112
0.268,0.055
0.275,-0.7
0.394,-0.333
0.379,0.487
0.325,2.272
0.173,0.729
0.129,2.194
0.149,0.478
0.14,0.888
-0.02,0.378
0.079,2.117
-0.046,1.919
-0.199,0.714
-0.393,1.063
-0.644,-1.555
-0.711,0.129
-0.613,-0.743
-0.697,-0.111
-0.772,1.71
-0.959,-0.282
-0.949,0.138
-1.003,-1.645
-1.265,0.037
-1.308,2.262
-1.445,-0.999
-1.514,-1.712
-1.615,1.513
-2.067,-1.347
-1.948,1.981
-2.044,2.27
-2.157,0.212
-2.204,-0.09
-2.233,0.854
-2.52,-0.117
-2.477,2.186
-2.647,1.217
-2.851,-0.599
-2.898,1.591
-2.991,-1.461
-3.005,1.958
3.141,1.157
-3.015,1.615
-3.059,0.73
-3.105,-0.063
-3.083,1.659
2.932,2.178
2.995,2.115
2.993,0.932
2.923,0.597
2.89,0.465
2.787,-0.04
2.736,-0.549
2.815,-0.576
2.802,-1.131
2.563,1.762
2.441,-1.329
2.212,-0.759
2.265,-1.201
2.215,1.989
2.036,-1.504
2.004,-0.844
2.085,1.94
1.726,-1.635
1.328,-1.355
1.316,1.574
1.309,-0.036
1.165,0.066
1.162,-1.997
0.571,-1.917
0.322,-1.981
0.248,-2.054
-0.155,-1.938
-0.648,-1.876
-2.199,-1.909
3.024,-2.148
2.953,-2.042
3.063,-2.166
2.517,-2.097
2.599,-1.764
2.503,-1.804
2.29,-2.073
1.72,-1.944
1.444,-2.21
0.805,2.477
0.807,2.546
0.581,2.526
-0.627,2.544
-1.48,2.524
-1.934,2.54
-2.185,2.53
-2.741,2.352
-2.771,2.415
-2.872,2.496
2.342,2.53
2.15,2.463
0.163,1.797
-0.145,-0.124
-0.414,-0.105
-1.061,-0.133
-2.625,1.242
-2.748,0.006
-2.937,-0.718
2.97,0.039
3.011,0.185
2.925,-0.071
1.434,-1.676
0.578,1.224
0.208,-1.254
-1.394,-0.212
-2.823,0.661
-3.01,1.796
2.773,-1.029
2.478,0.655
-0.133,0.953
-0.409,-0.413
2.981,1.023
2.778,-1.359
2.68,1.066
2.038,-0.5
0.021,-1.601
3.116,2.022
-3.094,-1.456
-1.484,-2.208
-0.032,0.633
0.019,1.398
-0.05,1.168
-0.13,0.056
-0.068,0.746
-0.179,-0.469
-0.202,1.417
-0.155,-0.681
-0.198,0.267
-0.185,-1.534
-0.283,-0.604
-0.336,-1.052
-0.341,0.807
-0.376,1.248
-0.368,0.645
-0.407,-1.205
-0.478,-0.306
-0.486,0.889
-0.445,-1.785
-0.526,-0.51
-0.567,-0.725
-0.506,0.129
-0.552,1.138
-0.535,-0.959
-0.714,0.031
-0.682,-0.017
-0.844,-1.469
-0.789,1.077
-0.822,-0.026
-0.909,0.905
-0.881,1.941
-0.996,-0.411
-1.019,1.423
-0.971,-1.196
-1.052,-0.924
-1.062,-1.715
-1.069,1.99
-1.158,0.217
-1.173,-0.092
-1.179,0.594
-1.113,-1.432
-1.204,1.877
-1.264,-0.6
-1.192,1.878
-1.283,1.061
-1.321,0.265
-1.28,1.859
-1.363,0.886
-1.407,1.916
-1.434,-0.692
-1.509,-1.664
-1.67,-1.383
-1.736,-1.584
-1.737,0.683
-1.805,-0.462
-1.747,0.204
-1.782,1.016
-1.896,0.34
-1.841,0.278
-1.903,-0.468
-1.94,2.147
-2.008,0.459
-2.008,-1.321
-1.966,1.58
-2.052,1.996
-2.013,0.524
-2.046,1.18
-2.23,0.078
-2.174,0.301
-2.228,1.527
-2.171,1.454
-2.235,1.119
-2.339,1.038
-2.31,-0.389
-2.385,-0.287
-2.397,0.999
-2.373,-0.223
-2.429,1.836
-2.522,0.651
-2.558,-0.366
-2.658,1.368
-2.627,-0.528
-2.78,1.617
-2.88,-0.012
-2.867,1.449
-2.849,1.19
-2.897,0.937
-2.941,1.489
-2.938,-0.435
-2.919,0.914
-2.949,-0.876
-2.964,-0.037
-2.989,1.804
-2.995,-0.738
-3.03,0.87
-3.107,-1.57
-3.042,-0.239
-3.057,-1.644
3.136,-0.573
-3.073,-1.477
-3.1,-0.705
3.114,0.398
3.126,-0.74
3.026,1.968
3.091,1.487
2.984,-0.519
3.034,-1.018
3.01,-0.037
2.938,-0.8
2.963,-1.829
2.867,0.458
2.876,-0.996
2.825,0.005
2.792,-1.16
2.747,-0.148
2.672,1.516
2.671,-0.176
2.695,0.069
2.611,0.607
2.673,0.06
2.512,1.555
2.57,1.254
2.436,0.978
2.485,-1.259
2.508,-1.193
2.448,-1.606
2.345,2.159
2.333,1.031
2.404,2.173
2.221,-0.818
2.284,1.538
2.2,-0.788
2.11,1.934
2.072,-1.666
1.972,0.09
2.032,-1.207
1.928,-1.555
1.743,-1.798
1.588,0.371
1.6,1.286
1.446,0.471
1.395,1.434
1.382,1.088
1.377,0.587
1.346,1.78
1.241,-1.069
1.189,-0.138
1.217,0.005
1.067,-2.04
0.854,-1.972
0.884,-1.806
0.069,-1.868
-0.415,-1.98
-0.526,-2.084
-1.194,-1.981
-1.167,-2.155
-1.269,-2.074
-1.861,-1.955
-2.393,-2.343
3.05,-2.376
2.813,-2.187
2.664,-2.089
2.308,-1.949
1.98,-2.03
1.625,-1.949
0.782,2.323
0.575,2.414
0.23,2.364
-0.132,2.3
-0.229,2.097
-0.173,2.389
-2.077,2.314
-2.752,2.422
-2.849,2.461
3.125,2.243
2.601,2.168
1.198,2.29
-0.408,0.687
-0.999,-1.604
-2.224,0.371
-2.42,0.448
-2.78,0.337
-3.135,1.217
2.605,-0.939
-0.377,2.224
1.093,2.076
1.109,1.743
1.133,-0.753
0.997,-1.444
0.603,-0.966
0.697,0.318
0.577,2.023
0.597,1.761
0.697,-0.387
0.699,0.485
0.533,0.776
0.578,0.168
0.529,0.191
0.384,1.951
0.488,0.12
0.37,0.996
0.329,-0.061
0.336,-0.816
0.455,-0.449
0.44,0.371
0.386,2.156
0.234,0.613
0.19,2.078
0.21,0.362
0.201,0.772
0.041,0.262
0.14,2.001
0.015,1.803
-0.138,0.598
-0.332,0.947
-0.583,-1.671
-0.65,0.013
-0.552,-0.859
-0.636,-0.227
-0.711,1.594
-0.898,-0.398
-0.888,0.022
-0.942,-1.761
-1.204,-0.079
-1.247,2.146
-1.384,-1.115
-1.453,-1.828
-1.554,1.397
-2.006,-1.463
-1.887,1.865
-1.983,2.154
-2.096,0.096
-2.143,-0.206
-2.172,0.738
-2.459,-0.233
-2.416,2.07
-2.586,1.101
-2.79,-0.715
-2.837,1.475
-2.93,-1.577
-2.944,1.842
-3.081,1.041
-2.954,1.499
-2.998,0.614
-3.044,-0.179
-3.022,1.543
2.993,2.062
3.056,1.999
3.054,0.816
2.984,0.481
2.951,0.349
2.848,-0.156
2.797,-0.665
2.876,-0.692
2.863,-1.247
2.624,1.646
2.502,-1.445
2.273,-0.875
2.326,-1.317
2.276,1.873
2.097,-1.62
2.065,-0.96
2.146,1.824
1.787,-1.751
1.389,-1.471
1.377,1.458
1.37,-0.152
1.226,-0.05
1.223,-2.113
0.632,-2.033
0.383,-2.097
0.309,-2.17
-0.094,-2.054
-0.587,-1.992
-2.138,-2.025
3.085,-2.264
3.014,-2.158
3.124,-2.282
2.578,-2.213
2.66,-1.88
2.564,-1.92
2.351,-2.189
1.781,-2.06
1.505,-2.326
0.866,2.361
0.868,2.43
0.642,2.41
-0.566,2.428
-1.419,2.408
-1.873,2.424
-2.124,2.414
-2.68,2.236
-2.71,2.299
-2.811,2.38
2.403,2.414
2.211,2.347
0.224,1.681
-0.084,-0.24
-0.353,-0.221
-1.0,-0.249
-2.564,1.126
-2.687,-0.11
-2.876,-0.834
3.031,-0.077
3.072,0.069
2.986,-0.187
1.495,-1.792
0.639,1.108
0.269,-1.37
-1.333,-0.328
-2.762,0.545
-2.949,1.68
2.834,-1.145
2.539,0.539
-0.072,0.837
-0.348,-0.529
3.042,0.907
2.839,-1.475
2.741,0.95
2.099,-0.616
0.082,-1.717
-3.106,1.906
-3.033,-1.572
-1.423,-2.324
0.051,0.765
-0.018,0.535
-0.098,-0.577
-0.036,0.113
-0.147,-1.102
-0.17,0.784
-0.123,-1.314
-0.166,-0.366
-0.153,-2.167
-0.251,-1.237
-0.304,-1.685
-0.309,0.174
-0.344,0.615
-0.336,0.012
-0.375,-1.838
-0.446,-0.939
-0.454,0.256
-0.413,-2.418
-0.494,-1.143
-0.535,-1.358
-0.474,-0.504
-0.52,0.505
-0.503,-1.592
-0.682,-0.602
-0.65,-0.65
-0.812,-2.102
-0.757,0.444
-0.79,-0.659
-0.877,0.272
-0.849,1.308
-0.964,-1.044
-0.987,0.79
-0.939,-1.829
-1.02,-1.557
-1.03,-2.348
-1.037,1.357
-1.126,-0.416
-1.141,-0.725
-1.147,-0.039
-1.081,-2.065
-1.172,1.244
-1.232,-1.233
-1.16,1.245
-1.251,0.428
-1.289,-0.368
-1.248,1.226
-1.331,0.253
-1.375,1.283
-1.402,-1.325
-1.477,-2.297
-1.638,-2.016
-1.704,-2.217
-1.705,0.05
-1.773,-1.095
-1.715,-0.429
-1.75,0.383
-1.864,-0.293
-1.809,-0.355
-1.871,-1.101
-1.908,1.514
-1.976,-0.174
-1.976,-1.954
-1.934,0.947
-2.02,1.363
-1.981,-0.109
-2.014,0.547
-2.198,-0.555
-2.142,-0.332
-2.196,0.894
-2.139,0.821
-2.203,0.486
-2.307,0.405
-2.278,-1.022
-2.353,-0.92
-2.365,0.366
-2.341,-0.856
-2.397,1.203
-2.49,0.018
-2.526,-0.999
-2.626,0.735
-2.595,-1.161
-2.748,0.984
-2.848,-0.645
-2.835,0.816
-2.817,0.557
-2.865,0.304
-2.909,0.856
-2.906,-1.068
-2.887,0.281
-2.917,-1.509
-2.932,-0.67
-2.957,1.171
-2.963,-1.371
-2.998,0.237
-3.075,-2.203
-3.01,-0.872
-3.025,-2.277
-3.115,-1.206
-3.041,-2.11
-3.068,-1.338
-3.137,-0.235
-3.125,-1.373
3.058,1.335
3.123,0.854
3.016,-1.152
3.066,-1.651
3.042,-0.67
2.97,-1.433
2.995,-2.462
2.899,-0.175
2.908,-1.629
2.857,-0.628
2.824,-1.793
2.779,-0.781
2.704,0.883
2.703,-0.809
2.727,-0.564
2.643,-0.026
2.705,-0.573
2.544,0.922
2.602,0.621
2.468,0.345
2.517,-1.892
2.54,-1.826
2.48,-2.239
2.377,1.526
2.365,0.398
2.436,1.54
2.253,-1.451
2.316,0.905
2.232,-1.421
2.142,1.301
2.104,-2.299
2.004,-0.543
2.064,-1.84
1.96,-2.188
1.775,-2.431
1.62,-0.262
1.632,0.653
1.478,-0.162
1.427,0.801
1.414,0.455
1.409,-0.046
1.378,1.147
1.273,-1.702
1.221,-0.771
1.249,-0.628
1.099,-2.673
0.886,-2.605
0.916,-2.439
0.101,-2.501
-0.383,-2.613
-0.494,-2.717
-1.162,-2.614
-1.135,-2.788
-1.237,-2.707
-1.829,-2.588
-2.361,-2.976
3.082,-3.009
2.845,-2.82
2.696,-2.722
2.34,-2.582
2.012,-2.663
1.657,-2.582
0.814,1.69
0.607,1.781
0.262,1.731
-0.1,1.667
-0.197,1.464
-0.141,1.756
-2.045,1.681
-2.72,1.789
-2.817,1.828
-3.126,1.61
2.633,1.535
1.23,1.657
-0.376,0.054
-0.967,-2.237
-2.192,-0.262
-2.388,-0.185
-2.748,-0.296
-3.103,0.584
2.637,-1.572
-0.345,1.591
1.125,1.443
1.141,1.11
1.165,-1.386
1.029,-2.077
0.635,-1.599
0.729,-0.315
0.609,1.39
0.629,1.128
0.729,-1.02
0.731,-0.148
0.565,0.143
0.61,-0.465
0.561,-0.442
0.416,1.318
0.52,-0.513
0.402,0.363
0.361,-0.694
0.368,-1.449
0.487,-1.082
0.472,-0.262
0.418,1.523
0.266,-0.02
0.222,1.445
0.242,-0.271
0.233,0.139
0.073,-0.371
0.172,1.368
0.047,1.17
-0.106,-0.035
-0.3,0.314
-0.551,-2.304
-0.618,-0.62
-0.52,-1.492
-0.604,-0.86
-0.679,0.961
-0.866,-1.031
-0.856,-0.611
-0.91,-2.394
-1.172,-0.712
-1.215,1.513
-1.352,-1.748
-1.421,-2.461
-1.522,0.764
-1.974,-2.096
-1.855,1.232
-1.951,1.521
-2.064,-0.537
-2.111,-0.839
-2.14,0.105
-2.427,-0.866
-2.384,1.437
-2.554,0.468
-2.758,-1.348
-2.805,0.842
-2.898,-2.21
-2.912,1.209
-3.049,0.408
-2.922,0.866
-2.966,-0.019
-3.012,-0.812
-2.99,0.91
3.025,1.429
3.088,1.366
3.086,0.183
3.016,-0.152
2.983,-0.284
2.88,-0.789
2.829,-1.298
2.908,-1.325
2.895,-1.88
2.656,1.013
2.534,-2.078
2.305,-1.508
2.358,-1.95
2.308,1.24
2.129,-2.253
2.097,-1.593
2.178,1.191
1.819,-2.384
1.421,-2.104
1.409,0.825
1.402,-0.785
1.258,-0.683
1.255,-2.746
0.664,-2.666
0.415,-2.73
0.341,-2.803
-0.062,-2.687
-0.555,-2.625
-2.106,-2.658
3.117,-2.897
3.046,-2.791
-3.127,-2.915
2.61,-2.846
2.692,-2.513
2.596,-2.553
2.383,-2.822
1.813,-2.693
1.537,-2.959
0.898,1.728
0.9,1.797
0.674,1.777
-0.534,1.795
-1.387,1.775
-1.841,1.791
-2.092,1.781
-2.648,1.603
-2.678,1.666
-2.779,1.747
2.435,1.781
2.243,1.714
0.256,1.048
-0.052,-0.873
-0.321,-0.854
-0.968,-0.882
-2.532,0.493
-2.655,-0.743
-2.844,-1.467
3.063,-0.71
3.104,-0.564
3.018,-0.82
1.527,-2.425
0.671,0.475
0.301,-2.003
-1.301,-0.961
-2.73,-0.088
-2.917,1.047
2.866,-1.778
2.571,-0.094
-0.04,0.204
-0.316,-1.162
3.074,0.274
2.871,-2.108
2.773,0.317
2.131,-1.249
0.114,-2.35
-3.074,1.273
-3.001,-2.205
-1.391,-2.957
-0.069,-0.23
-0.149,-1.342
-0.087,-0.652
-0.198,-1.867
-0.221,0.019
-0.174,-2.079
-0.217,-1.131
-0.204,-2.932
-0.302,-2.002
-0.355,-2.45
-0.36,-0.591
-0.395,-0.15
-0.387,-0.753
-0.426,-2.603
-0.497,-1.704
-0.505,-0.509
-0.464,-3.183
-0.545,-1.908
-0.586,-2.123
-0.525,-1.269
-0.571,-0.26
-0.554,-2.357
-0.733,-1.367
-0.701,-1.415
-0.863,-2.867
-0.808,-0.321
-0.841,-1.424
-0.928,-0.493
-0.9,0.543
-1.015,-1.809
-1.038,0.025
-0.99,-2.594
-1.071,-2.322
-1.081,-3.113
-1.088,0.592
-1.177,-1.181
-1.192,-1.49
-1.198,-0.804
-1.132,-2.83
-1.223,0.479
-1.283,-1.998
-1.211,0.48
-1.302,-0.337
-1.34,-1.133
-1.299,0.461
-1.382,-0.512
-1.426,0.518
-1.453,-2.09
-1.528,-3.062
-1.689,-2.781
-1.755,-2.982
-1.756,-0.715
-1.824,-1.86
-1.766,-1.194
-1.801,-0.382
-1.915,-1.058
-1.86,-1.12
-1.922,-1.866
-1.959,0.749
-2.027,-0.939
-2.027,-2.719
-1.985,0.182
-2.071,0.598
-2.032,-0.874
-2.065,-0.218
-2.249,-1.32
-2.193,-1.097
-2.247,0.129
-2.19,0.056
-2.254,-0.279
-2.358,-0.36
-2.329,-1.787
-2.404,-1.685
-2.416,-0.399
-2.392,-1.621
-2.448,0.438
-2.541,-0.747
-2.577,-1.764
-2.677,-0.03
-2.646,-1.926
-2.799,0.219
-2.899,-1.41
-2.886,0.051
-2.868,-0.208
-2.916,-0.461
-2.96,0.091
-2.957,-1.833
-2.938,-0.484
-2.968,-2.274
-2.983,-1.435
-3.008,0.406
-3.014,-2.136
-3.049,-0.528
-3.126,-2.968
-3.061,-1.637
-3.076,-3.042
3.117,-1.971
-3.092,-2.875
-3.119,-2.103
3.095,-1.0
3.107,-2.138
3.007,0.57
3.072,0.089
2.965,-1.917
3.015,-2.416
2.991,-1.435
2.919,-2.198
2.944,-3.227
2.848,-0.94
2.857,-2.394
2.806,-1.393
2.773,-2.558
2.728,-1.546
2.653,0.118
2.652,-1.574
2.676,-1.329
2.592,-0.791
2.654,-1.338
2.493,0.157
2.551,-0.144
2.417,-0.42
2.466,-2.657
2.489,-2.591
2.429,-3.004
2.326,0.761
2.314,-0.367
2.385,0.775
2.202,-2.216
2.265,0.14
2.181,-2.186
2.091,0.536
2.053,-3.064
1.953,-1.308
2.013,-2.605
1.909,-2.953
1.724,-3.196
1.569,-1.027
1.581,-0.112
1.427,-0.927
1.376,0.036
1.363,-0.31
1.358,-0.811
1.327,0.382
1.222,-2.467
1.17,-1.536
1.198,-1.393
1.048,-3.438
0.835,-3.37
0.865,-3.204
0.05,-3.266
-0.434,-3.378
-0.545,-3.482
-1.213,-3.379
-1.186,-3.553
-1.288,-3.472
-1.88,-3.353
-2.412,-3.741
3.031,-3.774
2.794,-3.585
2.645,-3.487
2.289,-3.347
1.961,-3.428
1.606,-3.347
0.763,0.925
0.556,1.016
0.211,0.966
-0.151,0.902
-0.248,0.699
-0.192,0.991
-2.096,0.916
-2.771,1.024
-2.868,1.063
3.106,0.845
2.582,0.77
1.179,0.892
-0.427,-0.711
-1.018,-3.002
-2.243,-1.027
-2.439,-0.95
-2.799,-1.061
3.129,-0.181
2.586,-2.337
-0.396,0.826
1.074,0.678
1.09,0.345
1.114,-2.151
0.978,-2.842
0.584,-2.364
0.678,-1.08
0.558,0.625
0.578,0.363
0.678,-1.785
0.68,-0.913
0.514,-0.622
0.559,-1.23
0.51,-1.207
0.365,0.553
0.469,-1.278
0.351,-0.402
0.31,-1.459
0.317,-2.214
0.436,-1.847
0.421,-1.027
0.367,0.758
0.215,-0.785
0.171,0.68
0.191,-1.036
0.182,-0.626
0.022,-1.136
0.121,0.603
-0.004,0.405
-0.157,-0.8
-0.351,-0.451
-0.602,-3.069
-0.669,-1.385
-0.571,-2.257
-0.655,-1.625
-0.73,0.196
-0.917,-1.796
-0.907,-1.376
-0.961,-3.159
-1.223,-1.477
-1.266,0.748
-1.403,-2.513
-1.472,-3.226
-1.573,-0.001
-2.025,-2.861
-1.906,0.467
-2.002,0.756
-2.115,-1.302
-2.162,-1.604
-2.191,-0.66
-2.478,-1.631
-2.435,0.672
-2.605,-0.297
-2.809,-2.113
-2.856,0.077
-2.949,-2.975
-2.963,0.444
-3.1,-0.357
-2.973,0.101
-3.017,-0.784
-3.063,-1.577
-3.041,0.145
2.974,0.664
3.037,0.601
3.035,-0.582
2.965,-0.917
2.932,-1.049
2.829,-1.554
2.778,-2.063
2.857,-2.09
2.844,-2.645
2.605,0.248
2.483,-2.843
2.254,-2.273
2.307,-2.715
2.257,0.475
2.078,-3.018
2.046,-2.358
2.127,0.426
1.768,-3.149
1.37,-2.869
1.358,0.06
1.351,-1.55
1.207,-1.448
1.204,-3.511
0.613,-3.431
0.364,-3.495
0.29,-3.568
-0.113,-3.452
-0.606,-3.39
-2.157,-3.423
3.066,-3.662
2.995,-3.556
3.105,-3.68
2.559,-3.611
2.641,-3.278
2.545,-3.318
2.332,-3.587
1.762,-3.458
1.486,-3.724
0.847,0.963
0.849,1.032
0.623,1.012
-0.585,1.03
-1.438,1.01
-1.892,1.026
-2.143,1.016
-2.699,0.838
-2.729,0.901
-2.83,0.982
2.384,1.016
2.192,0.949
0.205,0.283
-0.103,-1.638
-0.372,-1.619
-1.019,-1.647
-2.583,-0.272
-2.706,-1.508
-2.895,-2.232
3.012,-1.475
3.053,-1.329
2.967,-1.585
1.476,-3.19
0.62,-0.29
0.25,-2.768
-1.352,-1.726
-2.781,-0.853
-2.968,0.282
2.815,-2.543
2.52,-0.859
-0.091,-0.561
-0.367,-1.927
3.023,-0.491
2.82,-2.873
2.722,-0.448
2.08,-2.014
0.063,-3.115
-3.125,0.508
-3.052,-2.97
-1.442,-3.722
-0.08,-1.112
-0.018,-0.422
-0.129,-1.637
-0.152,0.249
-0.105,-1.849
-0.148,-0.901
-0.135,-2.702
-0.233,-1.772
-0.286,-2.22
-0.291,-0.361
-0.326,0.08
-0.318,-0.523
-0.357,-2.373
-0.428,-1.474
-0.436,-0.279
-0.395,-2.953
-0.476,-1.678
-0.517,-1.893
-0.456,-1.039
-0.502,-0.03
-0.485,-2.127
-0.664,-1.137
-0.632,-1.185
-0.794,-2.637
-0.739,-0.091
-0.772,-1.194
-0.859,-0.263
-0.831,0.773
-0.946,-1.579
-0.969,0.255
-0.921,-2.364
-1.002,-2.092
-1.012,-2.883
-1.019,0.822
-1.108,-0.951
-1.123,-1.26
-1.129,-0.574
-1.063,-2.6
-1.154,0.709
-1.214,-1.768
-1.142,0.71
-1.233,-0.107
-1.271,-0.903
-1.23,0.691
-1.313,-0.282
-1.357,0.748
-1.384,-1.86
-1.459,-2.832
-1.62,-2.551
-1.686,-2.752
-1.687,-0.485
-1.755,-1.63
-1.697,-0.964
-1.732,-0.152
-1.846,-0.828
-1.791,-0.89
-1.853,-1.636
-1.89,0.979
-1.958,-0.709
-1.958,-2.489
-1.916,0.412
-2.002,0.828
-1.963,-0.644
-1.996,0.012
-2.18,-1.09
-2.124,-0.867
-2.178,0.359
-2.121,0.286
-2.185,-0.049
-2.289,-0.13
-2.26,-1.557
-2.335,-1.455
-2.347,-0.169
-2.323,-1.391
-2.379,0.668
-2.472,-0.517
-2.508,-1.534
-2.608,0.2
-2.577,-1.696
-2.73,0.449
-2.83,-1.18
-2.817,0.281
-2.799,0.022
-2.847,-0.231
-2.891,0.321
-2.888,-1.603
-2.869,-0.254
-2.899,-2.044
-2.914,-1.205
-2.939,0.636
-2.945,-1.906
-2.98,-0.298
-3.057,-2.738
-2.992,-1.407
-3.007,-2.812
-3.097,-1.741
-3.023,-2.645
-3.05,-1.873
-3.119,-0.77
-3.107,-1.908
3.076,0.8
3.141,0.319
3.034,-1.687
3.084,-2.186
3.06,-1.205
2.988,-1.968
3.013,-2.997
2.917,-0.71
2.926,-2.164
2.875,-1.163
2.842,-2.328
2.797,-1.316
2.722,0.348
2.721,-1.344
2.745,-1.099
2.661,-0.561
2.723,-1.108
2.562,0.387
2.62,0.086
2.486,-0.19
2.535,-2.427
2.558,-2.361
2.498,-2.774
2.395,0.991
2.383,-0.137
2.454,1.005
2.271,-1.986
2.334,0.37
2.25,-1.956
2.16,0.766
2.122,-2.834
2.022,-1.078
2.082,-2.375
1.978,-2.723
1.793,-2.966
1.638,-0.797
1.65,0.118
1.496,-0.697
1.445,0.266
1.432,-0.08
1.427,-0.581
1.396,0.612
1.291,-2.237
1.239,-1.306
1.267,-1.163
1.117,-3.208
0.904,-3.14
0.934,-2.974
0.119,-3.036
-0.365,-3.148
-0.476,-3.252
-1.144,-3.149
-1.117,-3.323
-1.219,-3.242
-1.811,-3.123
-2.343,-3.511
3.1,-3.544
2.863,-3.355
2.714,-3.257
2.358,-3.117
2.03,-3.198
1.675,-3.117
0.832,1.155
0.625,1.246
0.28,1.196
-0.082,1.132
-0.179,0.929
-0.123,1.221
-2.027,1.146
-2.702,1.254
-2.799,1.293
-3.108,1.075
2.651,1.0
1.248,1.122
-0.358,-0.481
-0.949,-2.772
-2.174,-0.797
-2.37,-0.72
-2.73,-0.831
-3.085,0.049
2.655,-2.107
-0.327,1.056
1.143,0.908
1.159,0.575
1.183,-1.921
1.047,-2.612
0.653,-2.134
0.747,-0.85
0.627,0.855
0.647,0.593
0.747,-1.555
0.749,-0.683
0.583,-0.392
0.628,-1.0
0.579,-0.977
0.434,0.783
0.538,-1.048
0.42,-0.172
0.379,-1.229
0.386,-1.984
0.505,-1.617
0.49,-0.797
0.436,0.988
0.284,-0.555
0.24,0.91
0.26,-0.806
0.251,-0.396
0.091,-0.906
0.19,0.833
0.065,0.635
-0.088,-0.57
-0.282,-0.221
-0.533,-2.839
-0.6,-1.155
-0.502,-2.027
-0.586,-1.395
-0.661,0.426
-0.848,-1.566
-0.838,-1.146
-0.892,-2.929
-1.154,-1.247
-1.197,0.978
-1.334,-2.283
-1.403,-2.996
-1.504,0.229
-1.956,-2.631
-1.837,0.697
-1.933,0.986
-2.046,-1.072
-2.093,-1.374
-2.122,-0.43
-2.409,-1.401
-2.366,0.902
-2.536,-0.067
-2.74,-1.883
-2.787,0.307
-2.88,-2.745
-2.894,0.674
-3.031,-0.127
-2.904,0.331
-2.948,-0.554
-2.994,-1.347
-2.972,0.375
3.043,0.894
3.106,0.831
3.104,-0.352
3.034,-0.687
3.001,-0.819
2.898,-1.324
2.847,-1.833
2.926,-1.86
2.913,-2.415
2.674,0.478
2.552,-2.613
2.323,-2.043
2.376,-2.485
2.326,0.705
2.147,-2.788
2.115,-2.128
2.196,0.656
1.837,-2.919
1.439,-2.639
1.427,0.29
1.42,-1.32
1.276,-1.218
1.273,-3.281
0.682,-3.201
0.433,-3.265
0.359,-3.338
-0.044,-3.222
-0.537,-3.16
-2.088,-3.193
3.135,-3.432
3.064,-3.326
-3.109,-3.45
2.628,-3.381
2.71,-3.048
2.614,-3.088
2.401,-3.357
1.831,-3.228
1.555,-3.494
0.916,1.193
0.918,1.262
0.692,1.242
-0.516,1.26
-1.369,1.24
-1.823,1.256
-2.074,1.246
-2.63,1.068
-2.66,1.131
-2.761,1.212
2.453,1.246
2.261,1.179
0.274,0.513
-0.034,-1.408
-0.303,-1.389
-0.95,-1.417
-2.514,-0.042
-2.637,-1.278
-2.826,-2.002
3.081,-1.245
3.122,-1.099
3.036,-1.355
1.545,-2.96
0.689,-0.06
0.319,-2.538
-1.283,-1.496
-2.712,-0.623
-2.899,0.512
2.884,-2.313
2.589,-0.629
-0.022,-0.331
-0.298,-1.697
3.092,-0.261
2.889,-2.643
2.791,-0.218
2.149,-1.784
0.132,-2.885
-3.056,0.738
-2.983,-2.74
-1.373,-3.492
0.062,0.69
-0.049,-0.525
-0.072,1.361
-0.025,-0.737
-0.068,0.211
-0.055,-1.59
-0.153,-0.66
-0.206,-1.108
-0.211,0.751
-0.246,1.192
-0.238,0.589
-0.277,-1.261
-0.348,-0.362
-0.356,0.833
-0.315,-1.841
-0.396,-0.566
-0.437,-0.781
-0.376,0.073
-0.422,1.082
-0.405,-1.015
-0.584,-0.025
-0.552,-0.073
-0.714,-1.525
-0.659,1.021
-0.692,-0.082
-0.779,0.849
-0.751,1.885
-0.866,-0.467
-0.889,1.367
-0.841,-1.252
-0.922,-0.98
-0.932,-1.771
-0.939,1.934
-1.028,0.161
-1.043,-0.148
-1.049,0.538
-0.983,-1.488
-1.074,1.821
-1.134,-0.656
-1.062,1.822
-1.153,1.005
-1.191,0.209
-1.15,1.803
-1.233,0.83
-1.277,1.86
-1.304,-0.748
-1.379,-1.72
-1.54,-1.439
-1.606,-1.64
-1.607,0.627
-1.675,-0.518
-1.617,0.148
-1.652,0.96
-1.766,0.284
-1.711,0.222
-1.773,-0.524
-1.81,2.091
-1.878,0.403
-1.878,-1.377
-1.836,1.524
-1.922,1.94
-1.883,0.468
-1.916,1.124
-2.1,0.022
-2.044,0.245
-2.098,1.471
-2.041,1.398
-2.105,1.063
-2.209,0.982
-2.18,-0.445
-2.255,-0.343
-2.267,0.943
-2.243,-0.279
-2.299,1.78
-2.392,0.595
-2.428,-0.422
-2.528,1.312
-2.497,-0.584
-2.65,1.561
-2.75,-0.068
-2.737,1.393
-2.719,1.134
-2.767,0.881
-2.811,1.433
-2.808,-0.491
-2.789,0.858
-2.819,-0.932
-2.834,-0.093
-2.859,1.748
-2.865,-0.794
-2.9,0.814
-2.977,-1.626
-2.912,-0.295
-2.927,-1.7
-3.017,-0.629
-2.943,-1.533
-2.97,-0.761
-3.039,0.342
-3.027,-0.796
-3.127,1.912
-3.062,1.431
3.114,-0.575
-3.119,-1.074
3.14,-0.093
3.068,-0.856
3.093,-1.885
2.997,0.402
3.006,-1.052
2.955,-0.051
2.922,-1.216
2.877,-0.204
2.802,1.46
2.801,-0.232
2.825,0.013
2.741,0.551
2.803,0.004
2.642,1.499
2.7,1.198
2.566,0.922
2.615,-1.315
2.638,-1.249
2.578,-1.662
2.475,2.103
2.463,0.975
2.534,2.117
2.351,-0.874
2.414,1.482
2.33,-0.844
2.24,1.878
2.202,-1.722
2.102,0.034
2.162,-1.263
2.058,-1.611
1.873,-1.854
1.718,0.315
1.73,1.23
1.576,0.415
1.525,1.378
1.512,1.032
1.507,0.531
1.476,1.724
1.371,-1.125
1.319,-0.194
1.347,-0.051
1.197,-2.096
0.984,-2.028
1.014,-1.862
0.199,-1.924
-0.285,-2.036
-0.396,-2.14
-1.064,-2.037
-1.037,-2.211
-1.139,-2.13
-1.731,-2.011
-2.263,-2.399
-3.103,-2.432
2.943,-2.243
2.794,-2.145
2.438,-2.005
2.11,-2.086
1.755,-2.005
0.912,2.267
0.705,2.358
0.36,2.308
-0.002,2.244
-0.099,2.041
-0.043,2.333
-1.947,2.258
-2.622,2.366
-2.719,2.405
-3.028,2.187
2.731,2.112
1.328,2.234
-0.278,0.631
-0.869,-1.66
-2.094,0.315
-2.29,0.392
-2.65,0.281
-3.005,1.161
2.735,-0.995
-0.247,2.168
1.223,2.02
1.239,1.687
1.263,-0.809
1.127,-1.5
0.733,-1.022
0.827,0.262
0.707,1.967
0.727,1.705
0.827,-0.443
0.829,0.429
0.663,0.72
0.708,0.112
0.659,0.135
0.514,1.895
0.618,0.064
0.5,0.94
0.459,-0.117
0.466,-0.872
0.585,-0.505
0.57,0.315
0.516,2.1
0.364,0.557
0.32,2.022
0.34,0.306
0.331,0.716
0.171,0.206
0.27,1.945
0.145,1.747
-0.008,0.542
-0.202,0.891
-0.453,-1.727
-0.52,-0.043
-0.422,-0.915
-0.506,-0.283
-0.581,1.538
-0.768,-0.454
-0.758,-0.034
-0.812,-1.817
-1.074,-0.135
-1.117,2.09
-1.254,-1.171
-1.323,-1.884
-1.424,1.341
-1.876,-1.519
-1.757,1.809
-1.853,2.098
-1.966,0.04
-2.013,-0.262
-2.042,0.682
-2.329,-0.289
-2.286,2.014
-2.456,1.045
-2.66,-0.771
-2.707,1.419
-2.8,-1.633
-2.814,1.786
-2.951,0.985
-2.824,1.443
-2.868,0.558
-2.914,-0.235
-2.892,1.487
3.123,2.006
-3.097,1.943
-3.099,0.76
3.114,0.425
3.081,0.293
2.978,-0.212
2.927,-0.721
3.006,-0.748
2.993,-1.303
2.754,1.59
2.632,-1.501
2.403,-0.931
2.456,-1.373
2.406,1.817
2.227,-1.676
2.195,-1.016
2.276,1.768
1.917,-1.807
1.519,-1.527
1.507,1.402
1.5,-0.208
1.356,-0.106
1.353,-2.169
0.762,-2.089
0.513,-2.153
0.439,-2.226
0.036,-2.11
-0.457,-2.048
-2.008,-2.081
-3.068,-2.32
-3.139,-2.214
-3.029,-2.338
2.708,-2.269
2.79,-1.936
2.694,-1.976
2.481,-2.245
1.911,-2.116
1.635,-2.382
0.996,2.305
0.998,2.374
0.772,2.354
-0.436,2.372
-1.289,2.352
-1.743,2.368
-1.994,2.358
-2.55,2.18
-2.58,2.243
-2.681,2.324
2.533,2.358
2.341,2.291
0.354,1.625
0.046,-0.296
-0.223,-0.277
-0.87,-0.305
-2.434,1.07
-2.557,-0.166
-2.746,-0.89
-3.122,-0.133
-3.081,0.013
3.116,-0.243
1.625,-1.848
0.769,1.052
0.399,-1.426
-1.203,-0.384
-2.632,0.489
-2.819,1.624
2.964,-1.201
2.669,0.483
0.058,0.781
-0.218,-0.585
-3.111,0.851
2.969,-1.531
2.871,0.894
2.229,-0.672
0.212,-1.773
-2.976,1.85
-2.903,-1.628
-1.293,-2.38
-0.111,-1.215
-0.134,0.671
-0.087,-1.427
-0.13,-0.479
-0.117,-2.28
-0.215,-1.35
-0.268,-1.798
-0.273,0.061
-0.308,0.502
-0.3,-0.101
-0.339,-1.951
-0.41,-1.052
-0.418,0.143
-0.377,-2.531
-0.458,-1.256
-0.499,-1.471
-0.438,-0.617
-0.484,0.392
-0.467,-1.705
-0.646,-0.715
-0.614,-0.763
-0.776,-2.215
-0.721,0.331
-0.754,-0.772
-0.841,0.159
-0.813,1.195
-0.928,-1.157
-0.951,0.677
-0.903,-1.942
-0.984,-1.67
-0.994,-2.461
-1.001,1.244
-1.09,-0.529
-1.105,-0.838
-1.111,-0.152
-1.045,-2.178
-1.136,1.131
-1.196,-1.346
-1.124,1.132
-1.215,0.315
-1.253,-0.481
-1.212,1.113
-1.295,0.14
-1.339,1.17
-1.366,-1.438
-1.441,-2.41
-1.602,-2.129
-1.668,-2.33
-1.669,-0.063
-1.737,-1.208
-1.679,-0.542
-1.714,0.27
-1.828,-0.406
-1.773,-0.468
-1.835,-1.214
-1.872,1.401
-1.94,-0.287
-1.94,-2.067
-1.898,0.834
-1.984,1.25
-1.945,-0.222
-1.978,0.434
-2.162,-0.668
-2.106,-0.445
-2.16,0.781
-2.103,0.708
-2.167,0.373
-2.271,0.292
-2.242,-1.135
-2.317,-1.033
-2.329,0.253
-2.305,-0.969
-2.361,1.09
-2.454,-0.095
-2.49,-1.112
-2.59,0.622
-2.559,-1.274
-2.712,0.871
-2.812,-0.758
-2.799,0.703
-2.781,0.444
-2.829,0.191
-2.873,0.743
-2.87,-1.181
-2.851,0.168
-2.881,-1.622
-2.896,-0.783
-2.921,1.058
-2.927,-1.484
-2.962,0.124
-3.039,-2.316
-2.974,-0.985
-2.989,-2.39
-3.079,-1.319
-3.005,-2.223
-3.032,-1.451
-3.101,-0.348
-3.089,-1.486
3.094,1.222
-3.124,0.741
3.052,-1.265
3.102,-1.764
3.078,-0.783
3.006,-1.546
3.031,-2.575
2.935,-0.288
2.944,-1.742
2.893,-0.741
2.86,-1.906
2.815,-0.894
2.74,0.77
2.739,-0.922
2.763,-0.677
2.679,-0.139
2.741,-0.686
2.58,0.809
2.638,0.508
2.504,0.232
2.553,-2.005
2.576,-1.939
2.516,-2.352
2.413,1.413
2.401,0.285
2.472,1.427
2.289,-1.564
2.352,0.792
2.268,-1.534
2.178,1.188
2.14,-2.412
2.04,-0.656
2.1,-1.953
1.996,-2.301
1.811,-2.544
1.656,-0.375
1.668,0.54
1.514,-0.275
1.463,0.688
1.45,0.342
1.445,-0.159
1.414,1.034
1.309,-1.815
1.257,-0.884
1.285,-0.741
1.135,-2.786
0.922,-2.718
0.952,-2.552
0.137,-2.614
-0.347,-2.726
-0.458,-2.83
-1.126,-2.727
-1.099,-2.901
-1.201,-2.82
-1.793,-2.701
-2.325,-3.089
3.118,-3.122
2.881,-2.933
2.732,-2.835
2.376,-2.695
2.048,-2.776
1.693,-2.695
0.85,1.577
0.643,1.668
0.298,1.618
-0.064,1.554
-0.161,1.351
-0.105,1.643
-2.009,1.568
-2.684,1.676
-2.781,1.715
-3.09,1.497
2.669,1.422
1.266,1.544
-0.34,-0.059
-0.931,-2.35
-2.156,-0.375
-2.352,-0.298
-2.712,-0.409
-3.067,0.471
2.673,-1.685
-0.309,1.478
1.161,1.33
1.177,0.997
1.201,-1.499
1.065,-2.19
0.671,-1.712
0.765,-0.428
0.645,1.277
0.665,1.015
0.765,-1.133
0.767,-0.261
0.601,0.03
0.646,-0.578
0.597,-0.555
0.452,1.205
0.556,-0.626
0.438,0.25
0.397,-0.807
0.404,-1.562
0.523,-1.195
0.508,-0.375
0.454,1.41
0.302,-0.133
0.258,1.332
0.278,-0.384
0.269,0.026
0.109,-0.484
0.208,1.255
0.083,1.057
-0.07,-0.148
-0.264,0.201
-0.515,-2.417
-0.582,-0.733
-0.484,-1.605
-0.568,-0.973
-0.643,0.848
-0.83,-1.144
-0.82,-0.724
-0.874,-2.507
-1.136,-0.825
-1.179,1.4
-1.316,-1.861
-1.385,-2.574
-1.486,0.651
-1.938,-2.209
-1.819,1.119
-1.915,1.408
-2.028,-0.65
-2.075,-0.952
-2.104,-0.008
-2.391,-0.979
-2.348,1.324
-2.518,0.355
-2.722,-1.461
-2.769,0.729
-2.862,-2.323
-2.876,1.096
-3.013,0.295
-2.886,0.753
-2.93,-0.132
-2.976,-0.925
-2.954,0.797
3.061,1.316
3.124,1.253
3.122,0.07
3.052,-0.265
3.019,-0.397
2.916,-0.902
2.865,-1.411
2.944,-1.438
2.931,-1.993
2.692,0.9
2.57,-2.191
2.341,-1.621
2.394,-2.063
2.344,1.127
2.165,-2.366
2.133,-1.706
2.214,1.078
1.855,-2.497
1.457,-2.217
1.445,0.712
1.438,-0.898
1.294,-0.796
1.291,-2.859
0.7,-2.779
0.451,-2.843
0.377,-2.916
-0.026,-2.8
-0.519,-2.738
-2.07,-2.771
-3.13,-3.01
3.082,-2.904
-3.091,-3.028
2.646,-2.959
2.728,-2.626
2.632,-2.666
2.419,-2.935
1.849,-2.806
1.573,-3.072
0.934,1.615
0.936,1.684
0.71,1.664
-0.498,1.682
-1.351,1.662
-1.805,1.678
-2.056,1.668
-2.612,1.49
-2.642,1.553
-2.743,1.634
2.471,1.668
2.279,1.601
0.292,0.935
-0.016,-0.986
-0.285,-0.967
-0.932,-0.995
-2.496,0.38
-2.619,-0.856
-2.808,-1.58
3.099,-0.823
3.14,-0.677
3.054,-0.933
1.563,-2.538
0.707,0.362
0.337,-2.116
-1.265,-1.074
-2.694,-0.201
-2.881,0.934
2.902,-1.891
2.607,-0.207
-0.004,0.091
-0.28,-1.275
3.11,0.161
2.907,-2.221
2.809,0.204
2.167,-1.362
0.15,-2.463
-3.038,1.16
-2.965,-2.318
-1.355,-3.07
-0.023,1.886
0.024,-0.212
-0.019,0.736
-0.006,-1.065
-0.104,-0.135
-0.157,-0.583
-0.162,1.276
-0.197,1.717
-0.189,1.114
-0.228,-0.736
-0.299,0.163
-0.307,1.358
-0.266,-1.316
-0.347,-0.041
-0.388,-0.256
-0.327,0.598
-0.373,1.607
-0.356,-0.49
-0.535,0.5
-0.503,0.452
-0.665,-1.0
-0.61,1.546
-0.643,0.443
-0.73,1.374
-0.702,2.41
-0.817,0.058
-0.84,1.892
-0.792,-0.727
-0.873,-0.455
-0.883,-1.246
-0.89,2.459
-0.979,0.686
-0.994,0.377
-1.0,1.063
-0.934,-0.963
-1.025,2.346
-1.085,-0.131
-1.013,2.347
-1.104,1.53
-1.142,0.734
-1.101,2.328
-1.184,1.355
-1.228,2.385
-1.255,-0.223
-1.33,-1.195
-1.491,-0.914
-1.557,-1.115
-1.558,1.152
-1.626,0.007
-1.568,0.673
-1.603,1.485
-1.717,0.809
-1.662,0.747
-1.724,0.001
-1.761,2.616
-1.829,0.928
-1.829,-0.852
-1.787,2.049
-1.873,2.465
-1.834,0.993
-1.867,1.649
-2.051,0.547
-1.995,0.77
-2.049,1.996
-1.992,1.923
-2.056,1.588
-2.16,1.507
-2.131,0.08
-2.206,0.182
-2.218,1.468
-2.194,0.246
-2.25,2.305
-2.343,1.12
-2.379,0.103
-2.479,1.837
-2.448,-0.059
-2.601,2.086
-2.701,0.457
-2.688,1.918
-2.67,1.659
-2.718,1.406
-2.762,1.958
-2.759,0.034
-2.74,1.383
-2.77,-0.407
-2.785,0.432
-2.81,2.273
-2.816,-0.269
-2.851,1.339
-2.928,-1.101
-2.863,0.23
-2.878,-1.175
-2.968,-0.104
-2.894,-1.008
-2.921,-0.236
-2.99,0.867
-2.978,-0.271
-3.078,2.437
-3.013,1.956
-3.12,-0.05
-3.07,-0.549
-3.094,0.432
3.117,-0.331
-3.141,-1.36
3.046,0.927
3.055,-0.527
3.004,0.474
2.971,-0.691
2.926,0.321
2.851,1.985
2.85,0.293
2.874,0.538
2.79,1.076
2.852,0.529
2.691,2.024
2.749,1.723
2.615,1.447
2.664,-0.79
2.687,-0.724
2.627,-1.137
2.524,2.628
2.512,1.5
2.583,2.642
2.4,-0.349
2.463,2.007
2.379,-0.319
2.289,2.403
2.251,-1.197
2.151,0.559
2.211,-0.738
2.107,-1.086
1.922,-1.329
1.767,0.84
1.779,1.755
1.625,0.94
1.574,1.903
1.561,1.557
1.556,1.056
1.525,2.249
1.42,-0.6
1.368,0.331
1.396,0.474
1.246,-1.571
1.033,-1.503
1.063,-1.337
0.248,-1.399
-0.236,-1.511
-0.347,-1.615
-1.015,-1.512
-0.988,-1.686
-1.09,-1.605
-1.682,-1.486
-2.214,-1.874
-3.054,-1.907
2.992,-1.718
2.843,-1.62
2.487,-1.48
2.159,-1.561
1.804,-1.48
0.961,2.792
0.754,2.883
0.409,2.833
0.047,2.769
-0.05,2.566
0.006,2.858
-1.898,2.783
-2.573,2.891
-2.67,2.93
-2.979,2.712
2.78,2.637
1.377,2.759
-0.229,1.156
-0.82,-1.135
-2.045,0.84
-2.241,0.917
-2.601,0.806
-2.956,1.686
2.784,-0.47
-0.198,2.693
1.272,2.545
1.288,2.212
1.312,-0.284
1.176,-0.975
0.782,-0.497
0.876,0.787
0.756,2.492
0.776,2.23
0.876,0.082
0.878,0.954
0.712,1.245
0.757,0.637
0.708,0.66
0.563,2.42
0.667,0.589
0.549,1.465
0.508,0.408
0.515,-0.347
0.634,0.02
0.619,0.84
0.565,2.625
0.413,1.082
0.369,2.547
0.389,0.831
0.38,1.241
0.22,0.731
0.319,2.47
0.194,2.272
0.041,1.067
-0.153,1.416
-0.404,-1.202
-0.471,0.482
-0.373,-0.39
-0.457,0.242
-0.532,2.063
-0.719,0.071
-0.709,0.491
-0.763,-1.292
-1.025,0.39
-1.068,2.615
-1.205,-0.646
-1.274,-1.359
-1.375,1.866
-1.827,-0.994
-1.708,2.334
-1.804,2.623
-1.917,0.565
-1.964,0.263
-1.993,1.207
-2.28,0.236
-2.237,2.539
-2.407,1.57
-2.611,-0.246
-2.658,1.944
-2.751,-1.108
-2.765,2.311
-2.902,1.51
-2.775,1.968
-2.819,1.083
-2.865,0.29
-2.843,2.012
-3.111,2.531
-3.048,2.468
-3.05,1.285
-3.12,0.95
3.13,0.818
3.027,0.313
2.976,-0.196
3.055,-0.223
3.042,-0.778
2.803,2.115
2.681,-0.976
2.452,-0.406
2.505,-0.848
2.455,2.342
2.276,-1.151
2.244,-0.491
2.325,2.293
1.966,-1.282
1.568,-1.002
1.556,1.927
1.549,0.317
1.405,0.419
1.402,-1.644
0.811,-1.564
0.562,-1.628
0.488,-1.701
0.085,-1.585
-0.408,-1.523
-1.959,-1.556
-3.019,-1.795
-3.09,-1.689
-2.98,-1.813
2.757,-1.744
2.839,-1.411
2.743,-1.451
2.53,-1.72
1.96,-1.591
1.684,-1.857
1.045,2.83
1.047,2.899
0.821,2.879
-0.387,2.897
-1.24,2.877
-1.694,2.893
-1.945,2.883
-2.501,2.705
-2.531,2.768
-2.632,2.849
2.582,2.883
2.39,2.816
0.403,2.15
0.095,0.229
-0.174,0.248
-0.821,0.22
-2.385,1.595
-2.508,0.359
-2.697,-0.365
-3.073,0.392
-3.032,0.538
-3.118,0.282
1.674,-1.323
0.818,1.577
0.448,-0.901
-1.154,0.141
-2.583,1.014
-2.77,2.149
3.013,-0.676
2.718,1.008
0.107,1.306
-0.169,-0.06
-3.062,1.376
3.018,-1.006
2.92,1.419
2.278,-0.147
0.261,-1.248
-2.927,2.375
-2.854,-1.103
-1.244,-1.855
0.047,-2.098
0.004,-1.15
0.017,-2.951
-0.081,-2.021
-0.134,-2.469
-0.139,-0.61
-0.174,-0.169
-0.166,-0.772
-0.205,-2.622
-0.276,-1.723
-0.284,-0.528
-0.243,-3.202
-0.324,-1.927
-0.365,-2.142
-0.304,-1.288
-0.35,-0.279
-0.333,-2.376
-0.512,-1.386
-0.48,-1.434
-0.642,-2.886
-0.587,-0.34
-0.62,-1.443
-0.707,-0.512
-0.679,0.524
-0.794,-1.828
-0.817,0.006
-0.769,-2.613
-0.85,-2.341
-0.86,-3.132
-0.867,0.573
-0.956,-1.2
-0.971,-1.509
-0.977,-0.823
-0.911,-2.849
-1.002,0.46
-1.062,-2.017
-0.99,0.461
-1.081,-0.356
-1.119,-1.152
-1.078,0.442
-1.161,-0.531
-1.205,0.499
-1.232,-2.109
-1.307,-3.081
-1.468,-2.8
-1.534,-3.001
-1.535,-0.734
-1.603,-1.879
-1.545,-1.213
-1.58,-0.401
-1.694,-1.077
-1.639,-1.139
-1.701,-1.885
-1.738,0.73
-1.806,-0.958
-1.806,-2.738
-1.764,0.163
-1.85,0.579
-1.811,-0.893
-1.844,-0.237
-2.028,-1.339
-1.972,-1.116
-2.026,0.11
-1.969,0.037
-2.033,-0.298
-2.137,-0.379
-2.108,-1.806
-2.183,-1.704
-2.195,-0.418
-2.171,-1.64
-2.227,0.419
-2.32,-0.766
-2.356,-1.783
-2.456,-0.049
-2.425,-1.945
-2.578,0.2
-2.678,-1.429
-2.665,0.032
-2.647,-0.227
-2.695,-0.48
-2.739,0.072
-2.736,-1.852
-2.717,-0.503
-2.747,-2.293
-2.762,-1.454
-2.787,0.387
-2.793,-2.155
-2.828,-0.547
-2.905,-2.987
-2.84,-1.656
-2.855,-3.061
-2.945,-1.99
-2.871,-2.894
-2.898,-2.122
-2.967,-1.019
-2.955,-2.157
-3.055,0.551
-2.99,0.07
-3.097,-1.936
-3.047,-2.435
-3.071,-1.454
3.14,-2.217
-3.118,-3.246
3.069,-0.959
3.078,-2.413
3.027,-1.412
2.994,-2.577
2.949,-1.565
2.874,0.099
2.873,-1.593
2.897,-1.348
2.813,-0.81
2.875,-1.357
2.714,0.138
2.772,-0.163
2.638,-0.439
2.687,-2.676
2.71,-2.61
2.65,-3.023
2.547,0.742
2.535,-0.386
2.606,0.756
2.423,-2.235
2.486,0.121
2.402,-2.205
2.312,0.517
2.274,-3.083
2.174,-1.327
2.234,-2.624
2.13,-2.972
1.945,-3.215
1.79,-1.046
1.802,-0.131
1.648,-0.946
1.597,0.017
1.584,-0.329
1.579,-0.83
1.548,0.363
1.443,-2.486
1.391,-1.555
1.419,-1.412
1.269,-3.457
1.056,-3.389
1.086,-3.223
0.271,-3.285
-0.213,-3.397
-0.324,-3.501
-0.992,-3.398
-0.965,-3.572
-1.067,-3.491
-1.659,-3.372
-2.191,-3.76
-3.031,-3.793
3.015,-3.604
2.866,-3.506
2.51,-3.366
2.182,-3.447
1.827,-3.366
0.984,0.906
0.777,0.997
0.432,0.947
0.07,0.883
-0.027,0.68
0.029,0.972
-1.875,0.897
-2.55,1.005
-2.647,1.044
-2.956,0.826
2.803,0.751
1.4,0.873
-0.206,-0.73
-0.797,-3.021
-2.022,-1.046
-2.218,-0.969
-2.578,-1.08
-2.933,-0.2
2.807,-2.356
-0.175,0.807
1.295,0.659
1.311,0.326
1.335,-2.17
1.199,-2.861
0.805,-2.383
0.899,-1.099
0.779,0.606
0.799,0.344
0.899,-1.804
0.901,-0.932
0.735,-0.641
0.78,-1.249
0.731,-1.226
0.586,0.534
0.69,-1.297
0.572,-0.421
0.531,-1.478
0.538,-2.233
0.657,-1.866
0.642,-1.046
0.588,0.739
0.436,-0.804
0.392,0.661
0.412,-1.055
0.403,-0.645
0.243,-1.155
0.342,0.584
0.217,0.386
0.064,-0.819
-0.13,-0.47
-0.381,-3.088
-0.448,-1.404
-0.35,-2.276
-0.434,-1.644
-0.509,0.177
-0.696,-1.815
-0.686,-1.395
-0.74,-3.178
-1.002,-1.496
-1.045,0.729
-1.182,-2.532
-1.251,-3.245
-1.352,-0.02
-1.804,-2.88
-1.685,0.448
-1.781,0.737
-1.894,-1.321
-1.941,-1.623
-1.97,-0.679
-2.257,-1.65
-2.214,0.653
-2.384,-0.316
-2.588,-2.132
-2.635,0.058
-2.728,-2.994
-2.742,0.425
-2.879,-0.376
-2.752,0.082
-2.796,-0.803
-2.842,-1.596
-2.82,0.126
-3.088,0.645
-3.025,0.582
-3.027,-0.601
-3.097,-0.936
-3.13,-1.068
3.05,-1.573
2.999,-2.082
3.078,-2.109
3.065,-2.664
2.826,0.229
2.704,-2.862
2.475,-2.292
2.528,-2.734
2.478,0.456
2.299,-3.037
2.267,-2.377
2.348,0.407
1.989,-3.168
1.591,-2.888
1.579,0.041
1.572,-1.569
1.428,-1.467
1.425,-3.53
0.834,-3.45
0.585,-3.514
0.511,-3.587
0.108,-3.471
-0.385,-3.409
-1.936,-3.442
-2.996,-3.681
-3.067,-3.575
-2.957,-3.699
2.78,-3.63
2.862,-3.297
2.766,-3.337
2.553,-3.606
1.983,-3.477
1.707,-3.743
1.068,0.944
1.07,1.013
0.844,0.993
-0.364,1.011
-1.217,0.991
-1.671,1.007
-1.922,0.997
-2.478,0.819
-2.508,0.882
-2.609,0.963
2.605,0.997
2.413,0.93
0.426,0.264
0.118,-1.657
-0.151,-1.638
-0.798,-1.666
-2.362,-0.291
-2.485,-1.527
-2.674,-2.251
-3.05,-1.494
-3.009,-1.348
-3.095,-1.604
1.697,-3.209
0.841,-0.309
0.471,-2.787
-1.131,-1.745
-2.56,-0.872
-2.747,0.263
3.036,-2.562
2.741,-0.878
0.13,-0.58
-0.146,-1.946
-3.039,-0.51
3.041,-2.892
2.943,-0.467
2.301,-2.033
0.284,-3.134
-2.904,0.489
-2.831,-2.989
-1.221,-3.741
-0.043,0.948
-0.03,-0.853
-0.128,0.077
-0.181,-0.371
-0.186,1.488
-0.221,1.929
-0.213,1.326
-0.252,-0.524
-0.323,0.375
-0.331,1.57
-0.29,-1.104
-0.371,0.171
-0.412,-0.044
-0.351,0.81
-0.397,1.819
-0.38,-0.278
-0.559,0.712
-0.527,0.664
-0.689,-0.788
-0.634,1.758
-0.667,0.655
-0.754,1.586
-0.726,2.622
-0.841,0.27
-0.864,2.104
-0.816,-0.515
-0.897,-0.243
-0.907,-1.034
-0.914,2.671
-1.003,0.898
-1.018,0.589
-1.024,1.275
-0.958,-0.751
-1.049,2.558
-1.109,0.081
-1.037,2.559
-1.128,1.742
-1.166,0.946
-1.125,2.54
-1.208,1.567
-1.252,2.597
-1.279,-0.011
-1.354,-0.983
-1.515,-0.702
-1.581,-0.903
-1.582,1.364
-1.65,0.219
-1.592,0.885
-1.627,1.697
-1.741,1.021
-1.686,0.959
-1.748,0.213
-1.785,2.828
-1.853,1.14
-1.853,-0.64
-1.811,2.261
-1.897,2.677
-1.858,1.205
-1.891,1.861
-2.075,0.759
-2.019,0.982
-2.073,2.208
-2.016,2.135
-2.08,1.8
-2.184,1.719
-2.155,0.292
-2.23,0.394
-2.242,1.68
-2.218,0.458
-2.274,2.517
-2.367,1.332
-2.403,0.315
-2.503,2.049
-2.472,0.153
-2.625,2.298
-2.725,0.669
-2.712,2.13
-2.694,1.871
-2.742,1.618
-2.786,2.17
-2.783,0.246
-2.764,1.595
-2.794,-0.195
-2.809,0.644
-2.834,2.485
-2.84,-0.057
-2.875,1.551
-2.952,-0.889
-2.887,0.442
-2.902,-0.963
-2.992,0.108
-2.918,-0.796
-2.945,-0.024
-3.014,1.079
-3.002,-0.059
-3.102,2.649
-3.037,2.168
3.139,0.162
-3.094,-0.337
-3.118,0.644
3.093,-0.119
3.118,-1.148
3.022,1.139
3.031,-0.315
2.98,0.686
2.947,-0.479
2.902,0.533
2.827,2.197
2.826,0.505
2.85,0.75
2.766,1.288
2.828,0.741
2.667,2.236
2.725,1.935
2.591,1.659
2.64,-0.578
2.663,-0.512
2.603,-0.925
2.5,2.84
2.488,1.712
2.559,2.854
2.376,-0.137
2.439,2.219
2.355,-0.107
2.265,2.615
2.227,-0.985
2.127,0.771
2.187,-0.526
2.083,-0.874
1.898,-1.117
1.743,1.052
1.755,1.967
1.601,1.152
1.55,2.115
1.537,1.769
1.532,1.268
1.501,2.461
1.396,-0.388
1.344,0.543
1.372,0.686
1.222,-1.359
1.009,-1.291
1.039,-1.125
0.224,-1.187
-0.26,-1.299
-0.371,-1.403
-1.039,-1.3
-1.012,-1.474
-1.114,-1.393
-1.706,-1.274
-2.238,-1.662
-3.078,-1.695
2.968,-1.506
2.819,-1.408
2.463,-1.268
2.135,-1.349
1.78,-1.268
0.937,3.004
0.73,3.095
0.385,3.045
0.023,2.981
-0.074,2.778
-0.018,3.07
-1.922,2.995
-2.597,3.103
-2.694,3.142
-3.003,2.924
2.756,2.849
1.353,2.971
-0.253,1.368
-0.844,-0.923
-2.069,1.052
-2.265,1.129
-2.625,1.018
-2.98,1.898
2.76,-0.258
-0.222,2.905
1.248,2.757
1.264,2.424
1.288,-0.072
1.152,-0.763
0.758,-0.285
0.852,0.999
0.732,2.704
0.752,2.442
0.852,0.294
0.854,1.166
0.688,1.457
0.733,0.849
0.684,0.872
0.539,2.632
0.643,0.801
0.525,1.677
0.484,0.62
0.491,-0.135
0.61,0.232
0.595,1.052
0.541,2.837
0.389,1.294
0.345,2.759
0.365,1.043
0.356,1.453
0.196,0.943
0.295,2.682
0.17,2.484
0.017,1.279
-0.177,1.628
-0.428,-0.99
-0.495,0.694
-0.397,-0.178
-0.481,0.454
-0.556,2.275
-0.743,0.283
-0.733,0.703
-0.787,-1.08
-1.049,0.602
-1.092,2.827
-1.229,-0.434
-1.298,-1.147
-1.399,2.078
-1.851,-0.782
-1.732,2.546
-1.828,2.835
-1.941,0.777
-1.988,0.475
-2.017,1.419
-2.304,0.448
-2.261,2.751
-2.431,1.782
-2.635,-0.034
-2.682,2.156
-2.775,-0.896
-2.789,2.523
-2.926,1.722
-2.799,2.18
-2.843,1.295
-2.889,0.502
-2.867,2.224
-3.135,2.743
-3.072,2.68
-3.074,1.497
3.139,1.162
3.106,1.03
3.003,0.525
2.952,0.016
3.031,-0.011
3.018,-0.566
2.779,2.327
2.657,-0.764
2.428,-0.194
2.481,-0.636
2.431,2.554
2.252,-0.939
2.22,-0.279
2.301,2.505
1.942,-1.07
1.544,-0.79
1.532,2.139
1.525,0.529
1.381,0.631
1.378,-1.432
0.787,-1.352
0.538,-1.416
0.464,-1.489
0.061,-1.373
-0.432,-1.311
-1.983,-1.344
-3.043,-1.583
-3.114,-1.477
-3.004,-1.601
2.733,-1.532
2.815,-1.199
2.719,-1.239
2.506,-1.508
1.936,-1.379
1.66,-1.645
1.021,3.042
1.023,3.111
0.797,3.091
-0.411,3.109
-1.264,3.089
-1.718,3.105
-1.969,3.095
-2.525,2.917
-2.555,2.98
-2.656,3.061
2.558,3.095
2.366,3.028
0.379,2.362
0.071,0.441
-0.198,0.46
-0.845,0.432
-2.409,1.807
-2.532,0.571
-2.721,-0.153
-3.097,0.604
-3.056,0.75
3.141,0.494
1.65,-1.111
0.794,1.789
0.424,-0.689
-1.178,0.353
-2.607,1.226
-2.794,2.361
2.989,-0.464
2.694,1.22
0.083,1.518
-0.193,0.152
-3.086,1.588
2.994,-0.794
2.896,1.631
2.254,0.065
0.237,-1.036
-2.951,2.587
-2.878,-0.891
-1.268,-1.643
0.013,-1.801
-0.085,-0.871
-0.138,-1.319
-0.143,0.54
-0.178,0.981
-0.17,0.378
-0.209,-1.472
-0.28,-0.573
-0.288,0.622
-0.247,-2.052
-0.328,-0.777
-0.369,-0.992
-0.308,-0.138
-0.354,0.871
-0.337,-1.226
-0.516,-0.236
-0.484,-0.284
-0.646,-1.736
-0.591,0.81
-0.624,-0.293
-0.711,0.638
-0.683,1.674
-0.798,-0.678
-0.821,1.156
-0.773,-1.463
-0.854,-1.191
-0.864,-1.982
-0.871,1.723
-0.96,-0.05
-0.975,-0.359
-0.981,0.327
-0.915,-1.699
-1.006,1.61
-1.066,-0.867
-0.994,1.611
-1.085,0.794
-1.123,-0.002
-1.082,1.592
-1.165,0.619
-1.209,1.649
-1.236,-0.959
-1.311,-1.931
-1.472,-1.65
-1.538,-1.851
-1.539,0.416
-1.607,-0.729
-1.549,-0.063
-1.584,0.749
-1.698,0.073
-1.643,0.011
-1.705,-0.735
-1.742,1.88
-1.81,0.192
-1.81,-1.588
-1.768,1.313
-1.854,1.729
-1.815,0.257
-1.848,0.913
-2.032,-0.189
-1.976,0.034
-2.03,1.26
-1.973,1.187
-2.037,0.852
-2.141,0.771
-2.112,-0.656
-2.187,-0.554
-2.199,0.732
-2.175,-0.49
-2.231,1.569
-2.324,0.384
-2.36,-0.633
-2.46,1.101
-2.429,-0.795
-2.582,1.35
-2.682,-0.279
-2.669,1.182
-2.651,0.923
-2.699,0.67
-2.743,1.222
-2.74,-0.702
-2.721,0.647
-2.751,-1.143
-2.766,-0.304
-2.791,1.537
-2.797,-1.005
-2.832,0.603
-2.909,-1.837
-2.844,-0.506
-2.859,-1.911
-2.949,-0.84
-2.875,-1.744
-2.902,-0.972
-2.971,0.131
-2.959,-1.007
-3.059,1.701
-2.994,1.22
-3.101,-0.786
-3.051,-1.285
-3.075,-0.304
3.136,-1.067
-3.122,-2.096
3.065,0.191
3.074,-1.263
3.023,-0.262
2.99,-1.427
2.945,-0.415
2.87,1.249
2.869,-0.443
2.893,-0.198
2.809,0.34
2.871,-0.207
2.71,1.288
2.768,0.987
2.634,0.711
2.683,-1.526
2.706,-1.46
2.646,-1.873
2.543,1.892
2.531,0.764
2.602,1.906
2.419,-1.085
2.482,1.271
2.398,-1.055
2.308,1.667
2.27,-1.933
2.17,-0.177
2.23,-1.474
2.126,-1.822
1.941,-2.065
1.786,0.104
1.798,1.019
1.644,0.204
1.593,1.167
1.58,0.821
1.575,0.32
1.544,1.513
1.439,-1.336
1.387,-0.405
1.415,-0.262
1.265,-2.307
1.052,-2.239
1.082,-2.073
0.267,-2.135
-0.217,-2.247
-0.328,-2.351
-0.996,-2.248
-0.969,-2.422
-1.071,-2.341
-1.663,-2.222
-2.195,-2.61
-3.035,-2.643
3.011,-2.454
2.862,-2.356
2.506,-2.216
2.178,-2.297
1.823,-2.216
0.98,2.056
0.773,2.147
0.428,2.097
0.066,2.033
-0.031,1.83
0.025,2.122
-1.879,2.047
-2.554,2.155
-2.651,2.194
-2.96,1.976
2.799,1.901
1.396,2.023
-0.21,0.42
-0.801,-1.871
-2.026,0.104
-2.222,0.181
-2.582,0.07
-2.937,0.95
2.803,-1.206
-0.179,1.957
1.291,1.809
1.307,1.476
1.331,-1.02
1.195,-1.711
0.801,-1.233
0.895,0.051
0.775,1.756
0.795,1.494
0.895,-0.654
0.897,0.218
0.731,0.509
0.776,-0.099
0.727,-0.076
0.582,1.684
0.686,-0.147
0.568,0.729
0.527,-0.328
0.534,-1.083
0.653,-0.716
0.638,0.104
0.584,1.889
0.432,0.346
0.388,1.811
0.408,0.095
0.399,0.505
0.239,-0.005
0.338,1.734
0.213,1.536
0.06,0.331
-0.134,0.68
-0.385,-1.938
-0.452,-0.254
-0.354,-1.126
-0.438,-0.494
-0.513,1.327
-0.7,-0.665
-0.69,-0.245
-0.744,-2.028
-1.006,-0.346
-1.049,1.879
-1.186,-1.382
-1.255,-2.095
-1.356,1.13
-1.808,-1.73
-1.689,1.598
-1.785,1.887
-1.898,-0.171
-1.945,-0.473
-1.974,0.471
-2.261,-0.5
-2.218,1.803
-2.388,0.834
-2.592,-0.982
-2.639,1.208
-2.732,-1.844
-2.746,1.575
-2.883,0.774
-2.756,1.232
-2.8,0.347
-2.846,-0.446
-2.824,1.276
-3.092,1.795
-3.029,1.732
-3.031,0.549
-3.101,0.214
-3.134,0.082
3.046,-0.423
2.995,-0.932
3.074,-0.959
3.061,-1.514
2.822,1.379
2.7,-1.712
2.471,-1.142
2.524,-1.584
2.474,1.606
2.295,-1.887
2.263,-1.227
2.344,1.557
1.985,-2.018
1.587,-1.738
1.575,1.191
1.568,-0.419
1.424,-0.317
1.421,-2.38
0.83,-2.3
0.581,-2.364
0.507,-2.437
0.104,-2.321
-0.389,-2.259
-1.94,-2.292
-3.0,-2.531
-3.071,-2.425
-2.961,-2.549
2.776,-2.48
2.858,-2.147
2.762,-2.187
2.549,-2.456
1.979,-2.327
1.703,-2.593
1.064,2.094
1.066,2.163
0.84,2.143
-0.368,2.161
-1.221,2.141
-1.675,2.157
-1.926,2.147
-2.482,1.969
-2.512,2.032
-2.613,2.113
2.601,2.147
2.409,2.08
0.422,1.414
0.114,-0.507
-0.155,-0.488
-0.802,-0.516
-2.366,0.859
-2.489,-0.377
-2.678,-1.101
-3.054,-0.344
-3.013,-0.198
-3.099,-0.454
1.693,-2.059
0.837,0.841
0.467,-1.637
-1.135,-0.595
-2.564,0.278
-2.751,1.413
3.032,-1.412
2.737,0.272
0.126,0.57
-0.15,-0.796
-3.043,0.64
3.037,-1.742
2.939,0.683
2.297,-0.883
0.28,-1.984
-2.908,1.639
-2.835,-1.839
-1.225,-2.591
-0.098,0.93
-0.151,0.482
-0.156,2.341
-0.191,2.782
-0.183,2.179
-0.222,0.329
-0.293,1.228
-0.301,2.423
-0.26,-0.251
-0.341,1.024
-0.382,0.809
-0.321,1.663
-0.367,2.672
-0.35,0.575
-0.529,1.565
-0.497,1.517
-0.659,0.065
-0.604,2.611
-0.637,1.508
-0.724,2.439
-0.696,3.475
-0.811,1.123
-0.834,2.957
-0.786,0.338
-0.867,0.61
-0.877,-0.181
-0.884,3.524
-0.973,1.751
-0.988,1.442
-0.994,2.128
-0.928,0.102
-1.019,3.411
-1.079,0.934
-1.007,3.412
-1.098,2.595
-1.136,1.799
-1.095,3.393
-1.178,2.42
-1.222,3.45
-1.249,0.842
-1.324,-0.13
-1.485,0.151
-1.551,-0.05
-1.552,2.217
-1.62,1.072
-1.562,1.738
-1.597,2.55
-1.711,1.874
-1.656,1.812
-1.718,1.066
-1.755,3.681
-1.823,1.993
-1.823,0.213
-1.781,3.114
-1.867,3.53
-1.828,2.058
-1.861,2.714
-2.045,1.612
-1.989,1.835
-2.043,3.061
-1.986,2.988
-2.05,2.653
-2.154,2.572
-2.125,1.145
-2.2,1.247
-2.212,2.533
-2.188,1.311
-2.244,3.37
-2.337,2.185
-2.373,1.168
-2.473,2.902
-2.442,1.006
-2.595,3.151
-2.695,1.522
-2.682,2.983
-2.664,2.724
-2.712,2.471
-2.756,3.023
-2.753,1.099
-2.734,2.448
-2.764,0.658
-2.779,1.497
-2.804,3.338
-2.81,0.796
-2.845,2.404
-2.922,-0.036
-2.857,1.295
-2.872,-0.11
-2.962,0.961
-2.888,0.057
-2.915,0.829
-2.984,1.932
-2.972,0.794
-3.072,3.502
-3.007,3.021
-3.114,1.015
-3.064,0.516
-3.088,1.497
3.123,0.734
-3.135,-0.295
3.052,1.992
3.061,0.538
3.01,1.539
2.977,0.374
2.932,1.386
2.857,3.05
2.856,1.358
2.88,1.603
2.796,2.141
2.858,1.594
2.697,3.089
2.755,2.788
2.621,2.512
2.67,0.275
2.693,0.341
2.633,-0.072
2.53,3.693
2.518,2.565
2.589,3.707
2.406,0.716
2.469,3.072
2.385,0.746
2.295,3.468
2.257,-0.132
2.157,1.624
2.217,0.327
2.113,-0.021
1.928,-0.264
1.773,1.905
1.785,2.82
1.631,2.005
1.58,2.968
1.567,2.622
1.562,2.121
1.531,3.314
1.426,0.465
1.374,1.396
1.402,1.539
1.252,-0.506
1.039,-0.438
1.069,-0.272
0.254,-0.334
-0.23,-0.446
-0.341,-0.55
-1.009,-0.447
-0.982,-0.621
-1.084,-0.54
-1.676,-0.421
-2.208,-0.809
-3.048,-0.842
2.998,-0.653
2.849,-0.555
2.493,-0.415
2.165,-0.496
1.81,-0.415
0.967,3.857
0.76,3.948
0.415,3.898
0.053,3.834
-0.044,3.631
0.012,3.923
-1.892,3.848
-2.567,3.956
-2.664,3.995
-2.973,3.777
2.786,3.702
1.383,3.824
-0.223,2.221
-0.814,-0.07
-2.039,1.905
-2.235,1.982
-2.595,1.871
-2.95,2.751
2.79,0.595
-0.192,3.758
1.278,3.61
1.294,3.277
1.318,0.781
1.182,0.09
0.788,0.568
0.882,1.852
0.762,3.557
0.782,3.295
0.882,1.147
0.884,2.019
0.718,2.31
0.763,1.702
0.714,1.725
0.569,3.485
0.673,1.654
0.555,2.53
0.514,1.473
0.521,0.718
0.64,1.085
0.625,1.905
0.571,3.69
0.419,2.147
0.375,3.612
0.395,1.896
0.386,2.306
0.226,1.796
0.325,3.535
0.2,3.337
0.047,2.132
-0.147,2.481
-0.398,-0.137
-0.465,1.547
-0.367,0.675
-0.451,1.307
-0.526,3.128
-0.713,1.136
-0.703,1.556
-0.757,-0.227
-1.019,1.455
-1.062,3.68
-1.199,0.419
-1.268,-0.294
-1.369,2.931
-1.821,0.071
-1.702,3.399
-1.798,3.688
-1.911,1.63
-1.958,1.328
-1.987,2.272
-2.274,1.301
-2.231,3.604
-2.401,2.635
-2.605,0.819
-2.652,3.009
-2.745,-0.043
-2.759,3.376
-2.896,2.575
-2.769,3.033
-2.813,2.148
-2.859,1.355
-2.837,3.077
-3.105,3.596
-3.042,3.533
-3.044,2.35
-3.114,2.015
3.136,1.883
3.033,1.378
2.982,0.869
3.061,0.842
3.048,0.287
2.809,3.18
2.687,0.089
2.458,0.659
2.511,0.217
2.461,3.407
2.282,-0.086
2.25,0.574
2.331,3.358
1.972,-0.217
1.574,0.063
1.562,2.992
1.555,1.382
1.411,1.484
1.408,-0.579
0.817,-0.499
0.568,-0.563
0.494,-0.636
0.091,-0.52
-0.402,-0.458
-1.953,-0.491
-3.013,-0.73
-3.084,-0.624
-2.974,-0.748
2.763,-0.679
2.845,-0.346
2.749,-0.386
2.536,-0.655
1.966,-0.526
1.69,-0.792
1.051,3.895
1.053,3.964
0.827,3.944
-0.381,3.962
-1.234,3.942
-1.688,3.958
-1.939,3.948
-2.495,3.77
-2.525,3.833
-2.626,3.914
2.588,3.948
2.396,3.881
0.409,3.215
0.101,1.294
-0.168,1.313
-0.815,1.285
-2.379,2.66
-2.502,1.424
-2.691,0.7
-3.067,1.457
-3.026,1.603
-3.112,1.347
1.68,-0.258
0.824,2.642
0.454,0.164
-1.148,1.206
-2.577,2.079
-2.764,3.214
3.019,0.389
2.724,2.073
0.113,2.371
-0.163,1.005
-3.056,2.441
3.024,0.059
2.926,2.484
2.284,0.918
0.267,-0.183
-2.921,3.44
-2.848,-0.038
-1.238,-0.79
-0.053,-0.448
-0.058,1.411
-0.093,1.852
-0.085,1.249
-0.124,-0.601
-0.195,0.298
-0.203,1.493
-0.162,-1.181
-0.243,0.094
-0.284,-0.121
-0.223,0.733
-0.269,1.742
-0.252,-0.355
-0.431,0.635
-0.399,0.587
-0.561,-0.865
-0.506,1.681
-0.539,0.578
-0.626,1.509
-0.598,2.545
-0.713,0.193
-0.736,2.027
-0.688,-0.592
-0.769,-0.32
-0.779,-1.111
-0.786,2.594
-0.875,0.821
-0.89,0.512
-0.896,1.198
-0.83,-0.828
-0.921,2.481
-0.981,0.004
-0.909,2.482
-1.0,1.665
-1.038,0.869
-0.997,2.463
-1.08,1.49
-1.124,2.52
-1.151,-0.088
-1.226,-1.06
-1.387,-0.779
-1.453,-0.98
-1.454,1.287
-1.522,0.142
-1.464,0.808
-1.499,1.62
-1.613,0.944
-1.558,0.882
-1.62,0.136
-1.657,2.751
-1.725,1.063
-1.725,-0.717
-1.683,2.184
-1.769,2.6
-1.73,1.128
-1.763,1.784
-1.947,0.682
-1.891,0.905
-1.945,2.131
-1.888,2.058
-1.952,1.723
-2.056,1.642
-2.027,0.215
-2.102,0.317
-2.114,1.603
-2.09,0.381
-2.146,2.44
-2.239,1.255
-2.275,0.238
-2.375,1.972
-2.344,0.076
-2.497,2.221
-2.597,0.592
-2.584,2.053
-2.566,1.794
-2.614,1.541
-2.658,2.093
-2.655,0.169
-2.636,1.518
-2.666,-0.272
-2.681,0.567
-2.706,2.408
-2.712,-0.134
-2.747,1.474
-2.824,-0.966
-2.759,0.365
-2.774,-1.04
-2.864,0.031
-2.79,-0.873
-2.817,-0.101
-2.886,1.002
-2.874,-0.136
-2.974,2.572
-2.909,2.091
-3.016,0.085
-2.966,-0.414
-2.99,0.567
-3.062,-0.196
-3.037,-1.225
-3.133,1.062
-3.124,-0.392
3.108,0.609
3.075,-0.556
3.03,0.456
2.955,2.12
2.954,0.428
2.978,0.673
2.894,1.211
2.956,0.664
2.795,2.159
2.853,1.858
2.719,1.582
2.768,-0.655
2.791,-0.589
2.731,-1.002
2.628,2.763
2.616,1.635
2.687,2.777
2.504,-0.214
2.567,2.142
2.483,-0.184
2.393,2.538
2.355,-1.062
2.255,0.694
2.315,-0.603
2.211,-0.951
2.026,-1.194
1.871,0.975
1.883,1.89
1.729,1.075
1.678,2.038
1.665,1.692
1.66,1.191
1.629,2.384
1.524,-0.465
1.472,0.466
1.5,0.609
1.35,-1.436
1.137,-1.368
1.167,-1.202
0.352,-1.264
-0.132,-1.376
-0.243,-1.48
-0.911,-1.377
-0.884,-1.551
-0.986,-1.47
-1.578,-1.351
-2.11,-1.739
-2.95,-1.772
3.096,-1.583
2.947,-1.485
2.591,-1.345
2.263,-1.426
1.908,-1.345
1.065,2.927
0.858,3.018
0.513,2.968
0.151,2.904
0.054,2.701
0.11,2.993
-1.794,2.918
-2.469,3.026
-2.566,3.065
-2.875,2.847
2.884,2.772
1.481,2.894
-0.125,1.291
-0.716,-1.0
-1.941,0.975
-2.137,1.052
-2.497,0.941
-2.852,1.821
2.888,-0.335
-0.094,2.828
1.376,2.68
1.392,2.347
1.416,-0.149
1.28,-0.84
0.886,-0.362
0.98,0.922
0.86,2.627
0.88,2.365
0.98,0.217
0.982,1.089
0.816,1.38
0.861,0.772
0.812,0.795
0.667,2.555
0.771,0.724
0.653,1.6
0.612,0.543
0.619,-0.212
0.738,0.155
0.723,0.975
0.669,2.76
0.517,1.217
0.473,2.682
0.493,0.966
0.484,1.376
0.324,0.866
0.423,2.605
0.298,2.407
0.145,1.202
-0.049,1.551
-0.3,-1.067
-0.367,0.617
-0.269,-0.255
-0.353,0.377
-0.428,2.198
-0.615,0.206
-0.605,0.626
-0.659,-1.157
-0.921,0.525
-0.964,2.75
-1.101,-0.511
-1.17,-1.224
-1.271,2.001
-1.723,-0.859
-1.604,2.469
-1.7,2.758
-1.813,0.7
-1.86,0.398
-1.889,1.342
-2.176,0.371
-2.133,2.674
-2.303,1.705
-2.507,-0.111
-2.554,2.079
-2.647,-0.973
-2.661,2.446
-2.798,1.645
-2.671,2.103
-2.715,1.218
-2.761,0.425
-2.739,2.147
-3.007,2.666
-2.944,2.603
-2.946,1.42
-3.016,1.085
-3.049,0.953
3.131,0.448
3.08,-0.061
-3.124,-0.088
-3.137,-0.643
2.907,2.25
2.785,-0.841
2.556,-0.271
2.609,-0.713
2.559,2.477
2.38,-1.016
2.348,-0.356
2.429,2.428
2.07,-1.147
1.672,-0.867
1.66,2.062
1.653,0.452
1.509,0.554
1.506,-1.509
0.915,-1.429
0.666,-1.493
0.592,-1.566
0.189,-1.45
-0.304,-1.388
-1.855,-1.421
-2.915,-1.66
-2.986,-1.554
-2.876,-1.678
2.861,-1.609
2.943,-1.276
2.847,-1.316
2.634,-1.585
2.064,-1.456
1.788,-1.722
1.149,2.965
1.151,3.034
0.925,3.014
-0.283,3.032
-1.136,3.012
-1.59,3.028
-1.841,3.018
-2.397,2.84
-2.427,2.903
-2.528,2.984
2.686,3.018
2.494,2.951
0.507,2.285
0.199,0.364
-0.07,0.383
-0.717,0.355
-2.281,1.73
-2.404,0.494
-2.593,-0.23
-2.969,0.527
-2.928,0.673
-3.014,0.417
1.778,-1.188
0.922,1.712
0.552,-0.766
-1.05,0.276
-2.479,1.149
-2.666,2.284
3.117,-0.541
2.822,1.143
0.211,1.441
-0.065,0.075
-2.958,1.511
3.122,-0.871
3.024,1.554
2.382,-0.012
0.365,-1.113
-2.823,2.51
-2.75,-0.968
-1.14,-1.72
-0.005,1.859
-0.04,2.3
-0.032,1.697
-0.071,-0.153
-0.142,0.746
-0.15,1.941
-0.109,-0.733
-0.19,0.542
-0.231,0.327
-0.17,1.181
-0.216,2.19
-0.199,0.093
-0.378,1.083
-0.346,1.035
-0.508,-0.417
-0.453,2.129
-0.486,1.026
-0.573,1.957
-0.545,2.993
-0.66,0.641
-0.683,2.475
-0.635,-0.144
-0.716,0.128
-0.726,-0.663
-0.733,3.042
-0.822,1.269
-0.837,0.96
-0.843,1.646
-0.777,-0.38
-0.868,2.929
-0.928,0.452
-0.856,2.93
-0.947,2.113
-0.985,1.317
-0.944,2.911
-1.027,1.938
-1.071,2.968
-1.098,0.36
-1.173,-0.612
-1.334,-0.331
-1.4,-0.532
-1.401,1.735
-1.469,0.59
-1.411,1.256
-1.446,2.068
-1.56,1.392
-1.505,1.33
-1.567,0.584
-1.604,3.199
-1.672,1.511
-1.672,-0.269
-1.63,2.632
-1.716,3.048
-1.677,1.576
-1.71,2.232
-1.894,1.13
-1.838,1.353
-1.892,2.579
-1.835,2.506
-1.899,2.171
-2.003,2.09
-1.974,0.663
-2.049,0.765
-2.061,2.051
-2.037,0.829
-2.093,2.888
-2.186,1.703
-2.222,0.686
-2.322,2.42
-2.291,0.524
-2.444,2.669
-2.544,1.04
-2.531,2.501
-2.513,2.242
-2.561,1.989
-2.605,2.541
-2.602,0.617
-2.583,1.966
-2.613,0.176
-2.628,1.015
-2.653,2.856
-2.659,0.314
-2.694,1.922
-2.771,-0.518
-2.706,0.813
-2.721,-0.592
-2.811,0.479
-2.737,-0.425
-2.764,0.347
-2.833,1.45
-2.821,0.312
-2.921,3.02
-2.856,2.539
-2.963,0.533
-2.913,0.034
-2.937,1.015
-3.009,0.252
-2.984,-0.777
-3.08,1.51
-3.071,0.056
-3.122,1.057
3.128,-0.108
3.083,0.904
3.008,2.568
3.007,0.876
3.031,1.121
2.947,1.659
3.009,1.112
2.848,2.607
2.906,2.306
2.772,2.03
2.821,-0.207
2.844,-0.141
2.784,-0.554
2.681,3.211
2.669,2.083
2.74,3.225
2.557,0.234
2.62,2.59
2.536,0.264
2.446,2.986
2.408,-0.614
2.308,1.142
2.368,-0.155
2.264,-0.503
2.079,-0.746
1.924,1.423
1.936,2.338
1.782,1.523
1.731,2.486
1.718,2.14
1.713,1.639
1.682,2.832
1.577,-0.017
1.525,0.914
1.553,1.057
1.403,-0.988
1.19,-0.92
1.22,-0.754
0.405,-0.816
-0.079,-0.928
-0.19,-1.032
-0.858,-0.929
-0.831,-1.103
-0.933,-1.022
-1.525,-0.903
-2.057,-1.291
-2.897,-1.324
-3.134,-1.135
3.0,-1.037
2.644,-0.897
2.316,-0.978
1.961,-0.897
1.118,3.375
0.911,3.466
0.566,3.416
0.204,3.352
0.107,3.149
0.163,3.441
-1.741,3.366
-2.416,3.474
-2.513,3.513
-2.822,3.295
2.937,3.22
1.534,3.342
-0.072,1.739
-0.663,-0.552
-1.888,1.423
-2.084,1.5
-2.444,1.389
-2.799,2.269
2.941,0.113
-0.041,3.276
1.429,3.128
1.445,2.795
1.469,0.299
1.333,-0.392
0.939,0.086
1.033,1.37
0.913,3.075
0.933,2.813
1.033,0.665
1.035,1.537
0.869,1.828
0.914,1.22
0.865,1.243
0.72,3.003
0.824,1.172
0.706,2.048
0.665,0.991
0.672,0.236
0.791,0.603
0.776,1.423
0.722,3.208
0.57,1.665
0.526,3.13
0.546,1.414
0.537,1.824
0.377,1.314
0.476,3.053
0.351,2.855
0.198,1.65
0.004,1.999
-0.247,-0.619
-0.314,1.065
-0.216,0.193
-0.3,0.825
-0.375,2.646
-0.562,0.654
-0.552,1.074
-0.606,-0.709
-0.868,0.973
-0.911,3.198
-1.048,-0.063
-1.117,-0.776
-1.218,2.449
-1.67,-0.411
-1.551,2.917
-1.647,3.206
-1.76,1.148
-1.807,0.846
-1.836,1.79
-2.123,0.819
-2.08,3.122
-2.25,2.153
-2.454,0.337
-2.501,2.527
-2.594,-0.525
-2.608,2.894
-2.745,2.093
-2.618,2.551
-2.662,1.666
-2.708,0.873
-2.686,2.595
-2.954,3.114
-2.891,3.051
-2.893,1.868
-2.963,1.533
-2.996,1.401
-3.099,0.896
3.133,0.387
-3.071,0.36
-3.084,-0.195
2.96,2.698
2.838,-0.393
2.609,0.177
2.662,-0.265
2.612,2.925
2.433,-0.568
2.401,0.092
2.482,2.876
2.123,-0.699
1.725,-0.419
1.713,2.51
1.706,0.9
1.562,1.002
1.559,-1.061
0.968,-0.981
0.719,-1.045
0.645,-1.118
0.242,-1.002
-0.251,-0.94
-1.802,-0.973
-2.862,-1.212
-2.933,-1.106
-2.823,-1.23
2.914,-1.161
2.996,-0.828
2.9,-0.868
2.687,-1.137
2.117,-1.008
1.841,-1.274
1.202,3.413
1.204,3.482
0.978,3.462
-0.23,3.48
-1.083,3.46
-1.537,3.476
-1.788,3.466
-2.344,3.288
-2.374,3.351
-2.475,3.432
2.739,3.466
2.547,3.399
0.56,2.733
0.252,0.812
-0.017,0.831
-0.664,0.803
-2.228,2.178
-2.351,0.942
-2.54,0.218
-2.916,0.975
-2.875,1.121
-2.961,0.865
1.831,-0.74
0.975,2.16
0.605,-0.318
-0.997,0.724
-2.426,1.597
-2.613,2.732
-3.113,-0.093
2.875,1.591
0.264,1.889
-0.012,0.523
-2.905,1.959
-3.108,-0.423
3.077,2.002
2.435,0.436
0.418,-0.665
-2.77,2.958
-2.697,-0.52
-1.087,-1.272
-0.035,0.441
-0.027,-0.162
-0.066,-2.012
-0.137,-1.113
-0.145,0.082
-0.104,-2.592
-0.185,-1.317
-0.226,-1.532
-0.165,-0.678
-0.211,0.331
-0.194,-1.766
-0.373,-0.776
-0.341,-0.824
-0.503,-2.276
-0.448,0.27
-0.481,-0.833
-0.568,0.098
-0.54,1.134
-0.655,-1.218
-0.678,0.616
-0.63,-2.003
-0.711,-1.731
-0.721,-2.522
-0.728,1.183
-0.817,-0.59
-0.832,-0.899
-0.838,-0.213
-0.772,-2.239
-0.863,1.07
-0.923,-1.407
-0.851,1.071
-0.942,0.254
-0.98,-0.542
-0.939,1.052
-1.022,0.079
-1.066,1.109
-1.093,-1.499
-1.168,-2.471
-1.329,-2.19
-1.395,-2.391
-1.396,-0.124
-1.464,-1.269
-1.406,-0.603
-1.441,0.209
-1.555,-0.467
-1.5,-0.529
-1.562,-1.275
-1.599,1.34
-1.667,-0.348
-1.667,-2.128
-1.625,0.773
-1.711,1.189
-1.672,-0.283
-1.705,0.373
-1.889,-0.729
-1.833,-0.506
-1.887,0.72
-1.83,0.647
-1.894,0.312
-1.998,0.231
-1.969,-1.196
-2.044,-1.094
-2.056,0.192
-2.032,-1.03
-2.088,1.029
-2.181,-0.156
-2.217,-1.173
-2.317,0.561
-2.286,-1.335
-2.439,0.81
-2.539,-0.819
-2.526,0.642
-2.508,0.383
-2.556,0.13
-2.6,0.682
-2.597,-1.242
-2.578,0.107
-2.608,-1.683
-2.623,-0.844
-2.648,0.997
-2.654,-1.545
-2.689,0.063
-2.766,-2.377
-2.701,-1.046
-2.716,-2.451
-2.806,-1.38
-2.732,-2.284
-2.759,-1.512
-2.828,-0.409
-2.816,-1.547
-2.916,1.161
-2.851,0.68
-2.958,-1.326
-2.908,-1.825
-2.932,-0.844
-3.004,-1.607
-2.979,-2.636
-3.075,-0.349
-3.066,-1.803
-3.117,-0.802
3.133,-1.967
3.088,-0.955
3.013,0.709
3.012,-0.983
3.036,-0.738
2.952,-0.2
3.014,-0.747
2.853,0.748
2.911,0.447
2.777,0.171
2.826,-2.066
2.849,-2.0
2.789,-2.413
2.686,1.352
2.674,0.224
2.745,1.366
2.562,-1.625
2.625,0.731
2.541,-1.595
2.451,1.127
2.413,-2.473
2.313,-0.717
2.373,-2.014
2.269,-2.362
2.084,-2.605
1.929,-0.436
1.941,0.479
1.787,-0.336
1.736,0.627
1.723,0.281
1.718,-0.22
1.687,0.973
1.582,-1.876
1.53,-0.945
1.558,-0.802
1.408,-2.847
1.195,-2.779
1.225,-2.613
0.41,-2.675
-0.074,-2.787
-0.185,-2.891
-0.853,-2.788
-0.826,-2.962
-0.928,-2.881
-1.52,-2.762
-2.052,-3.15
-2.892,-3.183
-3.129,-2.994
3.005,-2.896
2.649,-2.756
2.321,-2.837
1.966,-2.756
1.123,1.516
0.916,1.607
0.571,1.557
0.209,1.493
0.112,1.29
0.168,1.582
-1.736,1.507
-2.411,1.615
-2.508,1.654
-2.817,1.436
2.942,1.361
1.539,1.483
-0.067,-0.12
-0.658,-2.411
-1.883,-0.436
-2.079,-0.359
-2.439,-0.47
-2.794,0.41
2.946,-1.746
-0.036,1.417
1.434,1.269
1.45,0.936
1.474,-1.56
1.338,-2.251
0.944,-1.773
1.038,-0.489
0.918,1.216
0.938,0.954
1.038,-1.194
1.04,-0.322
0.874,-0.031
0.919,-0.639
0.87,-0.616
0.725,1.144
0.829,-0.687
0.711,0.189
0.67,-0.868
0.677,-1.623
0.796,-1.256
0.781,-0.436
0.727,1.349
0.575,-0.194
0.531,1.271
0.551,-0.445
0.542,-0.035
0.382,-0.545
0.481,1.194
0.356,0.996
0.203,-0.209
0.009,0.14
-0.242,-2.478
-0.309,-0.794
-0.211,-1.666
-0.295,-1.034
-0.37,0.787
-0.557,-1.205
-0.547,-0.785
-0.601,-2.568
-0.863,-0.886
-0.906,1.339
-1.043,-1.922
-1.112,-2.635
-1.213,0.59
-1.665,-2.27
-1.546,1.058
-1.642,1.347
-1.755,-0.711
-1.802,-1.013
-1.831,-0.069
-2.118,-1.04
-2.075,1.263
-2.245,0.294
-2.449,-1.522
-2.496,0.668
-2.589,-2.384
-2.603,1.035
-2.74,0.234
-2.613,0.692
-2.657,-0.193
-2.703,-0.986
-2.681,0.736
-2.949,1.255
-2.886,1.192
-2.888,0.009
-2.958,-0.326
-2.991,-0.458
-3.094,-0.963
3.138,-1.472
-3.066,-1.499
-3.079,-2.054
2.965,0.839
2.843,-2.252
2.614,-1.682
2.667,-2.124
2.617,1.066
2.438,-2.427
2.406,-1.767
2.487,1.017
2.128,-2.558
1.73,-2.278
1.718,0.651
1.711,-0.959
1.567,-0.857
1.564,-2.92
0.973,-2.84
0.724,-2.904
0.65,-2.977
0.247,-2.861
-0.246,-2.799
-1.797,-2.832
-2.857,-3.071
-2.928,-2.965
-2.818,-3.089
2.919,-3.02
3.001,-2.687
2.905,-2.727
2.692,-2.996
2.122,-2.867
1.846,-3.133
1.207,1.554
1.209,1.623
0.983,1.603
-0.225,1.621
-1.078,1.601
-1.532,1.617
-1.783,1.607
-2.339,1.429
-2.369,1.492
-2.47,1.573
2.744,1.607
2.552,1.54
0.565,0.874
0.257,-1.047
-0.012,-1.028
-0.659,-1.056
-2.223,0.319
-2.346,-0.917
-2.535,-1.641
-2.911,-0.884
-2.87,-0.738
-2.956,-0.994
1.836,-2.599
0.98,0.301
0.61,-2.177
-0.992,-1.135
-2.421,-0.262
-2.608,0.873
-3.108,-1.952
2.88,-0.268
0.269,0.03
-0.007,-1.336
-2.9,0.1
-3.103,-2.282
3.082,0.143
2.44,-1.423
0.423,-2.524
-2.765,1.099
-2.692,-2.379
-1.082,-3.131
0.008,-0.603
-0.031,-2.453
-0.102,-1.554
-0.11,-0.359
-0.069,-3.033
-0.15,-1.758
-0.191,-1.973
-0.13,-1.119
-0.176,-0.11
-0.159,-2.207
-0.338,-1.217
-0.306,-1.265
-0.468,-2.717
-0.413,-0.171
-0.446,-1.274
-0.533,-0.343
-0.505,0.693
-0.62,-1.659
-0.643,0.175
-0.595,-2.444
-0.676,-2.172
-0.686,-2.963
-0.693,0.742
-0.782,-1.031
-0.797,-1.34
-0.803,-0.654
-0.737,-2.68
-0.828,0.629
-0.888,-1.848
-0.816,0.63
-0.907,-0.187
-0.945,-0.983
-0.904,0.611
-0.987,-0.362
-1.031,0.668
-1.058,-1.94
-1.133,-2.912
-1.294,-2.631
-1.36,-2.832
-1.361,-0.565
-1.429,-1.71
-1.371,-1.044
-1.406,-0.232
-1.52,-0.908
-1.465,-0.97
-1.527,-1.716
-1.564,0.899
-1.632,-0.789
-1.632,-2.569
-1.59,0.332
-1.676,0.748
-1.637,-0.724
-1.67,-0.068
-1.854,-1.17
-1.798,-0.947
-1.852,0.279
-1.795,0.206
-1.859,-0.129
-1.963,-0.21
-1.934,-1.637
-2.009,-1.535
-2.021,-0.249
-1.997,-1.471
-2.053,0.588
-2.146,-0.597
-2.182,-1.614
-2.282,0.12
-2.251,-1.776
-2.404,0.369
-2.504,-1.26
-2.491,0.201
-2.473,-0.058
-2.521,-0.311
-2.565,0.241
-2.562,-1.683
-2.543,-0.334
-2.573,-2.124
-2.588,-1.285
-2.613,0.556
-2.619,-1.986
-2.654,-0.378
-2.731,-2.818
-2.666,-1.487
-2.681,-2.892
-2.771,-1.821
-2.697,-2.725
-2.724,-1.953
-2.793,-0.85
-2.781,-1.988
-2.881,0.72
-2.816,0.239
-2.923,-1.767
-2.873,-2.266
-2.897,-1.285
-2.969,-2.048
-2.944,-3.077
-3.04,-0.79
-3.031,-2.244
-3.082,-1.243
-3.115,-2.408
3.123,-1.396
3.048,0.268
3.047,-1.424
3.071,-1.179
2.987,-0.641
3.049,-1.188
2.888,0.307
2.946,0.006
2.812,-0.27
2.861,-2.507
2.884,-2.441
2.824,-2.854
2.721,0.911
2.709,-0.217
2.78,0.925
2.597,-2.066
2.66,0.29
2.576,-2.036
2.486,0.686
2.448,-2.914
2.348,-1.158
2.408,-2.455
2.304,-2.803
2.119,-3.046
1.964,-0.877
1.976,0.038
1.822,-0.777
1.771,0.186
1.758,-0.16
1.753,-0.661
1.722,0.532
1.617,-2.317
1.565,-1.386
1.593,-1.243
1.443,-3.288
1.23,-3.22
1.26,-3.054
0.445,-3.116
-0.039,-3.228
-0.15,-3.332
-0.818,-3.229
-0.791,-3.403
-0.893,-3.322
-1.485,-3.203
-2.017,-3.591
-2.857,-3.624
-3.094,-3.435
3.04,-3.337
2.684,-3.197
2.356,-3.278
2.001,-3.197
1.158,1.075
0.951,1.166
0.606,1.116
0.244,1.052
0.147,0.849
0.203,1.141
-1.701,1.066
-2.376,1.174
-2.473,1.213
-2.782,0.995
2.977,0.92
1.574,1.042
-0.032,-0.561
-0.623,-2.852
-1.848,-0.877
-2.044,-0.8
-2.404,-0.911
-2.759,-0.031
2.981,-2.187
-0.001,0.976
1.469,0.828
1.485,0.495
1.509,-2.001
1.373,-2.692
0.979,-2.214
1.073,-0.93
0.953,0.775
0.973,0.513
1.073,-1.635
1.075,-0.763
0.909,-0.472
0.954,-1.08
0.905,-1.057
0.76,0.703
0.864,-1.128
0.746,-0.252
0.705,-1.309
0.712,-2.064
0.831,-1.697
0.816,-0.877
0.762,0.908
0.61,-0.635
0.566,0.83
0.586,-0.886
0.577,-0.476
0.417,-0.986
0.516,0.753
0.391,0.555
0.238,-0.65
0.044,-0.301
-0.207,-2.919
-0.274,-1.235
-0.176,-2.107
-0.26,-1.475
-0.335,0.346
-0.522,-1.646
-0.512,-1.226
-0.566,-3.009
-0.828,-1.327
-0.871,0.898
-1.008,-2.363
-1.077,-3.076
-1.178,0.149
-1.63,-2.711
-1.511,0.617
-1.607,0.906
-1.72,-1.152
-1.767,-1.454
-1.796,-0.51
-2.083,-1.481
-2.04,0.822
-2.21,-0.147
-2.414,-1.963
-2.461,0.227
-2.554,-2.825
-2.568,0.594
-2.705,-0.207
-2.578,0.251
-2.622,-0.634
-2.668,-1.427
-2.646,0.295
-2.914,0.814
-2.851,0.751
-2.853,-0.432
-2.923,-0.767
-2.956,-0.899
-3.059,-1.404
-3.11,-1.913
-3.031,-1.94
-3.044,-2.495
3.0,0.398
2.878,-2.693
2.649,-2.123
2.702,-2.565
2.652,0.625
2.473,-2.868
2.441,-2.208
2.522,0.576
2.163,-2.999
1.765,-2.719
1.753,0.21
1.746,-1.4
1.602,-1.298
1.599,-3.361
1.008,-3.281
0.759,-3.345
0.685,-3.418
0.282,-3.302
-0.211,-3.24
-1.762,-3.273
-2.822,-3.512
-2.893,-3.406
-2.783,-3.53
2.954,-3.461
3.036,-3.128
2.94,-3.168
2.727,-3.437
2.157,-3.308
1.881,-3.574
1.242,1.113
1.244,1.182
1.018,1.162
-0.19,1.18
-1.043,1.16
-1.497,1.176
-1.748,1.166
-2.304,0.988
-2.334,1.051
-2.435,1.132
2.779,1.166
2.587,1.099
0.6,0.433
0.292,-1.488
0.023,-1.469
-0.624,-1.497
-2.188,-0.122
-2.311,-1.358
-2.5,-2.082
-2.876,-1.325
-2.835,-1.179
-2.921,-1.435
1.871,-3.04
1.015,-0.14
0.645,-2.618
-0.957,-1.576
-2.386,-0.703
-2.573,0.432
-3.073,-2.393
2.915,-0.709
0.304,-0.411
0.028,-1.777
-2.865,-0.341
-3.068,-2.723
3.117,-0.298
2.475,-1.864
0.458,-2.965
-2.73,0.658
-2.657,-2.82
-1.047,-3.572
-0.039,-1.85
-0.11,-0.951
-0.118,0.244
-0.077,-2.43
-0.158,-1.155
-0.199,-1.37
-0.138,-0.516
-0.184,0.493
-0.167,-1.604
-0.346,-0.614
-0.314,-0.662
-0.476,-2.114
-0.421,0.432
-0.454,-0.671
-0.541,0.26
-0.513,1.296
-0.628,-1.056
-0.651,0.778
-0.603,-1.841
-0.684,-1.569
-0.694,-2.36
-0.701,1.345
-0.79,-0.428
-0.805,-0.737
-0.811,-0.051
-0.745,-2.077
-0.836,1.232
-0.896,-1.245
-0.824,1.233
-0.915,0.416
-0.953,-0.38
-0.912,1.214
-0.995,0.241
-1.039,1.271
-1.066,-1.337
-1.141,-2.309
-1.302,-2.028
-1.368,-2.229
-1.369,0.038
-1.437,-1.107
-1.379,-0.441
-1.414,0.371
-1.528,-0.305
-1.473,-0.367
-1.535,-1.113
-1.572,1.502
-1.64,-0.186
-1.64,-1.966
-1.598,0.935
-1.684,1.351
-1.645,-0.121
-1.678,0.535
-1.862,-0.567
-1.806,-0.344
-1.86,0.882
-1.803,0.809
-1.867,0.474
-1.971,0.393
-1.942,-1.034
-2.017,-0.932
-2.029,0.354
-2.005,-0.868
-2.061,1.191
-2.154,0.006
-2.19,-1.011
-2.29,0.723
-2.259,-1.173
-2.412,0.972
-2.512,-0.657
-2.499,0.804
-2.481,0.545
-2.529,0.292
-2.573,0.844
-2.57,-1.08
-2.551,0.269
-2.581,-1.521
-2.596,-0.682
-2.621,1.159
-2.627,-1.383
-2.662,0.225
-2.739,-2.215
-2.674,-0.884
-2.689,-2.289
-2.779,-1.218
-2.705,-2.122
-2.732,-1.35
-2.801,-0.247
-2.789,-1.385
-2.889,1.323
-2.824,0.842
-2.931,-1.164
-2.881,-1.663
-2.905,-0.682
-2.977,-1.445
-2.952,-2.474
-3.048,-0.187
-3.039,-1.641
-3.09,-0.64
-3.123,-1.805
3.115,-0.793
3.04,0.871
3.039,-0.821
3.063,-0.576
2.979,-0.038
3.041,-0.585
2.88,0.91
2.938,0.609
2.804,0.333
2.853,-1.904
2.876,-1.838
2.816,-2.251
2.713,1.514
2.701,0.386
2.772,1.528
2.589,-1.463
2.652,0.893
2.568,-1.433
2.478,1.289
2.44,-2.311
2.34,-0.555
2.4,-1.852
2.296,-2.2
2.111,-2.443
1.956,-0.274
1.968,0.641
1.814,-0.174
1.763,0.789
1.75,0.443
1.745,-0.058
1.714,1.135
1.609,-1.714
1.557,-0.783
1.585,-0.64
1.435,-2.685
1.222,-2.617
1.252,-2.451
0.437,-2.513
-0.047,-2.625
-0.158,-2.729
-0.826,-2.626
-0.799,-2.8
-0.901,-2.719
-1.493,-2.6
-2.025,-2.988
-2.865,-3.021
-3.102,-2.832
3.032,-2.734
2.676,-2.594
2.348,-2.675
1.993,-2.594
1.15,1.678
0.943,1.769
0.598,1.719
0.236,1.655
0.139,1.452
0.195,1.744
-1.709,1.669
-2.384,1.777
-2.481,1.816
-2.79,1.598
2.969,1.523
1.566,1.645
-0.04,0.042
-0.631,-2.249
-1.856,-0.274
-2.052,-0.197
-2.412,-0.308
-2.767,0.572
2.973,-1.584
-0.009,1.579
1.461,1.431
1.477,1.098
1.501,-1.398
1.365,-2.089
0.971,-1.611
1.065,-0.327
0.945,1.378
0.965,1.116
1.065,-1.032
1.067,-0.16
0.901,0.131
0.946,-0.477
0.897,-0.454
0.752,1.306
0.856,-0.525
0.738,0.351
0.697,-0.706
0.704,-1.461
0.823,-1.094
0.808,-0.274
0.754,1.511
0.602,-0.032
0.558,1.433
0.578,-0.283
0.569,0.127
0.409,-0.383
0.508,1.356
0.383,1.158
0.23,-0.047
0.036,0.302
-0.215,-2.316
-0.282,-0.632
-0.184,-1.504
-0.268,-0.872
-0.343,0.949
-0.53,-1.043
-0.52,-0.623
-0.574,-2.406
-0.836,-0.724
-0.879,1.501
-1.016,-1.76
-1.085,-2.473
-1.186,0.752
-1.638,-2.108
-1.519,1.22
-1.615,1.509
-1.728,-0.549
-1.775,-0.851
-1.804,0.093
-2.091,-0.878
-2.048,1.425
-2.218,0.456
-2.422,-1.36
-2.469,0.83
-2.562,-2.222
-2.576,1.197
-2.713,0.396
-2.586,0.854
-2.63,-0.031
-2.676,-0.824
-2.654,0.898
-2.922,1.417
-2.859,1.354
-2.861,0.171
-2.931,-0.164
-2.964,-0.296
-3.067,-0.801
-3.118,-1.31
-3.039,-1.337
-3.052,-1.892
2.992,1.001
2.87,-2.09
2.641,-1.52
2.694,-1.962
2.644,1.228
2.465,-2.265
2.433,-1.605
2.514,1.179
2.155,-2.396
1.757,-2.116
1.745,0.813
1.738,-0.797
1.594,-0.695
1.591,-2.758
1.0,-2.678
0.751,-2.742
0.677,-2.815
0.274,-2.699
-0.219,-2.637
-1.77,-2.67
-2.83,-2.909
-2.901,-2.803
-2.791,-2.927
2.946,-2.858
3.028,-2.525
2.932,-2.565
2.719,-2.834
2.149,-2.705
1.873,-2.971
1.234,1.716
1.236,1.785
1.01,1.765
-0.198,1.783
-1.051,1.763
-1.505,1.779
-1.756,1.769
-2.312,1.591
-2.342,1.654
-2.443,1.735
2.771,1.769
2.579,1.702
0.592,1.036
0.284,-0.885
0.015,-0.866
-0.632,-0.894
-2.196,0.481
-2.319,-0.755
-2.508,-1.479
-2.884,-0.722
-2.843,-0.576
-2.929,-0.832
1.863,-2.437
1.007,0.463
0.637,-2.015
-0.965,-0.973
-2.394,-0.1
-2.581,1.035
-3.081,-1.79
2.907,-0.106
0.296,0.192
0.02,-1.174
-2.873,0.262
-3.076,-2.12
3.109,0.305
2.467,-1.261
0.45,-2.362
-2.738,1.261
-2.665,-2.217
-1.055,-2.969
-0.071,0.899
-0.079,2.094
-0.038,-0.58
-0.119,0.695
-0.16,0.48
-0.099,1.334
-0.145,2.343
-0.128,0.246
-0.307,1.236
-0.275,1.188
-0.437,-0.264
-0.382,2.282
-0.415,1.179
-0.502,2.11
-0.474,3.146
-0.589,0.794
-0.612,2.628
-0.564,0.009
-0.645,0.281
-0.655,-0.51
-0.662,3.195
-0.751,1.422
-0.766,1.113
-0.772,1.799
-0.706,-0.227
-0.797,3.082
-0.857,0.605
-0.785,3.083
-0.876,2.266
-0.914,1.47
-0.873,3.064
-0.956,2.091
-1.0,3.121
-1.027,0.513
-1.102,-0.459
-1.263,-0.178
-1.329,-0.379
-1.33,1.888
-1.398,0.743
-1.34,1.409
-1.375,2.221
-1.489,1.545
-1.434,1.483
-1.496,0.737
-1.533,3.352
-1.601,1.664
-1.601,-0.116
-1.559,2.785
-1.645,3.201
-1.606,1.729
-1.639,2.385
-1.823,1.283
-1.767,1.506
-1.821,2.732
-1.764,2.659
-1.828,2.324
-1.932,2.243
-1.903,0.816
-1.978,0.918
-1.99,2.204
-1.966,0.982
-2.022,3.041
-2.115,1.856
-2.151,0.839
-2.251,2.573
-2.22,0.677
-2.373,2.822
-2.473,1.193
-2.46,2.654
-2.442,2.395
-2.49,2.142
-2.534,2.694
-2.531,0.77
-2.512,2.119
-2.542,0.329
-2.557,1.168
-2.582,3.009
-2.588,0.467
-2.623,2.075
-2.7,-0.365
-2.635,0.966
-2.65,-0.439
-2.74,0.632
-2.666,-0.272
-2.693,0.5
-2.762,1.603
-2.75,0.465
-2.85,3.173
-2.785,2.692
-2.892,0.686
-2.842,0.187
-2.866,1.168
-2.938,0.405
-2.913,-0.624
-3.009,1.663
-3.0,0.209
-3.051,1.21
-3.084,0.045
-3.129,1.057
3.079,2.721
3.078,1.029
3.102,1.274
3.018,1.812
3.08,1.265
2.919,2.76
2.977,2.459
2.843,2.183
2.892,-0.054
2.915,0.012
2.855,-0.401
2.752,3.364
2.74,2.236
2.811,3.378
2.628,0.387
2.691,2.743
2.607,0.417
2.517,3.139
2.479,-0.461
2.379,1.295
2.439,-0.002
2.335,-0.35
2.15,-0.593
1.995,1.576
2.007,2.491
1.853,1.676
1.802,2.639
1.789,2.293
1.784,1.792
1.753,2.985
1.648,0.136
1.596,1.067
1.624,1.21
1.474,-0.835
1.261,-0.767
1.291,-0.601
0.476,-0.663
-0.008,-0.775
-0.119,-0.879
-0.787,-0.776
-0.76,-0.95
-0.862,-0.869
-1.454,-0.75
-1.986,-1.138
-2.826,-1.171
-3.063,-0.982
3.071,-0.884
2.715,-0.744
2.387,-0.825
2.032,-0.744
1.189,3.528
0.982,3.619
0.637,3.569
0.275,3.505
0.178,3.302
0.234,3.594
-1.67,3.519
-2.345,3.627
-2.442,3.666
-2.751,3.448
3.008,3.373
1.605,3.495
-0.001,1.892
-0.592,-0.399
-1.817,1.576
-2.013,1.653
-2.373,1.542
-2.728,2.422
3.012,0.266
0.03,3.429
1.5,3.281
1.516,2.948
1.54,0.452
1.404,-0.239
1.01,0.239
1.104,1.523
0.984,3.228
1.004,2.966
1.104,0.818
1.106,1.69
0.94,1.981
0.985,1.373
0.936,1.396
0.791,3.156
0.895,1.325
0.777,2.201
0.736,1.144
0.743,0.389
0.862,0.756
0.847,1.576
0.793,3.361
0.641,1.818
0.597,3.283
0.617,1.567
0.608,1.977
0.448,1.467
0.547,3.206
0.422,3.008
0.269,1.803
0.075,2.152
-0.176,-0.466
-0.243,1.218
-0.145,0.346
-0.229,0.978
-0.304,2.799
-0.491,0.807
-0.481,1.227
-0.535,-0.556
-0.797,1.126
-0.84,3.351
-0.977,0.09
-1.046,-0.623
-1.147,2.602
-1.599,-0.258
-1.48,3.07
-1.576,3.359
-1.689,1.301
-1.736,0.999
-1.765,1.943
-2.052,0.972
-2.009,3.275
-2.179,2.306
-2.383,0.49
-2.43,2.68
-2.523,-0.372
-2.537,3.047
-2.674,2.246
-2.547,2.704
-2.591,1.819
-2.637,1.026
-2.615,2.748
-2.883,3.267
-2.82,3.204
-2.822,2.021
-2.892,1.686
-2.925,1.554
-3.028,1.049
-3.079,0.54
-3.0,0.513
-3.013,-0.042
3.031,2.851
2.909,-0.24
2.68,0.33
2.733,-0.112
2.683,3.078
2.504,-0.415
2.472,0.245
2.553,3.029
2.194,-0.546
1.796,-0.266
1.784,2.663
1.777,1.053
1.633,1.155
1.63,-0.908
1.039,-0.828
0.79,-0.892
0.716,-0.965
0.313,-0.849
-0.18,-0.787
-1.731,-0.82
-2.791,-1.059
-2.862,-0.953
-2.752,-1.077
2.985,-1.008
3.067,-0.675
2.971,-0.715
2.758,-0.984
2.188,-0.855
1.912,-1.121
1.273,3.566
1.275,3.635
1.049,3.615
-0.159,3.633
-1.012,3.613
-1.466,3.629
-1.717,3.619
-2.273,3.441
-2.303,3.504
-2.404,3.585
2.81,3.619
2.618,3.552
0.631,2.886
0.323,0.965
0.054,0.984
-0.593,0.956
-2.157,2.331
-2.28,1.095
-2.469,0.371
-2.845,1.128
-2.804,1.274
-2.89,1.018
1.902,-0.587
1.046,2.313
0.676,-0.165
-0.926,0.877
-2.355,1.75
-2.542,2.885
-3.042,0.06
2.946,1.744
0.335,2.042
0.059,0.676
-2.834,2.112
-3.037,-0.27
-3.135,2.155
2.506,0.589
0.489,-0.512
-2.699,3.111
-2.626,-0.367
-1.016,-1.119
-0.008,1.195
0.033,-1.479
-0.048,-0.204
-0.089,-0.419
-0.028,0.435
-0.074,1.444
-0.057,-0.653
-0.236,0.337
-0.204,0.289
-0.366,-1.163
-0.311,1.383
-0.344,0.28
-0.431,1.211
-0.403,2.247
-0.518,-0.105
-0.541,1.729
-0.493,-0.89
-0.574,-0.618
-0.584,-1.409
-0.591,2.296
-0.68,0.523
-0.695,0.214
-0.701,0.9
-0.635,-1.126
-0.726,2.183
-0.786,-0.294
-0.714,2.184
-0.805,1.367
-0.843,0.571
-0.802,2.165
-0.885,1.192
-0.929,2.222
-0.956,-0.386
-1.031,-1.358
-1.192,-1.077
-1.258,-1.278
-1.259,0.989
-1.327,-0.156
-1.269,0.51
-1.304,1.322
-1.418,0.646
-1.363,0.584
-1.425,-0.162
-1.462,2.453
-1.53,0.765
-1.53,-1.015
-1.488,1.886
-1.574,2.302
-1.535,0.83
-1.568,1.486
-1.752,0.384
-1.696,0.607
-1.75,1.833
-1.693,1.76
-1.757,1.425
-1.861,1.344
-1.832,-0.083
-1.907,0.019
-1.919,1.305
-1.895,0.083
-1.951,2.142
-2.044,0.957
-2.08,-0.06
-2.18,1.674
-2.149,-0.222
-2.302,1.923
-2.402,0.294
-2.389,1.755
-2.371,1.496
-2.419,1.243
-2.463,1.795
-2.46,-0.129
-2.441,1.22
-2.471,-0.57
-2.486,0.269
-2.511,2.11
-2.517,-0.432
-2.552,1.176
-2.629,-1.264
-2.564,0.067
-2.579,-1.338
-2.669,-0.267
-2.595,-1.171
-2.622,-0.399
-2.691,0.704
-2.679,-0.434
-2.779,2.274
-2.714,1.793
-2.821,-0.213
-2.771,-0.712
-2.795,0.269
-2.867,-0.494
-2.842,-1.523
-2.938,0.764
-2.929,-0.69
-2.98,0.311
-3.013,-0.854
-3.058,0.158
-3.133,1.822
-3.134,0.13
-3.11,0.375
3.089,0.913
-3.132,0.366
2.99,1.861
3.048,1.56
2.914,1.284
2.963,-0.953
2.986,-0.887
2.926,-1.3
2.823,2.465
2.811,1.337
2.882,2.479
2.699,-0.512
2.762,1.844
2.678,-0.482
2.588,2.24
2.55,-1.36
2.45,0.396
2.51,-0.901
2.406,-1.249
2.221,-1.492
2.066,0.677
2.078,1.592
1.924,0.777
1.873,1.74
1.86,1.394
1.855,0.893
1.824,2.086
1.719,-0.763
1.667,0.168
1.695,0.311
1.545,-1.734
1.332,-1.666
1.362,-1.5
0.547,-1.562
0.063,-1.674
-0.048,-1.778
-0.716,-1.675
-0.689,-1.849
-0.791,-1.768
-1.383,-1.649
-1.915,-2.037
-2.755,-2.07
-2.992,-1.881
-3.141,-1.783
2.786,-1.643
2.458,-1.724
2.103,-1.643
1.26,2.629
1.053,2.72
0.708,2.67
0.346,2.606
0.249,2.403
0.305,2.695
-1.599,2.62
-2.274,2.728
-2.371,2.767
-2.68,2.549
3.079,2.474
1.676,2.596
0.07,0.993
-0.521,-1.298
-1.746,0.677
-1.942,0.754
-2.302,0.643
-2.657,1.523
3.083,-0.633
0.101,2.53
1.571,2.382
1.587,2.049
1.611,-0.447
1.475,-1.138
1.081,-0.66
1.175,0.624
1.055,2.329
1.075,2.067
1.175,-0.081
1.177,0.791
1.011,1.082
1.056,0.474
1.007,0.497
0.862,2.257
0.966,0.426
0.848,1.302
0.807,0.245
0.814,-0.51
0.933,-0.143
0.918,0.677
0.864,2.462
0.712,0.919
0.668,2.384
0.688,0.668
0.679,1.078
0.519,0.568
0.618,2.307
0.493,2.109
0.34,0.904
0.146,1.253
-0.105,-1.365
-0.172,0.319
-0.074,-0.553
-0.158,0.079
-0.233,1.9
-0.42,-0.092
-0.41,0.328
-0.464,-1.455
-0.726,0.227
-0.769,2.452
-0.906,-0.809
-0.975,-1.522
-1.076,1.703
-1.528,-1.157
-1.409,2.171
-1.505,2.46
-1.618,0.402
-1.665,0.1
-1.694,1.044
-1.981,0.073
-1.938,2.376
-2.108,1.407
-2.312,-0.409
-2.359,1.781
-2.452,-1.271
-2.466,2.148
-2.603,1.347
-2.476,1.805
-2.52,0.92
-2.566,0.127
-2.544,1.849
-2.812,2.368
-2.749,2.305
-2.751,1.122
-2.821,0.787
-2.854,0.655
-2.957,0.15
-3.008,-0.359
-2.929,-0.386
-2.942,-0.941
3.102,1.952
2.98,-1.139
2.751,-0.569
2.804,-1.011
2.754,2.179
2.575,-1.314
2.543,-0.654
2.624,2.13
2.265,-1.445
1.867,-1.165
1.855,1.764
1.848,0.154
1.704,0.256
1.701,-1.807
1.11,-1.727
0.861,-1.791
0.787,-1.864
0.384,-1.748
-0.109,-1.686
-1.66,-1.719
-2.72,-1.958
-2.791,-1.852
-2.681,-1.976
3.056,-1.907
3.138,-1.574
3.042,-1.614
2.829,-1.883
2.259,-1.754
1.983,-2.02
1.344,2.667
1.346,2.736
1.12,2.716
-0.088,2.734
-0.941,2.714
-1.395,2.73
-1.646,2.72
-2.202,2.542
-2.232,2.605
-2.333,2.686
2.881,2.72
2.689,2.653
0.702,1.987
0.394,0.066
0.125,0.085
-0.522,0.057
-2.086,1.432
-2.209,0.196
-2.398,-0.528
-2.774,0.229
-2.733,0.375
-2.819,0.119
1.973,-1.486
1.117,1.414
0.747,-1.064
-0.855,-0.022
-2.284,0.851
-2.471,1.986
-2.971,-0.839
3.017,0.845
0.406,1.143
0.13,-0.223
-2.763,1.213
-2.966,-1.169
-3.064,1.256
2.577,-0.31
0.56,-1.411
-2.628,2.212
-2.555,-1.266
-0.945,-2.018
0.041,-2.674
-0.04,-1.399
-0.081,-1.614
-0.02,-0.76
-0.066,0.249
-0.049,-1.848
-0.228,-0.858
-0.196,-0.906
-0.358,-2.358
-0.303,0.188
-0.336,-0.915
-0.423,0.016
-0.395,1.052
-0.51,-1.3
-0.533,0.534
-0.485,-2.085
-0.566,-1.813
-0.576,-2.604
-0.583,1.101
-0.672,-0.672
-0.687,-0.981
-0.693,-0.295
-0.627,-2.321
-0.718,0.988
-0.778,-1.489
-0.706,0.989
-0.797,0.172
-0.835,-0.624
-0.794,0.97
-0.877,-0.003
-0.921,1.027
-0.948,-1.581
-1.023,-2.553
-1.184,-2.272
-1.25,-2.473
-1.251,-0.206
-1.319,-1.351
-1.261,-0.685
-1.296,0.127
-1.41,-0.549
-1.355,-0.611
-1.417,-1.357
-1.454,1.258
-1.522,-0.43
-1.522,-2.21
-1.48,0.691
-1.566,1.107
-1.527,-0.365
-1.56,0.291
-1.744,-0.811
-1.688,-0.588
-1.742,0.638
-1.685,0.565
-1.749,0.23
-1.853,0.149
-1.824,-1.278
-1.899,-1.176
-1.911,0.11
-1.887,-1.112
-1.943,0.947
-2.036,-0.238
-2.072,-1.255
-2.172,0.479
-2.141,-1.417
-2.294,0.728
-2.394,-0.901
-2.381,0.56
-2.363,0.301
-2.411,0.048
-2.455,0.6
-2.452,-1.324
-2.433,0.025
-2.463,-1.765
-2.478,-0.926
-2.503,0.915
-2.509,-1.627
-2.544,-0.019
-2.621,-2.459
-2.556,-1.128
-2.571,-2.533
-2.661,-1.462
-2.587,-2.366
-2.614,-1.594
-2.683,-0.491
-2.671,-1.629
-2.771,1.079
-2.706,0.598
-2.813,-1.408
-2.763,-1.907
-2.787,-0.926
-2.859,-1.689
-2.834,-2.718
-2.93,-0.431
-2.921,-1.885
-2.972,-0.884
-3.005,-2.049
-3.05,-1.037
-3.125,0.627
-3.126,-1.065
-3.102,-0.82
3.097,-0.282
-3.124,-0.829
2.998,0.666
3.056,0.365
2.922,0.089
2.971,-2.148
2.994,-2.082
2.934,-2.495
2.831,1.27
2.819,0.142
2.89,1.284
2.707,-1.707
2.77,0.649
2.686,-1.677
2.596,1.045
2.558,-2.555
2.458,-0.799
2.518,-2.096
2.414,-2.444
2.229,-2.687
2.074,-0.518
2.086,0.397
1.932,-0.418
1.881,0.545
1.868,0.199
1.863,-0.302
1.832,0.891
1.727,-1.958
1.675,-1.027
1.703,-0.884
1.553,-2.929
1.34,-2.861
1.37,-2.695
0.555,-2.757
0.071,-2.869
-0.04,-2.973
-0.708,-2.87
-0.681,-3.044
-0.783,-2.963
-1.375,-2.844
-1.907,-3.232
-2.747,-3.265
-2.984,-3.076
-3.133,-2.978
2.794,-2.838
2.466,-2.919
2.111,-2.838
1.268,1.434
1.061,1.525
0.716,1.475
0.354,1.411
0.257,1.208
0.313,1.5
-1.591,1.425
-2.266,1.533
-2.363,1.572
-2.672,1.354
3.087,1.279
1.684,1.401
0.078,-0.202
-0.513,-2.493
-1.738,-0.518
-1.934,-0.441
-2.294,-0.552
-2.649,0.328
3.091,-1.828
0.109,1.335
1.579,1.187
1.595,0.854
1.619,-1.642
1.483,-2.333
1.089,-1.855
1.183,-0.571
1.063,1.134
1.083,0.872
1.183,-1.276
1.185,-0.404
1.019,-0.113
1.064,-0.721
1.015,-0.698
0.87,1.062
0.974,-0.769
0.856,0.107
0.815,-0.95
0.822,-1.705
0.941,-1.338
0.926,-0.518
0.872,1.267
0.72,-0.276
0.676,1.189
0.696,-0.527
0.687,-0.117
0.527,-0.627
0.626,1.112
0.501,0.914
0.348,-0.291
0.154,0.058
-0.097,-2.56
-0.164,-0.876
-0.066,-1.748
-0.15,-1.116
-0.225,0.705
-0.412,-1.287
-0.402,-0.867
-0.456,-2.65
-0.718,-0.968
-0.761,1.257
-0.898,-2.004
-0.967,-2.717
-1.068,0.508
-1.52,-2.352
-1.401,0.976
-1.497,1.265
-1.61,-0.793
-1.657,-1.095
-1.686,-0.151
-1.973,-1.122
-1.93,1.181
-2.1,0.212
-2.304,-1.604
-2.351,0.586
-2.444,-2.466
-2.458,0.953
-2.595,0.152
-2.468,0.61
-2.512,-0.275
-2.558,-1.068
-2.536,0.654
-2.804,1.173
-2.741,1.11
-2.743,-0.073
-2.813,-0.408
-2.846,-0.54
-2.949,-1.045
-3.0,-1.554
-2.921,-1.581
-2.934,-2.136
3.11,0.757
2.988,-2.334
2.759,-1.764
2.812,-2.206
2.762,0.984
2.583,-2.509
2.551,-1.849
2.632,0.935
2.273,-2.64
1.875,-2.36
1.863,0.569
1.856,-1.041
1.712,-0.939
1.709,-3.002
1.118,-2.922
0.869,-2.986
0.795,-3.059
0.392,-2.943
-0.101,-2.881
-1.652,-2.914
-2.712,-3.153
-2.783,-3.047
-2.673,-3.171
3.064,-3.102
-3.137,-2.769
3.05,-2.809
2.837,-3.078
2.267,-2.949
1.991,-3.215
1.352,1.472
1.354,1.541
1.128,1.521
-0.08,1.539
-0.933,1.519
-1.387,1.535
-1.638,1.525
-2.194,1.347
-2.224,1.41
-2.325,1.491
2.889,1.525
2.697,1.458
0.71,0.792
0.402,-1.129
0.133,-1.11
-0.514,-1.138
-2.078,0.237
-2.201,-0.999
-2.39,-1.723
-2.766,-0.966
-2.725,-0.82
-2.811,-1.076
1.981,-2.681
1.125,0.219
0.755,-2.259
-0.847,-1.217
-2.276,-0.344
-2.463,0.791
-2.963,-2.034
3.025,-0.35
0.414,-0.052
0.138,-1.418
-2.755,0.018
-2.958,-2.364
-3.056,0.061
2.585,-1.505
0.568,-2.606
-2.62,1.017
-2.547,-2.461
-0.937,-3.213
-0.081,1.275
-0.122,1.06
-0.061,1.914
-0.107,2.923
-0.09,0.826
-0.269,1.816
-0.237,1.768
-0.399,0.316
-0.344,2.862
-0.377,1.759
-0.464,2.69
-0.436,3.726
-0.551,1.374
-0.574,3.208
-0.526,0.589
-0.607,0.861
-0.617,0.07
-0.624,3.775
-0.713,2.002
-0.728,1.693
-0.734,2.379
-0.668,0.353
-0.759,3.662
-0.819,1.185
-0.747,3.663
-0.838,2.846
-0.876,2.05
-0.835,3.644
-0.918,2.671
-0.962,3.701
-0.989,1.093
-1.064,0.121
-1.225,0.402
-1.291,0.201
-1.292,2.468
-1.36,1.323
-1.302,1.989
-1.337,2.801
-1.451,2.125
-1.396,2.063
-1.458,1.317
-1.495,3.932
-1.563,2.244
-1.563,0.464
-1.521,3.365
-1.607,3.781
-1.568,2.309
-1.601,2.965
-1.785,1.863
-1.729,2.086
-1.783,3.312
-1.726,3.239
-1.79,2.904
-1.894,2.823
-1.865,1.396
-1.94,1.498
-1.952,2.784
-1.928,1.562
-1.984,3.621
-2.077,2.436
-2.113,1.419
-2.213,3.153
-2.182,1.257
-2.335,3.402
-2.435,1.773
-2.422,3.234
-2.404,2.975
-2.452,2.722
-2.496,3.274
-2.493,1.35
-2.474,2.699
-2.504,0.909
-2.519,1.748
-2.544,3.589
-2.55,1.047
-2.585,2.655
-2.662,0.215
-2.597,1.546
-2.612,0.141
-2.702,1.212
-2.628,0.308
-2.655,1.08
-2.724,2.183
-2.712,1.045
-2.812,3.753
-2.747,3.272
-2.854,1.266
-2.804,0.767
-2.828,1.748
-2.9,0.985
-2.875,-0.044
-2.971,2.243
-2.962,0.789
-3.013,1.79
-3.046,0.625
-3.091,1.637
3.117,3.301
3.116,1.609
3.14,1.854
3.056,2.392
3.118,1.845
2.957,3.34
3.015,3.039
2.881,2.763
2.93,0.526
2.953,0.592
2.893,0.179
2.79,3.944
2.778,2.816
2.849,3.958
2.666,0.967
2.729,3.323
2.645,0.997
2.555,3.719
2.517,0.119
2.417,1.875
2.477,0.578
2.373,0.23
2.188,-0.013
2.033,2.156
2.045,3.071
1.891,2.256
1.84,3.219
1.827,2.873
1.822,2.372
1.791,3.565
1.686,0.716
1.634,1.647
1.662,1.79
1.512,-0.255
1.299,-0.187
1.329,-0.021
0.514,-0.083
0.03,-0.195
-0.081,-0.299
-0.749,-0.196
-0.722,-0.37
-0.824,-0.289
-1.416,-0.17
-1.948,-0.558
-2.788,-0.591
-3.025,-0.402
3.109,-0.304
2.753,-0.164
2.425,-0.245
2.07,-0.164
1.227,4.108
1.02,4.199
0.675,4.149
0.313,4.085
0.216,3.882
0.272,4.174
-1.632,4.099
-2.307,4.207
-2.404,4.246
-2.713,4.028
3.046,3.953
1.643,4.075
0.037,2.472
-0.554,0.181
-1.779,2.156
-1.975,2.233
-2.335,2.122
-2.69,3.002
3.05,0.846
0.068,4.009
1.538,3.861
1.554,3.528
1.578,1.032
1.442,0.341
1.048,0.819
1.142,2.103
1.022,3.808
1.042,3.546
1.142,1.398
1.144,2.27
0.978,2.561
1.023,1.953
0.974,1.976
0.829,3.736
0.933,1.905
0.815,2.781
0.774,1.724
0.781,0.969
0.9,1.336
0.885,2.156
0.831,3.941
0.679,2.398
0.635,3.863
0.655,2.147
0.646,2.557
0.486,2.047
0.585,3.786
0.46,3.588
0.307,2.383
0.113,2.732
-0.138,0.114
-0.205,1.798
-0.107,0.926
-0.191,1.558
-0.266,3.379
-0.453,1.387
-0.443,1.807
-0.497,0.024
-0.759,1.706
-0.802,3.931
-0.939,0.67
-1.008,-0.043
-1.109,3.182
-1.561,0.322
-1.442,3.65
-1.538,3.939
-1.651,1.881
-1.698,1.579
-1.727,2.523
-2.014,1.552
-1.971,3.855
-2.141,2.886
-2.345,1.07
-2.392,3.26
-2.485,0.208
-2.499,3.627
-2.636,2.826
-2.509,3.284
-2.553,2.399
-2.599,1.606
-2.577,3.328
-2.845,3.847
-2.782,3.784
-2.784,2.601
-2.854,2.266
-2.887,2.134
-2.99,1.629
-3.041,1.12
-2.962,1.093
-2.975,0.538
3.069,3.431
2.947,0.34
2.718,0.91
2.771,0.468
2.721,3.658
2.542,0.165
2.51,0.825
2.591,3.609
2.232,0.034
1.834,0.314
1.822,3.243
1.815,1.633
1.671,1.735
1.668,-0.328
1.077,-0.248
0.828,-0.312
0.754,-0.385
0.351,-0.269
-0.142,-0.207
-1.693,-0.24
-2.753,-0.479
-2.824,-0.373
-2.714,-0.497
3.023,-0.428
3.105,-0.095
3.009,-0.135
2.796,-0.404
2.226,-0.275
1.95,-0.541
1.311,4.146
1.313,4.215
1.087,4.195
-0.121,4.213
-0.974,4.193
-1.428,4.209
-1.679,4.199
-2.235,4.021
-2.265,4.084
-2.366,4.165
2.848,4.199
2.656,4.132
0.669,3.466
0.361,1.545
0.092,1.564
-0.555,1.536
-2.119,2.911
-2.242,1.675
-2.431,0.951
-2.807,1.708
-2.766,1.854
-2.852,1.598
1.94,-0.007
1.084,2.893
0.714,0.415
-0.888,1.457
-2.317,2.33
-2.504,3.465
-3.004,0.64
2.984,2.324
0.373,2.622
0.097,1.256
-2.796,2.692
-2.999,0.31
-3.097,2.735
2.544,1.169
0.527,0.068
-2.661,3.691
-2.588,0.213
-0.978,-0.539
-0.041,-0.215
0.02,0.639
-0.026,1.648
-0.009,-0.449
-0.188,0.541
-0.156,0.493
-0.318,-0.959
-0.263,1.587
-0.296,0.484
-0.383,1.415
-0.355,2.451
-0.47,0.099
-0.493,1.933
-0.445,-0.686
-0.526,-0.414
-0.536,-1.205
-0.543,2.5
-0.632,0.727
-0.647,0.418
-0.653,1.104
-0.587,-0.922
-0.678,2.387
-0.738,-0.09
-0.666,2.388
-0.757,1.571
-0.795,0.775
-0.754,2.369
-0.837,1.396
-0.881,2.426
-0.908,-0.182
-0.983,-1.154
-1.144,-0.873
-1.21,-1.074
-1.211,1.193
-1.279,0.048
-1.221,0.714
-1.256,1.526
-1.37,0.85
-1.315,0.788
-1.377,0.042
-1.414,2.657
-1.482,0.969
-1.482,-0.811
-1.44,2.09
-1.526,2.506
-1.487,1.034
-1.52,1.69
-1.704,0.588
-1.648,0.811
-1.702,2.037
-1.645,1.964
-1.709,1.629
-1.813,1.548
-1.784,0.121
-1.859,0.223
-1.871,1.509
-1.847,0.287
-1.903,2.346
-1.996,1.161
-2.032,0.144
-2.132,1.878
-2.101,-0.018
-2.254,2.127
-2.354,0.498
-2.341,1.959
-2.323,1.7
-2.371,1.447
-2.415,1.999
-2.412,0.075
-2.393,1.424
-2.423,-0.366
-2.438,0.473
-2.463,2.314
-2.469,-0.228
-2.504,1.38
-2.581,-1.06
-2.516,0.271
-2.531,-1.134
-2.621,-0.063
-2.547,-0.967
-2.574,-0.195
-2.643,0.908
-2.631,-0.23
-2.731,2.478
-2.666,1.997
-2.773,-0.009
-2.723,-0.508
-2.747,0.473
-2.819,-0.29
-2.794,-1.319
-2.89,0.968
-2.881,-0.486
-2.932,0.515
-2.965,-0.65
-3.01,0.362
-3.085,2.026
-3.086,0.334
-3.062,0.579
3.137,1.117
-3.084,0.57
3.038,2.065
3.096,1.764
2.962,1.488
3.011,-0.749
3.034,-0.683
2.974,-1.096
2.871,2.669
2.859,1.541
2.93,2.683
2.747,-0.308
2.81,2.048
2.726,-0.278
2.636,2.444
2.598,-1.156
2.498,0.6
2.558,-0.697
2.454,-1.045
2.269,-1.288
2.114,0.881
2.126,1.796
1.972,0.981
1.921,1.944
1.908,1.598
1.903,1.097
1.872,2.29
1.767,-0.559
1.715,0.372
1.743,0.515
1.593,-1.53
1.38,-1.462
1.41,-1.296
0.595,-1.358
0.111,-1.47
0.0,-1.574
-0.668,-1.471
-0.641,-1.645
-0.743,-1.564
-1.335,-1.445
-1.867,-1.833
-2.707,-1.866
-2.944,-1.677
-3.093,-1.579
2.834,-1.439
2.506,-1.52
2.151,-1.439
1.308,2.833
1.101,2.924
0.756,2.874
0.394,2.81
0.297,2.607
0.353,2.899
-1.551,2.824
-2.226,2.932
-2.323,2.971
-2.632,2.753
3.127,2.678
1.724,2.8
0.118,1.197
-0.473,-1.094
-1.698,0.881
-1.894,0.958
-2.254,0.847
-2.609,1.727
3.131,-0.429
0.149,2.734
1.619,2.586
1.635,2.253
1.659,-0.243
1.523,-0.934
1.129,-0.456
1.223,0.828
1.103,2.533
1.123,2.271
1.223,0.123
1.225,0.995
1.059,1.286
1.104,0.678
1.055,0.701
0.91,2.461
1.014,0.63
0.896,1.506
0.855,0.449
0.862,-0.306
0.981,0.061
0.966,0.881
0.912,2.666
0.76,1.123
0.716,2.588
0.736,0.872
0.727,1.282
0.567,0.772
0.666,2.511
0.541,2.313
0.388,1.108
0.194,1.457
-0.057,-1.161
-0.124,0.523
-0.026,-0.349
-0.11,0.283
-0.185,2.104
-0.372,0.112
-0.362,0.532
-0.416,-1.251
-0.678,0.431
-0.721,2.656
-0.858,-0.605
-0.927,-1.318
-1.028,1.907
-1.48,-0.953
-1.361,2.375
-1.457,2.664
-1.57,0.606
-1.617,0.304
-1.646,1.248
-1.933,0.277
-1.89,2.58
-2.06,1.611
-2.264,-0.205
-2.311,1.985
-2.404,-1.067
-2.418,2.352
-2.555,1.551
-2.428,2.009
-2.472,1.124
-2.518,0.331
-2.496,2.053
-2.764,2.572
-2.701,2.509
-2.703,1.326
-2.773,0.991
-2.806,0.859
-2.909,0.354
-2.96,-0.155
-2.881,-0.182
-2.894,-0.737
-3.133,2.156
3.028,-0.935
2.799,-0.365
2.852,-0.807
2.802,2.383
2.623,-1.11
2.591,-0.45
2.672,2.334
2.313,-1.241
1.915,-0.961
1.903,1.968
1.896,0.358
1.752,0.46
1.749,-1.603
1.158,-1.523
0.909,-1.587
0.835,-1.66
0.432,-1.544
-0.061,-1.482
-1.612,-1.515
-2.672,-1.754
-2.743,-1.648
-2.633,-1.772
3.104,-1.703
-3.097,-1.37
3.09,-1.41
2.877,-1.679
2.307,-1.55
2.031,-1.816
1.392,2.871
1.394,2.94
1.168,2.92
-0.04,2.938
-0.893,2.918
-1.347,2.934
-1.598,2.924
-2.154,2.746
-2.184,2.809
-2.285,2.89
2.929,2.924
2.737,2.857
0.75,2.191
0.442,0.27
0.173,0.289
-0.474,0.261
-2.038,1.636
-2.161,0.4
-2.35,-0.324
-2.726,0.433
-2.685,0.579
-2.771,0.323
2.021,-1.282
1.165,1.618
0.795,-0.86
-0.807,0.182
-2.236,1.055
-2.423,2.19
-2.923,-0.635
3.065,1.049
0.454,1.347
0.178,-0.019
-2.715,1.417
-2.918,-0.965
-3.016,1.46
2.625,-0.106
0.608,-1.207
-2.58,2.416
-2.507,-1.062
-0.897,-1.814
0.061,0.854
0.015,1.863
0.032,-0.234
-0.147,0.756
-0.115,0.708
-0.277,-0.744
-0.222,1.802
-0.255,0.699
-0.342,1.63
-0.314,2.666
-0.429,0.314
-0.452,2.148
-0.404,-0.471
-0.485,-0.199
-0.495,-0.99
-0.502,2.715
-0.591,0.942
-0.606,0.633
-0.612,1.319
-0.546,-0.707
-0.637,2.602
-0.697,0.125
-0.625,2.603
-0.716,1.786
-0.754,0.99
-0.713,2.584
-0.796,1.611
-0.84,2.641
-0.867,0.033
-0.942,-0.939
-1.103,-0.658
-1.169,-0.859
-1.17,1.408
-1.238,0.263
-1.18,0.929
-1.215,1.741
-1.329,1.065
-1.274,1.003
-1.336,0.257
-1.373,2.872
-1.441,1.184
-1.441,-0.596
-1.399,2.305
-1.485,2.721
-1.446,1.249
-1.479,1.905
-1.663,0.803
-1.607,1.026
-1.661,2.252
-1.604,2.179
-1.668,1.844
-1.772,1.763
-1.743,0.336
-1.818,0.438
-1.83,1.724
-1.806,0.502
-1.862,2.561
-1.955,1.376
-1.991,0.359
-2.091,2.093
-2.06,0.197
-2.213,2.342
-2.313,0.713
-2.3,2.174
-2.282,1.915
-2.33,1.662
-2.374,2.214
-2.371,0.29
-2.352,1.639
-2.382,-0.151
-2.397,0.688
-2.422,2.529
-2.428,-0.013
-2.463,1.595
-2.54,-0.845
-2.475,0.486
-2.49,-0.919
-2.58,0.152
-2.506,-0.752
-2.533,0.02
-2.602,1.123
-2.59,-0.015
-2.69,2.693
-2.625,2.212
-2.732,0.206
-2.682,-0.293
-2.706,0.688
-2.778,-0.075
-2.753,-1.104
-2.849,1.183
-2.84,-0.271
-2.891,0.73
-2.924,-0.435
-2.969,0.577
-3.044,2.241
-3.045,0.549
-3.021,0.794
-3.105,1.332
-3.043,0.785
3.079,2.28
3.137,1.979
3.003,1.703
3.052,-0.534
3.075,-0.468
3.015,-0.881
2.912,2.884
2.9,1.756
2.971,2.898
2.788,-0.093
2.851,2.263
2.767,-0.063
2.677,2.659
2.639,-0.941
2.539,0.815
2.599,-0.482
2.495,-0.83
2.31,-1.073
2.155,1.096
2.167,2.011
2.013,1.196
1.962,2.159
1.949,1.813
1.944,1.312
1.913,2.505
1.808,-0.344
1.756,0.587
1.784,0.73
1.634,-1.315
1.421,-1.247
1.451,-1.081
0.636,-1.143
0.152,-1.255
0.041,-1.359
-0.627,-1.256
-0.6,-1.43
-0.702,-1.349
-1.294,-1.23
-1.826,-1.618
-2.666,-1.651
-2.903,-1.462
-3.052,-1.364
2.875,-1.224
2.547,-1.305
2.192,-1.224
1.349,3.048
1.142,3.139
0.797,3.089
0.435,3.025
0.338,2.822
0.394,3.114
-1.51,3.039
-2.185,3.147
-2.282,3.186
-2.591,2.968
-3.115,2.893
1.765,3.015
0.159,1.412
-0.432,-0.879
-1.657,1.096
-1.853,1.173
-2.213,1.062
-2.568,1.942
-3.111,-0.214
0.19,2.949
1.66,2.801
1.676,2.468
1.7,-0.028
1.564,-0.719
1.17,-0.241
1.264,1.043
1.144,2.748
1.164,2.486
1.264,0.338
1.266,1.21
1.1,1.501
1.145,0.893
1.096,0.916
0.951,2.676
1.055,0.845
0.937,1.721
0.896,0.664
0.903,-0.091
1.022,0.276
1.007,1.096
0.953,2.881
0.801,1.338
0.757,2.803
0.777,1.087
0.768,1.497
0.608,0.987
0.707,2.726
0.582,2.528
0.429,1.323
0.235,1.672
-0.016,-0.946
-0.083,0.738
0.015,-0.134
-0.069,0.498
-0.144,2.319
-0.331,0.327
-0.321,0.747
-0.375,-1.036
-0.637,0.646
-0.68,2.871
-0.817,-0.39
-0.886,-1.103
-0.987,2.122
-1.439,-0.738
-1.32,2.59
-1.416,2.879
-1.529,0.821
-1.576,0.519
-1.605,1.463
-1.892,0.492
-1.849,2.795
-2.019,1.826
-2.223,0.01
-2.27,2.2
-2.363,-0.852
-2.377,2.567
-2.514,1.766
-2.387,2.224
-2.431,1.339
-2.477,0.546
-2.455,2.268
-2.723,2.787
-2.66,2.724
-2.662,1.541
-2.732,1.206
-2.765,1.074
-2.868,0.569
-2.919,0.06
-2.84,0.033
-2.853,-0.522
-3.092,2.371
3.069,-0.72
2.84,-0.15
2.893,-0.592
2.843,2.598
2.664,-0.895
2.632,-0.235
2.713,2.549
2.354,-1.026
1.956,-0.746
1.944,2.183
1.937,0.573
1.793,0.675
1.79,-1.388
1.199,-1.308
0.95,-1.372
0.876,-1.445
0.473,-1.329
-0.02,-1.267
-1.571,-1.3
-2.631,-1.539
-2.702,-1.433
-2.592,-1.557
-3.138,-1.488
-3.056,-1.155
3.131,-1.195
2.918,-1.464
2.348,-1.335
2.072,-1.601
1.433,3.086
1.435,3.155
1.209,3.135
0.001,3.153
-0.852,3.133
-1.306,3.149
-1.557,3.139
-2.113,2.961
-2.143,3.024
-2.244,3.105
2.97,3.139
2.778,3.072
0.791,2.406
0.483,0.485
0.214,0.504
-0.433,0.476
-1.997,1.851
-2.12,0.615
-2.309,-0.109
-2.685,0.648
-2.644,0.794
-2.73,0.538
2.062,-1.067
1.206,1.833
0.836,-0.645
-0.766,0.397
-2.195,1.27
-2.382,2.405
-2.882,-0.42
3.106,1.264
0.495,1.562
0.219,0.196
-2.674,1.632
-2.877,-0.75
-2.975,1.675
2.666,0.109
0.649,-0.992
-2.539,2.631
-2.466,-0.847
-0.856,-1.599
-0.046,1.009
-0.029,-1.088
-0.208,-0.098
-0.176,-0.146
-0.338,-1.598
-0.283,0.948
-0.316,-0.155
-0.403,0.776
-0.375,1.812
-0.49,-0.54
-0.513,1.294
-0.465,-1.325
-0.546,-1.053
-0.556,-1.844
-0.563,1.861
-0.652,0.088
-0.667,-0.221
-0.673,0.465
-0.607,-1.561
-0.698,1.748
-0.758,-0.729
-0.686,1.749
-0.777,0.932
-0.815,0.136
-0.774,1.73
-0.857,0.757
-0.901,1.787
-0.928,-0.821
-1.003,-1.793
-1.164,-1.512
-1.23,-1.713
-1.231,0.554
-1.299,-0.591
-1.241,0.075
-1.276,0.887
-1.39,0.211
-1.335,0.149
-1.397,-0.597
-1.434,2.018
-1.502,0.33
-1.502,-1.45
-1.46,1.451
-1.546,1.867
-1.507,0.395
-1.54,1.051
-1.724,-0.051
-1.668,0.172
-1.722,1.398
-1.665,1.325
-1.729,0.99
-1.833,0.909
-1.804,-0.518
-1.879,-0.416
-1.891,0.87
-1.867,-0.352
-1.923,1.707
-2.016,0.522
-2.052,-0.495
-2.152,1.239
-2.121,-0.657
-2.274,1.488
-2.374,-0.141
-2.361,1.32
-2.343,1.061
-2.391,0.808
-2.435,1.36
-2.432,-0.564
-2.413,0.785
-2.443,-1.005
-2.458,-0.166
-2.483,1.675
-2.489,-0.867
-2.524,0.741
-2.601,-1.699
-2.536,-0.368
-2.551,-1.773
-2.641,-0.702
-2.567,-1.606
-2.594,-0.834
-2.663,0.269
-2.651,-0.869
-2.751,1.839
-2.686,1.358
-2.793,-0.648
-2.743,-1.147
-2.767,-0.166
-2.839,-0.929
-2.814,-1.958
-2.91,0.329
-2.901,-1.125
-2.952,-0.124
-2.985,-1.289
-3.03,-0.277
-3.105,1.387
-3.106,-0.305
-3.082,-0.06
3.117,0.478
-3.104,-0.069
3.018,1.426
3.076,1.125
2.942,0.849
2.991,-1.388
3.014,-1.322
2.954,-1.735
2.851,2.03
2.839,0.902
2.91,2.044
2.727,-0.947
2.79,1.409
2.706,-0.917
2.616,1.805
2.578,-1.795
2.478,-0.039
2.538,-1.336
2.434,-1.684
2.249,-1.927
2.094,0.242
2.106,1.157
1.952,0.342
1.901,1.305
1.888,0.959
1.883,0.458
1.852,1.651
1.747,-1.198
1.695,-0.267
1.723,-0.124
1.573,-2.169
1.36,-2.101
1.39,-1.935
0.575,-1.997
0.091,-2.109
-0.02,-2.213
-0.688,-2.11
-0.661,-2.284
-0.763,-2.203
-1.355,-2.084
-1.887,-2.472
-2.727,-2.505
-2.964,-2.316
-3.113,-2.218
2.814,-2.078
2.486,-2.159
2.131,-2.078
1.288,2.194
1.081,2.285
0.736,2.235
0.374,2.171
0.277,1.968
0.333,2.26
-1.571,2.185
-2.246,2.293
-2.343,2.332
-2.652,2.114
3.107,2.039
1.704,2.161
0.098,0.558
-0.493,-1.733
-1.718,0.242
-1.914,0.319
-2.274,0.208
-2.629,1.088
3.111,-1.068
0.129,2.095
1.599,1.947
1.615,1.614
1.639,-0.882
1.503,-1.573
1.109,-1.095
1.203,0.189
1.083,1.894
1.103,1.632
1.203,-0.516
1.205,0.356
1.039,0.647
1.084,0.039
1.035,0.062
0.89,1.822
0.994,-0.009
0.876,0.867
0.835,-0.19
0.842,-0.945
0.961,-0.578
0.946,0.242
0.892,2.027
0.74,0.484
0.696,1.949
0.716,0.233
0.707,0.643
0.547,0.133
0.646,1.872
0.521,1.674
0.368,0.469
0.174,0.818
-0.077,-1.8
-0.144,-0.116
-0.046,-0.988
-0.13,-0.356
-0.205,1.465
-0.392,-0.527
-0.382,-0.107
-0.436,-1.89
-0.698,-0.208
-0.741,2.017
-0.878,-1.244
-0.947,-1.957
-1.048,1.268
-1.5,-1.592
-1.381,1.736
-1.477,2.025
-1.59,-0.033
-1.637,-0.335
-1.666,0.609
-1.953,-0.362
-1.91,1.941
-2.08,0.972
-2.284,-0.844
-2.331,1.346
-2.424,-1.706
-2.438,1.713
-2.575,0.912
-2.448,1.37
-2.492,0.485
-2.538,-0.308
-2.516,1.414
-2.784,1.933
-2.721,1.87
-2.723,0.687
-2.793,0.352
-2.826,0.22
-2.929,-0.285
-2.98,-0.794
-2.901,-0.821
-2.914,-1.376
3.13,1.517
3.008,-1.574
2.779,-1.004
2.832,-1.446
2.782,1.744
2.603,-1.749
2.571,-1.089
2.652,1.695
2.293,-1.88
1.895,-1.6
1.883,1.329
1.876,-0.281
1.732,-0.179
1.729,-2.242
1.138,-2.162
0.889,-2.226
0.815,-2.299
0.412,-2.183
-0.081,-2.121
-1.632,-2.154
-2.692,-2.393
-2.763,-2.287
-2.653,-2.411
3.084,-2.342
-3.117,-2.009
3.07,-2.049
2.857,-2.318
2.287,-2.189
2.011,-2.455
1.372,2.232
1.374,2.301
1.148,2.281
-0.06,2.299
-0.913,2.279
-1.367,2.295
-1.618,2.285
-2.174,2.107
-2.204,2.17
-2.305,2.251
2.909,2.285
2.717,2.218
0.73,1.552
0.422,-0.369
0.153,-0.35
-0.494,-0.378
-2.058,0.997
-2.181,-0.239
-2.37,-0.963
-2.746,-0.206
-2.705,-0.06
-2.791,-0.316
2.001,-1.921
1.145,0.979
0.775,-1.499
-0.827,-0.457
-2.256,0.416
-2.443,1.551
-2.943,-1.274
3.045,0.41
0.434,0.708
0.158,-0.658
-2.735,0.778
-2.938,-1.604
-3.036,0.821
2.605,-0.745
0.588,-1.846
-2.6,1.777
-2.527,-1.701
-0.917,-2.453
0.017,-2.097
-0.162,-1.107
-0.13,-1.155
-0.292,-2.607
-0.237,-0.061
-0.27,-1.164
-0.357,-0.233
-0.329,0.803
-0.444,-1.549
-0.467,0.285
-0.419,-2.334
-0.5,-2.062
-0.51,-2.853
-0.517,0.852
-0.606,-0.921
-0.621,-1.23
-0.627,-0.544
-0.561,-2.57
-0.652,0.739
-0.712,-1.738
-0.64,0.74
-0.731,-0.077
-0.769,-0.873
-0.728,0.721
-0.811,-0.252
-0.855,0.778
-0.882,-1.83
-0.957,-2.802
-1.118,-2.521
-1.184,-2.722
-1.185,-0.455
-1.253,-1.6
-1.195,-0.934
-1.23,-0.122
-1.344,-0.798
-1.289,-0.86
-1.351,-1.606
-1.388,1.009
-1.456,-0.679
-1.456,-2.459
-1.414,0.442
-1.5,0.858
-1.461,-0.614
-1.494,0.042
-1.678,-1.06
-1.622,-0.837
-1.676,0.389
-1.619,0.316
-1.683,-0.019
-1.787,-0.1
-1.758,-1.527
-1.833,-1.425
-1.845,-0.139
-1.821,-1.361
-1.877,0.698
-1.97,-0.487
-2.006,-1.504
-2.106,0.23
-2.075,-1.666
-2.228,0.479
-2.328,-1.15
-2.315,0.311
-2.297,0.052
-2.345,-0.201
-2.389,0.351
-2.386,-1.573
-2.367,-0.224
-2.397,-2.014
-2.412,-1.175
-2.437,0.666
-2.443,-1.876
-2.478,-0.268
-2.555,-2.708
-2.49,-1.377
-2.505,-2.782
-2.595,-1.711
-2.521,-2.615
-2.548,-1.843
-2.617,-0.74
-2.605,-1.878
-2.705,0.83
-2.64,0.349
-2.747,-1.657
-2.697,-2.156
-2.721,-1.175
-2.793,-1.938
-2.768,-2.967
-2.864,-0.68
-2.855,-2.134
-2.906,-1.133
-2.939,-2.298
-2.984,-1.286
-3.059,0.378
-3.06,-1.314
-3.036,-1.069
-3.12,-0.531
-3.058,-1.078
3.064,0.417
3.122,0.116
2.988,-0.16
3.037,-2.397
3.06,-2.331
3.0,-2.744
2.897,1.021
2.885,-0.107
2.956,1.035
2.773,-1.956
2.836,0.4
2.752,-1.926
2.662,0.796
2.624,-2.804
2.524,-1.048
2.584,-2.345
2.48,-2.693
2.295,-2.936
2.14,-0.767
2.152,0.148
1.998,-0.667
1.947,0.296
1.934,-0.05
1.929,-0.551
1.898,0.642
1.793,-2.207
1.741,-1.276
1.769,-1.133
1.619,-3.178
1.406,-3.11
1.436,-2.944
0.621,-3.006
0.137,-3.118
0.026,-3.222
-0.642,-3.119
-0.615,-3.293
-0.717,-3.212
-1.309,-3.093
-1.841,-3.481
-2.681,-3.514
-2.918,-3.325
-3.067,-3.227
2.86,-3.087
2.532,-3.168
2.177,-3.087
1.334,1.185
1.127,1.276
0.782,1.226
0.42,1.162
0.323,0.959
0.379,1.251
-1.525,1.176
-2.2,1.284
-2.297,1.323
-2.606,1.105
-3.13,1.03
1.75,1.152
0.144,-0.451
-0.447,-2.742
-1.672,-0.767
-1.868,-0.69
-2.228,-0.801
-2.583,0.079
-3.126,-2.077
0.175,1.086
1.645,0.938
1.661,0.605
1.685,-1.891
1.549,-2.582
1.155,-2.104
1.249,-0.82
1.129,0.885
1.149,0.623
1.249,-1.525
1.251,-0.653
1.085,-0.362
1.13,-0.97
1.081,-0.947
0.936,0.813
1.04,-1.018
0.922,-0.142
0.881,-1.199
0.888,-1.954
1.007,-1.587
0.992,-0.767
0.938,1.018
0.786,-0.525
0.742,0.94
0.762,-0.776
0.753,-0.366
0.593,-0.876
0.692,0.863
0.567,0.665
0.414,-0.54
0.22,-0.191
-0.031,-2.809
-0.098,-1.125
0.0,-1.997
-0.084,-1.365
-0.159,0.456
-0.346,-1.536
-0.336,-1.116
-0.39,-2.899
-0.652,-1.217
-0.695,1.008
-0.832,-2.253
-0.901,-2.966
-1.002,0.259
-1.454,-2.601
-1.335,0.727
-1.431,1.016
-1.544,-1.042
-1.591,-1.344
-1.62,-0.4
-1.907,-1.371
-1.864,0.932
-2.034,-0.037
-2.238,-1.853
-2.285,0.337
-2.378,-2.715
-2.392,0.704
-2.529,-0.097
-2.402,0.361
-2.446,-0.524
-2.492,-1.317
-2.47,0.405
-2.738,0.924
-2.675,0.861
-2.677,-0.322
-2.747,-0.657
-2.78,-0.789
-2.883,-1.294
-2.934,-1.803
-2.855,-1.83
-2.868,-2.385
-3.107,0.508
3.054,-2.583
2.825,-2.013
2.878,-2.455
2.828,0.735
2.649,-2.758
2.617,-2.098
2.698,0.686
2.339,-2.889
1.941,-2.609
1.929,0.32
1.922,-1.29
1.778,-1.188
1.775,-3.251
1.184,-3.171
0.935,-3.235
0.861,-3.308
0.458,-3.192
-0.035,-3.13
-1.586,-3.163
-2.646,-3.402
-2.717,-3.296
-2.607,-3.42
3.13,-3.351
-3.071,-3.018
3.116,-3.058
2.903,-3.327
2.333,-3.198
2.057,-3.464
1.418,1.223
1.42,1.292
1.194,1.272
-0.014,1.29
-0.867,1.27
-1.321,1.286
-1.572,1.276
-2.128,1.098
-2.158,1.161
-2.259,1.242
2.955,1.276
2.763,1.209
0.776,0.543
0.468,-1.378
0.199,-1.359
-0.448,-1.387
-2.012,-0.012
-2.135,-1.248
-2.324,-1.972
-2.7,-1.215
-2.659,-1.069
-2.745,-1.325
2.047,-2.93
1.191,-0.03
0.821,-2.508
-0.781,-1.466
-2.21,-0.593
-2.397,0.542
-2.897,-2.283
3.091,-0.599
0.48,-0.301
0.204,-1.667
-2.689,-0.231
-2.892,-2.613
-2.99,-0.188
2.651,-1.754
0.634,-2.855
-2.554,0.768
-2.481,-2.71
-0.871,-3.462
-0.179,0.99
-0.147,0.942
-0.309,-0.51
-0.254,2.036
-0.287,0.933
-0.374,1.864
-0.346,2.9
-0.461,0.548
-0.484,2.382
-0.436,-0.237
-0.517,0.035
-0.527,-0.756
-0.534,2.949
-0.623,1.176
-0.638,0.867
-0.644,1.553
-0.578,-0.473
-0.669,2.836
-0.729,0.359
-0.657,2.837
-0.748,2.02
-0.786,1.224
-0.745,2.818
-0.828,1.845
-0.872,2.875
-0.899,0.267
-0.974,-0.705
-1.135,-0.424
-1.201,-0.625
-1.202,1.642
-1.27,0.497
-1.212,1.163
-1.247,1.975
-1.361,1.299
-1.306,1.237
-1.368,0.491
-1.405,3.106
-1.473,1.418
-1.473,-0.362
-1.431,2.539
-1.517,2.955
-1.478,1.483
-1.511,2.139
-1.695,1.037
-1.639,1.26
-1.693,2.486
-1.636,2.413
-1.7,2.078
-1.804,1.997
-1.775,0.57
-1.85,0.672
-1.862,1.958
-1.838,0.736
-1.894,2.795
-1.987,1.61
-2.023,0.593
-2.123,2.327
-2.092,0.431
-2.245,2.576
-2.345,0.947
-2.332,2.408
-2.314,2.149
-2.362,1.896
-2.406,2.448
-2.403,0.524
-2.384,1.873
-2.414,0.083
-2.429,0.922
-2.454,2.763
-2.46,0.221
-2.495,1.829
-2.572,-0.611
-2.507,0.72
-2.522,-0.685
-2.612,0.386
-2.538,-0.518
-2.565,0.254
-2.634,1.357
-2.622,0.219
-2.722,2.927
-2.657,2.446
-2.764,0.44
-2.714,-0.059
-2.738,0.922
-2.81,0.159
-2.785,-0.87
-2.881,1.417
-2.872,-0.037
-2.923,0.964
-2.956,-0.201
-3.001,0.811
-3.076,2.475
-3.077,0.783
-3.053,1.028
-3.137,1.566
-3.075,1.019
3.047,2.514
3.105,2.213
2.971,1.937
3.02,-0.3
3.043,-0.234
2.983,-0.647
2.88,3.118
2.868,1.99
2.939,3.132
2.756,0.141
2.819,2.497
2.735,0.171
2.645,2.893
2.607,-0.707
2.507,1.049
2.567,-0.248
2.463,-0.596
2.278,-0.839
2.123,1.33
2.135,2.245
1.981,1.43
1.93,2.393
1.917,2.047
1.912,1.546
1.881,2.739
1.776,-0.11
1.724,0.821
1.752,0.964
1.602,-1.081
1.389,-1.013
1.419,-0.847
0.604,-0.909
0.12,-1.021
0.009,-1.125
-0.659,-1.022
-0.632,-1.196
-0.734,-1.115
-1.326,-0.996
-1.858,-1.384
-2.698,-1.417
-2.935,-1.228
-3.084,-1.13
2.843,-0.99
2.515,-1.071
2.16,-0.99
1.317,3.282
1.11,3.373
0.765,3.323
0.403,3.259
0.306,3.056
0.362,3.348
-1.542,3.273
-2.217,3.381
-2.314,3.42
-2.623,3.202
3.136,3.127
1.733,3.249
0.127,1.646
-0.464,-0.645
-1.689,1.33
-1.885,1.407
-2.245,1.296
-2.6,2.176
3.14,0.02
0.158,3.183
1.628,3.035
1.644,2.702
1.668,0.206
1.532,-0.485
1.138,-0.007
1.232,1.277
1.112,2.982
1.132,2.72
1.232,0.572
1.234,1.444
1.068,1.735
1.113,1.127
1.064,1.15
0.919,2.91
1.023,1.079
0.905,1.955
0.864,0.898
0.871,0.143
0.99,0.51
0.975,1.33
0.921,3.115
0.769,1.572
0.725,3.037
0.745,1.321
0.736,1.731
0.576,1.221
0.675,2.96
0.55,2.762
0.397,1.557
0.203,1.906
-0.048,-0.712
-0.115,0.972
-0.017,0.1
-0.101,0.732
-0.176,2.553
-0.363,0.561
-0.353,0.981
-0.407,-0.802
-0.669,0.88
-0.712,3.105
-0.849,-0.156
-0.918,-0.869
-1.019,2.356
-1.471,-0.504
-1.352,2.824
-1.448,3.113
-1.561,1.055
-1.608,0.753
-1.637,1.697
-1.924,0.726
-1.881,3.029
-2.051,2.06
-2.255,0.244
-2.302,2.434
-2.395,-0.618
-2.409,2.801
-2.546,2.0
-2.419,2.458
-2.463,1.573
-2.509,0.78
-2.487,2.502
-2.755,3.021
-2.692,2.958
-2.694,1.775
-2.764,1.44
-2.797,1.308
-2.9,0.803
-2.951,0.294
-2.872,0.267
-2.885,-0.288
-3.124,2.605
3.037,-0.486
2.808,0.084
2.861,-0.358
2.811,2.832
2.632,-0.661
2.6,-0.001
2.681,2.783
2.322,-0.792
1.924,-0.512
1.912,2.417
1.905,0.807
1.761,0.909
1.758,-1.154
1.167,-1.074
0.918,-1.138
0.844,-1.211
0.441,-1.095
-0.052,-1.033
-1.603,-1.066
-2.663,-1.305
-2.734,-1.199
-2.624,-1.323
3.113,-1.254
-3.088,-0.921
3.099,-0.961
2.886,-1.23
2.316,-1.101
2.04,-1.367
1.401,3.32
1.403,3.389
1.177,3.369
-0.031,3.387
-0.884,3.367
-1.338,3.383
-1.589,3.373
-2.145,3.195
-2.175,3.258
-2.276,3.339
2.938,3.373
2.746,3.306
0.759,2.64
0.451,0.719
0.182,0.738
-0.465,0.71
-2.029,2.085
-2.152,0.849
-2.341,0.125
-2.717,0.882
-2.676,1.028
-2.762,0.772
2.03,-0.833
1.174,2.067
0.804,-0.411
-0.798,0.631
-2.227,1.504
-2.414,2.639
-2.914,-0.186
3.074,1.498
0.463,1.796
0.187,0.43
-2.706,1.866
-2.909,-0.516
-3.007,1.909
2.634,0.343
0.617,-0.758
-2.571,2.865
-2.498,-0.613
-0.888,-1.365
0.032,-0.048
-0.13,-1.5
-0.075,1.046
-0.108,-0.057
-0.195,0.874
-0.167,1.91
-0.282,-0.442
-0.305,1.392
-0.257,-1.227
-0.338,-0.955
-0.348,-1.746
-0.355,1.959
-0.444,0.186
-0.459,-0.123
-0.465,0.563
-0.399,-1.463
-0.49,1.846
-0.55,-0.631
-0.478,1.847
-0.569,1.03
-0.607,0.234
-0.566,1.828
-0.649,0.855
-0.693,1.885
-0.72,-0.723
-0.795,-1.695
-0.956,-1.414
-1.022,-1.615
-1.023,0.652
-1.091,-0.493
-1.033,0.173
-1.068,0.985
-1.182,0.309
-1.127,0.247
-1.189,-0.499
-1.226,2.116
-1.294,0.428
-1.294,-1.352
-1.252,1.549
-1.338,1.965
-1.299,0.493
-1.332,1.149
-1.516,0.047
-1.46,0.27
-1.514,1.496
-1.457,1.423
-1.521,1.088
-1.625,1.007
-1.596,-0.42
-1.671,-0.318
-1.683,0.968
-1.659,-0.254
-1.715,1.805
-1.808,0.62
-1.844,-0.397
-1.944,1.337
-1.913,-0.559
-2.066,1.586
-2.166,-0.043
-2.153,1.418
-2.135,1.159
-2.183,0.906
-2.227,1.458
-2.224,-0.466
-2.205,0.883
-2.235,-0.907
-2.25,-0.068
-2.275,1.773
-2.281,-0.769
-2.316,0.839
-2.393,-1.601
-2.328,-0.27
-2.343,-1.675
-2.433,-0.604
-2.359,-1.508
-2.386,-0.736
-2.455,0.367
-2.443,-0.771
-2.543,1.937
-2.478,1.456
-2.585,-0.55
-2.535,-1.049
-2.559,-0.068
-2.631,-0.831
-2.606,-1.86
-2.702,0.427
-2.693,-1.027
-2.744,-0.026
-2.777,-1.191
-2.822,-0.179
-2.897,1.485
-2.898,-0.207
-2.874,0.038
-2.958,0.576
-2.896,0.029
-3.057,1.524
-2.999,1.223
-3.133,0.947
-3.084,-1.29
-3.061,-1.224
-3.121,-1.637
3.059,2.128
3.047,1.0
3.118,2.142
2.935,-0.849
2.998,1.507
2.914,-0.819
2.824,1.903
2.786,-1.697
2.686,0.059
2.746,-1.238
2.642,-1.586
2.457,-1.829
2.302,0.34
2.314,1.255
2.16,0.44
2.109,1.403
2.096,1.057
2.091,0.556
2.06,1.749
1.955,-1.1
1.903,-0.169
1.931,-0.026
1.781,-2.071
1.568,-2.003
1.598,-1.837
0.783,-1.899
0.299,-2.011
0.188,-2.115
-0.48,-2.012
-0.453,-2.186
-0.555,-2.105
-1.147,-1.986
-1.679,-2.374
-2.519,-2.407
-2.756,-2.218
-2.905,-2.12
3.022,-1.98
2.694,-2.061
2.339,-1.98
1.496,2.292
1.289,2.383
0.944,2.333
0.582,2.269
0.485,2.066
0.541,2.358
-1.363,2.283
-2.038,2.391
-2.135,2.43
-2.444,2.212
-2.968,2.137
1.912,2.259
0.306,0.656
-0.285,-1.635
-1.51,0.34
-1.706,0.417
-2.066,0.306
-2.421,1.186
-2.964,-0.97
0.337,2.193
1.807,2.045
1.823,1.712
1.847,-0.784
1.711,-1.475
1.317,-0.997
1.411,0.287
1.291,1.992
1.311,1.73
1.411,-0.418
1.413,0.454
1.247,0.745
1.292,0.137
1.243,0.16
1.098,1.92
1.202,0.089
1.084,0.965
1.043,-0.092
1.05,-0.847
1.169,-0.48
1.154,0.34
1.1,2.125
0.948,0.582
0.904,2.047
0.924,0.331
0.915,0.741
0.755,0.231
0.854,1.97
0.729,1.772
0.576,0.567
0.382,0.916
0.131,-1.702
0.064,-0.018
0.162,-0.89
0.078,-0.258
0.003,1.563
-0.184,-0.429
-0.174,-0.009
-0.228,-1.792
-0.49,-0.11
-0.533,2.115
-0.67,-1.146
-0.739,-1.859
-0.84,1.366
-1.292,-1.494
-1.173,1.834
-1.269,2.123
-1.382,0.065
-1.429,-0.237
-1.458,0.707
-1.745,-0.264
-1.702,2.039
-1.872,1.07
-2.076,-0.746
-2.123,1.444
-2.216,-1.608
-2.23,1.811
-2.367,1.01
-2.24,1.468
-2.284,0.583
-2.33,-0.21
-2.308,1.512
-2.576,2.031
-2.513,1.968
-2.515,0.785
-2.585,0.45
-2.618,0.318
-2.721,-0.187
-2.772,-0.696
-2.693,-0.723
-2.706,-1.278
-2.945,1.615
-3.067,-1.476
2.987,-0.906
3.04,-1.348
2.99,1.842
2.811,-1.651
2.779,-0.991
2.86,1.793
2.501,-1.782
2.103,-1.502
2.091,1.427
2.084,-0.183
1.94,-0.081
1.937,-2.144
1.346,-2.064
1.097,-2.128
1.023,-2.201
0.62,-2.085
0.127,-2.023
-1.424,-2.056
-2.484,-2.295
-2.555,-2.189
-2.445,-2.313
-2.991,-2.244
-2.909,-1.911
-3.005,-1.951
3.065,-2.22
2.495,-2.091
2.219,-2.357
1.58,2.33
1.582,2.399
1.356,2.379
0.148,2.397
-0.705,2.377
-1.159,2.393
-1.41,2.383
-1.966,2.205
-1.996,2.268
-2.097,2.349
3.117,2.383
2.925,2.316
0.938,1.65
0.63,-0.271
0.361,-0.252
-0.286,-0.28
-1.85,1.095
-1.973,-0.141
-2.162,-0.865
-2.538,-0.108
-2.497,0.038
-2.583,-0.218
2.209,-1.823
1.353,1.077
0.983,-1.401
-0.619,-0.359
-2.048,0.514
-2.235,1.649
-2.735,-1.176
-3.03,0.508
0.642,0.806
0.366,-0.56
-2.527,0.876
-2.73,-1.506
-2.828,0.919
2.813,-0.647
0.796,-1.748
-2.392,1.875
-2.319,-1.603
-0.709,-2.355
-0.162,-1.452
-0.107,1.094
-0.14,-0.009
-0.227,0.922
-0.199,1.958
-0.314,-0.394
-0.337,1.44
-0.289,-1.179
-0.37,-0.907
-0.38,-1.698
-0.387,2.007
-0.476,0.234
-0.491,-0.075
-0.497,0.611
-0.431,-1.415
-0.522,1.894
-0.582,-0.583
-0.51,1.895
-0.601,1.078
-0.639,0.282
-0.598,1.876
-0.681,0.903
-0.725,1.933
-0.752,-0.675
-0.827,-1.647
-0.988,-1.366
-1.054,-1.567
-1.055,0.7
-1.123,-0.445
-1.065,0.221
-1.1,1.033
-1.214,0.357
-1.159,0.295
-1.221,-0.451
-1.258,2.164
-1.326,0.476
-1.326,-1.304
-1.284,1.597
-1.37,2.013
-1.331,0.541
-1.364,1.197
-1.548,0.095
-1.492,0.318
-1.546,1.544
-1.489,1.471
-1.553,1.136
-1.657,1.055
-1.628,-0.372
-1.703,-0.27
-1.715,1.016
-1.691,-0.206
-1.747,1.853
-1.84,0.668
-1.876,-0.349
-1.976,1.385
-1.945,-0.511
-2.098,1.634
-2.198,0.005
-2.185,1.466
-2.167,1.207
-2.215,0.954
-2.259,1.506
-2.256,-0.418
-2.237,0.931
-2.267,-0.859
-2.282,-0.02
-2.307,1.821
-2.313,-0.721
-2.348,0.887
-2.425,-1.553
-2.36,-0.222
-2.375,-1.627
-2.465,-0.556
-2.391,-1.46
-2.418,-0.688
-2.487,0.415
-2.475,-0.723
-2.575,1.985
-2.51,1.504
-2.617,-0.502
-2.567,-1.001
-2.591,-0.02
-2.663,-0.783
-2.638,-1.812
-2.734,0.475
-2.725,-0.979
-2.776,0.022
-2.809,-1.143
-2.854,-0.131
-2.929,1.533
-2.93,-0.159
-2.906,0.086
-2.99,0.624
-2.928,0.077
-3.089,1.572
-3.031,1.271
3.118,0.995
-3.116,-1.242
-3.093,-1.176
3.13,-1.589
3.027,2.176
3.015,1.048
3.086,2.19
2.903,-0.801
2.966,1.555
2.882,-0.771
2.792,1.951
2.754,-1.649
2.654,0.107
2.714,-1.19
2.61,-1.538
2.425,-1.781
2.27,0.388
2.282,1.303
2.128,0.488
2.077,1.451
2.064,1.105
2.059,0.604
2.028,1.797
1.923,-1.052
1.871,-0.121
1.899,0.022
1.749,-2.023
1.536,-1.955
1.566,-1.789
0.751,-1.851
0.267,-1.963
0.156,-2.067
-0.512,-1.964
-0.485,-2.138
-0.587,-2.057
-1.179,-1.938
-1.711,-2.326
-2.551,-2.359
-2.788,-2.17
-2.937,-2.072
2.99,-1.932
2.662,-2.013
2.307,-1.932
1.464,2.34
1.257,2.431
0.912,2.381
0.55,2.317
0.453,2.114
0.509,2.406
-1.395,2.331
-2.07,2.439
-2.167,2.478
-2.476,2.26
-3.0,2.185
1.88,2.307
0.274,0.704
-0.317,-1.587
-1.542,0.388
-1.738,0.465
-2.098,0.354
-2.453,1.234
-2.996,-0.922
0.305,2.241
1.775,2.093
1.791,1.76
1.815,-0.736
1.679,-1.427
1.285,-0.949
1.379,0.335
1.259,2.04
1.279,1.778
1.379,-0.37
1.381,0.502
1.215,0.793
1.26,0.185
1.211,0.208
1.066,1.968
1.17,0.137
1.052,1.013
1.011,-0.044
1.018,-0.799
1.137,-0.432
1.122,0.388
1.068,2.173
0.916,0.63
0.872,2.095
0.892,0.379
0.883,0.789
0.723,0.279
0.822,2.018
0.697,1.82
0.544,0.615
0.35,0.964
0.099,-1.654
0.032,0.03
0.13,-0.842
0.046,-0.21
-0.029,1.611
-0.216,-0.381
-0.206,0.039
-0.26,-1.744
-0.522,-0.062
-0.565,2.163
-0.702,-1.098
-0.771,-1.811
-0.872,1.414
-1.324,-1.446
-1.205,1.882
-1.301,2.171
-1.414,0.113
-1.461,-0.189
-1.49,0.755
-1.777,-0.216
-1.734,2.087
-1.904,1.118
-2.108,-0.698
-2.155,1.492
-2.248,-1.56
-2.262,1.859
-2.399,1.058
-2.272,1.516
-2.316,0.631
-2.362,-0.162
-2.34,1.56
-2.608,2.079
-2.545,2.016
-2.547,0.833
-2.617,0.498
-2.65,0.366
-2.753,-0.139
-2.804,-0.648
-2.725,-0.675
-2.738,-1.23
-2.977,1.663
-3.099,-1.428
2.955,-0.858
3.008,-1.3
2.958,1.89
2.779,-1.603
2.747,-0.943
2.828,1.841
2.469,-1.734
2.071,-1.454
2.059,1.475
2.052,-0.135
1.908,-0.033
1.905,-2.096
1.314,-2.016
1.065,-2.08
0.991,-2.153
0.588,-2.037
0.095,-1.975
-1.456,-2.008
-2.516,-2.247
-2.587,-2.141
-2.477,-2.265
-3.023,-2.196
-2.941,-1.863
-3.037,-1.903
3.033,-2.172
2.463,-2.043
2.187,-2.309
1.548,2.378
1.55,2.447
1.324,2.427
0.116,2.445
-0.737,2.425
-1.191,2.441
-1.442,2.431
-1.998,2.253
-2.028,2.316
-2.129,2.397
3.085,2.431
2.893,2.364
0.906,1.698
0.598,-0.223
0.329,-0.204
-0.318,-0.232
-1.882,1.143
-2.005,-0.093
-2.194,-0.817
-2.57,-0.06
-2.529,0.086
-2.615,-0.17
2.177,-1.775
1.321,1.125
0.951,-1.353
-0.651,-0.311
-2.08,0.562
-2.267,1.697
-2.767,-1.128
-3.062,0.556
0.61,0.854
0.334,-0.512
-2.559,0.924
-2.762,-1.458
-2.86,0.967
2.781,-0.599
0.764,-1.7
-2.424,1.923
-2.351,-1.555
-0.741,-2.307
0.055,2.546
0.022,1.443
-0.065,2.374
-0.037,3.41
-0.152,1.058
-0.175,2.892
-0.127,0.273
-0.208,0.545
-0.218,-0.246
-0.225,3.459
-0.314,1.686
-0.329,1.377
-0.335,2.063
-0.269,0.037
-0.36,3.346
-0.42,0.869
-0.348,3.347
-0.439,2.53
-0.477,1.734
-0.436,3.328
-0.519,2.355
-0.563,3.385
-0.59,0.777
-0.665,-0.195
-0.826,0.086
-0.892,-0.115
-0.893,2.152
-0.961,1.007
-0.903,1.673
-0.938,2.485
-1.052,1.809
-0.997,1.747
-1.059,1.001
-1.096,3.616
-1.164,1.928
-1.164,0.148
-1.122,3.049
-1.208,3.465
-1.169,1.993
-1.202,2.649
-1.386,1.547
-1.33,1.77
-1.384,2.996
-1.327,2.923
-1.391,2.588
-1.495,2.507
-1.466,1.08
-1.541,1.182
-1.553,2.468
-1.529,1.246
-1.585,3.305
-1.678,2.12
-1.714,1.103
-1.814,2.837
-1.783,0.941
-1.936,3.086
-2.036,1.457
-2.023,2.918
-2.005,2.659
-2.053,2.406
-2.097,2.958
-2.094,1.034
-2.075,2.383
-2.105,0.593
-2.12,1.432
-2.145,3.273
-2.151,0.731
-2.186,2.339
-2.263,-0.101
-2.198,1.23
-2.213,-0.175
-2.303,0.896
-2.229,-0.008
-2.256,0.764
-2.325,1.867
-2.313,0.729
-2.413,3.437
-2.348,2.956
-2.455,0.95
-2.405,0.451
-2.429,1.432
-2.501,0.669
-2.476,-0.36
-2.572,1.927
-2.563,0.473
-2.614,1.474
-2.647,0.309
-2.692,1.321
-2.767,2.985
-2.768,1.293
-2.744,1.538
-2.828,2.076
-2.766,1.529
-2.927,3.024
-2.869,2.723
-3.003,2.447
-2.954,0.21
-2.931,0.276
-2.991,-0.137
-3.094,3.628
-3.106,2.5
-3.035,3.642
3.065,0.651
3.128,3.007
3.044,0.681
2.954,3.403
2.916,-0.197
2.816,1.559
2.876,0.262
2.772,-0.086
2.587,-0.329
2.432,1.84
2.444,2.755
2.29,1.94
2.239,2.903
2.226,2.557
2.221,2.056
2.19,3.249
2.085,0.4
2.033,1.331
2.061,1.474
1.911,-0.571
1.698,-0.503
1.728,-0.337
0.913,-0.399
0.429,-0.511
0.318,-0.615
-0.35,-0.512
-0.323,-0.686
-0.425,-0.605
-1.017,-0.486
-1.549,-0.874
-2.389,-0.907
-2.626,-0.718
-2.775,-0.62
-3.131,-0.48
2.824,-0.561
2.469,-0.48
1.626,3.792
1.419,3.883
1.074,3.833
0.712,3.769
0.615,3.566
0.671,3.858
-1.233,3.783
-1.908,3.891
-2.005,3.93
-2.314,3.712
-2.838,3.637
2.042,3.759
0.436,2.156
-0.155,-0.135
-1.38,1.84
-1.576,1.917
-1.936,1.806
-2.291,2.686
-2.834,0.53
0.467,3.693
1.937,3.545
1.953,3.212
1.977,0.716
1.841,0.025
1.447,0.503
1.541,1.787
1.421,3.492
1.441,3.23
1.541,1.082
1.543,1.954
1.377,2.245
1.422,1.637
1.373,1.66
1.228,3.42
1.332,1.589
1.214,2.465
1.173,1.408
1.18,0.653
1.299,1.02
1.284,1.84
1.23,3.625
1.078,2.082
1.034,3.547
1.054,1.831
1.045,2.241
0.885,1.731
0.984,3.47
0.859,3.272
0.706,2.067
0.512,2.416
0.261,-0.202
0.194,1.482
0.292,0.61
0.208,1.242
0.133,3.063
-0.054,1.071
-0.044,1.491
-0.098,-0.292
-0.36,1.39
-0.403,3.615
-0.54,0.354
-0.609,-0.359
-0.71,2.866
-1.162,0.006
-1.043,3.334
-1.139,3.623
-1.252,1.565
-1.299,1.263
-1.328,2.207
-1.615,1.236
-1.572,3.539
-1.742,2.57
-1.946,0.754
-1.993,2.944
-2.086,-0.108
-2.1,3.311
-2.237,2.51
-2.11,2.968
-2.154,2.083
-2.2,1.29
-2.178,3.012
-2.446,3.531
-2.383,3.468
-2.385,2.285
-2.455,1.95
-2.488,1.818
-2.591,1.313
-2.642,0.804
-2.563,0.777
-2.576,0.222
-2.815,3.115
-2.937,0.024
3.117,0.594
-3.113,0.152
3.12,3.342
2.941,-0.151
2.909,0.509
2.99,3.293
2.631,-0.282
2.233,-0.002
2.221,2.927
2.214,1.317
2.07,1.419
2.067,-0.644
1.476,-0.564
1.227,-0.628
1.153,-0.701
0.75,-0.585
0.257,-0.523
-1.294,-0.556
-2.354,-0.795
-2.425,-0.689
-2.315,-0.813
-2.861,-0.744
-2.779,-0.411
-2.875,-0.451
-3.088,-0.72
2.625,-0.591
2.349,-0.857
1.71,3.83
1.712,3.899
1.486,3.879
0.278,3.897
-0.575,3.877
-1.029,3.893
-1.28,3.883
-1.836,3.705
-1.866,3.768
-1.967,3.849
-3.036,3.883
3.055,3.816
1.068,3.15
0.76,1.229
0.491,1.248
-0.156,1.22
-1.72,2.595
-1.843,1.359
-2.032,0.635
-2.408,1.392
-2.367,1.538
-2.453,1.282
2.339,-0.323
1.483,2.577
1.113,0.099
-0.489,1.141
-1.918,2.014
-2.105,3.149
-2.605,0.324
-2.9,2.008
0.772,2.306
0.496,0.94
-2.397,2.376
-2.6,-0.006
-2.698,2.419
2.943,0.853
0.926,-0.248
-2.262,3.375
-2.189,-0.103
-0.579,-0.855
-0.033,-1.103
-0.12,-0.172
-0.092,0.864
-0.207,-1.488
-0.23,0.346
-0.182,-2.273
-0.263,-2.001
-0.273,-2.792
-0.28,0.913
-0.369,-0.86
-0.384,-1.169
-0.39,-0.483
-0.324,-2.509
-0.415,0.8
-0.475,-1.677
-0.403,0.801
-0.494,-0.016
-0.532,-0.812
-0.491,0.782
-0.574,-0.191
-0.618,0.839
-0.645,-1.769
-0.72,-2.741
-0.881,-2.46
-0.947,-2.661
-0.948,-0.394
-1.016,-1.539
-0.958,-0.873
-0.993,-0.061
-1.107,-0.737
-1.052,-0.799
-1.114,-1.545
-1.151,1.07
-1.219,-0.618
-1.219,-2.398
-1.177,0.503
-1.263,0.919
-1.224,-0.553
-1.257,0.103
-1.441,-0.999
-1.385,-0.776
-1.439,0.45
-1.382,0.377
-1.446,0.042
-1.55,-0.039
-1.521,-1.466
-1.596,-1.364
-1.608,-0.078
-1.584,-1.3
-1.64,0.759
-1.733,-0.426
-1.769,-1.443
-1.869,0.291
-1.838,-1.605
-1.991,0.54
-2.091,-1.089
-2.078,0.372
-2.06,0.113
-2.108,-0.14
-2.152,0.412
-2.149,-1.512
-2.13,-0.163
-2.16,-1.953
-2.175,-1.114
-2.2,0.727
-2.206,-1.815
-2.241,-0.207
-2.318,-2.647
-2.253,-1.316
-2.268,-2.721
-2.358,-1.65
-2.284,-2.554
-2.311,-1.782
-2.38,-0.679
-2.368,-1.817
-2.468,0.891
-2.403,0.41
-2.51,-1.596
-2.46,-2.095
-2.484,-1.114
-2.556,-1.877
-2.531,-2.906
-2.627,-0.619
-2.618,-2.073
-2.669,-1.072
-2.702,-2.237
-2.747,-1.225
-2.822,0.439
-2.823,-1.253
-2.799,-1.008
-2.883,-0.47
-2.821,-1.017
-2.982,0.478
-2.924,0.177
-3.058,-0.099
-3.009,-2.336
-2.986,-2.27
-3.046,-2.683
3.134,1.082
3.122,-0.046
-3.09,1.096
3.01,-1.895
3.073,0.461
2.989,-1.865
2.899,0.857
2.861,-2.743
2.761,-0.987
2.821,-2.284
2.717,-2.632
2.532,-2.875
2.377,-0.706
2.389,0.209
2.235,-0.606
2.184,0.357
2.171,0.011
2.166,-0.49
2.135,0.703
2.03,-2.146
1.978,-1.215
2.006,-1.072
1.856,-3.117
1.643,-3.049
1.673,-2.883
0.858,-2.945
0.374,-3.057
0.263,-3.161
-0.405,-3.058
-0.378,-3.232
-0.48,-3.151
-1.072,-3.032
-1.604,-3.42
-2.444,-3.453
-2.681,-3.264
-2.83,-3.166
3.097,-3.026
2.769,-3.107
2.414,-3.026
1.571,1.246
1.364,1.337
1.019,1.287
0.657,1.223
0.56,1.02
0.616,1.312
-1.288,1.237
-1.963,1.345
-2.06,1.384
-2.369,1.166
-2.893,1.091
1.987,1.213
0.381,-0.39
-0.21,-2.681
-1.435,-0.706
-1.631,-0.629
-1.991,-0.74
-2.346,0.14
-2.889,-2.016
0.412,1.147
1.882,0.999
1.898,0.666
1.922,-1.83
1.786,-2.521
1.392,-2.043
1.486,-0.759
1.366,0.946
1.386,0.684
1.486,-1.464
1.488,-0.592
1.322,-0.301
1.367,-0.909
1.318,-0.886
1.173,0.874
1.277,-0.957
1.159,-0.081
1.118,-1.138
1.125,-1.893
1.244,-1.526
1.229,-0.706
1.175,1.079
1.023,-0.464
0.979,1.001
0.999,-0.715
0.99,-0.305
0.83,-0.815
0.929,0.924
0.804,0.726
0.651,-0.479
0.457,-0.13
0.206,-2.748
0.139,-1.064
0.237,-1.936
0.153,-1.304
0.078,0.517
-0.109,-1.475
-0.099,-1.055
-0.153,-2.838
-0.415,-1.156
-0.458,1.069
-0.595,-2.192
-0.664,-2.905
-0.765,0.32
-1.217,-2.54
-1.098,0.788
-1.194,1.077
-1.307,-0.981
-1.354,-1.283
-1.383,-0.339
-1.67,-1.31
-1.627,0.993
-1.797,0.024
-2.001,-1.792
-2.048,0.398
-2.141,-2.654
-2.155,0.765
-2.292,-0.036
-2.165,0.422
-2.209,-0.463
-2.255,-1.256
-2.233,0.466
-2.501,0.985
-2.438,0.922
-2.44,-0.261
-2.51,-0.596
-2.543,-0.728
-2.646,-1.233
-2.697,-1.742
-2.618,-1.769
-2.631,-2.324
-2.87,0.569
-2.992,-2.522
3.062,-1.952
3.115,-2.394
3.065,0.796
2.886,-2.697
2.854,-2.037
2.935,0.747
2.576,-2.828
2.178,-2.548
2.166,0.381
2.159,-1.229
2.015,-1.127
2.012,-3.19
1.421,-3.11
1.172,-3.174
1.098,-3.247
0.695,-3.131
0.202,-3.069
-1.349,-3.102
-2.409,-3.341
-2.48,-3.235
-2.37,-3.359
-2.916,-3.29
-2.834,-2.957
-2.93,-2.997
3.14,-3.266
2.57,-3.137
2.294,-3.403
1.655,1.284
1.657,1.353
1.431,1.333
0.223,1.351
-0.63,1.331
-1.084,1.347
-1.335,1.337
-1.891,1.159
-1.921,1.222
-2.022,1.303
-3.091,1.337
3.0,1.27
1.013,0.604
0.705,-1.317
0.436,-1.298
-0.211,-1.326
-1.775,0.049
-1.898,-1.187
-2.087,-1.911
-2.463,-1.154
-2.422,-1.008
-2.508,-1.264
2.284,-2.869
1.428,0.031
1.058,-2.447
-0.544,-1.405
-1.973,-0.532
-2.16,0.603
-2.66,-2.222
-2.955,-0.538
0.717,-0.24
0.441,-1.606
-2.452,-0.17
-2.655,-2.552
-2.753,-0.127
2.888,-1.693
0.871,-2.794
-2.317,0.829
-2.244,-2.649
-0.634,-3.401
-0.087,0.931
-0.059,1.967
-0.174,-0.385
-0.197,1.449
-0.149,-1.17
-0.23,-0.898
-0.24,-1.689
-0.247,2.016
-0.336,0.243
-0.351,-0.066
-0.357,0.62
-0.291,-1.406
-0.382,1.903
-0.442,-0.574
-0.37,1.904
-0.461,1.087
-0.499,0.291
-0.458,1.885
-0.541,0.912
-0.585,1.942
-0.612,-0.666
-0.687,-1.638
-0.848,-1.357
-0.914,-1.558
-0.915,0.709
-0.983,-0.436
-0.925,0.23
-0.96,1.042
-1.074,0.366
-1.019,0.304
-1.081,-0.442
-1.118,2.173
-1.186,0.485
-1.186,-1.295
-1.144,1.606
-1.23,2.022
-1.191,0.55
-1.224,1.206
-1.408,0.104
-1.352,0.327
-1.406,1.553
-1.349,1.48
-1.413,1.145
-1.517,1.064
-1.488,-0.363
-1.563,-0.261
-1.575,1.025
-1.551,-0.197
-1.607,1.862
-1.7,0.677
-1.736,-0.34
-1.836,1.394
-1.805,-0.502
-1.958,1.643
-2.058,0.014
-2.045,1.475
-2.027,1.216
-2.075,0.963
-2.119,1.515
-2.116,-0.409
-2.097,0.94
-2.127,-0.85
-2.142,-0.011
-2.167,1.83
-2.173,-0.712
-2.208,0.896
-2.285,-1.544
-2.22,-0.213
-2.235,-1.618
-2.325,-0.547
-2.251,-1.451
-2.278,-0.679
-2.347,0.424
-2.335,-0.714
-2.435,1.994
-2.37,1.513
-2.477,-0.493
-2.427,-0.992
-2.451,-0.011
-2.523,-0.774
-2.498,-1.803
-2.594,0.484
-2.585,-0.97
-2.636,0.031
-2.669,-1.134
-2.714,-0.122
-2.789,1.542
-2.79,-0.15
-2.766,0.095
-2.85,0.633
-2.788,0.086
-2.949,1.581
-2.891,1.28
-3.025,1.004
-2.976,-1.233
-2.953,-1.167
-3.013,-1.58
-3.116,2.185
-3.128,1.057
-3.057,2.199
3.043,-0.792
3.106,1.564
3.022,-0.762
2.932,1.96
2.894,-1.64
2.794,0.116
2.854,-1.181
2.75,-1.529
2.565,-1.772
2.41,0.397
2.422,1.312
2.268,0.497
2.217,1.46
2.204,1.114
2.199,0.613
2.168,1.806
2.063,-1.043
2.011,-0.112
2.039,0.031
1.889,-2.014
1.676,-1.946
1.706,-1.78
0.891,-1.842
0.407,-1.954
0.296,-2.058
-0.372,-1.955
-0.345,-2.129
-0.447,-2.048
-1.039,-1.929
-1.571,-2.317
-2.411,-2.35
-2.648,-2.161
-2.797,-2.063
3.13,-1.923
2.802,-2.004
2.447,-1.923
1.604,2.349
1.397,2.44
1.052,2.39
0.69,2.326
0.593,2.123
0.649,2.415
-1.255,2.34
-1.93,2.448
-2.027,2.487
-2.336,2.269
-2.86,2.194
2.02,2.316
0.414,0.713
-0.177,-1.578
-1.402,0.397
-1.598,0.474
-1.958,0.363
-2.313,1.243
-2.856,-0.913
0.445,2.25
1.915,2.102
1.931,1.769
1.955,-0.727
1.819,-1.418
1.425,-0.94
1.519,0.344
1.399,2.049
1.419,1.787
1.519,-0.361
1.521,0.511
1.355,0.802
1.4,0.194
1.351,0.217
1.206,1.977
1.31,0.146
1.192,1.022
1.151,-0.035
1.158,-0.79
1.277,-0.423
1.262,0.397
1.208,2.182
1.056,0.639
1.012,2.104
1.032,0.388
1.023,0.798
0.863,0.288
0.962,2.027
0.837,1.829
0.684,0.624
0.49,0.973
0.239,-1.645
0.172,0.039
0.27,-0.833
0.186,-0.201
0.111,1.62
-0.076,-0.372
-0.066,0.048
-0.12,-1.735
-0.382,-0.053
-0.425,2.172
-0.562,-1.089
-0.631,-1.802
-0.732,1.423
-1.184,-1.437
-1.065,1.891
-1.161,2.18
-1.274,0.122
-1.321,-0.18
-1.35,0.764
-1.637,-0.207
-1.594,2.096
-1.764,1.127
-1.968,-0.689
-2.015,1.501
-2.108,-1.551
-2.122,1.868
-2.259,1.067
-2.132,1.525
-2.176,0.64
-2.222,-0.153
-2.2,1.569
-2.468,2.088
-2.405,2.025
-2.407,0.842
-2.477,0.507
-2.51,0.375
-2.613,-0.13
-2.664,-0.639
-2.585,-0.666
-2.598,-1.221
-2.837,1.672
-2.959,-1.419
3.095,-0.849
-3.135,-1.291
3.098,1.899
2.919,-1.594
2.887,-0.934
2.968,1.85
2.609,-1.725
2.211,-1.445
2.199,1.484
2.192,-0.126
2.048,-0.024
2.045,-2.087
1.454,-2.007
1.205,-2.071
1.131,-2.144
0.728,-2.028
0.235,-1.966
-1.316,-1.999
-2.376,-2.238
-2.447,-2.132
-2.337,-2.256
-2.883,-2.187
-2.801,-1.854
-2.897,-1.894
-3.11,-2.163
2.603,-2.034
2.327,-2.3
1.688,2.387
1.69,2.456
1.464,2.436
0.256,2.454
-0.597,2.434
-1.051,2.45
-1.302,2.44
-1.858,2.262
-1.888,2.325
-1.989,2.406
-3.058,2.44
3.033,2.373
1.046,1.707
0.738,-0.214
0.469,-0.195
-0.178,-0.223
-1.742,1.152
-1.865,-0.084
-2.054,-0.808
-2.43,-0.051
-2.389,0.095
-2.475,-0.161
2.317,-1.766
1.461,1.134
1.091,-1.344
-0.511,-0.302
-1.94,0.571
-2.127,1.706
-2.627,-1.119
-2.922,0.565
0.75,0.863
0.474,-0.503
-2.419,0.933
-2.622,-1.449
-2.72,0.976
2.921,-0.59
0.904,-1.691
-2.284,1.932
-2.211,-1.546
-0.601,-2.298
0.028,1.036
-0.087,-1.316
-0.11,0.518
-0.062,-2.101
-0.143,-1.829
-0.153,-2.62
-0.16,1.085
-0.249,-0.688
-0.264,-0.997
-0.27,-0.311
-0.204,-2.337
-0.295,0.972
-0.355,-1.505
-0.283,0.973
-0.374,0.156
-0.412,-0.64
-0.371,0.954
-0.454,-0.019
-0.498,1.011
-0.525,-1.597
-0.6,-2.569
-0.761,-2.288
-0.827,-2.489
-0.828,-0.222
-0.896,-1.367
-0.838,-0.701
-0.873,0.111
-0.987,-0.565
-0.932,-0.627
-0.994,-1.373
-1.031,1.242
-1.099,-0.446
-1.099,-2.226
-1.057,0.675
-1.143,1.091
-1.104,-0.381
-1.137,0.275
-1.321,-0.827
-1.265,-0.604
-1.319,0.622
-1.262,0.549
-1.326,0.214
-1.43,0.133
-1.401,-1.294
-1.476,-1.192
-1.488,0.094
-1.464,-1.128
-1.52,0.931
-1.613,-0.254
-1.649,-1.271
-1.749,0.463
-1.718,-1.433
-1.871,0.712
-1.971,-0.917
-1.958,0.544
-1.94,0.285
-1.988,0.032
-2.032,0.584
-2.029,-1.34
-2.01,0.009
-2.04,-1.781
-2.055,-0.942
-2.08,0.899
-2.086,-1.643
-2.121,-0.035
-2.198,-2.475
-2.133,-1.144
-2.148,-2.549
-2.238,-1.478
-2.164,-2.382
-2.191,-1.61
-2.26,-0.507
-2.248,-1.645
-2.348,1.063
-2.283,0.582
-2.39,-1.424
-2.34,-1.923
-2.364,-0.942
-2.436,-1.705
-2.411,-2.734
-2.507,-0.447
-2.498,-1.901
-2.549,-0.9
-2.582,-2.065
-2.627,-1.053
-2.702,0.611
-2.703,-1.081
-2.679,-0.836
-2.763,-0.298
-2.701,-0.845
-2.862,0.65
-2.804,0.349
-2.938,0.073
-2.889,-2.164
-2.866,-2.098
-2.926,-2.511
-3.029,1.254
-3.041,0.126
-2.97,1.268
3.13,-1.723
-3.09,0.633
3.109,-1.693
3.019,1.029
2.981,-2.571
2.881,-0.815
2.941,-2.112
2.837,-2.46
2.652,-2.703
2.497,-0.534
2.509,0.381
2.355,-0.434
2.304,0.529
2.291,0.183
2.286,-0.318
2.255,0.875
2.15,-1.974
2.098,-1.043
2.126,-0.9
1.976,-2.945
1.763,-2.877
1.793,-2.711
0.978,-2.773
0.494,-2.885
0.383,-2.989
-0.285,-2.886
-0.258,-3.06
-0.36,-2.979
-0.952,-2.86
-1.484,-3.248
-2.324,-3.281
-2.561,-3.092
-2.71,-2.994
-3.066,-2.854
2.889,-2.935
2.534,-2.854
1.691,1.418
1.484,1.509
1.139,1.459
0.777,1.395
0.68,1.192
0.736,1.484
-1.168,1.409
-1.843,1.517
-1.94,1.556
-2.249,1.338
-2.773,1.263
2.107,1.385
0.501,-0.218
-0.09,-2.509
-1.315,-0.534
-1.511,-0.457
-1.871,-0.568
-2.226,0.312
-2.769,-1.844
0.532,1.319
2.002,1.171
2.018,0.838
2.042,-1.658
1.906,-2.349
1.512,-1.871
1.606,-0.587
1.486,1.118
1.506,0.856
1.606,-1.292
1.608,-0.42
1.442,-0.129
1.487,-0.737
1.438,-0.714
1.293,1.046
1.397,-0.785
1.279,0.091
1.238,-0.966
1.245,-1.721
1.364,-1.354
1.349,-0.534
1.295,1.251
1.143,-0.292
1.099,1.173
1.119,-0.543
1.11,-0.133
0.95,-0.643
1.049,1.096
0.924,0.898
0.771,-0.307
0.577,0.042
0.326,-2.576
0.259,-0.892
0.357,-1.764
0.273,-1.132
0.198,0.689
0.011,-1.303
0.021,-0.883
-0.033,-2.666
-0.295,-0.984
-0.338,1.241
-0.475,-2.02
-0.544,-2.733
-0.645,0.492
-1.097,-2.368
-0.978,0.96
-1.074,1.249
-1.187,-0.809
-1.234,-1.111
-1.263,-0.167
-1.55,-1.138
-1.507,1.165
-1.677,0.196
-1.881,-1.62
-1.928,0.57
-2.021,-2.482
-2.035,0.937
-2.172,0.136
-2.045,0.594
-2.089,-0.291
-2.135,-1.084
-2.113,0.638
-2.381,1.157
-2.318,1.094
-2.32,-0.089
-2.39,-0.424
-2.423,-0.556
-2.526,-1.061
-2.577,-1.57
-2.498,-1.597
-2.511,-2.152
-2.75,0.741
-2.872,-2.35
-3.101,-1.78
-3.048,-2.222
-3.098,0.968
3.006,-2.525
2.974,-1.865
3.055,0.919
2.696,-2.656
2.298,-2.376
2.286,0.553
2.279,-1.057
2.135,-0.955
2.132,-3.018
1.541,-2.938
1.292,-3.002
1.218,-3.075
0.815,-2.959
0.322,-2.897
-1.229,-2.93
-2.289,-3.169
-2.36,-3.063
-2.25,-3.187
-2.796,-3.118
-2.714,-2.785
-2.81,-2.825
-3.023,-3.094
2.69,-2.965
2.414,-3.231
1.775,1.456
1.777,1.525
1.551,1.505
0.343,1.523
-0.51,1.503
-0.964,1.519
-1.215,1.509
-1.771,1.331
-1.801,1.394
-1.902,1.475
-2.971,1.509
3.12,1.442
1.133,0.776
0.825,-1.145
0.556,-1.126
-0.091,-1.154
-1.655,0.221
-1.778,-1.015
-1.967,-1.739
-2.343,-0.982
-2.302,-0.836
-2.388,-1.092
2.404,-2.697
1.548,0.203
1.178,-2.275
-0.424,-1.233
-1.853,-0.36
-2.04,0.775
-2.54,-2.05
-2.835,-0.366
0.837,-0.068
0.561,-1.434
-2.332,0.002
-2.535,-2.38
-2.633,0.045
3.008,-1.521
0.991,-2.622
-2.197,1.001
-2.124,-2.477
-0.514,-3.229
-0.115,-2.352
-0.138,-0.518
-0.09,-3.137
-0.171,-2.865
-0.181,-3.656
-0.188,0.049
-0.277,-1.724
-0.292,-2.033
-0.298,-1.347
-0.232,-3.373
-0.323,-0.064
-0.383,-2.541
-0.311,-0.063
-0.402,-0.88
-0.44,-1.676
-0.399,-0.082
-0.482,-1.055
-0.526,-0.025
-0.553,-2.633
-0.628,-3.605
-0.789,-3.324
-0.855,-3.525
-0.856,-1.258
-0.924,-2.403
-0.866,-1.737
-0.901,-0.925
-1.015,-1.601
-0.96,-1.663
-1.022,-2.409
-1.059,0.206
-1.127,-1.482
-1.127,-3.262
-1.085,-0.361
-1.171,0.055
-1.132,-1.417
-1.165,-0.761
-1.349,-1.863
-1.293,-1.64
-1.347,-0.414
-1.29,-0.487
-1.354,-0.822
-1.458,-0.903
-1.429,-2.33
-1.504,-2.228
-1.516,-0.942
-1.492,-2.164
-1.548,-0.105
-1.641,-1.29
-1.677,-2.307
-1.777,-0.573
-1.746,-2.469
-1.899,-0.324
-1.999,-1.953
-1.986,-0.492
-1.968,-0.751
-2.016,-1.004
-2.06,-0.452
-2.057,-2.376
-2.038,-1.027
-2.068,-2.817
-2.083,-1.978
-2.108,-0.137
-2.114,-2.679
-2.149,-1.071
-2.226,-3.511
-2.161,-2.18
-2.176,-3.585
-2.266,-2.514
-2.192,-3.418
-2.219,-2.646
-2.288,-1.543
-2.276,-2.681
-2.376,0.027
-2.311,-0.454
-2.418,-2.46
-2.368,-2.959
-2.392,-1.978
-2.464,-2.741
-2.439,-3.77
-2.535,-1.483
-2.526,-2.937
-2.577,-1.936
-2.61,-3.101
-2.655,-2.089
-2.73,-0.425
-2.731,-2.117
-2.707,-1.872
-2.791,-1.334
-2.729,-1.881
-2.89,-0.386
-2.832,-0.687
-2.966,-0.963
-2.917,-3.2
-2.894,-3.134
-2.954,-3.547
-3.057,0.218
-3.069,-0.91
-2.998,0.232
3.102,-2.759
-3.118,-0.403
3.081,-2.729
2.991,-0.007
2.953,-3.607
2.853,-1.851
2.913,-3.148
2.809,-3.496
2.624,-3.739
2.469,-1.57
2.481,-0.655
2.327,-1.47
2.276,-0.507
2.263,-0.853
2.258,-1.354
2.227,-0.161
2.122,-3.01
2.07,-2.079
2.098,-1.936
1.948,-3.981
1.735,-3.913
1.765,-3.747
0.95,-3.809
0.466,-3.921
0.355,-4.025
-0.313,-3.922
-0.286,-4.096
-0.388,-4.015
-0.98,-3.896
-1.512,-4.284
-2.352,-4.317
-2.589,-4.128
-2.738,-4.03
-3.094,-3.89
2.861,-3.971
2.506,-3.89
1.663,0.382
1.456,0.473
1.111,0.423
0.749,0.359
0.652,0.156
0.708,0.448
-1.196,0.373
-1.871,0.481
-1.968,0.52
-2.277,0.302
-2.801,0.227
2.079,0.349
0.473,-1.254
-0.118,-3.545
-1.343,-1.57
-1.539,-1.493
-1.899,-1.604
-2.254,-0.724
-2.797,-2.88
0.504,0.283
1.974,0.135
1.99,-0.198
2.014,-2.694
1.878,-3.385
1.484,-2.907
1.578,-1.623
1.458,0.082
1.478,-0.18
1.578,-2.328
1.58,-1.456
1.414,-1.165
1.459,-1.773
1.41,-1.75
1.265,0.01
1.369,-1.821
1.251,-0.945
1.21,-2.002
1.217,-2.757
1.336,-2.39
1.321,-1.57
1.267,0.215
1.115,-1.328
1.071,0.137
1.091,-1.579
1.082,-1.169
0.922,-1.679
1.021,0.06
0.896,-0.138
0.743,-1.343
0.549,-0.994
0.298,-3.612
0.231,-1.928
0.329,-2.8
0.245,-2.168
0.17,-0.347
-0.017,-2.339
-0.007,-1.919
-0.061,-3.702
-0.323,-2.02
-0.366,0.205
-0.503,-3.056
-0.572,-3.769
-0.673,-0.544
-1.125,-3.404
-1.006,-0.076
-1.102,0.213
-1.215,-1.845
-1.262,-2.147
-1.291,-1.203
-1.578,-2.174
-1.535,0.129
-1.705,-0.84
-1.909,-2.656
-1.956,-0.466
-2.049,-3.518
-2.063,-0.099
-2.2,-0.9
-2.073,-0.442
-2.117,-1.327
-2.163,-2.12
-2.141,-0.398
-2.409,0.121
-2.346,0.058
-2.348,-1.125
-2.418,-1.46
-2.451,-1.592
-2.554,-2.097
-2.605,-2.606
-2.526,-2.633
-2.539,-3.188
-2.778,-0.295
-2.9,-3.386
-3.129,-2.816
-3.076,-3.258
-3.126,-0.068
2.978,-3.561
2.946,-2.901
3.027,-0.117
2.668,-3.692
2.27,-3.412
2.258,-0.483
2.251,-2.093
2.107,-1.991
2.104,-4.054
1.513,-3.974
1.264,-4.038
1.19,-4.111
0.787,-3.995
0.294,-3.933
-1.257,-3.966
-2.317,-4.205
-2.388,-4.099
-2.278,-4.223
-2.824,-4.154
-2.742,-3.821
-2.838,-3.861
-3.051,-4.13
2.662,-4.001
2.386,-4.267
1.747,0.42
1.749,0.489
1.523,0.469
0.315,0.487
-0.538,0.467
-0.992,0.483
-1.243,0.473
-1.799,0.295
-1.829,0.358
-1.93,0.439
-2.999,0.473
3.092,0.406
1.105,-0.26
0.797,-2.181
0.528,-2.162
-0.119,-2.19
-1.683,-0.815
-1.806,-2.051
-1.995,-2.775
-2.371,-2.018
-2.33,-1.872
-2.416,-2.128
2.376,-3.733
1.52,-0.833
1.15,-3.311
-0.452,-2.269
-1.881,-1.396
-2.068,-0.261
-2.568,-3.086
-2.863,-1.402
0.809,-1.104
0.533,-2.47
-2.36,-1.034
-2.563,-3.416
-2.661,-0.991
2.98,-2.557
0.963,-3.658
-2.225,-0.035
-2.152,-3.513
-0.542,-4.265
-0.023,1.834
0.025,-0.785
-0.056,-0.513
-0.066,-1.304
-0.073,2.401
-0.162,0.628
-0.177,0.319
-0.183,1.005
-0.117,-1.021
-0.208,2.288
-0.268,-0.189
-0.196,2.289
-0.287,1.472
-0.325,0.676
-0.284,2.27
-0.367,1.297
-0.411,2.327
-0.438,-0.281
-0.513,-1.253
-0.674,-0.972
-0.74,-1.173
-0.741,1.094
-0.809,-0.051
-0.751,0.615
-0.786,1.427
-0.9,0.751
-0.845,0.689
-0.907,-0.057
-0.944,2.558
-1.012,0.87
-1.012,-0.91
-0.97,1.991
-1.056,2.407
-1.017,0.935
-1.05,1.591
-1.234,0.489
-1.178,0.712
-1.232,1.938
-1.175,1.865
-1.239,1.53
-1.343,1.449
-1.314,0.022
-1.389,0.124
-1.401,1.41
-1.377,0.188
-1.433,2.247
-1.526,1.062
-1.562,0.045
-1.662,1.779
-1.631,-0.117
-1.784,2.028
-1.884,0.399
-1.871,1.86
-1.853,1.601
-1.901,1.348
-1.945,1.9
-1.942,-0.024
-1.923,1.325
-1.953,-0.465
-1.968,0.374
-1.993,2.215
-1.999,-0.327
-2.034,1.281
-2.111,-1.159
-2.046,0.172
-2.061,-1.233
-2.151,-0.162
-2.077,-1.066
-2.104,-0.294
-2.173,0.809
-2.161,-0.329
-2.261,2.379
-2.196,1.898
-2.303,-0.108
-2.253,-0.607
-2.277,0.374
-2.349,-0.389
-2.324,-1.418
-2.42,0.869
-2.411,-0.585
-2.462,0.416
-2.495,-0.749
-2.54,0.263
-2.615,1.927
-2.616,0.235
-2.592,0.48
-2.676,1.018
-2.614,0.471
-2.775,1.966
-2.717,1.665
-2.851,1.389
-2.802,-0.848
-2.779,-0.782
-2.839,-1.195
-2.942,2.57
-2.954,1.442
-2.883,2.584
-3.066,-0.407
-3.003,1.949
-3.087,-0.377
3.106,2.345
3.068,-1.255
2.968,0.501
3.028,-0.796
2.924,-1.144
2.739,-1.387
2.584,0.782
2.596,1.697
2.442,0.882
2.391,1.845
2.378,1.499
2.373,0.998
2.342,2.191
2.237,-0.658
2.185,0.273
2.213,0.416
2.063,-1.629
1.85,-1.561
1.88,-1.395
1.065,-1.457
0.581,-1.569
0.47,-1.673
-0.198,-1.57
-0.171,-1.744
-0.273,-1.663
-0.865,-1.544
-1.397,-1.932
-2.237,-1.965
-2.474,-1.776
-2.623,-1.678
-2.979,-1.538
2.976,-1.619
2.621,-1.538
1.778,2.734
1.571,2.825
1.226,2.775
0.864,2.711
0.767,2.508
0.823,2.8
-1.081,2.725
-1.756,2.833
-1.853,2.872
-2.162,2.654
-2.686,2.579
2.194,2.701
0.588,1.098
-0.003,-1.193
-1.228,0.782
-1.424,0.859
-1.784,0.748
-2.139,1.628
-2.682,-0.528
0.619,2.635
2.089,2.487
2.105,2.154
2.129,-0.342
1.993,-1.033
1.599,-0.555
1.693,0.729
1.573,2.434
1.593,2.172
1.693,0.024
1.695,0.896
1.529,1.187
1.574,0.579
1.525,0.602
1.38,2.362
1.484,0.531
1.366,1.407
1.325,0.35
1.332,-0.405
1.451,-0.038
1.436,0.782
1.382,2.567
1.23,1.024
1.186,2.489
1.206,0.773
1.197,1.183
1.037,0.673
1.136,2.412
1.011,2.214
0.858,1.009
0.664,1.358
0.413,-1.26
0.346,0.424
0.444,-0.448
0.36,0.184
0.285,2.005
0.098,0.013
0.108,0.433
0.054,-1.35
-0.208,0.332
-0.251,2.557
-0.388,-0.704
-0.457,-1.417
-0.558,1.808
-1.01,-1.052
-0.891,2.276
-0.987,2.565
-1.1,0.507
-1.147,0.205
-1.176,1.149
-1.463,0.178
-1.42,2.481
-1.59,1.512
-1.794,-0.304
-1.841,1.886
-1.934,-1.166
-1.948,2.253
-2.085,1.452
-1.958,1.91
-2.002,1.025
-2.048,0.232
-2.026,1.954
-2.294,2.473
-2.231,2.41
-2.233,1.227
-2.303,0.892
-2.336,0.76
-2.439,0.255
-2.49,-0.254
-2.411,-0.281
-2.424,-0.836
-2.663,2.057
-2.785,-1.034
-3.014,-0.464
-2.961,-0.906
-3.011,2.284
3.093,-1.209
3.061,-0.549
-3.141,2.235
2.783,-1.34
2.385,-1.06
2.373,1.869
2.366,0.259
2.222,0.361
2.219,-1.702
1.628,-1.622
1.379,-1.686
1.305,-1.759
0.902,-1.643
0.409,-1.581
-1.142,-1.614
-2.202,-1.853
-2.273,-1.747
-2.163,-1.871
-2.709,-1.802
-2.627,-1.469
-2.723,-1.509
-2.936,-1.778
2.777,-1.649
2.501,-1.915
1.862,2.772
1.864,2.841
1.638,2.821
0.43,2.839
-0.423,2.819
-0.877,2.835
-1.128,2.825
-1.684,2.647
-1.714,2.71
-1.815,2.791
-2.884,2.825
-3.076,2.758
1.22,2.092
0.912,0.171
0.643,0.19
-0.004,0.162
-1.568,1.537
-1.691,0.301
-1.88,-0.423
-2.256,0.334
-2.215,0.48
-2.301,0.224
2.491,-1.381
1.635,1.519
1.265,-0.959
-0.337,0.083
-1.766,0.956
-1.953,2.091
-2.453,-0.734
-2.748,0.95
0.924,1.248
0.648,-0.118
-2.245,1.318
-2.448,-1.064
-2.546,1.361
3.095,-0.205
1.078,-1.306
-2.11,2.317
-2.037,-1.161
-0.427,-1.913
0.048,-2.619
-0.033,-2.347
-0.043,-3.138
-0.05,0.567
-0.139,-1.206
-0.154,-1.515
-0.16,-0.829
-0.094,-2.855
-0.185,0.454
-0.245,-2.023
-0.173,0.455
-0.264,-0.362
-0.302,-1.158
-0.261,0.436
-0.344,-0.537
-0.388,0.493
-0.415,-2.115
-0.49,-3.087
-0.651,-2.806
-0.717,-3.007
-0.718,-0.74
-0.786,-1.885
-0.728,-1.219
-0.763,-0.407
-0.877,-1.083
-0.822,-1.145
-0.884,-1.891
-0.921,0.724
-0.989,-0.964
-0.989,-2.744
-0.947,0.157
-1.033,0.573
-0.994,-0.899
-1.027,-0.243
-1.211,-1.345
-1.155,-1.122
-1.209,0.104
-1.152,0.031
-1.216,-0.304
-1.32,-0.385
-1.291,-1.812
-1.366,-1.71
-1.378,-0.424
-1.354,-1.646
-1.41,0.413
-1.503,-0.772
-1.539,-1.789
-1.639,-0.055
-1.608,-1.951
-1.761,0.194
-1.861,-1.435
-1.848,0.026
-1.83,-0.233
-1.878,-0.486
-1.922,0.066
-1.919,-1.858
-1.9,-0.509
-1.93,-2.299
-1.945,-1.46
-1.97,0.381
-1.976,-2.161
-2.011,-0.553
-2.088,-2.993
-2.023,-1.662
-2.038,-3.067
-2.128,-1.996
-2.054,-2.9
-2.081,-2.128
-2.15,-1.025
-2.138,-2.163
-2.238,0.545
-2.173,0.064
-2.28,-1.942
-2.23,-2.441
-2.254,-1.46
-2.326,-2.223
-2.301,-3.252
-2.397,-0.965
-2.388,-2.419
-2.439,-1.418
-2.472,-2.583
-2.517,-1.571
-2.592,0.093
-2.593,-1.599
-2.569,-1.354
-2.653,-0.816
-2.591,-1.363
-2.752,0.132
-2.694,-0.169
-2.828,-0.445
-2.779,-2.682
-2.756,-2.616
-2.816,-3.029
-2.919,0.736
-2.931,-0.392
-2.86,0.75
-3.043,-2.241
-2.98,0.115
-3.064,-2.211
3.129,0.511
3.091,-3.089
2.991,-1.333
3.051,-2.63
2.947,-2.978
2.762,-3.221
2.607,-1.052
2.619,-0.137
2.465,-0.952
2.414,0.011
2.401,-0.335
2.396,-0.836
2.365,0.357
2.26,-2.492
2.208,-1.561
2.236,-1.418
2.086,-3.463
1.873,-3.395
1.903,-3.229
1.088,-3.291
0.604,-3.403
0.493,-3.507
-0.175,-3.404
-0.148,-3.578
-0.25,-3.497
-0.842,-3.378
-1.374,-3.766
-2.214,-3.799
-2.451,-3.61
-2.6,-3.512
-2.956,-3.372
2.999,-3.453
2.644,-3.372
1.801,0.9
1.594,0.991
1.249,0.941
0.887,0.877
0.79,0.674
0.846,0.966
-1.058,0.891
-1.733,0.999
-1.83,1.038
-2.139,0.82
-2.663,0.745
2.217,0.867
0.611,-0.736
0.02,-3.027
-1.205,-1.052
-1.401,-0.975
-1.761,-1.086
-2.116,-0.206
-2.659,-2.362
0.642,0.801
2.112,0.653
2.128,0.32
2.152,-2.176
2.016,-2.867
1.622,-2.389
1.716,-1.105
1.596,0.6
1.616,0.338
1.716,-1.81
1.718,-0.938
1.552,-0.647
1.597,-1.255
1.548,-1.232
1.403,0.528
1.507,-1.303
1.389,-0.427
1.348,-1.484
1.355,-2.239
1.474,-1.872
1.459,-1.052
1.405,0.733
1.253,-0.81
1.209,0.655
1.229,-1.061
1.22,-0.651
1.06,-1.161
1.159,0.578
1.034,0.38
0.881,-0.825
0.687,-0.476
0.436,-3.094
0.369,-1.41
0.467,-2.282
0.383,-1.65
0.308,0.171
0.121,-1.821
0.131,-1.401
0.077,-3.184
-0.185,-1.502
-0.228,0.723
-0.365,-2.538
-0.434,-3.251
-0.535,-0.026
-0.987,-2.886
-0.868,0.442
-0.964,0.731
-1.077,-1.327
-1.124,-1.629
-1.153,-0.685
-1.44,-1.656
-1.397,0.647
-1.567,-0.322
-1.771,-2.138
-1.818,0.052
-1.911,-3.0
-1.925,0.419
-2.062,-0.382
-1.935,0.076
-1.979,-0.809
-2.025,-1.602
-2.003,0.12
-2.271,0.639
-2.208,0.576
-2.21,-0.607
-2.28,-0.942
-2.313,-1.074
-2.416,-1.579
-2.467,-2.088
-2.388,-2.115
-2.401,-2.67
-2.64,0.223
-2.762,-2.868
-2.991,-2.298
-2.938,-2.74
-2.988,0.45
3.116,-3.043
3.084,-2.383
-3.118,0.401
2.806,-3.174
2.408,-2.894
2.396,0.035
2.389,-1.575
2.245,-1.473
2.242,-3.536
1.651,-3.456
1.402,-3.52
1.328,-3.593
0.925,-3.477
0.432,-3.415
-1.119,-3.448
-2.179,-3.687
-2.25,-3.581
-2.14,-3.705
-2.686,-3.636
-2.604,-3.303
-2.7,-3.343
-2.913,-3.612
2.8,-3.483
2.524,-3.749
1.885,0.938
1.887,1.007
1.661,0.987
0.453,1.005
-0.4,0.985
-0.854,1.001
-1.105,0.991
-1.661,0.813
-1.691,0.876
-1.792,0.957
-2.861,0.991
-3.053,0.924
1.243,0.258
0.935,-1.663
0.666,-1.644
0.019,-1.672
-1.545,-0.297
-1.668,-1.533
-1.857,-2.257
-2.233,-1.5
-2.192,-1.354
-2.278,-1.61
2.514,-3.215
1.658,-0.315
1.288,-2.793
-0.314,-1.751
-1.743,-0.878
-1.93,0.257
-2.43,-2.568
-2.725,-0.884
0.947,-0.586
0.671,-1.952
-2.222,-0.516
-2.425,-2.898
-2.523,-0.473
3.118,-2.039
1.101,-3.14
-2.087,0.483
-2.014,-2.995
-0.404,-3.747
-0.081,0.272
-0.091,-0.519
-0.098,3.186
-0.187,1.413
-0.202,1.104
-0.208,1.79
-0.142,-0.236
-0.233,3.073
-0.293,0.596
-0.221,3.074
-0.312,2.257
-0.35,1.461
-0.309,3.055
-0.392,2.082
-0.436,3.112
-0.463,0.504
-0.538,-0.468
-0.699,-0.187
-0.765,-0.388
-0.766,1.879
-0.834,0.734
-0.776,1.4
-0.811,2.212
-0.925,1.536
-0.87,1.474
-0.932,0.728
-0.969,3.343
-1.037,1.655
-1.037,-0.125
-0.995,2.776
-1.081,3.192
-1.042,1.72
-1.075,2.376
-1.259,1.274
-1.203,1.497
-1.257,2.723
-1.2,2.65
-1.264,2.315
-1.368,2.234
-1.339,0.807
-1.414,0.909
-1.426,2.195
-1.402,0.973
-1.458,3.032
-1.551,1.847
-1.587,0.83
-1.687,2.564
-1.656,0.668
-1.809,2.813
-1.909,1.184
-1.896,2.645
-1.878,2.386
-1.926,2.133
-1.97,2.685
-1.967,0.761
-1.948,2.11
-1.978,0.32
-1.993,1.159
-2.018,3.0
-2.024,0.458
-2.059,2.066
-2.136,-0.374
-2.071,0.957
-2.086,-0.448
-2.176,0.623
-2.102,-0.281
-2.129,0.491
-2.198,1.594
-2.186,0.456
-2.286,3.164
-2.221,2.683
-2.328,0.677
-2.278,0.178
-2.302,1.159
-2.374,0.396
-2.349,-0.633
-2.445,1.654
-2.436,0.2
-2.487,1.201
-2.52,0.036
-2.565,1.048
-2.64,2.712
-2.641,1.02
-2.617,1.265
-2.701,1.803
-2.639,1.256
-2.8,2.751
-2.742,2.45
-2.876,2.174
-2.827,-0.063
-2.804,0.003
-2.864,-0.41
-2.967,3.355
-2.979,2.227
-2.908,3.369
-3.091,0.378
-3.028,2.734
-3.112,0.408
3.081,3.13
3.043,-0.47
2.943,1.286
3.003,-0.011
2.899,-0.359
2.714,-0.602
2.559,1.567
2.571,2.482
2.417,1.667
2.366,2.63
2.353,2.284
2.348,1.783
2.317,2.976
2.212,0.127
2.16,1.058
2.188,1.201
2.038,-0.844
1.825,-0.776
1.855,-0.61
1.04,-0.672
0.556,-0.784
0.445,-0.888
-0.223,-0.785
-0.196,-0.959
-0.298,-0.878
-0.89,-0.759
-1.422,-1.147
-2.262,-1.18
-2.499,-0.991
-2.648,-0.893
-3.004,-0.753
2.951,-0.834
2.596,-0.753
1.753,3.519
1.546,3.61
1.201,3.56
0.839,3.496
0.742,3.293
0.798,3.585
-1.106,3.51
-1.781,3.618
-1.878,3.657
-2.187,3.439
-2.711,3.364
2.169,3.486
0.563,1.883
-0.028,-0.408
-1.253,1.567
-1.449,1.644
-1.809,1.533
-2.164,2.413
-2.707,0.257
0.594,3.42
2.064,3.272
2.08,2.939
2.104,0.443
1.968,-0.248
1.574,0.23
1.668,1.514
1.548,3.219
1.568,2.957
1.668,0.809
1.67,1.681
1.504,1.972
1.549,1.364
1.5,1.387
1.355,3.147
1.459,1.316
1.341,2.192
1.3,1.135
1.307,0.38
1.426,0.747
1.411,1.567
1.357,3.352
1.205,1.809
1.161,3.274
1.181,1.558
1.172,1.968
1.012,1.458
1.111,3.197
0.986,2.999
0.833,1.794
0.639,2.143
0.388,-0.475
0.321,1.209
0.419,0.337
0.335,0.969
0.26,2.79
0.073,0.798
0.083,1.218
0.029,-0.565
-0.233,1.117
-0.276,3.342
-0.413,0.081
-0.482,-0.632
-0.583,2.593
-1.035,-0.267
-0.916,3.061
-1.012,3.35
-1.125,1.292
-1.172,0.99
-1.201,1.934
-1.488,0.963
-1.445,3.266
-1.615,2.297
-1.819,0.481
-1.866,2.671
-1.959,-0.381
-1.973,3.038
-2.11,2.237
-1.983,2.695
-2.027,1.81
-2.073,1.017
-2.051,2.739
-2.319,3.258
-2.256,3.195
-2.258,2.012
-2.328,1.677
-2.361,1.545
-2.464,1.04
-2.515,0.531
-2.436,0.504
-2.449,-0.051
-2.688,2.842
-2.81,-0.249
-3.039,0.321
-2.986,-0.121
-3.036,3.069
3.068,-0.424
3.036,0.236
3.117,3.02
2.758,-0.555
2.36,-0.275
2.348,2.654
2.341,1.044
2.197,1.146
2.194,-0.917
1.603,-0.837
1.354,-0.901
1.28,-0.974
0.877,-0.858
0.384,-0.796
-1.167,-0.829
-2.227,-1.068
-2.298,-0.962
-2.188,-1.086
-2.734,-1.017
-2.652,-0.684
-2.748,-0.724
-2.961,-0.993
2.752,-0.864
2.476,-1.13
1.837,3.557
1.839,3.626
1.613,3.606
0.405,3.624
-0.448,3.604
-0.902,3.62
-1.153,3.61
-1.709,3.432
-1.739,3.495
-1.84,3.576
-2.909,3.61
-3.101,3.543
1.195,2.877
0.887,0.956
0.618,0.975
-0.029,0.947
-1.593,2.322
-1.716,1.086
-1.905,0.362
-2.281,1.119
-2.24,1.265
-2.326,1.009
2.466,-0.596
1.61,2.304
1.24,-0.174
-0.362,0.868
-1.791,1.741
-1.978,2.876
-2.478,0.051
-2.773,1.735
0.899,2.033
0.623,0.667
-2.27,2.103
-2.473,-0.279
-2.571,2.146
3.07,0.58
1.053,-0.521
-2.135,3.102
-2.062,-0.376
-0.452,-1.128
-0.01,-0.791
-0.017,2.914
-0.106,1.141
-0.121,0.832
-0.127,1.518
-0.061,-0.508
-0.152,2.801
-0.212,0.324
-0.14,2.802
-0.231,1.985
-0.269,1.189
-0.228,2.783
-0.311,1.81
-0.355,2.84
-0.382,0.232
-0.457,-0.74
-0.618,-0.459
-0.684,-0.66
-0.685,1.607
-0.753,0.462
-0.695,1.128
-0.73,1.94
-0.844,1.264
-0.789,1.202
-0.851,0.456
-0.888,3.071
-0.956,1.383
-0.956,-0.397
-0.914,2.504
-1.0,2.92
-0.961,1.448
-0.994,2.104
-1.178,1.002
-1.122,1.225
-1.176,2.451
-1.119,2.378
-1.183,2.043
-1.287,1.962
-1.258,0.535
-1.333,0.637
-1.345,1.923
-1.321,0.701
-1.377,2.76
-1.47,1.575
-1.506,0.558
-1.606,2.292
-1.575,0.396
-1.728,2.541
-1.828,0.912
-1.815,2.373
-1.797,2.114
-1.845,1.861
-1.889,2.413
-1.886,0.489
-1.867,1.838
-1.897,0.048
-1.912,0.887
-1.937,2.728
-1.943,0.186
-1.978,1.794
-2.055,-0.646
-1.99,0.685
-2.005,-0.72
-2.095,0.351
-2.021,-0.553
-2.048,0.219
-2.117,1.322
-2.105,0.184
-2.205,2.892
-2.14,2.411
-2.247,0.405
-2.197,-0.094
-2.221,0.887
-2.293,0.124
-2.268,-0.905
-2.364,1.382
-2.355,-0.072
-2.406,0.929
-2.439,-0.236
-2.484,0.776
-2.559,2.44
-2.56,0.748
-2.536,0.993
-2.62,1.531
-2.558,0.984
-2.719,2.479
-2.661,2.178
-2.795,1.902
-2.746,-0.335
-2.723,-0.269
-2.783,-0.682
-2.886,3.083
-2.898,1.955
-2.827,3.097
-3.01,0.106
-2.947,2.462
-3.031,0.136
-3.121,2.858
3.124,-0.742
3.024,1.014
3.084,-0.283
2.98,-0.631
2.795,-0.874
2.64,1.295
2.652,2.21
2.498,1.395
2.447,2.358
2.434,2.012
2.429,1.511
2.398,2.704
2.293,-0.145
2.241,0.786
2.269,0.929
2.119,-1.116
1.906,-1.048
1.936,-0.882
1.121,-0.944
0.637,-1.056
0.526,-1.16
-0.142,-1.057
-0.115,-1.231
-0.217,-1.15
-0.809,-1.031
-1.341,-1.419
-2.181,-1.452
-2.418,-1.263
-2.567,-1.165
-2.923,-1.025
3.032,-1.106
2.677,-1.025
1.834,3.247
1.627,3.338
1.282,3.288
0.92,3.224
0.823,3.021
0.879,3.313
-1.025,3.238
-1.7,3.346
-1.797,3.385
-2.106,3.167
-2.63,3.092
2.25,3.214
0.644,1.611
0.053,-0.68
-1.172,1.295
-1.368,1.372
-1.728,1.261
-2.083,2.141
-2.626,-0.015
0.675,3.148
2.145,3.0
2.161,2.667
2.185,0.171
2.049,-0.52
1.655,-0.042
1.749,1.242
1.629,2.947
1.649,2.685
1.749,0.537
1.751,1.409
1.585,1.7
1.63,1.092
1.581,1.115
1.436,2.875
1.54,1.044
1.422,1.92
1.381,0.863
1.388,0.108
1.507,0.475
1.492,1.295
1.438,3.08
1.286,1.537
1.242,3.002
1.262,1.286
1.253,1.696
1.093,1.186
1.192,2.925
1.067,2.727
0.914,1.522
0.72,1.871
0.469,-0.747
0.402,0.937
0.5,0.065
0.416,0.697
0.341,2.518
0.154,0.526
0.164,0.946
0.11,-0.837
-0.152,0.845
-0.195,3.07
-0.332,-0.191
-0.401,-0.904
-0.502,2.321
-0.954,-0.539
-0.835,2.789
-0.931,3.078
-1.044,1.02
-1.091,0.718
-1.12,1.662
-1.407,0.691
-1.364,2.994
-1.534,2.025
-1.738,0.209
-1.785,2.399
-1.878,-0.653
-1.892,2.766
-2.029,1.965
-1.902,2.423
-1.946,1.538
-1.992,0.745
-1.97,2.467
-2.238,2.986
-2.175,2.923
-2.177,1.74
-2.247,1.405
-2.28,1.273
-2.383,0.768
-2.434,0.259
-2.355,0.232
-2.368,-0.323
-2.607,2.57
-2.729,-0.521
-2.958,0.049
-2.905,-0.393
-2.955,2.797
-3.134,-0.696
3.117,-0.036
-3.085,2.748
2.839,-0.827
2.441,-0.547
2.429,2.382
2.422,0.772
2.278,0.874
2.275,-1.189
1.684,-1.109
1.435,-1.173
1.361,-1.246
0.958,-1.13
0.465,-1.068
-1.086,-1.101
-2.146,-1.34
-2.217,-1.234
-2.107,-1.358
-2.653,-1.289
-2.571,-0.956
-2.667,-0.996
-2.88,-1.265
2.833,-1.136
2.557,-1.402
1.918,3.285
1.92,3.354
1.694,3.334
0.486,3.352
-0.367,3.332
-0.821,3.348
-1.072,3.338
-1.628,3.16
-1.658,3.223
-1.759,3.304
-2.828,3.338
-3.02,3.271
1.276,2.605
0.968,0.684
0.699,0.703
0.052,0.675
-1.512,2.05
-1.635,0.814
-1.824,0.09
-2.2,0.847
-2.159,0.993
-2.245,0.737
2.547,-0.868
1.691,2.032
1.321,-0.446
-0.281,0.596
-1.71,1.469
-1.897,2.604
-2.397,-0.221
-2.692,1.463
0.98,1.761
0.704,0.395
-2.189,1.831
-2.392,-0.551
-2.49,1.874
-3.132,0.308
1.134,-0.793
-2.054,2.83
-1.981,-0.648
-0.371,-1.4
-0.007,3.705
-0.096,1.932
-0.111,1.623
-0.117,2.309
-0.051,0.283
-0.142,3.592
-0.202,1.115
-0.13,3.593
-0.221,2.776
-0.259,1.98
-0.218,3.574
-0.301,2.601
-0.345,3.631
-0.372,1.023
-0.447,0.051
-0.608,0.332
-0.674,0.131
-0.675,2.398
-0.743,1.253
-0.685,1.919
-0.72,2.731
-0.834,2.055
-0.779,1.993
-0.841,1.247
-0.878,3.862
-0.946,2.174
-0.946,0.394
-0.904,3.295
-0.99,3.711
-0.951,2.239
-0.984,2.895
-1.168,1.793
-1.112,2.016
-1.166,3.242
-1.109,3.169
-1.173,2.834
-1.277,2.753
-1.248,1.326
-1.323,1.428
-1.335,2.714
-1.311,1.492
-1.367,3.551
-1.46,2.366
-1.496,1.349
-1.596,3.083
-1.565,1.187
-1.718,3.332
-1.818,1.703
-1.805,3.164
-1.787,2.905
-1.835,2.652
-1.879,3.204
-1.876,1.28
-1.857,2.629
-1.887,0.839
-1.902,1.678
-1.927,3.519
-1.933,0.977
-1.968,2.585
-2.045,0.145
-1.98,1.476
-1.995,0.071
-2.085,1.142
-2.011,0.238
-2.038,1.01
-2.107,2.113
-2.095,0.975
-2.195,3.683
-2.13,3.202
-2.237,1.196
-2.187,0.697
-2.211,1.678
-2.283,0.915
-2.258,-0.114
-2.354,2.173
-2.345,0.719
-2.396,1.72
-2.429,0.555
-2.474,1.567
-2.549,3.231
-2.55,1.539
-2.526,1.784
-2.61,2.322
-2.548,1.775
-2.709,3.27
-2.651,2.969
-2.785,2.693
-2.736,0.456
-2.713,0.522
-2.773,0.109
-2.876,3.874
-2.888,2.746
-2.817,3.888
-3.0,0.897
-2.937,3.253
-3.021,0.927
-3.111,3.649
3.134,0.049
3.034,1.805
3.094,0.508
2.99,0.16
2.805,-0.083
2.65,2.086
2.662,3.001
2.508,2.186
2.457,3.149
2.444,2.803
2.439,2.302
2.408,3.495
2.303,0.646
2.251,1.577
2.279,1.72
2.129,-0.325
1.916,-0.257
1.946,-0.091
1.131,-0.153
0.647,-0.265
0.536,-0.369
-0.132,-0.266
-0.105,-0.44
-0.207,-0.359
-0.799,-0.24
-1.331,-0.628
-2.171,-0.661
-2.408,-0.472
-2.557,-0.374
-2.913,-0.234
3.042,-0.315
2.687,-0.234
1.844,4.038
1.637,4.129
1.292,4.079
0.93,4.015
0.833,3.812
0.889,4.104
-1.015,4.029
-1.69,4.137
-1.787,4.176
-2.096,3.958
-2.62,3.883
2.26,4.005
0.654,2.402
0.063,0.111
-1.162,2.086
-1.358,2.163
-1.718,2.052
-2.073,2.932
-2.616,0.776
0.685,3.939
2.155,3.791
2.171,3.458
2.195,0.962
2.059,0.271
1.665,0.749
1.759,2.033
1.639,3.738
1.659,3.476
1.759,1.328
1.761,2.2
1.595,2.491
1.64,1.883
1.591,1.906
1.446,3.666
1.55,1.835
1.432,2.711
1.391,1.654
1.398,0.899
1.517,1.266
1.502,2.086
1.448,3.871
1.296,2.328
1.252,3.793
1.272,2.077
1.263,2.487
1.103,1.977
1.202,3.716
1.077,3.518
0.924,2.313
0.73,2.662
0.479,0.044
0.412,1.728
0.51,0.856
0.426,1.488
0.351,3.309
0.164,1.317
0.174,1.737
0.12,-0.046
-0.142,1.636
-0.185,3.861
-0.322,0.6
-0.391,-0.113
-0.492,3.112
-0.944,0.252
-0.825,3.58
-0.921,3.869
-1.034,1.811
-1.081,1.509
-1.11,2.453
-1.397,1.482
-1.354,3.785
-1.524,2.816
-1.728,1.0
-1.775,3.19
-1.868,0.138
-1.882,3.557
-2.019,2.756
-1.892,3.214
-1.936,2.329
-1.982,1.536
-1.96,3.258
-2.228,3.777
-2.165,3.714
-2.167,2.531
-2.237,2.196
-2.27,2.064
-2.373,1.559
-2.424,1.05
-2.345,1.023
-2.358,0.468
-2.597,3.361
-2.719,0.27
-2.948,0.84
-2.895,0.398
-2.945,3.588
-3.124,0.095
3.127,0.755
-3.075,3.539
2.849,-0.036
2.451,0.244
2.439,3.173
2.432,1.563
2.288,1.665
2.285,-0.398
1.694,-0.318
1.445,-0.382
1.371,-0.455
0.968,-0.339
0.475,-0.277
-1.076,-0.31
-2.136,-0.549
-2.207,-0.443
-2.097,-0.567
-2.643,-0.498
-2.561,-0.165
-2.657,-0.205
-2.87,-0.474
2.843,-0.345
2.567,-0.611
1.928,4.076
1.93,4.145
1.704,4.125
0.496,4.143
-0.357,4.123
-0.811,4.139
-1.062,4.129
-1.618,3.951
-1.648,4.014
-1.749,4.095
-2.818,4.129
-3.01,4.062
1.286,3.396
0.978,1.475
0.709,1.494
0.062,1.466
-1.502,2.841
-1.625,1.605
-1.814,0.881
-2.19,1.638
-2.149,1.784
-2.235,1.528
2.557,-0.077
1.701,2.823
1.331,0.345
-0.271,1.387
-1.7,2.26
-1.887,3.395
-2.387,0.57
-2.682,2.254
0.99,2.552
0.714,1.186
-2.179,2.622
-2.382,0.24
-2.48,2.665
-3.122,1.099
1.144,-0.002
-2.044,3.621
-1.971,0.143
-0.361,-0.609
-0.089,-1.773
-0.104,-2.082
-0.11,-1.396
-0.044,-3.422
-0.135,-0.113
-0.195,-2.59
-0.123,-0.112
-0.214,-0.929
-0.252,-1.725
-0.211,-0.131
-0.294,-1.104
-0.338,-0.074
-0.365,-2.682
-0.44,-3.654
-0.601,-3.373
-0.667,-3.574
-0.668,-1.307
-0.736,-2.452
-0.678,-1.786
-0.713,-0.974
-0.827,-1.65
-0.772,-1.712
-0.834,-2.458
-0.871,0.157
-0.939,-1.531
-0.939,-3.311
-0.897,-0.41
-0.983,0.006
-0.944,-1.466
-0.977,-0.81
-1.161,-1.912
-1.105,-1.689
-1.159,-0.463
-1.102,-0.536
-1.166,-0.871
-1.27,-0.952
-1.241,-2.379
-1.316,-2.277
-1.328,-0.991
-1.304,-2.213
-1.36,-0.154
-1.453,-1.339
-1.489,-2.356
-1.589,-0.622
-1.558,-2.518
-1.711,-0.373
-1.811,-2.002
-1.798,-0.541
-1.78,-0.8
-1.828,-1.053
-1.872,-0.501
-1.869,-2.425
-1.85,-1.076
-1.88,-2.866
-1.895,-2.027
-1.92,-0.186
-1.926,-2.728
-1.961,-1.12
-2.038,-3.56
-1.973,-2.229
-1.988,-3.634
-2.078,-2.563
-2.004,-3.467
-2.031,-2.695
-2.1,-1.592
-2.088,-2.73
-2.188,-0.022
-2.123,-0.503
-2.23,-2.509
-2.18,-3.008
-2.204,-2.027
-2.276,-2.79
-2.251,-3.819
-2.347,-1.532
-2.338,-2.986
-2.389,-1.985
-2.422,-3.15
-2.467,-2.138
-2.542,-0.474
-2.543,-2.166
-2.519,-1.921
-2.603,-1.383
-2.541,-1.93
-2.702,-0.435
-2.644,-0.736
-2.778,-1.012
-2.729,-3.249
-2.706,-3.183
-2.766,-3.596
-2.869,0.169
-2.881,-0.959
-2.81,0.183
-2.993,-2.808
-2.93,-0.452
-3.014,-2.778
-3.104,-0.056
3.141,-3.656
3.041,-1.9
3.101,-3.197
2.997,-3.545
2.812,-3.788
2.657,-1.619
2.669,-0.704
2.515,-1.519
2.464,-0.556
2.451,-0.902
2.446,-1.403
2.415,-0.21
2.31,-3.059
2.258,-2.128
2.286,-1.985
2.136,-4.03
1.923,-3.962
1.953,-3.796
1.138,-3.858
0.654,-3.97
0.543,-4.074
-0.125,-3.971
-0.098,-4.145
-0.2,-4.064
-0.792,-3.945
-1.324,-4.333
-2.164,-4.366
-2.401,-4.177
-2.55,-4.079
-2.906,-3.939
3.049,-4.02
2.694,-3.939
1.851,0.333
1.644,0.424
1.299,0.374
0.937,0.31
0.84,0.107
0.896,0.399
-1.008,0.324
-1.683,0.432
-1.78,0.471
-2.089,0.253
-2.613,0.178
2.267,0.3
0.661,-1.303
0.07,-3.594
-1.155,-1.619
-1.351,-1.542
-1.711,-1.653
-2.066,-0.773
-2.609,-2.929
0.692,0.234
2.162,0.086
2.178,-0.247
2.202,-2.743
2.066,-3.434
1.672,-2.956
1.766,-1.672
1.646,0.033
1.666,-0.229
1.766,-2.377
1.768,-1.505
1.602,-1.214
1.647,-1.822
1.598,-1.799
1.453,-0.039
1.557,-1.87
1.439,-0.994
1.398,-2.051
1.405,-2.806
1.524,-2.439
1.509,-1.619
1.455,0.166
1.303,-1.377
1.259,0.088
1.279,-1.628
1.27,-1.218
1.11,-1.728
1.209,0.011
1.084,-0.187
0.931,-1.392
0.737,-1.043
0.486,-3.661
0.419,-1.977
0.517,-2.849
0.433,-2.217
0.358,-0.396
0.171,-2.388
0.181,-1.968
0.127,-3.751
-0.135,-2.069
-0.178,0.156
-0.315,-3.105
-0.384,-3.818
-0.485,-0.593
-0.937,-3.453
-0.818,-0.125
-0.914,0.164
-1.027,-1.894
-1.074,-2.196
-1.103,-1.252
-1.39,-2.223
-1.347,0.08
-1.517,-0.889
-1.721,-2.705
-1.768,-0.515
-1.861,-3.567
-1.875,-0.148
-2.012,-0.949
-1.885,-0.491
-1.929,-1.376
-1.975,-2.169
-1.953,-0.447
-2.221,0.072
-2.158,0.009
-2.16,-1.174
-2.23,-1.509
-2.263,-1.641
-2.366,-2.146
-2.417,-2.655
-2.338,-2.682
-2.351,-3.237
-2.59,-0.344
-2.712,-3.435
-2.941,-2.865
-2.888,-3.307
-2.938,-0.117
-3.117,-3.61
3.134,-2.95
-3.068,-0.166
2.856,-3.741
2.458,-3.461
2.446,-0.532
2.439,-2.142
2.295,-2.04
2.292,-4.103
1.701,-4.023
1.452,-4.087
1.378,-4.16
0.975,-4.044
0.482,-3.982
-1.069,-4.015
-2.129,-4.254
-2.2,-4.148
-2.09,-4.272
-2.636,-4.203
-2.554,-3.87
-2.65,-3.91
-2.863,-4.179
2.85,-4.05
2.574,-4.316
1.935,0.371
1.937,0.44
1.711,0.42
0.503,0.438
-0.35,0.418
-0.804,0.434
-1.055,0.424
-1.611,0.246
-1.641,0.309
-1.742,0.39
-2.811,0.424
-3.003,0.357
1.293,-0.309
0.985,-2.23
0.716,-2.211
0.069,-2.239
-1.495,-0.864
-1.618,-2.1
-1.807,-2.824
-2.183,-2.067
-2.142,-1.921
-2.228,-2.177
2.564,-3.782
1.708,-0.882
1.338,-3.36
-0.264,-2.318
-1.693,-1.445
-1.88,-0.31
-2.38,-3.135
-2.675,-1.451
0.997,-1.153
0.721,-2.519
-2.172,-1.083
-2.375,-3.465
-2.473,-1.04
-3.115,-2.606
1.151,-3.707
-2.037,-0.084
-1.964,-3.562
-0.354,-4.314
-0.015,-0.309
-0.021,0.377
0.045,-1.649
-0.046,1.66
-0.106,-0.817
-0.034,1.661
-0.125,0.844
-0.163,0.048
-0.122,1.642
-0.205,0.669
-0.249,1.699
-0.276,-0.909
-0.351,-1.881
-0.512,-1.6
-0.578,-1.801
-0.579,0.466
-0.647,-0.679
-0.589,-0.013
-0.624,0.799
-0.738,0.123
-0.683,0.061
-0.745,-0.685
-0.782,1.93
-0.85,0.242
-0.85,-1.538
-0.808,1.363
-0.894,1.779
-0.855,0.307
-0.888,0.963
-1.072,-0.139
-1.016,0.084
-1.07,1.31
-1.013,1.237
-1.077,0.902
-1.181,0.821
-1.152,-0.606
-1.227,-0.504
-1.239,0.782
-1.215,-0.44
-1.271,1.619
-1.364,0.434
-1.4,-0.583
-1.5,1.151
-1.469,-0.745
-1.622,1.4
-1.722,-0.229
-1.709,1.232
-1.691,0.973
-1.739,0.72
-1.783,1.272
-1.78,-0.652
-1.761,0.697
-1.791,-1.093
-1.806,-0.254
-1.831,1.587
-1.837,-0.955
-1.872,0.653
-1.949,-1.787
-1.884,-0.456
-1.899,-1.861
-1.989,-0.79
-1.915,-1.694
-1.942,-0.922
-2.011,0.181
-1.999,-0.957
-2.099,1.751
-2.034,1.27
-2.141,-0.736
-2.091,-1.235
-2.115,-0.254
-2.187,-1.017
-2.162,-2.046
-2.258,0.241
-2.249,-1.213
-2.3,-0.212
-2.333,-1.377
-2.378,-0.365
-2.453,1.299
-2.454,-0.393
-2.43,-0.148
-2.514,0.39
-2.452,-0.157
-2.613,1.338
-2.555,1.037
-2.689,0.761
-2.64,-1.476
-2.617,-1.41
-2.677,-1.823
-2.78,1.942
-2.792,0.814
-2.721,1.956
-2.904,-1.035
-2.841,1.321
-2.925,-1.005
-3.015,1.717
-3.053,-1.883
3.13,-0.127
-3.093,-1.424
3.086,-1.772
2.901,-2.015
2.746,0.154
2.758,1.069
2.604,0.254
2.553,1.217
2.54,0.871
2.535,0.37
2.504,1.563
2.399,-1.286
2.347,-0.355
2.375,-0.212
2.225,-2.257
2.012,-2.189
2.042,-2.023
1.227,-2.085
0.743,-2.197
0.632,-2.301
-0.036,-2.198
-0.009,-2.372
-0.111,-2.291
-0.703,-2.172
-1.235,-2.56
-2.075,-2.593
-2.312,-2.404
-2.461,-2.306
-2.817,-2.166
3.138,-2.247
2.783,-2.166
1.94,2.106
1.733,2.197
1.388,2.147
1.026,2.083
0.929,1.88
0.985,2.172
-0.919,2.097
-1.594,2.205
-1.691,2.244
-2.0,2.026
-2.524,1.951
2.356,2.073
0.75,0.47
0.159,-1.821
-1.066,0.154
-1.262,0.231
-1.622,0.12
-1.977,1.0
-2.52,-1.156
0.781,2.007
2.251,1.859
2.267,1.526
2.291,-0.97
2.155,-1.661
1.761,-1.183
1.855,0.101
1.735,1.806
1.755,1.544
1.855,-0.604
1.857,0.268
1.691,0.559
1.736,-0.049
1.687,-0.026
1.542,1.734
1.646,-0.097
1.528,0.779
1.487,-0.278
1.494,-1.033
1.613,-0.666
1.598,0.154
1.544,1.939
1.392,0.396
1.348,1.861
1.368,0.145
1.359,0.555
1.199,0.045
1.298,1.784
1.173,1.586
1.02,0.381
0.826,0.73
0.575,-1.888
0.508,-0.204
0.606,-1.076
0.522,-0.444
0.447,1.377
0.26,-0.615
0.27,-0.195
0.216,-1.978
-0.046,-0.296
-0.089,1.929
-0.226,-1.332
-0.295,-2.045
-0.396,1.18
-0.848,-1.68
-0.729,1.648
-0.825,1.937
-0.938,-0.121
-0.985,-0.423
-1.014,0.521
-1.301,-0.45
-1.258,1.853
-1.428,0.884
-1.632,-0.932
-1.679,1.258
-1.772,-1.794
-1.786,1.625
-1.923,0.824
-1.796,1.282
-1.84,0.397
-1.886,-0.396
-1.864,1.326
-2.132,1.845
-2.069,1.782
-2.071,0.599
-2.141,0.264
-2.174,0.132
-2.277,-0.373
-2.328,-0.882
-2.249,-0.909
-2.262,-1.464
-2.501,1.429
-2.623,-1.662
-2.852,-1.092
-2.799,-1.534
-2.849,1.656
-3.028,-1.837
-3.06,-1.177
-2.979,1.607
2.945,-1.968
2.547,-1.688
2.535,1.241
2.528,-0.369
2.384,-0.267
2.381,-2.33
1.79,-2.25
1.541,-2.314
1.467,-2.387
1.064,-2.271
0.571,-2.209
-0.98,-2.242
-2.04,-2.481
-2.111,-2.375
-2.001,-2.499
-2.547,-2.43
-2.465,-2.097
-2.561,-2.137
-2.774,-2.406
2.939,-2.277
2.663,-2.543
2.024,2.144
2.026,2.213
1.8,2.193
0.592,2.211
-0.261,2.191
-0.715,2.207
-0.966,2.197
-1.522,2.019
-1.552,2.082
-1.653,2.163
-2.722,2.197
-2.914,2.13
1.382,1.464
1.074,-0.457
0.805,-0.438
0.158,-0.466
-1.406,0.909
-1.529,-0.327
-1.718,-1.051
-2.094,-0.294
-2.053,-0.148
-2.139,-0.404
2.653,-2.009
1.797,0.891
1.427,-1.587
-0.175,-0.545
-1.604,0.328
-1.791,1.463
-2.291,-1.362
-2.586,0.322
1.086,0.62
0.81,-0.746
-2.083,0.69
-2.286,-1.692
-2.384,0.733
-3.026,-0.833
1.24,-1.934
-1.948,1.689
-1.875,-1.789
-0.265,-2.541
-0.006,0.686
0.06,-1.34
-0.031,1.969
-0.091,-0.508
-0.019,1.97
-0.11,1.153
-0.148,0.357
-0.107,1.951
-0.19,0.978
-0.234,2.008
-0.261,-0.6
-0.336,-1.572
-0.497,-1.291
-0.563,-1.492
-0.564,0.775
-0.632,-0.37
-0.574,0.296
-0.609,1.108
-0.723,0.432
-0.668,0.37
-0.73,-0.376
-0.767,2.239
-0.835,0.551
-0.835,-1.229
-0.793,1.672
-0.879,2.088
-0.84,0.616
-0.873,1.272
-1.057,0.17
-1.001,0.393
-1.055,1.619
-0.998,1.546
-1.062,1.211
-1.166,1.13
-1.137,-0.297
-1.212,-0.195
-1.224,1.091
-1.2,-0.131
-1.256,1.928
-1.349,0.743
-1.385,-0.274
-1.485,1.46
-1.454,-0.436
-1.607,1.709
-1.707,0.08
-1.694,1.541
-1.676,1.282
-1.724,1.029
-1.768,1.581
-1.765,-0.343
-1.746,1.006
-1.776,-0.784
-1.791,0.055
-1.816,1.896
-1.822,-0.646
-1.857,0.962
-1.934,-1.478
-1.869,-0.147
-1.884,-1.552
-1.974,-0.481
-1.9,-1.385
-1.927,-0.613
-1.996,0.49
-1.984,-0.648
-2.084,2.06
-2.019,1.579
-2.126,-0.427
-2.076,-0.926
-2.1,0.055
-2.172,-0.708
-2.147,-1.737
-2.243,0.55
-2.234,-0.904
-2.285,0.097
-2.318,-1.068
-2.363,-0.056
-2.438,1.608
-2.439,-0.084
-2.415,0.161
-2.499,0.699
-2.437,0.152
-2.598,1.647
-2.54,1.346
-2.674,1.07
-2.625,-1.167
-2.602,-1.101
-2.662,-1.514
-2.765,2.251
-2.777,1.123
-2.706,2.265
-2.889,-0.726
-2.826,1.63
-2.91,-0.696
-3.0,2.026
-3.038,-1.574
-3.138,0.182
-3.078,-1.115
3.101,-1.463
2.916,-1.706
2.761,0.463
2.773,1.378
2.619,0.563
2.568,1.526
2.555,1.18
2.55,0.679
2.519,1.872
2.414,-0.977
2.362,-0.046
2.39,0.097
2.24,-1.948
2.027,-1.88
2.057,-1.714
1.242,-1.776
0.758,-1.888
0.647,-1.992
-0.021,-1.889
0.006,-2.063
-0.096,-1.982
-0.688,-1.863
-1.22,-2.251
-2.06,-2.284
-2.297,-2.095
-2.446,-1.997
-2.802,-1.857
-3.13,-1.938
2.798,-1.857
1.955,2.415
1.748,2.506
1.403,2.456
1.041,2.392
0.944,2.189
1.0,2.481
-0.904,2.406
-1.579,2.514
-1.676,2.553
-1.985,2.335
-2.509,2.26
2.371,2.382
0.765,0.779
0.174,-1.512
-1.051,0.463
-1.247,0.54
-1.607,0.429
-1.962,1.309
-2.505,-0.847
0.796,2.316
2.266,2.168
2.282,1.835
2.306,-0.661
2.17,-1.352
1.776,-0.874
1.87,0.41
1.75,2.115
1.77,1.853
1.87,-0.295
1.872,0.577
1.706,0.868
1.751,0.26
1.702,0.283
1.557,2.043
1.661,0.212
1.543,1.088
1.502,0.031
1.509,-0.724
1.628,-0.357
1.613,0.463
1.559,2.248
1.407,0.705
1.363,2.17
1.383,0.454
1.374,0.864
1.214,0.354
1.313,2.093
1.188,1.895
1.035,0.69
0.841,1.039
0.59,-1.579
0.523,0.105
0.621,-0.767
0.537,-0.135
0.462,1.686
0.275,-0.306
0.285,0.114
0.231,-1.669
-0.031,0.013
-0.074,2.238
-0.211,-1.023
-0.28,-1.736
-0.381,1.489
-0.833,-1.371
-0.714,1.957
-0.81,2.246
-0.923,0.188
-0.97,-0.114
-0.999,0.83
-1.286,-0.141
-1.243,2.162
-1.413,1.193
-1.617,-0.623
-1.664,1.567
-1.757,-1.485
-1.771,1.934
-1.908,1.133
-1.781,1.591
-1.825,0.706
-1.871,-0.087
-1.849,1.635
-2.117,2.154
-2.054,2.091
-2.056,0.908
-2.126,0.573
-2.159,0.441
-2.262,-0.064
-2.313,-0.573
-2.234,-0.6
-2.247,-1.155
-2.486,1.738
-2.608,-1.353
-2.837,-0.783
-2.784,-1.225
-2.834,1.965
-3.013,-1.528
-3.045,-0.868
-2.964,1.916
2.96,-1.659
2.562,-1.379
2.55,1.55
2.543,-0.06
2.399,0.042
2.396,-2.021
1.805,-1.941
1.556,-2.005
1.482,-2.078
1.079,-1.962
0.586,-1.9
-0.965,-1.933
-2.025,-2.172
-2.096,-2.066
-1.986,-2.19
-2.532,-2.121
-2.45,-1.788
-2.546,-1.828
-2.759,-2.097
2.954,-1.968
2.678,-2.234
2.039,2.453
2.041,2.522
1.815,2.502
0.607,2.52
-0.246,2.5
-0.7,2.516
-0.951,2.506
-1.507,2.328
-1.537,2.391
-1.638,2.472
-2.707,2.506
-2.899,2.439
1.397,1.773
1.089,-0.148
0.82,-0.129
0.173,-0.157
-1.391,1.218
-1.514,-0.018
-1.703,-0.742
-2.079,0.015
-2.038,0.161
-2.124,-0.095
2.668,-1.7
1.812,1.2
1.442,-1.278
-0.16,-0.236
-1.589,0.637
-1.776,1.772
-2.276,-1.053
-2.571,0.631
1.101,0.929
0.825,-0.437
-2.068,0.999
-2.271,-1.383
-2.369,1.042
-3.011,-0.524
1.255,-1.625
-1.933,1.998
-1.86,-1.48
-0.25,-2.232
0.066,-2.026
-0.025,1.283
-0.085,-1.194
-0.013,1.284
-0.104,0.467
-0.142,-0.329
-0.101,1.265
-0.184,0.292
-0.228,1.322
-0.255,-1.286
-0.33,-2.258
-0.491,-1.977
-0.557,-2.178
-0.558,0.089
-0.626,-1.056
-0.568,-0.39
-0.603,0.422
-0.717,-0.254
-0.662,-0.316
-0.724,-1.062
-0.761,1.553
-0.829,-0.135
-0.829,-1.915
-0.787,0.986
-0.873,1.402
-0.834,-0.07
-0.867,0.586
-1.051,-0.516
-0.995,-0.293
-1.049,0.933
-0.992,0.86
-1.056,0.525
-1.16,0.444
-1.131,-0.983
-1.206,-0.881
-1.218,0.405
-1.194,-0.817
-1.25,1.242
-1.343,0.057
-1.379,-0.96
-1.479,0.774
-1.448,-1.122
-1.601,1.023
-1.701,-0.606
-1.688,0.855
-1.67,0.596
-1.718,0.343
-1.762,0.895
-1.759,-1.029
-1.74,0.32
-1.77,-1.47
-1.785,-0.631
-1.81,1.21
-1.816,-1.332
-1.851,0.276
-1.928,-2.164
-1.863,-0.833
-1.878,-2.238
-1.968,-1.167
-1.894,-2.071
-1.921,-1.299
-1.99,-0.196
-1.978,-1.334
-2.078,1.374
-2.013,0.893
-2.12,-1.113
-2.07,-1.612
-2.094,-0.631
-2.166,-1.394
-2.141,-2.423
-2.237,-0.136
-2.228,-1.59
-2.279,-0.589
-2.312,-1.754
-2.357,-0.742
-2.432,0.922
-2.433,-0.77
-2.409,-0.525
-2.493,0.013
-2.431,-0.534
-2.592,0.961
-2.534,0.66
-2.668,0.384
-2.619,-1.853
-2.596,-1.787
-2.656,-2.2
-2.759,1.565
-2.771,0.437
-2.7,1.579
-2.883,-1.412
-2.82,0.944
-2.904,-1.382
-2.994,1.34
-3.032,-2.26
-3.132,-0.504
-3.072,-1.801
3.107,-2.149
2.922,-2.392
2.767,-0.223
2.779,0.692
2.625,-0.123
2.574,0.84
2.561,0.494
2.556,-0.007
2.525,1.186
2.42,-1.663
2.368,-0.732
2.396,-0.589
2.246,-2.634
2.033,-2.566
2.063,-2.4
1.248,-2.462
0.764,-2.574
0.653,-2.678
-0.015,-2.575
0.012,-2.749
-0.09,-2.668
-0.682,-2.549
-1.214,-2.937
-2.054,-2.97
-2.291,-2.781
-2.44,-2.683
-2.796,-2.543
-3.124,-2.624
2.804,-2.543
1.961,1.729
1.754,1.82
1.409,1.77
1.047,1.706
0.95,1.503
1.006,1.795
-0.898,1.72
-1.573,1.828
-1.67,1.867
-1.979,1.649
-2.503,1.574
2.377,1.696
0.771,0.093
0.18,-2.198
-1.045,-0.223
-1.241,-0.146
-1.601,-0.257
-1.956,0.623
-2.499,-1.533
0.802,1.63
2.272,1.482
2.288,1.149
2.312,-1.347
2.176,-2.038
1.782,-1.56
1.876,-0.276
1.756,1.429
1.776,1.167
1.876,-0.981
1.878,-0.109
1.712,0.182
1.757,-0.426
1.708,-0.403
1.563,1.357
1.667,-0.474
1.549,0.402
1.508,-0.655
1.515,-1.41
1.634,-1.043
1.619,-0.223
1.565,1.562
1.413,0.019
1.369,1.484
1.389,-0.232
1.38,0.178
1.22,-0.332
1.319,1.407
1.194,1.209
1.041,0.004
0.847,0.353
0.596,-2.265
0.529,-0.581
0.627,-1.453
0.543,-0.821
0.468,1.0
0.281,-0.992
0.291,-0.572
0.237,-2.355
-0.025,-0.673
-0.068,1.552
-0.205,-1.709
-0.274,-2.422
-0.375,0.803
-0.827,-2.057
-0.708,1.271
-0.804,1.56
-0.917,-0.498
-0.964,-0.8
-0.993,0.144
-1.28,-0.827
-1.237,1.476
-1.407,0.507
-1.611,-1.309
-1.658,0.881
-1.751,-2.171
-1.765,1.248
-1.902,0.447
-1.775,0.905
-1.819,0.02
-1.865,-0.773
-1.843,0.949
-2.111,1.468
-2.048,1.405
-2.05,0.222
-2.12,-0.113
-2.153,-0.245
-2.256,-0.75
-2.307,-1.259
-2.228,-1.286
-2.241,-1.841
-2.48,1.052
-2.602,-2.039
-2.831,-1.469
-2.778,-1.911
-2.828,1.279
-3.007,-2.214
-3.039,-1.554
-2.958,1.23
2.966,-2.345
2.568,-2.065
2.556,0.864
2.549,-0.746
2.405,-0.644
2.402,-2.707
1.811,-2.627
1.562,-2.691
1.488,-2.764
1.085,-2.648
0.592,-2.586
-0.959,-2.619
-2.019,-2.858
-2.09,-2.752
-1.98,-2.876
-2.526,-2.807
-2.444,-2.474
-2.54,-2.514
-2.753,-2.783
2.96,-2.654
2.684,-2.92
2.045,1.767
2.047,1.836
1.821,1.816
0.613,1.834
-0.24,1.814
-0.694,1.83
-0.945,1.82
-1.501,1.642
-1.531,1.705
-1.632,1.786
-2.701,1.82
-2.893,1.753
1.403,1.087
1.095,-0.834
0.826,-0.815
0.179,-0.843
-1.385,0.532
-1.508,-0.704
-1.697,-1.428
-2.073,-0.671
-2.032,-0.525
-2.118,-0.781
2.674,-2.386
1.818,0.514
1.448,-1.964
-0.154,-0.922
-1.583,-0.049
-1.77,1.086
-2.27,-1.739
-2.565,-0.055
1.107,0.243
0.831,-1.123
-2.062,0.313
-2.265,-2.069
-2.363,0.356
-3.005,-1.21
1.261,-2.311
-1.927,1.312
-1.854,-2.166
-0.244,-2.918
-0.091,3.309
-0.151,0.832
-0.079,3.31
-0.17,2.493
-0.208,1.697
-0.167,3.291
-0.25,2.318
-0.294,3.348
-0.321,0.74
-0.396,-0.232
-0.557,0.049
-0.623,-0.152
-0.624,2.115
-0.692,0.97
-0.634,1.636
-0.669,2.448
-0.783,1.772
-0.728,1.71
-0.79,0.964
-0.827,3.579
-0.895,1.891
-0.895,0.111
-0.853,3.012
-0.939,3.428
-0.9,1.956
-0.933,2.612
-1.117,1.51
-1.061,1.733
-1.115,2.959
-1.058,2.886
-1.122,2.551
-1.226,2.47
-1.197,1.043
-1.272,1.145
-1.284,2.431
-1.26,1.209
-1.316,3.268
-1.409,2.083
-1.445,1.066
-1.545,2.8
-1.514,0.904
-1.667,3.049
-1.767,1.42
-1.754,2.881
-1.736,2.622
-1.784,2.369
-1.828,2.921
-1.825,0.997
-1.806,2.346
-1.836,0.556
-1.851,1.395
-1.876,3.236
-1.882,0.694
-1.917,2.302
-1.994,-0.138
-1.929,1.193
-1.944,-0.212
-2.034,0.859
-1.96,-0.045
-1.987,0.727
-2.056,1.83
-2.044,0.692
-2.144,3.4
-2.079,2.919
-2.186,0.913
-2.136,0.414
-2.16,1.395
-2.232,0.632
-2.207,-0.397
-2.303,1.89
-2.294,0.436
-2.345,1.437
-2.378,0.272
-2.423,1.284
-2.498,2.948
-2.499,1.256
-2.475,1.501
-2.559,2.039
-2.497,1.492
-2.658,2.987
-2.6,2.686
-2.734,2.41
-2.685,0.173
-2.662,0.239
-2.722,-0.174
-2.825,3.591
-2.837,2.463
-2.766,3.605
-2.949,0.614
-2.886,2.97
-2.97,0.644
-3.06,3.366
-3.098,-0.234
3.085,1.522
-3.138,0.225
3.041,-0.123
2.856,-0.366
2.701,1.803
2.713,2.718
2.559,1.903
2.508,2.866
2.495,2.52
2.49,2.019
2.459,3.212
2.354,0.363
2.302,1.294
2.33,1.437
2.18,-0.608
1.967,-0.54
1.997,-0.374
1.182,-0.436
0.698,-0.548
0.587,-0.652
-0.081,-0.549
-0.054,-0.723
-0.156,-0.642
-0.748,-0.523
-1.28,-0.911
-2.12,-0.944
-2.357,-0.755
-2.506,-0.657
-2.862,-0.517
3.093,-0.598
2.738,-0.517
1.895,3.755
1.688,3.846
1.343,3.796
0.981,3.732
0.884,3.529
0.94,3.821
-0.964,3.746
-1.639,3.854
-1.736,3.893
-2.045,3.675
-2.569,3.6
2.311,3.722
0.705,2.119
0.114,-0.172
-1.111,1.803
-1.307,1.88
-1.667,1.769
-2.022,2.649
-2.565,0.493
0.736,3.656
2.206,3.508
2.222,3.175
2.246,0.679
2.11,-0.012
1.716,0.466
1.81,1.75
1.69,3.455
1.71,3.193
1.81,1.045
1.812,1.917
1.646,2.208
1.691,1.6
1.642,1.623
1.497,3.383
1.601,1.552
1.483,2.428
1.442,1.371
1.449,0.616
1.568,0.983
1.553,1.803
1.499,3.588
1.347,2.045
1.303,3.51
1.323,1.794
1.314,2.204
1.154,1.694
1.253,3.433
1.128,3.235
0.975,2.03
0.781,2.379
0.53,-0.239
0.463,1.445
0.561,0.573
0.477,1.205
0.402,3.026
0.215,1.034
0.225,1.454
0.171,-0.329
-0.091,1.353
-0.134,3.578
-0.271,0.317
-0.34,-0.396
-0.441,2.829
-0.893,-0.031
-0.774,3.297
-0.87,3.586
-0.983,1.528
-1.03,1.226
-1.059,2.17
-1.346,1.199
-1.303,3.502
-1.473,2.533
-1.677,0.717
-1.724,2.907
-1.817,-0.145
-1.831,3.274
-1.968,2.473
-1.841,2.931
-1.885,2.046
-1.931,1.253
-1.909,2.975
-2.177,3.494
-2.114,3.431
-2.116,2.248
-2.186,1.913
-2.219,1.781
-2.322,1.276
-2.373,0.767
-2.294,0.74
-2.307,0.185
-2.546,3.078
-2.668,-0.013
-2.897,0.557
-2.844,0.115
-2.894,3.305
-3.073,-0.188
-3.105,0.472
-3.024,3.256
2.9,-0.319
2.502,-0.039
2.49,2.89
2.483,1.28
2.339,1.382
2.336,-0.681
1.745,-0.601
1.496,-0.665
1.422,-0.738
1.019,-0.622
0.526,-0.56
-1.025,-0.593
-2.085,-0.832
-2.156,-0.726
-2.046,-0.85
-2.592,-0.781
-2.51,-0.448
-2.606,-0.488
-2.819,-0.757
2.894,-0.628
2.618,-0.894
1.979,3.793
1.981,3.862
1.755,3.842
0.547,3.86
-0.306,3.84
-0.76,3.856
-1.011,3.846
-1.567,3.668
-1.597,3.731
-1.698,3.812
-2.767,3.846
-2.959,3.779
1.337,3.113
1.029,1.192
0.76,1.211
0.113,1.183
-1.451,2.558
-1.574,1.322
-1.763,0.598
-2.139,1.355
-2.098,1.501
-2.184,1.245
2.608,-0.36
1.752,2.54
1.382,0.062
-0.22,1.104
-1.649,1.977
-1.836,3.112
-2.336,0.287
-2.631,1.971
1.041,2.269
0.765,0.903
-2.128,2.339
-2.331,-0.043
-2.429,2.382
-3.071,0.816
1.195,-0.285
-1.993,3.338
-1.92,-0.14
-0.31,-0.892
-0.06,-2.477
0.012,0.001
-0.079,-0.816
-0.117,-1.612
-0.076,-0.018
-0.159,-0.991
-0.203,0.039
-0.23,-2.569
-0.305,-3.541
-0.466,-3.26
-0.532,-3.461
-0.533,-1.194
-0.601,-2.339
-0.543,-1.673
-0.578,-0.861
-0.692,-1.537
-0.637,-1.599
-0.699,-2.345
-0.736,0.27
-0.804,-1.418
-0.804,-3.198
-0.762,-0.297
-0.848,0.119
-0.809,-1.353
-0.842,-0.697
-1.026,-1.799
-0.97,-1.576
-1.024,-0.35
-0.967,-0.423
-1.031,-0.758
-1.135,-0.839
-1.106,-2.266
-1.181,-2.164
-1.193,-0.878
-1.169,-2.1
-1.225,-0.041
-1.318,-1.226
-1.354,-2.243
-1.454,-0.509
-1.423,-2.405
-1.576,-0.26
-1.676,-1.889
-1.663,-0.428
-1.645,-0.687
-1.693,-0.94
-1.737,-0.388
-1.734,-2.312
-1.715,-0.963
-1.745,-2.753
-1.76,-1.914
-1.785,-0.073
-1.791,-2.615
-1.826,-1.007
-1.903,-3.447
-1.838,-2.116
-1.853,-3.521
-1.943,-2.45
-1.869,-3.354
-1.896,-2.582
-1.965,-1.479
-1.953,-2.617
-2.053,0.091
-1.988,-0.39
-2.095,-2.396
-2.045,-2.895
-2.069,-1.914
-2.141,-2.677
-2.116,-3.706
-2.212,-1.419
-2.203,-2.873
-2.254,-1.872
-2.287,-3.037
-2.332,-2.025
-2.407,-0.361
-2.408,-2.053
-2.384,-1.808
-2.468,-1.27
-2.406,-1.817
-2.567,-0.322
-2.509,-0.623
-2.643,-0.899
-2.594,-3.136
-2.571,-3.07
-2.631,-3.483
-2.734,0.282
-2.746,-0.846
-2.675,0.296
-2.858,-2.695
-2.795,-0.339
-2.879,-2.665
-2.969,0.057
-3.007,-3.543
-3.107,-1.787
-3.047,-3.084
3.132,-3.432
2.947,-3.675
2.792,-1.506
2.804,-0.591
2.65,-1.406
2.599,-0.443
2.586,-0.789
2.581,-1.29
2.55,-0.097
2.445,-2.946
2.393,-2.015
2.421,-1.872
2.271,-3.917
2.058,-3.849
2.088,-3.683
1.273,-3.745
0.789,-3.857
0.678,-3.961
0.01,-3.858
0.037,-4.032
-0.065,-3.951
-0.657,-3.832
-1.189,-4.22
-2.029,-4.253
-2.266,-4.064
-2.415,-3.966
-2.771,-3.826
-3.099,-3.907
2.829,-3.826
1.986,0.446
1.779,0.537
1.434,0.487
1.072,0.423
0.975,0.22
1.031,0.512
-0.873,0.437
-1.548,0.545
-1.645,0.584
-1.954,0.366
-2.478,0.291
2.402,0.413
0.796,-1.19
0.205,-3.481
-1.02,-1.506
-1.216,-1.429
-1.576,-1.54
-1.931,-0.66
-2.474,-2.816
0.827,0.347
2.297,0.199
2.313,-0.134
2.337,-2.63
2.201,-3.321
1.807,-2.843
1.901,-1.559
1.781,0.146
1.801,-0.116
1.901,-2.264
1.903,-1.392
1.737,-1.101
1.782,-1.709
1.733,-1.686
1.588,0.074
1.692,-1.757
1.574,-0.881
1.533,-1.938
1.54,-2.693
1.659,-2.326
1.644,-1.506
1.59,0.279
1.438,-1.264
1.394,0.201
1.414,-1.515
1.405,-1.105
1.245,-1.615
1.344,0.124
1.219,-0.074
1.066,-1.279
0.872,-0.93
0.621,-3.548
0.554,-1.864
0.652,-2.736
0.568,-2.104
0.493,-0.283
0.306,-2.275
0.316,-1.855
0.262,-3.638
0.0,-1.956
-0.043,0.269
-0.18,-2.992
-0.249,-3.705
-0.35,-0.48
-0.802,-3.34
-0.683,-0.012
-0.779,0.277
-0.892,-1.781
-0.939,-2.083
-0.968,-1.139
-1.255,-2.11
-1.212,0.193
-1.382,-0.776
-1.586,-2.592
-1.633,-0.402
-1.726,-3.454
-1.74,-0.035
-1.877,-0.836
-1.75,-0.378
-1.794,-1.263
-1.84,-2.056
-1.818,-0.334
-2.086,0.185
-2.023,0.122
-2.025,-1.061
-2.095,-1.396
-2.128,-1.528
-2.231,-2.033
-2.282,-2.542
-2.203,-2.569
-2.216,-3.124
-2.455,-0.231
-2.577,-3.322
-2.806,-2.752
-2.753,-3.194
-2.803,-0.004
-2.982,-3.497
-3.014,-2.837
-2.933,-0.053
2.991,-3.628
2.593,-3.348
2.581,-0.419
2.574,-2.029
2.43,-1.927
2.427,-3.99
1.836,-3.91
1.587,-3.974
1.513,-4.047
1.11,-3.931
0.617,-3.869
-0.934,-3.902
-1.994,-4.141
-2.065,-4.035
-1.955,-4.159
-2.501,-4.09
-2.419,-3.757
-2.515,-3.797
-2.728,-4.066
2.985,-3.937
2.709,-4.203
2.07,0.484
2.072,0.553
1.846,0.533
0.638,0.551
-0.215,0.531
-0.669,0.547
-0.92,0.537
-1.476,0.359
-1.506,0.422
-1.607,0.503
-2.676,0.537
-2.868,0.47
1.428,-0.196
1.12,-2.117
0.851,-2.098
0.204,-2.126
-1.36,-0.751
-1.483,-1.987
-1.672,-2.711
-2.048,-1.954
-2.007,-1.808
-2.093,-2.064
2.699,-3.669
1.843,-0.769
1.473,-3.247
-0.129,-2.205
-1.558,-1.332
-1.745,-0.197
-2.245,-3.022
-2.54,-1.338
1.132,-1.04
0.856,-2.406
-2.037,-0.97
-2.24,-3.352
-2.338,-0.927
-2.98,-2.493
1.286,-3.594
-1.902,0.029
-1.829,-3.449
-0.219,-4.201
0.072,2.478
-0.019,1.661
-0.057,0.865
-0.016,2.459
-0.099,1.486
-0.143,2.516
-0.17,-0.092
-0.245,-1.064
-0.406,-0.783
-0.472,-0.984
-0.473,1.283
-0.541,0.138
-0.483,0.804
-0.518,1.616
-0.632,0.94
-0.577,0.878
-0.639,0.132
-0.676,2.747
-0.744,1.059
-0.744,-0.721
-0.702,2.18
-0.788,2.596
-0.749,1.124
-0.782,1.78
-0.966,0.678
-0.91,0.901
-0.964,2.127
-0.907,2.054
-0.971,1.719
-1.075,1.638
-1.046,0.211
-1.121,0.313
-1.133,1.599
-1.109,0.377
-1.165,2.436
-1.258,1.251
-1.294,0.234
-1.394,1.968
-1.363,0.072
-1.516,2.217
-1.616,0.588
-1.603,2.049
-1.585,1.79
-1.633,1.537
-1.677,2.089
-1.674,0.165
-1.655,1.514
-1.685,-0.276
-1.7,0.563
-1.725,2.404
-1.731,-0.138
-1.766,1.47
-1.843,-0.97
-1.778,0.361
-1.793,-1.044
-1.883,0.027
-1.809,-0.877
-1.836,-0.105
-1.905,0.998
-1.893,-0.14
-1.993,2.568
-1.928,2.087
-2.035,0.081
-1.985,-0.418
-2.009,0.563
-2.081,-0.2
-2.056,-1.229
-2.152,1.058
-2.143,-0.396
-2.194,0.605
-2.227,-0.56
-2.272,0.452
-2.347,2.116
-2.348,0.424
-2.324,0.669
-2.408,1.207
-2.346,0.66
-2.507,2.155
-2.449,1.854
-2.583,1.578
-2.534,-0.659
-2.511,-0.593
-2.571,-1.006
-2.674,2.759
-2.686,1.631
-2.615,2.773
-2.798,-0.218
-2.735,2.138
-2.819,-0.188
-2.909,2.534
-2.947,-1.066
-3.047,0.69
-2.987,-0.607
-3.091,-0.955
3.007,-1.198
2.852,0.971
2.864,1.886
2.71,1.071
2.659,2.034
2.646,1.688
2.641,1.187
2.61,2.38
2.505,-0.469
2.453,0.462
2.481,0.605
2.331,-1.44
2.118,-1.372
2.148,-1.206
1.333,-1.268
0.849,-1.38
0.738,-1.484
0.07,-1.381
0.097,-1.555
-0.005,-1.474
-0.597,-1.355
-1.129,-1.743
-1.969,-1.776
-2.206,-1.587
-2.355,-1.489
-2.711,-1.349
-3.039,-1.43
2.889,-1.349
2.046,2.923
1.839,3.014
1.494,2.964
1.132,2.9
1.035,2.697
1.091,2.989
-0.813,2.914
-1.488,3.022
-1.585,3.061
-1.894,2.843
-2.418,2.768
2.462,2.89
0.856,1.287
0.265,-1.004
-0.96,0.971
-1.156,1.048
-1.516,0.937
-1.871,1.817
-2.414,-0.339
0.887,2.824
2.357,2.676
2.373,2.343
2.397,-0.153
2.261,-0.844
1.867,-0.366
1.961,0.918
1.841,2.623
1.861,2.361
1.961,0.213
1.963,1.085
1.797,1.376
1.842,0.768
1.793,0.791
1.648,2.551
1.752,0.72
1.634,1.596
1.593,0.539
1.6,-0.216
1.719,0.151
1.704,0.971
1.65,2.756
1.498,1.213
1.454,2.678
1.474,0.962
1.465,1.372
1.305,0.862
1.404,2.601
1.279,2.403
1.126,1.198
0.932,1.547
0.681,-1.071
0.614,0.613
0.712,-0.259
0.628,0.373
0.553,2.194
0.366,0.202
0.376,0.622
0.322,-1.161
0.06,0.521
0.017,2.746
-0.12,-0.515
-0.189,-1.228
-0.29,1.997
-0.742,-0.863
-0.623,2.465
-0.719,2.754
-0.832,0.696
-0.879,0.394
-0.908,1.338
-1.195,0.367
-1.152,2.67
-1.322,1.701
-1.526,-0.115
-1.573,2.075
-1.666,-0.977
-1.68,2.442
-1.817,1.641
-1.69,2.099
-1.734,1.214
-1.78,0.421
-1.758,2.143
-2.026,2.662
-1.963,2.599
-1.965,1.416
-2.035,1.081
-2.068,0.949
-2.171,0.444
-2.222,-0.065
-2.143,-0.092
-2.156,-0.647
-2.395,2.246
-2.517,-0.845
-2.746,-0.275
-2.693,-0.717
-2.743,2.473
-2.922,-1.02
-2.954,-0.36
-2.873,2.424
3.051,-1.151
2.653,-0.871
2.641,2.058
2.634,0.448
2.49,0.55
2.487,-1.513
1.896,-1.433
1.647,-1.497
1.573,-1.57
1.17,-1.454
0.677,-1.392
-0.874,-1.425
-1.934,-1.664
-2.005,-1.558
-1.895,-1.682
-2.441,-1.613
-2.359,-1.28
-2.455,-1.32
-2.668,-1.589
3.045,-1.46
2.769,-1.726
2.13,2.961
2.132,3.03
1.906,3.01
0.698,3.028
-0.155,3.008
-0.609,3.024
-0.86,3.014
-1.416,2.836
-1.446,2.899
-1.547,2.98
-2.616,3.014
-2.808,2.947
1.488,2.281
1.18,0.36
0.911,0.379
0.264,0.351
-1.3,1.726
-1.423,0.49
-1.612,-0.234
-1.988,0.523
-1.947,0.669
-2.033,0.413
2.759,-1.192
1.903,1.708
1.533,-0.77
-0.069,0.272
-1.498,1.145
-1.685,2.28
-2.185,-0.545
-2.48,1.139
1.192,1.437
0.916,0.071
-1.977,1.507
-2.18,-0.875
-2.278,1.55
-2.92,-0.016
1.346,-1.117
-1.842,2.506
-1.769,-0.972
-0.159,-1.724
-0.091,-0.817
-0.129,-1.613
-0.088,-0.019
-0.171,-0.992
-0.215,0.038
-0.242,-2.57
-0.317,-3.542
-0.478,-3.261
-0.544,-3.462
-0.545,-1.195
-0.613,-2.34
-0.555,-1.674
-0.59,-0.862
-0.704,-1.538
-0.649,-1.6
-0.711,-2.346
-0.748,0.269
-0.816,-1.419
-0.816,-3.199
-0.774,-0.298
-0.86,0.118
-0.821,-1.354
-0.854,-0.698
-1.038,-1.8
-0.982,-1.577
-1.036,-0.351
-0.979,-0.424
-1.043,-0.759
-1.147,-0.84
-1.118,-2.267
-1.193,-2.165
-1.205,-0.879
-1.181,-2.101
-1.237,-0.042
-1.33,-1.227
-1.366,-2.244
-1.466,-0.51
-1.435,-2.406
-1.588,-0.261
-1.688,-1.89
-1.675,-0.429
-1.657,-0.688
-1.705,-0.941
-1.749,-0.389
-1.746,-2.313
-1.727,-0.964
-1.757,-2.754
-1.772,-1.915
-1.797,-0.074
-1.803,-2.616
-1.838,-1.008
-1.915,-3.448
-1.85,-2.117
-1.865,-3.522
-1.955,-2.451
-1.881,-3.355
-1.908,-2.583
-1.977,-1.48
-1.965,-2.618
-2.065,0.09
-2.0,-0.391
-2.107,-2.397
-2.057,-2.896
-2.081,-1.915
-2.153,-2.678
-2.128,-3.707
-2.224,-1.42
-2.215,-2.874
-2.266,-1.873
-2.299,-3.038
-2.344,-2.026
-2.419,-0.362
-2.42,-2.054
-2.396,-1.809
-2.48,-1.271
-2.418,-1.818
-2.579,-0.323
-2.521,-0.624
-2.655,-0.9
-2.606,-3.137
-2.583,-3.071
-2.643,-3.484
-2.746,0.281
-2.758,-0.847
-2.687,0.295
-2.87,-2.696
-2.807,-0.34
-2.891,-2.666
-2.981,0.056
-3.019,-3.544
-3.119,-1.788
-3.059,-3.085
3.12,-3.433
2.935,-3.676
2.78,-1.507
2.792,-0.592
2.638,-1.407
2.587,-0.444
2.574,-0.79
2.569,-1.291
2.538,-0.098
2.433,-2.947
2.381,-2.016
2.409,-1.873
2.259,-3.918
2.046,-3.85
2.076,-3.684
1.261,-3.746
0.777,-3.858
0.666,-3.962
-0.002,-3.859
0.025,-4.033
-0.077,-3.952
-0.669,-3.833
-1.201,-4.221
-2.041,-4.254
-2.278,-4.065
-2.427,-3.967
-2.783,-3.827
-3.111,-3.908
2.817,-3.827
1.974,0.445
1.767,0.536
1.422,0.486
1.06,0.422
0.963,0.219
1.019,0.511
-0.885,0.436
-1.56,0.544
-1.657,0.583
-1.966,0.365
-2.49,0.29
2.39,0.412
0.784,-1.191
0.193,-3.482
-1.032,-1.507
-1.228,-1.43
-1.588,-1.541
-1.943,-0.661
-2.486,-2.817
0.815,0.346
2.285,0.198
2.301,-0.135
2.325,-2.631
2.189,-3.322
1.795,-2.844
1.889,-1.56
1.769,0.145
1.789,-0.117
1.889,-2.265
1.891,-1.393
1.725,-1.102
1.77,-1.71
1.721,-1.687
1.576,0.073
1.68,-1.758
1.562,-0.882
1.521,-1.939
1.528,-2.694
1.647,-2.327
1.632,-1.507
1.578,0.278
1.426,-1.265
1.382,0.2
1.402,-1.516
1.393,-1.106
1.233,-1.616
1.332,0.123
1.207,-0.075
1.054,-1.28
0.86,-0.931
0.609,-3.549
0.542,-1.865
0.64,-2.737
0.556,-2.105
0.481,-0.284
0.294,-2.276
0.304,-1.856
0.25,-3.639
-0.012,-1.957
-0.055,0.268
-0.192,-2.993
-0.261,-3.706
-0.362,-0.481
-0.814,-3.341
-0.695,-0.013
-0.791,0.276
-0.904,-1.782
-0.951,-2.084
-0.98,-1.14
-1.267,-2.111
-1.224,0.192
-1.394,-0.777
-1.598,-2.593
-1.645,-0.403
-1.738,-3.455
-1.752,-0.036
-1.889,-0.837
-1.762,-0.379
-1.806,-1.264
-1.852,-2.057
-1.83,-0.335
-2.098,0.184
-2.035,0.121
-2.037,-1.062
-2.107,-1.397
-2.14,-1.529
-2.243,-2.034
-2.294,-2.543
-2.215,-2.57
-2.228,-3.125
-2.467,-0.232
-2.589,-3.323
-2.818,-2.753
-2.765,-3.195
-2.815,-0.005
-2.994,-3.498
-3.026,-2.838
-2.945,-0.054
2.979,-3.629
2.581,-3.349
2.569,-0.42
2.562,-2.03
2.418,-1.928
2.415,-3.991
1.824,-3.911
1.575,-3.975
1.501,-4.048
1.098,-3.932
0.605,-3.87
-0.946,-3.903
-2.006,-4.142
-2.077,-4.036
-1.967,-4.16
-2.513,-4.091
-2.431,-3.758
-2.527,-3.798
-2.74,-4.067
2.973,-3.938
2.697,-4.204
2.058,0.483
2.06,0.552
1.834,0.532
0.626,0.55
-0.227,0.53
-0.681,0.546
-0.932,0.536
-1.488,0.358
-1.518,0.421
-1.619,0.502
-2.688,0.536
-2.88,0.469
1.416,-0.197
1.108,-2.118
0.839,-2.099
0.192,-2.127
-1.372,-0.752
-1.495,-1.988
-1.684,-2.712
-2.06,-1.955
-2.019,-1.809
-2.105,-2.065
2.687,-3.67
1.831,-0.77
1.461,-3.248
-0.141,-2.206
-1.57,-1.333
-1.757,-0.198
-2.257,-3.023
-2.552,-1.339
1.12,-1.041
0.844,-2.407
-2.049,-0.971
-2.252,-3.353
-2.35,-0.928
-2.992,-2.494
1.274,-3.595
-1.914,0.028
-1.841,-3.45
-0.231,-4.202
-0.038,-0.796
0.003,0.798
-0.08,-0.175
-0.124,0.855
-0.151,-1.753
-0.226,-2.725
-0.387,-2.444
-0.453,-2.645
-0.454,-0.378
-0.522,-1.523
-0.464,-0.857
-0.499,-0.045
-0.613,-0.721
-0.558,-0.783
-0.62,-1.529
-0.657,1.086
-0.725,-0.602
-0.725,-2.382
-0.683,0.519
-0.769,0.935
-0.73,-0.537
-0.763,0.119
-0.947,-0.983
-0.891,-0.76
-0.945,0.466
-0.888,0.393
-0.952,0.058
-1.056,-0.023
-1.027,-1.45
-1.102,-1.348
-1.114,-0.062
-1.09,-1.284
-1.146,0.775
-1.239,-0.41
-1.275,-1.427
-1.375,0.307
-1.344,-1.589
-1.497,0.556
-1.597,-1.073
-1.584,0.388
-1.566,0.129
-1.614,-0.124
-1.658,0.428
-1.655,-1.496
-1.636,-0.147
-1.666,-1.937
-1.681,-1.098
-1.706,0.743
-1.712,-1.799
-1.747,-0.191
-1.824,-2.631
-1.759,-1.3
-1.774,-2.705
-1.864,-1.634
-1.79,-2.538
-1.817,-1.766
-1.886,-0.663
-1.874,-1.801
-1.974,0.907
-1.909,0.426
-2.016,-1.58
-1.966,-2.079
-1.99,-1.098
-2.062,-1.861
-2.037,-2.89
-2.133,-0.603
-2.124,-2.057
-2.175,-1.056
-2.208,-2.221
-2.253,-1.209
-2.328,0.455
-2.329,-1.237
-2.305,-0.992
-2.389,-0.454
-2.327,-1.001
-2.488,0.494
-2.43,0.193
-2.564,-0.083
-2.515,-2.32
-2.492,-2.254
-2.552,-2.667
-2.655,1.098
-2.667,-0.03
-2.596,1.112
-2.779,-1.879
-2.716,0.477
-2.8,-1.849
-2.89,0.873
-2.928,-2.727
-3.028,-0.971
-2.968,-2.268
-3.072,-2.616
3.026,-2.859
2.871,-0.69
2.883,0.225
2.729,-0.59
2.678,0.373
2.665,0.027
2.66,-0.474
2.629,0.719
2.524,-2.13
2.472,-1.199
2.5,-1.056
2.35,-3.101
2.137,-3.033
2.167,-2.867
1.352,-2.929
0.868,-3.041
0.757,-3.145
0.089,-3.042
0.116,-3.216
0.014,-3.135
-0.578,-3.016
-1.11,-3.404
-1.95,-3.437
-2.187,-3.248
-2.336,-3.15
-2.692,-3.01
-3.02,-3.091
2.908,-3.01
2.065,1.262
1.858,1.353
1.513,1.303
1.151,1.239
1.054,1.036
1.11,1.328
-0.794,1.253
-1.469,1.361
-1.566,1.4
-1.875,1.182
-2.399,1.107
2.481,1.229
0.875,-0.374
0.284,-2.665
-0.941,-0.69
-1.137,-0.613
-1.497,-0.724
-1.852,0.156
-2.395,-2.0
0.906,1.163
2.376,1.015
2.392,0.682
2.416,-1.814
2.28,-2.505
1.886,-2.027
1.98,-0.743
1.86,0.962
1.88,0.7
1.98,-1.448
1.982,-0.576
1.816,-0.285
1.861,-0.893
1.812,-0.87
1.667,0.89
1.771,-0.941
1.653,-0.065
1.612,-1.122
1.619,-1.877
1.738,-1.51
1.723,-0.69
1.669,1.095
1.517,-0.448
1.473,1.017
1.493,-0.699
1.484,-0.289
1.324,-0.799
1.423,0.94
1.298,0.742
1.145,-0.463
0.951,-0.114
0.7,-2.732
0.633,-1.048
0.731,-1.92
0.647,-1.288
0.572,0.533
0.385,-1.459
0.395,-1.039
0.341,-2.822
0.079,-1.14
0.036,1.085
-0.101,-2.176
-0.17,-2.889
-0.271,0.336
-0.723,-2.524
-0.604,0.804
-0.7,1.093
-0.813,-0.965
-0.86,-1.267
-0.889,-0.323
-1.176,-1.294
-1.133,1.009
-1.303,0.04
-1.507,-1.776
-1.554,0.414
-1.647,-2.638
-1.661,0.781
-1.798,-0.02
-1.671,0.438
-1.715,-0.447
-1.761,-1.24
-1.739,0.482
-2.007,1.001
-1.944,0.938
-1.946,-0.245
-2.016,-0.58
-2.049,-0.712
-2.152,-1.217
-2.203,-1.726
-2.124,-1.753
-2.137,-2.308
-2.376,0.585
-2.498,-2.506
-2.727,-1.936
-2.674,-2.378
-2.724,0.812
-2.903,-2.681
-2.935,-2.021
-2.854,0.763
3.07,-2.812
2.672,-2.532
2.66,0.397
2.653,-1.213
2.509,-1.111
2.506,-3.174
1.915,-3.094
1.666,-3.158
1.592,-3.231
1.189,-3.115
0.696,-3.053
-0.855,-3.086
-1.915,-3.325
-1.986,-3.219
-1.876,-3.343
-2.422,-3.274
-2.34,-2.941
-2.436,-2.981
-2.649,-3.25
3.064,-3.121
2.788,-3.387
2.149,1.3
2.151,1.369
1.925,1.349
0.717,1.367
-0.136,1.347
-0.59,1.363
-0.841,1.353
-1.397,1.175
-1.427,1.238
-1.528,1.319
-2.597,1.353
-2.789,1.286
1.507,0.62
1.199,-1.301
0.93,-1.282
0.283,-1.31
-1.281,0.065
-1.404,-1.171
-1.593,-1.895
-1.969,-1.138
-1.928,-0.992
-2.014,-1.248
2.778,-2.853
1.922,0.047
1.552,-2.431
-0.05,-1.389
-1.479,-0.516
-1.666,0.619
-2.166,-2.206
-2.461,-0.522
1.211,-0.224
0.935,-1.59
-1.958,-0.154
-2.161,-2.536
-2.259,-0.111
-2.901,-1.677
1.365,-2.778
-1.823,0.845
-1.75,-2.633
-0.14,-3.385
0.041,1.594
-0.042,0.621
-0.086,1.651
-0.113,-0.957
-0.188,-1.929
-0.349,-1.648
-0.415,-1.849
-0.416,0.418
-0.484,-0.727
-0.426,-0.061
-0.461,0.751
-0.575,0.075
-0.52,0.013
-0.582,-0.733
-0.619,1.882
-0.687,0.194
-0.687,-1.586
-0.645,1.315
-0.731,1.731
-0.692,0.259
-0.725,0.915
-0.909,-0.187
-0.853,0.036
-0.907,1.262
-0.85,1.189
-0.914,0.854
-1.018,0.773
-0.989,-0.654
-1.064,-0.552
-1.076,0.734
-1.052,-0.488
-1.108,1.571
-1.201,0.386
-1.237,-0.631
-1.337,1.103
-1.306,-0.793
-1.459,1.352
-1.559,-0.277
-1.546,1.184
-1.528,0.925
-1.576,0.672
-1.62,1.224
-1.617,-0.7
-1.598,0.649
-1.628,-1.141
-1.643,-0.302
-1.668,1.539
-1.674,-1.003
-1.709,0.605
-1.786,-1.835
-1.721,-0.504
-1.736,-1.909
-1.826,-0.838
-1.752,-1.742
-1.779,-0.97
-1.848,0.133
-1.836,-1.005
-1.936,1.703
-1.871,1.222
-1.978,-0.784
-1.928,-1.283
-1.952,-0.302
-2.024,-1.065
-1.999,-2.094
-2.095,0.193
-2.086,-1.261
-2.137,-0.26
-2.17,-1.425
-2.215,-0.413
-2.29,1.251
-2.291,-0.441
-2.267,-0.196
-2.351,0.342
-2.289,-0.205
-2.45,1.29
-2.392,0.989
-2.526,0.713
-2.477,-1.524
-2.454,-1.458
-2.514,-1.871
-2.617,1.894
-2.629,0.766
-2.558,1.908
-2.741,-1.083
-2.678,1.273
-2.762,-1.053
-2.852,1.669
-2.89,-1.931
-2.99,-0.175
-2.93,-1.472
-3.034,-1.82
3.064,-2.063
2.909,0.106
2.921,1.021
2.767,0.206
2.716,1.169
2.703,0.823
2.698,0.322
2.667,1.515
2.562,-1.334
2.51,-0.403
2.538,-0.26
2.388,-2.305
2.175,-2.237
2.205,-2.071
1.39,-2.133
0.906,-2.245
0.795,-2.349
0.127,-2.246
0.154,-2.42
0.052,-2.339
-0.54,-2.22
-1.072,-2.608
-1.912,-2.641
-2.149,-2.452
-2.298,-2.354
-2.654,-2.214
-2.982,-2.295
2.946,-2.214
2.103,2.058
1.896,2.149
1.551,2.099
1.189,2.035
1.092,1.832
1.148,2.124
-0.756,2.049
-1.431,2.157
-1.528,2.196
-1.837,1.978
-2.361,1.903
2.519,2.025
0.913,0.422
0.322,-1.869
-0.903,0.106
-1.099,0.183
-1.459,0.072
-1.814,0.952
-2.357,-1.204
0.944,1.959
2.414,1.811
2.43,1.478
2.454,-1.018
2.318,-1.709
1.924,-1.231
2.018,0.053
1.898,1.758
1.918,1.496
2.018,-0.652
2.02,0.22
1.854,0.511
1.899,-0.097
1.85,-0.074
1.705,1.686
1.809,-0.145
1.691,0.731
1.65,-0.326
1.657,-1.081
1.776,-0.714
1.761,0.106
1.707,1.891
1.555,0.348
1.511,1.813
1.531,0.097
1.522,0.507
1.362,-0.003
1.461,1.736
1.336,1.538
1.183,0.333
0.989,0.682
0.738,-1.936
0.671,-0.252
0.769,-1.124
0.685,-0.492
0.61,1.329
0.423,-0.663
0.433,-0.243
0.379,-2.026
0.117,-0.344
0.074,1.881
-0.063,-1.38
-0.132,-2.093
-0.233,1.132
-0.685,-1.728
-0.566,1.6
-0.662,1.889
-0.775,-0.169
-0.822,-0.471
-0.851,0.473
-1.138,-0.498
-1.095,1.805
-1.265,0.836
-1.469,-0.98
-1.516,1.21
-1.609,-1.842
-1.623,1.577
-1.76,0.776
-1.633,1.234
-1.677,0.349
-1.723,-0.444
-1.701,1.278
-1.969,1.797
-1.906,1.734
-1.908,0.551
-1.978,0.216
-2.011,0.084
-2.114,-0.421
-2.165,-0.93
-2.086,-0.957
-2.099,-1.512
-2.338,1.381
-2.46,-1.71
-2.689,-1.14
-2.636,-1.582
-2.686,1.608
-2.865,-1.885
-2.897,-1.225
-2.816,1.559
3.108,-2.016
2.71,-1.736
2.698,1.193
2.691,-0.417
2.547,-0.315
2.544,-2.378
1.953,-2.298
1.704,-2.362
1.63,-2.435
1.227,-2.319
0.734,-2.257
-0.817,-2.29
-1.877,-2.529
-1.948,-2.423
-1.838,-2.547
-2.384,-2.478
-2.302,-2.145
-2.398,-2.185
-2.611,-2.454
3.102,-2.325
2.826,-2.591
2.187,2.096
2.189,2.165
1.963,2.145
0.755,2.163
-0.098,2.143
-0.552,2.159
-0.803,2.149
-1.359,1.971
-1.389,2.034
-1.49,2.115
-2.559,2.149
-2.751,2.082
1.545,1.416
1.237,-0.505
0.968,-0.486
0.321,-0.514
-1.243,0.861
-1.366,-0.375
-1.555,-1.099
-1.931,-0.342
-1.89,-0.196
-1.976,-0.452
2.816,-2.057
1.96,0.843
1.59,-1.635
-0.012,-0.593
-1.441,0.28
-1.628,1.415
-2.128,-1.41
-2.423,0.274
1.249,0.572
0.973,-0.794
-1.92,0.642
-2.123,-1.74
-2.221,0.685
-2.863,-0.881
1.403,-1.982
-1.785,1.641
-1.712,-1.837
-0.102,-2.589
-0.083,-0.973
-0.127,0.057
-0.154,-2.551
-0.229,-3.523
-0.39,-3.242
-0.456,-3.443
-0.457,-1.176
-0.525,-2.321
-0.467,-1.655
-0.502,-0.843
-0.616,-1.519
-0.561,-1.581
-0.623,-2.327
-0.66,0.288
-0.728,-1.4
-0.728,-3.18
-0.686,-0.279
-0.772,0.137
-0.733,-1.335
-0.766,-0.679
-0.95,-1.781
-0.894,-1.558
-0.948,-0.332
-0.891,-0.405
-0.955,-0.74
-1.059,-0.821
-1.03,-2.248
-1.105,-2.146
-1.117,-0.86
-1.093,-2.082
-1.149,-0.023
-1.242,-1.208
-1.278,-2.225
-1.378,-0.491
-1.347,-2.387
-1.5,-0.242
-1.6,-1.871
-1.587,-0.41
-1.569,-0.669
-1.617,-0.922
-1.661,-0.37
-1.658,-2.294
-1.639,-0.945
-1.669,-2.735
-1.684,-1.896
-1.709,-0.055
-1.715,-2.597
-1.75,-0.989
-1.827,-3.429
-1.762,-2.098
-1.777,-3.503
-1.867,-2.432
-1.793,-3.336
-1.82,-2.564
-1.889,-1.461
-1.877,-2.599
-1.977,0.109
-1.912,-0.372
-2.019,-2.378
-1.969,-2.877
-1.993,-1.896
-2.065,-2.659
-2.04,-3.688
-2.136,-1.401
-2.127,-2.855
-2.178,-1.854
-2.211,-3.019
-2.256,-2.007
-2.331,-0.343
-2.332,-2.035
-2.308,-1.79
-2.392,-1.252
-2.33,-1.799
-2.491,-0.304
-2.433,-0.605
-2.567,-0.881
-2.518,-3.118
-2.495,-3.052
-2.555,-3.465
-2.658,0.3
-2.67,-0.828
-2.599,0.314
-2.782,-2.677
-2.719,-0.321
-2.803,-2.647
-2.893,0.075
-2.931,-3.525
-3.031,-1.769
-2.971,-3.066
-3.075,-3.414
3.023,-3.657
2.868,-1.488
2.88,-0.573
2.726,-1.388
2.675,-0.425
2.662,-0.771
2.657,-1.272
2.626,-0.079
2.521,-2.928
2.469,-1.997
2.497,-1.854
2.347,-3.899
2.134,-3.831
2.164,-3.665
1.349,-3.727
0.865,-3.839
0.754,-3.943
0.086,-3.84
0.113,-4.014
0.011,-3.933
-0.581,-3.814
-1.113,-4.202
-1.953,-4.235
-2.19,-4.046
-2.339,-3.948
-2.695,-3.808
-3.023,-3.889
2.905,-3.808
2.062,0.464
1.855,0.555
1.51,0.505
1.148,0.441
1.051,0.238
1.107,0.53
-0.797,0.455
-1.472,0.563
-1.569,0.602
-1.878,0.384
-2.402,0.309
2.478,0.431
0.872,-1.172
0.281,-3.463
-0.944,-1.488
-1.14,-1.411
-1.5,-1.522
-1.855,-0.642
-2.398,-2.798
0.903,0.365
2.373,0.217
2.389,-0.116
2.413,-2.612
2.277,-3.303
1.883,-2.825
1.977,-1.541
1.857,0.164
1.877,-0.098
1.977,-2.246
1.979,-1.374
1.813,-1.083
1.858,-1.691
1.809,-1.668
1.664,0.092
1.768,-1.739
1.65,-0.863
1.609,-1.92
1.616,-2.675
1.735,-2.308
1.72,-1.488
1.666,0.297
1.514,-1.246
1.47,0.219
1.49,-1.497
1.481,-1.087
1.321,-1.597
1.42,0.142
1.295,-0.056
1.142,-1.261
0.948,-0.912
0.697,-3.53
0.63,-1.846
0.728,-2.718
0.644,-2.086
0.569,-0.265
0.382,-2.257
0.392,-1.837
0.338,-3.62
0.076,-1.938
0.033,0.287
-0.104,-2.974
-0.173,-3.687
-0.274,-0.462
-0.726,-3.322
-0.607,0.006
-0.703,0.295
-0.816,-1.763
-0.863,-2.065
-0.892,-1.121
-1.179,-2.092
-1.136,0.211
-1.306,-0.758
-1.51,-2.574
-1.557,-0.384
-1.65,-3.436
-1.664,-0.017
-1.801,-0.818
-1.674,-0.36
-1.718,-1.245
-1.764,-2.038
-1.742,-0.316
-2.01,0.203
-1.947,0.14
-1.949,-1.043
-2.019,-1.378
-2.052,-1.51
-2.155,-2.015
-2.206,-2.524
-2.127,-2.551
-2.14,-3.106
-2.379,-0.213
-2.501,-3.304
-2.73,-2.734
-2.677,-3.176
-2.727,0.014
-2.906,-3.479
-2.938,-2.819
-2.857,-0.035
3.067,-3.61
2.669,-3.33
2.657,-0.401
2.65,-2.011
2.506,-1.909
2.503,-3.972
1.912,-3.892
1.663,-3.956
1.589,-4.029
1.186,-3.913
0.693,-3.851
-0.858,-3.884
-1.918,-4.123
-1.989,-4.017
-1.879,-4.141
-2.425,-4.072
-2.343,-3.739
-2.439,-3.779
-2.652,-4.048
3.061,-3.919
2.785,-4.185
2.146,0.502
2.148,0.571
1.922,0.551
0.714,0.569
-0.139,0.549
-0.593,0.565
-0.844,0.555
-1.4,0.377
-1.43,0.44
-1.531,0.521
-2.6,0.555
-2.792,0.488
1.504,-0.178
1.196,-2.099
0.927,-2.08
0.28,-2.108
-1.284,-0.733
-1.407,-1.969
-1.596,-2.693
-1.972,-1.936
-1.931,-1.79
-2.017,-2.046
2.775,-3.651
1.919,-0.751
1.549,-3.229
-0.053,-2.187
-1.482,-1.314
-1.669,-0.179
-2.169,-3.004
-2.464,-1.32
1.208,-1.022
0.932,-2.388
-1.961,-0.952
-2.164,-3.334
-2.262,-0.909
-2.904,-2.475
1.362,-3.576
-1.826,0.047
-1.753,-3.431
-0.143,-4.183
-0.044,1.03
-0.071,-1.578
-0.146,-2.55
-0.307,-2.269
-0.373,-2.47
-0.374,-0.203
-0.442,-1.348
-0.384,-0.682
-0.419,0.13
-0.533,-0.546
-0.478,-0.608
-0.54,-1.354
-0.577,1.261
-0.645,-0.427
-0.645,-2.207
-0.603,0.694
-0.689,1.11
-0.65,-0.362
-0.683,0.294
-0.867,-0.808
-0.811,-0.585
-0.865,0.641
-0.808,0.568
-0.872,0.233
-0.976,0.152
-0.947,-1.275
-1.022,-1.173
-1.034,0.113
-1.01,-1.109
-1.066,0.95
-1.159,-0.235
-1.195,-1.252
-1.295,0.482
-1.264,-1.414
-1.417,0.731
-1.517,-0.898
-1.504,0.563
-1.486,0.304
-1.534,0.051
-1.578,0.603
-1.575,-1.321
-1.556,0.028
-1.586,-1.762
-1.601,-0.923
-1.626,0.918
-1.632,-1.624
-1.667,-0.016
-1.744,-2.456
-1.679,-1.125
-1.694,-2.53
-1.784,-1.459
-1.71,-2.363
-1.737,-1.591
-1.806,-0.488
-1.794,-1.626
-1.894,1.082
-1.829,0.601
-1.936,-1.405
-1.886,-1.904
-1.91,-0.923
-1.982,-1.686
-1.957,-2.715
-2.053,-0.428
-2.044,-1.882
-2.095,-0.881
-2.128,-2.046
-2.173,-1.034
-2.248,0.63
-2.249,-1.062
-2.225,-0.817
-2.309,-0.279
-2.247,-0.826
-2.408,0.669
-2.35,0.368
-2.484,0.092
-2.435,-2.145
-2.412,-2.079
-2.472,-2.492
-2.575,1.273
-2.587,0.145
-2.516,1.287
-2.699,-1.704
-2.636,0.652
-2.72,-1.674
-2.81,1.048
-2.848,-2.552
-2.948,-0.796
-2.888,-2.093
-2.992,-2.441
3.106,-2.684
2.951,-0.515
2.963,0.4
2.809,-0.415
2.758,0.548
2.745,0.202
2.74,-0.299
2.709,0.894
2.604,-1.955
2.552,-1.024
2.58,-0.881
2.43,-2.926
2.217,-2.858
2.247,-2.692
1.432,-2.754
0.948,-2.866
0.837,-2.97
0.169,-2.867
0.196,-3.041
0.094,-2.96
-0.498,-2.841
-1.03,-3.229
-1.87,-3.262
-2.107,-3.073
-2.256,-2.975
-2.612,-2.835
-2.94,-2.916
2.988,-2.835
2.145,1.437
1.938,1.528
1.593,1.478
1.231,1.414
1.134,1.211
1.19,1.503
-0.714,1.428
-1.389,1.536
-1.486,1.575
-1.795,1.357
-2.319,1.282
2.561,1.404
0.955,-0.199
0.364,-2.49
-0.861,-0.515
-1.057,-0.438
-1.417,-0.549
-1.772,0.331
-2.315,-1.825
0.986,1.338
2.456,1.19
2.472,0.857
2.496,-1.639
2.36,-2.33
1.966,-1.852
2.06,-0.568
1.94,1.137
1.96,0.875
2.06,-1.273
2.062,-0.401
1.896,-0.11
1.941,-0.718
1.892,-0.695
1.747,1.065
1.851,-0.766
1.733,0.11
1.692,-0.947
1.699,-1.702
1.818,-1.335
1.803,-0.515
1.749,1.27
1.597,-0.273
1.553,1.192
1.573,-0.524
1.564,-0.114
1.404,-0.624
1.503,1.115
1.378,0.917
1.225,-0.288
1.031,0.061
0.78,-2.557
0.713,-0.873
0.811,-1.745
0.727,-1.113
0.652,0.708
0.465,-1.284
0.475,-0.864
0.421,-2.647
0.159,-0.965
0.116,1.26
-0.021,-2.001
-0.09,-2.714
-0.191,0.511
-0.643,-2.349
-0.524,0.979
-0.62,1.268
-0.733,-0.79
-0.78,-1.092
-0.809,-0.148
-1.096,-1.119
-1.053,1.184
-1.223,0.215
-1.427,-1.601
-1.474,0.589
-1.567,-2.463
-1.581,0.956
-1.718,0.155
-1.591,0.613
-1.635,-0.272
-1.681,-1.065
-1.659,0.657
-1.927,1.176
-1.864,1.113
-1.866,-0.07
-1.936,-0.405
-1.969,-0.537
-2.072,-1.042
-2.123,-1.551
-2.044,-1.578
-2.057,-2.133
-2.296,0.76
-2.418,-2.331
-2.647,-1.761
-2.594,-2.203
-2.644,0.987
-2.823,-2.506
-2.855,-1.846
-2.774,0.938
-3.133,-2.637
2.752,-2.357
2.74,0.572
2.733,-1.038
2.589,-0.936
2.586,-2.999
1.995,-2.919
1.746,-2.983
1.672,-3.056
1.269,-2.94
0.776,-2.878
-0.775,-2.911
-1.835,-3.15
-1.906,-3.044
-1.796,-3.168
-2.342,-3.099
-2.26,-2.766
-2.356,-2.806
-2.569,-3.075
-3.139,-2.946
2.868,-3.212
2.229,1.475
2.231,1.544
2.005,1.524
0.797,1.542
-0.056,1.522
-0.51,1.538
-0.761,1.528
-1.317,1.35
-1.347,1.413
-1.448,1.494
-2.517,1.528
-2.709,1.461
1.587,0.795
1.279,-1.126
1.01,-1.107
0.363,-1.135
-1.201,0.24
-1.324,-0.996
-1.513,-1.72
-1.889,-0.963
-1.848,-0.817
-1.934,-1.073
2.858,-2.678
2.002,0.222
1.632,-2.256
0.03,-1.214
-1.399,-0.341
-1.586,0.794
-2.086,-2.031
-2.381,-0.347
1.291,-0.049
1.015,-1.415
-1.878,0.021
-2.081,-2.361
-2.179,0.064
-2.821,-1.502
1.445,-2.603
-1.743,1.02
-1.67,-2.458
-0.06,-3.21
-0.027,-2.608
-0.102,-3.58
-0.263,-3.299
-0.329,-3.5
-0.33,-1.233
-0.398,-2.378
-0.34,-1.712
-0.375,-0.9
-0.489,-1.576
-0.434,-1.638
-0.496,-2.384
-0.533,0.231
-0.601,-1.457
-0.601,-3.237
-0.559,-0.336
-0.645,0.08
-0.606,-1.392
-0.639,-0.736
-0.823,-1.838
-0.767,-1.615
-0.821,-0.389
-0.764,-0.462
-0.828,-0.797
-0.932,-0.878
-0.903,-2.305
-0.978,-2.203
-0.99,-0.917
-0.966,-2.139
-1.022,-0.08
-1.115,-1.265
-1.151,-2.282
-1.251,-0.548
-1.22,-2.444
-1.373,-0.299
-1.473,-1.928
-1.46,-0.467
-1.442,-0.726
-1.49,-0.979
-1.534,-0.427
-1.531,-2.351
-1.512,-1.002
-1.542,-2.792
-1.557,-1.953
-1.582,-0.112
-1.588,-2.654
-1.623,-1.046
-1.7,-3.486
-1.635,-2.155
-1.65,-3.56
-1.74,-2.489
-1.666,-3.393
-1.693,-2.621
-1.762,-1.518
-1.75,-2.656
-1.85,0.052
-1.785,-0.429
-1.892,-2.435
-1.842,-2.934
-1.866,-1.953
-1.938,-2.716
-1.913,-3.745
-2.009,-1.458
-2.0,-2.912
-2.051,-1.911
-2.084,-3.076
-2.129,-2.064
-2.204,-0.4
-2.205,-2.092
-2.181,-1.847
-2.265,-1.309
-2.203,-1.856
-2.364,-0.361
-2.306,-0.662
-2.44,-0.938
-2.391,-3.175
-2.368,-3.109
-2.428,-3.522
-2.531,0.243
-2.543,-0.885
-2.472,0.257
-2.655,-2.734
-2.592,-0.378
-2.676,-2.704
-2.766,0.018
-2.804,-3.582
-2.904,-1.826
-2.844,-3.123
-2.948,-3.471
-3.133,-3.714
2.995,-1.545
3.007,-0.63
2.853,-1.445
2.802,-0.482
2.789,-0.828
2.784,-1.329
2.753,-0.136
2.648,-2.985
2.596,-2.054
2.624,-1.911
2.474,-3.956
2.261,-3.888
2.291,-3.722
1.476,-3.784
0.992,-3.896
0.881,-4.0
0.213,-3.897
0.24,-4.071
0.138,-3.99
-0.454,-3.871
-0.986,-4.259
-1.826,-4.292
-2.063,-4.103
-2.212,-4.005
-2.568,-3.865
-2.896,-3.946
3.032,-3.865
2.189,0.407
1.982,0.498
1.637,0.448
1.275,0.384
1.178,0.181
1.234,0.473
-0.67,0.398
-1.345,0.506
-1.442,0.545
-1.751,0.327
-2.275,0.252
2.605,0.374
0.999,-1.229
0.408,-3.52
-0.817,-1.545
-1.013,-1.468
-1.373,-1.579
-1.728,-0.699
-2.271,-2.855
1.03,0.308
2.5,0.16
2.516,-0.173
2.54,-2.669
2.404,-3.36
2.01,-2.882
2.104,-1.598
1.984,0.107
2.004,-0.155
2.104,-2.303
2.106,-1.431
1.94,-1.14
1.985,-1.748
1.936,-1.725
1.791,0.035
1.895,-1.796
1.777,-0.92
1.736,-1.977
1.743,-2.732
1.862,-2.365
1.847,-1.545
1.793,0.24
1.641,-1.303
1.597,0.162
1.617,-1.554
1.608,-1.144
1.448,-1.654
1.547,0.085
1.422,-0.113
1.269,-1.318
1.075,-0.969
0.824,-3.587
0.757,-1.903
0.855,-2.775
0.771,-2.143
0.696,-0.322
0.509,-2.314
0.519,-1.894
0.465,-3.677
0.203,-1.995
0.16,0.23
0.023,-3.031
-0.046,-3.744
-0.147,-0.519
-0.599,-3.379
-0.48,-0.051
-0.576,0.238
-0.689,-1.82
-0.736,-2.122
-0.765,-1.178
-1.052,-2.149
-1.009,0.154
-1.179,-0.815
-1.383,-2.631
-1.43,-0.441
-1.523,-3.493
-1.537,-0.074
-1.674,-0.875
-1.547,-0.417
-1.591,-1.302
-1.637,-2.095
-1.615,-0.373
-1.883,0.146
-1.82,0.083
-1.822,-1.1
-1.892,-1.435
-1.925,-1.567
-2.028,-2.072
-2.079,-2.581
-2.0,-2.608
-2.013,-3.163
-2.252,-0.27
-2.374,-3.361
-2.603,-2.791
-2.55,-3.233
-2.6,-0.043
-2.779,-3.536
-2.811,-2.876
-2.73,-0.092
-3.089,-3.667
2.796,-3.387
2.784,-0.458
2.777,-2.068
2.633,-1.966
2.63,-4.029
2.039,-3.949
1.79,-4.013
1.716,-4.086
1.313,-3.97
0.82,-3.908
-0.731,-3.941
-1.791,-4.18
-1.862,-4.074
-1.752,-4.198
-2.298,-4.129
-2.216,-3.796
-2.312,-3.836
-2.525,-4.105
-3.095,-3.976
2.912,-4.242
2.273,0.445
2.275,0.514
2.049,0.494
0.841,0.512
-0.012,0.492
-0.466,0.508
-0.717,0.498
-1.273,0.32
-1.303,0.383
-1.404,0.464
-2.473,0.498
-2.665,0.431
1.631,-0.235
1.323,-2.156
1.054,-2.137
0.407,-2.165
-1.157,-0.79
-1.28,-2.026
-1.469,-2.75
-1.845,-1.993
-1.804,-1.847
-1.89,-2.103
2.902,-3.708
2.046,-0.808
1.676,-3.286
0.074,-2.244
-1.355,-1.371
-1.542,-0.236
-2.042,-3.061
-2.337,-1.377
1.335,-1.079
1.059,-2.445
-1.834,-1.009
-2.037,-3.391
-2.135,-0.966
-2.777,-2.532
1.489,-3.633
-1.699,-0.01
-1.626,-3.488
-0.016,-4.24
-0.075,-0.972
-0.236,-0.691
-0.302,-0.892
-0.303,1.375
-0.371,0.23
-0.313,0.896
-0.348,1.708
-0.462,1.032
-0.407,0.97
-0.469,0.224
-0.506,2.839
-0.574,1.151
-0.574,-0.629
-0.532,2.272
-0.618,2.688
-0.579,1.216
-0.612,1.872
-0.796,0.77
-0.74,0.993
-0.794,2.219
-0.737,2.146
-0.801,1.811
-0.905,1.73
-0.876,0.303
-0.951,0.405
-0.963,1.691
-0.939,0.469
-0.995,2.528
-1.088,1.343
-1.124,0.326
-1.224,2.06
-1.193,0.164
-1.346,2.309
-1.446,0.68
-1.433,2.141
-1.415,1.882
-1.463,1.629
-1.507,2.181
-1.504,0.257
-1.485,1.606
-1.515,-0.184
-1.53,0.655
-1.555,2.496
-1.561,-0.046
-1.596,1.562
-1.673,-0.878
-1.608,0.453
-1.623,-0.952
-1.713,0.119
-1.639,-0.785
-1.666,-0.013
-1.735,1.09
-1.723,-0.048
-1.823,2.66
-1.758,2.179
-1.865,0.173
-1.815,-0.326
-1.839,0.655
-1.911,-0.108
-1.886,-1.137
-1.982,1.15
-1.973,-0.304
-2.024,0.697
-2.057,-0.468
-2.102,0.544
-2.177,2.208
-2.178,0.516
-2.154,0.761
-2.238,1.299
-2.176,0.752
-2.337,2.247
-2.279,1.946
-2.413,1.67
-2.364,-0.567
-2.341,-0.501
-2.401,-0.914
-2.504,2.851
-2.516,1.723
-2.445,2.865
-2.628,-0.126
-2.565,2.23
-2.649,-0.096
-2.739,2.626
-2.777,-0.974
-2.877,0.782
-2.817,-0.515
-2.921,-0.863
-3.106,-1.106
3.022,1.063
3.034,1.978
2.88,1.163
2.829,2.126
2.816,1.78
2.811,1.279
2.78,2.472
2.675,-0.377
2.623,0.554
2.651,0.697
2.501,-1.348
2.288,-1.28
2.318,-1.114
1.503,-1.176
1.019,-1.288
0.908,-1.392
0.24,-1.289
0.267,-1.463
0.165,-1.382
-0.427,-1.263
-0.959,-1.651
-1.799,-1.684
-2.036,-1.495
-2.185,-1.397
-2.541,-1.257
-2.869,-1.338
3.059,-1.257
2.216,3.015
2.009,3.106
1.664,3.056
1.302,2.992
1.205,2.789
1.261,3.081
-0.643,3.006
-1.318,3.114
-1.415,3.153
-1.724,2.935
-2.248,2.86
2.632,2.982
1.026,1.379
0.435,-0.912
-0.79,1.063
-0.986,1.14
-1.346,1.029
-1.701,1.909
-2.244,-0.247
1.057,2.916
2.527,2.768
2.543,2.435
2.567,-0.061
2.431,-0.752
2.037,-0.274
2.131,1.01
2.011,2.715
2.031,2.453
2.131,0.305
2.133,1.177
1.967,1.468
2.012,0.86
1.963,0.883
1.818,2.643
1.922,0.812
1.804,1.688
1.763,0.631
1.77,-0.124
1.889,0.243
1.874,1.063
1.82,2.848
1.668,1.305
1.624,2.77
1.644,1.054
1.635,1.464
1.475,0.954
1.574,2.693
1.449,2.495
1.296,1.29
1.102,1.639
0.851,-0.979
0.784,0.705
0.882,-0.167
0.798,0.465
0.723,2.286
0.536,0.294
0.546,0.714
0.492,-1.069
0.23,0.613
0.187,2.838
0.05,-0.423
-0.019,-1.136
-0.12,2.089
-0.572,-0.771
-0.453,2.557
-0.549,2.846
-0.662,0.788
-0.709,0.486
-0.738,1.43
-1.025,0.459
-0.982,2.762
-1.152,1.793
-1.356,-0.023
-1.403,2.167
-1.496,-0.885
-1.51,2.534
-1.647,1.733
-1.52,2.191
-1.564,1.306
-1.61,0.513
-1.588,2.235
-1.856,2.754
-1.793,2.691
-1.795,1.508
-1.865,1.173
-1.898,1.041
-2.001,0.536
-2.052,0.027
-1.973,0.0
-1.986,-0.555
-2.225,2.338
-2.347,-0.753
-2.576,-0.183
-2.523,-0.625
-2.573,2.565
-2.752,-0.928
-2.784,-0.268
-2.703,2.516
-3.062,-1.059
2.823,-0.779
2.811,2.15
2.804,0.54
2.66,0.642
2.657,-1.421
2.066,-1.341
1.817,-1.405
1.743,-1.478
1.34,-1.362
0.847,-1.3
-0.704,-1.333
-1.764,-1.572
-1.835,-1.466
-1.725,-1.59
-2.271,-1.521
-2.189,-1.188
-2.285,-1.228
-2.498,-1.497
-3.068,-1.368
2.939,-1.634
2.3,3.053
2.302,3.122
2.076,3.102
0.868,3.12
0.015,3.1
-0.439,3.116
-0.69,3.106
-1.246,2.928
-1.276,2.991
-1.377,3.072
-2.446,3.106
-2.638,3.039
1.658,2.373
1.35,0.452
1.081,0.471
0.434,0.443
-1.13,1.818
-1.253,0.582
-1.442,-0.142
-1.818,0.615
-1.777,0.761
-1.863,0.505
2.929,-1.1
2.073,1.8
1.703,-0.678
0.101,0.364
-1.328,1.237
-1.515,2.372
-2.015,-0.453
-2.31,1.231
1.362,1.529
1.086,0.163
-1.807,1.599
-2.01,-0.783
-2.108,1.642
-2.75,0.076
1.516,-1.025
-1.672,2.598
-1.599,-0.88
0.011,-1.632
-0.161,0.281
-0.227,0.08
-0.228,2.347
-0.296,1.202
-0.238,1.868
-0.273,2.68
-0.387,2.004
-0.332,1.942
-0.394,1.196
-0.431,3.811
-0.499,2.123
-0.499,0.343
-0.457,3.244
-0.543,3.66
-0.504,2.188
-0.537,2.844
-0.721,1.742
-0.665,1.965
-0.719,3.191
-0.662,3.118
-0.726,2.783
-0.83,2.702
-0.801,1.275
-0.876,1.377
-0.888,2.663
-0.864,1.441
-0.92,3.5
-1.013,2.315
-1.049,1.298
-1.149,3.032
-1.118,1.136
-1.271,3.281
-1.371,1.652
-1.358,3.113
-1.34,2.854
-1.388,2.601
-1.432,3.153
-1.429,1.229
-1.41,2.578
-1.44,0.788
-1.455,1.627
-1.48,3.468
-1.486,0.926
-1.521,2.534
-1.598,0.094
-1.533,1.425
-1.548,0.02
-1.638,1.091
-1.564,0.187
-1.591,0.959
-1.66,2.062
-1.648,0.924
-1.748,3.632
-1.683,3.151
-1.79,1.145
-1.74,0.646
-1.764,1.627
-1.836,0.864
-1.811,-0.165
-1.907,2.122
-1.898,0.668
-1.949,1.669
-1.982,0.504
-2.027,1.516
-2.102,3.18
-2.103,1.488
-2.079,1.733
-2.163,2.271
-2.101,1.724
-2.262,3.219
-2.204,2.918
-2.338,2.642
-2.289,0.405
-2.266,0.471
-2.326,0.058
-2.429,3.823
-2.441,2.695
-2.37,3.837
-2.553,0.846
-2.49,3.202
-2.574,0.876
-2.664,3.598
-2.702,-0.002
-2.802,1.754
-2.742,0.457
-2.846,0.109
-3.031,-0.134
3.097,2.035
3.109,2.95
2.955,2.135
2.904,3.098
2.891,2.752
2.886,2.251
2.855,3.444
2.75,0.595
2.698,1.526
2.726,1.669
2.576,-0.376
2.363,-0.308
2.393,-0.142
1.578,-0.204
1.094,-0.316
0.983,-0.42
0.315,-0.317
0.342,-0.491
0.24,-0.41
-0.352,-0.291
-0.884,-0.679
-1.724,-0.712
-1.961,-0.523
-2.11,-0.425
-2.466,-0.285
-2.794,-0.366
3.134,-0.285
2.291,3.987
2.084,4.078
1.739,4.028
1.377,3.964
1.28,3.761
1.336,4.053
-0.568,3.978
-1.243,4.086
-1.34,4.125
-1.649,3.907
-2.173,3.832
2.707,3.954
1.101,2.351
0.51,0.06
-0.715,2.035
-0.911,2.112
-1.271,2.001
-1.626,2.881
-2.169,0.725
1.132,3.888
2.602,3.74
2.618,3.407
2.642,0.911
2.506,0.22
2.112,0.698
2.206,1.982
2.086,3.687
2.106,3.425
2.206,1.277
2.208,2.149
2.042,2.44
2.087,1.832
2.038,1.855
1.893,3.615
1.997,1.784
1.879,2.66
1.838,1.603
1.845,0.848
1.964,1.215
1.949,2.035
1.895,3.82
1.743,2.277
1.699,3.742
1.719,2.026
1.71,2.436
1.55,1.926
1.649,3.665
1.524,3.467
1.371,2.262
1.177,2.611
0.926,-0.007
0.859,1.677
0.957,0.805
0.873,1.437
0.798,3.258
0.611,1.266
0.621,1.686
0.567,-0.097
0.305,1.585
0.262,3.81
0.125,0.549
0.056,-0.164
-0.045,3.061
-0.497,0.201
-0.378,3.529
-0.474,3.818
-0.587,1.76
-0.634,1.458
-0.663,2.402
-0.95,1.431
-0.907,3.734
-1.077,2.765
-1.281,0.949
-1.328,3.139
-1.421,0.087
-1.435,3.506
-1.572,2.705
-1.445,3.163
-1.489,2.278
-1.535,1.485
-1.513,3.207
-1.781,3.726
-1.718,3.663
-1.72,2.48
-1.79,2.145
-1.823,2.013
-1.926,1.508
-1.977,0.999
-1.898,0.972
-1.911,0.417
-2.15,3.31
-2.272,0.219
-2.501,0.789
-2.448,0.347
-2.498,3.537
-2.677,0.044
-2.709,0.704
-2.628,3.488
-2.987,-0.087
2.898,0.193
2.886,3.122
2.879,1.512
2.735,1.614
2.732,-0.449
2.141,-0.369
1.892,-0.433
1.818,-0.506
1.415,-0.39
0.922,-0.328
-0.629,-0.361
-1.689,-0.6
-1.76,-0.494
-1.65,-0.618
-2.196,-0.549
-2.114,-0.216
-2.21,-0.256
-2.423,-0.525
-2.993,-0.396
3.014,-0.662
2.375,4.025
2.377,4.094
2.151,4.074
0.943,4.092
0.09,4.072
-0.364,4.088
-0.615,4.078
-1.171,3.9
-1.201,3.963
-1.302,4.044
-2.371,4.078
-2.563,4.011
1.733,3.345
1.425,1.424
1.156,1.443
0.509,1.415
-1.055,2.79
-1.178,1.554
-1.367,0.83
-1.743,1.587
-1.702,1.733
-1.788,1.477
3.004,-0.128
2.148,2.772
1.778,0.294
0.176,1.336
-1.253,2.209
-1.44,3.344
-1.94,0.519
-2.235,2.203
1.437,2.501
1.161,1.135
-1.732,2.571
-1.935,0.189
-2.033,2.614
-2.675,1.048
1.591,-0.053
-1.597,3.57
-1.524,0.092
0.086,-0.66
-0.066,-0.201
-0.067,2.066
-0.135,0.921
-0.077,1.587
-0.112,2.399
-0.226,1.723
-0.171,1.661
-0.233,0.915
-0.27,3.53
-0.338,1.842
-0.338,0.062
-0.296,2.963
-0.382,3.379
-0.343,1.907
-0.376,2.563
-0.56,1.461
-0.504,1.684
-0.558,2.91
-0.501,2.837
-0.565,2.502
-0.669,2.421
-0.64,0.994
-0.715,1.096
-0.727,2.382
-0.703,1.16
-0.759,3.219
-0.852,2.034
-0.888,1.017
-0.988,2.751
-0.957,0.855
-1.11,3.0
-1.21,1.371
-1.197,2.832
-1.179,2.573
-1.227,2.32
-1.271,2.872
-1.268,0.948
-1.249,2.297
-1.279,0.507
-1.294,1.346
-1.319,3.187
-1.325,0.645
-1.36,2.253
-1.437,-0.187
-1.372,1.144
-1.387,-0.261
-1.477,0.81
-1.403,-0.094
-1.43,0.678
-1.499,1.781
-1.487,0.643
-1.587,3.351
-1.522,2.87
-1.629,0.864
-1.579,0.365
-1.603,1.346
-1.675,0.583
-1.65,-0.446
-1.746,1.841
-1.737,0.387
-1.788,1.388
-1.821,0.223
-1.866,1.235
-1.941,2.899
-1.942,1.207
-1.918,1.452
-2.002,1.99
-1.94,1.443
-2.101,2.938
-2.043,2.637
-2.177,2.361
-2.128,0.124
-2.105,0.19
-2.165,-0.223
-2.268,3.542
-2.28,2.414
-2.209,3.556
-2.392,0.565
-2.329,2.921
-2.413,0.595
-2.503,3.317
-2.541,-0.283
-2.641,1.473
-2.581,0.176
-2.685,-0.172
-2.87,-0.415
-3.025,1.754
-3.013,2.669
3.116,1.854
3.065,2.817
3.052,2.471
3.047,1.97
3.016,3.163
2.911,0.314
2.859,1.245
2.887,1.388
2.737,-0.657
2.524,-0.589
2.554,-0.423
1.739,-0.485
1.255,-0.597
1.144,-0.701
0.476,-0.598
0.503,-0.772
0.401,-0.691
-0.191,-0.572
-0.723,-0.96
-1.563,-0.993
-1.8,-0.804
-1.949,-0.706
-2.305,-0.566
-2.633,-0.647
-2.988,-0.566
2.452,3.706
2.245,3.797
1.9,3.747
1.538,3.683
1.441,3.48
1.497,3.772
-0.407,3.697
-1.082,3.805
-1.179,3.844
-1.488,3.626
-2.012,3.551
2.868,3.673
1.262,2.07
0.671,-0.221
-0.554,1.754
-0.75,1.831
-1.11,1.72
-1.465,2.6
-2.008,0.444
1.293,3.607
2.763,3.459
2.779,3.126
2.803,0.63
2.667,-0.061
2.273,0.417
2.367,1.701
2.247,3.406
2.267,3.144
2.367,0.996
2.369,1.868
2.203,2.159
2.248,1.551
2.199,1.574
2.054,3.334
2.158,1.503
2.04,2.379
1.999,1.322
2.006,0.567
2.125,0.934
2.11,1.754
2.056,3.539
1.904,1.996
1.86,3.461
1.88,1.745
1.871,2.155
1.711,1.645
1.81,3.384
1.685,3.186
1.532,1.981
1.338,2.33
1.087,-0.288
1.02,1.396
1.118,0.524
1.034,1.156
0.959,2.977
0.772,0.985
0.782,1.405
0.728,-0.378
0.466,1.304
0.423,3.529
0.286,0.268
0.217,-0.445
0.116,2.78
-0.336,-0.08
-0.217,3.248
-0.313,3.537
-0.426,1.479
-0.473,1.177
-0.502,2.121
-0.789,1.15
-0.746,3.453
-0.916,2.484
-1.12,0.668
-1.167,2.858
-1.26,-0.194
-1.274,3.225
-1.411,2.424
-1.284,2.882
-1.328,1.997
-1.374,1.204
-1.352,2.926
-1.62,3.445
-1.557,3.382
-1.559,2.199
-1.629,1.864
-1.662,1.732
-1.765,1.227
-1.816,0.718
-1.737,0.691
-1.75,0.136
-1.989,3.029
-2.111,-0.062
-2.34,0.508
-2.287,0.066
-2.337,3.256
-2.516,-0.237
-2.548,0.423
-2.467,3.207
-2.826,-0.368
3.059,-0.088
3.047,2.841
3.04,1.231
2.896,1.333
2.893,-0.73
2.302,-0.65
2.053,-0.714
1.979,-0.787
1.576,-0.671
1.083,-0.609
-0.468,-0.642
-1.528,-0.881
-1.599,-0.775
-1.489,-0.899
-2.035,-0.83
-1.953,-0.497
-2.049,-0.537
-2.262,-0.806
-2.832,-0.677
-3.108,-0.943
2.536,3.744
2.538,3.813
2.312,3.793
1.104,3.811
0.251,3.791
-0.203,3.807
-0.454,3.797
-1.01,3.619
-1.04,3.682
-1.141,3.763
-2.21,3.797
-2.402,3.73
1.894,3.064
1.586,1.143
1.317,1.162
0.67,1.134
-0.894,2.509
-1.017,1.273
-1.206,0.549
-1.582,1.306
-1.541,1.452
-1.627,1.196
-3.118,-0.409
2.309,2.491
1.939,0.013
0.337,1.055
-1.092,1.928
-1.279,3.063
-1.779,0.238
-2.074,1.922
1.598,2.22
1.322,0.854
-1.571,2.29
-1.774,-0.092
-1.872,2.333
-2.514,0.767
1.752,-0.334
-1.436,3.289
-1.363,-0.189
0.247,-0.941
-0.001,2.267
-0.069,1.122
-0.011,1.788
-0.046,2.6
-0.16,1.924
-0.105,1.862
-0.167,1.116
-0.204,3.731
-0.272,2.043
-0.272,0.263
-0.23,3.164
-0.316,3.58
-0.277,2.108
-0.31,2.764
-0.494,1.662
-0.438,1.885
-0.492,3.111
-0.435,3.038
-0.499,2.703
-0.603,2.622
-0.574,1.195
-0.649,1.297
-0.661,2.583
-0.637,1.361
-0.693,3.42
-0.786,2.235
-0.822,1.218
-0.922,2.952
-0.891,1.056
-1.044,3.201
-1.144,1.572
-1.131,3.033
-1.113,2.774
-1.161,2.521
-1.205,3.073
-1.202,1.149
-1.183,2.498
-1.213,0.708
-1.228,1.547
-1.253,3.388
-1.259,0.846
-1.294,2.454
-1.371,0.014
-1.306,1.345
-1.321,-0.06
-1.411,1.011
-1.337,0.107
-1.364,0.879
-1.433,1.982
-1.421,0.844
-1.521,3.552
-1.456,3.071
-1.563,1.065
-1.513,0.566
-1.537,1.547
-1.609,0.784
-1.584,-0.245
-1.68,2.042
-1.671,0.588
-1.722,1.589
-1.755,0.424
-1.8,1.436
-1.875,3.1
-1.876,1.408
-1.852,1.653
-1.936,2.191
-1.874,1.644
-2.035,3.139
-1.977,2.838
-2.111,2.562
-2.062,0.325
-2.039,0.391
-2.099,-0.022
-2.202,3.743
-2.214,2.615
-2.143,3.757
-2.326,0.766
-2.263,3.122
-2.347,0.796
-2.437,3.518
-2.475,-0.082
-2.575,1.674
-2.515,0.377
-2.619,0.029
-2.804,-0.214
-2.959,1.955
-2.947,2.87
-3.101,2.055
3.131,3.018
3.118,2.672
3.113,2.171
3.082,3.364
2.977,0.515
2.925,1.446
2.953,1.589
2.803,-0.456
2.59,-0.388
2.62,-0.222
1.805,-0.284
1.321,-0.396
1.21,-0.5
0.542,-0.397
0.569,-0.571
0.467,-0.49
-0.125,-0.371
-0.657,-0.759
-1.497,-0.792
-1.734,-0.603
-1.883,-0.505
-2.239,-0.365
-2.567,-0.446
-2.922,-0.365
2.518,3.907
2.311,3.998
1.966,3.948
1.604,3.884
1.507,3.681
1.563,3.973
-0.341,3.898
-1.016,4.006
-1.113,4.045
-1.422,3.827
-1.946,3.752
2.934,3.874
1.328,2.271
0.737,-0.02
-0.488,1.955
-0.684,2.032
-1.044,1.921
-1.399,2.801
-1.942,0.645
1.359,3.808
2.829,3.66
2.845,3.327
2.869,0.831
2.733,0.14
2.339,0.618
2.433,1.902
2.313,3.607
2.333,3.345
2.433,1.197
2.435,2.069
2.269,2.36
2.314,1.752
2.265,1.775
2.12,3.535
2.224,1.704
2.106,2.58
2.065,1.523
2.072,0.768
2.191,1.135
2.176,1.955
2.122,3.74
1.97,2.197
1.926,3.662
1.946,1.946
1.937,2.356
1.777,1.846
1.876,3.585
1.751,3.387
1.598,2.182
1.404,2.531
1.153,-0.087
1.086,1.597
1.184,0.725
1.1,1.357
1.025,3.178
0.838,1.186
0.848,1.606
0.794,-0.177
0.532,1.505
0.489,3.73
0.352,0.469
0.283,-0.244
0.182,2.981
-0.27,0.121
-0.151,3.449
-0.247,3.738
-0.36,1.68
-0.407,1.378
-0.436,2.322
-0.723,1.351
-0.68,3.654
-0.85,2.685
-1.054,0.869
-1.101,3.059
-1.194,0.007
-1.208,3.426
-1.345,2.625
-1.218,3.083
-1.262,2.198
-1.308,1.405
-1.286,3.127
-1.554,3.646
-1.491,3.583
-1.493,2.4
-1.563,2.065
-1.596,1.933
-1.699,1.428
-1.75,0.919
-1.671,0.892
-1.684,0.337
-1.923,3.23
-2.045,0.139
-2.274,0.709
-2.221,0.267
-2.271,3.457
-2.45,-0.036
-2.482,0.624
-2.401,3.408
-2.76,-0.167
3.125,0.113
3.113,3.042
3.106,1.432
2.962,1.534
2.959,-0.529
2.368,-0.449
2.119,-0.513
2.045,-0.586
1.642,-0.47
1.149,-0.408
-0.402,-0.441
-1.462,-0.68
-1.533,-0.574
-1.423,-0.698
-1.969,-0.629
-1.887,-0.296
-1.983,-0.336
-2.196,-0.605
-2.766,-0.476
-3.042,-0.742
2.602,3.945
2.604,4.014
2.378,3.994
1.17,4.012
0.317,3.992
-0.137,4.008
-0.388,3.998
-0.944,3.82
-0.974,3.883
-1.075,3.964
-2.144,3.998
-2.336,3.931
1.96,3.265
1.652,1.344
1.383,1.363
0.736,1.335
-0.828,2.71
-0.951,1.474
-1.14,0.75
-1.516,1.507
-1.475,1.653
-1.561,1.397
-3.052,-0.208
2.375,2.692
2.005,0.214
0.403,1.256
-1.026,2.129
-1.213,3.264
-1.713,0.439
-2.008,2.123
1.664,2.421
1.388,1.055
-1.505,2.491
-1.708,0.109
-1.806,2.534
-2.448,0.968
1.818,-0.133
-1.37,3.49
-1.297,0.012
0.313,-0.74
-0.068,-1.145
-0.01,-0.479
-0.045,0.333
-0.159,-0.343
-0.104,-0.405
-0.166,-1.151
-0.203,1.464
-0.271,-0.224
-0.271,-2.004
-0.229,0.897
-0.315,1.313
-0.276,-0.159
-0.309,0.497
-0.493,-0.605
-0.437,-0.382
-0.491,0.844
-0.434,0.771
-0.498,0.436
-0.602,0.355
-0.573,-1.072
-0.648,-0.97
-0.66,0.316
-0.636,-0.906
-0.692,1.153
-0.785,-0.032
-0.821,-1.049
-0.921,0.685
-0.89,-1.211
-1.043,0.934
-1.143,-0.695
-1.13,0.766
-1.112,0.507
-1.16,0.254
-1.204,0.806
-1.201,-1.118
-1.182,0.231
-1.212,-1.559
-1.227,-0.72
-1.252,1.121
-1.258,-1.421
-1.293,0.187
-1.37,-2.253
-1.305,-0.922
-1.32,-2.327
-1.41,-1.256
-1.336,-2.16
-1.363,-1.388
-1.432,-0.285
-1.42,-1.423
-1.52,1.285
-1.455,0.804
-1.562,-1.202
-1.512,-1.701
-1.536,-0.72
-1.608,-1.483
-1.583,-2.512
-1.679,-0.225
-1.67,-1.679
-1.721,-0.678
-1.754,-1.843
-1.799,-0.831
-1.874,0.833
-1.875,-0.859
-1.851,-0.614
-1.935,-0.076
-1.873,-0.623
-2.034,0.872
-1.976,0.571
-2.11,0.295
-2.061,-1.942
-2.038,-1.876
-2.098,-2.289
-2.201,1.476
-2.213,0.348
-2.142,1.49
-2.325,-1.501
-2.262,0.855
-2.346,-1.471
-2.436,1.251
-2.474,-2.349
-2.574,-0.593
-2.514,-1.89
-2.618,-2.238
-2.803,-2.481
-2.958,-0.312
-2.946,0.603
-3.1,-0.212
3.132,0.751
3.119,0.405
3.114,-0.096
3.083,1.097
2.978,-1.752
2.926,-0.821
2.954,-0.678
2.804,-2.723
2.591,-2.655
2.621,-2.489
1.806,-2.551
1.322,-2.663
1.211,-2.767
0.543,-2.664
0.57,-2.838
0.468,-2.757
-0.124,-2.638
-0.656,-3.026
-1.496,-3.059
-1.733,-2.87
-1.882,-2.772
-2.238,-2.632
-2.566,-2.713
-2.921,-2.632
2.519,1.64
2.312,1.731
1.967,1.681
1.605,1.617
1.508,1.414
1.564,1.706
-0.34,1.631
-1.015,1.739
-1.112,1.778
-1.421,1.56
-1.945,1.485
2.935,1.607
1.329,0.004
0.738,-2.287
-0.487,-0.312
-0.683,-0.235
-1.043,-0.346
-1.398,0.534
-1.941,-1.622
1.36,1.541
2.83,1.393
2.846,1.06
2.87,-1.436
2.734,-2.127
2.34,-1.649
2.434,-0.365
2.314,1.34
2.334,1.078
2.434,-1.07
2.436,-0.198
2.27,0.093
2.315,-0.515
2.266,-0.492
2.121,1.268
2.225,-0.563
2.107,0.313
2.066,-0.744
2.073,-1.499
2.192,-1.132
2.177,-0.312
2.123,1.473
1.971,-0.07
1.927,1.395
1.947,-0.321
1.938,0.089
1.778,-0.421
1.877,1.318
1.752,1.12
1.599,-0.085
1.405,0.264
1.154,-2.354
1.087,-0.67
1.185,-1.542
1.101,-0.91
1.026,0.911
0.839,-1.081
0.849,-0.661
0.795,-2.444
0.533,-0.762
0.49,1.463
0.353,-1.798
0.284,-2.511
0.183,0.714
-0.269,-2.146
-0.15,1.182
-0.246,1.471
-0.359,-0.587
-0.406,-0.889
-0.435,0.055
-0.722,-0.916
-0.679,1.387
-0.849,0.418
-1.053,-1.398
-1.1,0.792
-1.193,-2.26
-1.207,1.159
-1.344,0.358
-1.217,0.816
-1.261,-0.069
-1.307,-0.862
-1.285,0.86
-1.553,1.379
-1.49,1.316
-1.492,0.133
-1.562,-0.202
-1.595,-0.334
-1.698,-0.839
-1.749,-1.348
-1.67,-1.375
-1.683,-1.93
-1.922,0.963
-2.044,-2.128
-2.273,-1.558
-2.22,-2.0
-2.27,1.19
-2.449,-2.303
-2.481,-1.643
-2.4,1.141
-2.759,-2.434
3.126,-2.154
3.114,0.775
3.107,-0.835
2.963,-0.733
2.96,-2.796
2.369,-2.716
2.12,-2.78
2.046,-2.853
1.643,-2.737
1.15,-2.675
-0.401,-2.708
-1.461,-2.947
-1.532,-2.841
-1.422,-2.965
-1.968,-2.896
-1.886,-2.563
-1.982,-2.603
-2.195,-2.872
-2.765,-2.743
-3.041,-3.009
2.603,1.678
2.605,1.747
2.379,1.727
1.171,1.745
0.318,1.725
-0.136,1.741
-0.387,1.731
-0.943,1.553
-0.973,1.616
-1.074,1.697
-2.143,1.731
-2.335,1.664
1.961,0.998
1.653,-0.923
1.384,-0.904
0.737,-0.932
-0.827,0.443
-0.95,-0.793
-1.139,-1.517
-1.515,-0.76
-1.474,-0.614
-1.56,-0.87
-3.051,-2.475
2.376,0.425
2.006,-2.053
0.404,-1.011
-1.025,-0.138
-1.212,0.997
-1.712,-1.828
-2.007,-0.144
1.665,0.154
1.389,-1.212
-1.504,0.224
-1.707,-2.158
-1.805,0.267
-2.447,-1.299
1.819,-2.4
-1.369,1.223
-1.296,-2.255
0.314,-3.007
0.058,0.666
0.023,1.478
-0.091,0.802
-0.036,0.74
-0.098,-0.006
-0.135,2.609
-0.203,0.921
-0.203,-0.859
-0.161,2.042
-0.247,2.458
-0.208,0.986
-0.241,1.642
-0.425,0.54
-0.369,0.763
-0.423,1.989
-0.366,1.916
-0.43,1.581
-0.534,1.5
-0.505,0.073
-0.58,0.175
-0.592,1.461
-0.568,0.239
-0.624,2.298
-0.717,1.113
-0.753,0.096
-0.853,1.83
-0.822,-0.066
-0.975,2.079
-1.075,0.45
-1.062,1.911
-1.044,1.652
-1.092,1.399
-1.136,1.951
-1.133,0.027
-1.114,1.376
-1.144,-0.414
-1.159,0.425
-1.184,2.266
-1.19,-0.276
-1.225,1.332
-1.302,-1.108
-1.237,0.223
-1.252,-1.182
-1.342,-0.111
-1.268,-1.015
-1.295,-0.243
-1.364,0.86
-1.352,-0.278
-1.452,2.43
-1.387,1.949
-1.494,-0.057
-1.444,-0.556
-1.468,0.425
-1.54,-0.338
-1.515,-1.367
-1.611,0.92
-1.602,-0.534
-1.653,0.467
-1.686,-0.698
-1.731,0.314
-1.806,1.978
-1.807,0.286
-1.783,0.531
-1.867,1.069
-1.805,0.522
-1.966,2.017
-1.908,1.716
-2.042,1.44
-1.993,-0.797
-1.97,-0.731
-2.03,-1.144
-2.133,2.621
-2.145,1.493
-2.074,2.635
-2.257,-0.356
-2.194,2.0
-2.278,-0.326
-2.368,2.396
-2.406,-1.204
-2.506,0.552
-2.446,-0.745
-2.55,-1.093
-2.735,-1.336
-2.89,0.833
-2.878,1.748
-3.032,0.933
-3.083,1.896
-3.096,1.55
-3.101,1.049
-3.132,2.242
3.046,-0.607
2.994,0.324
3.022,0.467
2.872,-1.578
2.659,-1.51
2.689,-1.344
1.874,-1.406
1.39,-1.518
1.279,-1.622
0.611,-1.519
0.638,-1.693
0.536,-1.612
-0.056,-1.493
-0.588,-1.881
-1.428,-1.914
-1.665,-1.725
-1.814,-1.627
-2.17,-1.487
-2.498,-1.568
-2.853,-1.487
2.587,2.785
2.38,2.876
2.035,2.826
1.673,2.762
1.576,2.559
1.632,2.851
-0.272,2.776
-0.947,2.884
-1.044,2.923
-1.353,2.705
-1.877,2.63
3.003,2.752
1.397,1.149
0.806,-1.142
-0.419,0.833
-0.615,0.91
-0.975,0.799
-1.33,1.679
-1.873,-0.477
1.428,2.686
2.898,2.538
2.914,2.205
2.938,-0.291
2.802,-0.982
2.408,-0.504
2.502,0.78
2.382,2.485
2.402,2.223
2.502,0.075
2.504,0.947
2.338,1.238
2.383,0.63
2.334,0.653
2.189,2.413
2.293,0.582
2.175,1.458
2.134,0.401
2.141,-0.354
2.26,0.013
2.245,0.833
2.191,2.618
2.039,1.075
1.995,2.54
2.015,0.824
2.006,1.234
1.846,0.724
1.945,2.463
1.82,2.265
1.667,1.06
1.473,1.409
1.222,-1.209
1.155,0.475
1.253,-0.397
1.169,0.235
1.094,2.056
0.907,0.064
0.917,0.484
0.863,-1.299
0.601,0.383
0.558,2.608
0.421,-0.653
0.352,-1.366
0.251,1.859
-0.201,-1.001
-0.082,2.327
-0.178,2.616
-0.291,0.558
-0.338,0.256
-0.367,1.2
-0.654,0.229
-0.611,2.532
-0.781,1.563
-0.985,-0.253
-1.032,1.937
-1.125,-1.115
-1.139,2.304
-1.276,1.503
-1.149,1.961
-1.193,1.076
-1.239,0.283
-1.217,2.005
-1.485,2.524
-1.422,2.461
-1.424,1.278
-1.494,0.943
-1.527,0.811
-1.63,0.306
-1.681,-0.203
-1.602,-0.23
-1.615,-0.785
-1.854,2.108
-1.976,-0.983
-2.205,-0.413
-2.152,-0.855
-2.202,2.335
-2.381,-1.158
-2.413,-0.498
-2.332,2.286
-2.691,-1.289
-3.089,-1.009
-3.101,1.92
-3.108,0.31
3.031,0.412
3.028,-1.651
2.437,-1.571
2.188,-1.635
2.114,-1.708
1.711,-1.592
1.218,-1.53
-0.333,-1.563
-1.393,-1.802
-1.464,-1.696
-1.354,-1.82
-1.9,-1.751
-1.818,-1.418
-1.914,-1.458
-2.127,-1.727
-2.697,-1.598
-2.973,-1.864
2.671,2.823
2.673,2.892
2.447,2.872
1.239,2.89
0.386,2.87
-0.068,2.886
-0.319,2.876
-0.875,2.698
-0.905,2.761
-1.006,2.842
-2.075,2.876
-2.267,2.809
2.029,2.143
1.721,0.222
1.452,0.241
0.805,0.213
-0.759,1.588
-0.882,0.352
-1.071,-0.372
-1.447,0.385
-1.406,0.531
-1.492,0.275
-2.983,-1.33
2.444,1.57
2.074,-0.908
0.472,0.134
-0.957,1.007
-1.144,2.142
-1.644,-0.683
-1.939,1.001
1.733,1.299
1.457,-0.067
-1.436,1.369
-1.639,-1.013
-1.737,1.412
-2.379,-0.154
1.887,-1.255
-1.301,2.368
-1.228,-1.11
0.382,-1.862
-0.035,0.812
-0.149,0.136
-0.094,0.074
-0.156,-0.672
-0.193,1.943
-0.261,0.255
-0.261,-1.525
-0.219,1.376
-0.305,1.792
-0.266,0.32
-0.299,0.976
-0.483,-0.126
-0.427,0.097
-0.481,1.323
-0.424,1.25
-0.488,0.915
-0.592,0.834
-0.563,-0.593
-0.638,-0.491
-0.65,0.795
-0.626,-0.427
-0.682,1.632
-0.775,0.447
-0.811,-0.57
-0.911,1.164
-0.88,-0.732
-1.033,1.413
-1.133,-0.216
-1.12,1.245
-1.102,0.986
-1.15,0.733
-1.194,1.285
-1.191,-0.639
-1.172,0.71
-1.202,-1.08
-1.217,-0.241
-1.242,1.6
-1.248,-0.942
-1.283,0.666
-1.36,-1.774
-1.295,-0.443
-1.31,-1.848
-1.4,-0.777
-1.326,-1.681
-1.353,-0.909
-1.422,0.194
-1.41,-0.944
-1.51,1.764
-1.445,1.283
-1.552,-0.723
-1.502,-1.222
-1.526,-0.241
-1.598,-1.004
-1.573,-2.033
-1.669,0.254
-1.66,-1.2
-1.711,-0.199
-1.744,-1.364
-1.789,-0.352
-1.864,1.312
-1.865,-0.38
-1.841,-0.135
-1.925,0.403
-1.863,-0.144
-2.024,1.351
-1.966,1.05
-2.1,0.774
-2.051,-1.463
-2.028,-1.397
-2.088,-1.81
-2.191,1.955
-2.203,0.827
-2.132,1.969
-2.315,-1.022
-2.252,1.334
-2.336,-0.992
-2.426,1.73
-2.464,-1.87
-2.564,-0.114
-2.504,-1.411
-2.608,-1.759
-2.793,-2.002
-2.948,0.167
-2.936,1.082
-3.09,0.267
-3.141,1.23
3.129,0.884
3.124,0.383
3.093,1.576
2.988,-1.273
2.936,-0.342
2.964,-0.199
2.814,-2.244
2.601,-2.176
2.631,-2.01
1.816,-2.072
1.332,-2.184
1.221,-2.288
0.553,-2.185
0.58,-2.359
0.478,-2.278
-0.114,-2.159
-0.646,-2.547
-1.486,-2.58
-1.723,-2.391
-1.872,-2.293
-2.228,-2.153
-2.556,-2.234
-2.911,-2.153
2.529,2.119
2.322,2.21
1.977,2.16
1.615,2.096
1.518,1.893
1.574,2.185
-0.33,2.11
-1.005,2.218
-1.102,2.257
-1.411,2.039
-1.935,1.964
2.945,2.086
1.339,0.483
0.748,-1.808
-0.477,0.167
-0.673,0.244
-1.033,0.133
-1.388,1.013
-1.931,-1.143
1.37,2.02
2.84,1.872
2.856,1.539
2.88,-0.957
2.744,-1.648
2.35,-1.17
2.444,0.114
2.324,1.819
2.344,1.557
2.444,-0.591
2.446,0.281
2.28,0.572
2.325,-0.036
2.276,-0.013
2.131,1.747
2.235,-0.084
2.117,0.792
2.076,-0.265
2.083,-1.02
2.202,-0.653
2.187,0.167
2.133,1.952
1.981,0.409
1.937,1.874
1.957,0.158
1.948,0.568
1.788,0.058
1.887,1.797
1.762,1.599
1.609,0.394
1.415,0.743
1.164,-1.875
1.097,-0.191
1.195,-1.063
1.111,-0.431
1.036,1.39
0.849,-0.602
0.859,-0.182
0.805,-1.965
0.543,-0.283
0.5,1.942
0.363,-1.319
0.294,-2.032
0.193,1.193
-0.259,-1.667
-0.14,1.661
-0.236,1.95
-0.349,-0.108
-0.396,-0.41
-0.425,0.534
-0.712,-0.437
-0.669,1.866
-0.839,0.897
-1.043,-0.919
-1.09,1.271
-1.183,-1.781
-1.197,1.638
-1.334,0.837
-1.207,1.295
-1.251,0.41
-1.297,-0.383
-1.275,1.339
-1.543,1.858
-1.48,1.795
-1.482,0.612
-1.552,0.277
-1.585,0.145
-1.688,-0.36
-1.739,-0.869
-1.66,-0.896
-1.673,-1.451
-1.912,1.442
-2.034,-1.649
-2.263,-1.079
-2.21,-1.521
-2.26,1.669
-2.439,-1.824
-2.471,-1.164
-2.39,1.62
-2.749,-1.955
3.136,-1.675
3.124,1.254
3.117,-0.356
2.973,-0.254
2.97,-2.317
2.379,-2.237
2.13,-2.301
2.056,-2.374
1.653,-2.258
1.16,-2.196
-0.391,-2.229
-1.451,-2.468
-1.522,-2.362
-1.412,-2.486
-1.958,-2.417
-1.876,-2.084
-1.972,-2.124
-2.185,-2.393
-2.755,-2.264
-3.031,-2.53
2.613,2.157
2.615,2.226
2.389,2.206
1.181,2.224
0.328,2.204
-0.126,2.22
-0.377,2.21
-0.933,2.032
-0.963,2.095
-1.064,2.176
-2.133,2.21
-2.325,2.143
1.971,1.477
1.663,-0.444
1.394,-0.425
0.747,-0.453
-0.817,0.922
-0.94,-0.314
-1.129,-1.038
-1.505,-0.281
-1.464,-0.135
-1.55,-0.391
-3.041,-1.996
2.386,0.904
2.016,-1.574
0.414,-0.532
-1.015,0.341
-1.202,1.476
-1.702,-1.349
-1.997,0.335
1.675,0.633
1.399,-0.733
-1.494,0.703
-1.697,-1.679
-1.795,0.746
-2.437,-0.82
1.829,-1.921
-1.359,1.702
-1.286,-1.776
0.324,-2.528
-0.114,-0.676
-0.059,-0.738
-0.121,-1.484
-0.158,1.131
-0.226,-0.557
-0.226,-2.337
-0.184,0.564
-0.27,0.98
-0.231,-0.492
-0.264,0.164
-0.448,-0.938
-0.392,-0.715
-0.446,0.511
-0.389,0.438
-0.453,0.103
-0.557,0.022
-0.528,-1.405
-0.603,-1.303
-0.615,-0.017
-0.591,-1.239
-0.647,0.82
-0.74,-0.365
-0.776,-1.382
-0.876,0.352
-0.845,-1.544
-0.998,0.601
-1.098,-1.028
-1.085,0.433
-1.067,0.174
-1.115,-0.079
-1.159,0.473
-1.156,-1.451
-1.137,-0.102
-1.167,-1.892
-1.182,-1.053
-1.207,0.788
-1.213,-1.754
-1.248,-0.146
-1.325,-2.586
-1.26,-1.255
-1.275,-2.66
-1.365,-1.589
-1.291,-2.493
-1.318,-1.721
-1.387,-0.618
-1.375,-1.756
-1.475,0.952
-1.41,0.471
-1.517,-1.535
-1.467,-2.034
-1.491,-1.053
-1.563,-1.816
-1.538,-2.845
-1.634,-0.558
-1.625,-2.012
-1.676,-1.011
-1.709,-2.176
-1.754,-1.164
-1.829,0.5
-1.83,-1.192
-1.806,-0.947
-1.89,-0.409
-1.828,-0.956
-1.989,0.539
-1.931,0.238
-2.065,-0.038
-2.016,-2.275
-1.993,-2.209
-2.053,-2.622
-2.156,1.143
-2.168,0.015
-2.097,1.157
-2.28,-1.834
-2.217,0.522
-2.301,-1.804
-2.391,0.918
-2.429,-2.682
-2.529,-0.926
-2.469,-2.223
-2.573,-2.571
-2.758,-2.814
-2.913,-0.645
-2.901,0.27
-3.055,-0.545
-3.106,0.418
-3.119,0.072
-3.124,-0.429
3.128,0.764
3.023,-2.085
2.971,-1.154
2.999,-1.011
2.849,-3.056
2.636,-2.988
2.666,-2.822
1.851,-2.884
1.367,-2.996
1.256,-3.1
0.588,-2.997
0.615,-3.171
0.513,-3.09
-0.079,-2.971
-0.611,-3.359
-1.451,-3.392
-1.688,-3.203
-1.837,-3.105
-2.193,-2.965
-2.521,-3.046
-2.876,-2.965
2.564,1.307
2.357,1.398
2.012,1.348
1.65,1.284
1.553,1.081
1.609,1.373
-0.295,1.298
-0.97,1.406
-1.067,1.445
-1.376,1.227
-1.9,1.152
2.98,1.274
1.374,-0.329
0.783,-2.62
-0.442,-0.645
-0.638,-0.568
-0.998,-0.679
-1.353,0.201
-1.896,-1.955
1.405,1.208
2.875,1.06
2.891,0.727
2.915,-1.769
2.779,-2.46
2.385,-1.982
2.479,-0.698
2.359,1.007
2.379,0.745
2.479,-1.403
2.481,-0.531
2.315,-0.24
2.36,-0.848
2.311,-0.825
2.166,0.935
2.27,-0.896
2.152,-0.02
2.111,-1.077
2.118,-1.832
2.237,-1.465
2.222,-0.645
2.168,1.14
2.016,-0.403
1.972,1.062
1.992,-0.654
1.983,-0.244
1.823,-0.754
1.922,0.985
1.797,0.787
1.644,-0.418
1.45,-0.069
1.199,-2.687
1.132,-1.003
1.23,-1.875
1.146,-1.243
1.071,0.578
0.884,-1.414
0.894,-0.994
0.84,-2.777
0.578,-1.095
0.535,1.13
0.398,-2.131
0.329,-2.844
0.228,0.381
-0.224,-2.479
-0.105,0.849
-0.201,1.138
-0.314,-0.92
-0.361,-1.222
-0.39,-0.278
-0.677,-1.249
-0.634,1.054
-0.804,0.085
-1.008,-1.731
-1.055,0.459
-1.148,-2.593
-1.162,0.826
-1.299,0.025
-1.172,0.483
-1.216,-0.402
-1.262,-1.195
-1.24,0.527
-1.508,1.046
-1.445,0.983
-1.447,-0.2
-1.517,-0.535
-1.55,-0.667
-1.653,-1.172
-1.704,-1.681
-1.625,-1.708
-1.638,-2.263
-1.877,0.63
-1.999,-2.461
-2.228,-1.891
-2.175,-2.333
-2.225,0.857
-2.404,-2.636
-2.436,-1.976
-2.355,0.808
-2.714,-2.767
-3.112,-2.487
-3.124,0.442
-3.131,-1.168
3.008,-1.066
3.005,-3.129
2.414,-3.049
2.165,-3.113
2.091,-3.186
1.688,-3.07
1.195,-3.008
-0.356,-3.041
-1.416,-3.28
-1.487,-3.174
-1.377,-3.298
-1.923,-3.229
-1.841,-2.896
-1.937,-2.936
-2.15,-3.205
-2.72,-3.076
-2.996,-3.342
2.648,1.345
2.65,1.414
2.424,1.394
1.216,1.412
0.363,1.392
-0.091,1.408
-0.342,1.398
-0.898,1.22
-0.928,1.283
-1.029,1.364
-2.098,1.398
-2.29,1.331
2.006,0.665
1.698,-1.256
1.429,-1.237
0.782,-1.265
-0.782,0.11
-0.905,-1.126
-1.094,-1.85
-1.47,-1.093
-1.429,-0.947
-1.515,-1.203
-3.006,-2.808
2.421,0.092
2.051,-2.386
0.449,-1.344
-0.98,-0.471
-1.167,0.664
-1.667,-2.161
-1.962,-0.477
1.71,-0.179
1.434,-1.545
-1.459,-0.109
-1.662,-2.491
-1.76,-0.066
-2.402,-1.632
1.864,-2.733
-1.324,0.89
-1.251,-2.588
0.359,-3.34
0.055,-0.062
-0.007,-0.808
-0.044,1.807
-0.112,0.119
-0.112,-1.661
-0.07,1.24
-0.156,1.656
-0.117,0.184
-0.15,0.84
-0.334,-0.262
-0.278,-0.039
-0.332,1.187
-0.275,1.114
-0.339,0.779
-0.443,0.698
-0.414,-0.729
-0.489,-0.627
-0.501,0.659
-0.477,-0.563
-0.533,1.496
-0.626,0.311
-0.662,-0.706
-0.762,1.028
-0.731,-0.868
-0.884,1.277
-0.984,-0.352
-0.971,1.109
-0.953,0.85
-1.001,0.597
-1.045,1.149
-1.042,-0.775
-1.023,0.574
-1.053,-1.216
-1.068,-0.377
-1.093,1.464
-1.099,-1.078
-1.134,0.53
-1.211,-1.91
-1.146,-0.579
-1.161,-1.984
-1.251,-0.913
-1.177,-1.817
-1.204,-1.045
-1.273,0.058
-1.261,-1.08
-1.361,1.628
-1.296,1.147
-1.403,-0.859
-1.353,-1.358
-1.377,-0.377
-1.449,-1.14
-1.424,-2.169
-1.52,0.118
-1.511,-1.336
-1.562,-0.335
-1.595,-1.5
-1.64,-0.488
-1.715,1.176
-1.716,-0.516
-1.692,-0.271
-1.776,0.267
-1.714,-0.28
-1.875,1.215
-1.817,0.914
-1.951,0.638
-1.902,-1.599
-1.879,-1.533
-1.939,-1.946
-2.042,1.819
-2.054,0.691
-1.983,1.833
-2.166,-1.158
-2.103,1.198
-2.187,-1.128
-2.277,1.594
-2.315,-2.006
-2.415,-0.25
-2.355,-1.547
-2.459,-1.895
-2.644,-2.138
-2.799,0.031
-2.787,0.946
-2.941,0.131
-2.992,1.094
-3.005,0.748
-3.01,0.247
-3.041,1.44
3.137,-1.409
3.085,-0.478
3.113,-0.335
2.963,-2.38
2.75,-2.312
2.78,-2.146
1.965,-2.208
1.481,-2.32
1.37,-2.424
0.702,-2.321
0.729,-2.495
0.627,-2.414
0.035,-2.295
-0.497,-2.683
-1.337,-2.716
-1.574,-2.527
-1.723,-2.429
-2.079,-2.289
-2.407,-2.37
-2.762,-2.289
2.678,1.983
2.471,2.074
2.126,2.024
1.764,1.96
1.667,1.757
1.723,2.049
-0.181,1.974
-0.856,2.082
-0.953,2.121
-1.262,1.903
-1.786,1.828
3.094,1.95
1.488,0.347
0.897,-1.944
-0.328,0.031
-0.524,0.108
-0.884,-0.003
-1.239,0.877
-1.782,-1.279
1.519,1.884
2.989,1.736
3.005,1.403
3.029,-1.093
2.893,-1.784
2.499,-1.306
2.593,-0.022
2.473,1.683
2.493,1.421
2.593,-0.727
2.595,0.145
2.429,0.436
2.474,-0.172
2.425,-0.149
2.28,1.611
2.384,-0.22
2.266,0.656
2.225,-0.401
2.232,-1.156
2.351,-0.789
2.336,0.031
2.282,1.816
2.13,0.273
2.086,1.738
2.106,0.022
2.097,0.432
1.937,-0.078
2.036,1.661
1.911,1.463
1.758,0.258
1.564,0.607
1.313,-2.011
1.246,-0.327
1.344,-1.199
1.26,-0.567
1.185,1.254
0.998,-0.738
1.008,-0.318
0.954,-2.101
0.692,-0.419
0.649,1.806
0.512,-1.455
0.443,-2.168
0.342,1.057
-0.11,-1.803
0.009,1.525
-0.087,1.814
-0.2,-0.244
-0.247,-0.546
-0.276,0.398
-0.563,-0.573
-0.52,1.73
-0.69,0.761
-0.894,-1.055
-0.941,1.135
-1.034,-1.917
-1.048,1.502
-1.185,0.701
-1.058,1.159
-1.102,0.274
-1.148,-0.519
-1.126,1.203
-1.394,1.722
-1.331,1.659
-1.333,0.476
-1.403,0.141
-1.436,0.009
-1.539,-0.496
-1.59,-1.005
-1.511,-1.032
-1.524,-1.587
-1.763,1.306
-1.885,-1.785
-2.114,-1.215
-2.061,-1.657
-2.111,1.533
-2.29,-1.96
-2.322,-1.3
-2.241,1.484
-2.6,-2.091
-2.998,-1.811
-3.01,1.118
-3.017,-0.492
3.122,-0.39
3.119,-2.453
2.528,-2.373
2.279,-2.437
2.205,-2.51
1.802,-2.394
1.309,-2.332
-0.242,-2.365
-1.302,-2.604
-1.373,-2.498
-1.263,-2.622
-1.809,-2.553
-1.727,-2.22
-1.823,-2.26
-2.036,-2.529
-2.606,-2.4
-2.882,-2.666
2.762,2.021
2.764,2.09
2.538,2.07
1.33,2.088
0.477,2.068
0.023,2.084
-0.228,2.074
-0.784,1.896
-0.814,1.959
-0.915,2.04
-1.984,2.074
-2.176,2.007
2.12,1.341
1.812,-0.58
1.543,-0.561
0.896,-0.589
-0.668,0.786
-0.791,-0.45
-0.98,-1.174
-1.356,-0.417
-1.315,-0.271
-1.401,-0.527
-2.892,-2.132
2.535,0.768
2.165,-1.71
0.563,-0.668
-0.866,0.205
-1.053,1.34
-1.553,-1.485
-1.848,0.199
1.824,0.497
1.548,-0.869
-1.345,0.567
-1.548,-1.815
-1.646,0.61
-2.288,-0.956
1.978,-2.057
-1.21,1.566
-1.137,-1.912
0.473,-2.664
-0.062,-0.746
-0.099,1.869
-0.167,0.181
-0.167,-1.599
-0.125,1.302
-0.211,1.718
-0.172,0.246
-0.205,0.902
-0.389,-0.2
-0.333,0.023
-0.387,1.249
-0.33,1.176
-0.394,0.841
-0.498,0.76
-0.469,-0.667
-0.544,-0.565
-0.556,0.721
-0.532,-0.501
-0.588,1.558
-0.681,0.373
-0.717,-0.644
-0.817,1.09
-0.786,-0.806
-0.939,1.339
-1.039,-0.29
-1.026,1.171
-1.008,0.912
-1.056,0.659
-1.1,1.211
-1.097,-0.713
-1.078,0.636
-1.108,-1.154
-1.123,-0.315
-1.148,1.526
-1.154,-1.016
-1.189,0.592
-1.266,-1.848
-1.201,-0.517
-1.216,-1.922
-1.306,-0.851
-1.232,-1.755
-1.259,-0.983
-1.328,0.12
-1.316,-1.018
-1.416,1.69
-1.351,1.209
-1.458,-0.797
-1.408,-1.296
-1.432,-0.315
-1.504,-1.078
-1.479,-2.107
-1.575,0.18
-1.566,-1.274
-1.617,-0.273
-1.65,-1.438
-1.695,-0.426
-1.77,1.238
-1.771,-0.454
-1.747,-0.209
-1.831,0.329
-1.769,-0.218
-1.93,1.277
-1.872,0.976
-2.006,0.7
-1.957,-1.537
-1.934,-1.471
-1.994,-1.884
-2.097,1.881
-2.109,0.753
-2.038,1.895
-2.221,-1.096
-2.158,1.26
-2.242,-1.066
-2.332,1.656
-2.37,-1.944
-2.47,-0.188
-2.41,-1.485
-2.514,-1.833
-2.699,-2.076
-2.854,0.093
-2.842,1.008
-2.996,0.193
-3.047,1.156
-3.06,0.81
-3.065,0.309
-3.096,1.502
3.082,-1.347
3.03,-0.416
3.058,-0.273
2.908,-2.318
2.695,-2.25
2.725,-2.084
1.91,-2.146
1.426,-2.258
1.315,-2.362
0.647,-2.259
0.674,-2.433
0.572,-2.352
-0.02,-2.233
-0.552,-2.621
-1.392,-2.654
-1.629,-2.465
-1.778,-2.367
-2.134,-2.227
-2.462,-2.308
-2.817,-2.227
2.623,2.045
2.416,2.136
2.071,2.086
1.709,2.022
1.612,1.819
1.668,2.111
-0.236,2.036
-0.911,2.144
-1.008,2.183
-1.317,1.965
-1.841,1.89
3.039,2.012
1.433,0.409
0.842,-1.882
-0.383,0.093
-0.579,0.17
-0.939,0.059
-1.294,0.939
-1.837,-1.217
1.464,1.946
2.934,1.798
2.95,1.465
2.974,-1.031
2.838,-1.722
2.444,-1.244
2.538,0.04
2.418,1.745
2.438,1.483
2.538,-0.665
2.54,0.207
2.374,0.498
2.419,-0.11
2.37,-0.087
2.225,1.673
2.329,-0.158
2.211,0.718
2.17,-0.339
2.177,-1.094
2.296,-0.727
2.281,0.093
2.227,1.878
2.075,0.335
2.031,1.8
2.051,0.084
2.042,0.494
1.882,-0.016
1.981,1.723
1.856,1.525
1.703,0.32
1.509,0.669
1.258,-1.949
1.191,-0.265
1.289,-1.137
1.205,-0.505
1.13,1.316
0.943,-0.676
0.953,-0.256
0.899,-2.039
0.637,-0.357
0.594,1.868
0.457,-1.393
0.388,-2.106
0.287,1.119
-0.165,-1.741
-0.046,1.587
-0.142,1.876
-0.255,-0.182
-0.302,-0.484
-0.331,0.46
-0.618,-0.511
-0.575,1.792
-0.745,0.823
-0.949,-0.993
-0.996,1.197
-1.089,-1.855
-1.103,1.564
-1.24,0.763
-1.113,1.221
-1.157,0.336
-1.203,-0.457
-1.181,1.265
-1.449,1.784
-1.386,1.721
-1.388,0.538
-1.458,0.203
-1.491,0.071
-1.594,-0.434
-1.645,-0.943
-1.566,-0.97
-1.579,-1.525
-1.818,1.368
-1.94,-1.723
-2.169,-1.153
-2.116,-1.595
-2.166,1.595
-2.345,-1.898
-2.377,-1.238
-2.296,1.546
-2.655,-2.029
-3.053,-1.749
-3.065,1.18
-3.072,-0.43
3.067,-0.328
3.064,-2.391
2.473,-2.311
2.224,-2.375
2.15,-2.448
1.747,-2.332
1.254,-2.27
-0.297,-2.303
-1.357,-2.542
-1.428,-2.436
-1.318,-2.56
-1.864,-2.491
-1.782,-2.158
-1.878,-2.198
-2.091,-2.467
-2.661,-2.338
-2.937,-2.604
2.707,2.083
2.709,2.152
2.483,2.132
1.275,2.15
0.422,2.13
-0.032,2.146
-0.283,2.136
-0.839,1.958
-0.869,2.021
-0.97,2.102
-2.039,2.136
-2.231,2.069
2.065,1.403
1.757,-0.518
1.488,-0.499
0.841,-0.527
-0.723,0.848
-0.846,-0.388
-1.035,-1.112
-1.411,-0.355
-1.37,-0.209
-1.456,-0.465
-2.947,-2.07
2.48,0.83
2.11,-1.648
0.508,-0.606
-0.921,0.267
-1.108,1.402
-1.608,-1.423
-1.903,0.261
1.769,0.559
1.493,-0.807
-1.4,0.629
-1.603,-1.753
-1.701,0.672
-2.343,-0.894
1.923,-1.995
-1.265,1.628
-1.192,-1.85
0.418,-2.602
-0.037,2.615
-0.105,0.927
-0.105,-0.853
-0.063,2.048
-0.149,2.464
-0.11,0.992
-0.143,1.648
-0.327,0.546
-0.271,0.769
-0.325,1.995
-0.268,1.922
-0.332,1.587
-0.436,1.506
-0.407,0.079
-0.482,0.181
-0.494,1.467
-0.47,0.245
-0.526,2.304
-0.619,1.119
-0.655,0.102
-0.755,1.836
-0.724,-0.06
-0.877,2.085
-0.977,0.456
-0.964,1.917
-0.946,1.658
-0.994,1.405
-1.038,1.957
-1.035,0.033
-1.016,1.382
-1.046,-0.408
-1.061,0.431
-1.086,2.272
-1.092,-0.27
-1.127,1.338
-1.204,-1.102
-1.139,0.229
-1.154,-1.176
-1.244,-0.105
-1.17,-1.009
-1.197,-0.237
-1.266,0.866
-1.254,-0.272
-1.354,2.436
-1.289,1.955
-1.396,-0.051
-1.346,-0.55
-1.37,0.431
-1.442,-0.332
-1.417,-1.361
-1.513,0.926
-1.504,-0.528
-1.555,0.473
-1.588,-0.692
-1.633,0.32
-1.708,1.984
-1.709,0.292
-1.685,0.537
-1.769,1.075
-1.707,0.528
-1.868,2.023
-1.81,1.722
-1.944,1.446
-1.895,-0.791
-1.872,-0.725
-1.932,-1.138
-2.035,2.627
-2.047,1.499
-1.976,2.641
-2.159,-0.35
-2.096,2.006
-2.18,-0.32
-2.27,2.402
-2.308,-1.198
-2.408,0.558
-2.348,-0.739
-2.452,-1.087
-2.637,-1.33
-2.792,0.839
-2.78,1.754
-2.934,0.939
-2.985,1.902
-2.998,1.556
-3.003,1.055
-3.034,2.248
-3.139,-0.601
3.092,0.33
3.12,0.473
2.97,-1.572
2.757,-1.504
2.787,-1.338
1.972,-1.4
1.488,-1.512
1.377,-1.616
0.709,-1.513
0.736,-1.687
0.634,-1.606
0.042,-1.487
-0.49,-1.875
-1.33,-1.908
-1.567,-1.719
-1.716,-1.621
-2.072,-1.481
-2.4,-1.562
-2.755,-1.481
2.685,2.791
2.478,2.882
2.133,2.832
1.771,2.768
1.674,2.565
1.73,2.857
-0.174,2.782
-0.849,2.89
-0.946,2.929
-1.255,2.711
-1.779,2.636
3.101,2.758
1.495,1.155
0.904,-1.136
-0.321,0.839
-0.517,0.916
-0.877,0.805
-1.232,1.685
-1.775,-0.471
1.526,2.692
2.996,2.544
3.012,2.211
3.036,-0.285
2.9,-0.976
2.506,-0.498
2.6,0.786
2.48,2.491
2.5,2.229
2.6,0.081
2.602,0.953
2.436,1.244
2.481,0.636
2.432,0.659
2.287,2.419
2.391,0.588
2.273,1.464
2.232,0.407
2.239,-0.348
2.358,0.019
2.343,0.839
2.289,2.624
2.137,1.081
2.093,2.546
2.113,0.83
2.104,1.24
1.944,0.73
2.043,2.469
1.918,2.271
1.765,1.066
1.571,1.415
1.32,-1.203
1.253,0.481
1.351,-0.391
1.267,0.241
1.192,2.062
1.005,0.07
1.015,0.49
0.961,-1.293
0.699,0.389
0.656,2.614
0.519,-0.647
0.45,-1.36
0.349,1.865
-0.103,-0.995
0.016,2.333
-0.08,2.622
-0.193,0.564
-0.24,0.262
-0.269,1.206
-0.556,0.235
-0.513,2.538
-0.683,1.569
-0.887,-0.247
-0.934,1.943
-1.027,-1.109
-1.041,2.31
-1.178,1.509
-1.051,1.967
-1.095,1.082
-1.141,0.289
-1.119,2.011
-1.387,2.53
-1.324,2.467
-1.326,1.284
-1.396,0.949
-1.429,0.817
-1.532,0.312
-1.583,-0.197
-1.504,-0.224
-1.517,-0.779
-1.756,2.114
-1.878,-0.977
-2.107,-0.407
-2.054,-0.849
-2.104,2.341
-2.283,-1.152
-2.315,-0.492
-2.234,2.292
-2.593,-1.283
-2.991,-1.003
-3.003,1.926
-3.01,0.316
3.129,0.418
3.126,-1.645
2.535,-1.565
2.286,-1.629
2.212,-1.702
1.809,-1.586
1.316,-1.524
-0.235,-1.557
-1.295,-1.796
-1.366,-1.69
-1.256,-1.814
-1.802,-1.745
-1.72,-1.412
-1.816,-1.452
-2.029,-1.721
-2.599,-1.592
-2.875,-1.858
2.769,2.829
2.771,2.898
2.545,2.878
1.337,2.896
0.484,2.876
0.03,2.892
-0.221,2.882
-0.777,2.704
-0.807,2.767
-0.908,2.848
-1.977,2.882
-2.169,2.815
2.127,2.149
1.819,0.228
1.55,0.247
0.903,0.219
-0.661,1.594
-0.784,0.358
-0.973,-0.366
-1.349,0.391
-1.308,0.537
-1.394,0.281
-2.885,-1.324
2.542,1.576
2.172,-0.902
0.57,0.14
-0.859,1.013
-1.046,2.148
-1.546,-0.677
-1.841,1.007
1.831,1.305
1.555,-0.061
-1.338,1.375
-1.541,-1.007
-1.639,1.418
-2.281,-0.148
1.985,-1.249
-1.203,2.374
-1.13,-1.104
0.48,-1.856
-0.068,-1.688
-0.068,-3.468
-0.026,-0.567
-0.112,-0.151
-0.073,-1.623
-0.106,-0.967
-0.29,-2.069
-0.234,-1.846
-0.288,-0.62
-0.231,-0.693
-0.295,-1.028
-0.399,-1.109
-0.37,-2.536
-0.445,-2.434
-0.457,-1.148
-0.433,-2.37
-0.489,-0.311
-0.582,-1.496
-0.618,-2.513
-0.718,-0.779
-0.687,-2.675
-0.84,-0.53
-0.94,-2.159
-0.927,-0.698
-0.909,-0.957
-0.957,-1.21
-1.001,-0.658
-0.998,-2.582
-0.979,-1.233
-1.009,-3.023
-1.024,-2.184
-1.049,-0.343
-1.055,-2.885
-1.09,-1.277
-1.167,-3.717
-1.102,-2.386
-1.117,-3.791
-1.207,-2.72
-1.133,-3.624
-1.16,-2.852
-1.229,-1.749
-1.217,-2.887
-1.317,-0.179
-1.252,-0.66
-1.359,-2.666
-1.309,-3.165
-1.333,-2.184
-1.405,-2.947
-1.38,-3.976
-1.476,-1.689
-1.467,-3.143
-1.518,-2.142
-1.551,-3.307
-1.596,-2.295
-1.671,-0.631
-1.672,-2.323
-1.648,-2.078
-1.732,-1.54
-1.67,-2.087
-1.831,-0.592
-1.773,-0.893
-1.907,-1.169
-1.858,-3.406
-1.835,-3.34
-1.895,-3.753
-1.998,0.012
-2.01,-1.116
-1.939,0.026
-2.122,-2.965
-2.059,-0.609
-2.143,-2.935
-2.233,-0.213
-2.271,-3.813
-2.371,-2.057
-2.311,-3.354
-2.415,-3.702
-2.6,-3.945
-2.755,-1.776
-2.743,-0.861
-2.897,-1.676
-2.948,-0.713
-2.961,-1.059
-2.966,-1.56
-2.997,-0.367
-3.102,-3.216
3.129,-2.285
-3.126,-2.142
3.007,-4.187
2.794,-4.119
2.824,-3.953
2.009,-4.015
1.525,-4.127
1.414,-4.231
0.746,-4.128
0.773,-4.302
0.671,-4.221
0.079,-4.102
-0.453,-4.49
-1.293,-4.523
-1.53,-4.334
-1.679,-4.236
-2.035,-4.096
-2.363,-4.177
-2.718,-4.096
2.722,0.176
2.515,0.267
2.17,0.217
1.808,0.153
1.711,-0.05
1.767,0.242
-0.137,0.167
-0.812,0.275
-0.909,0.314
-1.218,0.096
-1.742,0.021
3.138,0.143
1.532,-1.46
0.941,-3.751
-0.284,-1.776
-0.48,-1.699
-0.84,-1.81
-1.195,-0.93
-1.738,-3.086
1.563,0.077
3.033,-0.071
3.049,-0.404
3.073,-2.9
2.937,-3.591
2.543,-3.113
2.637,-1.829
2.517,-0.124
2.537,-0.386
2.637,-2.534
2.639,-1.662
2.473,-1.371
2.518,-1.979
2.469,-1.956
2.324,-0.196
2.428,-2.027
2.31,-1.151
2.269,-2.208
2.276,-2.963
2.395,-2.596
2.38,-1.776
2.326,0.009
2.174,-1.534
2.13,-0.069
2.15,-1.785
2.141,-1.375
1.981,-1.885
2.08,-0.146
1.955,-0.344
1.802,-1.549
1.608,-1.2
1.357,-3.818
1.29,-2.134
1.388,-3.006
1.304,-2.374
1.229,-0.553
1.042,-2.545
1.052,-2.125
0.998,-3.908
0.736,-2.226
0.693,-0.001
0.556,-3.262
0.487,-3.975
0.386,-0.75
-0.066,-3.61
0.053,-0.282
-0.043,0.007
-0.156,-2.051
-0.203,-2.353
-0.232,-1.409
-0.519,-2.38
-0.476,-0.077
-0.646,-1.046
-0.85,-2.862
-0.897,-0.672
-0.99,-3.724
-1.004,-0.305
-1.141,-1.106
-1.014,-0.648
-1.058,-1.533
-1.104,-2.326
-1.082,-0.604
-1.35,-0.085
-1.287,-0.148
-1.289,-1.331
-1.359,-1.666
-1.392,-1.798
-1.495,-2.303
-1.546,-2.812
-1.467,-2.839
-1.48,-3.394
-1.719,-0.501
-1.841,-3.592
-2.07,-3.022
-2.017,-3.464
-2.067,-0.274
-2.246,-3.767
-2.278,-3.107
-2.197,-0.323
-2.556,-3.898
-2.954,-3.618
-2.966,-0.689
-2.973,-2.299
-3.117,-2.197
-3.12,-4.26
2.572,-4.18
2.323,-4.244
2.249,-4.317
1.846,-4.201
1.353,-4.139
-0.198,-4.172
-1.258,-4.411
-1.329,-4.305
-1.219,-4.429
-1.765,-4.36
-1.683,-4.027
-1.779,-4.067
-1.992,-4.336
-2.562,-4.207
-2.838,-4.473
2.806,0.214
2.808,0.283
2.582,0.263
1.374,0.281
0.521,0.261
0.067,0.277
-0.184,0.267
-0.74,0.089
-0.77,0.152
-0.871,0.233
-1.94,0.267
-2.132,0.2
2.164,-0.466
1.856,-2.387
1.587,-2.368
0.94,-2.396
-0.624,-1.021
-0.747,-2.257
-0.936,-2.981
-1.312,-2.224
-1.271,-2.078
-1.357,-2.334
-2.848,-3.939
2.579,-1.039
2.209,-3.517
0.607,-2.475
-0.822,-1.602
-1.009,-0.467
-1.509,-3.292
-1.804,-1.608
1.868,-1.31
1.592,-2.676
-1.301,-1.24
-1.504,-3.622
-1.602,-1.197
-2.244,-2.763
2.022,-3.864
-1.166,-0.241
-1.093,-3.719
0.517,-4.471
0.0,-1.78
0.042,1.121
-0.044,1.537
-0.005,0.065
-0.038,0.721
-0.222,-0.381
-0.166,-0.158
-0.22,1.068
-0.163,0.995
-0.227,0.66
-0.331,0.579
-0.302,-0.848
-0.377,-0.746
-0.389,0.54
-0.365,-0.682
-0.421,1.377
-0.514,0.192
-0.55,-0.825
-0.65,0.909
-0.619,-0.987
-0.772,1.158
-0.872,-0.471
-0.859,0.99
-0.841,0.731
-0.889,0.478
-0.933,1.03
-0.93,-0.894
-0.911,0.455
-0.941,-1.335
-0.956,-0.496
-0.981,1.345
-0.987,-1.197
-1.022,0.411
-1.099,-2.029
-1.034,-0.698
-1.049,-2.103
-1.139,-1.032
-1.065,-1.936
-1.092,-1.164
-1.161,-0.061
-1.149,-1.199
-1.249,1.509
-1.184,1.028
-1.291,-0.978
-1.241,-1.477
-1.265,-0.496
-1.337,-1.259
-1.312,-2.288
-1.408,-0.001
-1.399,-1.455
-1.45,-0.454
-1.483,-1.619
-1.528,-0.607
-1.603,1.057
-1.604,-0.635
-1.58,-0.39
-1.664,0.148
-1.602,-0.399
-1.763,1.096
-1.705,0.795
-1.839,0.519
-1.79,-1.718
-1.767,-1.652
-1.827,-2.065
-1.93,1.7
-1.942,0.572
-1.871,1.714
-2.054,-1.277
-1.991,1.079
-2.075,-1.247
-2.165,1.475
-2.203,-2.125
-2.303,-0.369
-2.243,-1.666
-2.347,-2.014
-2.532,-2.257
-2.687,-0.088
-2.675,0.827
-2.829,0.012
-2.88,0.975
-2.893,0.629
-2.898,0.128
-2.929,1.321
-3.034,-1.528
-3.086,-0.597
-3.058,-0.454
3.075,-2.499
2.862,-2.431
2.892,-2.265
2.077,-2.327
1.593,-2.439
1.482,-2.543
0.814,-2.44
0.841,-2.614
0.739,-2.533
0.147,-2.414
-0.385,-2.802
-1.225,-2.835
-1.462,-2.646
-1.611,-2.548
-1.967,-2.408
-2.295,-2.489
-2.65,-2.408
2.79,1.864
2.583,1.955
2.238,1.905
1.876,1.841
1.779,1.638
1.835,1.93
-0.069,1.855
-0.744,1.963
-0.841,2.002
-1.15,1.784
-1.674,1.709
-3.077,1.831
1.6,0.228
1.009,-2.063
-0.216,-0.088
-0.412,-0.011
-0.772,-0.122
-1.127,0.758
-1.67,-1.398
1.631,1.765
3.101,1.617
3.117,1.284
3.141,-1.212
3.005,-1.903
2.611,-1.425
2.705,-0.141
2.585,1.564
2.605,1.302
2.705,-0.846
2.707,0.026
2.541,0.317
2.586,-0.291
2.537,-0.268
2.392,1.492
2.496,-0.339
2.378,0.537
2.337,-0.52
2.344,-1.275
2.463,-0.908
2.448,-0.088
2.394,1.697
2.242,0.154
2.198,1.619
2.218,-0.097
2.209,0.313
2.049,-0.197
2.148,1.542
2.023,1.344
1.87,0.139
1.676,0.488
1.425,-2.13
1.358,-0.446
1.456,-1.318
1.372,-0.686
1.297,1.135
1.11,-0.857
1.12,-0.437
1.066,-2.22
0.804,-0.538
0.761,1.687
0.624,-1.574
0.555,-2.287
0.454,0.938
0.002,-1.922
0.121,1.406
0.025,1.695
-0.088,-0.363
-0.135,-0.665
-0.164,0.279
-0.451,-0.692
-0.408,1.611
-0.578,0.642
-0.782,-1.174
-0.829,1.016
-0.922,-2.036
-0.936,1.383
-1.073,0.582
-0.946,1.04
-0.99,0.155
-1.036,-0.638
-1.014,1.084
-1.282,1.603
-1.219,1.54
-1.221,0.357
-1.291,0.022
-1.324,-0.11
-1.427,-0.615
-1.478,-1.124
-1.399,-1.151
-1.412,-1.706
-1.651,1.187
-1.773,-1.904
-2.002,-1.334
-1.949,-1.776
-1.999,1.414
-2.178,-2.079
-2.21,-1.419
-2.129,1.365
-2.488,-2.21
-2.886,-1.93
-2.898,0.999
-2.905,-0.611
-3.049,-0.509
-3.052,-2.572
2.64,-2.492
2.391,-2.556
2.317,-2.629
1.914,-2.513
1.421,-2.451
-0.13,-2.484
-1.19,-2.723
-1.261,-2.617
-1.151,-2.741
-1.697,-2.672
-1.615,-2.339
-1.711,-2.379
-1.924,-2.648
-2.494,-2.519
-2.77,-2.785
2.874,1.902
2.876,1.971
2.65,1.951
1.442,1.969
0.589,1.949
0.135,1.965
-0.116,1.955
-0.672,1.777
-0.702,1.84
-0.803,1.921
-1.872,1.955
-2.064,1.888
2.232,1.222
1.924,-0.699
1.655,-0.68
1.008,-0.708
-0.556,0.667
-0.679,-0.569
-0.868,-1.293
-1.244,-0.536
-1.203,-0.39
-1.289,-0.646
-2.78,-2.251
2.647,0.649
2.277,-1.829
0.675,-0.787
-0.754,0.086
-0.941,1.221
-1.441,-1.604
-1.736,0.08
1.936,0.378
1.66,-0.988
-1.233,0.448
-1.436,-1.934
-1.534,0.491
-2.176,-1.075
2.09,-2.176
-1.098,1.447
-1.025,-2.031
0.585,-2.783
0.042,2.901
-0.044,3.317
-0.005,1.845
-0.038,2.501
-0.222,1.399
-0.166,1.622
-0.22,2.848
-0.163,2.775
-0.227,2.44
-0.331,2.359
-0.302,0.932
-0.377,1.034
-0.389,2.32
-0.365,1.098
-0.421,3.157
-0.514,1.972
-0.55,0.955
-0.65,2.689
-0.619,0.793
-0.772,2.938
-0.872,1.309
-0.859,2.77
-0.841,2.511
-0.889,2.258
-0.933,2.81
-0.93,0.886
-0.911,2.235
-0.941,0.445
-0.956,1.284
-0.981,3.125
-0.987,0.583
-1.022,2.191
-1.099,-0.249
-1.034,1.082
-1.049,-0.323
-1.139,0.748
-1.065,-0.156
-1.092,0.616
-1.161,1.719
-1.149,0.581
-1.249,3.289
-1.184,2.808
-1.291,0.802
-1.241,0.303
-1.265,1.284
-1.337,0.521
-1.312,-0.508
-1.408,1.779
-1.399,0.325
-1.45,1.326
-1.483,0.161
-1.528,1.173
-1.603,2.837
-1.604,1.145
-1.58,1.39
-1.664,1.928
-1.602,1.381
-1.763,2.876
-1.705,2.575
-1.839,2.299
-1.79,0.062
-1.767,0.128
-1.827,-0.285
-1.93,3.48
-1.942,2.352
-1.871,3.494
-2.054,0.503
-1.991,2.859
-2.075,0.533
-2.165,3.255
-2.203,-0.345
-2.303,1.411
-2.243,0.114
-2.347,-0.234
-2.532,-0.477
-2.687,1.692
-2.675,2.607
-2.829,1.792
-2.88,2.755
-2.893,2.409
-2.898,1.908
-2.929,3.101
-3.034,0.252
-3.086,1.183
-3.058,1.326
3.075,-0.719
2.862,-0.651
2.892,-0.485
2.077,-0.547
1.593,-0.659
1.482,-0.763
0.814,-0.66
0.841,-0.834
0.739,-0.753
0.147,-0.634
-0.385,-1.022
-1.225,-1.055
-1.462,-0.866
-1.611,-0.768
-1.967,-0.628
-2.295,-0.709
-2.65,-0.628
2.79,3.644
2.583,3.735
2.238,3.685
1.876,3.621
1.779,3.418
1.835,3.71
-0.069,3.635
-0.744,3.743
-0.841,3.782
-1.15,3.564
-1.674,3.489
-3.077,3.611
1.6,2.008
1.009,-0.283
-0.216,1.692
-0.412,1.769
-0.772,1.658
-1.127,2.538
-1.67,0.382
1.631,3.545
3.101,3.397
3.117,3.064
3.141,0.568
3.005,-0.123
2.611,0.355
2.705,1.639
2.585,3.344
2.605,3.082
2.705,0.934
2.707,1.806
2.541,2.097
2.586,1.489
2.537,1.512
2.392,3.272
2.496,1.441
2.378,2.317
2.337,1.26
2.344,0.505
2.463,0.872
2.448,1.692
2.394,3.477
2.242,1.934
2.198,3.399
2.218,1.683
2.209,2.093
2.049,1.583
2.148,3.322
2.023,3.124
1.87,1.919
1.676,2.268
1.425,-0.35
1.358,1.334
1.456,0.462
1.372,1.094
1.297,2.915
1.11,0.923
1.12,1.343
1.066,-0.44
0.804,1.242
0.761,3.467
0.624,0.206
0.555,-0.507
0.454,2.718
0.002,-0.142
0.121,3.186
0.025,3.475
-0.088,1.417
-0.135,1.115
-0.164,2.059
-0.451,1.088
-0.408,3.391
-0.578,2.422
-0.782,0.606
-0.829,2.796
-0.922,-0.256
-0.936,3.163
-1.073,2.362
-0.946,2.82
-0.99,1.935
-1.036,1.142
-1.014,2.864
-1.282,3.383
-1.219,3.32
-1.221,2.137
-1.291,1.802
-1.324,1.67
-1.427,1.165
-1.478,0.656
-1.399,0.629
-1.412,0.074
-1.651,2.967
-1.773,-0.124
-2.002,0.446
-1.949,0.004
-1.999,3.194
-2.178,-0.299
-2.21,0.361
-2.129,3.145
-2.488,-0.43
-2.886,-0.15
-2.898,2.779
-2.905,1.169
-3.049,1.271
-3.052,-0.792
2.64,-0.712
2.391,-0.776
2.317,-0.849
1.914,-0.733
1.421,-0.671
-0.13,-0.704
-1.19,-0.943
-1.261,-0.837
-1.151,-0.961
-1.697,-0.892
-1.615,-0.559
-1.711,-0.599
-1.924,-0.868
-2.494,-0.739
-2.77,-1.005
2.874,3.682
2.876,3.751
2.65,3.731
1.442,3.749
0.589,3.729
0.135,3.745
-0.116,3.735
-0.672,3.557
-0.702,3.62
-0.803,3.701
-1.872,3.735
-2.064,3.668
2.232,3.002
1.924,1.081
1.655,1.1
1.008,1.072
-0.556,2.447
-0.679,1.211
-0.868,0.487
-1.244,1.244
-1.203,1.39
-1.289,1.134
-2.78,-0.471
2.647,2.429
2.277,-0.049
0.675,0.993
-0.754,1.866
-0.941,3.001
-1.441,0.176
-1.736,1.86
1.936,2.158
1.66,0.792
-1.233,2.228
-1.436,-0.154
-1.534,2.271
-2.176,0.705
2.09,-0.396
-1.098,3.227
-1.025,-0.251
0.585,-1.003
-0.086,0.416
-0.047,-1.056
-0.08,-0.4
-0.264,-1.502
-0.208,-1.279
-0.262,-0.053
-0.205,-0.126
-0.269,-0.461
-0.373,-0.542
-0.344,-1.969
-0.419,-1.867
-0.431,-0.581
-0.407,-1.803
-0.463,0.256
-0.556,-0.929
-0.592,-1.946
-0.692,-0.212
-0.661,-2.108
-0.814,0.037
-0.914,-1.592
-0.901,-0.131
-0.883,-0.39
-0.931,-0.643
-0.975,-0.091
-0.972,-2.015
-0.953,-0.666
-0.983,-2.456
-0.998,-1.617
-1.023,0.224
-1.029,-2.318
-1.064,-0.71
-1.141,-3.15
-1.076,-1.819
-1.091,-3.224
-1.181,-2.153
-1.107,-3.057
-1.134,-2.285
-1.203,-1.182
-1.191,-2.32
-1.291,0.388
-1.226,-0.093
-1.333,-2.099
-1.283,-2.598
-1.307,-1.617
-1.379,-2.38
-1.354,-3.409
-1.45,-1.122
-1.441,-2.576
-1.492,-1.575
-1.525,-2.74
-1.57,-1.728
-1.645,-0.064
-1.646,-1.756
-1.622,-1.511
-1.706,-0.973
-1.644,-1.52
-1.805,-0.025
-1.747,-0.326
-1.881,-0.602
-1.832,-2.839
-1.809,-2.773
-1.869,-3.186
-1.972,0.579
-1.984,-0.549
-1.913,0.593
-2.096,-2.398
-2.033,-0.042
-2.117,-2.368
-2.207,0.354
-2.245,-3.246
-2.345,-1.49
-2.285,-2.787
-2.389,-3.135
-2.574,-3.378
-2.729,-1.209
-2.717,-0.294
-2.871,-1.109
-2.922,-0.146
-2.935,-0.492
-2.94,-0.993
-2.971,0.2
-3.076,-2.649
-3.128,-1.718
-3.1,-1.575
3.033,-3.62
2.82,-3.552
2.85,-3.386
2.035,-3.448
1.551,-3.56
1.44,-3.664
0.772,-3.561
0.799,-3.735
0.697,-3.654
0.105,-3.535
-0.427,-3.923
-1.267,-3.956
-1.504,-3.767
-1.653,-3.669
-2.009,-3.529
-2.337,-3.61
-2.692,-3.529
2.748,0.743
2.541,0.834
2.196,0.784
1.834,0.72
1.737,0.517
1.793,0.809
-0.111,0.734
-0.786,0.842
-0.883,0.881
-1.192,0.663
-1.716,0.588
-3.119,0.71
1.558,-0.893
0.967,-3.184
-0.258,-1.209
-0.454,-1.132
-0.814,-1.243
-1.169,-0.363
-1.712,-2.519
1.589,0.644
3.059,0.496
3.075,0.163
3.099,-2.333
2.963,-3.024
2.569,-2.546
2.663,-1.262
2.543,0.443
2.563,0.181
2.663,-1.967
2.665,-1.095
2.499,-0.804
2.544,-1.412
2.495,-1.389
2.35,0.371
2.454,-1.46
2.336,-0.584
2.295,-1.641
2.302,-2.396
2.421,-2.029
2.406,-1.209
2.352,0.576
2.2,-0.967
2.156,0.498
2.176,-1.218
2.167,-0.808
2.007,-1.318
2.106,0.421
1.981,0.223
1.828,-0.982
1.634,-0.633
1.383,-3.251
1.316,-1.567
1.414,-2.439
1.33,-1.807
1.255,0.014
1.068,-1.978
1.078,-1.558
1.024,-3.341
0.762,-1.659
0.719,0.566
0.582,-2.695
0.513,-3.408
0.412,-0.183
-0.04,-3.043
0.079,0.285
-0.017,0.574
-0.13,-1.484
-0.177,-1.786
-0.206,-0.842
-0.493,-1.813
-0.45,0.49
-0.62,-0.479
-0.824,-2.295
-0.871,-0.105
-0.964,-3.157
-0.978,0.262
-1.115,-0.539
-0.988,-0.081
-1.032,-0.966
-1.078,-1.759
-1.056,-0.037
-1.324,0.482
-1.261,0.419
-1.263,-0.764
-1.333,-1.099
-1.366,-1.231
-1.469,-1.736
-1.52,-2.245
-1.441,-2.272
-1.454,-2.827
-1.693,0.066
-1.815,-3.025
-2.044,-2.455
-1.991,-2.897
-2.041,0.293
-2.22,-3.2
-2.252,-2.54
-2.171,0.244
-2.53,-3.331
-2.928,-3.051
-2.94,-0.122
-2.947,-1.732
-3.091,-1.63
-3.094,-3.693
2.598,-3.613
2.349,-3.677
2.275,-3.75
1.872,-3.634
1.379,-3.572
-0.172,-3.605
-1.232,-3.844
-1.303,-3.738
-1.193,-3.862
-1.739,-3.793
-1.657,-3.46
-1.753,-3.5
-1.966,-3.769
-2.536,-3.64
-2.812,-3.906
2.832,0.781
2.834,0.85
2.608,0.83
1.4,0.848
0.547,0.828
0.093,0.844
-0.158,0.834
-0.714,0.656
-0.744,0.719
-0.845,0.8
-1.914,0.834
-2.106,0.767
2.19,0.101
1.882,-1.82
1.613,-1.801
0.966,-1.829
-0.598,-0.454
-0.721,-1.69
-0.91,-2.414
-1.286,-1.657
-1.245,-1.511
-1.331,-1.767
-2.822,-3.372
2.605,-0.472
2.235,-2.95
0.633,-1.908
-0.796,-1.035
-0.983,0.1
-1.483,-2.725
-1.778,-1.041
1.894,-0.743
1.618,-2.109
-1.275,-0.673
-1.478,-3.055
-1.576,-0.63
-2.218,-2.196
2.048,-3.297
-1.14,0.326
-1.067,-3.152
0.543,-3.904
0.039,-1.472
0.006,-0.816
-0.178,-1.918
-0.122,-1.695
-0.176,-0.469
-0.119,-0.542
-0.183,-0.877
-0.287,-0.958
-0.258,-2.385
-0.333,-2.283
-0.345,-0.997
-0.321,-2.219
-0.377,-0.16
-0.47,-1.345
-0.506,-2.362
-0.606,-0.628
-0.575,-2.524
-0.728,-0.379
-0.828,-2.008
-0.815,-0.547
-0.797,-0.806
-0.845,-1.059
-0.889,-0.507
-0.886,-2.431
-0.867,-1.082
-0.897,-2.872
-0.912,-2.033
-0.937,-0.192
-0.943,-2.734
-0.978,-1.126
-1.055,-3.566
-0.99,-2.235
-1.005,-3.64
-1.095,-2.569
-1.021,-3.473
-1.048,-2.701
-1.117,-1.598
-1.105,-2.736
-1.205,-0.028
-1.14,-0.509
-1.247,-2.515
-1.197,-3.014
-1.221,-2.033
-1.293,-2.796
-1.268,-3.825
-1.364,-1.538
-1.355,-2.992
-1.406,-1.991
-1.439,-3.156
-1.484,-2.144
-1.559,-0.48
-1.56,-2.172
-1.536,-1.927
-1.62,-1.389
-1.558,-1.936
-1.719,-0.441
-1.661,-0.742
-1.795,-1.018
-1.746,-3.255
-1.723,-3.189
-1.783,-3.602
-1.886,0.163
-1.898,-0.965
-1.827,0.177
-2.01,-2.814
-1.947,-0.458
-2.031,-2.784
-2.121,-0.062
-2.159,-3.662
-2.259,-1.906
-2.199,-3.203
-2.303,-3.551
-2.488,-3.794
-2.643,-1.625
-2.631,-0.71
-2.785,-1.525
-2.836,-0.562
-2.849,-0.908
-2.854,-1.409
-2.885,-0.216
-2.99,-3.065
-3.042,-2.134
-3.014,-1.991
3.119,-4.036
2.906,-3.968
2.936,-3.802
2.121,-3.864
1.637,-3.976
1.526,-4.08
0.858,-3.977
0.885,-4.151
0.783,-4.07
0.191,-3.951
-0.341,-4.339
-1.181,-4.372
-1.418,-4.183
-1.567,-4.085
-1.923,-3.945
-2.251,-4.026
-2.606,-3.945
2.834,0.327
2.627,0.418
2.282,0.368
1.92,0.304
1.823,0.101
1.879,0.393
-0.025,0.318
-0.7,0.426
-0.797,0.465
-1.106,0.247
-1.63,0.172
-3.033,0.294
1.644,-1.309
1.053,-3.6
-0.172,-1.625
-0.368,-1.548
-0.728,-1.659
-1.083,-0.779
-1.626,-2.935
1.675,0.228
-3.138,0.08
-3.122,-0.253
-3.098,-2.749
3.049,-3.44
2.655,-2.962
2.749,-1.678
2.629,0.027
2.649,-0.235
2.749,-2.383
2.751,-1.511
2.585,-1.22
2.63,-1.828
2.581,-1.805
2.436,-0.045
2.54,-1.876
2.422,-1.0
2.381,-2.057
2.388,-2.812
2.507,-2.445
2.492,-1.625
2.438,0.16
2.286,-1.383
2.242,0.082
2.262,-1.634
2.253,-1.224
2.093,-1.734
2.192,0.005
2.067,-0.193
1.914,-1.398
1.72,-1.049
1.469,-3.667
1.402,-1.983
1.5,-2.855
1.416,-2.223
1.341,-0.402
1.154,-2.394
1.164,-1.974
1.11,-3.757
0.848,-2.075
0.805,0.15
0.668,-3.111
0.599,-3.824
0.498,-0.599
0.046,-3.459
0.165,-0.131
0.069,0.158
-0.044,-1.9
-0.091,-2.202
-0.12,-1.258
-0.407,-2.229
-0.364,0.074
-0.534,-0.895
-0.738,-2.711
-0.785,-0.521
-0.878,-3.573
-0.892,-0.154
-1.029,-0.955
-0.902,-0.497
-0.946,-1.382
-0.992,-2.175
-0.97,-0.453
-1.238,0.066
-1.175,0.003
-1.177,-1.18
-1.247,-1.515
-1.28,-1.647
-1.383,-2.152
-1.434,-2.661
-1.355,-2.688
-1.368,-3.243
-1.607,-0.35
-1.729,-3.441
-1.958,-2.871
-1.905,-3.313
-1.955,-0.123
-2.134,-3.616
-2.166,-2.956
-2.085,-0.172
-2.444,-3.747
-2.842,-3.467
-2.854,-0.538
-2.861,-2.148
-3.005,-2.046
-3.008,-4.109
2.684,-4.029
2.435,-4.093
2.361,-4.166
1.958,-4.05
1.465,-3.988
-0.086,-4.021
-1.146,-4.26
-1.217,-4.154
-1.107,-4.278
-1.653,-4.209
-1.571,-3.876
-1.667,-3.916
-1.88,-4.185
-2.45,-4.056
-2.726,-4.322
2.918,0.365
2.92,0.434
2.694,0.414
1.486,0.432
0.633,0.412
0.179,0.428
-0.072,0.418
-0.628,0.24
-0.658,0.303
-0.759,0.384
-1.828,0.418
-2.02,0.351
2.276,-0.315
1.968,-2.236
1.699,-2.217
1.052,-2.245
-0.512,-0.87
-0.635,-2.106
-0.824,-2.83
-1.2,-2.073
-1.159,-1.927
-1.245,-2.183
-2.736,-3.788
2.691,-0.888
2.321,-3.366
0.719,-2.324
-0.71,-1.451
-0.897,-0.316
-1.397,-3.141
-1.692,-1.457
1.98,-1.159
1.704,-2.525
-1.189,-1.089
-1.392,-3.471
-1.49,-1.046
-2.132,-2.612
2.134,-3.713
-1.054,-0.09
-0.981,-3.568
0.629,-4.32
-0.033,0.656
-0.217,-0.446
-0.161,-0.223
-0.215,1.003
-0.158,0.93
-0.222,0.595
-0.326,0.514
-0.297,-0.913
-0.372,-0.811
-0.384,0.475
-0.36,-0.747
-0.416,1.312
-0.509,0.127
-0.545,-0.89
-0.645,0.844
-0.614,-1.052
-0.767,1.093
-0.867,-0.536
-0.854,0.925
-0.836,0.666
-0.884,0.413
-0.928,0.965
-0.925,-0.959
-0.906,0.39
-0.936,-1.4
-0.951,-0.561
-0.976,1.28
-0.982,-1.262
-1.017,0.346
-1.094,-2.094
-1.029,-0.763
-1.044,-2.168
-1.134,-1.097
-1.06,-2.001
-1.087,-1.229
-1.156,-0.126
-1.144,-1.264
-1.244,1.444
-1.179,0.963
-1.286,-1.043
-1.236,-1.542
-1.26,-0.561
-1.332,-1.324
-1.307,-2.353
-1.403,-0.066
-1.394,-1.52
-1.445,-0.519
-1.478,-1.684
-1.523,-0.672
-1.598,0.992
-1.599,-0.7
-1.575,-0.455
-1.659,0.083
-1.597,-0.464
-1.758,1.031
-1.7,0.73
-1.834,0.454
-1.785,-1.783
-1.762,-1.717
-1.822,-2.13
-1.925,1.635
-1.937,0.507
-1.866,1.649
-2.049,-1.342
-1.986,1.014
-2.07,-1.312
-2.16,1.41
-2.198,-2.19
-2.298,-0.434
-2.238,-1.731
-2.342,-2.079
-2.527,-2.322
-2.682,-0.153
-2.67,0.762
-2.824,-0.053
-2.875,0.91
-2.888,0.564
-2.893,0.063
-2.924,1.256
-3.029,-1.593
-3.081,-0.662
-3.053,-0.519
3.08,-2.564
2.867,-2.496
2.897,-2.33
2.082,-2.392
1.598,-2.504
1.487,-2.608
0.819,-2.505
0.846,-2.679
0.744,-2.598
0.152,-2.479
-0.38,-2.867
-1.22,-2.9
-1.457,-2.711
-1.606,-2.613
-1.962,-2.473
-2.29,-2.554
-2.645,-2.473
2.795,1.799
2.588,1.89
2.243,1.84
1.881,1.776
1.784,1.573
1.84,1.865
-0.064,1.79
-0.739,1.898
-0.836,1.937
-1.145,1.719
-1.669,1.644
-3.072,1.766
1.605,0.163
1.014,-2.128
-0.211,-0.153
-0.407,-0.076
-0.767,-0.187
-1.122,0.693
-1.665,-1.463
1.636,1.7
3.106,1.552
3.122,1.219
-3.137,-1.277
3.01,-1.968
2.616,-1.49
2.71,-0.206
2.59,1.499
2.61,1.237
2.71,-0.911
2.712,-0.039
2.546,0.252
2.591,-0.356
2.542,-0.333
2.397,1.427
2.501,-0.404
2.383,0.472
2.342,-0.585
2.349,-1.34
2.468,-0.973
2.453,-0.153
2.399,1.632
2.247,0.089
2.203,1.554
2.223,-0.162
2.214,0.248
2.054,-0.262
2.153,1.477
2.028,1.279
1.875,0.074
1.681,0.423
1.43,-2.195
1.363,-0.511
1.461,-1.383
1.377,-0.751
1.302,1.07
1.115,-0.922
1.125,-0.502
1.071,-2.285
0.809,-0.603
0.766,1.622
0.629,-1.639
0.56,-2.352
0.459,0.873
0.007,-1.987
0.126,1.341
0.03,1.63
-0.083,-0.428
-0.13,-0.73
-0.159,0.214
-0.446,-0.757
-0.403,1.546
-0.573,0.577
-0.777,-1.239
-0.824,0.951
-0.917,-2.101
-0.931,1.318
-1.068,0.517
-0.941,0.975
-0.985,0.09
-1.031,-0.703
-1.009,1.019
-1.277,1.538
-1.214,1.475
-1.216,0.292
-1.286,-0.043
-1.319,-0.175
-1.422,-0.68
-1.473,-1.189
-1.394,-1.216
-1.407,-1.771
-1.646,1.122
-1.768,-1.969
-1.997,-1.399
-1.944,-1.841
-1.994,1.349
-2.173,-2.144
-2.205,-1.484
-2.124,1.3
-2.483,-2.275
-2.881,-1.995
-2.893,0.934
-2.9,-0.676
-3.044,-0.574
-3.047,-2.637
2.645,-2.557
2.396,-2.621
2.322,-2.694
1.919,-2.578
1.426,-2.516
-0.125,-2.549
-1.185,-2.788
-1.256,-2.682
-1.146,-2.806
-1.692,-2.737
-1.61,-2.404
-1.706,-2.444
-1.919,-2.713
-2.489,-2.584
-2.765,-2.85
2.879,1.837
2.881,1.906
2.655,1.886
1.447,1.904
0.594,1.884
0.14,1.9
-0.111,1.89
-0.667,1.712
-0.697,1.775
-0.798,1.856
-1.867,1.89
-2.059,1.823
2.237,1.157
1.929,-0.764
1.66,-0.745
1.013,-0.773
-0.551,0.602
-0.674,-0.634
-0.863,-1.358
-1.239,-0.601
-1.198,-0.455
-1.284,-0.711
-2.775,-2.316
2.652,0.584
2.282,-1.894
0.68,-0.852
-0.749,0.021
-0.936,1.156
-1.436,-1.669
-1.731,0.015
1.941,0.313
1.665,-1.053
-1.228,0.383
-1.431,-1.999
-1.529,0.426
-2.171,-1.14
2.095,-2.241
-1.093,1.382
-1.02,-2.096
0.59,-2.848
-0.184,-1.102
-0.128,-0.879
-0.182,0.347
-0.125,0.274
-0.189,-0.061
-0.293,-0.142
-0.264,-1.569
-0.339,-1.467
-0.351,-0.181
-0.327,-1.403
-0.383,0.656
-0.476,-0.529
-0.512,-1.546
-0.612,0.188
-0.581,-1.708
-0.734,0.437
-0.834,-1.192
-0.821,0.269
-0.803,0.01
-0.851,-0.243
-0.895,0.309
-0.892,-1.615
-0.873,-0.266
-0.903,-2.056
-0.918,-1.217
-0.943,0.624
-0.949,-1.918
-0.984,-0.31
-1.061,-2.75
-0.996,-1.419
-1.011,-2.824
-1.101,-1.753
-1.027,-2.657
-1.054,-1.885
-1.123,-0.782
-1.111,-1.92
-1.211,0.788
-1.146,0.307
-1.253,-1.699
-1.203,-2.198
-1.227,-1.217
-1.299,-1.98
-1.274,-3.009
-1.37,-0.722
-1.361,-2.176
-1.412,-1.175
-1.445,-2.34
-1.49,-1.328
-1.565,0.336
-1.566,-1.356
-1.542,-1.111
-1.626,-0.573
-1.564,-1.12
-1.725,0.375
-1.667,0.074
-1.801,-0.202
-1.752,-2.439
-1.729,-2.373
-1.789,-2.786
-1.892,0.979
-1.904,-0.149
-1.833,0.993
-2.016,-1.998
-1.953,0.358
-2.037,-1.968
-2.127,0.754
-2.165,-2.846
-2.265,-1.09
-2.205,-2.387
-2.309,-2.735
-2.494,-2.978
-2.649,-0.809
-2.637,0.106
-2.791,-0.709
-2.842,0.254
-2.855,-0.092
-2.86,-0.593
-2.891,0.6
-2.996,-2.249
-3.048,-1.318
-3.02,-1.175
3.113,-3.22
2.9,-3.152
2.93,-2.986
2.115,-3.048
1.631,-3.16
1.52,-3.264
0.852,-3.161
0.879,-3.335
0.777,-3.254
0.185,-3.135
-0.347,-3.523
-1.187,-3.556
-1.424,-3.367
-1.573,-3.269
-1.929,-3.129
-2.257,-3.21
-2.612,-3.129
2.828,1.143
2.621,1.234
2.276,1.184
1.914,1.12
1.817,0.917
1.873,1.209
-0.031,1.134
-0.706,1.242
-0.803,1.281
-1.112,1.063
-1.636,0.988
-3.039,1.11
1.638,-0.493
1.047,-2.784
-0.178,-0.809
-0.374,-0.732
-0.734,-0.843
-1.089,0.037
-1.632,-2.119
1.669,1.044
3.139,0.896
-3.128,0.563
-3.104,-1.933
3.043,-2.624
2.649,-2.146
2.743,-0.862
2.623,0.843
2.643,0.581
2.743,-1.567
2.745,-0.695
2.579,-0.404
2.624,-1.012
2.575,-0.989
2.43,0.771
2.534,-1.06
2.416,-0.184
2.375,-1.241
2.382,-1.996
2.501,-1.629
2.486,-0.809
2.432,0.976
2.28,-0.567
2.236,0.898
2.256,-0.818
2.247,-0.408
2.087,-0.918
2.186,0.821
2.061,0.623
1.908,-0.582
1.714,-0.233
1.463,-2.851
1.396,-1.167
1.494,-2.039
1.41,-1.407
1.335,0.414
1.148,-1.578
1.158,-1.158
1.104,-2.941
0.842,-1.259
0.799,0.966
0.662,-2.295
0.593,-3.008
0.492,0.217
0.04,-2.643
0.159,0.685
0.063,0.974
-0.05,-1.084
-0.097,-1.386
-0.126,-0.442
-0.413,-1.413
-0.37,0.89
-0.54,-0.079
-0.744,-1.895
-0.791,0.295
-0.884,-2.757
-0.898,0.662
-1.035,-0.139
-0.908,0.319
-0.952,-0.566
-0.998,-1.359
-0.976,0.363
-1.244,0.882
-1.181,0.819
-1.183,-0.364
-1.253,-0.699
-1.286,-0.831
-1.389,-1.336
-1.44,-1.845
-1.361,-1.872
-1.374,-2.427
-1.613,0.466
-1.735,-2.625
-1.964,-2.055
-1.911,-2.497
-1.961,0.693
-2.14,-2.8
-2.172,-2.14
-2.091,0.644
-2.45,-2.931
-2.848,-2.651
-2.86,0.278
-2.867,-1.332
-3.011,-1.23
-3.014,-3.293
2.678,-3.213
2.429,-3.277
2.355,-3.35
1.952,-3.234
1.459,-3.172
-0.092,-3.205
-1.152,-3.444
-1.223,-3.338
-1.113,-3.462
-1.659,-3.393
-1.577,-3.06
-1.673,-3.1
-1.886,-3.369
-2.456,-3.24
-2.732,-3.506
2.912,1.181
2.914,1.25
2.688,1.23
1.48,1.248
0.627,1.228
0.173,1.244
-0.078,1.234
-0.634,1.056
-0.664,1.119
-0.765,1.2
-1.834,1.234
-2.026,1.167
2.27,0.501
1.962,-1.42
1.693,-1.401
1.046,-1.429
-0.518,-0.054
-0.641,-1.29
-0.83,-2.014
-1.206,-1.257
-1.165,-1.111
-1.251,-1.367
-2.742,-2.972
2.685,-0.072
2.315,-2.55
0.713,-1.508
-0.716,-0.635
-0.903,0.5
-1.403,-2.325
-1.698,-0.641
1.974,-0.343
1.698,-1.709
-1.195,-0.273
-1.398,-2.655
-1.496,-0.23
-2.138,-1.796
2.128,-2.897
-1.06,0.726
-0.987,-2.752
0.623,-3.504
0.056,0.223
0.002,1.449
0.059,1.376
-0.005,1.041
-0.109,0.96
-0.08,-0.467
-0.155,-0.365
-0.167,0.921
-0.143,-0.301
-0.199,1.758
-0.292,0.573
-0.328,-0.444
-0.428,1.29
-0.397,-0.606
-0.55,1.539
-0.65,-0.09
-0.637,1.371
-0.619,1.112
-0.667,0.859
-0.711,1.411
-0.708,-0.513
-0.689,0.836
-0.719,-0.954
-0.734,-0.115
-0.759,1.726
-0.765,-0.816
-0.8,0.792
-0.877,-1.648
-0.812,-0.317
-0.827,-1.722
-0.917,-0.651
-0.843,-1.555
-0.87,-0.783
-0.939,0.32
-0.927,-0.818
-1.027,1.89
-0.962,1.409
-1.069,-0.597
-1.019,-1.096
-1.043,-0.115
-1.115,-0.878
-1.09,-1.907
-1.186,0.38
-1.177,-1.074
-1.228,-0.073
-1.261,-1.238
-1.306,-0.226
-1.381,1.438
-1.382,-0.254
-1.358,-0.009
-1.442,0.529
-1.38,-0.018
-1.541,1.477
-1.483,1.176
-1.617,0.9
-1.568,-1.337
-1.545,-1.271
-1.605,-1.684
-1.708,2.081
-1.72,0.953
-1.649,2.095
-1.832,-0.896
-1.769,1.46
-1.853,-0.866
-1.943,1.856
-1.981,-1.744
-2.081,0.012
-2.021,-1.285
-2.125,-1.633
-2.31,-1.876
-2.465,0.293
-2.453,1.208
-2.607,0.393
-2.658,1.356
-2.671,1.01
-2.676,0.509
-2.707,1.702
-2.812,-1.147
-2.864,-0.216
-2.836,-0.073
-2.986,-2.118
3.084,-2.05
3.114,-1.884
2.299,-1.946
1.815,-2.058
1.704,-2.162
1.036,-2.059
1.063,-2.233
0.961,-2.152
0.369,-2.033
-0.163,-2.421
-1.003,-2.454
-1.24,-2.265
-1.389,-2.167
-1.745,-2.027
-2.073,-2.108
-2.428,-2.027
3.012,2.245
2.805,2.336
2.46,2.286
2.098,2.222
2.001,2.019
2.057,2.311
0.153,2.236
-0.522,2.344
-0.619,2.383
-0.928,2.165
-1.452,2.09
-2.855,2.212
1.822,0.609
1.231,-1.682
0.006,0.293
-0.19,0.37
-0.55,0.259
-0.905,1.139
-1.448,-1.017
1.853,2.146
-2.96,1.998
-2.944,1.665
-2.92,-0.831
-3.056,-1.522
2.833,-1.044
2.927,0.24
2.807,1.945
2.827,1.683
2.927,-0.465
2.929,0.407
2.763,0.698
2.808,0.09
2.759,0.113
2.614,1.873
2.718,0.042
2.6,0.918
2.559,-0.139
2.566,-0.894
2.685,-0.527
2.67,0.293
2.616,2.078
2.464,0.535
2.42,2.0
2.44,0.284
2.431,0.694
2.271,0.184
2.37,1.923
2.245,1.725
2.092,0.52
1.898,0.869
1.647,-1.749
1.58,-0.065
1.678,-0.937
1.594,-0.305
1.519,1.516
1.332,-0.476
1.342,-0.056
1.288,-1.839
1.026,-0.157
0.983,2.068
0.846,-1.193
0.777,-1.906
0.676,1.319
0.224,-1.541
0.343,1.787
0.247,2.076
0.134,0.018
0.087,-0.284
0.058,0.66
-0.229,-0.311
-0.186,1.992
-0.356,1.023
-0.56,-0.793
-0.607,1.397
-0.7,-1.655
-0.714,1.764
-0.851,0.963
-0.724,1.421
-0.768,0.536
-0.814,-0.257
-0.792,1.465
-1.06,1.984
-0.997,1.921
-0.999,0.738
-1.069,0.403
-1.102,0.271
-1.205,-0.234
-1.256,-0.743
-1.177,-0.77
-1.19,-1.325
-1.429,1.568
-1.551,-1.523
-1.78,-0.953
-1.727,-1.395
-1.777,1.795
-1.956,-1.698
-1.988,-1.038
-1.907,1.746
-2.266,-1.829
-2.664,-1.549
-2.676,1.38
-2.683,-0.23
-2.827,-0.128
-2.83,-2.191
2.862,-2.111
2.613,-2.175
2.539,-2.248
2.136,-2.132
1.643,-2.07
0.092,-2.103
-0.968,-2.342
-1.039,-2.236
-0.929,-2.36
-1.475,-2.291
-1.393,-1.958
-1.489,-1.998
-1.702,-2.267
-2.272,-2.138
-2.548,-2.404
3.096,2.283
3.098,2.352
2.872,2.332
1.664,2.35
0.811,2.33
0.357,2.346
0.106,2.336
-0.45,2.158
-0.48,2.221
-0.581,2.302
-1.65,2.336
-1.842,2.269
2.454,1.603
2.146,-0.318
1.877,-0.299
1.23,-0.327
-0.334,1.048
-0.457,-0.188
-0.646,-0.912
-1.022,-0.155
-0.981,-0.009
-1.067,-0.265
-2.558,-1.87
2.869,1.03
2.499,-1.448
0.897,-0.406
-0.532,0.467
-0.719,1.602
-1.219,-1.223
-1.514,0.461
2.158,0.759
1.882,-0.607
-1.011,0.829
-1.214,-1.553
-1.312,0.872
-1.954,-0.694
2.312,-1.795
-0.876,1.828
-0.803,-1.65
0.807,-2.402
-0.054,1.226
0.003,1.153
-0.061,0.818
-0.165,0.737
-0.136,-0.69
-0.211,-0.588
-0.223,0.698
-0.199,-0.524
-0.255,1.535
-0.348,0.35
-0.384,-0.667
-0.484,1.067
-0.453,-0.829
-0.606,1.316
-0.706,-0.313
-0.693,1.148
-0.675,0.889
-0.723,0.636
-0.767,1.188
-0.764,-0.736
-0.745,0.613
-0.775,-1.177
-0.79,-0.338
-0.815,1.503
-0.821,-1.039
-0.856,0.569
-0.933,-1.871
-0.868,-0.54
-0.883,-1.945
-0.973,-0.874
-0.899,-1.778
-0.926,-1.006
-0.995,0.097
-0.983,-1.041
-1.083,1.667
-1.018,1.186
-1.125,-0.82
-1.075,-1.319
-1.099,-0.338
-1.171,-1.101
-1.146,-2.13
-1.242,0.157
-1.233,-1.297
-1.284,-0.296
-1.317,-1.461
-1.362,-0.449
-1.437,1.215
-1.438,-0.477
-1.414,-0.232
-1.498,0.306
-1.436,-0.241
-1.597,1.254
-1.539,0.953
-1.673,0.677
-1.624,-1.56
-1.601,-1.494
-1.661,-1.907
-1.764,1.858
-1.776,0.73
-1.705,1.872
-1.888,-1.119
-1.825,1.237
-1.909,-1.089
-1.999,1.633
-2.037,-1.967
-2.137,-0.211
-2.077,-1.508
-2.181,-1.856
-2.366,-2.099
-2.521,0.07
-2.509,0.985
-2.663,0.17
-2.714,1.133
-2.727,0.787
-2.732,0.286
-2.763,1.479
-2.868,-1.37
-2.92,-0.439
-2.892,-0.296
-3.042,-2.341
3.028,-2.273
3.058,-2.107
2.243,-2.169
1.759,-2.281
1.648,-2.385
0.98,-2.282
1.007,-2.456
0.905,-2.375
0.313,-2.256
-0.219,-2.644
-1.059,-2.677
-1.296,-2.488
-1.445,-2.39
-1.801,-2.25
-2.129,-2.331
-2.484,-2.25
2.956,2.022
2.749,2.113
2.404,2.063
2.042,1.999
1.945,1.796
2.001,2.088
0.097,2.013
-0.578,2.121
-0.675,2.16
-0.984,1.942
-1.508,1.867
-2.911,1.989
1.766,0.386
1.175,-1.905
-0.05,0.07
-0.246,0.147
-0.606,0.036
-0.961,0.916
-1.504,-1.24
1.797,1.923
-3.016,1.775
-3.0,1.442
-2.976,-1.054
-3.112,-1.745
2.777,-1.267
2.871,0.017
2.751,1.722
2.771,1.46
2.871,-0.688
2.873,0.184
2.707,0.475
2.752,-0.133
2.703,-0.11
2.558,1.65
2.662,-0.181
2.544,0.695
2.503,-0.362
2.51,-1.117
2.629,-0.75
2.614,0.07
2.56,1.855
2.408,0.312
2.364,1.777
2.384,0.061
2.375,0.471
2.215,-0.039
2.314,1.7
2.189,1.502
2.036,0.297
1.842,0.646
1.591,-1.972
1.524,-0.288
1.622,-1.16
1.538,-0.528
1.463,1.293
1.276,-0.699
1.286,-0.279
1.232,-2.062
0.97,-0.38
0.927,1.845
0.79,-1.416
0.721,-2.129
0.62,1.096
0.168,-1.764
0.287,1.564
0.191,1.853
0.078,-0.205
0.031,-0.507
0.002,0.437
-0.285,-0.534
-0.242,1.769
-0.412,0.8
-0.616,-1.016
-0.663,1.174
-0.756,-1.878
-0.77,1.541
-0.907,0.74
-0.78,1.198
-0.824,0.313
-0.87,-0.48
-0.848,1.242
-1.116,1.761
-1.053,1.698
-1.055,0.515
-1.125,0.18
-1.158,0.048
-1.261,-0.457
-1.312,-0.966
-1.233,-0.993
-1.246,-1.548
-1.485,1.345
-1.607,-1.746
-1.836,-1.176
-1.783,-1.618
-1.833,1.572
-2.012,-1.921
-2.044,-1.261
-1.963,1.523
-2.322,-2.052
-2.72,-1.772
-2.732,1.157
-2.739,-0.453
-2.883,-0.351
-2.886,-2.414
2.806,-2.334
2.557,-2.398
2.483,-2.471
2.08,-2.355
1.587,-2.293
0.036,-2.326
-1.024,-2.565
-1.095,-2.459
-0.985,-2.583
-1.531,-2.514
-1.449,-2.181
-1.545,-2.221
-1.758,-2.49
-2.328,-2.361
-2.604,-2.627
3.04,2.06
3.042,2.129
2.816,2.109
1.608,2.127
0.755,2.107
0.301,2.123
0.05,2.113
-0.506,1.935
-0.536,1.998
-0.637,2.079
-1.706,2.113
-1.898,2.046
2.398,1.38
2.09,-0.541
1.821,-0.522
1.174,-0.55
-0.39,0.825
-0.513,-0.411
-0.702,-1.135
-1.078,-0.378
-1.037,-0.232
-1.123,-0.488
-2.614,-2.093
2.813,0.807
2.443,-1.671
0.841,-0.629
-0.588,0.244
-0.775,1.379
-1.275,-1.446
-1.57,0.238
2.102,0.536
1.826,-0.83
-1.067,0.606
-1.27,-1.776
-1.368,0.649
-2.01,-0.917
2.256,-2.018
-0.932,1.605
-0.859,-1.873
0.751,-2.625
0.057,-0.073
-0.007,-0.408
-0.111,-0.489
-0.082,-1.916
-0.157,-1.814
-0.169,-0.528
-0.145,-1.75
-0.201,0.309
-0.294,-0.876
-0.33,-1.893
-0.43,-0.159
-0.399,-2.055
-0.552,0.09
-0.652,-1.539
-0.639,-0.078
-0.621,-0.337
-0.669,-0.59
-0.713,-0.038
-0.71,-1.962
-0.691,-0.613
-0.721,-2.403
-0.736,-1.564
-0.761,0.277
-0.767,-2.265
-0.802,-0.657
-0.879,-3.097
-0.814,-1.766
-0.829,-3.171
-0.919,-2.1
-0.845,-3.004
-0.872,-2.232
-0.941,-1.129
-0.929,-2.267
-1.029,0.441
-0.964,-0.04
-1.071,-2.046
-1.021,-2.545
-1.045,-1.564
-1.117,-2.327
-1.092,-3.356
-1.188,-1.069
-1.179,-2.523
-1.23,-1.522
-1.263,-2.687
-1.308,-1.675
-1.383,-0.011
-1.384,-1.703
-1.36,-1.458
-1.444,-0.92
-1.382,-1.467
-1.543,0.028
-1.485,-0.273
-1.619,-0.549
-1.57,-2.786
-1.547,-2.72
-1.607,-3.133
-1.71,0.632
-1.722,-0.496
-1.651,0.646
-1.834,-2.345
-1.771,0.011
-1.855,-2.315
-1.945,0.407
-1.983,-3.193
-2.083,-1.437
-2.023,-2.734
-2.127,-3.082
-2.312,-3.325
-2.467,-1.156
-2.455,-0.241
-2.609,-1.056
-2.66,-0.093
-2.673,-0.439
-2.678,-0.94
-2.709,0.253
-2.814,-2.596
-2.866,-1.665
-2.838,-1.522
-2.988,-3.567
3.082,-3.499
3.112,-3.333
2.297,-3.395
1.813,-3.507
1.702,-3.611
1.034,-3.508
1.061,-3.682
0.959,-3.601
0.367,-3.482
-0.165,-3.87
-1.005,-3.903
-1.242,-3.714
-1.391,-3.616
-1.747,-3.476
-2.075,-3.557
-2.43,-3.476
3.01,0.796
2.803,0.887
2.458,0.837
2.096,0.773
1.999,0.57
2.055,0.862
0.151,0.787
-0.524,0.895
-0.621,0.934
-0.93,0.716
-1.454,0.641
-2.857,0.763
1.82,-0.84
1.229,-3.131
0.004,-1.156
-0.192,-1.079
-0.552,-1.19
-0.907,-0.31
-1.45,-2.466
1.851,0.697
-2.962,0.549
-2.946,0.216
-2.922,-2.28
-3.058,-2.971
2.831,-2.493
2.925,-1.209
2.805,0.496
2.825,0.234
2.925,-1.914
2.927,-1.042
2.761,-0.751
2.806,-1.359
2.757,-1.336
2.612,0.424
2.716,-1.407
2.598,-0.531
2.557,-1.588
2.564,-2.343
2.683,-1.976
2.668,-1.156
2.614,0.629
2.462,-0.914
2.418,0.551
2.438,-1.165
2.429,-0.755
2.269,-1.265
2.368,0.474
2.243,0.276
2.09,-0.929
1.896,-0.58
1.645,-3.198
1.578,-1.514
1.676,-2.386
1.592,-1.754
1.517,0.067
1.33,-1.925
1.34,-1.505
1.286,-3.288
1.024,-1.606
0.981,0.619
0.844,-2.642
0.775,-3.355
0.674,-0.13
0.222,-2.99
0.341,0.338
0.245,0.627
0.132,-1.431
0.085,-1.733
0.056,-0.789
-0.231,-1.76
-0.188,0.543
-0.358,-0.426
-0.562,-2.242
-0.609,-0.052
-0.702,-3.104
-0.716,0.315
-0.853,-0.486
-0.726,-0.028
-0.77,-0.913
-0.816,-1.706
-0.794,0.016
-1.062,0.535
-0.999,0.472
-1.001,-0.711
-1.071,-1.046
-1.104,-1.178
-1.207,-1.683
-1.258,-2.192
-1.179,-2.219
-1.192,-2.774
-1.431,0.119
-1.553,-2.972
-1.782,-2.402
-1.729,-2.844
-1.779,0.346
-1.958,-3.147
-1.99,-2.487
-1.909,0.297
-2.268,-3.278
-2.666,-2.998
-2.678,-0.069
-2.685,-1.679
-2.829,-1.577
-2.832,-3.64
2.86,-3.56
2.611,-3.624
2.537,-3.697
2.134,-3.581
1.641,-3.519
0.09,-3.552
-0.97,-3.791
-1.041,-3.685
-0.931,-3.809
-1.477,-3.74
-1.395,-3.407
-1.491,-3.447
-1.704,-3.716
-2.274,-3.587
-2.55,-3.853
3.094,0.834
3.096,0.903
2.87,0.883
1.662,0.901
0.809,0.881
0.355,0.897
0.104,0.887
-0.452,0.709
-0.482,0.772
-0.583,0.853
-1.652,0.887
-1.844,0.82
2.452,0.154
2.144,-1.767
1.875,-1.748
1.228,-1.776
-0.336,-0.401
-0.459,-1.637
-0.648,-2.361
-1.024,-1.604
-0.983,-1.458
-1.069,-1.714
-2.56,-3.319
2.867,-0.419
2.497,-2.897
0.895,-1.855
-0.534,-0.982
-0.721,0.153
-1.221,-2.672
-1.516,-0.988
2.156,-0.69
1.88,-2.056
-1.013,-0.62
-1.216,-3.002
-1.314,-0.577
-1.956,-2.143
2.31,-3.244
-0.878,0.379
-0.805,-3.099
0.805,-3.851
-0.064,-0.335
-0.168,-0.416
-0.139,-1.843
-0.214,-1.741
-0.226,-0.455
-0.202,-1.677
-0.258,0.382
-0.351,-0.803
-0.387,-1.82
-0.487,-0.086
-0.456,-1.982
-0.609,0.163
-0.709,-1.466
-0.696,-0.005
-0.678,-0.264
-0.726,-0.517
-0.77,0.035
-0.767,-1.889
-0.748,-0.54
-0.778,-2.33
-0.793,-1.491
-0.818,0.35
-0.824,-2.192
-0.859,-0.584
-0.936,-3.024
-0.871,-1.693
-0.886,-3.098
-0.976,-2.027
-0.902,-2.931
-0.929,-2.159
-0.998,-1.056
-0.986,-2.194
-1.086,0.514
-1.021,0.033
-1.128,-1.973
-1.078,-2.472
-1.102,-1.491
-1.174,-2.254
-1.149,-3.283
-1.245,-0.996
-1.236,-2.45
-1.287,-1.449
-1.32,-2.614
-1.365,-1.602
-1.44,0.062
-1.441,-1.63
-1.417,-1.385
-1.501,-0.847
-1.439,-1.394
-1.6,0.101
-1.542,-0.2
-1.676,-0.476
-1.627,-2.713
-1.604,-2.647
-1.664,-3.06
-1.767,0.705
-1.779,-0.423
-1.708,0.719
-1.891,-2.272
-1.828,0.084
-1.912,-2.242
-2.002,0.48
-2.04,-3.12
-2.14,-1.364
-2.08,-2.661
-2.184,-3.009
-2.369,-3.252
-2.524,-1.083
-2.512,-0.168
-2.666,-0.983
-2.717,-0.02
-2.73,-0.366
-2.735,-0.867
-2.766,0.326
-2.871,-2.523
-2.923,-1.592
-2.895,-1.449
-3.045,-3.494
3.025,-3.426
3.055,-3.26
2.24,-3.322
1.756,-3.434
1.645,-3.538
0.977,-3.435
1.004,-3.609
0.902,-3.528
0.31,-3.409
-0.222,-3.797
-1.062,-3.83
-1.299,-3.641
-1.448,-3.543
-1.804,-3.403
-2.132,-3.484
-2.487,-3.403
2.953,0.869
2.746,0.96
2.401,0.91
2.039,0.846
1.942,0.643
1.998,0.935
0.094,0.86
-0.581,0.968
-0.678,1.007
-0.987,0.789
-1.511,0.714
-2.914,0.836
1.763,-0.767
1.172,-3.058
-0.053,-1.083
-0.249,-1.006
-0.609,-1.117
-0.964,-0.237
-1.507,-2.393
1.794,0.77
-3.019,0.622
-3.003,0.289
-2.979,-2.207
-3.115,-2.898
2.774,-2.42
2.868,-1.136
2.748,0.569
2.768,0.307
2.868,-1.841
2.87,-0.969
2.704,-0.678
2.749,-1.286
2.7,-1.263
2.555,0.497
2.659,-1.334
2.541,-0.458
2.5,-1.515
2.507,-2.27
2.626,-1.903
2.611,-1.083
2.557,0.702
2.405,-0.841
2.361,0.624
2.381,-1.092
2.372,-0.682
2.212,-1.192
2.311,0.547
2.186,0.349
2.033,-0.856
1.839,-0.507
1.588,-3.125
1.521,-1.441
1.619,-2.313
1.535,-1.681
1.46,0.14
1.273,-1.852
1.283,-1.432
1.229,-3.215
0.967,-1.533
0.924,0.692
0.787,-2.569
0.718,-3.282
0.617,-0.057
0.165,-2.917
0.284,0.411
0.188,0.7
0.075,-1.358
0.028,-1.66
-0.001,-0.716
-0.288,-1.687
-0.245,0.616
-0.415,-0.353
-0.619,-2.169
-0.666,0.021
-0.759,-3.031
-0.773,0.388
-0.91,-0.413
-0.783,0.045
-0.827,-0.84
-0.873,-1.633
-0.851,0.089
-1.119,0.608
-1.056,0.545
-1.058,-0.638
-1.128,-0.973
-1.161,-1.105
-1.264,-1.61
-1.315,-2.119
-1.236,-2.146
-1.249,-2.701
-1.488,0.192
-1.61,-2.899
-1.839,-2.329
-1.786,-2.771
-1.836,0.419
-2.015,-3.074
-2.047,-2.414
-1.966,0.37
-2.325,-3.205
-2.723,-2.925
-2.735,0.004
-2.742,-1.606
-2.886,-1.504
-2.889,-3.567
2.803,-3.487
2.554,-3.551
2.48,-3.624
2.077,-3.508
1.584,-3.446
0.033,-3.479
-1.027,-3.718
-1.098,-3.612
-0.988,-3.736
-1.534,-3.667
-1.452,-3.334
-1.548,-3.374
-1.761,-3.643
-2.331,-3.514
-2.607,-3.78
3.037,0.907
3.039,0.976
2.813,0.956
1.605,0.974
0.752,0.954
0.298,0.97
0.047,0.96
-0.509,0.782
-0.539,0.845
-0.64,0.926
-1.709,0.96
-1.901,0.893
2.395,0.227
2.087,-1.694
1.818,-1.675
1.171,-1.703
-0.393,-0.328
-0.516,-1.564
-0.705,-2.288
-1.081,-1.531
-1.04,-1.385
-1.126,-1.641
-2.617,-3.246
2.81,-0.346
2.44,-2.824
0.838,-1.782
-0.591,-0.909
-0.778,0.226
-1.278,-2.599
-1.573,-0.915
2.099,-0.617
1.823,-1.983
-1.07,-0.547
-1.273,-2.929
-1.371,-0.504
-2.013,-2.07
2.253,-3.171
-0.935,0.452
-0.862,-3.026
0.748,-3.778
-0.104,-0.081
-0.075,-1.508
-0.15,-1.406
-0.162,-0.12
-0.138,-1.342
-0.194,0.717
-0.287,-0.468
-0.323,-1.485
-0.423,0.249
-0.392,-1.647
-0.545,0.498
-0.645,-1.131
-0.632,0.33
-0.614,0.071
-0.662,-0.182
-0.706,0.37
-0.703,-1.554
-0.684,-0.205
-0.714,-1.995
-0.729,-1.156
-0.754,0.685
-0.76,-1.857
-0.795,-0.249
-0.872,-2.689
-0.807,-1.358
-0.822,-2.763
-0.912,-1.692
-0.838,-2.596
-0.865,-1.824
-0.934,-0.721
-0.922,-1.859
-1.022,0.849
-0.957,0.368
-1.064,-1.638
-1.014,-2.137
-1.038,-1.156
-1.11,-1.919
-1.085,-2.948
-1.181,-0.661
-1.172,-2.115
-1.223,-1.114
-1.256,-2.279
-1.301,-1.267
-1.376,0.397
-1.377,-1.295
-1.353,-1.05
-1.437,-0.512
-1.375,-1.059
-1.536,0.436
-1.478,0.135
-1.612,-0.141
-1.563,-2.378
-1.54,-2.312
-1.6,-2.725
-1.703,1.04
-1.715,-0.088
-1.644,1.054
-1.827,-1.937
-1.764,0.419
-1.848,-1.907
-1.938,0.815
-1.976,-2.785
-2.076,-1.029
-2.016,-2.326
-2.12,-2.674
-2.305,-2.917
-2.46,-0.748
-2.448,0.167
-2.602,-0.648
-2.653,0.315
-2.666,-0.031
-2.671,-0.532
-2.702,0.661
-2.807,-2.188
-2.859,-1.257
-2.831,-1.114
-2.981,-3.159
3.089,-3.091
3.119,-2.925
2.304,-2.987
1.82,-3.099
1.709,-3.203
1.041,-3.1
1.068,-3.274
0.966,-3.193
0.374,-3.074
-0.158,-3.462
-0.998,-3.495
-1.235,-3.306
-1.384,-3.208
-1.74,-3.068
-2.068,-3.149
-2.423,-3.068
3.017,1.204
2.81,1.295
2.465,1.245
2.103,1.181
2.006,0.978
2.062,1.27
0.158,1.195
-0.517,1.303
-0.614,1.342
-0.923,1.124
-1.447,1.049
-2.85,1.171
1.827,-0.432
1.236,-2.723
0.011,-0.748
-0.185,-0.671
-0.545,-0.782
-0.9,0.098
-1.443,-2.058
1.858,1.105
-2.955,0.957
-2.939,0.624
-2.915,-1.872
-3.051,-2.563
2.838,-2.085
2.932,-0.801
2.812,0.904
2.832,0.642
2.932,-1.506
2.934,-0.634
2.768,-0.343
2.813,-0.951
2.764,-0.928
2.619,0.832
2.723,-0.999
2.605,-0.123
2.564,-1.18
2.571,-1.935
2.69,-1.568
2.675,-0.748
2.621,1.037
2.469,-0.506
2.425,0.959
2.445,-0.757
2.436,-0.347
2.276,-0.857
2.375,0.882
2.25,0.684
2.097,-0.521
1.903,-0.172
1.652,-2.79
1.585,-1.106
1.683,-1.978
1.599,-1.346
1.524,0.475
1.337,-1.517
1.347,-1.097
1.293,-2.88
1.031,-1.198
0.988,1.027
0.851,-2.234
0.782,-2.947
0.681,0.278
0.229,-2.582
0.348,0.746
0.252,1.035
0.139,-1.023
0.092,-1.325
0.063,-0.381
-0.224,-1.352
-0.181,0.951
-0.351,-0.018
-0.555,-1.834
-0.602,0.356
-0.695,-2.696
-0.709,0.723
-0.846,-0.078
-0.719,0.38
-0.763,-0.505
-0.809,-1.298
-0.787,0.424
-1.055,0.943
-0.992,0.88
-0.994,-0.303
-1.064,-0.638
-1.097,-0.77
-1.2,-1.275
-1.251,-1.784
-1.172,-1.811
-1.185,-2.366
-1.424,0.527
-1.546,-2.564
-1.775,-1.994
-1.722,-2.436
-1.772,0.754
-1.951,-2.739
-1.983,-2.079
-1.902,0.705
-2.261,-2.87
-2.659,-2.59
-2.671,0.339
-2.678,-1.271
-2.822,-1.169
-2.825,-3.232
2.867,-3.152
2.618,-3.216
2.544,-3.289
2.141,-3.173
1.648,-3.111
0.097,-3.144
-0.963,-3.383
-1.034,-3.277
-0.924,-3.401
-1.47,-3.332
-1.388,-2.999
-1.484,-3.039
-1.697,-3.308
-2.267,-3.179
-2.543,-3.445
3.101,1.242
3.103,1.311
2.877,1.291
1.669,1.309
0.816,1.289
0.362,1.305
0.111,1.295
-0.445,1.117
-0.475,1.18
-0.576,1.261
-1.645,1.295
-1.837,1.228
2.459,0.562
2.151,-1.359
1.882,-1.34
1.235,-1.368
-0.329,0.007
-0.452,-1.229
-0.641,-1.953
-1.017,-1.196
-0.976,-1.05
-1.062,-1.306
-2.553,-2.911
2.874,-0.011
2.504,-2.489
0.902,-1.447
-0.527,-0.574
-0.714,0.561
-1.214,-2.264
-1.509,-0.58
2.163,-0.282
1.887,-1.648
-1.006,-0.212
-1.209,-2.594
-1.307,-0.169
-1.949,-1.735
2.317,-2.836
-0.871,0.787
-0.798,-2.691
0.812,-3.443
0.029,-1.427
-0.046,-1.325
-0.058,-0.039
-0.034,-1.261
-0.09,0.798
-0.183,-0.387
-0.219,-1.404
-0.319,0.33
-0.288,-1.566
-0.441,0.579
-0.541,-1.05
-0.528,0.411
-0.51,0.152
-0.558,-0.101
-0.602,0.451
-0.599,-1.473
-0.58,-0.124
-0.61,-1.914
-0.625,-1.075
-0.65,0.766
-0.656,-1.776
-0.691,-0.168
-0.768,-2.608
-0.703,-1.277
-0.718,-2.682
-0.808,-1.611
-0.734,-2.515
-0.761,-1.743
-0.83,-0.64
-0.818,-1.778
-0.918,0.93
-0.853,0.449
-0.96,-1.557
-0.91,-2.056
-0.934,-1.075
-1.006,-1.838
-0.981,-2.867
-1.077,-0.58
-1.068,-2.034
-1.119,-1.033
-1.152,-2.198
-1.197,-1.186
-1.272,0.478
-1.273,-1.214
-1.249,-0.969
-1.333,-0.431
-1.271,-0.978
-1.432,0.517
-1.374,0.216
-1.508,-0.06
-1.459,-2.297
-1.436,-2.231
-1.496,-2.644
-1.599,1.121
-1.611,-0.007
-1.54,1.135
-1.723,-1.856
-1.66,0.5
-1.744,-1.826
-1.834,0.896
-1.872,-2.704
-1.972,-0.948
-1.912,-2.245
-2.016,-2.593
-2.201,-2.836
-2.356,-0.667
-2.344,0.248
-2.498,-0.567
-2.549,0.396
-2.562,0.05
-2.567,-0.451
-2.598,0.742
-2.703,-2.107
-2.755,-1.176
-2.727,-1.033
-2.877,-3.078
-3.09,-3.01
-3.06,-2.844
2.408,-2.906
1.924,-3.018
1.813,-3.122
1.145,-3.019
1.172,-3.193
1.07,-3.112
0.478,-2.993
-0.054,-3.381
-0.894,-3.414
-1.131,-3.225
-1.28,-3.127
-1.636,-2.987
-1.964,-3.068
-2.319,-2.987
3.121,1.285
2.914,1.376
2.569,1.326
2.207,1.262
2.11,1.059
2.166,1.351
0.262,1.276
-0.413,1.384
-0.51,1.423
-0.819,1.205
-1.343,1.13
-2.746,1.252
1.931,-0.351
1.34,-2.642
0.115,-0.667
-0.081,-0.59
-0.441,-0.701
-0.796,0.179
-1.339,-1.977
1.962,1.186
-2.851,1.038
-2.835,0.705
-2.811,-1.791
-2.947,-2.482
2.942,-2.004
3.036,-0.72
2.916,0.985
2.936,0.723
3.036,-1.425
3.038,-0.553
2.872,-0.262
2.917,-0.87
2.868,-0.847
2.723,0.913
2.827,-0.918
2.709,-0.042
2.668,-1.099
2.675,-1.854
2.794,-1.487
2.779,-0.667
2.725,1.118
2.573,-0.425
2.529,1.04
2.549,-0.676
2.54,-0.266
2.38,-0.776
2.479,0.963
2.354,0.765
2.201,-0.44
2.007,-0.091
1.756,-2.709
1.689,-1.025
1.787,-1.897
1.703,-1.265
1.628,0.556
1.441,-1.436
1.451,-1.016
1.397,-2.799
1.135,-1.117
1.092,1.108
0.955,-2.153
0.886,-2.866
0.785,0.359
0.333,-2.501
0.452,0.827
0.356,1.116
0.243,-0.942
0.196,-1.244
0.167,-0.3
-0.12,-1.271
-0.077,1.032
-0.247,0.063
-0.451,-1.753
-0.498,0.437
-0.591,-2.615
-0.605,0.804
-0.742,0.003
-0.615,0.461
-0.659,-0.424
-0.705,-1.217
-0.683,0.505
-0.951,1.024
-0.888,0.961
-0.89,-0.222
-0.96,-0.557
-0.993,-0.689
-1.096,-1.194
-1.147,-1.703
-1.068,-1.73
-1.081,-2.285
-1.32,0.608
-1.442,-2.483
-1.671,-1.913
-1.618,-2.355
-1.668,0.835
-1.847,-2.658
-1.879,-1.998
-1.798,0.786
-2.157,-2.789
-2.555,-2.509
-2.567,0.42
-2.574,-1.19
-2.718,-1.088
-2.721,-3.151
2.971,-3.071
2.722,-3.135
2.648,-3.208
2.245,-3.092
1.752,-3.03
0.201,-3.063
-0.859,-3.302
-0.93,-3.196
-0.82,-3.32
-1.366,-3.251
-1.284,-2.918
-1.38,-2.958
-1.593,-3.227
-2.163,-3.098
-2.439,-3.364
-3.078,1.323
-3.076,1.392
2.981,1.372
1.773,1.39
0.92,1.37
0.466,1.386
0.215,1.376
-0.341,1.198
-0.371,1.261
-0.472,1.342
-1.541,1.376
-1.733,1.309
2.563,0.643
2.255,-1.278
1.986,-1.259
1.339,-1.287
-0.225,0.088
-0.348,-1.148
-0.537,-1.872
-0.913,-1.115
-0.872,-0.969
-0.958,-1.225
-2.449,-2.83
2.978,0.07
2.608,-2.408
1.006,-1.366
-0.423,-0.493
-0.61,0.642
-1.11,-2.183
-1.405,-0.499
2.267,-0.201
1.991,-1.567
-0.902,-0.131
-1.105,-2.513
-1.203,-0.088
-1.845,-1.654
2.421,-2.755
-0.767,0.868
-0.694,-2.61
0.916,-3.362
-0.075,0.102
-0.087,1.388
-0.063,0.166
-0.119,2.225
-0.212,1.04
-0.248,0.023
-0.348,1.757
-0.317,-0.139
-0.47,2.006
-0.57,0.377
-0.557,1.838
-0.539,1.579
-0.587,1.326
-0.631,1.878
-0.628,-0.046
-0.609,1.303
-0.639,-0.487
-0.654,0.352
-0.679,2.193
-0.685,-0.349
-0.72,1.259
-0.797,-1.181
-0.732,0.15
-0.747,-1.255
-0.837,-0.184
-0.763,-1.088
-0.79,-0.316
-0.859,0.787
-0.847,-0.351
-0.947,2.357
-0.882,1.876
-0.989,-0.13
-0.939,-0.629
-0.963,0.352
-1.035,-0.411
-1.01,-1.44
-1.106,0.847
-1.097,-0.607
-1.148,0.394
-1.181,-0.771
-1.226,0.241
-1.301,1.905
-1.302,0.213
-1.278,0.458
-1.362,0.996
-1.3,0.449
-1.461,1.944
-1.403,1.643
-1.537,1.367
-1.488,-0.87
-1.465,-0.804
-1.525,-1.217
-1.628,2.548
-1.64,1.42
-1.569,2.562
-1.752,-0.429
-1.689,1.927
-1.773,-0.399
-1.863,2.323
-1.901,-1.277
-2.001,0.479
-1.941,-0.818
-2.045,-1.166
-2.23,-1.409
-2.385,0.76
-2.373,1.675
-2.527,0.86
-2.578,1.823
-2.591,1.477
-2.596,0.976
-2.627,2.169
-2.732,-0.68
-2.784,0.251
-2.756,0.394
-2.906,-1.651
-3.119,-1.583
-3.089,-1.417
2.379,-1.479
1.895,-1.591
1.784,-1.695
1.116,-1.592
1.143,-1.766
1.041,-1.685
0.449,-1.566
-0.083,-1.954
-0.923,-1.987
-1.16,-1.798
-1.309,-1.7
-1.665,-1.56
-1.993,-1.641
-2.348,-1.56
3.092,2.712
2.885,2.803
2.54,2.753
2.178,2.689
2.081,2.486
2.137,2.778
0.233,2.703
-0.442,2.811
-0.539,2.85
-0.848,2.632
-1.372,2.557
-2.775,2.679
1.902,1.076
1.311,-1.215
0.086,0.76
-0.11,0.837
-0.47,0.726
-0.825,1.606
-1.368,-0.55
1.933,2.613
-2.88,2.465
-2.864,2.132
-2.84,-0.364
-2.976,-1.055
2.913,-0.577
3.007,0.707
2.887,2.412
2.907,2.15
3.007,0.002
3.009,0.874
2.843,1.165
2.888,0.557
2.839,0.58
2.694,2.34
2.798,0.509
2.68,1.385
2.639,0.328
2.646,-0.427
2.765,-0.06
2.75,0.76
2.696,2.545
2.544,1.002
2.5,2.467
2.52,0.751
2.511,1.161
2.351,0.651
2.45,2.39
2.325,2.192
2.172,0.987
1.978,1.336
1.727,-1.282
1.66,0.402
1.758,-0.47
1.674,0.162
1.599,1.983
1.412,-0.009
1.422,0.411
1.368,-1.372
1.106,0.31
1.063,2.535
0.926,-0.726
0.857,-1.439
0.756,1.786
0.304,-1.074
0.423,2.254
0.327,2.543
0.214,0.485
0.167,0.183
0.138,1.127
-0.149,0.156
-0.106,2.459
-0.276,1.49
-0.48,-0.326
-0.527,1.864
-0.62,-1.188
-0.634,2.231
-0.771,1.43
-0.644,1.888
-0.688,1.003
-0.734,0.21
-0.712,1.932
-0.98,2.451
-0.917,2.388
-0.919,1.205
-0.989,0.87
-1.022,0.738
-1.125,0.233
-1.176,-0.276
-1.097,-0.303
-1.11,-0.858
-1.349,2.035
-1.471,-1.056
-1.7,-0.486
-1.647,-0.928
-1.697,2.262
-1.876,-1.231
-1.908,-0.571
-1.827,2.213
-2.186,-1.362
-2.584,-1.082
-2.596,1.847
-2.603,0.237
-2.747,0.339
-2.75,-1.724
2.942,-1.644
2.693,-1.708
2.619,-1.781
2.216,-1.665
1.723,-1.603
0.172,-1.636
-0.888,-1.875
-0.959,-1.769
-0.849,-1.893
-1.395,-1.824
-1.313,-1.491
-1.409,-1.531
-1.622,-1.8
-2.192,-1.671
-2.468,-1.937
-3.107,2.75
-3.105,2.819
2.952,2.799
1.744,2.817
0.891,2.797
0.437,2.813
0.186,2.803
-0.37,2.625
-0.4,2.688
-0.501,2.769
-1.57,2.803
-1.762,2.736
2.534,2.07
2.226,0.149
1.957,0.168
1.31,0.14
-0.254,1.515
-0.377,0.279
-0.566,-0.445
-0.942,0.312
-0.901,0.458
-0.987,0.202
-2.478,-1.403
2.949,1.497
2.579,-0.981
0.977,0.061
-0.452,0.934
-0.639,2.069
-1.139,-0.756
-1.434,0.928
2.238,1.226
1.962,-0.14
-0.931,1.296
-1.134,-1.086
-1.232,1.339
-1.874,-0.227
2.392,-1.328
-0.796,2.295
-0.723,-1.183
0.887,-1.935
-0.012,1.286
0.012,0.064
-0.044,2.123
-0.137,0.938
-0.173,-0.079
-0.273,1.655
-0.242,-0.241
-0.395,1.904
-0.495,0.275
-0.482,1.736
-0.464,1.477
-0.512,1.224
-0.556,1.776
-0.553,-0.148
-0.534,1.201
-0.564,-0.589
-0.579,0.25
-0.604,2.091
-0.61,-0.451
-0.645,1.157
-0.722,-1.283
-0.657,0.048
-0.672,-1.357
-0.762,-0.286
-0.688,-1.19
-0.715,-0.418
-0.784,0.685
-0.772,-0.453
-0.872,2.255
-0.807,1.774
-0.914,-0.232
-0.864,-0.731
-0.888,0.25
-0.96,-0.513
-0.935,-1.542
-1.031,0.745
-1.022,-0.709
-1.073,0.292
-1.106,-0.873
-1.151,0.139
-1.226,1.803
-1.227,0.111
-1.203,0.356
-1.287,0.894
-1.225,0.347
-1.386,1.842
-1.328,1.541
-1.462,1.265
-1.413,-0.972
-1.39,-0.906
-1.45,-1.319
-1.553,2.446
-1.565,1.318
-1.494,2.46
-1.677,-0.531
-1.614,1.825
-1.698,-0.501
-1.788,2.221
-1.826,-1.379
-1.926,0.377
-1.866,-0.92
-1.97,-1.268
-2.155,-1.511
-2.31,0.658
-2.298,1.573
-2.452,0.758
-2.503,1.721
-2.516,1.375
-2.521,0.874
-2.552,2.067
-2.657,-0.782
-2.709,0.149
-2.681,0.292
-2.831,-1.753
-3.044,-1.685
-3.014,-1.519
2.454,-1.581
1.97,-1.693
1.859,-1.797
1.191,-1.694
1.218,-1.868
1.116,-1.787
0.524,-1.668
-0.008,-2.056
-0.848,-2.089
-1.085,-1.9
-1.234,-1.802
-1.59,-1.662
-1.918,-1.743
-2.273,-1.662
-3.116,2.61
2.96,2.701
2.615,2.651
2.253,2.587
2.156,2.384
2.212,2.676
0.308,2.601
-0.367,2.709
-0.464,2.748
-0.773,2.53
-1.297,2.455
-2.7,2.577
1.977,0.974
1.386,-1.317
0.161,0.658
-0.035,0.735
-0.395,0.624
-0.75,1.504
-1.293,-0.652
2.008,2.511
-2.805,2.363
-2.789,2.03
-2.765,-0.466
-2.901,-1.157
2.988,-0.679
3.082,0.605
2.962,2.31
2.982,2.048
3.082,-0.1
3.084,0.772
2.918,1.063
2.963,0.455
2.914,0.478
2.769,2.238
2.873,0.407
2.755,1.283
2.714,0.226
2.721,-0.529
2.84,-0.162
2.825,0.658
2.771,2.443
2.619,0.9
2.575,2.365
2.595,0.649
2.586,1.059
2.426,0.549
2.525,2.288
2.4,2.09
2.247,0.885
2.053,1.234
1.802,-1.384
1.735,0.3
1.833,-0.572
1.749,0.06
1.674,1.881
1.487,-0.111
1.497,0.309
1.443,-1.474
1.181,0.208
1.138,2.433
1.001,-0.828
0.932,-1.541
0.831,1.684
0.379,-1.176
0.498,2.152
0.402,2.441
0.289,0.383
0.242,0.081
0.213,1.025
-0.074,0.054
-0.031,2.357
-0.201,1.388
-0.405,-0.428
-0.452,1.762
-0.545,-1.29
-0.559,2.129
-0.696,1.328
-0.569,1.786
-0.613,0.901
-0.659,0.108
-0.637,1.83
-0.905,2.349
-0.842,2.286
-0.844,1.103
-0.914,0.768
-0.947,0.636
-1.05,0.131
-1.101,-0.378
-1.022,-0.405
-1.035,-0.96
-1.274,1.933
-1.396,-1.158
-1.625,-0.588
-1.572,-1.03
-1.622,2.16
-1.801,-1.333
-1.833,-0.673
-1.752,2.111
-2.111,-1.464
-2.509,-1.184
-2.521,1.745
-2.528,0.135
-2.672,0.237
-2.675,-1.826
3.017,-1.746
2.768,-1.81
2.694,-1.883
2.291,-1.767
1.798,-1.705
0.247,-1.738
-0.813,-1.977
-0.884,-1.871
-0.774,-1.995
-1.32,-1.926
-1.238,-1.593
-1.334,-1.633
-1.547,-1.902
-2.117,-1.773
-2.393,-2.039
-3.032,2.648
-3.03,2.717
3.027,2.697
1.819,2.715
0.966,2.695
0.512,2.711
0.261,2.701
-0.295,2.523
-0.325,2.586
-0.426,2.667
-1.495,2.701
-1.687,2.634
2.609,1.968
2.301,0.047
2.032,0.066
1.385,0.038
-0.179,1.413
-0.302,0.177
-0.491,-0.547
-0.867,0.21
-0.826,0.356
-0.912,0.1
-2.403,-1.505
3.024,1.395
2.654,-1.083
1.052,-0.041
-0.377,0.832
-0.564,1.967
-1.064,-0.858
-1.359,0.826
2.313,1.124
2.037,-0.242
-0.856,1.194
-1.059,-1.188
-1.157,1.237
-1.799,-0.329
2.467,-1.43
-0.721,2.193
-0.648,-1.285
0.962,-2.037
0.024,-1.222
-0.032,0.837
-0.125,-0.348
-0.161,-1.365
-0.261,0.369
-0.23,-1.527
-0.383,0.618
-0.483,-1.011
-0.47,0.45
-0.452,0.191
-0.5,-0.062
-0.544,0.49
-0.541,-1.434
-0.522,-0.085
-0.552,-1.875
-0.567,-1.036
-0.592,0.805
-0.598,-1.737
-0.633,-0.129
-0.71,-2.569
-0.645,-1.238
-0.66,-2.643
-0.75,-1.572
-0.676,-2.476
-0.703,-1.704
-0.772,-0.601
-0.76,-1.739
-0.86,0.969
-0.795,0.488
-0.902,-1.518
-0.852,-2.017
-0.876,-1.036
-0.948,-1.799
-0.923,-2.828
-1.019,-0.541
-1.01,-1.995
-1.061,-0.994
-1.094,-2.159
-1.139,-1.147
-1.214,0.517
-1.215,-1.175
-1.191,-0.93
-1.275,-0.392
-1.213,-0.939
-1.374,0.556
-1.316,0.255
-1.45,-0.021
-1.401,-2.258
-1.378,-2.192
-1.438,-2.605
-1.541,1.16
-1.553,0.032
-1.482,1.174
-1.665,-1.817
-1.602,0.539
-1.686,-1.787
-1.776,0.935
-1.814,-2.665
-1.914,-0.909
-1.854,-2.206
-1.958,-2.554
-2.143,-2.797
-2.298,-0.628
-2.286,0.287
-2.44,-0.528
-2.491,0.435
-2.504,0.089
-2.509,-0.412
-2.54,0.781
-2.645,-2.068
-2.697,-1.137
-2.669,-0.994
-2.819,-3.039
-3.032,-2.971
-3.002,-2.805
2.466,-2.867
1.982,-2.979
1.871,-3.083
1.203,-2.98
1.23,-3.154
1.128,-3.073
0.536,-2.954
0.004,-3.342
-0.836,-3.375
-1.073,-3.186
-1.222,-3.088
-1.578,-2.948
-1.906,-3.029
-2.261,-2.948
-3.104,1.324
2.972,1.415
2.627,1.365
2.265,1.301
2.168,1.098
2.224,1.39
0.32,1.315
-0.355,1.423
-0.452,1.462
-0.761,1.244
-1.285,1.169
-2.688,1.291
1.989,-0.312
1.398,-2.603
0.173,-0.628
-0.023,-0.551
-0.383,-0.662
-0.738,0.218
-1.281,-1.938
2.02,1.225
-2.793,1.077
-2.777,0.744
-2.753,-1.752
-2.889,-2.443
3.0,-1.965
3.094,-0.681
2.974,1.024
2.994,0.762
3.094,-1.386
3.096,-0.514
2.93,-0.223
2.975,-0.831
2.926,-0.808
2.781,0.952
2.885,-0.879
2.767,-0.003
2.726,-1.06
2.733,-1.815
2.852,-1.448
2.837,-0.628
2.783,1.157
2.631,-0.386
2.587,1.079
2.607,-0.637
2.598,-0.227
2.438,-0.737
2.537,1.002
2.412,0.804
2.259,-0.401
2.065,-0.052
1.814,-2.67
1.747,-0.986
1.845,-1.858
1.761,-1.226
1.686,0.595
1.499,-1.397
1.509,-0.977
1.455,-2.76
1.193,-1.078
1.15,1.147
1.013,-2.114
0.944,-2.827
0.843,0.398
0.391,-2.462
0.51,0.866
0.414,1.155
0.301,-0.903
0.254,-1.205
0.225,-0.261
-0.062,-1.232
-0.019,1.071
-0.189,0.102
-0.393,-1.714
-0.44,0.476
-0.533,-2.576
-0.547,0.843
-0.684,0.042
-0.557,0.5
-0.601,-0.385
-0.647,-1.178
-0.625,0.544
-0.893,1.063
-0.83,1.0
-0.832,-0.183
-0.902,-0.518
-0.935,-0.65
-1.038,-1.155
-1.089,-1.664
-1.01,-1.691
-1.023,-2.246
-1.262,0.647
-1.384,-2.444
-1.613,-1.874
-1.56,-2.316
-1.61,0.874
-1.789,-2.619
-1.821,-1.959
-1.74,0.825
-2.099,-2.75
-2.497,-2.47
-2.509,0.459
-2.516,-1.151
-2.66,-1.049
-2.663,-3.112
3.029,-3.032
2.78,-3.096
2.706,-3.169
2.303,-3.053
1.81,-2.991
0.259,-3.024
-0.801,-3.263
-0.872,-3.157
-0.762,-3.281
-1.308,-3.212
-1.226,-2.879
-1.322,-2.919
-1.535,-3.188
-2.105,-3.059
-2.381,-3.325
-3.02,1.362
-3.018,1.431
3.039,1.411
1.831,1.429
0.978,1.409
0.524,1.425
0.273,1.415
-0.283,1.237
-0.313,1.3
-0.414,1.381
-1.483,1.415
-1.675,1.348
2.621,0.682
2.313,-1.239
2.044,-1.22
1.397,-1.248
-0.167,0.127
-0.29,-1.109
-0.479,-1.833
-0.855,-1.076
-0.814,-0.93
-0.9,-1.186
-2.391,-2.791
3.036,0.109
2.666,-2.369
1.064,-1.327
-0.365,-0.454
-0.552,0.681
-1.052,-2.144
-1.347,-0.46
2.325,-0.162
2.049,-1.528
-0.844,-0.092
-1.047,-2.474
-1.145,-0.049
-1.787,-1.615
2.479,-2.716
-0.709,0.907
-0.636,-2.571
0.974,-3.323
-0.056,2.059
-0.149,0.874
-0.185,-0.143
-0.285,1.591
-0.254,-0.305
-0.407,1.84
-0.507,0.211
-0.494,1.672
-0.476,1.413
-0.524,1.16
-0.568,1.712
-0.565,-0.212
-0.546,1.137
-0.576,-0.653
-0.591,0.186
-0.616,2.027
-0.622,-0.515
-0.657,1.093
-0.734,-1.347
-0.669,-0.016
-0.684,-1.421
-0.774,-0.35
-0.7,-1.254
-0.727,-0.482
-0.796,0.621
-0.784,-0.517
-0.884,2.191
-0.819,1.71
-0.926,-0.296
-0.876,-0.795
-0.9,0.186
-0.972,-0.577
-0.947,-1.606
-1.043,0.681
-1.034,-0.773
-1.085,0.228
-1.118,-0.937
-1.163,0.075
-1.238,1.739
-1.239,0.047
-1.215,0.292
-1.299,0.83
-1.237,0.283
-1.398,1.778
-1.34,1.477
-1.474,1.201
-1.425,-1.036
-1.402,-0.97
-1.462,-1.383
-1.565,2.382
-1.577,1.254
-1.506,2.396
-1.689,-0.595
-1.626,1.761
-1.71,-0.565
-1.8,2.157
-1.838,-1.443
-1.938,0.313
-1.878,-0.984
-1.982,-1.332
-2.167,-1.575
-2.322,0.594
-2.31,1.509
-2.464,0.694
-2.515,1.657
-2.528,1.311
-2.533,0.81
-2.564,2.003
-2.669,-0.846
-2.721,0.085
-2.693,0.228
-2.843,-1.817
-3.056,-1.749
-3.026,-1.583
2.442,-1.645
1.958,-1.757
1.847,-1.861
1.179,-1.758
1.206,-1.932
1.104,-1.851
0.512,-1.732
-0.02,-2.12
-0.86,-2.153
-1.097,-1.964
-1.246,-1.866
-1.602,-1.726
-1.93,-1.807
-2.285,-1.726
-3.128,2.546
2.948,2.637
2.603,2.587
2.241,2.523
2.144,2.32
2.2,2.612
0.296,2.537
-0.379,2.645
-0.476,2.684
-0.785,2.466
-1.309,2.391
-2.712,2.513
1.965,0.91
1.374,-1.381
0.149,0.594
-0.047,0.671
-0.407,0.56
-0.762,1.44
-1.305,-0.716
1.996,2.447
-2.817,2.299
-2.801,1.966
-2.777,-0.53
-2.913,-1.221
2.976,-0.743
3.07,0.541
2.95,2.246
2.97,1.984
3.07,-0.164
3.072,0.708
2.906,0.999
2.951,0.391
2.902,0.414
2.757,2.174
2.861,0.343
2.743,1.219
2.702,0.162
2.709,-0.593
2.828,-0.226
2.813,0.594
2.759,2.379
2.607,0.836
2.563,2.301
2.583,0.585
2.574,0.995
2.414,0.485
2.513,2.224
2.388,2.026
2.235,0.821
2.041,1.17
1.79,-1.448
1.723,0.236
1.821,-0.636
1.737,-0.004
1.662,1.817
1.475,-0.175
1.485,0.245
1.431,-1.538
1.169,0.144
1.126,2.369
0.989,-0.892
0.92,-1.605
0.819,1.62
0.367,-1.24
0.486,2.088
0.39,2.377
0.277,0.319
0.23,0.017
0.201,0.961
-0.086,-0.01
-0.043,2.293
-0.213,1.324
-0.417,-0.492
-0.464,1.698
-0.557,-1.354
-0.571,2.065
-0.708,1.264
-0.581,1.722
-0.625,0.837
-0.671,0.044
-0.649,1.766
-0.917,2.285
-0.854,2.222
-0.856,1.039
-0.926,0.704
-0.959,0.572
-1.062,0.067
-1.113,-0.442
-1.034,-0.469
-1.047,-1.024
-1.286,1.869
-1.408,-1.222
-1.637,-0.652
-1.584,-1.094
-1.634,2.096
-1.813,-1.397
-1.845,-0.737
-1.764,2.047
-2.123,-1.528
-2.521,-1.248
-2.533,1.681
-2.54,0.071
-2.684,0.173
-2.687,-1.89
3.005,-1.81
2.756,-1.874
2.682,-1.947
2.279,-1.831
1.786,-1.769
0.235,-1.802
-0.825,-2.041
-0.896,-1.935
-0.786,-2.059
-1.332,-1.99
-1.25,-1.657
-1.346,-1.697
-1.559,-1.966
-2.129,-1.837
-2.405,-2.103
-3.044,2.584
-3.042,2.653
3.015,2.633
1.807,2.651
0.954,2.631
0.5,2.647
0.249,2.637
-0.307,2.459
-0.337,2.522
-0.438,2.603
-1.507,2.637
-1.699,2.57
2.597,1.904
2.289,-0.017
2.02,0.002
1.373,-0.026
-0.191,1.349
-0.314,0.113
-0.503,-0.611
-0.879,0.146
-0.838,0.292
-0.924,0.036
-2.415,-1.569
3.012,1.331
2.642,-1.147
1.04,-0.105
-0.389,0.768
-0.576,1.903
-1.076,-0.922
-1.371,0.762
2.301,1.06
2.025,-0.306
-0.868,1.13
-1.071,-1.252
-1.169,1.173
-1.811,-0.393
2.455,-1.494
-0.733,2.129
-0.66,-1.349
0.95,-2.101
-0.093,-1.185
-0.129,-2.202
-0.229,-0.468
-0.198,-2.364
-0.351,-0.219
-0.451,-1.848
-0.438,-0.387
-0.42,-0.646
-0.468,-0.899
-0.512,-0.347
-0.509,-2.271
-0.49,-0.922
-0.52,-2.712
-0.535,-1.873
-0.56,-0.032
-0.566,-2.574
-0.601,-0.966
-0.678,-3.406
-0.613,-2.075
-0.628,-3.48
-0.718,-2.409
-0.644,-3.313
-0.671,-2.541
-0.74,-1.438
-0.728,-2.576
-0.828,0.132
-0.763,-0.349
-0.87,-2.355
-0.82,-2.854
-0.844,-1.873
-0.916,-2.636
-0.891,-3.665
-0.987,-1.378
-0.978,-2.832
-1.029,-1.831
-1.062,-2.996
-1.107,-1.984
-1.182,-0.32
-1.183,-2.012
-1.159,-1.767
-1.243,-1.229
-1.181,-1.776
-1.342,-0.281
-1.284,-0.582
-1.418,-0.858
-1.369,-3.095
-1.346,-3.029
-1.406,-3.442
-1.509,0.323
-1.521,-0.805
-1.45,0.337
-1.633,-2.654
-1.57,-0.298
-1.654,-2.624
-1.744,0.098
-1.782,-3.502
-1.882,-1.746
-1.822,-3.043
-1.926,-3.391
-2.111,-3.634
-2.266,-1.465
-2.254,-0.55
-2.408,-1.365
-2.459,-0.402
-2.472,-0.748
-2.477,-1.249
-2.508,-0.056
-2.613,-2.905
-2.665,-1.974
-2.637,-1.831
-2.787,-3.876
-3.0,-3.808
-2.97,-3.642
2.498,-3.704
2.014,-3.816
1.903,-3.92
1.235,-3.817
1.262,-3.991
1.16,-3.91
0.568,-3.791
0.036,-4.179
-0.804,-4.212
-1.041,-4.023
-1.19,-3.925
-1.546,-3.785
-1.874,-3.866
-2.229,-3.785
-3.072,0.487
3.004,0.578
2.659,0.528
2.297,0.464
2.2,0.261
2.256,0.553
0.352,0.478
-0.323,0.586
-0.42,0.625
-0.729,0.407
-1.253,0.332
-2.656,0.454
2.021,-1.149
1.43,-3.44
0.205,-1.465
0.009,-1.388
-0.351,-1.499
-0.706,-0.619
-1.249,-2.775
2.052,0.388
-2.761,0.24
-2.745,-0.093
-2.721,-2.589
-2.857,-3.28
3.032,-2.802
3.126,-1.518
3.006,0.187
3.026,-0.075
3.126,-2.223
3.128,-1.351
2.962,-1.06
3.007,-1.668
2.958,-1.645
2.813,0.115
2.917,-1.716
2.799,-0.84
2.758,-1.897
2.765,-2.652
2.884,-2.285
2.869,-1.465
2.815,0.32
2.663,-1.223
2.619,0.242
2.639,-1.474
2.63,-1.064
2.47,-1.574
2.569,0.165
2.444,-0.033
2.291,-1.238
2.097,-0.889
1.846,-3.507
1.779,-1.823
1.877,-2.695
1.793,-2.063
1.718,-0.242
1.531,-2.234
1.541,-1.814
1.487,-3.597
1.225,-1.915
1.182,0.31
1.045,-2.951
0.976,-3.664
0.875,-0.439
0.423,-3.299
0.542,0.029
0.446,0.318
0.333,-1.74
0.286,-2.042
0.257,-1.098
-0.03,-2.069
0.013,0.234
-0.157,-0.735
-0.361,-2.551
-0.408,-0.361
-0.501,-3.413
-0.515,0.006
-0.652,-0.795
-0.525,-0.337
-0.569,-1.222
-0.615,-2.015
-0.593,-0.293
-0.861,0.226
-0.798,0.163
-0.8,-1.02
-0.87,-1.355
-0.903,-1.487
-1.006,-1.992
-1.057,-2.501
-0.978,-2.528
-0.991,-3.083
-1.23,-0.19
-1.352,-3.281
-1.581,-2.711
-1.528,-3.153
-1.578,0.037
-1.757,-3.456
-1.789,-2.796
-1.708,-0.012
-2.067,-3.587
-2.465,-3.307
-2.477,-0.378
-2.484,-1.988
-2.628,-1.886
-2.631,-3.949
3.061,-3.869
2.812,-3.933
2.738,-4.006
2.335,-3.89
1.842,-3.828
0.291,-3.861
-0.769,-4.1
-0.84,-3.994
-0.73,-4.118
-1.276,-4.049
-1.194,-3.716
-1.29,-3.756
-1.503,-4.025
-2.073,-3.896
-2.349,-4.162
-2.988,0.525
-2.986,0.594
3.071,0.574
1.863,0.592
1.01,0.572
0.556,0.588
0.305,0.578
-0.251,0.4
-0.281,0.463
-0.382,0.544
-1.451,0.578
-1.643,0.511
2.653,-0.155
2.345,-2.076
2.076,-2.057
1.429,-2.085
-0.135,-0.71
-0.258,-1.946
-0.447,-2.67
-0.823,-1.913
-0.782,-1.767
-0.868,-2.023
-2.359,-3.628
3.068,-0.728
2.698,-3.206
1.096,-2.164
-0.333,-1.291
-0.52,-0.156
-1.02,-2.981
-1.315,-1.297
2.357,-0.999
2.081,-2.365
-0.812,-0.929
-1.015,-3.311
-1.113,-0.886
-1.755,-2.452
2.511,-3.553
-0.677,0.07
-0.604,-3.408
1.006,-4.16
-0.036,-1.017
-0.136,0.717
-0.105,-1.179
-0.258,0.966
-0.358,-0.663
-0.345,0.798
-0.327,0.539
-0.375,0.286
-0.419,0.838
-0.416,-1.086
-0.397,0.263
-0.427,-1.527
-0.442,-0.688
-0.467,1.153
-0.473,-1.389
-0.508,0.219
-0.585,-2.221
-0.52,-0.89
-0.535,-2.295
-0.625,-1.224
-0.551,-2.128
-0.578,-1.356
-0.647,-0.253
-0.635,-1.391
-0.735,1.317
-0.67,0.836
-0.777,-1.17
-0.727,-1.669
-0.751,-0.688
-0.823,-1.451
-0.798,-2.48
-0.894,-0.193
-0.885,-1.647
-0.936,-0.646
-0.969,-1.811
-1.014,-0.799
-1.089,0.865
-1.09,-0.827
-1.066,-0.582
-1.15,-0.044
-1.088,-0.591
-1.249,0.904
-1.191,0.603
-1.325,0.327
-1.276,-1.91
-1.253,-1.844
-1.313,-2.257
-1.416,1.508
-1.428,0.38
-1.357,1.522
-1.54,-1.469
-1.477,0.887
-1.561,-1.439
-1.651,1.283
-1.689,-2.317
-1.789,-0.561
-1.729,-1.858
-1.833,-2.206
-2.018,-2.449
-2.173,-0.28
-2.161,0.635
-2.315,-0.18
-2.366,0.783
-2.379,0.437
-2.384,-0.064
-2.415,1.129
-2.52,-1.72
-2.572,-0.789
-2.544,-0.646
-2.694,-2.691
-2.907,-2.623
-2.877,-2.457
2.591,-2.519
2.107,-2.631
1.996,-2.735
1.328,-2.632
1.355,-2.806
1.253,-2.725
0.661,-2.606
0.129,-2.994
-0.711,-3.027
-0.948,-2.838
-1.097,-2.74
-1.453,-2.6
-1.781,-2.681
-2.136,-2.6
-2.979,1.672
3.097,1.763
2.752,1.713
2.39,1.649
2.293,1.446
2.349,1.738
0.445,1.663
-0.23,1.771
-0.327,1.81
-0.636,1.592
-1.16,1.517
-2.563,1.639
2.114,0.036
1.523,-2.255
0.298,-0.28
0.102,-0.203
-0.258,-0.314
-0.613,0.566
-1.156,-1.59
2.145,1.573
-2.668,1.425
-2.652,1.092
-2.628,-1.404
-2.764,-2.095
3.125,-1.617
-3.064,-0.333
3.099,1.372
3.119,1.11
-3.064,-1.038
-3.062,-0.166
3.055,0.125
3.1,-0.483
3.051,-0.46
2.906,1.3
3.01,-0.531
2.892,0.345
2.851,-0.712
2.858,-1.467
2.977,-1.1
2.962,-0.28
2.908,1.505
2.756,-0.038
2.712,1.427
2.732,-0.289
2.723,0.121
2.563,-0.389
2.662,1.35
2.537,1.152
2.384,-0.053
2.19,0.296
1.939,-2.322
1.872,-0.638
1.97,-1.51
1.886,-0.878
1.811,0.943
1.624,-1.049
1.634,-0.629
1.58,-2.412
1.318,-0.73
1.275,1.495
1.138,-1.766
1.069,-2.479
0.968,0.746
0.516,-2.114
0.635,1.214
0.539,1.503
0.426,-0.555
0.379,-0.857
0.35,0.087
0.063,-0.884
0.106,1.419
-0.064,0.45
-0.268,-1.366
-0.315,0.824
-0.408,-2.228
-0.422,1.191
-0.559,0.39
-0.432,0.848
-0.476,-0.037
-0.522,-0.83
-0.5,0.892
-0.768,1.411
-0.705,1.348
-0.707,0.165
-0.777,-0.17
-0.81,-0.302
-0.913,-0.807
-0.964,-1.316
-0.885,-1.343
-0.898,-1.898
-1.137,0.995
-1.259,-2.096
-1.488,-1.526
-1.435,-1.968
-1.485,1.222
-1.664,-2.271
-1.696,-1.611
-1.615,1.173
-1.974,-2.402
-2.372,-2.122
-2.384,0.807
-2.391,-0.803
-2.535,-0.701
-2.538,-2.764
-3.129,-2.684
2.905,-2.748
2.831,-2.821
2.428,-2.705
1.935,-2.643
0.384,-2.676
-0.676,-2.915
-0.747,-2.809
-0.637,-2.933
-1.183,-2.864
-1.101,-2.531
-1.197,-2.571
-1.41,-2.84
-1.98,-2.711
-2.256,-2.977
-2.895,1.71
-2.893,1.779
-3.119,1.759
1.956,1.777
1.103,1.757
0.649,1.773
0.398,1.763
-0.158,1.585
-0.188,1.648
-0.289,1.729
-1.358,1.763
-1.55,1.696
2.746,1.03
2.438,-0.891
2.169,-0.872
1.522,-0.9
-0.042,0.475
-0.165,-0.761
-0.354,-1.485
-0.73,-0.728
-0.689,-0.582
-0.775,-0.838
-2.266,-2.443
-3.122,0.457
2.791,-2.021
1.189,-0.979
-0.24,-0.106
-0.427,1.029
-0.927,-1.796
-1.222,-0.112
2.45,0.186
2.174,-1.18
-0.719,0.256
-0.922,-2.126
-1.02,0.299
-1.662,-1.267
2.604,-2.368
-0.584,1.255
-0.511,-2.223
1.099,-2.975
-0.1,1.734
-0.069,-0.162
-0.222,1.983
-0.322,0.354
-0.309,1.815
-0.291,1.556
-0.339,1.303
-0.383,1.855
-0.38,-0.069
-0.361,1.28
-0.391,-0.51
-0.406,0.329
-0.431,2.17
-0.437,-0.372
-0.472,1.236
-0.549,-1.204
-0.484,0.127
-0.499,-1.278
-0.589,-0.207
-0.515,-1.111
-0.542,-0.339
-0.611,0.764
-0.599,-0.374
-0.699,2.334
-0.634,1.853
-0.741,-0.153
-0.691,-0.652
-0.715,0.329
-0.787,-0.434
-0.762,-1.463
-0.858,0.824
-0.849,-0.63
-0.9,0.371
-0.933,-0.794
-0.978,0.218
-1.053,1.882
-1.054,0.19
-1.03,0.435
-1.114,0.973
-1.052,0.426
-1.213,1.921
-1.155,1.62
-1.289,1.344
-1.24,-0.893
-1.217,-0.827
-1.277,-1.24
-1.38,2.525
-1.392,1.397
-1.321,2.539
-1.504,-0.452
-1.441,1.904
-1.525,-0.422
-1.615,2.3
-1.653,-1.3
-1.753,0.456
-1.693,-0.841
-1.797,-1.189
-1.982,-1.432
-2.137,0.737
-2.125,1.652
-2.279,0.837
-2.33,1.8
-2.343,1.454
-2.348,0.953
-2.379,2.146
-2.484,-0.703
-2.536,0.228
-2.508,0.371
-2.658,-1.674
-2.871,-1.606
-2.841,-1.44
2.627,-1.502
2.143,-1.614
2.032,-1.718
1.364,-1.615
1.391,-1.789
1.289,-1.708
0.697,-1.589
0.165,-1.977
-0.675,-2.01
-0.912,-1.821
-1.061,-1.723
-1.417,-1.583
-1.745,-1.664
-2.1,-1.583
-2.943,2.689
3.133,2.78
2.788,2.73
2.426,2.666
2.329,2.463
2.385,2.755
0.481,2.68
-0.194,2.788
-0.291,2.827
-0.6,2.609
-1.124,2.534
-2.527,2.656
2.15,1.053
1.559,-1.238
0.334,0.737
0.138,0.814
-0.222,0.703
-0.577,1.583
-1.12,-0.573
2.181,2.59
-2.632,2.442
-2.616,2.109
-2.592,-0.387
-2.728,-1.078
-3.122,-0.6
-3.028,0.684
3.135,2.389
-3.128,2.127
-3.028,-0.021
-3.026,0.851
3.091,1.142
3.136,0.534
3.087,0.557
2.942,2.317
3.046,0.486
2.928,1.362
2.887,0.305
2.894,-0.45
3.013,-0.083
2.998,0.737
2.944,2.522
2.792,0.979
2.748,2.444
2.768,0.728
2.759,1.138
2.599,0.628
2.698,2.367
2.573,2.169
2.42,0.964
2.226,1.313
1.975,-1.305
1.908,0.379
2.006,-0.493
1.922,0.139
1.847,1.96
1.66,-0.032
1.67,0.388
1.616,-1.395
1.354,0.287
1.311,2.512
1.174,-0.749
1.105,-1.462
1.004,1.763
0.552,-1.097
0.671,2.231
0.575,2.52
0.462,0.462
0.415,0.16
0.386,1.104
0.099,0.133
0.142,2.436
-0.028,1.467
-0.232,-0.349
-0.279,1.841
-0.372,-1.211
-0.386,2.208
-0.523,1.407
-0.396,1.865
-0.44,0.98
-0.486,0.187
-0.464,1.909
-0.732,2.428
-0.669,2.365
-0.671,1.182
-0.741,0.847
-0.774,0.715
-0.877,0.21
-0.928,-0.299
-0.849,-0.326
-0.862,-0.881
-1.101,2.012
-1.223,-1.079
-1.452,-0.509
-1.399,-0.951
-1.449,2.239
-1.628,-1.254
-1.66,-0.594
-1.579,2.19
-1.938,-1.385
-2.336,-1.105
-2.348,1.824
-2.355,0.214
-2.499,0.316
-2.502,-1.747
-3.093,-1.667
2.941,-1.731
2.867,-1.804
2.464,-1.688
1.971,-1.626
0.42,-1.659
-0.64,-1.898
-0.711,-1.792
-0.601,-1.916
-1.147,-1.847
-1.065,-1.514
-1.161,-1.554
-1.374,-1.823
-1.944,-1.694
-2.22,-1.96
-2.859,2.727
-2.857,2.796
-3.083,2.776
1.992,2.794
1.139,2.774
0.685,2.79
0.434,2.78
-0.122,2.602
-0.152,2.665
-0.253,2.746
-1.322,2.78
-1.514,2.713
2.782,2.047
2.474,0.126
2.205,0.145
1.558,0.117
-0.006,1.492
-0.129,0.256
-0.318,-0.468
-0.694,0.289
-0.653,0.435
-0.739,0.179
-2.23,-1.426
-3.086,1.474
2.827,-1.004
1.225,0.038
-0.204,0.911
-0.391,2.046
-0.891,-0.779
-1.186,0.905
2.486,1.203
2.21,-0.163
-0.683,1.273
-0.886,-1.109
-0.984,1.316
-1.626,-0.25
2.64,-1.351
-0.548,2.272
-0.475,-1.206
1.135,-1.958
0.031,-1.896
-0.122,0.249
-0.222,-1.38
-0.209,0.081
-0.191,-0.178
-0.239,-0.431
-0.283,0.121
-0.28,-1.803
-0.261,-0.454
-0.291,-2.244
-0.306,-1.405
-0.331,0.436
-0.337,-2.106
-0.372,-0.498
-0.449,-2.938
-0.384,-1.607
-0.399,-3.012
-0.489,-1.941
-0.415,-2.845
-0.442,-2.073
-0.511,-0.97
-0.499,-2.108
-0.599,0.6
-0.534,0.119
-0.641,-1.887
-0.591,-2.386
-0.615,-1.405
-0.687,-2.168
-0.662,-3.197
-0.758,-0.91
-0.749,-2.364
-0.8,-1.363
-0.833,-2.528
-0.878,-1.516
-0.953,0.148
-0.954,-1.544
-0.93,-1.299
-1.014,-0.761
-0.952,-1.308
-1.113,0.187
-1.055,-0.114
-1.189,-0.39
-1.14,-2.627
-1.117,-2.561
-1.177,-2.974
-1.28,0.791
-1.292,-0.337
-1.221,0.805
-1.404,-2.186
-1.341,0.17
-1.425,-2.156
-1.515,0.566
-1.553,-3.034
-1.653,-1.278
-1.593,-2.575
-1.697,-2.923
-1.882,-3.166
-2.037,-0.997
-2.025,-0.082
-2.179,-0.897
-2.23,0.066
-2.243,-0.28
-2.248,-0.781
-2.279,0.412
-2.384,-2.437
-2.436,-1.506
-2.408,-1.363
-2.558,-3.408
-2.771,-3.34
-2.741,-3.174
2.727,-3.236
2.243,-3.348
2.132,-3.452
1.464,-3.349
1.491,-3.523
1.389,-3.442
0.797,-3.323
0.265,-3.711
-0.575,-3.744
-0.812,-3.555
-0.961,-3.457
-1.317,-3.317
-1.645,-3.398
-2.0,-3.317
-2.843,0.955
-3.05,1.046
2.888,0.996
2.526,0.932
2.429,0.729
2.485,1.021
0.581,0.946
-0.094,1.054
-0.191,1.093
-0.5,0.875
-1.024,0.8
-2.427,0.922
2.25,-0.681
1.659,-2.972
0.434,-0.997
0.238,-0.92
-0.122,-1.031
-0.477,-0.151
-1.02,-2.307
2.281,0.856
-2.532,0.708
-2.516,0.375
-2.492,-2.121
-2.628,-2.812
-3.022,-2.334
-2.928,-1.05
-3.048,0.655
-3.028,0.393
-2.928,-1.755
-2.926,-0.883
-3.092,-0.592
-3.047,-1.2
-3.096,-1.177
3.042,0.583
-3.137,-1.248
3.028,-0.372
2.987,-1.429
2.994,-2.184
3.113,-1.817
3.098,-0.997
3.044,0.788
2.892,-0.755
2.848,0.71
2.868,-1.006
2.859,-0.596
2.699,-1.106
2.798,0.633
2.673,0.435
2.52,-0.77
2.326,-0.421
2.075,-3.039
2.008,-1.355
2.106,-2.227
2.022,-1.595
1.947,0.226
1.76,-1.766
1.77,-1.346
1.716,-3.129
1.454,-1.447
1.411,0.778
1.274,-2.483
1.205,-3.196
1.104,0.029
0.652,-2.831
0.771,0.497
0.675,0.786
0.562,-1.272
0.515,-1.574
0.486,-0.63
0.199,-1.601
0.242,0.702
0.072,-0.267
-0.132,-2.083
-0.179,0.107
-0.272,-2.945
-0.286,0.474
-0.423,-0.327
-0.296,0.131
-0.34,-0.754
-0.386,-1.547
-0.364,0.175
-0.632,0.694
-0.569,0.631
-0.571,-0.552
-0.641,-0.887
-0.674,-1.019
-0.777,-1.524
-0.828,-2.033
-0.749,-2.06
-0.762,-2.615
-1.001,0.278
-1.123,-2.813
-1.352,-2.243
-1.299,-2.685
-1.349,0.505
-1.528,-2.988
-1.56,-2.328
-1.479,0.456
-1.838,-3.119
-2.236,-2.839
-2.248,0.09
-2.255,-1.52
-2.399,-1.418
-2.402,-3.481
-2.993,-3.401
3.041,-3.465
2.967,-3.538
2.564,-3.422
2.071,-3.36
0.52,-3.393
-0.54,-3.632
-0.611,-3.526
-0.501,-3.65
-1.047,-3.581
-0.965,-3.248
-1.061,-3.288
-1.274,-3.557
-1.844,-3.428
-2.12,-3.694
-2.759,0.993
-2.757,1.062
-2.983,1.042
2.092,1.06
1.239,1.04
0.785,1.056
0.534,1.046
-0.022,0.868
-0.052,0.931
-0.153,1.012
-1.222,1.046
-1.414,0.979
2.882,0.313
2.574,-1.608
2.305,-1.589
1.658,-1.617
0.094,-0.242
-0.029,-1.478
-0.218,-2.202
-0.594,-1.445
-0.553,-1.299
-0.639,-1.555
-2.13,-3.16
-2.986,-0.26
2.927,-2.738
1.325,-1.696
-0.104,-0.823
-0.291,0.312
-0.791,-2.513
-1.086,-0.829
2.586,-0.531
2.31,-1.897
-0.583,-0.461
-0.786,-2.843
-0.884,-0.418
-1.526,-1.984
2.74,-3.085
-0.448,0.538
-0.375,-2.94
1.235,-3.692
-0.153,2.145
-0.253,0.516
-0.24,1.977
-0.222,1.718
-0.27,1.465
-0.314,2.017
-0.311,0.093
-0.292,1.442
-0.322,-0.348
-0.337,0.491
-0.362,2.332
-0.368,-0.21
-0.403,1.398
-0.48,-1.042
-0.415,0.289
-0.43,-1.116
-0.52,-0.045
-0.446,-0.949
-0.473,-0.177
-0.542,0.926
-0.53,-0.212
-0.63,2.496
-0.565,2.015
-0.672,0.009
-0.622,-0.49
-0.646,0.491
-0.718,-0.272
-0.693,-1.301
-0.789,0.986
-0.78,-0.468
-0.831,0.533
-0.864,-0.632
-0.909,0.38
-0.984,2.044
-0.985,0.352
-0.961,0.597
-1.045,1.135
-0.983,0.588
-1.144,2.083
-1.086,1.782
-1.22,1.506
-1.171,-0.731
-1.148,-0.665
-1.208,-1.078
-1.311,2.687
-1.323,1.559
-1.252,2.701
-1.435,-0.29
-1.372,2.066
-1.456,-0.26
-1.546,2.462
-1.584,-1.138
-1.684,0.618
-1.624,-0.679
-1.728,-1.027
-1.913,-1.27
-2.068,0.899
-2.056,1.814
-2.21,0.999
-2.261,1.962
-2.274,1.616
-2.279,1.115
-2.31,2.308
-2.415,-0.541
-2.467,0.39
-2.439,0.533
-2.589,-1.512
-2.802,-1.444
-2.772,-1.278
2.696,-1.34
2.212,-1.452
2.101,-1.556
1.433,-1.453
1.46,-1.627
1.358,-1.546
0.766,-1.427
0.234,-1.815
-0.606,-1.848
-0.843,-1.659
-0.992,-1.561
-1.348,-1.421
-1.676,-1.502
-2.031,-1.421
-2.874,2.851
-3.081,2.942
2.857,2.892
2.495,2.828
2.398,2.625
2.454,2.917
0.55,2.842
-0.125,2.95
-0.222,2.989
-0.531,2.771
-1.055,2.696
-2.458,2.818
2.219,1.215
1.628,-1.076
0.403,0.899
0.207,0.976
-0.153,0.865
-0.508,1.745
-1.051,-0.411
2.25,2.752
-2.563,2.604
-2.547,2.271
-2.523,-0.225
-2.659,-0.916
-3.053,-0.438
-2.959,0.846
-3.079,2.551
-3.059,2.289
-2.959,0.141
-2.957,1.013
-3.123,1.304
-3.078,0.696
-3.127,0.719
3.011,2.479
3.115,0.648
2.997,1.524
2.956,0.467
2.963,-0.288
3.082,0.079
3.067,0.899
3.013,2.684
2.861,1.141
2.817,2.606
2.837,0.89
2.828,1.3
2.668,0.79
2.767,2.529
2.642,2.331
2.489,1.126
2.295,1.475
2.044,-1.143
1.977,0.541
2.075,-0.331
1.991,0.301
1.916,2.122
1.729,0.13
1.739,0.55
1.685,-1.233
1.423,0.449
1.38,2.674
1.243,-0.587
1.174,-1.3
1.073,1.925
0.621,-0.935
0.74,2.393
0.644,2.682
0.531,0.624
0.484,0.322
0.455,1.266
0.168,0.295
0.211,2.598
0.041,1.629
-0.163,-0.187
-0.21,2.003
-0.303,-1.049
-0.317,2.37
-0.454,1.569
-0.327,2.027
-0.371,1.142
-0.417,0.349
-0.395,2.071
-0.663,2.59
-0.6,2.527
-0.602,1.344
-0.672,1.009
-0.705,0.877
-0.808,0.372
-0.859,-0.137
-0.78,-0.164
-0.793,-0.719
-1.032,2.174
-1.154,-0.917
-1.383,-0.347
-1.33,-0.789
-1.38,2.401
-1.559,-1.092
-1.591,-0.432
-1.51,2.352
-1.869,-1.223
-2.267,-0.943
-2.279,1.986
-2.286,0.376
-2.43,0.478
-2.433,-1.585
-3.024,-1.505
3.01,-1.569
2.936,-1.642
2.533,-1.526
2.04,-1.464
0.489,-1.497
-0.571,-1.736
-0.642,-1.63
-0.532,-1.754
-1.078,-1.685
-0.996,-1.352
-1.092,-1.392
-1.305,-1.661
-1.875,-1.532
-2.151,-1.798
-2.79,2.889
-2.788,2.958
-3.014,2.938
2.061,2.956
1.208,2.936
0.754,2.952
0.503,2.942
-0.053,2.764
-0.083,2.827
-0.184,2.908
-1.253,2.942
-1.445,2.875
2.851,2.209
2.543,0.288
2.274,0.307
1.627,0.279
0.063,1.654
-0.06,0.418
-0.249,-0.306
-0.625,0.451
-0.584,0.597
-0.67,0.341
-2.161,-1.264
-3.017,1.636
2.896,-0.842
1.294,0.2
-0.135,1.073
-0.322,2.208
-0.822,-0.617
-1.117,1.067
2.555,1.365
2.279,-0.001
-0.614,1.435
-0.817,-0.947
-0.915,1.478
-1.557,-0.088
2.709,-1.189
-0.479,2.434
-0.406,-1.044
1.204,-1.796
-0.1,-1.629
-0.087,-0.168
-0.069,-0.427
-0.117,-0.68
-0.161,-0.128
-0.158,-2.052
-0.139,-0.703
-0.169,-2.493
-0.184,-1.654
-0.209,0.187
-0.215,-2.355
-0.25,-0.747
-0.327,-3.187
-0.262,-1.856
-0.277,-3.261
-0.367,-2.19
-0.293,-3.094
-0.32,-2.322
-0.389,-1.219
-0.377,-2.357
-0.477,0.351
-0.412,-0.13
-0.519,-2.136
-0.469,-2.635
-0.493,-1.654
-0.565,-2.417
-0.54,-3.446
-0.636,-1.159
-0.627,-2.613
-0.678,-1.612
-0.711,-2.777
-0.756,-1.765
-0.831,-0.101
-0.832,-1.793
-0.808,-1.548
-0.892,-1.01
-0.83,-1.557
-0.991,-0.062
-0.933,-0.363
-1.067,-0.639
-1.018,-2.876
-0.995,-2.81
-1.055,-3.223
-1.158,0.542
-1.17,-0.586
-1.099,0.556
-1.282,-2.435
-1.219,-0.079
-1.303,-2.405
-1.393,0.317
-1.431,-3.283
-1.531,-1.527
-1.471,-2.824
-1.575,-3.172
-1.76,-3.415
-1.915,-1.246
-1.903,-0.331
-2.057,-1.146
-2.108,-0.183
-2.121,-0.529
-2.126,-1.03
-2.157,0.163
-2.262,-2.686
-2.314,-1.755
-2.286,-1.612
-2.436,-3.657
-2.649,-3.589
-2.619,-3.423
2.849,-3.485
2.365,-3.597
2.254,-3.701
1.586,-3.598
1.613,-3.772
1.511,-3.691
0.919,-3.572
0.387,-3.96
-0.453,-3.993
-0.69,-3.804
-0.839,-3.706
-1.195,-3.566
-1.523,-3.647
-1.878,-3.566
-2.721,0.706
-2.928,0.797
3.01,0.747
2.648,0.683
2.551,0.48
2.607,0.772
0.703,0.697
0.028,0.805
-0.069,0.844
-0.378,0.626
-0.902,0.551
-2.305,0.673
2.372,-0.93
1.781,-3.221
0.556,-1.246
0.36,-1.169
0.0,-1.28
-0.355,-0.4
-0.898,-2.556
2.403,0.607
-2.41,0.459
-2.394,0.126
-2.37,-2.37
-2.506,-3.061
-2.9,-2.583
-2.806,-1.299
-2.926,0.406
-2.906,0.144
-2.806,-2.004
-2.804,-1.132
-2.97,-0.841
-2.925,-1.449
-2.974,-1.426
-3.119,0.334
-3.015,-1.497
-3.133,-0.621
3.109,-1.678
3.116,-2.433
-3.048,-2.066
-3.063,-1.246
-3.117,0.539
3.014,-1.004
2.97,0.461
2.99,-1.255
2.981,-0.845
2.821,-1.355
2.92,0.384
2.795,0.186
2.642,-1.019
2.448,-0.67
2.197,-3.288
2.13,-1.604
2.228,-2.476
2.144,-1.844
2.069,-0.023
1.882,-2.015
1.892,-1.595
1.838,-3.378
1.576,-1.696
1.533,0.529
1.396,-2.732
1.327,-3.445
1.226,-0.22
0.774,-3.08
0.893,0.248
0.797,0.537
0.684,-1.521
0.637,-1.823
0.608,-0.879
0.321,-1.85
0.364,0.453
0.194,-0.516
-0.01,-2.332
-0.057,-0.142
-0.15,-3.194
-0.164,0.225
-0.301,-0.576
-0.174,-0.118
-0.218,-1.003
-0.264,-1.796
-0.242,-0.074
-0.51,0.445
-0.447,0.382
-0.449,-0.801
-0.519,-1.136
-0.552,-1.268
-0.655,-1.773
-0.706,-2.282
-0.627,-2.309
-0.64,-2.864
-0.879,0.029
-1.001,-3.062
-1.23,-2.492
-1.177,-2.934
-1.227,0.256
-1.406,-3.237
-1.438,-2.577
-1.357,0.207
-1.716,-3.368
-2.114,-3.088
-2.126,-0.159
-2.133,-1.769
-2.277,-1.667
-2.28,-3.73
-2.871,-3.65
-3.12,-3.714
3.089,-3.787
2.686,-3.671
2.193,-3.609
0.642,-3.642
-0.418,-3.881
-0.489,-3.775
-0.379,-3.899
-0.925,-3.83
-0.843,-3.497
-0.939,-3.537
-1.152,-3.806
-1.722,-3.677
-1.998,-3.943
-2.637,0.744
-2.635,0.813
-2.861,0.793
2.214,0.811
1.361,0.791
0.907,0.807
0.656,0.797
0.1,0.619
0.07,0.682
-0.031,0.763
-1.1,0.797
-1.292,0.73
3.004,0.064
2.696,-1.857
2.427,-1.838
1.78,-1.866
0.216,-0.491
0.093,-1.727
-0.096,-2.451
-0.472,-1.694
-0.431,-1.548
-0.517,-1.804
-2.008,-3.409
-2.864,-0.509
3.049,-2.987
1.447,-1.945
0.018,-1.072
-0.169,0.063
-0.669,-2.762
-0.964,-1.078
2.708,-0.78
2.432,-2.146
-0.461,-0.71
-0.664,-3.092
-0.762,-0.667
-1.404,-2.233
2.862,-3.334
-0.326,0.289
-0.253,-3.189
1.357,-3.941
0.013,1.461
0.031,1.202
-0.017,0.949
-0.061,1.501
-0.058,-0.423
-0.039,0.926
-0.069,-0.864
-0.084,-0.025
-0.109,1.816
-0.115,-0.726
-0.15,0.882
-0.227,-1.558
-0.162,-0.227
-0.177,-1.632
-0.267,-0.561
-0.193,-1.465
-0.22,-0.693
-0.289,0.41
-0.277,-0.728
-0.377,1.98
-0.312,1.499
-0.419,-0.507
-0.369,-1.006
-0.393,-0.025
-0.465,-0.788
-0.44,-1.817
-0.536,0.47
-0.527,-0.984
-0.578,0.017
-0.611,-1.148
-0.656,-0.136
-0.731,1.528
-0.732,-0.164
-0.708,0.081
-0.792,0.619
-0.73,0.072
-0.891,1.567
-0.833,1.266
-0.967,0.99
-0.918,-1.247
-0.895,-1.181
-0.955,-1.594
-1.058,2.171
-1.07,1.043
-0.999,2.185
-1.182,-0.806
-1.119,1.55
-1.203,-0.776
-1.293,1.946
-1.331,-1.654
-1.431,0.102
-1.371,-1.195
-1.475,-1.543
-1.66,-1.786
-1.815,0.383
-1.803,1.298
-1.957,0.483
-2.008,1.446
-2.021,1.1
-2.026,0.599
-2.057,1.792
-2.162,-1.057
-2.214,-0.126
-2.186,0.017
-2.336,-2.028
-2.549,-1.96
-2.519,-1.794
2.949,-1.856
2.465,-1.968
2.354,-2.072
1.686,-1.969
1.713,-2.143
1.611,-2.062
1.019,-1.943
0.487,-2.331
-0.353,-2.364
-0.59,-2.175
-0.739,-2.077
-1.095,-1.937
-1.423,-2.018
-1.778,-1.937
-2.621,2.335
-2.828,2.426
3.11,2.376
2.748,2.312
2.651,2.109
2.707,2.401
0.803,2.326
0.128,2.434
0.031,2.473
-0.278,2.255
-0.802,2.18
-2.205,2.302
2.472,0.699
1.881,-1.592
0.656,0.383
0.46,0.46
0.1,0.349
-0.255,1.229
-0.798,-0.927
2.503,2.236
-2.31,2.088
-2.294,1.755
-2.27,-0.741
-2.406,-1.432
-2.8,-0.954
-2.706,0.33
-2.826,2.035
-2.806,1.773
-2.706,-0.375
-2.704,0.497
-2.87,0.788
-2.825,0.18
-2.874,0.203
-3.019,1.963
-2.915,0.132
-3.033,1.008
-3.074,-0.049
-3.067,-0.804
-2.948,-0.437
-2.963,0.383
-3.017,2.168
3.114,0.625
3.07,2.09
3.09,0.374
3.081,0.784
2.921,0.274
3.02,2.013
2.895,1.815
2.742,0.61
2.548,0.959
2.297,-1.659
2.23,0.025
2.328,-0.847
2.244,-0.215
2.169,1.606
1.982,-0.386
1.992,0.034
1.938,-1.749
1.676,-0.067
1.633,2.158
1.496,-1.103
1.427,-1.816
1.326,1.409
0.874,-1.451
0.993,1.877
0.897,2.166
0.784,0.108
0.737,-0.194
0.708,0.75
0.421,-0.221
0.464,2.082
0.294,1.113
0.09,-0.703
0.043,1.487
-0.05,-1.565
-0.064,1.854
-0.201,1.053
-0.074,1.511
-0.118,0.626
-0.164,-0.167
-0.142,1.555
-0.41,2.074
-0.347,2.011
-0.349,0.828
-0.419,0.493
-0.452,0.361
-0.555,-0.144
-0.606,-0.653
-0.527,-0.68
-0.54,-1.235
-0.779,1.658
-0.901,-1.433
-1.13,-0.863
-1.077,-1.305
-1.127,1.885
-1.306,-1.608
-1.338,-0.948
-1.257,1.836
-1.616,-1.739
-2.014,-1.459
-2.026,1.47
-2.033,-0.14
-2.177,-0.038
-2.18,-2.101
-2.771,-2.021
-3.02,-2.085
-3.094,-2.158
2.786,-2.042
2.293,-1.98
0.742,-2.013
-0.318,-2.252
-0.389,-2.146
-0.279,-2.27
-0.825,-2.201
-0.743,-1.868
-0.839,-1.908
-1.052,-2.177
-1.622,-2.048
-1.898,-2.314
-2.537,2.373
-2.535,2.442
-2.761,2.422
2.314,2.44
1.461,2.42
1.007,2.436
0.756,2.426
0.2,2.248
0.17,2.311
0.069,2.392
-1.0,2.426
-1.192,2.359
3.104,1.693
2.796,-0.228
2.527,-0.209
1.88,-0.237
0.316,1.138
0.193,-0.098
0.004,-0.822
-0.372,-0.065
-0.331,0.081
-0.417,-0.175
-1.908,-1.78
-2.764,1.12
-3.134,-1.358
1.547,-0.316
0.118,0.557
-0.069,1.692
-0.569,-1.133
-0.864,0.551
2.808,0.849
2.532,-0.517
-0.361,0.919
-0.564,-1.463
-0.662,0.962
-1.304,-0.604
2.962,-1.705
-0.226,1.918
-0.153,-1.56
1.457,-2.312
0.018,-0.259
-0.03,-0.512
-0.074,0.04
-0.071,-1.884
-0.052,-0.535
-0.082,-2.325
-0.097,-1.486
-0.122,0.355
-0.128,-2.187
-0.163,-0.579
-0.24,-3.019
-0.175,-1.688
-0.19,-3.093
-0.28,-2.022
-0.206,-2.926
-0.233,-2.154
-0.302,-1.051
-0.29,-2.189
-0.39,0.519
-0.325,0.038
-0.432,-1.968
-0.382,-2.467
-0.406,-1.486
-0.478,-2.249
-0.453,-3.278
-0.549,-0.991
-0.54,-2.445
-0.591,-1.444
-0.624,-2.609
-0.669,-1.597
-0.744,0.067
-0.745,-1.625
-0.721,-1.38
-0.805,-0.842
-0.743,-1.389
-0.904,0.106
-0.846,-0.195
-0.98,-0.471
-0.931,-2.708
-0.908,-2.642
-0.968,-3.055
-1.071,0.71
-1.083,-0.418
-1.012,0.724
-1.195,-2.267
-1.132,0.089
-1.216,-2.237
-1.306,0.485
-1.344,-3.115
-1.444,-1.359
-1.384,-2.656
-1.488,-3.004
-1.673,-3.247
-1.828,-1.078
-1.816,-0.163
-1.97,-0.978
-2.021,-0.015
-2.034,-0.361
-2.039,-0.862
-2.07,0.331
-2.175,-2.518
-2.227,-1.587
-2.199,-1.444
-2.349,-3.489
-2.562,-3.421
-2.532,-3.255
2.936,-3.317
2.452,-3.429
2.341,-3.533
1.673,-3.43
1.7,-3.604
1.598,-3.523
1.006,-3.404
0.474,-3.792
-0.366,-3.825
-0.603,-3.636
-0.752,-3.538
-1.108,-3.398
-1.436,-3.479
-1.791,-3.398
-2.634,0.874
-2.841,0.965
3.097,0.915
2.735,0.851
2.638,0.648
2.694,0.94
0.79,0.865
0.115,0.973
0.018,1.012
-0.291,0.794
-0.815,0.719
-2.218,0.841
2.459,-0.762
1.868,-3.053
0.643,-1.078
0.447,-1.001
0.087,-1.112
-0.268,-0.232
-0.811,-2.388
2.49,0.775
-2.323,0.627
-2.307,0.294
-2.283,-2.202
-2.419,-2.893
-2.813,-2.415
-2.719,-1.131
-2.839,0.574
-2.819,0.312
-2.719,-1.836
-2.717,-0.964
-2.883,-0.673
-2.838,-1.281
-2.887,-1.258
-3.032,0.502
-2.928,-1.329
-3.046,-0.453
-3.087,-1.51
-3.08,-2.265
-2.961,-1.898
-2.976,-1.078
-3.03,0.707
3.101,-0.836
3.057,0.629
3.077,-1.087
3.068,-0.677
2.908,-1.187
3.007,0.552
2.882,0.354
2.729,-0.851
2.535,-0.502
2.284,-3.12
2.217,-1.436
2.315,-2.308
2.231,-1.676
2.156,0.145
1.969,-1.847
1.979,-1.427
1.925,-3.21
1.663,-1.528
1.62,0.697
1.483,-2.564
1.414,-3.277
1.313,-0.052
0.861,-2.912
0.98,0.416
0.884,0.705
0.771,-1.353
0.724,-1.655
0.695,-0.711
0.408,-1.682
0.451,0.621
0.281,-0.348
0.077,-2.164
0.03,0.026
-0.063,-3.026
-0.077,0.393
-0.214,-0.408
-0.087,0.05
-0.131,-0.835
-0.177,-1.628
-0.155,0.094
-0.423,0.613
-0.36,0.55
-0.362,-0.633
-0.432,-0.968
-0.465,-1.1
-0.568,-1.605
-0.619,-2.114
-0.54,-2.141
-0.553,-2.696
-0.792,0.197
-0.914,-2.894
-1.143,-2.324
-1.09,-2.766
-1.14,0.424
-1.319,-3.069
-1.351,-2.409
-1.27,0.375
-1.629,-3.2
-2.027,-2.92
-2.039,0.009
-2.046,-1.601
-2.19,-1.499
-2.193,-3.562
-2.784,-3.482
-3.033,-3.546
-3.107,-3.619
2.773,-3.503
2.28,-3.441
0.729,-3.474
-0.331,-3.713
-0.402,-3.607
-0.292,-3.731
-0.838,-3.662
-0.756,-3.329
-0.852,-3.369
-1.065,-3.638
-1.635,-3.509
-1.911,-3.775
-2.55,0.912
-2.548,0.981
-2.774,0.961
2.301,0.979
1.448,0.959
0.994,0.975
0.743,0.965
0.187,0.787
0.157,0.85
0.056,0.931
-1.013,0.965
-1.205,0.898
3.091,0.232
2.783,-1.689
2.514,-1.67
1.867,-1.698
0.303,-0.323
0.18,-1.559
-0.009,-2.283
-0.385,-1.526
-0.344,-1.38
-0.43,-1.636
-1.921,-3.241
-2.777,-0.341
3.136,-2.819
1.534,-1.777
0.105,-0.904
-0.082,0.231
-0.582,-2.594
-0.877,-0.91
2.795,-0.612
2.519,-1.978
-0.374,-0.542
-0.577,-2.924
-0.675,-0.499
-1.317,-2.065
2.949,-3.166
-0.239,0.457
-0.166,-3.021
1.444,-3.773
-0.048,-0.253
-0.092,0.299
-0.089,-1.625
-0.07,-0.276
-0.1,-2.066
-0.115,-1.227
-0.14,0.614
-0.146,-1.928
-0.181,-0.32
-0.258,-2.76
-0.193,-1.429
-0.208,-2.834
-0.298,-1.763
-0.224,-2.667
-0.251,-1.895
-0.32,-0.792
-0.308,-1.93
-0.408,0.778
-0.343,0.297
-0.45,-1.709
-0.4,-2.208
-0.424,-1.227
-0.496,-1.99
-0.471,-3.019
-0.567,-0.732
-0.558,-2.186
-0.609,-1.185
-0.642,-2.35
-0.687,-1.338
-0.762,0.326
-0.763,-1.366
-0.739,-1.121
-0.823,-0.583
-0.761,-1.13
-0.922,0.365
-0.864,0.064
-0.998,-0.212
-0.949,-2.449
-0.926,-2.383
-0.986,-2.796
-1.089,0.969
-1.101,-0.159
-1.03,0.983
-1.213,-2.008
-1.15,0.348
-1.234,-1.978
-1.324,0.744
-1.362,-2.856
-1.462,-1.1
-1.402,-2.397
-1.506,-2.745
-1.691,-2.988
-1.846,-0.819
-1.834,0.096
-1.988,-0.719
-2.039,0.244
-2.052,-0.102
-2.057,-0.603
-2.088,0.59
-2.193,-2.259
-2.245,-1.328
-2.217,-1.185
-2.367,-3.23
-2.58,-3.162
-2.55,-2.996
2.918,-3.058
2.434,-3.17
2.323,-3.274
1.655,-3.171
1.682,-3.345
1.58,-3.264
0.988,-3.145
0.456,-3.533
-0.384,-3.566
-0.621,-3.377
-0.77,-3.279
-1.126,-3.139
-1.454,-3.22
-1.809,-3.139
-2.652,1.133
-2.859,1.224
3.079,1.174
2.717,1.11
2.62,0.907
2.676,1.199
0.772,1.124
0.097,1.232
0.0,1.271
-0.309,1.053
-0.833,0.978
-2.236,1.1
2.441,-0.503
1.85,-2.794
0.625,-0.819
0.429,-0.742
0.069,-0.853
-0.286,0.027
-0.829,-2.129
2.472,1.034
-2.341,0.886
-2.325,0.553
-2.301,-1.943
-2.437,-2.634
-2.831,-2.156
-2.737,-0.872
-2.857,0.833
-2.837,0.571
-2.737,-1.577
-2.735,-0.705
-2.901,-0.414
-2.856,-1.022
-2.905,-0.999
-3.05,0.761
-2.946,-1.07
-3.064,-0.194
-3.105,-1.251
-3.098,-2.006
-2.979,-1.639
-2.994,-0.819
-3.048,0.966
3.083,-0.577
3.039,0.888
3.059,-0.828
3.05,-0.418
2.89,-0.928
2.989,0.811
2.864,0.613
2.711,-0.592
2.517,-0.243
2.266,-2.861
2.199,-1.177
2.297,-2.049
2.213,-1.417
2.138,0.404
1.951,-1.588
1.961,-1.168
1.907,-2.951
1.645,-1.269
1.602,0.956
1.465,-2.305
1.396,-3.018
1.295,0.207
0.843,-2.653
0.962,0.675
0.866,0.964
0.753,-1.094
0.706,-1.396
0.677,-0.452
0.39,-1.423
0.433,0.88
0.263,-0.089
0.059,-1.905
0.012,0.285
-0.081,-2.767
-0.095,0.652
-0.232,-0.149
-0.105,0.309
-0.149,-0.576
-0.195,-1.369
-0.173,0.353
-0.441,0.872
-0.378,0.809
-0.38,-0.374
-0.45,-0.709
-0.483,-0.841
-0.586,-1.346
-0.637,-1.855
-0.558,-1.882
-0.571,-2.437
-0.81,0.456
-0.932,-2.635
-1.161,-2.065
-1.108,-2.507
-1.158,0.683
-1.337,-2.81
-1.369,-2.15
-1.288,0.634
-1.647,-2.941
-2.045,-2.661
-2.057,0.268
-2.064,-1.342
-2.208,-1.24
-2.211,-3.303
-2.802,-3.223
-3.051,-3.287
-3.125,-3.36
2.755,-3.244
2.262,-3.182
0.711,-3.215
-0.349,-3.454
-0.42,-3.348
-0.31,-3.472
-0.856,-3.403
-0.774,-3.07
-0.87,-3.11
-1.083,-3.379
-1.653,-3.25
-1.929,-3.516
-2.568,1.171
-2.566,1.24
-2.792,1.22
2.283,1.238
1.43,1.218
0.976,1.234
0.725,1.224
0.169,1.046
0.139,1.109
0.038,1.19
-1.031,1.224
-1.223,1.157
3.073,0.491
2.765,-1.43
2.496,-1.411
1.849,-1.439
0.285,-0.064
0.162,-1.3
-0.027,-2.024
-0.403,-1.267
-0.362,-1.121
-0.448,-1.377
-1.939,-2.982
-2.795,-0.082
3.118,-2.56
1.516,-1.518
0.087,-0.645
-0.1,0.49
-0.6,-2.335
-0.895,-0.651
2.777,-0.353
2.501,-1.719
-0.392,-0.283
-0.595,-2.665
-0.693,-0.24
-1.335,-1.806
2.931,-2.907
-0.257,0.716
-0.184,-2.762
1.426,-3.514
-0.044,0.552
-0.041,-1.372
-0.022,-0.023
-0.052,-1.813
-0.067,-0.974
-0.092,0.867
-0.098,-1.675
-0.133,-0.067
-0.21,-2.507
-0.145,-1.176
-0.16,-2.581
-0.25,-1.51
-0.176,-2.414
-0.203,-1.642
-0.272,-0.539
-0.26,-1.677
-0.36,1.031
-0.295,0.55
-0.402,-1.456
-0.352,-1.955
-0.376,-0.974
-0.448,-1.737
-0.423,-2.766
-0.519,-0.479
-0.51,-1.933
-0.561,-0.932
-0.594,-2.097
-0.639,-1.085
-0.714,0.579
-0.715,-1.113
-0.691,-0.868
-0.775,-0.33
-0.713,-0.877
-0.874,0.618
-0.816,0.317
-0.95,0.041
-0.901,-2.196
-0.878,-2.13
-0.938,-2.543
-1.041,1.222
-1.053,0.094
-0.982,1.236
-1.165,-1.755
-1.102,0.601
-1.186,-1.725
-1.276,0.997
-1.314,-2.603
-1.414,-0.847
-1.354,-2.144
-1.458,-2.492
-1.643,-2.735
-1.798,-0.566
-1.786,0.349
-1.94,-0.466
-1.991,0.497
-2.004,0.151
-2.009,-0.35
-2.04,0.843
-2.145,-2.006
-2.197,-1.075
-2.169,-0.932
-2.319,-2.977
-2.532,-2.909
-2.502,-2.743
2.966,-2.805
2.482,-2.917
2.371,-3.021
1.703,-2.918
1.73,-3.092
1.628,-3.011
1.036,-2.892
0.504,-3.28
-0.336,-3.313
-0.573,-3.124
-0.722,-3.026
-1.078,-2.886
-1.406,-2.967
-1.761,-2.886
-2.604,1.386
-2.811,1.477
3.127,1.427
2.765,1.363
2.668,1.16
2.724,1.452
0.82,1.377
0.145,1.485
0.048,1.524
-0.261,1.306
-0.785,1.231
-2.188,1.353
2.489,-0.25
1.898,-2.541
0.673,-0.566
0.477,-0.489
0.117,-0.6
-0.238,0.28
-0.781,-1.876
2.52,1.287
-2.293,1.139
-2.277,0.806
-2.253,-1.69
-2.389,-2.381
-2.783,-1.903
-2.689,-0.619
-2.809,1.086
-2.789,0.824
-2.689,-1.324
-2.687,-0.452
-2.853,-0.161
-2.808,-0.769
-2.857,-0.746
-3.002,1.014
-2.898,-0.817
-3.016,0.059
-3.057,-0.998
-3.05,-1.753
-2.931,-1.386
-2.946,-0.566
-3.0,1.219
3.131,-0.324
3.087,1.141
3.107,-0.575
3.098,-0.165
2.938,-0.675
3.037,1.064
2.912,0.866
2.759,-0.339
2.565,0.01
2.314,-2.608
2.247,-0.924
2.345,-1.796
2.261,-1.164
2.186,0.657
1.999,-1.335
2.009,-0.915
1.955,-2.698
1.693,-1.016
1.65,1.209
1.513,-2.052
1.444,-2.765
1.343,0.46
0.891,-2.4
1.01,0.928
0.914,1.217
0.801,-0.841
0.754,-1.143
0.725,-0.199
0.438,-1.17
0.481,1.133
0.311,0.164
0.107,-1.652
0.06,0.538
-0.033,-2.514
-0.047,0.905
-0.184,0.104
-0.057,0.562
-0.101,-0.323
-0.147,-1.116
-0.125,0.606
-0.393,1.125
-0.33,1.062
-0.332,-0.121
-0.402,-0.456
-0.435,-0.588
-0.538,-1.093
-0.589,-1.602
-0.51,-1.629
-0.523,-2.184
-0.762,0.709
-0.884,-2.382
-1.113,-1.812
-1.06,-2.254
-1.11,0.936
-1.289,-2.557
-1.321,-1.897
-1.24,0.887
-1.599,-2.688
-1.997,-2.408
-2.009,0.521
-2.016,-1.089
-2.16,-0.987
-2.163,-3.05
-2.754,-2.97
-3.003,-3.034
-3.077,-3.107
2.803,-2.991
2.31,-2.929
0.759,-2.962
-0.301,-3.201
-0.372,-3.095
-0.262,-3.219
-0.808,-3.15
-0.726,-2.817
-0.822,-2.857
-1.035,-3.126
-1.605,-2.997
-1.881,-3.263
-2.52,1.424
-2.518,1.493
-2.744,1.473
2.331,1.491
1.478,1.471
1.024,1.487
0.773,1.477
0.217,1.299
0.187,1.362
0.086,1.443
-0.983,1.477
-1.175,1.41
3.121,0.744
2.813,-1.177
2.544,-1.158
1.897,-1.186
0.333,0.189
0.21,-1.047
0.021,-1.771
-0.355,-1.014
-0.314,-0.868
-0.4,-1.124
-1.891,-2.729
-2.747,0.171
-3.117,-2.307
1.564,-1.265
0.135,-0.392
-0.052,0.743
-0.552,-2.082
-0.847,-0.398
2.825,-0.1
2.549,-1.466
-0.344,-0.03
-0.547,-2.412
-0.645,0.013
-1.287,-1.553
2.979,-2.654
-0.209,0.969
-0.136,-2.509
1.474,-3.261
0.003,-1.924
0.022,-0.575
-0.008,-2.365
-0.023,-1.526
-0.048,0.315
-0.054,-2.227
-0.089,-0.619
-0.166,-3.059
-0.101,-1.728
-0.116,-3.133
-0.206,-2.062
-0.132,-2.966
-0.159,-2.194
-0.228,-1.091
-0.216,-2.229
-0.316,0.479
-0.251,-0.002
-0.358,-2.008
-0.308,-2.507
-0.332,-1.526
-0.404,-2.289
-0.379,-3.318
-0.475,-1.031
-0.466,-2.485
-0.517,-1.484
-0.55,-2.649
-0.595,-1.637
-0.67,0.027
-0.671,-1.665
-0.647,-1.42
-0.731,-0.882
-0.669,-1.429
-0.83,0.066
-0.772,-0.235
-0.906,-0.511
-0.857,-2.748
-0.834,-2.682
-0.894,-3.095
-0.997,0.67
-1.009,-0.458
-0.938,0.684
-1.121,-2.307
-1.058,0.049
-1.142,-2.277
-1.232,0.445
-1.27,-3.155
-1.37,-1.399
-1.31,-2.696
-1.414,-3.044
-1.599,-3.287
-1.754,-1.118
-1.742,-0.203
-1.896,-1.018
-1.947,-0.055
-1.96,-0.401
-1.965,-0.902
-1.996,0.291
-2.101,-2.558
-2.153,-1.627
-2.125,-1.484
-2.275,-3.529
-2.488,-3.461
-2.458,-3.295
3.01,-3.357
2.526,-3.469
2.415,-3.573
1.747,-3.47
1.774,-3.644
1.672,-3.563
1.08,-3.444
0.548,-3.832
-0.292,-3.865
-0.529,-3.676
-0.678,-3.578
-1.034,-3.438
-1.362,-3.519
-1.717,-3.438
-2.56,0.834
-2.767,0.925
-3.112,0.875
2.809,0.811
2.712,0.608
2.768,0.9
0.864,0.825
0.189,0.933
0.092,0.972
-0.217,0.754
-0.741,0.679
-2.144,0.801
2.533,-0.802
1.942,-3.093
0.717,-1.118
0.521,-1.041
0.161,-1.152
-0.194,-0.272
-0.737,-2.428
2.564,0.735
-2.249,0.587
-2.233,0.254
-2.209,-2.242
-2.345,-2.933
-2.739,-2.455
-2.645,-1.171
-2.765,0.534
-2.745,0.272
-2.645,-1.876
-2.643,-1.004
-2.809,-0.713
-2.764,-1.321
-2.813,-1.298
-2.958,0.462
-2.854,-1.369
-2.972,-0.493
-3.013,-1.55
-3.006,-2.305
-2.887,-1.938
-2.902,-1.118
-2.956,0.667
-3.108,-0.876
3.131,0.589
-3.132,-1.127
-3.141,-0.717
2.982,-1.227
3.081,0.512
2.956,0.314
2.803,-0.891
2.609,-0.542
2.358,-3.16
2.291,-1.476
2.389,-2.348
2.305,-1.716
2.23,0.105
2.043,-1.887
2.053,-1.467
1.999,-3.25
1.737,-1.568
1.694,0.657
1.557,-2.604
1.488,-3.317
1.387,-0.092
0.935,-2.952
1.054,0.376
0.958,0.665
0.845,-1.393
0.798,-1.695
0.769,-0.751
0.482,-1.722
0.525,0.581
0.355,-0.388
0.151,-2.204
0.104,-0.014
0.011,-3.066
-0.003,0.353
-0.14,-0.448
-0.013,0.01
-0.057,-0.875
-0.103,-1.668
-0.081,0.054
-0.349,0.573
-0.286,0.51
-0.288,-0.673
-0.358,-1.008
-0.391,-1.14
-0.494,-1.645
-0.545,-2.154
-0.466,-2.181
-0.479,-2.736
-0.718,0.157
-0.84,-2.934
-1.069,-2.364
-1.016,-2.806
-1.066,0.384
-1.245,-3.109
-1.277,-2.449
-1.196,0.335
-1.555,-3.24
-1.953,-2.96
-1.965,-0.031
-1.972,-1.641
-2.116,-1.539
-2.119,-3.602
-2.71,-3.522
-2.959,-3.586
-3.033,-3.659
2.847,-3.543
2.354,-3.481
0.803,-3.514
-0.257,-3.753
-0.328,-3.647
-0.218,-3.771
-0.764,-3.702
-0.682,-3.369
-0.778,-3.409
-0.991,-3.678
-1.561,-3.549
-1.837,-3.815
-2.476,0.872
-2.474,0.941
-2.7,0.921
2.375,0.939
1.522,0.919
1.068,0.935
0.817,0.925
0.261,0.747
0.231,0.81
0.13,0.891
-0.939,0.925
-1.131,0.858
-3.118,0.192
2.857,-1.729
2.588,-1.71
1.941,-1.738
0.377,-0.363
0.254,-1.599
0.065,-2.323
-0.311,-1.566
-0.27,-1.42
-0.356,-1.676
-1.847,-3.281
-2.703,-0.381
-3.073,-2.859
1.608,-1.817
0.179,-0.944
-0.008,0.191
-0.508,-2.634
-0.803,-0.95
2.869,-0.652
2.593,-2.018
-0.3,-0.582
-0.503,-2.964
-0.601,-0.539
-1.243,-2.105
3.023,-3.206
-0.165,0.417
-0.092,-3.061
1.518,-3.813
0.019,1.349
-0.011,-0.441
-0.026,0.398
-0.051,2.239
-0.057,-0.303
-0.092,1.305
-0.169,-1.135
-0.104,0.196
-0.119,-1.209
-0.209,-0.138
-0.135,-1.042
-0.162,-0.27
-0.231,0.833
-0.219,-0.305
-0.319,2.403
-0.254,1.922
-0.361,-0.084
-0.311,-0.583
-0.335,0.398
-0.407,-0.365
-0.382,-1.394
-0.478,0.893
-0.469,-0.561
-0.52,0.44
-0.553,-0.725
-0.598,0.287
-0.673,1.951
-0.674,0.259
-0.65,0.504
-0.734,1.042
-0.672,0.495
-0.833,1.99
-0.775,1.689
-0.909,1.413
-0.86,-0.824
-0.837,-0.758
-0.897,-1.171
-1.0,2.594
-1.012,1.466
-0.941,2.608
-1.124,-0.383
-1.061,1.973
-1.145,-0.353
-1.235,2.369
-1.273,-1.231
-1.373,0.525
-1.313,-0.772
-1.417,-1.12
-1.602,-1.363
-1.757,0.806
-1.745,1.721
-1.899,0.906
-1.95,1.869
-1.963,1.523
-1.968,1.022
-1.999,2.215
-2.104,-0.634
-2.156,0.297
-2.128,0.44
-2.278,-1.605
-2.491,-1.537
-2.461,-1.371
3.007,-1.433
2.523,-1.545
2.412,-1.649
1.744,-1.546
1.771,-1.72
1.669,-1.639
1.077,-1.52
0.545,-1.908
-0.295,-1.941
-0.532,-1.752
-0.681,-1.654
-1.037,-1.514
-1.365,-1.595
-1.72,-1.514
-2.563,2.758
-2.77,2.849
-3.115,2.799
2.806,2.735
2.709,2.532
2.765,2.824
0.861,2.749
0.186,2.857
0.089,2.896
-0.22,2.678
-0.744,2.603
-2.147,2.725
2.53,1.122
1.939,-1.169
0.714,0.806
0.518,0.883
0.158,0.772
-0.197,1.652
-0.74,-0.504
2.561,2.659
-2.252,2.511
-2.236,2.178
-2.212,-0.318
-2.348,-1.009
-2.742,-0.531
-2.648,0.753
-2.768,2.458
-2.748,2.196
-2.648,0.048
-2.646,0.92
-2.812,1.211
-2.767,0.603
-2.816,0.626
-2.961,2.386
-2.857,0.555
-2.975,1.431
-3.016,0.374
-3.009,-0.381
-2.89,-0.014
-2.905,0.806
-2.959,2.591
-3.111,1.048
3.128,2.513
-3.135,0.797
3.139,1.207
2.979,0.697
3.078,2.436
2.953,2.238
2.8,1.033
2.606,1.382
2.355,-1.236
2.288,0.448
2.386,-0.424
2.302,0.208
2.227,2.029
2.04,0.037
2.05,0.457
1.996,-1.326
1.734,0.356
1.691,2.581
1.554,-0.68
1.485,-1.393
1.384,1.832
0.932,-1.028
1.051,2.3
0.955,2.589
0.842,0.531
0.795,0.229
0.766,1.173
0.479,0.202
0.522,2.505
0.352,1.536
0.148,-0.28
0.101,1.91
0.008,-1.142
-0.006,2.277
-0.143,1.476
-0.016,1.934
-0.06,1.049
-0.106,0.256
-0.084,1.978
-0.352,2.497
-0.289,2.434
-0.291,1.251
-0.361,0.916
-0.394,0.784
-0.497,0.279
-0.548,-0.23
-0.469,-0.257
-0.482,-0.812
-0.721,2.081
-0.843,-1.01
-1.072,-0.44
-1.019,-0.882
-1.069,2.308
-1.248,-1.185
-1.28,-0.525
-1.199,2.259
-1.558,-1.316
-1.956,-1.036
-1.968,1.893
-1.975,0.283
-2.119,0.385
-2.122,-1.678
-2.713,-1.598
-2.962,-1.662
-3.036,-1.735
2.844,-1.619
2.351,-1.557
0.8,-1.59
-0.26,-1.829
-0.331,-1.723
-0.221,-1.847
-0.767,-1.778
-0.685,-1.445
-0.781,-1.485
-0.994,-1.754
-1.564,-1.625
-1.84,-1.891
-2.479,2.796
-2.477,2.865
-2.703,2.845
2.372,2.863
1.519,2.843
1.065,2.859
0.814,2.849
0.258,2.671
0.228,2.734
0.127,2.815
-0.942,2.849
-1.134,2.782
-3.121,2.116
2.854,0.195
2.585,0.214
1.938,0.186
0.374,1.561
0.251,0.325
0.062,-0.399
-0.314,0.358
-0.273,0.504
-0.359,0.248
-1.85,-1.357
-2.706,1.543
-3.076,-0.935
1.605,0.107
0.176,0.98
-0.011,2.115
-0.511,-0.71
-0.806,0.974
2.866,1.272
2.59,-0.094
-0.303,1.342
-0.506,-1.04
-0.604,1.385
-1.246,-0.181
3.02,-1.282
-0.168,2.341
-0.095,-1.137
1.515,-1.889
-0.03,-1.79
-0.045,-0.951
-0.07,0.89
-0.076,-1.652
-0.111,-0.044
-0.188,-2.484
-0.123,-1.153
-0.138,-2.558
-0.228,-1.487
-0.154,-2.391
-0.181,-1.619
-0.25,-0.516
-0.238,-1.654
-0.338,1.054
-0.273,0.573
-0.38,-1.433
-0.33,-1.932
-0.354,-0.951
-0.426,-1.714
-0.401,-2.743
-0.497,-0.456
-0.488,-1.91
-0.539,-0.909
-0.572,-2.074
-0.617,-1.062
-0.692,0.602
-0.693,-1.09
-0.669,-0.845
-0.753,-0.307
-0.691,-0.854
-0.852,0.641
-0.794,0.34
-0.928,0.064
-0.879,-2.173
-0.856,-2.107
-0.916,-2.52
-1.019,1.245
-1.031,0.117
-0.96,1.259
-1.143,-1.732
-1.08,0.624
-1.164,-1.702
-1.254,1.02
-1.292,-2.58
-1.392,-0.824
-1.332,-2.121
-1.436,-2.469
-1.621,-2.712
-1.776,-0.543
-1.764,0.372
-1.918,-0.443
-1.969,0.52
-1.982,0.174
-1.987,-0.327
-2.018,0.866
-2.123,-1.983
-2.175,-1.052
-2.147,-0.909
-2.297,-2.954
-2.51,-2.886
-2.48,-2.72
2.988,-2.782
2.504,-2.894
2.393,-2.998
1.725,-2.895
1.752,-3.069
1.65,-2.988
1.058,-2.869
0.526,-3.257
-0.314,-3.29
-0.551,-3.101
-0.7,-3.003
-1.056,-2.863
-1.384,-2.944
-1.739,-2.863
-2.582,1.409
-2.789,1.5
-3.134,1.45
2.787,1.386
2.69,1.183
2.746,1.475
0.842,1.4
0.167,1.508
0.07,1.547
-0.239,1.329
-0.763,1.254
-2.166,1.376
2.511,-0.227
1.92,-2.518
0.695,-0.543
0.499,-0.466
0.139,-0.577
-0.216,0.303
-0.759,-1.853
2.542,1.31
-2.271,1.162
-2.255,0.829
-2.231,-1.667
-2.367,-2.358
-2.761,-1.88
-2.667,-0.596
-2.787,1.109
-2.767,0.847
-2.667,-1.301
-2.665,-0.429
-2.831,-0.138
-2.786,-0.746
-2.835,-0.723
-2.98,1.037
-2.876,-0.794
-2.994,0.082
-3.035,-0.975
-3.028,-1.73
-2.909,-1.363
-2.924,-0.543
-2.978,1.242
-3.13,-0.301
3.109,1.164
3.129,-0.552
3.12,-0.142
2.96,-0.652
3.059,1.087
2.934,0.889
2.781,-0.316
2.587,0.033
2.336,-2.585
2.269,-0.901
2.367,-1.773
2.283,-1.141
2.208,0.68
2.021,-1.312
2.031,-0.892
1.977,-2.675
1.715,-0.993
1.672,1.232
1.535,-2.029
1.466,-2.742
1.365,0.483
0.913,-2.377
1.032,0.951
0.936,1.24
0.823,-0.818
0.776,-1.12
0.747,-0.176
0.46,-1.147
0.503,1.156
0.333,0.187
0.129,-1.629
0.082,0.561
-0.011,-2.491
-0.025,0.928
-0.162,0.127
-0.035,0.585
-0.079,-0.3
-0.125,-1.093
-0.103,0.629
-0.371,1.148
-0.308,1.085
-0.31,-0.098
-0.38,-0.433
-0.413,-0.565
-0.516,-1.07
-0.567,-1.579
-0.488,-1.606
-0.501,-2.161
-0.74,0.732
-0.862,-2.359
-1.091,-1.789
-1.038,-2.231
-1.088,0.959
-1.267,-2.534
-1.299,-1.874
-1.218,0.91
-1.577,-2.665
-1.975,-2.385
-1.987,0.544
-1.994,-1.066
-2.138,-0.964
-2.141,-3.027
-2.732,-2.947
-2.981,-3.011
-3.055,-3.084
2.825,-2.968
2.332,-2.906
0.781,-2.939
-0.279,-3.178
-0.35,-3.072
-0.24,-3.196
-0.786,-3.127
-0.704,-2.794
-0.8,-2.834
-1.013,-3.103
-1.583,-2.974
-1.859,-3.24
-2.498,1.447
-2.496,1.516
-2.722,1.496
2.353,1.514
1.5,1.494
1.046,1.51
0.795,1.5
0.239,1.322
0.209,1.385
0.108,1.466
-0.961,1.5
-1.153,1.433
-3.14,0.767
2.835,-1.154
2.566,-1.135
1.919,-1.163
0.355,0.212
0.232,-1.024
0.043,-1.748
-0.333,-0.991
-0.292,-0.845
-0.378,-1.101
-1.869,-2.706
-2.725,0.194
-3.095,-2.284
1.586,-1.242
0.157,-0.369
-0.03,0.766
-0.53,-2.059
-0.825,-0.375
2.847,-0.077
2.571,-1.443
-0.322,-0.007
-0.525,-2.389
-0.623,0.036
-1.265,-1.53
3.001,-2.631
-0.187,0.992
-0.114,-2.486
1.496,-3.238
-0.015,0.839
-0.04,2.68
-0.046,0.138
-0.081,1.746
-0.158,-0.694
-0.093,0.637
-0.108,-0.768
-0.198,0.303
-0.124,-0.601
-0.151,0.171
-0.22,1.274
-0.208,0.136
-0.308,2.844
-0.243,2.363
-0.35,0.357
-0.3,-0.142
-0.324,0.839
-0.396,0.076
-0.371,-0.953
-0.467,1.334
-0.458,-0.12
-0.509,0.881
-0.542,-0.284
-0.587,0.728
-0.662,2.392
-0.663,0.7
-0.639,0.945
-0.723,1.483
-0.661,0.936
-0.822,2.431
-0.764,2.13
-0.898,1.854
-0.849,-0.383
-0.826,-0.317
-0.886,-0.73
-0.989,3.035
-1.001,1.907
-0.93,3.049
-1.113,0.058
-1.05,2.414
-1.134,0.088
-1.224,2.81
-1.262,-0.79
-1.362,0.966
-1.302,-0.331
-1.406,-0.679
-1.591,-0.922
-1.746,1.247
-1.734,2.162
-1.888,1.347
-1.939,2.31
-1.952,1.964
-1.957,1.463
-1.988,2.656
-2.093,-0.193
-2.145,0.738
-2.117,0.881
-2.267,-1.164
-2.48,-1.096
-2.45,-0.93
3.018,-0.992
2.534,-1.104
2.423,-1.208
1.755,-1.105
1.782,-1.279
1.68,-1.198
1.088,-1.079
0.556,-1.467
-0.284,-1.5
-0.521,-1.311
-0.67,-1.213
-1.026,-1.073
-1.354,-1.154
-1.709,-1.073
-2.552,3.199
-2.759,3.29
-3.104,3.24
2.817,3.176
2.72,2.973
2.776,3.265
0.872,3.19
0.197,3.298
0.1,3.337
-0.209,3.119
-0.733,3.044
-2.136,3.166
2.541,1.563
1.95,-0.728
0.725,1.247
0.529,1.324
0.169,1.213
-0.186,2.093
-0.729,-0.063
2.572,3.1
-2.241,2.952
-2.225,2.619
-2.201,0.123
-2.337,-0.568
-2.731,-0.09
-2.637,1.194
-2.757,2.899
-2.737,2.637
-2.637,0.489
-2.635,1.361
-2.801,1.652
-2.756,1.044
-2.805,1.067
-2.95,2.827
-2.846,0.996
-2.964,1.872
-3.005,0.815
-2.998,0.06
-2.879,0.427
-2.894,1.247
-2.948,3.032
-3.1,1.489
3.139,2.954
-3.124,1.238
-3.133,1.648
2.99,1.138
3.089,2.877
2.964,2.679
2.811,1.474
2.617,1.823
2.366,-0.795
2.299,0.889
2.397,0.017
2.313,0.649
2.238,2.47
2.051,0.478
2.061,0.898
2.007,-0.885
1.745,0.797
1.702,3.022
1.565,-0.239
1.496,-0.952
1.395,2.273
0.943,-0.587
1.062,2.741
0.966,3.03
0.853,0.972
0.806,0.67
0.777,1.614
0.49,0.643
0.533,2.946
0.363,1.977
0.159,0.161
0.112,2.351
0.019,-0.701
0.005,2.718
-0.132,1.917
-0.005,2.375
-0.049,1.49
-0.095,0.697
-0.073,2.419
-0.341,2.938
-0.278,2.875
-0.28,1.692
-0.35,1.357
-0.383,1.225
-0.486,0.72
-0.537,0.211
-0.458,0.184
-0.471,-0.371
-0.71,2.522
-0.832,-0.569
-1.061,0.001
-1.008,-0.441
-1.058,2.749
-1.237,-0.744
-1.269,-0.084
-1.188,2.7
-1.547,-0.875
-1.945,-0.595
-1.957,2.334
-1.964,0.724
-2.108,0.826
-2.111,-1.237
-2.702,-1.157
-2.951,-1.221
-3.025,-1.294
2.855,-1.178
2.362,-1.116
0.811,-1.149
-0.249,-1.388
-0.32,-1.282
-0.21,-1.406
-0.756,-1.337
-0.674,-1.004
-0.77,-1.044
-0.983,-1.313
-1.553,-1.184
-1.829,-1.45
-2.468,3.237
-2.466,3.306
-2.692,3.286
2.383,3.304
1.53,3.284
1.076,3.3
0.825,3.29
0.269,3.112
0.239,3.175
0.138,3.256
-0.931,3.29
-1.123,3.223
-3.11,2.557
2.865,0.636
2.596,0.655
1.949,0.627
0.385,2.002
0.262,0.766
0.073,0.042
-0.303,0.799
-0.262,0.945
-0.348,0.689
-1.839,-0.916
-2.695,1.984
-3.065,-0.494
1.616,0.548
0.187,1.421
0.0,2.556
-0.5,-0.269
-0.795,1.415
2.877,1.713
2.601,0.347
-0.292,1.783
-0.495,-0.599
-0.593,1.826
-1.235,0.26
3.031,-0.841
-0.157,2.782
-0.084,-0.696
1.526,-1.448
-0.025,1.841
-0.031,-0.701
-0.066,0.907
-0.143,-1.533
-0.078,-0.202
-0.093,-1.607
-0.183,-0.536
-0.109,-1.44
-0.136,-0.668
-0.205,0.435
-0.193,-0.703
-0.293,2.005
-0.228,1.524
-0.335,-0.482
-0.285,-0.981
-0.309,0.0
-0.381,-0.763
-0.356,-1.792
-0.452,0.495
-0.443,-0.959
-0.494,0.042
-0.527,-1.123
-0.572,-0.111
-0.647,1.553
-0.648,-0.139
-0.624,0.106
-0.708,0.644
-0.646,0.097
-0.807,1.592
-0.749,1.291
-0.883,1.015
-0.834,-1.222
-0.811,-1.156
-0.871,-1.569
-0.974,2.196
-0.986,1.068
-0.915,2.21
-1.098,-0.781
-1.035,1.575
-1.119,-0.751
-1.209,1.971
-1.247,-1.629
-1.347,0.127
-1.287,-1.17
-1.391,-1.518
-1.576,-1.761
-1.731,0.408
-1.719,1.323
-1.873,0.508
-1.924,1.471
-1.937,1.125
-1.942,0.624
-1.973,1.817
-2.078,-1.032
-2.13,-0.101
-2.102,0.042
-2.252,-2.003
-2.465,-1.935
-2.435,-1.769
3.033,-1.831
2.549,-1.943
2.438,-2.047
1.77,-1.944
1.797,-2.118
1.695,-2.037
1.103,-1.918
0.571,-2.306
-0.269,-2.339
-0.506,-2.15
-0.655,-2.052
-1.011,-1.912
-1.339,-1.993
-1.694,-1.912
-2.537,2.36
-2.744,2.451
-3.089,2.401
2.832,2.337
2.735,2.134
2.791,2.426
0.887,2.351
0.212,2.459
0.115,2.498
-0.194,2.28
-0.718,2.205
-2.121,2.327
2.556,0.724
1.965,-1.567
0.74,0.408
0.544,0.485
0.184,0.374
-0.171,1.254
-0.714,-0.902
2.587,2.261
-2.226,2.113
-2.21,1.78
-2.186,-0.716
-2.322,-1.407
-2.716,-0.929
-2.622,0.355
-2.742,2.06
-2.722,1.798
-2.622,-0.35
-2.62,0.522
-2.786,0.813
-2.741,0.205
-2.79,0.228
-2.935,1.988
-2.831,0.157
-2.949,1.033
-2.99,-0.024
-2.983,-0.779
-2.864,-0.412
-2.879,0.408
-2.933,2.193
-3.085,0.65
-3.129,2.115
-3.109,0.399
-3.118,0.809
3.005,0.299
3.104,2.038
2.979,1.84
2.826,0.635
2.632,0.984
2.381,-1.634
2.314,0.05
2.412,-0.822
2.328,-0.19
2.253,1.631
2.066,-0.361
2.076,0.059
2.022,-1.724
1.76,-0.042
1.717,2.183
1.58,-1.078
1.511,-1.791
1.41,1.434
0.958,-1.426
1.077,1.902
0.981,2.191
0.868,0.133
0.821,-0.169
0.792,0.775
0.505,-0.196
0.548,2.107
0.378,1.138
0.174,-0.678
0.127,1.512
0.034,-1.54
0.02,1.879
-0.117,1.078
0.01,1.536
-0.034,0.651
-0.08,-0.142
-0.058,1.58
-0.326,2.099
-0.263,2.036
-0.265,0.853
-0.335,0.518
-0.368,0.386
-0.471,-0.119
-0.522,-0.628
-0.443,-0.655
-0.456,-1.21
-0.695,1.683
-0.817,-1.408
-1.046,-0.838
-0.993,-1.28
-1.043,1.91
-1.222,-1.583
-1.254,-0.923
-1.173,1.861
-1.532,-1.714
-1.93,-1.434
-1.942,1.495
-1.949,-0.115
-2.093,-0.013
-2.096,-2.076
-2.687,-1.996
-2.936,-2.06
-3.01,-2.133
2.87,-2.017
2.377,-1.955
0.826,-1.988
-0.234,-2.227
-0.305,-2.121
-0.195,-2.245
-0.741,-2.176
-0.659,-1.843
-0.755,-1.883
-0.968,-2.152
-1.538,-2.023
-1.814,-2.289
-2.453,2.398
-2.451,2.467
-2.677,2.447
2.398,2.465
1.545,2.445
1.091,2.461
0.84,2.451
0.284,2.273
0.254,2.336
0.153,2.417
-0.916,2.451
-1.108,2.384
-3.095,1.718
2.88,-0.203
2.611,-0.184
1.964,-0.212
0.4,1.163
0.277,-0.073
0.088,-0.797
-0.288,-0.04
-0.247,0.106
-0.333,-0.15
-1.824,-1.755
-2.68,1.145
-3.05,-1.333
1.631,-0.291
0.202,0.582
0.015,1.717
-0.485,-1.108
-0.78,0.576
2.892,0.874
2.616,-0.492
-0.277,0.944
-0.48,-1.438
-0.578,0.987
-1.22,-0.579
3.046,-1.68
-0.142,1.943
-0.069,-1.535
1.541,-2.287
-0.006,-2.542
-0.041,-0.934
-0.118,-3.374
-0.053,-2.043
-0.068,-3.448
-0.158,-2.377
-0.084,-3.281
-0.111,-2.509
-0.18,-1.406
-0.168,-2.544
-0.268,0.164
-0.203,-0.317
-0.31,-2.323
-0.26,-2.822
-0.284,-1.841
-0.356,-2.604
-0.331,-3.633
-0.427,-1.346
-0.418,-2.8
-0.469,-1.799
-0.502,-2.964
-0.547,-1.952
-0.622,-0.288
-0.623,-1.98
-0.599,-1.735
-0.683,-1.197
-0.621,-1.744
-0.782,-0.249
-0.724,-0.55
-0.858,-0.826
-0.809,-3.063
-0.786,-2.997
-0.846,-3.41
-0.949,0.355
-0.961,-0.773
-0.89,0.369
-1.073,-2.622
-1.01,-0.266
-1.094,-2.592
-1.184,0.13
-1.222,-3.47
-1.322,-1.714
-1.262,-3.011
-1.366,-3.359
-1.551,-3.602
-1.706,-1.433
-1.694,-0.518
-1.848,-1.333
-1.899,-0.37
-1.912,-0.716
-1.917,-1.217
-1.948,-0.024
-2.053,-2.873
-2.105,-1.942
-2.077,-1.799
-2.227,-3.844
-2.44,-3.776
-2.41,-3.61
3.058,-3.672
2.574,-3.784
2.463,-3.888
1.795,-3.785
1.822,-3.959
1.72,-3.878
1.128,-3.759
0.596,-4.147
-0.244,-4.18
-0.481,-3.991
-0.63,-3.893
-0.986,-3.753
-1.314,-3.834
-1.669,-3.753
-2.512,0.519
-2.719,0.61
-3.064,0.56
2.857,0.496
2.76,0.293
2.816,0.585
0.912,0.51
0.237,0.618
0.14,0.657
-0.169,0.439
-0.693,0.364
-2.096,0.486
2.581,-1.117
1.99,-3.408
0.765,-1.433
0.569,-1.356
0.209,-1.467
-0.146,-0.587
-0.689,-2.743
2.612,0.42
-2.201,0.272
-2.185,-0.061
-2.161,-2.557
-2.297,-3.248
-2.691,-2.77
-2.597,-1.486
-2.717,0.219
-2.697,-0.043
-2.597,-2.191
-2.595,-1.319
-2.761,-1.028
-2.716,-1.636
-2.765,-1.613
-2.91,0.147
-2.806,-1.684
-2.924,-0.808
-2.965,-1.865
-2.958,-2.62
-2.839,-2.253
-2.854,-1.433
-2.908,0.352
-3.06,-1.191
-3.104,0.274
-3.084,-1.442
-3.093,-1.032
3.03,-1.542
3.129,0.197
3.004,-0.001
2.851,-1.206
2.657,-0.857
2.406,-3.475
2.339,-1.791
2.437,-2.663
2.353,-2.031
2.278,-0.21
2.091,-2.202
2.101,-1.782
2.047,-3.565
1.785,-1.883
1.742,0.342
1.605,-2.919
1.536,-3.632
1.435,-0.407
0.983,-3.267
1.102,0.061
1.006,0.35
0.893,-1.708
0.846,-2.01
0.817,-1.066
0.53,-2.037
0.573,0.266
0.403,-0.703
0.199,-2.519
0.152,-0.329
0.059,-3.381
0.045,0.038
-0.092,-0.763
0.035,-0.305
-0.009,-1.19
-0.055,-1.983
-0.033,-0.261
-0.301,0.258
-0.238,0.195
-0.24,-0.988
-0.31,-1.323
-0.343,-1.455
-0.446,-1.96
-0.497,-2.469
-0.418,-2.496
-0.431,-3.051
-0.67,-0.158
-0.792,-3.249
-1.021,-2.679
-0.968,-3.121
-1.018,0.069
-1.197,-3.424
-1.229,-2.764
-1.148,0.02
-1.507,-3.555
-1.905,-3.275
-1.917,-0.346
-1.924,-1.956
-2.068,-1.854
-2.071,-3.917
-2.662,-3.837
-2.911,-3.901
-2.985,-3.974
2.895,-3.858
2.402,-3.796
0.851,-3.829
-0.209,-4.068
-0.28,-3.962
-0.17,-4.086
-0.716,-4.017
-0.634,-3.684
-0.73,-3.724
-0.943,-3.993
-1.513,-3.864
-1.789,-4.13
-2.428,0.557
-2.426,0.626
-2.652,0.606
2.423,0.624
1.57,0.604
1.116,0.62
0.865,0.61
0.309,0.432
0.279,0.495
0.178,0.576
-0.891,0.61
-1.083,0.543
-3.07,-0.123
2.905,-2.044
2.636,-2.025
1.989,-2.053
0.425,-0.678
0.302,-1.914
0.113,-2.638
-0.263,-1.881
-0.222,-1.735
-0.308,-1.991
-1.799,-3.596
-2.655,-0.696
-3.025,-3.174
1.656,-2.132
0.227,-1.259
0.04,-0.124
-0.46,-2.949
-0.755,-1.265
2.917,-0.967
2.641,-2.333
-0.252,-0.897
-0.455,-3.279
-0.553,-0.854
-1.195,-2.42
3.071,-3.521
-0.117,0.102
-0.044,-3.376
1.566,-4.128
-0.035,1.608
-0.112,-0.832
-0.047,0.499
-0.062,-0.906
-0.152,0.165
-0.078,-0.739
-0.105,0.033
-0.174,1.136
-0.162,-0.002
-0.262,2.706
-0.197,2.225
-0.304,0.219
-0.254,-0.28
-0.278,0.701
-0.35,-0.062
-0.325,-1.091
-0.421,1.196
-0.412,-0.258
-0.463,0.743
-0.496,-0.422
-0.541,0.59
-0.616,2.254
-0.617,0.562
-0.593,0.807
-0.677,1.345
-0.615,0.798
-0.776,2.293
-0.718,1.992
-0.852,1.716
-0.803,-0.521
-0.78,-0.455
-0.84,-0.868
-0.943,2.897
-0.955,1.769
-0.884,2.911
-1.067,-0.08
-1.004,2.276
-1.088,-0.05
-1.178,2.672
-1.216,-0.928
-1.316,0.828
-1.256,-0.469
-1.36,-0.817
-1.545,-1.06
-1.7,1.109
-1.688,2.024
-1.842,1.209
-1.893,2.172
-1.906,1.826
-1.911,1.325
-1.942,2.518
-2.047,-0.331
-2.099,0.6
-2.071,0.743
-2.221,-1.302
-2.434,-1.234
-2.404,-1.068
3.064,-1.13
2.58,-1.242
2.469,-1.346
1.801,-1.243
1.828,-1.417
1.726,-1.336
1.134,-1.217
0.602,-1.605
-0.238,-1.638
-0.475,-1.449
-0.624,-1.351
-0.98,-1.211
-1.308,-1.292
-1.663,-1.211
-2.506,3.061
-2.713,3.152
-3.058,3.102
2.863,3.038
2.766,2.835
2.822,3.127
0.918,3.052
0.243,3.16
0.146,3.199
-0.163,2.981
-0.687,2.906
-2.09,3.028
2.587,1.425
1.996,-0.866
0.771,1.109
0.575,1.186
0.215,1.075
-0.14,1.955
-0.683,-0.201
2.618,2.962
-2.195,2.814
-2.179,2.481
-2.155,-0.015
-2.291,-0.706
-2.685,-0.228
-2.591,1.056
-2.711,2.761
-2.691,2.499
-2.591,0.351
-2.589,1.223
-2.755,1.514
-2.71,0.906
-2.759,0.929
-2.904,2.689
-2.8,0.858
-2.918,1.734
-2.959,0.677
-2.952,-0.078
-2.833,0.289
-2.848,1.109
-2.902,2.894
-3.054,1.351
-3.098,2.816
-3.078,1.1
-3.087,1.51
3.036,1.0
3.135,2.739
3.01,2.541
2.857,1.336
2.663,1.685
2.412,-0.933
2.345,0.751
2.443,-0.121
2.359,0.511
2.284,2.332
2.097,0.34
2.107,0.76
2.053,-1.023
1.791,0.659
1.748,2.884
1.611,-0.377
1.542,-1.09
1.441,2.135
0.989,-0.725
1.108,2.603
1.012,2.892
0.899,0.834
0.852,0.532
0.823,1.476
0.536,0.505
0.579,2.808
0.409,1.839
0.205,0.023
0.158,2.213
0.065,-0.839
0.051,2.58
-0.086,1.779
0.041,2.237
-0.003,1.352
-0.049,0.559
-0.027,2.281
-0.295,2.8
-0.232,2.737
-0.234,1.554
-0.304,1.219
-0.337,1.087
-0.44,0.582
-0.491,0.073
-0.412,0.046
-0.425,-0.509
-0.664,2.384
-0.786,-0.707
-1.015,-0.137
-0.962,-0.579
-1.012,2.611
-1.191,-0.882
-1.223,-0.222
-1.142,2.562
-1.501,-1.013
-1.899,-0.733
-1.911,2.196
-1.918,0.586
-2.062,0.688
-2.065,-1.375
-2.656,-1.295
-2.905,-1.359
-2.979,-1.432
2.901,-1.316
2.408,-1.254
0.857,-1.287
-0.203,-1.526
-0.274,-1.42
-0.164,-1.544
-0.71,-1.475
-0.628,-1.142
-0.724,-1.182
-0.937,-1.451
-1.507,-1.322
-1.783,-1.588
-2.422,3.099
-2.42,3.168
-2.646,3.148
2.429,3.166
1.576,3.146
1.122,3.162
0.871,3.152
0.315,2.974
0.285,3.037
0.184,3.118
-0.885,3.152
-1.077,3.085
-3.064,2.419
2.911,0.498
2.642,0.517
1.995,0.489
0.431,1.864
0.308,0.628
0.119,-0.096
-0.257,0.661
-0.216,0.807
-0.302,0.551
-1.793,-1.054
-2.649,1.846
-3.019,-0.632
1.662,0.41
0.233,1.283
0.046,2.418
-0.454,-0.407
-0.749,1.277
2.923,1.575
2.647,0.209
-0.246,1.645
-0.449,-0.737
-0.547,1.688
-1.189,0.122
3.077,-0.979
-0.111,2.644
-0.038,-0.834
1.572,-1.586
-0.077,-2.44
-0.012,-1.109
-0.027,-2.514
-0.117,-1.443
-0.043,-2.347
-0.07,-1.575
-0.139,-0.472
-0.127,-1.61
-0.227,1.098
-0.162,0.617
-0.269,-1.389
-0.219,-1.888
-0.243,-0.907
-0.315,-1.67
-0.29,-2.699
-0.386,-0.412
-0.377,-1.866
-0.428,-0.865
-0.461,-2.03
-0.506,-1.018
-0.581,0.646
-0.582,-1.046
-0.558,-0.801
-0.642,-0.263
-0.58,-0.81
-0.741,0.685
-0.683,0.384
-0.817,0.108
-0.768,-2.129
-0.745,-2.063
-0.805,-2.476
-0.908,1.289
-0.92,0.161
-0.849,1.303
-1.032,-1.688
-0.969,0.668
-1.053,-1.658
-1.143,1.064
-1.181,-2.536
-1.281,-0.78
-1.221,-2.077
-1.325,-2.425
-1.51,-2.668
-1.665,-0.499
-1.653,0.416
-1.807,-0.399
-1.858,0.564
-1.871,0.218
-1.876,-0.283
-1.907,0.91
-2.012,-1.939
-2.064,-1.008
-2.036,-0.865
-2.186,-2.91
-2.399,-2.842
-2.369,-2.676
3.099,-2.738
2.615,-2.85
2.504,-2.954
1.836,-2.851
1.863,-3.025
1.761,-2.944
1.169,-2.825
0.637,-3.213
-0.203,-3.246
-0.44,-3.057
-0.589,-2.959
-0.945,-2.819
-1.273,-2.9
-1.628,-2.819
-2.471,1.453
-2.678,1.544
-3.023,1.494
2.898,1.43
2.801,1.227
2.857,1.519
0.953,1.444
0.278,1.552
0.181,1.591
-0.128,1.373
-0.652,1.298
-2.055,1.42
2.622,-0.183
2.031,-2.474
0.806,-0.499
0.61,-0.422
0.25,-0.533
-0.105,0.347
-0.648,-1.809
2.653,1.354
-2.16,1.206
-2.144,0.873
-2.12,-1.623
-2.256,-2.314
-2.65,-1.836
-2.556,-0.552
-2.676,1.153
-2.656,0.891
-2.556,-1.257
-2.554,-0.385
-2.72,-0.094
-2.675,-0.702
-2.724,-0.679
-2.869,1.081
-2.765,-0.75
-2.883,0.126
-2.924,-0.931
-2.917,-1.686
-2.798,-1.319
-2.813,-0.499
-2.867,1.286
-3.019,-0.257
-3.063,1.208
-3.043,-0.508
-3.052,-0.098
3.071,-0.608
-3.113,1.131
3.045,0.933
2.892,-0.272
2.698,0.077
2.447,-2.541
2.38,-0.857
2.478,-1.729
2.394,-1.097
2.319,0.724
2.132,-1.268
2.142,-0.848
2.088,-2.631
1.826,-0.949
1.783,1.276
1.646,-1.985
1.577,-2.698
1.476,0.527
1.024,-2.333
1.143,0.995
1.047,1.284
0.934,-0.774
0.887,-1.076
0.858,-0.132
0.571,-1.103
0.614,1.2
0.444,0.231
0.24,-1.585
0.193,0.605
0.1,-2.447
0.086,0.972
-0.051,0.171
0.076,0.629
0.032,-0.256
-0.014,-1.049
0.008,0.673
-0.26,1.192
-0.197,1.129
-0.199,-0.054
-0.269,-0.389
-0.302,-0.521
-0.405,-1.026
-0.456,-1.535
-0.377,-1.562
-0.39,-2.117
-0.629,0.776
-0.751,-2.315
-0.98,-1.745
-0.927,-2.187
-0.977,1.003
-1.156,-2.49
-1.188,-1.83
-1.107,0.954
-1.466,-2.621
-1.864,-2.341
-1.876,0.588
-1.883,-1.022
-2.027,-0.92
-2.03,-2.983
-2.621,-2.903
-2.87,-2.967
-2.944,-3.04
2.936,-2.924
2.443,-2.862
0.892,-2.895
-0.168,-3.134
-0.239,-3.028
-0.129,-3.152
-0.675,-3.083
-0.593,-2.75
-0.689,-2.79
-0.902,-3.059
-1.472,-2.93
-1.748,-3.196
-2.387,1.491
-2.385,1.56
-2.611,1.54
2.464,1.558
1.611,1.538
1.157,1.554
0.906,1.544
0.35,1.366
0.32,1.429
0.219,1.51
-0.85,1.544
-1.042,1.477
-3.029,0.811
2.946,-1.11
2.677,-1.091
2.03,-1.119
0.466,0.256
0.343,-0.98
0.154,-1.704
-0.222,-0.947
-0.181,-0.801
-0.267,-1.057
-1.758,-2.662
-2.614,0.238
-2.984,-2.24
1.697,-1.198
0.268,-0.325
0.081,0.81
-0.419,-2.015
-0.714,-0.331
2.958,-0.033
2.682,-1.399
-0.211,0.037
-0.414,-2.345
-0.512,0.08
-1.154,-1.486
3.112,-2.587
-0.076,1.036
-0.003,-2.442
1.607,-3.194
0.065,1.331
0.05,-0.074
-0.04,0.997
0.034,0.093
0.007,0.865
-0.062,1.968
-0.05,0.83
-0.15,3.538
-0.085,3.057
-0.192,1.051
-0.142,0.552
-0.166,1.533
-0.238,0.77
-0.213,-0.259
-0.309,2.028
-0.3,0.574
-0.351,1.575
-0.384,0.41
-0.429,1.422
-0.504,3.086
-0.505,1.394
-0.481,1.639
-0.565,2.177
-0.503,1.63
-0.664,3.125
-0.606,2.824
-0.74,2.548
-0.691,0.311
-0.668,0.377
-0.728,-0.036
-0.831,3.729
-0.843,2.601
-0.772,3.743
-0.955,0.752
-0.892,3.108
-0.976,0.782
-1.066,3.504
-1.104,-0.096
-1.204,1.66
-1.144,0.363
-1.248,0.015
-1.433,-0.228
-1.588,1.941
-1.576,2.856
-1.73,2.041
-1.781,3.004
-1.794,2.658
-1.799,2.157
-1.83,3.35
-1.935,0.501
-1.987,1.432
-1.959,1.575
-2.109,-0.47
-2.322,-0.402
-2.292,-0.236
-3.107,-0.298
2.692,-0.41
2.581,-0.514
1.913,-0.411
1.94,-0.585
1.838,-0.504
1.246,-0.385
0.714,-0.773
-0.126,-0.806
-0.363,-0.617
-0.512,-0.519
-0.868,-0.379
-1.196,-0.46
-1.551,-0.379
-2.394,3.893
-2.601,3.984
-2.946,3.934
2.975,3.87
2.878,3.667
2.934,3.959
1.03,3.884
0.355,3.992
0.258,4.031
-0.051,3.813
-0.575,3.738
-1.978,3.86
2.699,2.257
2.108,-0.034
0.883,1.941
0.687,2.018
0.327,1.907
-0.028,2.787
-0.571,0.631
2.73,3.794
-2.083,3.646
-2.067,3.313
-2.043,0.817
-2.179,0.126
-2.573,0.604
-2.479,1.888
-2.599,3.593
-2.579,3.331
-2.479,1.183
-2.477,2.055
-2.643,2.346
-2.598,1.738
-2.647,1.761
-2.792,3.521
-2.688,1.69
-2.806,2.566
-2.847,1.509
-2.84,0.754
-2.721,1.121
-2.736,1.941
-2.79,3.726
-2.942,2.183
-2.986,3.648
-2.966,1.932
-2.975,2.342
-3.135,1.832
-3.036,3.571
3.122,3.373
2.969,2.168
2.775,2.517
2.524,-0.101
2.457,1.583
2.555,0.711
2.471,1.343
2.396,3.164
2.209,1.172
2.219,1.592
2.165,-0.191
1.903,1.491
1.86,3.716
1.723,0.455
1.654,-0.258
1.553,2.967
1.101,0.107
1.22,3.435
1.124,3.724
1.011,1.666
0.964,1.364
0.935,2.308
0.648,1.337
0.691,3.64
0.521,2.671
0.317,0.855
0.27,3.045
0.177,-0.007
0.163,3.412
0.026,2.611
0.153,3.069
0.109,2.184
0.063,1.391
0.085,3.113
-0.183,3.632
-0.12,3.569
-0.122,2.386
-0.192,2.051
-0.225,1.919
-0.328,1.414
-0.379,0.905
-0.3,0.878
-0.313,0.323
-0.552,3.216
-0.674,0.125
-0.903,0.695
-0.85,0.253
-0.9,3.443
-1.079,-0.05
-1.111,0.61
-1.03,3.394
-1.389,-0.181
-1.787,0.099
-1.799,3.028
-1.806,1.418
-1.95,1.52
-1.953,-0.543
-2.544,-0.463
-2.793,-0.527
-2.867,-0.6
3.013,-0.484
2.52,-0.422
0.969,-0.455
-0.091,-0.694
-0.162,-0.588
-0.052,-0.712
-0.598,-0.643
-0.516,-0.31
-0.612,-0.35
-0.825,-0.619
-1.395,-0.49
-1.671,-0.756
-2.31,3.931
-2.308,4.0
-2.534,3.98
2.541,3.998
1.688,3.978
1.234,3.994
0.983,3.984
0.427,3.806
0.397,3.869
0.296,3.95
-0.773,3.984
-0.965,3.917
-2.952,3.251
3.023,1.33
2.754,1.349
2.107,1.321
0.543,2.696
0.42,1.46
0.231,0.736
-0.145,1.493
-0.104,1.639
-0.19,1.383
-1.681,-0.222
-2.537,2.678
-2.907,0.2
1.774,1.242
0.345,2.115
0.158,3.25
-0.342,0.425
-0.637,2.109
3.035,2.407
2.759,1.041
-0.134,2.477
-0.337,0.095
-0.435,2.52
-1.077,0.954
-3.094,-0.147
0.001,3.476
0.074,-0.002
1.684,-0.754
-0.015,-1.405
-0.105,-0.334
-0.031,-1.238
-0.058,-0.466
-0.127,0.637
-0.115,-0.501
-0.215,2.207
-0.15,1.726
-0.257,-0.28
-0.207,-0.779
-0.231,0.202
-0.303,-0.561
-0.278,-1.59
-0.374,0.697
-0.365,-0.757
-0.416,0.244
-0.449,-0.921
-0.494,0.091
-0.569,1.755
-0.57,0.063
-0.546,0.308
-0.63,0.846
-0.568,0.299
-0.729,1.794
-0.671,1.493
-0.805,1.217
-0.756,-1.02
-0.733,-0.954
-0.793,-1.367
-0.896,2.398
-0.908,1.27
-0.837,2.412
-1.02,-0.579
-0.957,1.777
-1.041,-0.549
-1.131,2.173
-1.169,-1.427
-1.269,0.329
-1.209,-0.968
-1.313,-1.316
-1.498,-1.559
-1.653,0.61
-1.641,1.525
-1.795,0.71
-1.846,1.673
-1.859,1.327
-1.864,0.826
-1.895,2.019
-2.0,-0.83
-2.052,0.101
-2.024,0.244
-2.174,-1.801
-2.387,-1.733
-2.357,-1.567
3.111,-1.629
2.627,-1.741
2.516,-1.845
1.848,-1.742
1.875,-1.916
1.773,-1.835
1.181,-1.716
0.649,-2.104
-0.191,-2.137
-0.428,-1.948
-0.577,-1.85
-0.933,-1.71
-1.261,-1.791
-1.616,-1.71
-2.459,2.562
-2.666,2.653
-3.011,2.603
2.91,2.539
2.813,2.336
2.869,2.628
0.965,2.553
0.29,2.661
0.193,2.7
-0.116,2.482
-0.64,2.407
-2.043,2.529
2.634,0.926
2.043,-1.365
0.818,0.61
0.622,0.687
0.262,0.576
-0.093,1.456
-0.636,-0.7
2.665,2.463
-2.148,2.315
-2.132,1.982
-2.108,-0.514
-2.244,-1.205
-2.638,-0.727
-2.544,0.557
-2.664,2.262
-2.644,2.0
-2.544,-0.148
-2.542,0.724
-2.708,1.015
-2.663,0.407
-2.712,0.43
-2.857,2.19
-2.753,0.359
-2.871,1.235
-2.912,0.178
-2.905,-0.577
-2.786,-0.21
-2.801,0.61
-2.855,2.395
-3.007,0.852
-3.051,2.317
-3.031,0.601
-3.04,1.011
3.083,0.501
-3.101,2.24
3.057,2.042
2.904,0.837
2.71,1.186
2.459,-1.432
2.392,0.252
2.49,-0.62
2.406,0.012
2.331,1.833
2.144,-0.159
2.154,0.261
2.1,-1.522
1.838,0.16
1.795,2.385
1.658,-0.876
1.589,-1.589
1.488,1.636
1.036,-1.224
1.155,2.104
1.059,2.393
0.946,0.335
0.899,0.033
0.87,0.977
0.583,0.006
0.626,2.309
0.456,1.34
0.252,-0.476
0.205,1.714
0.112,-1.338
0.098,2.081
-0.039,1.28
0.088,1.738
0.044,0.853
-0.002,0.06
0.02,1.782
-0.248,2.301
-0.185,2.238
-0.187,1.055
-0.257,0.72
-0.29,0.588
-0.393,0.083
-0.444,-0.426
-0.365,-0.453
-0.378,-1.008
-0.617,1.885
-0.739,-1.206
-0.968,-0.636
-0.915,-1.078
-0.965,2.112
-1.144,-1.381
-1.176,-0.721
-1.095,2.063
-1.454,-1.512
-1.852,-1.232
-1.864,1.697
-1.871,0.087
-2.015,0.189
-2.018,-1.874
-2.609,-1.794
-2.858,-1.858
-2.932,-1.931
2.948,-1.815
2.455,-1.753
0.904,-1.786
-0.156,-2.025
-0.227,-1.919
-0.117,-2.043
-0.663,-1.974
-0.581,-1.641
-0.677,-1.681
-0.89,-1.95
-1.46,-1.821
-1.736,-2.087
-2.375,2.6
-2.373,2.669
-2.599,2.649
2.476,2.667
1.623,2.647
1.169,2.663
0.918,2.653
0.362,2.475
0.332,2.538
0.231,2.619
-0.838,2.653
-1.03,2.586
-3.017,1.92
2.958,-0.001
2.689,0.018
2.042,-0.01
0.478,1.365
0.355,0.129
0.166,-0.595
-0.21,0.162
-0.169,0.308
-0.255,0.052
-1.746,-1.553
-2.602,1.347
-2.972,-1.131
1.709,-0.089
0.28,0.784
0.093,1.919
-0.407,-0.906
-0.702,0.778
2.97,1.076
2.694,-0.29
-0.199,1.146
-0.402,-1.236
-0.5,1.189
-1.142,-0.377
3.124,-1.478
-0.064,2.145
0.009,-1.333
1.619,-2.085
-0.09,1.071
-0.016,0.167
-0.043,0.939
-0.112,2.042
-0.1,0.904
-0.2,3.612
-0.135,3.131
-0.242,1.125
-0.192,0.626
-0.216,1.607
-0.288,0.844
-0.263,-0.185
-0.359,2.102
-0.35,0.648
-0.401,1.649
-0.434,0.484
-0.479,1.496
-0.554,3.16
-0.555,1.468
-0.531,1.713
-0.615,2.251
-0.553,1.704
-0.714,3.199
-0.656,2.898
-0.79,2.622
-0.741,0.385
-0.718,0.451
-0.778,0.038
-0.881,3.803
-0.893,2.675
-0.822,3.817
-1.005,0.826
-0.942,3.182
-1.026,0.856
-1.116,3.578
-1.154,-0.022
-1.254,1.734
-1.194,0.437
-1.298,0.089
-1.483,-0.154
-1.638,2.015
-1.626,2.93
-1.78,2.115
-1.831,3.078
-1.844,2.732
-1.849,2.231
-1.88,3.424
-1.985,0.575
-2.037,1.506
-2.009,1.649
-2.159,-0.396
-2.372,-0.328
-2.342,-0.162
3.126,-0.224
2.642,-0.336
2.531,-0.44
1.863,-0.337
1.89,-0.511
1.788,-0.43
1.196,-0.311
0.664,-0.699
-0.176,-0.732
-0.413,-0.543
-0.562,-0.445
-0.918,-0.305
-1.246,-0.386
-1.601,-0.305
-2.444,3.967
-2.651,4.058
-2.996,4.008
2.925,3.944
2.828,3.741
2.884,4.033
0.98,3.958
0.305,4.066
0.208,4.105
-0.101,3.887
-0.625,3.812
-2.028,3.934
2.649,2.331
2.058,0.04
0.833,2.015
0.637,2.092
0.277,1.981
-0.078,2.861
-0.621,0.705
2.68,3.868
-2.133,3.72
-2.117,3.387
-2.093,0.891
-2.229,0.2
-2.623,0.678
-2.529,1.962
-2.649,3.667
-2.629,3.405
-2.529,1.257
-2.527,2.129
-2.693,2.42
-2.648,1.812
-2.697,1.835
-2.842,3.595
-2.738,1.764
-2.856,2.64
-2.897,1.583
-2.89,0.828
-2.771,1.195
-2.786,2.015
-2.84,3.8
-2.992,2.257
-3.036,3.722
-3.016,2.006
-3.025,2.416
3.098,1.906
-3.086,3.645
3.072,3.447
2.919,2.242
2.725,2.591
2.474,-0.027
2.407,1.657
2.505,0.785
2.421,1.417
2.346,3.238
2.159,1.246
2.169,1.666
2.115,-0.117
1.853,1.565
1.81,3.79
1.673,0.529
1.604,-0.184
1.503,3.041
1.051,0.181
1.17,3.509
1.074,3.798
0.961,1.74
0.914,1.438
0.885,2.382
0.598,1.411
0.641,3.714
0.471,2.745
0.267,0.929
0.22,3.119
0.127,0.067
0.113,3.486
-0.024,2.685
0.103,3.143
0.059,2.258
0.013,1.465
0.035,3.187
-0.233,3.706
-0.17,3.643
-0.172,2.46
-0.242,2.125
-0.275,1.993
-0.378,1.488
-0.429,0.979
-0.35,0.952
-0.363,0.397
-0.602,3.29
-0.724,0.199
-0.953,0.769
-0.9,0.327
-0.95,3.517
-1.129,0.024
-1.161,0.684
-1.08,3.468
-1.439,-0.107
-1.837,0.173
-1.849,3.102
-1.856,1.492
-2.0,1.594
-2.003,-0.469
-2.594,-0.389
-2.843,-0.453
-2.917,-0.526
2.963,-0.41
2.47,-0.348
0.919,-0.381
-0.141,-0.62
-0.212,-0.514
-0.102,-0.638
-0.648,-0.569
-0.566,-0.236
-0.662,-0.276
-0.875,-0.545
-1.445,-0.416
-1.721,-0.682
-2.36,4.005
-2.358,4.074
-2.584,4.054
2.491,4.072
1.638,4.052
1.184,4.068
0.933,4.058
0.377,3.88
0.347,3.943
0.246,4.024
-0.823,4.058
-1.015,3.991
-3.002,3.325
2.973,1.404
2.704,1.423
2.057,1.395
0.493,2.77
0.37,1.534
0.181,0.81
-0.195,1.567
-0.154,1.713
-0.24,1.457
-1.731,-0.148
-2.587,2.752
-2.957,0.274
1.724,1.316
0.295,2.189
0.108,3.324
-0.392,0.499
-0.687,2.183
2.985,2.481
2.709,1.115
-0.184,2.551
-0.387,0.169
-0.485,2.594
-1.127,1.028
3.139,-0.073
-0.049,3.55
0.024,0.072
1.634,-0.68
0.074,-0.904
0.047,-0.132
-0.022,0.971
-0.01,-0.167
-0.11,2.541
-0.045,2.06
-0.152,0.054
-0.102,-0.445
-0.126,0.536
-0.198,-0.227
-0.173,-1.256
-0.269,1.031
-0.26,-0.423
-0.311,0.578
-0.344,-0.587
-0.389,0.425
-0.464,2.089
-0.465,0.397
-0.441,0.642
-0.525,1.18
-0.463,0.633
-0.624,2.128
-0.566,1.827
-0.7,1.551
-0.651,-0.686
-0.628,-0.62
-0.688,-1.033
-0.791,2.732
-0.803,1.604
-0.732,2.746
-0.915,-0.245
-0.852,2.111
-0.936,-0.215
-1.026,2.507
-1.064,-1.093
-1.164,0.663
-1.104,-0.634
-1.208,-0.982
-1.393,-1.225
-1.548,0.944
-1.536,1.859
-1.69,1.044
-1.741,2.007
-1.754,1.661
-1.759,1.16
-1.79,2.353
-1.895,-0.496
-1.947,0.435
-1.919,0.578
-2.069,-1.467
-2.282,-1.399
-2.252,-1.233
-3.067,-1.295
2.732,-1.407
2.621,-1.511
1.953,-1.408
1.98,-1.582
1.878,-1.501
1.286,-1.382
0.754,-1.77
-0.086,-1.803
-0.323,-1.614
-0.472,-1.516
-0.828,-1.376
-1.156,-1.457
-1.511,-1.376
-2.354,2.896
-2.561,2.987
-2.906,2.937
3.015,2.873
2.918,2.67
2.974,2.962
1.07,2.887
0.395,2.995
0.298,3.034
-0.011,2.816
-0.535,2.741
-1.938,2.863
2.739,1.26
2.148,-1.031
0.923,0.944
0.727,1.021
0.367,0.91
0.012,1.79
-0.531,-0.366
2.77,2.797
-2.043,2.649
-2.027,2.316
-2.003,-0.18
-2.139,-0.871
-2.533,-0.393
-2.439,0.891
-2.559,2.596
-2.539,2.334
-2.439,0.186
-2.437,1.058
-2.603,1.349
-2.558,0.741
-2.607,0.764
-2.752,2.524
-2.648,0.693
-2.766,1.569
-2.807,0.512
-2.8,-0.243
-2.681,0.124
-2.696,0.944
-2.75,2.729
-2.902,1.186
-2.946,2.651
-2.926,0.935
-2.935,1.345
-3.095,0.835
-2.996,2.574
-3.121,2.376
3.009,1.171
2.815,1.52
2.564,-1.098
2.497,0.586
2.595,-0.286
2.511,0.346
2.436,2.167
2.249,0.175
2.259,0.595
2.205,-1.188
1.943,0.494
1.9,2.719
1.763,-0.542
1.694,-1.255
1.593,1.97
1.141,-0.89
1.26,2.438
1.164,2.727
1.051,0.669
1.004,0.367
0.975,1.311
0.688,0.34
0.731,2.643
0.561,1.674
0.357,-0.142
0.31,2.048
0.217,-1.004
0.203,2.415
0.066,1.614
0.193,2.072
0.149,1.187
0.103,0.394
0.125,2.116
-0.143,2.635
-0.08,2.572
-0.082,1.389
-0.152,1.054
-0.185,0.922
-0.288,0.417
-0.339,-0.092
-0.26,-0.119
-0.273,-0.674
-0.512,2.219
-0.634,-0.872
-0.863,-0.302
-0.81,-0.744
-0.86,2.446
-1.039,-1.047
-1.071,-0.387
-0.99,2.397
-1.349,-1.178
-1.747,-0.898
-1.759,2.031
-1.766,0.421
-1.91,0.523
-1.913,-1.54
-2.504,-1.46
-2.753,-1.524
-2.827,-1.597
3.053,-1.481
2.56,-1.419
1.009,-1.452
-0.051,-1.691
-0.122,-1.585
-0.012,-1.709
-0.558,-1.64
-0.476,-1.307
-0.572,-1.347
-0.785,-1.616
-1.355,-1.487
-1.631,-1.753
-2.27,2.934
-2.268,3.003
-2.494,2.983
2.581,3.001
1.728,2.981
1.274,2.997
1.023,2.987
0.467,2.809
0.437,2.872
0.336,2.953
-0.733,2.987
-0.925,2.92
-2.912,2.254
3.063,0.333
2.794,0.352
2.147,0.324
0.583,1.699
0.46,0.463
0.271,-0.261
-0.105,0.496
-0.064,0.642
-0.15,0.386
-1.641,-1.219
-2.497,1.681
-2.867,-0.797
1.814,0.245
0.385,1.118
0.198,2.253
-0.302,-0.572
-0.597,1.112
3.075,1.41
2.799,0.044
-0.094,1.48
-0.297,-0.902
-0.395,1.523
-1.037,-0.043
-3.054,-1.144
0.041,2.479
0.114,-0.999
1.724,-1.751
-0.027,0.772
-0.096,1.875
-0.084,0.737
-0.184,3.445
-0.119,2.964
-0.226,0.958
-0.176,0.459
-0.2,1.44
-0.272,0.677
-0.247,-0.352
-0.343,1.935
-0.334,0.481
-0.385,1.482
-0.418,0.317
-0.463,1.329
-0.538,2.993
-0.539,1.301
-0.515,1.546
-0.599,2.084
-0.537,1.537
-0.698,3.032
-0.64,2.731
-0.774,2.455
-0.725,0.218
-0.702,0.284
-0.762,-0.129
-0.865,3.636
-0.877,2.508
-0.806,3.65
-0.989,0.659
-0.926,3.015
-1.01,0.689
-1.1,3.411
-1.138,-0.189
-1.238,1.567
-1.178,0.27
-1.282,-0.078
-1.467,-0.321
-1.622,1.848
-1.61,2.763
-1.764,1.948
-1.815,2.911
-1.828,2.565
-1.833,2.064
-1.864,3.257
-1.969,0.408
-2.021,1.339
-1.993,1.482
-2.143,-0.563
-2.356,-0.495
-2.326,-0.329
-3.141,-0.391
2.658,-0.503
2.547,-0.607
1.879,-0.504
1.906,-0.678
1.804,-0.597
1.212,-0.478
0.68,-0.866
-0.16,-0.899
-0.397,-0.71
-0.546,-0.612
-0.902,-0.472
-1.23,-0.553
-1.585,-0.472
-2.428,3.8
-2.635,3.891
-2.98,3.841
2.941,3.777
2.844,3.574
2.9,3.866
0.996,3.791
0.321,3.899
0.224,3.938
-0.085,3.72
-0.609,3.645
-2.012,3.767
2.665,2.164
2.074,-0.127
0.849,1.848
0.653,1.925
0.293,1.814
-0.062,2.694
-0.605,0.538
2.696,3.701
-2.117,3.553
-2.101,3.22
-2.077,0.724
-2.213,0.033
-2.607,0.511
-2.513,1.795
-2.633,3.5
-2.613,3.238
-2.513,1.09
-2.511,1.962
-2.677,2.253
-2.632,1.645
-2.681,1.668
-2.826,3.428
-2.722,1.597
-2.84,2.473
-2.881,1.416
-2.874,0.661
-2.755,1.028
-2.77,1.848
-2.824,3.633
-2.976,2.09
-3.02,3.555
-3.0,1.839
-3.009,2.249
3.114,1.739
-3.07,3.478
3.088,3.28
2.935,2.075
2.741,2.424
2.49,-0.194
2.423,1.49
2.521,0.618
2.437,1.25
2.362,3.071
2.175,1.079
2.185,1.499
2.131,-0.284
1.869,1.398
1.826,3.623
1.689,0.362
1.62,-0.351
1.519,2.874
1.067,0.014
1.186,3.342
1.09,3.631
0.977,1.573
0.93,1.271
0.901,2.215
0.614,1.244
0.657,3.547
0.487,2.578
0.283,0.762
0.236,2.952
0.143,-0.1
0.129,3.319
-0.008,2.518
0.119,2.976
0.075,2.091
0.029,1.298
0.051,3.02
-0.217,3.539
-0.154,3.476
-0.156,2.293
-0.226,1.958
-0.259,1.826
-0.362,1.321
-0.413,0.812
-0.334,0.785
-0.347,0.23
-0.586,3.123
-0.708,0.032
-0.937,0.602
-0.884,0.16
-0.934,3.35
-1.113,-0.143
-1.145,0.517
-1.064,3.301
-1.423,-0.274
-1.821,0.006
-1.833,2.935
-1.84,1.325
-1.984,1.427
-1.987,-0.636
-2.578,-0.556
-2.827,-0.62
-2.901,-0.693
2.979,-0.577
2.486,-0.515
0.935,-0.548
-0.125,-0.787
-0.196,-0.681
-0.086,-0.805
-0.632,-0.736
-0.55,-0.403
-0.646,-0.443
-0.859,-0.712
-1.429,-0.583
-1.705,-0.849
-2.344,3.838
-2.342,3.907
-2.568,3.887
2.507,3.905
1.654,3.885
1.2,3.901
0.949,3.891
0.393,3.713
0.363,3.776
0.262,3.857
-0.807,3.891
-0.999,3.824
-2.986,3.158
2.989,1.237
2.72,1.256
2.073,1.228
0.509,2.603
0.386,1.367
0.197,0.643
-0.179,1.4
-0.138,1.546
-0.224,1.29
-1.715,-0.315
-2.571,2.585
-2.941,0.107
1.74,1.149
0.311,2.022
0.124,3.157
-0.376,0.332
-0.671,2.016
3.001,2.314
2.725,0.948
-0.168,2.384
-0.371,0.002
-0.469,2.427
-1.111,0.861
-3.128,-0.24
-0.033,3.383
0.04,-0.095
1.65,-0.847
-0.069,1.103
-0.057,-0.035
-0.157,2.673
-0.092,2.192
-0.199,0.186
-0.149,-0.313
-0.173,0.668
-0.245,-0.095
-0.22,-1.124
-0.316,1.163
-0.307,-0.291
-0.358,0.71
-0.391,-0.455
-0.436,0.557
-0.511,2.221
-0.512,0.529
-0.488,0.774
-0.572,1.312
-0.51,0.765
-0.671,2.26
-0.613,1.959
-0.747,1.683
-0.698,-0.554
-0.675,-0.488
-0.735,-0.901
-0.838,2.864
-0.85,1.736
-0.779,2.878
-0.962,-0.113
-0.899,2.243
-0.983,-0.083
-1.073,2.639
-1.111,-0.961
-1.211,0.795
-1.151,-0.502
-1.255,-0.85
-1.44,-1.093
-1.595,1.076
-1.583,1.991
-1.737,1.176
-1.788,2.139
-1.801,1.793
-1.806,1.292
-1.837,2.485
-1.942,-0.364
-1.994,0.567
-1.966,0.71
-2.116,-1.335
-2.329,-1.267
-2.299,-1.101
-3.114,-1.163
2.685,-1.275
2.574,-1.379
1.906,-1.276
1.933,-1.45
1.831,-1.369
1.239,-1.25
0.707,-1.638
-0.133,-1.671
-0.37,-1.482
-0.519,-1.384
-0.875,-1.244
-1.203,-1.325
-1.558,-1.244
-2.401,3.028
-2.608,3.119
-2.953,3.069
2.968,3.005
2.871,2.802
2.927,3.094
1.023,3.019
0.348,3.127
0.251,3.166
-0.058,2.948
-0.582,2.873
-1.985,2.995
2.692,1.392
2.101,-0.899
0.876,1.076
0.68,1.153
0.32,1.042
-0.035,1.922
-0.578,-0.234
2.723,2.929
-2.09,2.781
-2.074,2.448
-2.05,-0.048
-2.186,-0.739
-2.58,-0.261
-2.486,1.023
-2.606,2.728
-2.586,2.466
-2.486,0.318
-2.484,1.19
-2.65,1.481
-2.605,0.873
-2.654,0.896
-2.799,2.656
-2.695,0.825
-2.813,1.701
-2.854,0.644
-2.847,-0.111
-2.728,0.256
-2.743,1.076
-2.797,2.861
-2.949,1.318
-2.993,2.783
-2.973,1.067
-2.982,1.477
3.141,0.967
-3.043,2.706
3.115,2.508
2.962,1.303
2.768,1.652
2.517,-0.966
2.45,0.718
2.548,-0.154
2.464,0.478
2.389,2.299
2.202,0.307
2.212,0.727
2.158,-1.056
1.896,0.626
1.853,2.851
1.716,-0.41
1.647,-1.123
1.546,2.102
1.094,-0.758
1.213,2.57
1.117,2.859
1.004,0.801
0.957,0.499
0.928,1.443
0.641,0.472
0.684,2.775
0.514,1.806
0.31,-0.01
0.263,2.18
0.17,-0.872
0.156,2.547
0.019,1.746
0.146,2.204
0.102,1.319
0.056,0.526
0.078,2.248
-0.19,2.767
-0.127,2.704
-0.129,1.521
-0.199,1.186
-0.232,1.054
-0.335,0.549
-0.386,0.04
-0.307,0.013
-0.32,-0.542
-0.559,2.351
-0.681,-0.74
-0.91,-0.17
-0.857,-0.612
-0.907,2.578
-1.086,-0.915
-1.118,-0.255
-1.037,2.529
-1.396,-1.046
-1.794,-0.766
-1.806,2.163
-1.813,0.553
-1.957,0.655
-1.96,-1.408
-2.551,-1.328
-2.8,-1.392
-2.874,-1.465
3.006,-1.349
2.513,-1.287
0.962,-1.32
-0.098,-1.559
-0.169,-1.453
-0.059,-1.577
-0.605,-1.508
-0.523,-1.175
-0.619,-1.215
-0.832,-1.484
-1.402,-1.355
-1.678,-1.621
-2.317,3.066
-2.315,3.135
-2.541,3.115
2.534,3.133
1.681,3.113
1.227,3.129
0.976,3.119
0.42,2.941
0.39,3.004
0.289,3.085
-0.78,3.119
-0.972,3.052
-2.959,2.386
3.016,0.465
2.747,0.484
2.1,0.456
0.536,1.831
0.413,0.595
0.224,-0.129
-0.152,0.628
-0.111,0.774
-0.197,0.518
-1.688,-1.087
-2.544,1.813
-2.914,-0.665
1.767,0.377
0.338,1.25
0.151,2.385
-0.349,-0.44
-0.644,1.244
3.028,1.542
2.752,0.176
-0.141,1.612
-0.344,-0.77
-0.442,1.655
-1.084,0.089
-3.101,-1.012
-0.006,2.611
0.067,-0.867
1.677,-1.619
0.012,-1.138
-0.088,1.57
-0.023,1.089
-0.13,-0.917
-0.08,-1.416
-0.104,-0.435
-0.176,-1.198
-0.151,-2.227
-0.247,0.06
-0.238,-1.394
-0.289,-0.393
-0.322,-1.558
-0.367,-0.546
-0.442,1.118
-0.443,-0.574
-0.419,-0.329
-0.503,0.209
-0.441,-0.338
-0.602,1.157
-0.544,0.856
-0.678,0.58
-0.629,-1.657
-0.606,-1.591
-0.666,-2.004
-0.769,1.761
-0.781,0.633
-0.71,1.775
-0.893,-1.216
-0.83,1.14
-0.914,-1.186
-1.004,1.536
-1.042,-2.064
-1.142,-0.308
-1.082,-1.605
-1.186,-1.953
-1.371,-2.196
-1.526,-0.027
-1.514,0.888
-1.668,0.073
-1.719,1.036
-1.732,0.69
-1.737,0.189
-1.768,1.382
-1.873,-1.467
-1.925,-0.536
-1.897,-0.393
-2.047,-2.438
-2.26,-2.37
-2.23,-2.204
-3.045,-2.266
2.754,-2.378
2.643,-2.482
1.975,-2.379
2.002,-2.553
1.9,-2.472
1.308,-2.353
0.776,-2.741
-0.064,-2.774
-0.301,-2.585
-0.45,-2.487
-0.806,-2.347
-1.134,-2.428
-1.489,-2.347
-2.332,1.925
-2.539,2.016
-2.884,1.966
3.037,1.902
2.94,1.699
2.996,1.991
1.092,1.916
0.417,2.024
0.32,2.063
0.011,1.845
-0.513,1.77
-1.916,1.892
2.761,0.289
2.17,-2.002
0.945,-0.027
0.749,0.05
0.389,-0.061
0.034,0.819
-0.509,-1.337
2.792,1.826
-2.021,1.678
-2.005,1.345
-1.981,-1.151
-2.117,-1.842
-2.511,-1.364
-2.417,-0.08
-2.537,1.625
-2.517,1.363
-2.417,-0.785
-2.415,0.087
-2.581,0.378
-2.536,-0.23
-2.585,-0.207
-2.73,1.553
-2.626,-0.278
-2.744,0.598
-2.785,-0.459
-2.778,-1.214
-2.659,-0.847
-2.674,-0.027
-2.728,1.758
-2.88,0.215
-2.924,1.68
-2.904,-0.036
-2.913,0.374
-3.073,-0.136
-2.974,1.603
-3.099,1.405
3.031,0.2
2.837,0.549
2.586,-2.069
2.519,-0.385
2.617,-1.257
2.533,-0.625
2.458,1.196
2.271,-0.796
2.281,-0.376
2.227,-2.159
1.965,-0.477
1.922,1.748
1.785,-1.513
1.716,-2.226
1.615,0.999
1.163,-1.861
1.282,1.467
1.186,1.756
1.073,-0.302
1.026,-0.604
0.997,0.34
0.71,-0.631
0.753,1.672
0.583,0.703
0.379,-1.113
0.332,1.077
0.239,-1.975
0.225,1.444
0.088,0.643
0.215,1.101
0.171,0.216
0.125,-0.577
0.147,1.145
-0.121,1.664
-0.058,1.601
-0.06,0.418
-0.13,0.083
-0.163,-0.049
-0.266,-0.554
-0.317,-1.063
-0.238,-1.09
-0.251,-1.645
-0.49,1.248
-0.612,-1.843
-0.841,-1.273
-0.788,-1.715
-0.838,1.475
-1.017,-2.018
-1.049,-1.358
-0.968,1.426
-1.327,-2.149
-1.725,-1.869
-1.737,1.06
-1.744,-0.55
-1.888,-0.448
-1.891,-2.511
-2.482,-2.431
-2.731,-2.495
-2.805,-2.568
3.075,-2.452
2.582,-2.39
1.031,-2.423
-0.029,-2.662
-0.1,-2.556
0.01,-2.68
-0.536,-2.611
-0.454,-2.278
-0.55,-2.318
-0.763,-2.587
-1.333,-2.458
-1.609,-2.724
-2.248,1.963
-2.246,2.032
-2.472,2.012
2.603,2.03
1.75,2.01
1.296,2.026
1.045,2.016
0.489,1.838
0.459,1.901
0.358,1.982
-0.711,2.016
-0.903,1.949
-2.89,1.283
3.085,-0.638
2.816,-0.619
2.169,-0.647
0.605,0.728
0.482,-0.508
0.293,-1.232
-0.083,-0.475
-0.042,-0.329
-0.128,-0.585
-1.619,-2.19
-2.475,0.71
-2.845,-1.768
1.836,-0.726
0.407,0.147
0.22,1.282
-0.28,-1.543
-0.575,0.141
3.097,0.439
2.821,-0.927
-0.072,0.509
-0.275,-1.873
-0.373,0.552
-1.015,-1.014
-3.032,-2.115
0.063,1.508
0.136,-1.97
1.746,-2.722
-0.1,2.708
-0.035,2.227
-0.142,0.221
-0.092,-0.278
-0.116,0.703
-0.188,-0.06
-0.163,-1.089
-0.259,1.198
-0.25,-0.256
-0.301,0.745
-0.334,-0.42
-0.379,0.592
-0.454,2.256
-0.455,0.564
-0.431,0.809
-0.515,1.347
-0.453,0.8
-0.614,2.295
-0.556,1.994
-0.69,1.718
-0.641,-0.519
-0.618,-0.453
-0.678,-0.866
-0.781,2.899
-0.793,1.771
-0.722,2.913
-0.905,-0.078
-0.842,2.278
-0.926,-0.048
-1.016,2.674
-1.054,-0.926
-1.154,0.83
-1.094,-0.467
-1.198,-0.815
-1.383,-1.058
-1.538,1.111
-1.526,2.026
-1.68,1.211
-1.731,2.174
-1.744,1.828
-1.749,1.327
-1.78,2.52
-1.885,-0.329
-1.937,0.602
-1.909,0.745
-2.059,-1.3
-2.272,-1.232
-2.242,-1.066
-3.057,-1.128
2.742,-1.24
2.631,-1.344
1.963,-1.241
1.99,-1.415
1.888,-1.334
1.296,-1.215
0.764,-1.603
-0.076,-1.636
-0.313,-1.447
-0.462,-1.349
-0.818,-1.209
-1.146,-1.29
-1.501,-1.209
-2.344,3.063
-2.551,3.154
-2.896,3.104
3.025,3.04
2.928,2.837
2.984,3.129
1.08,3.054
0.405,3.162
0.308,3.201
-0.001,2.983
-0.525,2.908
-1.928,3.03
2.749,1.427
2.158,-0.864
0.933,1.111
0.737,1.188
0.377,1.077
0.022,1.957
-0.521,-0.199
2.78,2.964
-2.033,2.816
-2.017,2.483
-1.993,-0.013
-2.129,-0.704
-2.523,-0.226
-2.429,1.058
-2.549,2.763
-2.529,2.501
-2.429,0.353
-2.427,1.225
-2.593,1.516
-2.548,0.908
-2.597,0.931
-2.742,2.691
-2.638,0.86
-2.756,1.736
-2.797,0.679
-2.79,-0.076
-2.671,0.291
-2.686,1.111
-2.74,2.896
-2.892,1.353
-2.936,2.818
-2.916,1.102
-2.925,1.512
-3.085,1.002
-2.986,2.741
-3.111,2.543
3.019,1.338
2.825,1.687
2.574,-0.931
2.507,0.753
2.605,-0.119
2.521,0.513
2.446,2.334
2.259,0.342
2.269,0.762
2.215,-1.021
1.953,0.661
1.91,2.886
1.773,-0.375
1.704,-1.088
1.603,2.137
1.151,-0.723
1.27,2.605
1.174,2.894
1.061,0.836
1.014,0.534
0.985,1.478
0.698,0.507
0.741,2.81
0.571,1.841
0.367,0.025
0.32,2.215
0.227,-0.837
0.213,2.582
0.076,1.781
0.203,2.239
0.159,1.354
0.113,0.561
0.135,2.283
-0.133,2.802
-0.07,2.739
-0.072,1.556
-0.142,1.221
-0.175,1.089
-0.278,0.584
-0.329,0.075
-0.25,0.048
-0.263,-0.507
-0.502,2.386
-0.624,-0.705
-0.853,-0.135
-0.8,-0.577
-0.85,2.613
-1.029,-0.88
-1.061,-0.22
-0.98,2.564
-1.339,-1.011
-1.737,-0.731
-1.749,2.198
-1.756,0.588
-1.9,0.69
-1.903,-1.373
-2.494,-1.293
-2.743,-1.357
-2.817,-1.43
3.063,-1.314
2.57,-1.252
1.019,-1.285
-0.041,-1.524
-0.112,-1.418
-0.002,-1.542
-0.548,-1.473
-0.466,-1.14
-0.562,-1.18
-0.775,-1.449
-1.345,-1.32
-1.621,-1.586
-2.26,3.101
-2.258,3.17
-2.484,3.15
2.591,3.168
1.738,3.148
1.284,3.164
1.033,3.154
0.477,2.976
0.447,3.039
0.346,3.12
-0.723,3.154
-0.915,3.087
-2.902,2.421
3.073,0.5
2.804,0.519
2.157,0.491
0.593,1.866
0.47,0.63
0.281,-0.094
-0.095,0.663
-0.054,0.809
-0.14,0.553
-1.631,-1.052
-2.487,1.848
-2.857,-0.63
1.824,0.412
0.395,1.285
0.208,2.42
-0.292,-0.405
-0.587,1.279
3.085,1.577
2.809,0.211
-0.084,1.647
-0.287,-0.735
-0.385,1.69
-1.027,0.124
-3.044,-0.977
0.051,2.646
0.124,-0.832
1.734,-1.584
0.065,-0.481
-0.042,-2.487
0.008,-2.986
-0.016,-2.005
-0.088,-2.768
-0.063,-3.797
-0.159,-1.51
-0.15,-2.964
-0.201,-1.963
-0.234,-3.128
-0.279,-2.116
-0.354,-0.452
-0.355,-2.144
-0.331,-1.899
-0.415,-1.361
-0.353,-1.908
-0.514,-0.413
-0.456,-0.714
-0.59,-0.99
-0.541,-3.227
-0.518,-3.161
-0.578,-3.574
-0.681,0.191
-0.693,-0.937
-0.622,0.205
-0.805,-2.786
-0.742,-0.43
-0.826,-2.756
-0.916,-0.034
-0.954,-3.634
-1.054,-1.878
-0.994,-3.175
-1.098,-3.523
-1.283,-3.766
-1.438,-1.597
-1.426,-0.682
-1.58,-1.497
-1.631,-0.534
-1.644,-0.88
-1.649,-1.381
-1.68,-0.188
-1.785,-3.037
-1.837,-2.106
-1.809,-1.963
-1.959,-4.008
-2.172,-3.94
-2.142,-3.774
-2.957,-3.836
2.842,-3.948
2.731,-4.052
2.063,-3.949
2.09,-4.123
1.988,-4.042
1.396,-3.923
0.864,-4.311
0.024,-4.344
-0.213,-4.155
-0.362,-4.057
-0.718,-3.917
-1.046,-3.998
-1.401,-3.917
-2.244,0.355
-2.451,0.446
-2.796,0.396
3.125,0.332
3.028,0.129
3.084,0.421
1.18,0.346
0.505,0.454
0.408,0.493
0.099,0.275
-0.425,0.2
-1.828,0.322
2.849,-1.281
2.258,-3.572
1.033,-1.597
0.837,-1.52
0.477,-1.631
0.122,-0.751
-0.421,-2.907
2.88,0.256
-1.933,0.108
-1.917,-0.225
-1.893,-2.721
-2.029,-3.412
-2.423,-2.934
-2.329,-1.65
-2.449,0.055
-2.429,-0.207
-2.329,-2.355
-2.327,-1.483
-2.493,-1.192
-2.448,-1.8
-2.497,-1.777
-2.642,-0.017
-2.538,-1.848
-2.656,-0.972
-2.697,-2.029
-2.69,-2.784
-2.571,-2.417
-2.586,-1.597
-2.64,0.188
-2.792,-1.355
-2.836,0.11
-2.816,-1.606
-2.825,-1.196
-2.985,-1.706
-2.886,0.033
-3.011,-0.165
3.119,-1.37
2.925,-1.021
2.674,-3.639
2.607,-1.955
2.705,-2.827
2.621,-2.195
2.546,-0.374
2.359,-2.366
2.369,-1.946
2.315,-3.729
2.053,-2.047
2.01,0.178
1.873,-3.083
1.804,-3.796
1.703,-0.571
1.251,-3.431
1.37,-0.103
1.274,0.186
1.161,-1.872
1.114,-2.174
1.085,-1.23
0.798,-2.201
0.841,0.102
0.671,-0.867
0.467,-2.683
0.42,-0.493
0.327,-3.545
0.313,-0.126
0.176,-0.927
0.303,-0.469
0.259,-1.354
0.213,-2.147
0.235,-0.425
-0.033,0.094
0.03,0.031
0.028,-1.152
-0.042,-1.487
-0.075,-1.619
-0.178,-2.124
-0.229,-2.633
-0.15,-2.66
-0.163,-3.215
-0.402,-0.322
-0.524,-3.413
-0.753,-2.843
-0.7,-3.285
-0.75,-0.095
-0.929,-3.588
-0.961,-2.928
-0.88,-0.144
-1.239,-3.719
-1.637,-3.439
-1.649,-0.51
-1.656,-2.12
-1.8,-2.018
-1.803,-4.081
-2.394,-4.001
-2.643,-4.065
-2.717,-4.138
-3.12,-4.022
2.67,-3.96
1.119,-3.993
0.059,-4.232
-0.012,-4.126
0.098,-4.25
-0.448,-4.181
-0.366,-3.848
-0.462,-3.888
-0.675,-4.157
-1.245,-4.028
-1.521,-4.294
-2.16,0.393
-2.158,0.462
-2.384,0.442
2.691,0.46
1.838,0.44
1.384,0.456
1.133,0.446
0.577,0.268
0.547,0.331
0.446,0.412
-0.623,0.446
-0.815,0.379
-2.802,-0.287
-3.11,-2.208
2.904,-2.189
2.257,-2.217
0.693,-0.842
0.57,-2.078
0.381,-2.802
0.005,-2.045
0.046,-1.899
-0.04,-2.155
-1.531,-3.76
-2.387,-0.86
-2.757,-3.338
1.924,-2.296
0.495,-1.423
0.308,-0.288
-0.192,-3.113
-0.487,-1.429
-3.098,-1.131
2.909,-2.497
0.016,-1.061
-0.187,-3.443
-0.285,-1.018
-0.927,-2.584
-2.944,-3.685
0.151,-0.062
0.224,-3.54
1.834,-4.292
-0.107,-2.006
-0.057,-2.505
-0.081,-1.524
-0.153,-2.287
-0.128,-3.316
-0.224,-1.029
-0.215,-2.483
-0.266,-1.482
-0.299,-2.647
-0.344,-1.635
-0.419,0.029
-0.42,-1.663
-0.396,-1.418
-0.48,-0.88
-0.418,-1.427
-0.579,0.068
-0.521,-0.233
-0.655,-0.509
-0.606,-2.746
-0.583,-2.68
-0.643,-3.093
-0.746,0.672
-0.758,-0.456
-0.687,0.686
-0.87,-2.305
-0.807,0.051
-0.891,-2.275
-0.981,0.447
-1.019,-3.153
-1.119,-1.397
-1.059,-2.694
-1.163,-3.042
-1.348,-3.285
-1.503,-1.116
-1.491,-0.201
-1.645,-1.016
-1.696,-0.053
-1.709,-0.399
-1.714,-0.9
-1.745,0.293
-1.85,-2.556
-1.902,-1.625
-1.874,-1.482
-2.024,-3.527
-2.237,-3.459
-2.207,-3.293
-3.022,-3.355
2.777,-3.467
2.666,-3.571
1.998,-3.468
2.025,-3.642
1.923,-3.561
1.331,-3.442
0.799,-3.83
-0.041,-3.863
-0.278,-3.674
-0.427,-3.576
-0.783,-3.436
-1.111,-3.517
-1.466,-3.436
-2.309,0.836
-2.516,0.927
-2.861,0.877
3.06,0.813
2.963,0.61
3.019,0.902
1.115,0.827
0.44,0.935
0.343,0.974
0.034,0.756
-0.49,0.681
-1.893,0.803
2.784,-0.8
2.193,-3.091
0.968,-1.116
0.772,-1.039
0.412,-1.15
0.057,-0.27
-0.486,-2.426
2.815,0.737
-1.998,0.589
-1.982,0.256
-1.958,-2.24
-2.094,-2.931
-2.488,-2.453
-2.394,-1.169
-2.514,0.536
-2.494,0.274
-2.394,-1.874
-2.392,-1.002
-2.558,-0.711
-2.513,-1.319
-2.562,-1.296
-2.707,0.464
-2.603,-1.367
-2.721,-0.491
-2.762,-1.548
-2.755,-2.303
-2.636,-1.936
-2.651,-1.116
-2.705,0.669
-2.857,-0.874
-2.901,0.591
-2.881,-1.125
-2.89,-0.715
-3.05,-1.225
-2.951,0.514
-3.076,0.316
3.054,-0.889
2.86,-0.54
2.609,-3.158
2.542,-1.474
2.64,-2.346
2.556,-1.714
2.481,0.107
2.294,-1.885
2.304,-1.465
2.25,-3.248
1.988,-1.566
1.945,0.659
1.808,-2.602
1.739,-3.315
1.638,-0.09
1.186,-2.95
1.305,0.378
1.209,0.667
1.096,-1.391
1.049,-1.693
1.02,-0.749
0.733,-1.72
0.776,0.583
0.606,-0.386
0.402,-2.202
0.355,-0.012
0.262,-3.064
0.248,0.355
0.111,-0.446
0.238,0.012
0.194,-0.873
0.148,-1.666
0.17,0.056
-0.098,0.575
-0.035,0.512
-0.037,-0.671
-0.107,-1.006
-0.14,-1.138
-0.243,-1.643
-0.294,-2.152
-0.215,-2.179
-0.228,-2.734
-0.467,0.159
-0.589,-2.932
-0.818,-2.362
-0.765,-2.804
-0.815,0.386
-0.994,-3.107
-1.026,-2.447
-0.945,0.337
-1.304,-3.238
-1.702,-2.958
-1.714,-0.029
-1.721,-1.639
-1.865,-1.537
-1.868,-3.6
-2.459,-3.52
-2.708,-3.584
-2.782,-3.657
3.098,-3.541
2.605,-3.479
1.054,-3.512
-0.006,-3.751
-0.077,-3.645
0.033,-3.769
-0.513,-3.7
-0.431,-3.367
-0.527,-3.407
-0.74,-3.676
-1.31,-3.547
-1.586,-3.813
-2.225,0.874
-2.223,0.943
-2.449,0.923
2.626,0.941
1.773,0.921
1.319,0.937
1.068,0.927
0.512,0.749
0.482,0.812
0.381,0.893
-0.688,0.927
-0.88,0.86
-2.867,0.194
3.108,-1.727
2.839,-1.708
2.192,-1.736
0.628,-0.361
0.505,-1.597
0.316,-2.321
-0.06,-1.564
-0.019,-1.418
-0.105,-1.674
-1.596,-3.279
-2.452,-0.379
-2.822,-2.857
1.859,-1.815
0.43,-0.942
0.243,0.193
-0.257,-2.632
-0.552,-0.948
3.12,-0.65
2.844,-2.016
-0.049,-0.58
-0.252,-2.962
-0.35,-0.537
-0.992,-2.103
-3.009,-3.204
0.086,0.419
0.159,-3.059
1.769,-3.811
0.05,-0.499
0.026,0.482
-0.046,-0.281
-0.021,-1.31
-0.117,0.977
-0.108,-0.477
-0.159,0.524
-0.192,-0.641
-0.237,0.371
-0.312,2.035
-0.313,0.343
-0.289,0.588
-0.373,1.126
-0.311,0.579
-0.472,2.074
-0.414,1.773
-0.548,1.497
-0.499,-0.74
-0.476,-0.674
-0.536,-1.087
-0.639,2.678
-0.651,1.55
-0.58,2.692
-0.763,-0.299
-0.7,2.057
-0.784,-0.269
-0.874,2.453
-0.912,-1.147
-1.012,0.609
-0.952,-0.688
-1.056,-1.036
-1.241,-1.279
-1.396,0.89
-1.384,1.805
-1.538,0.99
-1.589,1.953
-1.602,1.607
-1.607,1.106
-1.638,2.299
-1.743,-0.55
-1.795,0.381
-1.767,0.524
-1.917,-1.521
-2.13,-1.453
-2.1,-1.287
-2.915,-1.349
2.884,-1.461
2.773,-1.565
2.105,-1.462
2.132,-1.636
2.03,-1.555
1.438,-1.436
0.906,-1.824
0.066,-1.857
-0.171,-1.668
-0.32,-1.57
-0.676,-1.43
-1.004,-1.511
-1.359,-1.43
-2.202,2.842
-2.409,2.933
-2.754,2.883
-3.116,2.819
3.07,2.616
3.126,2.908
1.222,2.833
0.547,2.941
0.45,2.98
0.141,2.762
-0.383,2.687
-1.786,2.809
2.891,1.206
2.3,-1.085
1.075,0.89
0.879,0.967
0.519,0.856
0.164,1.736
-0.379,-0.42
2.922,2.743
-1.891,2.595
-1.875,2.262
-1.851,-0.234
-1.987,-0.925
-2.381,-0.447
-2.287,0.837
-2.407,2.542
-2.387,2.28
-2.287,0.132
-2.285,1.004
-2.451,1.295
-2.406,0.687
-2.455,0.71
-2.6,2.47
-2.496,0.639
-2.614,1.515
-2.655,0.458
-2.648,-0.297
-2.529,0.07
-2.544,0.89
-2.598,2.675
-2.75,1.132
-2.794,2.597
-2.774,0.881
-2.783,1.291
-2.943,0.781
-2.844,2.52
-2.969,2.322
-3.122,1.117
2.967,1.466
2.716,-1.152
2.649,0.532
2.747,-0.34
2.663,0.292
2.588,2.113
2.401,0.121
2.411,0.541
2.357,-1.242
2.095,0.44
2.052,2.665
1.915,-0.596
1.846,-1.309
1.745,1.916
1.293,-0.944
1.412,2.384
1.316,2.673
1.203,0.615
1.156,0.313
1.127,1.257
0.84,0.286
0.883,2.589
0.713,1.62
0.509,-0.196
0.462,1.994
0.369,-1.058
0.355,2.361
0.218,1.56
0.345,2.018
0.301,1.133
0.255,0.34
0.277,2.062
0.009,2.581
0.072,2.518
0.07,1.335
0.0,1.0
-0.033,0.868
-0.136,0.363
-0.187,-0.146
-0.108,-0.173
-0.121,-0.728
-0.36,2.165
-0.482,-0.926
-0.711,-0.356
-0.658,-0.798
-0.708,2.392
-0.887,-1.101
-0.919,-0.441
-0.838,2.343
-1.197,-1.232
-1.595,-0.952
-1.607,1.977
-1.614,0.367
-1.758,0.469
-1.761,-1.594
-2.352,-1.514
-2.601,-1.578
-2.675,-1.651
-3.078,-1.535
2.712,-1.473
1.161,-1.506
0.101,-1.745
0.03,-1.639
0.14,-1.763
-0.406,-1.694
-0.324,-1.361
-0.42,-1.401
-0.633,-1.67
-1.203,-1.541
-1.479,-1.807
-2.118,2.88
-2.116,2.949
-2.342,2.929
2.733,2.947
1.88,2.927
1.426,2.943
1.175,2.933
0.619,2.755
0.589,2.818
0.488,2.899
-0.581,2.933
-0.773,2.866
-2.76,2.2
-3.068,0.279
2.946,0.298
2.299,0.27
0.735,1.645
0.612,0.409
0.423,-0.315
0.047,0.442
0.088,0.588
0.002,0.332
-1.489,-1.273
-2.345,1.627
-2.715,-0.851
1.966,0.191
0.537,1.064
0.35,2.199
-0.15,-0.626
-0.445,1.058
-3.056,1.356
2.951,-0.01
0.058,1.426
-0.145,-0.956
-0.243,1.469
-0.885,-0.097
-2.902,-1.198
0.193,2.425
0.266,-1.053
1.876,-1.805
-0.024,0.981
-0.096,0.218
-0.071,-0.811
-0.167,1.476
-0.158,0.022
-0.209,1.023
-0.242,-0.142
-0.287,0.87
-0.362,2.534
-0.363,0.842
-0.339,1.087
-0.423,1.625
-0.361,1.078
-0.522,2.573
-0.464,2.272
-0.598,1.996
-0.549,-0.241
-0.526,-0.175
-0.586,-0.588
-0.689,3.177
-0.701,2.049
-0.63,3.191
-0.813,0.2
-0.75,2.556
-0.834,0.23
-0.924,2.952
-0.962,-0.648
-1.062,1.108
-1.002,-0.189
-1.106,-0.537
-1.291,-0.78
-1.446,1.389
-1.434,2.304
-1.588,1.489
-1.639,2.452
-1.652,2.106
-1.657,1.605
-1.688,2.798
-1.793,-0.051
-1.845,0.88
-1.817,1.023
-1.967,-1.022
-2.18,-0.954
-2.15,-0.788
-2.965,-0.85
2.834,-0.962
2.723,-1.066
2.055,-0.963
2.082,-1.137
1.98,-1.056
1.388,-0.937
0.856,-1.325
0.016,-1.358
-0.221,-1.169
-0.37,-1.071
-0.726,-0.931
-1.054,-1.012
-1.409,-0.931
-2.252,3.341
-2.459,3.432
-2.804,3.382
3.117,3.318
3.02,3.115
3.076,3.407
1.172,3.332
0.497,3.44
0.4,3.479
0.091,3.261
-0.433,3.186
-1.836,3.308
2.841,1.705
2.25,-0.586
1.025,1.389
0.829,1.466
0.469,1.355
0.114,2.235
-0.429,0.079
2.872,3.242
-1.941,3.094
-1.925,2.761
-1.901,0.265
-2.037,-0.426
-2.431,0.052
-2.337,1.336
-2.457,3.041
-2.437,2.779
-2.337,0.631
-2.335,1.503
-2.501,1.794
-2.456,1.186
-2.505,1.209
-2.65,2.969
-2.546,1.138
-2.664,2.014
-2.705,0.957
-2.698,0.202
-2.579,0.569
-2.594,1.389
-2.648,3.174
-2.8,1.631
-2.844,3.096
-2.824,1.38
-2.833,1.79
-2.993,1.28
-2.894,3.019
-3.019,2.821
3.111,1.616
2.917,1.965
2.666,-0.653
2.599,1.031
2.697,0.159
2.613,0.791
2.538,2.612
2.351,0.62
2.361,1.04
2.307,-0.743
2.045,0.939
2.002,3.164
1.865,-0.097
1.796,-0.81
1.695,2.415
1.243,-0.445
1.362,2.883
1.266,3.172
1.153,1.114
1.106,0.812
1.077,1.756
0.79,0.785
0.833,3.088
0.663,2.119
0.459,0.303
0.412,2.493
0.319,-0.559
0.305,2.86
0.168,2.059
0.295,2.517
0.251,1.632
0.205,0.839
0.227,2.561
-0.041,3.08
0.022,3.017
0.02,1.834
-0.05,1.499
-0.083,1.367
-0.186,0.862
-0.237,0.353
-0.158,0.326
-0.171,-0.229
-0.41,2.664
-0.532,-0.427
-0.761,0.143
-0.708,-0.299
-0.758,2.891
-0.937,-0.602
-0.969,0.058
-0.888,2.842
-1.247,-0.733
-1.645,-0.453
-1.657,2.476
-1.664,0.866
-1.808,0.968
-1.811,-1.095
-2.402,-1.015
-2.651,-1.079
-2.725,-1.152
-3.128,-1.036
2.662,-0.974
1.111,-1.007
0.051,-1.246
-0.02,-1.14
0.09,-1.264
-0.456,-1.195
-0.374,-0.862
-0.47,-0.902
-0.683,-1.171
-1.253,-1.042
-1.529,-1.308
-2.168,3.379
-2.166,3.448
-2.392,3.428
2.683,3.446
1.83,3.426
1.376,3.442
1.125,3.432
0.569,3.254
0.539,3.317
0.438,3.398
-0.631,3.432
-0.823,3.365
-2.81,2.699
-3.118,0.778
2.896,0.797
2.249,0.769
0.685,2.144
0.562,0.908
0.373,0.184
-0.003,0.941
0.038,1.087
-0.048,0.831
-1.539,-0.774
-2.395,2.126
-2.765,-0.352
1.916,0.69
0.487,1.563
0.3,2.698
-0.2,-0.127
-0.495,1.557
-3.106,1.855
2.901,0.489
0.008,1.925
-0.195,-0.457
-0.293,1.968
-0.935,0.402
-2.952,-0.699
0.143,2.924
0.216,-0.554
1.826,-1.306
-0.072,-0.763
-0.047,-1.792
-0.143,0.495
-0.134,-0.959
-0.185,0.042
-0.218,-1.123
-0.263,-0.111
-0.338,1.553
-0.339,-0.139
-0.315,0.106
-0.399,0.644
-0.337,0.097
-0.498,1.592
-0.44,1.291
-0.574,1.015
-0.525,-1.222
-0.502,-1.156
-0.562,-1.569
-0.665,2.196
-0.677,1.068
-0.606,2.21
-0.789,-0.781
-0.726,1.575
-0.81,-0.751
-0.9,1.971
-0.938,-1.629
-1.038,0.127
-0.978,-1.17
-1.082,-1.518
-1.267,-1.761
-1.422,0.408
-1.41,1.323
-1.564,0.508
-1.615,1.471
-1.628,1.125
-1.633,0.624
-1.664,1.817
-1.769,-1.032
-1.821,-0.101
-1.793,0.042
-1.943,-2.003
-2.156,-1.935
-2.126,-1.769
-2.941,-1.831
2.858,-1.943
2.747,-2.047
2.079,-1.944
2.106,-2.118
2.004,-2.037
1.412,-1.918
0.88,-2.306
0.04,-2.339
-0.197,-2.15
-0.346,-2.052
-0.702,-1.912
-1.03,-1.993
-1.385,-1.912
-2.228,2.36
-2.435,2.451
-2.78,2.401
3.141,2.337
3.044,2.134
3.1,2.426
1.196,2.351
0.521,2.459
0.424,2.498
0.115,2.28
-0.409,2.205
-1.812,2.327
2.865,0.724
2.274,-1.567
1.049,0.408
0.853,0.485
0.493,0.374
0.138,1.254
-0.405,-0.902
2.896,2.261
-1.917,2.113
-1.901,1.78
-1.877,-0.716
-2.013,-1.407
-2.407,-0.929
-2.313,0.355
-2.433,2.06
-2.413,1.798
-2.313,-0.35
-2.311,0.522
-2.477,0.813
-2.432,0.205
-2.481,0.228
-2.626,1.988
-2.522,0.157
-2.64,1.033
-2.681,-0.024
-2.674,-0.779
-2.555,-0.412
-2.57,0.408
-2.624,2.193
-2.776,0.65
-2.82,2.115
-2.8,0.399
-2.809,0.809
-2.969,0.299
-2.87,2.038
-2.995,1.84
3.135,0.635
2.941,0.984
2.69,-1.634
2.623,0.05
2.721,-0.822
2.637,-0.19
2.562,1.631
2.375,-0.361
2.385,0.059
2.331,-1.724
2.069,-0.042
2.026,2.183
1.889,-1.078
1.82,-1.791
1.719,1.434
1.267,-1.426
1.386,1.902
1.29,2.191
1.177,0.133
1.13,-0.169
1.101,0.775
0.814,-0.196
0.857,2.107
0.687,1.138
0.483,-0.678
0.436,1.512
0.343,-1.54
0.329,1.879
0.192,1.078
0.319,1.536
0.275,0.651
0.229,-0.142
0.251,1.58
-0.017,2.099
0.046,2.036
0.044,0.853
-0.026,0.518
-0.059,0.386
-0.162,-0.119
-0.213,-0.628
-0.134,-0.655
-0.147,-1.21
-0.386,1.683
-0.508,-1.408
-0.737,-0.838
-0.684,-1.28
-0.734,1.91
-0.913,-1.583
-0.945,-0.923
-0.864,1.861
-1.223,-1.714
-1.621,-1.434
-1.633,1.495
-1.64,-0.115
-1.784,-0.013
-1.787,-2.076
-2.378,-1.996
-2.627,-2.06
-2.701,-2.133
-3.104,-2.017
2.686,-1.955
1.135,-1.988
0.075,-2.227
0.004,-2.121
0.114,-2.245
-0.432,-2.176
-0.35,-1.843
-0.446,-1.883
-0.659,-2.152
-1.229,-2.023
-1.505,-2.289
-2.144,2.398
-2.142,2.467
-2.368,2.447
2.707,2.465
1.854,2.445
1.4,2.461
1.149,2.451
0.593,2.273
0.563,2.336
0.462,2.417
-0.607,2.451
-0.799,2.384
-2.786,1.718
-3.094,-0.203
2.92,-0.184
2.273,-0.212
0.709,1.163
0.586,-0.073
0.397,-0.797
0.021,-0.04
0.062,0.106
-0.024,-0.15
-1.515,-1.755
-2.371,1.145
-2.741,-1.333
1.94,-0.291
0.511,0.582
0.324,1.717
-0.176,-1.108
-0.471,0.576
-3.082,0.874
2.925,-0.492
0.032,0.944
-0.171,-1.438
-0.269,0.987
-0.911,-0.579
-2.928,-1.68
0.167,1.943
0.24,-1.535
1.85,-2.287
0.025,-1.029
-0.071,1.258
-0.062,-0.196
-0.113,0.805
-0.146,-0.36
-0.191,0.652
-0.266,2.316
-0.267,0.624
-0.243,0.869
-0.327,1.407
-0.265,0.86
-0.426,2.355
-0.368,2.054
-0.502,1.778
-0.453,-0.459
-0.43,-0.393
-0.49,-0.806
-0.593,2.959
-0.605,1.831
-0.534,2.973
-0.717,-0.018
-0.654,2.338
-0.738,0.012
-0.828,2.734
-0.866,-0.866
-0.966,0.89
-0.906,-0.407
-1.01,-0.755
-1.195,-0.998
-1.35,1.171
-1.338,2.086
-1.492,1.271
-1.543,2.234
-1.556,1.888
-1.561,1.387
-1.592,2.58
-1.697,-0.269
-1.749,0.662
-1.721,0.805
-1.871,-1.24
-2.084,-1.172
-2.054,-1.006
-2.869,-1.068
2.93,-1.18
2.819,-1.284
2.151,-1.181
2.178,-1.355
2.076,-1.274
1.484,-1.155
0.952,-1.543
0.112,-1.576
-0.125,-1.387
-0.274,-1.289
-0.63,-1.149
-0.958,-1.23
-1.313,-1.149
-2.156,3.123
-2.363,3.214
-2.708,3.164
-3.07,3.1
3.116,2.897
-3.111,3.189
1.268,3.114
0.593,3.222
0.496,3.261
0.187,3.043
-0.337,2.968
-1.74,3.09
2.937,1.487
2.346,-0.804
1.121,1.171
0.925,1.248
0.565,1.137
0.21,2.017
-0.333,-0.139
2.968,3.024
-1.845,2.876
-1.829,2.543
-1.805,0.047
-1.941,-0.644
-2.335,-0.166
-2.241,1.118
-2.361,2.823
-2.341,2.561
-2.241,0.413
-2.239,1.285
-2.405,1.576
-2.36,0.968
-2.409,0.991
-2.554,2.751
-2.45,0.92
-2.568,1.796
-2.609,0.739
-2.602,-0.016
-2.483,0.351
-2.498,1.171
-2.552,2.956
-2.704,1.413
-2.748,2.878
-2.728,1.162
-2.737,1.572
-2.897,1.062
-2.798,2.801
-2.923,2.603
-3.076,1.398
3.013,1.747
2.762,-0.871
2.695,0.813
2.793,-0.059
2.709,0.573
2.634,2.394
2.447,0.402
2.457,0.822
2.403,-0.961
2.141,0.721
2.098,2.946
1.961,-0.315
1.892,-1.028
1.791,2.197
1.339,-0.663
1.458,2.665
1.362,2.954
1.249,0.896
1.202,0.594
1.173,1.538
0.886,0.567
0.929,2.87
0.759,1.901
0.555,0.085
0.508,2.275
0.415,-0.777
0.401,2.642
0.264,1.841
0.391,2.299
0.347,1.414
0.301,0.621
0.323,2.343
0.055,2.862
0.118,2.799
0.116,1.616
0.046,1.281
0.013,1.149
-0.09,0.644
-0.141,0.135
-0.062,0.108
-0.075,-0.447
-0.314,2.446
-0.436,-0.645
-0.665,-0.075
-0.612,-0.517
-0.662,2.673
-0.841,-0.82
-0.873,-0.16
-0.792,2.624
-1.151,-0.951
-1.549,-0.671
-1.561,2.258
-1.568,0.648
-1.712,0.75
-1.715,-1.313
-2.306,-1.233
-2.555,-1.297
-2.629,-1.37
-3.032,-1.254
2.758,-1.192
1.207,-1.225
0.147,-1.464
0.076,-1.358
0.186,-1.482
-0.36,-1.413
-0.278,-1.08
-0.374,-1.12
-0.587,-1.389
-1.157,-1.26
-1.433,-1.526
-2.072,3.161
-2.07,3.23
-2.296,3.21
2.779,3.228
1.926,3.208
1.472,3.224
1.221,3.214
0.665,3.036
0.635,3.099
0.534,3.18
-0.535,3.214
-0.727,3.147
-2.714,2.481
-3.022,0.56
2.992,0.579
2.345,0.551
0.781,1.926
0.658,0.69
0.469,-0.034
0.093,0.723
0.134,0.869
0.048,0.613
-1.443,-0.992
-2.299,1.908
-2.669,-0.57
2.012,0.472
0.583,1.345
0.396,2.48
-0.104,-0.345
-0.399,1.339
-3.01,1.637
2.997,0.271
0.104,1.707
-0.099,-0.675
-0.197,1.75
-0.839,0.184
-2.856,-0.917
0.239,2.706
0.312,-0.772
1.922,-1.524
-0.096,2.287
-0.087,0.833
-0.138,1.834
-0.171,0.669
-0.216,1.681
-0.291,3.345
-0.292,1.653
-0.268,1.898
-0.352,2.436
-0.29,1.889
-0.451,3.384
-0.393,3.083
-0.527,2.807
-0.478,0.57
-0.455,0.636
-0.515,0.223
-0.618,3.988
-0.63,2.86
-0.559,4.002
-0.742,1.011
-0.679,3.367
-0.763,1.041
-0.853,3.763
-0.891,0.163
-0.991,1.919
-0.931,0.622
-1.035,0.274
-1.22,0.031
-1.375,2.2
-1.363,3.115
-1.517,2.3
-1.568,3.263
-1.581,2.917
-1.586,2.416
-1.617,3.609
-1.722,0.76
-1.774,1.691
-1.746,1.834
-1.896,-0.211
-2.109,-0.143
-2.079,0.023
-2.894,-0.039
2.905,-0.151
2.794,-0.255
2.126,-0.152
2.153,-0.326
2.051,-0.245
1.459,-0.126
0.927,-0.514
0.087,-0.547
-0.15,-0.358
-0.299,-0.26
-0.655,-0.12
-0.983,-0.201
-1.338,-0.12
-2.181,4.152
-2.388,4.243
-2.733,4.193
-3.095,4.129
3.091,3.926
-3.136,4.218
1.243,4.143
0.568,4.251
0.471,4.29
0.162,4.072
-0.362,3.997
-1.765,4.119
2.912,2.516
2.321,0.225
1.096,2.2
0.9,2.277
0.54,2.166
0.185,3.046
-0.358,0.89
2.943,4.053
-1.87,3.905
-1.854,3.572
-1.83,1.076
-1.966,0.385
-2.36,0.863
-2.266,2.147
-2.386,3.852
-2.366,3.59
-2.266,1.442
-2.264,2.314
-2.43,2.605
-2.385,1.997
-2.434,2.02
-2.579,3.78
-2.475,1.949
-2.593,2.825
-2.634,1.768
-2.627,1.013
-2.508,1.38
-2.523,2.2
-2.577,3.985
-2.729,2.442
-2.773,3.907
-2.753,2.191
-2.762,2.601
-2.922,2.091
-2.823,3.83
-2.948,3.632
-3.101,2.427
2.988,2.776
2.737,0.158
2.67,1.842
2.768,0.97
2.684,1.602
2.609,3.423
2.422,1.431
2.432,1.851
2.378,0.068
2.116,1.75
2.073,3.975
1.936,0.714
1.867,0.001
1.766,3.226
1.314,0.366
1.433,3.694
1.337,3.983
1.224,1.925
1.177,1.623
1.148,2.567
0.861,1.596
0.904,3.899
0.734,2.93
0.53,1.114
0.483,3.304
0.39,0.252
0.376,3.671
0.239,2.87
0.366,3.328
0.322,2.443
0.276,1.65
0.298,3.372
0.03,3.891
0.093,3.828
0.091,2.645
0.021,2.31
-0.012,2.178
-0.115,1.673
-0.166,1.164
-0.087,1.137
-0.1,0.582
-0.339,3.475
-0.461,0.384
-0.69,0.954
-0.637,0.512
-0.687,3.702
-0.866,0.209
-0.898,0.869
-0.817,3.653
-1.176,0.078
-1.574,0.358
-1.586,3.287
-1.593,1.677
-1.737,1.779
-1.74,-0.284
-2.331,-0.204
-2.58,-0.268
-2.654,-0.341
-3.057,-0.225
2.733,-0.163
1.182,-0.196
0.122,-0.435
0.051,-0.329
0.161,-0.453
-0.385,-0.384
-0.303,-0.051
-0.399,-0.091
-0.612,-0.36
-1.182,-0.231
-1.458,-0.497
-2.097,4.19
-2.095,4.259
-2.321,4.239
2.754,4.257
1.901,4.237
1.447,4.253
1.196,4.243
0.64,4.065
0.61,4.128
0.509,4.209
-0.56,4.243
-0.752,4.176
-2.739,3.51
-3.047,1.589
2.967,1.608
2.32,1.58
0.756,2.955
0.633,1.719
0.444,0.995
0.068,1.752
0.109,1.898
0.023,1.642
-1.468,0.037
-2.324,2.937
-2.694,0.459
1.987,1.501
0.558,2.374
0.371,3.509
-0.129,0.684
-0.424,2.368
-3.035,2.666
2.972,1.3
0.079,2.736
-0.124,0.354
-0.222,2.779
-0.864,1.213
-2.881,0.112
0.214,3.735
0.287,0.257
1.897,-0.495
0.009,-1.454
-0.042,-0.453
-0.075,-1.618
-0.12,-0.606
-0.195,1.058
-0.196,-0.634
-0.172,-0.389
-0.256,0.149
-0.194,-0.398
-0.355,1.097
-0.297,0.796
-0.431,0.52
-0.382,-1.717
-0.359,-1.651
-0.419,-2.064
-0.522,1.701
-0.534,0.573
-0.463,1.715
-0.646,-1.276
-0.583,1.08
-0.667,-1.246
-0.757,1.476
-0.795,-2.124
-0.895,-0.368
-0.835,-1.665
-0.939,-2.013
-1.124,-2.256
-1.279,-0.087
-1.267,0.828
-1.421,0.013
-1.472,0.976
-1.485,0.63
-1.49,0.129
-1.521,1.322
-1.626,-1.527
-1.678,-0.596
-1.65,-0.453
-1.8,-2.498
-2.013,-2.43
-1.983,-2.264
-2.798,-2.326
3.001,-2.438
2.89,-2.542
2.222,-2.439
2.249,-2.613
2.147,-2.532
1.555,-2.413
1.023,-2.801
0.183,-2.834
-0.054,-2.645
-0.203,-2.547
-0.559,-2.407
-0.887,-2.488
-1.242,-2.407
-2.085,1.865
-2.292,1.956
-2.637,1.906
-2.999,1.842
-3.096,1.639
-3.04,1.931
1.339,1.856
0.664,1.964
0.567,2.003
0.258,1.785
-0.266,1.71
-1.669,1.832
3.008,0.229
2.417,-2.062
1.192,-0.087
0.996,-0.01
0.636,-0.121
0.281,0.759
-0.262,-1.397
3.039,1.766
-1.774,1.618
-1.758,1.285
-1.734,-1.211
-1.87,-1.902
-2.264,-1.424
-2.17,-0.14
-2.29,1.565
-2.27,1.303
-2.17,-0.845
-2.168,0.027
-2.334,0.318
-2.289,-0.29
-2.338,-0.267
-2.483,1.493
-2.379,-0.338
-2.497,0.538
-2.538,-0.519
-2.531,-1.274
-2.412,-0.907
-2.427,-0.087
-2.481,1.698
-2.633,0.155
-2.677,1.62
-2.657,-0.096
-2.666,0.314
-2.826,-0.196
-2.727,1.543
-2.852,1.345
-3.005,0.14
3.084,0.489
2.833,-2.129
2.766,-0.445
2.864,-1.317
2.78,-0.685
2.705,1.136
2.518,-0.856
2.528,-0.436
2.474,-2.219
2.212,-0.537
2.169,1.688
2.032,-1.573
1.963,-2.286
1.862,0.939
1.41,-1.921
1.529,1.407
1.433,1.696
1.32,-0.362
1.273,-0.664
1.244,0.28
0.957,-0.691
1.0,1.612
0.83,0.643
0.626,-1.173
0.579,1.017
0.486,-2.035
0.472,1.384
0.335,0.583
0.462,1.041
0.418,0.156
0.372,-0.637
0.394,1.085
0.126,1.604
0.189,1.541
0.187,0.358
0.117,0.023
0.084,-0.109
-0.019,-0.614
-0.07,-1.123
0.009,-1.15
-0.004,-1.705
-0.243,1.188
-0.365,-1.903
-0.594,-1.333
-0.541,-1.775
-0.591,1.415
-0.77,-2.078
-0.802,-1.418
-0.721,1.366
-1.08,-2.209
-1.478,-1.929
-1.49,1.0
-1.497,-0.61
-1.641,-0.508
-1.644,-2.571
-2.235,-2.491
-2.484,-2.555
-2.558,-2.628
-2.961,-2.512
2.829,-2.45
1.278,-2.483
0.218,-2.722
0.147,-2.616
0.257,-2.74
-0.289,-2.671
-0.207,-2.338
-0.303,-2.378
-0.516,-2.647
-1.086,-2.518
-1.362,-2.784
-2.001,1.903
-1.999,1.972
-2.225,1.952
2.85,1.97
1.997,1.95
1.543,1.966
1.292,1.956
0.736,1.778
0.706,1.841
0.605,1.922
-0.464,1.956
-0.656,1.889
-2.643,1.223
-2.951,-0.698
3.063,-0.679
2.416,-0.707
0.852,0.668
0.729,-0.568
0.54,-1.292
0.164,-0.535
0.205,-0.389
0.119,-0.645
-1.372,-2.25
-2.228,0.65
-2.598,-1.828
2.083,-0.786
0.654,0.087
0.467,1.222
-0.033,-1.603
-0.328,0.081
-2.939,0.379
3.068,-0.987
0.175,0.449
-0.028,-1.933
-0.126,0.492
-0.768,-1.074
-2.785,-2.175
0.31,1.448
0.383,-2.03
1.993,-2.782
-0.051,1.001
-0.084,-0.164
-0.129,0.848
-0.204,2.512
-0.205,0.82
-0.181,1.065
-0.265,1.603
-0.203,1.056
-0.364,2.551
-0.306,2.25
-0.44,1.974
-0.391,-0.263
-0.368,-0.197
-0.428,-0.61
-0.531,3.155
-0.543,2.027
-0.472,3.169
-0.655,0.178
-0.592,2.534
-0.676,0.208
-0.766,2.93
-0.804,-0.67
-0.904,1.086
-0.844,-0.211
-0.948,-0.559
-1.133,-0.802
-1.288,1.367
-1.276,2.282
-1.43,1.467
-1.481,2.43
-1.494,2.084
-1.499,1.583
-1.53,2.776
-1.635,-0.073
-1.687,0.858
-1.659,1.001
-1.809,-1.044
-2.022,-0.976
-1.992,-0.81
-2.807,-0.872
2.992,-0.984
2.881,-1.088
2.213,-0.985
2.24,-1.159
2.138,-1.078
1.546,-0.959
1.014,-1.347
0.174,-1.38
-0.063,-1.191
-0.212,-1.093
-0.568,-0.953
-0.896,-1.034
-1.251,-0.953
-2.094,3.319
-2.301,3.41
-2.646,3.36
-3.008,3.296
-3.105,3.093
-3.049,3.385
1.33,3.31
0.655,3.418
0.558,3.457
0.249,3.239
-0.275,3.164
-1.678,3.286
2.999,1.683
2.408,-0.608
1.183,1.367
0.987,1.444
0.627,1.333
0.272,2.213
-0.271,0.057
3.03,3.22
-1.783,3.072
-1.767,2.739
-1.743,0.243
-1.879,-0.448
-2.273,0.03
-2.179,1.314
-2.299,3.019
-2.279,2.757
-2.179,0.609
-2.177,1.481
-2.343,1.772
-2.298,1.164
-2.347,1.187
-2.492,2.947
-2.388,1.116
-2.506,1.992
-2.547,0.935
-2.54,0.18
-2.421,0.547
-2.436,1.367
-2.49,3.152
-2.642,1.609
-2.686,3.074
-2.666,1.358
-2.675,1.768
-2.835,1.258
-2.736,2.997
-2.861,2.799
-3.014,1.594
3.075,1.943
2.824,-0.675
2.757,1.009
2.855,0.137
2.771,0.769
2.696,2.59
2.509,0.598
2.519,1.018
2.465,-0.765
2.203,0.917
2.16,3.142
2.023,-0.119
1.954,-0.832
1.853,2.393
1.401,-0.467
1.52,2.861
1.424,3.15
1.311,1.092
1.264,0.79
1.235,1.734
0.948,0.763
0.991,3.066
0.821,2.097
0.617,0.281
0.57,2.471
0.477,-0.581
0.463,2.838
0.326,2.037
0.453,2.495
0.409,1.61
0.363,0.817
0.385,2.539
0.117,3.058
0.18,2.995
0.178,1.812
0.108,1.477
0.075,1.345
-0.028,0.84
-0.079,0.331
0.0,0.304
-0.013,-0.251
-0.252,2.642
-0.374,-0.449
-0.603,0.121
-0.55,-0.321
-0.6,2.869
-0.779,-0.624
-0.811,0.036
-0.73,2.82
-1.089,-0.755
-1.487,-0.475
-1.499,2.454
-1.506,0.844
-1.65,0.946
-1.653,-1.117
-2.244,-1.037
-2.493,-1.101
-2.567,-1.174
-2.97,-1.058
2.82,-0.996
1.269,-1.029
0.209,-1.268
0.138,-1.162
0.248,-1.286
-0.298,-1.217
-0.216,-0.884
-0.312,-0.924
-0.525,-1.193
-1.095,-1.064
-1.371,-1.33
-2.01,3.357
-2.008,3.426
-2.234,3.406
2.841,3.424
1.988,3.404
1.534,3.42
1.283,3.41
0.727,3.232
0.697,3.295
0.596,3.376
-0.473,3.41
-0.665,3.343
-2.652,2.677
-2.96,0.756
3.054,0.775
2.407,0.747
0.843,2.122
0.72,0.886
0.531,0.162
0.155,0.919
0.196,1.065
0.11,0.809
-1.381,-0.796
-2.237,2.104
-2.607,-0.374
2.074,0.668
0.645,1.541
0.458,2.676
-0.042,-0.149
-0.337,1.535
-2.948,1.833
3.059,0.467
0.166,1.903
-0.037,-0.479
-0.135,1.946
-0.777,0.38
-2.794,-0.721
0.301,2.902
0.374,-0.576
1.984,-1.328
-0.033,-1.165
-0.078,-0.153
-0.153,1.511
-0.154,-0.181
-0.13,0.064
-0.214,0.602
-0.152,0.055
-0.313,1.55
-0.255,1.249
-0.389,0.973
-0.34,-1.264
-0.317,-1.198
-0.377,-1.611
-0.48,2.154
-0.492,1.026
-0.421,2.168
-0.604,-0.823
-0.541,1.533
-0.625,-0.793
-0.715,1.929
-0.753,-1.671
-0.853,0.085
-0.793,-1.212
-0.897,-1.56
-1.082,-1.803
-1.237,0.366
-1.225,1.281
-1.379,0.466
-1.43,1.429
-1.443,1.083
-1.448,0.582
-1.479,1.775
-1.584,-1.074
-1.636,-0.143
-1.608,0.0
-1.758,-2.045
-1.971,-1.977
-1.941,-1.811
-2.756,-1.873
3.043,-1.985
2.932,-2.089
2.264,-1.986
2.291,-2.16
2.189,-2.079
1.597,-1.96
1.065,-2.348
0.225,-2.381
-0.012,-2.192
-0.161,-2.094
-0.517,-1.954
-0.845,-2.035
-1.2,-1.954
-2.043,2.318
-2.25,2.409
-2.595,2.359
-2.957,2.295
-3.054,2.092
-2.998,2.384
1.381,2.309
0.706,2.417
0.609,2.456
0.3,2.238
-0.224,2.163
-1.627,2.285
3.05,0.682
2.459,-1.609
1.234,0.366
1.038,0.443
0.678,0.332
0.323,1.212
-0.22,-0.944
3.081,2.219
-1.732,2.071
-1.716,1.738
-1.692,-0.758
-1.828,-1.449
-2.222,-0.971
-2.128,0.313
-2.248,2.018
-2.228,1.756
-2.128,-0.392
-2.126,0.48
-2.292,0.771
-2.247,0.163
-2.296,0.186
-2.441,1.946
-2.337,0.115
-2.455,0.991
-2.496,-0.066
-2.489,-0.821
-2.37,-0.454
-2.385,0.366
-2.439,2.151
-2.591,0.608
-2.635,2.073
-2.615,0.357
-2.624,0.767
-2.784,0.257
-2.685,1.996
-2.81,1.798
-2.963,0.593
3.126,0.942
2.875,-1.676
2.808,0.008
2.906,-0.864
2.822,-0.232
2.747,1.589
2.56,-0.403
2.57,0.017
2.516,-1.766
2.254,-0.084
2.211,2.141
2.074,-1.12
2.005,-1.833
1.904,1.392
1.452,-1.468
1.571,1.86
1.475,2.149
1.362,0.091
1.315,-0.211
1.286,0.733
0.999,-0.238
1.042,2.065
0.872,1.096
0.668,-0.72
0.621,1.47
0.528,-1.582
0.514,1.837
0.377,1.036
0.504,1.494
0.46,0.609
0.414,-0.184
0.436,1.538
0.168,2.057
0.231,1.994
0.229,0.811
0.159,0.476
0.126,0.344
0.023,-0.161
-0.028,-0.67
0.051,-0.697
0.038,-1.252
-0.201,1.641
-0.323,-1.45
-0.552,-0.88
-0.499,-1.322
-0.549,1.868
-0.728,-1.625
-0.76,-0.965
-0.679,1.819
-1.038,-1.756
-1.436,-1.476
-1.448,1.453
-1.455,-0.157
-1.599,-0.055
-1.602,-2.118
-2.193,-2.038
-2.442,-2.102
-2.516,-2.175
-2.919,-2.059
2.871,-1.997
1.32,-2.03
0.26,-2.269
0.189,-2.163
0.299,-2.287
-0.247,-2.218
-0.165,-1.885
-0.261,-1.925
-0.474,-2.194
-1.044,-2.065
-1.32,-2.331
-1.959,2.356
-1.957,2.425
-2.183,2.405
2.892,2.423
2.039,2.403
1.585,2.419
1.334,2.409
0.778,2.231
0.748,2.294
0.647,2.375
-0.422,2.409
-0.614,2.342
-2.601,1.676
-2.909,-0.245
3.105,-0.226
2.458,-0.254
0.894,1.121
0.771,-0.115
0.582,-0.839
0.206,-0.082
0.247,0.064
0.161,-0.192
-1.33,-1.797
-2.186,1.103
-2.556,-1.375
2.125,-0.333
0.696,0.54
0.509,1.675
0.009,-1.15
-0.286,0.534
-2.897,0.832
3.11,-0.534
0.217,0.902
0.014,-1.48
-0.084,0.945
-0.726,-0.621
-2.743,-1.722
0.352,1.901
0.425,-1.577
2.035,-2.329
-0.045,1.012
-0.12,2.676
-0.121,0.984
-0.097,1.229
-0.181,1.767
-0.119,1.22
-0.28,2.715
-0.222,2.414
-0.356,2.138
-0.307,-0.099
-0.284,-0.033
-0.344,-0.446
-0.447,3.319
-0.459,2.191
-0.388,3.333
-0.571,0.342
-0.508,2.698
-0.592,0.372
-0.682,3.094
-0.72,-0.506
-0.82,1.25
-0.76,-0.047
-0.864,-0.395
-1.049,-0.638
-1.204,1.531
-1.192,2.446
-1.346,1.631
-1.397,2.594
-1.41,2.248
-1.415,1.747
-1.446,2.94
-1.551,0.091
-1.603,1.022
-1.575,1.165
-1.725,-0.88
-1.938,-0.812
-1.908,-0.646
-2.723,-0.708
3.076,-0.82
2.965,-0.924
2.297,-0.821
2.324,-0.995
2.222,-0.914
1.63,-0.795
1.098,-1.183
0.258,-1.216
0.021,-1.027
-0.128,-0.929
-0.484,-0.789
-0.812,-0.87
-1.167,-0.789
-2.01,3.483
-2.217,3.574
-2.562,3.524
-2.924,3.46
-3.021,3.257
-2.965,3.549
1.414,3.474
0.739,3.582
0.642,3.621
0.333,3.403
-0.191,3.328
-1.594,3.45
3.083,1.847
2.492,-0.444
1.267,1.531
1.071,1.608
0.711,1.497
0.356,2.377
-0.187,0.221
3.114,3.384
-1.699,3.236
-1.683,2.903
-1.659,0.407
-1.795,-0.284
-2.189,0.194
-2.095,1.478
-2.215,3.183
-2.195,2.921
-2.095,0.773
-2.093,1.645
-2.259,1.936
-2.214,1.328
-2.263,1.351
-2.408,3.111
-2.304,1.28
-2.422,2.156
-2.463,1.099
-2.456,0.344
-2.337,0.711
-2.352,1.531
-2.406,3.316
-2.558,1.773
-2.602,3.238
-2.582,1.522
-2.591,1.932
-2.751,1.422
-2.652,3.161
-2.777,2.963
-2.93,1.758
-3.124,2.107
2.908,-0.511
2.841,1.173
2.939,0.301
2.855,0.933
2.78,2.754
2.593,0.762
2.603,1.182
2.549,-0.601
2.287,1.081
2.244,3.306
2.107,0.045
2.038,-0.668
1.937,2.557
1.485,-0.303
1.604,3.025
1.508,3.314
1.395,1.256
1.348,0.954
1.319,1.898
1.032,0.927
1.075,3.23
0.905,2.261
0.701,0.445
0.654,2.635
0.561,-0.417
0.547,3.002
0.41,2.201
0.537,2.659
0.493,1.774
0.447,0.981
0.469,2.703
0.201,3.222
0.264,3.159
0.262,1.976
0.192,1.641
0.159,1.509
0.056,1.004
0.005,0.495
0.084,0.468
0.071,-0.087
-0.168,2.806
-0.29,-0.285
-0.519,0.285
-0.466,-0.157
-0.516,3.033
-0.695,-0.46
-0.727,0.2
-0.646,2.984
-1.005,-0.591
-1.403,-0.311
-1.415,2.618
-1.422,1.008
-1.566,1.11
-1.569,-0.953
-2.16,-0.873
-2.409,-0.937
-2.483,-1.01
-2.886,-0.894
2.904,-0.832
1.353,-0.865
0.293,-1.104
0.222,-0.998
0.332,-1.122
-0.214,-1.053
-0.132,-0.72
-0.228,-0.76
-0.441,-1.029
-1.011,-0.9
-1.287,-1.166
-1.926,3.521
-1.924,3.59
-2.15,3.57
2.925,3.588
2.072,3.568
1.618,3.584
1.367,3.574
0.811,3.396
0.781,3.459
0.68,3.54
-0.389,3.574
-0.581,3.507
-2.568,2.841
-2.876,0.92
3.138,0.939
2.491,0.911
0.927,2.286
0.804,1.05
0.615,0.326
0.239,1.083
0.28,1.229
0.194,0.973
-1.297,-0.632
-2.153,2.268
-2.523,-0.21
2.158,0.832
0.729,1.705
0.542,2.84
0.042,0.015
-0.253,1.699
-2.864,1.997
-3.14,0.631
0.25,2.067
0.047,-0.315
-0.051,2.11
-0.693,0.544
-2.71,-0.557
0.385,3.066
0.458,-0.412
2.068,-1.164
-0.075,1.664
-0.076,-0.028
-0.052,0.217
-0.136,0.755
-0.074,0.208
-0.235,1.703
-0.177,1.402
-0.311,1.126
-0.262,-1.111
-0.239,-1.045
-0.299,-1.458
-0.402,2.307
-0.414,1.179
-0.343,2.321
-0.526,-0.67
-0.463,1.686
-0.547,-0.64
-0.637,2.082
-0.675,-1.518
-0.775,0.238
-0.715,-1.059
-0.819,-1.407
-1.004,-1.65
-1.159,0.519
-1.147,1.434
-1.301,0.619
-1.352,1.582
-1.365,1.236
-1.37,0.735
-1.401,1.928
-1.506,-0.921
-1.558,0.01
-1.53,0.153
-1.68,-1.892
-1.893,-1.824
-1.863,-1.658
-2.678,-1.72
3.121,-1.832
3.01,-1.936
2.342,-1.833
2.369,-2.007
2.267,-1.926
1.675,-1.807
1.143,-2.195
0.303,-2.228
0.066,-2.039
-0.083,-1.941
-0.439,-1.801
-0.767,-1.882
-1.122,-1.801
-1.965,2.471
-2.172,2.562
-2.517,2.512
-2.879,2.448
-2.976,2.245
-2.92,2.537
1.459,2.462
0.784,2.57
0.687,2.609
0.378,2.391
-0.146,2.316
-1.549,2.438
3.128,0.835
2.537,-1.456
1.312,0.519
1.116,0.596
0.756,0.485
0.401,1.365
-0.142,-0.791
-3.124,2.372
-1.654,2.224
-1.638,1.891
-1.614,-0.605
-1.75,-1.296
-2.144,-0.818
-2.05,0.466
-2.17,2.171
-2.15,1.909
-2.05,-0.239
-2.048,0.633
-2.214,0.924
-2.169,0.316
-2.218,0.339
-2.363,2.099
-2.259,0.268
-2.377,1.144
-2.418,0.087
-2.411,-0.668
-2.292,-0.301
-2.307,0.519
-2.361,2.304
-2.513,0.761
-2.557,2.226
-2.537,0.51
-2.546,0.92
-2.706,0.41
-2.607,2.149
-2.732,1.951
-2.885,0.746
-3.079,1.095
2.953,-1.523
2.886,0.161
2.984,-0.711
2.9,-0.079
2.825,1.742
2.638,-0.25
2.648,0.17
2.594,-1.613
2.332,0.069
2.289,2.294
2.152,-0.967
2.083,-1.68
1.982,1.545
1.53,-1.315
1.649,2.013
1.553,2.302
1.44,0.244
1.393,-0.058
1.364,0.886
1.077,-0.085
1.12,2.218
0.95,1.249
0.746,-0.567
0.699,1.623
0.606,-1.429
0.592,1.99
0.455,1.189
0.582,1.647
0.538,0.762
0.492,-0.031
0.514,1.691
0.246,2.21
0.309,2.147
0.307,0.964
0.237,0.629
0.204,0.497
0.101,-0.008
0.05,-0.517
0.129,-0.544
0.116,-1.099
-0.123,1.794
-0.245,-1.297
-0.474,-0.727
-0.421,-1.169
-0.471,2.021
-0.65,-1.472
-0.682,-0.812
-0.601,1.972
-0.96,-1.603
-1.358,-1.323
-1.37,1.606
-1.377,-0.004
-1.521,0.098
-1.524,-1.965
-2.115,-1.885
-2.364,-1.949
-2.438,-2.022
-2.841,-1.906
2.949,-1.844
1.398,-1.877
0.338,-2.116
0.267,-2.01
0.377,-2.134
-0.169,-2.065
-0.087,-1.732
-0.183,-1.772
-0.396,-2.041
-0.966,-1.912
-1.242,-2.178
-1.881,2.509
-1.879,2.578
-2.105,2.558
2.97,2.576
2.117,2.556
1.663,2.572
1.412,2.562
0.856,2.384
0.826,2.447
0.725,2.528
-0.344,2.562
-0.536,2.495
-2.523,1.829
-2.831,-0.092
-3.1,-0.073
2.536,-0.101
0.972,1.274
0.849,0.038
0.66,-0.686
0.284,0.071
0.325,0.217
0.239,-0.039
-1.252,-1.644
-2.108,1.256
-2.478,-1.222
2.203,-0.18
0.774,0.693
0.587,1.828
0.087,-0.997
-0.208,0.687
-2.819,0.985
-3.095,-0.381
0.295,1.055
0.092,-1.327
-0.006,1.098
-0.648,-0.468
-2.665,-1.569
0.43,2.054
0.503,-1.424
2.113,-2.176
-0.001,-1.692
0.023,-1.447
-0.061,-0.909
0.001,-1.456
-0.16,0.039
-0.102,-0.262
-0.236,-0.538
-0.187,-2.775
-0.164,-2.709
-0.224,-3.122
-0.327,0.643
-0.339,-0.485
-0.268,0.657
-0.451,-2.334
-0.388,0.022
-0.472,-2.304
-0.562,0.418
-0.6,-3.182
-0.7,-1.426
-0.64,-2.723
-0.744,-3.071
-0.929,-3.314
-1.084,-1.145
-1.072,-0.23
-1.226,-1.045
-1.277,-0.082
-1.29,-0.428
-1.295,-0.929
-1.326,0.264
-1.431,-2.585
-1.483,-1.654
-1.455,-1.511
-1.605,-3.556
-1.818,-3.488
-1.788,-3.322
-2.603,-3.384
-3.087,-3.496
3.085,-3.6
2.417,-3.497
2.444,-3.671
2.342,-3.59
1.75,-3.471
1.218,-3.859
0.378,-3.892
0.141,-3.703
-0.008,-3.605
-0.364,-3.465
-0.692,-3.546
-1.047,-3.465
-1.89,0.807
-2.097,0.898
-2.442,0.848
-2.804,0.784
-2.901,0.581
-2.845,0.873
1.534,0.798
0.859,0.906
0.762,0.945
0.453,0.727
-0.071,0.652
-1.474,0.774
-3.08,-0.829
2.612,-3.12
1.387,-1.145
1.191,-1.068
0.831,-1.179
0.476,-0.299
-0.067,-2.455
-3.049,0.708
-1.579,0.56
-1.563,0.227
-1.539,-2.269
-1.675,-2.96
-2.069,-2.482
-1.975,-1.198
-2.095,0.507
-2.075,0.245
-1.975,-1.903
-1.973,-1.031
-2.139,-0.74
-2.094,-1.348
-2.143,-1.325
-2.288,0.435
-2.184,-1.396
-2.302,-0.52
-2.343,-1.577
-2.336,-2.332
-2.217,-1.965
-2.232,-1.145
-2.286,0.64
-2.438,-0.903
-2.482,0.562
-2.462,-1.154
-2.471,-0.744
-2.631,-1.254
-2.532,0.485
-2.657,0.287
-2.81,-0.918
-3.004,-0.569
3.028,-3.187
2.961,-1.503
3.059,-2.375
2.975,-1.743
2.9,0.078
2.713,-1.914
2.723,-1.494
2.669,-3.277
2.407,-1.595
2.364,0.63
2.227,-2.631
2.158,-3.344
2.057,-0.119
1.605,-2.979
1.724,0.349
1.628,0.638
1.515,-1.42
1.468,-1.722
1.439,-0.778
1.152,-1.749
1.195,0.554
1.025,-0.415
0.821,-2.231
0.774,-0.041
0.681,-3.093
0.667,0.326
0.53,-0.475
0.657,-0.017
0.613,-0.902
0.567,-1.695
0.589,0.027
0.321,0.546
0.384,0.483
0.382,-0.7
0.312,-1.035
0.279,-1.167
0.176,-1.672
0.125,-2.181
0.204,-2.208
0.191,-2.763
-0.048,0.13
-0.17,-2.961
-0.399,-2.391
-0.346,-2.833
-0.396,0.357
-0.575,-3.136
-0.607,-2.476
-0.526,0.308
-0.885,-3.267
-1.283,-2.987
-1.295,-0.058
-1.302,-1.668
-1.446,-1.566
-1.449,-3.629
-2.04,-3.549
-2.289,-3.613
-2.363,-3.686
-2.766,-3.57
3.024,-3.508
1.473,-3.541
0.413,-3.78
0.342,-3.674
0.452,-3.798
-0.094,-3.729
-0.012,-3.396
-0.108,-3.436
-0.321,-3.705
-0.891,-3.576
-1.167,-3.842
-1.806,0.845
-1.804,0.914
-2.03,0.894
3.045,0.912
2.192,0.892
1.738,0.908
1.487,0.898
0.931,0.72
0.901,0.783
0.8,0.864
-0.269,0.898
-0.461,0.831
-2.448,0.165
-2.756,-1.756
-3.025,-1.737
2.611,-1.765
1.047,-0.39
0.924,-1.626
0.735,-2.35
0.359,-1.593
0.4,-1.447
0.314,-1.703
-1.177,-3.308
-2.033,-0.408
-2.403,-2.886
2.278,-1.844
0.849,-0.971
0.662,0.164
0.162,-2.661
-0.133,-0.977
-2.744,-0.679
-3.02,-2.045
0.37,-0.609
0.167,-2.991
0.069,-0.566
-0.573,-2.132
-2.59,-3.233
0.505,0.39
0.578,-3.088
2.188,-3.84
0.024,0.245
-0.06,0.783
0.002,0.236
-0.159,1.731
-0.101,1.43
-0.235,1.154
-0.186,-1.083
-0.163,-1.017
-0.223,-1.43
-0.326,2.335
-0.338,1.207
-0.267,2.349
-0.45,-0.642
-0.387,1.714
-0.471,-0.612
-0.561,2.11
-0.599,-1.49
-0.699,0.266
-0.639,-1.031
-0.743,-1.379
-0.928,-1.622
-1.083,0.547
-1.071,1.462
-1.225,0.647
-1.276,1.61
-1.289,1.264
-1.294,0.763
-1.325,1.956
-1.43,-0.893
-1.482,0.038
-1.454,0.181
-1.604,-1.864
-1.817,-1.796
-1.787,-1.63
-2.602,-1.692
-3.086,-1.804
3.086,-1.908
2.418,-1.805
2.445,-1.979
2.343,-1.898
1.751,-1.779
1.219,-2.167
0.379,-2.2
0.142,-2.011
-0.007,-1.913
-0.363,-1.773
-0.691,-1.854
-1.046,-1.773
-1.889,2.499
-2.096,2.59
-2.441,2.54
-2.803,2.476
-2.9,2.273
-2.844,2.565
1.535,2.49
0.86,2.598
0.763,2.637
0.454,2.419
-0.07,2.344
-1.473,2.466
-3.079,0.863
2.613,-1.428
1.388,0.547
1.192,0.624
0.832,0.513
0.477,1.393
-0.066,-0.763
-3.048,2.4
-1.578,2.252
-1.562,1.919
-1.538,-0.577
-1.674,-1.268
-2.068,-0.79
-1.974,0.494
-2.094,2.199
-2.074,1.937
-1.974,-0.211
-1.972,0.661
-2.138,0.952
-2.093,0.344
-2.142,0.367
-2.287,2.127
-2.183,0.296
-2.301,1.172
-2.342,0.115
-2.335,-0.64
-2.216,-0.273
-2.231,0.547
-2.285,2.332
-2.437,0.789
-2.481,2.254
-2.461,0.538
-2.47,0.948
-2.63,0.438
-2.531,2.177
-2.656,1.979
-2.809,0.774
-3.003,1.123
3.029,-1.495
2.962,0.189
3.06,-0.683
2.976,-0.051
2.901,1.77
2.714,-0.222
2.724,0.198
2.67,-1.585
2.408,0.097
2.365,2.322
2.228,-0.939
2.159,-1.652
2.058,1.573
1.606,-1.287
1.725,2.041
1.629,2.33
1.516,0.272
1.469,-0.03
1.44,0.914
1.153,-0.057
1.196,2.246
1.026,1.277
0.822,-0.539
0.775,1.651
0.682,-1.401
0.668,2.018
0.531,1.217
0.658,1.675
0.614,0.79
0.568,-0.003
0.59,1.719
0.322,2.238
0.385,2.175
0.383,0.992
0.313,0.657
0.28,0.525
0.177,0.02
0.126,-0.489
0.205,-0.516
0.192,-1.071
-0.047,1.822
-0.169,-1.269
-0.398,-0.699
-0.345,-1.141
-0.395,2.049
-0.574,-1.444
-0.606,-0.784
-0.525,2.0
-0.884,-1.575
-1.282,-1.295
-1.294,1.634
-1.301,0.024
-1.445,0.126
-1.448,-1.937
-2.039,-1.857
-2.288,-1.921
-2.362,-1.994
-2.765,-1.878
3.025,-1.816
1.474,-1.849
0.414,-2.088
0.343,-1.982
0.453,-2.106
-0.093,-2.037
-0.011,-1.704
-0.107,-1.744
-0.32,-2.013
-0.89,-1.884
-1.166,-2.15
-1.805,2.537
-1.803,2.606
-2.029,2.586
3.046,2.604
2.193,2.584
1.739,2.6
1.488,2.59
0.932,2.412
0.902,2.475
0.801,2.556
-0.268,2.59
-0.46,2.523
-2.447,1.857
-2.755,-0.064
-3.024,-0.045
2.612,-0.073
1.048,1.302
0.925,0.066
0.736,-0.658
0.36,0.099
0.401,0.245
0.315,-0.011
-1.176,-1.616
-2.032,1.284
-2.402,-1.194
2.279,-0.152
0.85,0.721
0.663,1.856
0.163,-0.969
-0.132,0.715
-2.743,1.013
-3.019,-0.353
0.371,1.083
0.168,-1.299
0.07,1.126
-0.572,-0.44
-2.589,-1.541
0.506,2.082
0.579,-1.396
2.189,-2.148
-0.084,0.538
-0.022,-0.009
-0.183,1.486
-0.125,1.185
-0.259,0.909
-0.21,-1.328
-0.187,-1.262
-0.247,-1.675
-0.35,2.09
-0.362,0.962
-0.291,2.104
-0.474,-0.887
-0.411,1.469
-0.495,-0.857
-0.585,1.865
-0.623,-1.735
-0.723,0.021
-0.663,-1.276
-0.767,-1.624
-0.952,-1.867
-1.107,0.302
-1.095,1.217
-1.249,0.402
-1.3,1.365
-1.313,1.019
-1.318,0.518
-1.349,1.711
-1.454,-1.138
-1.506,-0.207
-1.478,-0.064
-1.628,-2.109
-1.841,-2.041
-1.811,-1.875
-2.626,-1.937
-3.11,-2.049
3.062,-2.153
2.394,-2.05
2.421,-2.224
2.319,-2.143
1.727,-2.024
1.195,-2.412
0.355,-2.445
0.118,-2.256
-0.031,-2.158
-0.387,-2.018
-0.715,-2.099
-1.07,-2.018
-1.913,2.254
-2.12,2.345
-2.465,2.295
-2.827,2.231
-2.924,2.028
-2.868,2.32
1.511,2.245
0.836,2.353
0.739,2.392
0.43,2.174
-0.094,2.099
-1.497,2.221
-3.103,0.618
2.589,-1.673
1.364,0.302
1.168,0.379
0.808,0.268
0.453,1.148
-0.09,-1.008
-3.072,2.155
-1.602,2.007
-1.586,1.674
-1.562,-0.822
-1.698,-1.513
-2.092,-1.035
-1.998,0.249
-2.118,1.954
-2.098,1.692
-1.998,-0.456
-1.996,0.416
-2.162,0.707
-2.117,0.099
-2.166,0.122
-2.311,1.882
-2.207,0.051
-2.325,0.927
-2.366,-0.13
-2.359,-0.885
-2.24,-0.518
-2.255,0.302
-2.309,2.087
-2.461,0.544
-2.505,2.009
-2.485,0.293
-2.494,0.703
-2.654,0.193
-2.555,1.932
-2.68,1.734
-2.833,0.529
-3.027,0.878
3.005,-1.74
2.938,-0.056
3.036,-0.928
2.952,-0.296
2.877,1.525
2.69,-0.467
2.7,-0.047
2.646,-1.83
2.384,-0.148
2.341,2.077
2.204,-1.184
2.135,-1.897
2.034,1.328
1.582,-1.532
1.701,1.796
1.605,2.085
1.492,0.027
1.445,-0.275
1.416,0.669
1.129,-0.302
1.172,2.001
1.002,1.032
0.798,-0.784
0.751,1.406
0.658,-1.646
0.644,1.773
0.507,0.972
0.634,1.43
0.59,0.545
0.544,-0.248
0.566,1.474
0.298,1.993
0.361,1.93
0.359,0.747
0.289,0.412
0.256,0.28
0.153,-0.225
0.102,-0.734
0.181,-0.761
0.168,-1.316
-0.071,1.577
-0.193,-1.514
-0.422,-0.944
-0.369,-1.386
-0.419,1.804
-0.598,-1.689
-0.63,-1.029
-0.549,1.755
-0.908,-1.82
-1.306,-1.54
-1.318,1.389
-1.325,-0.221
-1.469,-0.119
-1.472,-2.182
-2.063,-2.102
-2.312,-2.166
-2.386,-2.239
-2.789,-2.123
3.001,-2.061
1.45,-2.094
0.39,-2.333
0.319,-2.227
0.429,-2.351
-0.117,-2.282
-0.035,-1.949
-0.131,-1.989
-0.344,-2.258
-0.914,-2.129
-1.19,-2.395
-1.829,2.292
-1.827,2.361
-2.053,2.341
3.022,2.359
2.169,2.339
1.715,2.355
1.464,2.345
0.908,2.167
0.878,2.23
0.777,2.311
-0.292,2.345
-0.484,2.278
-2.471,1.612
-2.779,-0.309
-3.048,-0.29
2.588,-0.318
1.024,1.057
0.901,-0.179
0.712,-0.903
0.336,-0.146
0.377,0.0
0.291,-0.256
-1.2,-1.861
-2.056,1.039
-2.426,-1.439
2.255,-0.397
0.826,0.476
0.639,1.611
0.139,-1.214
-0.156,0.47
-2.767,0.768
-3.043,-0.598
0.347,0.838
0.144,-1.544
0.046,0.881
-0.596,-0.685
-2.613,-1.786
0.482,1.837
0.555,-1.641
2.165,-2.393
0.062,-0.547
-0.099,0.948
-0.041,0.647
-0.175,0.371
-0.126,-1.866
-0.103,-1.8
-0.163,-2.213
-0.266,1.552
-0.278,0.424
-0.207,1.566
-0.39,-1.425
-0.327,0.931
-0.411,-1.395
-0.501,1.327
-0.539,-2.273
-0.639,-0.517
-0.579,-1.814
-0.683,-2.162
-0.868,-2.405
-1.023,-0.236
-1.011,0.679
-1.165,-0.136
-1.216,0.827
-1.229,0.481
-1.234,-0.02
-1.265,1.173
-1.37,-1.676
-1.422,-0.745
-1.394,-0.602
-1.544,-2.647
-1.757,-2.579
-1.727,-2.413
-2.542,-2.475
-3.026,-2.587
-3.137,-2.691
2.478,-2.588
2.505,-2.762
2.403,-2.681
1.811,-2.562
1.279,-2.95
0.439,-2.983
0.202,-2.794
0.053,-2.696
-0.303,-2.556
-0.631,-2.637
-0.986,-2.556
-1.829,1.716
-2.036,1.807
-2.381,1.757
-2.743,1.693
-2.84,1.49
-2.784,1.782
1.595,1.707
0.92,1.815
0.823,1.854
0.514,1.636
-0.01,1.561
-1.413,1.683
-3.019,0.08
2.673,-2.211
1.448,-0.236
1.252,-0.159
0.892,-0.27
0.537,0.61
-0.006,-1.546
-2.988,1.617
-1.518,1.469
-1.502,1.136
-1.478,-1.36
-1.614,-2.051
-2.008,-1.573
-1.914,-0.289
-2.034,1.416
-2.014,1.154
-1.914,-0.994
-1.912,-0.122
-2.078,0.169
-2.033,-0.439
-2.082,-0.416
-2.227,1.344
-2.123,-0.487
-2.241,0.389
-2.282,-0.668
-2.275,-1.423
-2.156,-1.056
-2.171,-0.236
-2.225,1.549
-2.377,0.006
-2.421,1.471
-2.401,-0.245
-2.41,0.165
-2.57,-0.345
-2.471,1.394
-2.596,1.196
-2.749,-0.009
-2.943,0.34
3.089,-2.278
3.022,-0.594
3.12,-1.466
3.036,-0.834
2.961,0.987
2.774,-1.005
2.784,-0.585
2.73,-2.368
2.468,-0.686
2.425,1.539
2.288,-1.722
2.219,-2.435
2.118,0.79
1.666,-2.07
1.785,1.258
1.689,1.547
1.576,-0.511
1.529,-0.813
1.5,0.131
1.213,-0.84
1.256,1.463
1.086,0.494
0.882,-1.322
0.835,0.868
0.742,-2.184
0.728,1.235
0.591,0.434
0.718,0.892
0.674,0.007
0.628,-0.786
0.65,0.936
0.382,1.455
0.445,1.392
0.443,0.209
0.373,-0.126
0.34,-0.258
0.237,-0.763
0.186,-1.272
0.265,-1.299
0.252,-1.854
0.013,1.039
-0.109,-2.052
-0.338,-1.482
-0.285,-1.924
-0.335,1.266
-0.514,-2.227
-0.546,-1.567
-0.465,1.217
-0.824,-2.358
-1.222,-2.078
-1.234,0.851
-1.241,-0.759
-1.385,-0.657
-1.388,-2.72
-1.979,-2.64
-2.228,-2.704
-2.302,-2.777
-2.705,-2.661
3.085,-2.599
1.534,-2.632
0.474,-2.871
0.403,-2.765
0.513,-2.889
-0.033,-2.82
0.049,-2.487
-0.047,-2.527
-0.26,-2.796
-0.83,-2.667
-1.106,-2.933
-1.745,1.754
-1.743,1.823
-1.969,1.803
3.106,1.821
2.253,1.801
1.799,1.817
1.548,1.807
0.992,1.629
0.962,1.692
0.861,1.773
-0.208,1.807
-0.4,1.74
-2.387,1.074
-2.695,-0.847
-2.964,-0.828
2.672,-0.856
1.108,0.519
0.985,-0.717
0.796,-1.441
0.42,-0.684
0.461,-0.538
0.375,-0.794
-1.116,-2.399
-1.972,0.501
-2.342,-1.977
2.339,-0.935
0.91,-0.062
0.723,1.073
0.223,-1.752
-0.072,-0.068
-2.683,0.23
-2.959,-1.136
0.431,0.3
0.228,-2.082
0.13,0.343
-0.512,-1.223
-2.529,-2.324
0.566,1.299
0.639,-2.179
2.249,-2.931
-0.161,1.495
-0.103,1.194
-0.237,0.918
-0.188,-1.319
-0.165,-1.253
-0.225,-1.666
-0.328,2.099
-0.34,0.971
-0.269,2.113
-0.452,-0.878
-0.389,1.478
-0.473,-0.848
-0.563,1.874
-0.601,-1.726
-0.701,0.03
-0.641,-1.267
-0.745,-1.615
-0.93,-1.858
-1.085,0.311
-1.073,1.226
-1.227,0.411
-1.278,1.374
-1.291,1.028
-1.296,0.527
-1.327,1.72
-1.432,-1.129
-1.484,-0.198
-1.456,-0.055
-1.606,-2.1
-1.819,-2.032
-1.789,-1.866
-2.604,-1.928
-3.088,-2.04
3.084,-2.144
2.416,-2.041
2.443,-2.215
2.341,-2.134
1.749,-2.015
1.217,-2.403
0.377,-2.436
0.14,-2.247
-0.009,-2.149
-0.365,-2.009
-0.693,-2.09
-1.048,-2.009
-1.891,2.263
-2.098,2.354
-2.443,2.304
-2.805,2.24
-2.902,2.037
-2.846,2.329
1.533,2.254
0.858,2.362
0.761,2.401
0.452,2.183
-0.072,2.108
-1.475,2.23
-3.081,0.627
2.611,-1.664
1.386,0.311
1.19,0.388
0.83,0.277
0.475,1.157
-0.068,-0.999
-3.05,2.164
-1.58,2.016
-1.564,1.683
-1.54,-0.813
-1.676,-1.504
-2.07,-1.026
-1.976,0.258
-2.096,1.963
-2.076,1.701
-1.976,-0.447
-1.974,0.425
-2.14,0.716
-2.095,0.108
-2.144,0.131
-2.289,1.891
-2.185,0.06
-2.303,0.936
-2.344,-0.121
-2.337,-0.876
-2.218,-0.509
-2.233,0.311
-2.287,2.096
-2.439,0.553
-2.483,2.018
-2.463,0.302
-2.472,0.712
-2.632,0.202
-2.533,1.941
-2.658,1.743
-2.811,0.538
-3.005,0.887
3.027,-1.731
2.96,-0.047
3.058,-0.919
2.974,-0.287
2.899,1.534
2.712,-0.458
2.722,-0.038
2.668,-1.821
2.406,-0.139
2.363,2.086
2.226,-1.175
2.157,-1.888
2.056,1.337
1.604,-1.523
1.723,1.805
1.627,2.094
1.514,0.036
1.467,-0.266
1.438,0.678
1.151,-0.293
1.194,2.01
1.024,1.041
0.82,-0.775
0.773,1.415
0.68,-1.637
0.666,1.782
0.529,0.981
0.656,1.439
0.612,0.554
0.566,-0.239
0.588,1.483
0.32,2.002
0.383,1.939
0.381,0.756
0.311,0.421
0.278,0.289
0.175,-0.216
0.124,-0.725
0.203,-0.752
0.19,-1.307
-0.049,1.586
-0.171,-1.505
-0.4,-0.935
-0.347,-1.377
-0.397,1.813
-0.576,-1.68
-0.608,-1.02
-0.527,1.764
-0.886,-1.811
-1.284,-1.531
-1.296,1.398
-1.303,-0.212
-1.447,-0.11
-1.45,-2.173
-2.041,-2.093
-2.29,-2.157
-2.364,-2.23
-2.767,-2.114
3.023,-2.052
1.472,-2.085
0.412,-2.324
0.341,-2.218
0.451,-2.342
-0.095,-2.273
-0.013,-1.94
-0.109,-1.98
-0.322,-2.249
-0.892,-2.12
-1.168,-2.386
-1.807,2.301
-1.805,2.37
-2.031,2.35
3.044,2.368
2.191,2.348
1.737,2.364
1.486,2.354
0.93,2.176
0.9,2.239
0.799,2.32
-0.27,2.354
-0.462,2.287
-2.449,1.621
-2.757,-0.3
-3.026,-0.281
2.61,-0.309
1.046,1.066
0.923,-0.17
0.734,-0.894
0.358,-0.137
0.399,0.009
0.313,-0.247
-1.178,-1.852
-2.034,1.048
-2.404,-1.43
2.277,-0.388
0.848,0.485
0.661,1.62
0.161,-1.205
-0.134,0.479
-2.745,0.777
-3.021,-0.589
0.369,0.847
0.166,-1.535
0.068,0.89
-0.574,-0.676
-2.591,-1.777
0.504,1.846
0.577,-1.632
2.187,-2.384
0.058,-0.301
-0.076,-0.577
-0.027,-2.814
-0.004,-2.748
-0.064,-3.161
-0.167,0.604
-0.179,-0.524
-0.108,0.618
-0.291,-2.373
-0.228,-0.017
-0.312,-2.343
-0.402,0.379
-0.44,-3.221
-0.54,-1.465
-0.48,-2.762
-0.584,-3.11
-0.769,-3.353
-0.924,-1.184
-0.912,-0.269
-1.066,-1.084
-1.117,-0.121
-1.13,-0.467
-1.135,-0.968
-1.166,0.225
-1.271,-2.624
-1.323,-1.693
-1.295,-1.55
-1.445,-3.595
-1.658,-3.527
-1.628,-3.361
-2.443,-3.423
-2.927,-3.535
-3.038,-3.639
2.577,-3.536
2.604,-3.71
2.502,-3.629
1.91,-3.51
1.378,-3.898
0.538,-3.931
0.301,-3.742
0.152,-3.644
-0.204,-3.504
-0.532,-3.585
-0.887,-3.504
-1.73,0.768
-1.937,0.859
-2.282,0.809
-2.644,0.745
-2.741,0.542
-2.685,0.834
1.694,0.759
1.019,0.867
0.922,0.906
0.613,0.688
0.089,0.613
-1.314,0.735
-2.92,-0.868
2.772,-3.159
1.547,-1.184
1.351,-1.107
0.991,-1.218
0.636,-0.338
0.093,-2.494
-2.889,0.669
-1.419,0.521
-1.403,0.188
-1.379,-2.308
-1.515,-2.999
-1.909,-2.521
-1.815,-1.237
-1.935,0.468
-1.915,0.206
-1.815,-1.942
-1.813,-1.07
-1.979,-0.779
-1.934,-1.387
-1.983,-1.364
-2.128,0.396
-2.024,-1.435
-2.142,-0.559
-2.183,-1.616
-2.176,-2.371
-2.057,-2.004
-2.072,-1.184
-2.126,0.601
-2.278,-0.942
-2.322,0.523
-2.302,-1.193
-2.311,-0.783
-2.471,-1.293
-2.372,0.446
-2.497,0.248
-2.65,-0.957
-2.844,-0.608
-3.095,-3.226
3.121,-1.542
-3.064,-2.414
3.135,-1.782
3.06,0.039
2.873,-1.953
2.883,-1.533
2.829,-3.316
2.567,-1.634
2.524,0.591
2.387,-2.67
2.318,-3.383
2.217,-0.158
1.765,-3.018
1.884,0.31
1.788,0.599
1.675,-1.459
1.628,-1.761
1.599,-0.817
1.312,-1.788
1.355,0.515
1.185,-0.454
0.981,-2.27
0.934,-0.08
0.841,-3.132
0.827,0.287
0.69,-0.514
0.817,-0.056
0.773,-0.941
0.727,-1.734
0.749,-0.012
0.481,0.507
0.544,0.444
0.542,-0.739
0.472,-1.074
0.439,-1.206
0.336,-1.711
0.285,-2.22
0.364,-2.247
0.351,-2.802
0.112,0.091
-0.01,-3.0
-0.239,-2.43
-0.186,-2.872
-0.236,0.318
-0.415,-3.175
-0.447,-2.515
-0.366,0.269
-0.725,-3.306
-1.123,-3.026
-1.135,-0.097
-1.142,-1.707
-1.286,-1.605
-1.289,-3.668
-1.88,-3.588
-2.129,-3.652
-2.203,-3.725
-2.606,-3.609
-3.099,-3.547
1.633,-3.58
0.573,-3.819
0.502,-3.713
0.612,-3.837
0.066,-3.768
0.148,-3.435
0.052,-3.475
-0.161,-3.744
-0.731,-3.615
-1.007,-3.881
-1.646,0.806
-1.644,0.875
-1.87,0.855
-3.078,0.873
2.352,0.853
1.898,0.869
1.647,0.859
1.091,0.681
1.061,0.744
0.96,0.825
-0.109,0.859
-0.301,0.792
-2.288,0.126
-2.596,-1.795
-2.865,-1.776
2.771,-1.804
1.207,-0.429
1.084,-1.665
0.895,-2.389
0.519,-1.632
0.56,-1.486
0.474,-1.742
-1.017,-3.347
-1.873,-0.447
-2.243,-2.925
2.438,-1.883
1.009,-1.01
0.822,0.125
0.322,-2.7
0.027,-1.016
-2.584,-0.718
-2.86,-2.084
0.53,-0.648
0.327,-3.03
0.229,-0.605
-0.413,-2.171
-2.43,-3.272
0.665,0.351
0.738,-3.127
2.348,-3.879
-0.134,-0.276
-0.085,-2.513
-0.062,-2.447
-0.122,-2.86
-0.225,0.905
-0.237,-0.223
-0.166,0.919
-0.349,-2.072
-0.286,0.284
-0.37,-2.042
-0.46,0.68
-0.498,-2.92
-0.598,-1.164
-0.538,-2.461
-0.642,-2.809
-0.827,-3.052
-0.982,-0.883
-0.97,0.032
-1.124,-0.783
-1.175,0.18
-1.188,-0.166
-1.193,-0.667
-1.224,0.526
-1.329,-2.323
-1.381,-1.392
-1.353,-1.249
-1.503,-3.294
-1.716,-3.226
-1.686,-3.06
-2.501,-3.122
-2.985,-3.234
-3.096,-3.338
2.519,-3.235
2.546,-3.409
2.444,-3.328
1.852,-3.209
1.32,-3.597
0.48,-3.63
0.243,-3.441
0.094,-3.343
-0.262,-3.203
-0.59,-3.284
-0.945,-3.203
-1.788,1.069
-1.995,1.16
-2.34,1.11
-2.702,1.046
-2.799,0.843
-2.743,1.135
1.636,1.06
0.961,1.168
0.864,1.207
0.555,0.989
0.031,0.914
-1.372,1.036
-2.978,-0.567
2.714,-2.858
1.489,-0.883
1.293,-0.806
0.933,-0.917
0.578,-0.037
0.035,-2.193
-2.947,0.97
-1.477,0.822
-1.461,0.489
-1.437,-2.007
-1.573,-2.698
-1.967,-2.22
-1.873,-0.936
-1.993,0.769
-1.973,0.507
-1.873,-1.641
-1.871,-0.769
-2.037,-0.478
-1.992,-1.086
-2.041,-1.063
-2.186,0.697
-2.082,-1.134
-2.2,-0.258
-2.241,-1.315
-2.234,-2.07
-2.115,-1.703
-2.13,-0.883
-2.184,0.902
-2.336,-0.641
-2.38,0.824
-2.36,-0.892
-2.369,-0.482
-2.529,-0.992
-2.43,0.747
-2.555,0.549
-2.708,-0.656
-2.902,-0.307
3.13,-2.925
3.063,-1.241
-3.122,-2.113
3.077,-1.481
3.002,0.34
2.815,-1.652
2.825,-1.232
2.771,-3.015
2.509,-1.333
2.466,0.892
2.329,-2.369
2.26,-3.082
2.159,0.143
1.707,-2.717
1.826,0.611
1.73,0.9
1.617,-1.158
1.57,-1.46
1.541,-0.516
1.254,-1.487
1.297,0.816
1.127,-0.153
0.923,-1.969
0.876,0.221
0.783,-2.831
0.769,0.588
0.632,-0.213
0.759,0.245
0.715,-0.64
0.669,-1.433
0.691,0.289
0.423,0.808
0.486,0.745
0.484,-0.438
0.414,-0.773
0.381,-0.905
0.278,-1.41
0.227,-1.919
0.306,-1.946
0.293,-2.501
0.054,0.392
-0.068,-2.699
-0.297,-2.129
-0.244,-2.571
-0.294,0.619
-0.473,-2.874
-0.505,-2.214
-0.424,0.57
-0.783,-3.005
-1.181,-2.725
-1.193,0.204
-1.2,-1.406
-1.344,-1.304
-1.347,-3.367
-1.938,-3.287
-2.187,-3.351
-2.261,-3.424
-2.664,-3.308
3.126,-3.246
1.575,-3.279
0.515,-3.518
0.444,-3.412
0.554,-3.536
0.008,-3.467
0.09,-3.134
-0.006,-3.174
-0.219,-3.443
-0.789,-3.314
-1.065,-3.58
-1.704,1.107
-1.702,1.176
-1.928,1.156
-3.136,1.174
2.294,1.154
1.84,1.17
1.589,1.16
1.033,0.982
1.003,1.045
0.902,1.126
-0.167,1.16
-0.359,1.093
-2.346,0.427
-2.654,-1.494
-2.923,-1.475
2.713,-1.503
1.149,-0.128
1.026,-1.364
0.837,-2.088
0.461,-1.331
0.502,-1.185
0.416,-1.441
-1.075,-3.046
-1.931,-0.146
-2.301,-2.624
2.38,-1.582
0.951,-0.709
0.764,0.426
0.264,-2.399
-0.031,-0.715
-2.642,-0.417
-2.918,-1.783
0.472,-0.347
0.269,-2.729
0.171,-0.304
-0.471,-1.87
-2.488,-2.971
0.607,0.652
0.68,-2.826
2.29,-3.578
0.049,-2.237
0.072,-2.171
0.012,-2.584
-0.091,1.181
-0.103,0.053
-0.032,1.195
-0.215,-1.796
-0.152,0.56
-0.236,-1.766
-0.326,0.956
-0.364,-2.644
-0.464,-0.888
-0.404,-2.185
-0.508,-2.533
-0.693,-2.776
-0.848,-0.607
-0.836,0.308
-0.99,-0.507
-1.041,0.456
-1.054,0.11
-1.059,-0.391
-1.09,0.802
-1.195,-2.047
-1.247,-1.116
-1.219,-0.973
-1.369,-3.018
-1.582,-2.95
-1.552,-2.784
-2.367,-2.846
-2.851,-2.958
-2.962,-3.062
2.653,-2.959
2.68,-3.133
2.578,-3.052
1.986,-2.933
1.454,-3.321
0.614,-3.354
0.377,-3.165
0.228,-3.067
-0.128,-2.927
-0.456,-3.008
-0.811,-2.927
-1.654,1.345
-1.861,1.436
-2.206,1.386
-2.568,1.322
-2.665,1.119
-2.609,1.411
1.77,1.336
1.095,1.444
0.998,1.483
0.689,1.265
0.165,1.19
-1.238,1.312
-2.844,-0.291
2.848,-2.582
1.623,-0.607
1.427,-0.53
1.067,-0.641
0.712,0.239
0.169,-1.917
-2.813,1.246
-1.343,1.098
-1.327,0.765
-1.303,-1.731
-1.439,-2.422
-1.833,-1.944
-1.739,-0.66
-1.859,1.045
-1.839,0.783
-1.739,-1.365
-1.737,-0.493
-1.903,-0.202
-1.858,-0.81
-1.907,-0.787
-2.052,0.973
-1.948,-0.858
-2.066,0.018
-2.107,-1.039
-2.1,-1.794
-1.981,-1.427
-1.996,-0.607
-2.05,1.178
-2.202,-0.365
-2.246,1.1
-2.226,-0.616
-2.235,-0.206
-2.395,-0.716
-2.296,1.023
-2.421,0.825
-2.574,-0.38
-2.768,-0.031
-3.019,-2.649
-3.086,-0.965
-2.988,-1.837
-3.072,-1.205
3.136,0.616
2.949,-1.376
2.959,-0.956
2.905,-2.739
2.643,-1.057
2.6,1.168
2.463,-2.093
2.394,-2.806
2.293,0.419
1.841,-2.441
1.96,0.887
1.864,1.176
1.751,-0.882
1.704,-1.184
1.675,-0.24
1.388,-1.211
1.431,1.092
1.261,0.123
1.057,-1.693
1.01,0.497
0.917,-2.555
0.903,0.864
0.766,0.063
0.893,0.521
0.849,-0.364
0.803,-1.157
0.825,0.565
0.557,1.084
0.62,1.021
0.618,-0.162
0.548,-0.497
0.515,-0.629
0.412,-1.134
0.361,-1.643
0.44,-1.67
0.427,-2.225
0.188,0.668
0.066,-2.423
-0.163,-1.853
-0.11,-2.295
-0.16,0.895
-0.339,-2.598
-0.371,-1.938
-0.29,0.846
-0.649,-2.729
-1.047,-2.449
-1.059,0.48
-1.066,-1.13
-1.21,-1.028
-1.213,-3.091
-1.804,-3.011
-2.053,-3.075
-2.127,-3.148
-2.53,-3.032
-3.023,-2.97
1.709,-3.003
0.649,-3.242
0.578,-3.136
0.688,-3.26
0.142,-3.191
0.224,-2.858
0.128,-2.898
-0.085,-3.167
-0.655,-3.038
-0.931,-3.304
-1.57,1.383
-1.568,1.452
-1.794,1.432
-3.002,1.45
2.428,1.43
1.974,1.446
1.723,1.436
1.167,1.258
1.137,1.321
1.036,1.402
-0.033,1.436
-0.225,1.369
-2.212,0.703
-2.52,-1.218
-2.789,-1.199
2.847,-1.227
1.283,0.148
1.16,-1.088
0.971,-1.812
0.595,-1.055
0.636,-0.909
0.55,-1.165
-0.941,-2.77
-1.797,0.13
-2.167,-2.348
2.514,-1.306
1.085,-0.433
0.898,0.702
0.398,-2.123
0.103,-0.439
-2.508,-0.141
-2.784,-1.507
0.606,-0.071
0.403,-2.453
0.305,-0.028
-0.337,-1.594
-2.354,-2.695
0.741,0.928
0.814,-2.55
2.424,-3.302
0.023,0.066
-0.037,-0.347
-0.14,3.418
-0.152,2.29
-0.081,3.432
-0.264,0.441
-0.201,2.797
-0.285,0.471
-0.375,3.193
-0.413,-0.407
-0.513,1.349
-0.453,0.052
-0.557,-0.296
-0.742,-0.539
-0.897,1.63
-0.885,2.545
-1.039,1.73
-1.09,2.693
-1.103,2.347
-1.108,1.846
-1.139,3.039
-1.244,0.19
-1.296,1.121
-1.268,1.264
-1.418,-0.781
-1.631,-0.713
-1.601,-0.547
-2.416,-0.609
-2.9,-0.721
-3.011,-0.825
2.604,-0.722
2.631,-0.896
2.529,-0.815
1.937,-0.696
1.405,-1.084
0.565,-1.117
0.328,-0.928
0.179,-0.83
-0.177,-0.69
-0.505,-0.771
-0.86,-0.69
-1.703,3.582
-1.91,3.673
-2.255,3.623
-2.617,3.559
-2.714,3.356
-2.658,3.648
1.721,3.573
1.046,3.681
0.949,3.72
0.64,3.502
0.116,3.427
-1.287,3.549
-2.893,1.946
2.799,-0.345
1.574,1.63
1.378,1.707
1.018,1.596
0.663,2.476
0.12,0.32
-2.862,3.483
-1.392,3.335
-1.376,3.002
-1.352,0.506
-1.488,-0.185
-1.882,0.293
-1.788,1.577
-1.908,3.282
-1.888,3.02
-1.788,0.872
-1.786,1.744
-1.952,2.035
-1.907,1.427
-1.956,1.45
-2.101,3.21
-1.997,1.379
-2.115,2.255
-2.156,1.198
-2.149,0.443
-2.03,0.81
-2.045,1.63
-2.099,3.415
-2.251,1.872
-2.295,3.337
-2.275,1.621
-2.284,2.031
-2.444,1.521
-2.345,3.26
-2.47,3.062
-2.623,1.857
-2.817,2.206
-3.068,-0.412
-3.135,1.272
-3.037,0.4
-3.121,1.032
3.087,2.853
2.9,0.861
2.91,1.281
2.856,-0.502
2.594,1.18
2.551,3.405
2.414,0.144
2.345,-0.569
2.244,2.656
1.792,-0.204
1.911,3.124
1.815,3.413
1.702,1.355
1.655,1.053
1.626,1.997
1.339,1.026
1.382,3.329
1.212,2.36
1.008,0.544
0.961,2.734
0.868,-0.318
0.854,3.101
0.717,2.3
0.844,2.758
0.8,1.873
0.754,1.08
0.776,2.802
0.508,3.321
0.571,3.258
0.569,2.075
0.499,1.74
0.466,1.608
0.363,1.103
0.312,0.594
0.391,0.567
0.378,0.012
0.139,2.905
0.017,-0.186
-0.212,0.384
-0.159,-0.058
-0.209,3.132
-0.388,-0.361
-0.42,0.299
-0.339,3.083
-0.698,-0.492
-1.096,-0.212
-1.108,2.717
-1.115,1.107
-1.259,1.209
-1.262,-0.854
-1.853,-0.774
-2.102,-0.838
-2.176,-0.911
-2.579,-0.795
-3.072,-0.733
1.66,-0.766
0.6,-1.005
0.529,-0.899
0.639,-1.023
0.093,-0.954
0.175,-0.621
0.079,-0.661
-0.134,-0.93
-0.704,-0.801
-0.98,-1.067
-1.619,3.62
-1.617,3.689
-1.843,3.669
-3.051,3.687
2.379,3.667
1.925,3.683
1.674,3.673
1.118,3.495
1.088,3.558
0.987,3.639
-0.082,3.673
-0.274,3.606
-2.261,2.94
-2.569,1.019
-2.838,1.038
2.798,1.01
1.234,2.385
1.111,1.149
0.922,0.425
0.546,1.182
0.587,1.328
0.501,1.072
-0.99,-0.533
-1.846,2.367
-2.216,-0.111
2.465,0.931
1.036,1.804
0.849,2.939
0.349,0.114
0.054,1.798
-2.557,2.096
-2.833,0.73
0.557,2.166
0.354,-0.216
0.256,2.209
-0.386,0.643
-2.403,-0.458
0.692,3.165
0.765,-0.313
2.375,-1.065
-0.06,-0.413
-0.163,3.352
-0.175,2.224
-0.104,3.366
-0.287,0.375
-0.224,2.731
-0.308,0.405
-0.398,3.127
-0.436,-0.473
-0.536,1.283
-0.476,-0.014
-0.58,-0.362
-0.765,-0.605
-0.92,1.564
-0.908,2.479
-1.062,1.664
-1.113,2.627
-1.126,2.281
-1.131,1.78
-1.162,2.973
-1.267,0.124
-1.319,1.055
-1.291,1.198
-1.441,-0.847
-1.654,-0.779
-1.624,-0.613
-2.439,-0.675
-2.923,-0.787
-3.034,-0.891
2.581,-0.788
2.608,-0.962
2.506,-0.881
1.914,-0.762
1.382,-1.15
0.542,-1.183
0.305,-0.994
0.156,-0.896
-0.2,-0.756
-0.528,-0.837
-0.883,-0.756
-1.726,3.516
-1.933,3.607
-2.278,3.557
-2.64,3.493
-2.737,3.29
-2.681,3.582
1.698,3.507
1.023,3.615
0.926,3.654
0.617,3.436
0.093,3.361
-1.31,3.483
-2.916,1.88
2.776,-0.411
1.551,1.564
1.355,1.641
0.995,1.53
0.64,2.41
0.097,0.254
-2.885,3.417
-1.415,3.269
-1.399,2.936
-1.375,0.44
-1.511,-0.251
-1.905,0.227
-1.811,1.511
-1.931,3.216
-1.911,2.954
-1.811,0.806
-1.809,1.678
-1.975,1.969
-1.93,1.361
-1.979,1.384
-2.124,3.144
-2.02,1.313
-2.138,2.189
-2.179,1.132
-2.172,0.377
-2.053,0.744
-2.068,1.564
-2.122,3.349
-2.274,1.806
-2.318,3.271
-2.298,1.555
-2.307,1.965
-2.467,1.455
-2.368,3.194
-2.493,2.996
-2.646,1.791
-2.84,2.14
-3.091,-0.478
3.125,1.206
-3.06,0.334
3.139,0.966
3.064,2.787
2.877,0.795
2.887,1.215
2.833,-0.568
2.571,1.114
2.528,3.339
2.391,0.078
2.322,-0.635
2.221,2.59
1.769,-0.27
1.888,3.058
1.792,3.347
1.679,1.289
1.632,0.987
1.603,1.931
1.316,0.96
1.359,3.263
1.189,2.294
0.985,0.478
0.938,2.668
0.845,-0.384
0.831,3.035
0.694,2.234
0.821,2.692
0.777,1.807
0.731,1.014
0.753,2.736
0.485,3.255
0.548,3.192
0.546,2.009
0.476,1.674
0.443,1.542
0.34,1.037
0.289,0.528
0.368,0.501
0.355,-0.054
0.116,2.839
-0.006,-0.252
-0.235,0.318
-0.182,-0.124
-0.232,3.066
-0.411,-0.427
-0.443,0.233
-0.362,3.017
-0.721,-0.558
-1.119,-0.278
-1.131,2.651
-1.138,1.041
-1.282,1.143
-1.285,-0.92
-1.876,-0.84
-2.125,-0.904
-2.199,-0.977
-2.602,-0.861
-3.095,-0.799
1.637,-0.832
0.577,-1.071
0.506,-0.965
0.616,-1.089
0.07,-1.02
0.152,-0.687
0.056,-0.727
-0.157,-0.996
-0.727,-0.867
-1.003,-1.133
-1.642,3.554
-1.64,3.623
-1.866,3.603
-3.074,3.621
2.356,3.601
1.902,3.617
1.651,3.607
1.095,3.429
1.065,3.492
0.964,3.573
-0.105,3.607
-0.297,3.54
-2.284,2.874
-2.592,0.953
-2.861,0.972
2.775,0.944
1.211,2.319
1.088,1.083
0.899,0.359
0.523,1.116
0.564,1.262
0.478,1.006
-1.013,-0.599
-1.869,2.301
-2.239,-0.177
2.442,0.865
1.013,1.738
0.826,2.873
0.326,0.048
0.031,1.732
-2.58,2.03
-2.856,0.664
0.534,2.1
0.331,-0.282
0.233,2.143
-0.409,0.577
-2.426,-0.524
0.669,3.099
0.742,-0.379
2.352,-1.131
-0.103,3.765
-0.115,2.637
-0.044,3.779
-0.227,0.788
-0.164,3.144
-0.248,0.818
-0.338,3.54
-0.376,-0.06
-0.476,1.696
-0.416,0.399
-0.52,0.051
-0.705,-0.192
-0.86,1.977
-0.848,2.892
-1.002,2.077
-1.053,3.04
-1.066,2.694
-1.071,2.193
-1.102,3.386
-1.207,0.537
-1.259,1.468
-1.231,1.611
-1.381,-0.434
-1.594,-0.366
-1.564,-0.2
-2.379,-0.262
-2.863,-0.374
-2.974,-0.478
2.641,-0.375
2.668,-0.549
2.566,-0.468
1.974,-0.349
1.442,-0.737
0.602,-0.77
0.365,-0.581
0.216,-0.483
-0.14,-0.343
-0.468,-0.424
-0.823,-0.343
-1.666,3.929
-1.873,4.02
-2.218,3.97
-2.58,3.906
-2.677,3.703
-2.621,3.995
1.758,3.92
1.083,4.028
0.986,4.067
0.677,3.849
0.153,3.774
-1.25,3.896
-2.856,2.293
2.836,0.002
1.611,1.977
1.415,2.054
1.055,1.943
0.7,2.823
0.157,0.667
-2.825,3.83
-1.355,3.682
-1.339,3.349
-1.315,0.853
-1.451,0.162
-1.845,0.64
-1.751,1.924
-1.871,3.629
-1.851,3.367
-1.751,1.219
-1.749,2.091
-1.915,2.382
-1.87,1.774
-1.919,1.797
-2.064,3.557
-1.96,1.726
-2.078,2.602
-2.119,1.545
-2.112,0.79
-1.993,1.157
-2.008,1.977
-2.062,3.762
-2.214,2.219
-2.258,3.684
-2.238,1.968
-2.247,2.378
-2.407,1.868
-2.308,3.607
-2.433,3.409
-2.586,2.204
-2.78,2.553
-3.031,-0.065
-3.098,1.619
-3.0,0.747
-3.084,1.379
3.124,3.2
2.937,1.208
2.947,1.628
2.893,-0.155
2.631,1.527
2.588,3.752
2.451,0.491
2.382,-0.222
2.281,3.003
1.829,0.143
1.948,3.471
1.852,3.76
1.739,1.702
1.692,1.4
1.663,2.344
1.376,1.373
1.419,3.676
1.249,2.707
1.045,0.891
0.998,3.081
0.905,0.029
0.891,3.448
0.754,2.647
0.881,3.105
0.837,2.22
0.791,1.427
0.813,3.149
0.545,3.668
0.608,3.605
0.606,2.422
0.536,2.087
0.503,1.955
0.4,1.45
0.349,0.941
0.428,0.914
0.415,0.359
0.176,3.252
0.054,0.161
-0.175,0.731
-0.122,0.289
-0.172,3.479
-0.351,-0.014
-0.383,0.646
-0.302,3.43
-0.661,-0.145
-1.059,0.135
-1.071,3.064
-1.078,1.454
-1.222,1.556
-1.225,-0.507
-1.816,-0.427
-2.065,-0.491
-2.139,-0.564
-2.542,-0.448
-3.035,-0.386
1.697,-0.419
0.637,-0.658
0.566,-0.552
0.676,-0.676
0.13,-0.607
0.212,-0.274
0.116,-0.314
-0.097,-0.583
-0.667,-0.454
-0.943,-0.72
-1.582,3.967
-1.58,4.036
-1.806,4.016
-3.014,4.034
2.416,4.014
1.962,4.03
1.711,4.02
1.155,3.842
1.125,3.905
1.024,3.986
-0.045,4.02
-0.237,3.953
-2.224,3.287
-2.532,1.366
-2.801,1.385
2.835,1.357
1.271,2.732
1.148,1.496
0.959,0.772
0.583,1.529
0.624,1.675
0.538,1.419
-0.953,-0.186
-1.809,2.714
-2.179,0.236
2.502,1.278
1.073,2.151
0.886,3.286
0.386,0.461
0.091,2.145
-2.52,2.443
-2.796,1.077
0.594,2.513
0.391,0.131
0.293,2.556
-0.349,0.99
-2.366,-0.111
0.729,3.512
0.802,0.034
2.412,-0.718
-0.012,-1.128
0.059,0.014
-0.124,-2.977
-0.061,-0.621
-0.145,-2.947
-0.235,-0.225
-0.273,-3.825
-0.373,-2.069
-0.313,-3.366
-0.417,-3.714
-0.602,-3.957
-0.757,-1.788
-0.745,-0.873
-0.899,-1.688
-0.95,-0.725
-0.963,-1.071
-0.968,-1.572
-0.999,-0.379
-1.104,-3.228
-1.156,-2.297
-1.128,-2.154
-1.278,-4.199
-1.491,-4.131
-1.461,-3.965
-2.276,-4.027
-2.76,-4.139
-2.871,-4.243
2.744,-4.14
2.771,-4.314
2.669,-4.233
2.077,-4.114
1.545,-4.502
0.705,-4.535
0.468,-4.346
0.319,-4.248
-0.037,-4.108
-0.365,-4.189
-0.72,-4.108
-1.563,0.164
-1.77,0.255
-2.115,0.205
-2.477,0.141
-2.574,-0.062
-2.518,0.23
1.861,0.155
1.186,0.263
1.089,0.302
0.78,0.084
0.256,0.009
-1.147,0.131
-2.753,-1.472
2.939,-3.763
1.714,-1.788
1.518,-1.711
1.158,-1.822
0.803,-0.942
0.26,-3.098
-2.722,0.065
-1.252,-0.083
-1.236,-0.416
-1.212,-2.912
-1.348,-3.603
-1.742,-3.125
-1.648,-1.841
-1.768,-0.136
-1.748,-0.398
-1.648,-2.546
-1.646,-1.674
-1.812,-1.383
-1.767,-1.991
-1.816,-1.968
-1.961,-0.208
-1.857,-2.039
-1.975,-1.163
-2.016,-2.22
-2.009,-2.975
-1.89,-2.608
-1.905,-1.788
-1.959,-0.003
-2.111,-1.546
-2.155,-0.081
-2.135,-1.797
-2.144,-1.387
-2.304,-1.897
-2.205,-0.158
-2.33,-0.356
-2.483,-1.561
-2.677,-1.212
-2.928,-3.83
-2.995,-2.146
-2.897,-3.018
-2.981,-2.386
-3.056,-0.565
3.04,-2.557
3.05,-2.137
2.996,-3.92
2.734,-2.238
2.691,-0.013
2.554,-3.274
2.485,-3.987
2.384,-0.762
1.932,-3.622
2.051,-0.294
1.955,-0.005
1.842,-2.063
1.795,-2.365
1.766,-1.421
1.479,-2.392
1.522,-0.089
1.352,-1.058
1.148,-2.874
1.101,-0.684
1.008,-3.736
0.994,-0.317
0.857,-1.118
0.984,-0.66
0.94,-1.545
0.894,-2.338
0.916,-0.616
0.648,-0.097
0.711,-0.16
0.709,-1.343
0.639,-1.678
0.606,-1.81
0.503,-2.315
0.452,-2.824
0.531,-2.851
0.518,-3.406
0.279,-0.513
0.157,-3.604
-0.072,-3.034
-0.019,-3.476
-0.069,-0.286
-0.248,-3.779
-0.28,-3.119
-0.199,-0.335
-0.558,-3.91
-0.956,-3.63
-0.968,-0.701
-0.975,-2.311
-1.119,-2.209
-1.122,-4.272
-1.713,-4.192
-1.962,-4.256
-2.036,-4.329
-2.439,-4.213
-2.932,-4.151
1.8,-4.184
0.74,-4.423
0.669,-4.317
0.779,-4.441
0.233,-4.372
0.315,-4.039
0.219,-4.079
0.006,-4.348
-0.564,-4.219
-0.84,-4.485
-1.479,0.202
-1.477,0.271
-1.703,0.251
-2.911,0.269
2.519,0.249
2.065,0.265
1.814,0.255
1.258,0.077
1.228,0.14
1.127,0.221
0.058,0.255
-0.134,0.188
-2.121,-0.478
-2.429,-2.399
-2.698,-2.38
2.938,-2.408
1.374,-1.033
1.251,-2.269
1.062,-2.993
0.686,-2.236
0.727,-2.09
0.641,-2.346
-0.85,-3.951
-1.706,-1.051
-2.076,-3.529
2.605,-2.487
1.176,-1.614
0.989,-0.479
0.489,-3.304
0.194,-1.62
-2.417,-1.322
-2.693,-2.688
0.697,-1.252
0.494,-3.634
0.396,-1.209
-0.246,-2.775
-2.263,-3.876
0.832,-0.253
0.905,-3.731
2.515,-4.483
0.071,1.142
-0.112,-1.849
-0.049,0.507
-0.133,-1.819
-0.223,0.903
-0.261,-2.697
-0.361,-0.941
-0.301,-2.238
-0.405,-2.586
-0.59,-2.829
-0.745,-0.66
-0.733,0.255
-0.887,-0.56
-0.938,0.403
-0.951,0.057
-0.956,-0.444
-0.987,0.749
-1.092,-2.1
-1.144,-1.169
-1.116,-1.026
-1.266,-3.071
-1.479,-3.003
-1.449,-2.837
-2.264,-2.899
-2.748,-3.011
-2.859,-3.115
2.756,-3.012
2.783,-3.186
2.681,-3.105
2.089,-2.986
1.557,-3.374
0.717,-3.407
0.48,-3.218
0.331,-3.12
-0.025,-2.98
-0.353,-3.061
-0.708,-2.98
-1.551,1.292
-1.758,1.383
-2.103,1.333
-2.465,1.269
-2.562,1.066
-2.506,1.358
1.873,1.283
1.198,1.391
1.101,1.43
0.792,1.212
0.268,1.137
-1.135,1.259
-2.741,-0.344
2.951,-2.635
1.726,-0.66
1.53,-0.583
1.17,-0.694
0.815,0.186
0.272,-1.97
-2.71,1.193
-1.24,1.045
-1.224,0.712
-1.2,-1.784
-1.336,-2.475
-1.73,-1.997
-1.636,-0.713
-1.756,0.992
-1.736,0.73
-1.636,-1.418
-1.634,-0.546
-1.8,-0.255
-1.755,-0.863
-1.804,-0.84
-1.949,0.92
-1.845,-0.911
-1.963,-0.035
-2.004,-1.092
-1.997,-1.847
-1.878,-1.48
-1.893,-0.66
-1.947,1.125
-2.099,-0.418
-2.143,1.047
-2.123,-0.669
-2.132,-0.259
-2.292,-0.769
-2.193,0.97
-2.318,0.772
-2.471,-0.433
-2.665,-0.084
-2.916,-2.702
-2.983,-1.018
-2.885,-1.89
-2.969,-1.258
-3.044,0.563
3.052,-1.429
3.062,-1.009
3.008,-2.792
2.746,-1.11
2.703,1.115
2.566,-2.146
2.497,-2.859
2.396,0.366
1.944,-2.494
2.063,0.834
1.967,1.123
1.854,-0.935
1.807,-1.237
1.778,-0.293
1.491,-1.264
1.534,1.039
1.364,0.07
1.16,-1.746
1.113,0.444
1.02,-2.608
1.006,0.811
0.869,0.01
0.996,0.468
0.952,-0.417
0.906,-1.21
0.928,0.512
0.66,1.031
0.723,0.968
0.721,-0.215
0.651,-0.55
0.618,-0.682
0.515,-1.187
0.464,-1.696
0.543,-1.723
0.53,-2.278
0.291,0.615
0.169,-2.476
-0.06,-1.906
-0.007,-2.348
-0.057,0.842
-0.236,-2.651
-0.268,-1.991
-0.187,0.793
-0.546,-2.782
-0.944,-2.502
-0.956,0.427
-0.963,-1.183
-1.107,-1.081
-1.11,-3.144
-1.701,-3.064
-1.95,-3.128
-2.024,-3.201
-2.427,-3.085
-2.92,-3.023
1.812,-3.056
0.752,-3.295
0.681,-3.189
0.791,-3.313
0.245,-3.244
0.327,-2.911
0.231,-2.951
0.018,-3.22
-0.552,-3.091
-0.828,-3.357
-1.467,1.33
-1.465,1.399
-1.691,1.379
-2.899,1.397
2.531,1.377
2.077,1.393
1.826,1.383
1.27,1.205
1.24,1.268
1.139,1.349
0.07,1.383
-0.122,1.316
-2.109,0.65
-2.417,-1.271
-2.686,-1.252
2.95,-1.28
1.386,0.095
1.263,-1.141
1.074,-1.865
0.698,-1.108
0.739,-0.962
0.653,-1.218
-0.838,-2.823
-1.694,0.077
-2.064,-2.401
2.617,-1.359
1.188,-0.486
1.001,0.649
0.501,-2.176
0.206,-0.492
-2.405,-0.194
-2.681,-1.56
0.709,-0.124
0.506,-2.506
0.408,-0.081
-0.234,-1.647
-2.251,-2.748
0.844,0.875
0.917,-2.603
2.527,-3.355
-0.183,-2.991
-0.12,-0.635
-0.204,-2.961
-0.294,-0.239
-0.332,-3.839
-0.432,-2.083
-0.372,-3.38
-0.476,-3.728
-0.661,-3.971
-0.816,-1.802
-0.804,-0.887
-0.958,-1.702
-1.009,-0.739
-1.022,-1.085
-1.027,-1.586
-1.058,-0.393
-1.163,-3.242
-1.215,-2.311
-1.187,-2.168
-1.337,-4.213
-1.55,-4.145
-1.52,-3.979
-2.335,-4.041
-2.819,-4.153
-2.93,-4.257
2.685,-4.154
2.712,-4.328
2.61,-4.247
2.018,-4.128
1.486,-4.516
0.646,-4.549
0.409,-4.36
0.26,-4.262
-0.096,-4.122
-0.424,-4.203
-0.779,-4.122
-1.622,0.15
-1.829,0.241
-2.174,0.191
-2.536,0.127
-2.633,-0.076
-2.577,0.216
1.802,0.141
1.127,0.249
1.03,0.288
0.721,0.07
0.197,-0.005
-1.206,0.117
-2.812,-1.486
2.88,-3.777
1.655,-1.802
1.459,-1.725
1.099,-1.836
0.744,-0.956
0.201,-3.112
-2.781,0.051
-1.311,-0.097
-1.295,-0.43
-1.271,-2.926
-1.407,-3.617
-1.801,-3.139
-1.707,-1.855
-1.827,-0.15
-1.807,-0.412
-1.707,-2.56
-1.705,-1.688
-1.871,-1.397
-1.826,-2.005
-1.875,-1.982
-2.02,-0.222
-1.916,-2.053
-2.034,-1.177
-2.075,-2.234
-2.068,-2.989
-1.949,-2.622
-1.964,-1.802
-2.018,-0.017
-2.17,-1.56
-2.214,-0.095
-2.194,-1.811
-2.203,-1.401
-2.363,-1.911
-2.264,-0.172
-2.389,-0.37
-2.542,-1.575
-2.736,-1.226
-2.987,-3.844
-3.054,-2.16
-2.956,-3.032
-3.04,-2.4
-3.115,-0.579
2.981,-2.571
2.991,-2.151
2.937,-3.934
2.675,-2.252
2.632,-0.027
2.495,-3.288
2.426,-4.001
2.325,-0.776
1.873,-3.636
1.992,-0.308
1.896,-0.019
1.783,-2.077
1.736,-2.379
1.707,-1.435
1.42,-2.406
1.463,-0.103
1.293,-1.072
1.089,-2.888
1.042,-0.698
0.949,-3.75
0.935,-0.331
0.798,-1.132
0.925,-0.674
0.881,-1.559
0.835,-2.352
0.857,-0.63
0.589,-0.111
0.652,-0.174
0.65,-1.357
0.58,-1.692
0.547,-1.824
0.444,-2.329
0.393,-2.838
0.472,-2.865
0.459,-3.42
0.22,-0.527
0.098,-3.618
-0.131,-3.048
-0.078,-3.49
-0.128,-0.3
-0.307,-3.793
-0.339,-3.133
-0.258,-0.349
-0.617,-3.924
-1.015,-3.644
-1.027,-0.715
-1.034,-2.325
-1.178,-2.223
-1.181,-4.286
-1.772,-4.206
-2.021,-4.27
-2.095,-4.343
-2.498,-4.227
-2.991,-4.165
1.741,-4.198
0.681,-4.437
0.61,-4.331
0.72,-4.455
0.174,-4.386
0.256,-4.053
0.16,-4.093
-0.053,-4.362
-0.623,-4.233
-0.899,-4.499
-1.538,0.188
-1.536,0.257
-1.762,0.237
-2.97,0.255
2.46,0.235
2.006,0.251
1.755,0.241
1.199,0.063
1.169,0.126
1.068,0.207
-0.001,0.241
-0.193,0.174
-2.18,-0.492
-2.488,-2.413
-2.757,-2.394
2.879,-2.422
1.315,-1.047
1.192,-2.283
1.003,-3.007
0.627,-2.25
0.668,-2.104
0.582,-2.36
-0.909,-3.965
-1.765,-1.065
-2.135,-3.543
2.546,-2.501
1.117,-1.628
0.93,-0.493
0.43,-3.318
0.135,-1.634
-2.476,-1.336
-2.752,-2.702
0.638,-1.266
0.435,-3.648
0.337,-1.223
-0.305,-2.789
-2.322,-3.89
0.773,-0.267
0.846,-3.745
2.456,-4.497
0.063,2.356
-0.021,0.03
-0.111,2.752
-0.149,-0.848
-0.249,0.908
-0.189,-0.389
-0.293,-0.737
-0.478,-0.98
-0.633,1.189
-0.621,2.104
-0.775,1.289
-0.826,2.252
-0.839,1.906
-0.844,1.405
-0.875,2.598
-0.98,-0.251
-1.032,0.68
-1.004,0.823
-1.154,-1.222
-1.367,-1.154
-1.337,-0.988
-2.152,-1.05
-2.636,-1.162
-2.747,-1.266
2.868,-1.163
2.895,-1.337
2.793,-1.256
2.201,-1.137
1.669,-1.525
0.829,-1.558
0.592,-1.369
0.443,-1.271
0.087,-1.131
-0.241,-1.212
-0.596,-1.131
-1.439,3.141
-1.646,3.232
-1.991,3.182
-2.353,3.118
-2.45,2.915
-2.394,3.207
1.985,3.132
1.31,3.24
1.213,3.279
0.904,3.061
0.38,2.986
-1.023,3.108
-2.629,1.505
3.063,-0.786
1.838,1.189
1.642,1.266
1.282,1.155
0.927,2.035
0.384,-0.121
-2.598,3.042
-1.128,2.894
-1.112,2.561
-1.088,0.065
-1.224,-0.626
-1.618,-0.148
-1.524,1.136
-1.644,2.841
-1.624,2.579
-1.524,0.431
-1.522,1.303
-1.688,1.594
-1.643,0.986
-1.692,1.009
-1.837,2.769
-1.733,0.938
-1.851,1.814
-1.892,0.757
-1.885,0.002
-1.766,0.369
-1.781,1.189
-1.835,2.974
-1.987,1.431
-2.031,2.896
-2.011,1.18
-2.02,1.59
-2.18,1.08
-2.081,2.819
-2.206,2.621
-2.359,1.416
-2.553,1.765
-2.804,-0.853
-2.871,0.831
-2.773,-0.041
-2.857,0.591
-2.932,2.412
-3.119,0.42
-3.109,0.84
3.12,-0.943
2.858,0.739
2.815,2.964
2.678,-0.297
2.609,-1.01
2.508,2.215
2.056,-0.645
2.175,2.683
2.079,2.972
1.966,0.914
1.919,0.612
1.89,1.556
1.603,0.585
1.646,2.888
1.476,1.919
1.272,0.103
1.225,2.293
1.132,-0.759
1.118,2.66
0.981,1.859
1.108,2.317
1.064,1.432
1.018,0.639
1.04,2.361
0.772,2.88
0.835,2.817
0.833,1.634
0.763,1.299
0.73,1.167
0.627,0.662
0.576,0.153
0.655,0.126
0.642,-0.429
0.403,2.464
0.281,-0.627
0.052,-0.057
0.105,-0.499
0.055,2.691
-0.124,-0.802
-0.156,-0.142
-0.075,2.642
-0.434,-0.933
-0.832,-0.653
-0.844,2.276
-0.851,0.666
-0.995,0.768
-0.998,-1.295
-1.589,-1.215
-1.838,-1.279
-1.912,-1.352
-2.315,-1.236
-2.808,-1.174
1.924,-1.207
0.864,-1.446
0.793,-1.34
0.903,-1.464
0.357,-1.395
0.439,-1.062
0.343,-1.102
0.13,-1.371
-0.44,-1.242
-0.716,-1.508
-1.355,3.179
-1.353,3.248
-1.579,3.228
-2.787,3.246
2.643,3.226
2.189,3.242
1.938,3.232
1.382,3.054
1.352,3.117
1.251,3.198
0.182,3.232
-0.01,3.165
-1.997,2.499
-2.305,0.578
-2.574,0.597
3.062,0.569
1.498,1.944
1.375,0.708
1.186,-0.016
0.81,0.741
0.851,0.887
0.765,0.631
-0.726,-0.974
-1.582,1.926
-1.952,-0.552
2.729,0.49
1.3,1.363
1.113,2.498
0.613,-0.327
0.318,1.357
-2.293,1.655
-2.569,0.289
0.821,1.725
0.618,-0.657
0.52,1.768
-0.122,0.202
-2.139,-0.899
0.956,2.724
1.029,-0.754
2.639,-1.506
-0.084,-2.326
-0.174,0.396
-0.212,-3.204
-0.312,-1.448
-0.252,-2.745
-0.356,-3.093
-0.541,-3.336
-0.696,-1.167
-0.684,-0.252
-0.838,-1.067
-0.889,-0.104
-0.902,-0.45
-0.907,-0.951
-0.938,0.242
-1.043,-2.607
-1.095,-1.676
-1.067,-1.533
-1.217,-3.578
-1.43,-3.51
-1.4,-3.344
-2.215,-3.406
-2.699,-3.518
-2.81,-3.622
2.805,-3.519
2.832,-3.693
2.73,-3.612
2.138,-3.493
1.606,-3.881
0.766,-3.914
0.529,-3.725
0.38,-3.627
0.024,-3.487
-0.304,-3.568
-0.659,-3.487
-1.502,0.785
-1.709,0.876
-2.054,0.826
-2.416,0.762
-2.513,0.559
-2.457,0.851
1.922,0.776
1.247,0.884
1.15,0.923
0.841,0.705
0.317,0.63
-1.086,0.752
-2.692,-0.851
3.0,-3.142
1.775,-1.167
1.579,-1.09
1.219,-1.201
0.864,-0.321
0.321,-2.477
-2.661,0.686
-1.191,0.538
-1.175,0.205
-1.151,-2.291
-1.287,-2.982
-1.681,-2.504
-1.587,-1.22
-1.707,0.485
-1.687,0.223
-1.587,-1.925
-1.585,-1.053
-1.751,-0.762
-1.706,-1.37
-1.755,-1.347
-1.9,0.413
-1.796,-1.418
-1.914,-0.542
-1.955,-1.599
-1.948,-2.354
-1.829,-1.987
-1.844,-1.167
-1.898,0.618
-2.05,-0.925
-2.094,0.54
-2.074,-1.176
-2.083,-0.766
-2.243,-1.276
-2.144,0.463
-2.269,0.265
-2.422,-0.94
-2.616,-0.591
-2.867,-3.209
-2.934,-1.525
-2.836,-2.397
-2.92,-1.765
-2.995,0.056
3.101,-1.936
3.111,-1.516
3.057,-3.299
2.795,-1.617
2.752,0.608
2.615,-2.653
2.546,-3.366
2.445,-0.141
1.993,-3.001
2.112,0.327
2.016,0.616
1.903,-1.442
1.856,-1.744
1.827,-0.8
1.54,-1.771
1.583,0.532
1.413,-0.437
1.209,-2.253
1.162,-0.063
1.069,-3.115
1.055,0.304
0.918,-0.497
1.045,-0.039
1.001,-0.924
0.955,-1.717
0.977,0.005
0.709,0.524
0.772,0.461
0.77,-0.722
0.7,-1.057
0.667,-1.189
0.564,-1.694
0.513,-2.203
0.592,-2.23
0.579,-2.785
0.34,0.108
0.218,-2.983
-0.011,-2.413
0.042,-2.855
-0.008,0.335
-0.187,-3.158
-0.219,-2.498
-0.138,0.286
-0.497,-3.289
-0.895,-3.009
-0.907,-0.08
-0.914,-1.69
-1.058,-1.588
-1.061,-3.651
-1.652,-3.571
-1.901,-3.635
-1.975,-3.708
-2.378,-3.592
-2.871,-3.53
1.861,-3.563
0.801,-3.802
0.73,-3.696
0.84,-3.82
0.294,-3.751
0.376,-3.418
0.28,-3.458
0.067,-3.727
-0.503,-3.598
-0.779,-3.864
-1.418,0.823
-1.416,0.892
-1.642,0.872
-2.85,0.89
2.58,0.87
2.126,0.886
1.875,0.876
1.319,0.698
1.289,0.761
1.188,0.842
0.119,0.876
-0.073,0.809
-2.06,0.143
-2.368,-1.778
-2.637,-1.759
2.999,-1.787
1.435,-0.412
1.312,-1.648
1.123,-2.372
0.747,-1.615
0.788,-1.469
0.702,-1.725
-0.789,-3.33
-1.645,-0.43
-2.015,-2.908
2.666,-1.866
1.237,-0.993
1.05,0.142
0.55,-2.683
0.255,-0.999
-2.356,-0.701
-2.632,-2.067
0.758,-0.631
0.555,-3.013
0.457,-0.588
-0.185,-2.154
-2.202,-3.255
0.893,0.368
0.966,-3.11
2.576,-3.862
-0.09,2.722
-0.128,-0.878
-0.228,0.878
-0.168,-0.419
-0.272,-0.767
-0.457,-1.01
-0.612,1.159
-0.6,2.074
-0.754,1.259
-0.805,2.222
-0.818,1.876
-0.823,1.375
-0.854,2.568
-0.959,-0.281
-1.011,0.65
-0.983,0.793
-1.133,-1.252
-1.346,-1.184
-1.316,-1.018
-2.131,-1.08
-2.615,-1.192
-2.726,-1.296
2.889,-1.193
2.916,-1.367
2.814,-1.286
2.222,-1.167
1.69,-1.555
0.85,-1.588
0.613,-1.399
0.464,-1.301
0.108,-1.161
-0.22,-1.242
-0.575,-1.161
-1.418,3.111
-1.625,3.202
-1.97,3.152
-2.332,3.088
-2.429,2.885
-2.373,3.177
2.006,3.102
1.331,3.21
1.234,3.249
0.925,3.031
0.401,2.956
-1.002,3.078
-2.608,1.475
3.084,-0.816
1.859,1.159
1.663,1.236
1.303,1.125
0.948,2.005
0.405,-0.151
-2.577,3.012
-1.107,2.864
-1.091,2.531
-1.067,0.035
-1.203,-0.656
-1.597,-0.178
-1.503,1.106
-1.623,2.811
-1.603,2.549
-1.503,0.401
-1.501,1.273
-1.667,1.564
-1.622,0.956
-1.671,0.979
-1.816,2.739
-1.712,0.908
-1.83,1.784
-1.871,0.727
-1.864,-0.028
-1.745,0.339
-1.76,1.159
-1.814,2.944
-1.966,1.401
-2.01,2.866
-1.99,1.15
-1.999,1.56
-2.159,1.05
-2.06,2.789
-2.185,2.591
-2.338,1.386
-2.532,1.735
-2.783,-0.883
-2.85,0.801
-2.752,-0.071
-2.836,0.561
-2.911,2.382
-3.098,0.39
-3.088,0.81
3.141,-0.973
2.879,0.709
2.836,2.934
2.699,-0.327
2.63,-1.04
2.529,2.185
2.077,-0.675
2.196,2.653
2.1,2.942
1.987,0.884
1.94,0.582
1.911,1.526
1.624,0.555
1.667,2.858
1.497,1.889
1.293,0.073
1.246,2.263
1.153,-0.789
1.139,2.63
1.002,1.829
1.129,2.287
1.085,1.402
1.039,0.609
1.061,2.331
0.793,2.85
0.856,2.787
0.854,1.604
0.784,1.269
0.751,1.137
0.648,0.632
0.597,0.123
0.676,0.096
0.663,-0.459
0.424,2.434
0.302,-0.657
0.073,-0.087
0.126,-0.529
0.076,2.661
-0.103,-0.832
-0.135,-0.172
-0.054,2.612
-0.413,-0.963
-0.811,-0.683
-0.823,2.246
-0.83,0.636
-0.974,0.738
-0.977,-1.325
-1.568,-1.245
-1.817,-1.309
-1.891,-1.382
-2.294,-1.266
-2.787,-1.204
1.945,-1.237
0.885,-1.476
0.814,-1.37
0.924,-1.494
0.378,-1.425
0.46,-1.092
0.364,-1.132
0.151,-1.401
-0.419,-1.272
-0.695,-1.538
-1.334,3.149
-1.332,3.218
-1.558,3.198
-2.766,3.216
2.664,3.196
2.21,3.212
1.959,3.202
1.403,3.024
1.373,3.087
1.272,3.168
0.203,3.202
0.011,3.135
-1.976,2.469
-2.284,0.548
-2.553,0.567
3.083,0.539
1.519,1.914
1.396,0.678
1.207,-0.046
0.831,0.711
0.872,0.857
0.786,0.601
-0.705,-1.004
-1.561,1.896
-1.931,-0.582
2.75,0.46
1.321,1.333
1.134,2.468
0.634,-0.357
0.339,1.327
-2.272,1.625
-2.548,0.259
0.842,1.695
0.639,-0.687
0.541,1.738
-0.101,0.172
-2.118,-0.929
0.977,2.694
1.05,-0.784
2.66,-1.536
-0.038,-3.6
-0.138,-1.844
-0.078,-3.141
-0.182,-3.489
-0.367,-3.732
-0.522,-1.563
-0.51,-0.648
-0.664,-1.463
-0.715,-0.5
-0.728,-0.846
-0.733,-1.347
-0.764,-0.154
-0.869,-3.003
-0.921,-2.072
-0.893,-1.929
-1.043,-3.974
-1.256,-3.906
-1.226,-3.74
-2.041,-3.802
-2.525,-3.914
-2.636,-4.018
2.979,-3.915
3.006,-4.089
2.904,-4.008
2.312,-3.889
1.78,-4.277
0.94,-4.31
0.703,-4.121
0.554,-4.023
0.198,-3.883
-0.13,-3.964
-0.485,-3.883
-1.328,0.389
-1.535,0.48
-1.88,0.43
-2.242,0.366
-2.339,0.163
-2.283,0.455
2.096,0.38
1.421,0.488
1.324,0.527
1.015,0.309
0.491,0.234
-0.912,0.356
-2.518,-1.247
-3.109,-3.538
1.949,-1.563
1.753,-1.486
1.393,-1.597
1.038,-0.717
0.495,-2.873
-2.487,0.29
-1.017,0.142
-1.001,-0.191
-0.977,-2.687
-1.113,-3.378
-1.507,-2.9
-1.413,-1.616
-1.533,0.089
-1.513,-0.173
-1.413,-2.321
-1.411,-1.449
-1.577,-1.158
-1.532,-1.766
-1.581,-1.743
-1.726,0.017
-1.622,-1.814
-1.74,-0.938
-1.781,-1.995
-1.774,-2.75
-1.655,-2.383
-1.67,-1.563
-1.724,0.222
-1.876,-1.321
-1.92,0.144
-1.9,-1.572
-1.909,-1.162
-2.069,-1.672
-1.97,0.067
-2.095,-0.131
-2.248,-1.336
-2.442,-0.987
-2.693,-3.605
-2.76,-1.921
-2.662,-2.793
-2.746,-2.161
-2.821,-0.34
-3.008,-2.332
-2.998,-1.912
-3.052,-3.695
2.969,-2.013
2.926,0.212
2.789,-3.049
2.72,-3.762
2.619,-0.537
2.167,-3.397
2.286,-0.069
2.19,0.22
2.077,-1.838
2.03,-2.14
2.001,-1.196
1.714,-2.167
1.757,0.136
1.587,-0.833
1.383,-2.649
1.336,-0.459
1.243,-3.511
1.229,-0.092
1.092,-0.893
1.219,-0.435
1.175,-1.32
1.129,-2.113
1.151,-0.391
0.883,0.128
0.946,0.065
0.944,-1.118
0.874,-1.453
0.841,-1.585
0.738,-2.09
0.687,-2.599
0.766,-2.626
0.753,-3.181
0.514,-0.288
0.392,-3.379
0.163,-2.809
0.216,-3.251
0.166,-0.061
-0.013,-3.554
-0.045,-2.894
0.036,-0.11
-0.323,-3.685
-0.721,-3.405
-0.733,-0.476
-0.74,-2.086
-0.884,-1.984
-0.887,-4.047
-1.478,-3.967
-1.727,-4.031
-1.801,-4.104
-2.204,-3.988
-2.697,-3.926
2.035,-3.959
0.975,-4.198
0.904,-4.092
1.014,-4.216
0.468,-4.147
0.55,-3.814
0.454,-3.854
0.241,-4.123
-0.329,-3.994
-0.605,-4.26
-1.244,0.427
-1.242,0.496
-1.468,0.476
-2.676,0.494
2.754,0.474
2.3,0.49
2.049,0.48
1.493,0.302
1.463,0.365
1.362,0.446
0.293,0.48
0.101,0.413
-1.886,-0.253
-2.194,-2.174
-2.463,-2.155
-3.11,-2.183
1.609,-0.808
1.486,-2.044
1.297,-2.768
0.921,-2.011
0.962,-1.865
0.876,-2.121
-0.615,-3.726
-1.471,-0.826
-1.841,-3.304
2.84,-2.262
1.411,-1.389
1.224,-0.254
0.724,-3.079
0.429,-1.395
-2.182,-1.097
-2.458,-2.463
0.932,-1.027
0.729,-3.409
0.631,-0.984
-0.011,-2.55
-2.028,-3.651
1.067,-0.028
1.14,-3.506
2.75,-4.258
-0.1,1.756
-0.04,0.459
-0.144,0.111
-0.329,-0.132
-0.484,2.037
-0.472,2.952
-0.626,2.137
-0.677,3.1
-0.69,2.754
-0.695,2.253
-0.726,3.446
-0.831,0.597
-0.883,1.528
-0.855,1.671
-1.005,-0.374
-1.218,-0.306
-1.188,-0.14
-2.003,-0.202
-2.487,-0.314
-2.598,-0.418
3.017,-0.315
3.044,-0.489
2.942,-0.408
2.35,-0.289
1.818,-0.677
0.978,-0.71
0.741,-0.521
0.592,-0.423
0.236,-0.283
-0.092,-0.364
-0.447,-0.283
-1.29,3.989
-1.497,4.08
-1.842,4.03
-2.204,3.966
-2.301,3.763
-2.245,4.055
2.134,3.98
1.459,4.088
1.362,4.127
1.053,3.909
0.529,3.834
-0.874,3.956
-2.48,2.353
-3.071,0.062
1.987,2.037
1.791,2.114
1.431,2.003
1.076,2.883
0.533,0.727
-2.449,3.89
-0.979,3.742
-0.963,3.409
-0.939,0.913
-1.075,0.222
-1.469,0.7
-1.375,1.984
-1.495,3.689
-1.475,3.427
-1.375,1.279
-1.373,2.151
-1.539,2.442
-1.494,1.834
-1.543,1.857
-1.688,3.617
-1.584,1.786
-1.702,2.662
-1.743,1.605
-1.736,0.85
-1.617,1.217
-1.632,2.037
-1.686,3.822
-1.838,2.279
-1.882,3.744
-1.862,2.028
-1.871,2.438
-2.031,1.928
-1.932,3.667
-2.057,3.469
-2.21,2.264
-2.404,2.613
-2.655,-0.005
-2.722,1.679
-2.624,0.807
-2.708,1.439
-2.783,3.26
-2.97,1.268
-2.96,1.688
-3.014,-0.095
3.007,1.587
2.964,3.812
2.827,0.551
2.758,-0.162
2.657,3.063
2.205,0.203
2.324,3.531
2.228,3.82
2.115,1.762
2.068,1.46
2.039,2.404
1.752,1.433
1.795,3.736
1.625,2.767
1.421,0.951
1.374,3.141
1.281,0.089
1.267,3.508
1.13,2.707
1.257,3.165
1.213,2.28
1.167,1.487
1.189,3.209
0.921,3.728
0.984,3.665
0.982,2.482
0.912,2.147
0.879,2.015
0.776,1.51
0.725,1.001
0.804,0.974
0.791,0.419
0.552,3.312
0.43,0.221
0.201,0.791
0.254,0.349
0.204,3.539
0.025,0.046
-0.007,0.706
0.074,3.49
-0.285,-0.085
-0.683,0.195
-0.695,3.124
-0.702,1.514
-0.846,1.616
-0.849,-0.447
-1.44,-0.367
-1.689,-0.431
-1.763,-0.504
-2.166,-0.388
-2.659,-0.326
2.073,-0.359
1.013,-0.598
0.942,-0.492
1.052,-0.616
0.506,-0.547
0.588,-0.214
0.492,-0.254
0.279,-0.523
-0.291,-0.394
-0.567,-0.66
-1.206,4.027
-1.204,4.096
-1.43,4.076
-2.638,4.094
2.792,4.074
2.338,4.09
2.087,4.08
1.531,3.902
1.501,3.965
1.4,4.046
0.331,4.08
0.139,4.013
-1.848,3.347
-2.156,1.426
-2.425,1.445
-3.072,1.417
1.647,2.792
1.524,1.556
1.335,0.832
0.959,1.589
1.0,1.735
0.914,1.479
-0.577,-0.126
-1.433,2.774
-1.803,0.296
2.878,1.338
1.449,2.211
1.262,3.346
0.762,0.521
0.467,2.205
-2.144,2.503
-2.42,1.137
0.97,2.573
0.767,0.191
0.669,2.616
0.027,1.05
-1.99,-0.051
1.105,3.572
1.178,0.094
2.788,-0.658
0.06,-1.297
-0.044,-1.645
-0.229,-1.888
-0.384,0.281
-0.372,1.196
-0.526,0.381
-0.577,1.344
-0.59,0.998
-0.595,0.497
-0.626,1.69
-0.731,-1.159
-0.783,-0.228
-0.755,-0.085
-0.905,-2.13
-1.118,-2.062
-1.088,-1.896
-1.903,-1.958
-2.387,-2.07
-2.498,-2.174
3.117,-2.071
-3.139,-2.245
3.042,-2.164
2.45,-2.045
1.918,-2.433
1.078,-2.466
0.841,-2.277
0.692,-2.179
0.336,-2.039
0.008,-2.12
-0.347,-2.039
-1.19,2.233
-1.397,2.324
-1.742,2.274
-2.104,2.21
-2.201,2.007
-2.145,2.299
2.234,2.224
1.559,2.332
1.462,2.371
1.153,2.153
0.629,2.078
-0.774,2.2
-2.38,0.597
-2.971,-1.694
2.087,0.281
1.891,0.358
1.531,0.247
1.176,1.127
0.633,-1.029
-2.349,2.134
-0.879,1.986
-0.863,1.653
-0.839,-0.843
-0.975,-1.534
-1.369,-1.056
-1.275,0.228
-1.395,1.933
-1.375,1.671
-1.275,-0.477
-1.273,0.395
-1.439,0.686
-1.394,0.078
-1.443,0.101
-1.588,1.861
-1.484,0.03
-1.602,0.906
-1.643,-0.151
-1.636,-0.906
-1.517,-0.539
-1.532,0.281
-1.586,2.066
-1.738,0.523
-1.782,1.988
-1.762,0.272
-1.771,0.682
-1.931,0.172
-1.832,1.911
-1.957,1.713
-2.11,0.508
-2.304,0.857
-2.555,-1.761
-2.622,-0.077
-2.524,-0.949
-2.608,-0.317
-2.683,1.504
-2.87,-0.488
-2.86,-0.068
-2.914,-1.851
3.107,-0.169
3.064,2.056
2.927,-1.205
2.858,-1.918
2.757,1.307
2.305,-1.553
2.424,1.775
2.328,2.064
2.215,0.006
2.168,-0.296
2.139,0.648
1.852,-0.323
1.895,1.98
1.725,1.011
1.521,-0.805
1.474,1.385
1.381,-1.667
1.367,1.752
1.23,0.951
1.357,1.409
1.313,0.524
1.267,-0.269
1.289,1.453
1.021,1.972
1.084,1.909
1.082,0.726
1.012,0.391
0.979,0.259
0.876,-0.246
0.825,-0.755
0.904,-0.782
0.891,-1.337
0.652,1.556
0.53,-1.535
0.301,-0.965
0.354,-1.407
0.304,1.783
0.125,-1.71
0.093,-1.05
0.174,1.734
-0.185,-1.841
-0.583,-1.561
-0.595,1.368
-0.602,-0.242
-0.746,-0.14
-0.749,-2.203
-1.34,-2.123
-1.589,-2.187
-1.663,-2.26
-2.066,-2.144
-2.559,-2.082
2.173,-2.115
1.113,-2.354
1.042,-2.248
1.152,-2.372
0.606,-2.303
0.688,-1.97
0.592,-2.01
0.379,-2.279
-0.191,-2.15
-0.467,-2.416
-1.106,2.271
-1.104,2.34
-1.33,2.32
-2.538,2.338
2.892,2.318
2.438,2.334
2.187,2.324
1.631,2.146
1.601,2.209
1.5,2.29
0.431,2.324
0.239,2.257
-1.748,1.591
-2.056,-0.33
-2.325,-0.311
-2.972,-0.339
1.747,1.036
1.624,-0.2
1.435,-0.924
1.059,-0.167
1.1,-0.021
1.014,-0.277
-0.477,-1.882
-1.333,1.018
-1.703,-1.46
2.978,-0.418
1.549,0.455
1.362,1.59
0.862,-1.235
0.567,0.449
-2.044,0.747
-2.32,-0.619
1.07,0.817
0.867,-1.565
0.769,0.86
0.127,-0.706
-1.89,-1.807
1.205,1.816
1.278,-1.662
2.888,-2.414
-0.104,-0.348
-0.289,-0.591
-0.444,1.578
-0.432,2.493
-0.586,1.678
-0.637,2.641
-0.65,2.295
-0.655,1.794
-0.686,2.987
-0.791,0.138
-0.843,1.069
-0.815,1.212
-0.965,-0.833
-1.178,-0.765
-1.148,-0.599
-1.963,-0.661
-2.447,-0.773
-2.558,-0.877
3.057,-0.774
3.084,-0.948
2.982,-0.867
2.39,-0.748
1.858,-1.136
1.018,-1.169
0.781,-0.98
0.632,-0.882
0.276,-0.742
-0.052,-0.823
-0.407,-0.742
-1.25,3.53
-1.457,3.621
-1.802,3.571
-2.164,3.507
-2.261,3.304
-2.205,3.596
2.174,3.521
1.499,3.629
1.402,3.668
1.093,3.45
0.569,3.375
-0.834,3.497
-2.44,1.894
-3.031,-0.397
2.027,1.578
1.831,1.655
1.471,1.544
1.116,2.424
0.573,0.268
-2.409,3.431
-0.939,3.283
-0.923,2.95
-0.899,0.454
-1.035,-0.237
-1.429,0.241
-1.335,1.525
-1.455,3.23
-1.435,2.968
-1.335,0.82
-1.333,1.692
-1.499,1.983
-1.454,1.375
-1.503,1.398
-1.648,3.158
-1.544,1.327
-1.662,2.203
-1.703,1.146
-1.696,0.391
-1.577,0.758
-1.592,1.578
-1.646,3.363
-1.798,1.82
-1.842,3.285
-1.822,1.569
-1.831,1.979
-1.991,1.469
-1.892,3.208
-2.017,3.01
-2.17,1.805
-2.364,2.154
-2.615,-0.464
-2.682,1.22
-2.584,0.348
-2.668,0.98
-2.743,2.801
-2.93,0.809
-2.92,1.229
-2.974,-0.554
3.047,1.128
3.004,3.353
2.867,0.092
2.798,-0.621
2.697,2.604
2.245,-0.256
2.364,3.072
2.268,3.361
2.155,1.303
2.108,1.001
2.079,1.945
1.792,0.974
1.835,3.277
1.665,2.308
1.461,0.492
1.414,2.682
1.321,-0.37
1.307,3.049
1.17,2.248
1.297,2.706
1.253,1.821
1.207,1.028
1.229,2.75
0.961,3.269
1.024,3.206
1.022,2.023
0.952,1.688
0.919,1.556
0.816,1.051
0.765,0.542
0.844,0.515
0.831,-0.04
0.592,2.853
0.47,-0.238
0.241,0.332
0.294,-0.11
0.244,3.08
0.065,-0.413
0.033,0.247
0.114,3.031
-0.245,-0.544
-0.643,-0.264
-0.655,2.665
-0.662,1.055
-0.806,1.157
-0.809,-0.906
-1.4,-0.826
-1.649,-0.89
-1.723,-0.963
-2.126,-0.847
-2.619,-0.785
2.113,-0.818
1.053,-1.057
0.982,-0.951
1.092,-1.075
0.546,-1.006
0.628,-0.673
0.532,-0.713
0.319,-0.982
-0.251,-0.853
-0.527,-1.119
-1.166,3.568
-1.164,3.637
-1.39,3.617
-2.598,3.635
2.832,3.615
2.378,3.631
2.127,3.621
1.571,3.443
1.541,3.506
1.44,3.587
0.371,3.621
0.179,3.554
-1.808,2.888
-2.116,0.967
-2.385,0.986
-3.032,0.958
1.687,2.333
1.564,1.097
1.375,0.373
0.999,1.13
1.04,1.276
0.954,1.02
-0.537,-0.585
-1.393,2.315
-1.763,-0.163
2.918,0.879
1.489,1.752
1.302,2.887
0.802,0.062
0.507,1.746
-2.104,2.044
-2.38,0.678
1.01,2.114
0.807,-0.268
0.709,2.157
0.067,0.591
-1.95,-0.51
1.145,3.113
1.218,-0.365
2.828,-1.117
-0.185,-0.243
-0.34,1.926
-0.328,2.841
-0.482,2.026
-0.533,2.989
-0.546,2.643
-0.551,2.142
-0.582,3.335
-0.687,0.486
-0.739,1.417
-0.711,1.56
-0.861,-0.485
-1.074,-0.417
-1.044,-0.251
-1.859,-0.313
-2.343,-0.425
-2.454,-0.529
-3.122,-0.426
-3.095,-0.6
3.086,-0.519
2.494,-0.4
1.962,-0.788
1.122,-0.821
0.885,-0.632
0.736,-0.534
0.38,-0.394
0.052,-0.475
-0.303,-0.394
-1.146,3.878
-1.353,3.969
-1.698,3.919
-2.06,3.855
-2.157,3.652
-2.101,3.944
2.278,3.869
1.603,3.977
1.506,4.016
1.197,3.798
0.673,3.723
-0.73,3.845
-2.336,2.242
-2.927,-0.049
2.131,1.926
1.935,2.003
1.575,1.892
1.22,2.772
0.677,0.616
-2.305,3.779
-0.835,3.631
-0.819,3.298
-0.795,0.802
-0.931,0.111
-1.325,0.589
-1.231,1.873
-1.351,3.578
-1.331,3.316
-1.231,1.168
-1.229,2.04
-1.395,2.331
-1.35,1.723
-1.399,1.746
-1.544,3.506
-1.44,1.675
-1.558,2.551
-1.599,1.494
-1.592,0.739
-1.473,1.106
-1.488,1.926
-1.542,3.711
-1.694,2.168
-1.738,3.633
-1.718,1.917
-1.727,2.327
-1.887,1.817
-1.788,3.556
-1.913,3.358
-2.066,2.153
-2.26,2.502
-2.511,-0.116
-2.578,1.568
-2.48,0.696
-2.564,1.328
-2.639,3.149
-2.826,1.157
-2.816,1.577
-2.87,-0.206
-3.132,1.476
3.108,3.701
2.971,0.44
2.902,-0.273
2.801,2.952
2.349,0.092
2.468,3.42
2.372,3.709
2.259,1.651
2.212,1.349
2.183,2.293
1.896,1.322
1.939,3.625
1.769,2.656
1.565,0.84
1.518,3.03
1.425,-0.022
1.411,3.397
1.274,2.596
1.401,3.054
1.357,2.169
1.311,1.376
1.333,3.098
1.065,3.617
1.128,3.554
1.126,2.371
1.056,2.036
1.023,1.904
0.92,1.399
0.869,0.89
0.948,0.863
0.935,0.308
0.696,3.201
0.574,0.11
0.345,0.68
0.398,0.238
0.348,3.428
0.169,-0.065
0.137,0.595
0.218,3.379
-0.141,-0.196
-0.539,0.084
-0.551,3.013
-0.558,1.403
-0.702,1.505
-0.705,-0.558
-1.296,-0.478
-1.545,-0.542
-1.619,-0.615
-2.022,-0.499
-2.515,-0.437
2.217,-0.47
1.157,-0.709
1.086,-0.603
1.196,-0.727
0.65,-0.658
0.732,-0.325
0.636,-0.365
0.423,-0.634
-0.147,-0.505
-0.423,-0.771
-1.062,3.916
-1.06,3.985
-1.286,3.965
-2.494,3.983
2.936,3.963
2.482,3.979
2.231,3.969
1.675,3.791
1.645,3.854
1.544,3.935
0.475,3.969
0.283,3.902
-1.704,3.236
-2.012,1.315
-2.281,1.334
-2.928,1.306
1.791,2.681
1.668,1.445
1.479,0.721
1.103,1.478
1.144,1.624
1.058,1.368
-0.433,-0.237
-1.289,2.663
-1.659,0.185
3.022,1.227
1.593,2.1
1.406,3.235
0.906,0.41
0.611,2.094
-2.0,2.392
-2.276,1.026
1.114,2.462
0.911,0.08
0.813,2.505
0.171,0.939
-1.846,-0.162
1.249,3.461
1.322,-0.017
2.932,-0.769
-0.155,2.169
-0.143,3.084
-0.297,2.269
-0.348,3.232
-0.361,2.886
-0.366,2.385
-0.397,3.578
-0.502,0.729
-0.554,1.66
-0.526,1.803
-0.676,-0.242
-0.889,-0.174
-0.859,-0.008
-1.674,-0.07
-2.158,-0.182
-2.269,-0.286
-2.937,-0.183
-2.91,-0.357
-3.012,-0.276
2.679,-0.157
2.147,-0.545
1.307,-0.578
1.07,-0.389
0.921,-0.291
0.565,-0.151
0.237,-0.232
-0.118,-0.151
-0.961,4.121
-1.168,4.212
-1.513,4.162
-1.875,4.098
-1.972,3.895
-1.916,4.187
2.463,4.112
1.788,4.22
1.691,4.259
1.382,4.041
0.858,3.966
-0.545,4.088
-2.151,2.485
-2.742,0.194
2.316,2.169
2.12,2.246
1.76,2.135
1.405,3.015
0.862,0.859
-2.12,4.022
-0.65,3.874
-0.634,3.541
-0.61,1.045
-0.746,0.354
-1.14,0.832
-1.046,2.116
-1.166,3.821
-1.146,3.559
-1.046,1.411
-1.044,2.283
-1.21,2.574
-1.165,1.966
-1.214,1.989
-1.359,3.749
-1.255,1.918
-1.373,2.794
-1.414,1.737
-1.407,0.982
-1.288,1.349
-1.303,2.169
-1.357,3.954
-1.509,2.411
-1.553,3.876
-1.533,2.16
-1.542,2.57
-1.702,2.06
-1.603,3.799
-1.728,3.601
-1.881,2.396
-2.075,2.745
-2.326,0.127
-2.393,1.811
-2.295,0.939
-2.379,1.571
-2.454,3.392
-2.641,1.4
-2.631,1.82
-2.685,0.037
-2.947,1.719
-2.99,3.944
-3.127,0.683
3.087,-0.03
2.986,3.195
2.534,0.335
2.653,3.663
2.557,3.952
2.444,1.894
2.397,1.592
2.368,2.536
2.081,1.565
2.124,3.868
1.954,2.899
1.75,1.083
1.703,3.273
1.61,0.221
1.596,3.64
1.459,2.839
1.586,3.297
1.542,2.412
1.496,1.619
1.518,3.341
1.25,3.86
1.313,3.797
1.311,2.614
1.241,2.279
1.208,2.147
1.105,1.642
1.054,1.133
1.133,1.106
1.12,0.551
0.881,3.444
0.759,0.353
0.53,0.923
0.583,0.481
0.533,3.671
0.354,0.178
0.322,0.838
0.403,3.622
0.044,0.047
-0.354,0.327
-0.366,3.256
-0.373,1.646
-0.517,1.748
-0.52,-0.315
-1.111,-0.235
-1.36,-0.299
-1.434,-0.372
-1.837,-0.256
-2.33,-0.194
2.402,-0.227
1.342,-0.466
1.271,-0.36
1.381,-0.484
0.835,-0.415
0.917,-0.082
0.821,-0.122
0.608,-0.391
0.038,-0.262
-0.238,-0.528
-0.877,4.159
-0.875,4.228
-1.101,4.208
-2.309,4.226
3.121,4.206
2.667,4.222
2.416,4.212
1.86,4.034
1.83,4.097
1.729,4.178
0.66,4.212
0.468,4.145
-1.519,3.479
-1.827,1.558
-2.096,1.577
-2.743,1.549
1.976,2.924
1.853,1.688
1.664,0.964
1.288,1.721
1.329,1.867
1.243,1.611
-0.248,0.006
-1.104,2.906
-1.474,0.428
-3.076,1.47
1.778,2.343
1.591,3.478
1.091,0.653
0.796,2.337
-1.815,2.635
-2.091,1.269
1.299,2.705
1.096,0.323
0.998,2.748
0.356,1.182
-1.661,0.081
1.434,3.704
1.507,0.226
3.117,-0.526
0.012,0.915
-0.142,0.1
-0.193,1.063
-0.206,0.717
-0.211,0.216
-0.242,1.409
-0.347,-1.44
-0.399,-0.509
-0.371,-0.366
-0.521,-2.411
-0.734,-2.343
-0.704,-2.177
-1.519,-2.239
-2.003,-2.351
-2.114,-2.455
-2.782,-2.352
-2.755,-2.526
-2.857,-2.445
2.834,-2.326
2.302,-2.714
1.462,-2.747
1.225,-2.558
1.076,-2.46
0.72,-2.32
0.392,-2.401
0.037,-2.32
-0.806,1.952
-1.013,2.043
-1.358,1.993
-1.72,1.929
-1.817,1.726
-1.761,2.018
2.618,1.943
1.943,2.051
1.846,2.09
1.537,1.872
1.013,1.797
-0.39,1.919
-1.996,0.316
-2.587,-1.975
2.471,0.0
2.275,0.077
1.915,-0.034
1.56,0.846
1.017,-1.31
-1.965,1.853
-0.495,1.705
-0.479,1.372
-0.455,-1.124
-0.591,-1.815
-0.985,-1.337
-0.891,-0.053
-1.011,1.652
-0.991,1.39
-0.891,-0.758
-0.889,0.114
-1.055,0.405
-1.01,-0.203
-1.059,-0.18
-1.204,1.58
-1.1,-0.251
-1.218,0.625
-1.259,-0.432
-1.252,-1.187
-1.133,-0.82
-1.148,0.0
-1.202,1.785
-1.354,0.242
-1.398,1.707
-1.378,-0.009
-1.387,0.401
-1.547,-0.109
-1.448,1.63
-1.573,1.432
-1.726,0.227
-1.92,0.576
-2.171,-2.042
-2.238,-0.358
-2.14,-1.23
-2.224,-0.598
-2.299,1.223
-2.486,-0.769
-2.476,-0.349
-2.53,-2.132
-2.792,-0.45
-2.835,1.775
-2.972,-1.486
-3.041,-2.199
3.141,1.026
2.689,-1.834
2.808,1.494
2.712,1.783
2.599,-0.275
2.552,-0.577
2.523,0.367
2.236,-0.604
2.279,1.699
2.109,0.73
1.905,-1.086
1.858,1.104
1.765,-1.948
1.751,1.471
1.614,0.67
1.741,1.128
1.697,0.243
1.651,-0.55
1.673,1.172
1.405,1.691
1.468,1.628
1.466,0.445
1.396,0.11
1.363,-0.022
1.26,-0.527
1.209,-1.036
1.288,-1.063
1.275,-1.618
1.036,1.275
0.914,-1.816
0.685,-1.246
0.738,-1.688
0.688,1.502
0.509,-1.991
0.477,-1.331
0.558,1.453
0.199,-2.122
-0.199,-1.842
-0.211,1.087
-0.218,-0.523
-0.362,-0.421
-0.365,-2.484
-0.956,-2.404
-1.205,-2.468
-1.279,-2.541
-1.682,-2.425
-2.175,-2.363
2.557,-2.396
1.497,-2.635
1.426,-2.529
1.536,-2.653
0.99,-2.584
1.072,-2.251
0.976,-2.291
0.763,-2.56
0.193,-2.431
-0.083,-2.697
-0.722,1.99
-0.72,2.059
-0.946,2.039
-2.154,2.057
-3.007,2.037
2.822,2.053
2.571,2.043
2.015,1.865
1.985,1.928
1.884,2.009
0.815,2.043
0.623,1.976
-1.364,1.31
-1.672,-0.611
-1.941,-0.592
-2.588,-0.62
2.131,0.755
2.008,-0.481
1.819,-1.205
1.443,-0.448
1.484,-0.302
1.398,-0.558
-0.093,-2.163
-0.949,0.737
-1.319,-1.741
-2.921,-0.699
1.933,0.174
1.746,1.309
1.246,-1.516
0.951,0.168
-1.66,0.466
-1.936,-0.9
1.454,0.536
1.251,-1.846
1.153,0.579
0.511,-0.987
-1.506,-2.088
1.589,1.535
1.662,-1.943
-3.011,-2.695
-0.154,-0.815
-0.205,0.148
-0.218,-0.198
-0.223,-0.699
-0.254,0.494
-0.359,-2.355
-0.411,-1.424
-0.383,-1.281
-0.533,-3.326
-0.746,-3.258
-0.716,-3.092
-1.531,-3.154
-2.015,-3.266
-2.126,-3.37
-2.794,-3.267
-2.767,-3.441
-2.869,-3.36
2.822,-3.241
2.29,-3.629
1.45,-3.662
1.213,-3.473
1.064,-3.375
0.708,-3.235
0.38,-3.316
0.025,-3.235
-0.818,1.037
-1.025,1.128
-1.37,1.078
-1.732,1.014
-1.829,0.811
-1.773,1.103
2.606,1.028
1.931,1.136
1.834,1.175
1.525,0.957
1.001,0.882
-0.402,1.004
-2.008,-0.599
-2.599,-2.89
2.459,-0.915
2.263,-0.838
1.903,-0.949
1.548,-0.069
1.005,-2.225
-1.977,0.938
-0.507,0.79
-0.491,0.457
-0.467,-2.039
-0.603,-2.73
-0.997,-2.252
-0.903,-0.968
-1.023,0.737
-1.003,0.475
-0.903,-1.673
-0.901,-0.801
-1.067,-0.51
-1.022,-1.118
-1.071,-1.095
-1.216,0.665
-1.112,-1.166
-1.23,-0.29
-1.271,-1.347
-1.264,-2.102
-1.145,-1.735
-1.16,-0.915
-1.214,0.87
-1.366,-0.673
-1.41,0.792
-1.39,-0.924
-1.399,-0.514
-1.559,-1.024
-1.46,0.715
-1.585,0.517
-1.738,-0.688
-1.932,-0.339
-2.183,-2.957
-2.25,-1.273
-2.152,-2.145
-2.236,-1.513
-2.311,0.308
-2.498,-1.684
-2.488,-1.264
-2.542,-3.047
-2.804,-1.365
-2.847,0.86
-2.984,-2.401
-3.053,-3.114
3.129,0.111
2.677,-2.749
2.796,0.579
2.7,0.868
2.587,-1.19
2.54,-1.492
2.511,-0.548
2.224,-1.519
2.267,0.784
2.097,-0.185
1.893,-2.001
1.846,0.189
1.753,-2.863
1.739,0.556
1.602,-0.245
1.729,0.213
1.685,-0.672
1.639,-1.465
1.661,0.257
1.393,0.776
1.456,0.713
1.454,-0.47
1.384,-0.805
1.351,-0.937
1.248,-1.442
1.197,-1.951
1.276,-1.978
1.263,-2.533
1.024,0.36
0.902,-2.731
0.673,-2.161
0.726,-2.603
0.676,0.587
0.497,-2.906
0.465,-2.246
0.546,0.538
0.187,-3.037
-0.211,-2.757
-0.223,0.172
-0.23,-1.438
-0.374,-1.336
-0.377,-3.399
-0.968,-3.319
-1.217,-3.383
-1.291,-3.456
-1.694,-3.34
-2.187,-3.278
2.545,-3.311
1.485,-3.55
1.414,-3.444
1.524,-3.568
0.978,-3.499
1.06,-3.166
0.964,-3.206
0.751,-3.475
0.181,-3.346
-0.095,-3.612
-0.734,1.075
-0.732,1.144
-0.958,1.124
-2.166,1.142
-3.019,1.122
2.81,1.138
2.559,1.128
2.003,0.95
1.973,1.013
1.872,1.094
0.803,1.128
0.611,1.061
-1.376,0.395
-1.684,-1.526
-1.953,-1.507
-2.6,-1.535
2.119,-0.16
1.996,-1.396
1.807,-2.12
1.431,-1.363
1.472,-1.217
1.386,-1.473
-0.105,-3.078
-0.961,-0.178
-1.331,-2.656
-2.933,-1.614
1.921,-0.741
1.734,0.394
1.234,-2.431
0.939,-0.747
-1.672,-0.449
-1.948,-1.815
1.442,-0.379
1.239,-2.761
1.141,-0.336
0.499,-1.902
-1.518,-3.003
1.577,0.62
1.65,-2.858
-3.023,-3.61
-0.051,0.963
-0.064,0.617
-0.069,0.116
-0.1,1.309
-0.205,-1.54
-0.257,-0.609
-0.229,-0.466
-0.379,-2.511
-0.592,-2.443
-0.562,-2.277
-1.377,-2.339
-1.861,-2.451
-1.972,-2.555
-2.64,-2.452
-2.613,-2.626
-2.715,-2.545
2.976,-2.426
2.444,-2.814
1.604,-2.847
1.367,-2.658
1.218,-2.56
0.862,-2.42
0.534,-2.501
0.179,-2.42
-0.664,1.852
-0.871,1.943
-1.216,1.893
-1.578,1.829
-1.675,1.626
-1.619,1.918
2.76,1.843
2.085,1.951
1.988,1.99
1.679,1.772
1.155,1.697
-0.248,1.819
-1.854,0.216
-2.445,-2.075
2.613,-0.1
2.417,-0.023
2.057,-0.134
1.702,0.746
1.159,-1.41
-1.823,1.753
-0.353,1.605
-0.337,1.272
-0.313,-1.224
-0.449,-1.915
-0.843,-1.437
-0.749,-0.153
-0.869,1.552
-0.849,1.29
-0.749,-0.858
-0.747,0.014
-0.913,0.305
-0.868,-0.303
-0.917,-0.28
-1.062,1.48
-0.958,-0.351
-1.076,0.525
-1.117,-0.532
-1.11,-1.287
-0.991,-0.92
-1.006,-0.1
-1.06,1.685
-1.212,0.142
-1.256,1.607
-1.236,-0.109
-1.245,0.301
-1.405,-0.209
-1.306,1.53
-1.431,1.332
-1.584,0.127
-1.778,0.476
-2.029,-2.142
-2.096,-0.458
-1.998,-1.33
-2.082,-0.698
-2.157,1.123
-2.344,-0.869
-2.334,-0.449
-2.388,-2.232
-2.65,-0.55
-2.693,1.675
-2.83,-1.586
-2.899,-2.299
-3.0,0.926
2.831,-1.934
2.95,1.394
2.854,1.683
2.741,-0.375
2.694,-0.677
2.665,0.267
2.378,-0.704
2.421,1.599
2.251,0.63
2.047,-1.186
2.0,1.004
1.907,-2.048
1.893,1.371
1.756,0.57
1.883,1.028
1.839,0.143
1.793,-0.65
1.815,1.072
1.547,1.591
1.61,1.528
1.608,0.345
1.538,0.01
1.505,-0.122
1.402,-0.627
1.351,-1.136
1.43,-1.163
1.417,-1.718
1.178,1.175
1.056,-1.916
0.827,-1.346
0.88,-1.788
0.83,1.402
0.651,-2.091
0.619,-1.431
0.7,1.353
0.341,-2.222
-0.057,-1.942
-0.069,0.987
-0.076,-0.623
-0.22,-0.521
-0.223,-2.584
-0.814,-2.504
-1.063,-2.568
-1.137,-2.641
-1.54,-2.525
-2.033,-2.463
2.699,-2.496
1.639,-2.735
1.568,-2.629
1.678,-2.753
1.132,-2.684
1.214,-2.351
1.118,-2.391
0.905,-2.66
0.335,-2.531
0.059,-2.797
-0.58,1.89
-0.578,1.959
-0.804,1.939
-2.012,1.957
-2.865,1.937
2.964,1.953
2.713,1.943
2.157,1.765
2.127,1.828
2.026,1.909
0.957,1.943
0.765,1.876
-1.222,1.21
-1.53,-0.711
-1.799,-0.692
-2.446,-0.72
2.273,0.655
2.15,-0.581
1.961,-1.305
1.585,-0.548
1.626,-0.402
1.54,-0.658
0.049,-2.263
-0.807,0.637
-1.177,-1.841
-2.779,-0.799
2.075,0.074
1.888,1.209
1.388,-1.616
1.093,0.068
-1.518,0.366
-1.794,-1.0
1.596,0.436
1.393,-1.946
1.295,0.479
0.653,-1.087
-1.364,-2.188
1.731,1.435
1.804,-2.043
-2.869,-2.795
-0.013,-0.346
-0.018,-0.847
-0.049,0.346
-0.154,-2.503
-0.206,-1.572
-0.178,-1.429
-0.328,-3.474
-0.541,-3.406
-0.511,-3.24
-1.326,-3.302
-1.81,-3.414
-1.921,-3.518
-2.589,-3.415
-2.562,-3.589
-2.664,-3.508
3.027,-3.389
2.495,-3.777
1.655,-3.81
1.418,-3.621
1.269,-3.523
0.913,-3.383
0.585,-3.464
0.23,-3.383
-0.613,0.889
-0.82,0.98
-1.165,0.93
-1.527,0.866
-1.624,0.663
-1.568,0.955
2.811,0.88
2.136,0.988
2.039,1.027
1.73,0.809
1.206,0.734
-0.197,0.856
-1.803,-0.747
-2.394,-3.038
2.664,-1.063
2.468,-0.986
2.108,-1.097
1.753,-0.217
1.21,-2.373
-1.772,0.79
-0.302,0.642
-0.286,0.309
-0.262,-2.187
-0.398,-2.878
-0.792,-2.4
-0.698,-1.116
-0.818,0.589
-0.798,0.327
-0.698,-1.821
-0.696,-0.949
-0.862,-0.658
-0.817,-1.266
-0.866,-1.243
-1.011,0.517
-0.907,-1.314
-1.025,-0.438
-1.066,-1.495
-1.059,-2.25
-0.94,-1.883
-0.955,-1.063
-1.009,0.722
-1.161,-0.821
-1.205,0.644
-1.185,-1.072
-1.194,-0.662
-1.354,-1.172
-1.255,0.567
-1.38,0.369
-1.533,-0.836
-1.727,-0.487
-1.978,-3.105
-2.045,-1.421
-1.947,-2.293
-2.031,-1.661
-2.106,0.16
-2.293,-1.832
-2.283,-1.412
-2.337,-3.195
-2.599,-1.513
-2.642,0.712
-2.779,-2.549
-2.848,-3.262
-2.949,-0.037
2.882,-2.897
3.001,0.431
2.905,0.72
2.792,-1.338
2.745,-1.64
2.716,-0.696
2.429,-1.667
2.472,0.636
2.302,-0.333
2.098,-2.149
2.051,0.041
1.958,-3.011
1.944,0.408
1.807,-0.393
1.934,0.065
1.89,-0.82
1.844,-1.613
1.866,0.109
1.598,0.628
1.661,0.565
1.659,-0.618
1.589,-0.953
1.556,-1.085
1.453,-1.59
1.402,-2.099
1.481,-2.126
1.468,-2.681
1.229,0.212
1.107,-2.879
0.878,-2.309
0.931,-2.751
0.881,0.439
0.702,-3.054
0.67,-2.394
0.751,0.39
0.392,-3.185
-0.006,-2.905
-0.018,0.024
-0.025,-1.586
-0.169,-1.484
-0.172,-3.547
-0.763,-3.467
-1.012,-3.531
-1.086,-3.604
-1.489,-3.488
-1.982,-3.426
2.75,-3.459
1.69,-3.698
1.619,-3.592
1.729,-3.716
1.183,-3.647
1.265,-3.314
1.169,-3.354
0.956,-3.623
0.386,-3.494
0.11,-3.76
-0.529,0.927
-0.527,0.996
-0.753,0.976
-1.961,0.994
-2.814,0.974
3.015,0.99
2.764,0.98
2.208,0.802
2.178,0.865
2.077,0.946
1.008,0.98
0.816,0.913
-1.171,0.247
-1.479,-1.674
-1.748,-1.655
-2.395,-1.683
2.324,-0.308
2.201,-1.544
2.012,-2.268
1.636,-1.511
1.677,-1.365
1.591,-1.621
0.1,-3.226
-0.756,-0.326
-1.126,-2.804
-2.728,-1.762
2.126,-0.889
1.939,0.246
1.439,-2.579
1.144,-0.895
-1.467,-0.597
-1.743,-1.963
1.647,-0.527
1.444,-2.909
1.346,-0.484
0.704,-2.05
-1.313,-3.151
1.782,0.472
1.855,-3.006
-2.818,-3.758
-0.005,-0.501
-0.036,0.692
-0.141,-2.157
-0.193,-1.226
-0.165,-1.083
-0.315,-3.128
-0.528,-3.06
-0.498,-2.894
-1.313,-2.956
-1.797,-3.068
-1.908,-3.172
-2.576,-3.069
-2.549,-3.243
-2.651,-3.162
3.04,-3.043
2.508,-3.431
1.668,-3.464
1.431,-3.275
1.282,-3.177
0.926,-3.037
0.598,-3.118
0.243,-3.037
-0.6,1.235
-0.807,1.326
-1.152,1.276
-1.514,1.212
-1.611,1.009
-1.555,1.301
2.824,1.226
2.149,1.334
2.052,1.373
1.743,1.155
1.219,1.08
-0.184,1.202
-1.79,-0.401
-2.381,-2.692
2.677,-0.717
2.481,-0.64
2.121,-0.751
1.766,0.129
1.223,-2.027
-1.759,1.136
-0.289,0.988
-0.273,0.655
-0.249,-1.841
-0.385,-2.532
-0.779,-2.054
-0.685,-0.77
-0.805,0.935
-0.785,0.673
-0.685,-1.475
-0.683,-0.603
-0.849,-0.312
-0.804,-0.92
-0.853,-0.897
-0.998,0.863
-0.894,-0.968
-1.012,-0.092
-1.053,-1.149
-1.046,-1.904
-0.927,-1.537
-0.942,-0.717
-0.996,1.068
-1.148,-0.475
-1.192,0.99
-1.172,-0.726
-1.181,-0.316
-1.341,-0.826
-1.242,0.913
-1.367,0.715
-1.52,-0.49
-1.714,-0.141
-1.965,-2.759
-2.032,-1.075
-1.934,-1.947
-2.018,-1.315
-2.093,0.506
-2.28,-1.486
-2.27,-1.066
-2.324,-2.849
-2.586,-1.167
-2.629,1.058
-2.766,-2.203
-2.835,-2.916
-2.936,0.309
2.895,-2.551
3.014,0.777
2.918,1.066
2.805,-0.992
2.758,-1.294
2.729,-0.35
2.442,-1.321
2.485,0.982
2.315,0.013
2.111,-1.803
2.064,0.387
1.971,-2.665
1.957,0.754
1.82,-0.047
1.947,0.411
1.903,-0.474
1.857,-1.267
1.879,0.455
1.611,0.974
1.674,0.911
1.672,-0.272
1.602,-0.607
1.569,-0.739
1.466,-1.244
1.415,-1.753
1.494,-1.78
1.481,-2.335
1.242,0.558
1.12,-2.533
0.891,-1.963
0.944,-2.405
0.894,0.785
0.715,-2.708
0.683,-2.048
0.764,0.736
0.405,-2.839
0.007,-2.559
-0.005,0.37
-0.012,-1.24
-0.156,-1.138
-0.159,-3.201
-0.75,-3.121
-0.999,-3.185
-1.073,-3.258
-1.476,-3.142
-1.969,-3.08
2.763,-3.113
1.703,-3.352
1.632,-3.246
1.742,-3.37
1.196,-3.301
1.278,-2.968
1.182,-3.008
0.969,-3.277
0.399,-3.148
0.123,-3.414
-0.516,1.273
-0.514,1.342
-0.74,1.322
-1.948,1.34
-2.801,1.32
3.028,1.336
2.777,1.326
2.221,1.148
2.191,1.211
2.09,1.292
1.021,1.326
0.829,1.259
-1.158,0.593
-1.466,-1.328
-1.735,-1.309
-2.382,-1.337
2.337,0.038
2.214,-1.198
2.025,-1.922
1.649,-1.165
1.69,-1.019
1.604,-1.275
0.113,-2.88
-0.743,0.02
-1.113,-2.458
-2.715,-1.416
2.139,-0.543
1.952,0.592
1.452,-2.233
1.157,-0.549
-1.454,-0.251
-1.73,-1.617
1.66,-0.181
1.457,-2.563
1.359,-0.138
0.717,-1.704
-1.3,-2.805
1.795,0.818
1.868,-2.66
-2.805,-3.412
-0.031,1.193
-0.136,-1.656
-0.188,-0.725
-0.16,-0.582
-0.31,-2.627
-0.523,-2.559
-0.493,-2.393
-1.308,-2.455
-1.792,-2.567
-1.903,-2.671
-2.571,-2.568
-2.544,-2.742
-2.646,-2.661
3.045,-2.542
2.513,-2.93
1.673,-2.963
1.436,-2.774
1.287,-2.676
0.931,-2.536
0.603,-2.617
0.248,-2.536
-0.595,1.736
-0.802,1.827
-1.147,1.777
-1.509,1.713
-1.606,1.51
-1.55,1.802
2.829,1.727
2.154,1.835
2.057,1.874
1.748,1.656
1.224,1.581
-0.179,1.703
-1.785,0.1
-2.376,-2.191
2.682,-0.216
2.486,-0.139
2.126,-0.25
1.771,0.63
1.228,-1.526
-1.754,1.637
-0.284,1.489
-0.268,1.156
-0.244,-1.34
-0.38,-2.031
-0.774,-1.553
-0.68,-0.269
-0.8,1.436
-0.78,1.174
-0.68,-0.974
-0.678,-0.102
-0.844,0.189
-0.799,-0.419
-0.848,-0.396
-0.993,1.364
-0.889,-0.467
-1.007,0.409
-1.048,-0.648
-1.041,-1.403
-0.922,-1.036
-0.937,-0.216
-0.991,1.569
-1.143,0.026
-1.187,1.491
-1.167,-0.225
-1.176,0.185
-1.336,-0.325
-1.237,1.414
-1.362,1.216
-1.515,0.011
-1.709,0.36
-1.96,-2.258
-2.027,-0.574
-1.929,-1.446
-2.013,-0.814
-2.088,1.007
-2.275,-0.985
-2.265,-0.565
-2.319,-2.348
-2.581,-0.666
-2.624,1.559
-2.761,-1.702
-2.83,-2.415
-2.931,0.81
2.9,-2.05
3.019,1.278
2.923,1.567
2.81,-0.491
2.763,-0.793
2.734,0.151
2.447,-0.82
2.49,1.483
2.32,0.514
2.116,-1.302
2.069,0.888
1.976,-2.164
1.962,1.255
1.825,0.454
1.952,0.912
1.908,0.027
1.862,-0.766
1.884,0.956
1.616,1.475
1.679,1.412
1.677,0.229
1.607,-0.106
1.574,-0.238
1.471,-0.743
1.42,-1.252
1.499,-1.279
1.486,-1.834
1.247,1.059
1.125,-2.032
0.896,-1.462
0.949,-1.904
0.899,1.286
0.72,-2.207
0.688,-1.547
0.769,1.237
0.41,-2.338
0.012,-2.058
0.0,0.871
-0.007,-0.739
-0.151,-0.637
-0.154,-2.7
-0.745,-2.62
-0.994,-2.684
-1.068,-2.757
-1.471,-2.641
-1.964,-2.579
2.768,-2.612
1.708,-2.851
1.637,-2.745
1.747,-2.869
1.201,-2.8
1.283,-2.467
1.187,-2.507
0.974,-2.776
0.404,-2.647
0.128,-2.913
-0.511,1.774
-0.509,1.843
-0.735,1.823
-1.943,1.841
-2.796,1.821
3.033,1.837
2.782,1.827
2.226,1.649
2.196,1.712
2.095,1.793
1.026,1.827
0.834,1.76
-1.153,1.094
-1.461,-0.827
-1.73,-0.808
-2.377,-0.836
2.342,0.539
2.219,-0.697
2.03,-1.421
1.654,-0.664
1.695,-0.518
1.609,-0.774
0.118,-2.379
-0.738,0.521
-1.108,-1.957
-2.71,-0.915
2.144,-0.042
1.957,1.093
1.457,-1.732
1.162,-0.048
-1.449,0.25
-1.725,-1.116
1.665,0.32
1.462,-2.062
1.364,0.363
0.722,-1.203
-1.295,-2.304
1.8,1.319
1.873,-2.159
-2.8,-2.911
-0.105,-2.849
-0.157,-1.918
-0.129,-1.775
-0.279,-3.82
-0.492,-3.752
-0.462,-3.586
-1.277,-3.648
-1.761,-3.76
-1.872,-3.864
-2.54,-3.761
-2.513,-3.935
-2.615,-3.854
3.076,-3.735
2.544,-4.123
1.704,-4.156
1.467,-3.967
1.318,-3.869
0.962,-3.729
0.634,-3.81
0.279,-3.729
-0.564,0.543
-0.771,0.634
-1.116,0.584
-1.478,0.52
-1.575,0.317
-1.519,0.609
2.86,0.534
2.185,0.642
2.088,0.681
1.779,0.463
1.255,0.388
-0.148,0.51
-1.754,-1.093
-2.345,-3.384
2.713,-1.409
2.517,-1.332
2.157,-1.443
1.802,-0.563
1.259,-2.719
-1.723,0.444
-0.253,0.296
-0.237,-0.037
-0.213,-2.533
-0.349,-3.224
-0.743,-2.746
-0.649,-1.462
-0.769,0.243
-0.749,-0.019
-0.649,-2.167
-0.647,-1.295
-0.813,-1.004
-0.768,-1.612
-0.817,-1.589
-0.962,0.171
-0.858,-1.66
-0.976,-0.784
-1.017,-1.841
-1.01,-2.596
-0.891,-2.229
-0.906,-1.409
-0.96,0.376
-1.112,-1.167
-1.156,0.298
-1.136,-1.418
-1.145,-1.008
-1.305,-1.518
-1.206,0.221
-1.331,0.023
-1.484,-1.182
-1.678,-0.833
-1.929,-3.451
-1.996,-1.767
-1.898,-2.639
-1.982,-2.007
-2.057,-0.186
-2.244,-2.178
-2.234,-1.758
-2.288,-3.541
-2.55,-1.859
-2.593,0.366
-2.73,-2.895
-2.799,-3.608
-2.9,-0.383
2.931,-3.243
3.05,0.085
2.954,0.374
2.841,-1.684
2.794,-1.986
2.765,-1.042
2.478,-2.013
2.521,0.29
2.351,-0.679
2.147,-2.495
2.1,-0.305
2.007,-3.357
1.993,0.062
1.856,-0.739
1.983,-0.281
1.939,-1.166
1.893,-1.959
1.915,-0.237
1.647,0.282
1.71,0.219
1.708,-0.964
1.638,-1.299
1.605,-1.431
1.502,-1.936
1.451,-2.445
1.53,-2.472
1.517,-3.027
1.278,-0.134
1.156,-3.225
0.927,-2.655
0.98,-3.097
0.93,0.093
0.751,-3.4
0.719,-2.74
0.8,0.044
0.441,-3.531
0.043,-3.251
0.031,-0.322
0.024,-1.932
-0.12,-1.83
-0.123,-3.893
-0.714,-3.813
-0.963,-3.877
-1.037,-3.95
-1.44,-3.834
-1.933,-3.772
2.799,-3.805
1.739,-4.044
1.668,-3.938
1.778,-4.062
1.232,-3.993
1.314,-3.66
1.218,-3.7
1.005,-3.969
0.435,-3.84
0.159,-4.106
-0.48,0.581
-0.478,0.65
-0.704,0.63
-1.912,0.648
-2.765,0.628
3.064,0.644
2.813,0.634
2.257,0.456
2.227,0.519
2.126,0.6
1.057,0.634
0.865,0.567
-1.122,-0.099
-1.43,-2.02
-1.699,-2.001
-2.346,-2.029
2.373,-0.654
2.25,-1.89
2.061,-2.614
1.685,-1.857
1.726,-1.711
1.64,-1.967
0.149,-3.572
-0.707,-0.672
-1.077,-3.15
-2.679,-2.108
2.175,-1.235
1.988,-0.1
1.488,-2.925
1.193,-1.241
-1.418,-0.943
-1.694,-2.309
1.696,-0.873
1.493,-3.255
1.395,-0.83
0.753,-2.396
-1.264,-3.497
1.831,0.126
1.904,-3.352
-2.769,-4.104
-0.052,0.931
-0.024,1.074
-0.174,-0.971
-0.387,-0.903
-0.357,-0.737
-1.172,-0.799
-1.656,-0.911
-1.767,-1.015
-2.435,-0.912
-2.408,-1.086
-2.51,-1.005
-3.102,-0.886
2.649,-1.274
1.809,-1.307
1.572,-1.118
1.423,-1.02
1.067,-0.88
0.739,-0.961
0.384,-0.88
-0.459,3.392
-0.666,3.483
-1.011,3.433
-1.373,3.369
-1.47,3.166
-1.414,3.458
2.965,3.383
2.29,3.491
2.193,3.53
1.884,3.312
1.36,3.237
-0.043,3.359
-1.649,1.756
-2.24,-0.535
2.818,1.44
2.622,1.517
2.262,1.406
1.907,2.286
1.364,0.13
-1.618,3.293
-0.148,3.145
-0.132,2.812
-0.108,0.316
-0.244,-0.375
-0.638,0.103
-0.544,1.387
-0.664,3.092
-0.644,2.83
-0.544,0.682
-0.542,1.554
-0.708,1.845
-0.663,1.237
-0.712,1.26
-0.857,3.02
-0.753,1.189
-0.871,2.065
-0.912,1.008
-0.905,0.253
-0.786,0.62
-0.801,1.44
-0.855,3.225
-1.007,1.682
-1.051,3.147
-1.031,1.431
-1.04,1.841
-1.2,1.331
-1.101,3.07
-1.226,2.872
-1.379,1.667
-1.573,2.016
-1.824,-0.602
-1.891,1.082
-1.793,0.21
-1.877,0.842
-1.952,2.663
-2.139,0.671
-2.129,1.091
-2.183,-0.692
-2.445,0.99
-2.488,3.215
-2.625,-0.046
-2.694,-0.759
-2.795,2.466
3.036,-0.394
-3.128,2.934
3.059,3.223
2.946,1.165
2.899,0.863
2.87,1.807
2.583,0.836
2.626,3.139
2.456,2.17
2.252,0.354
2.205,2.544
2.112,-0.508
2.098,2.911
1.961,2.11
2.088,2.568
2.044,1.683
1.998,0.89
2.02,2.612
1.752,3.131
1.815,3.068
1.813,1.885
1.743,1.55
1.71,1.418
1.607,0.913
1.556,0.404
1.635,0.377
1.622,-0.178
1.383,2.715
1.261,-0.376
1.032,0.194
1.085,-0.248
1.035,2.942
0.856,-0.551
0.824,0.109
0.905,2.893
0.546,-0.682
0.148,-0.402
0.136,2.527
0.129,0.917
-0.015,1.019
-0.018,-1.044
-0.609,-0.964
-0.858,-1.028
-0.932,-1.101
-1.335,-0.985
-1.828,-0.923
2.904,-0.956
1.844,-1.195
1.773,-1.089
1.883,-1.213
1.337,-1.144
1.419,-0.811
1.323,-0.851
1.11,-1.12
0.54,-0.991
0.264,-1.257
-0.375,3.43
-0.373,3.499
-0.599,3.479
-1.807,3.497
-2.66,3.477
-3.114,3.493
2.918,3.483
2.362,3.305
2.332,3.368
2.231,3.449
1.162,3.483
0.97,3.416
-1.017,2.75
-1.325,0.829
-1.594,0.848
-2.241,0.82
2.478,2.195
2.355,0.959
2.166,0.235
1.79,0.992
1.831,1.138
1.745,0.882
0.254,-0.723
-0.602,2.177
-0.972,-0.301
-2.574,0.741
2.28,1.614
2.093,2.749
1.593,-0.076
1.298,1.608
-1.313,1.906
-1.589,0.54
1.801,1.976
1.598,-0.406
1.5,2.019
0.858,0.453
-1.159,-0.648
1.936,2.975
2.009,-0.503
-2.664,-1.255
0.028,0.143
-0.122,-1.902
-0.335,-1.834
-0.305,-1.668
-1.12,-1.73
-1.604,-1.842
-1.715,-1.946
-2.383,-1.843
-2.356,-2.017
-2.458,-1.936
-3.05,-1.817
2.701,-2.205
1.861,-2.238
1.624,-2.049
1.475,-1.951
1.119,-1.811
0.791,-1.892
0.436,-1.811
-0.407,2.461
-0.614,2.552
-0.959,2.502
-1.321,2.438
-1.418,2.235
-1.362,2.527
3.017,2.452
2.342,2.56
2.245,2.599
1.936,2.381
1.412,2.306
0.009,2.428
-1.597,0.825
-2.188,-1.466
2.87,0.509
2.674,0.586
2.314,0.475
1.959,1.355
1.416,-0.801
-1.566,2.362
-0.096,2.214
-0.08,1.881
-0.056,-0.615
-0.192,-1.306
-0.586,-0.828
-0.492,0.456
-0.612,2.161
-0.592,1.899
-0.492,-0.249
-0.49,0.623
-0.656,0.914
-0.611,0.306
-0.66,0.329
-0.805,2.089
-0.701,0.258
-0.819,1.134
-0.86,0.077
-0.853,-0.678
-0.734,-0.311
-0.749,0.509
-0.803,2.294
-0.955,0.751
-0.999,2.216
-0.979,0.5
-0.988,0.91
-1.148,0.4
-1.049,2.139
-1.174,1.941
-1.327,0.736
-1.521,1.085
-1.772,-1.533
-1.839,0.151
-1.741,-0.721
-1.825,-0.089
-1.9,1.732
-2.087,-0.26
-2.077,0.16
-2.131,-1.623
-2.393,0.059
-2.436,2.284
-2.573,-0.977
-2.642,-1.69
-2.743,1.535
3.088,-1.325
-3.076,2.003
3.111,2.292
2.998,0.234
2.951,-0.068
2.922,0.876
2.635,-0.095
2.678,2.208
2.508,1.239
2.304,-0.577
2.257,1.613
2.164,-1.439
2.15,1.98
2.013,1.179
2.14,1.637
2.096,0.752
2.05,-0.041
2.072,1.681
1.804,2.2
1.867,2.137
1.865,0.954
1.795,0.619
1.762,0.487
1.659,-0.018
1.608,-0.527
1.687,-0.554
1.674,-1.109
1.435,1.784
1.313,-1.307
1.084,-0.737
1.137,-1.179
1.087,2.011
0.908,-1.482
0.876,-0.822
0.957,1.962
0.598,-1.613
0.2,-1.333
0.188,1.596
0.181,-0.014
0.037,0.088
0.034,-1.975
-0.557,-1.895
-0.806,-1.959
-0.88,-2.032
-1.283,-1.916
-1.776,-1.854
2.956,-1.887
1.896,-2.126
1.825,-2.02
1.935,-2.144
1.389,-2.075
1.471,-1.742
1.375,-1.782
1.162,-2.051
0.592,-1.922
0.316,-2.188
-0.323,2.499
-0.321,2.568
-0.547,2.548
-1.755,2.566
-2.608,2.546
-3.062,2.562
2.97,2.552
2.414,2.374
2.384,2.437
2.283,2.518
1.214,2.552
1.022,2.485
-0.965,1.819
-1.273,-0.102
-1.542,-0.083
-2.189,-0.111
2.53,1.264
2.407,0.028
2.218,-0.696
1.842,0.061
1.883,0.207
1.797,-0.049
0.306,-1.654
-0.55,1.246
-0.92,-1.232
-2.522,-0.19
2.332,0.683
2.145,1.818
1.645,-1.007
1.35,0.677
-1.261,0.975
-1.537,-0.391
1.853,1.045
1.65,-1.337
1.552,1.088
0.91,-0.478
-1.107,-1.579
1.988,2.044
2.061,-1.434
-2.612,-2.186
-0.15,-2.045
-0.363,-1.977
-0.333,-1.811
-1.148,-1.873
-1.632,-1.985
-1.743,-2.089
-2.411,-1.986
-2.384,-2.16
-2.486,-2.079
-3.078,-1.96
2.673,-2.348
1.833,-2.381
1.596,-2.192
1.447,-2.094
1.091,-1.954
0.763,-2.035
0.408,-1.954
-0.435,2.318
-0.642,2.409
-0.987,2.359
-1.349,2.295
-1.446,2.092
-1.39,2.384
2.989,2.309
2.314,2.417
2.217,2.456
1.908,2.238
1.384,2.163
-0.019,2.285
-1.625,0.682
-2.216,-1.609
2.842,0.366
2.646,0.443
2.286,0.332
1.931,1.212
1.388,-0.944
-1.594,2.219
-0.124,2.071
-0.108,1.738
-0.084,-0.758
-0.22,-1.449
-0.614,-0.971
-0.52,0.313
-0.64,2.018
-0.62,1.756
-0.52,-0.392
-0.518,0.48
-0.684,0.771
-0.639,0.163
-0.688,0.186
-0.833,1.946
-0.729,0.115
-0.847,0.991
-0.888,-0.066
-0.881,-0.821
-0.762,-0.454
-0.777,0.366
-0.831,2.151
-0.983,0.608
-1.027,2.073
-1.007,0.357
-1.016,0.767
-1.176,0.257
-1.077,1.996
-1.202,1.798
-1.355,0.593
-1.549,0.942
-1.8,-1.676
-1.867,0.008
-1.769,-0.864
-1.853,-0.232
-1.928,1.589
-2.115,-0.403
-2.105,0.017
-2.159,-1.766
-2.421,-0.084
-2.464,2.141
-2.601,-1.12
-2.67,-1.833
-2.771,1.392
3.06,-1.468
-3.104,1.86
3.083,2.149
2.97,0.091
2.923,-0.211
2.894,0.733
2.607,-0.238
2.65,2.065
2.48,1.096
2.276,-0.72
2.229,1.47
2.136,-1.582
2.122,1.837
1.985,1.036
2.112,1.494
2.068,0.609
2.022,-0.184
2.044,1.538
1.776,2.057
1.839,1.994
1.837,0.811
1.767,0.476
1.734,0.344
1.631,-0.161
1.58,-0.67
1.659,-0.697
1.646,-1.252
1.407,1.641
1.285,-1.45
1.056,-0.88
1.109,-1.322
1.059,1.868
0.88,-1.625
0.848,-0.965
0.929,1.819
0.57,-1.756
0.172,-1.476
0.16,1.453
0.153,-0.157
0.009,-0.055
0.006,-2.118
-0.585,-2.038
-0.834,-2.102
-0.908,-2.175
-1.311,-2.059
-1.804,-1.997
2.928,-2.03
1.868,-2.269
1.797,-2.163
1.907,-2.287
1.361,-2.218
1.443,-1.885
1.347,-1.925
1.134,-2.194
0.564,-2.065
0.288,-2.331
-0.351,2.356
-0.349,2.425
-0.575,2.405
-1.783,2.423
-2.636,2.403
-3.09,2.419
2.942,2.409
2.386,2.231
2.356,2.294
2.255,2.375
1.186,2.409
0.994,2.342
-0.993,1.676
-1.301,-0.245
-1.57,-0.226
-2.217,-0.254
2.502,1.121
2.379,-0.115
2.19,-0.839
1.814,-0.082
1.855,0.064
1.769,-0.192
0.278,-1.797
-0.578,1.103
-0.948,-1.375
-2.55,-0.333
2.304,0.54
2.117,1.675
1.617,-1.15
1.322,0.534
-1.289,0.832
-1.565,-0.534
1.825,0.902
1.622,-1.48
1.524,0.945
0.882,-0.621
-1.135,-1.722
1.96,1.901
2.033,-1.577
-2.64,-2.329
-0.213,0.068
-0.183,0.234
-0.998,0.172
-1.482,0.06
-1.593,-0.044
-2.261,0.059
-2.234,-0.115
-2.336,-0.034
-2.928,0.085
2.823,-0.303
1.983,-0.336
1.746,-0.147
1.597,-0.049
1.241,0.091
0.913,0.01
0.558,0.091
-0.285,4.363
-0.492,4.454
-0.837,4.404
-1.199,4.34
-1.296,4.137
-1.24,4.429
3.139,4.354
2.464,4.462
2.367,4.501
2.058,4.283
1.534,4.208
0.131,4.33
-1.475,2.727
-2.066,0.436
2.992,2.411
2.796,2.488
2.436,2.377
2.081,3.257
1.538,1.101
-1.444,4.264
0.026,4.116
0.042,3.783
0.066,1.287
-0.07,0.596
-0.464,1.074
-0.37,2.358
-0.49,4.063
-0.47,3.801
-0.37,1.653
-0.368,2.525
-0.534,2.816
-0.489,2.208
-0.538,2.231
-0.683,3.991
-0.579,2.16
-0.697,3.036
-0.738,1.979
-0.731,1.224
-0.612,1.591
-0.627,2.411
-0.681,4.196
-0.833,2.653
-0.877,4.118
-0.857,2.402
-0.866,2.812
-1.026,2.302
-0.927,4.041
-1.052,3.843
-1.205,2.638
-1.399,2.987
-1.65,0.369
-1.717,2.053
-1.619,1.181
-1.703,1.813
-1.778,3.634
-1.965,1.642
-1.955,2.062
-2.009,0.279
-2.271,1.961
-2.314,4.186
-2.451,0.925
-2.52,0.212
-2.621,3.437
-3.073,0.577
-2.954,3.905
-3.05,4.194
3.12,2.136
3.073,1.834
3.044,2.778
2.757,1.807
2.8,4.11
2.63,3.141
2.426,1.325
2.379,3.515
2.286,0.463
2.272,3.882
2.135,3.081
2.262,3.539
2.218,2.654
2.172,1.861
2.194,3.583
1.926,4.102
1.989,4.039
1.987,2.856
1.917,2.521
1.884,2.389
1.781,1.884
1.73,1.375
1.809,1.348
1.796,0.793
1.557,3.686
1.435,0.595
1.206,1.165
1.259,0.723
1.209,3.913
1.03,0.42
0.998,1.08
1.079,3.864
0.72,0.289
0.322,0.569
0.31,3.498
0.303,1.888
0.159,1.99
0.156,-0.073
-0.435,0.007
-0.684,-0.057
-0.758,-0.13
-1.161,-0.014
-1.654,0.048
3.078,0.015
2.018,-0.224
1.947,-0.118
2.057,-0.242
1.511,-0.173
1.593,0.16
1.497,0.12
1.284,-0.149
0.714,-0.02
0.438,-0.286
-0.201,4.401
-0.199,4.47
-0.425,4.45
-1.633,4.468
-2.486,4.448
-2.94,4.464
3.092,4.454
2.536,4.276
2.506,4.339
2.405,4.42
1.336,4.454
1.144,4.387
-0.843,3.721
-1.151,1.8
-1.42,1.819
-2.067,1.791
2.652,3.166
2.529,1.93
2.34,1.206
1.964,1.963
2.005,2.109
1.919,1.853
0.428,0.248
-0.428,3.148
-0.798,0.67
-2.4,1.712
2.454,2.585
2.267,3.72
1.767,0.895
1.472,2.579
-1.139,2.877
-1.415,1.511
1.975,2.947
1.772,0.565
1.674,2.99
1.032,1.424
-0.985,0.323
2.11,3.946
2.183,0.468
-2.49,-0.284
0.03,0.166
-0.785,0.104
-1.269,-0.008
-1.38,-0.112
-2.048,-0.009
-2.021,-0.183
-2.123,-0.102
-2.715,0.017
3.036,-0.371
2.196,-0.404
1.959,-0.215
1.81,-0.117
1.454,0.023
1.126,-0.058
0.771,0.023
-0.072,4.295
-0.279,4.386
-0.624,4.336
-0.986,4.272
-1.083,4.069
-1.027,4.361
-2.931,4.286
2.677,4.394
2.58,4.433
2.271,4.215
1.747,4.14
0.344,4.262
-1.262,2.659
-1.853,0.368
-3.078,2.343
3.009,2.42
2.649,2.309
2.294,3.189
1.751,1.033
-1.231,4.196
0.239,4.048
0.255,3.715
0.279,1.219
0.143,0.528
-0.251,1.006
-0.157,2.29
-0.277,3.995
-0.257,3.733
-0.157,1.585
-0.155,2.457
-0.321,2.748
-0.276,2.14
-0.325,2.163
-0.47,3.923
-0.366,2.092
-0.484,2.968
-0.525,1.911
-0.518,1.156
-0.399,1.523
-0.414,2.343
-0.468,4.128
-0.62,2.585
-0.664,4.05
-0.644,2.334
-0.653,2.744
-0.813,2.234
-0.714,3.973
-0.839,3.775
-0.992,2.57
-1.186,2.919
-1.437,0.301
-1.504,1.985
-1.406,1.113
-1.49,1.745
-1.565,3.566
-1.752,1.574
-1.742,1.994
-1.796,0.211
-2.058,1.893
-2.101,4.118
-2.238,0.857
-2.307,0.144
-2.408,3.369
-2.86,0.509
-2.741,3.837
-2.837,4.126
-2.95,2.068
-2.997,1.766
-3.026,2.71
2.97,1.739
3.013,4.042
2.843,3.073
2.639,1.257
2.592,3.447
2.499,0.395
2.485,3.814
2.348,3.013
2.475,3.471
2.431,2.586
2.385,1.793
2.407,3.515
2.139,4.034
2.202,3.971
2.2,2.788
2.13,2.453
2.097,2.321
1.994,1.816
1.943,1.307
2.022,1.28
2.009,0.725
1.77,3.618
1.648,0.527
1.419,1.097
1.472,0.655
1.422,3.845
1.243,0.352
1.211,1.012
1.292,3.796
0.933,0.221
0.535,0.501
0.523,3.43
0.516,1.82
0.372,1.922
0.369,-0.141
-0.222,-0.061
-0.471,-0.125
-0.545,-0.198
-0.948,-0.082
-1.441,-0.02
-2.992,-0.053
2.231,-0.292
2.16,-0.186
2.27,-0.31
1.724,-0.241
1.806,0.092
1.71,0.052
1.497,-0.217
0.927,-0.088
0.651,-0.354
0.012,4.333
0.014,4.402
-0.212,4.382
-1.42,4.4
-2.273,4.38
-2.727,4.396
-2.978,4.386
2.749,4.208
2.719,4.271
2.618,4.352
1.549,4.386
1.357,4.319
-0.63,3.653
-0.938,1.732
-1.207,1.751
-1.854,1.723
2.865,3.098
2.742,1.862
2.553,1.138
2.177,1.895
2.218,2.041
2.132,1.785
0.641,0.18
-0.215,3.08
-0.585,0.602
-2.187,1.644
2.667,2.517
2.48,3.652
1.98,0.827
1.685,2.511
-0.926,2.809
-1.202,1.443
2.188,2.879
1.985,0.497
1.887,2.922
1.245,1.356
-0.772,0.255
2.323,3.878
2.396,0.4
-2.277,-0.352
-0.815,-0.062
-1.299,-0.174
-1.41,-0.278
-2.078,-0.175
-2.051,-0.349
-2.153,-0.268
-2.745,-0.149
3.006,-0.537
2.166,-0.57
1.929,-0.381
1.78,-0.283
1.424,-0.143
1.096,-0.224
0.741,-0.143
-0.102,4.129
-0.309,4.22
-0.654,4.17
-1.016,4.106
-1.113,3.903
-1.057,4.195
-2.961,4.12
2.647,4.228
2.55,4.267
2.241,4.049
1.717,3.974
0.314,4.096
-1.292,2.493
-1.883,0.202
-3.108,2.177
2.979,2.254
2.619,2.143
2.264,3.023
1.721,0.867
-1.261,4.03
0.209,3.882
0.225,3.549
0.249,1.053
0.113,0.362
-0.281,0.84
-0.187,2.124
-0.307,3.829
-0.287,3.567
-0.187,1.419
-0.185,2.291
-0.351,2.582
-0.306,1.974
-0.355,1.997
-0.5,3.757
-0.396,1.926
-0.514,2.802
-0.555,1.745
-0.548,0.99
-0.429,1.357
-0.444,2.177
-0.498,3.962
-0.65,2.419
-0.694,3.884
-0.674,2.168
-0.683,2.578
-0.843,2.068
-0.744,3.807
-0.869,3.609
-1.022,2.404
-1.216,2.753
-1.467,0.135
-1.534,1.819
-1.436,0.947
-1.52,1.579
-1.595,3.4
-1.782,1.408
-1.772,1.828
-1.826,0.045
-2.088,1.727
-2.131,3.952
-2.268,0.691
-2.337,-0.022
-2.438,3.203
-2.89,0.343
-2.771,3.671
-2.867,3.96
-2.98,1.902
-3.027,1.6
-3.056,2.544
2.94,1.573
2.983,3.876
2.813,2.907
2.609,1.091
2.562,3.281
2.469,0.229
2.455,3.648
2.318,2.847
2.445,3.305
2.401,2.42
2.355,1.627
2.377,3.349
2.109,3.868
2.172,3.805
2.17,2.622
2.1,2.287
2.067,2.155
1.964,1.65
1.913,1.141
1.992,1.114
1.979,0.559
1.74,3.452
1.618,0.361
1.389,0.931
1.442,0.489
1.392,3.679
1.213,0.186
1.181,0.846
1.262,3.63
0.903,0.055
0.505,0.335
0.493,3.264
0.486,1.654
0.342,1.756
0.339,-0.307
-0.252,-0.227
-0.501,-0.291
-0.575,-0.364
-0.978,-0.248
-1.471,-0.186
-3.022,-0.219
2.201,-0.458
2.13,-0.352
2.24,-0.476
1.694,-0.407
1.776,-0.074
1.68,-0.114
1.467,-0.383
0.897,-0.254
0.621,-0.52
-0.018,4.167
-0.016,4.236
-0.242,4.216
-1.45,4.234
-2.303,4.214
-2.757,4.23
-3.008,4.22
2.719,4.042
2.689,4.105
2.588,4.186
1.519,4.22
1.327,4.153
-0.66,3.487
-0.968,1.566
-1.237,1.585
-1.884,1.557
2.835,2.932
2.712,1.696
2.523,0.972
2.147,1.729
2.188,1.875
2.102,1.619
0.611,0.014
-0.245,2.914
-0.615,0.436
-2.217,1.478
2.637,2.351
2.45,3.486
1.95,0.661
1.655,2.345
-0.956,2.643
-1.232,1.277
2.158,2.713
1.955,0.331
1.857,2.756
1.215,1.19
-0.802,0.089
2.293,3.712
2.366,0.234
-2.307,-0.518
-0.484,-0.112
-0.595,-0.216
-1.263,-0.113
-1.236,-0.287
-1.338,-0.206
-1.93,-0.087
-2.462,-0.475
2.981,-0.508
2.744,-0.319
2.595,-0.221
2.239,-0.081
1.911,-0.162
1.556,-0.081
0.713,4.191
0.506,4.282
0.161,4.232
-0.201,4.168
-0.298,3.965
-0.242,4.257
-2.146,4.182
-2.821,4.29
-2.918,4.329
3.056,4.111
2.532,4.036
1.129,4.158
-0.477,2.555
-1.068,0.264
-2.293,2.239
-2.489,2.316
-2.849,2.205
3.079,3.085
2.536,0.929
-0.446,4.092
1.024,3.944
1.04,3.611
1.064,1.115
0.928,0.424
0.534,0.902
0.628,2.186
0.508,3.891
0.528,3.629
0.628,1.481
0.63,2.353
0.464,2.644
0.509,2.036
0.46,2.059
0.315,3.819
0.419,1.988
0.301,2.864
0.26,1.807
0.267,1.052
0.386,1.419
0.371,2.239
0.317,4.024
0.165,2.481
0.121,3.946
0.141,2.23
0.132,2.64
-0.028,2.13
0.071,3.869
-0.054,3.671
-0.207,2.466
-0.401,2.815
-0.652,0.197
-0.719,1.881
-0.621,1.009
-0.705,1.641
-0.78,3.462
-0.967,1.47
-0.957,1.89
-1.011,0.107
-1.273,1.789
-1.316,4.014
-1.453,0.753
-1.522,0.04
-1.623,3.265
-2.075,0.405
-1.956,3.733
-2.052,4.022
-2.165,1.964
-2.212,1.662
-2.241,2.606
-2.528,1.635
-2.485,3.938
-2.655,2.969
-2.859,1.153
-2.906,3.343
-2.999,0.291
-3.013,3.71
3.133,2.909
-3.023,3.367
-3.067,2.482
-3.113,1.689
-3.091,3.411
2.924,3.93
2.987,3.867
2.985,2.684
2.915,2.349
2.882,2.217
2.779,1.712
2.728,1.203
2.807,1.176
2.794,0.621
2.555,3.514
2.433,0.423
2.204,0.993
2.257,0.551
2.207,3.741
2.028,0.248
1.996,0.908
2.077,3.692
1.718,0.117
1.32,0.397
1.308,3.326
1.301,1.716
1.157,1.818
1.154,-0.245
0.563,-0.165
0.314,-0.229
0.24,-0.302
-0.163,-0.186
-0.656,-0.124
-2.207,-0.157
3.016,-0.396
2.945,-0.29
3.055,-0.414
2.509,-0.345
2.591,-0.012
2.495,-0.052
2.282,-0.321
1.712,-0.192
1.436,-0.458
0.797,4.229
0.799,4.298
0.573,4.278
-0.635,4.296
-1.488,4.276
-1.942,4.292
-2.193,4.282
-2.749,4.104
-2.779,4.167
-2.88,4.248
2.334,4.282
2.142,4.215
0.155,3.549
-0.153,1.628
-0.422,1.647
-1.069,1.619
-2.633,2.994
-2.756,1.758
-2.945,1.034
2.962,1.791
3.003,1.937
2.917,1.681
1.426,0.076
0.57,2.976
0.2,0.498
-1.402,1.54
-2.831,2.413
-3.018,3.548
2.765,0.723
2.47,2.407
-0.141,2.705
-0.417,1.339
2.973,2.775
2.77,0.393
2.672,2.818
2.03,1.252
0.013,0.151
3.108,3.774
-3.102,0.296
-1.492,-0.456
-0.111,-0.104
-0.779,-0.001
-0.752,-0.175
-0.854,-0.094
-1.446,0.025
-1.978,-0.363
-2.818,-0.396
-3.055,-0.207
3.079,-0.109
2.723,0.031
2.395,-0.05
2.04,0.031
1.197,4.303
0.99,4.394
0.645,4.344
0.283,4.28
0.186,4.077
0.242,4.369
-1.662,4.294
-2.337,4.402
-2.434,4.441
-2.743,4.223
3.016,4.148
1.613,4.27
0.007,2.667
-0.584,0.376
-1.809,2.351
-2.005,2.428
-2.365,2.317
-2.72,3.197
3.02,1.041
0.038,4.204
1.508,4.056
1.524,3.723
1.548,1.227
1.412,0.536
1.018,1.014
1.112,2.298
0.992,4.003
1.012,3.741
1.112,1.593
1.114,2.465
0.948,2.756
0.993,2.148
0.944,2.171
0.799,3.931
0.903,2.1
0.785,2.976
0.744,1.919
0.751,1.164
0.87,1.531
0.855,2.351
0.801,4.136
0.649,2.593
0.605,4.058
0.625,2.342
0.616,2.752
0.456,2.242
0.555,3.981
0.43,3.783
0.277,2.578
0.083,2.927
-0.168,0.309
-0.235,1.993
-0.137,1.121
-0.221,1.753
-0.296,3.574
-0.483,1.582
-0.473,2.002
-0.527,0.219
-0.789,1.901
-0.832,4.126
-0.969,0.865
-1.038,0.152
-1.139,3.377
-1.591,0.517
-1.472,3.845
-1.568,4.134
-1.681,2.076
-1.728,1.774
-1.757,2.718
-2.044,1.747
-2.001,4.05
-2.171,3.081
-2.375,1.265
-2.422,3.455
-2.515,0.403
-2.529,3.822
-2.666,3.021
-2.539,3.479
-2.583,2.594
-2.629,1.801
-2.607,3.523
-2.875,4.042
-2.812,3.979
-2.814,2.796
-2.884,2.461
-2.917,2.329
-3.02,1.824
-3.071,1.315
-2.992,1.288
-3.005,0.733
3.039,3.626
2.917,0.535
2.688,1.105
2.741,0.663
2.691,3.853
2.512,0.36
2.48,1.02
2.561,3.804
2.202,0.229
1.804,0.509
1.792,3.438
1.785,1.828
1.641,1.93
1.638,-0.133
1.047,-0.053
0.798,-0.117
0.724,-0.19
0.321,-0.074
-0.172,-0.012
-1.723,-0.045
-2.783,-0.284
-2.854,-0.178
-2.744,-0.302
2.993,-0.233
3.075,0.1
2.979,0.06
2.766,-0.209
2.196,-0.08
1.92,-0.346
1.281,4.341
1.283,4.41
1.057,4.39
-0.151,4.408
-1.004,4.388
-1.458,4.404
-1.709,4.394
-2.265,4.216
-2.295,4.279
-2.396,4.36
2.818,4.394
2.626,4.327
0.639,3.661
0.331,1.74
0.062,1.759
-0.585,1.731
-2.149,3.106
-2.272,1.87
-2.461,1.146
-2.837,1.903
-2.796,2.049
-2.882,1.793
1.91,0.188
1.054,3.088
0.684,0.61
-0.918,1.652
-2.347,2.525
-2.534,3.66
-3.034,0.835
2.954,2.519
0.343,2.817
0.067,1.451
-2.826,2.887
-3.029,0.505
-3.127,2.93
2.514,1.364
0.497,0.263
-2.691,3.886
-2.618,0.408
-1.008,-0.344
-0.668,0.103
-0.641,-0.071
-0.743,0.01
-1.335,0.129
-1.867,-0.259
-2.707,-0.292
-2.944,-0.103
-3.093,-0.005
2.834,0.135
2.506,0.054
2.151,0.135
1.308,4.407
1.101,4.498
0.756,4.448
0.394,4.384
0.297,4.181
0.353,4.473
-1.551,4.398
-2.226,4.506
-2.323,4.545
-2.632,4.327
3.127,4.252
1.724,4.374
0.118,2.771
-0.473,0.48
-1.698,2.455
-1.894,2.532
-2.254,2.421
-2.609,3.301
3.131,1.145
0.149,4.308
1.619,4.16
1.635,3.827
1.659,1.331
1.523,0.64
1.129,1.118
1.223,2.402
1.103,4.107
1.123,3.845
1.223,1.697
1.225,2.569
1.059,2.86
1.104,2.252
1.055,2.275
0.91,4.035
1.014,2.204
0.896,3.08
0.855,2.023
0.862,1.268
0.981,1.635
0.966,2.455
0.912,4.24
0.76,2.697
0.716,4.162
0.736,2.446
0.727,2.856
0.567,2.346
0.666,4.085
0.541,3.887
0.388,2.682
0.194,3.031
-0.057,0.413
-0.124,2.097
-0.026,1.225
-0.11,1.857
-0.185,3.678
-0.372,1.686
-0.362,2.106
-0.416,0.323
-0.678,2.005
-0.721,4.23
-0.858,0.969
-0.927,0.256
-1.028,3.481
-1.48,0.621
-1.361,3.949
-1.457,4.238
-1.57,2.18
-1.617,1.878
-1.646,2.822
-1.933,1.851
-1.89,4.154
-2.06,3.185
-2.264,1.369
-2.311,3.559
-2.404,0.507
-2.418,3.926
-2.555,3.125
-2.428,3.583
-2.472,2.698
-2.518,1.905
-2.496,3.627
-2.764,4.146
-2.701,4.083
-2.703,2.9
-2.773,2.565
-2.806,2.433
-2.909,1.928
-2.96,1.419
-2.881,1.392
-2.894,0.837
-3.133,3.73
3.028,0.639
2.799,1.209
2.852,0.767
2.802,3.957
2.623,0.464
2.591,1.124
2.672,3.908
2.313,0.333
1.915,0.613
1.903,3.542
1.896,1.932
1.752,2.034
1.749,-0.029
1.158,0.051
0.909,-0.013
0.835,-0.086
0.432,0.03
-0.061,0.092
-1.612,0.059
-2.672,-0.18
-2.743,-0.074
-2.633,-0.198
3.104,-0.129
-3.097,0.204
3.09,0.164
2.877,-0.105
2.307,0.024
2.031,-0.242
1.392,4.445
1.394,4.514
1.168,4.494
-0.04,4.512
-0.893,4.492
-1.347,4.508
-1.598,4.498
-2.154,4.32
-2.184,4.383
-2.285,4.464
2.929,4.498
2.737,4.431
0.75,3.765
0.442,1.844
0.173,1.863
-0.474,1.835
-2.038,3.21
-2.161,1.974
-2.35,1.25
-2.726,2.007
-2.685,2.153
-2.771,1.897
2.021,0.292
1.165,3.192
0.795,0.714
-0.807,1.756
-2.236,2.629
-2.423,3.764
-2.923,0.939
3.065,2.623
0.454,2.921
0.178,1.555
-2.715,2.991
-2.918,0.609
-3.016,3.034
2.625,1.468
0.608,0.367
-2.58,3.99
-2.507,0.512
-0.897,-0.24
0.027,-0.174
-0.075,-0.093
-0.667,0.026
-1.199,-0.362
-2.039,-0.395
-2.276,-0.206
-2.425,-0.108
-2.781,0.032
-3.109,-0.049
2.819,0.032
1.976,4.304
1.769,4.395
1.424,4.345
1.062,4.281
0.965,4.078
1.021,4.37
-0.883,4.295
-1.558,4.403
-1.655,4.442
-1.964,4.224
-2.488,4.149
2.392,4.271
0.786,2.668
0.195,0.377
-1.03,2.352
-1.226,2.429
-1.586,2.318
-1.941,3.198
-2.484,1.042
0.817,4.205
2.287,4.057
2.303,3.724
2.327,1.228
2.191,0.537
1.797,1.015
1.891,2.299
1.771,4.004
1.791,3.742
1.891,1.594
1.893,2.466
1.727,2.757
1.772,2.149
1.723,2.172
1.578,3.932
1.682,2.101
1.564,2.977
1.523,1.92
1.53,1.165
1.649,1.532
1.634,2.352
1.58,4.137
1.428,2.594
1.384,4.059
1.404,2.343
1.395,2.753
1.235,2.243
1.334,3.982
1.209,3.784
1.056,2.579
0.862,2.928
0.611,0.31
0.544,1.994
0.642,1.122
0.558,1.754
0.483,3.575
0.296,1.583
0.306,2.003
0.252,0.22
-0.01,1.902
-0.053,4.127
-0.19,0.866
-0.259,0.153
-0.36,3.378
-0.812,0.518
-0.693,3.846
-0.789,4.135
-0.902,2.077
-0.949,1.775
-0.978,2.719
-1.265,1.748
-1.222,4.051
-1.392,3.082
-1.596,1.266
-1.643,3.456
-1.736,0.404
-1.75,3.823
-1.887,3.022
-1.76,3.48
-1.804,2.595
-1.85,1.802
-1.828,3.524
-2.096,4.043
-2.033,3.98
-2.035,2.797
-2.105,2.462
-2.138,2.33
-2.241,1.825
-2.292,1.316
-2.213,1.289
-2.226,0.734
-2.465,3.627
-2.587,0.536
-2.816,1.106
-2.763,0.664
-2.813,3.854
-2.992,0.361
-3.024,1.021
-2.943,3.805
2.981,0.23
2.583,0.51
2.571,3.439
2.564,1.829
2.42,1.931
2.417,-0.132
1.826,-0.052
1.577,-0.116
1.503,-0.189
1.1,-0.073
0.607,-0.011
-0.944,-0.044
-2.004,-0.283
-2.075,-0.177
-1.965,-0.301
-2.511,-0.232
-2.429,0.101
-2.525,0.061
-2.738,-0.208
2.975,-0.079
2.699,-0.345
2.06,4.342
2.062,4.411
1.836,4.391
0.628,4.409
-0.225,4.389
-0.679,4.405
-0.93,4.395
-1.486,4.217
-1.516,4.28
-1.617,4.361
-2.686,4.395
-2.878,4.328
1.418,3.662
1.11,1.741
0.841,1.76
0.194,1.732
-1.37,3.107
-1.493,1.871
-1.682,1.147
-2.058,1.904
-2.017,2.05
-2.103,1.794
2.689,0.189
1.833,3.089
1.463,0.611
-0.139,1.653
-1.568,2.526
-1.755,3.661
-2.255,0.836
-2.55,2.52
1.122,2.818
0.846,1.452
-2.047,2.888
-2.25,0.506
-2.348,2.931
-2.99,1.365
1.276,0.264
-1.912,3.887
-1.839,0.409
-0.229,-0.343
-0.102,0.081
-0.694,0.2
-1.226,-0.188
-2.066,-0.221
-2.303,-0.032
-2.452,0.066
-2.808,0.206
-3.136,0.125
2.792,0.206
1.949,4.478
1.742,4.569
1.397,4.519
1.035,4.455
0.938,4.252
0.994,4.544
-0.91,4.469
-1.585,4.577
-1.682,4.616
-1.991,4.398
-2.515,4.323
2.365,4.445
0.759,2.842
0.168,0.551
-1.057,2.526
-1.253,2.603
-1.613,2.492
-1.968,3.372
-2.511,1.216
0.79,4.379
2.26,4.231
2.276,3.898
2.3,1.402
2.164,0.711
1.77,1.189
1.864,2.473
1.744,4.178
1.764,3.916
1.864,1.768
1.866,2.64
1.7,2.931
1.745,2.323
1.696,2.346
1.551,4.106
1.655,2.275
1.537,3.151
1.496,2.094
1.503,1.339
1.622,1.706
1.607,2.526
1.553,4.311
1.401,2.768
1.357,4.233
1.377,2.517
1.368,2.927
1.208,2.417
1.307,4.156
1.182,3.958
1.029,2.753
0.835,3.102
0.584,0.484
0.517,2.168
0.615,1.296
0.531,1.928
0.456,3.749
0.269,1.757
0.279,2.177
0.225,0.394
-0.037,2.076
-0.08,4.301
-0.217,1.04
-0.286,0.327
-0.387,3.552
-0.839,0.692
-0.72,4.02
-0.816,4.309
-0.929,2.251
-0.976,1.949
-1.005,2.893
-1.292,1.922
-1.249,4.225
-1.419,3.256
-1.623,1.44
-1.67,3.63
-1.763,0.578
-1.777,3.997
-1.914,3.196
-1.787,3.654
-1.831,2.769
-1.877,1.976
-1.855,3.698
-2.123,4.217
-2.06,4.154
-2.062,2.971
-2.132,2.636
-2.165,2.504
-2.268,1.999
-2.319,1.49
-2.24,1.463
-2.253,0.908
-2.492,3.801
-2.614,0.71
-2.843,1.28
-2.79,0.838
-2.84,4.028
-3.019,0.535
-3.051,1.195
-2.97,3.979
2.954,0.404
2.556,0.684
2.544,3.613
2.537,2.003
2.393,2.105
2.39,0.042
1.799,0.122
1.55,0.058
1.476,-0.015
1.073,0.101
0.58,0.163
-0.971,0.13
-2.031,-0.109
-2.102,-0.003
-1.992,-0.127
-2.538,-0.058
-2.456,0.275
-2.552,0.235
-2.765,-0.034
2.948,0.095
2.672,-0.171
2.033,4.516
2.035,4.585
1.809,4.565
0.601,4.583
-0.252,4.563
-0.706,4.579
-0.957,4.569
-1.513,4.391
-1.543,4.454
-1.644,4.535
-2.713,4.569
-2.905,4.502
1.391,3.836
1.083,1.915
0.814,1.934
0.167,1.906
-1.397,3.281
-1.52,2.045
-1.709,1.321
-2.085,2.078
-2.044,2.224
-2.13,1.968
2.662,0.363
1.806,3.263
1.436,0.785
-0.166,1.827
-1.595,2.7
-1.782,3.835
-2.282,1.01
-2.577,2.694
1.095,2.992
0.819,1.626
-2.074,3.062
-2.277,0.68
-2.375,3.105
-3.017,1.539
1.249,0.438
-1.939,4.061
-1.866,0.583
-0.256,-0.169
-0.592,0.119
-1.124,-0.269
-1.964,-0.302
-2.201,-0.113
-2.35,-0.015
-2.706,0.125
-3.034,0.044
2.894,0.125
2.051,4.397
1.844,4.488
1.499,4.438
1.137,4.374
1.04,4.171
1.096,4.463
-0.808,4.388
-1.483,4.496
-1.58,4.535
-1.889,4.317
-2.413,4.242
2.467,4.364
0.861,2.761
0.27,0.47
-0.955,2.445
-1.151,2.522
-1.511,2.411
-1.866,3.291
-2.409,1.135
0.892,4.298
2.362,4.15
2.378,3.817
2.402,1.321
2.266,0.63
1.872,1.108
1.966,2.392
1.846,4.097
1.866,3.835
1.966,1.687
1.968,2.559
1.802,2.85
1.847,2.242
1.798,2.265
1.653,4.025
1.757,2.194
1.639,3.07
1.598,2.013
1.605,1.258
1.724,1.625
1.709,2.445
1.655,4.23
1.503,2.687
1.459,4.152
1.479,2.436
1.47,2.846
1.31,2.336
1.409,4.075
1.284,3.877
1.131,2.672
0.937,3.021
0.686,0.403
0.619,2.087
0.717,1.215
0.633,1.847
0.558,3.668
0.371,1.676
0.381,2.096
0.327,0.313
0.065,1.995
0.022,4.22
-0.115,0.959
-0.184,0.246
-0.285,3.471
-0.737,0.611
-0.618,3.939
-0.714,4.228
-0.827,2.17
-0.874,1.868
-0.903,2.812
-1.19,1.841
-1.147,4.144
-1.317,3.175
-1.521,1.359
-1.568,3.549
-1.661,0.497
-1.675,3.916
-1.812,3.115
-1.685,3.573
-1.729,2.688
-1.775,1.895
-1.753,3.617
-2.021,4.136
-1.958,4.073
-1.96,2.89
-2.03,2.555
-2.063,2.423
-2.166,1.918
-2.217,1.409
-2.138,1.382
-2.151,0.827
-2.39,3.72
-2.512,0.629
-2.741,1.199
-2.688,0.757
-2.738,3.947
-2.917,0.454
-2.949,1.114
-2.868,3.898
3.056,0.323
2.658,0.603
2.646,3.532
2.639,1.922
2.495,2.024
2.492,-0.039
1.901,0.041
1.652,-0.023
1.578,-0.096
1.175,0.02
0.682,0.082
-0.869,0.049
-1.929,-0.19
-2.0,-0.084
-1.89,-0.208
-2.436,-0.139
-2.354,0.194
-2.45,0.154
-2.663,-0.115
3.05,0.014
2.774,-0.252
2.135,4.435
2.137,4.504
1.911,4.484
0.703,4.502
-0.15,4.482
-0.604,4.498
-0.855,4.488
-1.411,4.31
-1.441,4.373
-1.542,4.454
-2.611,4.488
-2.803,4.421
1.493,3.755
1.185,1.834
0.916,1.853
0.269,1.825
-1.295,3.2
-1.418,1.964
-1.607,1.24
-1.983,1.997
-1.942,2.143
-2.028,1.887
2.764,0.282
1.908,3.182
1.538,0.704
-0.064,1.746
-1.493,2.619
-1.68,3.754
-2.18,0.929
-2.475,2.613
1.197,2.911
0.921,1.545
-1.972,2.981
-2.175,0.599
-2.273,3.024
-2.915,1.458
1.351,0.357
-1.837,3.98
-1.764,0.502
-0.154,-0.25
-0.532,-0.388
-1.372,-0.421
-1.609,-0.232
-1.758,-0.134
-2.114,0.006
-2.442,-0.075
-2.797,0.006
2.643,4.278
2.436,4.369
2.091,4.319
1.729,4.255
1.632,4.052
1.688,4.344
-0.216,4.269
-0.891,4.377
-0.988,4.416
-1.297,4.198
-1.821,4.123
3.059,4.245
1.453,2.642
0.862,0.351
-0.363,2.326
-0.559,2.403
-0.919,2.292
-1.274,3.172
-1.817,1.016
1.484,4.179
2.954,4.031
2.97,3.698
2.994,1.202
2.858,0.511
2.464,0.989
2.558,2.273
2.438,3.978
2.458,3.716
2.558,1.568
2.56,2.44
2.394,2.731
2.439,2.123
2.39,2.146
2.245,3.906
2.349,2.075
2.231,2.951
2.19,1.894
2.197,1.139
2.316,1.506
2.301,2.326
2.247,4.111
2.095,2.568
2.051,4.033
2.071,2.317
2.062,2.727
1.902,2.217
2.001,3.956
1.876,3.758
1.723,2.553
1.529,2.902
1.278,0.284
1.211,1.968
1.309,1.096
1.225,1.728
1.15,3.549
0.963,1.557
0.973,1.977
0.919,0.194
0.657,1.876
0.614,4.101
0.477,0.84
0.408,0.127
0.307,3.352
-0.145,0.492
-0.026,3.82
-0.122,4.109
-0.235,2.051
-0.282,1.749
-0.311,2.693
-0.598,1.722
-0.555,4.025
-0.725,3.056
-0.929,1.24
-0.976,3.43
-1.069,0.378
-1.083,3.797
-1.22,2.996
-1.093,3.454
-1.137,2.569
-1.183,1.776
-1.161,3.498
-1.429,4.017
-1.366,3.954
-1.368,2.771
-1.438,2.436
-1.471,2.304
-1.574,1.799
-1.625,1.29
-1.546,1.263
-1.559,0.708
-1.798,3.601
-1.92,0.51
-2.149,1.08
-2.096,0.638
-2.146,3.828
-2.325,0.335
-2.357,0.995
-2.276,3.779
-2.635,0.204
-3.033,0.484
-3.045,3.413
-3.052,1.803
3.087,1.905
3.084,-0.158
2.493,-0.078
2.244,-0.142
2.17,-0.215
1.767,-0.099
1.274,-0.037
-0.277,-0.07
-1.337,-0.309
-1.408,-0.203
-1.298,-0.327
-1.844,-0.258
-1.762,0.075
-1.858,0.035
-2.071,-0.234
-2.641,-0.105
-2.917,-0.371
2.727,4.316
2.729,4.385
2.503,4.365
1.295,4.383
0.442,4.363
-0.012,4.379
-0.263,4.369
-0.819,4.191
-0.849,4.254
-0.95,4.335
-2.019,4.369
-2.211,4.302
2.085,3.636
1.777,1.715
1.508,1.734
0.861,1.706
-0.703,3.081
-0.826,1.845
-1.015,1.121
-1.391,1.878
-1.35,2.024
-1.436,1.768
-2.927,0.163
2.5,3.063
2.13,0.585
0.528,1.627
-0.901,2.5
-1.088,3.635
-1.588,0.81
-1.883,2.494
1.789,2.792
1.513,1.426
-1.38,2.862
-1.583,0.48
-1.681,2.905
-2.323,1.339
1.943,0.238
-1.245,3.861
-1.172,0.383
0.438,-0.369
-0.84,-0.033
-1.077,0.156
-1.226,0.254
-1.582,0.394
-1.91,0.313
-2.265,0.394
-3.108,4.666
2.968,4.757
2.623,4.707
2.261,4.643
2.164,4.44
2.22,4.732
0.316,4.657
-0.359,4.765
-0.456,4.804
-0.765,4.586
-1.289,4.511
-2.692,4.633
1.985,3.03
1.394,0.739
0.169,2.714
-0.027,2.791
-0.387,2.68
-0.742,3.56
-1.285,1.404
2.016,4.567
-2.797,4.419
-2.781,4.086
-2.757,1.59
-2.893,0.899
2.996,1.377
3.09,2.661
2.97,4.366
2.99,4.104
3.09,1.956
3.092,2.828
2.926,3.119
2.971,2.511
2.922,2.534
2.777,4.294
2.881,2.463
2.763,3.339
2.722,2.282
2.729,1.527
2.848,1.894
2.833,2.714
2.779,4.499
2.627,2.956
2.583,4.421
2.603,2.705
2.594,3.115
2.434,2.605
2.533,4.344
2.408,4.146
2.255,2.941
2.061,3.29
1.81,0.672
1.743,2.356
1.841,1.484
1.757,2.116
1.682,3.937
1.495,1.945
1.505,2.365
1.451,0.582
1.189,2.264
1.146,4.489
1.009,1.228
0.94,0.515
0.839,3.74
0.387,0.88
0.506,4.208
0.41,4.497
0.297,2.439
0.25,2.137
0.221,3.081
-0.066,2.11
-0.023,4.413
-0.193,3.444
-0.397,1.628
-0.444,3.818
-0.537,0.766
-0.551,4.185
-0.688,3.384
-0.561,3.842
-0.605,2.957
-0.651,2.164
-0.629,3.886
-0.897,4.405
-0.834,4.342
-0.836,3.159
-0.906,2.824
-0.939,2.692
-1.042,2.187
-1.093,1.678
-1.014,1.651
-1.027,1.096
-1.266,3.989
-1.388,0.898
-1.617,1.468
-1.564,1.026
-1.614,4.216
-1.793,0.723
-1.825,1.383
-1.744,4.167
-2.103,0.592
-2.501,0.872
-2.513,3.801
-2.52,2.191
-2.664,2.293
-2.667,0.23
3.025,0.31
2.776,0.246
2.702,0.173
2.299,0.289
1.806,0.351
0.255,0.318
-0.805,0.079
-0.876,0.185
-0.766,0.061
-1.312,0.13
-1.23,0.463
-1.326,0.423
-1.539,0.154
-2.109,0.283
-2.385,0.017
-3.024,4.704
-3.022,4.773
3.035,4.753
1.827,4.771
0.974,4.751
0.52,4.767
0.269,4.757
-0.287,4.579
-0.317,4.642
-0.418,4.723
-1.487,4.757
-1.679,4.69
2.617,4.024
2.309,2.103
2.04,2.122
1.393,2.094
-0.171,3.469
-0.294,2.233
-0.483,1.509
-0.859,2.266
-0.818,2.412
-0.904,2.156
-2.395,0.551
3.032,3.451
2.662,0.973
1.06,2.015
-0.369,2.888
-0.556,4.023
-1.056,1.198
-1.351,2.882
2.321,3.18
2.045,1.814
-0.848,3.25
-1.051,0.868
-1.149,3.293
-1.791,1.727
2.475,0.626
-0.713,4.249
-0.64,0.771
0.97,0.019
-0.237,0.189
-0.386,0.287
-0.742,0.427
-1.07,0.346
-1.425,0.427
-2.268,4.699
-2.475,4.79
-2.82,4.74
3.101,4.676
3.004,4.473
3.06,4.765
1.156,4.69
0.481,4.798
0.384,4.837
0.075,4.619
-0.449,4.544
-1.852,4.666
2.825,3.063
2.234,0.772
1.009,2.747
0.813,2.824
0.453,2.713
0.098,3.593
-0.445,1.437
2.856,4.6
-1.957,4.452
-1.941,4.119
-1.917,1.623
-2.053,0.932
-2.447,1.41
-2.353,2.694
-2.473,4.399
-2.453,4.137
-2.353,1.989
-2.351,2.861
-2.517,3.152
-2.472,2.544
-2.521,2.567
-2.666,4.327
-2.562,2.496
-2.68,3.372
-2.721,2.315
-2.714,1.56
-2.595,1.927
-2.61,2.747
-2.664,4.532
-2.816,2.989
-2.86,4.454
-2.84,2.738
-2.849,3.148
-3.009,2.638
-2.91,4.377
-3.035,4.179
3.095,2.974
2.901,3.323
2.65,0.705
2.583,2.389
2.681,1.517
2.597,2.149
2.522,3.97
2.335,1.978
2.345,2.398
2.291,0.615
2.029,2.297
1.986,4.522
1.849,1.261
1.78,0.548
1.679,3.773
1.227,0.913
1.346,4.241
1.25,4.53
1.137,2.472
1.09,2.17
1.061,3.114
0.774,2.143
0.817,4.446
0.647,3.477
0.443,1.661
0.396,3.851
0.303,0.799
0.289,4.218
0.152,3.417
0.279,3.875
0.235,2.99
0.189,2.197
0.211,3.919
-0.057,4.438
0.006,4.375
0.004,3.192
-0.066,2.857
-0.099,2.725
-0.202,2.22
-0.253,1.711
-0.174,1.684
-0.187,1.129
-0.426,4.022
-0.548,0.931
-0.777,1.501
-0.724,1.059
-0.774,4.249
-0.953,0.756
-0.985,1.416
-0.904,4.2
-1.263,0.625
-1.661,0.905
-1.673,3.834
-1.68,2.224
-1.824,2.326
-1.827,0.263
-2.418,0.343
-2.667,0.279
-2.741,0.206
3.139,0.322
2.646,0.384
1.095,0.351
0.035,0.112
-0.036,0.218
0.074,0.094
-0.472,0.163
-0.39,0.496
-0.486,0.456
-0.699,0.187
-1.269,0.316
-1.545,0.05
-2.184,4.737
-2.182,4.806
-2.408,4.786
2.667,4.804
1.814,4.784
1.36,4.8
1.109,4.79
0.553,4.612
0.523,4.675
0.422,4.756
-0.647,4.79
-0.839,4.723
-2.826,4.057
-3.134,2.136
2.88,2.155
2.233,2.127
0.669,3.502
0.546,2.266
0.357,1.542
-0.019,2.299
0.022,2.445
-0.064,2.189
-1.555,0.584
-2.411,3.484
-2.781,1.006
1.9,2.048
0.471,2.921
0.284,4.056
-0.216,1.231
-0.511,2.915
-3.122,3.213
2.885,1.847
-0.008,3.283
-0.211,0.901
-0.309,3.326
-0.951,1.76
-2.968,0.659
0.127,4.282
0.2,0.804
1.81,0.052
-0.149,0.098
-0.505,0.238
-0.833,0.157
-1.188,0.238
-2.031,4.51
-2.238,4.601
-2.583,4.551
-2.945,4.487
-3.042,4.284
-2.986,4.576
1.393,4.501
0.718,4.609
0.621,4.648
0.312,4.43
-0.212,4.355
-1.615,4.477
3.062,2.874
2.471,0.583
1.246,2.558
1.05,2.635
0.69,2.524
0.335,3.404
-0.208,1.248
3.093,4.411
-1.72,4.263
-1.704,3.93
-1.68,1.434
-1.816,0.743
-2.21,1.221
-2.116,2.505
-2.236,4.21
-2.216,3.948
-2.116,1.8
-2.114,2.672
-2.28,2.963
-2.235,2.355
-2.284,2.378
-2.429,4.138
-2.325,2.307
-2.443,3.183
-2.484,2.126
-2.477,1.371
-2.358,1.738
-2.373,2.558
-2.427,4.343
-2.579,2.8
-2.623,4.265
-2.603,2.549
-2.612,2.959
-2.772,2.449
-2.673,4.188
-2.798,3.99
-2.951,2.785
3.138,3.134
2.887,0.516
2.82,2.2
2.918,1.328
2.834,1.96
2.759,3.781
2.572,1.789
2.582,2.209
2.528,0.426
2.266,2.108
2.223,4.333
2.086,1.072
2.017,0.359
1.916,3.584
1.464,0.724
1.583,4.052
1.487,4.341
1.374,2.283
1.327,1.981
1.298,2.925
1.011,1.954
1.054,4.257
0.884,3.288
0.68,1.472
0.633,3.662
0.54,0.61
0.526,4.029
0.389,3.228
0.516,3.686
0.472,2.801
0.426,2.008
0.448,3.73
0.18,4.249
0.243,4.186
0.241,3.003
0.171,2.668
0.138,2.536
0.035,2.031
-0.016,1.522
0.063,1.495
0.05,0.94
-0.189,3.833
-0.311,0.742
-0.54,1.312
-0.487,0.87
-0.537,4.06
-0.716,0.567
-0.748,1.227
-0.667,4.011
-1.026,0.436
-1.424,0.716
-1.436,3.645
-1.443,2.035
-1.587,2.137
-1.59,0.074
-2.181,0.154
-2.43,0.09
-2.504,0.017
-2.907,0.133
2.883,0.195
1.332,0.162
0.272,-0.077
0.201,0.029
0.311,-0.095
-0.235,-0.026
-0.153,0.307
-0.249,0.267
-0.462,-0.002
-1.032,0.127
-1.308,-0.139
-1.947,4.548
-1.945,4.617
-2.171,4.597
2.904,4.615
2.051,4.595
1.597,4.611
1.346,4.601
0.79,4.423
0.76,4.486
0.659,4.567
-0.41,4.601
-0.602,4.534
-2.589,3.868
-2.897,1.947
3.117,1.966
2.47,1.938
0.906,3.313
0.783,2.077
0.594,1.353
0.218,2.11
0.259,2.256
0.173,2.0
-1.318,0.395
-2.174,3.295
-2.544,0.817
2.137,1.859
0.708,2.732
0.521,3.867
0.021,1.042
-0.274,2.726
-2.885,3.024
3.122,1.658
0.229,3.094
0.026,0.712
-0.072,3.137
-0.714,1.571
-2.731,0.47
0.364,4.093
0.437,0.615
2.047,-0.137
-0.356,0.14
-0.684,0.059
-1.039,0.14
-1.882,4.412
-2.089,4.503
-2.434,4.453
-2.796,4.389
-2.893,4.186
-2.837,4.478
1.542,4.403
0.867,4.511
0.77,4.55
0.461,4.332
-0.063,4.257
-1.466,4.379
-3.072,2.776
2.62,0.485
1.395,2.46
1.199,2.537
0.839,2.426
0.484,3.306
-0.059,1.15
-3.041,4.313
-1.571,4.165
-1.555,3.832
-1.531,1.336
-1.667,0.645
-2.061,1.123
-1.967,2.407
-2.087,4.112
-2.067,3.85
-1.967,1.702
-1.965,2.574
-2.131,2.865
-2.086,2.257
-2.135,2.28
-2.28,4.04
-2.176,2.209
-2.294,3.085
-2.335,2.028
-2.328,1.273
-2.209,1.64
-2.224,2.46
-2.278,4.245
-2.43,2.702
-2.474,4.167
-2.454,2.451
-2.463,2.861
-2.623,2.351
-2.524,4.09
-2.649,3.892
-2.802,2.687
-2.996,3.036
3.036,0.418
2.969,2.102
3.067,1.23
2.983,1.862
2.908,3.683
2.721,1.691
2.731,2.111
2.677,0.328
2.415,2.01
2.372,4.235
2.235,0.974
2.166,0.261
2.065,3.486
1.613,0.626
1.732,3.954
1.636,4.243
1.523,2.185
1.476,1.883
1.447,2.827
1.16,1.856
1.203,4.159
1.033,3.19
0.829,1.374
0.782,3.564
0.689,0.512
0.675,3.931
0.538,3.13
0.665,3.588
0.621,2.703
0.575,1.91
0.597,3.632
0.329,4.151
0.392,4.088
0.39,2.905
0.32,2.57
0.287,2.438
0.184,1.933
0.133,1.424
0.212,1.397
0.199,0.842
-0.04,3.735
-0.162,0.644
-0.391,1.214
-0.338,0.772
-0.388,3.962
-0.567,0.469
-0.599,1.129
-0.518,3.913
-0.877,0.338
-1.275,0.618
-1.287,3.547
-1.294,1.937
-1.438,2.039
-1.441,-0.024
-2.032,0.056
-2.281,-0.008
-2.355,-0.081
-2.758,0.035
3.032,0.097
1.481,0.064
0.421,-0.175
0.35,-0.069
0.46,-0.193
-0.086,-0.124
-0.004,0.209
-0.1,0.169
-0.313,-0.1
-0.883,0.029
-1.159,-0.237
-1.798,4.45
-1.796,4.519
-2.022,4.499
3.053,4.517
2.2,4.497
1.746,4.513
1.495,4.503
0.939,4.325
0.909,4.388
0.808,4.469
-0.261,4.503
-0.453,4.436
-2.44,3.77
-2.748,1.849
-3.017,1.868
2.619,1.84
1.055,3.215
0.932,1.979
0.743,1.255
0.367,2.012
0.408,2.158
0.322,1.902
-1.169,0.297
-2.025,3.197
-2.395,0.719
2.286,1.761
0.857,2.634
0.67,3.769
0.17,0.944
-0.125,2.628
-2.736,2.926
-3.012,1.56
0.378,2.996
0.175,0.614
0.077,3.039
-0.565,1.473
-2.582,0.372
0.513,3.995
0.586,0.517
2.196,-0.235
-0.328,-0.081
-0.683,0.0
-1.526,4.272
-1.733,4.363
-2.078,4.313
-2.44,4.249
-2.537,4.046
-2.481,4.338
1.898,4.263
1.223,4.371
1.126,4.41
0.817,4.192
0.293,4.117
-1.11,4.239
-2.716,2.636
2.976,0.345
1.751,2.32
1.555,2.397
1.195,2.286
0.84,3.166
0.297,1.01
-2.685,4.173
-1.215,4.025
-1.199,3.692
-1.175,1.196
-1.311,0.505
-1.705,0.983
-1.611,2.267
-1.731,3.972
-1.711,3.71
-1.611,1.562
-1.609,2.434
-1.775,2.725
-1.73,2.117
-1.779,2.14
-1.924,3.9
-1.82,2.069
-1.938,2.945
-1.979,1.888
-1.972,1.133
-1.853,1.5
-1.868,2.32
-1.922,4.105
-2.074,2.562
-2.118,4.027
-2.098,2.311
-2.107,2.721
-2.267,2.211
-2.168,3.95
-2.293,3.752
-2.446,2.547
-2.64,2.896
-2.891,0.278
-2.958,1.962
-2.86,1.09
-2.944,1.722
-3.019,3.543
3.077,1.551
3.087,1.971
3.033,0.188
2.771,1.87
2.728,4.095
2.591,0.834
2.522,0.121
2.421,3.346
1.969,0.486
2.088,3.814
1.992,4.103
1.879,2.045
1.832,1.743
1.803,2.687
1.516,1.716
1.559,4.019
1.389,3.05
1.185,1.234
1.138,3.424
1.045,0.372
1.031,3.791
0.894,2.99
1.021,3.448
0.977,2.563
0.931,1.77
0.953,3.492
0.685,4.011
0.748,3.948
0.746,2.765
0.676,2.43
0.643,2.298
0.54,1.793
0.489,1.284
0.568,1.257
0.555,0.702
0.316,3.595
0.194,0.504
-0.035,1.074
0.018,0.632
-0.032,3.822
-0.211,0.329
-0.243,0.989
-0.162,3.773
-0.521,0.198
-0.919,0.478
-0.931,3.407
-0.938,1.797
-1.082,1.899
-1.085,-0.164
-1.676,-0.084
-1.925,-0.148
-1.999,-0.221
-2.402,-0.105
-2.895,-0.043
1.837,-0.076
0.777,-0.315
0.706,-0.209
0.816,-0.333
0.27,-0.264
0.352,0.069
0.256,0.029
0.043,-0.24
-0.527,-0.111
-0.803,-0.377
-1.442,4.31
-1.44,4.379
-1.666,4.359
-2.874,4.377
2.556,4.357
2.102,4.373
1.851,4.363
1.295,4.185
1.265,4.248
1.164,4.329
0.095,4.363
-0.097,4.296
-2.084,3.63
-2.392,1.709
-2.661,1.728
2.975,1.7
1.411,3.075
1.288,1.839
1.099,1.115
0.723,1.872
0.764,2.018
0.678,1.762
-0.813,0.157
-1.669,3.057
-2.039,0.579
2.642,1.621
1.213,2.494
1.026,3.629
0.526,0.804
0.231,2.488
-2.38,2.786
-2.656,1.42
0.734,2.856
0.531,0.474
0.433,2.899
-0.209,1.333
-2.226,0.232
0.869,3.855
0.942,0.377
2.552,-0.375
-0.355,0.081
-1.198,4.353
-1.405,4.444
-1.75,4.394
-2.112,4.33
-2.209,4.127
-2.153,4.419
2.226,4.344
1.551,4.452
1.454,4.491
1.145,4.273
0.621,4.198
-0.782,4.32
-2.388,2.717
-2.979,0.426
2.079,2.401
1.883,2.478
1.523,2.367
1.168,3.247
0.625,1.091
-2.357,4.254
-0.887,4.106
-0.871,3.773
-0.847,1.277
-0.983,0.586
-1.377,1.064
-1.283,2.348
-1.403,4.053
-1.383,3.791
-1.283,1.643
-1.281,2.515
-1.447,2.806
-1.402,2.198
-1.451,2.221
-1.596,3.981
-1.492,2.15
-1.61,3.026
-1.651,1.969
-1.644,1.214
-1.525,1.581
-1.54,2.401
-1.594,4.186
-1.746,2.643
-1.79,4.108
-1.77,2.392
-1.779,2.802
-1.939,2.292
-1.84,4.031
-1.965,3.833
-2.118,2.628
-2.312,2.977
-2.563,0.359
-2.63,2.043
-2.532,1.171
-2.616,1.803
-2.691,3.624
-2.878,1.632
-2.868,2.052
-2.922,0.269
3.099,1.951
3.056,4.176
2.919,0.915
2.85,0.202
2.749,3.427
2.297,0.567
2.416,3.895
2.32,4.184
2.207,2.126
2.16,1.824
2.131,2.768
1.844,1.797
1.887,4.1
1.717,3.131
1.513,1.315
1.466,3.505
1.373,0.453
1.359,3.872
1.222,3.071
1.349,3.529
1.305,2.644
1.259,1.851
1.281,3.573
1.013,4.092
1.076,4.029
1.074,2.846
1.004,2.511
0.971,2.379
0.868,1.874
0.817,1.365
0.896,1.338
0.883,0.783
0.644,3.676
0.522,0.585
0.293,1.155
0.346,0.713
0.296,3.903
0.117,0.41
0.085,1.07
0.166,3.854
-0.193,0.279
-0.591,0.559
-0.603,3.488
-0.61,1.878
-0.754,1.98
-0.757,-0.083
-1.348,-0.003
-1.597,-0.067
-1.671,-0.14
-2.074,-0.024
-2.567,0.038
2.165,0.005
1.105,-0.234
1.034,-0.128
1.144,-0.252
0.598,-0.183
0.68,0.15
0.584,0.11
0.371,-0.159
-0.199,-0.03
-0.475,-0.296
-1.114,4.391
-1.112,4.46
-1.338,4.44
-2.546,4.458
2.884,4.438
2.43,4.454
2.179,4.444
1.623,4.266
1.593,4.329
1.492,4.41
0.423,4.444
0.231,4.377
-1.756,3.711
-2.064,1.79
-2.333,1.809
-2.98,1.781
1.739,3.156
1.616,1.92
1.427,1.196
1.051,1.953
1.092,2.099
1.006,1.843
-0.485,0.238
-1.341,3.138
-1.711,0.66
2.97,1.702
1.541,2.575
1.354,3.71
0.854,0.885
0.559,2.569
-2.052,2.867
-2.328,1.501
1.062,2.937
0.859,0.555
0.761,2.98
0.119,1.414
-1.898,0.313
1.197,3.936
1.27,0.458
2.88,-0.294
-0.843,4.272
-1.05,4.363
-1.395,4.313
-1.757,4.249
-1.854,4.046
-1.798,4.338
2.581,4.263
1.906,4.371
1.809,4.41
1.5,4.192
0.976,4.117
-0.427,4.239
-2.033,2.636
-2.624,0.345
2.434,2.32
2.238,2.397
1.878,2.286
1.523,3.166
0.98,1.01
-2.002,4.173
-0.532,4.025
-0.516,3.692
-0.492,1.196
-0.628,0.505
-1.022,0.983
-0.928,2.267
-1.048,3.972
-1.028,3.71
-0.928,1.562
-0.926,2.434
-1.092,2.725
-1.047,2.117
-1.096,2.14
-1.241,3.9
-1.137,2.069
-1.255,2.945
-1.296,1.888
-1.289,1.133
-1.17,1.5
-1.185,2.32
-1.239,4.105
-1.391,2.562
-1.435,4.027
-1.415,2.311
-1.424,2.721
-1.584,2.211
-1.485,3.95
-1.61,3.752
-1.763,2.547
-1.957,2.896
-2.208,0.278
-2.275,1.962
-2.177,1.09
-2.261,1.722
-2.336,3.543
-2.523,1.551
-2.513,1.971
-2.567,0.188
-2.829,1.87
-2.872,4.095
-3.009,0.834
-3.078,0.121
3.104,3.346
2.652,0.486
2.771,3.814
2.675,4.103
2.562,2.045
2.515,1.743
2.486,2.687
2.199,1.716
2.242,4.019
2.072,3.05
1.868,1.234
1.821,3.424
1.728,0.372
1.714,3.791
1.577,2.99
1.704,3.448
1.66,2.563
1.614,1.77
1.636,3.492
1.368,4.011
1.431,3.948
1.429,2.765
1.359,2.43
1.326,2.298
1.223,1.793
1.172,1.284
1.251,1.257
1.238,0.702
0.999,3.595
0.877,0.504
0.648,1.074
0.701,0.632
0.651,3.822
0.472,0.329
0.44,0.989
0.521,3.773
0.162,0.198
-0.236,0.478
-0.248,3.407
-0.255,1.797
-0.399,1.899
-0.402,-0.164
-0.993,-0.084
-1.242,-0.148
-1.316,-0.221
-1.719,-0.105
-2.212,-0.043
2.52,-0.076
1.46,-0.315
1.389,-0.209
1.499,-0.333
0.953,-0.264
1.035,0.069
0.939,0.029
0.726,-0.24
0.156,-0.111
-0.12,-0.377
-0.759,4.31
-0.757,4.379
-0.983,4.359
-2.191,4.377
-3.044,4.357
2.785,4.373
2.534,4.363
1.978,4.185
1.948,4.248
1.847,4.329
0.778,4.363
0.586,4.296
-1.401,3.63
-1.709,1.709
-1.978,1.728
-2.625,1.7
2.094,3.075
1.971,1.839
1.782,1.115
1.406,1.872
1.447,2.018
1.361,1.762
-0.13,0.157
-0.986,3.057
-1.356,0.579
-2.958,1.621
1.896,2.494
1.709,3.629
1.209,0.804
0.914,2.488
-1.697,2.786
-1.973,1.42
1.417,2.856
1.214,0.474
1.116,2.899
0.474,1.333
-1.543,0.232
1.552,3.855
1.625,0.377
-3.048,-0.375
-0.207,0.091
-0.552,0.041
-0.914,-0.023
-1.011,-0.226
-0.955,0.066
-2.859,-0.009
2.749,0.099
2.652,0.138
2.343,-0.08
1.819,-0.155
0.416,-0.033
-1.19,-1.636
-1.781,-3.927
-3.006,-1.952
3.081,-1.875
2.721,-1.986
2.366,-1.106
1.823,-3.262
-1.159,-0.099
0.311,-0.247
0.327,-0.58
0.351,-3.076
0.215,-3.767
-0.179,-3.289
-0.085,-2.005
-0.205,-0.3
-0.185,-0.562
-0.085,-2.71
-0.083,-1.838
-0.249,-1.547
-0.204,-2.155
-0.253,-2.132
-0.398,-0.372
-0.294,-2.203
-0.412,-1.327
-0.453,-2.384
-0.446,-3.139
-0.327,-2.772
-0.342,-1.952
-0.396,-0.167
-0.548,-1.71
-0.592,-0.245
-0.572,-1.961
-0.581,-1.551
-0.741,-2.061
-0.642,-0.322
-0.767,-0.52
-0.92,-1.725
-1.114,-1.376
-1.365,-3.994
-1.432,-2.31
-1.334,-3.182
-1.418,-2.55
-1.493,-0.729
-1.68,-2.721
-1.67,-2.301
-1.724,-4.084
-1.986,-2.402
-2.029,-0.177
-2.166,-3.438
-2.235,-4.151
-2.336,-0.926
-2.788,-3.786
-2.669,-0.458
-2.765,-0.169
-2.878,-2.227
-2.925,-2.529
-2.954,-1.585
3.042,-2.556
3.085,-0.253
2.915,-1.222
2.711,-3.038
2.664,-0.848
2.571,-3.9
2.557,-0.481
2.42,-1.282
2.547,-0.824
2.503,-1.709
2.457,-2.502
2.479,-0.78
2.211,-0.261
2.274,-0.324
2.272,-1.507
2.202,-1.842
2.169,-1.974
2.066,-2.479
2.015,-2.988
2.094,-3.015
2.081,-3.57
1.842,-0.677
1.72,-3.768
1.491,-3.198
1.544,-3.64
1.494,-0.45
1.315,-3.943
1.283,-3.283
1.364,-0.499
1.005,-4.074
0.607,-3.794
0.595,-0.865
0.588,-2.475
0.444,-2.373
0.441,-4.436
-0.15,-4.356
-0.399,-4.42
-0.473,-4.493
-0.876,-4.377
-1.369,-4.315
-2.92,-4.348
2.303,-4.587
2.232,-4.481
2.342,-4.605
1.796,-4.536
1.878,-4.203
1.782,-4.243
1.569,-4.512
0.999,-4.383
0.723,-4.649
0.084,0.038
0.086,0.107
-0.14,0.087
-1.348,0.105
-2.201,0.085
-2.655,0.101
-2.906,0.091
2.821,-0.087
2.791,-0.024
2.69,0.057
1.621,0.091
1.429,0.024
-0.558,-0.642
-0.866,-2.563
-1.135,-2.544
-1.782,-2.572
2.937,-1.197
2.814,-2.433
2.625,-3.157
2.249,-2.4
2.29,-2.254
2.204,-2.51
0.713,-4.115
-0.143,-1.215
-0.513,-3.693
-2.115,-2.651
2.739,-1.778
2.552,-0.643
2.052,-3.468
1.757,-1.784
-0.854,-1.486
-1.13,-2.852
2.26,-1.416
2.057,-3.798
1.959,-1.373
1.317,-2.939
-0.7,-4.04
2.395,-0.417
2.468,-3.895
-2.205,-4.647
-0.345,-0.05
-0.707,-0.114
-0.804,-0.317
-0.748,-0.025
-2.652,-0.1
2.956,0.008
2.859,0.047
2.55,-0.171
2.026,-0.246
0.623,-0.124
-0.983,-1.727
-1.574,-4.018
-2.799,-2.043
-2.995,-1.966
2.928,-2.077
2.573,-1.197
2.03,-3.353
-0.952,-0.19
0.518,-0.338
0.534,-0.671
0.558,-3.167
0.422,-3.858
0.028,-3.38
0.122,-2.096
0.002,-0.391
0.022,-0.653
0.122,-2.801
0.124,-1.929
-0.042,-1.638
0.003,-2.246
-0.046,-2.223
-0.191,-0.463
-0.087,-2.294
-0.205,-1.418
-0.246,-2.475
-0.239,-3.23
-0.12,-2.863
-0.135,-2.043
-0.189,-0.258
-0.341,-1.801
-0.385,-0.336
-0.365,-2.052
-0.374,-1.642
-0.534,-2.152
-0.435,-0.413
-0.56,-0.611
-0.713,-1.816
-0.907,-1.467
-1.158,-4.085
-1.225,-2.401
-1.127,-3.273
-1.211,-2.641
-1.286,-0.82
-1.473,-2.812
-1.463,-2.392
-1.517,-4.175
-1.779,-2.493
-1.822,-0.268
-1.959,-3.529
-2.028,-4.242
-2.129,-1.017
-2.581,-3.877
-2.462,-0.549
-2.558,-0.26
-2.671,-2.318
-2.718,-2.62
-2.747,-1.676
-3.034,-2.647
-2.991,-0.344
3.122,-1.313
2.918,-3.129
2.871,-0.939
2.778,-3.991
2.764,-0.572
2.627,-1.373
2.754,-0.915
2.71,-1.8
2.664,-2.593
2.686,-0.871
2.418,-0.352
2.481,-0.415
2.479,-1.598
2.409,-1.933
2.376,-2.065
2.273,-2.57
2.222,-3.079
2.301,-3.106
2.288,-3.661
2.049,-0.768
1.927,-3.859
1.698,-3.289
1.751,-3.731
1.701,-0.541
1.522,-4.034
1.49,-3.374
1.571,-0.59
1.212,-4.165
0.814,-3.885
0.802,-0.956
0.795,-2.566
0.651,-2.464
0.648,-4.527
0.057,-4.447
-0.192,-4.511
-0.266,-4.584
-0.669,-4.468
-1.162,-4.406
-2.713,-4.439
2.51,-4.678
2.439,-4.572
2.549,-4.696
2.003,-4.627
2.085,-4.294
1.989,-4.334
1.776,-4.603
1.206,-4.474
0.93,-4.74
0.291,-0.053
0.293,0.016
0.067,-0.004
-1.141,0.014
-1.994,-0.006
-2.448,0.01
-2.699,0.0
3.028,-0.178
2.998,-0.115
2.897,-0.034
1.828,0.0
1.636,-0.067
-0.351,-0.733
-0.659,-2.654
-0.928,-2.635
-1.575,-2.663
-3.139,-1.288
3.021,-2.524
2.832,-3.248
2.456,-2.491
2.497,-2.345
2.411,-2.601
0.92,-4.206
0.064,-1.306
-0.306,-3.784
-1.908,-2.742
2.946,-1.869
2.759,-0.734
2.259,-3.559
1.964,-1.875
-0.647,-1.577
-0.923,-2.943
2.467,-1.507
2.264,-3.889
2.166,-1.464
1.524,-3.03
-0.493,-4.131
2.602,-0.508
2.675,-3.986
-1.998,-4.738
-0.362,-0.064
-0.459,-0.267
-0.403,0.025
-2.307,-0.05
-2.982,0.058
-3.079,0.097
2.895,-0.121
2.371,-0.196
0.968,-0.074
-0.638,-1.677
-1.229,-3.968
-2.454,-1.993
-2.65,-1.916
-3.01,-2.027
2.918,-1.147
2.375,-3.303
-0.607,-0.14
0.863,-0.288
0.879,-0.621
0.903,-3.117
0.767,-3.808
0.373,-3.33
0.467,-2.046
0.347,-0.341
0.367,-0.603
0.467,-2.751
0.469,-1.879
0.303,-1.588
0.348,-2.196
0.299,-2.173
0.154,-0.413
0.258,-2.244
0.14,-1.368
0.099,-2.425
0.106,-3.18
0.225,-2.813
0.21,-1.993
0.156,-0.208
0.004,-1.751
-0.04,-0.286
-0.02,-2.002
-0.029,-1.592
-0.189,-2.102
-0.09,-0.363
-0.215,-0.561
-0.368,-1.766
-0.562,-1.417
-0.813,-4.035
-0.88,-2.351
-0.782,-3.223
-0.866,-2.591
-0.941,-0.77
-1.128,-2.762
-1.118,-2.342
-1.172,-4.125
-1.434,-2.443
-1.477,-0.218
-1.614,-3.479
-1.683,-4.192
-1.784,-0.967
-2.236,-3.827
-2.117,-0.499
-2.213,-0.21
-2.326,-2.268
-2.373,-2.57
-2.402,-1.626
-2.689,-2.597
-2.646,-0.294
-2.816,-1.263
-3.02,-3.079
-3.067,-0.889
3.123,-3.941
3.109,-0.522
2.972,-1.323
3.099,-0.865
3.055,-1.75
3.009,-2.543
3.031,-0.821
2.763,-0.302
2.826,-0.365
2.824,-1.548
2.754,-1.883
2.721,-2.015
2.618,-2.52
2.567,-3.029
2.646,-3.056
2.633,-3.611
2.394,-0.718
2.272,-3.809
2.043,-3.239
2.096,-3.681
2.046,-0.491
1.867,-3.984
1.835,-3.324
1.916,-0.54
1.557,-4.115
1.159,-3.835
1.147,-0.906
1.14,-2.516
0.996,-2.414
0.993,-4.477
0.402,-4.397
0.153,-4.461
0.079,-4.534
-0.324,-4.418
-0.817,-4.356
-2.368,-4.389
2.855,-4.628
2.784,-4.522
2.894,-4.646
2.348,-4.577
2.43,-4.244
2.334,-4.284
2.121,-4.553
1.551,-4.424
1.275,-4.69
0.636,-0.003
0.638,0.066
0.412,0.046
-0.796,0.064
-1.649,0.044
-2.103,0.06
-2.354,0.05
-2.91,-0.128
-2.94,-0.065
-3.041,0.016
2.173,0.05
1.981,-0.017
-0.006,-0.683
-0.314,-2.604
-0.583,-2.585
-1.23,-2.613
-2.794,-1.238
-2.917,-2.474
-3.106,-3.198
2.801,-2.441
2.842,-2.295
2.756,-2.551
1.265,-4.156
0.409,-1.256
0.039,-3.734
-1.563,-2.692
-2.992,-1.819
3.104,-0.684
2.604,-3.509
2.309,-1.825
-0.302,-1.527
-0.578,-2.893
2.812,-1.457
2.609,-3.839
2.511,-1.414
1.869,-2.98
-0.148,-4.081
2.947,-0.458
3.02,-3.936
-1.653,-4.688
-0.097,-0.203
-0.041,0.089
-1.945,0.014
-2.62,0.122
-2.717,0.161
-3.026,-0.057
2.733,-0.132
1.33,-0.01
-0.276,-1.613
-0.867,-3.904
-2.092,-1.929
-2.288,-1.852
-2.648,-1.963
-3.003,-1.083
2.737,-3.239
-0.245,-0.076
1.225,-0.224
1.241,-0.557
1.265,-3.053
1.129,-3.744
0.735,-3.266
0.829,-1.982
0.709,-0.277
0.729,-0.539
0.829,-2.687
0.831,-1.815
0.665,-1.524
0.71,-2.132
0.661,-2.109
0.516,-0.349
0.62,-2.18
0.502,-1.304
0.461,-2.361
0.468,-3.116
0.587,-2.749
0.572,-1.929
0.518,-0.144
0.366,-1.687
0.322,-0.222
0.342,-1.938
0.333,-1.528
0.173,-2.038
0.272,-0.299
0.147,-0.497
-0.006,-1.702
-0.2,-1.353
-0.451,-3.971
-0.518,-2.287
-0.42,-3.159
-0.504,-2.527
-0.579,-0.706
-0.766,-2.698
-0.756,-2.278
-0.81,-4.061
-1.072,-2.379
-1.115,-0.154
-1.252,-3.415
-1.321,-4.128
-1.422,-0.903
-1.874,-3.763
-1.755,-0.435
-1.851,-0.146
-1.964,-2.204
-2.011,-2.506
-2.04,-1.562
-2.327,-2.533
-2.284,-0.23
-2.454,-1.199
-2.658,-3.015
-2.705,-0.825
-2.798,-3.877
-2.812,-0.458
-2.949,-1.259
-2.822,-0.801
-2.866,-1.686
-2.912,-2.479
-2.89,-0.757
3.125,-0.238
-3.095,-0.301
-3.097,-1.484
3.116,-1.819
3.083,-1.951
2.98,-2.456
2.929,-2.965
3.008,-2.992
2.995,-3.547
2.756,-0.654
2.634,-3.745
2.405,-3.175
2.458,-3.617
2.408,-0.427
2.229,-3.92
2.197,-3.26
2.278,-0.476
1.919,-4.051
1.521,-3.771
1.509,-0.842
1.502,-2.452
1.358,-2.35
1.355,-4.413
0.764,-4.333
0.515,-4.397
0.441,-4.47
0.038,-4.354
-0.455,-4.292
-2.006,-4.325
-3.066,-4.564
-3.137,-4.458
-3.027,-4.582
2.71,-4.513
2.792,-4.18
2.696,-4.22
2.483,-4.489
1.913,-4.36
1.637,-4.626
0.998,0.061
1.0,0.13
0.774,0.11
-0.434,0.128
-1.287,0.108
-1.741,0.124
-1.992,0.114
-2.548,-0.064
-2.578,-0.001
-2.679,0.08
2.535,0.114
2.343,0.047
0.356,-0.619
0.048,-2.54
-0.221,-2.521
-0.868,-2.549
-2.432,-1.174
-2.555,-2.41
-2.744,-3.134
-3.12,-2.377
-3.079,-2.231
3.118,-2.487
1.627,-4.092
0.771,-1.192
0.401,-3.67
-1.201,-2.628
-2.63,-1.755
-2.817,-0.62
2.966,-3.445
2.671,-1.761
0.06,-1.463
-0.216,-2.829
-3.109,-1.393
2.971,-3.775
2.873,-1.35
2.231,-2.916
0.214,-4.017
-2.974,-0.394
-2.901,-3.872
-1.291,-4.624
0.056,0.292
-1.848,0.217
-2.523,0.325
-2.62,0.364
-2.929,0.146
2.83,0.071
1.427,0.193
-0.179,-1.41
-0.77,-3.701
-1.995,-1.726
-2.191,-1.649
-2.551,-1.76
-2.906,-0.88
2.834,-3.036
-0.148,0.127
1.322,-0.021
1.338,-0.354
1.362,-2.85
1.226,-3.541
0.832,-3.063
0.926,-1.779
0.806,-0.074
0.826,-0.336
0.926,-2.484
0.928,-1.612
0.762,-1.321
0.807,-1.929
0.758,-1.906
0.613,-0.146
0.717,-1.977
0.599,-1.101
0.558,-2.158
0.565,-2.913
0.684,-2.546
0.669,-1.726
0.615,0.059
0.463,-1.484
0.419,-0.019
0.439,-1.735
0.43,-1.325
0.27,-1.835
0.369,-0.096
0.244,-0.294
0.091,-1.499
-0.103,-1.15
-0.354,-3.768
-0.421,-2.084
-0.323,-2.956
-0.407,-2.324
-0.482,-0.503
-0.669,-2.495
-0.659,-2.075
-0.713,-3.858
-0.975,-2.176
-1.018,0.049
-1.155,-3.212
-1.224,-3.925
-1.325,-0.7
-1.777,-3.56
-1.658,-0.232
-1.754,0.057
-1.867,-2.001
-1.914,-2.303
-1.943,-1.359
-2.23,-2.33
-2.187,-0.027
-2.357,-0.996
-2.561,-2.812
-2.608,-0.622
-2.701,-3.674
-2.715,-0.255
-2.852,-1.056
-2.725,-0.598
-2.769,-1.483
-2.815,-2.276
-2.793,-0.554
-3.061,-0.035
-2.998,-0.098
-3.0,-1.281
-3.07,-1.616
-3.103,-1.748
3.077,-2.253
3.026,-2.762
3.105,-2.789
3.092,-3.344
2.853,-0.451
2.731,-3.542
2.502,-2.972
2.555,-3.414
2.505,-0.224
2.326,-3.717
2.294,-3.057
2.375,-0.273
2.016,-3.848
1.618,-3.568
1.606,-0.639
1.599,-2.249
1.455,-2.147
1.452,-4.21
0.861,-4.13
0.612,-4.194
0.538,-4.267
0.135,-4.151
-0.358,-4.089
-1.909,-4.122
-2.969,-4.361
-3.04,-4.255
-2.93,-4.379
2.807,-4.31
2.889,-3.977
2.793,-4.017
2.58,-4.286
2.01,-4.157
1.734,-4.423
1.095,0.264
1.097,0.333
0.871,0.313
-0.337,0.331
-1.19,0.311
-1.644,0.327
-1.895,0.317
-2.451,0.139
-2.481,0.202
-2.582,0.283
2.632,0.317
2.44,0.25
0.453,-0.416
0.145,-2.337
-0.124,-2.318
-0.771,-2.346
-2.335,-0.971
-2.458,-2.207
-2.647,-2.931
-3.023,-2.174
-2.982,-2.028
-3.068,-2.284
1.724,-3.889
0.868,-0.989
0.498,-3.467
-1.104,-2.425
-2.533,-1.552
-2.72,-0.417
3.063,-3.242
2.768,-1.558
0.157,-1.26
-0.119,-2.626
-3.012,-1.19
3.068,-3.572
2.97,-1.147
2.328,-2.713
0.311,-3.814
-2.877,-0.191
-2.804,-3.669
-1.194,-4.421
-1.904,-0.075
-2.579,0.033
-2.676,0.072
-2.985,-0.146
2.774,-0.221
1.371,-0.099
-0.235,-1.702
-0.826,-3.993
-2.051,-2.018
-2.247,-1.941
-2.607,-2.052
-2.962,-1.172
2.778,-3.328
-0.204,-0.165
1.266,-0.313
1.282,-0.646
1.306,-3.142
1.17,-3.833
0.776,-3.355
0.87,-2.071
0.75,-0.366
0.77,-0.628
0.87,-2.776
0.872,-1.904
0.706,-1.613
0.751,-2.221
0.702,-2.198
0.557,-0.438
0.661,-2.269
0.543,-1.393
0.502,-2.45
0.509,-3.205
0.628,-2.838
0.613,-2.018
0.559,-0.233
0.407,-1.776
0.363,-0.311
0.383,-2.027
0.374,-1.617
0.214,-2.127
0.313,-0.388
0.188,-0.586
0.035,-1.791
-0.159,-1.442
-0.41,-4.06
-0.477,-2.376
-0.379,-3.248
-0.463,-2.616
-0.538,-0.795
-0.725,-2.787
-0.715,-2.367
-0.769,-4.15
-1.031,-2.468
-1.074,-0.243
-1.211,-3.504
-1.28,-4.217
-1.381,-0.992
-1.833,-3.852
-1.714,-0.524
-1.81,-0.235
-1.923,-2.293
-1.97,-2.595
-1.999,-1.651
-2.286,-2.622
-2.243,-0.319
-2.413,-1.288
-2.617,-3.104
-2.664,-0.914
-2.757,-3.966
-2.771,-0.547
-2.908,-1.348
-2.781,-0.89
-2.825,-1.775
-2.871,-2.568
-2.849,-0.846
-3.117,-0.327
-3.054,-0.39
-3.056,-1.573
-3.126,-1.908
3.124,-2.04
3.021,-2.545
2.97,-3.054
3.049,-3.081
3.036,-3.636
2.797,-0.743
2.675,-3.834
2.446,-3.264
2.499,-3.706
2.449,-0.516
2.27,-4.009
2.238,-3.349
2.319,-0.565
1.96,-4.14
1.562,-3.86
1.55,-0.931
1.543,-2.541
1.399,-2.439
1.396,-4.502
0.805,-4.422
0.556,-4.486
0.482,-4.559
0.079,-4.443
-0.414,-4.381
-1.965,-4.414
-3.025,-4.653
-3.096,-4.547
-2.986,-4.671
2.751,-4.602
2.833,-4.269
2.737,-4.309
2.524,-4.578
1.954,-4.449
1.678,-4.715
1.039,-0.028
1.041,0.041
0.815,0.021
-0.393,0.039
-1.246,0.019
-1.7,0.035
-1.951,0.025
-2.507,-0.153
-2.537,-0.09
-2.638,-0.009
2.576,0.025
2.384,-0.042
0.397,-0.708
0.089,-2.629
-0.18,-2.61
-0.827,-2.638
-2.391,-1.263
-2.514,-2.499
-2.703,-3.223
-3.079,-2.466
-3.038,-2.32
-3.124,-2.576
1.668,-4.181
0.812,-1.281
0.442,-3.759
-1.16,-2.717
-2.589,-1.844
-2.776,-0.709
3.007,-3.534
2.712,-1.85
0.101,-1.552
-0.175,-2.918
-3.068,-1.482
3.012,-3.864
2.914,-1.439
2.272,-3.005
0.255,-4.106
-2.933,-0.483
-2.86,-3.961
-1.25,-4.713
-0.675,0.108
-0.772,0.147
-1.081,-0.071
-1.605,-0.146
-3.008,-0.024
1.669,-1.627
1.078,-3.918
-0.147,-1.943
-0.343,-1.866
-0.703,-1.977
-1.058,-1.097
-1.601,-3.253
1.7,-0.09
-3.113,-0.238
-3.097,-0.571
-3.073,-3.067
3.074,-3.758
2.68,-3.28
2.774,-1.996
2.654,-0.291
2.674,-0.553
2.774,-2.701
2.776,-1.829
2.61,-1.538
2.655,-2.146
2.606,-2.123
2.461,-0.363
2.565,-2.194
2.447,-1.318
2.406,-2.375
2.413,-3.13
2.532,-2.763
2.517,-1.943
2.463,-0.158
2.311,-1.701
2.267,-0.236
2.287,-1.952
2.278,-1.542
2.118,-2.052
2.217,-0.313
2.092,-0.511
1.939,-1.716
1.745,-1.367
1.494,-3.985
1.427,-2.301
1.525,-3.173
1.441,-2.541
1.366,-0.72
1.179,-2.712
1.189,-2.292
1.135,-4.075
0.873,-2.393
0.83,-0.168
0.693,-3.429
0.624,-4.142
0.523,-0.917
0.071,-3.777
0.19,-0.449
0.094,-0.16
-0.019,-2.218
-0.066,-2.52
-0.095,-1.576
-0.382,-2.547
-0.339,-0.244
-0.509,-1.213
-0.713,-3.029
-0.76,-0.839
-0.853,-3.891
-0.867,-0.472
-1.004,-1.273
-0.877,-0.815
-0.921,-1.7
-0.967,-2.493
-0.945,-0.771
-1.213,-0.252
-1.15,-0.315
-1.152,-1.498
-1.222,-1.833
-1.255,-1.965
-1.358,-2.47
-1.409,-2.979
-1.33,-3.006
-1.343,-3.561
-1.582,-0.668
-1.704,-3.759
-1.933,-3.189
-1.88,-3.631
-1.93,-0.441
-2.109,-3.934
-2.141,-3.274
-2.06,-0.49
-2.419,-4.065
-2.817,-3.785
-2.829,-0.856
-2.836,-2.466
-2.98,-2.364
-2.983,-4.427
2.709,-4.347
2.46,-4.411
2.386,-4.484
1.983,-4.368
1.49,-4.306
-0.061,-4.339
-1.121,-4.578
-1.192,-4.472
-1.082,-4.596
-1.628,-4.527
-1.546,-4.194
-1.642,-4.234
-1.855,-4.503
-2.425,-4.374
-2.701,-4.64
2.943,0.047
2.945,0.116
2.719,0.096
1.511,0.114
0.658,0.094
0.204,0.11
-0.047,0.1
-0.603,-0.078
-0.633,-0.015
-0.734,0.066
-1.803,0.1
-1.995,0.033
2.301,-0.633
1.993,-2.554
1.724,-2.535
1.077,-2.563
-0.487,-1.188
-0.61,-2.424
-0.799,-3.148
-1.175,-2.391
-1.134,-2.245
-1.22,-2.501
-2.711,-4.106
2.716,-1.206
2.346,-3.684
0.744,-2.642
-0.685,-1.769
-0.872,-0.634
-1.372,-3.459
-1.667,-1.775
2.005,-1.477
1.729,-2.843
-1.164,-1.407
-1.367,-3.789
-1.465,-1.364
-2.107,-2.93
2.159,-4.031
-1.029,-0.408
-0.956,-3.886
0.654,-4.638
-0.097,0.039
-0.406,-0.179
-0.93,-0.254
-2.333,-0.132
2.344,-1.735
1.753,-4.026
0.528,-2.051
0.332,-1.974
-0.028,-2.085
-0.383,-1.205
-0.926,-3.361
2.375,-0.198
-2.438,-0.346
-2.422,-0.679
-2.398,-3.175
-2.534,-3.866
-2.928,-3.388
-2.834,-2.104
-2.954,-0.399
-2.934,-0.661
-2.834,-2.809
-2.832,-1.937
-2.998,-1.646
-2.953,-2.254
-3.002,-2.231
3.136,-0.471
-3.043,-2.302
3.122,-1.426
3.081,-2.483
3.088,-3.238
-3.076,-2.871
-3.091,-2.051
3.138,-0.266
2.986,-1.809
2.942,-0.344
2.962,-2.06
2.953,-1.65
2.793,-2.16
2.892,-0.421
2.767,-0.619
2.614,-1.824
2.42,-1.475
2.169,-4.093
2.102,-2.409
2.2,-3.281
2.116,-2.649
2.041,-0.828
1.854,-2.82
1.864,-2.4
1.81,-4.183
1.548,-2.501
1.505,-0.276
1.368,-3.537
1.299,-4.25
1.198,-1.025
0.746,-3.885
0.865,-0.557
0.769,-0.268
0.656,-2.326
0.609,-2.628
0.58,-1.684
0.293,-2.655
0.336,-0.352
0.166,-1.321
-0.038,-3.137
-0.085,-0.947
-0.178,-3.999
-0.192,-0.58
-0.329,-1.381
-0.202,-0.923
-0.246,-1.808
-0.292,-2.601
-0.27,-0.879
-0.538,-0.36
-0.475,-0.423
-0.477,-1.606
-0.547,-1.941
-0.58,-2.073
-0.683,-2.578
-0.734,-3.087
-0.655,-3.114
-0.668,-3.669
-0.907,-0.776
-1.029,-3.867
-1.258,-3.297
-1.205,-3.739
-1.255,-0.549
-1.434,-4.042
-1.466,-3.382
-1.385,-0.598
-1.744,-4.173
-2.142,-3.893
-2.154,-0.964
-2.161,-2.574
-2.305,-2.472
-2.308,-4.535
-2.899,-4.455
3.135,-4.519
3.061,-4.592
2.658,-4.476
2.165,-4.414
0.614,-4.447
-0.446,-4.686
-0.517,-4.58
-0.407,-4.704
-0.953,-4.635
-0.871,-4.302
-0.967,-4.342
-1.18,-4.611
-1.75,-4.482
-2.026,-4.748
-2.665,-0.061
-2.663,0.008
-2.889,-0.012
2.186,0.006
1.333,-0.014
0.879,0.002
0.628,-0.008
0.072,-0.186
0.042,-0.123
-0.059,-0.042
-1.128,-0.008
-1.32,-0.075
2.976,-0.741
2.668,-2.662
2.399,-2.643
1.752,-2.671
0.188,-1.296
0.065,-2.532
-0.124,-3.256
-0.5,-2.499
-0.459,-2.353
-0.545,-2.609
-2.036,-4.214
-2.892,-1.314
3.021,-3.792
1.419,-2.75
-0.01,-1.877
-0.197,-0.742
-0.697,-3.567
-0.992,-1.883
2.68,-1.585
2.404,-2.951
-0.489,-1.515
-0.692,-3.897
-0.79,-1.472
-1.432,-3.038
2.834,-4.139
-0.354,-0.516
-0.281,-3.994
1.329,-4.746
-0.309,-0.218
-0.833,-0.293
-2.236,-0.171
2.441,-1.774
1.85,-4.065
0.625,-2.09
0.429,-2.013
0.069,-2.124
-0.286,-1.244
-0.829,-3.4
2.472,-0.237
-2.341,-0.385
-2.325,-0.718
-2.301,-3.214
-2.437,-3.905
-2.831,-3.427
-2.737,-2.143
-2.857,-0.438
-2.837,-0.7
-2.737,-2.848
-2.735,-1.976
-2.901,-1.685
-2.856,-2.293
-2.905,-2.27
-3.05,-0.51
-2.946,-2.341
-3.064,-1.465
-3.105,-2.522
-3.098,-3.277
-2.979,-2.91
-2.994,-2.09
-3.048,-0.305
3.083,-1.848
3.039,-0.383
3.059,-2.099
3.05,-1.689
2.89,-2.199
2.989,-0.46
2.864,-0.658
2.711,-1.863
2.517,-1.514
2.266,-4.132
2.199,-2.448
2.297,-3.32
2.213,-2.688
2.138,-0.867
1.951,-2.859
1.961,-2.439
1.907,-4.222
1.645,-2.54
1.602,-0.315
1.465,-3.576
1.396,-4.289
1.295,-1.064
0.843,-3.924
0.962,-0.596
0.866,-0.307
0.753,-2.365
0.706,-2.667
0.677,-1.723
0.39,-2.694
0.433,-0.391
0.263,-1.36
0.059,-3.176
0.012,-0.986
-0.081,-4.038
-0.095,-0.619
-0.232,-1.42
-0.105,-0.962
-0.149,-1.847
-0.195,-2.64
-0.173,-0.918
-0.441,-0.399
-0.378,-0.462
-0.38,-1.645
-0.45,-1.98
-0.483,-2.112
-0.586,-2.617
-0.637,-3.126
-0.558,-3.153
-0.571,-3.708
-0.81,-0.815
-0.932,-3.906
-1.161,-3.336
-1.108,-3.778
-1.158,-0.588
-1.337,-4.081
-1.369,-3.421
-1.288,-0.637
-1.647,-4.212
-2.045,-3.932
-2.057,-1.003
-2.064,-2.613
-2.208,-2.511
-2.211,-4.574
-2.802,-4.494
-3.051,-4.558
-3.125,-4.631
2.755,-4.515
2.262,-4.453
0.711,-4.486
-0.349,-4.725
-0.42,-4.619
-0.31,-4.743
-0.856,-4.674
-0.774,-4.341
-0.87,-4.381
-1.083,-4.65
-1.653,-4.521
-1.929,-4.787
-2.568,-0.1
-2.566,-0.031
-2.792,-0.051
2.283,-0.033
1.43,-0.053
0.976,-0.037
0.725,-0.047
0.169,-0.225
0.139,-0.162
0.038,-0.081
-1.031,-0.047
-1.223,-0.114
3.073,-0.78
2.765,-2.701
2.496,-2.682
1.849,-2.71
0.285,-1.335
0.162,-2.571
-0.027,-3.295
-0.403,-2.538
-0.362,-2.392
-0.448,-2.648
-1.939,-4.253
-2.795,-1.353
3.118,-3.831
1.516,-2.789
0.087,-1.916
-0.1,-0.781
-0.6,-3.606
-0.895,-1.922
2.777,-1.624
2.501,-2.99
-0.392,-1.554
-0.595,-3.936
-0.693,-1.511
-1.335,-3.077
2.931,-4.178
-0.257,-0.555
-0.184,-4.033
1.426,-4.785
-0.524,-0.075
-1.927,0.047
2.75,-1.556
2.159,-3.847
0.934,-1.872
0.738,-1.795
0.378,-1.906
0.023,-1.026
-0.52,-3.182
2.781,-0.019
-2.032,-0.167
-2.016,-0.5
-1.992,-2.996
-2.128,-3.687
-2.522,-3.209
-2.428,-1.925
-2.548,-0.22
-2.528,-0.482
-2.428,-2.63
-2.426,-1.758
-2.592,-1.467
-2.547,-2.075
-2.596,-2.052
-2.741,-0.292
-2.637,-2.123
-2.755,-1.247
-2.796,-2.304
-2.789,-3.059
-2.67,-2.692
-2.685,-1.872
-2.739,-0.087
-2.891,-1.63
-2.935,-0.165
-2.915,-1.881
-2.924,-1.471
-3.084,-1.981
-2.985,-0.242
-3.11,-0.44
3.02,-1.645
2.826,-1.296
2.575,-3.914
2.508,-2.23
2.606,-3.102
2.522,-2.47
2.447,-0.649
2.26,-2.641
2.27,-2.221
2.216,-4.004
1.954,-2.322
1.911,-0.097
1.774,-3.358
1.705,-4.071
1.604,-0.846
1.152,-3.706
1.271,-0.378
1.175,-0.089
1.062,-2.147
1.015,-2.449
0.986,-1.505
0.699,-2.476
0.742,-0.173
0.572,-1.142
0.368,-2.958
0.321,-0.768
0.228,-3.82
0.214,-0.401
0.077,-1.202
0.204,-0.744
0.16,-1.629
0.114,-2.422
0.136,-0.7
-0.132,-0.181
-0.069,-0.244
-0.071,-1.427
-0.141,-1.762
-0.174,-1.894
-0.277,-2.399
-0.328,-2.908
-0.249,-2.935
-0.262,-3.49
-0.501,-0.597
-0.623,-3.688
-0.852,-3.118
-0.799,-3.56
-0.849,-0.37
-1.028,-3.863
-1.06,-3.203
-0.979,-0.419
-1.338,-3.994
-1.736,-3.714
-1.748,-0.785
-1.755,-2.395
-1.899,-2.293
-1.902,-4.356
-2.493,-4.276
-2.742,-4.34
-2.816,-4.413
3.064,-4.297
2.571,-4.235
1.02,-4.268
-0.04,-4.507
-0.111,-4.401
-0.001,-4.525
-0.547,-4.456
-0.465,-4.123
-0.561,-4.163
-0.774,-4.432
-1.344,-4.303
-1.62,-4.569
-2.259,0.118
-2.257,0.187
-2.483,0.167
2.592,0.185
1.739,0.165
1.285,0.181
1.034,0.171
0.478,-0.007
0.448,0.056
0.347,0.137
-0.722,0.171
-0.914,0.104
-2.901,-0.562
3.074,-2.483
2.805,-2.464
2.158,-2.492
0.594,-1.117
0.471,-2.353
0.282,-3.077
-0.094,-2.32
-0.053,-2.174
-0.139,-2.43
-1.63,-4.035
-2.486,-1.135
-2.856,-3.613
1.825,-2.571
0.396,-1.698
0.209,-0.563
-0.291,-3.388
-0.586,-1.704
3.086,-1.406
2.81,-2.772
-0.083,-1.336
-0.286,-3.718
-0.384,-1.293
-1.026,-2.859
-3.043,-3.96
0.052,-0.337
0.125,-3.815
1.735,-4.567
-1.403,0.122
-3.009,-1.481
2.683,-3.772
1.458,-1.797
1.262,-1.72
0.902,-1.831
0.547,-0.951
0.004,-3.107
-2.978,0.056
-1.508,-0.092
-1.492,-0.425
-1.468,-2.921
-1.604,-3.612
-1.998,-3.134
-1.904,-1.85
-2.024,-0.145
-2.004,-0.407
-1.904,-2.555
-1.902,-1.683
-2.068,-1.392
-2.023,-2.0
-2.072,-1.977
-2.217,-0.217
-2.113,-2.048
-2.231,-1.172
-2.272,-2.229
-2.265,-2.984
-2.146,-2.617
-2.161,-1.797
-2.215,-0.012
-2.367,-1.555
-2.411,-0.09
-2.391,-1.806
-2.4,-1.396
-2.56,-1.906
-2.461,-0.167
-2.586,-0.365
-2.739,-1.57
-2.933,-1.221
3.099,-3.839
3.032,-2.155
3.13,-3.027
3.046,-2.395
2.971,-0.574
2.784,-2.566
2.794,-2.146
2.74,-3.929
2.478,-2.247
2.435,-0.022
2.298,-3.283
2.229,-3.996
2.128,-0.771
1.676,-3.631
1.795,-0.303
1.699,-0.014
1.586,-2.072
1.539,-2.374
1.51,-1.43
1.223,-2.401
1.266,-0.098
1.096,-1.067
0.892,-2.883
0.845,-0.693
0.752,-3.745
0.738,-0.326
0.601,-1.127
0.728,-0.669
0.684,-1.554
0.638,-2.347
0.66,-0.625
0.392,-0.106
0.455,-0.169
0.453,-1.352
0.383,-1.687
0.35,-1.819
0.247,-2.324
0.196,-2.833
0.275,-2.86
0.262,-3.415
0.023,-0.522
-0.099,-3.613
-0.328,-3.043
-0.275,-3.485
-0.325,-0.295
-0.504,-3.788
-0.536,-3.128
-0.455,-0.344
-0.814,-3.919
-1.212,-3.639
-1.224,-0.71
-1.231,-2.32
-1.375,-2.218
-1.378,-4.281
-1.969,-4.201
-2.218,-4.265
-2.292,-4.338
-2.695,-4.222
3.095,-4.16
1.544,-4.193
0.484,-4.432
0.413,-4.326
0.523,-4.45
-0.023,-4.381
0.059,-4.048
-0.037,-4.088
-0.25,-4.357
-0.82,-4.228
-1.096,-4.494
-1.735,0.193
-1.733,0.262
-1.959,0.242
3.116,0.26
2.263,0.24
1.809,0.256
1.558,0.246
1.002,0.068
0.972,0.131
0.871,0.212
-0.198,0.246
-0.39,0.179
-2.377,-0.487
-2.685,-2.408
-2.954,-2.389
2.682,-2.417
1.118,-1.042
0.995,-2.278
0.806,-3.002
0.43,-2.245
0.471,-2.099
0.385,-2.355
-1.106,-3.96
-1.962,-1.06
-2.332,-3.538
2.349,-2.496
0.92,-1.623
0.733,-0.488
0.233,-3.313
-0.062,-1.629
-2.673,-1.331
-2.949,-2.697
0.441,-1.261
0.238,-3.643
0.14,-1.218
-0.502,-2.784
-2.519,-3.885
0.576,-0.262
0.649,-3.74
2.259,-4.492
-1.606,-1.603
-2.197,-3.894
2.861,-1.919
2.665,-1.842
2.305,-1.953
1.95,-1.073
1.407,-3.229
-1.575,-0.066
-0.105,-0.214
-0.089,-0.547
-0.065,-3.043
-0.201,-3.734
-0.595,-3.256
-0.501,-1.972
-0.621,-0.267
-0.601,-0.529
-0.501,-2.677
-0.499,-1.805
-0.665,-1.514
-0.62,-2.122
-0.669,-2.099
-0.814,-0.339
-0.71,-2.17
-0.828,-1.294
-0.869,-2.351
-0.862,-3.106
-0.743,-2.739
-0.758,-1.919
-0.812,-0.134
-0.964,-1.677
-1.008,-0.212
-0.988,-1.928
-0.997,-1.518
-1.157,-2.028
-1.058,-0.289
-1.183,-0.487
-1.336,-1.692
-1.53,-1.343
-1.781,-3.961
-1.848,-2.277
-1.75,-3.149
-1.834,-2.517
-1.909,-0.696
-2.096,-2.688
-2.086,-2.268
-2.14,-4.051
-2.402,-2.369
-2.445,-0.144
-2.582,-3.405
-2.651,-4.118
-2.752,-0.893
3.079,-3.753
-3.085,-0.425
3.102,-0.136
2.989,-2.194
2.942,-2.496
2.913,-1.552
2.626,-2.523
2.669,-0.22
2.499,-1.189
2.295,-3.005
2.248,-0.815
2.155,-3.867
2.141,-0.448
2.004,-1.249
2.131,-0.791
2.087,-1.676
2.041,-2.469
2.063,-0.747
1.795,-0.228
1.858,-0.291
1.856,-1.474
1.786,-1.809
1.753,-1.941
1.65,-2.446
1.599,-2.955
1.678,-2.982
1.665,-3.537
1.426,-0.644
1.304,-3.735
1.075,-3.165
1.128,-3.607
1.078,-0.417
0.899,-3.91
0.867,-3.25
0.948,-0.466
0.589,-4.041
0.191,-3.761
0.179,-0.832
0.172,-2.442
0.028,-2.34
0.025,-4.403
-0.566,-4.323
-0.815,-4.387
-0.889,-4.46
-1.292,-4.344
-1.785,-4.282
2.947,-4.315
1.887,-4.554
1.816,-4.448
1.926,-4.572
1.38,-4.503
1.462,-4.17
1.366,-4.21
1.153,-4.479
0.583,-4.35
0.307,-4.616
-0.332,0.071
-0.33,0.14
-0.556,0.12
-1.764,0.138
-2.617,0.118
-3.071,0.134
2.961,0.124
2.405,-0.054
2.375,0.009
2.274,0.09
1.205,0.124
1.013,0.057
-0.974,-0.609
-1.282,-2.53
-1.551,-2.511
-2.198,-2.539
2.521,-1.164
2.398,-2.4
2.209,-3.124
1.833,-2.367
1.874,-2.221
1.788,-2.477
0.297,-4.082
-0.559,-1.182
-0.929,-3.66
-2.531,-2.618
2.323,-1.745
2.136,-0.61
1.636,-3.435
1.341,-1.751
-1.27,-1.453
-1.546,-2.819
1.844,-1.383
1.641,-3.765
1.543,-1.34
0.901,-2.906
-1.116,-4.007
1.979,-0.384
2.052,-3.862
-2.621,-4.614
-0.591,-2.291
-1.816,-0.316
-2.012,-0.239
-2.372,-0.35
-2.727,0.53
3.013,-1.626
0.031,1.537
1.501,1.389
1.517,1.056
1.541,-1.44
1.405,-2.131
1.011,-1.653
1.105,-0.369
0.985,1.336
1.005,1.074
1.105,-1.074
1.107,-0.202
0.941,0.089
0.986,-0.519
0.937,-0.496
0.792,1.264
0.896,-0.567
0.778,0.309
0.737,-0.748
0.744,-1.503
0.863,-1.136
0.848,-0.316
0.794,1.469
0.642,-0.074
0.598,1.391
0.618,-0.325
0.609,0.085
0.449,-0.425
0.548,1.314
0.423,1.116
0.27,-0.089
0.076,0.26
-0.175,-2.358
-0.242,-0.674
-0.144,-1.546
-0.228,-0.914
-0.303,0.907
-0.49,-1.085
-0.48,-0.665
-0.534,-2.448
-0.796,-0.766
-0.839,1.459
-0.976,-1.802
-1.045,-2.515
-1.146,0.71
-1.598,-2.15
-1.479,1.178
-1.575,1.467
-1.688,-0.591
-1.735,-0.893
-1.764,0.051
-2.051,-0.92
-2.008,1.383
-2.178,0.414
-2.382,-1.402
-2.429,0.788
-2.522,-2.264
-2.536,1.155
-2.673,0.354
-2.546,0.812
-2.59,-0.073
-2.636,-0.866
-2.614,0.856
-2.882,1.375
-2.819,1.312
-2.821,0.129
-2.891,-0.206
-2.924,-0.338
-3.027,-0.843
-3.078,-1.352
-2.999,-1.379
-3.012,-1.934
3.032,0.959
2.91,-2.132
2.681,-1.562
2.734,-2.004
2.684,1.186
2.505,-2.307
2.473,-1.647
2.554,1.137
2.195,-2.438
1.797,-2.158
1.785,0.771
1.778,-0.839
1.634,-0.737
1.631,-2.8
1.04,-2.72
0.791,-2.784
0.717,-2.857
0.314,-2.741
-0.179,-2.679
-1.73,-2.712
-2.79,-2.951
-2.861,-2.845
-2.751,-2.969
2.986,-2.9
3.068,-2.567
2.972,-2.607
2.759,-2.876
2.189,-2.747
1.913,-3.013
1.274,1.674
1.276,1.743
1.05,1.723
-0.158,1.741
-1.011,1.721
-1.465,1.737
-1.716,1.727
-2.272,1.549
-2.302,1.612
-2.403,1.693
2.811,1.727
2.619,1.66
0.632,0.994
0.324,-0.927
0.055,-0.908
-0.592,-0.936
-2.156,0.439
-2.279,-0.797
-2.468,-1.521
-2.844,-0.764
-2.803,-0.618
-2.889,-0.874
1.903,-2.479
1.047,0.421
0.677,-2.057
-0.925,-1.015
-2.354,-0.142
-2.541,0.993
-3.041,-1.832
2.947,-0.148
0.336,0.15
0.06,-1.216
-2.833,0.22
-3.036,-2.162
-3.134,0.263
2.507,-1.303
0.49,-2.404
-2.698,1.219
-2.625,-2.259
-1.015,-3.011
-1.225,1.975
-1.421,2.052
-1.781,1.941
-2.136,2.821
-2.679,0.665
0.622,3.828
2.092,3.68
2.108,3.347
2.132,0.851
1.996,0.16
1.602,0.638
1.696,1.922
1.576,3.627
1.596,3.365
1.696,1.217
1.698,2.089
1.532,2.38
1.577,1.772
1.528,1.795
1.383,3.555
1.487,1.724
1.369,2.6
1.328,1.543
1.335,0.788
1.454,1.155
1.439,1.975
1.385,3.76
1.233,2.217
1.189,3.682
1.209,1.966
1.2,2.376
1.04,1.866
1.139,3.605
1.014,3.407
0.861,2.202
0.667,2.551
0.416,-0.067
0.349,1.617
0.447,0.745
0.363,1.377
0.288,3.198
0.101,1.206
0.111,1.626
0.057,-0.157
-0.205,1.525
-0.248,3.75
-0.385,0.489
-0.454,-0.224
-0.555,3.001
-1.007,0.141
-0.888,3.469
-0.984,3.758
-1.097,1.7
-1.144,1.398
-1.173,2.342
-1.46,1.371
-1.417,3.674
-1.587,2.705
-1.791,0.889
-1.838,3.079
-1.931,0.027
-1.945,3.446
-2.082,2.645
-1.955,3.103
-1.999,2.218
-2.045,1.425
-2.023,3.147
-2.291,3.666
-2.228,3.603
-2.23,2.42
-2.3,2.085
-2.333,1.953
-2.436,1.448
-2.487,0.939
-2.408,0.912
-2.421,0.357
-2.66,3.25
-2.782,0.159
-3.011,0.729
-2.958,0.287
-3.008,3.477
3.096,-0.016
3.064,0.644
-3.138,3.428
2.786,-0.147
2.388,0.133
2.376,3.062
2.369,1.452
2.225,1.554
2.222,-0.509
1.631,-0.429
1.382,-0.493
1.308,-0.566
0.905,-0.45
0.412,-0.388
-1.139,-0.421
-2.199,-0.66
-2.27,-0.554
-2.16,-0.678
-2.706,-0.609
-2.624,-0.276
-2.72,-0.316
-2.933,-0.585
2.78,-0.456
2.504,-0.722
1.865,3.965
1.867,4.034
1.641,4.014
0.433,4.032
-0.42,4.012
-0.874,4.028
-1.125,4.018
-1.681,3.84
-1.711,3.903
-1.812,3.984
-2.881,4.018
-3.073,3.951
1.223,3.285
0.915,1.364
0.646,1.383
-0.001,1.355
-1.565,2.73
-1.688,1.494
-1.877,0.77
-2.253,1.527
-2.212,1.673
-2.298,1.417
2.494,-0.188
1.638,2.712
1.268,0.234
-0.334,1.276
-1.763,2.149
-1.95,3.284
-2.45,0.459
-2.745,2.143
0.927,2.441
0.651,1.075
-2.242,2.511
-2.445,0.129
-2.543,2.554
3.098,0.988
1.081,-0.113
-2.107,3.51
-2.034,0.032
-0.424,-0.72
-0.196,0.077
-0.556,-0.034
-0.911,0.846
-1.454,-1.31
1.847,1.853
-2.966,1.705
-2.95,1.372
-2.926,-1.124
-3.062,-1.815
2.827,-1.337
2.921,-0.053
2.801,1.652
2.821,1.39
2.921,-0.758
2.923,0.114
2.757,0.405
2.802,-0.203
2.753,-0.18
2.608,1.58
2.712,-0.251
2.594,0.625
2.553,-0.432
2.56,-1.187
2.679,-0.82
2.664,0.0
2.61,1.785
2.458,0.242
2.414,1.707
2.434,-0.009
2.425,0.401
2.265,-0.109
2.364,1.63
2.239,1.432
2.086,0.227
1.892,0.576
1.641,-2.042
1.574,-0.358
1.672,-1.23
1.588,-0.598
1.513,1.223
1.326,-0.769
1.336,-0.349
1.282,-2.132
1.02,-0.45
0.977,1.775
0.84,-1.486
0.771,-2.199
0.67,1.026
0.218,-1.834
0.337,1.494
0.241,1.783
0.128,-0.275
0.081,-0.577
0.052,0.367
-0.235,-0.604
-0.192,1.699
-0.362,0.73
-0.566,-1.086
-0.613,1.104
-0.706,-1.948
-0.72,1.471
-0.857,0.67
-0.73,1.128
-0.774,0.243
-0.82,-0.55
-0.798,1.172
-1.066,1.691
-1.003,1.628
-1.005,0.445
-1.075,0.11
-1.108,-0.022
-1.211,-0.527
-1.262,-1.036
-1.183,-1.063
-1.196,-1.618
-1.435,1.275
-1.557,-1.816
-1.786,-1.246
-1.733,-1.688
-1.783,1.502
-1.962,-1.991
-1.994,-1.331
-1.913,1.453
-2.272,-2.122
-2.67,-1.842
-2.682,1.087
-2.689,-0.523
-2.833,-0.421
-2.836,-2.484
2.856,-2.404
2.607,-2.468
2.533,-2.541
2.13,-2.425
1.637,-2.363
0.086,-2.396
-0.974,-2.635
-1.045,-2.529
-0.935,-2.653
-1.481,-2.584
-1.399,-2.251
-1.495,-2.291
-1.708,-2.56
-2.278,-2.431
-2.554,-2.697
3.09,1.99
3.092,2.059
2.866,2.039
1.658,2.057
0.805,2.037
0.351,2.053
0.1,2.043
-0.456,1.865
-0.486,1.928
-0.587,2.009
-1.656,2.043
-1.848,1.976
2.448,1.31
2.14,-0.611
1.871,-0.592
1.224,-0.62
-0.34,0.755
-0.463,-0.481
-0.652,-1.205
-1.028,-0.448
-0.987,-0.302
-1.073,-0.558
-2.564,-2.163
2.863,0.737
2.493,-1.741
0.891,-0.699
-0.538,0.174
-0.725,1.309
-1.225,-1.516
-1.52,0.168
2.152,0.466
1.876,-0.9
-1.017,0.536
-1.22,-1.846
-1.318,0.579
-1.96,-0.987
2.306,-2.088
-0.882,1.535
-0.809,-1.943
0.801,-2.695
-0.36,-0.111
-0.715,0.769
-1.258,-1.387
2.043,1.776
-2.77,1.628
-2.754,1.295
-2.73,-1.201
-2.866,-1.892
3.023,-1.414
3.117,-0.13
2.997,1.575
3.017,1.313
3.117,-0.835
3.119,0.037
2.953,0.328
2.998,-0.28
2.949,-0.257
2.804,1.503
2.908,-0.328
2.79,0.548
2.749,-0.509
2.756,-1.264
2.875,-0.897
2.86,-0.077
2.806,1.708
2.654,0.165
2.61,1.63
2.63,-0.086
2.621,0.324
2.461,-0.186
2.56,1.553
2.435,1.355
2.282,0.15
2.088,0.499
1.837,-2.119
1.77,-0.435
1.868,-1.307
1.784,-0.675
1.709,1.146
1.522,-0.846
1.532,-0.426
1.478,-2.209
1.216,-0.527
1.173,1.698
1.036,-1.563
0.967,-2.276
0.866,0.949
0.414,-1.911
0.533,1.417
0.437,1.706
0.324,-0.352
0.277,-0.654
0.248,0.29
-0.039,-0.681
0.004,1.622
-0.166,0.653
-0.37,-1.163
-0.417,1.027
-0.51,-2.025
-0.524,1.394
-0.661,0.593
-0.534,1.051
-0.578,0.166
-0.624,-0.627
-0.602,1.095
-0.87,1.614
-0.807,1.551
-0.809,0.368
-0.879,0.033
-0.912,-0.099
-1.015,-0.604
-1.066,-1.113
-0.987,-1.14
-1.0,-1.695
-1.239,1.198
-1.361,-1.893
-1.59,-1.323
-1.537,-1.765
-1.587,1.425
-1.766,-2.068
-1.798,-1.408
-1.717,1.376
-2.076,-2.199
-2.474,-1.919
-2.486,1.01
-2.493,-0.6
-2.637,-0.498
-2.64,-2.561
3.052,-2.481
2.803,-2.545
2.729,-2.618
2.326,-2.502
1.833,-2.44
0.282,-2.473
-0.778,-2.712
-0.849,-2.606
-0.739,-2.73
-1.285,-2.661
-1.203,-2.328
-1.299,-2.368
-1.512,-2.637
-2.082,-2.508
-2.358,-2.774
-2.997,1.913
-2.995,1.982
3.062,1.962
1.854,1.98
1.001,1.96
0.547,1.976
0.296,1.966
-0.26,1.788
-0.29,1.851
-0.391,1.932
-1.46,1.966
-1.652,1.899
2.644,1.233
2.336,-0.688
2.067,-0.669
1.42,-0.697
-0.144,0.678
-0.267,-0.558
-0.456,-1.282
-0.832,-0.525
-0.791,-0.379
-0.877,-0.635
-2.368,-2.24
3.059,0.66
2.689,-1.818
1.087,-0.776
-0.342,0.097
-0.529,1.232
-1.029,-1.593
-1.324,0.091
2.348,0.389
2.072,-0.977
-0.821,0.459
-1.024,-1.923
-1.122,0.502
-1.764,-1.064
2.502,-2.165
-0.686,1.458
-0.613,-2.02
0.997,-2.772
-0.355,0.88
-0.898,-1.276
2.403,1.887
-2.41,1.739
-2.394,1.406
-2.37,-1.09
-2.506,-1.781
-2.9,-1.303
-2.806,-0.019
-2.926,1.686
-2.906,1.424
-2.806,-0.724
-2.804,0.148
-2.97,0.439
-2.925,-0.169
-2.974,-0.146
-3.119,1.614
-3.015,-0.217
-3.133,0.659
3.109,-0.398
3.116,-1.153
-3.048,-0.786
-3.063,0.034
-3.117,1.819
3.014,0.276
2.97,1.741
2.99,0.025
2.981,0.435
2.821,-0.075
2.92,1.664
2.795,1.466
2.642,0.261
2.448,0.61
2.197,-2.008
2.13,-0.324
2.228,-1.196
2.144,-0.564
2.069,1.257
1.882,-0.735
1.892,-0.315
1.838,-2.098
1.576,-0.416
1.533,1.809
1.396,-1.452
1.327,-2.165
1.226,1.06
0.774,-1.8
0.893,1.528
0.797,1.817
0.684,-0.241
0.637,-0.543
0.608,0.401
0.321,-0.57
0.364,1.733
0.194,0.764
-0.01,-1.052
-0.057,1.138
-0.15,-1.914
-0.164,1.505
-0.301,0.704
-0.174,1.162
-0.218,0.277
-0.264,-0.516
-0.242,1.206
-0.51,1.725
-0.447,1.662
-0.449,0.479
-0.519,0.144
-0.552,0.012
-0.655,-0.493
-0.706,-1.002
-0.627,-1.029
-0.64,-1.584
-0.879,1.309
-1.001,-1.782
-1.23,-1.212
-1.177,-1.654
-1.227,1.536
-1.406,-1.957
-1.438,-1.297
-1.357,1.487
-1.716,-2.088
-2.114,-1.808
-2.126,1.121
-2.133,-0.489
-2.277,-0.387
-2.28,-2.45
-2.871,-2.37
-3.12,-2.434
3.089,-2.507
2.686,-2.391
2.193,-2.329
0.642,-2.362
-0.418,-2.601
-0.489,-2.495
-0.379,-2.619
-0.925,-2.55
-0.843,-2.217
-0.939,-2.257
-1.152,-2.526
-1.722,-2.397
-1.998,-2.663
-2.637,2.024
-2.635,2.093
-2.861,2.073
2.214,2.091
1.361,2.071
0.907,2.087
0.656,2.077
0.1,1.899
0.07,1.962
-0.031,2.043
-1.1,2.077
-1.292,2.01
3.004,1.344
2.696,-0.577
2.427,-0.558
1.78,-0.586
0.216,0.789
0.093,-0.447
-0.096,-1.171
-0.472,-0.414
-0.431,-0.268
-0.517,-0.524
-2.008,-2.129
-2.864,0.771
3.049,-1.707
1.447,-0.665
0.018,0.208
-0.169,1.343
-0.669,-1.482
-0.964,0.202
2.708,0.5
2.432,-0.866
-0.461,0.57
-0.664,-1.812
-0.762,0.613
-1.404,-0.953
2.862,-2.054
-0.326,1.569
-0.253,-1.909
1.357,-2.661
-0.543,-2.156
2.758,1.007
-2.055,0.859
-2.039,0.526
-2.015,-1.97
-2.151,-2.661
-2.545,-2.183
-2.451,-0.899
-2.571,0.806
-2.551,0.544
-2.451,-1.604
-2.449,-0.732
-2.615,-0.441
-2.57,-1.049
-2.619,-1.026
-2.764,0.734
-2.66,-1.097
-2.778,-0.221
-2.819,-1.278
-2.812,-2.033
-2.693,-1.666
-2.708,-0.846
-2.762,0.939
-2.914,-0.604
-2.958,0.861
-2.938,-0.855
-2.947,-0.445
-3.107,-0.955
-3.008,0.784
-3.133,0.586
2.997,-0.619
2.803,-0.27
2.552,-2.888
2.485,-1.204
2.583,-2.076
2.499,-1.444
2.424,0.377
2.237,-1.615
2.247,-1.195
2.193,-2.978
1.931,-1.296
1.888,0.929
1.751,-2.332
1.682,-3.045
1.581,0.18
1.129,-2.68
1.248,0.648
1.152,0.937
1.039,-1.121
0.992,-1.423
0.963,-0.479
0.676,-1.45
0.719,0.853
0.549,-0.116
0.345,-1.932
0.298,0.258
0.205,-2.794
0.191,0.625
0.054,-0.176
0.181,0.282
0.137,-0.603
0.091,-1.396
0.113,0.326
-0.155,0.845
-0.092,0.782
-0.094,-0.401
-0.164,-0.736
-0.197,-0.868
-0.3,-1.373
-0.351,-1.882
-0.272,-1.909
-0.285,-2.464
-0.524,0.429
-0.646,-2.662
-0.875,-2.092
-0.822,-2.534
-0.872,0.656
-1.051,-2.837
-1.083,-2.177
-1.002,0.607
-1.361,-2.968
-1.759,-2.688
-1.771,0.241
-1.778,-1.369
-1.922,-1.267
-1.925,-3.33
-2.516,-3.25
-2.765,-3.314
-2.839,-3.387
3.041,-3.271
2.548,-3.209
0.997,-3.242
-0.063,-3.481
-0.134,-3.375
-0.024,-3.499
-0.57,-3.43
-0.488,-3.097
-0.584,-3.137
-0.797,-3.406
-1.367,-3.277
-1.643,-3.543
-2.282,1.144
-2.28,1.213
-2.506,1.193
2.569,1.211
1.716,1.191
1.262,1.207
1.011,1.197
0.455,1.019
0.425,1.082
0.324,1.163
-0.745,1.197
-0.937,1.13
-2.924,0.464
3.051,-1.457
2.782,-1.438
2.135,-1.466
0.571,-0.091
0.448,-1.327
0.259,-2.051
-0.117,-1.294
-0.076,-1.148
-0.162,-1.404
-1.653,-3.009
-2.509,-0.109
-2.879,-2.587
1.802,-1.545
0.373,-0.672
0.186,0.463
-0.314,-2.362
-0.609,-0.678
3.063,-0.38
2.787,-1.746
-0.106,-0.31
-0.309,-2.692
-0.407,-0.267
-1.049,-1.833
-3.066,-2.934
0.029,0.689
0.102,-2.789
1.712,-3.541
-2.982,3.163
-1.512,3.015
-1.496,2.682
-1.472,0.186
-1.608,-0.505
-2.002,-0.027
-1.908,1.257
-2.028,2.962
-2.008,2.7
-1.908,0.552
-1.906,1.424
-2.072,1.715
-2.027,1.107
-2.076,1.13
-2.221,2.89
-2.117,1.059
-2.235,1.935
-2.276,0.878
-2.269,0.123
-2.15,0.49
-2.165,1.31
-2.219,3.095
-2.371,1.552
-2.415,3.017
-2.395,1.301
-2.404,1.711
-2.564,1.201
-2.465,2.94
-2.59,2.742
-2.743,1.537
-2.937,1.886
3.095,-0.732
3.028,0.952
3.126,0.08
3.042,0.712
2.967,2.533
2.78,0.541
2.79,0.961
2.736,-0.822
2.474,0.86
2.431,3.085
2.294,-0.176
2.225,-0.889
2.124,2.336
1.672,-0.524
1.791,2.804
1.695,3.093
1.582,1.035
1.535,0.733
1.506,1.677
1.219,0.706
1.262,3.009
1.092,2.04
0.888,0.224
0.841,2.414
0.748,-0.638
0.734,2.781
0.597,1.98
0.724,2.438
0.68,1.553
0.634,0.76
0.656,2.482
0.388,3.001
0.451,2.938
0.449,1.755
0.379,1.42
0.346,1.288
0.243,0.783
0.192,0.274
0.271,0.247
0.258,-0.308
0.019,2.585
-0.103,-0.506
-0.332,0.064
-0.279,-0.378
-0.329,2.812
-0.508,-0.681
-0.54,-0.021
-0.459,2.763
-0.818,-0.812
-1.216,-0.532
-1.228,2.397
-1.235,0.787
-1.379,0.889
-1.382,-1.174
-1.973,-1.094
-2.222,-1.158
-2.296,-1.231
-2.699,-1.115
3.091,-1.053
1.54,-1.086
0.48,-1.325
0.409,-1.219
0.519,-1.343
-0.027,-1.274
0.055,-0.941
-0.041,-0.981
-0.254,-1.25
-0.824,-1.121
-1.1,-1.387
-1.739,3.3
-1.737,3.369
-1.963,3.349
3.112,3.367
2.259,3.347
1.805,3.363
1.554,3.353
0.998,3.175
0.968,3.238
0.867,3.319
-0.202,3.353
-0.394,3.286
-2.381,2.62
-2.689,0.699
-2.958,0.718
2.678,0.69
1.114,2.065
0.991,0.829
0.802,0.105
0.426,0.862
0.467,1.008
0.381,0.752
-1.11,-0.853
-1.966,2.047
-2.336,-0.431
2.345,0.611
0.916,1.484
0.729,2.619
0.229,-0.206
-0.066,1.478
-2.677,1.776
-2.953,0.41
0.437,1.846
0.234,-0.536
0.136,1.889
-0.506,0.323
-2.523,-0.778
0.572,2.845
0.645,-0.633
2.255,-1.385
1.47,-0.148
1.486,-0.481
1.51,-2.977
1.374,-3.668
0.98,-3.19
1.074,-1.906
0.954,-0.201
0.974,-0.463
1.074,-2.611
1.076,-1.739
0.91,-1.448
0.955,-2.056
0.906,-2.033
0.761,-0.273
0.865,-2.104
0.747,-1.228
0.706,-2.285
0.713,-3.04
0.832,-2.673
0.817,-1.853
0.763,-0.068
0.611,-1.611
0.567,-0.146
0.587,-1.862
0.578,-1.452
0.418,-1.962
0.517,-0.223
0.392,-0.421
0.239,-1.626
0.045,-1.277
-0.206,-3.895
-0.273,-2.211
-0.175,-3.083
-0.259,-2.451
-0.334,-0.63
-0.521,-2.622
-0.511,-2.202
-0.565,-3.985
-0.827,-2.303
-0.87,-0.078
-1.007,-3.339
-1.076,-4.052
-1.177,-0.827
-1.629,-3.687
-1.51,-0.359
-1.606,-0.07
-1.719,-2.128
-1.766,-2.43
-1.795,-1.486
-2.082,-2.457
-2.039,-0.154
-2.209,-1.123
-2.413,-2.939
-2.46,-0.749
-2.553,-3.801
-2.567,-0.382
-2.704,-1.183
-2.577,-0.725
-2.621,-1.61
-2.667,-2.403
-2.645,-0.681
-2.913,-0.162
-2.85,-0.225
-2.852,-1.408
-2.922,-1.743
-2.955,-1.875
-3.058,-2.38
-3.109,-2.889
-3.03,-2.916
-3.043,-3.471
3.001,-0.578
2.879,-3.669
2.65,-3.099
2.703,-3.541
2.653,-0.351
2.474,-3.844
2.442,-3.184
2.523,-0.4
2.164,-3.975
1.766,-3.695
1.754,-0.766
1.747,-2.376
1.603,-2.274
1.6,-4.337
1.009,-4.257
0.76,-4.321
0.686,-4.394
0.283,-4.278
-0.21,-4.216
-1.761,-4.249
-2.821,-4.488
-2.892,-4.382
-2.782,-4.506
2.955,-4.437
3.037,-4.104
2.941,-4.144
2.728,-4.413
2.158,-4.284
1.882,-4.55
1.243,0.137
1.245,0.206
1.019,0.186
-0.189,0.204
-1.042,0.184
-1.496,0.2
-1.747,0.19
-2.303,0.012
-2.333,0.075
-2.434,0.156
2.78,0.19
2.588,0.123
0.601,-0.543
0.293,-2.464
0.024,-2.445
-0.623,-2.473
-2.187,-1.098
-2.31,-2.334
-2.499,-3.058
-2.875,-2.301
-2.834,-2.155
-2.92,-2.411
1.872,-4.016
1.016,-1.116
0.646,-3.594
-0.956,-2.552
-2.385,-1.679
-2.572,-0.544
-3.072,-3.369
2.916,-1.685
0.305,-1.387
0.029,-2.753
-2.864,-1.317
-3.067,-3.699
3.118,-1.274
2.476,-2.84
0.459,-3.941
-2.729,-0.318
-2.656,-3.796
-1.046,-4.548
0.016,-0.333
0.04,-2.829
-0.096,-3.52
-0.49,-3.042
-0.396,-1.758
-0.516,-0.053
-0.496,-0.315
-0.396,-2.463
-0.394,-1.591
-0.56,-1.3
-0.515,-1.908
-0.564,-1.885
-0.709,-0.125
-0.605,-1.956
-0.723,-1.08
-0.764,-2.137
-0.757,-2.892
-0.638,-2.525
-0.653,-1.705
-0.707,0.08
-0.859,-1.463
-0.903,0.002
-0.883,-1.714
-0.892,-1.304
-1.052,-1.814
-0.953,-0.075
-1.078,-0.273
-1.231,-1.478
-1.425,-1.129
-1.676,-3.747
-1.743,-2.063
-1.645,-2.935
-1.729,-2.303
-1.804,-0.482
-1.991,-2.474
-1.981,-2.054
-2.035,-3.837
-2.297,-2.155
-2.34,0.07
-2.477,-3.191
-2.546,-3.904
-2.647,-0.679
-3.099,-3.539
-2.98,-0.211
-3.076,0.078
3.094,-1.98
3.047,-2.282
3.018,-1.338
2.731,-2.309
2.774,-0.006
2.604,-0.975
2.4,-2.791
2.353,-0.601
2.26,-3.653
2.246,-0.234
2.109,-1.035
2.236,-0.577
2.192,-1.462
2.146,-2.255
2.168,-0.533
1.9,-0.014
1.963,-0.077
1.961,-1.26
1.891,-1.595
1.858,-1.727
1.755,-2.232
1.704,-2.741
1.783,-2.768
1.77,-3.323
1.531,-0.43
1.409,-3.521
1.18,-2.951
1.233,-3.393
1.183,-0.203
1.004,-3.696
0.972,-3.036
1.053,-0.252
0.694,-3.827
0.296,-3.547
0.284,-0.618
0.277,-2.228
0.133,-2.126
0.13,-4.189
-0.461,-4.109
-0.71,-4.173
-0.784,-4.246
-1.187,-4.13
-1.68,-4.068
3.052,-4.101
1.992,-4.34
1.921,-4.234
2.031,-4.358
1.485,-4.289
1.567,-3.956
1.471,-3.996
1.258,-4.265
0.688,-4.136
0.412,-4.402
-0.227,0.285
-0.225,0.354
-0.451,0.334
-1.659,0.352
-2.512,0.332
-2.966,0.348
3.066,0.338
2.51,0.16
2.48,0.223
2.379,0.304
1.31,0.338
1.118,0.271
-0.869,-0.395
-1.177,-2.316
-1.446,-2.297
-2.093,-2.325
2.626,-0.95
2.503,-2.186
2.314,-2.91
1.938,-2.153
1.979,-2.007
1.893,-2.263
0.402,-3.868
-0.454,-0.968
-0.824,-3.446
-2.426,-2.404
2.428,-1.531
2.241,-0.396
1.741,-3.221
1.446,-1.537
-1.165,-1.239
-1.441,-2.605
1.949,-1.169
1.746,-3.551
1.648,-1.126
1.006,-2.692
-1.011,-3.793
2.084,-0.17
2.157,-3.648
-2.516,-4.4
0.024,-2.496
-0.112,-3.187
-0.506,-2.709
-0.412,-1.425
-0.532,0.28
-0.512,0.018
-0.412,-2.13
-0.41,-1.258
-0.576,-0.967
-0.531,-1.575
-0.58,-1.552
-0.725,0.208
-0.621,-1.623
-0.739,-0.747
-0.78,-1.804
-0.773,-2.559
-0.654,-2.192
-0.669,-1.372
-0.723,0.413
-0.875,-1.13
-0.919,0.335
-0.899,-1.381
-0.908,-0.971
-1.068,-1.481
-0.969,0.258
-1.094,0.06
-1.247,-1.145
-1.441,-0.796
-1.692,-3.414
-1.759,-1.73
-1.661,-2.602
-1.745,-1.97
-1.82,-0.149
-2.007,-2.141
-1.997,-1.721
-2.051,-3.504
-2.313,-1.822
-2.356,0.403
-2.493,-2.858
-2.562,-3.571
-2.663,-0.346
-3.115,-3.206
-2.996,0.122
-3.092,0.411
3.078,-1.647
3.031,-1.949
3.002,-1.005
2.715,-1.976
2.758,0.327
2.588,-0.642
2.384,-2.458
2.337,-0.268
2.244,-3.32
2.23,0.099
2.093,-0.702
2.22,-0.244
2.176,-1.129
2.13,-1.922
2.152,-0.2
1.884,0.319
1.947,0.256
1.945,-0.927
1.875,-1.262
1.842,-1.394
1.739,-1.899
1.688,-2.408
1.767,-2.435
1.754,-2.99
1.515,-0.097
1.393,-3.188
1.164,-2.618
1.217,-3.06
1.167,0.13
0.988,-3.363
0.956,-2.703
1.037,0.081
0.678,-3.494
0.28,-3.214
0.268,-0.285
0.261,-1.895
0.117,-1.793
0.114,-3.856
-0.477,-3.776
-0.726,-3.84
-0.8,-3.913
-1.203,-3.797
-1.696,-3.735
3.036,-3.768
1.976,-4.007
1.905,-3.901
2.015,-4.025
1.469,-3.956
1.551,-3.623
1.455,-3.663
1.242,-3.932
0.672,-3.803
0.396,-4.069
-0.243,0.618
-0.241,0.687
-0.467,0.667
-1.675,0.685
-2.528,0.665
-2.982,0.681
3.05,0.671
2.494,0.493
2.464,0.556
2.363,0.637
1.294,0.671
1.102,0.604
-0.885,-0.062
-1.193,-1.983
-1.462,-1.964
-2.109,-1.992
2.61,-0.617
2.487,-1.853
2.298,-2.577
1.922,-1.82
1.963,-1.674
1.877,-1.93
0.386,-3.535
-0.47,-0.635
-0.84,-3.113
-2.442,-2.071
2.412,-1.198
2.225,-0.063
1.725,-2.888
1.43,-1.204
-1.181,-0.906
-1.457,-2.272
1.933,-0.836
1.73,-3.218
1.632,-0.793
0.99,-2.359
-1.027,-3.46
2.068,0.163
2.141,-3.315
-2.532,-4.067
-0.136,-0.691
-0.53,-0.213
-0.436,1.071
-0.556,2.776
-0.536,2.514
-0.436,0.366
-0.434,1.238
-0.6,1.529
-0.555,0.921
-0.604,0.944
-0.749,2.704
-0.645,0.873
-0.763,1.749
-0.804,0.692
-0.797,-0.063
-0.678,0.304
-0.693,1.124
-0.747,2.909
-0.899,1.366
-0.943,2.831
-0.923,1.115
-0.932,1.525
-1.092,1.015
-0.993,2.754
-1.118,2.556
-1.271,1.351
-1.465,1.7
-1.716,-0.918
-1.783,0.766
-1.685,-0.106
-1.769,0.526
-1.844,2.347
-2.031,0.355
-2.021,0.775
-2.075,-1.008
-2.337,0.674
-2.38,2.899
-2.517,-0.362
-2.586,-1.075
-2.687,2.15
-3.139,-0.71
-3.02,2.618
-3.116,2.907
3.054,0.849
3.007,0.547
2.978,1.491
2.691,0.52
2.734,2.823
2.564,1.854
2.36,0.038
2.313,2.228
2.22,-0.824
2.206,2.595
2.069,1.794
2.196,2.252
2.152,1.367
2.106,0.574
2.128,2.296
1.86,2.815
1.923,2.752
1.921,1.569
1.851,1.234
1.818,1.102
1.715,0.597
1.664,0.088
1.743,0.061
1.73,-0.494
1.491,2.399
1.369,-0.692
1.14,-0.122
1.193,-0.564
1.143,2.626
0.964,-0.867
0.932,-0.207
1.013,2.577
0.654,-0.998
0.256,-0.718
0.244,2.211
0.237,0.601
0.093,0.703
0.09,-1.36
-0.501,-1.28
-0.75,-1.344
-0.824,-1.417
-1.227,-1.301
-1.72,-1.239
3.012,-1.272
1.952,-1.511
1.881,-1.405
1.991,-1.529
1.445,-1.46
1.527,-1.127
1.431,-1.167
1.218,-1.436
0.648,-1.307
0.372,-1.573
-0.267,3.114
-0.265,3.183
-0.491,3.163
-1.699,3.181
-2.552,3.161
-3.006,3.177
3.026,3.167
2.47,2.989
2.44,3.052
2.339,3.133
1.27,3.167
1.078,3.1
-0.909,2.434
-1.217,0.513
-1.486,0.532
-2.133,0.504
2.586,1.879
2.463,0.643
2.274,-0.081
1.898,0.676
1.939,0.822
1.853,0.566
0.362,-1.039
-0.494,1.861
-0.864,-0.617
-2.466,0.425
2.388,1.298
2.201,2.433
1.701,-0.392
1.406,1.292
-1.205,1.59
-1.481,0.224
1.909,1.66
1.706,-0.722
1.608,1.703
0.966,0.137
-1.051,-0.964
2.044,2.659
2.117,-0.819
-2.556,-1.571
-0.394,0.478
-0.3,1.762
-0.42,3.467
-0.4,3.205
-0.3,1.057
-0.298,1.929
-0.464,2.22
-0.419,1.612
-0.468,1.635
-0.613,3.395
-0.509,1.564
-0.627,2.44
-0.668,1.383
-0.661,0.628
-0.542,0.995
-0.557,1.815
-0.611,3.6
-0.763,2.057
-0.807,3.522
-0.787,1.806
-0.796,2.216
-0.956,1.706
-0.857,3.445
-0.982,3.247
-1.135,2.042
-1.329,2.391
-1.58,-0.227
-1.647,1.457
-1.549,0.585
-1.633,1.217
-1.708,3.038
-1.895,1.046
-1.885,1.466
-1.939,-0.317
-2.201,1.365
-2.244,3.59
-2.381,0.329
-2.45,-0.384
-2.551,2.841
-3.003,-0.019
-2.884,3.309
-2.98,3.598
-3.093,1.54
-3.14,1.238
3.114,2.182
2.827,1.211
2.87,3.514
2.7,2.545
2.496,0.729
2.449,2.919
2.356,-0.133
2.342,3.286
2.205,2.485
2.332,2.943
2.288,2.058
2.242,1.265
2.264,2.987
1.996,3.506
2.059,3.443
2.057,2.26
1.987,1.925
1.954,1.793
1.851,1.288
1.8,0.779
1.879,0.752
1.866,0.197
1.627,3.09
1.505,-0.001
1.276,0.569
1.329,0.127
1.279,3.317
1.1,-0.176
1.068,0.484
1.149,3.268
0.79,-0.307
0.392,-0.027
0.38,2.902
0.373,1.292
0.229,1.394
0.226,-0.669
-0.365,-0.589
-0.614,-0.653
-0.688,-0.726
-1.091,-0.61
-1.584,-0.548
-3.135,-0.581
2.088,-0.82
2.017,-0.714
2.127,-0.838
1.581,-0.769
1.663,-0.436
1.567,-0.476
1.354,-0.745
0.784,-0.616
0.508,-0.882
-0.131,3.805
-0.129,3.874
-0.355,3.854
-1.563,3.872
-2.416,3.852
-2.87,3.868
-3.121,3.858
2.606,3.68
2.576,3.743
2.475,3.824
1.406,3.858
1.214,3.791
-0.773,3.125
-1.081,1.204
-1.35,1.223
-1.997,1.195
2.722,2.57
2.599,1.334
2.41,0.61
2.034,1.367
2.075,1.513
1.989,1.257
0.498,-0.348
-0.358,2.552
-0.728,0.074
-2.33,1.116
2.524,1.989
2.337,3.124
1.837,0.299
1.542,1.983
-1.069,2.281
-1.345,0.915
2.045,2.351
1.842,-0.031
1.744,2.394
1.102,0.828
-0.915,-0.273
2.18,3.35
2.253,-0.128
-2.42,-0.88
0.094,1.284
-0.026,2.989
-0.006,2.727
0.094,0.579
0.096,1.451
-0.07,1.742
-0.025,1.134
-0.074,1.157
-0.219,2.917
-0.115,1.086
-0.233,1.962
-0.274,0.905
-0.267,0.15
-0.148,0.517
-0.163,1.337
-0.217,3.122
-0.369,1.579
-0.413,3.044
-0.393,1.328
-0.402,1.738
-0.562,1.228
-0.463,2.967
-0.588,2.769
-0.741,1.564
-0.935,1.913
-1.186,-0.705
-1.253,0.979
-1.155,0.107
-1.239,0.739
-1.314,2.56
-1.501,0.568
-1.491,0.988
-1.545,-0.795
-1.807,0.887
-1.85,3.112
-1.987,-0.149
-2.056,-0.862
-2.157,2.363
-2.609,-0.497
-2.49,2.831
-2.586,3.12
-2.699,1.062
-2.746,0.76
-2.775,1.704
-3.062,0.733
-3.019,3.036
3.094,2.067
2.89,0.251
2.843,2.441
2.75,-0.611
2.736,2.808
2.599,2.007
2.726,2.465
2.682,1.58
2.636,0.787
2.658,2.509
2.39,3.028
2.453,2.965
2.451,1.782
2.381,1.447
2.348,1.315
2.245,0.81
2.194,0.301
2.273,0.274
2.26,-0.281
2.021,2.612
1.899,-0.479
1.67,0.091
1.723,-0.351
1.673,2.839
1.494,-0.654
1.462,0.006
1.543,2.79
1.184,-0.785
0.786,-0.505
0.774,2.424
0.767,0.814
0.623,0.916
0.62,-1.147
0.029,-1.067
-0.22,-1.131
-0.294,-1.204
-0.697,-1.088
-1.19,-1.026
-2.741,-1.059
2.482,-1.298
2.411,-1.192
2.521,-1.316
1.975,-1.247
2.057,-0.914
1.961,-0.954
1.748,-1.223
1.178,-1.094
0.902,-1.36
0.263,3.327
0.265,3.396
0.039,3.376
-1.169,3.394
-2.022,3.374
-2.476,3.39
-2.727,3.38
3.0,3.202
2.97,3.265
2.869,3.346
1.8,3.38
1.608,3.313
-0.379,2.647
-0.687,0.726
-0.956,0.745
-1.603,0.717
3.116,2.092
2.993,0.856
2.804,0.132
2.428,0.889
2.469,1.035
2.383,0.779
0.892,-0.826
0.036,2.074
-0.334,-0.404
-1.936,0.638
2.918,1.511
2.731,2.646
2.231,-0.179
1.936,1.505
-0.675,1.803
-0.951,0.437
2.439,1.873
2.236,-0.509
2.138,1.916
1.496,0.35
-0.521,-0.751
2.574,2.872
2.647,-0.606
-2.026,-1.358
-0.12,1.705
-0.1,1.443
0.0,-0.705
0.002,0.167
-0.164,0.458
-0.119,-0.15
-0.168,-0.127
-0.313,1.633
-0.209,-0.198
-0.327,0.678
-0.368,-0.379
-0.361,-1.134
-0.242,-0.767
-0.257,0.053
-0.311,1.838
-0.463,0.295
-0.507,1.76
-0.487,0.044
-0.496,0.454
-0.656,-0.056
-0.557,1.683
-0.682,1.485
-0.835,0.28
-1.029,0.629
-1.28,-1.989
-1.347,-0.305
-1.249,-1.177
-1.333,-0.545
-1.408,1.276
-1.595,-0.716
-1.585,-0.296
-1.639,-2.079
-1.901,-0.397
-1.944,1.828
-2.081,-1.433
-2.15,-2.146
-2.251,1.079
-2.703,-1.781
-2.584,1.547
-2.68,1.836
-2.793,-0.222
-2.84,-0.524
-2.869,0.42
3.127,-0.551
-3.113,1.752
3.0,0.783
2.796,-1.033
2.749,1.157
2.656,-1.895
2.642,1.524
2.505,0.723
2.632,1.181
2.588,0.296
2.542,-0.497
2.564,1.225
2.296,1.744
2.359,1.681
2.357,0.498
2.287,0.163
2.254,0.031
2.151,-0.474
2.1,-0.983
2.179,-1.01
2.166,-1.565
1.927,1.328
1.805,-1.763
1.576,-1.193
1.629,-1.635
1.579,1.555
1.4,-1.938
1.368,-1.278
1.449,1.506
1.09,-2.069
0.692,-1.789
0.68,1.14
0.673,-0.47
0.529,-0.368
0.526,-2.431
-0.065,-2.351
-0.314,-2.415
-0.388,-2.488
-0.791,-2.372
-1.284,-2.31
-2.835,-2.343
2.388,-2.582
2.317,-2.476
2.427,-2.6
1.881,-2.531
1.963,-2.198
1.867,-2.238
1.654,-2.507
1.084,-2.378
0.808,-2.644
0.169,2.043
0.171,2.112
-0.055,2.092
-1.263,2.11
-2.116,2.09
-2.57,2.106
-2.821,2.096
2.906,1.918
2.876,1.981
2.775,2.062
1.706,2.096
1.514,2.029
-0.473,1.363
-0.781,-0.558
-1.05,-0.539
-1.697,-0.567
3.022,0.808
2.899,-0.428
2.71,-1.152
2.334,-0.395
2.375,-0.249
2.289,-0.505
0.798,-2.11
-0.058,0.79
-0.428,-1.688
-2.03,-0.646
2.824,0.227
2.637,1.362
2.137,-1.463
1.842,0.221
-0.769,0.519
-1.045,-0.847
2.345,0.589
2.142,-1.793
2.044,0.632
1.402,-0.934
-0.615,-2.035
2.48,1.588
2.553,-1.89
-2.12,-2.642
0.02,-0.262
0.12,-2.41
0.122,-1.538
-0.044,-1.247
0.001,-1.855
-0.048,-1.832
-0.193,-0.072
-0.089,-1.903
-0.207,-1.027
-0.248,-2.084
-0.241,-2.839
-0.122,-2.472
-0.137,-1.652
-0.191,0.133
-0.343,-1.41
-0.387,0.055
-0.367,-1.661
-0.376,-1.251
-0.536,-1.761
-0.437,-0.022
-0.562,-0.22
-0.715,-1.425
-0.909,-1.076
-1.16,-3.694
-1.227,-2.01
-1.129,-2.882
-1.213,-2.25
-1.288,-0.429
-1.475,-2.421
-1.465,-2.001
-1.519,-3.784
-1.781,-2.102
-1.824,0.123
-1.961,-3.138
-2.03,-3.851
-2.131,-0.626
-2.583,-3.486
-2.464,-0.158
-2.56,0.131
-2.673,-1.927
-2.72,-2.229
-2.749,-1.285
-3.036,-2.256
-2.993,0.047
3.12,-0.922
2.916,-2.738
2.869,-0.548
2.776,-3.6
2.762,-0.181
2.625,-0.982
2.752,-0.524
2.708,-1.409
2.662,-2.202
2.684,-0.48
2.416,0.039
2.479,-0.024
2.477,-1.207
2.407,-1.542
2.374,-1.674
2.271,-2.179
2.22,-2.688
2.299,-2.715
2.286,-3.27
2.047,-0.377
1.925,-3.468
1.696,-2.898
1.749,-3.34
1.699,-0.15
1.52,-3.643
1.488,-2.983
1.569,-0.199
1.21,-3.774
0.812,-3.494
0.8,-0.565
0.793,-2.175
0.649,-2.073
0.646,-4.136
0.055,-4.056
-0.194,-4.12
-0.268,-4.193
-0.671,-4.077
-1.164,-4.015
-2.715,-4.048
2.508,-4.287
2.437,-4.181
2.547,-4.305
2.001,-4.236
2.083,-3.903
1.987,-3.943
1.774,-4.212
1.204,-4.083
0.928,-4.349
0.289,0.338
0.291,0.407
0.065,0.387
-1.143,0.405
-1.996,0.385
-2.45,0.401
-2.701,0.391
3.026,0.213
2.996,0.276
2.895,0.357
1.826,0.391
1.634,0.324
-0.353,-0.342
-0.661,-2.263
-0.93,-2.244
-1.577,-2.272
-3.141,-0.897
3.019,-2.133
2.83,-2.857
2.454,-2.1
2.495,-1.954
2.409,-2.21
0.918,-3.815
0.062,-0.915
-0.308,-3.393
-1.91,-2.351
2.944,-1.478
2.757,-0.343
2.257,-3.168
1.962,-1.484
-0.649,-1.186
-0.925,-2.552
2.465,-1.116
2.262,-3.498
2.164,-1.073
1.522,-2.639
-0.495,-3.74
2.6,-0.117
2.673,-3.595
-2.0,-4.347
0.1,-2.148
0.102,-1.276
-0.064,-0.985
-0.019,-1.593
-0.068,-1.57
-0.213,0.19
-0.109,-1.641
-0.227,-0.765
-0.268,-1.822
-0.261,-2.577
-0.142,-2.21
-0.157,-1.39
-0.211,0.395
-0.363,-1.148
-0.407,0.317
-0.387,-1.399
-0.396,-0.989
-0.556,-1.499
-0.457,0.24
-0.582,0.042
-0.735,-1.163
-0.929,-0.814
-1.18,-3.432
-1.247,-1.748
-1.149,-2.62
-1.233,-1.988
-1.308,-0.167
-1.495,-2.159
-1.485,-1.739
-1.539,-3.522
-1.801,-1.84
-1.844,0.385
-1.981,-2.876
-2.05,-3.589
-2.151,-0.364
-2.603,-3.224
-2.484,0.104
-2.58,0.393
-2.693,-1.665
-2.74,-1.967
-2.769,-1.023
-3.056,-1.994
-3.013,0.309
3.1,-0.66
2.896,-2.476
2.849,-0.286
2.756,-3.338
2.742,0.081
2.605,-0.72
2.732,-0.262
2.688,-1.147
2.642,-1.94
2.664,-0.218
2.396,0.301
2.459,0.238
2.457,-0.945
2.387,-1.28
2.354,-1.412
2.251,-1.917
2.2,-2.426
2.279,-2.453
2.266,-3.008
2.027,-0.115
1.905,-3.206
1.676,-2.636
1.729,-3.078
1.679,0.112
1.5,-3.381
1.468,-2.721
1.549,0.063
1.19,-3.512
0.792,-3.232
0.78,-0.303
0.773,-1.913
0.629,-1.811
0.626,-3.874
0.035,-3.794
-0.214,-3.858
-0.288,-3.931
-0.691,-3.815
-1.184,-3.753
-2.735,-3.786
2.488,-4.025
2.417,-3.919
2.527,-4.043
1.981,-3.974
2.063,-3.641
1.967,-3.681
1.754,-3.95
1.184,-3.821
0.908,-4.087
0.269,0.6
0.271,0.669
0.045,0.649
-1.163,0.667
-2.016,0.647
-2.47,0.663
-2.721,0.653
3.006,0.475
2.976,0.538
2.875,0.619
1.806,0.653
1.614,0.586
-0.373,-0.08
-0.681,-2.001
-0.95,-1.982
-1.597,-2.01
3.122,-0.635
2.999,-1.871
2.81,-2.595
2.434,-1.838
2.475,-1.692
2.389,-1.948
0.898,-3.553
0.042,-0.653
-0.328,-3.131
-1.93,-2.089
2.924,-1.216
2.737,-0.081
2.237,-2.906
1.942,-1.222
-0.669,-0.924
-0.945,-2.29
2.445,-0.854
2.242,-3.236
2.144,-0.811
1.502,-2.377
-0.515,-3.478
2.58,0.145
2.653,-3.333
-2.02,-4.085
0.002,0.872
-0.164,1.163
-0.119,0.555
-0.168,0.578
-0.313,2.338
-0.209,0.507
-0.327,1.383
-0.368,0.326
-0.361,-0.429
-0.242,-0.062
-0.257,0.758
-0.311,2.543
-0.463,1.0
-0.507,2.465
-0.487,0.749
-0.496,1.159
-0.656,0.649
-0.557,2.388
-0.682,2.19
-0.835,0.985
-1.029,1.334
-1.28,-1.284
-1.347,0.4
-1.249,-0.472
-1.333,0.16
-1.408,1.981
-1.595,-0.011
-1.585,0.409
-1.639,-1.374
-1.901,0.308
-1.944,2.533
-2.081,-0.728
-2.15,-1.441
-2.251,1.784
-2.703,-1.076
-2.584,2.252
-2.68,2.541
-2.793,0.483
-2.84,0.181
-2.869,1.125
3.127,0.154
-3.113,2.457
3.0,1.488
2.796,-0.328
2.749,1.862
2.656,-1.19
2.642,2.229
2.505,1.428
2.632,1.886
2.588,1.001
2.542,0.208
2.564,1.93
2.296,2.449
2.359,2.386
2.357,1.203
2.287,0.868
2.254,0.736
2.151,0.231
2.1,-0.278
2.179,-0.305
2.166,-0.86
1.927,2.033
1.805,-1.058
1.576,-0.488
1.629,-0.93
1.579,2.26
1.4,-1.233
1.368,-0.573
1.449,2.211
1.09,-1.364
0.692,-1.084
0.68,1.845
0.673,0.235
0.529,0.337
0.526,-1.726
-0.065,-1.646
-0.314,-1.71
-0.388,-1.783
-0.791,-1.667
-1.284,-1.605
-2.835,-1.638
2.388,-1.877
2.317,-1.771
2.427,-1.895
1.881,-1.826
1.963,-1.493
1.867,-1.533
1.654,-1.802
1.084,-1.673
0.808,-1.939
0.169,2.748
0.171,2.817
-0.055,2.797
-1.263,2.815
-2.116,2.795
-2.57,2.811
-2.821,2.801
2.906,2.623
2.876,2.686
2.775,2.767
1.706,2.801
1.514,2.734
-0.473,2.068
-0.781,0.147
-1.05,0.166
-1.697,0.138
3.022,1.513
2.899,0.277
2.71,-0.447
2.334,0.31
2.375,0.456
2.289,0.2
0.798,-1.405
-0.058,1.495
-0.428,-0.983
-2.03,0.059
2.824,0.932
2.637,2.067
2.137,-0.758
1.842,0.926
-0.769,1.224
-1.045,-0.142
2.345,1.294
2.142,-1.088
2.044,1.337
1.402,-0.229
-0.615,-1.33
2.48,2.293
2.553,-1.185
-2.12,-1.937
-0.166,0.291
-0.121,-0.317
-0.17,-0.294
-0.315,1.466
-0.211,-0.365
-0.329,0.511
-0.37,-0.546
-0.363,-1.301
-0.244,-0.934
-0.259,-0.114
-0.313,1.671
-0.465,0.128
-0.509,1.593
-0.489,-0.123
-0.498,0.287
-0.658,-0.223
-0.559,1.516
-0.684,1.318
-0.837,0.113
-1.031,0.462
-1.282,-2.156
-1.349,-0.472
-1.251,-1.344
-1.335,-0.712
-1.41,1.109
-1.597,-0.883
-1.587,-0.463
-1.641,-2.246
-1.903,-0.564
-1.946,1.661
-2.083,-1.6
-2.152,-2.313
-2.253,0.912
-2.705,-1.948
-2.586,1.38
-2.682,1.669
-2.795,-0.389
-2.842,-0.691
-2.871,0.253
3.125,-0.718
-3.115,1.585
2.998,0.616
2.794,-1.2
2.747,0.99
2.654,-2.062
2.64,1.357
2.503,0.556
2.63,1.014
2.586,0.129
2.54,-0.664
2.562,1.058
2.294,1.577
2.357,1.514
2.355,0.331
2.285,-0.004
2.252,-0.136
2.149,-0.641
2.098,-1.15
2.177,-1.177
2.164,-1.732
1.925,1.161
1.803,-1.93
1.574,-1.36
1.627,-1.802
1.577,1.388
1.398,-2.105
1.366,-1.445
1.447,1.339
1.088,-2.236
0.69,-1.956
0.678,0.973
0.671,-0.637
0.527,-0.535
0.524,-2.598
-0.067,-2.518
-0.316,-2.582
-0.39,-2.655
-0.793,-2.539
-1.286,-2.477
-2.837,-2.51
2.386,-2.749
2.315,-2.643
2.425,-2.767
1.879,-2.698
1.961,-2.365
1.865,-2.405
1.652,-2.674
1.082,-2.545
0.806,-2.811
0.167,1.876
0.169,1.945
-0.057,1.925
-1.265,1.943
-2.118,1.923
-2.572,1.939
-2.823,1.929
2.904,1.751
2.874,1.814
2.773,1.895
1.704,1.929
1.512,1.862
-0.475,1.196
-0.783,-0.725
-1.052,-0.706
-1.699,-0.734
3.02,0.641
2.897,-0.595
2.708,-1.319
2.332,-0.562
2.373,-0.416
2.287,-0.672
0.796,-2.277
-0.06,0.623
-0.43,-1.855
-2.032,-0.813
2.822,0.06
2.635,1.195
2.135,-1.63
1.84,0.054
-0.771,0.352
-1.047,-1.014
2.343,0.422
2.14,-1.96
2.042,0.465
1.4,-1.101
-0.617,-2.202
2.478,1.421
2.551,-2.057
-2.122,-2.809
0.045,-0.608
-0.004,-0.585
-0.149,1.175
-0.045,-0.656
-0.163,0.22
-0.204,-0.837
-0.197,-1.592
-0.078,-1.225
-0.093,-0.405
-0.147,1.38
-0.299,-0.163
-0.343,1.302
-0.323,-0.414
-0.332,-0.004
-0.492,-0.514
-0.393,1.225
-0.518,1.027
-0.671,-0.178
-0.865,0.171
-1.116,-2.447
-1.183,-0.763
-1.085,-1.635
-1.169,-1.003
-1.244,0.818
-1.431,-1.174
-1.421,-0.754
-1.475,-2.537
-1.737,-0.855
-1.78,1.37
-1.917,-1.891
-1.986,-2.604
-2.087,0.621
-2.539,-2.239
-2.42,1.089
-2.516,1.378
-2.629,-0.68
-2.676,-0.982
-2.705,-0.038
-2.992,-1.009
-2.949,1.294
-3.119,0.325
2.96,-1.491
2.913,0.699
2.82,-2.353
2.806,1.066
2.669,0.265
2.796,0.723
2.752,-0.162
2.706,-0.955
2.728,0.767
2.46,1.286
2.523,1.223
2.521,0.04
2.451,-0.295
2.418,-0.427
2.315,-0.932
2.264,-1.441
2.343,-1.468
2.33,-2.023
2.091,0.87
1.969,-2.221
1.74,-1.651
1.793,-2.093
1.743,1.097
1.564,-2.396
1.532,-1.736
1.613,1.048
1.254,-2.527
0.856,-2.247
0.844,0.682
0.837,-0.928
0.693,-0.826
0.69,-2.889
0.099,-2.809
-0.15,-2.873
-0.224,-2.946
-0.627,-2.83
-1.12,-2.768
-2.671,-2.801
2.552,-3.04
2.481,-2.934
2.591,-3.058
2.045,-2.989
2.127,-2.656
2.031,-2.696
1.818,-2.965
1.248,-2.836
0.972,-3.102
0.333,1.585
0.335,1.654
0.109,1.634
-1.099,1.652
-1.952,1.632
-2.406,1.648
-2.657,1.638
3.07,1.46
3.04,1.523
2.939,1.604
1.87,1.638
1.678,1.571
-0.309,0.905
-0.617,-1.016
-0.886,-0.997
-1.533,-1.025
-3.097,0.35
3.063,-0.886
2.874,-1.61
2.498,-0.853
2.539,-0.707
2.453,-0.963
0.962,-2.568
0.106,0.332
-0.264,-2.146
-1.866,-1.104
2.988,-0.231
2.801,0.904
2.301,-1.921
2.006,-0.237
-0.605,0.061
-0.881,-1.305
2.509,0.131
2.306,-2.251
2.208,0.174
1.566,-1.392
-0.451,-2.493
2.644,1.13
2.717,-2.348
-1.956,-3.1
-0.049,0.023
-0.194,1.783
-0.09,-0.048
-0.208,0.828
-0.249,-0.229
-0.242,-0.984
-0.123,-0.617
-0.138,0.203
-0.192,1.988
-0.344,0.445
-0.388,1.91
-0.368,0.194
-0.377,0.604
-0.537,0.094
-0.438,1.833
-0.563,1.635
-0.716,0.43
-0.91,0.779
-1.161,-1.839
-1.228,-0.155
-1.13,-1.027
-1.214,-0.395
-1.289,1.426
-1.476,-0.566
-1.466,-0.146
-1.52,-1.929
-1.782,-0.247
-1.825,1.978
-1.962,-1.283
-2.031,-1.996
-2.132,1.229
-2.584,-1.631
-2.465,1.697
-2.561,1.986
-2.674,-0.072
-2.721,-0.374
-2.75,0.57
-3.037,-0.401
-2.994,1.902
3.119,0.933
2.915,-0.883
2.868,1.307
2.775,-1.745
2.761,1.674
2.624,0.873
2.751,1.331
2.707,0.446
2.661,-0.347
2.683,1.375
2.415,1.894
2.478,1.831
2.476,0.648
2.406,0.313
2.373,0.181
2.27,-0.324
2.219,-0.833
2.298,-0.86
2.285,-1.415
2.046,1.478
1.924,-1.613
1.695,-1.043
1.748,-1.485
1.698,1.705
1.519,-1.788
1.487,-1.128
1.568,1.656
1.209,-1.919
0.811,-1.639
0.799,1.29
0.792,-0.32
0.648,-0.218
0.645,-2.281
0.054,-2.201
-0.195,-2.265
-0.269,-2.338
-0.672,-2.222
-1.165,-2.16
-2.716,-2.193
2.507,-2.432
2.436,-2.326
2.546,-2.45
2.0,-2.381
2.082,-2.048
1.986,-2.088
1.773,-2.357
1.203,-2.228
0.927,-2.494
0.288,2.193
0.29,2.262
0.064,2.242
-1.144,2.26
-1.997,2.24
-2.451,2.256
-2.702,2.246
3.025,2.068
2.995,2.131
2.894,2.212
1.825,2.246
1.633,2.179
-0.354,1.513
-0.662,-0.408
-0.931,-0.389
-1.578,-0.417
3.141,0.958
3.018,-0.278
2.829,-1.002
2.453,-0.245
2.494,-0.099
2.408,-0.355
0.917,-1.96
0.061,0.94
-0.309,-1.538
-1.911,-0.496
2.943,0.377
2.756,1.512
2.256,-1.313
1.961,0.371
-0.65,0.669
-0.926,-0.697
2.464,0.739
2.261,-1.643
2.163,0.782
1.521,-0.784
-0.496,-1.885
2.599,1.738
2.672,-1.74
-2.001,-2.492
-0.145,1.76
-0.041,-0.071
-0.159,0.805
-0.2,-0.252
-0.193,-1.007
-0.074,-0.64
-0.089,0.18
-0.143,1.965
-0.295,0.422
-0.339,1.887
-0.319,0.171
-0.328,0.581
-0.488,0.071
-0.389,1.81
-0.514,1.612
-0.667,0.407
-0.861,0.756
-1.112,-1.862
-1.179,-0.178
-1.081,-1.05
-1.165,-0.418
-1.24,1.403
-1.427,-0.589
-1.417,-0.169
-1.471,-1.952
-1.733,-0.27
-1.776,1.955
-1.913,-1.306
-1.982,-2.019
-2.083,1.206
-2.535,-1.654
-2.416,1.674
-2.512,1.963
-2.625,-0.095
-2.672,-0.397
-2.701,0.547
-2.988,-0.424
-2.945,1.879
-3.115,0.91
2.964,-0.906
2.917,1.284
2.824,-1.768
2.81,1.651
2.673,0.85
2.8,1.308
2.756,0.423
2.71,-0.37
2.732,1.352
2.464,1.871
2.527,1.808
2.525,0.625
2.455,0.29
2.422,0.158
2.319,-0.347
2.268,-0.856
2.347,-0.883
2.334,-1.438
2.095,1.455
1.973,-1.636
1.744,-1.066
1.797,-1.508
1.747,1.682
1.568,-1.811
1.536,-1.151
1.617,1.633
1.258,-1.942
0.86,-1.662
0.848,1.267
0.841,-0.343
0.697,-0.241
0.694,-2.304
0.103,-2.224
-0.146,-2.288
-0.22,-2.361
-0.623,-2.245
-1.116,-2.183
-2.667,-2.216
2.556,-2.455
2.485,-2.349
2.595,-2.473
2.049,-2.404
2.131,-2.071
2.035,-2.111
1.822,-2.38
1.252,-2.251
0.976,-2.517
0.337,2.17
0.339,2.239
0.113,2.219
-1.095,2.237
-1.948,2.217
-2.402,2.233
-2.653,2.223
3.074,2.045
3.044,2.108
2.943,2.189
1.874,2.223
1.682,2.156
-0.305,1.49
-0.613,-0.431
-0.882,-0.412
-1.529,-0.44
-3.093,0.935
3.067,-0.301
2.878,-1.025
2.502,-0.268
2.543,-0.122
2.457,-0.378
0.966,-1.983
0.11,0.917
-0.26,-1.561
-1.862,-0.519
2.992,0.354
2.805,1.489
2.305,-1.336
2.01,0.348
-0.601,0.646
-0.877,-0.72
2.513,0.716
2.31,-1.666
2.212,0.759
1.57,-0.807
-0.447,-1.908
2.648,1.715
2.721,-1.763
-1.952,-2.515
0.104,-1.831
-0.014,-0.955
-0.055,-2.012
-0.048,-2.767
0.071,-2.4
0.056,-1.58
0.002,0.205
-0.15,-1.338
-0.194,0.127
-0.174,-1.589
-0.183,-1.179
-0.343,-1.689
-0.244,0.05
-0.369,-0.148
-0.522,-1.353
-0.716,-1.004
-0.967,-3.622
-1.034,-1.938
-0.936,-2.81
-1.02,-2.178
-1.095,-0.357
-1.282,-2.349
-1.272,-1.929
-1.326,-3.712
-1.588,-2.03
-1.631,0.195
-1.768,-3.066
-1.837,-3.779
-1.938,-0.554
-2.39,-3.414
-2.271,-0.086
-2.367,0.203
-2.48,-1.855
-2.527,-2.157
-2.556,-1.213
-2.843,-2.184
-2.8,0.119
-2.97,-0.85
3.109,-2.666
3.062,-0.476
2.969,-3.528
2.955,-0.109
2.818,-0.91
2.945,-0.452
2.901,-1.337
2.855,-2.13
2.877,-0.408
2.609,0.111
2.672,0.048
2.67,-1.135
2.6,-1.47
2.567,-1.602
2.464,-2.107
2.413,-2.616
2.492,-2.643
2.479,-3.198
2.24,-0.305
2.118,-3.396
1.889,-2.826
1.942,-3.268
1.892,-0.078
1.713,-3.571
1.681,-2.911
1.762,-0.127
1.403,-3.702
1.005,-3.422
0.993,-0.493
0.986,-2.103
0.842,-2.001
0.839,-4.064
0.248,-3.984
-0.001,-4.048
-0.075,-4.121
-0.478,-4.005
-0.971,-3.943
-2.522,-3.976
2.701,-4.215
2.63,-4.109
2.74,-4.233
2.194,-4.164
2.276,-3.831
2.18,-3.871
1.967,-4.14
1.397,-4.011
1.121,-4.277
0.482,0.41
0.484,0.479
0.258,0.459
-0.95,0.477
-1.803,0.457
-2.257,0.473
-2.508,0.463
-3.064,0.285
-3.094,0.348
3.088,0.429
2.019,0.463
1.827,0.396
-0.16,-0.27
-0.468,-2.191
-0.737,-2.172
-1.384,-2.2
-2.948,-0.825
-3.071,-2.061
3.023,-2.785
2.647,-2.028
2.688,-1.882
2.602,-2.138
1.111,-3.743
0.255,-0.843
-0.115,-3.321
-1.717,-2.279
3.137,-1.406
2.95,-0.271
2.45,-3.096
2.155,-1.412
-0.456,-1.114
-0.732,-2.48
2.658,-1.044
2.455,-3.426
2.357,-1.001
1.715,-2.567
-0.302,-3.668
2.793,-0.045
2.866,-3.523
-1.807,-4.275
-0.118,0.876
-0.159,-0.181
-0.152,-0.936
-0.033,-0.569
-0.048,0.251
-0.102,2.036
-0.254,0.493
-0.298,1.958
-0.278,0.242
-0.287,0.652
-0.447,0.142
-0.348,1.881
-0.473,1.683
-0.626,0.478
-0.82,0.827
-1.071,-1.791
-1.138,-0.107
-1.04,-0.979
-1.124,-0.347
-1.199,1.474
-1.386,-0.518
-1.376,-0.098
-1.43,-1.881
-1.692,-0.199
-1.735,2.026
-1.872,-1.235
-1.941,-1.948
-2.042,1.277
-2.494,-1.583
-2.375,1.745
-2.471,2.034
-2.584,-0.024
-2.631,-0.326
-2.66,0.618
-2.947,-0.353
-2.904,1.95
-3.074,0.981
3.005,-0.835
2.958,1.355
2.865,-1.697
2.851,1.722
2.714,0.921
2.841,1.379
2.797,0.494
2.751,-0.299
2.773,1.423
2.505,1.942
2.568,1.879
2.566,0.696
2.496,0.361
2.463,0.229
2.36,-0.276
2.309,-0.785
2.388,-0.812
2.375,-1.367
2.136,1.526
2.014,-1.565
1.785,-0.995
1.838,-1.437
1.788,1.753
1.609,-1.74
1.577,-1.08
1.658,1.704
1.299,-1.871
0.901,-1.591
0.889,1.338
0.882,-0.272
0.738,-0.17
0.735,-2.233
0.144,-2.153
-0.105,-2.217
-0.179,-2.29
-0.582,-2.174
-1.075,-2.112
-2.626,-2.145
2.597,-2.384
2.526,-2.278
2.636,-2.402
2.09,-2.333
2.172,-2.0
2.076,-2.04
1.863,-2.309
1.293,-2.18
1.017,-2.446
0.378,2.241
0.38,2.31
0.154,2.29
-1.054,2.308
-1.907,2.288
-2.361,2.304
-2.612,2.294
3.115,2.116
3.085,2.179
2.984,2.26
1.915,2.294
1.723,2.227
-0.264,1.561
-0.572,-0.36
-0.841,-0.341
-1.488,-0.369
-3.052,1.006
3.108,-0.23
2.919,-0.954
2.543,-0.197
2.584,-0.051
2.498,-0.307
1.007,-1.912
0.151,0.988
-0.219,-1.49
-1.821,-0.448
3.033,0.425
2.846,1.56
2.346,-1.265
2.051,0.419
-0.56,0.717
-0.836,-0.649
2.554,0.787
2.351,-1.595
2.253,0.83
1.611,-0.736
-0.406,-1.837
2.689,1.786
2.762,-1.692
-1.911,-2.444
-0.041,-1.057
-0.034,-1.812
0.085,-1.445
0.07,-0.625
0.016,1.16
-0.136,-0.383
-0.18,1.082
-0.16,-0.634
-0.169,-0.224
-0.329,-0.734
-0.23,1.005
-0.355,0.807
-0.508,-0.398
-0.702,-0.049
-0.953,-2.667
-1.02,-0.983
-0.922,-1.855
-1.006,-1.223
-1.081,0.598
-1.268,-1.394
-1.258,-0.974
-1.312,-2.757
-1.574,-1.075
-1.617,1.15
-1.754,-2.111
-1.823,-2.824
-1.924,0.401
-2.376,-2.459
-2.257,0.869
-2.353,1.158
-2.466,-0.9
-2.513,-1.202
-2.542,-0.258
-2.829,-1.229
-2.786,1.074
-2.956,0.105
3.123,-1.711
3.076,0.479
2.983,-2.573
2.969,0.846
2.832,0.045
2.959,0.503
2.915,-0.382
2.869,-1.175
2.891,0.547
2.623,1.066
2.686,1.003
2.684,-0.18
2.614,-0.515
2.581,-0.647
2.478,-1.152
2.427,-1.661
2.506,-1.688
2.493,-2.243
2.254,0.65
2.132,-2.441
1.903,-1.871
1.956,-2.313
1.906,0.877
1.727,-2.616
1.695,-1.956
1.776,0.828
1.417,-2.747
1.019,-2.467
1.007,0.462
1.0,-1.148
0.856,-1.046
0.853,-3.109
0.262,-3.029
0.013,-3.093
-0.061,-3.166
-0.464,-3.05
-0.957,-2.988
-2.508,-3.021
2.715,-3.26
2.644,-3.154
2.754,-3.278
2.208,-3.209
2.29,-2.876
2.194,-2.916
1.981,-3.185
1.411,-3.056
1.135,-3.322
0.496,1.365
0.498,1.434
0.272,1.414
-0.936,1.432
-1.789,1.412
-2.243,1.428
-2.494,1.418
-3.05,1.24
-3.08,1.303
3.102,1.384
2.033,1.418
1.841,1.351
-0.146,0.685
-0.454,-1.236
-0.723,-1.217
-1.37,-1.245
-2.934,0.13
-3.057,-1.106
3.037,-1.83
2.661,-1.073
2.702,-0.927
2.616,-1.183
1.125,-2.788
0.269,0.112
-0.101,-2.366
-1.703,-1.324
-3.132,-0.451
2.964,0.684
2.464,-2.141
2.169,-0.457
-0.442,-0.159
-0.718,-1.525
2.672,-0.089
2.469,-2.471
2.371,-0.046
1.729,-1.612
-0.288,-2.713
2.807,0.91
2.88,-2.568
-1.793,-3.32
0.007,-0.755
0.126,-0.388
0.111,0.432
0.057,2.217
-0.095,0.674
-0.139,2.139
-0.119,0.423
-0.128,0.833
-0.288,0.323
-0.189,2.062
-0.314,1.864
-0.467,0.659
-0.661,1.008
-0.912,-1.61
-0.979,0.074
-0.881,-0.798
-0.965,-0.166
-1.04,1.655
-1.227,-0.337
-1.217,0.083
-1.271,-1.7
-1.533,-0.018
-1.576,2.207
-1.713,-1.054
-1.782,-1.767
-1.883,1.458
-2.335,-1.402
-2.216,1.926
-2.312,2.215
-2.425,0.157
-2.472,-0.145
-2.501,0.799
-2.788,-0.172
-2.745,2.131
-2.915,1.162
-3.119,-0.654
3.117,1.536
3.024,-1.516
3.01,1.903
2.873,1.102
3.0,1.56
2.956,0.675
2.91,-0.118
2.932,1.604
2.664,2.123
2.727,2.06
2.725,0.877
2.655,0.542
2.622,0.41
2.519,-0.095
2.468,-0.604
2.547,-0.631
2.534,-1.186
2.295,1.707
2.173,-1.384
1.944,-0.814
1.997,-1.256
1.947,1.934
1.768,-1.559
1.736,-0.899
1.817,1.885
1.458,-1.69
1.06,-1.41
1.048,1.519
1.041,-0.091
0.897,0.011
0.894,-2.052
0.303,-1.972
0.054,-2.036
-0.02,-2.109
-0.423,-1.993
-0.916,-1.931
-2.467,-1.964
2.756,-2.203
2.685,-2.097
2.795,-2.221
2.249,-2.152
2.331,-1.819
2.235,-1.859
2.022,-2.128
1.452,-1.999
1.176,-2.265
0.537,2.422
0.539,2.491
0.313,2.471
-0.895,2.489
-1.748,2.469
-2.202,2.485
-2.453,2.475
-3.009,2.297
-3.039,2.36
-3.14,2.441
2.074,2.475
1.882,2.408
-0.105,1.742
-0.413,-0.179
-0.682,-0.16
-1.329,-0.188
-2.893,1.187
-3.016,-0.049
3.078,-0.773
2.702,-0.016
2.743,0.13
2.657,-0.126
1.166,-1.731
0.31,1.169
-0.06,-1.309
-1.662,-0.267
-3.091,0.606
3.005,1.741
2.505,-1.084
2.21,0.6
-0.401,0.898
-0.677,-0.468
2.713,0.968
2.51,-1.414
2.412,1.011
1.77,-0.555
-0.247,-1.656
2.848,1.967
2.921,-1.511
-1.752,-2.263
0.119,0.367
0.104,1.187
0.05,2.972
-0.102,1.429
-0.146,2.894
-0.126,1.178
-0.135,1.588
-0.295,1.078
-0.196,2.817
-0.321,2.619
-0.474,1.414
-0.668,1.763
-0.919,-0.855
-0.986,0.829
-0.888,-0.043
-0.972,0.589
-1.047,2.41
-1.234,0.418
-1.224,0.838
-1.278,-0.945
-1.54,0.737
-1.583,2.962
-1.72,-0.299
-1.789,-1.012
-1.89,2.213
-2.342,-0.647
-2.223,2.681
-2.319,2.97
-2.432,0.912
-2.479,0.61
-2.508,1.554
-2.795,0.583
-2.752,2.886
-2.922,1.917
-3.126,0.101
3.11,2.291
3.017,-0.761
3.003,2.658
2.866,1.857
2.993,2.315
2.949,1.43
2.903,0.637
2.925,2.359
2.657,2.878
2.72,2.815
2.718,1.632
2.648,1.297
2.615,1.165
2.512,0.66
2.461,0.151
2.54,0.124
2.527,-0.431
2.288,2.462
2.166,-0.629
1.937,-0.059
1.99,-0.501
1.94,2.689
1.761,-0.804
1.729,-0.144
1.81,2.64
1.451,-0.935
1.053,-0.655
1.041,2.274
1.034,0.664
0.89,0.766
0.887,-1.297
0.296,-1.217
0.047,-1.281
-0.027,-1.354
-0.43,-1.238
-0.923,-1.176
-2.474,-1.209
2.749,-1.448
2.678,-1.342
2.788,-1.466
2.242,-1.397
2.324,-1.064
2.228,-1.104
2.015,-1.373
1.445,-1.244
1.169,-1.51
0.53,3.177
0.532,3.246
0.306,3.226
-0.902,3.244
-1.755,3.224
-2.209,3.24
-2.46,3.23
-3.016,3.052
-3.046,3.115
3.136,3.196
2.067,3.23
1.875,3.163
-0.112,2.497
-0.42,0.576
-0.689,0.595
-1.336,0.567
-2.9,1.942
-3.023,0.706
3.071,-0.018
2.695,0.739
2.736,0.885
2.65,0.629
1.159,-0.976
0.303,1.924
-0.067,-0.554
-1.669,0.488
-3.098,1.361
2.998,2.496
2.498,-0.329
2.203,1.355
-0.408,1.653
-0.684,0.287
2.706,1.723
2.503,-0.659
2.405,1.766
1.763,0.2
-0.254,-0.901
2.841,2.722
2.914,-0.756
-1.759,-1.508
-0.015,0.82
-0.069,2.605
-0.221,1.062
-0.265,2.527
-0.245,0.811
-0.254,1.221
-0.414,0.711
-0.315,2.45
-0.44,2.252
-0.593,1.047
-0.787,1.396
-1.038,-1.222
-1.105,0.462
-1.007,-0.41
-1.091,0.222
-1.166,2.043
-1.353,0.051
-1.343,0.471
-1.397,-1.312
-1.659,0.37
-1.702,2.595
-1.839,-0.666
-1.908,-1.379
-2.009,1.846
-2.461,-1.014
-2.342,2.314
-2.438,2.603
-2.551,0.545
-2.598,0.243
-2.627,1.187
-2.914,0.216
-2.871,2.519
-3.041,1.55
3.038,-0.266
2.991,1.924
2.898,-1.128
2.884,2.291
2.747,1.49
2.874,1.948
2.83,1.063
2.784,0.27
2.806,1.992
2.538,2.511
2.601,2.448
2.599,1.265
2.529,0.93
2.496,0.798
2.393,0.293
2.342,-0.216
2.421,-0.243
2.408,-0.798
2.169,2.095
2.047,-0.996
1.818,-0.426
1.871,-0.868
1.821,2.322
1.642,-1.171
1.61,-0.511
1.691,2.273
1.332,-1.302
0.934,-1.022
0.922,1.907
0.915,0.297
0.771,0.399
0.768,-1.664
0.177,-1.584
-0.072,-1.648
-0.146,-1.721
-0.549,-1.605
-1.042,-1.543
-2.593,-1.576
2.63,-1.815
2.559,-1.709
2.669,-1.833
2.123,-1.764
2.205,-1.431
2.109,-1.471
1.896,-1.74
1.326,-1.611
1.05,-1.877
0.411,2.81
0.413,2.879
0.187,2.859
-1.021,2.877
-1.874,2.857
-2.328,2.873
-2.579,2.863
-3.135,2.685
3.118,2.748
3.017,2.829
1.948,2.863
1.756,2.796
-0.231,2.13
-0.539,0.209
-0.808,0.228
-1.455,0.2
-3.019,1.575
3.141,0.339
2.952,-0.385
2.576,0.372
2.617,0.518
2.531,0.262
1.04,-1.343
0.184,1.557
-0.186,-0.921
-1.788,0.121
3.066,0.994
2.879,2.129
2.379,-0.696
2.084,0.988
-0.527,1.286
-0.803,-0.08
2.587,1.356
2.384,-1.026
2.286,1.399
1.644,-0.167
-0.373,-1.268
2.722,2.355
2.795,-1.123
-1.878,-1.875
-0.054,1.785
-0.206,0.242
-0.25,1.707
-0.23,-0.009
-0.239,0.401
-0.399,-0.109
-0.3,1.63
-0.425,1.432
-0.578,0.227
-0.772,0.576
-1.023,-2.042
-1.09,-0.358
-0.992,-1.23
-1.076,-0.598
-1.151,1.223
-1.338,-0.769
-1.328,-0.349
-1.382,-2.132
-1.644,-0.45
-1.687,1.775
-1.824,-1.486
-1.893,-2.199
-1.994,1.026
-2.446,-1.834
-2.327,1.494
-2.423,1.783
-2.536,-0.275
-2.583,-0.577
-2.612,0.367
-2.899,-0.604
-2.856,1.699
-3.026,0.73
3.053,-1.086
3.006,1.104
2.913,-1.948
2.899,1.471
2.762,0.67
2.889,1.128
2.845,0.243
2.799,-0.55
2.821,1.172
2.553,1.691
2.616,1.628
2.614,0.445
2.544,0.11
2.511,-0.022
2.408,-0.527
2.357,-1.036
2.436,-1.063
2.423,-1.618
2.184,1.275
2.062,-1.816
1.833,-1.246
1.886,-1.688
1.836,1.502
1.657,-1.991
1.625,-1.331
1.706,1.453
1.347,-2.122
0.949,-1.842
0.937,1.087
0.93,-0.523
0.786,-0.421
0.783,-2.484
0.192,-2.404
-0.057,-2.468
-0.131,-2.541
-0.534,-2.425
-1.027,-2.363
-2.578,-2.396
2.645,-2.635
2.574,-2.529
2.684,-2.653
2.138,-2.584
2.22,-2.251
2.124,-2.291
1.911,-2.56
1.341,-2.431
1.065,-2.697
0.426,1.99
0.428,2.059
0.202,2.039
-1.006,2.057
-1.859,2.037
-2.313,2.053
-2.564,2.043
-3.12,1.865
3.133,1.928
3.032,2.009
1.963,2.043
1.771,1.976
-0.216,1.31
-0.524,-0.611
-0.793,-0.592
-1.44,-0.62
-3.004,0.755
-3.127,-0.481
2.967,-1.205
2.591,-0.448
2.632,-0.302
2.546,-0.558
1.055,-2.163
0.199,0.737
-0.171,-1.741
-1.773,-0.699
3.081,0.174
2.894,1.309
2.394,-1.516
2.099,0.168
-0.512,0.466
-0.788,-0.9
2.602,0.536
2.399,-1.846
2.301,0.579
1.659,-0.987
-0.358,-2.088
2.737,1.535
2.81,-1.943
-1.863,-2.695
-0.152,-1.543
-0.196,-0.078
-0.176,-1.794
-0.185,-1.384
-0.345,-1.894
-0.246,-0.155
-0.371,-0.353
-0.524,-1.558
-0.718,-1.209
-0.969,-3.827
-1.036,-2.143
-0.938,-3.015
-1.022,-2.383
-1.097,-0.562
-1.284,-2.554
-1.274,-2.134
-1.328,-3.917
-1.59,-2.235
-1.633,-0.01
-1.77,-3.271
-1.839,-3.984
-1.94,-0.759
-2.392,-3.619
-2.273,-0.291
-2.369,-0.002
-2.482,-2.06
-2.529,-2.362
-2.558,-1.418
-2.845,-2.389
-2.802,-0.086
-2.972,-1.055
3.107,-2.871
3.06,-0.681
2.967,-3.733
2.953,-0.314
2.816,-1.115
2.943,-0.657
2.899,-1.542
2.853,-2.335
2.875,-0.613
2.607,-0.094
2.67,-0.157
2.668,-1.34
2.598,-1.675
2.565,-1.807
2.462,-2.312
2.411,-2.821
2.49,-2.848
2.477,-3.403
2.238,-0.51
2.116,-3.601
1.887,-3.031
1.94,-3.473
1.89,-0.283
1.711,-3.776
1.679,-3.116
1.76,-0.332
1.401,-3.907
1.003,-3.627
0.991,-0.698
0.984,-2.308
0.84,-2.206
0.837,-4.269
0.246,-4.189
-0.003,-4.253
-0.077,-4.326
-0.48,-4.21
-0.973,-4.148
-2.524,-4.181
2.699,-4.42
2.628,-4.314
2.738,-4.438
2.192,-4.369
2.274,-4.036
2.178,-4.076
1.965,-4.345
1.395,-4.216
1.119,-4.482
0.48,0.205
0.482,0.274
0.256,0.254
-0.952,0.272
-1.805,0.252
-2.259,0.268
-2.51,0.258
-3.066,0.08
-3.096,0.143
3.086,0.224
2.017,0.258
1.825,0.191
-0.162,-0.475
-0.47,-2.396
-0.739,-2.377
-1.386,-2.405
-2.95,-1.03
-3.073,-2.266
3.021,-2.99
2.645,-2.233
2.686,-2.087
2.6,-2.343
1.109,-3.948
0.253,-1.048
-0.117,-3.526
-1.719,-2.484
3.135,-1.611
2.948,-0.476
2.448,-3.301
2.153,-1.617
-0.458,-1.319
-0.734,-2.685
2.656,-1.249
2.453,-3.631
2.355,-1.206
1.713,-2.772
-0.304,-3.873
2.791,-0.25
2.864,-3.728
-1.809,-4.48
-0.044,1.465
-0.024,-0.251
-0.033,0.159
-0.193,-0.351
-0.094,1.388
-0.219,1.19
-0.372,-0.015
-0.566,0.334
-0.817,-2.284
-0.884,-0.6
-0.786,-1.472
-0.87,-0.84
-0.945,0.981
-1.132,-1.011
-1.122,-0.591
-1.176,-2.374
-1.438,-0.692
-1.481,1.533
-1.618,-1.728
-1.687,-2.441
-1.788,0.784
-2.24,-2.076
-2.121,1.252
-2.217,1.541
-2.33,-0.517
-2.377,-0.819
-2.406,0.125
-2.693,-0.846
-2.65,1.457
-2.82,0.488
-3.024,-1.328
-3.071,0.862
3.119,-2.19
3.105,1.229
2.968,0.428
3.095,0.886
3.051,0.001
3.005,-0.792
3.027,0.93
2.759,1.449
2.822,1.386
2.82,0.203
2.75,-0.132
2.717,-0.264
2.614,-0.769
2.563,-1.278
2.642,-1.305
2.629,-1.86
2.39,1.033
2.268,-2.058
2.039,-1.488
2.092,-1.93
2.042,1.26
1.863,-2.233
1.831,-1.573
1.912,1.211
1.553,-2.364
1.155,-2.084
1.143,0.845
1.136,-0.765
0.992,-0.663
0.989,-2.726
0.398,-2.646
0.149,-2.71
0.075,-2.783
-0.328,-2.667
-0.821,-2.605
-2.372,-2.638
2.851,-2.877
2.78,-2.771
2.89,-2.895
2.344,-2.826
2.426,-2.493
2.33,-2.533
2.117,-2.802
1.547,-2.673
1.271,-2.939
0.632,1.748
0.634,1.817
0.408,1.797
-0.8,1.815
-1.653,1.795
-2.107,1.811
-2.358,1.801
-2.914,1.623
-2.944,1.686
-3.045,1.767
2.169,1.801
1.977,1.734
-0.01,1.068
-0.318,-0.853
-0.587,-0.834
-1.234,-0.862
-2.798,0.513
-2.921,-0.723
-3.11,-1.447
2.797,-0.69
2.838,-0.544
2.752,-0.8
1.261,-2.405
0.405,0.495
0.035,-1.983
-1.567,-0.941
-2.996,-0.068
3.1,1.067
2.6,-1.758
2.305,-0.074
-0.306,0.224
-0.582,-1.142
2.808,0.294
2.605,-2.088
2.507,0.337
1.865,-1.229
-0.152,-2.33
2.943,1.293
3.016,-2.185
-1.657,-2.937
0.02,-1.716
0.011,-1.306
-0.149,-1.816
-0.05,-0.077
-0.175,-0.275
-0.328,-1.48
-0.522,-1.131
-0.773,-3.749
-0.84,-2.065
-0.742,-2.937
-0.826,-2.305
-0.901,-0.484
-1.088,-2.476
-1.078,-2.056
-1.132,-3.839
-1.394,-2.157
-1.437,0.068
-1.574,-3.193
-1.643,-3.906
-1.744,-0.681
-2.196,-3.541
-2.077,-0.213
-2.173,0.076
-2.286,-1.982
-2.333,-2.284
-2.362,-1.34
-2.649,-2.311
-2.606,-0.008
-2.776,-0.977
-2.98,-2.793
-3.027,-0.603
-3.12,-3.655
-3.134,-0.236
3.012,-1.037
3.139,-0.579
3.095,-1.464
3.049,-2.257
3.071,-0.535
2.803,-0.016
2.866,-0.079
2.864,-1.262
2.794,-1.597
2.761,-1.729
2.658,-2.234
2.607,-2.743
2.686,-2.77
2.673,-3.325
2.434,-0.432
2.312,-3.523
2.083,-2.953
2.136,-3.395
2.086,-0.205
1.907,-3.698
1.875,-3.038
1.956,-0.254
1.597,-3.829
1.199,-3.549
1.187,-0.62
1.18,-2.23
1.036,-2.128
1.033,-4.191
0.442,-4.111
0.193,-4.175
0.119,-4.248
-0.284,-4.132
-0.777,-4.07
-2.328,-4.103
2.895,-4.342
2.824,-4.236
2.934,-4.36
2.388,-4.291
2.47,-3.958
2.374,-3.998
2.161,-4.267
1.591,-4.138
1.315,-4.404
0.676,0.283
0.678,0.352
0.452,0.332
-0.756,0.35
-1.609,0.33
-2.063,0.346
-2.314,0.336
-2.87,0.158
-2.9,0.221
-3.001,0.302
2.213,0.336
2.021,0.269
0.034,-0.397
-0.274,-2.318
-0.543,-2.299
-1.19,-2.327
-2.754,-0.952
-2.877,-2.188
-3.066,-2.912
2.841,-2.155
2.882,-2.009
2.796,-2.265
1.305,-3.87
0.449,-0.97
0.079,-3.448
-1.523,-2.406
-2.952,-1.533
-3.139,-0.398
2.644,-3.223
2.349,-1.539
-0.262,-1.241
-0.538,-2.607
2.852,-1.171
2.649,-3.553
2.551,-1.128
1.909,-2.694
-0.108,-3.795
2.987,-0.172
3.06,-3.65
-1.613,-4.402
-0.009,0.41
-0.169,-0.1
-0.07,1.639
-0.195,1.441
-0.348,0.236
-0.542,0.585
-0.793,-2.033
-0.86,-0.349
-0.762,-1.221
-0.846,-0.589
-0.921,1.232
-1.108,-0.76
-1.098,-0.34
-1.152,-2.123
-1.414,-0.441
-1.457,1.784
-1.594,-1.477
-1.663,-2.19
-1.764,1.035
-2.216,-1.825
-2.097,1.503
-2.193,1.792
-2.306,-0.266
-2.353,-0.568
-2.382,0.376
-2.669,-0.595
-2.626,1.708
-2.796,0.739
-3.0,-1.077
-3.047,1.113
-3.14,-1.939
3.129,1.48
2.992,0.679
3.119,1.137
3.075,0.252
3.029,-0.541
3.051,1.181
2.783,1.7
2.846,1.637
2.844,0.454
2.774,0.119
2.741,-0.013
2.638,-0.518
2.587,-1.027
2.666,-1.054
2.653,-1.609
2.414,1.284
2.292,-1.807
2.063,-1.237
2.116,-1.679
2.066,1.511
1.887,-1.982
1.855,-1.322
1.936,1.462
1.577,-2.113
1.179,-1.833
1.167,1.096
1.16,-0.514
1.016,-0.412
1.013,-2.475
0.422,-2.395
0.173,-2.459
0.099,-2.532
-0.304,-2.416
-0.797,-2.354
-2.348,-2.387
2.875,-2.626
2.804,-2.52
2.914,-2.644
2.368,-2.575
2.45,-2.242
2.354,-2.282
2.141,-2.551
1.571,-2.422
1.295,-2.688
0.656,1.999
0.658,2.068
0.432,2.048
-0.776,2.066
-1.629,2.046
-2.083,2.062
-2.334,2.052
-2.89,1.874
-2.92,1.937
-3.021,2.018
2.193,2.052
2.001,1.985
0.014,1.319
-0.294,-0.602
-0.563,-0.583
-1.21,-0.611
-2.774,0.764
-2.897,-0.472
-3.086,-1.196
2.821,-0.439
2.862,-0.293
2.776,-0.549
1.285,-2.154
0.429,0.746
0.059,-1.732
-1.543,-0.69
-2.972,0.183
3.124,1.318
2.624,-1.507
2.329,0.177
-0.282,0.475
-0.558,-0.891
2.832,0.545
2.629,-1.837
2.531,0.588
1.889,-0.978
-0.128,-2.079
2.967,1.544
3.04,-1.934
-1.633,-2.686
-0.16,-0.51
-0.061,1.229
-0.186,1.031
-0.339,-0.174
-0.533,0.175
-0.784,-2.443
-0.851,-0.759
-0.753,-1.631
-0.837,-0.999
-0.912,0.822
-1.099,-1.17
-1.089,-0.75
-1.143,-2.533
-1.405,-0.851
-1.448,1.374
-1.585,-1.887
-1.654,-2.6
-1.755,0.625
-2.207,-2.235
-2.088,1.093
-2.184,1.382
-2.297,-0.676
-2.344,-0.978
-2.373,-0.034
-2.66,-1.005
-2.617,1.298
-2.787,0.329
-2.991,-1.487
-3.038,0.703
-3.131,-2.349
3.138,1.07
3.001,0.269
3.128,0.727
3.084,-0.158
3.038,-0.951
3.06,0.771
2.792,1.29
2.855,1.227
2.853,0.044
2.783,-0.291
2.75,-0.423
2.647,-0.928
2.596,-1.437
2.675,-1.464
2.662,-2.019
2.423,0.874
2.301,-2.217
2.072,-1.647
2.125,-2.089
2.075,1.101
1.896,-2.392
1.864,-1.732
1.945,1.052
1.586,-2.523
1.188,-2.243
1.176,0.686
1.169,-0.924
1.025,-0.822
1.022,-2.885
0.431,-2.805
0.182,-2.869
0.108,-2.942
-0.295,-2.826
-0.788,-2.764
-2.339,-2.797
2.884,-3.036
2.813,-2.93
2.923,-3.054
2.377,-2.985
2.459,-2.652
2.363,-2.692
2.15,-2.961
1.58,-2.832
1.304,-3.098
0.665,1.589
0.667,1.658
0.441,1.638
-0.767,1.656
-1.62,1.636
-2.074,1.652
-2.325,1.642
-2.881,1.464
-2.911,1.527
-3.012,1.608
2.202,1.642
2.01,1.575
0.023,0.909
-0.285,-1.012
-0.554,-0.993
-1.201,-1.021
-2.765,0.354
-2.888,-0.882
-3.077,-1.606
2.83,-0.849
2.871,-0.703
2.785,-0.959
1.294,-2.564
0.438,0.336
0.068,-2.142
-1.534,-1.1
-2.963,-0.227
3.133,0.908
2.633,-1.917
2.338,-0.233
-0.273,0.065
-0.549,-1.301
2.841,0.135
2.638,-2.247
2.54,0.178
1.898,-1.388
-0.119,-2.489
2.976,1.134
3.049,-2.344
-1.624,-3.096
0.099,1.739
-0.026,1.541
-0.179,0.336
-0.373,0.685
-0.624,-1.933
-0.691,-0.249
-0.593,-1.121
-0.677,-0.489
-0.752,1.332
-0.939,-0.66
-0.929,-0.24
-0.983,-2.023
-1.245,-0.341
-1.288,1.884
-1.425,-1.377
-1.494,-2.09
-1.595,1.135
-2.047,-1.725
-1.928,1.603
-2.024,1.892
-2.137,-0.166
-2.184,-0.468
-2.213,0.476
-2.5,-0.495
-2.457,1.808
-2.627,0.839
-2.831,-0.977
-2.878,1.213
-2.971,-1.839
-2.985,1.58
-3.122,0.779
-2.995,1.237
-3.039,0.352
-3.085,-0.441
-3.063,1.281
2.952,1.8
3.015,1.737
3.013,0.554
2.943,0.219
2.91,0.087
2.807,-0.418
2.756,-0.927
2.835,-0.954
2.822,-1.509
2.583,1.384
2.461,-1.707
2.232,-1.137
2.285,-1.579
2.235,1.611
2.056,-1.882
2.024,-1.222
2.105,1.562
1.746,-2.013
1.348,-1.733
1.336,1.196
1.329,-0.414
1.185,-0.312
1.182,-2.375
0.591,-2.295
0.342,-2.359
0.268,-2.432
-0.135,-2.316
-0.628,-2.254
-2.179,-2.287
3.044,-2.526
2.973,-2.42
3.083,-2.544
2.537,-2.475
2.619,-2.142
2.523,-2.182
2.31,-2.451
1.74,-2.322
1.464,-2.588
0.825,2.099
0.827,2.168
0.601,2.148
-0.607,2.166
-1.46,2.146
-1.914,2.162
-2.165,2.152
-2.721,1.974
-2.751,2.037
-2.852,2.118
2.362,2.152
2.17,2.085
0.183,1.419
-0.125,-0.502
-0.394,-0.483
-1.041,-0.511
-2.605,0.864
-2.728,-0.372
-2.917,-1.096
2.99,-0.339
3.031,-0.193
2.945,-0.449
1.454,-2.054
0.598,0.846
0.228,-1.632
-1.374,-0.59
-2.803,0.283
-2.99,1.418
2.793,-1.407
2.498,0.277
-0.113,0.575
-0.389,-0.791
3.001,0.645
2.798,-1.737
2.7,0.688
2.058,-0.878
0.041,-1.979
3.136,1.644
-3.074,-1.834
-1.464,-2.586
-0.125,-0.198
-0.278,-1.403
-0.472,-1.054
-0.723,-3.672
-0.79,-1.988
-0.692,-2.86
-0.776,-2.228
-0.851,-0.407
-1.038,-2.399
-1.028,-1.979
-1.082,-3.762
-1.344,-2.08
-1.387,0.145
-1.524,-3.116
-1.593,-3.829
-1.694,-0.604
-2.146,-3.464
-2.027,-0.136
-2.123,0.153
-2.236,-1.905
-2.283,-2.207
-2.312,-1.263
-2.599,-2.234
-2.556,0.069
-2.726,-0.9
-2.93,-2.716
-2.977,-0.526
-3.07,-3.578
-3.084,-0.159
3.062,-0.96
-3.094,-0.502
-3.138,-1.387
3.099,-2.18
3.121,-0.458
2.853,0.061
2.916,-0.002
2.914,-1.185
2.844,-1.52
2.811,-1.652
2.708,-2.157
2.657,-2.666
2.736,-2.693
2.723,-3.248
2.484,-0.355
2.362,-3.446
2.133,-2.876
2.186,-3.318
2.136,-0.128
1.957,-3.621
1.925,-2.961
2.006,-0.177
1.647,-3.752
1.249,-3.472
1.237,-0.543
1.23,-2.153
1.086,-2.051
1.083,-4.114
0.492,-4.034
0.243,-4.098
0.169,-4.171
-0.234,-4.055
-0.727,-3.993
-2.278,-4.026
2.945,-4.265
2.874,-4.159
2.984,-4.283
2.438,-4.214
2.52,-3.881
2.424,-3.921
2.211,-4.19
1.641,-4.061
1.365,-4.327
0.726,0.36
0.728,0.429
0.502,0.409
-0.706,0.427
-1.559,0.407
-2.013,0.423
-2.264,0.413
-2.82,0.235
-2.85,0.298
-2.951,0.379
2.263,0.413
2.071,0.346
0.084,-0.32
-0.224,-2.241
-0.493,-2.222
-1.14,-2.25
-2.704,-0.875
-2.827,-2.111
-3.016,-2.835
2.891,-2.078
2.932,-1.932
2.846,-2.188
1.355,-3.793
0.499,-0.893
0.129,-3.371
-1.473,-2.329
-2.902,-1.456
-3.089,-0.321
2.694,-3.146
2.399,-1.462
-0.212,-1.164
-0.488,-2.53
2.902,-1.094
2.699,-3.476
2.601,-1.051
1.959,-2.617
-0.058,-3.718
3.037,-0.095
3.11,-3.573
-1.563,-4.325
-0.153,-1.205
-0.347,-0.856
-0.598,-3.474
-0.665,-1.79
-0.567,-2.662
-0.651,-2.03
-0.726,-0.209
-0.913,-2.201
-0.903,-1.781
-0.957,-3.564
-1.219,-1.882
-1.262,0.343
-1.399,-2.918
-1.468,-3.631
-1.569,-0.406
-2.021,-3.266
-1.902,0.062
-1.998,0.351
-2.111,-1.707
-2.158,-2.009
-2.187,-1.065
-2.474,-2.036
-2.431,0.267
-2.601,-0.702
-2.805,-2.518
-2.852,-0.328
-2.945,-3.38
-2.959,0.039
-3.096,-0.762
-2.969,-0.304
-3.013,-1.189
-3.059,-1.982
-3.037,-0.26
2.978,0.259
3.041,0.196
3.039,-0.987
2.969,-1.322
2.936,-1.454
2.833,-1.959
2.782,-2.468
2.861,-2.495
2.848,-3.05
2.609,-0.157
2.487,-3.248
2.258,-2.678
2.311,-3.12
2.261,0.07
2.082,-3.423
2.05,-2.763
2.131,0.021
1.772,-3.554
1.374,-3.274
1.362,-0.345
1.355,-1.955
1.211,-1.853
1.208,-3.916
0.617,-3.836
0.368,-3.9
0.294,-3.973
-0.109,-3.857
-0.602,-3.795
-2.153,-3.828
3.07,-4.067
2.999,-3.961
3.109,-4.085
2.563,-4.016
2.645,-3.683
2.549,-3.723
2.336,-3.992
1.766,-3.863
1.49,-4.129
0.851,0.558
0.853,0.627
0.627,0.607
-0.581,0.625
-1.434,0.605
-1.888,0.621
-2.139,0.611
-2.695,0.433
-2.725,0.496
-2.826,0.577
2.388,0.611
2.196,0.544
0.209,-0.122
-0.099,-2.043
-0.368,-2.024
-1.015,-2.052
-2.579,-0.677
-2.702,-1.913
-2.891,-2.637
3.016,-1.88
3.057,-1.734
2.971,-1.99
1.48,-3.595
0.624,-0.695
0.254,-3.173
-1.348,-2.131
-2.777,-1.258
-2.964,-0.123
2.819,-2.948
2.524,-1.264
-0.087,-0.966
-0.363,-2.332
3.027,-0.896
2.824,-3.278
2.726,-0.853
2.084,-2.419
0.067,-3.52
-3.121,0.103
-3.048,-3.375
-1.438,-4.127
-0.194,0.349
-0.445,-2.269
-0.512,-0.585
-0.414,-1.457
-0.498,-0.825
-0.573,0.996
-0.76,-0.996
-0.75,-0.576
-0.804,-2.359
-1.066,-0.677
-1.109,1.548
-1.246,-1.713
-1.315,-2.426
-1.416,0.799
-1.868,-2.061
-1.749,1.267
-1.845,1.556
-1.958,-0.502
-2.005,-0.804
-2.034,0.14
-2.321,-0.831
-2.278,1.472
-2.448,0.503
-2.652,-1.313
-2.699,0.877
-2.792,-2.175
-2.806,1.244
-2.943,0.443
-2.816,0.901
-2.86,0.016
-2.906,-0.777
-2.884,0.945
3.131,1.464
-3.089,1.401
-3.091,0.218
3.122,-0.117
3.089,-0.249
2.986,-0.754
2.935,-1.263
3.014,-1.29
3.001,-1.845
2.762,1.048
2.64,-2.043
2.411,-1.473
2.464,-1.915
2.414,1.275
2.235,-2.218
2.203,-1.558
2.284,1.226
1.925,-2.349
1.527,-2.069
1.515,0.86
1.508,-0.75
1.364,-0.648
1.361,-2.711
0.77,-2.631
0.521,-2.695
0.447,-2.768
0.044,-2.652
-0.449,-2.59
-2.0,-2.623
-3.06,-2.862
-3.131,-2.756
-3.021,-2.88
2.716,-2.811
2.798,-2.478
2.702,-2.518
2.489,-2.787
1.919,-2.658
1.643,-2.924
1.004,1.763
1.006,1.832
0.78,1.812
-0.428,1.83
-1.281,1.81
-1.735,1.826
-1.986,1.816
-2.542,1.638
-2.572,1.701
-2.673,1.782
2.541,1.816
2.349,1.749
0.362,1.083
0.054,-0.838
-0.215,-0.819
-0.862,-0.847
-2.426,0.528
-2.549,-0.708
-2.738,-1.432
-3.114,-0.675
-3.073,-0.529
3.124,-0.785
1.633,-2.39
0.777,0.51
0.407,-1.968
-1.195,-0.926
-2.624,-0.053
-2.811,1.082
2.972,-1.743
2.677,-0.059
0.066,0.239
-0.21,-1.127
-3.103,0.309
2.977,-2.073
2.879,0.352
2.237,-1.214
0.22,-2.315
-2.968,1.308
-2.895,-2.17
-1.285,-2.922
-0.251,-2.618
-0.318,-0.934
-0.22,-1.806
-0.304,-1.174
-0.379,0.647
-0.566,-1.345
-0.556,-0.925
-0.61,-2.708
-0.872,-1.026
-0.915,1.199
-1.052,-2.062
-1.121,-2.775
-1.222,0.45
-1.674,-2.41
-1.555,0.918
-1.651,1.207
-1.764,-0.851
-1.811,-1.153
-1.84,-0.209
-2.127,-1.18
-2.084,1.123
-2.254,0.154
-2.458,-1.662
-2.505,0.528
-2.598,-2.524
-2.612,0.895
-2.749,0.094
-2.622,0.552
-2.666,-0.333
-2.712,-1.126
-2.69,0.596
-2.958,1.115
-2.895,1.052
-2.897,-0.131
-2.967,-0.466
-3.0,-0.598
-3.103,-1.103
3.129,-1.612
-3.075,-1.639
-3.088,-2.194
2.956,0.699
2.834,-2.392
2.605,-1.822
2.658,-2.264
2.608,0.926
2.429,-2.567
2.397,-1.907
2.478,0.877
2.119,-2.698
1.721,-2.418
1.709,0.511
1.702,-1.099
1.558,-0.997
1.555,-3.06
0.964,-2.98
0.715,-3.044
0.641,-3.117
0.238,-3.001
-0.255,-2.939
-1.806,-2.972
-2.866,-3.211
-2.937,-3.105
-2.827,-3.229
2.91,-3.16
2.992,-2.827
2.896,-2.867
2.683,-3.136
2.113,-3.007
1.837,-3.273
1.198,1.414
1.2,1.483
0.974,1.463
-0.234,1.481
-1.087,1.461
-1.541,1.477
-1.792,1.467
-2.348,1.289
-2.378,1.352
-2.479,1.433
2.735,1.467
2.543,1.4
0.556,0.734
0.248,-1.187
-0.021,-1.168
-0.668,-1.196
-2.232,0.179
-2.355,-1.057
-2.544,-1.781
-2.92,-1.024
-2.879,-0.878
-2.965,-1.134
1.827,-2.739
0.971,0.161
0.601,-2.317
-1.001,-1.275
-2.43,-0.402
-2.617,0.733
-3.117,-2.092
2.871,-0.408
0.26,-0.11
-0.016,-1.476
-2.909,-0.04
-3.112,-2.422
3.073,0.003
2.431,-1.563
0.414,-2.664
-2.774,0.959
-2.701,-2.519
-1.091,-3.271
-0.067,1.684
0.031,0.812
-0.053,1.444
-0.128,3.265
-0.315,1.273
-0.305,1.693
-0.359,-0.09
-0.621,1.592
-0.664,3.817
-0.801,0.556
-0.87,-0.157
-0.971,3.068
-1.423,0.208
-1.304,3.536
-1.4,3.825
-1.513,1.767
-1.56,1.465
-1.589,2.409
-1.876,1.438
-1.833,3.741
-2.003,2.772
-2.207,0.956
-2.254,3.146
-2.347,0.094
-2.361,3.513
-2.498,2.712
-2.371,3.17
-2.415,2.285
-2.461,1.492
-2.439,3.214
-2.707,3.733
-2.644,3.67
-2.646,2.487
-2.716,2.152
-2.749,2.02
-2.852,1.515
-2.903,1.006
-2.824,0.979
-2.837,0.424
-3.076,3.317
3.085,0.226
2.856,0.796
2.909,0.354
2.859,3.544
2.68,0.051
2.648,0.711
2.729,3.495
2.37,-0.08
1.972,0.2
1.96,3.129
1.953,1.519
1.809,1.621
1.806,-0.442
1.215,-0.362
0.966,-0.426
0.892,-0.499
0.489,-0.383
-0.004,-0.321
-1.555,-0.354
-2.615,-0.593
-2.686,-0.487
-2.576,-0.611
-3.122,-0.542
-3.04,-0.209
-3.136,-0.249
2.934,-0.518
2.364,-0.389
2.088,-0.655
1.449,4.032
1.451,4.101
1.225,4.081
0.017,4.099
-0.836,4.079
-1.29,4.095
-1.541,4.085
-2.097,3.907
-2.127,3.97
-2.228,4.051
2.986,4.085
2.794,4.018
0.807,3.352
0.499,1.431
0.23,1.45
-0.417,1.422
-1.981,2.797
-2.104,1.561
-2.293,0.837
-2.669,1.594
-2.628,1.74
-2.714,1.484
2.078,-0.121
1.222,2.779
0.852,0.301
-0.75,1.343
-2.179,2.216
-2.366,3.351
-2.866,0.526
3.122,2.21
0.511,2.508
0.235,1.142
-2.658,2.578
-2.861,0.196
-2.959,2.621
2.682,1.055
0.665,-0.046
-2.523,3.577
-2.45,0.099
-0.84,-0.653
0.098,-0.872
0.014,-0.24
-0.061,1.581
-0.248,-0.411
-0.238,0.009
-0.292,-1.774
-0.554,-0.092
-0.597,2.133
-0.734,-1.128
-0.803,-1.841
-0.904,1.384
-1.356,-1.476
-1.237,1.852
-1.333,2.141
-1.446,0.083
-1.493,-0.219
-1.522,0.725
-1.809,-0.246
-1.766,2.057
-1.936,1.088
-2.14,-0.728
-2.187,1.462
-2.28,-1.59
-2.294,1.829
-2.431,1.028
-2.304,1.486
-2.348,0.601
-2.394,-0.192
-2.372,1.53
-2.64,2.049
-2.577,1.986
-2.579,0.803
-2.649,0.468
-2.682,0.336
-2.785,-0.169
-2.836,-0.678
-2.757,-0.705
-2.77,-1.26
-3.009,1.633
-3.131,-1.458
2.923,-0.888
2.976,-1.33
2.926,1.86
2.747,-1.633
2.715,-0.973
2.796,1.811
2.437,-1.764
2.039,-1.484
2.027,1.445
2.02,-0.165
1.876,-0.063
1.873,-2.126
1.282,-2.046
1.033,-2.11
0.959,-2.183
0.556,-2.067
0.063,-2.005
-1.488,-2.038
-2.548,-2.277
-2.619,-2.171
-2.509,-2.295
-3.055,-2.226
-2.973,-1.893
-3.069,-1.933
3.001,-2.202
2.431,-2.073
2.155,-2.339
1.516,2.348
1.518,2.417
1.292,2.397
0.084,2.415
-0.769,2.395
-1.223,2.411
-1.474,2.401
-2.03,2.223
-2.06,2.286
-2.161,2.367
3.053,2.401
2.861,2.334
0.874,1.668
0.566,-0.253
0.297,-0.234
-0.35,-0.262
-1.914,1.113
-2.037,-0.123
-2.226,-0.847
-2.602,-0.09
-2.561,0.056
-2.647,-0.2
2.145,-1.805
1.289,1.095
0.919,-1.383
-0.683,-0.341
-2.112,0.532
-2.299,1.667
-2.799,-1.158
-3.094,0.526
0.578,0.824
0.302,-0.542
-2.591,0.894
-2.794,-1.488
-2.892,0.937
2.749,-0.629
0.732,-1.73
-2.456,1.893
-2.383,-1.585
-0.773,-2.337
-0.084,0.632
-0.159,2.453
-0.346,0.461
-0.336,0.881
-0.39,-0.902
-0.652,0.78
-0.695,3.005
-0.832,-0.256
-0.901,-0.969
-1.002,2.256
-1.454,-0.604
-1.335,2.724
-1.431,3.013
-1.544,0.955
-1.591,0.653
-1.62,1.597
-1.907,0.626
-1.864,2.929
-2.034,1.96
-2.238,0.144
-2.285,2.334
-2.378,-0.718
-2.392,2.701
-2.529,1.9
-2.402,2.358
-2.446,1.473
-2.492,0.68
-2.47,2.402
-2.738,2.921
-2.675,2.858
-2.677,1.675
-2.747,1.34
-2.78,1.208
-2.883,0.703
-2.934,0.194
-2.855,0.167
-2.868,-0.388
-3.107,2.505
3.054,-0.586
2.825,-0.016
2.878,-0.458
2.828,2.732
2.649,-0.761
2.617,-0.101
2.698,2.683
2.339,-0.892
1.941,-0.612
1.929,2.317
1.922,0.707
1.778,0.809
1.775,-1.254
1.184,-1.174
0.935,-1.238
0.861,-1.311
0.458,-1.195
-0.035,-1.133
-1.586,-1.166
-2.646,-1.405
-2.717,-1.299
-2.607,-1.423
3.13,-1.354
-3.071,-1.021
3.116,-1.061
2.903,-1.33
2.333,-1.201
2.057,-1.467
1.418,3.22
1.42,3.289
1.194,3.269
-0.014,3.287
-0.867,3.267
-1.321,3.283
-1.572,3.273
-2.128,3.095
-2.158,3.158
-2.259,3.239
2.955,3.273
2.763,3.206
0.776,2.54
0.468,0.619
0.199,0.638
-0.448,0.61
-2.012,1.985
-2.135,0.749
-2.324,0.025
-2.7,0.782
-2.659,0.928
-2.745,0.672
2.047,-0.933
1.191,1.967
0.821,-0.511
-0.781,0.531
-2.21,1.404
-2.397,2.539
-2.897,-0.286
3.091,1.398
0.48,1.696
0.204,0.33
-2.689,1.766
-2.892,-0.616
-2.99,1.809
2.651,0.243
0.634,-0.858
-2.554,2.765
-2.481,-0.713
-0.871,-1.465
-0.075,1.821
-0.262,-0.171
-0.252,0.249
-0.306,-1.534
-0.568,0.148
-0.611,2.373
-0.748,-0.888
-0.817,-1.601
-0.918,1.624
-1.37,-1.236
-1.251,2.092
-1.347,2.381
-1.46,0.323
-1.507,0.021
-1.536,0.965
-1.823,-0.006
-1.78,2.297
-1.95,1.328
-2.154,-0.488
-2.201,1.702
-2.294,-1.35
-2.308,2.069
-2.445,1.268
-2.318,1.726
-2.362,0.841
-2.408,0.048
-2.386,1.77
-2.654,2.289
-2.591,2.226
-2.593,1.043
-2.663,0.708
-2.696,0.576
-2.799,0.071
-2.85,-0.438
-2.771,-0.465
-2.784,-1.02
-3.023,1.873
3.138,-1.218
2.909,-0.648
2.962,-1.09
2.912,2.1
2.733,-1.393
2.701,-0.733
2.782,2.051
2.423,-1.524
2.025,-1.244
2.013,1.685
2.006,0.075
1.862,0.177
1.859,-1.886
1.268,-1.806
1.019,-1.87
0.945,-1.943
0.542,-1.827
0.049,-1.765
-1.502,-1.798
-2.562,-2.037
-2.633,-1.931
-2.523,-2.055
-3.069,-1.986
-2.987,-1.653
-3.083,-1.693
2.987,-1.962
2.417,-1.833
2.141,-2.099
1.502,2.588
1.504,2.657
1.278,2.637
0.07,2.655
-0.783,2.635
-1.237,2.651
-1.488,2.641
-2.044,2.463
-2.074,2.526
-2.175,2.607
3.039,2.641
2.847,2.574
0.86,1.908
0.552,-0.013
0.283,0.006
-0.364,-0.022
-1.928,1.353
-2.051,0.117
-2.24,-0.607
-2.616,0.15
-2.575,0.296
-2.661,0.04
2.131,-1.565
1.275,1.335
0.905,-1.143
-0.697,-0.101
-2.126,0.772
-2.313,1.907
-2.813,-0.918
-3.108,0.766
0.564,1.064
0.288,-0.302
-2.605,1.134
-2.808,-1.248
-2.906,1.177
2.735,-0.389
0.718,-1.49
-2.47,2.133
-2.397,-1.345
-0.787,-2.097
-0.187,-1.992
-0.177,-1.572
-0.231,-3.355
-0.493,-1.673
-0.536,0.552
-0.673,-2.709
-0.742,-3.422
-0.843,-0.197
-1.295,-3.057
-1.176,0.271
-1.272,0.56
-1.385,-1.498
-1.432,-1.8
-1.461,-0.856
-1.748,-1.827
-1.705,0.476
-1.875,-0.493
-2.079,-2.309
-2.126,-0.119
-2.219,-3.171
-2.233,0.248
-2.37,-0.553
-2.243,-0.095
-2.287,-0.98
-2.333,-1.773
-2.311,-0.051
-2.579,0.468
-2.516,0.405
-2.518,-0.778
-2.588,-1.113
-2.621,-1.245
-2.724,-1.75
-2.775,-2.259
-2.696,-2.286
-2.709,-2.841
-2.948,0.052
-3.07,-3.039
2.984,-2.469
3.037,-2.911
2.987,0.279
2.808,-3.214
2.776,-2.554
2.857,0.23
2.498,-3.345
2.1,-3.065
2.088,-0.136
2.081,-1.746
1.937,-1.644
1.934,-3.707
1.343,-3.627
1.094,-3.691
1.02,-3.764
0.617,-3.648
0.124,-3.586
-1.427,-3.619
-2.487,-3.858
-2.558,-3.752
-2.448,-3.876
-2.994,-3.807
-2.912,-3.474
-3.008,-3.514
3.062,-3.783
2.492,-3.654
2.216,-3.92
1.577,0.767
1.579,0.836
1.353,0.816
0.145,0.834
-0.708,0.814
-1.162,0.83
-1.413,0.82
-1.969,0.642
-1.999,0.705
-2.1,0.786
3.114,0.82
2.922,0.753
0.935,0.087
0.627,-1.834
0.358,-1.815
-0.289,-1.843
-1.853,-0.468
-1.976,-1.704
-2.165,-2.428
-2.541,-1.671
-2.5,-1.525
-2.586,-1.781
2.206,-3.386
1.35,-0.486
0.98,-2.964
-0.622,-1.922
-2.051,-1.049
-2.238,0.086
-2.738,-2.739
-3.033,-1.055
0.639,-0.757
0.363,-2.123
-2.53,-0.687
-2.733,-3.069
-2.831,-0.644
2.81,-2.21
0.793,-3.311
-2.395,0.312
-2.322,-3.166
-0.712,-3.918
0.01,0.42
-0.044,-1.363
-0.306,0.319
-0.349,2.544
-0.486,-0.717
-0.555,-1.43
-0.656,1.795
-1.108,-1.065
-0.989,2.263
-1.085,2.552
-1.198,0.494
-1.245,0.192
-1.274,1.136
-1.561,0.165
-1.518,2.468
-1.688,1.499
-1.892,-0.317
-1.939,1.873
-2.032,-1.179
-2.046,2.24
-2.183,1.439
-2.056,1.897
-2.1,1.012
-2.146,0.219
-2.124,1.941
-2.392,2.46
-2.329,2.397
-2.331,1.214
-2.401,0.879
-2.434,0.747
-2.537,0.242
-2.588,-0.267
-2.509,-0.294
-2.522,-0.849
-2.761,2.044
-2.883,-1.047
-3.112,-0.477
-3.059,-0.919
-3.109,2.271
2.995,-1.222
2.963,-0.562
3.044,2.222
2.685,-1.353
2.287,-1.073
2.275,1.856
2.268,0.246
2.124,0.348
2.121,-1.715
1.53,-1.635
1.281,-1.699
1.207,-1.772
0.804,-1.656
0.311,-1.594
-1.24,-1.627
-2.3,-1.866
-2.371,-1.76
-2.261,-1.884
-2.807,-1.815
-2.725,-1.482
-2.821,-1.522
-3.034,-1.791
2.679,-1.662
2.403,-1.928
1.764,2.759
1.766,2.828
1.54,2.808
0.332,2.826
-0.521,2.806
-0.975,2.822
-1.226,2.812
-1.782,2.634
-1.812,2.697
-1.913,2.778
-2.982,2.812
3.109,2.745
1.122,2.079
0.814,0.158
0.545,0.177
-0.102,0.149
-1.666,1.524
-1.789,0.288
-1.978,-0.436
-2.354,0.321
-2.313,0.467
-2.399,0.211
2.393,-1.394
1.537,1.506
1.167,-0.972
-0.435,0.07
-1.864,0.943
-2.051,2.078
-2.551,-0.747
-2.846,0.937
0.826,1.235
0.55,-0.131
-2.343,1.305
-2.546,-1.077
-2.644,1.348
2.997,-0.218
0.98,-1.319
-2.208,2.304
-2.135,-1.174
-0.525,-1.926
-0.054,-1.783
-0.316,-0.101
-0.359,2.124
-0.496,-1.137
-0.565,-1.85
-0.666,1.375
-1.118,-1.485
-0.999,1.843
-1.095,2.132
-1.208,0.074
-1.255,-0.228
-1.284,0.716
-1.571,-0.255
-1.528,2.048
-1.698,1.079
-1.902,-0.737
-1.949,1.453
-2.042,-1.599
-2.056,1.82
-2.193,1.019
-2.066,1.477
-2.11,0.592
-2.156,-0.201
-2.134,1.521
-2.402,2.04
-2.339,1.977
-2.341,0.794
-2.411,0.459
-2.444,0.327
-2.547,-0.178
-2.598,-0.687
-2.519,-0.714
-2.532,-1.269
-2.771,1.624
-2.893,-1.467
-3.122,-0.897
-3.069,-1.339
-3.119,1.851
2.985,-1.642
2.953,-0.982
3.034,1.802
2.675,-1.773
2.277,-1.493
2.265,1.436
2.258,-0.174
2.114,-0.072
2.111,-2.135
1.52,-2.055
1.271,-2.119
1.197,-2.192
0.794,-2.076
0.301,-2.014
-1.25,-2.047
-2.31,-2.286
-2.381,-2.18
-2.271,-2.304
-2.817,-2.235
-2.735,-1.902
-2.831,-1.942
-3.044,-2.211
2.669,-2.082
2.393,-2.348
1.754,2.339
1.756,2.408
1.53,2.388
0.322,2.406
-0.531,2.386
-0.985,2.402
-1.236,2.392
-1.792,2.214
-1.822,2.277
-1.923,2.358
-2.992,2.392
3.099,2.325
1.112,1.659
0.804,-0.262
0.535,-0.243
-0.112,-0.271
-1.676,1.104
-1.799,-0.132
-1.988,-0.856
-2.364,-0.099
-2.323,0.047
-2.409,-0.209
2.383,-1.814
1.527,1.086
1.157,-1.392
-0.445,-0.35
-1.874,0.523
-2.061,1.658
-2.561,-1.167
-2.856,0.517
0.816,0.815
0.54,-0.551
-2.353,0.885
-2.556,-1.497
-2.654,0.928
2.987,-0.638
0.97,-1.739
-2.218,1.884
-2.145,-1.594
-0.535,-2.346
-0.262,1.682
-0.305,3.907
-0.442,0.646
-0.511,-0.067
-0.612,3.158
-1.064,0.298
-0.945,3.626
-1.041,3.915
-1.154,1.857
-1.201,1.555
-1.23,2.499
-1.517,1.528
-1.474,3.831
-1.644,2.862
-1.848,1.046
-1.895,3.236
-1.988,0.184
-2.002,3.603
-2.139,2.802
-2.012,3.26
-2.056,2.375
-2.102,1.582
-2.08,3.304
-2.348,3.823
-2.285,3.76
-2.287,2.577
-2.357,2.242
-2.39,2.11
-2.493,1.605
-2.544,1.096
-2.465,1.069
-2.478,0.514
-2.717,3.407
-2.839,0.316
-3.068,0.886
-3.015,0.444
-3.065,3.634
3.039,0.141
3.007,0.801
3.088,3.585
2.729,0.01
2.331,0.29
2.319,3.219
2.312,1.609
2.168,1.711
2.165,-0.352
1.574,-0.272
1.325,-0.336
1.251,-0.409
0.848,-0.293
0.355,-0.231
-1.196,-0.264
-2.256,-0.503
-2.327,-0.397
-2.217,-0.521
-2.763,-0.452
-2.681,-0.119
-2.777,-0.159
-2.99,-0.428
2.723,-0.299
2.447,-0.565
1.808,4.122
1.81,4.191
1.584,4.171
0.376,4.189
-0.477,4.169
-0.931,4.185
-1.182,4.175
-1.738,3.997
-1.768,4.06
-1.869,4.141
-2.938,4.175
-3.13,4.108
1.166,3.442
0.858,1.521
0.589,1.54
-0.058,1.512
-1.622,2.887
-1.745,1.651
-1.934,0.927
-2.31,1.684
-2.269,1.83
-2.355,1.574
2.437,-0.031
1.581,2.869
1.211,0.391
-0.391,1.433
-1.82,2.306
-2.007,3.441
-2.507,0.616
-2.802,2.3
0.87,2.598
0.594,1.232
-2.299,2.668
-2.502,0.286
-2.6,2.711
3.041,1.145
1.024,0.044
-2.164,3.667
-2.091,0.189
-0.481,-0.563
-0.043,2.225
-0.18,-1.036
-0.249,-1.749
-0.35,1.476
-0.802,-1.384
-0.683,1.944
-0.779,2.233
-0.892,0.175
-0.939,-0.127
-0.968,0.817
-1.255,-0.154
-1.212,2.149
-1.382,1.18
-1.586,-0.636
-1.633,1.554
-1.726,-1.498
-1.74,1.921
-1.877,1.12
-1.75,1.578
-1.794,0.693
-1.84,-0.1
-1.818,1.622
-2.086,2.141
-2.023,2.078
-2.025,0.895
-2.095,0.56
-2.128,0.428
-2.231,-0.077
-2.282,-0.586
-2.203,-0.613
-2.216,-1.168
-2.455,1.725
-2.577,-1.366
-2.806,-0.796
-2.753,-1.238
-2.803,1.952
-2.982,-1.541
-3.014,-0.881
-2.933,1.903
2.991,-1.672
2.593,-1.392
2.581,1.537
2.574,-0.073
2.43,0.029
2.427,-2.034
1.836,-1.954
1.587,-2.018
1.513,-2.091
1.11,-1.975
0.617,-1.913
-0.934,-1.946
-1.994,-2.185
-2.065,-2.079
-1.955,-2.203
-2.501,-2.134
-2.419,-1.801
-2.515,-1.841
-2.728,-2.11
2.985,-1.981
2.709,-2.247
2.07,2.44
2.072,2.509
1.846,2.489
0.638,2.507
-0.215,2.487
-0.669,2.503
-0.92,2.493
-1.476,2.315
-1.506,2.378
-1.607,2.459
-2.676,2.493
-2.868,2.426
1.428,1.76
1.12,-0.161
0.851,-0.142
0.204,-0.17
-1.36,1.205
-1.483,-0.031
-1.672,-0.755
-2.048,0.002
-2.007,0.148
-2.093,-0.108
2.699,-1.713
1.843,1.187
1.473,-1.291
-0.129,-0.249
-1.558,0.624
-1.745,1.759
-2.245,-1.066
-2.54,0.618
1.132,0.916
0.856,-0.45
-2.037,0.986
-2.24,-1.396
-2.338,1.029
-2.98,-0.537
1.286,-1.638
-1.902,1.985
-1.829,-1.493
-0.219,-2.245
-0.137,-3.261
-0.206,-3.974
-0.307,-0.749
-0.759,-3.609
-0.64,-0.281
-0.736,0.008
-0.849,-2.05
-0.896,-2.352
-0.925,-1.408
-1.212,-2.379
-1.169,-0.076
-1.339,-1.045
-1.543,-2.861
-1.59,-0.671
-1.683,-3.723
-1.697,-0.304
-1.834,-1.105
-1.707,-0.647
-1.751,-1.532
-1.797,-2.325
-1.775,-0.603
-2.043,-0.084
-1.98,-0.147
-1.982,-1.33
-2.052,-1.665
-2.085,-1.797
-2.188,-2.302
-2.239,-2.811
-2.16,-2.838
-2.173,-3.393
-2.412,-0.5
-2.534,-3.591
-2.763,-3.021
-2.71,-3.463
-2.76,-0.273
-2.939,-3.766
-2.971,-3.106
-2.89,-0.322
3.034,-3.897
2.636,-3.617
2.624,-0.688
2.617,-2.298
2.473,-2.196
2.47,-4.259
1.879,-4.179
1.63,-4.243
1.556,-4.316
1.153,-4.2
0.66,-4.138
-0.891,-4.171
-1.951,-4.41
-2.022,-4.304
-1.912,-4.428
-2.458,-4.359
-2.376,-4.026
-2.472,-4.066
-2.685,-4.335
3.028,-4.206
2.752,-4.472
2.113,0.215
2.115,0.284
1.889,0.264
0.681,0.282
-0.172,0.262
-0.626,0.278
-0.877,0.268
-1.433,0.09
-1.463,0.153
-1.564,0.234
-2.633,0.268
-2.825,0.201
1.471,-0.465
1.163,-2.386
0.894,-2.367
0.247,-2.395
-1.317,-1.02
-1.44,-2.256
-1.629,-2.98
-2.005,-2.223
-1.964,-2.077
-2.05,-2.333
2.742,-3.938
1.886,-1.038
1.516,-3.516
-0.086,-2.474
-1.515,-1.601
-1.702,-0.466
-2.202,-3.291
-2.497,-1.607
1.175,-1.309
0.899,-2.675
-1.994,-1.239
-2.197,-3.621
-2.295,-1.196
-2.937,-2.762
1.329,-3.863
-1.859,-0.24
-1.786,-3.718
-0.176,-4.47
-0.069,-0.713
-0.17,2.512
-0.622,-0.348
-0.503,2.98
-0.599,3.269
-0.712,1.211
-0.759,0.909
-0.788,1.853
-1.075,0.882
-1.032,3.185
-1.202,2.216
-1.406,0.4
-1.453,2.59
-1.546,-0.462
-1.56,2.957
-1.697,2.156
-1.57,2.614
-1.614,1.729
-1.66,0.936
-1.638,2.658
-1.906,3.177
-1.843,3.114
-1.845,1.931
-1.915,1.596
-1.948,1.464
-2.051,0.959
-2.102,0.45
-2.023,0.423
-2.036,-0.132
-2.275,2.761
-2.397,-0.33
-2.626,0.24
-2.573,-0.202
-2.623,2.988
-2.802,-0.505
-2.834,0.155
-2.753,2.939
-3.112,-0.636
2.773,-0.356
2.761,2.573
2.754,0.963
2.61,1.065
2.607,-0.998
2.016,-0.918
1.767,-0.982
1.693,-1.055
1.29,-0.939
0.797,-0.877
-0.754,-0.91
-1.814,-1.149
-1.885,-1.043
-1.775,-1.167
-2.321,-1.098
-2.239,-0.765
-2.335,-0.805
-2.548,-1.074
-3.118,-0.945
2.889,-1.211
2.25,3.476
2.252,3.545
2.026,3.525
0.818,3.543
-0.035,3.523
-0.489,3.539
-0.74,3.529
-1.296,3.351
-1.326,3.414
-1.427,3.495
-2.496,3.529
-2.688,3.462
1.608,2.796
1.3,0.875
1.031,0.894
0.384,0.866
-1.18,2.241
-1.303,1.005
-1.492,0.281
-1.868,1.038
-1.827,1.184
-1.913,0.928
2.879,-0.677
2.023,2.223
1.653,-0.255
0.051,0.787
-1.378,1.66
-1.565,2.795
-2.065,-0.03
-2.36,1.654
1.312,1.952
1.036,0.586
-1.857,2.022
-2.06,-0.36
-2.158,2.065
-2.8,0.499
1.466,-0.602
-1.722,3.021
-1.649,-0.457
-0.039,-1.209
-0.101,3.225
-0.553,0.365
-0.434,3.693
-0.53,3.982
-0.643,1.924
-0.69,1.622
-0.719,2.566
-1.006,1.595
-0.963,3.898
-1.133,2.929
-1.337,1.113
-1.384,3.303
-1.477,0.251
-1.491,3.67
-1.628,2.869
-1.501,3.327
-1.545,2.442
-1.591,1.649
-1.569,3.371
-1.837,3.89
-1.774,3.827
-1.776,2.644
-1.846,2.309
-1.879,2.177
-1.982,1.672
-2.033,1.163
-1.954,1.136
-1.967,0.581
-2.206,3.474
-2.328,0.383
-2.557,0.953
-2.504,0.511
-2.554,3.701
-2.733,0.208
-2.765,0.868
-2.684,3.652
-3.043,0.077
2.842,0.357
2.83,3.286
2.823,1.676
2.679,1.778
2.676,-0.285
2.085,-0.205
1.836,-0.269
1.762,-0.342
1.359,-0.226
0.866,-0.164
-0.685,-0.197
-1.745,-0.436
-1.816,-0.33
-1.706,-0.454
-2.252,-0.385
-2.17,-0.052
-2.266,-0.092
-2.479,-0.361
-3.049,-0.232
2.958,-0.498
2.319,4.189
2.321,4.258
2.095,4.238
0.887,4.256
0.034,4.236
-0.42,4.252
-0.671,4.242
-1.227,4.064
-1.257,4.127
-1.358,4.208
-2.427,4.242
-2.619,4.175
1.677,3.509
1.369,1.588
1.1,1.607
0.453,1.579
-1.111,2.954
-1.234,1.718
-1.423,0.994
-1.799,1.751
-1.758,1.897
-1.844,1.641
2.948,0.036
2.092,2.936
1.722,0.458
0.12,1.5
-1.309,2.373
-1.496,3.508
-1.996,0.683
-2.291,2.367
1.381,2.665
1.105,1.299
-1.788,2.735
-1.991,0.353
-2.089,2.778
-2.731,1.212
1.535,0.111
-1.653,3.734
-1.58,0.256
0.03,-0.496
-0.452,-2.86
-0.333,0.468
-0.429,0.757
-0.542,-1.301
-0.589,-1.603
-0.618,-0.659
-0.905,-1.63
-0.862,0.673
-1.032,-0.296
-1.236,-2.112
-1.283,0.078
-1.376,-2.974
-1.39,0.445
-1.527,-0.356
-1.4,0.102
-1.444,-0.783
-1.49,-1.576
-1.468,0.146
-1.736,0.665
-1.673,0.602
-1.675,-0.581
-1.745,-0.916
-1.778,-1.048
-1.881,-1.553
-1.932,-2.062
-1.853,-2.089
-1.866,-2.644
-2.105,0.249
-2.227,-2.842
-2.456,-2.272
-2.403,-2.714
-2.453,0.476
-2.632,-3.017
-2.664,-2.357
-2.583,0.427
-2.942,-3.148
2.943,-2.868
2.931,0.061
2.924,-1.549
2.78,-1.447
2.777,-3.51
2.186,-3.43
1.937,-3.494
1.863,-3.567
1.46,-3.451
0.967,-3.389
-0.584,-3.422
-1.644,-3.661
-1.715,-3.555
-1.605,-3.679
-2.151,-3.61
-2.069,-3.277
-2.165,-3.317
-2.378,-3.586
-2.948,-3.457
3.059,-3.723
2.42,0.964
2.422,1.033
2.196,1.013
0.988,1.031
0.135,1.011
-0.319,1.027
-0.57,1.017
-1.126,0.839
-1.156,0.902
-1.257,0.983
-2.326,1.017
-2.518,0.95
1.778,0.284
1.47,-1.637
1.201,-1.618
0.554,-1.646
-1.01,-0.271
-1.133,-1.507
-1.322,-2.231
-1.698,-1.474
-1.657,-1.328
-1.743,-1.584
3.049,-3.189
2.193,-0.289
1.823,-2.767
0.221,-1.725
-1.208,-0.852
-1.395,0.283
-1.895,-2.542
-2.19,-0.858
1.482,-0.56
1.206,-1.926
-1.687,-0.49
-1.89,-2.872
-1.988,-0.447
-2.63,-2.013
1.636,-3.114
-1.552,0.509
-1.479,-2.969
0.131,-3.721
0.119,3.328
0.023,3.617
-0.09,1.559
-0.137,1.257
-0.166,2.201
-0.453,1.23
-0.41,3.533
-0.58,2.564
-0.784,0.748
-0.831,2.938
-0.924,-0.114
-0.938,3.305
-1.075,2.504
-0.948,2.962
-0.992,2.077
-1.038,1.284
-1.016,3.006
-1.284,3.525
-1.221,3.462
-1.223,2.279
-1.293,1.944
-1.326,1.812
-1.429,1.307
-1.48,0.798
-1.401,0.771
-1.414,0.216
-1.653,3.109
-1.775,0.018
-2.004,0.588
-1.951,0.146
-2.001,3.336
-2.18,-0.157
-2.212,0.503
-2.131,3.287
-2.49,-0.288
-2.888,-0.008
-2.9,2.921
-2.907,1.311
-3.051,1.413
-3.054,-0.65
2.638,-0.57
2.389,-0.634
2.315,-0.707
1.912,-0.591
1.419,-0.529
-0.132,-0.562
-1.192,-0.801
-1.263,-0.695
-1.153,-0.819
-1.699,-0.75
-1.617,-0.417
-1.713,-0.457
-1.926,-0.726
-2.496,-0.597
-2.772,-0.863
2.872,3.824
2.874,3.893
2.648,3.873
1.44,3.891
0.587,3.871
0.133,3.887
-0.118,3.877
-0.674,3.699
-0.704,3.762
-0.805,3.843
-1.874,3.877
-2.066,3.81
2.23,3.144
1.922,1.223
1.653,1.242
1.006,1.214
-0.558,2.589
-0.681,1.353
-0.87,0.629
-1.246,1.386
-1.205,1.532
-1.291,1.276
-2.782,-0.329
2.645,2.571
2.275,0.093
0.673,1.135
-0.756,2.008
-0.943,3.143
-1.443,0.318
-1.738,2.002
1.934,2.3
1.658,0.934
-1.235,2.37
-1.438,-0.012
-1.536,2.413
-2.178,0.847
2.088,-0.254
-1.1,3.369
-1.027,-0.109
0.583,-0.861
-0.096,0.289
-0.209,-1.769
-0.256,-2.071
-0.285,-1.127
-0.572,-2.098
-0.529,0.205
-0.699,-0.764
-0.903,-2.58
-0.95,-0.39
-1.043,-3.442
-1.057,-0.023
-1.194,-0.824
-1.067,-0.366
-1.111,-1.251
-1.157,-2.044
-1.135,-0.322
-1.403,0.197
-1.34,0.134
-1.342,-1.049
-1.412,-1.384
-1.445,-1.516
-1.548,-2.021
-1.599,-2.53
-1.52,-2.557
-1.533,-3.112
-1.772,-0.219
-1.894,-3.31
-2.123,-2.74
-2.07,-3.182
-2.12,0.008
-2.299,-3.485
-2.331,-2.825
-2.25,-0.041
-2.609,-3.616
-3.007,-3.336
-3.019,-0.407
-3.026,-2.017
3.113,-1.915
3.11,-3.978
2.519,-3.898
2.27,-3.962
2.196,-4.035
1.793,-3.919
1.3,-3.857
-0.251,-3.89
-1.311,-4.129
-1.382,-4.023
-1.272,-4.147
-1.818,-4.078
-1.736,-3.745
-1.832,-3.785
-2.045,-4.054
-2.615,-3.925
-2.891,-4.191
2.753,0.496
2.755,0.565
2.529,0.545
1.321,0.563
0.468,0.543
0.014,0.559
-0.237,0.549
-0.793,0.371
-0.823,0.434
-0.924,0.515
-1.993,0.549
-2.185,0.482
2.111,-0.184
1.803,-2.105
1.534,-2.086
0.887,-2.114
-0.677,-0.739
-0.8,-1.975
-0.989,-2.699
-1.365,-1.942
-1.324,-1.796
-1.41,-2.052
-2.901,-3.657
2.526,-0.757
2.156,-3.235
0.554,-2.193
-0.875,-1.32
-1.062,-0.185
-1.562,-3.01
-1.857,-1.326
1.815,-1.028
1.539,-2.394
-1.354,-0.958
-1.557,-3.34
-1.655,-0.915
-2.297,-2.481
1.969,-3.582
-1.219,0.041
-1.146,-3.437
0.464,-4.189
-0.113,-2.058
-0.16,-2.36
-0.189,-1.416
-0.476,-2.387
-0.433,-0.084
-0.603,-1.053
-0.807,-2.869
-0.854,-0.679
-0.947,-3.731
-0.961,-0.312
-1.098,-1.113
-0.971,-0.655
-1.015,-1.54
-1.061,-2.333
-1.039,-0.611
-1.307,-0.092
-1.244,-0.155
-1.246,-1.338
-1.316,-1.673
-1.349,-1.805
-1.452,-2.31
-1.503,-2.819
-1.424,-2.846
-1.437,-3.401
-1.676,-0.508
-1.798,-3.599
-2.027,-3.029
-1.974,-3.471
-2.024,-0.281
-2.203,-3.774
-2.235,-3.114
-2.154,-0.33
-2.513,-3.905
-2.911,-3.625
-2.923,-0.696
-2.93,-2.306
-3.074,-2.204
-3.077,-4.267
2.615,-4.187
2.366,-4.251
2.292,-4.324
1.889,-4.208
1.396,-4.146
-0.155,-4.179
-1.215,-4.418
-1.286,-4.312
-1.176,-4.436
-1.722,-4.367
-1.64,-4.034
-1.736,-4.074
-1.949,-4.343
-2.519,-4.214
-2.795,-4.48
2.849,0.207
2.851,0.276
2.625,0.256
1.417,0.274
0.564,0.254
0.11,0.27
-0.141,0.26
-0.697,0.082
-0.727,0.145
-0.828,0.226
-1.897,0.26
-2.089,0.193
2.207,-0.473
1.899,-2.394
1.63,-2.375
0.983,-2.403
-0.581,-1.028
-0.704,-2.264
-0.893,-2.988
-1.269,-2.231
-1.228,-2.085
-1.314,-2.341
-2.805,-3.946
2.622,-1.046
2.252,-3.524
0.65,-2.482
-0.779,-1.609
-0.966,-0.474
-1.466,-3.299
-1.761,-1.615
1.911,-1.317
1.635,-2.683
-1.258,-1.247
-1.461,-3.629
-1.559,-1.204
-2.201,-2.77
2.065,-3.871
-1.123,-0.248
-1.05,-3.726
0.56,-4.478
-0.047,-0.302
-0.076,0.642
-0.363,-0.329
-0.32,1.974
-0.49,1.005
-0.694,-0.811
-0.741,1.379
-0.834,-1.673
-0.848,1.746
-0.985,0.945
-0.858,1.403
-0.902,0.518
-0.948,-0.275
-0.926,1.447
-1.194,1.966
-1.131,1.903
-1.133,0.72
-1.203,0.385
-1.236,0.253
-1.339,-0.252
-1.39,-0.761
-1.311,-0.788
-1.324,-1.343
-1.563,1.55
-1.685,-1.541
-1.914,-0.971
-1.861,-1.413
-1.911,1.777
-2.09,-1.716
-2.122,-1.056
-2.041,1.728
-2.4,-1.847
-2.798,-1.567
-2.81,1.362
-2.817,-0.248
-2.961,-0.146
-2.964,-2.209
2.728,-2.129
2.479,-2.193
2.405,-2.266
2.002,-2.15
1.509,-2.088
-0.042,-2.121
-1.102,-2.36
-1.173,-2.254
-1.063,-2.378
-1.609,-2.309
-1.527,-1.976
-1.623,-2.016
-1.836,-2.285
-2.406,-2.156
-2.682,-2.422
2.962,2.265
2.964,2.334
2.738,2.314
1.53,2.332
0.677,2.312
0.223,2.328
-0.028,2.318
-0.584,2.14
-0.614,2.203
-0.715,2.284
-1.784,2.318
-1.976,2.251
2.32,1.585
2.012,-0.336
1.743,-0.317
1.096,-0.345
-0.468,1.03
-0.591,-0.206
-0.78,-0.93
-1.156,-0.173
-1.115,-0.027
-1.201,-0.283
-2.692,-1.888
2.735,1.012
2.365,-1.466
0.763,-0.424
-0.666,0.449
-0.853,1.584
-1.353,-1.241
-1.648,0.443
2.024,0.741
1.748,-0.625
-1.145,0.811
-1.348,-1.571
-1.446,0.854
-2.088,-0.712
2.178,-1.813
-1.01,1.81
-0.937,-1.668
0.673,-2.42
-0.029,0.944
-0.316,-0.027
-0.273,2.276
-0.443,1.307
-0.647,-0.509
-0.694,1.681
-0.787,-1.371
-0.801,2.048
-0.938,1.247
-0.811,1.705
-0.855,0.82
-0.901,0.027
-0.879,1.749
-1.147,2.268
-1.084,2.205
-1.086,1.022
-1.156,0.687
-1.189,0.555
-1.292,0.05
-1.343,-0.459
-1.264,-0.486
-1.277,-1.041
-1.516,1.852
-1.638,-1.239
-1.867,-0.669
-1.814,-1.111
-1.864,2.079
-2.043,-1.414
-2.075,-0.754
-1.994,2.03
-2.353,-1.545
-2.751,-1.265
-2.763,1.664
-2.77,0.054
-2.914,0.156
-2.917,-1.907
2.775,-1.827
2.526,-1.891
2.452,-1.964
2.049,-1.848
1.556,-1.786
0.005,-1.819
-1.055,-2.058
-1.126,-1.952
-1.016,-2.076
-1.562,-2.007
-1.48,-1.674
-1.576,-1.714
-1.789,-1.983
-2.359,-1.854
-2.635,-2.12
3.009,2.567
3.011,2.636
2.785,2.616
1.577,2.634
0.724,2.614
0.27,2.63
0.019,2.62
-0.537,2.442
-0.567,2.505
-0.668,2.586
-1.737,2.62
-1.929,2.553
2.367,1.887
2.059,-0.034
1.79,-0.015
1.143,-0.043
-0.421,1.332
-0.544,0.096
-0.733,-0.628
-1.109,0.129
-1.068,0.275
-1.154,0.019
-2.645,-1.586
2.782,1.314
2.412,-1.164
0.81,-0.122
-0.619,0.751
-0.806,1.886
-1.306,-0.939
-1.601,0.745
2.071,1.043
1.795,-0.323
-1.098,1.113
-1.301,-1.269
-1.399,1.156
-2.041,-0.41
2.225,-1.511
-0.963,2.112
-0.89,-1.366
0.72,-2.118
-0.287,-0.971
-0.244,1.332
-0.414,0.363
-0.618,-1.453
-0.665,0.737
-0.758,-2.315
-0.772,1.104
-0.909,0.303
-0.782,0.761
-0.826,-0.124
-0.872,-0.917
-0.85,0.805
-1.118,1.324
-1.055,1.261
-1.057,0.078
-1.127,-0.257
-1.16,-0.389
-1.263,-0.894
-1.314,-1.403
-1.235,-1.43
-1.248,-1.985
-1.487,0.908
-1.609,-2.183
-1.838,-1.613
-1.785,-2.055
-1.835,1.135
-2.014,-2.358
-2.046,-1.698
-1.965,1.086
-2.324,-2.489
-2.722,-2.209
-2.734,0.72
-2.741,-0.89
-2.885,-0.788
-2.888,-2.851
2.804,-2.771
2.555,-2.835
2.481,-2.908
2.078,-2.792
1.585,-2.73
0.034,-2.763
-1.026,-3.002
-1.097,-2.896
-0.987,-3.02
-1.533,-2.951
-1.451,-2.618
-1.547,-2.658
-1.76,-2.927
-2.33,-2.798
-2.606,-3.064
3.038,1.623
3.04,1.692
2.814,1.672
1.606,1.69
0.753,1.67
0.299,1.686
0.048,1.676
-0.508,1.498
-0.538,1.561
-0.639,1.642
-1.708,1.676
-1.9,1.609
2.396,0.943
2.088,-0.978
1.819,-0.959
1.172,-0.987
-0.392,0.388
-0.515,-0.848
-0.704,-1.572
-1.08,-0.815
-1.039,-0.669
-1.125,-0.925
-2.616,-2.53
2.811,0.37
2.441,-2.108
0.839,-1.066
-0.59,-0.193
-0.777,0.942
-1.277,-1.883
-1.572,-0.199
2.1,0.099
1.824,-1.267
-1.069,0.169
-1.272,-2.213
-1.37,0.212
-2.012,-1.354
2.254,-2.455
-0.934,1.168
-0.861,-2.31
0.749,-3.062
0.043,2.303
-0.127,1.334
-0.331,-0.482
-0.378,1.708
-0.471,-1.344
-0.485,2.075
-0.622,1.274
-0.495,1.732
-0.539,0.847
-0.585,0.054
-0.563,1.776
-0.831,2.295
-0.768,2.232
-0.77,1.049
-0.84,0.714
-0.873,0.582
-0.976,0.077
-1.027,-0.432
-0.948,-0.459
-0.961,-1.014
-1.2,1.879
-1.322,-1.212
-1.551,-0.642
-1.498,-1.084
-1.548,2.106
-1.727,-1.387
-1.759,-0.727
-1.678,2.057
-2.037,-1.518
-2.435,-1.238
-2.447,1.691
-2.454,0.081
-2.598,0.183
-2.601,-1.88
3.091,-1.8
2.842,-1.864
2.768,-1.937
2.365,-1.821
1.872,-1.759
0.321,-1.792
-0.739,-2.031
-0.81,-1.925
-0.7,-2.049
-1.246,-1.98
-1.164,-1.647
-1.26,-1.687
-1.473,-1.956
-2.043,-1.827
-2.319,-2.093
-2.958,2.594
-2.956,2.663
3.101,2.643
1.893,2.661
1.04,2.641
0.586,2.657
0.335,2.647
-0.221,2.469
-0.251,2.532
-0.352,2.613
-1.421,2.647
-1.613,2.58
2.683,1.914
2.375,-0.007
2.106,0.012
1.459,-0.016
-0.105,1.359
-0.228,0.123
-0.417,-0.601
-0.793,0.156
-0.752,0.302
-0.838,0.046
-2.329,-1.559
3.098,1.341
2.728,-1.137
1.126,-0.095
-0.303,0.778
-0.49,1.913
-0.99,-0.912
-1.285,0.772
2.387,1.07
2.111,-0.296
-0.782,1.14
-0.985,-1.242
-1.083,1.183
-1.725,-0.383
2.541,-1.484
-0.647,2.139
-0.574,-1.339
1.036,-2.091
-0.17,-0.969
-0.374,-2.785
-0.421,-0.595
-0.514,-3.647
-0.528,-0.228
-0.665,-1.029
-0.538,-0.571
-0.582,-1.456
-0.628,-2.249
-0.606,-0.527
-0.874,-0.008
-0.811,-0.071
-0.813,-1.254
-0.883,-1.589
-0.916,-1.721
-1.019,-2.226
-1.07,-2.735
-0.991,-2.762
-1.004,-3.317
-1.243,-0.424
-1.365,-3.515
-1.594,-2.945
-1.541,-3.387
-1.591,-0.197
-1.77,-3.69
-1.802,-3.03
-1.721,-0.246
-2.08,-3.821
-2.478,-3.541
-2.49,-0.612
-2.497,-2.222
-2.641,-2.12
-2.644,-4.183
3.048,-4.103
2.799,-4.167
2.725,-4.24
2.322,-4.124
1.829,-4.062
0.278,-4.095
-0.782,-4.334
-0.853,-4.228
-0.743,-4.352
-1.289,-4.283
-1.207,-3.95
-1.303,-3.99
-1.516,-4.259
-2.086,-4.13
-2.362,-4.396
-3.001,0.291
-2.999,0.36
3.058,0.34
1.85,0.358
0.997,0.338
0.543,0.354
0.292,0.344
-0.264,0.166
-0.294,0.229
-0.395,0.31
-1.464,0.344
-1.656,0.277
2.64,-0.389
2.332,-2.31
2.063,-2.291
1.416,-2.319
-0.148,-0.944
-0.271,-2.18
-0.46,-2.904
-0.836,-2.147
-0.795,-2.001
-0.881,-2.257
-2.372,-3.862
3.055,-0.962
2.685,-3.44
1.083,-2.398
-0.346,-1.525
-0.533,-0.39
-1.033,-3.215
-1.328,-1.531
2.344,-1.233
2.068,-2.599
-0.825,-1.163
-1.028,-3.545
-1.126,-1.12
-1.768,-2.686
2.498,-3.787
-0.69,-0.164
-0.617,-3.642
0.993,-4.394
-0.204,-1.816
-0.251,0.374
-0.344,-2.678
-0.358,0.741
-0.495,-0.06
-0.368,0.398
-0.412,-0.487
-0.458,-1.28
-0.436,0.442
-0.704,0.961
-0.641,0.898
-0.643,-0.285
-0.713,-0.62
-0.746,-0.752
-0.849,-1.257
-0.9,-1.766
-0.821,-1.793
-0.834,-2.348
-1.073,0.545
-1.195,-2.546
-1.424,-1.976
-1.371,-2.418
-1.421,0.772
-1.6,-2.721
-1.632,-2.061
-1.551,0.723
-1.91,-2.852
-2.308,-2.572
-2.32,0.357
-2.327,-1.253
-2.471,-1.151
-2.474,-3.214
-3.065,-3.134
2.969,-3.198
2.895,-3.271
2.492,-3.155
1.999,-3.093
0.448,-3.126
-0.612,-3.365
-0.683,-3.259
-0.573,-3.383
-1.119,-3.314
-1.037,-2.981
-1.133,-3.021
-1.346,-3.29
-1.916,-3.161
-2.192,-3.427
-2.831,1.26
-2.829,1.329
-3.055,1.309
2.02,1.327
1.167,1.307
0.713,1.323
0.462,1.313
-0.094,1.135
-0.124,1.198
-0.225,1.279
-1.294,1.313
-1.486,1.246
2.81,0.58
2.502,-1.341
2.233,-1.322
1.586,-1.35
0.022,0.025
-0.101,-1.211
-0.29,-1.935
-0.666,-1.178
-0.625,-1.032
-0.711,-1.288
-2.202,-2.893
-3.058,0.007
2.855,-2.471
1.253,-1.429
-0.176,-0.556
-0.363,0.579
-0.863,-2.246
-1.158,-0.562
2.514,-0.264
2.238,-1.63
-0.655,-0.194
-0.858,-2.576
-0.956,-0.151
-1.598,-1.717
2.668,-2.818
-0.52,0.805
-0.447,-2.673
1.163,-3.425
-0.047,2.19
-0.14,-0.862
-0.154,2.557
-0.291,1.756
-0.164,2.214
-0.208,1.329
-0.254,0.536
-0.232,2.258
-0.5,2.777
-0.437,2.714
-0.439,1.531
-0.509,1.196
-0.542,1.064
-0.645,0.559
-0.696,0.05
-0.617,0.023
-0.63,-0.532
-0.869,2.361
-0.991,-0.73
-1.22,-0.16
-1.167,-0.602
-1.217,2.588
-1.396,-0.905
-1.428,-0.245
-1.347,2.539
-1.706,-1.036
-2.104,-0.756
-2.116,2.173
-2.123,0.563
-2.267,0.665
-2.27,-1.398
-2.861,-1.318
-3.11,-1.382
3.099,-1.455
2.696,-1.339
2.203,-1.277
0.652,-1.31
-0.408,-1.549
-0.479,-1.443
-0.369,-1.567
-0.915,-1.498
-0.833,-1.165
-0.929,-1.205
-1.142,-1.474
-1.712,-1.345
-1.988,-1.611
-2.627,3.076
-2.625,3.145
-2.851,3.125
2.224,3.143
1.371,3.123
0.917,3.139
0.666,3.129
0.11,2.951
0.08,3.014
-0.021,3.095
-1.09,3.129
-1.282,3.062
3.014,2.396
2.706,0.475
2.437,0.494
1.79,0.466
0.226,1.841
0.103,0.605
-0.086,-0.119
-0.462,0.638
-0.421,0.784
-0.507,0.528
-1.998,-1.077
-2.854,1.823
3.059,-0.655
1.457,0.387
0.028,1.26
-0.159,2.395
-0.659,-0.43
-0.954,1.254
2.718,1.552
2.442,0.186
-0.451,1.622
-0.654,-0.76
-0.752,1.665
-1.394,0.099
2.872,-1.002
-0.316,2.621
-0.243,-0.857
1.367,-1.609
-0.093,-3.052
-0.107,0.367
-0.244,-0.434
-0.117,0.024
-0.161,-0.861
-0.207,-1.654
-0.185,0.068
-0.453,0.587
-0.39,0.524
-0.392,-0.659
-0.462,-0.994
-0.495,-1.126
-0.598,-1.631
-0.649,-2.14
-0.57,-2.167
-0.583,-2.722
-0.822,0.171
-0.944,-2.92
-1.173,-2.35
-1.12,-2.792
-1.17,0.398
-1.349,-3.095
-1.381,-2.435
-1.3,0.349
-1.659,-3.226
-2.057,-2.946
-2.069,-0.017
-2.076,-1.627
-2.22,-1.525
-2.223,-3.588
-2.814,-3.508
-3.063,-3.572
-3.137,-3.645
2.743,-3.529
2.25,-3.467
0.699,-3.5
-0.361,-3.739
-0.432,-3.633
-0.322,-3.757
-0.868,-3.688
-0.786,-3.355
-0.882,-3.395
-1.095,-3.664
-1.665,-3.535
-1.941,-3.801
-2.58,0.886
-2.578,0.955
-2.804,0.935
2.271,0.953
1.418,0.933
0.964,0.949
0.713,0.939
0.157,0.761
0.127,0.824
0.026,0.905
-1.043,0.939
-1.235,0.872
3.061,0.206
2.753,-1.715
2.484,-1.696
1.837,-1.724
0.273,-0.349
0.15,-1.585
-0.039,-2.309
-0.415,-1.552
-0.374,-1.406
-0.46,-1.662
-1.951,-3.267
-2.807,-0.367
3.106,-2.845
1.504,-1.803
0.075,-0.93
-0.112,0.205
-0.612,-2.62
-0.907,-0.936
2.765,-0.638
2.489,-2.004
-0.404,-0.568
-0.607,-2.95
-0.705,-0.525
-1.347,-2.091
2.919,-3.192
-0.269,0.431
-0.196,-3.047
1.414,-3.799
-0.014,3.419
-0.151,2.618
-0.024,3.076
-0.068,2.191
-0.114,1.398
-0.092,3.12
-0.36,3.639
-0.297,3.576
-0.299,2.393
-0.369,2.058
-0.402,1.926
-0.505,1.421
-0.556,0.912
-0.477,0.885
-0.49,0.33
-0.729,3.223
-0.851,0.132
-1.08,0.702
-1.027,0.26
-1.077,3.45
-1.256,-0.043
-1.288,0.617
-1.207,3.401
-1.566,-0.174
-1.964,0.106
-1.976,3.035
-1.983,1.425
-2.127,1.527
-2.13,-0.536
-2.721,-0.456
-2.97,-0.52
-3.044,-0.593
2.836,-0.477
2.343,-0.415
0.792,-0.448
-0.268,-0.687
-0.339,-0.581
-0.229,-0.705
-0.775,-0.636
-0.693,-0.303
-0.789,-0.343
-1.002,-0.612
-1.572,-0.483
-1.848,-0.749
-2.487,3.938
-2.485,4.007
-2.711,3.987
2.364,4.005
1.511,3.985
1.057,4.001
0.806,3.991
0.25,3.813
0.22,3.876
0.119,3.957
-0.95,3.991
-1.142,3.924
-3.129,3.258
2.846,1.337
2.577,1.356
1.93,1.328
0.366,2.703
0.243,1.467
0.054,0.743
-0.322,1.5
-0.281,1.646
-0.367,1.39
-1.858,-0.215
-2.714,2.685
-3.084,0.207
1.597,1.249
0.168,2.122
-0.019,3.257
-0.519,0.432
-0.814,2.116
2.858,2.414
2.582,1.048
-0.311,2.484
-0.514,0.102
-0.612,2.527
-1.254,0.961
3.012,-0.14
-0.176,3.483
-0.103,0.005
1.507,-0.747
-0.137,-0.801
-0.01,-0.343
-0.054,-1.228
-0.1,-2.021
-0.078,-0.299
-0.346,0.22
-0.283,0.157
-0.285,-1.026
-0.355,-1.361
-0.388,-1.493
-0.491,-1.998
-0.542,-2.507
-0.463,-2.534
-0.476,-3.089
-0.715,-0.196
-0.837,-3.287
-1.066,-2.717
-1.013,-3.159
-1.063,0.031
-1.242,-3.462
-1.274,-2.802
-1.193,-0.018
-1.552,-3.593
-1.95,-3.313
-1.962,-0.384
-1.969,-1.994
-2.113,-1.892
-2.116,-3.955
-2.707,-3.875
-2.956,-3.939
-3.03,-4.012
2.85,-3.896
2.357,-3.834
0.806,-3.867
-0.254,-4.106
-0.325,-4.0
-0.215,-4.124
-0.761,-4.055
-0.679,-3.722
-0.775,-3.762
-0.988,-4.031
-1.558,-3.902
-1.834,-4.168
-2.473,0.519
-2.471,0.588
-2.697,0.568
2.378,0.586
1.525,0.566
1.071,0.582
0.82,0.572
0.264,0.394
0.234,0.457
0.133,0.538
-0.936,0.572
-1.128,0.505
-3.115,-0.161
2.86,-2.082
2.591,-2.063
1.944,-2.091
0.38,-0.716
0.257,-1.952
0.068,-2.676
-0.308,-1.919
-0.267,-1.773
-0.353,-2.029
-1.844,-3.634
-2.7,-0.734
-3.07,-3.212
1.611,-2.17
0.182,-1.297
-0.005,-0.162
-0.505,-2.987
-0.8,-1.303
2.872,-1.005
2.596,-2.371
-0.297,-0.935
-0.5,-3.317
-0.598,-0.892
-1.24,-2.458
3.026,-3.559
-0.162,0.064
-0.089,-3.414
1.521,-4.166
0.127,0.458
0.083,-0.427
0.037,-1.22
0.059,0.502
-0.209,1.021
-0.146,0.958
-0.148,-0.225
-0.218,-0.56
-0.251,-0.692
-0.354,-1.197
-0.405,-1.706
-0.326,-1.733
-0.339,-2.288
-0.578,0.605
-0.7,-2.486
-0.929,-1.916
-0.876,-2.358
-0.926,0.832
-1.105,-2.661
-1.137,-2.001
-1.056,0.783
-1.415,-2.792
-1.813,-2.512
-1.825,0.417
-1.832,-1.193
-1.976,-1.091
-1.979,-3.154
-2.57,-3.074
-2.819,-3.138
-2.893,-3.211
2.987,-3.095
2.494,-3.033
0.943,-3.066
-0.117,-3.305
-0.188,-3.199
-0.078,-3.323
-0.624,-3.254
-0.542,-2.921
-0.638,-2.961
-0.851,-3.23
-1.421,-3.101
-1.697,-3.367
-2.336,1.32
-2.334,1.389
-2.56,1.369
2.515,1.387
1.662,1.367
1.208,1.383
0.957,1.373
0.401,1.195
0.371,1.258
0.27,1.339
-0.799,1.373
-0.991,1.306
-2.978,0.64
2.997,-1.281
2.728,-1.262
2.081,-1.29
0.517,0.085
0.394,-1.151
0.205,-1.875
-0.171,-1.118
-0.13,-0.972
-0.216,-1.228
-1.707,-2.833
-2.563,0.067
-2.933,-2.411
1.748,-1.369
0.319,-0.496
0.132,0.639
-0.368,-2.186
-0.663,-0.502
3.009,-0.204
2.733,-1.57
-0.16,-0.134
-0.363,-2.516
-0.461,-0.091
-1.103,-1.657
-3.12,-2.758
-0.025,0.865
0.048,-2.613
1.658,-3.365
-0.044,-0.885
-0.09,-1.678
-0.068,0.044
-0.336,0.563
-0.273,0.5
-0.275,-0.683
-0.345,-1.018
-0.378,-1.15
-0.481,-1.655
-0.532,-2.164
-0.453,-2.191
-0.466,-2.746
-0.705,0.147
-0.827,-2.944
-1.056,-2.374
-1.003,-2.816
-1.053,0.374
-1.232,-3.119
-1.264,-2.459
-1.183,0.325
-1.542,-3.25
-1.94,-2.97
-1.952,-0.041
-1.959,-1.651
-2.103,-1.549
-2.106,-3.612
-2.697,-3.532
-2.946,-3.596
-3.02,-3.669
2.86,-3.553
2.367,-3.491
0.816,-3.524
-0.244,-3.763
-0.315,-3.657
-0.205,-3.781
-0.751,-3.712
-0.669,-3.379
-0.765,-3.419
-0.978,-3.688
-1.548,-3.559
-1.824,-3.825
-2.463,0.862
-2.461,0.931
-2.687,0.911
2.388,0.929
1.535,0.909
1.081,0.925
0.83,0.915
0.274,0.737
0.244,0.8
0.143,0.881
-0.926,0.915
-1.118,0.848
-3.105,0.182
2.87,-1.739
2.601,-1.72
1.954,-1.748
0.39,-0.373
0.267,-1.609
0.078,-2.333
-0.298,-1.576
-0.257,-1.43
-0.343,-1.686
-1.834,-3.291
-2.69,-0.391
-3.06,-2.869
1.621,-1.827
0.192,-0.954
0.005,0.181
-0.495,-2.644
-0.79,-0.96
2.882,-0.662
2.606,-2.028
-0.287,-0.592
-0.49,-2.974
-0.588,-0.549
-1.23,-2.115
3.036,-3.216
-0.152,0.407
-0.079,-3.071
1.531,-3.823
-0.046,-0.793
-0.024,0.929
-0.292,1.448
-0.229,1.385
-0.231,0.202
-0.301,-0.133
-0.334,-0.265
-0.437,-0.77
-0.488,-1.279
-0.409,-1.306
-0.422,-1.861
-0.661,1.032
-0.783,-2.059
-1.012,-1.489
-0.959,-1.931
-1.009,1.259
-1.188,-2.234
-1.22,-1.574
-1.139,1.21
-1.498,-2.365
-1.896,-2.085
-1.908,0.844
-1.915,-0.766
-2.059,-0.664
-2.062,-2.727
-2.653,-2.647
-2.902,-2.711
-2.976,-2.784
2.904,-2.668
2.411,-2.606
0.86,-2.639
-0.2,-2.878
-0.271,-2.772
-0.161,-2.896
-0.707,-2.827
-0.625,-2.494
-0.721,-2.534
-0.934,-2.803
-1.504,-2.674
-1.78,-2.94
-2.419,1.747
-2.417,1.816
-2.643,1.796
2.432,1.814
1.579,1.794
1.125,1.81
0.874,1.8
0.318,1.622
0.288,1.685
0.187,1.766
-0.882,1.8
-1.074,1.733
-3.061,1.067
2.914,-0.854
2.645,-0.835
1.998,-0.863
0.434,0.512
0.311,-0.724
0.122,-1.448
-0.254,-0.691
-0.213,-0.545
-0.299,-0.801
-1.79,-2.406
-2.646,0.494
-3.016,-1.984
1.665,-0.942
0.236,-0.069
0.049,1.066
-0.451,-1.759
-0.746,-0.075
2.926,0.223
2.65,-1.143
-0.243,0.293
-0.446,-2.089
-0.544,0.336
-1.186,-1.23
3.08,-2.331
-0.108,1.292
-0.035,-2.186
1.575,-2.938
0.022,1.722
-0.246,2.241
-0.183,2.178
-0.185,0.995
-0.255,0.66
-0.288,0.528
-0.391,0.023
-0.442,-0.486
-0.363,-0.513
-0.376,-1.068
-0.615,1.825
-0.737,-1.266
-0.966,-0.696
-0.913,-1.138
-0.963,2.052
-1.142,-1.441
-1.174,-0.781
-1.093,2.003
-1.452,-1.572
-1.85,-1.292
-1.862,1.637
-1.869,0.027
-2.013,0.129
-2.016,-1.934
-2.607,-1.854
-2.856,-1.918
-2.93,-1.991
2.95,-1.875
2.457,-1.813
0.906,-1.846
-0.154,-2.085
-0.225,-1.979
-0.115,-2.103
-0.661,-2.034
-0.579,-1.701
-0.675,-1.741
-0.888,-2.01
-1.458,-1.881
-1.734,-2.147
-2.373,2.54
-2.371,2.609
-2.597,2.589
2.478,2.607
1.625,2.587
1.171,2.603
0.92,2.593
0.364,2.415
0.334,2.478
0.233,2.559
-0.836,2.593
-1.028,2.526
-3.015,1.86
2.96,-0.061
2.691,-0.042
2.044,-0.07
0.48,1.305
0.357,0.069
0.168,-0.655
-0.208,0.102
-0.167,0.248
-0.253,-0.008
-1.744,-1.613
-2.6,1.287
-2.97,-1.191
1.711,-0.149
0.282,0.724
0.095,1.859
-0.405,-0.966
-0.7,0.718
2.972,1.016
2.696,-0.35
-0.197,1.086
-0.4,-1.296
-0.498,1.129
-1.14,-0.437
3.126,-1.538
-0.062,2.085
0.011,-1.393
1.621,-2.145
-0.268,0.519
-0.205,0.456
-0.207,-0.727
-0.277,-1.062
-0.31,-1.194
-0.413,-1.699
-0.464,-2.208
-0.385,-2.235
-0.398,-2.79
-0.637,0.103
-0.759,-2.988
-0.988,-2.418
-0.935,-2.86
-0.985,0.33
-1.164,-3.163
-1.196,-2.503
-1.115,0.281
-1.474,-3.294
-1.872,-3.014
-1.884,-0.085
-1.891,-1.695
-2.035,-1.593
-2.038,-3.656
-2.629,-3.576
-2.878,-3.64
-2.952,-3.713
2.928,-3.597
2.435,-3.535
0.884,-3.568
-0.176,-3.807
-0.247,-3.701
-0.137,-3.825
-0.683,-3.756
-0.601,-3.423
-0.697,-3.463
-0.91,-3.732
-1.48,-3.603
-1.756,-3.869
-2.395,0.818
-2.393,0.887
-2.619,0.867
2.456,0.885
1.603,0.865
1.149,0.881
0.898,0.871
0.342,0.693
0.312,0.756
0.211,0.837
-0.858,0.871
-1.05,0.804
-3.037,0.138
2.938,-1.783
2.669,-1.764
2.022,-1.792
0.458,-0.417
0.335,-1.653
0.146,-2.377
-0.23,-1.62
-0.189,-1.474
-0.275,-1.73
-1.766,-3.335
-2.622,-0.435
-2.992,-2.913
1.689,-1.871
0.26,-0.998
0.073,0.137
-0.427,-2.688
-0.722,-1.004
2.95,-0.706
2.674,-2.072
-0.219,-0.636
-0.422,-3.018
-0.52,-0.593
-1.162,-2.159
3.104,-3.26
-0.084,0.363
-0.011,-3.115
1.599,-3.867
0.063,-0.063
0.061,-1.246
-0.009,-1.581
-0.042,-1.713
-0.145,-2.218
-0.196,-2.727
-0.117,-2.754
-0.13,-3.309
-0.369,-0.416
-0.491,-3.507
-0.72,-2.937
-0.667,-3.379
-0.717,-0.189
-0.896,-3.682
-0.928,-3.022
-0.847,-0.238
-1.206,-3.813
-1.604,-3.533
-1.616,-0.604
-1.623,-2.214
-1.767,-2.112
-1.77,-4.175
-2.361,-4.095
-2.61,-4.159
-2.684,-4.232
-3.087,-4.116
2.703,-4.054
1.152,-4.087
0.092,-4.326
0.021,-4.22
0.131,-4.344
-0.415,-4.275
-0.333,-3.942
-0.429,-3.982
-0.642,-4.251
-1.212,-4.122
-1.488,-4.388
-2.127,0.299
-2.125,0.368
-2.351,0.348
2.724,0.366
1.871,0.346
1.417,0.362
1.166,0.352
0.61,0.174
0.58,0.237
0.479,0.318
-0.59,0.352
-0.782,0.285
-2.769,-0.381
-3.077,-2.302
2.937,-2.283
2.29,-2.311
0.726,-0.936
0.603,-2.172
0.414,-2.896
0.038,-2.139
0.079,-1.993
-0.007,-2.249
-1.498,-3.854
-2.354,-0.954
-2.724,-3.432
1.957,-2.39
0.528,-1.517
0.341,-0.382
-0.159,-3.207
-0.454,-1.523
-3.065,-1.225
2.942,-2.591
0.049,-1.155
-0.154,-3.537
-0.252,-1.112
-0.894,-2.678
-2.911,-3.779
0.184,-0.156
0.257,-3.634
1.867,-4.386
-0.002,-1.183
-0.072,-1.518
-0.105,-1.65
-0.208,-2.155
-0.259,-2.664
-0.18,-2.691
-0.193,-3.246
-0.432,-0.353
-0.554,-3.444
-0.783,-2.874
-0.73,-3.316
-0.78,-0.126
-0.959,-3.619
-0.991,-2.959
-0.91,-0.175
-1.269,-3.75
-1.667,-3.47
-1.679,-0.541
-1.686,-2.151
-1.83,-2.049
-1.833,-4.112
-2.424,-4.032
-2.673,-4.096
-2.747,-4.169
3.133,-4.053
2.64,-3.991
1.089,-4.024
0.029,-4.263
-0.042,-4.157
0.068,-4.281
-0.478,-4.212
-0.396,-3.879
-0.492,-3.919
-0.705,-4.188
-1.275,-4.059
-1.551,-4.325
-2.19,0.362
-2.188,0.431
-2.414,0.411
2.661,0.429
1.808,0.409
1.354,0.425
1.103,0.415
0.547,0.237
0.517,0.3
0.416,0.381
-0.653,0.415
-0.845,0.348
-2.832,-0.318
-3.14,-2.239
2.874,-2.22
2.227,-2.248
0.663,-0.873
0.54,-2.109
0.351,-2.833
-0.025,-2.076
0.016,-1.93
-0.07,-2.186
-1.561,-3.791
-2.417,-0.891
-2.787,-3.369
1.894,-2.327
0.465,-1.454
0.278,-0.319
-0.222,-3.144
-0.517,-1.46
-3.128,-1.162
2.879,-2.528
-0.014,-1.092
-0.217,-3.474
-0.315,-1.049
-0.957,-2.615
-2.974,-3.716
0.121,-0.093
0.194,-3.571
1.804,-4.323
-0.07,-0.335
-0.103,-0.467
-0.206,-0.972
-0.257,-1.481
-0.178,-1.508
-0.191,-2.063
-0.43,0.83
-0.552,-2.261
-0.781,-1.691
-0.728,-2.133
-0.778,1.057
-0.957,-2.436
-0.989,-1.776
-0.908,1.008
-1.267,-2.567
-1.665,-2.287
-1.677,0.642
-1.684,-0.968
-1.828,-0.866
-1.831,-2.929
-2.422,-2.849
-2.671,-2.913
-2.745,-2.986
3.135,-2.87
2.642,-2.808
1.091,-2.841
0.031,-3.08
-0.04,-2.974
0.07,-3.098
-0.476,-3.029
-0.394,-2.696
-0.49,-2.736
-0.703,-3.005
-1.273,-2.876
-1.549,-3.142
-2.188,1.545
-2.186,1.614
-2.412,1.594
2.663,1.612
1.81,1.592
1.356,1.608
1.105,1.598
0.549,1.42
0.519,1.483
0.418,1.564
-0.651,1.598
-0.843,1.531
-2.83,0.865
-3.138,-1.056
2.876,-1.037
2.229,-1.065
0.665,0.31
0.542,-0.926
0.353,-1.65
-0.023,-0.893
0.018,-0.747
-0.068,-1.003
-1.559,-2.608
-2.415,0.292
-2.785,-2.186
1.896,-1.144
0.467,-0.271
0.28,0.864
-0.22,-1.961
-0.515,-0.277
-3.126,0.021
2.881,-1.345
-0.012,0.091
-0.215,-2.291
-0.313,0.134
-0.955,-1.432
-2.972,-2.533
0.123,1.09
0.196,-2.388
1.806,-3.14
-0.033,-0.132
-0.136,-0.637
-0.187,-1.146
-0.108,-1.173
-0.121,-1.728
-0.36,1.165
-0.482,-1.926
-0.711,-1.356
-0.658,-1.798
-0.708,1.392
-0.887,-2.101
-0.919,-1.441
-0.838,1.343
-1.197,-2.232
-1.595,-1.952
-1.607,0.977
-1.614,-0.633
-1.758,-0.531
-1.761,-2.594
-2.352,-2.514
-2.601,-2.578
-2.675,-2.651
-3.078,-2.535
2.712,-2.473
1.161,-2.506
0.101,-2.745
0.03,-2.639
0.14,-2.763
-0.406,-2.694
-0.324,-2.361
-0.42,-2.401
-0.633,-2.67
-1.203,-2.541
-1.479,-2.807
-2.118,1.88
-2.116,1.949
-2.342,1.929
2.733,1.947
1.88,1.927
1.426,1.943
1.175,1.933
0.619,1.755
0.589,1.818
0.488,1.899
-0.581,1.933
-0.773,1.866
-2.76,1.2
-3.068,-0.721
2.946,-0.702
2.299,-0.73
0.735,0.645
0.612,-0.591
0.423,-1.315
0.047,-0.558
0.088,-0.412
0.002,-0.668
-1.489,-2.273
-2.345,0.627
-2.715,-1.851
1.966,-0.809
0.537,0.064
0.35,1.199
-0.15,-1.626
-0.445,0.058
-3.056,0.356
2.951,-1.01
0.058,0.426
-0.145,-1.956
-0.243,0.469
-0.885,-1.097
-2.902,-2.198
0.193,1.425
0.266,-2.053
1.876,-2.805
-0.103,-0.505
-0.154,-1.014
-0.075,-1.041
-0.088,-1.596
-0.327,1.297
-0.449,-1.794
-0.678,-1.224
-0.625,-1.666
-0.675,1.524
-0.854,-1.969
-0.886,-1.309
-0.805,1.475
-1.164,-2.1
-1.562,-1.82
-1.574,1.109
-1.581,-0.501
-1.725,-0.399
-1.728,-2.462
-2.319,-2.382
-2.568,-2.446
-2.642,-2.519
-3.045,-2.403
2.745,-2.341
1.194,-2.374
0.134,-2.613
0.063,-2.507
0.173,-2.631
-0.373,-2.562
-0.291,-2.229
-0.387,-2.269
-0.6,-2.538
-1.17,-2.409
-1.446,-2.675
-2.085,2.012
-2.083,2.081
-2.309,2.061
2.766,2.079
1.913,2.059
1.459,2.075
1.208,2.065
0.652,1.887
0.622,1.95
0.521,2.031
-0.548,2.065
-0.74,1.998
-2.727,1.332
-3.035,-0.589
2.979,-0.57
2.332,-0.598
0.768,0.777
0.645,-0.459
0.456,-1.183
0.08,-0.426
0.121,-0.28
0.035,-0.536
-1.456,-2.141
-2.312,0.759
-2.682,-1.719
1.999,-0.677
0.57,0.196
0.383,1.331
-0.117,-1.494
-0.412,0.19
-3.023,0.488
2.984,-0.878
0.091,0.558
-0.112,-1.824
-0.21,0.601
-0.852,-0.965
-2.869,-2.066
0.226,1.557
0.299,-1.921
1.909,-2.673
-0.051,-0.509
0.028,-0.536
0.015,-1.091
-0.224,1.802
-0.346,-1.289
-0.575,-0.719
-0.522,-1.161
-0.572,2.029
-0.751,-1.464
-0.783,-0.804
-0.702,1.98
-1.061,-1.595
-1.459,-1.315
-1.471,1.614
-1.478,0.004
-1.622,0.106
-1.625,-1.957
-2.216,-1.877
-2.465,-1.941
-2.539,-2.014
-2.942,-1.898
2.848,-1.836
1.297,-1.869
0.237,-2.108
0.166,-2.002
0.276,-2.126
-0.27,-2.057
-0.188,-1.724
-0.284,-1.764
-0.497,-2.033
-1.067,-1.904
-1.343,-2.17
-1.982,2.517
-1.98,2.586
-2.206,2.566
2.869,2.584
2.016,2.564
1.562,2.58
1.311,2.57
0.755,2.392
0.725,2.455
0.624,2.536
-0.445,2.57
-0.637,2.503
-2.624,1.837
-2.932,-0.084
3.082,-0.065
2.435,-0.093
0.871,1.282
0.748,0.046
0.559,-0.678
0.183,0.079
0.224,0.225
0.138,-0.031
-1.353,-1.636
-2.209,1.264
-2.579,-1.214
2.102,-0.172
0.673,0.701
0.486,1.836
-0.014,-0.989
-0.309,0.695
-2.92,0.993
3.087,-0.373
0.194,1.063
-0.009,-1.319
-0.107,1.106
-0.749,-0.46
-2.766,-1.561
0.329,2.062
0.402,-1.416
2.012,-2.168
0.079,-0.027
0.066,-0.582
-0.173,2.311
-0.295,-0.78
-0.524,-0.21
-0.471,-0.652
-0.521,2.538
-0.7,-0.955
-0.732,-0.295
-0.651,2.489
-1.01,-1.086
-1.408,-0.806
-1.42,2.123
-1.427,0.513
-1.571,0.615
-1.574,-1.448
-2.165,-1.368
-2.414,-1.432
-2.488,-1.505
-2.891,-1.389
2.899,-1.327
1.348,-1.36
0.288,-1.599
0.217,-1.493
0.327,-1.617
-0.219,-1.548
-0.137,-1.215
-0.233,-1.255
-0.446,-1.524
-1.016,-1.395
-1.292,-1.661
-1.931,3.026
-1.929,3.095
-2.155,3.075
2.92,3.093
2.067,3.073
1.613,3.089
1.362,3.079
0.806,2.901
0.776,2.964
0.675,3.045
-0.394,3.079
-0.586,3.012
-2.573,2.346
-2.881,0.425
3.133,0.444
2.486,0.416
0.922,1.791
0.799,0.555
0.61,-0.169
0.234,0.588
0.275,0.734
0.189,0.478
-1.302,-1.127
-2.158,1.773
-2.528,-0.705
2.153,0.337
0.724,1.21
0.537,2.345
0.037,-0.48
-0.258,1.204
-2.869,1.502
3.138,0.136
0.245,1.572
0.042,-0.81
-0.056,1.615
-0.698,0.049
-2.715,-1.052
0.38,2.571
0.453,-0.907
2.063,-1.659
-0.013,-0.555
-0.252,2.338
-0.374,-0.753
-0.603,-0.183
-0.55,-0.625
-0.6,2.565
-0.779,-0.928
-0.811,-0.268
-0.73,2.516
-1.089,-1.059
-1.487,-0.779
-1.499,2.15
-1.506,0.54
-1.65,0.642
-1.653,-1.421
-2.244,-1.341
-2.493,-1.405
-2.567,-1.478
-2.97,-1.362
2.82,-1.3
1.269,-1.333
0.209,-1.572
0.138,-1.466
0.248,-1.59
-0.298,-1.521
-0.216,-1.188
-0.312,-1.228
-0.525,-1.497
-1.095,-1.368
-1.371,-1.634
-2.01,3.053
-2.008,3.122
-2.234,3.102
2.841,3.12
1.988,3.1
1.534,3.116
1.283,3.106
0.727,2.928
0.697,2.991
0.596,3.072
-0.473,3.106
-0.665,3.039
-2.652,2.373
-2.96,0.452
3.054,0.471
2.407,0.443
0.843,1.818
0.72,0.582
0.531,-0.142
0.155,0.615
0.196,0.761
0.11,0.505
-1.381,-1.1
-2.237,1.8
-2.607,-0.678
2.074,0.364
0.645,1.237
0.458,2.372
-0.042,-0.453
-0.337,1.231
-2.948,1.529
3.059,0.163
0.166,1.599
-0.037,-0.783
-0.135,1.642
-0.777,0.076
-2.794,-1.025
0.301,2.598
0.374,-0.88
1.984,-1.632
-0.239,2.893
-0.361,-0.198
-0.59,0.372
-0.537,-0.07
-0.587,3.12
-0.766,-0.373
-0.798,0.287
-0.717,3.071
-1.076,-0.504
-1.474,-0.224
-1.486,2.705
-1.493,1.095
-1.637,1.197
-1.64,-0.866
-2.231,-0.786
-2.48,-0.85
-2.554,-0.923
-2.957,-0.807
2.833,-0.745
1.282,-0.778
0.222,-1.017
0.151,-0.911
0.261,-1.035
-0.285,-0.966
-0.203,-0.633
-0.299,-0.673
-0.512,-0.942
-1.082,-0.813
-1.358,-1.079
-1.997,3.608
-1.995,3.677
-2.221,3.657
2.854,3.675
2.001,3.655
1.547,3.671
1.296,3.661
0.74,3.483
0.71,3.546
0.609,3.627
-0.46,3.661
-0.652,3.594
-2.639,2.928
-2.947,1.007
3.067,1.026
2.42,0.998
0.856,2.373
0.733,1.137
0.544,0.413
0.168,1.17
0.209,1.316
0.123,1.06
-1.368,-0.545
-2.224,2.355
-2.594,-0.123
2.087,0.919
0.658,1.792
0.471,2.927
-0.029,0.102
-0.324,1.786
-2.935,2.084
3.072,0.718
0.179,2.154
-0.024,-0.228
-0.122,2.197
-0.764,0.631
-2.781,-0.47
0.314,3.153
0.387,-0.325
1.997,-1.077
-0.122,-3.091
-0.351,-2.521
-0.298,-2.963
-0.348,0.227
-0.527,-3.266
-0.559,-2.606
-0.478,0.178
-0.837,-3.397
-1.235,-3.117
-1.247,-0.188
-1.254,-1.798
-1.398,-1.696
-1.401,-3.759
-1.992,-3.679
-2.241,-3.743
-2.315,-3.816
-2.718,-3.7
3.072,-3.638
1.521,-3.671
0.461,-3.91
0.39,-3.804
0.5,-3.928
-0.046,-3.859
0.036,-3.526
-0.06,-3.566
-0.273,-3.835
-0.843,-3.706
-1.119,-3.972
-1.758,0.715
-1.756,0.784
-1.982,0.764
3.093,0.782
2.24,0.762
1.786,0.778
1.535,0.768
0.979,0.59
0.949,0.653
0.848,0.734
-0.221,0.768
-0.413,0.701
-2.4,0.035
-2.708,-1.886
-2.977,-1.867
2.659,-1.895
1.095,-0.52
0.972,-1.756
0.783,-2.48
0.407,-1.723
0.448,-1.577
0.362,-1.833
-1.129,-3.438
-1.985,-0.538
-2.355,-3.016
2.326,-1.974
0.897,-1.101
0.71,0.034
0.21,-2.791
-0.085,-1.107
-2.696,-0.809
-2.972,-2.175
0.418,-0.739
0.215,-3.121
0.117,-0.696
-0.525,-2.262
-2.542,-3.363
0.553,0.26
0.626,-3.218
2.236,-3.97
-0.229,0.57
-0.176,0.128
-0.226,3.318
-0.405,-0.175
-0.437,0.485
-0.356,3.269
-0.715,-0.306
-1.113,-0.026
-1.125,2.903
-1.132,1.293
-1.276,1.395
-1.279,-0.668
-1.87,-0.588
-2.119,-0.652
-2.193,-0.725
-2.596,-0.609
-3.089,-0.547
1.643,-0.58
0.583,-0.819
0.512,-0.713
0.622,-0.837
0.076,-0.768
0.158,-0.435
0.062,-0.475
-0.151,-0.744
-0.721,-0.615
-0.997,-0.881
-1.636,3.806
-1.634,3.875
-1.86,3.855
-3.068,3.873
2.362,3.853
1.908,3.869
1.657,3.859
1.101,3.681
1.071,3.744
0.97,3.825
-0.099,3.859
-0.291,3.792
-2.278,3.126
-2.586,1.205
-2.855,1.224
2.781,1.196
1.217,2.571
1.094,1.335
0.905,0.611
0.529,1.368
0.57,1.514
0.484,1.258
-1.007,-0.347
-1.863,2.553
-2.233,0.075
2.448,1.117
1.019,1.99
0.832,3.125
0.332,0.3
0.037,1.984
-2.574,2.282
-2.85,0.916
0.54,2.352
0.337,-0.03
0.239,2.395
-0.403,0.829
-2.42,-0.272
0.675,3.351
0.748,-0.127
2.358,-0.879
0.053,-0.442
0.003,2.748
-0.176,-0.745
-0.208,-0.085
-0.127,2.699
-0.486,-0.876
-0.884,-0.596
-0.896,2.333
-0.903,0.723
-1.047,0.825
-1.05,-1.238
-1.641,-1.158
-1.89,-1.222
-1.964,-1.295
-2.367,-1.179
-2.86,-1.117
1.872,-1.15
0.812,-1.389
0.741,-1.283
0.851,-1.407
0.305,-1.338
0.387,-1.005
0.291,-1.045
0.078,-1.314
-0.492,-1.185
-0.768,-1.451
-1.407,3.236
-1.405,3.305
-1.631,3.285
-2.839,3.303
2.591,3.283
2.137,3.299
1.886,3.289
1.33,3.111
1.3,3.174
1.199,3.255
0.13,3.289
-0.062,3.222
-2.049,2.556
-2.357,0.635
-2.626,0.654
3.01,0.626
1.446,2.001
1.323,0.765
1.134,0.041
0.758,0.798
0.799,0.944
0.713,0.688
-0.778,-0.917
-1.634,1.983
-2.004,-0.495
2.677,0.547
1.248,1.42
1.061,2.555
0.561,-0.27
0.266,1.414
-2.345,1.712
-2.621,0.346
0.769,1.782
0.566,-0.6
0.468,1.825
-0.174,0.259
-2.191,-0.842
0.904,2.781
0.977,-0.697
2.587,-1.449
-0.05,3.19
-0.229,-0.303
-0.261,0.357
-0.18,3.141
-0.539,-0.434
-0.937,-0.154
-0.949,2.775
-0.956,1.165
-1.1,1.267
-1.103,-0.796
-1.694,-0.716
-1.943,-0.78
-2.017,-0.853
-2.42,-0.737
-2.913,-0.675
1.819,-0.708
0.759,-0.947
0.688,-0.841
0.798,-0.965
0.252,-0.896
0.334,-0.563
0.238,-0.603
0.025,-0.872
-0.545,-0.743
-0.821,-1.009
-1.46,3.678
-1.458,3.747
-1.684,3.727
-2.892,3.745
2.538,3.725
2.084,3.741
1.833,3.731
1.277,3.553
1.247,3.616
1.146,3.697
0.077,3.731
-0.115,3.664
-2.102,2.998
-2.41,1.077
-2.679,1.096
2.957,1.068
1.393,2.443
1.27,1.207
1.081,0.483
0.705,1.24
0.746,1.386
0.66,1.13
-0.831,-0.475
-1.687,2.425
-2.057,-0.053
2.624,0.989
1.195,1.862
1.008,2.997
0.508,0.172
0.213,1.856
-2.398,2.154
-2.674,0.788
0.716,2.224
0.513,-0.158
0.415,2.267
-0.227,0.701
-2.244,-0.4
0.851,3.223
0.924,-0.255
2.534,-1.007
-0.179,-3.493
-0.211,-2.833
-0.13,-0.049
-0.489,-3.624
-0.887,-3.344
-0.899,-0.415
-0.906,-2.025
-1.05,-1.923
-1.053,-3.986
-1.644,-3.906
-1.893,-3.97
-1.967,-4.043
-2.37,-3.927
-2.863,-3.865
1.869,-3.898
0.809,-4.137
0.738,-4.031
0.848,-4.155
0.302,-4.086
0.384,-3.753
0.288,-3.793
0.075,-4.062
-0.495,-3.933
-0.771,-4.199
-1.41,0.488
-1.408,0.557
-1.634,0.537
-2.842,0.555
2.588,0.535
2.134,0.551
1.883,0.541
1.327,0.363
1.297,0.426
1.196,0.507
0.127,0.541
-0.065,0.474
-2.052,-0.192
-2.36,-2.113
-2.629,-2.094
3.007,-2.122
1.443,-0.747
1.32,-1.983
1.131,-2.707
0.755,-1.95
0.796,-1.804
0.71,-2.06
-0.781,-3.665
-1.637,-0.765
-2.007,-3.243
2.674,-2.201
1.245,-1.328
1.058,-0.193
0.558,-3.018
0.263,-1.334
-2.348,-1.036
-2.624,-2.402
0.766,-0.966
0.563,-3.348
0.465,-0.923
-0.177,-2.489
-2.194,-3.59
0.901,0.033
0.974,-3.445
2.584,-4.197
-0.032,0.66
0.049,3.444
-0.31,-0.131
-0.708,0.149
-0.72,3.078
-0.727,1.468
-0.871,1.57
-0.874,-0.493
-1.465,-0.413
-1.714,-0.477
-1.788,-0.55
-2.191,-0.434
-2.684,-0.372
2.048,-0.405
0.988,-0.644
0.917,-0.538
1.027,-0.662
0.481,-0.593
0.563,-0.26
0.467,-0.3
0.254,-0.569
-0.316,-0.44
-0.592,-0.706
-1.231,3.981
-1.229,4.05
-1.455,4.03
-2.663,4.048
2.767,4.028
2.313,4.044
2.062,4.034
1.506,3.856
1.476,3.919
1.375,4.0
0.306,4.034
0.114,3.967
-1.873,3.301
-2.181,1.38
-2.45,1.399
-3.097,1.371
1.622,2.746
1.499,1.51
1.31,0.786
0.934,1.543
0.975,1.689
0.889,1.433
-0.602,-0.172
-1.458,2.728
-1.828,0.25
2.853,1.292
1.424,2.165
1.237,3.3
0.737,0.475
0.442,2.159
-2.169,2.457
-2.445,1.091
0.945,2.527
0.742,0.145
0.644,2.57
0.002,1.004
-2.015,-0.097
1.08,3.526
1.153,0.048
2.763,-0.704
0.081,2.784
-0.278,-0.791
-0.676,-0.511
-0.688,2.418
-0.695,0.808
-0.839,0.91
-0.842,-1.153
-1.433,-1.073
-1.682,-1.137
-1.756,-1.21
-2.159,-1.094
-2.652,-1.032
2.08,-1.065
1.02,-1.304
0.949,-1.198
1.059,-1.322
0.513,-1.253
0.595,-0.92
0.499,-0.96
0.286,-1.229
-0.284,-1.1
-0.56,-1.366
-1.199,3.321
-1.197,3.39
-1.423,3.37
-2.631,3.388
2.799,3.368
2.345,3.384
2.094,3.374
1.538,3.196
1.508,3.259
1.407,3.34
0.338,3.374
0.146,3.307
-1.841,2.641
-2.149,0.72
-2.418,0.739
-3.065,0.711
1.654,2.086
1.531,0.85
1.342,0.126
0.966,0.883
1.007,1.029
0.921,0.773
-0.57,-0.832
-1.426,2.068
-1.796,-0.41
2.885,0.632
1.456,1.505
1.269,2.64
0.769,-0.185
0.474,1.499
-2.137,1.797
-2.413,0.431
0.977,1.867
0.774,-0.515
0.676,1.91
0.034,0.344
-1.983,-0.757
1.112,2.866
1.185,-0.612
2.795,-1.364
-0.359,-3.575
-0.757,-3.295
-0.769,-0.366
-0.776,-1.976
-0.92,-1.874
-0.923,-3.937
-1.514,-3.857
-1.763,-3.921
-1.837,-3.994
-2.24,-3.878
-2.733,-3.816
1.999,-3.849
0.939,-4.088
0.868,-3.982
0.978,-4.106
0.432,-4.037
0.514,-3.704
0.418,-3.744
0.205,-4.013
-0.365,-3.884
-0.641,-4.15
-1.28,0.537
-1.278,0.606
-1.504,0.586
-2.712,0.604
2.718,0.584
2.264,0.6
2.013,0.59
1.457,0.412
1.427,0.475
1.326,0.556
0.257,0.59
0.065,0.523
-1.922,-0.143
-2.23,-2.064
-2.499,-2.045
3.137,-2.073
1.573,-0.698
1.45,-1.934
1.261,-2.658
0.885,-1.901
0.926,-1.755
0.84,-2.011
-0.651,-3.616
-1.507,-0.716
-1.877,-3.194
2.804,-2.152
1.375,-1.279
1.188,-0.144
0.688,-2.969
0.393,-1.285
-2.218,-0.987
-2.494,-2.353
0.896,-0.917
0.693,-3.299
0.595,-0.874
-0.047,-2.44
-2.064,-3.541
1.031,0.082
1.104,-3.396
2.714,-4.148
-0.398,0.28
-0.41,3.209
-0.417,1.599
-0.561,1.701
-0.564,-0.362
-1.155,-0.282
-1.404,-0.346
-1.478,-0.419
-1.881,-0.303
-2.374,-0.241
2.358,-0.274
1.298,-0.513
1.227,-0.407
1.337,-0.531
0.791,-0.462
0.873,-0.129
0.777,-0.169
0.564,-0.438
-0.006,-0.309
-0.282,-0.575
-0.921,4.112
-0.919,4.181
-1.145,4.161
-2.353,4.179
3.077,4.159
2.623,4.175
2.372,4.165
1.816,3.987
1.786,4.05
1.685,4.131
0.616,4.165
0.424,4.098
-1.563,3.432
-1.871,1.511
-2.14,1.53
-2.787,1.502
1.932,2.877
1.809,1.641
1.62,0.917
1.244,1.674
1.285,1.82
1.199,1.564
-0.292,-0.041
-1.148,2.859
-1.518,0.381
-3.12,1.423
1.734,2.296
1.547,3.431
1.047,0.606
0.752,2.29
-1.859,2.588
-2.135,1.222
1.255,2.658
1.052,0.276
0.954,2.701
0.312,1.135
-1.705,0.034
1.39,3.657
1.463,0.179
3.073,-0.573
-0.012,2.929
-0.019,1.319
-0.163,1.421
-0.166,-0.642
-0.757,-0.562
-1.006,-0.626
-1.08,-0.699
-1.483,-0.583
-1.976,-0.521
2.756,-0.554
1.696,-0.793
1.625,-0.687
1.735,-0.811
1.189,-0.742
1.271,-0.409
1.175,-0.449
0.962,-0.718
0.392,-0.589
0.116,-0.855
-0.523,3.832
-0.521,3.901
-0.747,3.881
-1.955,3.899
-2.808,3.879
3.021,3.895
2.77,3.885
2.214,3.707
2.184,3.77
2.083,3.851
1.014,3.885
0.822,3.818
-1.165,3.152
-1.473,1.231
-1.742,1.25
-2.389,1.222
2.33,2.597
2.207,1.361
2.018,0.637
1.642,1.394
1.683,1.54
1.597,1.284
0.106,-0.321
-0.75,2.579
-1.12,0.101
-2.722,1.143
2.132,2.016
1.945,3.151
1.445,0.326
1.15,2.01
-1.461,2.308
-1.737,0.942
1.653,2.378
1.45,-0.004
1.352,2.421
0.71,0.855
-1.307,-0.246
1.788,3.377
1.861,-0.101
-2.812,-0.853
-0.007,-1.61
-0.151,-1.508
-0.154,-3.571
-0.745,-3.491
-0.994,-3.555
-1.068,-3.628
-1.471,-3.512
-1.964,-3.45
2.768,-3.483
1.708,-3.722
1.637,-3.616
1.747,-3.74
1.201,-3.671
1.283,-3.338
1.187,-3.378
0.974,-3.647
0.404,-3.518
0.128,-3.784
-0.511,0.903
-0.509,0.972
-0.735,0.952
-1.943,0.97
-2.796,0.95
3.033,0.966
2.782,0.956
2.226,0.778
2.196,0.841
2.095,0.922
1.026,0.956
0.834,0.889
-1.153,0.223
-1.461,-1.698
-1.73,-1.679
-2.377,-1.707
2.342,-0.332
2.219,-1.568
2.03,-2.292
1.654,-1.535
1.695,-1.389
1.609,-1.645
0.118,-3.25
-0.738,-0.35
-1.108,-2.828
-2.71,-1.786
2.144,-0.913
1.957,0.222
1.457,-2.603
1.162,-0.919
-1.449,-0.621
-1.725,-1.987
1.665,-0.551
1.462,-2.933
1.364,-0.508
0.722,-2.074
-1.295,-3.175
1.8,0.448
1.873,-3.03
-2.8,-3.782
-0.144,0.102
-0.147,-1.961
-0.738,-1.881
-0.987,-1.945
-1.061,-2.018
-1.464,-1.902
-1.957,-1.84
2.775,-1.873
1.715,-2.112
1.644,-2.006
1.754,-2.13
1.208,-2.061
1.29,-1.728
1.194,-1.768
0.981,-2.037
0.411,-1.908
0.135,-2.174
-0.504,2.513
-0.502,2.582
-0.728,2.562
-1.936,2.58
-2.789,2.56
3.04,2.576
2.789,2.566
2.233,2.388
2.203,2.451
2.102,2.532
1.033,2.566
0.841,2.499
-1.146,1.833
-1.454,-0.088
-1.723,-0.069
-2.37,-0.097
2.349,1.278
2.226,0.042
2.037,-0.682
1.661,0.075
1.702,0.221
1.616,-0.035
0.125,-1.64
-0.731,1.26
-1.101,-1.218
-2.703,-0.176
2.151,0.697
1.964,1.832
1.464,-0.993
1.169,0.691
-1.442,0.989
-1.718,-0.377
1.672,1.059
1.469,-1.323
1.371,1.102
0.729,-0.464
-1.288,-1.565
1.807,2.058
1.88,-1.42
-2.793,-2.172
-0.003,-2.063
-0.594,-1.983
-0.843,-2.047
-0.917,-2.12
-1.32,-2.004
-1.813,-1.942
2.919,-1.975
1.859,-2.214
1.788,-2.108
1.898,-2.232
1.352,-2.163
1.434,-1.83
1.338,-1.87
1.125,-2.139
0.555,-2.01
0.279,-2.276
-0.36,2.411
-0.358,2.48
-0.584,2.46
-1.792,2.478
-2.645,2.458
-3.099,2.474
2.933,2.464
2.377,2.286
2.347,2.349
2.246,2.43
1.177,2.464
0.985,2.397
-1.002,1.731
-1.31,-0.19
-1.579,-0.171
-2.226,-0.199
2.493,1.176
2.37,-0.06
2.181,-0.784
1.805,-0.027
1.846,0.119
1.76,-0.137
0.269,-1.742
-0.587,1.158
-0.957,-1.32
-2.559,-0.278
2.295,0.595
2.108,1.73
1.608,-1.095
1.313,0.589
-1.298,0.887
-1.574,-0.479
1.816,0.957
1.613,-1.425
1.515,1.0
0.873,-0.566
-1.144,-1.667
1.951,1.956
2.024,-1.522
-2.649,-2.274
-0.591,0.08
-0.84,0.016
-0.914,-0.057
-1.317,0.059
-1.81,0.121
2.922,0.088
1.862,-0.151
1.791,-0.045
1.901,-0.169
1.355,-0.1
1.437,0.233
1.341,0.193
1.128,-0.076
0.558,0.053
0.282,-0.213
-0.357,4.474
-0.355,4.543
-0.581,4.523
-1.789,4.541
-2.642,4.521
-3.096,4.537
2.936,4.527
2.38,4.349
2.35,4.412
2.249,4.493
1.18,4.527
0.988,4.46
-0.999,3.794
-1.307,1.873
-1.576,1.892
-2.223,1.864
2.496,3.239
2.373,2.003
2.184,1.279
1.808,2.036
1.849,2.182
1.763,1.926
0.272,0.321
-0.584,3.221
-0.954,0.743
-2.556,1.785
2.298,2.658
2.111,3.793
1.611,0.968
1.316,2.652
-1.295,2.95
-1.571,1.584
1.819,3.02
1.616,0.638
1.518,3.063
0.876,1.497
-1.141,0.396
1.954,4.019
2.027,0.541
-2.646,-0.211
-0.249,-0.064
-0.323,-0.137
-0.726,-0.021
-1.219,0.041
-2.77,0.008
2.453,-0.231
2.382,-0.125
2.492,-0.249
1.946,-0.18
2.028,0.153
1.932,0.113
1.719,-0.156
1.149,-0.027
0.873,-0.293
0.234,4.394
0.236,4.463
0.01,4.443
-1.198,4.461
-2.051,4.441
-2.505,4.457
-2.756,4.447
2.971,4.269
2.941,4.332
2.84,4.413
1.771,4.447
1.579,4.38
-0.408,3.714
-0.716,1.793
-0.985,1.812
-1.632,1.784
3.087,3.159
2.964,1.923
2.775,1.199
2.399,1.956
2.44,2.102
2.354,1.846
0.863,0.241
0.007,3.141
-0.363,0.663
-1.965,1.705
2.889,2.578
2.702,3.713
2.202,0.888
1.907,2.572
-0.704,2.87
-0.98,1.504
2.41,2.94
2.207,0.558
2.109,2.983
1.467,1.417
-0.55,0.316
2.545,3.939
2.618,0.461
-2.055,-0.291
-0.074,-0.073
-0.477,0.043
-0.97,0.105
-2.521,0.072
2.702,-0.167
2.631,-0.061
2.741,-0.185
2.195,-0.116
2.277,0.217
2.181,0.177
1.968,-0.092
1.398,0.037
1.122,-0.229
0.483,4.458
0.485,4.527
0.259,4.507
-0.949,4.525
-1.802,4.505
-2.256,4.521
-2.507,4.511
-3.063,4.333
-3.093,4.396
3.089,4.477
2.02,4.511
1.828,4.444
-0.159,3.778
-0.467,1.857
-0.736,1.876
-1.383,1.848
-2.947,3.223
-3.07,1.987
3.024,1.263
2.648,2.02
2.689,2.166
2.603,1.91
1.112,0.305
0.256,3.205
-0.114,0.727
-1.716,1.769
3.138,2.642
2.951,3.777
2.451,0.952
2.156,2.636
-0.455,2.934
-0.731,1.568
2.659,3.004
2.456,0.622
2.358,3.047
1.716,1.481
-0.301,0.38
2.794,4.003
2.867,0.525
-1.806,-0.227
-0.403,0.116
-0.896,0.178
-2.447,0.145
2.776,-0.094
2.705,0.012
2.815,-0.112
2.269,-0.043
2.351,0.29
2.255,0.25
2.042,-0.019
1.472,0.11
1.196,-0.156
0.557,4.531
0.559,4.6
0.333,4.58
-0.875,4.598
-1.728,4.578
-2.182,4.594
-2.433,4.584
-2.989,4.406
-3.019,4.469
-3.12,4.55
2.094,4.584
1.902,4.517
-0.085,3.851
-0.393,1.93
-0.662,1.949
-1.309,1.921
-2.873,3.296
-2.996,2.06
3.098,1.336
2.722,2.093
2.763,2.239
2.677,1.983
1.186,0.378
0.33,3.278
-0.04,0.8
-1.642,1.842
-3.071,2.715
3.025,3.85
2.525,1.025
2.23,2.709
-0.381,3.007
-0.657,1.641
2.733,3.077
2.53,0.695
2.432,3.12
1.79,1.554
-0.227,0.453
2.868,4.076
2.941,0.598
-1.732,-0.154
-0.493,0.062
-2.044,0.029
-3.104,-0.21
3.108,-0.104
-3.065,-0.228
2.672,-0.159
2.754,0.174
2.658,0.134
2.445,-0.135
1.875,-0.006
1.599,-0.272
0.96,4.415
0.962,4.484
0.736,4.464
-0.472,4.482
-1.325,4.462
-1.779,4.478
-2.03,4.468
-2.586,4.29
-2.616,4.353
-2.717,4.434
2.497,4.468
2.305,4.401
0.318,3.735
0.01,1.814
-0.259,1.833
-0.906,1.805
-2.47,3.18
-2.593,1.944
-2.782,1.22
3.125,1.977
-3.117,2.123
3.08,1.867
1.589,0.262
0.733,3.162
0.363,0.684
-1.239,1.726
-2.668,2.599
-2.855,3.734
2.928,0.909
2.633,2.593
0.022,2.891
-0.254,1.525
3.136,2.961
2.933,0.579
2.835,3.004
2.193,1.438
0.176,0.337
-3.012,3.96
-2.939,0.482
-1.329,-0.27
-1.551,-0.033
-2.611,-0.272
-2.682,-0.166
-2.572,-0.29
-3.118,-0.221
-3.036,0.112
-3.132,0.072
2.938,-0.197
2.368,-0.068
2.092,-0.334
1.453,4.353
1.455,4.422
1.229,4.402
0.021,4.42
-0.832,4.4
-1.286,4.416
-1.537,4.406
-2.093,4.228
-2.123,4.291
-2.224,4.372
2.99,4.406
2.798,4.339
0.811,3.673
0.503,1.752
0.234,1.771
-0.413,1.743
-1.977,3.118
-2.1,1.882
-2.289,1.158
-2.665,1.915
-2.624,2.061
-2.71,1.805
2.082,0.2
1.226,3.1
0.856,0.622
-0.746,1.664
-2.175,2.537
-2.362,3.672
-2.862,0.847
3.126,2.531
0.515,2.829
0.239,1.463
-2.654,2.899
-2.857,0.517
-2.955,2.942
2.686,1.376
0.669,0.275
-2.519,3.898
-2.446,0.42
-0.836,-0.332
-1.06,-0.239
-1.131,-0.133
-1.021,-0.257
-1.567,-0.188
-1.485,0.145
-1.581,0.105
-1.794,-0.164
-2.364,-0.035
-2.64,-0.301
3.004,4.386
3.006,4.455
2.78,4.435
1.572,4.453
0.719,4.433
0.265,4.449
0.014,4.439
-0.542,4.261
-0.572,4.324
-0.673,4.405
-1.742,4.439
-1.934,4.372
2.362,3.706
2.054,1.785
1.785,1.804
1.138,1.776
-0.426,3.151
-0.549,1.915
-0.738,1.191
-1.114,1.948
-1.073,2.094
-1.159,1.838
-2.65,0.233
2.777,3.133
2.407,0.655
0.805,1.697
-0.624,2.57
-0.811,3.705
-1.311,0.88
-1.606,2.564
2.066,2.862
1.79,1.496
-1.103,2.932
-1.306,0.55
-1.404,2.975
-2.046,1.409
2.22,0.308
-0.968,3.931
-0.895,0.453
0.715,-0.299
-0.071,0.106
0.039,-0.018
-0.507,0.051
-0.425,0.384
-0.521,0.344
-0.734,0.075
-1.304,0.204
-1.58,-0.062
-2.219,4.625
-2.217,4.694
-2.443,4.674
2.632,4.692
1.779,4.672
1.325,4.688
1.074,4.678
0.518,4.5
0.488,4.563
0.387,4.644
-0.682,4.678
-0.874,4.611
-2.861,3.945
3.114,2.024
2.845,2.043
2.198,2.015
0.634,3.39
0.511,2.154
0.322,1.43
-0.054,2.187
-0.013,2.333
-0.099,2.077
-1.59,0.472
-2.446,3.372
-2.816,0.894
1.865,1.936
0.436,2.809
0.249,3.944
-0.251,1.119
-0.546,2.803
3.126,3.101
2.85,1.735
-0.043,3.171
-0.246,0.789
-0.344,3.214
-0.986,1.648
-3.003,0.547
0.092,4.17
0.165,0.692
1.775,-0.06
0.11,-0.124
-0.436,-0.055
-0.354,0.278
-0.45,0.238
-0.663,-0.031
-1.233,0.098
-1.509,-0.168
-2.148,4.519
-2.146,4.588
-2.372,4.568
2.703,4.586
1.85,4.566
1.396,4.582
1.145,4.572
0.589,4.394
0.559,4.457
0.458,4.538
-0.611,4.572
-0.803,4.505
-2.79,3.839
-3.098,1.918
2.916,1.937
2.269,1.909
0.705,3.284
0.582,2.048
0.393,1.324
0.017,2.081
0.058,2.227
-0.028,1.971
-1.519,0.366
-2.375,3.266
-2.745,0.788
1.936,1.83
0.507,2.703
0.32,3.838
-0.18,1.013
-0.475,2.697
-3.086,2.995
2.921,1.629
0.028,3.065
-0.175,0.683
-0.273,3.108
-0.915,1.542
-2.932,0.441
0.163,4.064
0.236,0.586
1.846,-0.166
-0.546,0.069
-0.464,0.402
-0.56,0.362
-0.773,0.093
-1.343,0.222
-1.619,-0.044
-2.258,4.643
-2.256,4.712
-2.482,4.692
2.593,4.71
1.74,4.69
1.286,4.706
1.035,4.696
0.479,4.518
0.449,4.581
0.348,4.662
-0.721,4.696
-0.913,4.629
-2.9,3.963
3.075,2.042
2.806,2.061
2.159,2.033
0.595,3.408
0.472,2.172
0.283,1.448
-0.093,2.205
-0.052,2.351
-0.138,2.095
-1.629,0.49
-2.485,3.39
-2.855,0.912
1.826,1.954
0.397,2.827
0.21,3.962
-0.29,1.137
-0.585,2.821
3.087,3.119
2.811,1.753
-0.082,3.189
-0.285,0.807
-0.383,3.232
-1.025,1.666
-3.042,0.565
0.053,4.188
0.126,0.71
1.736,-0.042
0.082,0.333
-0.014,0.293
-0.227,0.024
-0.797,0.153
-1.073,-0.113
-1.712,4.574
-1.71,4.643
-1.936,4.623
3.139,4.641
2.286,4.621
1.832,4.637
1.581,4.627
1.025,4.449
0.995,4.512
0.894,4.593
-0.175,4.627
-0.367,4.56
-2.354,3.894
-2.662,1.973
-2.931,1.992
2.705,1.964
1.141,3.339
1.018,2.103
0.829,1.379
0.453,2.136
0.494,2.282
0.408,2.026
-1.083,0.421
-1.939,3.321
-2.309,0.843
2.372,1.885
0.943,2.758
0.756,3.893
0.256,1.068
-0.039,2.752
-2.65,3.05
-2.926,1.684
0.464,3.12
0.261,0.738
0.163,3.163
-0.479,1.597
-2.496,0.496
0.599,4.119
0.672,0.641
2.282,-0.111
-0.096,-0.04
-0.309,-0.309
-0.879,-0.18
-1.155,-0.446
-1.794,4.241
-1.792,4.31
-2.018,4.29
3.057,4.308
2.204,4.288
1.75,4.304
1.499,4.294
0.943,4.116
0.913,4.179
0.812,4.26
-0.257,4.294
-0.449,4.227
-2.436,3.561
-2.744,1.64
-3.013,1.659
2.623,1.631
1.059,3.006
0.936,1.77
0.747,1.046
0.371,1.803
0.412,1.949
0.326,1.693
-1.165,0.088
-2.021,2.988
-2.391,0.51
2.29,1.552
0.861,2.425
0.674,3.56
0.174,0.735
-0.121,2.419
-2.732,2.717
-3.008,1.351
0.382,2.787
0.179,0.405
0.081,2.83
-0.561,1.264
-2.578,0.163
0.517,3.786
0.59,0.308
2.2,-0.444
-0.213,-0.269
-0.783,-0.14
-1.059,-0.406
-1.698,4.281
-1.696,4.35
-1.922,4.33
-3.13,4.348
2.3,4.328
1.846,4.344
1.595,4.334
1.039,4.156
1.009,4.219
0.908,4.3
-0.161,4.334
-0.353,4.267
-2.34,3.601
-2.648,1.68
-2.917,1.699
2.719,1.671
1.155,3.046
1.032,1.81
0.843,1.086
0.467,1.843
0.508,1.989
0.422,1.733
-1.069,0.128
-1.925,3.028
-2.295,0.55
2.386,1.592
0.957,2.465
0.77,3.6
0.27,0.775
-0.025,2.459
-2.636,2.757
-2.912,1.391
0.478,2.827
0.275,0.445
0.177,2.87
-0.465,1.304
-2.482,0.203
0.613,3.826
0.686,0.348
2.296,-0.404
-0.57,0.129
-0.846,-0.137
-1.485,4.55
-1.483,4.619
-1.709,4.599
-2.917,4.617
2.513,4.597
2.059,4.613
1.808,4.603
1.252,4.425
1.222,4.488
1.121,4.569
0.052,4.603
-0.14,4.536
-2.127,3.87
-2.435,1.949
-2.704,1.968
2.932,1.94
1.368,3.315
1.245,2.079
1.056,1.355
0.68,2.112
0.721,2.258
0.635,2.002
-0.856,0.397
-1.712,3.297
-2.082,0.819
2.599,1.861
1.17,2.734
0.983,3.869
0.483,1.044
0.188,2.728
-2.423,3.026
-2.699,1.66
0.691,3.096
0.488,0.714
0.39,3.139
-0.252,1.573
-2.269,0.472
0.826,4.095
0.899,0.617
2.509,-0.135
-0.276,-0.266
-0.915,4.421
-0.913,4.49
-1.139,4.47
-2.347,4.488
3.083,4.468
2.629,4.484
2.378,4.474
1.822,4.296
1.792,4.359
1.691,4.44
0.622,4.474
0.43,4.407
-1.557,3.741
-1.865,1.82
-2.134,1.839
-2.781,1.811
1.938,3.186
1.815,1.95
1.626,1.226
1.25,1.983
1.291,2.129
1.205,1.873
-0.286,0.268
-1.142,3.168
-1.512,0.69
-3.114,1.732
1.74,2.605
1.553,3.74
1.053,0.915
0.758,2.599
-1.853,2.897
-2.129,1.531
1.261,2.967
1.058,0.585
0.96,3.01
0.318,1.444
-1.699,0.343
1.396,3.966
1.469,0.488
3.079,-0.264
-0.639,4.687
-0.637,4.756
-0.863,4.736
-2.071,4.754
-2.924,4.734
2.905,4.75
2.654,4.74
2.098,4.562
2.068,4.625
1.967,4.706
0.898,4.74
0.706,4.673
-1.281,4.007
-1.589,2.086
-1.858,2.105
-2.505,2.077
2.214,3.452
2.091,2.216
1.902,1.492
1.526,2.249
1.567,2.395
1.481,2.139
-0.01,0.534
-0.866,3.434
-1.236,0.956
-2.838,1.998
2.016,2.871
1.829,4.006
1.329,1.181
1.034,2.865
-1.577,3.163
-1.853,1.797
1.537,3.233
1.334,0.851
1.236,3.276
0.594,1.71
-1.423,0.609
1.672,4.232
1.745,0.754
-2.928,0.002
0.002,0.069
-0.224,0.049
-1.432,0.067
-2.285,0.047
-2.739,0.063
-2.99,0.053
2.737,-0.125
2.707,-0.062
2.606,0.019
1.537,0.053
1.345,-0.014
-0.642,-0.68
-0.95,-2.601
-1.219,-2.582
-1.866,-2.61
2.853,-1.235
2.73,-2.471
2.541,-3.195
2.165,-2.438
2.206,-2.292
2.12,-2.548
0.629,-4.153
-0.227,-1.253
-0.597,-3.731
-2.199,-2.689
2.655,-1.816
2.468,-0.681
1.968,-3.506
1.673,-1.822
-0.938,-1.524
-1.214,-2.89
2.176,-1.454
1.973,-3.836
1.875,-1.411
1.233,-2.977
-0.784,-4.078
2.311,-0.455
2.384,-3.933
-2.289,-4.685
-0.226,-0.02
-1.434,-0.002
-2.287,-0.022
-2.741,-0.006
-2.992,-0.016
2.735,-0.194
2.705,-0.131
2.604,-0.05
1.535,-0.016
1.343,-0.083
-0.644,-0.749
-0.952,-2.67
-1.221,-2.651
-1.868,-2.679
2.851,-1.304
2.728,-2.54
2.539,-3.264
2.163,-2.507
2.204,-2.361
2.118,-2.617
0.627,-4.222
-0.229,-1.322
-0.599,-3.8
-2.201,-2.758
2.653,-1.885
2.466,-0.75
1.966,-3.575
1.671,-1.891
-0.94,-1.593
-1.216,-2.959
2.174,-1.523
1.971,-3.905
1.873,-1.48
1.231,-3.046
-0.786,-4.147
2.309,-0.524
2.382,-4.002
-2.291,-4.754
-1.208,0.018
-2.061,-0.002
-2.515,0.014
-2.766,0.004
2.961,-0.174
2.931,-0.111
2.83,-0.03
1.761,0.004
1.569,-0.063
-0.418,-0.729
-0.726,-2.65
-0.995,-2.631
-1.642,-2.659
3.077,-1.284
2.954,-2.52
2.765,-3.244
2.389,-2.487
2.43,-2.341
2.344,-2.597
0.853,-4.202
-0.003,-1.302
-0.373,-3.78
-1.975,-2.738
2.879,-1.865
2.692,-0.73
2.192,-3.555
1.897,-1.871
-0.714,-1.573
-0.99,-2.939
2.4,-1.503
2.197,-3.885
2.099,-1.46
1.457,-3.026
-0.56,-4.127
2.535,-0.504
2.608,-3.982
-2.065,-4.734
-0.853,-0.02
-1.307,-0.004
-1.558,-0.014
-2.114,-0.192
-2.144,-0.129
-2.245,-0.048
2.969,-0.014
2.777,-0.081
0.79,-0.747
0.482,-2.668
0.213,-2.649
-0.434,-2.677
-1.998,-1.302
-2.121,-2.538
-2.31,-3.262
-2.686,-2.505
-2.645,-2.359
-2.731,-2.615
2.061,-4.22
1.205,-1.32
0.835,-3.798
-0.767,-2.756
-2.196,-1.883
-2.383,-0.748
-2.883,-3.573
3.105,-1.889
0.494,-1.591
0.218,-2.957
-2.675,-1.521
-2.878,-3.903
-2.976,-1.478
2.665,-3.044
0.648,-4.145
-2.54,-0.522
-2.467,-4.0
-0.857,-4.752
-0.454,0.016
-0.705,0.006
-1.261,-0.172
-1.291,-0.109
-1.392,-0.028
-2.461,0.006
-2.653,-0.061
1.643,-0.727
1.335,-2.648
1.066,-2.629
0.419,-2.657
-1.145,-1.282
-1.268,-2.518
-1.457,-3.242
-1.833,-2.485
-1.792,-2.339
-1.878,-2.595
2.914,-4.2
2.058,-1.3
1.688,-3.778
0.086,-2.736
-1.343,-1.863
-1.53,-0.728
-2.03,-3.553
-2.325,-1.869
1.347,-1.571
1.071,-2.937
-1.822,-1.501
-2.025,-3.883
-2.123,-1.458
-2.765,-3.024
1.501,-4.125
-1.687,-0.502
-1.614,-3.98
-0.004,-4.732
-0.251,-0.01
-0.807,-0.188
-0.837,-0.125
-0.938,-0.044
-2.007,-0.01
-2.199,-0.077
2.097,-0.743
1.789,-2.664
1.52,-2.645
0.873,-2.673
-0.691,-1.298
-0.814,-2.534
-1.003,-3.258
-1.379,-2.501
-1.338,-2.355
-1.424,-2.611
-2.915,-4.216
2.512,-1.316
2.142,-3.794
0.54,-2.752
-0.889,-1.879
-1.076,-0.744
-1.576,-3.569
-1.871,-1.885
1.801,-1.587
1.525,-2.953
-1.368,-1.517
-1.571,-3.899
-1.669,-1.474
-2.311,-3.04
1.955,-4.141
-1.233,-0.518
-1.16,-3.996
0.45,-4.748
-0.556,-0.178
-0.586,-0.115
-0.687,-0.034
-1.756,0.0
-1.948,-0.067
2.348,-0.733
2.04,-2.654
1.771,-2.635
1.124,-2.663
-0.44,-1.288
-0.563,-2.524
-0.752,-3.248
-1.128,-2.491
-1.087,-2.345
-1.173,-2.601
-2.664,-4.206
2.763,-1.306
2.393,-3.784
0.791,-2.742
-0.638,-1.869
-0.825,-0.734
-1.325,-3.559
-1.62,-1.875
2.052,-1.577
1.776,-2.943
-1.117,-1.507
-1.32,-3.889
-1.418,-1.464
-2.06,-3.03
2.206,-4.131
-0.982,-0.508
-0.909,-3.986
0.701,-4.738
-0.03,0.063
-0.131,0.144
-1.2,0.178
-1.392,0.111
2.904,-0.555
2.596,-2.476
2.327,-2.457
1.68,-2.485
0.116,-1.11
-0.007,-2.346
-0.196,-3.07
-0.572,-2.313
-0.531,-2.167
-0.617,-2.423
-2.108,-4.028
-2.964,-1.128
2.949,-3.606
1.347,-2.564
-0.082,-1.691
-0.269,-0.556
-0.769,-3.381
-1.064,-1.697
2.608,-1.399
2.332,-2.765
-0.561,-1.329
-0.764,-3.711
-0.862,-1.286
-1.504,-2.852
2.762,-3.953
-0.426,-0.33
-0.353,-3.808
1.257,-4.56
-0.101,0.081
-1.17,0.115
-1.362,0.048
2.934,-0.618
2.626,-2.539
2.357,-2.52
1.71,-2.548
0.146,-1.173
0.023,-2.409
-0.166,-3.133
-0.542,-2.376
-0.501,-2.23
-0.587,-2.486
-2.078,-4.091
-2.934,-1.191
2.979,-3.669
1.377,-2.627
-0.052,-1.754
-0.239,-0.619
-0.739,-3.444
-1.034,-1.76
2.638,-1.462
2.362,-2.828
-0.531,-1.392
-0.734,-3.774
-0.832,-1.349
-1.474,-2.915
2.792,-4.016
-0.396,-0.393
-0.323,-3.871
1.287,-4.623
-1.069,0.034
-1.261,-0.033
3.035,-0.699
2.727,-2.62
2.458,-2.601
1.811,-2.629
0.247,-1.254
0.124,-2.49
-0.065,-3.214
-0.441,-2.457
-0.4,-2.311
-0.486,-2.567
-1.977,-4.172
-2.833,-1.272
3.08,-3.75
1.478,-2.708
0.049,-1.835
-0.138,-0.7
-0.638,-3.525
-0.933,-1.841
2.739,-1.543
2.463,-2.909
-0.43,-1.473
-0.633,-3.855
-0.731,-1.43
-1.373,-2.996
2.893,-4.097
-0.295,-0.474
-0.222,-3.952
1.388,-4.704
-0.192,-0.067
-2.179,-0.733
-2.487,-2.654
-2.756,-2.635
2.88,-2.663
1.316,-1.288
1.193,-2.524
1.004,-3.248
0.628,-2.491
0.669,-2.345
0.583,-2.601
-0.908,-4.206
-1.764,-1.306
-2.134,-3.784
2.547,-2.742
1.118,-1.869
0.931,-0.734
0.431,-3.559
0.136,-1.875
-2.475,-1.577
-2.751,-2.943
0.639,-1.507
0.436,-3.889
0.338,-1.464
-0.304,-3.03
-2.321,-4.131
0.774,-0.508
0.847,-3.986
2.457,-4.738
-1.987,-0.666
-2.295,-2.587
-2.564,-2.568
3.072,-2.596
1.508,-1.221
1.385,-2.457
1.196,-3.181
0.82,-2.424
0.861,-2.278
0.775,-2.534
-0.716,-4.139
-1.572,-1.239
-1.942,-3.717
2.739,-2.675
1.31,-1.802
1.123,-0.667
0.623,-3.492
0.328,-1.808
-2.283,-1.51
-2.559,-2.876
0.831,-1.44
0.628,-3.822
0.53,-1.397
-0.112,-2.963
-2.129,-4.064
0.966,-0.441
1.039,-3.919
2.649,-4.671
-0.308,-1.921
-0.577,-1.902
-1.224,-1.93
-2.788,-0.555
-2.911,-1.791
-3.1,-2.515
2.807,-1.758
2.848,-1.612
2.762,-1.868
1.271,-3.473
0.415,-0.573
0.045,-3.051
-1.557,-2.009
-2.986,-1.136
3.11,-0.001
2.61,-2.826
2.315,-1.142
-0.296,-0.844
-0.572,-2.21
2.818,-0.774
2.615,-3.156
2.517,-0.731
1.875,-2.297
-0.142,-3.398
2.953,0.225
3.026,-3.253
-1.647,-4.005
-0.269,0.019
-0.916,-0.009
-2.48,1.366
-2.603,0.13
-2.792,-0.594
3.115,0.163
-3.127,0.309
3.07,0.053
1.579,-1.552
0.723,1.348
0.353,-1.13
-1.249,-0.088
-2.678,0.785
-2.865,1.92
2.918,-0.905
2.623,0.779
0.012,1.077
-0.264,-0.289
3.126,1.147
2.923,-1.235
2.825,1.19
2.183,-0.376
0.166,-1.477
-3.022,2.146
-2.949,-1.332
-1.339,-2.084
-0.647,-0.028
-2.211,1.347
-2.334,0.111
-2.523,-0.613
-2.899,0.144
-2.858,0.29
-2.944,0.034
1.848,-1.571
0.992,1.329
0.622,-1.149
-0.98,-0.107
-2.409,0.766
-2.596,1.901
-3.096,-0.924
2.892,0.76
0.281,1.058
0.005,-0.308
-2.888,1.128
-3.091,-1.254
3.094,1.171
2.452,-0.395
0.435,-1.496
-2.753,2.127
-2.68,-1.351
-1.07,-2.103
-1.564,1.375
-1.687,0.139
-1.876,-0.585
-2.252,0.172
-2.211,0.318
-2.297,0.062
2.495,-1.543
1.639,1.357
1.269,-1.121
-0.333,-0.079
-1.762,0.794
-1.949,1.929
-2.449,-0.896
-2.744,0.788
0.928,1.086
0.652,-0.28
-2.241,1.156
-2.444,-1.226
-2.542,1.199
3.099,-0.367
1.082,-1.468
-2.106,2.155
-2.033,-1.323
-0.423,-2.075
-0.123,-1.236
-0.312,-1.96
-0.688,-1.203
-0.647,-1.057
-0.733,-1.313
-2.224,-2.918
-3.08,-0.018
2.833,-2.496
1.231,-1.454
-0.198,-0.581
-0.385,0.554
-0.885,-2.271
-1.18,-0.587
2.492,-0.289
2.216,-1.655
-0.677,-0.219
-0.88,-2.601
-0.978,-0.176
-1.62,-1.742
2.646,-2.843
-0.542,0.78
-0.469,-2.698
1.141,-3.45
-0.189,-0.724
-0.565,0.033
-0.524,0.179
-0.61,-0.077
-2.101,-1.682
-2.957,1.218
2.956,-1.26
1.354,-0.218
-0.075,0.655
-0.262,1.79
-0.762,-1.035
-1.057,0.649
2.615,0.947
2.339,-0.419
-0.554,1.017
-0.757,-1.365
-0.855,1.06
-1.497,-0.506
2.769,-1.607
-0.419,2.016
-0.346,-1.462
1.264,-2.214
-0.376,0.757
-0.335,0.903
-0.421,0.647
-1.912,-0.958
-2.768,1.942
-3.138,-0.536
1.543,0.506
0.114,1.379
-0.073,2.514
-0.573,-0.311
-0.868,1.373
2.804,1.671
2.528,0.305
-0.365,1.741
-0.568,-0.641
-0.666,1.784
-1.308,0.218
2.958,-0.883
-0.23,2.74
-0.157,-0.738
1.453,-1.49
0.041,0.146
-0.045,-0.11
-1.536,-1.715
-2.392,1.185
-2.762,-1.293
1.919,-0.251
0.49,0.622
0.303,1.757
-0.197,-1.068
-0.492,0.616
-3.103,0.914
2.904,-0.452
0.011,0.984
-0.192,-1.398
-0.29,1.027
-0.932,-0.539
-2.949,-1.64
0.146,1.983
0.219,-1.495
1.829,-2.247
-0.086,-0.256
-1.577,-1.861
-2.433,1.039
-2.803,-1.439
1.878,-0.397
0.449,0.476
0.262,1.611
-0.238,-1.214
-0.533,0.47
3.139,0.768
2.863,-0.598
-0.03,0.838
-0.233,-1.544
-0.331,0.881
-0.973,-0.685
-2.99,-1.786
0.105,1.837
0.178,-1.641
1.788,-2.393
-1.491,-1.605
-2.347,1.295
-2.717,-1.183
1.964,-0.141
0.535,0.732
0.348,1.867
-0.152,-0.958
-0.447,0.726
-3.058,1.024
2.949,-0.342
0.056,1.094
-0.147,-1.288
-0.245,1.137
-0.887,-0.429
-2.904,-1.53
0.191,2.093
0.264,-1.385
1.874,-2.137
-0.856,2.9
-1.226,0.422
-2.828,1.464
2.026,2.337
1.839,3.472
1.339,0.647
1.044,2.331
-1.567,2.629
-1.843,1.263
1.547,2.699
1.344,0.317
1.246,2.742
0.604,1.176
-1.413,0.075
1.682,3.698
1.755,0.22
-2.918,-0.532
-0.37,-2.478
-1.972,-1.436
2.882,-0.563
2.695,0.572
2.195,-2.253
1.9,-0.569
-0.711,-0.271
-0.987,-1.637
2.403,-0.201
2.2,-2.583
2.102,-0.158
1.46,-1.724
-0.557,-2.825
2.538,0.798
2.611,-2.68
-2.062,-3.432
-1.602,1.042
-3.031,1.915
3.065,3.05
2.565,0.225
2.27,1.909
-0.341,2.207
-0.617,0.841
2.773,2.277
2.57,-0.105
2.472,2.32
1.83,0.754
-0.187,-0.347
2.908,3.276
2.981,-0.202
-1.692,-0.954
-1.429,0.873
-1.616,2.008
-2.116,-0.817
-2.411,0.867
1.261,1.165
0.985,-0.201
-1.908,1.235
-2.111,-1.147
-2.209,1.278
-2.851,-0.288
1.415,-1.389
-1.773,2.234
-1.7,-1.244
-0.09,-1.996
-0.187,1.135
-0.687,-1.69
-0.982,-0.006
2.69,0.292
2.414,-1.074
-0.479,0.362
-0.682,-2.02
-0.78,0.405
-1.422,-1.161
2.844,-2.262
-0.344,1.361
-0.271,-2.117
1.339,-2.869
-0.5,-2.825
-0.795,-1.141
2.877,-0.843
2.601,-2.209
-0.292,-0.773
-0.495,-3.155
-0.593,-0.73
-1.235,-2.296
3.031,-3.397
-0.157,0.226
-0.084,-3.252
1.526,-4.004
-0.295,1.684
-2.906,1.982
3.101,0.616
0.208,2.052
0.005,-0.33
-0.093,2.095
-0.735,0.529
-2.752,-0.572
0.343,3.051
0.416,-0.427
2.026,-1.179
-2.611,0.298
-2.887,-1.068
0.503,0.368
0.3,-2.014
0.202,0.411
-0.44,-1.155
-2.457,-2.256
0.638,1.367
0.711,-2.111
2.321,-2.863
-0.276,-1.366
3.114,0.07
2.911,-2.312
2.813,0.113
2.171,-1.453
0.154,-2.554
-3.034,1.069
-2.961,-2.409
-1.351,-3.161
-2.893,1.436
-3.096,-0.946
3.089,1.479
2.447,-0.087
0.43,-1.188
-2.758,2.435
-2.685,-1.043
-1.075,-1.795
-0.203,-2.382
-0.301,0.043
-0.943,-1.523
-2.96,-2.624
0.135,0.999
0.208,-2.479
1.818,-3.231
-0.098,2.425
-0.74,0.859
-2.757,-0.242
0.338,3.381
0.411,-0.097
2.021,-0.849
-0.642,-1.566
-2.659,-2.667
0.436,0.956
0.509,-2.522
2.119,-3.274
-2.017,-1.101
1.078,2.522
1.151,-0.956
2.761,-1.708
3.095,3.623
-3.115,0.145
-1.505,-0.607
0.073,-3.478
1.683,-4.23
1.61,-0.752
