-0.129,-1.524
-0.272,-1.002
-0.269,0.198
-0.303,-0.029
-0.342,-0.055
-0.44,-0.271
-0.465,-1.726
-0.528,-0.487
-0.606,-0.511
-0.779,-2.505
-0.896,-2.65
-1.033,1.076
-0.995,-1.518
-1.179,-0.519
-1.242,-0.266
-1.27,-2.667
-1.285,-1.193
-1.365,-1.139
-1.462,-0.15
-1.393,-1.622
-1.452,-2.034
-1.672,-1.77
-1.591,-0.18
-1.651,-1.388
-1.729,0.942
-1.886,-0.957
-1.823,-2.093
-1.993,0.977
-2.023,-2.339
-2.04,0.182
-2.1,-0.929
-2.051,0.027
-2.17,-0.727
-2.124,-1.476
-2.122,-2.451
-2.213,-1.848
-2.209,0.299
-2.2,-2.015
-2.242,0.895
-2.251,-0.649
-2.366,-0.55
-2.405,-0.354
-2.428,-1.789
-2.477,-0.2
-2.522,-1.004
-2.542,-1.123
-2.558,-1.047
-2.515,-0.596
-2.537,-0.563
-2.587,-0.197
-2.605,-2.24
-2.738,0.739
-2.804,-1.182
-2.808,-2.372
-2.923,-2.081
-2.943,-0.83
-2.992,-1.04
-3.136,-1.897
3.099,-2.727
3.071,0.341
2.982,-1.975
3.022,-2.606
2.681,0.247
2.757,-0.168
2.619,-1.975
2.508,-1.964
2.549,-0.662
2.506,-0.507
2.208,-2.046
2.249,0.223
2.128,0.162
2.099,-1.726
2.122,-0.839
2.089,-1.213
1.987,-2.289
1.995,0.709
1.911,-2.474
1.803,-1.703
1.76,-0.561
1.654,-1.602
1.613,0.193
1.571,-0.409
1.507,-0.439
1.3,-1.847
1.318,-0.093
1.302,-1.839
1.172,-0.526
0.976,-1.589
0.99,-0.478
0.996,-0.895
0.928,-0.024
0.95,-1.694
0.836,-0.132
0.8,-2.352
0.46,-2.598
0.387,-0.966
0.15,-0.538
0.094,1.054
0.106,-0.026
0.032,-1.348
0.014,-0.991
-0.022,-2.313
-0.013,-2.871
-0.57,-2.696
-0.762,-2.898
-1.064,-2.748
-1.727,-2.76
-2.211,-2.919
-2.924,-2.948
2.468,-2.731
1.159,-2.591
1.158,-2.939
1.131,-2.88
-0.415,1.447
-0.378,1.578
-1.576,1.36
1.967,1.603
0.578,1.438
0.37,1.446
-2.375,0.14
-2.276,-2.712
-2.441,1.109
2.637,-0.601
2.543,1.115
1.11,-1.292
-1.901,-2.818
1.17,-2.886
2.916,1.578
-0.065,-0.981
-0.214,-2.713
-0.183,0.156
-0.743,-0.992
-0.927,0.917
-0.94,-0.188
-1.0,-0.223
-1.071,0.272
-1.18,-1.117
-1.274,-1.343
-1.154,-1.959
-1.331,-2.624
-1.936,-1.397
-2.017,1.043
-2.213,-1.33
-2.299,1.143
-2.502,-0.617
-2.644,-2.645
-2.502,-2.028
-2.536,-1.784
-2.573,0.963
-2.773,0.635
-2.736,-0.753
-2.945,-1.225
-3.011,-1.059
2.994,0.163
2.987,0.034
2.902,-1.832
2.862,-1.038
2.354,0.999
2.297,-2.64
2.151,-0.801
2.215,-0.508
2.078,-0.795
2.187,-1.864
1.886,-1.786
1.702,-2.345
1.811,-0.334
1.637,0.135
1.508,-0.812
1.613,-0.258
1.477,-0.637
1.564,-0.694
1.431,-0.296
1.334,-2.428
1.409,-1.329
1.327,-0.509
1.182,-1.081
1.243,-2.142
1.225,0.593
1.026,-0.266
0.753,-2.34
0.528,-2.166
0.407,-2.596
0.465,0.343
0.436,-2.035
0.399,-1.306
0.279,0.535
0.383,0.32
0.223,-2.155
0.329,-1.075
-0.241,-2.745
-0.372,-2.821
-0.891,-2.911
1.526,-2.826
0.92,-2.769
-1.605,1.551
-1.512,1.595
-2.438,1.315
-2.934,1.572
-3.003,1.385
2.726,1.336
2.504,1.713
1.272,1.643
0.395,1.535
-0.144,-1.223
2.186,-2.195
2.226,0.93
0.178,0.901
-0.874,-2.355
-1.046,-0.713
-1.873,-1.425
1.34,-0.726
0.603,0.543
0.481,0.388
0.478,0.541
-1.027,-0.875
-1.19,1.215
-2.557,1.2
1.945,1.55
1.834,1.258
0.483,-2.606
-0.143,0.522
-0.14,1.722
-0.174,1.495
-0.213,1.469
-0.311,1.253
-0.336,-0.202
-0.399,1.037
-0.477,1.013
-0.65,-0.981
-0.767,-1.126
-0.904,2.6
-0.866,0.006
-1.05,1.005
-1.113,1.258
-1.141,-1.143
-1.156,0.331
-1.236,0.385
-1.333,1.374
-1.264,-0.098
-1.323,-0.51
-1.543,-0.246
-1.462,1.344
-1.522,0.136
-1.6,2.466
-1.757,0.567
-1.694,-0.569
-1.864,2.501
-1.894,-0.815
-1.911,1.706
-1.971,0.595
-1.922,1.551
-2.041,0.797
-1.995,0.048
-1.993,-0.927
-2.084,-0.324
-2.08,1.823
-2.071,-0.491
-2.113,2.419
-2.122,0.875
-2.237,0.974
-2.276,1.17
-2.299,-0.265
-2.348,1.324
-2.393,0.52
-2.413,0.401
-2.429,0.477
-2.386,0.928
-2.408,0.961
-2.458,1.327
-2.476,-0.716
-2.609,2.263
-2.675,0.342
-2.679,-0.848
-2.794,-0.557
-2.814,0.694
-2.863,0.484
-3.007,-0.373
-3.055,-1.203
-3.083,1.865
3.111,-0.451
-3.132,-1.082
2.81,1.771
2.886,1.356
2.748,-0.451
2.637,-0.44
2.678,0.862
2.635,1.017
2.337,-0.522
2.378,1.747
2.257,1.686
2.228,-0.202
2.251,0.685
2.218,0.311
2.116,-0.765
2.124,2.233
2.04,-0.95
1.932,-0.179
1.889,0.963
1.783,-0.078
1.742,1.717
1.7,1.115
1.636,1.085
1.429,-0.323
1.447,1.431
1.431,-0.315
1.301,0.998
1.105,-0.065
1.119,1.046
1.125,0.629
1.057,1.5
1.079,-0.17
0.965,1.392
0.929,-0.828
0.589,-1.074
0.516,0.558
0.279,0.986
0.223,2.578
0.235,1.498
0.161,0.176
0.143,0.533
0.107,-0.789
0.116,-1.347
-0.441,-1.172
-0.633,-1.374
-0.935,-1.224
-1.598,-1.236
-2.082,-1.395
-2.795,-1.424
2.597,-1.207
1.288,-1.067
1.287,-1.415
1.26,-1.356
-0.286,2.971
-0.249,3.102
-1.447,2.884
2.096,3.127
0.707,2.962
0.499,2.97
-2.246,1.664
-2.147,-1.188
-2.312,2.633
2.766,0.923
2.672,2.639
1.239,0.232
-1.772,-1.294
1.299,-1.362
3.045,3.102
0.064,0.543
-0.085,-1.189
-0.054,1.68
-0.614,0.532
-0.798,2.441
-0.811,1.336
-0.871,1.301
-0.942,1.796
-1.051,0.407
-1.145,0.181
-1.025,-0.435
-1.202,-1.1
-1.807,0.127
-1.888,2.567
-2.084,0.194
-2.17,2.667
-2.373,0.907
-2.515,-1.121
-2.373,-0.504
-2.407,-0.26
-2.444,2.487
-2.644,2.159
-2.607,0.771
-2.816,0.299
-2.882,0.465
3.123,1.687
3.116,1.558
3.031,-0.308
2.991,0.486
2.483,2.523
2.426,-1.116
2.28,0.723
2.344,1.016
2.207,0.729
2.316,-0.34
2.015,-0.262
1.831,-0.821
1.94,1.19
1.766,1.659
1.637,0.712
1.742,1.266
1.606,0.887
1.693,0.83
1.56,1.228
1.463,-0.904
1.538,0.195
1.456,1.015
1.311,0.443
1.372,-0.618
1.354,2.117
1.155,1.258
0.882,-0.816
0.657,-0.642
0.536,-1.072
0.594,1.867
0.565,-0.511
0.528,0.218
0.408,2.059
0.512,1.844
0.352,-0.631
0.458,0.449
-0.112,-1.221
-0.243,-1.297
-0.762,-1.387
1.655,-1.302
1.049,-1.245
-1.476,3.075
-1.383,3.119
-2.309,2.839
-2.805,3.096
-2.874,2.909
2.855,2.86
2.633,3.237
1.401,3.167
0.524,3.059
-0.015,0.301
2.315,-0.671
2.355,2.454
0.307,2.425
-0.745,-0.831
-0.917,0.811
-1.744,0.099
1.469,0.798
0.732,2.067
0.61,1.912
0.607,2.065
-0.898,0.649
-1.061,2.739
-2.428,2.724
2.074,3.074
1.963,2.782
0.612,-1.082
0.003,1.2
-0.031,0.973
-0.07,0.947
-0.168,0.731
-0.193,-0.724
-0.256,0.515
-0.334,0.491
-0.507,-1.503
-0.624,-1.648
-0.761,2.078
-0.723,-0.516
-0.907,0.483
-0.97,0.736
-0.998,-1.665
-1.013,-0.191
-1.093,-0.137
-1.19,0.852
-1.121,-0.62
-1.18,-1.032
-1.4,-0.768
-1.319,0.822
-1.379,-0.386
-1.457,1.944
-1.614,0.045
-1.551,-1.091
-1.721,1.979
-1.751,-1.337
-1.768,1.184
-1.828,0.073
-1.779,1.029
-1.898,0.275
-1.852,-0.474
-1.85,-1.449
-1.941,-0.846
-1.937,1.301
-1.928,-1.013
-1.97,1.897
-1.979,0.353
-2.094,0.452
-2.133,0.648
-2.156,-0.787
-2.205,0.802
-2.25,-0.002
-2.27,-0.121
-2.286,-0.045
-2.243,0.406
-2.265,0.439
-2.315,0.805
-2.333,-1.238
-2.466,1.741
-2.532,-0.18
-2.536,-1.37
-2.651,-1.079
-2.671,0.172
-2.72,-0.038
-2.864,-0.895
-2.912,-1.725
-2.94,1.343
-3.029,-0.973
-2.989,-1.604
2.953,1.249
3.029,0.834
2.891,-0.973
2.78,-0.962
2.821,0.34
2.778,0.495
2.48,-1.044
2.521,1.225
2.4,1.164
2.371,-0.724
2.394,0.163
2.361,-0.211
2.259,-1.287
2.267,1.711
2.183,-1.472
2.075,-0.701
2.032,0.441
1.926,-0.6
1.885,1.195
1.843,0.593
1.779,0.563
1.572,-0.845
1.59,0.909
1.574,-0.837
1.444,0.476
1.248,-0.587
1.262,0.524
1.268,0.107
1.2,0.978
1.222,-0.692
1.108,0.87
1.072,-1.35
0.732,-1.596
0.659,0.036
0.422,0.464
0.366,2.056
0.378,0.976
0.304,-0.346
0.286,0.011
0.25,-1.311
0.259,-1.869
-0.298,-1.694
-0.49,-1.896
-0.792,-1.746
-1.455,-1.758
-1.939,-1.917
-2.652,-1.946
2.74,-1.729
1.431,-1.589
1.43,-1.937
1.403,-1.878
-0.143,2.449
-0.106,2.58
-1.304,2.362
2.239,2.605
0.85,2.44
0.642,2.448
-2.103,1.142
-2.004,-1.71
-2.169,2.111
2.909,0.401
2.815,2.117
1.382,-0.29
-1.629,-1.816
1.442,-1.884
-3.095,2.58
0.207,0.021
0.058,-1.711
0.089,1.158
-0.471,0.01
-0.655,1.919
-0.668,0.814
-0.728,0.779
-0.799,1.274
-0.908,-0.115
-1.002,-0.341
-0.882,-0.957
-1.059,-1.622
-1.664,-0.395
-1.745,2.045
-1.941,-0.328
-2.027,2.145
-2.23,0.385
-2.372,-1.643
-2.23,-1.026
-2.264,-0.782
-2.301,1.965
-2.501,1.637
-2.464,0.249
-2.673,-0.223
-2.739,-0.057
-3.017,1.165
-3.024,1.036
-3.109,-0.83
3.134,-0.036
2.626,2.001
2.569,-1.638
2.423,0.201
2.487,0.494
2.35,0.207
2.459,-0.862
2.158,-0.784
1.974,-1.343
2.083,0.668
1.909,1.137
1.78,0.19
1.885,0.744
1.749,0.365
1.836,0.308
1.703,0.706
1.606,-1.426
1.681,-0.327
1.599,0.493
1.454,-0.079
1.515,-1.14
1.497,1.595
1.298,0.736
1.025,-1.338
0.8,-1.164
0.679,-1.594
0.737,1.345
0.708,-1.033
0.671,-0.304
0.551,1.537
0.655,1.322
0.495,-1.153
0.601,-0.073
0.031,-1.743
-0.1,-1.819
-0.619,-1.909
1.798,-1.824
1.192,-1.767
-1.333,2.553
-1.24,2.597
-2.166,2.317
-2.662,2.574
-2.731,2.387
2.998,2.338
2.776,2.715
1.544,2.645
0.667,2.537
0.128,-0.221
2.458,-1.193
2.498,1.932
0.45,1.903
-0.602,-1.353
-0.774,0.289
-1.601,-0.423
1.612,0.276
0.875,1.545
0.753,1.39
0.75,1.543
-0.755,0.127
-0.918,2.217
-2.285,2.202
2.217,2.552
2.106,2.26
0.755,-1.604
-0.034,-0.227
-0.073,-0.253
-0.171,-0.469
-0.196,-1.924
-0.259,-0.685
-0.337,-0.709
-0.51,-2.703
-0.627,-2.848
-0.764,0.878
-0.726,-1.716
-0.91,-0.717
-0.973,-0.464
-1.001,-2.865
-1.016,-1.391
-1.096,-1.337
-1.193,-0.348
-1.124,-1.82
-1.183,-2.232
-1.403,-1.968
-1.322,-0.378
-1.382,-1.586
-1.46,0.744
-1.617,-1.155
-1.554,-2.291
-1.724,0.779
-1.754,-2.537
-1.771,-0.016
-1.831,-1.127
-1.782,-0.171
-1.901,-0.925
-1.855,-1.674
-1.853,-2.649
-1.944,-2.046
-1.94,0.101
-1.931,-2.213
-1.973,0.697
-1.982,-0.847
-2.097,-0.748
-2.136,-0.552
-2.159,-1.987
-2.208,-0.398
-2.253,-1.202
-2.273,-1.321
-2.289,-1.245
-2.246,-0.794
-2.268,-0.761
-2.318,-0.395
-2.336,-2.438
-2.469,0.541
-2.535,-1.38
-2.539,-2.57
-2.654,-2.279
-2.674,-1.028
-2.723,-1.238
-2.867,-2.095
-2.915,-2.925
-2.943,0.143
-3.032,-2.173
-2.992,-2.804
2.95,0.049
3.026,-0.366
2.888,-2.173
2.777,-2.162
2.818,-0.86
2.775,-0.705
2.477,-2.244
2.518,0.025
2.397,-0.036
2.368,-1.924
2.391,-1.037
2.358,-1.411
2.256,-2.487
2.264,0.511
2.18,-2.672
2.072,-1.901
2.029,-0.759
1.923,-1.8
1.882,-0.005
1.84,-0.607
1.776,-0.637
1.569,-2.045
1.587,-0.291
1.571,-2.037
1.441,-0.724
1.245,-1.787
1.259,-0.676
1.265,-1.093
1.197,-0.222
1.219,-1.892
1.105,-0.33
1.069,-2.55
0.729,-2.796
0.656,-1.164
0.419,-0.736
0.363,0.856
0.375,-0.224
0.301,-1.546
0.283,-1.189
0.247,-2.511
0.256,-3.069
-0.301,-2.894
-0.493,-3.096
-0.795,-2.946
-1.458,-2.958
-1.942,-3.117
-2.655,-3.146
2.737,-2.929
1.428,-2.789
1.427,-3.137
1.4,-3.078
-0.146,1.249
-0.109,1.38
-1.307,1.162
2.236,1.405
0.847,1.24
0.639,1.248
-2.106,-0.058
-2.007,-2.91
-2.172,0.911
2.906,-0.799
2.812,0.917
1.379,-1.49
-1.632,-3.016
1.439,-3.084
-3.098,1.38
0.204,-1.179
0.055,-2.911
0.086,-0.042
-0.474,-1.19
-0.658,0.719
-0.671,-0.386
-0.731,-0.421
-0.802,0.074
-0.911,-1.315
-1.005,-1.541
-0.885,-2.157
-1.062,-2.822
-1.667,-1.595
-1.748,0.845
-1.944,-1.528
-2.03,0.945
-2.233,-0.815
-2.375,-2.843
-2.233,-2.226
-2.267,-1.982
-2.304,0.765
-2.504,0.437
-2.467,-0.951
-2.676,-1.423
-2.742,-1.257
-3.02,-0.035
-3.027,-0.164
-3.112,-2.03
3.131,-1.236
2.623,0.801
2.566,-2.838
2.42,-0.999
2.484,-0.706
2.347,-0.993
2.456,-2.062
2.155,-1.984
1.971,-2.543
2.08,-0.532
1.906,-0.063
1.777,-1.01
1.882,-0.456
1.746,-0.835
1.833,-0.892
1.7,-0.494
1.603,-2.626
1.678,-1.527
1.596,-0.707
1.451,-1.279
1.512,-2.34
1.494,0.395
1.295,-0.464
1.022,-2.538
0.797,-2.364
0.676,-2.794
0.734,0.145
0.705,-2.233
0.668,-1.504
0.548,0.337
0.652,0.122
0.492,-2.353
0.598,-1.273
0.028,-2.943
-0.103,-3.019
-0.622,-3.109
1.795,-3.024
1.189,-2.967
-1.336,1.353
-1.243,1.397
-2.169,1.117
-2.665,1.374
-2.734,1.187
2.995,1.138
2.773,1.515
1.541,1.445
0.664,1.337
0.125,-1.421
2.455,-2.393
2.495,0.732
0.447,0.703
-0.605,-2.553
-0.777,-0.911
-1.604,-1.623
1.609,-0.924
0.872,0.345
0.75,0.19
0.747,0.343
-0.758,-1.073
-0.921,1.017
-2.288,1.002
2.214,1.352
2.103,1.06
0.752,-2.804
-0.039,-0.026
-0.137,-0.242
-0.162,-1.697
-0.225,-0.458
-0.303,-0.482
-0.476,-2.476
-0.593,-2.621
-0.73,1.105
-0.692,-1.489
-0.876,-0.49
-0.939,-0.237
-0.967,-2.638
-0.982,-1.164
-1.062,-1.11
-1.159,-0.121
-1.09,-1.593
-1.149,-2.005
-1.369,-1.741
-1.288,-0.151
-1.348,-1.359
-1.426,0.971
-1.583,-0.928
-1.52,-2.064
-1.69,1.006
-1.72,-2.31
-1.737,0.211
-1.797,-0.9
-1.748,0.056
-1.867,-0.698
-1.821,-1.447
-1.819,-2.422
-1.91,-1.819
-1.906,0.328
-1.897,-1.986
-1.939,0.924
-1.948,-0.62
-2.063,-0.521
-2.102,-0.325
-2.125,-1.76
-2.174,-0.171
-2.219,-0.975
-2.239,-1.094
-2.255,-1.018
-2.212,-0.567
-2.234,-0.534
-2.284,-0.168
-2.302,-2.211
-2.435,0.768
-2.501,-1.153
-2.505,-2.343
-2.62,-2.052
-2.64,-0.801
-2.689,-1.011
-2.833,-1.868
-2.881,-2.698
-2.909,0.37
-2.998,-1.946
-2.958,-2.577
2.984,0.276
3.06,-0.139
2.922,-1.946
2.811,-1.935
2.852,-0.633
2.809,-0.478
2.511,-2.017
2.552,0.252
2.431,0.191
2.402,-1.697
2.425,-0.81
2.392,-1.184
2.29,-2.26
2.298,0.738
2.214,-2.445
2.106,-1.674
2.063,-0.532
1.957,-1.573
1.916,0.222
1.874,-0.38
1.81,-0.41
1.603,-1.818
1.621,-0.064
1.605,-1.81
1.475,-0.497
1.279,-1.56
1.293,-0.449
1.299,-0.866
1.231,0.005
1.253,-1.665
1.139,-0.103
1.103,-2.323
0.763,-2.569
0.69,-0.937
0.453,-0.509
0.397,1.083
0.409,0.003
0.335,-1.319
0.317,-0.962
0.281,-2.284
0.29,-2.842
-0.267,-2.667
-0.459,-2.869
-0.761,-2.719
-1.424,-2.731
-1.908,-2.89
-2.621,-2.919
2.771,-2.702
1.462,-2.562
1.461,-2.91
1.434,-2.851
-0.112,1.476
-0.075,1.607
-1.273,1.389
2.27,1.632
0.881,1.467
0.673,1.475
-2.072,0.169
-1.973,-2.683
-2.138,1.138
2.94,-0.572
2.846,1.144
1.413,-1.263
-1.598,-2.789
1.473,-2.857
-3.064,1.607
0.238,-0.952
0.089,-2.684
0.12,0.185
-0.44,-0.963
-0.624,0.946
-0.637,-0.159
-0.697,-0.194
-0.768,0.301
-0.877,-1.088
-0.971,-1.314
-0.851,-1.93
-1.028,-2.595
-1.633,-1.368
-1.714,1.072
-1.91,-1.301
-1.996,1.172
-2.199,-0.588
-2.341,-2.616
-2.199,-1.999
-2.233,-1.755
-2.27,0.992
-2.47,0.664
-2.433,-0.724
-2.642,-1.196
-2.708,-1.03
-2.986,0.192
-2.993,0.063
-3.078,-1.803
-3.118,-1.009
2.657,1.028
2.6,-2.611
2.454,-0.772
2.518,-0.479
2.381,-0.766
2.49,-1.835
2.189,-1.757
2.005,-2.316
2.114,-0.305
1.94,0.164
1.811,-0.783
1.916,-0.229
1.78,-0.608
1.867,-0.665
1.734,-0.267
1.637,-2.399
1.712,-1.3
1.63,-0.48
1.485,-1.052
1.546,-2.113
1.528,0.622
1.329,-0.237
1.056,-2.311
0.831,-2.137
0.71,-2.567
0.768,0.372
0.739,-2.006
0.702,-1.277
0.582,0.564
0.686,0.349
0.526,-2.126
0.632,-1.046
0.062,-2.716
-0.069,-2.792
-0.588,-2.882
1.829,-2.797
1.223,-2.74
-1.302,1.58
-1.209,1.624
-2.135,1.344
-2.631,1.601
-2.7,1.414
3.029,1.365
2.807,1.742
1.575,1.672
0.698,1.564
0.159,-1.194
2.489,-2.166
2.529,0.959
0.481,0.93
-0.571,-2.326
-0.743,-0.684
-1.57,-1.396
1.643,-0.697
0.906,0.572
0.784,0.417
0.781,0.57
-0.724,-0.846
-0.887,1.244
-2.254,1.229
2.248,1.579
2.137,1.287
0.786,-2.577
-0.098,-0.216
-0.123,-1.671
-0.186,-0.432
-0.264,-0.456
-0.437,-2.45
-0.554,-2.595
-0.691,1.131
-0.653,-1.463
-0.837,-0.464
-0.9,-0.211
-0.928,-2.612
-0.943,-1.138
-1.023,-1.084
-1.12,-0.095
-1.051,-1.567
-1.11,-1.979
-1.33,-1.715
-1.249,-0.125
-1.309,-1.333
-1.387,0.997
-1.544,-0.902
-1.481,-2.038
-1.651,1.032
-1.681,-2.284
-1.698,0.237
-1.758,-0.874
-1.709,0.082
-1.828,-0.672
-1.782,-1.421
-1.78,-2.396
-1.871,-1.793
-1.867,0.354
-1.858,-1.96
-1.9,0.95
-1.909,-0.594
-2.024,-0.495
-2.063,-0.299
-2.086,-1.734
-2.135,-0.145
-2.18,-0.949
-2.2,-1.068
-2.216,-0.992
-2.173,-0.541
-2.195,-0.508
-2.245,-0.142
-2.263,-2.185
-2.396,0.794
-2.462,-1.127
-2.466,-2.317
-2.581,-2.026
-2.601,-0.775
-2.65,-0.985
-2.794,-1.842
-2.842,-2.672
-2.87,0.396
-2.959,-1.92
-2.919,-2.551
3.023,0.302
3.099,-0.113
2.961,-1.92
2.85,-1.909
2.891,-0.607
2.848,-0.452
2.55,-1.991
2.591,0.278
2.47,0.217
2.441,-1.671
2.464,-0.784
2.431,-1.158
2.329,-2.234
2.337,0.764
2.253,-2.419
2.145,-1.648
2.102,-0.506
1.996,-1.547
1.955,0.248
1.913,-0.354
1.849,-0.384
1.642,-1.792
1.66,-0.038
1.644,-1.784
1.514,-0.471
1.318,-1.534
1.332,-0.423
1.338,-0.84
1.27,0.031
1.292,-1.639
1.178,-0.077
1.142,-2.297
0.802,-2.543
0.729,-0.911
0.492,-0.483
0.436,1.109
0.448,0.029
0.374,-1.293
0.356,-0.936
0.32,-2.258
0.329,-2.816
-0.228,-2.641
-0.42,-2.843
-0.722,-2.693
-1.385,-2.705
-1.869,-2.864
-2.582,-2.893
2.81,-2.676
1.501,-2.536
1.5,-2.884
1.473,-2.825
-0.073,1.502
-0.036,1.633
-1.234,1.415
2.309,1.658
0.92,1.493
0.712,1.501
-2.033,0.195
-1.934,-2.657
-2.099,1.164
2.979,-0.546
2.885,1.17
1.452,-1.237
-1.559,-2.763
1.512,-2.831
-3.025,1.633
0.277,-0.926
0.128,-2.658
0.159,0.211
-0.401,-0.937
-0.585,0.972
-0.598,-0.133
-0.658,-0.168
-0.729,0.327
-0.838,-1.062
-0.932,-1.288
-0.812,-1.904
-0.989,-2.569
-1.594,-1.342
-1.675,1.098
-1.871,-1.275
-1.957,1.198
-2.16,-0.562
-2.302,-2.59
-2.16,-1.973
-2.194,-1.729
-2.231,1.018
-2.431,0.69
-2.394,-0.698
-2.603,-1.17
-2.669,-1.004
-2.947,0.218
-2.954,0.089
-3.039,-1.777
-3.079,-0.983
2.696,1.054
2.639,-2.585
2.493,-0.746
2.557,-0.453
2.42,-0.74
2.529,-1.809
2.228,-1.731
2.044,-2.29
2.153,-0.279
1.979,0.19
1.85,-0.757
1.955,-0.203
1.819,-0.582
1.906,-0.639
1.773,-0.241
1.676,-2.373
1.751,-1.274
1.669,-0.454
1.524,-1.026
1.585,-2.087
1.567,0.648
1.368,-0.211
1.095,-2.285
0.87,-2.111
0.749,-2.541
0.807,0.398
0.778,-1.98
0.741,-1.251
0.621,0.59
0.725,0.375
0.565,-2.1
0.671,-1.02
0.101,-2.69
-0.03,-2.766
-0.549,-2.856
1.868,-2.771
1.262,-2.714
-1.263,1.606
-1.17,1.65
-2.096,1.37
-2.592,1.627
-2.661,1.44
3.068,1.391
2.846,1.768
1.614,1.698
0.737,1.59
0.198,-1.168
2.528,-2.14
2.568,0.985
0.52,0.956
-0.532,-2.3
-0.704,-0.658
-1.531,-1.37
1.682,-0.671
0.945,0.598
0.823,0.443
0.82,0.596
-0.685,-0.82
-0.848,1.27
-2.215,1.255
2.287,1.605
2.176,1.313
0.825,-2.551
-0.025,-1.455
-0.088,-0.216
-0.166,-0.24
-0.339,-2.234
-0.456,-2.379
-0.593,1.347
-0.555,-1.247
-0.739,-0.248
-0.802,0.005
-0.83,-2.396
-0.845,-0.922
-0.925,-0.868
-1.022,0.121
-0.953,-1.351
-1.012,-1.763
-1.232,-1.499
-1.151,0.091
-1.211,-1.117
-1.289,1.213
-1.446,-0.686
-1.383,-1.822
-1.553,1.248
-1.583,-2.068
-1.6,0.453
-1.66,-0.658
-1.611,0.298
-1.73,-0.456
-1.684,-1.205
-1.682,-2.18
-1.773,-1.577
-1.769,0.57
-1.76,-1.744
-1.802,1.166
-1.811,-0.378
-1.926,-0.279
-1.965,-0.083
-1.988,-1.518
-2.037,0.071
-2.082,-0.733
-2.102,-0.852
-2.118,-0.776
-2.075,-0.325
-2.097,-0.292
-2.147,0.074
-2.165,-1.969
-2.298,1.01
-2.364,-0.911
-2.368,-2.101
-2.483,-1.81
-2.503,-0.559
-2.552,-0.769
-2.696,-1.626
-2.744,-2.456
-2.772,0.612
-2.861,-1.704
-2.821,-2.335
3.121,0.518
-3.086,0.103
3.059,-1.704
2.948,-1.693
2.989,-0.391
2.946,-0.236
2.648,-1.775
2.689,0.494
2.568,0.433
2.539,-1.455
2.562,-0.568
2.529,-0.942
2.427,-2.018
2.435,0.98
2.351,-2.203
2.243,-1.432
2.2,-0.29
2.094,-1.331
2.053,0.464
2.011,-0.138
1.947,-0.168
1.74,-1.576
1.758,0.178
1.742,-1.568
1.612,-0.255
1.416,-1.318
1.43,-0.207
1.436,-0.624
1.368,0.247
1.39,-1.423
1.276,0.139
1.24,-2.081
0.9,-2.327
0.827,-0.695
0.59,-0.267
0.534,1.325
0.546,0.245
0.472,-1.077
0.454,-0.72
0.418,-2.042
0.427,-2.6
-0.13,-2.425
-0.322,-2.627
-0.624,-2.477
-1.287,-2.489
-1.771,-2.648
-2.484,-2.677
2.908,-2.46
1.599,-2.32
1.598,-2.668
1.571,-2.609
0.025,1.718
0.062,1.849
-1.136,1.631
2.407,1.874
1.018,1.709
0.81,1.717
-1.935,0.411
-1.836,-2.441
-2.001,1.38
3.077,-0.33
2.983,1.386
1.55,-1.021
-1.461,-2.547
1.61,-2.615
-2.927,1.849
0.375,-0.71
0.226,-2.442
0.257,0.427
-0.303,-0.721
-0.487,1.188
-0.5,0.083
-0.56,0.048
-0.631,0.543
-0.74,-0.846
-0.834,-1.072
-0.714,-1.688
-0.891,-2.353
-1.496,-1.126
-1.577,1.314
-1.773,-1.059
-1.859,1.414
-2.062,-0.346
-2.204,-2.374
-2.062,-1.757
-2.096,-1.513
-2.133,1.234
-2.333,0.906
-2.296,-0.482
-2.505,-0.954
-2.571,-0.788
-2.849,0.434
-2.856,0.305
-2.941,-1.561
-2.981,-0.767
2.794,1.27
2.737,-2.369
2.591,-0.53
2.655,-0.237
2.518,-0.524
2.627,-1.593
2.326,-1.515
2.142,-2.074
2.251,-0.063
2.077,0.406
1.948,-0.541
2.053,0.013
1.917,-0.366
2.004,-0.423
1.871,-0.025
1.774,-2.157
1.849,-1.058
1.767,-0.238
1.622,-0.81
1.683,-1.871
1.665,0.864
1.466,0.005
1.193,-2.069
0.968,-1.895
0.847,-2.325
0.905,0.614
0.876,-1.764
0.839,-1.035
0.719,0.806
0.823,0.591
0.663,-1.884
0.769,-0.804
0.199,-2.474
0.068,-2.55
-0.451,-2.64
1.966,-2.555
1.36,-2.498
-1.165,1.822
-1.072,1.866
-1.998,1.586
-2.494,1.843
-2.563,1.656
-3.117,1.607
2.944,1.984
1.712,1.914
0.835,1.806
0.296,-0.952
2.626,-1.924
2.666,1.201
0.618,1.172
-0.434,-2.084
-0.606,-0.442
-1.433,-1.154
1.78,-0.455
1.043,0.814
0.921,0.659
0.918,0.812
-0.587,-0.604
-0.75,1.486
-2.117,1.471
2.385,1.821
2.274,1.529
0.923,-2.335
-0.063,1.239
-0.141,1.215
-0.314,-0.779
-0.431,-0.924
-0.568,2.802
-0.53,0.208
-0.714,1.207
-0.777,1.46
-0.805,-0.941
-0.82,0.533
-0.9,0.587
-0.997,1.576
-0.928,0.104
-0.987,-0.308
-1.207,-0.044
-1.126,1.546
-1.186,0.338
-1.264,2.668
-1.421,0.769
-1.358,-0.367
-1.528,2.703
-1.558,-0.613
-1.575,1.908
-1.635,0.797
-1.586,1.753
-1.705,0.999
-1.659,0.25
-1.657,-0.725
-1.748,-0.122
-1.744,2.025
-1.735,-0.289
-1.777,2.621
-1.786,1.077
-1.901,1.176
-1.94,1.372
-1.963,-0.063
-2.012,1.526
-2.057,0.722
-2.077,0.603
-2.093,0.679
-2.05,1.13
-2.072,1.163
-2.122,1.529
-2.14,-0.514
-2.273,2.465
-2.339,0.544
-2.343,-0.646
-2.458,-0.355
-2.478,0.896
-2.527,0.686
-2.671,-0.171
-2.719,-1.001
-2.747,2.067
-2.836,-0.249
-2.796,-0.88
-3.137,1.973
-3.061,1.558
3.084,-0.249
2.973,-0.238
3.014,1.064
2.971,1.219
2.673,-0.32
2.714,1.949
2.593,1.888
2.564,0.0
2.587,0.887
2.554,0.513
2.452,-0.563
2.46,2.435
2.376,-0.748
2.268,0.023
2.225,1.165
2.119,0.124
2.078,1.919
2.036,1.317
1.972,1.287
1.765,-0.121
1.783,1.633
1.767,-0.113
1.637,1.2
1.441,0.137
1.455,1.248
1.461,0.831
1.393,1.702
1.415,0.032
1.301,1.594
1.265,-0.626
0.925,-0.872
0.852,0.76
0.615,1.188
0.559,2.78
0.571,1.7
0.497,0.378
0.479,0.735
0.443,-0.587
0.452,-1.145
-0.105,-0.97
-0.297,-1.172
-0.599,-1.022
-1.262,-1.034
-1.746,-1.193
-2.459,-1.222
2.933,-1.005
1.624,-0.865
1.623,-1.213
1.596,-1.154
0.05,3.173
0.087,3.304
-1.111,3.086
2.432,3.329
1.043,3.164
0.835,3.172
-1.91,1.866
-1.811,-0.986
-1.976,2.835
3.102,1.125
3.008,2.841
1.575,0.434
-1.436,-1.092
1.635,-1.16
-2.902,3.304
0.4,0.745
0.251,-0.987
0.282,1.882
-0.278,0.734
-0.462,2.643
-0.475,1.538
-0.535,1.503
-0.606,1.998
-0.715,0.609
-0.809,0.383
-0.689,-0.233
-0.866,-0.898
-1.471,0.329
-1.552,2.769
-1.748,0.396
-1.834,2.869
-2.037,1.109
-2.179,-0.919
-2.037,-0.302
-2.071,-0.058
-2.108,2.689
-2.308,2.361
-2.271,0.973
-2.48,0.501
-2.546,0.667
-2.824,1.889
-2.831,1.76
-2.916,-0.106
-2.956,0.688
2.819,2.725
2.762,-0.914
2.616,0.925
2.68,1.218
2.543,0.931
2.652,-0.138
2.351,-0.06
2.167,-0.619
2.276,1.392
2.102,1.861
1.973,0.914
2.078,1.468
1.942,1.089
2.029,1.032
1.896,1.43
1.799,-0.702
1.874,0.397
1.792,1.217
1.647,0.645
1.708,-0.416
1.69,2.319
1.491,1.46
1.218,-0.614
0.993,-0.44
0.872,-0.87
0.93,2.069
0.901,-0.309
0.864,0.42
0.744,2.261
0.848,2.046
0.688,-0.429
0.794,0.651
0.224,-1.019
0.093,-1.095
-0.426,-1.185
1.991,-1.1
1.385,-1.043
-1.14,3.277
-1.047,3.321
-1.973,3.041
-2.469,3.298
-2.538,3.111
-3.092,3.062
2.969,3.439
1.737,3.369
0.86,3.261
0.321,0.503
2.651,-0.469
2.691,2.656
0.643,2.627
-0.409,-0.629
-0.581,1.013
-1.408,0.301
1.805,1.0
1.068,2.269
0.946,2.114
0.943,2.267
-0.562,0.851
-0.725,2.941
-2.092,2.926
2.41,3.276
2.299,2.984
0.948,-0.88
-0.078,-0.024
-0.251,-2.018
-0.368,-2.163
-0.505,1.563
-0.467,-1.031
-0.651,-0.032
-0.714,0.221
-0.742,-2.18
-0.757,-0.706
-0.837,-0.652
-0.934,0.337
-0.865,-1.135
-0.924,-1.547
-1.144,-1.283
-1.063,0.307
-1.123,-0.901
-1.201,1.429
-1.358,-0.47
-1.295,-1.606
-1.465,1.464
-1.495,-1.852
-1.512,0.669
-1.572,-0.442
-1.523,0.514
-1.642,-0.24
-1.596,-0.989
-1.594,-1.964
-1.685,-1.361
-1.681,0.786
-1.672,-1.528
-1.714,1.382
-1.723,-0.162
-1.838,-0.063
-1.877,0.133
-1.9,-1.302
-1.949,0.287
-1.994,-0.517
-2.014,-0.636
-2.03,-0.56
-1.987,-0.109
-2.009,-0.076
-2.059,0.29
-2.077,-1.753
-2.21,1.226
-2.276,-0.695
-2.28,-1.885
-2.395,-1.594
-2.415,-0.343
-2.464,-0.553
-2.608,-1.41
-2.656,-2.24
-2.684,0.828
-2.773,-1.488
-2.733,-2.119
-3.074,0.734
-2.998,0.319
-3.136,-1.488
3.036,-1.477
3.077,-0.175
3.034,-0.02
2.736,-1.559
2.777,0.71
2.656,0.649
2.627,-1.239
2.65,-0.352
2.617,-0.726
2.515,-1.802
2.523,1.196
2.439,-1.987
2.331,-1.216
2.288,-0.074
2.182,-1.115
2.141,0.68
2.099,0.078
2.035,0.048
1.828,-1.36
1.846,0.394
1.83,-1.352
1.7,-0.039
1.504,-1.102
1.518,0.009
1.524,-0.408
1.456,0.463
1.478,-1.207
1.364,0.355
1.328,-1.865
0.988,-2.111
0.915,-0.479
0.678,-0.051
0.622,1.541
0.634,0.461
0.56,-0.861
0.542,-0.504
0.506,-1.826
0.515,-2.384
-0.042,-2.209
-0.234,-2.411
-0.536,-2.261
-1.199,-2.273
-1.683,-2.432
-2.396,-2.461
2.996,-2.244
1.687,-2.104
1.686,-2.452
1.659,-2.393
0.113,1.934
0.15,2.065
-1.048,1.847
2.495,2.09
1.106,1.925
0.898,1.933
-1.847,0.627
-1.748,-2.225
-1.913,1.596
-3.118,-0.114
3.071,1.602
1.638,-0.805
-1.373,-2.331
1.698,-2.399
-2.839,2.065
0.463,-0.494
0.314,-2.226
0.345,0.643
-0.215,-0.505
-0.399,1.404
-0.412,0.299
-0.472,0.264
-0.543,0.759
-0.652,-0.63
-0.746,-0.856
-0.626,-1.472
-0.803,-2.137
-1.408,-0.91
-1.489,1.53
-1.685,-0.843
-1.771,1.63
-1.974,-0.13
-2.116,-2.158
-1.974,-1.541
-2.008,-1.297
-2.045,1.45
-2.245,1.122
-2.208,-0.266
-2.417,-0.738
-2.483,-0.572
-2.761,0.65
-2.768,0.521
-2.853,-1.345
-2.893,-0.551
2.882,1.486
2.825,-2.153
2.679,-0.314
2.743,-0.021
2.606,-0.308
2.715,-1.377
2.414,-1.299
2.23,-1.858
2.339,0.153
2.165,0.622
2.036,-0.325
2.141,0.229
2.005,-0.15
2.092,-0.207
1.959,0.191
1.862,-1.941
1.937,-0.842
1.855,-0.022
1.71,-0.594
1.771,-1.655
1.753,1.08
1.554,0.221
1.281,-1.853
1.056,-1.679
0.935,-2.109
0.993,0.83
0.964,-1.548
0.927,-0.819
0.807,1.022
0.911,0.807
0.751,-1.668
0.857,-0.588
0.287,-2.258
0.156,-2.334
-0.363,-2.424
2.054,-2.339
1.448,-2.282
-1.077,2.038
-0.984,2.082
-1.91,1.802
-2.406,2.059
-2.475,1.872
-3.029,1.823
3.032,2.2
1.8,2.13
0.923,2.022
0.384,-0.736
2.714,-1.708
2.754,1.417
0.706,1.388
-0.346,-1.868
-0.518,-0.226
-1.345,-0.938
1.868,-0.239
1.131,1.03
1.009,0.875
1.006,1.028
-0.499,-0.388
-0.662,1.702
-2.029,1.687
2.473,2.037
2.362,1.745
1.011,-2.119
-0.173,-1.994
-0.29,-2.139
-0.427,1.587
-0.389,-1.007
-0.573,-0.008
-0.636,0.245
-0.664,-2.156
-0.679,-0.682
-0.759,-0.628
-0.856,0.361
-0.787,-1.111
-0.846,-1.523
-1.066,-1.259
-0.985,0.331
-1.045,-0.877
-1.123,1.453
-1.28,-0.446
-1.217,-1.582
-1.387,1.488
-1.417,-1.828
-1.434,0.693
-1.494,-0.418
-1.445,0.538
-1.564,-0.216
-1.518,-0.965
-1.516,-1.94
-1.607,-1.337
-1.603,0.81
-1.594,-1.504
-1.636,1.406
-1.645,-0.138
-1.76,-0.039
-1.799,0.157
-1.822,-1.278
-1.871,0.311
-1.916,-0.493
-1.936,-0.612
-1.952,-0.536
-1.909,-0.085
-1.931,-0.052
-1.981,0.314
-1.999,-1.729
-2.132,1.25
-2.198,-0.671
-2.202,-1.861
-2.317,-1.57
-2.337,-0.319
-2.386,-0.529
-2.53,-1.386
-2.578,-2.216
-2.606,0.852
-2.695,-1.464
-2.655,-2.095
-2.996,0.758
-2.92,0.343
-3.058,-1.464
3.114,-1.453
-3.128,-0.151
3.112,0.004
2.814,-1.535
2.855,0.734
2.734,0.673
2.705,-1.215
2.728,-0.328
2.695,-0.702
2.593,-1.778
2.601,1.22
2.517,-1.963
2.409,-1.192
2.366,-0.05
2.26,-1.091
2.219,0.704
2.177,0.102
2.113,0.072
1.906,-1.336
1.924,0.418
1.908,-1.328
1.778,-0.015
1.582,-1.078
1.596,0.033
1.602,-0.384
1.534,0.487
1.556,-1.183
1.442,0.379
1.406,-1.841
1.066,-2.087
0.993,-0.455
0.756,-0.027
0.7,1.565
0.712,0.485
0.638,-0.837
0.62,-0.48
0.584,-1.802
0.593,-2.36
0.036,-2.185
-0.156,-2.387
-0.458,-2.237
-1.121,-2.249
-1.605,-2.408
-2.318,-2.437
3.074,-2.22
1.765,-2.08
1.764,-2.428
1.737,-2.369
0.191,1.958
0.228,2.089
-0.97,1.871
2.573,2.114
1.184,1.949
0.976,1.957
-1.769,0.651
-1.67,-2.201
-1.835,1.62
-3.04,-0.09
-3.134,1.626
1.716,-0.781
-1.295,-2.307
1.776,-2.375
-2.761,2.089
0.541,-0.47
0.392,-2.202
0.423,0.667
-0.137,-0.481
-0.321,1.428
-0.334,0.323
-0.394,0.288
-0.465,0.783
-0.574,-0.606
-0.668,-0.832
-0.548,-1.448
-0.725,-2.113
-1.33,-0.886
-1.411,1.554
-1.607,-0.819
-1.693,1.654
-1.896,-0.106
-2.038,-2.134
-1.896,-1.517
-1.93,-1.273
-1.967,1.474
-2.167,1.146
-2.13,-0.242
-2.339,-0.714
-2.405,-0.548
-2.683,0.674
-2.69,0.545
-2.775,-1.321
-2.815,-0.527
2.96,1.51
2.903,-2.129
2.757,-0.29
2.821,0.003
2.684,-0.284
2.793,-1.353
2.492,-1.275
2.308,-1.834
2.417,0.177
2.243,0.646
2.114,-0.301
2.219,0.253
2.083,-0.126
2.17,-0.183
2.037,0.215
1.94,-1.917
2.015,-0.818
1.933,0.002
1.788,-0.57
1.849,-1.631
1.831,1.104
1.632,0.245
1.359,-1.829
1.134,-1.655
1.013,-2.085
1.071,0.854
1.042,-1.524
1.005,-0.795
0.885,1.046
0.989,0.831
0.829,-1.644
0.935,-0.564
0.365,-2.234
0.234,-2.31
-0.285,-2.4
2.132,-2.315
1.526,-2.258
-0.999,2.062
-0.906,2.106
-1.832,1.826
-2.328,2.083
-2.397,1.896
-2.951,1.847
3.11,2.224
1.878,2.154
1.001,2.046
0.462,-0.712
2.792,-1.684
2.832,1.441
0.784,1.412
-0.268,-1.844
-0.44,-0.202
-1.267,-0.914
1.946,-0.215
1.209,1.054
1.087,0.899
1.084,1.052
-0.421,-0.364
-0.584,1.726
-1.951,1.711
2.551,2.061
2.44,1.769
1.089,-2.095
-0.117,-0.145
-0.254,3.581
-0.216,0.987
-0.4,1.986
-0.463,2.239
-0.491,-0.162
-0.506,1.312
-0.586,1.366
-0.683,2.355
-0.614,0.883
-0.673,0.471
-0.893,0.735
-0.812,2.325
-0.872,1.117
-0.95,3.447
-1.107,1.548
-1.044,0.412
-1.214,3.482
-1.244,0.166
-1.261,2.687
-1.321,1.576
-1.272,2.532
-1.391,1.778
-1.345,1.029
-1.343,0.054
-1.434,0.657
-1.43,2.804
-1.421,0.49
-1.463,3.4
-1.472,1.856
-1.587,1.955
-1.626,2.151
-1.649,0.716
-1.698,2.305
-1.743,1.501
-1.763,1.382
-1.779,1.458
-1.736,1.909
-1.758,1.942
-1.808,2.308
-1.826,0.265
-1.959,3.244
-2.025,1.323
-2.029,0.133
-2.144,0.424
-2.164,1.675
-2.213,1.465
-2.357,0.608
-2.405,-0.222
-2.433,2.846
-2.522,0.53
-2.482,-0.101
-2.823,2.752
-2.747,2.337
-2.885,0.53
-2.996,0.541
-2.955,1.843
-2.998,1.998
2.987,0.459
3.028,2.728
2.907,2.667
2.878,0.779
2.901,1.666
2.868,1.292
2.766,0.216
2.774,3.214
2.69,0.031
2.582,0.802
2.539,1.944
2.433,0.903
2.392,2.698
2.35,2.096
2.286,2.066
2.079,0.658
2.097,2.412
2.081,0.666
1.951,1.979
1.755,0.916
1.769,2.027
1.775,1.61
1.707,2.481
1.729,0.811
1.615,2.373
1.579,0.153
1.239,-0.093
1.166,1.539
0.929,1.967
0.873,3.559
0.885,2.479
0.811,1.157
0.793,1.514
0.757,0.192
0.766,-0.366
0.209,-0.191
0.017,-0.393
-0.285,-0.243
-0.948,-0.255
-1.432,-0.414
-2.145,-0.443
-3.036,-0.226
1.938,-0.086
1.937,-0.434
1.91,-0.375
0.364,3.952
0.401,4.083
-0.797,3.865
2.746,4.108
1.357,3.943
1.149,3.951
-1.596,2.645
-1.497,-0.207
-1.662,3.614
-2.867,1.904
-2.961,3.62
1.889,1.213
-1.122,-0.313
1.949,-0.381
-2.588,4.083
0.714,1.524
0.565,-0.208
0.596,2.661
0.036,1.513
-0.148,3.422
-0.161,2.317
-0.221,2.282
-0.292,2.777
-0.401,1.388
-0.495,1.162
-0.375,0.546
-0.552,-0.119
-1.157,1.108
-1.238,3.548
-1.434,1.175
-1.52,3.648
-1.723,1.888
-1.865,-0.14
-1.723,0.477
-1.757,0.721
-1.794,3.468
-1.994,3.14
-1.957,1.752
-2.166,1.28
-2.232,1.446
-2.51,2.668
-2.517,2.539
-2.602,0.673
-2.642,1.467
3.133,3.504
3.076,-0.135
2.93,1.704
2.994,1.997
2.857,1.71
2.966,0.641
2.665,0.719
2.481,0.16
2.59,2.171
2.416,2.64
2.287,1.693
2.392,2.247
2.256,1.868
2.343,1.811
2.21,2.209
2.113,0.077
2.188,1.176
2.106,1.996
1.961,1.424
2.022,0.363
2.004,3.098
1.805,2.239
1.532,0.165
1.307,0.339
1.186,-0.091
1.244,2.848
1.215,0.47
1.178,1.199
1.058,3.04
1.162,2.825
1.002,0.35
1.108,1.43
0.538,-0.24
0.407,-0.316
-0.112,-0.406
2.305,-0.321
1.699,-0.264
-0.826,4.056
-0.733,4.1
-1.659,3.82
-2.155,4.077
-2.224,3.89
-2.778,3.841
-3.0,4.218
2.051,4.148
1.174,4.04
0.635,1.282
2.965,0.31
3.005,3.435
0.957,3.406
-0.095,0.15
-0.267,1.792
-1.094,1.08
2.119,1.779
1.382,3.048
1.26,2.893
1.257,3.046
-0.248,1.63
-0.411,3.72
-1.778,3.705
2.724,4.055
2.613,3.763
1.262,-0.101
-0.137,3.726
-0.099,1.132
-0.283,2.131
-0.346,2.384
-0.374,-0.017
-0.389,1.457
-0.469,1.511
-0.566,2.5
-0.497,1.028
-0.556,0.616
-0.776,0.88
-0.695,2.47
-0.755,1.262
-0.833,3.592
-0.99,1.693
-0.927,0.557
-1.097,3.627
-1.127,0.311
-1.144,2.832
-1.204,1.721
-1.155,2.677
-1.274,1.923
-1.228,1.174
-1.226,0.199
-1.317,0.802
-1.313,2.949
-1.304,0.635
-1.346,3.545
-1.355,2.001
-1.47,2.1
-1.509,2.296
-1.532,0.861
-1.581,2.45
-1.626,1.646
-1.646,1.527
-1.662,1.603
-1.619,2.054
-1.641,2.087
-1.691,2.453
-1.709,0.41
-1.842,3.389
-1.908,1.468
-1.912,0.278
-2.027,0.569
-2.047,1.82
-2.096,1.61
-2.24,0.753
-2.288,-0.077
-2.316,2.991
-2.405,0.675
-2.365,0.044
-2.706,2.897
-2.63,2.482
-2.768,0.675
-2.879,0.686
-2.838,1.988
-2.881,2.143
3.104,0.604
-3.138,2.873
3.024,2.812
2.995,0.924
3.018,1.811
2.985,1.437
2.883,0.361
2.891,3.359
2.807,0.176
2.699,0.947
2.656,2.089
2.55,1.048
2.509,2.843
2.467,2.241
2.403,2.211
2.196,0.803
2.214,2.557
2.198,0.811
2.068,2.124
1.872,1.061
1.886,2.172
1.892,1.755
1.824,2.626
1.846,0.956
1.732,2.518
1.696,0.298
1.356,0.052
1.283,1.684
1.046,2.112
0.99,3.704
1.002,2.624
0.928,1.302
0.91,1.659
0.874,0.337
0.883,-0.221
0.326,-0.046
0.134,-0.248
-0.168,-0.098
-0.831,-0.11
-1.315,-0.269
-2.028,-0.298
-2.919,-0.081
2.055,0.059
2.054,-0.289
2.027,-0.23
0.481,4.097
0.518,4.228
-0.68,4.01
2.863,4.253
1.474,4.088
1.266,4.096
-1.479,2.79
-1.38,-0.062
-1.545,3.759
-2.75,2.049
-2.844,3.765
2.006,1.358
-1.005,-0.168
2.066,-0.236
-2.471,4.228
0.831,1.669
0.682,-0.063
0.713,2.806
0.153,1.658
-0.031,3.567
-0.044,2.462
-0.104,2.427
-0.175,2.922
-0.284,1.533
-0.378,1.307
-0.258,0.691
-0.435,0.026
-1.04,1.253
-1.121,3.693
-1.317,1.32
-1.403,3.793
-1.606,2.033
-1.748,0.005
-1.606,0.622
-1.64,0.866
-1.677,3.613
-1.877,3.285
-1.84,1.897
-2.049,1.425
-2.115,1.591
-2.393,2.813
-2.4,2.684
-2.485,0.818
-2.525,1.612
-3.033,3.649
-3.09,0.01
3.047,1.849
3.111,2.142
2.974,1.855
3.083,0.786
2.782,0.864
2.598,0.305
2.707,2.316
2.533,2.785
2.404,1.838
2.509,2.392
2.373,2.013
2.46,1.956
2.327,2.354
2.23,0.222
2.305,1.321
2.223,2.141
2.078,1.569
2.139,0.508
2.121,3.243
1.922,2.384
1.649,0.31
1.424,0.484
1.303,0.054
1.361,2.993
1.332,0.615
1.295,1.344
1.175,3.185
1.279,2.97
1.119,0.495
1.225,1.575
0.655,-0.095
0.524,-0.171
0.005,-0.261
2.422,-0.176
1.816,-0.119
-0.709,4.201
-0.616,4.245
-1.542,3.965
-2.038,4.222
-2.107,4.035
-2.661,3.986
-2.883,4.363
2.168,4.293
1.291,4.185
0.752,1.427
3.082,0.455
3.122,3.58
1.074,3.551
0.022,0.295
-0.15,1.937
-0.977,1.225
2.236,1.924
1.499,3.193
1.377,3.038
1.374,3.191
-0.131,1.775
-0.294,3.865
-1.661,3.85
2.841,4.2
2.73,3.908
1.379,0.044
0.038,-2.594
-0.146,-1.595
-0.209,-1.342
-0.237,-3.743
-0.252,-2.269
-0.332,-2.215
-0.429,-1.226
-0.36,-2.698
-0.419,-3.11
-0.639,-2.846
-0.558,-1.256
-0.618,-2.464
-0.696,-0.134
-0.853,-2.033
-0.79,-3.169
-0.96,-0.099
-0.99,-3.415
-1.007,-0.894
-1.067,-2.005
-1.018,-1.049
-1.137,-1.803
-1.091,-2.552
-1.089,-3.527
-1.18,-2.924
-1.176,-0.777
-1.167,-3.091
-1.209,-0.181
-1.218,-1.725
-1.333,-1.626
-1.372,-1.43
-1.395,-2.865
-1.444,-1.276
-1.489,-2.08
-1.509,-2.199
-1.525,-2.123
-1.482,-1.672
-1.504,-1.639
-1.554,-1.273
-1.572,-3.316
-1.705,-0.337
-1.771,-2.258
-1.775,-3.448
-1.89,-3.157
-1.91,-1.906
-1.959,-2.116
-2.103,-2.973
-2.151,-3.803
-2.179,-0.735
-2.268,-3.051
-2.228,-3.682
-2.569,-0.829
-2.493,-1.244
-2.631,-3.051
-2.742,-3.04
-2.701,-1.738
-2.744,-1.583
-3.042,-3.122
-3.001,-0.853
-3.122,-0.914
3.132,-2.802
-3.128,-1.915
3.122,-2.289
3.02,-3.365
3.028,-0.367
2.944,-3.55
2.836,-2.779
2.793,-1.637
2.687,-2.678
2.646,-0.883
2.604,-1.485
2.54,-1.515
2.333,-2.923
2.351,-1.169
2.335,-2.915
2.205,-1.602
2.009,-2.665
2.023,-1.554
2.029,-1.971
1.961,-1.1
1.983,-2.77
1.869,-1.208
1.833,-3.428
1.493,-3.674
1.42,-2.042
1.183,-1.614
1.127,-0.022
1.139,-1.102
1.065,-2.424
1.047,-2.067
1.011,-3.389
1.02,-3.947
0.463,-3.772
0.271,-3.974
-0.031,-3.824
-0.694,-3.836
-1.178,-3.995
-1.891,-4.024
-2.782,-3.807
2.192,-3.667
2.191,-4.015
2.164,-3.956
0.618,0.371
0.655,0.502
-0.543,0.284
3.0,0.527
1.611,0.362
1.403,0.37
-1.342,-0.936
-1.243,-3.788
-1.408,0.033
-2.613,-1.677
-2.707,0.039
2.143,-2.368
-0.868,-3.894
2.203,-3.962
-2.334,0.502
0.968,-2.057
0.819,-3.789
0.85,-0.92
0.29,-2.068
0.106,-0.159
0.093,-1.264
0.033,-1.299
-0.038,-0.804
-0.147,-2.193
-0.241,-2.419
-0.121,-3.035
-0.298,-3.7
-0.903,-2.473
-0.984,-0.033
-1.18,-2.406
-1.266,0.067
-1.469,-1.693
-1.611,-3.721
-1.469,-3.104
-1.503,-2.86
-1.54,-0.113
-1.74,-0.441
-1.703,-1.829
-1.912,-2.301
-1.978,-2.135
-2.256,-0.913
-2.263,-1.042
-2.348,-2.908
-2.388,-2.114
-2.896,-0.077
-2.953,-3.716
-3.099,-1.877
-3.035,-1.584
3.111,-1.871
-3.063,-2.94
2.919,-2.862
2.735,-3.421
2.844,-1.41
2.67,-0.941
2.541,-1.888
2.646,-1.334
2.51,-1.713
2.597,-1.77
2.464,-1.372
2.367,-3.504
2.442,-2.405
2.36,-1.585
2.215,-2.157
2.276,-3.218
2.258,-0.483
2.059,-1.342
1.786,-3.416
1.561,-3.242
1.44,-3.672
1.498,-0.733
1.469,-3.111
1.432,-2.382
1.312,-0.541
1.416,-0.756
1.256,-3.231
1.362,-2.151
0.792,-3.821
0.661,-3.897
0.142,-3.987
2.559,-3.902
1.953,-3.845
-0.572,0.475
-0.479,0.519
-1.405,0.239
-1.901,0.496
-1.97,0.309
-2.524,0.26
-2.746,0.637
2.305,0.567
1.428,0.459
0.889,-2.299
-3.064,-3.271
-3.024,-0.146
1.211,-0.175
0.159,-3.431
-0.013,-1.789
-0.84,-2.501
2.373,-1.802
1.636,-0.533
1.514,-0.688
1.511,-0.535
0.006,-1.951
-0.157,0.139
-1.524,0.124
2.978,0.474
2.867,0.182
1.516,-3.682
-0.184,0.999
-0.247,1.252
-0.275,-1.149
-0.29,0.325
-0.37,0.379
-0.467,1.368
-0.398,-0.104
-0.457,-0.516
-0.677,-0.252
-0.596,1.338
-0.656,0.13
-0.734,2.46
-0.891,0.561
-0.828,-0.575
-0.998,2.495
-1.028,-0.821
-1.045,1.7
-1.105,0.589
-1.056,1.545
-1.175,0.791
-1.129,0.042
-1.127,-0.933
-1.218,-0.33
-1.214,1.817
-1.205,-0.497
-1.247,2.413
-1.256,0.869
-1.371,0.968
-1.41,1.164
-1.433,-0.271
-1.482,1.318
-1.527,0.514
-1.547,0.395
-1.563,0.471
-1.52,0.922
-1.542,0.955
-1.592,1.321
-1.61,-0.722
-1.743,2.257
-1.809,0.336
-1.813,-0.854
-1.928,-0.563
-1.948,0.688
-1.997,0.478
-2.141,-0.379
-2.189,-1.209
-2.217,1.859
-2.306,-0.457
-2.266,-1.088
-2.607,1.765
-2.531,1.35
-2.669,-0.457
-2.78,-0.446
-2.739,0.856
-2.782,1.011
-3.08,-0.528
-3.039,1.741
3.123,1.68
3.094,-0.208
3.117,0.679
3.084,0.305
2.982,-0.771
2.99,2.227
2.906,-0.956
2.798,-0.185
2.755,0.957
2.649,-0.084
2.608,1.711
2.566,1.109
2.502,1.079
2.295,-0.329
2.313,1.425
2.297,-0.321
2.167,0.992
1.971,-0.071
1.985,1.04
1.991,0.623
1.923,1.494
1.945,-0.176
1.831,1.386
1.795,-0.834
1.455,-1.08
1.382,0.552
1.145,0.98
1.089,2.572
1.101,1.492
1.027,0.17
1.009,0.527
0.973,-0.795
0.982,-1.353
0.425,-1.178
0.233,-1.38
-0.069,-1.23
-0.732,-1.242
-1.216,-1.401
-1.929,-1.43
-2.82,-1.213
2.154,-1.073
2.153,-1.421
2.126,-1.362
0.58,2.965
0.617,3.096
-0.581,2.878
2.962,3.121
1.573,2.956
1.365,2.964
-1.38,1.658
-1.281,-1.194
-1.446,2.627
-2.651,0.917
-2.745,2.633
2.105,0.226
-0.906,-1.3
2.165,-1.368
-2.372,3.096
0.93,0.537
0.781,-1.195
0.812,1.674
0.252,0.526
0.068,2.435
0.055,1.33
-0.005,1.295
-0.076,1.79
-0.185,0.401
-0.279,0.175
-0.159,-0.441
-0.336,-1.106
-0.941,0.121
-1.022,2.561
-1.218,0.188
-1.304,2.661
-1.507,0.901
-1.649,-1.127
-1.507,-0.51
-1.541,-0.266
-1.578,2.481
-1.778,2.153
-1.741,0.765
-1.95,0.293
-2.016,0.459
-2.294,1.681
-2.301,1.552
-2.386,-0.314
-2.426,0.48
-2.934,2.517
-2.991,-1.122
-3.137,0.717
-3.073,1.01
3.073,0.723
-3.101,-0.346
2.881,-0.268
2.697,-0.827
2.806,1.184
2.632,1.653
2.503,0.706
2.608,1.26
2.472,0.881
2.559,0.824
2.426,1.222
2.329,-0.91
2.404,0.189
2.322,1.009
2.177,0.437
2.238,-0.624
2.22,2.111
2.021,1.252
1.748,-0.822
1.523,-0.648
1.402,-1.078
1.46,1.861
1.431,-0.517
1.394,0.212
1.274,2.053
1.378,1.838
1.218,-0.637
1.324,0.443
0.754,-1.227
0.623,-1.303
0.104,-1.393
2.521,-1.308
1.915,-1.251
-0.61,3.069
-0.517,3.113
-1.443,2.833
-1.939,3.09
-2.008,2.903
-2.562,2.854
-2.784,3.231
2.267,3.161
1.39,3.053
0.851,0.295
-3.102,-0.677
-3.062,2.448
1.173,2.419
0.121,-0.837
-0.051,0.805
-0.878,0.093
2.335,0.792
1.598,2.061
1.476,1.906
1.473,2.059
-0.032,0.643
-0.195,2.733
-1.562,2.718
2.94,3.068
2.829,2.776
1.478,-1.088
-0.063,0.253
-0.091,-2.148
-0.106,-0.674
-0.186,-0.62
-0.283,0.369
-0.214,-1.103
-0.273,-1.515
-0.493,-1.251
-0.412,0.339
-0.472,-0.869
-0.55,1.461
-0.707,-0.438
-0.644,-1.574
-0.814,1.496
-0.844,-1.82
-0.861,0.701
-0.921,-0.41
-0.872,0.546
-0.991,-0.208
-0.945,-0.957
-0.943,-1.932
-1.034,-1.329
-1.03,0.818
-1.021,-1.496
-1.063,1.414
-1.072,-0.13
-1.187,-0.031
-1.226,0.165
-1.249,-1.27
-1.298,0.319
-1.343,-0.485
-1.363,-0.604
-1.379,-0.528
-1.336,-0.077
-1.358,-0.044
-1.408,0.322
-1.426,-1.721
-1.559,1.258
-1.625,-0.663
-1.629,-1.853
-1.744,-1.562
-1.764,-0.311
-1.813,-0.521
-1.957,-1.378
-2.005,-2.208
-2.033,0.86
-2.122,-1.456
-2.082,-2.087
-2.423,0.766
-2.347,0.351
-2.485,-1.456
-2.596,-1.445
-2.555,-0.143
-2.598,0.012
-2.896,-1.527
-2.855,0.742
-2.976,0.681
-3.005,-1.207
-2.982,-0.32
-3.015,-0.694
-3.117,-1.77
-3.109,1.228
3.09,-1.955
2.982,-1.184
2.939,-0.042
2.833,-1.083
2.792,0.712
2.75,0.11
2.686,0.08
2.479,-1.328
2.497,0.426
2.481,-1.32
2.351,-0.007
2.155,-1.07
2.169,0.041
2.175,-0.376
2.107,0.495
2.129,-1.175
2.015,0.387
1.979,-1.833
1.639,-2.079
1.566,-0.447
1.329,-0.019
1.273,1.573
1.285,0.493
1.211,-0.829
1.193,-0.472
1.157,-1.794
1.166,-2.352
0.609,-2.177
0.417,-2.379
0.115,-2.229
-0.548,-2.241
-1.032,-2.4
-1.745,-2.429
-2.636,-2.212
2.338,-2.072
2.337,-2.42
2.31,-2.361
0.764,1.966
0.801,2.097
-0.397,1.879
-3.137,2.122
1.757,1.957
1.549,1.965
-1.196,0.659
-1.097,-2.193
-1.262,1.628
-2.467,-0.082
-2.561,1.634
2.289,-0.773
-0.722,-2.299
2.349,-2.367
-2.188,2.097
1.114,-0.462
0.965,-2.194
0.996,0.675
0.436,-0.473
0.252,1.436
0.239,0.331
0.179,0.296
0.108,0.791
-0.001,-0.598
-0.095,-0.824
0.025,-1.44
-0.152,-2.105
-0.757,-0.878
-0.838,1.562
-1.034,-0.811
-1.12,1.662
-1.323,-0.098
-1.465,-2.126
-1.323,-1.509
-1.357,-1.265
-1.394,1.482
-1.594,1.154
-1.557,-0.234
-1.766,-0.706
-1.832,-0.54
-2.11,0.682
-2.117,0.553
-2.202,-1.313
-2.242,-0.519
-2.75,1.518
-2.807,-2.121
-2.953,-0.282
-2.889,0.011
-3.026,-0.276
-2.917,-1.345
3.065,-1.267
2.881,-1.826
2.99,0.185
2.816,0.654
2.687,-0.293
2.792,0.261
2.656,-0.118
2.743,-0.175
2.61,0.223
2.513,-1.909
2.588,-0.81
2.506,0.01
2.361,-0.562
2.422,-1.623
2.404,1.112
2.205,0.253
1.932,-1.821
1.707,-1.647
1.586,-2.077
1.644,0.862
1.615,-1.516
1.578,-0.787
1.458,1.054
1.562,0.839
1.402,-1.636
1.508,-0.556
0.938,-2.226
0.807,-2.302
0.288,-2.392
2.705,-2.307
2.099,-2.25
-0.426,2.07
-0.333,2.114
-1.259,1.834
-1.755,2.091
-1.824,1.904
-2.378,1.855
-2.6,2.232
2.451,2.162
1.574,2.054
1.035,-0.704
-2.918,-1.676
-2.878,1.449
1.357,1.42
0.305,-1.836
0.133,-0.194
-0.694,-0.906
2.519,-0.207
1.782,1.062
1.66,0.907
1.657,1.06
0.152,-0.356
-0.011,1.734
-1.378,1.719
3.124,2.069
3.013,1.777
1.662,-2.087
-0.028,-2.401
-0.043,-0.927
-0.123,-0.873
-0.22,0.116
-0.151,-1.356
-0.21,-1.768
-0.43,-1.504
-0.349,0.086
-0.409,-1.122
-0.487,1.208
-0.644,-0.691
-0.581,-1.827
-0.751,1.243
-0.781,-2.073
-0.798,0.448
-0.858,-0.663
-0.809,0.293
-0.928,-0.461
-0.882,-1.21
-0.88,-2.185
-0.971,-1.582
-0.967,0.565
-0.958,-1.749
-1.0,1.161
-1.009,-0.383
-1.124,-0.284
-1.163,-0.088
-1.186,-1.523
-1.235,0.066
-1.28,-0.738
-1.3,-0.857
-1.316,-0.781
-1.273,-0.33
-1.295,-0.297
-1.345,0.069
-1.363,-1.974
-1.496,1.005
-1.562,-0.916
-1.566,-2.106
-1.681,-1.815
-1.701,-0.564
-1.75,-0.774
-1.894,-1.631
-1.942,-2.461
-1.97,0.607
-2.059,-1.709
-2.019,-2.34
-2.36,0.513
-2.284,0.098
-2.422,-1.709
-2.533,-1.698
-2.492,-0.396
-2.535,-0.241
-2.833,-1.78
-2.792,0.489
-2.913,0.428
-2.942,-1.46
-2.919,-0.573
-2.952,-0.947
-3.054,-2.023
-3.046,0.975
-3.13,-2.208
3.045,-1.437
3.002,-0.295
2.896,-1.336
2.855,0.459
2.813,-0.143
2.749,-0.173
2.542,-1.581
2.56,0.173
2.544,-1.573
2.414,-0.26
2.218,-1.323
2.232,-0.212
2.238,-0.629
2.17,0.242
2.192,-1.428
2.078,0.134
2.042,-2.086
1.702,-2.332
1.629,-0.7
1.392,-0.272
1.336,1.32
1.348,0.24
1.274,-1.082
1.256,-0.725
1.22,-2.047
1.229,-2.605
0.672,-2.43
0.48,-2.632
0.178,-2.482
-0.485,-2.494
-0.969,-2.653
-1.682,-2.682
-2.573,-2.465
2.401,-2.325
2.4,-2.673
2.373,-2.614
0.827,1.713
0.864,1.844
-0.334,1.626
-3.074,1.869
1.82,1.704
1.612,1.712
-1.133,0.406
-1.034,-2.446
-1.199,1.375
-2.404,-0.335
-2.498,1.381
2.352,-1.026
-0.659,-2.552
2.412,-2.62
-2.125,1.844
1.177,-0.715
1.028,-2.447
1.059,0.422
0.499,-0.726
0.315,1.183
0.302,0.078
0.242,0.043
0.171,0.538
0.062,-0.851
-0.032,-1.077
0.088,-1.693
-0.089,-2.358
-0.694,-1.131
-0.775,1.309
-0.971,-1.064
-1.057,1.409
-1.26,-0.351
-1.402,-2.379
-1.26,-1.762
-1.294,-1.518
-1.331,1.229
-1.531,0.901
-1.494,-0.487
-1.703,-0.959
-1.769,-0.793
-2.047,0.429
-2.054,0.3
-2.139,-1.566
-2.179,-0.772
-2.687,1.265
-2.744,-2.374
-2.89,-0.535
-2.826,-0.242
-2.963,-0.529
-2.854,-1.598
3.128,-1.52
2.944,-2.079
3.053,-0.068
2.879,0.401
2.75,-0.546
2.855,0.008
2.719,-0.371
2.806,-0.428
2.673,-0.03
2.576,-2.162
2.651,-1.063
2.569,-0.243
2.424,-0.815
2.485,-1.876
2.467,0.859
2.268,0.0
1.995,-2.074
1.77,-1.9
1.649,-2.33
1.707,0.609
1.678,-1.769
1.641,-1.04
1.521,0.801
1.625,0.586
1.465,-1.889
1.571,-0.809
1.001,-2.479
0.87,-2.555
0.351,-2.645
2.768,-2.56
2.162,-2.503
-0.363,1.817
-0.27,1.861
-1.196,1.581
-1.692,1.838
-1.761,1.651
-2.315,1.602
-2.537,1.979
2.514,1.909
1.637,1.801
1.098,-0.957
-2.855,-1.929
-2.815,1.196
1.42,1.167
0.368,-2.089
0.196,-0.447
-0.631,-1.159
2.582,-0.46
1.845,0.809
1.723,0.654
1.72,0.807
0.215,-0.609
0.052,1.481
-1.315,1.466
-3.096,1.816
3.076,1.524
1.725,-2.34
-0.015,1.474
-0.095,1.528
-0.192,2.517
-0.123,1.045
-0.182,0.633
-0.402,0.897
-0.321,2.487
-0.381,1.279
-0.459,3.609
-0.616,1.71
-0.553,0.574
-0.723,3.644
-0.753,0.328
-0.77,2.849
-0.83,1.738
-0.781,2.694
-0.9,1.94
-0.854,1.191
-0.852,0.216
-0.943,0.819
-0.939,2.966
-0.93,0.652
-0.972,3.562
-0.981,2.018
-1.096,2.117
-1.135,2.313
-1.158,0.878
-1.207,2.467
-1.252,1.663
-1.272,1.544
-1.288,1.62
-1.245,2.071
-1.267,2.104
-1.317,2.47
-1.335,0.427
-1.468,3.406
-1.534,1.485
-1.538,0.295
-1.653,0.586
-1.673,1.837
-1.722,1.627
-1.866,0.77
-1.914,-0.06
-1.942,3.008
-2.031,0.692
-1.991,0.061
-2.332,2.914
-2.256,2.499
-2.394,0.692
-2.505,0.703
-2.464,2.005
-2.507,2.16
-2.805,0.621
-2.764,2.89
-2.885,2.829
-2.914,0.941
-2.891,1.828
-2.924,1.454
-3.026,0.378
-3.018,3.376
-3.102,0.193
3.073,0.964
3.03,2.106
2.924,1.065
2.883,2.86
2.841,2.258
2.777,2.228
2.57,0.82
2.588,2.574
2.572,0.828
2.442,2.141
2.246,1.078
2.26,2.189
2.266,1.772
2.198,2.643
2.22,0.973
2.106,2.535
2.07,0.315
1.73,0.069
1.657,1.701
1.42,2.129
1.364,3.721
1.376,2.641
1.302,1.319
1.284,1.676
1.248,0.354
1.257,-0.204
0.7,-0.029
0.508,-0.231
0.206,-0.081
-0.457,-0.093
-0.941,-0.252
-1.654,-0.281
-2.545,-0.064
2.429,0.076
2.428,-0.272
2.401,-0.213
0.855,4.114
0.892,4.245
-0.306,4.027
-3.046,4.27
1.848,4.105
1.64,4.113
-1.105,2.807
-1.006,-0.045
-1.171,3.776
-2.376,2.066
-2.47,3.782
2.38,1.375
-0.631,-0.151
2.44,-0.219
-2.097,4.245
1.205,1.686
1.056,-0.046
1.087,2.823
0.527,1.675
0.343,3.584
0.33,2.479
0.27,2.444
0.199,2.939
0.09,1.55
-0.004,1.324
0.116,0.708
-0.061,0.043
-0.666,1.27
-0.747,3.71
-0.943,1.337
-1.029,3.81
-1.232,2.05
-1.374,0.022
-1.232,0.639
-1.266,0.883
-1.303,3.63
-1.503,3.302
-1.466,1.914
-1.675,1.442
-1.741,1.608
-2.019,2.83
-2.026,2.701
-2.111,0.835
-2.151,1.629
-2.659,3.666
-2.716,0.027
-2.862,1.866
-2.798,2.159
-2.935,1.872
-2.826,0.803
-3.127,0.881
2.972,0.322
3.081,2.333
2.907,2.802
2.778,1.855
2.883,2.409
2.747,2.03
2.834,1.973
2.701,2.371
2.604,0.239
2.679,1.338
2.597,2.158
2.452,1.586
2.513,0.525
2.495,3.26
2.296,2.401
2.023,0.327
1.798,0.501
1.677,0.071
1.735,3.01
1.706,0.632
1.669,1.361
1.549,3.202
1.653,2.987
1.493,0.512
1.599,1.592
1.029,-0.078
0.898,-0.154
0.379,-0.244
2.796,-0.159
2.19,-0.102
-0.335,4.218
-0.242,4.262
-1.168,3.982
-1.664,4.239
-1.733,4.052
-2.287,4.003
-2.509,4.38
2.542,4.31
1.665,4.202
1.126,1.444
-2.827,0.472
-2.787,3.597
1.448,3.568
0.396,0.312
0.224,1.954
-0.603,1.242
2.61,1.941
1.873,3.21
1.751,3.055
1.748,3.208
0.243,1.792
0.08,3.882
-1.287,3.867
-3.068,4.217
3.104,3.925
1.753,0.061
-0.08,0.054
-0.177,1.043
-0.108,-0.429
-0.167,-0.841
-0.387,-0.577
-0.306,1.013
-0.366,-0.195
-0.444,2.135
-0.601,0.236
-0.538,-0.9
-0.708,2.17
-0.738,-1.146
-0.755,1.375
-0.815,0.264
-0.766,1.22
-0.885,0.466
-0.839,-0.283
-0.837,-1.258
-0.928,-0.655
-0.924,1.492
-0.915,-0.822
-0.957,2.088
-0.966,0.544
-1.081,0.643
-1.12,0.839
-1.143,-0.596
-1.192,0.993
-1.237,0.189
-1.257,0.07
-1.273,0.146
-1.23,0.597
-1.252,0.63
-1.302,0.996
-1.32,-1.047
-1.453,1.932
-1.519,0.011
-1.523,-1.179
-1.638,-0.888
-1.658,0.363
-1.707,0.153
-1.851,-0.704
-1.899,-1.534
-1.927,1.534
-2.016,-0.782
-1.976,-1.413
-2.317,1.44
-2.241,1.025
-2.379,-0.782
-2.49,-0.771
-2.449,0.531
-2.492,0.686
-2.79,-0.853
-2.749,1.416
-2.87,1.355
-2.899,-0.533
-2.876,0.354
-2.909,-0.02
-3.011,-1.096
-3.003,1.902
-3.087,-1.281
3.088,-0.51
3.045,0.632
2.939,-0.409
2.898,1.386
2.856,0.784
2.792,0.754
2.585,-0.654
2.603,1.1
2.587,-0.646
2.457,0.667
2.261,-0.396
2.275,0.715
2.281,0.298
2.213,1.169
2.235,-0.501
2.121,1.061
2.085,-1.159
1.745,-1.405
1.672,0.227
1.435,0.655
1.379,2.247
1.391,1.167
1.317,-0.155
1.299,0.202
1.263,-1.12
1.272,-1.678
0.715,-1.503
0.523,-1.705
0.221,-1.555
-0.442,-1.567
-0.926,-1.726
-1.639,-1.755
-2.53,-1.538
2.444,-1.398
2.443,-1.746
2.416,-1.687
0.87,2.64
0.907,2.771
-0.291,2.553
-3.031,2.796
1.863,2.631
1.655,2.639
-1.09,1.333
-0.991,-1.519
-1.156,2.302
-2.361,0.592
-2.455,2.308
2.395,-0.099
-0.616,-1.625
2.455,-1.693
-2.082,2.771
1.22,0.212
1.071,-1.52
1.102,1.349
0.542,0.201
0.358,2.11
0.345,1.005
0.285,0.97
0.214,1.465
0.105,0.076
0.011,-0.15
0.131,-0.766
-0.046,-1.431
-0.651,-0.204
-0.732,2.236
-0.928,-0.137
-1.014,2.336
-1.217,0.576
-1.359,-1.452
-1.217,-0.835
-1.251,-0.591
-1.288,2.156
-1.488,1.828
-1.451,0.44
-1.66,-0.032
-1.726,0.134
-2.004,1.356
-2.011,1.227
-2.096,-0.639
-2.136,0.155
-2.644,2.192
-2.701,-1.447
-2.847,0.392
-2.783,0.685
-2.92,0.398
-2.811,-0.671
-3.112,-0.593
2.987,-1.152
3.096,0.859
2.922,1.328
2.793,0.381
2.898,0.935
2.762,0.556
2.849,0.499
2.716,0.897
2.619,-1.235
2.694,-0.136
2.612,0.684
2.467,0.112
2.528,-0.949
2.51,1.786
2.311,0.927
2.038,-1.147
1.813,-0.973
1.692,-1.403
1.75,1.536
1.721,-0.842
1.684,-0.113
1.564,1.728
1.668,1.513
1.508,-0.962
1.614,0.118
1.044,-1.552
0.913,-1.628
0.394,-1.718
2.811,-1.633
2.205,-1.576
-0.32,2.744
-0.227,2.788
-1.153,2.508
-1.649,2.765
-1.718,2.578
-2.272,2.529
-2.494,2.906
2.557,2.836
1.68,2.728
1.141,-0.03
-2.812,-1.002
-2.772,2.123
1.463,2.094
0.411,-1.162
0.239,0.48
-0.588,-0.232
2.625,0.467
1.888,1.736
1.766,1.581
1.763,1.734
0.258,0.318
0.095,2.408
-1.272,2.393
-3.053,2.743
3.119,2.451
1.768,-1.413
-0.097,0.989
-0.028,-0.483
-0.087,-0.895
-0.307,-0.631
-0.226,0.959
-0.286,-0.249
-0.364,2.081
-0.521,0.182
-0.458,-0.954
-0.628,2.116
-0.658,-1.2
-0.675,1.321
-0.735,0.21
-0.686,1.166
-0.805,0.412
-0.759,-0.337
-0.757,-1.312
-0.848,-0.709
-0.844,1.438
-0.835,-0.876
-0.877,2.034
-0.886,0.49
-1.001,0.589
-1.04,0.785
-1.063,-0.65
-1.112,0.939
-1.157,0.135
-1.177,0.016
-1.193,0.092
-1.15,0.543
-1.172,0.576
-1.222,0.942
-1.24,-1.101
-1.373,1.878
-1.439,-0.043
-1.443,-1.233
-1.558,-0.942
-1.578,0.309
-1.627,0.099
-1.771,-0.758
-1.819,-1.588
-1.847,1.48
-1.936,-0.836
-1.896,-1.467
-2.237,1.386
-2.161,0.971
-2.299,-0.836
-2.41,-0.825
-2.369,0.477
-2.412,0.632
-2.71,-0.907
-2.669,1.362
-2.79,1.301
-2.819,-0.587
-2.796,0.3
-2.829,-0.074
-2.931,-1.15
-2.923,1.848
-3.007,-1.335
-3.115,-0.564
3.125,0.578
3.019,-0.463
2.978,1.332
2.936,0.73
2.872,0.7
2.665,-0.708
2.683,1.046
2.667,-0.7
2.537,0.613
2.341,-0.45
2.355,0.661
2.361,0.244
2.293,1.115
2.315,-0.555
2.201,1.007
2.165,-1.213
1.825,-1.459
1.752,0.173
1.515,0.601
1.459,2.193
1.471,1.113
1.397,-0.209
1.379,0.148
1.343,-1.174
1.352,-1.732
0.795,-1.557
0.603,-1.759
0.301,-1.609
-0.362,-1.621
-0.846,-1.78
-1.559,-1.809
-2.45,-1.592
2.524,-1.452
2.523,-1.8
2.496,-1.741
0.95,2.586
0.987,2.717
-0.211,2.499
-2.951,2.742
1.943,2.577
1.735,2.585
-1.01,1.279
-0.911,-1.573
-1.076,2.248
-2.281,0.538
-2.375,2.254
2.475,-0.153
-0.536,-1.679
2.535,-1.747
-2.002,2.717
1.3,0.158
1.151,-1.574
1.182,1.295
0.622,0.147
0.438,2.056
0.425,0.951
0.365,0.916
0.294,1.411
0.185,0.022
0.091,-0.204
0.211,-0.82
0.034,-1.485
-0.571,-0.258
-0.652,2.182
-0.848,-0.191
-0.934,2.282
-1.137,0.522
-1.279,-1.506
-1.137,-0.889
-1.171,-0.645
-1.208,2.102
-1.408,1.774
-1.371,0.386
-1.58,-0.086
-1.646,0.08
-1.924,1.302
-1.931,1.173
-2.016,-0.693
-2.056,0.101
-2.564,2.138
-2.621,-1.501
-2.767,0.338
-2.703,0.631
-2.84,0.344
-2.731,-0.725
-3.032,-0.647
3.067,-1.206
-3.107,0.805
3.002,1.274
2.873,0.327
2.978,0.881
2.842,0.502
2.929,0.445
2.796,0.843
2.699,-1.289
2.774,-0.19
2.692,0.63
2.547,0.058
2.608,-1.003
2.59,1.732
2.391,0.873
2.118,-1.201
1.893,-1.027
1.772,-1.457
1.83,1.482
1.801,-0.896
1.764,-0.167
1.644,1.674
1.748,1.459
1.588,-1.016
1.694,0.064
1.124,-1.606
0.993,-1.682
0.474,-1.772
2.891,-1.687
2.285,-1.63
-0.24,2.69
-0.147,2.734
-1.073,2.454
-1.569,2.711
-1.638,2.524
-2.192,2.475
-2.414,2.852
2.637,2.782
1.76,2.674
1.221,-0.084
-2.732,-1.056
-2.692,2.069
1.543,2.04
0.491,-1.216
0.319,0.426
-0.508,-0.286
2.705,0.413
1.968,1.682
1.846,1.527
1.843,1.68
0.338,0.264
0.175,2.354
-1.192,2.339
-2.973,2.689
-3.084,2.397
1.848,-1.467
0.069,-1.472
0.01,-1.884
-0.21,-1.62
-0.129,-0.03
-0.189,-1.238
-0.267,1.092
-0.424,-0.807
-0.361,-1.943
-0.531,1.127
-0.561,-2.189
-0.578,0.332
-0.638,-0.779
-0.589,0.177
-0.708,-0.577
-0.662,-1.326
-0.66,-2.301
-0.751,-1.698
-0.747,0.449
-0.738,-1.865
-0.78,1.045
-0.789,-0.499
-0.904,-0.4
-0.943,-0.204
-0.966,-1.639
-1.015,-0.05
-1.06,-0.854
-1.08,-0.973
-1.096,-0.897
-1.053,-0.446
-1.075,-0.413
-1.125,-0.047
-1.143,-2.09
-1.276,0.889
-1.342,-1.032
-1.346,-2.222
-1.461,-1.931
-1.481,-0.68
-1.53,-0.89
-1.674,-1.747
-1.722,-2.577
-1.75,0.491
-1.839,-1.825
-1.799,-2.456
-2.14,0.397
-2.064,-0.018
-2.202,-1.825
-2.313,-1.814
-2.272,-0.512
-2.315,-0.357
-2.613,-1.896
-2.572,0.373
-2.693,0.312
-2.722,-1.576
-2.699,-0.689
-2.732,-1.063
-2.834,-2.139
-2.826,0.859
-2.91,-2.324
-3.018,-1.553
-3.061,-0.411
3.116,-1.452
3.075,0.343
3.033,-0.259
2.969,-0.289
2.762,-1.697
2.78,0.057
2.764,-1.689
2.634,-0.376
2.438,-1.439
2.452,-0.328
2.458,-0.745
2.39,0.126
2.412,-1.544
2.298,0.018
2.262,-2.202
1.922,-2.448
1.849,-0.816
1.612,-0.388
1.556,1.204
1.568,0.124
1.494,-1.198
1.476,-0.841
1.44,-2.163
1.449,-2.721
0.892,-2.546
0.7,-2.748
0.398,-2.598
-0.265,-2.61
-0.749,-2.769
-1.462,-2.798
-2.353,-2.581
2.621,-2.441
2.62,-2.789
2.593,-2.73
1.047,1.597
1.084,1.728
-0.114,1.51
-2.854,1.753
2.04,1.588
1.832,1.596
-0.913,0.29
-0.814,-2.562
-0.979,1.259
-2.184,-0.451
-2.278,1.265
2.572,-1.142
-0.439,-2.668
2.632,-2.736
-1.905,1.728
1.397,-0.831
1.248,-2.563
1.279,0.306
0.719,-0.842
0.535,1.067
0.522,-0.038
0.462,-0.073
0.391,0.422
0.282,-0.967
0.188,-1.193
0.308,-1.809
0.131,-2.474
-0.474,-1.247
-0.555,1.193
-0.751,-1.18
-0.837,1.293
-1.04,-0.467
-1.182,-2.495
-1.04,-1.878
-1.074,-1.634
-1.111,1.113
-1.311,0.785
-1.274,-0.603
-1.483,-1.075
-1.549,-0.909
-1.827,0.313
-1.834,0.184
-1.919,-1.682
-1.959,-0.888
-2.467,1.149
-2.524,-2.49
-2.67,-0.651
-2.606,-0.358
-2.743,-0.645
-2.634,-1.714
-2.935,-1.636
-3.119,-2.195
-3.01,-0.184
3.099,0.285
2.97,-0.662
3.075,-0.108
2.939,-0.487
3.026,-0.544
2.893,-0.146
2.796,-2.278
2.871,-1.179
2.789,-0.359
2.644,-0.931
2.705,-1.992
2.687,0.743
2.488,-0.116
2.215,-2.19
1.99,-2.016
1.869,-2.446
1.927,0.493
1.898,-1.885
1.861,-1.156
1.741,0.685
1.845,0.47
1.685,-2.005
1.791,-0.925
1.221,-2.595
1.09,-2.671
0.571,-2.761
2.988,-2.676
2.382,-2.619
-0.143,1.701
-0.05,1.745
-0.976,1.465
-1.472,1.722
-1.541,1.535
-2.095,1.486
-2.317,1.863
2.734,1.793
1.857,1.685
1.318,-1.073
-2.635,-2.045
-2.595,1.08
1.64,1.051
0.588,-2.205
0.416,-0.563
-0.411,-1.275
2.802,-0.576
2.065,0.693
1.943,0.538
1.94,0.691
0.435,-0.725
0.272,1.365
-1.095,1.35
-2.876,1.7
-2.987,1.408
1.945,-2.456
-0.059,-0.412
-0.279,-0.148
-0.198,1.442
-0.258,0.234
-0.336,2.564
-0.493,0.665
-0.43,-0.471
-0.6,2.599
-0.63,-0.717
-0.647,1.804
-0.707,0.693
-0.658,1.649
-0.777,0.895
-0.731,0.146
-0.729,-0.829
-0.82,-0.226
-0.816,1.921
-0.807,-0.393
-0.849,2.517
-0.858,0.973
-0.973,1.072
-1.012,1.268
-1.035,-0.167
-1.084,1.422
-1.129,0.618
-1.149,0.499
-1.165,0.575
-1.122,1.026
-1.144,1.059
-1.194,1.425
-1.212,-0.618
-1.345,2.361
-1.411,0.44
-1.415,-0.75
-1.53,-0.459
-1.55,0.792
-1.599,0.582
-1.743,-0.275
-1.791,-1.105
-1.819,1.963
-1.908,-0.353
-1.868,-0.984
-2.209,1.869
-2.133,1.454
-2.271,-0.353
-2.382,-0.342
-2.341,0.96
-2.384,1.115
-2.682,-0.424
-2.641,1.845
-2.762,1.784
-2.791,-0.104
-2.768,0.783
-2.801,0.409
-2.903,-0.667
-2.895,2.331
-2.979,-0.852
-3.087,-0.081
-3.13,1.061
3.047,0.02
3.006,1.815
2.964,1.213
2.9,1.183
2.693,-0.225
2.711,1.529
2.695,-0.217
2.565,1.096
2.369,0.033
2.383,1.144
2.389,0.727
2.321,1.598
2.343,-0.072
2.229,1.49
2.193,-0.73
1.853,-0.976
1.78,0.656
1.543,1.084
1.487,2.676
1.499,1.596
1.425,0.274
1.407,0.631
1.371,-0.691
1.38,-1.249
0.823,-1.074
0.631,-1.276
0.329,-1.126
-0.334,-1.138
-0.818,-1.297
-1.531,-1.326
-2.422,-1.109
2.552,-0.969
2.551,-1.317
2.524,-1.258
0.978,3.069
1.015,3.2
-0.183,2.982
-2.923,3.225
1.971,3.06
1.763,3.068
-0.982,1.762
-0.883,-1.09
-1.048,2.731
-2.253,1.021
-2.347,2.737
2.503,0.33
-0.508,-1.196
2.563,-1.264
-1.974,3.2
1.328,0.641
1.179,-1.091
1.21,1.778
0.65,0.63
0.466,2.539
0.453,1.434
0.393,1.399
0.322,1.894
0.213,0.505
0.119,0.279
0.239,-0.337
0.062,-1.002
-0.543,0.225
-0.624,2.665
-0.82,0.292
-0.906,2.765
-1.109,1.005
-1.251,-1.023
-1.109,-0.406
-1.143,-0.162
-1.18,2.585
-1.38,2.257
-1.343,0.869
-1.552,0.397
-1.618,0.563
-1.896,1.785
-1.903,1.656
-1.988,-0.21
-2.028,0.584
-2.536,2.621
-2.593,-1.018
-2.739,0.821
-2.675,1.114
-2.812,0.827
-2.703,-0.242
-3.004,-0.164
3.095,-0.723
-3.079,1.288
3.03,1.757
2.901,0.81
3.006,1.364
2.87,0.985
2.957,0.928
2.824,1.326
2.727,-0.806
2.802,0.293
2.72,1.113
2.575,0.541
2.636,-0.52
2.618,2.215
2.419,1.356
2.146,-0.718
1.921,-0.544
1.8,-0.974
1.858,1.965
1.829,-0.413
1.792,0.316
1.672,2.157
1.776,1.942
1.616,-0.533
1.722,0.547
1.152,-1.123
1.021,-1.199
0.502,-1.289
2.919,-1.204
2.313,-1.147
-0.212,3.173
-0.119,3.217
-1.045,2.937
-1.541,3.194
-1.61,3.007
-2.164,2.958
-2.386,3.335
2.665,3.265
1.788,3.157
1.249,0.399
-2.704,-0.573
-2.664,2.552
1.571,2.523
0.519,-0.733
0.347,0.909
-0.48,0.197
2.733,0.896
1.996,2.165
1.874,2.01
1.871,2.163
0.366,0.747
0.203,2.837
-1.164,2.822
-2.945,3.172
-3.056,2.88
1.876,-0.984
-0.22,0.264
-0.139,1.854
-0.199,0.646
-0.277,2.976
-0.434,1.077
-0.371,-0.059
-0.541,3.011
-0.571,-0.305
-0.588,2.216
-0.648,1.105
-0.599,2.061
-0.718,1.307
-0.672,0.558
-0.67,-0.417
-0.761,0.186
-0.757,2.333
-0.748,0.019
-0.79,2.929
-0.799,1.385
-0.914,1.484
-0.953,1.68
-0.976,0.245
-1.025,1.834
-1.07,1.03
-1.09,0.911
-1.106,0.987
-1.063,1.438
-1.085,1.471
-1.135,1.837
-1.153,-0.206
-1.286,2.773
-1.352,0.852
-1.356,-0.338
-1.471,-0.047
-1.491,1.204
-1.54,0.994
-1.684,0.137
-1.732,-0.693
-1.76,2.375
-1.849,0.059
-1.809,-0.572
-2.15,2.281
-2.074,1.866
-2.212,0.059
-2.323,0.07
-2.282,1.372
-2.325,1.527
-2.623,-0.012
-2.582,2.257
-2.703,2.196
-2.732,0.308
-2.709,1.195
-2.742,0.821
-2.844,-0.255
-2.836,2.743
-2.92,-0.44
-3.028,0.331
-3.071,1.473
3.106,0.432
3.065,2.227
3.023,1.625
2.959,1.595
2.752,0.187
2.77,1.941
2.754,0.195
2.624,1.508
2.428,0.445
2.442,1.556
2.448,1.139
2.38,2.01
2.402,0.34
2.288,1.902
2.252,-0.318
1.912,-0.564
1.839,1.068
1.602,1.496
1.546,3.088
1.558,2.008
1.484,0.686
1.466,1.043
1.43,-0.279
1.439,-0.837
0.882,-0.662
0.69,-0.864
0.388,-0.714
-0.275,-0.726
-0.759,-0.885
-1.472,-0.914
-2.363,-0.697
2.611,-0.557
2.61,-0.905
2.583,-0.846
1.037,3.481
1.074,3.612
-0.124,3.394
-2.864,3.637
2.03,3.472
1.822,3.48
-0.923,2.174
-0.824,-0.678
-0.989,3.143
-2.194,1.433
-2.288,3.149
2.562,0.742
-0.449,-0.784
2.622,-0.852
-1.915,3.612
1.387,1.053
1.238,-0.679
1.269,2.19
0.709,1.042
0.525,2.951
0.512,1.846
0.452,1.811
0.381,2.306
0.272,0.917
0.178,0.691
0.298,0.075
0.121,-0.59
-0.484,0.637
-0.565,3.077
-0.761,0.704
-0.847,3.177
-1.05,1.417
-1.192,-0.611
-1.05,0.006
-1.084,0.25
-1.121,2.997
-1.321,2.669
-1.284,1.281
-1.493,0.809
-1.559,0.975
-1.837,2.197
-1.844,2.068
-1.929,0.202
-1.969,0.996
-2.477,3.033
-2.534,-0.606
-2.68,1.233
-2.616,1.526
-2.753,1.239
-2.644,0.17
-2.945,0.248
-3.129,-0.311
-3.02,1.7
3.089,2.169
2.96,1.222
3.065,1.776
2.929,1.397
3.016,1.34
2.883,1.738
2.786,-0.394
2.861,0.705
2.779,1.525
2.634,0.953
2.695,-0.108
2.677,2.627
2.478,1.768
2.205,-0.306
1.98,-0.132
1.859,-0.562
1.917,2.377
1.888,-0.001
1.851,0.728
1.731,2.569
1.835,2.354
1.675,-0.121
1.781,0.959
1.211,-0.711
1.08,-0.787
0.561,-0.877
2.978,-0.792
2.372,-0.735
-0.153,3.585
-0.06,3.629
-0.986,3.349
-1.482,3.606
-1.551,3.419
-2.105,3.37
-2.327,3.747
2.724,3.677
1.847,3.569
1.308,0.811
-2.645,-0.161
-2.605,2.964
1.63,2.935
0.578,-0.321
0.406,1.321
-0.421,0.609
2.792,1.308
2.055,2.577
1.933,2.422
1.93,2.575
0.425,1.159
0.262,3.249
-1.105,3.234
-2.886,3.584
-2.997,3.292
1.935,-0.572
0.081,1.59
0.021,0.382
-0.057,2.712
-0.214,0.813
-0.151,-0.323
-0.321,2.747
-0.351,-0.569
-0.368,1.952
-0.428,0.841
-0.379,1.797
-0.498,1.043
-0.452,0.294
-0.45,-0.681
-0.541,-0.078
-0.537,2.069
-0.528,-0.245
-0.57,2.665
-0.579,1.121
-0.694,1.22
-0.733,1.416
-0.756,-0.019
-0.805,1.57
-0.85,0.766
-0.87,0.647
-0.886,0.723
-0.843,1.174
-0.865,1.207
-0.915,1.573
-0.933,-0.47
-1.066,2.509
-1.132,0.588
-1.136,-0.602
-1.251,-0.311
-1.271,0.94
-1.32,0.73
-1.464,-0.127
-1.512,-0.957
-1.54,2.111
-1.629,-0.205
-1.589,-0.836
-1.93,2.017
-1.854,1.602
-1.992,-0.205
-2.103,-0.194
-2.062,1.108
-2.105,1.263
-2.403,-0.276
-2.362,1.993
-2.483,1.932
-2.512,0.044
-2.489,0.931
-2.522,0.557
-2.624,-0.519
-2.616,2.479
-2.7,-0.704
-2.808,0.067
-2.851,1.209
-2.957,0.168
-2.998,1.963
-3.04,1.361
-3.104,1.331
2.972,-0.077
2.99,1.677
2.974,-0.069
2.844,1.244
2.648,0.181
2.662,1.292
2.668,0.875
2.6,1.746
2.622,0.076
2.508,1.638
2.472,-0.582
2.132,-0.828
2.059,0.804
1.822,1.232
1.766,2.824
1.778,1.744
1.704,0.422
1.686,0.779
1.65,-0.543
1.659,-1.101
1.102,-0.926
0.91,-1.128
0.608,-0.978
-0.055,-0.99
-0.539,-1.149
-1.252,-1.178
-2.143,-0.961
2.831,-0.821
2.83,-1.169
2.803,-1.11
1.257,3.217
1.294,3.348
0.096,3.13
-2.644,3.373
2.25,3.208
2.042,3.216
-0.703,1.91
-0.604,-0.942
-0.769,2.879
-1.974,1.169
-2.068,2.885
2.782,0.478
-0.229,-1.048
2.842,-1.116
-1.695,3.348
1.607,0.789
1.458,-0.943
1.489,1.926
0.929,0.778
0.745,2.687
0.732,1.582
0.672,1.547
0.601,2.042
0.492,0.653
0.398,0.427
0.518,-0.189
0.341,-0.854
-0.264,0.373
-0.345,2.813
-0.541,0.44
-0.627,2.913
-0.83,1.153
-0.972,-0.875
-0.83,-0.258
-0.864,-0.014
-0.901,2.733
-1.101,2.405
-1.064,1.017
-1.273,0.545
-1.339,0.711
-1.617,1.933
-1.624,1.804
-1.709,-0.062
-1.749,0.732
-2.257,2.769
-2.314,-0.87
-2.46,0.969
-2.396,1.262
-2.533,0.975
-2.424,-0.094
-2.725,-0.016
-2.909,-0.575
-2.8,1.436
-2.974,1.905
-3.103,0.958
-2.998,1.512
-3.134,1.133
-3.047,1.076
3.103,1.474
3.006,-0.658
3.081,0.441
2.999,1.261
2.854,0.689
2.915,-0.372
2.897,2.363
2.698,1.504
2.425,-0.57
2.2,-0.396
2.079,-0.826
2.137,2.113
2.108,-0.265
2.071,0.464
1.951,2.305
2.055,2.09
1.895,-0.385
2.001,0.695
1.431,-0.975
1.3,-1.051
0.781,-1.141
-3.085,-1.056
2.592,-0.999
0.067,3.321
0.16,3.365
-0.766,3.085
-1.262,3.342
-1.331,3.155
-1.885,3.106
-2.107,3.483
2.944,3.413
2.067,3.305
1.528,0.547
-2.425,-0.425
-2.385,2.7
1.85,2.671
0.798,-0.585
0.626,1.057
-0.201,0.345
3.012,1.044
2.275,2.313
2.153,2.158
2.15,2.311
0.645,0.895
0.482,2.985
-0.885,2.97
-2.666,3.32
-2.777,3.028
2.155,-0.836
-0.06,-1.208
-0.138,1.122
-0.295,-0.777
-0.232,-1.913
-0.402,1.157
-0.432,-2.159
-0.449,0.362
-0.509,-0.749
-0.46,0.207
-0.579,-0.547
-0.533,-1.296
-0.531,-2.271
-0.622,-1.668
-0.618,0.479
-0.609,-1.835
-0.651,1.075
-0.66,-0.469
-0.775,-0.37
-0.814,-0.174
-0.837,-1.609
-0.886,-0.02
-0.931,-0.824
-0.951,-0.943
-0.967,-0.867
-0.924,-0.416
-0.946,-0.383
-0.996,-0.017
-1.014,-2.06
-1.147,0.919
-1.213,-1.002
-1.217,-2.192
-1.332,-1.901
-1.352,-0.65
-1.401,-0.86
-1.545,-1.717
-1.593,-2.547
-1.621,0.521
-1.71,-1.795
-1.67,-2.426
-2.011,0.427
-1.935,0.012
-2.073,-1.795
-2.184,-1.784
-2.143,-0.482
-2.186,-0.327
-2.484,-1.866
-2.443,0.403
-2.564,0.342
-2.593,-1.546
-2.57,-0.659
-2.603,-1.033
-2.705,-2.109
-2.697,0.889
-2.781,-2.294
-2.889,-1.523
-2.932,-0.381
-3.038,-1.422
-3.079,0.373
-3.121,-0.229
3.098,-0.259
2.891,-1.667
2.909,0.087
2.893,-1.659
2.763,-0.346
2.567,-1.409
2.581,-0.298
2.587,-0.715
2.519,0.156
2.541,-1.514
2.427,0.048
2.391,-2.172
2.051,-2.418
1.978,-0.786
1.741,-0.358
1.685,1.234
1.697,0.154
1.623,-1.168
1.605,-0.811
1.569,-2.133
1.578,-2.691
1.021,-2.516
0.829,-2.718
0.527,-2.568
-0.136,-2.58
-0.62,-2.739
-1.333,-2.768
-2.224,-2.551
2.75,-2.411
2.749,-2.759
2.722,-2.7
1.176,1.627
1.213,1.758
0.015,1.54
-2.725,1.783
2.169,1.618
1.961,1.626
-0.784,0.32
-0.685,-2.532
-0.85,1.289
-2.055,-0.421
-2.149,1.295
2.701,-1.112
-0.31,-2.638
2.761,-2.706
-1.776,1.758
1.526,-0.801
1.377,-2.533
1.408,0.336
0.848,-0.812
0.664,1.097
0.651,-0.008
0.591,-0.043
0.52,0.452
0.411,-0.937
0.317,-1.163
0.437,-1.779
0.26,-2.444
-0.345,-1.217
-0.426,1.223
-0.622,-1.15
-0.708,1.323
-0.911,-0.437
-1.053,-2.465
-0.911,-1.848
-0.945,-1.604
-0.982,1.143
-1.182,0.815
-1.145,-0.573
-1.354,-1.045
-1.42,-0.879
-1.698,0.343
-1.705,0.214
-1.79,-1.652
-1.83,-0.858
-2.338,1.179
-2.395,-2.46
-2.541,-0.621
-2.477,-0.328
-2.614,-0.615
-2.505,-1.684
-2.806,-1.606
-2.99,-2.165
-2.881,-0.154
-3.055,0.315
3.099,-0.632
-3.079,-0.078
3.068,-0.457
-3.128,-0.514
3.022,-0.116
2.925,-2.248
3.0,-1.149
2.918,-0.329
2.773,-0.901
2.834,-1.962
2.816,0.773
2.617,-0.086
2.344,-2.16
2.119,-1.986
1.998,-2.416
2.056,0.523
2.027,-1.855
1.99,-1.126
1.87,0.715
1.974,0.5
1.814,-1.975
1.92,-0.895
1.35,-2.565
1.219,-2.641
0.7,-2.731
3.117,-2.646
2.511,-2.589
-0.014,1.731
0.079,1.775
-0.847,1.495
-1.343,1.752
-1.412,1.565
-1.966,1.516
-2.188,1.893
2.863,1.823
1.986,1.715
1.447,-1.043
-2.506,-2.015
-2.466,1.11
1.769,1.081
0.717,-2.175
0.545,-0.533
-0.282,-1.245
2.931,-0.546
2.194,0.723
2.072,0.568
2.069,0.721
0.564,-0.695
0.401,1.395
-0.966,1.38
-2.747,1.73
-2.858,1.438
2.074,-2.426
-0.078,2.33
-0.235,0.431
-0.172,-0.705
-0.342,2.365
-0.372,-0.951
-0.389,1.57
-0.449,0.459
-0.4,1.415
-0.519,0.661
-0.473,-0.088
-0.471,-1.063
-0.562,-0.46
-0.558,1.687
-0.549,-0.627
-0.591,2.283
-0.6,0.739
-0.715,0.838
-0.754,1.034
-0.777,-0.401
-0.826,1.188
-0.871,0.384
-0.891,0.265
-0.907,0.341
-0.864,0.792
-0.886,0.825
-0.936,1.191
-0.954,-0.852
-1.087,2.127
-1.153,0.206
-1.157,-0.984
-1.272,-0.693
-1.292,0.558
-1.341,0.348
-1.485,-0.509
-1.533,-1.339
-1.561,1.729
-1.65,-0.587
-1.61,-1.218
-1.951,1.635
-1.875,1.22
-2.013,-0.587
-2.124,-0.576
-2.083,0.726
-2.126,0.881
-2.424,-0.658
-2.383,1.611
-2.504,1.55
-2.533,-0.338
-2.51,0.549
-2.543,0.175
-2.645,-0.901
-2.637,2.097
-2.721,-1.086
-2.829,-0.315
-2.872,0.827
-2.978,-0.214
-3.019,1.581
-3.061,0.979
-3.125,0.949
2.951,-0.459
2.969,1.295
2.953,-0.451
2.823,0.862
2.627,-0.201
2.641,0.91
2.647,0.493
2.579,1.364
2.601,-0.306
2.487,1.256
2.451,-0.964
2.111,-1.21
2.038,0.422
1.801,0.85
1.745,2.442
1.757,1.362
1.683,0.04
1.665,0.397
1.629,-0.925
1.638,-1.483
1.081,-1.308
0.889,-1.51
0.587,-1.36
-0.076,-1.372
-0.56,-1.531
-1.273,-1.56
-2.164,-1.343
2.81,-1.203
2.809,-1.551
2.782,-1.492
1.236,2.835
1.273,2.966
0.075,2.748
-2.665,2.991
2.229,2.826
2.021,2.834
-0.724,1.528
-0.625,-1.324
-0.79,2.497
-1.995,0.787
-2.089,2.503
2.761,0.096
-0.25,-1.43
2.821,-1.498
-1.716,2.966
1.586,0.407
1.437,-1.325
1.468,1.544
0.908,0.396
0.724,2.305
0.711,1.2
0.651,1.165
0.58,1.66
0.471,0.271
0.377,0.045
0.497,-0.571
0.32,-1.236
-0.285,-0.009
-0.366,2.431
-0.562,0.058
-0.648,2.531
-0.851,0.771
-0.993,-1.257
-0.851,-0.64
-0.885,-0.396
-0.922,2.351
-1.122,2.023
-1.085,0.635
-1.294,0.163
-1.36,0.329
-1.638,1.551
-1.645,1.422
-1.73,-0.444
-1.77,0.35
-2.278,2.387
-2.335,-1.252
-2.481,0.587
-2.417,0.88
-2.554,0.593
-2.445,-0.476
-2.746,-0.398
-2.93,-0.957
-2.821,1.054
-2.995,1.523
-3.124,0.576
-3.019,1.13
3.128,0.751
-3.068,0.694
3.082,1.092
2.985,-1.04
3.06,0.059
2.978,0.879
2.833,0.307
2.894,-0.754
2.876,1.981
2.677,1.122
2.404,-0.952
2.179,-0.778
2.058,-1.208
2.116,1.731
2.087,-0.647
2.05,0.082
1.93,1.923
2.034,1.708
1.874,-0.767
1.98,0.313
1.41,-1.357
1.279,-1.433
0.76,-1.523
-3.106,-1.438
2.571,-1.381
0.046,2.939
0.139,2.983
-0.787,2.703
-1.283,2.96
-1.352,2.773
-1.906,2.724
-2.128,3.101
2.923,3.031
2.046,2.923
1.507,0.165
-2.446,-0.807
-2.406,2.318
1.829,2.289
0.777,-0.967
0.605,0.675
-0.222,-0.037
2.991,0.662
2.254,1.931
2.132,1.776
2.129,1.929
0.624,0.513
0.461,2.603
-0.906,2.588
-2.687,2.938
-2.798,2.646
2.134,-1.218
-0.157,-1.899
-0.094,-3.035
-0.264,0.035
-0.294,-3.281
-0.311,-0.76
-0.371,-1.871
-0.322,-0.915
-0.441,-1.669
-0.395,-2.418
-0.393,-3.393
-0.484,-2.79
-0.48,-0.643
-0.471,-2.957
-0.513,-0.047
-0.522,-1.591
-0.637,-1.492
-0.676,-1.296
-0.699,-2.731
-0.748,-1.142
-0.793,-1.946
-0.813,-2.065
-0.829,-1.989
-0.786,-1.538
-0.808,-1.505
-0.858,-1.139
-0.876,-3.182
-1.009,-0.203
-1.075,-2.124
-1.079,-3.314
-1.194,-3.023
-1.214,-1.772
-1.263,-1.982
-1.407,-2.839
-1.455,-3.669
-1.483,-0.601
-1.572,-2.917
-1.532,-3.548
-1.873,-0.695
-1.797,-1.11
-1.935,-2.917
-2.046,-2.906
-2.005,-1.604
-2.048,-1.449
-2.346,-2.988
-2.305,-0.719
-2.426,-0.78
-2.455,-2.668
-2.432,-1.781
-2.465,-2.155
-2.567,-3.231
-2.559,-0.233
-2.643,-3.416
-2.751,-2.645
-2.794,-1.503
-2.9,-2.544
-2.941,-0.749
-2.983,-1.351
-3.047,-1.381
3.029,-2.789
3.047,-1.035
3.031,-2.781
2.901,-1.468
2.705,-2.531
2.719,-1.42
2.725,-1.837
2.657,-0.966
2.679,-2.636
2.565,-1.074
2.529,-3.294
2.189,-3.54
2.116,-1.908
1.879,-1.48
1.823,0.112
1.835,-0.968
1.761,-2.29
1.743,-1.933
1.707,-3.255
1.716,-3.813
1.159,-3.638
0.967,-3.84
0.665,-3.69
0.002,-3.702
-0.482,-3.861
-1.195,-3.89
-2.086,-3.673
2.888,-3.533
2.887,-3.881
2.86,-3.822
1.314,0.505
1.351,0.636
0.153,0.418
-2.587,0.661
2.307,0.496
2.099,0.504
-0.646,-0.802
-0.547,-3.654
-0.712,0.167
-1.917,-1.543
-2.011,0.173
2.839,-2.234
-0.172,-3.76
2.899,-3.828
-1.638,0.636
1.664,-1.923
1.515,-3.655
1.546,-0.786
0.986,-1.934
0.802,-0.025
0.789,-1.13
0.729,-1.165
0.658,-0.67
0.549,-2.059
0.455,-2.285
0.575,-2.901
0.398,-3.566
-0.207,-2.339
-0.288,0.101
-0.484,-2.272
-0.57,0.201
-0.773,-1.559
-0.915,-3.587
-0.773,-2.97
-0.807,-2.726
-0.844,0.021
-1.044,-0.307
-1.007,-1.695
-1.216,-2.167
-1.282,-2.001
-1.56,-0.779
-1.567,-0.908
-1.652,-2.774
-1.692,-1.98
-2.2,0.057
-2.257,-3.582
-2.403,-1.743
-2.339,-1.45
-2.476,-1.737
-2.367,-2.806
-2.668,-2.728
-2.852,-3.287
-2.743,-1.276
-2.917,-0.807
-3.046,-1.754
-2.941,-1.2
-3.077,-1.579
-2.99,-1.636
-3.123,-1.238
3.063,-3.37
3.138,-2.271
3.056,-1.451
2.911,-2.023
2.972,-3.084
2.954,-0.349
2.755,-1.208
2.482,-3.282
2.257,-3.108
2.136,-3.538
2.194,-0.599
2.165,-2.977
2.128,-2.248
2.008,-0.407
2.112,-0.622
1.952,-3.097
2.058,-2.017
1.488,-3.687
1.357,-3.763
0.838,-3.853
-3.028,-3.768
2.649,-3.711
0.124,0.609
0.217,0.653
-0.709,0.373
-1.205,0.63
-1.274,0.443
-1.828,0.394
-2.05,0.771
3.001,0.701
2.124,0.593
1.585,-2.165
-2.368,-3.137
-2.328,-0.012
1.907,-0.041
0.855,-3.297
0.683,-1.655
-0.144,-2.367
3.069,-1.668
2.332,-0.399
2.21,-0.554
2.207,-0.401
0.702,-1.817
0.539,0.273
-0.828,0.258
-2.609,0.608
-2.72,0.316
2.212,-3.548
0.063,-1.136
-0.107,1.934
-0.137,-1.382
-0.154,1.139
-0.214,0.028
-0.165,0.984
-0.284,0.23
-0.238,-0.519
-0.236,-1.494
-0.327,-0.891
-0.323,1.256
-0.314,-1.058
-0.356,1.852
-0.365,0.308
-0.48,0.407
-0.519,0.603
-0.542,-0.832
-0.591,0.757
-0.636,-0.047
-0.656,-0.166
-0.672,-0.09
-0.629,0.361
-0.651,0.394
-0.701,0.76
-0.719,-1.283
-0.852,1.696
-0.918,-0.225
-0.922,-1.415
-1.037,-1.124
-1.057,0.127
-1.106,-0.083
-1.25,-0.94
-1.298,-1.77
-1.326,1.298
-1.415,-1.018
-1.375,-1.649
-1.716,1.204
-1.64,0.789
-1.778,-1.018
-1.889,-1.007
-1.848,0.295
-1.891,0.45
-2.189,-1.089
-2.148,1.18
-2.269,1.119
-2.298,-0.769
-2.275,0.118
-2.308,-0.256
-2.41,-1.332
-2.402,1.666
-2.486,-1.517
-2.594,-0.746
-2.637,0.396
-2.743,-0.645
-2.784,1.15
-2.826,0.548
-2.89,0.518
-3.097,-0.89
-3.079,0.864
-3.095,-0.882
3.058,0.431
2.862,-0.632
2.876,0.479
2.882,0.062
2.814,0.933
2.836,-0.737
2.722,0.825
2.686,-1.395
2.346,-1.641
2.273,-0.009
2.036,0.419
1.98,2.011
1.992,0.931
1.918,-0.391
1.9,-0.034
1.864,-1.356
1.873,-1.914
1.316,-1.739
1.124,-1.941
0.822,-1.791
0.159,-1.803
-0.325,-1.962
-1.038,-1.991
-1.929,-1.774
3.045,-1.634
3.044,-1.982
3.017,-1.923
1.471,2.404
1.508,2.535
0.31,2.317
-2.43,2.56
2.464,2.395
2.256,2.403
-0.489,1.097
-0.39,-1.755
-0.555,2.066
-1.76,0.356
-1.854,2.072
2.996,-0.335
-0.015,-1.861
3.056,-1.929
-1.481,2.535
1.821,-0.024
1.672,-1.756
1.703,1.113
1.143,-0.035
0.959,1.874
0.946,0.769
0.886,0.734
0.815,1.229
0.706,-0.16
0.612,-0.386
0.732,-1.002
0.555,-1.667
-0.05,-0.44
-0.131,2.0
-0.327,-0.373
-0.413,2.1
-0.616,0.34
-0.758,-1.688
-0.616,-1.071
-0.65,-0.827
-0.687,1.92
-0.887,1.592
-0.85,0.204
-1.059,-0.268
-1.125,-0.102
-1.403,1.12
-1.41,0.991
-1.495,-0.875
-1.535,-0.081
-2.043,1.956
-2.1,-1.683
-2.246,0.156
-2.182,0.449
-2.319,0.162
-2.21,-0.907
-2.511,-0.829
-2.695,-1.388
-2.586,0.623
-2.76,1.092
-2.889,0.145
-2.784,0.699
-2.92,0.32
-2.833,0.263
-2.966,0.661
-3.063,-1.471
-2.988,-0.372
-3.07,0.448
3.068,-0.124
3.129,-1.185
3.111,1.55
2.912,0.691
2.639,-1.383
2.414,-1.209
2.293,-1.639
2.351,1.3
2.322,-1.078
2.285,-0.349
2.165,1.492
2.269,1.277
2.109,-1.198
2.215,-0.118
1.645,-1.788
1.514,-1.864
0.995,-1.954
-2.871,-1.869
2.806,-1.812
0.281,2.508
0.374,2.552
-0.552,2.272
-1.048,2.529
-1.117,2.342
-1.671,2.293
-1.893,2.67
-3.125,2.6
2.281,2.492
1.742,-0.266
-2.211,-1.238
-2.171,1.887
2.064,1.858
1.012,-1.398
0.84,0.244
0.013,-0.468
-3.057,0.231
2.489,1.5
2.367,1.345
2.364,1.498
0.859,0.082
0.696,2.172
-0.671,2.157
-2.452,2.507
-2.563,2.215
2.369,-1.649
-0.17,3.07
-0.2,-0.246
-0.217,2.275
-0.277,1.164
-0.228,2.12
-0.347,1.366
-0.301,0.617
-0.299,-0.358
-0.39,0.245
-0.386,2.392
-0.377,0.078
-0.419,2.988
-0.428,1.444
-0.543,1.543
-0.582,1.739
-0.605,0.304
-0.654,1.893
-0.699,1.089
-0.719,0.97
-0.735,1.046
-0.692,1.497
-0.714,1.53
-0.764,1.896
-0.782,-0.147
-0.915,2.832
-0.981,0.911
-0.985,-0.279
-1.1,0.012
-1.12,1.263
-1.169,1.053
-1.313,0.196
-1.361,-0.634
-1.389,2.434
-1.478,0.118
-1.438,-0.513
-1.779,2.34
-1.703,1.925
-1.841,0.118
-1.952,0.129
-1.911,1.431
-1.954,1.586
-2.252,0.047
-2.211,2.316
-2.332,2.255
-2.361,0.367
-2.338,1.254
-2.371,0.88
-2.473,-0.196
-2.465,2.802
-2.549,-0.381
-2.657,0.39
-2.7,1.532
-2.806,0.491
-2.847,2.286
-2.889,1.684
-2.953,1.654
3.123,0.246
3.141,2.0
3.125,0.254
2.995,1.567
2.799,0.504
2.813,1.615
2.819,1.198
2.751,2.069
2.773,0.399
2.659,1.961
2.623,-0.259
2.283,-0.505
2.21,1.127
1.973,1.555
1.917,3.147
1.929,2.067
1.855,0.745
1.837,1.102
1.801,-0.22
1.81,-0.778
1.253,-0.603
1.061,-0.805
0.759,-0.655
0.096,-0.667
-0.388,-0.826
-1.101,-0.855
-1.992,-0.638
2.982,-0.498
2.981,-0.846
2.954,-0.787
1.408,3.54
1.445,3.671
0.247,3.453
-2.493,3.696
2.401,3.531
2.193,3.539
-0.552,2.233
-0.453,-0.619
-0.618,3.202
-1.823,1.492
-1.917,3.208
2.933,0.801
-0.078,-0.725
2.993,-0.793
-1.544,3.671
1.758,1.112
1.609,-0.62
1.64,2.249
1.08,1.101
0.896,3.01
0.883,1.905
0.823,1.87
0.752,2.365
0.643,0.976
0.549,0.75
0.669,0.134
0.492,-0.531
-0.113,0.696
-0.194,3.136
-0.39,0.763
-0.476,3.236
-0.679,1.476
-0.821,-0.552
-0.679,0.065
-0.713,0.309
-0.75,3.056
-0.95,2.728
-0.913,1.34
-1.122,0.868
-1.188,1.034
-1.466,2.256
-1.473,2.127
-1.558,0.261
-1.598,1.055
-2.106,3.092
-2.163,-0.547
-2.309,1.292
-2.245,1.585
-2.382,1.298
-2.273,0.229
-2.574,0.307
-2.758,-0.252
-2.649,1.759
-2.823,2.228
-2.952,1.281
-2.847,1.835
-2.983,1.456
-2.896,1.399
-3.029,1.797
-3.126,-0.335
-3.051,0.764
-3.133,1.584
3.005,1.012
3.066,-0.049
3.048,2.686
2.849,1.827
2.576,-0.247
2.351,-0.073
2.23,-0.503
2.288,2.436
2.259,0.058
2.222,0.787
2.102,2.628
2.206,2.413
2.046,-0.062
2.152,1.018
1.582,-0.652
1.451,-0.728
0.932,-0.818
-2.934,-0.733
2.743,-0.676
0.218,3.644
0.311,3.688
-0.615,3.408
-1.111,3.665
-1.18,3.478
-1.734,3.429
-1.956,3.806
3.095,3.736
2.218,3.628
1.679,0.87
-2.274,-0.102
-2.234,3.023
2.001,2.994
0.949,-0.262
0.777,1.38
-0.05,0.668
-3.12,1.367
2.426,2.636
2.304,2.481
2.301,2.634
0.796,1.218
0.633,3.308
-0.734,3.293
-2.515,3.643
-2.626,3.351
2.306,-0.513
-0.03,-3.316
-0.047,-0.795
-0.107,-1.906
-0.058,-0.95
-0.177,-1.704
-0.131,-2.453
-0.129,-3.428
-0.22,-2.825
-0.216,-0.678
-0.207,-2.992
-0.249,-0.082
-0.258,-1.626
-0.373,-1.527
-0.412,-1.331
-0.435,-2.766
-0.484,-1.177
-0.529,-1.981
-0.549,-2.1
-0.565,-2.024
-0.522,-1.573
-0.544,-1.54
-0.594,-1.174
-0.612,-3.217
-0.745,-0.238
-0.811,-2.159
-0.815,-3.349
-0.93,-3.058
-0.95,-1.807
-0.999,-2.017
-1.143,-2.874
-1.191,-3.704
-1.219,-0.636
-1.308,-2.952
-1.268,-3.583
-1.609,-0.73
-1.533,-1.145
-1.671,-2.952
-1.782,-2.941
-1.741,-1.639
-1.784,-1.484
-2.082,-3.023
-2.041,-0.754
-2.162,-0.815
-2.191,-2.703
-2.168,-1.816
-2.201,-2.19
-2.303,-3.266
-2.295,-0.268
-2.379,-3.451
-2.487,-2.68
-2.53,-1.538
-2.636,-2.579
-2.677,-0.784
-2.719,-1.386
-2.783,-1.416
-2.99,-2.824
-2.972,-1.07
-2.988,-2.816
-3.118,-1.503
2.969,-2.566
2.983,-1.455
2.989,-1.872
2.921,-1.001
2.943,-2.671
2.829,-1.109
2.793,-3.329
2.453,-3.575
2.38,-1.943
2.143,-1.515
2.087,0.077
2.099,-1.003
2.025,-2.325
2.007,-1.968
1.971,-3.29
1.98,-3.848
1.423,-3.673
1.231,-3.875
0.929,-3.725
0.266,-3.737
-0.218,-3.896
-0.931,-3.925
-1.822,-3.708
-3.131,-3.568
-3.132,-3.916
3.124,-3.857
1.578,0.47
1.615,0.601
0.417,0.383
-2.323,0.626
2.571,0.461
2.363,0.469
-0.382,-0.837
-0.283,-3.689
-0.448,0.132
-1.653,-1.578
-1.747,0.138
3.103,-2.269
0.092,-3.795
-3.12,-3.863
-1.374,0.601
1.928,-1.958
1.779,-3.69
1.81,-0.821
1.25,-1.969
1.066,-0.06
1.053,-1.165
0.993,-1.2
0.922,-0.705
0.813,-2.094
0.719,-2.32
0.839,-2.936
0.662,-3.601
0.057,-2.374
-0.024,0.066
-0.22,-2.307
-0.306,0.166
-0.509,-1.594
-0.651,-3.622
-0.509,-3.005
-0.543,-2.761
-0.58,-0.014
-0.78,-0.342
-0.743,-1.73
-0.952,-2.202
-1.018,-2.036
-1.296,-0.814
-1.303,-0.943
-1.388,-2.809
-1.428,-2.015
-1.936,0.022
-1.993,-3.617
-2.139,-1.778
-2.075,-1.485
-2.212,-1.772
-2.103,-2.841
-2.404,-2.763
-2.588,-3.322
-2.479,-1.311
-2.653,-0.842
-2.782,-1.789
-2.677,-1.235
-2.813,-1.614
-2.726,-1.671
-2.859,-1.273
-2.956,-3.405
-2.881,-2.306
-2.963,-1.486
-3.108,-2.058
-3.047,-3.119
-3.065,-0.384
3.019,-1.243
2.746,-3.317
2.521,-3.143
2.4,-3.573
2.458,-0.634
2.429,-3.012
2.392,-2.283
2.272,-0.442
2.376,-0.657
2.216,-3.132
2.322,-2.052
1.752,-3.722
1.621,-3.798
1.102,-3.888
-2.764,-3.803
2.913,-3.746
0.388,0.574
0.481,0.618
-0.445,0.338
-0.941,0.595
-1.01,0.408
-1.564,0.359
-1.786,0.736
-3.018,0.666
2.388,0.558
1.849,-2.2
-2.104,-3.172
-2.064,-0.047
2.171,-0.076
1.119,-3.332
0.947,-1.69
0.12,-2.402
-2.95,-1.703
2.596,-0.434
2.474,-0.589
2.471,-0.436
0.966,-1.852
0.803,0.238
-0.564,0.223
-2.345,0.573
-2.456,0.281
2.476,-3.583
-0.017,2.521
-0.077,1.41
-0.028,2.366
-0.147,1.612
-0.101,0.863
-0.099,-0.112
-0.19,0.491
-0.186,2.638
-0.177,0.324
-0.219,3.234
-0.228,1.69
-0.343,1.789
-0.382,1.985
-0.405,0.55
-0.454,2.139
-0.499,1.335
-0.519,1.216
-0.535,1.292
-0.492,1.743
-0.514,1.776
-0.564,2.142
-0.582,0.099
-0.715,3.078
-0.781,1.157
-0.785,-0.033
-0.9,0.258
-0.92,1.509
-0.969,1.299
-1.113,0.442
-1.161,-0.388
-1.189,2.68
-1.278,0.364
-1.238,-0.267
-1.579,2.586
-1.503,2.171
-1.641,0.364
-1.752,0.375
-1.711,1.677
-1.754,1.832
-2.052,0.293
-2.011,2.562
-2.132,2.501
-2.161,0.613
-2.138,1.5
-2.171,1.126
-2.273,0.05
-2.265,3.048
-2.349,-0.135
-2.457,0.636
-2.5,1.778
-2.606,0.737
-2.647,2.532
-2.689,1.93
-2.753,1.9
-2.96,0.492
-2.942,2.246
-2.958,0.5
-3.088,1.813
2.999,0.75
3.013,1.861
3.019,1.444
2.951,2.315
2.973,0.645
2.859,2.207
2.823,-0.013
2.483,-0.259
2.41,1.373
2.173,1.801
2.117,3.393
2.129,2.313
2.055,0.991
2.037,1.348
2.001,0.026
2.01,-0.532
1.453,-0.357
1.261,-0.559
0.959,-0.409
0.296,-0.421
-0.188,-0.58
-0.901,-0.609
-1.792,-0.392
-3.101,-0.252
-3.102,-0.6
-3.129,-0.541
1.608,3.786
1.645,3.917
0.447,3.699
-2.293,3.942
2.601,3.777
2.393,3.785
-0.352,2.479
-0.253,-0.373
-0.418,3.448
-1.623,1.738
-1.717,3.454
3.133,1.047
0.122,-0.479
-3.09,-0.547
-1.344,3.917
1.958,1.358
1.809,-0.374
1.84,2.495
1.28,1.347
1.096,3.256
1.083,2.151
1.023,2.116
0.952,2.611
0.843,1.222
0.749,0.996
0.869,0.38
0.692,-0.285
0.087,0.942
0.006,3.382
-0.19,1.009
-0.276,3.482
-0.479,1.722
-0.621,-0.306
-0.479,0.311
-0.513,0.555
-0.55,3.302
-0.75,2.974
-0.713,1.586
-0.922,1.114
-0.988,1.28
-1.266,2.502
-1.273,2.373
-1.358,0.507
-1.398,1.301
-1.906,3.338
-1.963,-0.301
-2.109,1.538
-2.045,1.831
-2.182,1.544
-2.073,0.475
-2.374,0.553
-2.558,-0.006
-2.449,2.005
-2.623,2.474
-2.752,1.527
-2.647,2.081
-2.783,1.702
-2.696,1.645
-2.829,2.043
-2.926,-0.089
-2.851,1.01
-2.933,1.83
-3.078,1.258
-3.017,0.197
-3.035,2.932
3.049,2.073
2.776,-0.001
2.551,0.173
2.43,-0.257
2.488,2.682
2.459,0.304
2.422,1.033
2.302,2.874
2.406,2.659
2.246,0.184
2.352,1.264
1.782,-0.406
1.651,-0.482
1.132,-0.572
-2.734,-0.487
2.943,-0.43
0.418,3.89
0.511,3.934
-0.415,3.654
-0.911,3.911
-0.98,3.724
-1.534,3.675
-1.756,4.052
-2.988,3.982
2.418,3.874
1.879,1.116
-2.074,0.144
-2.034,3.269
2.201,3.24
1.149,-0.016
0.977,1.626
0.15,0.914
-2.92,1.613
2.626,2.882
2.504,2.727
2.501,2.88
0.996,1.464
0.833,3.554
-0.534,3.539
-2.315,3.889
-2.426,3.597
2.506,-0.267
-0.06,-1.111
-0.011,-0.155
-0.13,-0.909
-0.084,-1.658
-0.082,-2.633
-0.173,-2.03
-0.169,0.117
-0.16,-2.197
-0.202,0.713
-0.211,-0.831
-0.326,-0.732
-0.365,-0.536
-0.388,-1.971
-0.437,-0.382
-0.482,-1.186
-0.502,-1.305
-0.518,-1.229
-0.475,-0.778
-0.497,-0.745
-0.547,-0.379
-0.565,-2.422
-0.698,0.557
-0.764,-1.364
-0.768,-2.554
-0.883,-2.263
-0.903,-1.012
-0.952,-1.222
-1.096,-2.079
-1.144,-2.909
-1.172,0.159
-1.261,-2.157
-1.221,-2.788
-1.562,0.065
-1.486,-0.35
-1.624,-2.157
-1.735,-2.146
-1.694,-0.844
-1.737,-0.689
-2.035,-2.228
-1.994,0.041
-2.115,-0.02
-2.144,-1.908
-2.121,-1.021
-2.154,-1.395
-2.256,-2.471
-2.248,0.527
-2.332,-2.656
-2.44,-1.885
-2.483,-0.743
-2.589,-1.784
-2.63,0.011
-2.672,-0.591
-2.736,-0.621
-2.943,-2.029
-2.925,-0.275
-2.941,-2.021
-3.071,-0.708
3.016,-1.771
3.03,-0.66
3.036,-1.077
2.968,-0.206
2.99,-1.876
2.876,-0.314
2.84,-2.534
2.5,-2.78
2.427,-1.148
2.19,-0.72
2.134,0.872
2.146,-0.208
2.072,-1.53
2.054,-1.173
2.018,-2.495
2.027,-3.053
1.47,-2.878
1.278,-3.08
0.976,-2.93
0.313,-2.942
-0.171,-3.101
-0.884,-3.13
-1.775,-2.913
-3.084,-2.773
-3.085,-3.121
-3.112,-3.062
1.625,1.265
1.662,1.396
0.464,1.178
-2.276,1.421
2.618,1.256
2.41,1.264
-0.335,-0.042
-0.236,-2.894
-0.401,0.927
-1.606,-0.783
-1.7,0.933
-3.133,-1.474
0.139,-3.0
-3.073,-3.068
-1.327,1.396
1.975,-1.163
1.826,-2.895
1.857,-0.026
1.297,-1.174
1.113,0.735
1.1,-0.37
1.04,-0.405
0.969,0.09
0.86,-1.299
0.766,-1.525
0.886,-2.141
0.709,-2.806
0.104,-1.579
0.023,0.861
-0.173,-1.512
-0.259,0.961
-0.462,-0.799
-0.604,-2.827
-0.462,-2.21
-0.496,-1.966
-0.533,0.781
-0.733,0.453
-0.696,-0.935
-0.905,-1.407
-0.971,-1.241
-1.249,-0.019
-1.256,-0.148
-1.341,-2.014
-1.381,-1.22
-1.889,0.817
-1.946,-2.822
-2.092,-0.983
-2.028,-0.69
-2.165,-0.977
-2.056,-2.046
-2.357,-1.968
-2.541,-2.527
-2.432,-0.516
-2.606,-0.047
-2.735,-0.994
-2.63,-0.44
-2.766,-0.819
-2.679,-0.876
-2.812,-0.478
-2.909,-2.61
-2.834,-1.511
-2.916,-0.691
-3.061,-1.263
-3.0,-2.324
-3.018,0.411
3.066,-0.448
2.793,-2.522
2.568,-2.348
2.447,-2.778
2.505,0.161
2.476,-2.217
2.439,-1.488
2.319,0.353
2.423,0.138
2.263,-2.337
2.369,-1.257
1.799,-2.927
1.668,-3.003
1.149,-3.093
-2.717,-3.008
2.96,-2.951
0.435,1.369
0.528,1.413
-0.398,1.133
-0.894,1.39
-0.963,1.203
-1.517,1.154
-1.739,1.531
-2.971,1.461
2.435,1.353
1.896,-1.405
-2.057,-2.377
-2.017,0.748
2.218,0.719
1.166,-2.537
0.994,-0.895
0.167,-1.607
-2.903,-0.908
2.643,0.361
2.521,0.206
2.518,0.359
1.013,-1.057
0.85,1.033
-0.517,1.018
-2.298,1.368
-2.409,1.076
2.523,-2.788
0.049,0.956
-0.07,0.202
-0.024,-0.547
-0.022,-1.522
-0.113,-0.919
-0.109,1.228
-0.1,-1.086
-0.142,1.824
-0.151,0.28
-0.266,0.379
-0.305,0.575
-0.328,-0.86
-0.377,0.729
-0.422,-0.075
-0.442,-0.194
-0.458,-0.118
-0.415,0.333
-0.437,0.366
-0.487,0.732
-0.505,-1.311
-0.638,1.668
-0.704,-0.253
-0.708,-1.443
-0.823,-1.152
-0.843,0.099
-0.892,-0.111
-1.036,-0.968
-1.084,-1.798
-1.112,1.27
-1.201,-1.046
-1.161,-1.677
-1.502,1.176
-1.426,0.761
-1.564,-1.046
-1.675,-1.035
-1.634,0.267
-1.677,0.422
-1.975,-1.117
-1.934,1.152
-2.055,1.091
-2.084,-0.797
-2.061,0.09
-2.094,-0.284
-2.196,-1.36
-2.188,1.638
-2.272,-1.545
-2.38,-0.774
-2.423,0.368
-2.529,-0.673
-2.57,1.122
-2.612,0.52
-2.676,0.49
-2.883,-0.918
-2.865,0.836
-2.881,-0.91
-3.011,0.403
3.076,-0.66
3.09,0.451
3.096,0.034
3.028,0.905
3.05,-0.765
2.936,0.797
2.9,-1.423
2.56,-1.669
2.487,-0.037
2.25,0.391
2.194,1.983
2.206,0.903
2.132,-0.419
2.114,-0.062
2.078,-1.384
2.087,-1.942
1.53,-1.767
1.338,-1.969
1.036,-1.819
0.373,-1.831
-0.111,-1.99
-0.824,-2.019
-1.715,-1.802
-3.024,-1.662
-3.025,-2.01
-3.052,-1.951
1.685,2.376
1.722,2.507
0.524,2.289
-2.216,2.532
2.678,2.367
2.47,2.375
-0.275,1.069
-0.176,-1.783
-0.341,2.038
-1.546,0.328
-1.64,2.044
-3.073,-0.363
0.199,-1.889
-3.013,-1.957
-1.267,2.507
2.035,-0.052
1.886,-1.784
1.917,1.085
1.357,-0.063
1.173,1.846
1.16,0.741
1.1,0.706
1.029,1.201
0.92,-0.188
0.826,-0.414
0.946,-1.03
0.769,-1.695
0.164,-0.468
0.083,1.972
-0.113,-0.401
-0.199,2.072
-0.402,0.312
-0.544,-1.716
-0.402,-1.099
-0.436,-0.855
-0.473,1.892
-0.673,1.564
-0.636,0.176
-0.845,-0.296
-0.911,-0.13
-1.189,1.092
-1.196,0.963
-1.281,-0.903
-1.321,-0.109
-1.829,1.928
-1.886,-1.711
-2.032,0.128
-1.968,0.421
-2.105,0.134
-1.996,-0.935
-2.297,-0.857
-2.481,-1.416
-2.372,0.595
-2.546,1.064
-2.675,0.117
-2.57,0.671
-2.706,0.292
-2.619,0.235
-2.752,0.633
-2.849,-1.499
-2.774,-0.4
-2.856,0.42
-3.001,-0.152
-2.94,-1.213
-2.958,1.522
3.126,0.663
2.853,-1.411
2.628,-1.237
2.507,-1.667
2.565,1.272
2.536,-1.106
2.499,-0.377
2.379,1.464
2.483,1.249
2.323,-1.226
2.429,-0.146
1.859,-1.816
1.728,-1.892
1.209,-1.982
-2.657,-1.897
3.02,-1.84
0.495,2.48
0.588,2.524
-0.338,2.244
-0.834,2.501
-0.903,2.314
-1.457,2.265
-1.679,2.642
-2.911,2.572
2.495,2.464
1.956,-0.294
-1.997,-1.266
-1.957,1.859
2.278,1.83
1.226,-1.426
1.054,0.216
0.227,-0.496
-2.843,0.203
2.703,1.472
2.581,1.317
2.578,1.47
1.073,0.054
0.91,2.144
-0.457,2.129
-2.238,2.479
-2.349,2.187
2.583,-1.677
-0.119,-0.754
-0.073,-1.503
-0.071,-2.478
-0.162,-1.875
-0.158,0.272
-0.149,-2.042
-0.191,0.868
-0.2,-0.676
-0.315,-0.577
-0.354,-0.381
-0.377,-1.816
-0.426,-0.227
-0.471,-1.031
-0.491,-1.15
-0.507,-1.074
-0.464,-0.623
-0.486,-0.59
-0.536,-0.224
-0.554,-2.267
-0.687,0.712
-0.753,-1.209
-0.757,-2.399
-0.872,-2.108
-0.892,-0.857
-0.941,-1.067
-1.085,-1.924
-1.133,-2.754
-1.161,0.314
-1.25,-2.002
-1.21,-2.633
-1.551,0.22
-1.475,-0.195
-1.613,-2.002
-1.724,-1.991
-1.683,-0.689
-1.726,-0.534
-2.024,-2.073
-1.983,0.196
-2.104,0.135
-2.133,-1.753
-2.11,-0.866
-2.143,-1.24
-2.245,-2.316
-2.237,0.682
-2.321,-2.501
-2.429,-1.73
-2.472,-0.588
-2.578,-1.629
-2.619,0.166
-2.661,-0.436
-2.725,-0.466
-2.932,-1.874
-2.914,-0.12
-2.93,-1.866
-3.06,-0.553
3.027,-1.616
3.041,-0.505
3.047,-0.922
2.979,-0.051
3.001,-1.721
2.887,-0.159
2.851,-2.379
2.511,-2.625
2.438,-0.993
2.201,-0.565
2.145,1.027
2.157,-0.053
2.083,-1.375
2.065,-1.018
2.029,-2.34
2.038,-2.898
1.481,-2.723
1.289,-2.925
0.987,-2.775
0.324,-2.787
-0.16,-2.946
-0.873,-2.975
-1.764,-2.758
-3.073,-2.618
-3.074,-2.966
-3.101,-2.907
1.636,1.42
1.673,1.551
0.475,1.333
-2.265,1.576
2.629,1.411
2.421,1.419
-0.324,0.113
-0.225,-2.739
-0.39,1.082
-1.595,-0.628
-1.689,1.088
-3.122,-1.319
0.15,-2.845
-3.062,-2.913
-1.316,1.551
1.986,-1.008
1.837,-2.74
1.868,0.129
1.308,-1.019
1.124,0.89
1.111,-0.215
1.051,-0.25
0.98,0.245
0.871,-1.144
0.777,-1.37
0.897,-1.986
0.72,-2.651
0.115,-1.424
0.034,1.016
-0.162,-1.357
-0.248,1.116
-0.451,-0.644
-0.593,-2.672
-0.451,-2.055
-0.485,-1.811
-0.522,0.936
-0.722,0.608
-0.685,-0.78
-0.894,-1.252
-0.96,-1.086
-1.238,0.136
-1.245,0.007
-1.33,-1.859
-1.37,-1.065
-1.878,0.972
-1.935,-2.667
-2.081,-0.828
-2.017,-0.535
-2.154,-0.822
-2.045,-1.891
-2.346,-1.813
-2.53,-2.372
-2.421,-0.361
-2.595,0.108
-2.724,-0.839
-2.619,-0.285
-2.755,-0.664
-2.668,-0.721
-2.801,-0.323
-2.898,-2.455
-2.823,-1.356
-2.905,-0.536
-3.05,-1.108
-2.989,-2.169
-3.007,0.566
3.077,-0.293
2.804,-2.367
2.579,-2.193
2.458,-2.623
2.516,0.316
2.487,-2.062
2.45,-1.333
2.33,0.508
2.434,0.293
2.274,-2.182
2.38,-1.102
1.81,-2.772
1.679,-2.848
1.16,-2.938
-2.706,-2.853
2.971,-2.796
0.446,1.524
0.539,1.568
-0.387,1.288
-0.883,1.545
-0.952,1.358
-1.506,1.309
-1.728,1.686
-2.96,1.616
2.446,1.508
1.907,-1.25
-2.046,-2.222
-2.006,0.903
2.229,0.874
1.177,-2.382
1.005,-0.74
0.178,-1.452
-2.892,-0.753
2.654,0.516
2.532,0.361
2.529,0.514
1.024,-0.902
0.861,1.188
-0.506,1.173
-2.287,1.523
-2.398,1.231
2.534,-2.633
0.046,-0.749
0.048,-1.724
-0.043,-1.121
-0.039,1.026
-0.03,-1.288
-0.072,1.622
-0.081,0.078
-0.196,0.177
-0.235,0.373
-0.258,-1.062
-0.307,0.527
-0.352,-0.277
-0.372,-0.396
-0.388,-0.32
-0.345,0.131
-0.367,0.164
-0.417,0.53
-0.435,-1.513
-0.568,1.466
-0.634,-0.455
-0.638,-1.645
-0.753,-1.354
-0.773,-0.103
-0.822,-0.313
-0.966,-1.17
-1.014,-2.0
-1.042,1.068
-1.131,-1.248
-1.091,-1.879
-1.432,0.974
-1.356,0.559
-1.494,-1.248
-1.605,-1.237
-1.564,0.065
-1.607,0.22
-1.905,-1.319
-1.864,0.95
-1.985,0.889
-2.014,-0.999
-1.991,-0.112
-2.024,-0.486
-2.126,-1.562
-2.118,1.436
-2.202,-1.747
-2.31,-0.976
-2.353,0.166
-2.459,-0.875
-2.5,0.92
-2.542,0.318
-2.606,0.288
-2.813,-1.12
-2.795,0.634
-2.811,-1.112
-2.941,0.201
-3.137,-0.862
-3.123,0.249
-3.117,-0.168
3.098,0.703
3.12,-0.967
3.006,0.595
2.97,-1.625
2.63,-1.871
2.557,-0.239
2.32,0.189
2.264,1.781
2.276,0.701
2.202,-0.621
2.184,-0.264
2.148,-1.586
2.157,-2.144
1.6,-1.969
1.408,-2.171
1.106,-2.021
0.443,-2.033
-0.041,-2.192
-0.754,-2.221
-1.645,-2.004
-2.954,-1.864
-2.955,-2.212
-2.982,-2.153
1.755,2.174
1.792,2.305
0.594,2.087
-2.146,2.33
2.748,2.165
2.54,2.173
-0.205,0.867
-0.106,-1.985
-0.271,1.836
-1.476,0.126
-1.57,1.842
-3.003,-0.565
0.269,-2.091
-2.943,-2.159
-1.197,2.305
2.105,-0.254
1.956,-1.986
1.987,0.883
1.427,-0.265
1.243,1.644
1.23,0.539
1.17,0.504
1.099,0.999
0.99,-0.39
0.896,-0.616
1.016,-1.232
0.839,-1.897
0.234,-0.67
0.153,1.77
-0.043,-0.603
-0.129,1.87
-0.332,0.11
-0.474,-1.918
-0.332,-1.301
-0.366,-1.057
-0.403,1.69
-0.603,1.362
-0.566,-0.026
-0.775,-0.498
-0.841,-0.332
-1.119,0.89
-1.126,0.761
-1.211,-1.105
-1.251,-0.311
-1.759,1.726
-1.816,-1.913
-1.962,-0.074
-1.898,0.219
-2.035,-0.068
-1.926,-1.137
-2.227,-1.059
-2.411,-1.618
-2.302,0.393
-2.476,0.862
-2.605,-0.085
-2.5,0.469
-2.636,0.09
-2.549,0.033
-2.682,0.431
-2.779,-1.701
-2.704,-0.602
-2.786,0.218
-2.931,-0.354
-2.87,-1.415
-2.888,1.32
-3.087,0.461
2.923,-1.613
2.698,-1.439
2.577,-1.869
2.635,1.07
2.606,-1.308
2.569,-0.579
2.449,1.262
2.553,1.047
2.393,-1.428
2.499,-0.348
1.929,-2.018
1.798,-2.094
1.279,-2.184
-2.587,-2.099
3.09,-2.042
0.565,2.278
0.658,2.322
-0.268,2.042
-0.764,2.299
-0.833,2.112
-1.387,2.063
-1.609,2.44
-2.841,2.37
2.565,2.262
2.026,-0.496
-1.927,-1.468
-1.887,1.657
2.348,1.628
1.296,-1.628
1.124,0.014
0.297,-0.698
-2.773,0.001
2.773,1.27
2.651,1.115
2.648,1.268
1.143,-0.148
0.98,1.942
-0.387,1.927
-2.168,2.277
-2.279,1.985
2.653,-1.879
0.002,-0.975
-0.089,-0.372
-0.085,1.775
-0.076,-0.539
-0.118,2.371
-0.127,0.827
-0.242,0.926
-0.281,1.122
-0.304,-0.313
-0.353,1.276
-0.398,0.472
-0.418,0.353
-0.434,0.429
-0.391,0.88
-0.413,0.913
-0.463,1.279
-0.481,-0.764
-0.614,2.215
-0.68,0.294
-0.684,-0.896
-0.799,-0.605
-0.819,0.646
-0.868,0.436
-1.012,-0.421
-1.06,-1.251
-1.088,1.817
-1.177,-0.499
-1.137,-1.13
-1.478,1.723
-1.402,1.308
-1.54,-0.499
-1.651,-0.488
-1.61,0.814
-1.653,0.969
-1.951,-0.57
-1.91,1.699
-2.031,1.638
-2.06,-0.25
-2.037,0.637
-2.07,0.263
-2.172,-0.813
-2.164,2.185
-2.248,-0.998
-2.356,-0.227
-2.399,0.915
-2.505,-0.126
-2.546,1.669
-2.588,1.067
-2.652,1.037
-2.859,-0.371
-2.841,1.383
-2.857,-0.363
-2.987,0.95
3.1,-0.113
3.114,0.998
3.12,0.581
3.052,1.452
3.074,-0.218
2.96,1.344
2.924,-0.876
2.584,-1.122
2.511,0.51
2.274,0.938
2.218,2.53
2.23,1.45
2.156,0.128
2.138,0.485
2.102,-0.837
2.111,-1.395
1.554,-1.22
1.362,-1.422
1.06,-1.272
0.397,-1.284
-0.087,-1.443
-0.8,-1.472
-1.691,-1.255
-3.0,-1.115
-3.001,-1.463
-3.028,-1.404
1.709,2.923
1.746,3.054
0.548,2.836
-2.192,3.079
2.702,2.914
2.494,2.922
-0.251,1.616
-0.152,-1.236
-0.317,2.585
-1.522,0.875
-1.616,2.591
-3.049,0.184
0.223,-1.342
-2.989,-1.41
-1.243,3.054
2.059,0.495
1.91,-1.237
1.941,1.632
1.381,0.484
1.197,2.393
1.184,1.288
1.124,1.253
1.053,1.748
0.944,0.359
0.85,0.133
0.97,-0.483
0.793,-1.148
0.188,0.079
0.107,2.519
-0.089,0.146
-0.175,2.619
-0.378,0.859
-0.52,-1.169
-0.378,-0.552
-0.412,-0.308
-0.449,2.439
-0.649,2.111
-0.612,0.723
-0.821,0.251
-0.887,0.417
-1.165,1.639
-1.172,1.51
-1.257,-0.356
-1.297,0.438
-1.805,2.475
-1.862,-1.164
-2.008,0.675
-1.944,0.968
-2.081,0.681
-1.972,-0.388
-2.273,-0.31
-2.457,-0.869
-2.348,1.142
-2.522,1.611
-2.651,0.664
-2.546,1.218
-2.682,0.839
-2.595,0.782
-2.728,1.18
-2.825,-0.952
-2.75,0.147
-2.832,0.967
-2.977,0.395
-2.916,-0.666
-2.934,2.069
-3.133,1.21
2.877,-0.864
2.652,-0.69
2.531,-1.12
2.589,1.819
2.56,-0.559
2.523,0.17
2.403,2.011
2.507,1.796
2.347,-0.679
2.453,0.401
1.883,-1.269
1.752,-1.345
1.233,-1.435
-2.633,-1.35
3.044,-1.293
0.519,3.027
0.612,3.071
-0.314,2.791
-0.81,3.048
-0.879,2.861
-1.433,2.812
-1.655,3.189
-2.887,3.119
2.519,3.011
1.98,0.253
-1.973,-0.719
-1.933,2.406
2.302,2.377
1.25,-0.879
1.078,0.763
0.251,0.051
-2.819,0.75
2.727,2.019
2.605,1.864
2.602,2.017
1.097,0.601
0.934,2.691
-0.433,2.676
-2.214,3.026
-2.325,2.734
2.607,-1.13
-0.091,0.603
-0.087,2.75
-0.078,0.436
-0.12,3.346
-0.129,1.802
-0.244,1.901
-0.283,2.097
-0.306,0.662
-0.355,2.251
-0.4,1.447
-0.42,1.328
-0.436,1.404
-0.393,1.855
-0.415,1.888
-0.465,2.254
-0.483,0.211
-0.616,3.19
-0.682,1.269
-0.686,0.079
-0.801,0.37
-0.821,1.621
-0.87,1.411
-1.014,0.554
-1.062,-0.276
-1.09,2.792
-1.179,0.476
-1.139,-0.155
-1.48,2.698
-1.404,2.283
-1.542,0.476
-1.653,0.487
-1.612,1.789
-1.655,1.944
-1.953,0.405
-1.912,2.674
-2.033,2.613
-2.062,0.725
-2.039,1.612
-2.072,1.238
-2.174,0.162
-2.166,3.16
-2.25,-0.023
-2.358,0.748
-2.401,1.89
-2.507,0.849
-2.548,2.644
-2.59,2.042
-2.654,2.012
-2.861,0.604
-2.843,2.358
-2.859,0.612
-2.989,1.925
3.098,0.862
3.112,1.973
3.118,1.556
3.05,2.427
3.072,0.757
2.958,2.319
2.922,0.099
2.582,-0.147
2.509,1.485
2.272,1.913
2.216,3.505
2.228,2.425
2.154,1.103
2.136,1.46
2.1,0.138
2.109,-0.42
1.552,-0.245
1.36,-0.447
1.058,-0.297
0.395,-0.309
-0.089,-0.468
-0.802,-0.497
-1.693,-0.28
-3.002,-0.14
-3.003,-0.488
-3.03,-0.429
1.707,3.898
1.744,4.029
0.546,3.811
-2.194,4.054
2.7,3.889
2.492,3.897
-0.253,2.591
-0.154,-0.261
-0.319,3.56
-1.524,1.85
-1.618,3.566
-3.051,1.159
0.221,-0.367
-2.991,-0.435
-1.245,4.029
2.057,1.47
1.908,-0.262
1.939,2.607
1.379,1.459
1.195,3.368
1.182,2.263
1.122,2.228
1.051,2.723
0.942,1.334
0.848,1.108
0.968,0.492
0.791,-0.173
0.186,1.054
0.105,3.494
-0.091,1.121
-0.177,3.594
-0.38,1.834
-0.522,-0.194
-0.38,0.423
-0.414,0.667
-0.451,3.414
-0.651,3.086
-0.614,1.698
-0.823,1.226
-0.889,1.392
-1.167,2.614
-1.174,2.485
-1.259,0.619
-1.299,1.413
-1.807,3.45
-1.864,-0.189
-2.01,1.65
-1.946,1.943
-2.083,1.656
-1.974,0.587
-2.275,0.665
-2.459,0.106
-2.35,2.117
-2.524,2.586
-2.653,1.639
-2.548,2.193
-2.684,1.814
-2.597,1.757
-2.73,2.155
-2.827,0.023
-2.752,1.122
-2.834,1.942
-2.979,1.37
-2.918,0.309
-2.936,3.044
-3.135,2.185
2.875,0.111
2.65,0.285
2.529,-0.145
2.587,2.794
2.558,0.416
2.521,1.145
2.401,2.986
2.505,2.771
2.345,0.296
2.451,1.376
1.881,-0.294
1.75,-0.37
1.231,-0.46
-2.635,-0.375
3.042,-0.318
0.517,4.002
0.61,4.046
-0.316,3.766
-0.812,4.023
-0.881,3.836
-1.435,3.787
-1.657,4.164
-2.889,4.094
2.517,3.986
1.978,1.228
-1.975,0.256
-1.935,3.381
2.3,3.352
1.248,0.096
1.076,1.738
0.249,1.026
-2.821,1.725
2.725,2.994
2.603,2.839
2.6,2.992
1.095,1.576
0.932,3.666
-0.435,3.651
-2.216,4.001
-2.327,3.709
2.605,-0.155
0.004,2.147
0.013,-0.167
-0.029,2.743
-0.038,1.199
-0.153,1.298
-0.192,1.494
-0.215,0.059
-0.264,1.648
-0.309,0.844
-0.329,0.725
-0.345,0.801
-0.302,1.252
-0.324,1.285
-0.374,1.651
-0.392,-0.392
-0.525,2.587
-0.591,0.666
-0.595,-0.524
-0.71,-0.233
-0.73,1.018
-0.779,0.808
-0.923,-0.049
-0.971,-0.879
-0.999,2.189
-1.088,-0.127
-1.048,-0.758
-1.389,2.095
-1.313,1.68
-1.451,-0.127
-1.562,-0.116
-1.521,1.186
-1.564,1.341
-1.862,-0.198
-1.821,2.071
-1.942,2.01
-1.971,0.122
-1.948,1.009
-1.981,0.635
-2.083,-0.441
-2.075,2.557
-2.159,-0.626
-2.267,0.145
-2.31,1.287
-2.416,0.246
-2.457,2.041
-2.499,1.439
-2.563,1.409
-2.77,0.001
-2.752,1.755
-2.768,0.009
-2.898,1.322
-3.094,0.259
-3.08,1.37
-3.074,0.953
3.141,1.824
-3.12,0.154
3.049,1.716
3.013,-0.504
2.673,-0.75
2.6,0.882
2.363,1.31
2.307,2.902
2.319,1.822
2.245,0.5
2.227,0.857
2.191,-0.465
2.2,-1.023
1.643,-0.848
1.451,-1.05
1.149,-0.9
0.486,-0.912
0.002,-1.071
-0.711,-1.1
-1.602,-0.883
-2.911,-0.743
-2.912,-1.091
-2.939,-1.032
1.798,3.295
1.835,3.426
0.637,3.208
-2.103,3.451
2.791,3.286
2.583,3.294
-0.162,1.988
-0.063,-0.864
-0.228,2.957
-1.433,1.247
-1.527,2.963
-2.96,0.556
0.312,-0.97
-2.9,-1.038
-1.154,3.426
2.148,0.867
1.999,-0.865
2.03,2.004
1.47,0.856
1.286,2.765
1.273,1.66
1.213,1.625
1.142,2.12
1.033,0.731
0.939,0.505
1.059,-0.111
0.882,-0.776
0.277,0.451
0.196,2.891
0.0,0.518
-0.086,2.991
-0.289,1.231
-0.431,-0.797
-0.289,-0.18
-0.323,0.064
-0.36,2.811
-0.56,2.483
-0.523,1.095
-0.732,0.623
-0.798,0.789
-1.076,2.011
-1.083,1.882
-1.168,0.016
-1.208,0.81
-1.716,2.847
-1.773,-0.792
-1.919,1.047
-1.855,1.34
-1.992,1.053
-1.883,-0.016
-2.184,0.062
-2.368,-0.497
-2.259,1.514
-2.433,1.983
-2.562,1.036
-2.457,1.59
-2.593,1.211
-2.506,1.154
-2.639,1.552
-2.736,-0.58
-2.661,0.519
-2.743,1.339
-2.888,0.767
-2.827,-0.294
-2.845,2.441
-3.044,1.582
2.966,-0.492
2.741,-0.318
2.62,-0.748
2.678,2.191
2.649,-0.187
2.612,0.542
2.492,2.383
2.596,2.168
2.436,-0.307
2.542,0.773
1.972,-0.897
1.841,-0.973
1.322,-1.063
-2.544,-0.978
3.133,-0.921
0.608,3.399
0.701,3.443
-0.225,3.163
-0.721,3.42
-0.79,3.233
-1.344,3.184
-1.566,3.561
-2.798,3.491
2.608,3.383
2.069,0.625
-1.884,-0.347
-1.844,2.778
2.391,2.749
1.339,-0.507
1.167,1.135
0.34,0.423
-2.73,1.122
2.816,2.391
2.694,2.236
2.691,2.389
1.186,0.973
1.023,3.063
-0.344,3.048
-2.125,3.398
-2.236,3.106
2.696,-0.758
0.009,-2.314
-0.033,0.596
-0.042,-0.948
-0.157,-0.849
-0.196,-0.653
-0.219,-2.088
-0.268,-0.499
-0.313,-1.303
-0.333,-1.422
-0.349,-1.346
-0.306,-0.895
-0.328,-0.862
-0.378,-0.496
-0.396,-2.539
-0.529,0.44
-0.595,-1.481
-0.599,-2.671
-0.714,-2.38
-0.734,-1.129
-0.783,-1.339
-0.927,-2.196
-0.975,-3.026
-1.003,0.042
-1.092,-2.274
-1.052,-2.905
-1.393,-0.052
-1.317,-0.467
-1.455,-2.274
-1.566,-2.263
-1.525,-0.961
-1.568,-0.806
-1.866,-2.345
-1.825,-0.076
-1.946,-0.137
-1.975,-2.025
-1.952,-1.138
-1.985,-1.512
-2.087,-2.588
-2.079,0.41
-2.163,-2.773
-2.271,-2.002
-2.314,-0.86
-2.42,-1.901
-2.461,-0.106
-2.503,-0.708
-2.567,-0.738
-2.774,-2.146
-2.756,-0.392
-2.772,-2.138
-2.902,-0.825
-3.098,-1.888
-3.084,-0.777
-3.078,-1.194
3.137,-0.323
-3.124,-1.993
3.045,-0.431
3.009,-2.651
2.669,-2.897
2.596,-1.265
2.359,-0.837
2.303,0.755
2.315,-0.325
2.241,-1.647
2.223,-1.29
2.187,-2.612
2.196,-3.17
1.639,-2.995
1.447,-3.197
1.145,-3.047
0.482,-3.059
-0.002,-3.218
-0.715,-3.247
-1.606,-3.03
-2.915,-2.89
-2.916,-3.238
-2.943,-3.179
1.794,1.148
1.831,1.279
0.633,1.061
-2.107,1.304
2.787,1.139
2.579,1.147
-0.166,-0.159
-0.067,-3.011
-0.232,0.81
-1.437,-0.9
-1.531,0.816
-2.964,-1.591
0.308,-3.117
-2.904,-3.185
-1.158,1.279
2.144,-1.28
1.995,-3.012
2.026,-0.143
1.466,-1.291
1.282,0.618
1.269,-0.487
1.209,-0.522
1.138,-0.027
1.029,-1.416
0.935,-1.642
1.055,-2.258
0.878,-2.923
0.273,-1.696
0.192,0.744
-0.004,-1.629
-0.09,0.844
-0.293,-0.916
-0.435,-2.944
-0.293,-2.327
-0.327,-2.083
-0.364,0.664
-0.564,0.336
-0.527,-1.052
-0.736,-1.524
-0.802,-1.358
-1.08,-0.136
-1.087,-0.265
-1.172,-2.131
-1.212,-1.337
-1.72,0.7
-1.777,-2.939
-1.923,-1.1
-1.859,-0.807
-1.996,-1.094
-1.887,-2.163
-2.188,-2.085
-2.372,-2.644
-2.263,-0.633
-2.437,-0.164
-2.566,-1.111
-2.461,-0.557
-2.597,-0.936
-2.51,-0.993
-2.643,-0.595
-2.74,-2.727
-2.665,-1.628
-2.747,-0.808
-2.892,-1.38
-2.831,-2.441
-2.849,0.294
-3.048,-0.565
2.962,-2.639
2.737,-2.465
2.616,-2.895
2.674,0.044
2.645,-2.334
2.608,-1.605
2.488,0.236
2.592,0.021
2.432,-2.454
2.538,-1.374
1.968,-3.044
1.837,-3.12
1.318,-3.21
-2.548,-3.125
3.129,-3.068
0.604,1.252
0.697,1.296
-0.229,1.016
-0.725,1.273
-0.794,1.086
-1.348,1.037
-1.57,1.414
-2.802,1.344
2.604,1.236
2.065,-1.522
-1.888,-2.494
-1.848,0.631
2.387,0.602
1.335,-2.654
1.163,-1.012
0.336,-1.724
-2.734,-1.025
2.812,0.244
2.69,0.089
2.687,0.242
1.182,-1.174
1.019,0.916
-0.348,0.901
-2.129,1.251
-2.24,0.959
2.692,-2.905
-0.042,2.91
-0.051,1.366
-0.166,1.465
-0.205,1.661
-0.228,0.226
-0.277,1.815
-0.322,1.011
-0.342,0.892
-0.358,0.968
-0.315,1.419
-0.337,1.452
-0.387,1.818
-0.405,-0.225
-0.538,2.754
-0.604,0.833
-0.608,-0.357
-0.723,-0.066
-0.743,1.185
-0.792,0.975
-0.936,0.118
-0.984,-0.712
-1.012,2.356
-1.101,0.04
-1.061,-0.591
-1.402,2.262
-1.326,1.847
-1.464,0.04
-1.575,0.051
-1.534,1.353
-1.577,1.508
-1.875,-0.031
-1.834,2.238
-1.955,2.177
-1.984,0.289
-1.961,1.176
-1.994,0.802
-2.096,-0.274
-2.088,2.724
-2.172,-0.459
-2.28,0.312
-2.323,1.454
-2.429,0.413
-2.47,2.208
-2.512,1.606
-2.576,1.576
-2.783,0.168
-2.765,1.922
-2.781,0.176
-2.911,1.489
-3.107,0.426
-3.093,1.537
-3.087,1.12
3.128,1.991
-3.133,0.321
3.036,1.883
3.0,-0.337
2.66,-0.583
2.587,1.049
2.35,1.477
2.294,3.069
2.306,1.989
2.232,0.667
2.214,1.024
2.178,-0.298
2.187,-0.856
1.63,-0.681
1.438,-0.883
1.136,-0.733
0.473,-0.745
-0.011,-0.904
-0.724,-0.933
-1.615,-0.716
-2.924,-0.576
-2.925,-0.924
-2.952,-0.865
1.785,3.462
1.822,3.593
0.624,3.375
-2.116,3.618
2.778,3.453
2.57,3.461
-0.175,2.155
-0.076,-0.697
-0.241,3.124
-1.446,1.414
-1.54,3.13
-2.973,0.723
0.299,-0.803
-2.913,-0.871
-1.167,3.593
2.135,1.034
1.986,-0.698
2.017,2.171
1.457,1.023
1.273,2.932
1.26,1.827
1.2,1.792
1.129,2.287
1.02,0.898
0.926,0.672
1.046,0.056
0.869,-0.609
0.264,0.618
0.183,3.058
-0.013,0.685
-0.099,3.158
-0.302,1.398
-0.444,-0.63
-0.302,-0.013
-0.336,0.231
-0.373,2.978
-0.573,2.65
-0.536,1.262
-0.745,0.79
-0.811,0.956
-1.089,2.178
-1.096,2.049
-1.181,0.183
-1.221,0.977
-1.729,3.014
-1.786,-0.625
-1.932,1.214
-1.868,1.507
-2.005,1.22
-1.896,0.151
-2.197,0.229
-2.381,-0.33
-2.272,1.681
-2.446,2.15
-2.575,1.203
-2.47,1.757
-2.606,1.378
-2.519,1.321
-2.652,1.719
-2.749,-0.413
-2.674,0.686
-2.756,1.506
-2.901,0.934
-2.84,-0.127
-2.858,2.608
-3.057,1.749
2.953,-0.325
2.728,-0.151
2.607,-0.581
2.665,2.358
2.636,-0.02
2.599,0.709
2.479,2.55
2.583,2.335
2.423,-0.14
2.529,0.94
1.959,-0.73
1.828,-0.806
1.309,-0.896
-2.557,-0.811
3.12,-0.754
0.595,3.566
0.688,3.61
-0.238,3.33
-0.734,3.587
-0.803,3.4
-1.357,3.351
-1.579,3.728
-2.811,3.658
2.595,3.55
2.056,0.792
-1.897,-0.18
-1.857,2.945
2.378,2.916
1.326,-0.34
1.154,1.302
0.327,0.59
-2.743,1.289
2.803,2.558
2.681,2.403
2.678,2.556
1.173,1.14
1.01,3.23
-0.357,3.215
-2.138,3.565
-2.249,3.273
2.683,-0.591
-0.009,-1.544
-0.124,-1.445
-0.163,-1.249
-0.186,-2.684
-0.235,-1.095
-0.28,-1.899
-0.3,-2.018
-0.316,-1.942
-0.273,-1.491
-0.295,-1.458
-0.345,-1.092
-0.363,-3.135
-0.496,-0.156
-0.562,-2.077
-0.566,-3.267
-0.681,-2.976
-0.701,-1.725
-0.75,-1.935
-0.894,-2.792
-0.942,-3.622
-0.97,-0.554
-1.059,-2.87
-1.019,-3.501
-1.36,-0.648
-1.284,-1.063
-1.422,-2.87
-1.533,-2.859
-1.492,-1.557
-1.535,-1.402
-1.833,-2.941
-1.792,-0.672
-1.913,-0.733
-1.942,-2.621
-1.919,-1.734
-1.952,-2.108
-2.054,-3.184
-2.046,-0.186
-2.13,-3.369
-2.238,-2.598
-2.281,-1.456
-2.387,-2.497
-2.428,-0.702
-2.47,-1.304
-2.534,-1.334
-2.741,-2.742
-2.723,-0.988
-2.739,-2.734
-2.869,-1.421
-3.065,-2.484
-3.051,-1.373
-3.045,-1.79
-3.113,-0.919
-3.091,-2.589
3.078,-1.027
3.042,-3.247
2.702,-3.493
2.629,-1.861
2.392,-1.433
2.336,0.159
2.348,-0.921
2.274,-2.243
2.256,-1.886
2.22,-3.208
2.229,-3.766
1.672,-3.591
1.48,-3.793
1.178,-3.643
0.515,-3.655
0.031,-3.814
-0.682,-3.843
-1.573,-3.626
-2.882,-3.486
-2.883,-3.834
-2.91,-3.775
1.827,0.552
1.864,0.683
0.666,0.465
-2.074,0.708
2.82,0.543
2.612,0.551
-0.133,-0.755
-0.034,-3.607
-0.199,0.214
-1.404,-1.496
-1.498,0.22
-2.931,-2.187
0.341,-3.713
-2.871,-3.781
-1.125,0.683
2.177,-1.876
2.028,-3.608
2.059,-0.739
1.499,-1.887
1.315,0.022
1.302,-1.083
1.242,-1.118
1.171,-0.623
1.062,-2.012
0.968,-2.238
1.088,-2.854
0.911,-3.519
0.306,-2.292
0.225,0.148
0.029,-2.225
-0.057,0.248
-0.26,-1.512
-0.402,-3.54
-0.26,-2.923
-0.294,-2.679
-0.331,0.068
-0.531,-0.26
-0.494,-1.648
-0.703,-2.12
-0.769,-1.954
-1.047,-0.732
-1.054,-0.861
-1.139,-2.727
-1.179,-1.933
-1.687,0.104
-1.744,-3.535
-1.89,-1.696
-1.826,-1.403
-1.963,-1.69
-1.854,-2.759
-2.155,-2.681
-2.339,-3.24
-2.23,-1.229
-2.404,-0.76
-2.533,-1.707
-2.428,-1.153
-2.564,-1.532
-2.477,-1.589
-2.61,-1.191
-2.707,-3.323
-2.632,-2.224
-2.714,-1.404
-2.859,-1.976
-2.798,-3.037
-2.816,-0.302
-3.015,-1.161
2.995,-3.235
2.77,-3.061
2.649,-3.491
2.707,-0.552
2.678,-2.93
2.641,-2.201
2.521,-0.36
2.625,-0.575
2.465,-3.05
2.571,-1.97
2.001,-3.64
1.87,-3.716
1.351,-3.806
-2.515,-3.721
-3.121,-3.664
0.637,0.656
0.73,0.7
-0.196,0.42
-0.692,0.677
-0.761,0.49
-1.315,0.441
-1.537,0.818
-2.769,0.748
2.637,0.64
2.098,-2.118
-1.855,-3.09
-1.815,0.035
2.42,0.006
1.368,-3.25
1.196,-1.608
0.369,-2.32
-2.701,-1.621
2.845,-0.352
2.723,-0.507
2.72,-0.354
1.215,-1.77
1.052,0.32
-0.315,0.305
-2.096,0.655
-2.207,0.363
2.725,-3.501
-0.115,0.099
-0.154,0.295
-0.177,-1.14
-0.226,0.449
-0.271,-0.355
-0.291,-0.474
-0.307,-0.398
-0.264,0.053
-0.286,0.086
-0.336,0.452
-0.354,-1.591
-0.487,1.388
-0.553,-0.533
-0.557,-1.723
-0.672,-1.432
-0.692,-0.181
-0.741,-0.391
-0.885,-1.248
-0.933,-2.078
-0.961,0.99
-1.05,-1.326
-1.01,-1.957
-1.351,0.896
-1.275,0.481
-1.413,-1.326
-1.524,-1.315
-1.483,-0.013
-1.526,0.142
-1.824,-1.397
-1.783,0.872
-1.904,0.811
-1.933,-1.077
-1.91,-0.19
-1.943,-0.564
-2.045,-1.64
-2.037,1.358
-2.121,-1.825
-2.229,-1.054
-2.272,0.088
-2.378,-0.953
-2.419,0.842
-2.461,0.24
-2.525,0.21
-2.732,-1.198
-2.714,0.556
-2.73,-1.19
-2.86,0.123
-3.056,-0.94
-3.042,0.171
-3.036,-0.246
-3.104,0.625
-3.082,-1.045
3.087,0.517
3.051,-1.703
2.711,-1.949
2.638,-0.317
2.401,0.111
2.345,1.703
2.357,0.623
2.283,-0.699
2.265,-0.342
2.229,-1.664
2.238,-2.222
1.681,-2.047
1.489,-2.249
1.187,-2.099
0.524,-2.111
0.04,-2.27
-0.673,-2.299
-1.564,-2.082
-2.873,-1.942
-2.874,-2.29
-2.901,-2.231
1.836,2.096
1.873,2.227
0.675,2.009
-2.065,2.252
2.829,2.087
2.621,2.095
-0.124,0.789
-0.025,-2.063
-0.19,1.758
-1.395,0.048
-1.489,1.764
-2.922,-0.643
0.35,-2.169
-2.862,-2.237
-1.116,2.227
2.186,-0.332
2.037,-2.064
2.068,0.805
1.508,-0.343
1.324,1.566
1.311,0.461
1.251,0.426
1.18,0.921
1.071,-0.468
0.977,-0.694
1.097,-1.31
0.92,-1.975
0.315,-0.748
0.234,1.692
0.038,-0.681
-0.048,1.792
-0.251,0.032
-0.393,-1.996
-0.251,-1.379
-0.285,-1.135
-0.322,1.612
-0.522,1.284
-0.485,-0.104
-0.694,-0.576
-0.76,-0.41
-1.038,0.812
-1.045,0.683
-1.13,-1.183
-1.17,-0.389
-1.678,1.648
-1.735,-1.991
-1.881,-0.152
-1.817,0.141
-1.954,-0.146
-1.845,-1.215
-2.146,-1.137
-2.33,-1.696
-2.221,0.315
-2.395,0.784
-2.524,-0.163
-2.419,0.391
-2.555,0.012
-2.468,-0.045
-2.601,0.353
-2.698,-1.779
-2.623,-0.68
-2.705,0.14
-2.85,-0.432
-2.789,-1.493
-2.807,1.242
-3.006,0.383
3.004,-1.691
2.779,-1.517
2.658,-1.947
2.716,0.992
2.687,-1.386
2.65,-0.657
2.53,1.184
2.634,0.969
2.474,-1.506
2.58,-0.426
2.01,-2.096
1.879,-2.172
1.36,-2.262
-2.506,-2.177
-3.112,-2.12
0.646,2.2
0.739,2.244
-0.187,1.964
-0.683,2.221
-0.752,2.034
-1.306,1.985
-1.528,2.362
-2.76,2.292
2.646,2.184
2.107,-0.574
-1.846,-1.546
-1.806,1.579
2.429,1.55
1.377,-1.706
1.205,-0.064
0.378,-0.776
-2.692,-0.077
2.854,1.192
2.732,1.037
2.729,1.19
1.224,-0.226
1.061,1.864
-0.306,1.849
-2.087,2.199
-2.198,1.907
2.734,-1.957
-0.039,0.196
-0.062,-1.239
-0.111,0.35
-0.156,-0.454
-0.176,-0.573
-0.192,-0.497
-0.149,-0.046
-0.171,-0.013
-0.221,0.353
-0.239,-1.69
-0.372,1.289
-0.438,-0.632
-0.442,-1.822
-0.557,-1.531
-0.577,-0.28
-0.626,-0.49
-0.77,-1.347
-0.818,-2.177
-0.846,0.891
-0.935,-1.425
-0.895,-2.056
-1.236,0.797
-1.16,0.382
-1.298,-1.425
-1.409,-1.414
-1.368,-0.112
-1.411,0.043
-1.709,-1.496
-1.668,0.773
-1.789,0.712
-1.818,-1.176
-1.795,-0.289
-1.828,-0.663
-1.93,-1.739
-1.922,1.259
-2.006,-1.924
-2.114,-1.153
-2.157,-0.011
-2.263,-1.052
-2.304,0.743
-2.346,0.141
-2.41,0.111
-2.617,-1.297
-2.599,0.457
-2.615,-1.289
-2.745,0.024
-2.941,-1.039
-2.927,0.072
-2.921,-0.345
-2.989,0.526
-2.967,-1.144
-3.081,0.418
-3.117,-1.802
2.826,-2.048
2.753,-0.416
2.516,0.012
2.46,1.604
2.472,0.524
2.398,-0.798
2.38,-0.441
2.344,-1.763
2.353,-2.321
1.796,-2.146
1.604,-2.348
1.302,-2.198
0.639,-2.21
0.155,-2.369
-0.558,-2.398
-1.449,-2.181
-2.758,-2.041
-2.759,-2.389
-2.786,-2.33
1.951,1.997
1.988,2.128
0.79,1.91
-1.95,2.153
2.944,1.988
2.736,1.996
-0.009,0.69
0.09,-2.162
-0.075,1.659
-1.28,-0.051
-1.374,1.665
-2.807,-0.742
0.465,-2.268
-2.747,-2.336
-1.001,2.128
2.301,-0.431
2.152,-2.163
2.183,0.706
1.623,-0.442
1.439,1.467
1.426,0.362
1.366,0.327
1.295,0.822
1.186,-0.567
1.092,-0.793
1.212,-1.409
1.035,-2.074
0.43,-0.847
0.349,1.593
0.153,-0.78
0.067,1.693
-0.136,-0.067
-0.278,-2.095
-0.136,-1.478
-0.17,-1.234
-0.207,1.513
-0.407,1.185
-0.37,-0.203
-0.579,-0.675
-0.645,-0.509
-0.923,0.713
-0.93,0.584
-1.015,-1.282
-1.055,-0.488
-1.563,1.549
-1.62,-2.09
-1.766,-0.251
-1.702,0.042
-1.839,-0.245
-1.73,-1.314
-2.031,-1.236
-2.215,-1.795
-2.106,0.216
-2.28,0.685
-2.409,-0.262
-2.304,0.292
-2.44,-0.087
-2.353,-0.144
-2.486,0.254
-2.583,-1.878
-2.508,-0.779
-2.59,0.041
-2.735,-0.531
-2.674,-1.592
-2.692,1.143
-2.891,0.284
3.119,-1.79
2.894,-1.616
2.773,-2.046
2.831,0.893
2.802,-1.485
2.765,-0.756
2.645,1.085
2.749,0.87
2.589,-1.605
2.695,-0.525
2.125,-2.195
1.994,-2.271
1.475,-2.361
-2.391,-2.276
-2.997,-2.219
0.761,2.101
0.854,2.145
-0.072,1.865
-0.568,2.122
-0.637,1.935
-1.191,1.886
-1.413,2.263
-2.645,2.193
2.761,2.085
2.222,-0.673
-1.731,-1.645
-1.691,1.48
2.544,1.451
1.492,-1.805
1.32,-0.163
0.493,-0.875
-2.577,-0.176
2.969,1.093
2.847,0.938
2.844,1.091
1.339,-0.325
1.176,1.765
-0.191,1.75
-1.972,2.1
-2.083,1.808
2.849,-2.056
-0.023,-1.435
-0.072,0.154
-0.117,-0.65
-0.137,-0.769
-0.153,-0.693
-0.11,-0.242
-0.132,-0.209
-0.182,0.157
-0.2,-1.886
-0.333,1.093
-0.399,-0.828
-0.403,-2.018
-0.518,-1.727
-0.538,-0.476
-0.587,-0.686
-0.731,-1.543
-0.779,-2.373
-0.807,0.695
-0.896,-1.621
-0.856,-2.252
-1.197,0.601
-1.121,0.186
-1.259,-1.621
-1.37,-1.61
-1.329,-0.308
-1.372,-0.153
-1.67,-1.692
-1.629,0.577
-1.75,0.516
-1.779,-1.372
-1.756,-0.485
-1.789,-0.859
-1.891,-1.935
-1.883,1.063
-1.967,-2.12
-2.075,-1.349
-2.118,-0.207
-2.224,-1.248
-2.265,0.547
-2.307,-0.055
-2.371,-0.085
-2.578,-1.493
-2.56,0.261
-2.576,-1.485
-2.706,-0.172
-2.902,-1.235
-2.888,-0.124
-2.882,-0.541
-2.95,0.33
-2.928,-1.34
-3.042,0.222
-3.078,-1.998
2.865,-2.244
2.792,-0.612
2.555,-0.184
2.499,1.408
2.511,0.328
2.437,-0.994
2.419,-0.637
2.383,-1.959
2.392,-2.517
1.835,-2.342
1.643,-2.544
1.341,-2.394
0.678,-2.406
0.194,-2.565
-0.519,-2.594
-1.41,-2.377
-2.719,-2.237
-2.72,-2.585
-2.747,-2.526
1.99,1.801
2.027,1.932
0.829,1.714
-1.911,1.957
2.983,1.792
2.775,1.8
0.03,0.494
0.129,-2.358
-0.036,1.463
-1.241,-0.247
-1.335,1.469
-2.768,-0.938
0.504,-2.464
-2.708,-2.532
-0.962,1.932
2.34,-0.627
2.191,-2.359
2.222,0.51
1.662,-0.638
1.478,1.271
1.465,0.166
1.405,0.131
1.334,0.626
1.225,-0.763
1.131,-0.989
1.251,-1.605
1.074,-2.27
0.469,-1.043
0.388,1.397
0.192,-0.976
0.106,1.497
-0.097,-0.263
-0.239,-2.291
-0.097,-1.674
-0.131,-1.43
-0.168,1.317
-0.368,0.989
-0.331,-0.399
-0.54,-0.871
-0.606,-0.705
-0.884,0.517
-0.891,0.388
-0.976,-1.478
-1.016,-0.684
-1.524,1.353
-1.581,-2.286
-1.727,-0.447
-1.663,-0.154
-1.8,-0.441
-1.691,-1.51
-1.992,-1.432
-2.176,-1.991
-2.067,0.02
-2.241,0.489
-2.37,-0.458
-2.265,0.096
-2.401,-0.283
-2.314,-0.34
-2.447,0.058
-2.544,-2.074
-2.469,-0.975
-2.551,-0.155
-2.696,-0.727
-2.635,-1.788
-2.653,0.947
-2.852,0.088
-3.125,-1.986
2.933,-1.812
2.812,-2.242
2.87,0.697
2.841,-1.681
2.804,-0.952
2.684,0.889
2.788,0.674
2.628,-1.801
2.734,-0.721
2.164,-2.391
2.033,-2.467
1.514,-2.557
-2.352,-2.472
-2.958,-2.415
0.8,1.905
0.893,1.949
-0.033,1.669
-0.529,1.926
-0.598,1.739
-1.152,1.69
-1.374,2.067
-2.606,1.997
2.8,1.889
2.261,-0.869
-1.692,-1.841
-1.652,1.284
2.583,1.255
1.531,-2.001
1.359,-0.359
0.532,-1.071
-2.538,-0.372
3.008,0.897
2.886,0.742
2.883,0.895
1.378,-0.521
1.215,1.569
-0.152,1.554
-1.933,1.904
-2.044,1.612
2.888,-2.252
-0.049,1.589
-0.094,0.785
-0.114,0.666
-0.13,0.742
-0.087,1.193
-0.109,1.226
-0.159,1.592
-0.177,-0.451
-0.31,2.528
-0.376,0.607
-0.38,-0.583
-0.495,-0.292
-0.515,0.959
-0.564,0.749
-0.708,-0.108
-0.756,-0.938
-0.784,2.13
-0.873,-0.186
-0.833,-0.817
-1.174,2.036
-1.098,1.621
-1.236,-0.186
-1.347,-0.175
-1.306,1.127
-1.349,1.282
-1.647,-0.257
-1.606,2.012
-1.727,1.951
-1.756,0.063
-1.733,0.95
-1.766,0.576
-1.868,-0.5
-1.86,2.498
-1.944,-0.685
-2.052,0.086
-2.095,1.228
-2.201,0.187
-2.242,1.982
-2.284,1.38
-2.348,1.35
-2.555,-0.058
-2.537,1.696
-2.553,-0.05
-2.683,1.263
-2.879,0.2
-2.865,1.311
-2.859,0.894
-2.927,1.765
-2.905,0.095
-3.019,1.657
-3.055,-0.563
2.888,-0.809
2.815,0.823
2.578,1.251
2.522,2.843
2.534,1.763
2.46,0.441
2.442,0.798
2.406,-0.524
2.415,-1.082
1.858,-0.907
1.666,-1.109
1.364,-0.959
0.701,-0.971
0.217,-1.13
-0.496,-1.159
-1.387,-0.942
-2.696,-0.802
-2.697,-1.15
-2.724,-1.091
2.013,3.236
2.05,3.367
0.852,3.149
-1.888,3.392
3.006,3.227
2.798,3.235
0.053,1.929
0.152,-0.923
-0.013,2.898
-1.218,1.188
-1.312,2.904
-2.745,0.497
0.527,-1.029
-2.685,-1.097
-0.939,3.367
2.363,0.808
2.214,-0.924
2.245,1.945
1.685,0.797
1.501,2.706
1.488,1.601
1.428,1.566
1.357,2.061
1.248,0.672
1.154,0.446
1.274,-0.17
1.097,-0.835
0.492,0.392
0.411,2.832
0.215,0.459
0.129,2.932
-0.074,1.172
-0.216,-0.856
-0.074,-0.239
-0.108,0.005
-0.145,2.752
-0.345,2.424
-0.308,1.036
-0.517,0.564
-0.583,0.73
-0.861,1.952
-0.868,1.823
-0.953,-0.043
-0.993,0.751
-1.501,2.788
-1.558,-0.851
-1.704,0.988
-1.64,1.281
-1.777,0.994
-1.668,-0.075
-1.969,0.003
-2.153,-0.556
-2.044,1.455
-2.218,1.924
-2.347,0.977
-2.242,1.531
-2.378,1.152
-2.291,1.095
-2.424,1.493
-2.521,-0.639
-2.446,0.46
-2.528,1.28
-2.673,0.708
-2.612,-0.353
-2.63,2.382
-2.829,1.523
-3.102,-0.551
2.956,-0.377
2.835,-0.807
2.893,2.132
2.864,-0.246
2.827,0.483
2.707,2.324
2.811,2.109
2.651,-0.366
2.757,0.714
2.187,-0.956
2.056,-1.032
1.537,-1.122
-2.329,-1.037
-2.935,-0.98
0.823,3.34
0.916,3.384
-0.01,3.104
-0.506,3.361
-0.575,3.174
-1.129,3.125
-1.351,3.502
-2.583,3.432
2.823,3.324
2.284,0.566
-1.669,-0.406
-1.629,2.719
2.606,2.69
1.554,-0.566
1.382,1.076
0.555,0.364
-2.515,1.063
3.031,2.332
2.909,2.177
2.906,2.33
1.401,0.914
1.238,3.004
-0.129,2.989
-1.91,3.339
-2.021,3.047
2.911,-0.817
-0.045,-0.804
-0.065,-0.923
-0.081,-0.847
-0.038,-0.396
-0.06,-0.363
-0.11,0.003
-0.128,-2.04
-0.261,0.939
-0.327,-0.982
-0.331,-2.172
-0.446,-1.881
-0.466,-0.63
-0.515,-0.84
-0.659,-1.697
-0.707,-2.527
-0.735,0.541
-0.824,-1.775
-0.784,-2.406
-1.125,0.447
-1.049,0.032
-1.187,-1.775
-1.298,-1.764
-1.257,-0.462
-1.3,-0.307
-1.598,-1.846
-1.557,0.423
-1.678,0.362
-1.707,-1.526
-1.684,-0.639
-1.717,-1.013
-1.819,-2.089
-1.811,0.909
-1.895,-2.274
-2.003,-1.503
-2.046,-0.361
-2.152,-1.402
-2.193,0.393
-2.235,-0.209
-2.299,-0.239
-2.506,-1.647
-2.488,0.107
-2.504,-1.639
-2.634,-0.326
-2.83,-1.389
-2.816,-0.278
-2.81,-0.695
-2.878,0.176
-2.856,-1.494
-2.97,0.068
-3.006,-2.152
2.937,-2.398
2.864,-0.766
2.627,-0.338
2.571,1.254
2.583,0.174
2.509,-1.148
2.491,-0.791
2.455,-2.113
2.464,-2.671
1.907,-2.496
1.715,-2.698
1.413,-2.548
0.75,-2.56
0.266,-2.719
-0.447,-2.748
-1.338,-2.531
-2.647,-2.391
-2.648,-2.739
-2.675,-2.68
2.062,1.647
2.099,1.778
0.901,1.56
-1.839,1.803
3.055,1.638
2.847,1.646
0.102,0.34
0.201,-2.512
0.036,1.309
-1.169,-0.401
-1.263,1.315
-2.696,-1.092
0.576,-2.618
-2.636,-2.686
-0.89,1.778
2.412,-0.781
2.263,-2.513
2.294,0.356
1.734,-0.792
1.55,1.117
1.537,0.012
1.477,-0.023
1.406,0.472
1.297,-0.917
1.203,-1.143
1.323,-1.759
1.146,-2.424
0.541,-1.197
0.46,1.243
0.264,-1.13
0.178,1.343
-0.025,-0.417
-0.167,-2.445
-0.025,-1.828
-0.059,-1.584
-0.096,1.163
-0.296,0.835
-0.259,-0.553
-0.468,-1.025
-0.534,-0.859
-0.812,0.363
-0.819,0.234
-0.904,-1.632
-0.944,-0.838
-1.452,1.199
-1.509,-2.44
-1.655,-0.601
-1.591,-0.308
-1.728,-0.595
-1.619,-1.664
-1.92,-1.586
-2.104,-2.145
-1.995,-0.134
-2.169,0.335
-2.298,-0.612
-2.193,-0.058
-2.329,-0.437
-2.242,-0.494
-2.375,-0.096
-2.472,-2.228
-2.397,-1.129
-2.479,-0.309
-2.624,-0.881
-2.563,-1.942
-2.581,0.793
-2.78,-0.066
-3.053,-2.14
3.005,-1.966
2.884,-2.396
2.942,0.543
2.913,-1.835
2.876,-1.106
2.756,0.735
2.86,0.52
2.7,-1.955
2.806,-0.875
2.236,-2.545
2.105,-2.621
1.586,-2.711
-2.28,-2.626
-2.886,-2.569
0.872,1.751
0.965,1.795
0.039,1.515
-0.457,1.772
-0.526,1.585
-1.08,1.536
-1.302,1.913
-2.534,1.843
2.872,1.735
2.333,-1.023
-1.62,-1.995
-1.58,1.13
2.655,1.101
1.603,-2.155
1.431,-0.513
0.604,-1.225
-2.466,-0.526
3.08,0.743
2.958,0.588
2.955,0.741
1.45,-0.675
1.287,1.415
-0.08,1.4
-1.861,1.75
-1.972,1.458
2.96,-2.406
-0.02,-0.119
-0.036,-0.043
0.007,0.408
-0.015,0.441
-0.065,0.807
-0.083,-1.236
-0.216,1.743
-0.282,-0.178
-0.286,-1.368
-0.401,-1.077
-0.421,0.174
-0.47,-0.036
-0.614,-0.893
-0.662,-1.723
-0.69,1.345
-0.779,-0.971
-0.739,-1.602
-1.08,1.251
-1.004,0.836
-1.142,-0.971
-1.253,-0.96
-1.212,0.342
-1.255,0.497
-1.553,-1.042
-1.512,1.227
-1.633,1.166
-1.662,-0.722
-1.639,0.165
-1.672,-0.209
-1.774,-1.285
-1.766,1.713
-1.85,-1.47
-1.958,-0.699
-2.001,0.443
-2.107,-0.598
-2.148,1.197
-2.19,0.595
-2.254,0.565
-2.461,-0.843
-2.443,0.911
-2.459,-0.835
-2.589,0.478
-2.785,-0.585
-2.771,0.526
-2.765,0.109
-2.833,0.98
-2.811,-0.69
-2.925,0.872
-2.961,-1.348
2.982,-1.594
2.909,0.038
2.672,0.466
2.616,2.058
2.628,0.978
2.554,-0.344
2.536,0.013
2.5,-1.309
2.509,-1.867
1.952,-1.692
1.76,-1.894
1.458,-1.744
0.795,-1.756
0.311,-1.915
-0.402,-1.944
-1.293,-1.727
-2.602,-1.587
-2.603,-1.935
-2.63,-1.876
2.107,2.451
2.144,2.582
0.946,2.364
-1.794,2.607
3.1,2.442
2.892,2.45
0.147,1.144
0.246,-1.708
0.081,2.113
-1.124,0.403
-1.218,2.119
-2.651,-0.288
0.621,-1.814
-2.591,-1.882
-0.845,2.582
2.457,0.023
2.308,-1.709
2.339,1.16
1.779,0.012
1.595,1.921
1.582,0.816
1.522,0.781
1.451,1.276
1.342,-0.113
1.248,-0.339
1.368,-0.955
1.191,-1.62
0.586,-0.393
0.505,2.047
0.309,-0.326
0.223,2.147
0.02,0.387
-0.122,-1.641
0.02,-1.024
-0.014,-0.78
-0.051,1.967
-0.251,1.639
-0.214,0.251
-0.423,-0.221
-0.489,-0.055
-0.767,1.167
-0.774,1.038
-0.859,-0.828
-0.899,-0.034
-1.407,2.003
-1.464,-1.636
-1.61,0.203
-1.546,0.496
-1.683,0.209
-1.574,-0.86
-1.875,-0.782
-2.059,-1.341
-1.95,0.67
-2.124,1.139
-2.253,0.192
-2.148,0.746
-2.284,0.367
-2.197,0.31
-2.33,0.708
-2.427,-1.424
-2.352,-0.325
-2.434,0.495
-2.579,-0.077
-2.518,-1.138
-2.536,1.597
-2.735,0.738
-3.008,-1.336
3.05,-1.162
2.929,-1.592
2.987,1.347
2.958,-1.031
2.921,-0.302
2.801,1.539
2.905,1.324
2.745,-1.151
2.851,-0.071
2.281,-1.741
2.15,-1.817
1.631,-1.907
-2.235,-1.822
-2.841,-1.765
0.917,2.555
1.01,2.599
0.084,2.319
-0.412,2.576
-0.481,2.389
-1.035,2.34
-1.257,2.717
-2.489,2.647
2.917,2.539
2.378,-0.219
-1.575,-1.191
-1.535,1.934
2.7,1.905
1.648,-1.351
1.476,0.291
0.649,-0.421
-2.421,0.278
3.125,1.547
3.003,1.392
3.0,1.545
1.495,0.129
1.332,2.219
-0.035,2.204
-1.816,2.554
-1.927,2.262
3.005,-1.602
-0.016,0.076
0.027,0.527
0.005,0.56
-0.045,0.926
-0.063,-1.117
-0.196,1.862
-0.262,-0.059
-0.266,-1.249
-0.381,-0.958
-0.401,0.293
-0.45,0.083
-0.594,-0.774
-0.642,-1.604
-0.67,1.464
-0.759,-0.852
-0.719,-1.483
-1.06,1.37
-0.984,0.955
-1.122,-0.852
-1.233,-0.841
-1.192,0.461
-1.235,0.616
-1.533,-0.923
-1.492,1.346
-1.613,1.285
-1.642,-0.603
-1.619,0.284
-1.652,-0.09
-1.754,-1.166
-1.746,1.832
-1.83,-1.351
-1.938,-0.58
-1.981,0.562
-2.087,-0.479
-2.128,1.316
-2.17,0.714
-2.234,0.684
-2.441,-0.724
-2.423,1.03
-2.439,-0.716
-2.569,0.597
-2.765,-0.466
-2.751,0.645
-2.745,0.228
-2.813,1.099
-2.791,-0.571
-2.905,0.991
-2.941,-1.229
3.002,-1.475
2.929,0.157
2.692,0.585
2.636,2.177
2.648,1.097
2.574,-0.225
2.556,0.132
2.52,-1.19
2.529,-1.748
1.972,-1.573
1.78,-1.775
1.478,-1.625
0.815,-1.637
0.331,-1.796
-0.382,-1.825
-1.273,-1.608
-2.582,-1.468
-2.583,-1.816
-2.61,-1.757
2.127,2.57
2.164,2.701
0.966,2.483
-1.774,2.726
3.12,2.561
2.912,2.569
0.167,1.263
0.266,-1.589
0.101,2.232
-1.104,0.522
-1.198,2.238
-2.631,-0.169
0.641,-1.695
-2.571,-1.763
-0.825,2.701
2.477,0.142
2.328,-1.59
2.359,1.279
1.799,0.131
1.615,2.04
1.602,0.935
1.542,0.9
1.471,1.395
1.362,0.006
1.268,-0.22
1.388,-0.836
1.211,-1.501
0.606,-0.274
0.525,2.166
0.329,-0.207
0.243,2.266
0.04,0.506
-0.102,-1.522
0.04,-0.905
0.006,-0.661
-0.031,2.086
-0.231,1.758
-0.194,0.37
-0.403,-0.102
-0.469,0.064
-0.747,1.286
-0.754,1.157
-0.839,-0.709
-0.879,0.085
-1.387,2.122
-1.444,-1.517
-1.59,0.322
-1.526,0.615
-1.663,0.328
-1.554,-0.741
-1.855,-0.663
-2.039,-1.222
-1.93,0.789
-2.104,1.258
-2.233,0.311
-2.128,0.865
-2.264,0.486
-2.177,0.429
-2.31,0.827
-2.407,-1.305
-2.332,-0.206
-2.414,0.614
-2.559,0.042
-2.498,-1.019
-2.516,1.716
-2.715,0.857
-2.988,-1.217
3.07,-1.043
2.949,-1.473
3.007,1.466
2.978,-0.912
2.941,-0.183
2.821,1.658
2.925,1.443
2.765,-1.032
2.871,0.048
2.301,-1.622
2.17,-1.698
1.651,-1.788
-2.215,-1.703
-2.821,-1.646
0.937,2.674
1.03,2.718
0.104,2.438
-0.392,2.695
-0.461,2.508
-1.015,2.459
-1.237,2.836
-2.469,2.766
2.937,2.658
2.398,-0.1
-1.555,-1.072
-1.515,2.053
2.72,2.024
1.668,-1.232
1.496,0.41
0.669,-0.302
-2.401,0.397
-3.138,1.666
3.023,1.511
3.02,1.664
1.515,0.248
1.352,2.338
-0.015,2.323
-1.796,2.673
-1.907,2.381
3.025,-1.483
0.043,0.451
0.021,0.484
-0.029,0.85
-0.047,-1.193
-0.18,1.786
-0.246,-0.135
-0.25,-1.325
-0.365,-1.034
-0.385,0.217
-0.434,0.007
-0.578,-0.85
-0.626,-1.68
-0.654,1.388
-0.743,-0.928
-0.703,-1.559
-1.044,1.294
-0.968,0.879
-1.106,-0.928
-1.217,-0.917
-1.176,0.385
-1.219,0.54
-1.517,-0.999
-1.476,1.27
-1.597,1.209
-1.626,-0.679
-1.603,0.208
-1.636,-0.166
-1.738,-1.242
-1.73,1.756
-1.814,-1.427
-1.922,-0.656
-1.965,0.486
-2.071,-0.555
-2.112,1.24
-2.154,0.638
-2.218,0.608
-2.425,-0.8
-2.407,0.954
-2.423,-0.792
-2.553,0.521
-2.749,-0.542
-2.735,0.569
-2.729,0.152
-2.797,1.023
-2.775,-0.647
-2.889,0.915
-2.925,-1.305
3.018,-1.551
2.945,0.081
2.708,0.509
2.652,2.101
2.664,1.021
2.59,-0.301
2.572,0.056
2.536,-1.266
2.545,-1.824
1.988,-1.649
1.796,-1.851
1.494,-1.701
0.831,-1.713
0.347,-1.872
-0.366,-1.901
-1.257,-1.684
-2.566,-1.544
-2.567,-1.892
-2.594,-1.833
2.143,2.494
2.18,2.625
0.982,2.407
-1.758,2.65
3.136,2.485
2.928,2.493
0.183,1.187
0.282,-1.665
0.117,2.156
-1.088,0.446
-1.182,2.162
-2.615,-0.245
0.657,-1.771
-2.555,-1.839
-0.809,2.625
2.493,0.066
2.344,-1.666
2.375,1.203
1.815,0.055
1.631,1.964
1.618,0.859
1.558,0.824
1.487,1.319
1.378,-0.07
1.284,-0.296
1.404,-0.912
1.227,-1.577
0.622,-0.35
0.541,2.09
0.345,-0.283
0.259,2.19
0.056,0.43
-0.086,-1.598
0.056,-0.981
0.022,-0.737
-0.015,2.01
-0.215,1.682
-0.178,0.294
-0.387,-0.178
-0.453,-0.012
-0.731,1.21
-0.738,1.081
-0.823,-0.785
-0.863,0.009
-1.371,2.046
-1.428,-1.593
-1.574,0.246
-1.51,0.539
-1.647,0.252
-1.538,-0.817
-1.839,-0.739
-2.023,-1.298
-1.914,0.713
-2.088,1.182
-2.217,0.235
-2.112,0.789
-2.248,0.41
-2.161,0.353
-2.294,0.751
-2.391,-1.381
-2.316,-0.282
-2.398,0.538
-2.543,-0.034
-2.482,-1.095
-2.5,1.64
-2.699,0.781
-2.972,-1.293
3.086,-1.119
2.965,-1.549
3.023,1.39
2.994,-0.988
2.957,-0.259
2.837,1.582
2.941,1.367
2.781,-1.108
2.887,-0.028
2.317,-1.698
2.186,-1.774
1.667,-1.864
-2.199,-1.779
-2.805,-1.722
0.953,2.598
1.046,2.642
0.12,2.362
-0.376,2.619
-0.445,2.432
-0.999,2.383
-1.221,2.76
-2.453,2.69
2.953,2.582
2.414,-0.176
-1.539,-1.148
-1.499,1.977
2.736,1.948
1.684,-1.308
1.512,0.334
0.685,-0.378
-2.385,0.321
-3.122,1.59
3.039,1.435
3.036,1.588
1.531,0.172
1.368,2.262
0.001,2.247
-1.78,2.597
-1.891,2.305
3.041,-1.559
-0.022,0.033
-0.072,0.399
-0.09,-1.644
-0.223,1.335
-0.289,-0.586
-0.293,-1.776
-0.408,-1.485
-0.428,-0.234
-0.477,-0.444
-0.621,-1.301
-0.669,-2.131
-0.697,0.937
-0.786,-1.379
-0.746,-2.01
-1.087,0.843
-1.011,0.428
-1.149,-1.379
-1.26,-1.368
-1.219,-0.066
-1.262,0.089
-1.56,-1.45
-1.519,0.819
-1.64,0.758
-1.669,-1.13
-1.646,-0.243
-1.679,-0.617
-1.781,-1.693
-1.773,1.305
-1.857,-1.878
-1.965,-1.107
-2.008,0.035
-2.114,-1.006
-2.155,0.789
-2.197,0.187
-2.261,0.157
-2.468,-1.251
-2.45,0.503
-2.466,-1.243
-2.596,0.07
-2.792,-0.993
-2.778,0.118
-2.772,-0.299
-2.84,0.572
-2.818,-1.098
-2.932,0.464
-2.968,-1.756
2.975,-2.002
2.902,-0.37
2.665,0.058
2.609,1.65
2.621,0.57
2.547,-0.752
2.529,-0.395
2.493,-1.717
2.502,-2.275
1.945,-2.1
1.753,-2.302
1.451,-2.152
0.788,-2.164
0.304,-2.323
-0.409,-2.352
-1.3,-2.135
-2.609,-1.995
-2.61,-2.343
-2.637,-2.284
2.1,2.043
2.137,2.174
0.939,1.956
-1.801,2.199
3.093,2.034
2.885,2.042
0.14,0.736
0.239,-2.116
0.074,1.705
-1.131,-0.005
-1.225,1.711
-2.658,-0.696
0.614,-2.222
-2.598,-2.29
-0.852,2.174
2.45,-0.385
2.301,-2.117
2.332,0.752
1.772,-0.396
1.588,1.513
1.575,0.408
1.515,0.373
1.444,0.868
1.335,-0.521
1.241,-0.747
1.361,-1.363
1.184,-2.028
0.579,-0.801
0.498,1.639
0.302,-0.734
0.216,1.739
0.013,-0.021
-0.129,-2.049
0.013,-1.432
-0.021,-1.188
-0.058,1.559
-0.258,1.231
-0.221,-0.157
-0.43,-0.629
-0.496,-0.463
-0.774,0.759
-0.781,0.63
-0.866,-1.236
-0.906,-0.442
-1.414,1.595
-1.471,-2.044
-1.617,-0.205
-1.553,0.088
-1.69,-0.199
-1.581,-1.268
-1.882,-1.19
-2.066,-1.749
-1.957,0.262
-2.131,0.731
-2.26,-0.216
-2.155,0.338
-2.291,-0.041
-2.204,-0.098
-2.337,0.3
-2.434,-1.832
-2.359,-0.733
-2.441,0.087
-2.586,-0.485
-2.525,-1.546
-2.543,1.189
-2.742,0.33
-3.015,-1.744
3.043,-1.57
2.922,-2.0
2.98,0.939
2.951,-1.439
2.914,-0.71
2.794,1.131
2.898,0.916
2.738,-1.559
2.844,-0.479
2.274,-2.149
2.143,-2.225
1.624,-2.315
-2.242,-2.23
-2.848,-2.173
0.91,2.147
1.003,2.191
0.077,1.911
-0.419,2.168
-0.488,1.981
-1.042,1.932
-1.264,2.309
-2.496,2.239
2.91,2.131
2.371,-0.627
-1.582,-1.599
-1.542,1.526
2.693,1.497
1.641,-1.759
1.469,-0.117
0.642,-0.829
-2.428,-0.13
3.118,1.139
2.996,0.984
2.993,1.137
1.488,-0.279
1.325,1.811
-0.042,1.796
-1.823,2.146
-1.934,1.854
2.998,-2.01
-0.05,0.366
-0.068,-1.677
-0.201,1.302
-0.267,-0.619
-0.271,-1.809
-0.386,-1.518
-0.406,-0.267
-0.455,-0.477
-0.599,-1.334
-0.647,-2.164
-0.675,0.904
-0.764,-1.412
-0.724,-2.043
-1.065,0.81
-0.989,0.395
-1.127,-1.412
-1.238,-1.401
-1.197,-0.099
-1.24,0.056
-1.538,-1.483
-1.497,0.786
-1.618,0.725
-1.647,-1.163
-1.624,-0.276
-1.657,-0.65
-1.759,-1.726
-1.751,1.272
-1.835,-1.911
-1.943,-1.14
-1.986,0.002
-2.092,-1.039
-2.133,0.756
-2.175,0.154
-2.239,0.124
-2.446,-1.284
-2.428,0.47
-2.444,-1.276
-2.574,0.037
-2.77,-1.026
-2.756,0.085
-2.75,-0.332
-2.818,0.539
-2.796,-1.131
-2.91,0.431
-2.946,-1.789
2.997,-2.035
2.924,-0.403
2.687,0.025
2.631,1.617
2.643,0.537
2.569,-0.785
2.551,-0.428
2.515,-1.75
2.524,-2.308
1.967,-2.133
1.775,-2.335
1.473,-2.185
0.81,-2.197
0.326,-2.356
-0.387,-2.385
-1.278,-2.168
-2.587,-2.028
-2.588,-2.376
-2.615,-2.317
2.122,2.01
2.159,2.141
0.961,1.923
-1.779,2.166
3.115,2.001
2.907,2.009
0.162,0.703
0.261,-2.149
0.096,1.672
-1.109,-0.038
-1.203,1.678
-2.636,-0.729
0.636,-2.255
-2.576,-2.323
-0.83,2.141
2.472,-0.418
2.323,-2.15
2.354,0.719
1.794,-0.429
1.61,1.48
1.597,0.375
1.537,0.34
1.466,0.835
1.357,-0.554
1.263,-0.78
1.383,-1.396
1.206,-2.061
0.601,-0.834
0.52,1.606
0.324,-0.767
0.238,1.706
0.035,-0.054
-0.107,-2.082
0.035,-1.465
0.001,-1.221
-0.036,1.526
-0.236,1.198
-0.199,-0.19
-0.408,-0.662
-0.474,-0.496
-0.752,0.726
-0.759,0.597
-0.844,-1.269
-0.884,-0.475
-1.392,1.562
-1.449,-2.077
-1.595,-0.238
-1.531,0.055
-1.668,-0.232
-1.559,-1.301
-1.86,-1.223
-2.044,-1.782
-1.935,0.229
-2.109,0.698
-2.238,-0.249
-2.133,0.305
-2.269,-0.074
-2.182,-0.131
-2.315,0.267
-2.412,-1.865
-2.337,-0.766
-2.419,0.054
-2.564,-0.518
-2.503,-1.579
-2.521,1.156
-2.72,0.297
-2.993,-1.777
3.065,-1.603
2.944,-2.033
3.002,0.906
2.973,-1.472
2.936,-0.743
2.816,1.098
2.92,0.883
2.76,-1.592
2.866,-0.512
2.296,-2.182
2.165,-2.258
1.646,-2.348
-2.22,-2.263
-2.826,-2.206
0.932,2.114
1.025,2.158
0.099,1.878
-0.397,2.135
-0.466,1.948
-1.02,1.899
-1.242,2.276
-2.474,2.206
2.932,2.098
2.393,-0.66
-1.56,-1.632
-1.52,1.493
2.715,1.464
1.663,-1.792
1.491,-0.15
0.664,-0.862
-2.406,-0.163
3.14,1.106
3.018,0.951
3.015,1.104
1.51,-0.312
1.347,1.778
-0.02,1.763
-1.801,2.113
-1.912,1.821
3.02,-2.043
-0.018,-2.043
-0.151,0.936
-0.217,-0.985
-0.221,-2.175
-0.336,-1.884
-0.356,-0.633
-0.405,-0.843
-0.549,-1.7
-0.597,-2.53
-0.625,0.538
-0.714,-1.778
-0.674,-2.409
-1.015,0.444
-0.939,0.029
-1.077,-1.778
-1.188,-1.767
-1.147,-0.465
-1.19,-0.31
-1.488,-1.849
-1.447,0.42
-1.568,0.359
-1.597,-1.529
-1.574,-0.642
-1.607,-1.016
-1.709,-2.092
-1.701,0.906
-1.785,-2.277
-1.893,-1.506
-1.936,-0.364
-2.042,-1.405
-2.083,0.39
-2.125,-0.212
-2.189,-0.242
-2.396,-1.65
-2.378,0.104
-2.394,-1.642
-2.524,-0.329
-2.72,-1.392
-2.706,-0.281
-2.7,-0.698
-2.768,0.173
-2.746,-1.497
-2.86,0.065
-2.896,-2.155
3.047,-2.401
2.974,-0.769
2.737,-0.341
2.681,1.251
2.693,0.171
2.619,-1.151
2.601,-0.794
2.565,-2.116
2.574,-2.674
2.017,-2.499
1.825,-2.701
1.523,-2.551
0.86,-2.563
0.376,-2.722
-0.337,-2.751
-1.228,-2.534
-2.537,-2.394
-2.538,-2.742
-2.565,-2.683
2.172,1.644
2.209,1.775
1.011,1.557
-1.729,1.8
-3.118,1.635
2.957,1.643
0.212,0.337
0.311,-2.515
0.146,1.306
-1.059,-0.404
-1.153,1.312
-2.586,-1.095
0.686,-2.621
-2.526,-2.689
-0.78,1.775
2.522,-0.784
2.373,-2.516
2.404,0.353
1.844,-0.795
1.66,1.114
1.647,0.009
1.587,-0.026
1.516,0.469
1.407,-0.92
1.313,-1.146
1.433,-1.762
1.256,-2.427
0.651,-1.2
0.57,1.24
0.374,-1.133
0.288,1.34
0.085,-0.42
-0.057,-2.448
0.085,-1.831
0.051,-1.587
0.014,1.16
-0.186,0.832
-0.149,-0.556
-0.358,-1.028
-0.424,-0.862
-0.702,0.36
-0.709,0.231
-0.794,-1.635
-0.834,-0.841
-1.342,1.196
-1.399,-2.443
-1.545,-0.604
-1.481,-0.311
-1.618,-0.598
-1.509,-1.667
-1.81,-1.589
-1.994,-2.148
-1.885,-0.137
-2.059,0.332
-2.188,-0.615
-2.083,-0.061
-2.219,-0.44
-2.132,-0.497
-2.265,-0.099
-2.362,-2.231
-2.287,-1.132
-2.369,-0.312
-2.514,-0.884
-2.453,-1.945
-2.471,0.79
-2.67,-0.069
-2.943,-2.143
3.115,-1.969
2.994,-2.399
3.052,0.54
3.023,-1.838
2.986,-1.109
2.866,0.732
2.97,0.517
2.81,-1.958
2.916,-0.878
2.346,-2.548
2.215,-2.624
1.696,-2.714
-2.17,-2.629
-2.776,-2.572
0.982,1.748
1.075,1.792
0.149,1.512
-0.347,1.769
-0.416,1.582
-0.97,1.533
-1.192,1.91
-2.424,1.84
2.982,1.732
2.443,-1.026
-1.51,-1.998
-1.47,1.127
2.765,1.098
1.713,-2.158
1.541,-0.516
0.714,-1.228
-2.356,-0.529
-3.093,0.74
3.068,0.585
3.065,0.738
1.56,-0.678
1.397,1.412
0.03,1.397
-1.751,1.747
-1.862,1.455
3.07,-2.409
-0.133,2.979
-0.199,1.058
-0.203,-0.132
-0.318,0.159
-0.338,1.41
-0.387,1.2
-0.531,0.343
-0.579,-0.487
-0.607,2.581
-0.696,0.265
-0.656,-0.366
-0.997,2.487
-0.921,2.072
-1.059,0.265
-1.17,0.276
-1.129,1.578
-1.172,1.733
-1.47,0.194
-1.429,2.463
-1.55,2.402
-1.579,0.514
-1.556,1.401
-1.589,1.027
-1.691,-0.049
-1.683,2.949
-1.767,-0.234
-1.875,0.537
-1.918,1.679
-2.024,0.638
-2.065,2.433
-2.107,1.831
-2.171,1.801
-2.378,0.393
-2.36,2.147
-2.376,0.401
-2.506,1.714
-2.702,0.651
-2.688,1.762
-2.682,1.345
-2.75,2.216
-2.728,0.546
-2.842,2.108
-2.878,-0.112
3.065,-0.358
2.992,1.274
2.755,1.702
2.699,3.294
2.711,2.214
2.637,0.892
2.619,1.249
2.583,-0.073
2.592,-0.631
2.035,-0.456
1.843,-0.658
1.541,-0.508
0.878,-0.52
0.394,-0.679
-0.319,-0.708
-1.21,-0.491
-2.519,-0.351
-2.52,-0.699
-2.547,-0.64
2.19,3.687
2.227,3.818
1.029,3.6
-1.711,3.843
-3.1,3.678
2.975,3.686
0.23,2.38
0.329,-0.472
0.164,3.349
-1.041,1.639
-1.135,3.355
-2.568,0.948
0.704,-0.578
-2.508,-0.646
-0.762,3.818
2.54,1.259
2.391,-0.473
2.422,2.396
1.862,1.248
1.678,3.157
1.665,2.052
1.605,2.017
1.534,2.512
1.425,1.123
1.331,0.897
1.451,0.281
1.274,-0.384
0.669,0.843
0.588,3.283
0.392,0.91
0.306,3.383
0.103,1.623
-0.039,-0.405
0.103,0.212
0.069,0.456
0.032,3.203
-0.168,2.875
-0.131,1.487
-0.34,1.015
-0.406,1.181
-0.684,2.403
-0.691,2.274
-0.776,0.408
-0.816,1.202
-1.324,3.239
-1.381,-0.4
-1.527,1.439
-1.463,1.732
-1.6,1.445
-1.491,0.376
-1.792,0.454
-1.976,-0.105
-1.867,1.906
-2.041,2.375
-2.17,1.428
-2.065,1.982
-2.201,1.603
-2.114,1.546
-2.247,1.944
-2.344,-0.188
-2.269,0.911
-2.351,1.731
-2.496,1.159
-2.435,0.098
-2.453,2.833
-2.652,1.974
-2.925,-0.1
3.133,0.074
3.012,-0.356
3.07,2.583
3.041,0.205
3.004,0.934
2.884,2.775
2.988,2.56
2.828,0.085
2.934,1.165
2.364,-0.505
2.233,-0.581
1.714,-0.671
-2.152,-0.586
-2.758,-0.529
1.0,3.791
1.093,3.835
0.167,3.555
-0.329,3.812
-0.398,3.625
-0.952,3.576
-1.174,3.953
-2.406,3.883
3.0,3.775
2.461,1.017
-1.492,0.045
-1.452,3.17
2.783,3.141
1.731,-0.115
1.559,1.527
0.732,0.815
-2.338,1.514
-3.075,2.783
3.086,2.628
3.083,2.781
1.578,1.365
1.415,3.455
0.048,3.44
-1.733,3.79
-1.844,3.498
3.088,-0.366
-0.066,-1.921
-0.07,-3.111
-0.185,-2.82
-0.205,-1.569
-0.254,-1.779
-0.398,-2.636
-0.446,-3.466
-0.474,-0.398
-0.563,-2.714
-0.523,-3.345
-0.864,-0.492
-0.788,-0.907
-0.926,-2.714
-1.037,-2.703
-0.996,-1.401
-1.039,-1.246
-1.337,-2.785
-1.296,-0.516
-1.417,-0.577
-1.446,-2.465
-1.423,-1.578
-1.456,-1.952
-1.558,-3.028
-1.55,-0.03
-1.634,-3.213
-1.742,-2.442
-1.785,-1.3
-1.891,-2.341
-1.932,-0.546
-1.974,-1.148
-2.038,-1.178
-2.245,-2.586
-2.227,-0.832
-2.243,-2.578
-2.373,-1.265
-2.569,-2.328
-2.555,-1.217
-2.549,-1.634
-2.617,-0.763
-2.595,-2.433
-2.709,-0.871
-2.745,-3.091
-3.085,-3.337
3.125,-1.705
2.888,-1.277
2.832,0.315
2.844,-0.765
2.77,-2.087
2.752,-1.73
2.716,-3.052
2.725,-3.61
2.168,-3.435
1.976,-3.637
1.674,-3.487
1.011,-3.499
0.527,-3.658
-0.186,-3.687
-1.077,-3.47
-2.386,-3.33
-2.387,-3.678
-2.414,-3.619
2.323,0.708
2.36,0.839
1.162,0.621
-1.578,0.864
-2.967,0.699
3.108,0.707
0.363,-0.599
0.462,-3.451
0.297,0.37
-0.908,-1.34
-1.002,0.376
-2.435,-2.031
0.837,-3.557
-2.375,-3.625
-0.629,0.839
2.673,-1.72
2.524,-3.452
2.555,-0.583
1.995,-1.731
1.811,0.178
1.798,-0.927
1.738,-0.962
1.667,-0.467
1.558,-1.856
1.464,-2.082
1.584,-2.698
1.407,-3.363
0.802,-2.136
0.721,0.304
0.525,-2.069
0.439,0.404
0.236,-1.356
0.094,-3.384
0.236,-2.767
0.202,-2.523
0.165,0.224
-0.035,-0.104
0.002,-1.492
-0.207,-1.964
-0.273,-1.798
-0.551,-0.576
-0.558,-0.705
-0.643,-2.571
-0.683,-1.777
-1.191,0.26
-1.248,-3.379
-1.394,-1.54
-1.33,-1.247
-1.467,-1.534
-1.358,-2.603
-1.659,-2.525
-1.843,-3.084
-1.734,-1.073
-1.908,-0.604
-2.037,-1.551
-1.932,-0.997
-2.068,-1.376
-1.981,-1.433
-2.114,-1.035
-2.211,-3.167
-2.136,-2.068
-2.218,-1.248
-2.363,-1.82
-2.302,-2.881
-2.32,-0.146
-2.519,-1.005
-2.792,-3.079
-3.017,-2.905
-3.138,-3.335
-3.08,-0.396
-3.109,-2.774
3.137,-2.045
3.017,-0.204
3.121,-0.419
2.961,-2.894
3.067,-1.814
2.497,-3.484
2.366,-3.56
1.847,-3.65
-2.019,-3.565
-2.625,-3.508
1.133,0.812
1.226,0.856
0.3,0.576
-0.196,0.833
-0.265,0.646
-0.819,0.597
-1.041,0.974
-2.273,0.904
3.133,0.796
2.594,-1.962
-1.359,-2.934
-1.319,0.191
2.916,0.162
1.864,-3.094
1.692,-1.452
0.865,-2.164
-2.205,-1.465
-2.942,-0.196
-3.064,-0.351
-3.067,-0.198
1.711,-1.614
1.548,0.476
0.181,0.461
-1.6,0.811
-1.711,0.519
-3.062,-3.345
-0.004,-1.19
-0.119,-0.899
-0.139,0.352
-0.188,0.142
-0.332,-0.715
-0.38,-1.545
-0.408,1.523
-0.497,-0.793
-0.457,-1.424
-0.798,1.429
-0.722,1.014
-0.86,-0.793
-0.971,-0.782
-0.93,0.52
-0.973,0.675
-1.271,-0.864
-1.23,1.405
-1.351,1.344
-1.38,-0.544
-1.357,0.343
-1.39,-0.031
-1.492,-1.107
-1.484,1.891
-1.568,-1.292
-1.676,-0.521
-1.719,0.621
-1.825,-0.42
-1.866,1.375
-1.908,0.773
-1.972,0.743
-2.179,-0.665
-2.161,1.089
-2.177,-0.657
-2.307,0.656
-2.503,-0.407
-2.489,0.704
-2.483,0.287
-2.551,1.158
-2.529,-0.512
-2.643,1.05
-2.679,-1.17
-3.019,-1.416
-3.092,0.216
2.954,0.644
2.898,2.236
2.91,1.156
2.836,-0.166
2.818,0.191
2.782,-1.131
2.791,-1.689
2.234,-1.514
2.042,-1.716
1.74,-1.566
1.077,-1.578
0.593,-1.737
-0.12,-1.766
-1.011,-1.549
-2.32,-1.409
-2.321,-1.757
-2.348,-1.698
2.389,2.629
2.426,2.76
1.228,2.542
-1.512,2.785
-2.901,2.62
-3.109,2.628
0.429,1.322
0.528,-1.53
0.363,2.291
-0.842,0.581
-0.936,2.297
-2.369,-0.11
0.903,-1.636
-2.309,-1.704
-0.563,2.76
2.739,0.201
2.59,-1.531
2.621,1.338
2.061,0.19
1.877,2.099
1.864,0.994
1.804,0.959
1.733,1.454
1.624,0.065
1.53,-0.161
1.65,-0.777
1.473,-1.442
0.868,-0.215
0.787,2.225
0.591,-0.148
0.505,2.325
0.302,0.565
0.16,-1.463
0.302,-0.846
0.268,-0.602
0.231,2.145
0.031,1.817
0.068,0.429
-0.141,-0.043
-0.207,0.123
-0.485,1.345
-0.492,1.216
-0.577,-0.65
-0.617,0.144
-1.125,2.181
-1.182,-1.458
-1.328,0.381
-1.264,0.674
-1.401,0.387
-1.292,-0.682
-1.593,-0.604
-1.777,-1.163
-1.668,0.848
-1.842,1.317
-1.971,0.37
-1.866,0.924
-2.002,0.545
-1.915,0.488
-2.048,0.886
-2.145,-1.246
-2.07,-0.147
-2.152,0.673
-2.297,0.101
-2.236,-0.96
-2.254,1.775
-2.453,0.916
-2.726,-1.158
-2.951,-0.984
-3.072,-1.414
-3.014,1.525
-3.043,-0.853
-3.08,-0.124
3.083,1.717
-3.096,1.502
3.027,-0.973
3.133,0.107
2.563,-1.563
2.432,-1.639
1.913,-1.729
-1.953,-1.644
-2.559,-1.587
1.199,2.733
1.292,2.777
0.366,2.497
-0.13,2.754
-0.199,2.567
-0.753,2.518
-0.975,2.895
-2.207,2.825
-3.084,2.717
2.66,-0.041
-1.293,-1.013
-1.253,2.112
2.982,2.083
1.93,-1.173
1.758,0.469
0.931,-0.243
-2.139,0.456
-2.876,1.725
-2.998,1.57
-3.001,1.723
1.777,0.307
1.614,2.397
0.247,2.382
-1.534,2.732
-1.645,2.44
-2.996,-1.424
-0.115,0.291
-0.135,1.542
-0.184,1.332
-0.328,0.475
-0.376,-0.355
-0.404,2.713
-0.493,0.397
-0.453,-0.234
-0.794,2.619
-0.718,2.204
-0.856,0.397
-0.967,0.408
-0.926,1.71
-0.969,1.865
-1.267,0.326
-1.226,2.595
-1.347,2.534
-1.376,0.646
-1.353,1.533
-1.386,1.159
-1.488,0.083
-1.48,3.081
-1.564,-0.102
-1.672,0.669
-1.715,1.811
-1.821,0.77
-1.862,2.565
-1.904,1.963
-1.968,1.933
-2.175,0.525
-2.157,2.279
-2.173,0.533
-2.303,1.846
-2.499,0.783
-2.485,1.894
-2.479,1.477
-2.547,2.348
-2.525,0.678
-2.639,2.24
-2.675,0.02
-3.015,-0.226
-3.088,1.406
2.958,1.834
2.902,3.426
2.914,2.346
2.84,1.024
2.822,1.381
2.786,0.059
2.795,-0.499
2.238,-0.324
2.046,-0.526
1.744,-0.376
1.081,-0.388
0.597,-0.547
-0.116,-0.576
-1.007,-0.359
-2.316,-0.219
-2.317,-0.567
-2.344,-0.508
2.393,3.819
2.43,3.95
1.232,3.732
-1.508,3.975
-2.897,3.81
-3.105,3.818
0.433,2.512
0.532,-0.34
0.367,3.481
-0.838,1.771
-0.932,3.487
-2.365,1.08
0.907,-0.446
-2.305,-0.514
-0.559,3.95
2.743,1.391
2.594,-0.341
2.625,2.528
2.065,1.38
1.881,3.289
1.868,2.184
1.808,2.149
1.737,2.644
1.628,1.255
1.534,1.029
1.654,0.413
1.477,-0.252
0.872,0.975
0.791,3.415
0.595,1.042
0.509,3.515
0.306,1.755
0.164,-0.273
0.306,0.344
0.272,0.588
0.235,3.335
0.035,3.007
0.072,1.619
-0.137,1.147
-0.203,1.313
-0.481,2.535
-0.488,2.406
-0.573,0.54
-0.613,1.334
-1.121,3.371
-1.178,-0.268
-1.324,1.571
-1.26,1.864
-1.397,1.577
-1.288,0.508
-1.589,0.586
-1.773,0.027
-1.664,2.038
-1.838,2.507
-1.967,1.56
-1.862,2.114
-1.998,1.735
-1.911,1.678
-2.044,2.076
-2.141,-0.056
-2.066,1.043
-2.148,1.863
-2.293,1.291
-2.232,0.23
-2.25,2.965
-2.449,2.106
-2.722,0.032
-2.947,0.206
-3.068,-0.224
-3.01,2.715
-3.039,0.337
-3.076,1.066
3.087,2.907
-3.092,2.692
3.031,0.217
3.137,1.297
2.567,-0.373
2.436,-0.449
1.917,-0.539
-1.949,-0.454
-2.555,-0.397
1.203,3.923
1.296,3.967
0.37,3.687
-0.126,3.944
-0.195,3.757
-0.749,3.708
-0.971,4.085
-2.203,4.015
-3.08,3.907
2.664,1.149
-1.289,0.177
-1.249,3.302
2.986,3.273
1.934,0.017
1.762,1.659
0.935,0.947
-2.135,1.646
-2.872,2.915
-2.994,2.76
-2.997,2.913
1.781,1.497
1.618,3.587
0.251,3.572
-1.53,3.922
-1.641,3.63
-2.992,-0.234
-0.02,1.251
-0.069,1.041
-0.213,0.184
-0.261,-0.646
-0.289,2.422
-0.378,0.106
-0.338,-0.525
-0.679,2.328
-0.603,1.913
-0.741,0.106
-0.852,0.117
-0.811,1.419
-0.854,1.574
-1.152,0.035
-1.111,2.304
-1.232,2.243
-1.261,0.355
-1.238,1.242
-1.271,0.868
-1.373,-0.208
-1.365,2.79
-1.449,-0.393
-1.557,0.378
-1.6,1.52
-1.706,0.479
-1.747,2.274
-1.789,1.672
-1.853,1.642
-2.06,0.234
-2.042,1.988
-2.058,0.242
-2.188,1.555
-2.384,0.492
-2.37,1.603
-2.364,1.186
-2.432,2.057
-2.41,0.387
-2.524,1.949
-2.56,-0.271
-2.9,-0.517
-2.973,1.115
3.073,1.543
3.017,3.135
3.029,2.055
2.955,0.733
2.937,1.09
2.901,-0.232
2.91,-0.79
2.353,-0.615
2.161,-0.817
1.859,-0.667
1.196,-0.679
0.712,-0.838
-0.001,-0.867
-0.892,-0.65
-2.201,-0.51
-2.202,-0.858
-2.229,-0.799
2.508,3.528
2.545,3.659
1.347,3.441
-1.393,3.684
-2.782,3.519
-2.99,3.527
0.548,2.221
0.647,-0.631
0.482,3.19
-0.723,1.48
-0.817,3.196
-2.25,0.789
1.022,-0.737
-2.19,-0.805
-0.444,3.659
2.858,1.1
2.709,-0.632
2.74,2.237
2.18,1.089
1.996,2.998
1.983,1.893
1.923,1.858
1.852,2.353
1.743,0.964
1.649,0.738
1.769,0.122
1.592,-0.543
0.987,0.684
0.906,3.124
0.71,0.751
0.624,3.224
0.421,1.464
0.279,-0.564
0.421,0.053
0.387,0.297
0.35,3.044
0.15,2.716
0.187,1.328
-0.022,0.856
-0.088,1.022
-0.366,2.244
-0.373,2.115
-0.458,0.249
-0.498,1.043
-1.006,3.08
-1.063,-0.559
-1.209,1.28
-1.145,1.573
-1.282,1.286
-1.173,0.217
-1.474,0.295
-1.658,-0.264
-1.549,1.747
-1.723,2.216
-1.852,1.269
-1.747,1.823
-1.883,1.444
-1.796,1.387
-1.929,1.785
-2.026,-0.347
-1.951,0.752
-2.033,1.572
-2.178,1.0
-2.117,-0.061
-2.135,2.674
-2.334,1.815
-2.607,-0.259
-2.832,-0.085
-2.953,-0.515
-2.895,2.424
-2.924,0.046
-2.961,0.775
-3.081,2.616
-2.977,2.401
-3.137,-0.074
-3.031,1.006
2.682,-0.664
2.551,-0.74
2.032,-0.83
-1.834,-0.745
-2.44,-0.688
1.318,3.632
1.411,3.676
0.485,3.396
-0.011,3.653
-0.08,3.466
-0.634,3.417
-0.856,3.794
-2.088,3.724
-2.965,3.616
2.779,0.858
-1.174,-0.114
-1.134,3.011
3.101,2.982
2.049,-0.274
1.877,1.368
1.05,0.656
-2.02,1.355
-2.757,2.624
-2.879,2.469
-2.882,2.622
1.896,1.206
1.733,3.296
0.366,3.281
-1.415,3.631
-1.526,3.339
-2.877,-0.525
-0.049,-0.21
-0.193,-1.067
-0.241,-1.897
-0.269,1.171
-0.358,-1.145
-0.318,-1.776
-0.659,1.077
-0.583,0.662
-0.721,-1.145
-0.832,-1.134
-0.791,0.168
-0.834,0.323
-1.132,-1.216
-1.091,1.053
-1.212,0.992
-1.241,-0.896
-1.218,-0.009
-1.251,-0.383
-1.353,-1.459
-1.345,1.539
-1.429,-1.644
-1.537,-0.873
-1.58,0.269
-1.686,-0.772
-1.727,1.023
-1.769,0.421
-1.833,0.391
-2.04,-1.017
-2.022,0.737
-2.038,-1.009
-2.168,0.304
-2.364,-0.759
-2.35,0.352
-2.344,-0.065
-2.412,0.806
-2.39,-0.864
-2.504,0.698
-2.54,-1.522
-2.88,-1.768
-2.953,-0.136
3.093,0.292
3.037,1.884
3.049,0.804
2.975,-0.518
2.957,-0.161
2.921,-1.483
2.93,-2.041
2.373,-1.866
2.181,-2.068
1.879,-1.918
1.216,-1.93
0.732,-2.089
0.019,-2.118
-0.872,-1.901
-2.181,-1.761
-2.182,-2.109
-2.209,-2.05
2.528,2.277
2.565,2.408
1.367,2.19
-1.373,2.433
-2.762,2.268
-2.97,2.276
0.568,0.97
0.667,-1.882
0.502,1.939
-0.703,0.229
-0.797,1.945
-2.23,-0.462
1.042,-1.988
-2.17,-2.056
-0.424,2.408
2.878,-0.151
2.729,-1.883
2.76,0.986
2.2,-0.162
2.016,1.747
2.003,0.642
1.943,0.607
1.872,1.102
1.763,-0.287
1.669,-0.513
1.789,-1.129
1.612,-1.794
1.007,-0.567
0.926,1.873
0.73,-0.5
0.644,1.973
0.441,0.213
0.299,-1.815
0.441,-1.198
0.407,-0.954
0.37,1.793
0.17,1.465
0.207,0.077
-0.002,-0.395
-0.068,-0.229
-0.346,0.993
-0.353,0.864
-0.438,-1.002
-0.478,-0.208
-0.986,1.829
-1.043,-1.81
-1.189,0.029
-1.125,0.322
-1.262,0.035
-1.153,-1.034
-1.454,-0.956
-1.638,-1.515
-1.529,0.496
-1.703,0.965
-1.832,0.018
-1.727,0.572
-1.863,0.193
-1.776,0.136
-1.909,0.534
-2.006,-1.598
-1.931,-0.499
-2.013,0.321
-2.158,-0.251
-2.097,-1.312
-2.115,1.423
-2.314,0.564
-2.587,-1.51
-2.812,-1.336
-2.933,-1.766
-2.875,1.173
-2.904,-1.205
-2.941,-0.476
-3.061,1.365
-2.957,1.15
-3.117,-1.325
-3.011,-0.245
2.702,-1.915
2.571,-1.991
2.052,-2.081
-1.814,-1.996
-2.42,-1.939
1.338,2.381
1.431,2.425
0.505,2.145
0.009,2.402
-0.06,2.215
-0.614,2.166
-0.836,2.543
-2.068,2.473
-2.945,2.365
2.799,-0.393
-1.154,-1.365
-1.114,1.76
3.121,1.731
2.069,-1.525
1.897,0.117
1.07,-0.595
-2.0,0.104
-2.737,1.373
-2.859,1.218
-2.862,1.371
1.916,-0.045
1.753,2.045
0.386,2.03
-1.395,2.38
-1.506,2.088
-2.857,-1.776
-0.144,-0.857
-0.192,-1.687
-0.22,1.381
-0.309,-0.935
-0.269,-1.566
-0.61,1.287
-0.534,0.872
-0.672,-0.935
-0.783,-0.924
-0.742,0.378
-0.785,0.533
-1.083,-1.006
-1.042,1.263
-1.163,1.202
-1.192,-0.686
-1.169,0.201
-1.202,-0.173
-1.304,-1.249
-1.296,1.749
-1.38,-1.434
-1.488,-0.663
-1.531,0.479
-1.637,-0.562
-1.678,1.233
-1.72,0.631
-1.784,0.601
-1.991,-0.807
-1.973,0.947
-1.989,-0.799
-2.119,0.514
-2.315,-0.549
-2.301,0.562
-2.295,0.145
-2.363,1.016
-2.341,-0.654
-2.455,0.908
-2.491,-1.312
-2.831,-1.558
-2.904,0.074
-3.141,0.502
3.086,2.094
3.098,1.014
3.024,-0.308
3.006,0.049
2.97,-1.273
2.979,-1.831
2.422,-1.656
2.23,-1.858
1.928,-1.708
1.265,-1.72
0.781,-1.879
0.068,-1.908
-0.823,-1.691
-2.132,-1.551
-2.133,-1.899
-2.16,-1.84
2.577,2.487
2.614,2.618
1.416,2.4
-1.324,2.643
-2.713,2.478
-2.921,2.486
0.617,1.18
0.716,-1.672
0.551,2.149
-0.654,0.439
-0.748,2.155
-2.181,-0.252
1.091,-1.778
-2.121,-1.846
-0.375,2.618
2.927,0.059
2.778,-1.673
2.809,1.196
2.249,0.048
2.065,1.957
2.052,0.852
1.992,0.817
1.921,1.312
1.812,-0.077
1.718,-0.303
1.838,-0.919
1.661,-1.584
1.056,-0.357
0.975,2.083
0.779,-0.29
0.693,2.183
0.49,0.423
0.348,-1.605
0.49,-0.988
0.456,-0.744
0.419,2.003
0.219,1.675
0.256,0.287
0.047,-0.185
-0.019,-0.019
-0.297,1.203
-0.304,1.074
-0.389,-0.792
-0.429,0.002
-0.937,2.039
-0.994,-1.6
-1.14,0.239
-1.076,0.532
-1.213,0.245
-1.104,-0.824
-1.405,-0.746
-1.589,-1.305
-1.48,0.706
-1.654,1.175
-1.783,0.228
-1.678,0.782
-1.814,0.403
-1.727,0.346
-1.86,0.744
-1.957,-1.388
-1.882,-0.289
-1.964,0.531
-2.109,-0.041
-2.048,-1.102
-2.066,1.633
-2.265,0.774
-2.538,-1.3
-2.763,-1.126
-2.884,-1.556
-2.826,1.383
-2.855,-0.995
-2.892,-0.266
-3.012,1.575
-2.908,1.36
-3.068,-1.115
-2.962,-0.035
2.751,-1.705
2.62,-1.781
2.101,-1.871
-1.765,-1.786
-2.371,-1.729
1.387,2.591
1.48,2.635
0.554,2.355
0.058,2.612
-0.011,2.425
-0.565,2.376
-0.787,2.753
-2.019,2.683
-2.896,2.575
2.848,-0.183
-1.105,-1.155
-1.065,1.97
-3.113,1.941
2.118,-1.315
1.946,0.327
1.119,-0.385
-1.951,0.314
-2.688,1.583
-2.81,1.428
-2.813,1.581
1.965,0.165
1.802,2.255
0.435,2.24
-1.346,2.59
-1.457,2.298
-2.808,-1.566
-0.048,-0.83
-0.076,2.238
-0.165,-0.078
-0.125,-0.709
-0.466,2.144
-0.39,1.729
-0.528,-0.078
-0.639,-0.067
-0.598,1.235
-0.641,1.39
-0.939,-0.149
-0.898,2.12
-1.019,2.059
-1.048,0.171
-1.025,1.058
-1.058,0.684
-1.16,-0.392
-1.152,2.606
-1.236,-0.577
-1.344,0.194
-1.387,1.336
-1.493,0.295
-1.534,2.09
-1.576,1.488
-1.64,1.458
-1.847,0.05
-1.829,1.804
-1.845,0.058
-1.975,1.371
-2.171,0.308
-2.157,1.419
-2.151,1.002
-2.219,1.873
-2.197,0.203
-2.311,1.765
-2.347,-0.455
-2.687,-0.701
-2.76,0.931
-2.997,1.359
-3.053,2.951
-3.041,1.871
-3.115,0.549
-3.133,0.906
3.114,-0.416
3.123,-0.974
2.566,-0.799
2.374,-1.001
2.072,-0.851
1.409,-0.863
0.925,-1.022
0.212,-1.051
-0.679,-0.834
-1.988,-0.694
-1.989,-1.042
-2.016,-0.983
2.721,3.344
2.758,3.475
1.56,3.257
-1.18,3.5
-2.569,3.335
-2.777,3.343
0.761,2.037
0.86,-0.815
0.695,3.006
-0.51,1.296
-0.604,3.012
-2.037,0.605
1.235,-0.921
-1.977,-0.989
-0.231,3.475
3.071,0.916
2.922,-0.816
2.953,2.053
2.393,0.905
2.209,2.814
2.196,1.709
2.136,1.674
2.065,2.169
1.956,0.78
1.862,0.554
1.982,-0.062
1.805,-0.727
1.2,0.5
1.119,2.94
0.923,0.567
0.837,3.04
0.634,1.28
0.492,-0.748
0.634,-0.131
0.6,0.113
0.563,2.86
0.363,2.532
0.4,1.144
0.191,0.672
0.125,0.838
-0.153,2.06
-0.16,1.931
-0.245,0.065
-0.285,0.859
-0.793,2.896
-0.85,-0.743
-0.996,1.096
-0.932,1.389
-1.069,1.102
-0.96,0.033
-1.261,0.111
-1.445,-0.448
-1.336,1.563
-1.51,2.032
-1.639,1.085
-1.534,1.639
-1.67,1.26
-1.583,1.203
-1.716,1.601
-1.813,-0.531
-1.738,0.568
-1.82,1.388
-1.965,0.816
-1.904,-0.245
-1.922,2.49
-2.121,1.631
-2.394,-0.443
-2.619,-0.269
-2.74,-0.699
-2.682,2.24
-2.711,-0.138
-2.748,0.591
-2.868,2.432
-2.764,2.217
-2.924,-0.258
-2.818,0.822
2.895,-0.848
2.764,-0.924
2.245,-1.014
-1.621,-0.929
-2.227,-0.872
1.531,3.448
1.624,3.492
0.698,3.212
0.202,3.469
0.133,3.282
-0.421,3.233
-0.643,3.61
-1.875,3.54
-2.752,3.432
2.992,0.674
-0.961,-0.298
-0.921,2.827
-2.969,2.798
2.262,-0.458
2.09,1.184
1.263,0.472
-1.807,1.171
-2.544,2.44
-2.666,2.285
-2.669,2.438
2.109,1.022
1.946,3.112
0.579,3.097
-1.202,3.447
-1.313,3.155
-2.664,-0.709
-0.028,3.068
-0.117,0.752
-0.077,0.121
-0.418,2.974
-0.342,2.559
-0.48,0.752
-0.591,0.763
-0.55,2.065
-0.593,2.22
-0.891,0.681
-0.85,2.95
-0.971,2.889
-1.0,1.001
-0.977,1.888
-1.01,1.514
-1.112,0.438
-1.104,3.436
-1.188,0.253
-1.296,1.024
-1.339,2.166
-1.445,1.125
-1.486,2.92
-1.528,2.318
-1.592,2.288
-1.799,0.88
-1.781,2.634
-1.797,0.888
-1.927,2.201
-2.123,1.138
-2.109,2.249
-2.103,1.832
-2.171,2.703
-2.149,1.033
-2.263,2.595
-2.299,0.375
-2.639,0.129
-2.712,1.761
-2.949,2.189
-3.005,3.781
-2.993,2.701
-3.067,1.379
-3.085,1.736
-3.121,0.414
-3.112,-0.144
2.614,0.031
2.422,-0.171
2.12,-0.021
1.457,-0.033
0.973,-0.192
0.26,-0.221
-0.631,-0.004
-1.94,0.136
-1.941,-0.212
-1.968,-0.153
2.769,4.174
2.806,4.305
1.608,4.087
-1.132,4.33
-2.521,4.165
-2.729,4.173
0.809,2.867
0.908,0.015
0.743,3.836
-0.462,2.126
-0.556,3.842
-1.989,1.435
1.283,-0.091
-1.929,-0.159
-0.183,4.305
3.119,1.746
2.97,0.014
3.001,2.883
2.441,1.735
2.257,3.644
2.244,2.539
2.184,2.504
2.113,2.999
2.004,1.61
1.91,1.384
2.03,0.768
1.853,0.103
1.248,1.33
1.167,3.77
0.971,1.397
0.885,3.87
0.682,2.11
0.54,0.082
0.682,0.699
0.648,0.943
0.611,3.69
0.411,3.362
0.448,1.974
0.239,1.502
0.173,1.668
-0.105,2.89
-0.112,2.761
-0.197,0.895
-0.237,1.689
-0.745,3.726
-0.802,0.087
-0.948,1.926
-0.884,2.219
-1.021,1.932
-0.912,0.863
-1.213,0.941
-1.397,0.382
-1.288,2.393
-1.462,2.862
-1.591,1.915
-1.486,2.469
-1.622,2.09
-1.535,2.033
-1.668,2.431
-1.765,0.299
-1.69,1.398
-1.772,2.218
-1.917,1.646
-1.856,0.585
-1.874,3.32
-2.073,2.461
-2.346,0.387
-2.571,0.561
-2.692,0.131
-2.634,3.07
-2.663,0.692
-2.7,1.421
-2.82,3.262
-2.716,3.047
-2.876,0.572
-2.77,1.652
2.943,-0.018
2.812,-0.094
2.293,-0.184
-1.573,-0.099
-2.179,-0.042
1.579,4.278
1.672,4.322
0.746,4.042
0.25,4.299
0.181,4.112
-0.373,4.063
-0.595,4.44
-1.827,4.37
-2.704,4.262
3.04,1.504
-0.913,0.532
-0.873,3.657
-2.921,3.628
2.31,0.372
2.138,2.014
1.311,1.302
-1.759,2.001
-2.496,3.27
-2.618,3.115
-2.621,3.268
2.157,1.852
1.994,3.942
0.627,3.927
-1.154,4.277
-1.265,3.985
-2.616,0.121
-0.089,-2.316
-0.049,-2.947
-0.39,-0.094
-0.314,-0.509
-0.452,-2.316
-0.563,-2.305
-0.522,-1.003
-0.565,-0.848
-0.863,-2.387
-0.822,-0.118
-0.943,-0.179
-0.972,-2.067
-0.949,-1.18
-0.982,-1.554
-1.084,-2.63
-1.076,0.368
-1.16,-2.815
-1.268,-2.044
-1.311,-0.902
-1.417,-1.943
-1.458,-0.148
-1.5,-0.75
-1.564,-0.78
-1.771,-2.188
-1.753,-0.434
-1.769,-2.18
-1.899,-0.867
-2.095,-1.93
-2.081,-0.819
-2.075,-1.236
-2.143,-0.365
-2.121,-2.035
-2.235,-0.473
-2.271,-2.693
-2.611,-2.939
-2.684,-1.307
-2.921,-0.879
-2.977,0.713
-2.965,-0.367
-3.039,-1.689
-3.057,-1.332
-3.093,-2.654
-3.084,-3.212
2.642,-3.037
2.45,-3.239
2.148,-3.089
1.485,-3.101
1.001,-3.26
0.288,-3.289
-0.603,-3.072
-1.912,-2.932
-1.913,-3.28
-1.94,-3.221
2.797,1.106
2.834,1.237
1.636,1.019
-1.104,1.262
-2.493,1.097
-2.701,1.105
0.837,-0.201
0.936,-3.053
0.771,0.768
-0.434,-0.942
-0.528,0.774
-1.961,-1.633
1.311,-3.159
-1.901,-3.227
-0.155,1.237
-3.136,-1.322
2.998,-3.054
3.029,-0.185
2.469,-1.333
2.285,0.576
2.272,-0.529
2.212,-0.564
2.141,-0.069
2.032,-1.458
1.938,-1.684
2.058,-2.3
1.881,-2.965
1.276,-1.738
1.195,0.702
0.999,-1.671
0.913,0.802
0.71,-0.958
0.568,-2.986
0.71,-2.369
0.676,-2.125
0.639,0.622
0.439,0.294
0.476,-1.094
0.267,-1.566
0.201,-1.4
-0.077,-0.178
-0.084,-0.307
-0.169,-2.173
-0.209,-1.379
-0.717,0.658
-0.774,-2.981
-0.92,-1.142
-0.856,-0.849
-0.993,-1.136
-0.884,-2.205
-1.185,-2.127
-1.369,-2.686
-1.26,-0.675
-1.434,-0.206
-1.563,-1.153
-1.458,-0.599
-1.594,-0.978
-1.507,-1.035
-1.64,-0.637
-1.737,-2.769
-1.662,-1.67
-1.744,-0.85
-1.889,-1.422
-1.828,-2.483
-1.846,0.252
-2.045,-0.607
-2.318,-2.681
-2.543,-2.507
-2.664,-2.937
-2.606,0.002
-2.635,-2.376
-2.672,-1.647
-2.792,0.194
-2.688,-0.021
-2.848,-2.496
-2.742,-1.416
2.971,-3.086
2.84,-3.162
2.321,-3.252
-1.545,-3.167
-2.151,-3.11
1.607,1.21
1.7,1.254
0.774,0.974
0.278,1.231
0.209,1.044
-0.345,0.995
-0.567,1.372
-1.799,1.302
-2.676,1.194
3.068,-1.564
-0.885,-2.536
-0.845,0.589
-2.893,0.56
2.338,-2.696
2.166,-1.054
1.339,-1.766
-1.731,-1.067
-2.468,0.202
-2.59,0.047
-2.593,0.2
2.185,-1.216
2.022,0.874
0.655,0.859
-1.126,1.209
-1.237,0.917
-2.588,-2.947
0.04,-0.631
-0.301,2.222
-0.225,1.807
-0.363,0.0
-0.474,0.011
-0.433,1.313
-0.476,1.468
-0.774,-0.071
-0.733,2.198
-0.854,2.137
-0.883,0.249
-0.86,1.136
-0.893,0.762
-0.995,-0.314
-0.987,2.684
-1.071,-0.499
-1.179,0.272
-1.222,1.414
-1.328,0.373
-1.369,2.168
-1.411,1.566
-1.475,1.536
-1.682,0.128
-1.664,1.882
-1.68,0.136
-1.81,1.449
-2.006,0.386
-1.992,1.497
-1.986,1.08
-2.054,1.951
-2.032,0.281
-2.146,1.843
-2.182,-0.377
-2.522,-0.623
-2.595,1.009
-2.832,1.437
-2.888,3.029
-2.876,1.949
-2.95,0.627
-2.968,0.984
-3.004,-0.338
-2.995,-0.896
2.731,-0.721
2.539,-0.923
2.237,-0.773
1.574,-0.785
1.09,-0.944
0.377,-0.973
-0.514,-0.756
-1.823,-0.616
-1.824,-0.964
-1.851,-0.905
2.886,3.422
2.923,3.553
1.725,3.335
-1.015,3.578
-2.404,3.413
-2.612,3.421
0.926,2.115
1.025,-0.737
0.86,3.084
-0.345,1.374
-0.439,3.09
-1.872,0.683
1.4,-0.843
-1.812,-0.911
-0.066,3.553
-3.047,0.994
3.087,-0.738
3.118,2.131
2.558,0.983
2.374,2.892
2.361,1.787
2.301,1.752
2.23,2.247
2.121,0.858
2.027,0.632
2.147,0.016
1.97,-0.649
1.365,0.578
1.284,3.018
1.088,0.645
1.002,3.118
0.799,1.358
0.657,-0.67
0.799,-0.053
0.765,0.191
0.728,2.938
0.528,2.61
0.565,1.222
0.356,0.75
0.29,0.916
0.012,2.138
0.005,2.009
-0.08,0.143
-0.12,0.937
-0.628,2.974
-0.685,-0.665
-0.831,1.174
-0.767,1.467
-0.904,1.18
-0.795,0.111
-1.096,0.189
-1.28,-0.37
-1.171,1.641
-1.345,2.11
-1.474,1.163
-1.369,1.717
-1.505,1.338
-1.418,1.281
-1.551,1.679
-1.648,-0.453
-1.573,0.646
-1.655,1.466
-1.8,0.894
-1.739,-0.167
-1.757,2.568
-1.956,1.709
-2.229,-0.365
-2.454,-0.191
-2.575,-0.621
-2.517,2.318
-2.546,-0.06
-2.583,0.669
-2.703,2.51
-2.599,2.295
-2.759,-0.18
-2.653,0.9
3.06,-0.77
2.929,-0.846
2.41,-0.936
-1.456,-0.851
-2.062,-0.794
1.696,3.526
1.789,3.57
0.863,3.29
0.367,3.547
0.298,3.36
-0.256,3.311
-0.478,3.688
-1.71,3.618
-2.587,3.51
-3.126,0.752
-0.796,-0.22
-0.756,2.905
-2.804,2.876
2.427,-0.38
2.255,1.262
1.428,0.55
-1.642,1.249
-2.379,2.518
-2.501,2.363
-2.504,2.516
2.274,1.1
2.111,3.19
0.744,3.175
-1.037,3.525
-1.148,3.233
-2.499,-0.631
-0.341,2.853
-0.265,2.438
-0.403,0.631
-0.514,0.642
-0.473,1.944
-0.516,2.099
-0.814,0.56
-0.773,2.829
-0.894,2.768
-0.923,0.88
-0.9,1.767
-0.933,1.393
-1.035,0.317
-1.027,3.315
-1.111,0.132
-1.219,0.903
-1.262,2.045
-1.368,1.004
-1.409,2.799
-1.451,2.197
-1.515,2.167
-1.722,0.759
-1.704,2.513
-1.72,0.767
-1.85,2.08
-2.046,1.017
-2.032,2.128
-2.026,1.711
-2.094,2.582
-2.072,0.912
-2.186,2.474
-2.222,0.254
-2.562,0.008
-2.635,1.64
-2.872,2.068
-2.928,3.66
-2.916,2.58
-2.99,1.258
-3.008,1.615
-3.044,0.293
-3.035,-0.265
2.691,-0.09
2.499,-0.292
2.197,-0.142
1.534,-0.154
1.05,-0.313
0.337,-0.342
-0.554,-0.125
-1.863,0.015
-1.864,-0.333
-1.891,-0.274
2.846,4.053
2.883,4.184
1.685,3.966
-1.055,4.209
-2.444,4.044
-2.652,4.052
0.886,2.746
0.985,-0.106
0.82,3.715
-0.385,2.005
-0.479,3.721
-1.912,1.314
1.36,-0.212
-1.852,-0.28
-0.106,4.184
-3.087,1.625
3.047,-0.107
3.078,2.762
2.518,1.614
2.334,3.523
2.321,2.418
2.261,2.383
2.19,2.878
2.081,1.489
1.987,1.263
2.107,0.647
1.93,-0.018
1.325,1.209
1.244,3.649
1.048,1.276
0.962,3.749
0.759,1.989
0.617,-0.039
0.759,0.578
0.725,0.822
0.688,3.569
0.488,3.241
0.525,1.853
0.316,1.381
0.25,1.547
-0.028,2.769
-0.035,2.64
-0.12,0.774
-0.16,1.568
-0.668,3.605
-0.725,-0.034
-0.871,1.805
-0.807,2.098
-0.944,1.811
-0.835,0.742
-1.136,0.82
-1.32,0.261
-1.211,2.272
-1.385,2.741
-1.514,1.794
-1.409,2.348
-1.545,1.969
-1.458,1.912
-1.591,2.31
-1.688,0.178
-1.613,1.277
-1.695,2.097
-1.84,1.525
-1.779,0.464
-1.797,3.199
-1.996,2.34
-2.269,0.266
-2.494,0.44
-2.615,0.01
-2.557,2.949
-2.586,0.571
-2.623,1.3
-2.743,3.141
-2.639,2.926
-2.799,0.451
-2.693,1.531
3.02,-0.139
2.889,-0.215
2.37,-0.305
-1.496,-0.22
-2.102,-0.163
1.656,4.157
1.749,4.201
0.823,3.921
0.327,4.178
0.258,3.991
-0.296,3.942
-0.518,4.319
-1.75,4.249
-2.627,4.141
3.117,1.383
-0.836,0.411
-0.796,3.536
-2.844,3.507
2.387,0.251
2.215,1.893
1.388,1.181
-1.682,1.88
-2.419,3.149
-2.541,2.994
-2.544,3.147
2.234,1.731
2.071,3.821
0.704,3.806
-1.077,4.156
-1.188,3.864
-2.539,0.0
0.076,-0.415
-0.062,-2.222
-0.173,-2.211
-0.132,-0.909
-0.175,-0.754
-0.473,-2.293
-0.432,-0.024
-0.553,-0.085
-0.582,-1.973
-0.559,-1.086
-0.592,-1.46
-0.694,-2.536
-0.686,0.462
-0.77,-2.721
-0.878,-1.95
-0.921,-0.808
-1.027,-1.849
-1.068,-0.054
-1.11,-0.656
-1.174,-0.686
-1.381,-2.094
-1.363,-0.34
-1.379,-2.086
-1.509,-0.773
-1.705,-1.836
-1.691,-0.725
-1.685,-1.142
-1.753,-0.271
-1.731,-1.941
-1.845,-0.379
-1.881,-2.599
-2.221,-2.845
-2.294,-1.213
-2.531,-0.785
-2.587,0.807
-2.575,-0.273
-2.649,-1.595
-2.667,-1.238
-2.703,-2.56
-2.694,-3.118
3.032,-2.943
2.84,-3.145
2.538,-2.995
1.875,-3.007
1.391,-3.166
0.678,-3.195
-0.213,-2.978
-1.522,-2.838
-1.523,-3.186
-1.55,-3.127
-3.096,1.2
-3.059,1.331
2.026,1.113
-0.714,1.356
-2.103,1.191
-2.311,1.199
1.227,-0.107
1.326,-2.959
1.161,0.862
-0.044,-0.848
-0.138,0.868
-1.571,-1.539
1.701,-3.065
-1.511,-3.133
0.235,1.331
-2.746,-1.228
-2.895,-2.96
-2.864,-0.091
2.859,-1.239
2.675,0.67
2.662,-0.435
2.602,-0.47
2.531,0.025
2.422,-1.364
2.328,-1.59
2.448,-2.206
2.271,-2.871
1.666,-1.644
1.585,0.796
1.389,-1.577
1.303,0.896
1.1,-0.864
0.958,-2.892
1.1,-2.275
1.066,-2.031
1.029,0.716
0.829,0.388
0.866,-1.0
0.657,-1.472
0.591,-1.306
0.313,-0.084
0.306,-0.213
0.221,-2.079
0.181,-1.285
-0.327,0.752
-0.384,-2.887
-0.53,-1.048
-0.466,-0.755
-0.603,-1.042
-0.494,-2.111
-0.795,-2.033
-0.979,-2.592
-0.87,-0.581
-1.044,-0.112
-1.173,-1.059
-1.068,-0.505
-1.204,-0.884
-1.117,-0.941
-1.25,-0.543
-1.347,-2.675
-1.272,-1.576
-1.354,-0.756
-1.499,-1.328
-1.438,-2.389
-1.456,0.346
-1.655,-0.513
-1.928,-2.587
-2.153,-2.413
-2.274,-2.843
-2.216,0.096
-2.245,-2.282
-2.282,-1.553
-2.402,0.288
-2.298,0.073
-2.458,-2.402
-2.352,-1.322
-2.922,-2.992
-3.053,-3.068
2.711,-3.158
-1.155,-3.073
-1.761,-3.016
1.997,1.304
2.09,1.348
1.164,1.068
0.668,1.325
0.599,1.138
0.045,1.089
-0.177,1.466
-1.409,1.396
-2.286,1.288
-2.825,-1.47
-0.495,-2.442
-0.455,0.683
-2.503,0.654
2.728,-2.602
2.556,-0.96
1.729,-1.672
-1.341,-0.973
-2.078,0.296
-2.2,0.141
-2.203,0.294
2.575,-1.122
2.412,0.968
1.045,0.953
-0.736,1.303
-0.847,1.011
-2.198,-2.853
-0.138,-1.807
-0.249,-1.796
-0.208,-0.494
-0.251,-0.339
-0.549,-1.878
-0.508,0.391
-0.629,0.33
-0.658,-1.558
-0.635,-0.671
-0.668,-1.045
-0.77,-2.121
-0.762,0.877
-0.846,-2.306
-0.954,-1.535
-0.997,-0.393
-1.103,-1.434
-1.144,0.361
-1.186,-0.241
-1.25,-0.271
-1.457,-1.679
-1.439,0.075
-1.455,-1.671
-1.585,-0.358
-1.781,-1.421
-1.767,-0.31
-1.761,-0.727
-1.829,0.144
-1.807,-1.526
-1.921,0.036
-1.957,-2.184
-2.297,-2.43
-2.37,-0.798
-2.607,-0.37
-2.663,1.222
-2.651,0.142
-2.725,-1.18
-2.743,-0.823
-2.779,-2.145
-2.77,-2.703
2.956,-2.528
2.764,-2.73
2.462,-2.58
1.799,-2.592
1.315,-2.751
0.602,-2.78
-0.289,-2.563
-1.598,-2.423
-1.599,-2.771
-1.626,-2.712
3.111,1.615
-3.135,1.746
1.95,1.528
-0.79,1.771
-2.179,1.606
-2.387,1.614
1.151,0.308
1.25,-2.544
1.085,1.277
-0.12,-0.433
-0.214,1.283
-1.647,-1.124
1.625,-2.65
-1.587,-2.718
0.159,1.746
-2.822,-0.813
-2.971,-2.545
-2.94,0.324
2.783,-0.824
2.599,1.085
2.586,-0.02
2.526,-0.055
2.455,0.44
2.346,-0.949
2.252,-1.175
2.372,-1.791
2.195,-2.456
1.59,-1.229
1.509,1.211
1.313,-1.162
1.227,1.311
1.024,-0.449
0.882,-2.477
1.024,-1.86
0.99,-1.616
0.953,1.131
0.753,0.803
0.79,-0.585
0.581,-1.057
0.515,-0.891
0.237,0.331
0.23,0.202
0.145,-1.664
0.105,-0.87
-0.403,1.167
-0.46,-2.472
-0.606,-0.633
-0.542,-0.34
-0.679,-0.627
-0.57,-1.696
-0.871,-1.618
-1.055,-2.177
-0.946,-0.166
-1.12,0.303
-1.249,-0.644
-1.144,-0.09
-1.28,-0.469
-1.193,-0.526
-1.326,-0.128
-1.423,-2.26
-1.348,-1.161
-1.43,-0.341
-1.575,-0.913
-1.514,-1.974
-1.532,0.761
-1.731,-0.098
-2.004,-2.172
-2.229,-1.998
-2.35,-2.428
-2.292,0.511
-2.321,-1.867
-2.358,-1.138
-2.478,0.703
-2.374,0.488
-2.534,-1.987
-2.428,-0.907
-2.998,-2.577
-3.129,-2.653
2.635,-2.743
-1.231,-2.658
-1.837,-2.601
1.921,1.719
2.014,1.763
1.088,1.483
0.592,1.74
0.523,1.553
-0.031,1.504
-0.253,1.881
-1.485,1.811
-2.362,1.703
-2.901,-1.055
-0.571,-2.027
-0.531,1.098
-2.579,1.069
2.652,-2.187
2.48,-0.545
1.653,-1.257
-1.417,-0.558
-2.154,0.711
-2.276,0.556
-2.279,0.709
2.499,-0.707
2.336,1.383
0.969,1.368
-0.812,1.718
-0.923,1.426
-2.274,-2.438
-0.111,0.011
-0.07,1.313
-0.113,1.468
-0.411,-0.071
-0.37,2.198
-0.491,2.137
-0.52,0.249
-0.497,1.136
-0.53,0.762
-0.632,-0.314
-0.624,2.684
-0.708,-0.499
-0.816,0.272
-0.859,1.414
-0.965,0.373
-1.006,2.168
-1.048,1.566
-1.112,1.536
-1.319,0.128
-1.301,1.882
-1.317,0.136
-1.447,1.449
-1.643,0.386
-1.629,1.497
-1.623,1.08
-1.691,1.951
-1.669,0.281
-1.783,1.843
-1.819,-0.377
-2.159,-0.623
-2.232,1.009
-2.469,1.437
-2.525,3.029
-2.513,1.949
-2.587,0.627
-2.605,0.984
-2.641,-0.338
-2.632,-0.896
3.094,-0.721
2.902,-0.923
2.6,-0.773
1.937,-0.785
1.453,-0.944
0.74,-0.973
-0.151,-0.756
-1.46,-0.616
-1.461,-0.964
-1.488,-0.905
-3.034,3.422
-2.997,3.553
2.088,3.335
-0.652,3.578
-2.041,3.413
-2.249,3.421
1.289,2.115
1.388,-0.737
1.223,3.084
0.018,1.374
-0.076,3.09
-1.509,0.683
1.763,-0.843
-1.449,-0.911
0.297,3.553
-2.684,0.994
-2.833,-0.738
-2.802,2.131
2.921,0.983
2.737,2.892
2.724,1.787
2.664,1.752
2.593,2.247
2.484,0.858
2.39,0.632
2.51,0.016
2.333,-0.649
1.728,0.578
1.647,3.018
1.451,0.645
1.365,3.118
1.162,1.358
1.02,-0.67
1.162,-0.053
1.128,0.191
1.091,2.938
0.891,2.61
0.928,1.222
0.719,0.75
0.653,0.916
0.375,2.138
0.368,2.009
0.283,0.143
0.243,0.937
-0.265,2.974
-0.322,-0.665
-0.468,1.174
-0.404,1.467
-0.541,1.18
-0.432,0.111
-0.733,0.189
-0.917,-0.37
-0.808,1.641
-0.982,2.11
-1.111,1.163
-1.006,1.717
-1.142,1.338
-1.055,1.281
-1.188,1.679
-1.285,-0.453
-1.21,0.646
-1.292,1.466
-1.437,0.894
-1.376,-0.167
-1.394,2.568
-1.593,1.709
-1.866,-0.365
-2.091,-0.191
-2.212,-0.621
-2.154,2.318
-2.183,-0.06
-2.22,0.669
-2.34,2.51
-2.236,2.295
-2.396,-0.18
-2.29,0.9
-2.86,-0.77
-2.991,-0.846
2.773,-0.936
-1.093,-0.851
-1.699,-0.794
2.059,3.526
2.152,3.57
1.226,3.29
0.73,3.547
0.661,3.36
0.107,3.311
-0.115,3.688
-1.347,3.618
-2.224,3.51
-2.763,0.752
-0.433,-0.22
-0.393,2.905
-2.441,2.876
2.79,-0.38
2.618,1.262
1.791,0.55
-1.279,1.249
-2.016,2.518
-2.138,2.363
-2.141,2.516
2.637,1.1
2.474,3.19
1.107,3.175
-0.674,3.525
-0.785,3.233
-2.136,-0.631
0.041,1.302
-0.002,1.457
-0.3,-0.082
-0.259,2.187
-0.38,2.126
-0.409,0.238
-0.386,1.125
-0.419,0.751
-0.521,-0.325
-0.513,2.673
-0.597,-0.51
-0.705,0.261
-0.748,1.403
-0.854,0.362
-0.895,2.157
-0.937,1.555
-1.001,1.525
-1.208,0.117
-1.19,1.871
-1.206,0.125
-1.336,1.438
-1.532,0.375
-1.518,1.486
-1.512,1.069
-1.58,1.94
-1.558,0.27
-1.672,1.832
-1.708,-0.388
-2.048,-0.634
-2.121,0.998
-2.358,1.426
-2.414,3.018
-2.402,1.938
-2.476,0.616
-2.494,0.973
-2.53,-0.349
-2.521,-0.907
-3.078,-0.732
3.013,-0.934
2.711,-0.784
2.048,-0.796
1.564,-0.955
0.851,-0.984
-0.04,-0.767
-1.349,-0.627
-1.35,-0.975
-1.377,-0.916
-2.923,3.411
-2.886,3.542
2.199,3.324
-0.541,3.567
-1.93,3.402
-2.138,3.41
1.4,2.104
1.499,-0.748
1.334,3.073
0.129,1.363
0.035,3.079
-1.398,0.672
1.874,-0.854
-1.338,-0.922
0.408,3.542
-2.573,0.983
-2.722,-0.749
-2.691,2.12
3.032,0.972
2.848,2.881
2.835,1.776
2.775,1.741
2.704,2.236
2.595,0.847
2.501,0.621
2.621,0.005
2.444,-0.66
1.839,0.567
1.758,3.007
1.562,0.634
1.476,3.107
1.273,1.347
1.131,-0.681
1.273,-0.064
1.239,0.18
1.202,2.927
1.002,2.599
1.039,1.211
0.83,0.739
0.764,0.905
0.486,2.127
0.479,1.998
0.394,0.132
0.354,0.926
-0.154,2.963
-0.211,-0.676
-0.357,1.163
-0.293,1.456
-0.43,1.169
-0.321,0.1
-0.622,0.178
-0.806,-0.381
-0.697,1.63
-0.871,2.099
-1.0,1.152
-0.895,1.706
-1.031,1.327
-0.944,1.27
-1.077,1.668
-1.174,-0.464
-1.099,0.635
-1.181,1.455
-1.326,0.883
-1.265,-0.178
-1.283,2.557
-1.482,1.698
-1.755,-0.376
-1.98,-0.202
-2.101,-0.632
-2.043,2.307
-2.072,-0.071
-2.109,0.658
-2.229,2.499
-2.125,2.284
-2.285,-0.191
-2.179,0.889
-2.749,-0.781
-2.88,-0.857
2.884,-0.947
-0.982,-0.862
-1.588,-0.805
2.17,3.515
2.263,3.559
1.337,3.279
0.841,3.536
0.772,3.349
0.218,3.3
-0.004,3.677
-1.236,3.607
-2.113,3.499
-2.652,0.741
-0.322,-0.231
-0.282,2.894
-2.33,2.865
2.901,-0.391
2.729,1.251
1.902,0.539
-1.168,1.238
-1.905,2.507
-2.027,2.352
-2.03,2.505
2.748,1.089
2.585,3.179
1.218,3.164
-0.563,3.514
-0.674,3.222
-2.025,-0.642
-0.043,0.155
-0.341,-1.384
-0.3,0.885
-0.421,0.824
-0.45,-1.064
-0.427,-0.177
-0.46,-0.551
-0.562,-1.627
-0.554,1.371
-0.638,-1.812
-0.746,-1.041
-0.789,0.101
-0.895,-0.94
-0.936,0.855
-0.978,0.253
-1.042,0.223
-1.249,-1.185
-1.231,0.569
-1.247,-1.177
-1.377,0.136
-1.573,-0.927
-1.559,0.184
-1.553,-0.233
-1.621,0.638
-1.599,-1.032
-1.713,0.53
-1.749,-1.69
-2.089,-1.936
-2.162,-0.304
-2.399,0.124
-2.455,1.716
-2.443,0.636
-2.517,-0.686
-2.535,-0.329
-2.571,-1.651
-2.562,-2.209
-3.119,-2.034
2.972,-2.236
2.67,-2.086
2.007,-2.098
1.523,-2.257
0.81,-2.286
-0.081,-2.069
-1.39,-1.929
-1.391,-2.277
-1.418,-2.218
-2.964,2.109
-2.927,2.24
2.158,2.022
-0.582,2.265
-1.971,2.1
-2.179,2.108
1.359,0.802
1.458,-2.05
1.293,1.771
0.088,0.061
-0.006,1.777
-1.439,-0.63
1.833,-2.156
-1.379,-2.224
0.367,2.24
-2.614,-0.319
-2.763,-2.051
-2.732,0.818
2.991,-0.33
2.807,1.579
2.794,0.474
2.734,0.439
2.663,0.934
2.554,-0.455
2.46,-0.681
2.58,-1.297
2.403,-1.962
1.798,-0.735
1.717,1.705
1.521,-0.668
1.435,1.805
1.232,0.045
1.09,-1.983
1.232,-1.366
1.198,-1.122
1.161,1.625
0.961,1.297
0.998,-0.091
0.789,-0.563
0.723,-0.397
0.445,0.825
0.438,0.696
0.353,-1.17
0.313,-0.376
-0.195,1.661
-0.252,-1.978
-0.398,-0.139
-0.334,0.154
-0.471,-0.133
-0.362,-1.202
-0.663,-1.124
-0.847,-1.683
-0.738,0.328
-0.912,0.797
-1.041,-0.15
-0.936,0.404
-1.072,0.025
-0.985,-0.032
-1.118,0.366
-1.215,-1.766
-1.14,-0.667
-1.222,0.153
-1.367,-0.419
-1.306,-1.48
-1.324,1.255
-1.523,0.396
-1.796,-1.678
-2.021,-1.504
-2.142,-1.934
-2.084,1.005
-2.113,-1.373
-2.15,-0.644
-2.27,1.197
-2.166,0.982
-2.326,-1.493
-2.22,-0.413
-2.79,-2.083
-2.921,-2.159
2.843,-2.249
-1.023,-2.164
-1.629,-2.107
2.129,2.213
2.222,2.257
1.296,1.977
0.8,2.234
0.731,2.047
0.177,1.998
-0.045,2.375
-1.277,2.305
-2.154,2.197
-2.693,-0.561
-0.363,-1.533
-0.323,1.592
-2.371,1.563
2.86,-1.693
2.688,-0.051
1.861,-0.763
-1.209,-0.064
-1.946,1.205
-2.068,1.05
-2.071,1.203
2.707,-0.213
2.544,1.877
1.177,1.862
-0.604,2.212
-0.715,1.92
-2.066,-1.944
-0.298,-1.539
-0.257,0.73
-0.378,0.669
-0.407,-1.219
-0.384,-0.332
-0.417,-0.706
-0.519,-1.782
-0.511,1.216
-0.595,-1.967
-0.703,-1.196
-0.746,-0.054
-0.852,-1.095
-0.893,0.7
-0.935,0.098
-0.999,0.068
-1.206,-1.34
-1.188,0.414
-1.204,-1.332
-1.334,-0.019
-1.53,-1.082
-1.516,0.029
-1.51,-0.388
-1.578,0.483
-1.556,-1.187
-1.67,0.375
-1.706,-1.845
-2.046,-2.091
-2.119,-0.459
-2.356,-0.031
-2.412,1.561
-2.4,0.481
-2.474,-0.841
-2.492,-0.484
-2.528,-1.806
-2.519,-2.364
-3.076,-2.189
3.015,-2.391
2.713,-2.241
2.05,-2.253
1.566,-2.412
0.853,-2.441
-0.038,-2.224
-1.347,-2.084
-1.348,-2.432
-1.375,-2.373
-2.921,1.954
-2.884,2.085
2.201,1.867
-0.539,2.11
-1.928,1.945
-2.136,1.953
1.402,0.647
1.501,-2.205
1.336,1.616
0.131,-0.094
0.037,1.622
-1.396,-0.785
1.876,-2.311
-1.336,-2.379
0.41,2.085
-2.571,-0.474
-2.72,-2.206
-2.689,0.663
3.034,-0.485
2.85,1.424
2.837,0.319
2.777,0.284
2.706,0.779
2.597,-0.61
2.503,-0.836
2.623,-1.452
2.446,-2.117
1.841,-0.89
1.76,1.55
1.564,-0.823
1.478,1.65
1.275,-0.11
1.133,-2.138
1.275,-1.521
1.241,-1.277
1.204,1.47
1.004,1.142
1.041,-0.246
0.832,-0.718
0.766,-0.552
0.488,0.67
0.481,0.541
0.396,-1.325
0.356,-0.531
-0.152,1.506
-0.209,-2.133
-0.355,-0.294
-0.291,-0.001
-0.428,-0.288
-0.319,-1.357
-0.62,-1.279
-0.804,-1.838
-0.695,0.173
-0.869,0.642
-0.998,-0.305
-0.893,0.249
-1.029,-0.13
-0.942,-0.187
-1.075,0.211
-1.172,-1.921
-1.097,-0.822
-1.179,-0.002
-1.324,-0.574
-1.263,-1.635
-1.281,1.1
-1.48,0.241
-1.753,-1.833
-1.978,-1.659
-2.099,-2.089
-2.041,0.85
-2.07,-1.528
-2.107,-0.799
-2.227,1.042
-2.123,0.827
-2.283,-1.648
-2.177,-0.568
-2.747,-2.238
-2.878,-2.314
2.886,-2.404
-0.98,-2.319
-1.586,-2.262
2.172,2.058
2.265,2.102
1.339,1.822
0.843,2.079
0.774,1.892
0.22,1.843
-0.002,2.22
-1.234,2.15
-2.111,2.042
-2.65,-0.716
-0.32,-1.688
-0.28,1.437
-2.328,1.408
2.903,-1.848
2.731,-0.206
1.904,-0.918
-1.166,-0.219
-1.903,1.05
-2.025,0.895
-2.028,1.048
2.75,-0.368
2.587,1.722
1.22,1.707
-0.561,2.057
-0.672,1.765
-2.023,-2.099
0.041,2.269
-0.08,2.208
-0.109,0.32
-0.086,1.207
-0.119,0.833
-0.221,-0.243
-0.213,2.755
-0.297,-0.428
-0.405,0.343
-0.448,1.485
-0.554,0.444
-0.595,2.239
-0.637,1.637
-0.701,1.607
-0.908,0.199
-0.89,1.953
-0.906,0.207
-1.036,1.52
-1.232,0.457
-1.218,1.568
-1.212,1.151
-1.28,2.022
-1.258,0.352
-1.372,1.914
-1.408,-0.306
-1.748,-0.552
-1.821,1.08
-2.058,1.508
-2.114,3.1
-2.102,2.02
-2.176,0.698
-2.194,1.055
-2.23,-0.267
-2.221,-0.825
-2.778,-0.65
-2.97,-0.852
3.011,-0.702
2.348,-0.714
1.864,-0.873
1.151,-0.902
0.26,-0.685
-1.049,-0.545
-1.05,-0.893
-1.077,-0.834
-2.623,3.493
-2.586,3.624
2.499,3.406
-0.241,3.649
-1.63,3.484
-1.838,3.492
1.7,2.186
1.799,-0.666
1.634,3.155
0.429,1.445
0.335,3.161
-1.098,0.754
2.174,-0.772
-1.038,-0.84
0.708,3.624
-2.273,1.065
-2.422,-0.667
-2.391,2.202
-2.951,1.054
-3.135,2.963
3.135,1.858
3.075,1.823
3.004,2.318
2.895,0.929
2.801,0.703
2.921,0.087
2.744,-0.578
2.139,0.649
2.058,3.089
1.862,0.716
1.776,3.189
1.573,1.429
1.431,-0.599
1.573,0.018
1.539,0.262
1.502,3.009
1.302,2.681
1.339,1.293
1.13,0.821
1.064,0.987
0.786,2.209
0.779,2.08
0.694,0.214
0.654,1.008
0.146,3.045
0.089,-0.594
-0.057,1.245
0.007,1.538
-0.13,1.251
-0.021,0.182
-0.322,0.26
-0.506,-0.299
-0.397,1.712
-0.571,2.181
-0.7,1.234
-0.595,1.788
-0.731,1.409
-0.644,1.352
-0.777,1.75
-0.874,-0.382
-0.799,0.717
-0.881,1.537
-1.026,0.965
-0.965,-0.096
-0.983,2.639
-1.182,1.78
-1.455,-0.294
-1.68,-0.12
-1.801,-0.55
-1.743,2.389
-1.772,0.011
-1.809,0.74
-1.929,2.581
-1.825,2.366
-1.985,-0.109
-1.879,0.971
-2.449,-0.699
-2.58,-0.775
-3.099,-0.865
-0.682,-0.78
-1.288,-0.723
2.47,3.597
2.563,3.641
1.637,3.361
1.141,3.618
1.072,3.431
0.518,3.382
0.296,3.759
-0.936,3.689
-1.813,3.581
-2.352,0.823
-0.022,-0.149
0.018,2.976
-2.03,2.947
-3.082,-0.309
3.029,1.333
2.202,0.621
-0.868,1.32
-1.605,2.589
-1.727,2.434
-1.73,2.587
3.048,1.171
2.885,3.261
1.518,3.246
-0.263,3.596
-0.374,3.304
-1.725,-0.56
-0.121,-0.061
-0.15,-1.949
-0.127,-1.062
-0.16,-1.436
-0.262,-2.512
-0.254,0.486
-0.338,-2.697
-0.446,-1.926
-0.489,-0.784
-0.595,-1.825
-0.636,-0.03
-0.678,-0.632
-0.742,-0.662
-0.949,-2.07
-0.931,-0.316
-0.947,-2.062
-1.077,-0.749
-1.273,-1.812
-1.259,-0.701
-1.253,-1.118
-1.321,-0.247
-1.299,-1.917
-1.413,-0.355
-1.449,-2.575
-1.789,-2.821
-1.862,-1.189
-2.099,-0.761
-2.155,0.831
-2.143,-0.249
-2.217,-1.571
-2.235,-1.214
-2.271,-2.536
-2.262,-3.094
-2.819,-2.919
-3.011,-3.121
2.97,-2.971
2.307,-2.983
1.823,-3.142
1.11,-3.171
0.219,-2.954
-1.09,-2.814
-1.091,-3.162
-1.118,-3.103
-2.664,1.224
-2.627,1.355
2.458,1.137
-0.282,1.38
-1.671,1.215
-1.879,1.223
1.659,-0.083
1.758,-2.935
1.593,0.886
0.388,-0.824
0.294,0.892
-1.139,-1.515
2.133,-3.041
-1.079,-3.109
0.667,1.355
-2.314,-1.204
-2.463,-2.936
-2.432,-0.067
-2.992,-1.215
3.107,0.694
3.094,-0.411
3.034,-0.446
2.963,0.049
2.854,-1.34
2.76,-1.566
2.88,-2.182
2.703,-2.847
2.098,-1.62
2.017,0.82
1.821,-1.553
1.735,0.92
1.532,-0.84
1.39,-2.868
1.532,-2.251
1.498,-2.007
1.461,0.74
1.261,0.412
1.298,-0.976
1.089,-1.448
1.023,-1.282
0.745,-0.06
0.738,-0.189
0.653,-2.055
0.613,-1.261
0.105,0.776
0.048,-2.863
-0.098,-1.024
-0.034,-0.731
-0.171,-1.018
-0.062,-2.087
-0.363,-2.009
-0.547,-2.568
-0.438,-0.557
-0.612,-0.088
-0.741,-1.035
-0.636,-0.481
-0.772,-0.86
-0.685,-0.917
-0.818,-0.519
-0.915,-2.651
-0.84,-1.552
-0.922,-0.732
-1.067,-1.304
-1.006,-2.365
-1.024,0.37
-1.223,-0.489
-1.496,-2.563
-1.721,-2.389
-1.842,-2.819
-1.784,0.12
-1.813,-2.258
-1.85,-1.529
-1.97,0.312
-1.866,0.097
-2.026,-2.378
-1.92,-1.298
-2.49,-2.968
-2.621,-3.044
-3.14,-3.134
-0.723,-3.049
-1.329,-2.992
2.429,1.328
2.522,1.372
1.596,1.092
1.1,1.349
1.031,1.162
0.477,1.113
0.255,1.49
-0.977,1.42
-1.854,1.312
-2.393,-1.446
-0.063,-2.418
-0.023,0.707
-2.071,0.678
-3.123,-2.578
2.988,-0.936
2.161,-1.648
-0.909,-0.949
-1.646,0.32
-1.768,0.165
-1.771,0.318
3.007,-1.098
2.844,0.992
1.477,0.977
-0.304,1.327
-0.415,1.035
-1.766,-2.829
-0.029,-1.888
-0.006,-1.001
-0.039,-1.375
-0.141,-2.451
-0.133,0.547
-0.217,-2.636
-0.325,-1.865
-0.368,-0.723
-0.474,-1.764
-0.515,0.031
-0.557,-0.571
-0.621,-0.601
-0.828,-2.009
-0.81,-0.255
-0.826,-2.001
-0.956,-0.688
-1.152,-1.751
-1.138,-0.64
-1.132,-1.057
-1.2,-0.186
-1.178,-1.856
-1.292,-0.294
-1.328,-2.514
-1.668,-2.76
-1.741,-1.128
-1.978,-0.7
-2.034,0.892
-2.022,-0.188
-2.096,-1.51
-2.114,-1.153
-2.15,-2.475
-2.141,-3.033
-2.698,-2.858
-2.89,-3.06
3.091,-2.91
2.428,-2.922
1.944,-3.081
1.231,-3.11
0.34,-2.893
-0.969,-2.753
-0.97,-3.101
-0.997,-3.042
-2.543,1.285
-2.506,1.416
2.579,1.198
-0.161,1.441
-1.55,1.276
-1.758,1.284
1.78,-0.022
1.879,-2.874
1.714,0.947
0.509,-0.763
0.415,0.953
-1.018,-1.454
2.254,-2.98
-0.958,-3.048
0.788,1.416
-2.193,-1.143
-2.342,-2.875
-2.311,-0.006
-2.871,-1.154
-3.055,0.755
-3.068,-0.35
-3.128,-0.385
3.084,0.11
2.975,-1.279
2.881,-1.505
3.001,-2.121
2.824,-2.786
2.219,-1.559
2.138,0.881
1.942,-1.492
1.856,0.981
1.653,-0.779
1.511,-2.807
1.653,-2.19
1.619,-1.946
1.582,0.801
1.382,0.473
1.419,-0.915
1.21,-1.387
1.144,-1.221
0.866,0.001
0.859,-0.128
0.774,-1.994
0.734,-1.2
0.226,0.837
0.169,-2.802
0.023,-0.963
0.087,-0.67
-0.05,-0.957
0.059,-2.026
-0.242,-1.948
-0.426,-2.507
-0.317,-0.496
-0.491,-0.027
-0.62,-0.974
-0.515,-0.42
-0.651,-0.799
-0.564,-0.856
-0.697,-0.458
-0.794,-2.59
-0.719,-1.491
-0.801,-0.671
-0.946,-1.243
-0.885,-2.304
-0.903,0.431
-1.102,-0.428
-1.375,-2.502
-1.6,-2.328
-1.721,-2.758
-1.663,0.181
-1.692,-2.197
-1.729,-1.468
-1.849,0.373
-1.745,0.158
-1.905,-2.317
-1.799,-1.237
-2.369,-2.907
-2.5,-2.983
-3.019,-3.073
-0.602,-2.988
-1.208,-2.931
2.55,1.389
2.643,1.433
1.717,1.153
1.221,1.41
1.152,1.223
0.598,1.174
0.376,1.551
-0.856,1.481
-1.733,1.373
-2.272,-1.385
0.058,-2.357
0.098,0.768
-1.95,0.739
-3.002,-2.517
3.109,-0.875
2.282,-1.587
-0.788,-0.888
-1.525,0.381
-1.647,0.226
-1.65,0.379
3.128,-1.037
2.965,1.053
1.598,1.038
-0.183,1.388
-0.294,1.096
-1.645,-2.768
0.023,0.887
-0.01,0.513
-0.112,-0.563
-0.104,2.435
-0.188,-0.748
-0.296,0.023
-0.339,1.165
-0.445,0.124
-0.486,1.919
-0.528,1.317
-0.592,1.287
-0.799,-0.121
-0.781,1.633
-0.797,-0.113
-0.927,1.2
-1.123,0.137
-1.109,1.248
-1.103,0.831
-1.171,1.702
-1.149,0.032
-1.263,1.594
-1.299,-0.626
-1.639,-0.872
-1.712,0.76
-1.949,1.188
-2.005,2.78
-1.993,1.7
-2.067,0.378
-2.085,0.735
-2.121,-0.587
-2.112,-1.145
-2.669,-0.97
-2.861,-1.172
3.12,-1.022
2.457,-1.034
1.973,-1.193
1.26,-1.222
0.369,-1.005
-0.94,-0.865
-0.941,-1.213
-0.968,-1.154
-2.514,3.173
-2.477,3.304
2.608,3.086
-0.132,3.329
-1.521,3.164
-1.729,3.172
1.809,1.866
1.908,-0.986
1.743,2.835
0.538,1.125
0.444,2.841
-0.989,0.434
2.283,-1.092
-0.929,-1.16
0.817,3.304
-2.164,0.745
-2.313,-0.987
-2.282,1.882
-2.842,0.734
-3.026,2.643
-3.039,1.538
-3.099,1.503
3.113,1.998
3.004,0.609
2.91,0.383
3.03,-0.233
2.853,-0.898
2.248,0.329
2.167,2.769
1.971,0.396
1.885,2.869
1.682,1.109
1.54,-0.919
1.682,-0.302
1.648,-0.058
1.611,2.689
1.411,2.361
1.448,0.973
1.239,0.501
1.173,0.667
0.895,1.889
0.888,1.76
0.803,-0.106
0.763,0.688
0.255,2.725
0.198,-0.914
0.052,0.925
0.116,1.218
-0.021,0.931
0.088,-0.138
-0.213,-0.06
-0.397,-0.619
-0.288,1.392
-0.462,1.861
-0.591,0.914
-0.486,1.468
-0.622,1.089
-0.535,1.032
-0.668,1.43
-0.765,-0.702
-0.69,0.397
-0.772,1.217
-0.917,0.645
-0.856,-0.416
-0.874,2.319
-1.073,1.46
-1.346,-0.614
-1.571,-0.44
-1.692,-0.87
-1.634,2.069
-1.663,-0.309
-1.7,0.42
-1.82,2.261
-1.716,2.046
-1.876,-0.429
-1.77,0.651
-2.34,-1.019
-2.471,-1.095
-2.99,-1.185
-0.573,-1.1
-1.179,-1.043
2.579,3.277
2.672,3.321
1.746,3.041
1.25,3.298
1.181,3.111
0.627,3.062
0.405,3.439
-0.827,3.369
-1.704,3.261
-2.243,0.503
0.087,-0.469
0.127,2.656
-1.921,2.627
-2.973,-0.629
3.138,1.013
2.311,0.301
-0.759,1.0
-1.496,2.269
-1.618,2.114
-1.621,2.267
-3.126,0.851
2.994,2.941
1.627,2.926
-0.154,3.276
-0.265,2.984
-1.616,-0.88
-0.033,-0.374
-0.135,-1.45
-0.127,1.548
-0.211,-1.635
-0.319,-0.864
-0.362,0.278
-0.468,-0.763
-0.509,1.032
-0.551,0.43
-0.615,0.4
-0.822,-1.008
-0.804,0.746
-0.82,-1.0
-0.95,0.313
-1.146,-0.75
-1.132,0.361
-1.126,-0.056
-1.194,0.815
-1.172,-0.855
-1.286,0.707
-1.322,-1.513
-1.662,-1.759
-1.735,-0.127
-1.972,0.301
-2.028,1.893
-2.016,0.813
-2.09,-0.509
-2.108,-0.152
-2.144,-1.474
-2.135,-2.032
-2.692,-1.857
-2.884,-2.059
3.097,-1.909
2.434,-1.921
1.95,-2.08
1.237,-2.109
0.346,-1.892
-0.963,-1.752
-0.964,-2.1
-0.991,-2.041
-2.537,2.286
-2.5,2.417
2.585,2.199
-0.155,2.442
-1.544,2.277
-1.752,2.285
1.786,0.979
1.885,-1.873
1.72,1.948
0.515,0.238
0.421,1.954
-1.012,-0.453
2.26,-1.979
-0.952,-2.047
0.794,2.417
-2.187,-0.142
-2.336,-1.874
-2.305,0.995
-2.865,-0.153
-3.049,1.756
-3.062,0.651
-3.122,0.616
3.09,1.111
2.981,-0.278
2.887,-0.504
3.007,-1.12
2.83,-1.785
2.225,-0.558
2.144,1.882
1.948,-0.491
1.862,1.982
1.659,0.222
1.517,-1.806
1.659,-1.189
1.625,-0.945
1.588,1.802
1.388,1.474
1.425,0.086
1.216,-0.386
1.15,-0.22
0.872,1.002
0.865,0.873
0.78,-0.993
0.74,-0.199
0.232,1.838
0.175,-1.801
0.029,0.038
0.093,0.331
-0.044,0.044
0.065,-1.025
-0.236,-0.947
-0.42,-1.506
-0.311,0.505
-0.485,0.974
-0.614,0.027
-0.509,0.581
-0.645,0.202
-0.558,0.145
-0.691,0.543
-0.788,-1.589
-0.713,-0.49
-0.795,0.33
-0.94,-0.242
-0.879,-1.303
-0.897,1.432
-1.096,0.573
-1.369,-1.501
-1.594,-1.327
-1.715,-1.757
-1.657,1.182
-1.686,-1.196
-1.723,-0.467
-1.843,1.374
-1.739,1.159
-1.899,-1.316
-1.793,-0.236
-2.363,-1.906
-2.494,-1.982
-3.013,-2.072
-0.596,-1.987
-1.202,-1.93
2.556,2.39
2.649,2.434
1.723,2.154
1.227,2.411
1.158,2.224
0.604,2.175
0.382,2.552
-0.85,2.482
-1.727,2.374
-2.266,-0.384
0.064,-1.356
0.104,1.769
-1.944,1.74
-2.996,-1.516
3.115,0.126
2.288,-0.586
-0.782,0.113
-1.519,1.382
-1.641,1.227
-1.644,1.38
3.134,-0.036
2.971,2.054
1.604,2.039
-0.177,2.389
-0.288,2.097
-1.639,-1.767
-0.102,-1.076
-0.094,1.922
-0.178,-1.261
-0.286,-0.49
-0.329,0.652
-0.435,-0.389
-0.476,1.406
-0.518,0.804
-0.582,0.774
-0.789,-0.634
-0.771,1.12
-0.787,-0.626
-0.917,0.687
-1.113,-0.376
-1.099,0.735
-1.093,0.318
-1.161,1.189
-1.139,-0.481
-1.253,1.081
-1.289,-1.139
-1.629,-1.385
-1.702,0.247
-1.939,0.675
-1.995,2.267
-1.983,1.187
-2.057,-0.135
-2.075,0.222
-2.111,-1.1
-2.102,-1.658
-2.659,-1.483
-2.851,-1.685
3.13,-1.535
2.467,-1.547
1.983,-1.706
1.27,-1.735
0.379,-1.518
-0.93,-1.378
-0.931,-1.726
-0.958,-1.667
-2.504,2.66
-2.467,2.791
2.618,2.573
-0.122,2.816
-1.511,2.651
-1.719,2.659
1.819,1.353
1.918,-1.499
1.753,2.322
0.548,0.612
0.454,2.328
-0.979,-0.079
2.293,-1.605
-0.919,-1.673
0.827,2.791
-2.154,0.232
-2.303,-1.5
-2.272,1.369
-2.832,0.221
-3.016,2.13
-3.029,1.025
-3.089,0.99
3.123,1.485
3.014,0.096
2.92,-0.13
3.04,-0.746
2.863,-1.411
2.258,-0.184
2.177,2.256
1.981,-0.117
1.895,2.356
1.692,0.596
1.55,-1.432
1.692,-0.815
1.658,-0.571
1.621,2.176
1.421,1.848
1.458,0.46
1.249,-0.012
1.183,0.154
0.905,1.376
0.898,1.247
0.813,-0.619
0.773,0.175
0.265,2.212
0.208,-1.427
0.062,0.412
0.126,0.705
-0.011,0.418
0.098,-0.651
-0.203,-0.573
-0.387,-1.132
-0.278,0.879
-0.452,1.348
-0.581,0.401
-0.476,0.955
-0.612,0.576
-0.525,0.519
-0.658,0.917
-0.755,-1.215
-0.68,-0.116
-0.762,0.704
-0.907,0.132
-0.846,-0.929
-0.864,1.806
-1.063,0.947
-1.336,-1.127
-1.561,-0.953
-1.682,-1.383
-1.624,1.556
-1.653,-0.822
-1.69,-0.093
-1.81,1.748
-1.706,1.533
-1.866,-0.942
-1.76,0.138
-2.33,-1.532
-2.461,-1.608
-2.98,-1.698
-0.563,-1.613
-1.169,-1.556
2.589,2.764
2.682,2.808
1.756,2.528
1.26,2.785
1.191,2.598
0.637,2.549
0.415,2.926
-0.817,2.856
-1.694,2.748
-2.233,-0.01
0.097,-0.982
0.137,2.143
-1.911,2.114
-2.963,-1.142
-3.135,0.5
2.321,-0.212
-0.749,0.487
-1.486,1.756
-1.608,1.601
-1.611,1.754
-3.116,0.338
3.004,2.428
1.637,2.413
-0.144,2.763
-0.255,2.471
-1.606,-1.393
0.008,2.998
-0.076,-0.185
-0.184,0.586
-0.227,1.728
-0.333,0.687
-0.374,2.482
-0.416,1.88
-0.48,1.85
-0.687,0.442
-0.669,2.196
-0.685,0.45
-0.815,1.763
-1.011,0.7
-0.997,1.811
-0.991,1.394
-1.059,2.265
-1.037,0.595
-1.151,2.157
-1.187,-0.063
-1.527,-0.309
-1.6,1.323
-1.837,1.751
-1.893,3.343
-1.881,2.263
-1.955,0.941
-1.973,1.298
-2.009,-0.024
-2.0,-0.582
-2.557,-0.407
-2.749,-0.609
-3.051,-0.459
2.569,-0.471
2.085,-0.63
1.372,-0.659
0.481,-0.442
-0.828,-0.302
-0.829,-0.65
-0.856,-0.591
-2.402,3.736
-2.365,3.867
2.72,3.649
-0.02,3.892
-1.409,3.727
-1.617,3.735
1.921,2.429
2.02,-0.423
1.855,3.398
0.65,1.688
0.556,3.404
-0.877,0.997
2.395,-0.529
-0.817,-0.597
0.929,3.867
-2.052,1.308
-2.201,-0.424
-2.17,2.445
-2.73,1.297
-2.914,3.206
-2.927,2.101
-2.987,2.066
-3.058,2.561
3.116,1.172
3.022,0.946
-3.141,0.33
2.965,-0.335
2.36,0.892
2.279,3.332
2.083,0.959
1.997,3.432
1.794,1.672
1.652,-0.356
1.794,0.261
1.76,0.505
1.723,3.252
1.523,2.924
1.56,1.536
1.351,1.064
1.285,1.23
1.007,2.452
1.0,2.323
0.915,0.457
0.875,1.251
0.367,3.288
0.31,-0.351
0.164,1.488
0.228,1.781
0.091,1.494
0.2,0.425
-0.101,0.503
-0.285,-0.056
-0.176,1.955
-0.35,2.424
-0.479,1.477
-0.374,2.031
-0.51,1.652
-0.423,1.595
-0.556,1.993
-0.653,-0.139
-0.578,0.96
-0.66,1.78
-0.805,1.208
-0.744,0.147
-0.762,2.882
-0.961,2.023
-1.234,-0.051
-1.459,0.123
-1.58,-0.307
-1.522,2.632
-1.551,0.254
-1.588,0.983
-1.708,2.824
-1.604,2.609
-1.764,0.134
-1.658,1.214
-2.228,-0.456
-2.359,-0.532
-2.878,-0.622
-0.461,-0.537
-1.067,-0.48
2.691,3.84
2.784,3.884
1.858,3.604
1.362,3.861
1.293,3.674
0.739,3.625
0.517,4.002
-0.715,3.932
-1.592,3.824
-2.131,1.066
0.199,0.094
0.239,3.219
-1.809,3.19
-2.861,-0.066
-3.033,1.576
2.423,0.864
-0.647,1.563
-1.384,2.832
-1.506,2.677
-1.509,2.83
-3.014,1.414
3.106,3.504
1.739,3.489
-0.042,3.839
-0.153,3.547
-1.504,-0.317
-0.084,-3.183
-0.192,-2.412
-0.235,-1.27
-0.341,-2.311
-0.382,-0.516
-0.424,-1.118
-0.488,-1.148
-0.695,-2.556
-0.677,-0.802
-0.693,-2.548
-0.823,-1.235
-1.019,-2.298
-1.005,-1.187
-0.999,-1.604
-1.067,-0.733
-1.045,-2.403
-1.159,-0.841
-1.195,-3.061
-1.535,-3.307
-1.608,-1.675
-1.845,-1.247
-1.901,0.345
-1.889,-0.735
-1.963,-2.057
-1.981,-1.7
-2.017,-3.022
-2.008,-3.58
-2.565,-3.405
-2.757,-3.607
-3.059,-3.457
2.561,-3.469
2.077,-3.628
1.364,-3.657
0.473,-3.44
-0.836,-3.3
-0.837,-3.648
-0.864,-3.589
-2.41,0.738
-2.373,0.869
2.712,0.651
-0.028,0.894
-1.417,0.729
-1.625,0.737
1.913,-0.569
2.012,-3.421
1.847,0.4
0.642,-1.31
0.548,0.406
-0.885,-2.001
2.387,-3.527
-0.825,-3.595
0.921,0.869
-2.06,-1.69
-2.209,-3.422
-2.178,-0.553
-2.738,-1.701
-2.922,0.208
-2.935,-0.897
-2.995,-0.932
-3.066,-0.437
3.108,-1.826
3.014,-2.052
3.134,-2.668
2.957,-3.333
2.352,-2.106
2.271,0.334
2.075,-2.039
1.989,0.434
1.786,-1.326
1.644,-3.354
1.786,-2.737
1.752,-2.493
1.715,0.254
1.515,-0.074
1.552,-1.462
1.343,-1.934
1.277,-1.768
0.999,-0.546
0.992,-0.675
0.907,-2.541
0.867,-1.747
0.359,0.29
0.302,-3.349
0.156,-1.51
0.22,-1.217
0.083,-1.504
0.192,-2.573
-0.109,-2.495
-0.293,-3.054
-0.184,-1.043
-0.358,-0.574
-0.487,-1.521
-0.382,-0.967
-0.518,-1.346
-0.431,-1.403
-0.564,-1.005
-0.661,-3.137
-0.586,-2.038
-0.668,-1.218
-0.813,-1.79
-0.752,-2.851
-0.77,-0.116
-0.969,-0.975
-1.242,-3.049
-1.467,-2.875
-1.588,-3.305
-1.53,-0.366
-1.559,-2.744
-1.596,-2.015
-1.716,-0.174
-1.612,-0.389
-1.772,-2.864
-1.666,-1.784
-2.236,-3.454
-2.367,-3.53
-2.886,-3.62
-0.469,-3.535
-1.075,-3.478
2.683,0.842
2.776,0.886
1.85,0.606
1.354,0.863
1.285,0.676
0.731,0.627
0.509,1.004
-0.723,0.934
-1.6,0.826
-2.139,-1.932
0.191,-2.904
0.231,0.221
-1.817,0.192
-2.869,-3.064
-3.041,-1.422
2.415,-2.134
-0.655,-1.435
-1.392,-0.166
-1.514,-0.321
-1.517,-0.168
-3.022,-1.584
3.098,0.506
1.731,0.491
-0.05,0.841
-0.161,0.549
-1.512,-3.315
-0.108,0.771
-0.151,1.913
-0.257,0.872
-0.298,2.667
-0.34,2.065
-0.404,2.035
-0.611,0.627
-0.593,2.381
-0.609,0.635
-0.739,1.948
-0.935,0.885
-0.921,1.996
-0.915,1.579
-0.983,2.45
-0.961,0.78
-1.075,2.342
-1.111,0.122
-1.451,-0.124
-1.524,1.508
-1.761,1.936
-1.817,3.528
-1.805,2.448
-1.879,1.126
-1.897,1.483
-1.933,0.161
-1.924,-0.397
-2.481,-0.222
-2.673,-0.424
-2.975,-0.274
2.645,-0.286
2.161,-0.445
1.448,-0.474
0.557,-0.257
-0.752,-0.117
-0.753,-0.465
-0.78,-0.406
-2.326,3.921
-2.289,4.052
2.796,3.834
0.056,4.077
-1.333,3.912
-1.541,3.92
1.997,2.614
2.096,-0.238
1.931,3.583
0.726,1.873
0.632,3.589
-0.801,1.182
2.471,-0.344
-0.741,-0.412
1.005,4.052
-1.976,1.493
-2.125,-0.239
-2.094,2.63
-2.654,1.482
-2.838,3.391
-2.851,2.286
-2.911,2.251
-2.982,2.746
-3.091,1.357
3.098,1.131
-3.065,0.515
3.041,-0.15
2.436,1.077
2.355,3.517
2.159,1.144
2.073,3.617
1.87,1.857
1.728,-0.171
1.87,0.446
1.836,0.69
1.799,3.437
1.599,3.109
1.636,1.721
1.427,1.249
1.361,1.415
1.083,2.637
1.076,2.508
0.991,0.642
0.951,1.436
0.443,3.473
0.386,-0.166
0.24,1.673
0.304,1.966
0.167,1.679
0.276,0.61
-0.025,0.688
-0.209,0.129
-0.1,2.14
-0.274,2.609
-0.403,1.662
-0.298,2.216
-0.434,1.837
-0.347,1.78
-0.48,2.178
-0.577,0.046
-0.502,1.145
-0.584,1.965
-0.729,1.393
-0.668,0.332
-0.686,3.067
-0.885,2.208
-1.158,0.134
-1.383,0.308
-1.504,-0.122
-1.446,2.817
-1.475,0.439
-1.512,1.168
-1.632,3.009
-1.528,2.794
-1.688,0.319
-1.582,1.399
-2.152,-0.271
-2.283,-0.347
-2.802,-0.437
-0.385,-0.352
-0.991,-0.295
2.767,4.025
2.86,4.069
1.934,3.789
1.438,4.046
1.369,3.859
0.815,3.81
0.593,4.187
-0.639,4.117
-1.516,4.009
-2.055,1.251
0.275,0.279
0.315,3.404
-1.733,3.375
-2.785,0.119
-2.957,1.761
2.499,1.049
-0.571,1.748
-1.308,3.017
-1.43,2.862
-1.433,3.015
-2.938,1.599
-3.101,3.689
1.815,3.674
0.034,4.024
-0.077,3.732
-1.428,-0.132
-0.043,1.142
-0.149,0.101
-0.19,1.896
-0.232,1.294
-0.296,1.264
-0.503,-0.144
-0.485,1.61
-0.501,-0.136
-0.631,1.177
-0.827,0.114
-0.813,1.225
-0.807,0.808
-0.875,1.679
-0.853,0.009
-0.967,1.571
-1.003,-0.649
-1.343,-0.895
-1.416,0.737
-1.653,1.165
-1.709,2.757
-1.697,1.677
-1.771,0.355
-1.789,0.712
-1.825,-0.61
-1.816,-1.168
-2.373,-0.993
-2.565,-1.195
-2.867,-1.045
2.753,-1.057
2.269,-1.216
1.556,-1.245
0.665,-1.028
-0.644,-0.888
-0.645,-1.236
-0.672,-1.177
-2.218,3.15
-2.181,3.281
2.904,3.063
0.164,3.306
-1.225,3.141
-1.433,3.149
2.105,1.843
2.204,-1.009
2.039,2.812
0.834,1.102
0.74,2.818
-0.693,0.411
2.579,-1.115
-0.633,-1.183
1.113,3.281
-1.868,0.722
-2.017,-1.01
-1.986,1.859
-2.546,0.711
-2.73,2.62
-2.743,1.515
-2.803,1.48
-2.874,1.975
-2.983,0.586
-3.077,0.36
-2.957,-0.256
-3.134,-0.921
2.544,0.306
2.463,2.746
2.267,0.373
2.181,2.846
1.978,1.086
1.836,-0.942
1.978,-0.325
1.944,-0.081
1.907,2.666
1.707,2.338
1.744,0.95
1.535,0.478
1.469,0.644
1.191,1.866
1.184,1.737
1.099,-0.129
1.059,0.665
0.551,2.702
0.494,-0.937
0.348,0.902
0.412,1.195
0.275,0.908
0.384,-0.161
0.083,-0.083
-0.101,-0.642
0.008,1.369
-0.166,1.838
-0.295,0.891
-0.19,1.445
-0.326,1.066
-0.239,1.009
-0.372,1.407
-0.469,-0.725
-0.394,0.374
-0.476,1.194
-0.621,0.622
-0.56,-0.439
-0.578,2.296
-0.777,1.437
-1.05,-0.637
-1.275,-0.463
-1.396,-0.893
-1.338,2.046
-1.367,-0.332
-1.404,0.397
-1.524,2.238
-1.42,2.023
-1.58,-0.452
-1.474,0.628
-2.044,-1.042
-2.175,-1.118
-2.694,-1.208
-0.277,-1.123
-0.883,-1.066
2.875,3.254
2.968,3.298
2.042,3.018
1.546,3.275
1.477,3.088
0.923,3.039
0.701,3.416
-0.531,3.346
-1.408,3.238
-1.947,0.48
0.383,-0.492
0.423,2.633
-1.625,2.604
-2.677,-0.652
-2.849,0.99
2.607,0.278
-0.463,0.977
-1.2,2.246
-1.322,2.091
-1.325,2.244
-2.83,0.828
-2.993,2.918
1.923,2.903
0.142,3.253
0.031,2.961
-1.32,-0.903
-0.106,-1.041
-0.147,0.754
-0.189,0.152
-0.253,0.122
-0.46,-1.286
-0.442,0.468
-0.458,-1.278
-0.588,0.035
-0.784,-1.028
-0.77,0.083
-0.764,-0.334
-0.832,0.537
-0.81,-1.133
-0.924,0.429
-0.96,-1.791
-1.3,-2.037
-1.373,-0.405
-1.61,0.023
-1.666,1.615
-1.654,0.535
-1.728,-0.787
-1.746,-0.43
-1.782,-1.752
-1.773,-2.31
-2.33,-2.135
-2.522,-2.337
-2.824,-2.187
2.796,-2.199
2.312,-2.358
1.599,-2.387
0.708,-2.17
-0.601,-2.03
-0.602,-2.378
-0.629,-2.319
-2.175,2.008
-2.138,2.139
2.947,1.921
0.207,2.164
-1.182,1.999
-1.39,2.007
2.148,0.701
2.247,-2.151
2.082,1.67
0.877,-0.04
0.783,1.676
-0.65,-0.731
2.622,-2.257
-0.59,-2.325
1.156,2.139
-1.825,-0.42
-1.974,-2.152
-1.943,0.717
-2.503,-0.431
-2.687,1.478
-2.7,0.373
-2.76,0.338
-2.831,0.833
-2.94,-0.556
-3.034,-0.782
-2.914,-1.398
-3.091,-2.063
2.587,-0.836
2.506,1.604
2.31,-0.769
2.224,1.704
2.021,-0.056
1.879,-2.084
2.021,-1.467
1.987,-1.223
1.95,1.524
1.75,1.196
1.787,-0.192
1.578,-0.664
1.512,-0.498
1.234,0.724
1.227,0.595
1.142,-1.271
1.102,-0.477
0.594,1.56
0.537,-2.079
0.391,-0.24
0.455,0.053
0.318,-0.234
0.427,-1.303
0.126,-1.225
-0.058,-1.784
0.051,0.227
-0.123,0.696
-0.252,-0.251
-0.147,0.303
-0.283,-0.076
-0.196,-0.133
-0.329,0.265
-0.426,-1.867
-0.351,-0.768
-0.433,0.052
-0.578,-0.52
-0.517,-1.581
-0.535,1.154
-0.734,0.295
-1.007,-1.779
-1.232,-1.605
-1.353,-2.035
-1.295,0.904
-1.324,-1.474
-1.361,-0.745
-1.481,1.096
-1.377,0.881
-1.537,-1.594
-1.431,-0.514
-2.001,-2.184
-2.132,-2.26
-2.651,-2.35
-0.234,-2.265
-0.84,-2.208
2.918,2.112
3.011,2.156
2.085,1.876
1.589,2.133
1.52,1.946
0.966,1.897
0.744,2.274
-0.488,2.204
-1.365,2.096
-1.904,-0.662
0.426,-1.634
0.466,1.491
-1.582,1.462
-2.634,-1.794
-2.806,-0.152
2.65,-0.864
-0.42,-0.165
-1.157,1.104
-1.279,0.949
-1.282,1.102
-2.787,-0.314
-2.95,1.776
1.966,1.761
0.185,2.111
0.074,1.819
-1.277,-2.045
-0.041,1.795
-0.083,1.193
-0.147,1.163
-0.354,-0.245
-0.336,1.509
-0.352,-0.237
-0.482,1.076
-0.678,0.013
-0.664,1.124
-0.658,0.707
-0.726,1.578
-0.704,-0.092
-0.818,1.47
-0.854,-0.75
-1.194,-0.996
-1.267,0.636
-1.504,1.064
-1.56,2.656
-1.548,1.576
-1.622,0.254
-1.64,0.611
-1.676,-0.711
-1.667,-1.269
-2.224,-1.094
-2.416,-1.296
-2.718,-1.146
2.902,-1.158
2.418,-1.317
1.705,-1.346
0.814,-1.129
-0.495,-0.989
-0.496,-1.337
-0.523,-1.278
-2.069,3.049
-2.032,3.18
3.053,2.962
0.313,3.205
-1.076,3.04
-1.284,3.048
2.254,1.742
2.353,-1.11
2.188,2.711
0.983,1.001
0.889,2.717
-0.544,0.31
2.728,-1.216
-0.484,-1.284
1.262,3.18
-1.719,0.621
-1.868,-1.111
-1.837,1.758
-2.397,0.61
-2.581,2.519
-2.594,1.414
-2.654,1.379
-2.725,1.874
-2.834,0.485
-2.928,0.259
-2.808,-0.357
-2.985,-1.022
2.693,0.205
2.612,2.645
2.416,0.272
2.33,2.745
2.127,0.985
1.985,-1.043
2.127,-0.426
2.093,-0.182
2.056,2.565
1.856,2.237
1.893,0.849
1.684,0.377
1.618,0.543
1.34,1.765
1.333,1.636
1.248,-0.23
1.208,0.564
0.7,2.601
0.643,-1.038
0.497,0.801
0.561,1.094
0.424,0.807
0.533,-0.262
0.232,-0.184
0.048,-0.743
0.157,1.268
-0.017,1.737
-0.146,0.79
-0.041,1.344
-0.177,0.965
-0.09,0.908
-0.223,1.306
-0.32,-0.826
-0.245,0.273
-0.327,1.093
-0.472,0.521
-0.411,-0.54
-0.429,2.195
-0.628,1.336
-0.901,-0.738
-1.126,-0.564
-1.247,-0.994
-1.189,1.945
-1.218,-0.433
-1.255,0.296
-1.375,2.137
-1.271,1.922
-1.431,-0.553
-1.325,0.527
-1.895,-1.143
-2.026,-1.219
-2.545,-1.309
-0.128,-1.224
-0.734,-1.167
3.024,3.153
3.117,3.197
2.191,2.917
1.695,3.174
1.626,2.987
1.072,2.938
0.85,3.315
-0.382,3.245
-1.259,3.137
-1.798,0.379
0.532,-0.593
0.572,2.532
-1.476,2.503
-2.528,-0.753
-2.7,0.889
2.756,0.177
-0.314,0.876
-1.051,2.145
-1.173,1.99
-1.176,2.143
-2.681,0.727
-2.844,2.817
2.072,2.802
0.291,3.152
0.18,2.86
-1.171,-1.004
-0.042,-0.602
-0.106,-0.632
-0.313,-2.04
-0.295,-0.286
-0.311,-2.032
-0.441,-0.719
-0.637,-1.782
-0.623,-0.671
-0.617,-1.088
-0.685,-0.217
-0.663,-1.887
-0.777,-0.325
-0.813,-2.545
-1.153,-2.791
-1.226,-1.159
-1.463,-0.731
-1.519,0.861
-1.507,-0.219
-1.581,-1.541
-1.599,-1.184
-1.635,-2.506
-1.626,-3.064
-2.183,-2.889
-2.375,-3.091
-2.677,-2.941
2.943,-2.953
2.459,-3.112
1.746,-3.141
0.855,-2.924
-0.454,-2.784
-0.455,-3.132
-0.482,-3.073
-2.028,1.254
-1.991,1.385
3.094,1.167
0.354,1.41
-1.035,1.245
-1.243,1.253
2.295,-0.053
2.394,-2.905
2.229,0.916
1.024,-0.794
0.93,0.922
-0.503,-1.485
2.769,-3.011
-0.443,-3.079
1.303,1.385
-1.678,-1.174
-1.827,-2.906
-1.796,-0.037
-2.356,-1.185
-2.54,0.724
-2.553,-0.381
-2.613,-0.416
-2.684,0.079
-2.793,-1.31
-2.887,-1.536
-2.767,-2.152
-2.944,-2.817
2.734,-1.59
2.653,0.85
2.457,-1.523
2.371,0.95
2.168,-0.81
2.026,-2.838
2.168,-2.221
2.134,-1.977
2.097,0.77
1.897,0.442
1.934,-0.946
1.725,-1.418
1.659,-1.252
1.381,-0.03
1.374,-0.159
1.289,-2.025
1.249,-1.231
0.741,0.806
0.684,-2.833
0.538,-0.994
0.602,-0.701
0.465,-0.988
0.574,-2.057
0.273,-1.979
0.089,-2.538
0.198,-0.527
0.024,-0.058
-0.105,-1.005
0.0,-0.451
-0.136,-0.83
-0.049,-0.887
-0.182,-0.489
-0.279,-2.621
-0.204,-1.522
-0.286,-0.702
-0.431,-1.274
-0.37,-2.335
-0.388,0.4
-0.587,-0.459
-0.86,-2.533
-1.085,-2.359
-1.206,-2.789
-1.148,0.15
-1.177,-2.228
-1.214,-1.499
-1.334,0.342
-1.23,0.127
-1.39,-2.348
-1.284,-1.268
-1.854,-2.938
-1.985,-3.014
-2.504,-3.104
-0.087,-3.019
-0.693,-2.962
3.065,1.358
-3.125,1.402
2.232,1.122
1.736,1.379
1.667,1.192
1.113,1.143
0.891,1.52
-0.341,1.45
-1.218,1.342
-1.757,-1.416
0.573,-2.388
0.613,0.737
-1.435,0.708
-2.487,-2.548
-2.659,-0.906
2.797,-1.618
-0.273,-0.919
-1.01,0.35
-1.132,0.195
-1.135,0.348
-2.64,-1.068
-2.803,1.022
2.113,1.007
0.332,1.357
0.221,1.065
-1.13,-2.799
-0.064,-0.03
-0.271,-1.438
-0.253,0.316
-0.269,-1.43
-0.399,-0.117
-0.595,-1.18
-0.581,-0.069
-0.575,-0.486
-0.643,0.385
-0.621,-1.285
-0.735,0.277
-0.771,-1.943
-1.111,-2.189
-1.184,-0.557
-1.421,-0.129
-1.477,1.463
-1.465,0.383
-1.539,-0.939
-1.557,-0.582
-1.593,-1.904
-1.584,-2.462
-2.141,-2.287
-2.333,-2.489
-2.635,-2.339
2.985,-2.351
2.501,-2.51
1.788,-2.539
0.897,-2.322
-0.412,-2.182
-0.413,-2.53
-0.44,-2.471
-1.986,1.856
-1.949,1.987
3.136,1.769
0.396,2.012
-0.993,1.847
-1.201,1.855
2.337,0.549
2.436,-2.303
2.271,1.518
1.066,-0.192
0.972,1.524
-0.461,-0.883
2.811,-2.409
-0.401,-2.477
1.345,1.987
-1.636,-0.572
-1.785,-2.304
-1.754,0.565
-2.314,-0.583
-2.498,1.326
-2.511,0.221
-2.571,0.186
-2.642,0.681
-2.751,-0.708
-2.845,-0.934
-2.725,-1.55
-2.902,-2.215
2.776,-0.988
2.695,1.452
2.499,-0.921
2.413,1.552
2.21,-0.208
2.068,-2.236
2.21,-1.619
2.176,-1.375
2.139,1.372
1.939,1.044
1.976,-0.344
1.767,-0.816
1.701,-0.65
1.423,0.572
1.416,0.443
1.331,-1.423
1.291,-0.629
0.783,1.408
0.726,-2.231
0.58,-0.392
0.644,-0.099
0.507,-0.386
0.616,-1.455
0.315,-1.377
0.131,-1.936
0.24,0.075
0.066,0.544
-0.063,-0.403
0.042,0.151
-0.094,-0.228
-0.007,-0.285
-0.14,0.113
-0.237,-2.019
-0.162,-0.92
-0.244,-0.1
-0.389,-0.672
-0.328,-1.733
-0.346,1.002
-0.545,0.143
-0.818,-1.931
-1.043,-1.757
-1.164,-2.187
-1.106,0.752
-1.135,-1.626
-1.172,-0.897
-1.292,0.944
-1.188,0.729
-1.348,-1.746
-1.242,-0.666
-1.812,-2.336
-1.943,-2.412
-2.462,-2.502
-0.045,-2.417
-0.651,-2.36
3.107,1.96
-3.083,2.004
2.274,1.724
1.778,1.981
1.709,1.794
1.155,1.745
0.933,2.122
-0.299,2.052
-1.176,1.944
-1.715,-0.814
0.615,-1.786
0.655,1.339
-1.393,1.31
-2.445,-1.946
-2.617,-0.304
2.839,-1.016
-0.231,-0.317
-0.968,0.952
-1.09,0.797
-1.093,0.95
-2.598,-0.466
-2.761,1.624
2.155,1.609
0.374,1.959
0.263,1.667
-1.088,-2.197
-0.207,-1.408
-0.189,0.346
-0.205,-1.4
-0.335,-0.087
-0.531,-1.15
-0.517,-0.039
-0.511,-0.456
-0.579,0.415
-0.557,-1.255
-0.671,0.307
-0.707,-1.913
-1.047,-2.159
-1.12,-0.527
-1.357,-0.099
-1.413,1.493
-1.401,0.413
-1.475,-0.909
-1.493,-0.552
-1.529,-1.874
-1.52,-2.432
-2.077,-2.257
-2.269,-2.459
-2.571,-2.309
3.049,-2.321
2.565,-2.48
1.852,-2.509
0.961,-2.292
-0.348,-2.152
-0.349,-2.5
-0.376,-2.441
-1.922,1.886
-1.885,2.017
-3.083,1.799
0.46,2.042
-0.929,1.877
-1.137,1.885
2.401,0.579
2.5,-2.273
2.335,1.548
1.13,-0.162
1.036,1.554
-0.397,-0.853
2.875,-2.379
-0.337,-2.447
1.409,2.017
-1.572,-0.542
-1.721,-2.274
-1.69,0.595
-2.25,-0.553
-2.434,1.356
-2.447,0.251
-2.507,0.216
-2.578,0.711
-2.687,-0.678
-2.781,-0.904
-2.661,-1.52
-2.838,-2.185
2.84,-0.958
2.759,1.482
2.563,-0.891
2.477,1.582
2.274,-0.178
2.132,-2.206
2.274,-1.589
2.24,-1.345
2.203,1.402
2.003,1.074
2.04,-0.314
1.831,-0.786
1.765,-0.62
1.487,0.602
1.48,0.473
1.395,-1.393
1.355,-0.599
0.847,1.438
0.79,-2.201
0.644,-0.362
0.708,-0.069
0.571,-0.356
0.68,-1.425
0.379,-1.347
0.195,-1.906
0.304,0.105
0.13,0.574
0.001,-0.373
0.106,0.181
-0.03,-0.198
0.057,-0.255
-0.076,0.143
-0.173,-1.989
-0.098,-0.89
-0.18,-0.07
-0.325,-0.642
-0.264,-1.703
-0.282,1.032
-0.481,0.173
-0.754,-1.901
-0.979,-1.727
-1.1,-2.157
-1.042,0.782
-1.071,-1.596
-1.108,-0.867
-1.228,0.974
-1.124,0.759
-1.284,-1.716
-1.178,-0.636
-1.748,-2.306
-1.879,-2.382
-2.398,-2.472
0.019,-2.387
-0.587,-2.33
-3.112,1.99
-3.019,2.034
2.338,1.754
1.842,2.011
1.773,1.824
1.219,1.775
0.997,2.152
-0.235,2.082
-1.112,1.974
-1.651,-0.784
0.679,-1.756
0.719,1.369
-1.329,1.34
-2.381,-1.916
-2.553,-0.274
2.903,-0.986
-0.167,-0.287
-0.904,0.982
-1.026,0.827
-1.029,0.98
-2.534,-0.436
-2.697,1.654
2.219,1.639
0.438,1.989
0.327,1.697
-1.024,-2.167
0.018,1.754
0.002,0.008
-0.128,1.321
-0.324,0.258
-0.31,1.369
-0.304,0.952
-0.372,1.823
-0.35,0.153
-0.464,1.715
-0.5,-0.505
-0.84,-0.751
-0.913,0.881
-1.15,1.309
-1.206,2.901
-1.194,1.821
-1.268,0.499
-1.286,0.856
-1.322,-0.466
-1.313,-1.024
-1.87,-0.849
-2.062,-1.051
-2.364,-0.901
-3.027,-0.913
2.772,-1.072
2.059,-1.101
1.168,-0.884
-0.141,-0.744
-0.142,-1.092
-0.169,-1.033
-1.715,3.294
-1.678,3.425
-2.876,3.207
0.667,3.45
-0.722,3.285
-0.93,3.293
2.608,1.987
2.707,-0.865
2.542,2.956
1.337,1.246
1.243,2.962
-0.19,0.555
3.082,-0.971
-0.13,-1.039
1.616,3.425
-1.365,0.866
-1.514,-0.866
-1.483,2.003
-2.043,0.855
-2.227,2.764
-2.24,1.659
-2.3,1.624
-2.371,2.119
-2.48,0.73
-2.574,0.504
-2.454,-0.112
-2.631,-0.777
3.047,0.45
2.966,2.89
2.77,0.517
2.684,2.99
2.481,1.23
2.339,-0.798
2.481,-0.181
2.447,0.063
2.41,2.81
2.21,2.482
2.247,1.094
2.038,0.622
1.972,0.788
1.694,2.01
1.687,1.881
1.602,0.015
1.562,0.809
1.054,2.846
0.997,-0.793
0.851,1.046
0.915,1.339
0.778,1.052
0.887,-0.017
0.586,0.061
0.402,-0.498
0.511,1.513
0.337,1.982
0.208,1.035
0.313,1.589
0.177,1.21
0.264,1.153
0.131,1.551
0.034,-0.581
0.109,0.518
0.027,1.338
-0.118,0.766
-0.057,-0.295
-0.075,2.44
-0.274,1.581
-0.547,-0.493
-0.772,-0.319
-0.893,-0.749
-0.835,2.19
-0.864,-0.188
-0.901,0.541
-1.021,2.382
-0.917,2.167
-1.077,-0.308
-0.971,0.772
-1.541,-0.898
-1.672,-0.974
-2.191,-1.064
0.226,-0.979
-0.38,-0.922
-2.905,3.398
-2.812,3.442
2.545,3.162
2.049,3.419
1.98,3.232
1.426,3.183
1.204,3.56
-0.028,3.49
-0.905,3.382
-1.444,0.624
0.886,-0.348
0.926,2.777
-1.122,2.748
-2.174,-0.508
-2.346,1.134
3.11,0.422
0.04,1.121
-0.697,2.39
-0.819,2.235
-0.822,2.388
-2.327,0.972
-2.49,3.062
2.426,3.047
0.645,3.397
0.534,3.105
-0.817,-0.759
-0.016,-1.746
-0.146,-0.433
-0.342,-1.496
-0.328,-0.385
-0.322,-0.802
-0.39,0.069
-0.368,-1.601
-0.482,-0.039
-0.518,-2.259
-0.858,-2.505
-0.931,-0.873
-1.168,-0.445
-1.224,1.147
-1.212,0.067
-1.286,-1.255
-1.304,-0.898
-1.34,-2.22
-1.331,-2.778
-1.888,-2.603
-2.08,-2.805
-2.382,-2.655
-3.045,-2.667
2.754,-2.826
2.041,-2.855
1.15,-2.638
-0.159,-2.498
-0.16,-2.846
-0.187,-2.787
-1.733,1.54
-1.696,1.671
-2.894,1.453
0.649,1.696
-0.74,1.531
-0.948,1.539
2.59,0.233
2.689,-2.619
2.524,1.202
1.319,-0.508
1.225,1.208
-0.208,-1.199
3.064,-2.725
-0.148,-2.793
1.598,1.671
-1.383,-0.888
-1.532,-2.62
-1.501,0.249
-2.061,-0.899
-2.245,1.01
-2.258,-0.095
-2.318,-0.13
-2.389,0.365
-2.498,-1.024
-2.592,-1.25
-2.472,-1.866
-2.649,-2.531
3.029,-1.304
2.948,1.136
2.752,-1.237
2.666,1.236
2.463,-0.524
2.321,-2.552
2.463,-1.935
2.429,-1.691
2.392,1.056
2.192,0.728
2.229,-0.66
2.02,-1.132
1.954,-0.966
1.676,0.256
1.669,0.127
1.584,-1.739
1.544,-0.945
1.036,1.092
0.979,-2.547
0.833,-0.708
0.897,-0.415
0.76,-0.702
0.869,-1.771
0.568,-1.693
0.384,-2.252
0.493,-0.241
0.319,0.228
0.19,-0.719
0.295,-0.165
0.159,-0.544
0.246,-0.601
0.113,-0.203
0.016,-2.335
0.091,-1.236
0.009,-0.416
-0.136,-0.988
-0.075,-2.049
-0.093,0.686
-0.292,-0.173
-0.565,-2.247
-0.79,-2.073
-0.911,-2.503
-0.853,0.436
-0.882,-1.942
-0.919,-1.213
-1.039,0.628
-0.935,0.413
-1.095,-2.062
-0.989,-0.982
-1.559,-2.652
-1.69,-2.728
-2.209,-2.818
0.208,-2.733
-0.398,-2.676
-2.923,1.644
-2.83,1.688
2.527,1.408
2.031,1.665
1.962,1.478
1.408,1.429
1.186,1.806
-0.046,1.736
-0.923,1.628
-1.462,-1.13
0.868,-2.102
0.908,1.023
-1.14,0.994
-2.192,-2.262
-2.364,-0.62
3.092,-1.332
0.022,-0.633
-0.715,0.636
-0.837,0.481
-0.84,0.634
-2.345,-0.782
-2.508,1.308
2.408,1.293
0.627,1.643
0.516,1.351
-0.835,-2.513
-0.13,1.313
-0.326,0.25
-0.312,1.361
-0.306,0.944
-0.374,1.815
-0.352,0.145
-0.466,1.707
-0.502,-0.513
-0.842,-0.759
-0.915,0.873
-1.152,1.301
-1.208,2.893
-1.196,1.813
-1.27,0.491
-1.288,0.848
-1.324,-0.474
-1.315,-1.032
-1.872,-0.857
-2.064,-1.059
-2.366,-0.909
-3.029,-0.921
2.77,-1.08
2.057,-1.109
1.166,-0.892
-0.143,-0.752
-0.144,-1.1
-0.171,-1.041
-1.717,3.286
-1.68,3.417
-2.878,3.199
0.665,3.442
-0.724,3.277
-0.932,3.285
2.606,1.979
2.705,-0.873
2.54,2.948
1.335,1.238
1.241,2.954
-0.192,0.547
3.08,-0.979
-0.132,-1.047
1.614,3.417
-1.367,0.858
-1.516,-0.874
-1.485,1.995
-2.045,0.847
-2.229,2.756
-2.242,1.651
-2.302,1.616
-2.373,2.111
-2.482,0.722
-2.576,0.496
-2.456,-0.12
-2.633,-0.785
3.045,0.442
2.964,2.882
2.768,0.509
2.682,2.982
2.479,1.222
2.337,-0.806
2.479,-0.189
2.445,0.055
2.408,2.802
2.208,2.474
2.245,1.086
2.036,0.614
1.97,0.78
1.692,2.002
1.685,1.873
1.6,0.007
1.56,0.801
1.052,2.838
0.995,-0.801
0.849,1.038
0.913,1.331
0.776,1.044
0.885,-0.025
0.584,0.053
0.4,-0.506
0.509,1.505
0.335,1.974
0.206,1.027
0.311,1.581
0.175,1.202
0.262,1.145
0.129,1.543
0.032,-0.589
0.107,0.51
0.025,1.33
-0.12,0.758
-0.059,-0.303
-0.077,2.432
-0.276,1.573
-0.549,-0.501
-0.774,-0.327
-0.895,-0.757
-0.837,2.182
-0.866,-0.196
-0.903,0.533
-1.023,2.374
-0.919,2.159
-1.079,-0.316
-0.973,0.764
-1.543,-0.906
-1.674,-0.982
-2.193,-1.072
0.224,-0.987
-0.382,-0.93
-2.907,3.39
-2.814,3.434
2.543,3.154
2.047,3.411
1.978,3.224
1.424,3.175
1.202,3.552
-0.03,3.482
-0.907,3.374
-1.446,0.616
0.884,-0.356
0.924,2.769
-1.124,2.74
-2.176,-0.516
-2.348,1.126
3.108,0.414
0.038,1.113
-0.699,2.382
-0.821,2.227
-0.824,2.38
-2.329,0.964
-2.492,3.054
2.424,3.039
0.643,3.389
0.532,3.097
-0.819,-0.767
-0.196,-1.063
-0.182,0.048
-0.176,-0.369
-0.244,0.502
-0.222,-1.168
-0.336,0.394
-0.372,-1.826
-0.712,-2.072
-0.785,-0.44
-1.022,-0.012
-1.078,1.58
-1.066,0.5
-1.14,-0.822
-1.158,-0.465
-1.194,-1.787
-1.185,-2.345
-1.742,-2.17
-1.934,-2.372
-2.236,-2.222
-2.899,-2.234
2.9,-2.393
2.187,-2.422
1.296,-2.205
-0.013,-2.065
-0.014,-2.413
-0.041,-2.354
-1.587,1.973
-1.55,2.104
-2.748,1.886
0.795,2.129
-0.594,1.964
-0.802,1.972
2.736,0.666
2.835,-2.186
2.67,1.635
1.465,-0.075
1.371,1.641
-0.062,-0.766
-3.073,-2.292
-0.002,-2.36
1.744,2.104
-1.237,-0.455
-1.386,-2.187
-1.355,0.682
-1.915,-0.466
-2.099,1.443
-2.112,0.338
-2.172,0.303
-2.243,0.798
-2.352,-0.591
-2.446,-0.817
-2.326,-1.433
-2.503,-2.098
-3.108,-0.871
3.094,1.569
2.898,-0.804
2.812,1.669
2.609,-0.091
2.467,-2.119
2.609,-1.502
2.575,-1.258
2.538,1.489
2.338,1.161
2.375,-0.227
2.166,-0.699
2.1,-0.533
1.822,0.689
1.815,0.56
1.73,-1.306
1.69,-0.512
1.182,1.525
1.125,-2.114
0.979,-0.275
1.043,0.018
0.906,-0.269
1.015,-1.338
0.714,-1.26
0.53,-1.819
0.639,0.192
0.465,0.661
0.336,-0.286
0.441,0.268
0.305,-0.111
0.392,-0.168
0.259,0.23
0.162,-1.902
0.237,-0.803
0.155,0.017
0.01,-0.555
0.071,-1.616
0.053,1.119
-0.146,0.26
-0.419,-1.814
-0.644,-1.64
-0.765,-2.07
-0.707,0.869
-0.736,-1.509
-0.773,-0.78
-0.893,1.061
-0.789,0.846
-0.949,-1.629
-0.843,-0.549
-1.413,-2.219
-1.544,-2.295
-2.063,-2.385
0.354,-2.3
-0.252,-2.243
-2.777,2.077
-2.684,2.121
2.673,1.841
2.177,2.098
2.108,1.911
1.554,1.862
1.332,2.239
0.1,2.169
-0.777,2.061
-1.316,-0.697
1.014,-1.669
1.054,1.456
-0.994,1.427
-2.046,-1.829
-2.218,-0.187
-3.045,-0.899
0.168,-0.2
-0.569,1.069
-0.691,0.914
-0.694,1.067
-2.199,-0.349
-2.362,1.741
2.554,1.726
0.773,2.076
0.662,1.784
-0.689,-2.08
0.014,1.111
0.02,0.694
-0.048,1.565
-0.026,-0.105
-0.14,1.457
-0.176,-0.763
-0.516,-1.009
-0.589,0.623
-0.826,1.051
-0.882,2.643
-0.87,1.563
-0.944,0.241
-0.962,0.598
-0.998,-0.724
-0.989,-1.282
-1.546,-1.107
-1.738,-1.309
-2.04,-1.159
-2.703,-1.171
3.096,-1.33
2.383,-1.359
1.492,-1.142
0.183,-1.002
0.182,-1.35
0.155,-1.291
-1.391,3.036
-1.354,3.167
-2.552,2.949
0.991,3.192
-0.398,3.027
-0.606,3.035
2.932,1.729
3.031,-1.123
2.866,2.698
1.661,0.988
1.567,2.704
0.134,0.297
-2.877,-1.229
0.194,-1.297
1.94,3.167
-1.041,0.608
-1.19,-1.124
-1.159,1.745
-1.719,0.597
-1.903,2.506
-1.916,1.401
-1.976,1.366
-2.047,1.861
-2.156,0.472
-2.25,0.246
-2.13,-0.37
-2.307,-1.035
-2.912,0.192
-2.993,2.632
3.094,0.259
3.008,2.732
2.805,0.972
2.663,-1.056
2.805,-0.439
2.771,-0.195
2.734,2.552
2.534,2.224
2.571,0.836
2.362,0.364
2.296,0.53
2.018,1.752
2.011,1.623
1.926,-0.243
1.886,0.551
1.378,2.588
1.321,-1.051
1.175,0.788
1.239,1.081
1.102,0.794
1.211,-0.275
0.91,-0.197
0.726,-0.756
0.835,1.255
0.661,1.724
0.532,0.777
0.637,1.331
0.501,0.952
0.588,0.895
0.455,1.293
0.358,-0.839
0.433,0.26
0.351,1.08
0.206,0.508
0.267,-0.553
0.249,2.182
0.05,1.323
-0.223,-0.751
-0.448,-0.577
-0.569,-1.007
-0.511,1.932
-0.54,-0.446
-0.577,0.283
-0.697,2.124
-0.593,1.909
-0.753,-0.566
-0.647,0.514
-1.217,-1.156
-1.348,-1.232
-1.867,-1.322
0.55,-1.237
-0.056,-1.18
-2.581,3.14
-2.488,3.184
2.869,2.904
2.373,3.161
2.304,2.974
1.75,2.925
1.528,3.302
0.296,3.232
-0.581,3.124
-1.12,0.366
1.21,-0.606
1.25,2.519
-0.798,2.49
-1.85,-0.766
-2.022,0.876
-2.849,0.164
0.364,0.863
-0.373,2.132
-0.495,1.977
-0.498,2.13
-2.003,0.714
-2.166,2.804
2.75,2.789
0.969,3.139
0.858,2.847
-0.493,-1.017
0.006,-0.417
-0.062,0.454
-0.04,-1.216
-0.154,0.346
-0.19,-1.874
-0.53,-2.12
-0.603,-0.488
-0.84,-0.06
-0.896,1.532
-0.884,0.452
-0.958,-0.87
-0.976,-0.513
-1.012,-1.835
-1.003,-2.393
-1.56,-2.218
-1.752,-2.42
-2.054,-2.27
-2.717,-2.282
3.082,-2.441
2.369,-2.47
1.478,-2.253
0.169,-2.113
0.168,-2.461
0.141,-2.402
-1.405,1.925
-1.368,2.056
-2.566,1.838
0.977,2.081
-0.412,1.916
-0.62,1.924
2.918,0.618
3.017,-2.234
2.852,1.587
1.647,-0.123
1.553,1.593
0.12,-0.814
-2.891,-2.34
0.18,-2.408
1.926,2.056
-1.055,-0.503
-1.204,-2.235
-1.173,0.634
-1.733,-0.514
-1.917,1.395
-1.93,0.29
-1.99,0.255
-2.061,0.75
-2.17,-0.639
-2.264,-0.865
-2.144,-1.481
-2.321,-2.146
-2.926,-0.919
-3.007,1.521
3.08,-0.852
2.994,1.621
2.791,-0.139
2.649,-2.167
2.791,-1.55
2.757,-1.306
2.72,1.441
2.52,1.113
2.557,-0.275
2.348,-0.747
2.282,-0.581
2.004,0.641
1.997,0.512
1.912,-1.354
1.872,-0.56
1.364,1.477
1.307,-2.162
1.161,-0.323
1.225,-0.03
1.088,-0.317
1.197,-1.386
0.896,-1.308
0.712,-1.867
0.821,0.144
0.647,0.613
0.518,-0.334
0.623,0.22
0.487,-0.159
0.574,-0.216
0.441,0.182
0.344,-1.95
0.419,-0.851
0.337,-0.031
0.192,-0.603
0.253,-1.664
0.235,1.071
0.036,0.212
-0.237,-1.862
-0.462,-1.688
-0.583,-2.118
-0.525,0.821
-0.554,-1.557
-0.591,-0.828
-0.711,1.013
-0.607,0.798
-0.767,-1.677
-0.661,-0.597
-1.231,-2.267
-1.362,-2.343
-1.881,-2.433
0.536,-2.348
-0.07,-2.291
-2.595,2.029
-2.502,2.073
2.855,1.793
2.359,2.05
2.29,1.863
1.736,1.814
1.514,2.191
0.282,2.121
-0.595,2.013
-1.134,-0.745
1.196,-1.717
1.236,1.408
-0.812,1.379
-1.864,-1.877
-2.036,-0.235
-2.863,-0.947
0.35,-0.248
-0.387,1.021
-0.509,0.866
-0.512,1.019
-2.017,-0.397
-2.18,1.693
2.736,1.678
0.955,2.028
0.844,1.736
-0.507,-2.128
-0.068,0.871
-0.046,-0.799
-0.16,0.763
-0.196,-1.457
-0.536,-1.703
-0.609,-0.071
-0.846,0.357
-0.902,1.949
-0.89,0.869
-0.964,-0.453
-0.982,-0.096
-1.018,-1.418
-1.009,-1.976
-1.566,-1.801
-1.758,-2.003
-2.06,-1.853
-2.723,-1.865
3.076,-2.024
2.363,-2.053
1.472,-1.836
0.163,-1.696
0.162,-2.044
0.135,-1.985
-1.411,2.342
-1.374,2.473
-2.572,2.255
0.971,2.498
-0.418,2.333
-0.626,2.341
2.912,1.035
3.011,-1.817
2.846,2.004
1.641,0.294
1.547,2.01
0.114,-0.397
-2.897,-1.923
0.174,-1.991
1.92,2.473
-1.061,-0.086
-1.21,-1.818
-1.179,1.051
-1.739,-0.097
-1.923,1.812
-1.936,0.707
-1.996,0.672
-2.067,1.167
-2.176,-0.222
-2.27,-0.448
-2.15,-1.064
-2.327,-1.729
-2.932,-0.502
-3.013,1.938
3.074,-0.435
2.988,2.038
2.785,0.278
2.643,-1.75
2.785,-1.133
2.751,-0.889
2.714,1.858
2.514,1.53
2.551,0.142
2.342,-0.33
2.276,-0.164
1.998,1.058
1.991,0.929
1.906,-0.937
1.866,-0.143
1.358,1.894
1.301,-1.745
1.155,0.094
1.219,0.387
1.082,0.1
1.191,-0.969
0.89,-0.891
0.706,-1.45
0.815,0.561
0.641,1.03
0.512,0.083
0.617,0.637
0.481,0.258
0.568,0.201
0.435,0.599
0.338,-1.533
0.413,-0.434
0.331,0.386
0.186,-0.186
0.247,-1.247
0.229,1.488
0.03,0.629
-0.243,-1.445
-0.468,-1.271
-0.589,-1.701
-0.531,1.238
-0.56,-1.14
-0.597,-0.411
-0.717,1.43
-0.613,1.215
-0.773,-1.26
-0.667,-0.18
-1.237,-1.85
-1.368,-1.926
-1.887,-2.016
0.53,-1.931
-0.076,-1.874
-2.601,2.446
-2.508,2.49
2.849,2.21
2.353,2.467
2.284,2.28
1.73,2.231
1.508,2.608
0.276,2.538
-0.601,2.43
-1.14,-0.328
1.19,-1.3
1.23,1.825
-0.818,1.796
-1.87,-1.46
-2.042,0.182
-2.869,-0.53
0.344,0.169
-0.393,1.438
-0.515,1.283
-0.518,1.436
-2.023,0.02
-2.186,2.11
2.73,2.095
0.949,2.445
0.838,2.153
-0.513,-1.711
0.022,-1.67
-0.092,-0.108
-0.128,-2.328
-0.468,-2.574
-0.541,-0.942
-0.778,-0.514
-0.834,1.078
-0.822,-0.002
-0.896,-1.324
-0.914,-0.967
-0.95,-2.289
-0.941,-2.847
-1.498,-2.672
-1.69,-2.874
-1.992,-2.724
-2.655,-2.736
-3.139,-2.895
2.431,-2.924
1.54,-2.707
0.231,-2.567
0.23,-2.915
0.203,-2.856
-1.343,1.471
-1.306,1.602
-2.504,1.384
1.039,1.627
-0.35,1.462
-0.558,1.47
2.98,0.164
3.079,-2.688
2.914,1.133
1.709,-0.577
1.615,1.139
0.182,-1.268
-2.829,-2.794
0.242,-2.862
1.988,1.602
-0.993,-0.957
-1.142,-2.689
-1.111,0.18
-1.671,-0.968
-1.855,0.941
-1.868,-0.164
-1.928,-0.199
-1.999,0.296
-2.108,-1.093
-2.202,-1.319
-2.082,-1.935
-2.259,-2.6
-2.864,-1.373
-2.945,1.067
-3.141,-1.306
3.056,1.167
2.853,-0.593
2.711,-2.621
2.853,-2.004
2.819,-1.76
2.782,0.987
2.582,0.659
2.619,-0.729
2.41,-1.201
2.344,-1.035
2.066,0.187
2.059,0.058
1.974,-1.808
1.934,-1.014
1.426,1.023
1.369,-2.616
1.223,-0.777
1.287,-0.484
1.15,-0.771
1.259,-1.84
0.958,-1.762
0.774,-2.321
0.883,-0.31
0.709,0.159
0.58,-0.788
0.685,-0.234
0.549,-0.613
0.636,-0.67
0.503,-0.272
0.406,-2.404
0.481,-1.305
0.399,-0.485
0.254,-1.057
0.315,-2.118
0.297,0.617
0.098,-0.242
-0.175,-2.316
-0.4,-2.142
-0.521,-2.572
-0.463,0.367
-0.492,-2.011
-0.529,-1.282
-0.649,0.559
-0.545,0.344
-0.705,-2.131
-0.599,-1.051
-1.169,-2.721
-1.3,-2.797
-1.819,-2.887
0.598,-2.802
-0.008,-2.745
-2.533,1.575
-2.44,1.619
2.917,1.339
2.421,1.596
2.352,1.409
1.798,1.36
1.576,1.737
0.344,1.667
-0.533,1.559
-1.072,-1.199
1.258,-2.171
1.298,0.954
-0.75,0.925
-1.802,-2.331
-1.974,-0.689
-2.801,-1.401
0.412,-0.702
-0.325,0.567
-0.447,0.412
-0.45,0.565
-1.955,-0.851
-2.118,1.239
2.798,1.224
1.017,1.574
0.906,1.282
-0.445,-2.582
-0.114,1.562
-0.15,-0.658
-0.49,-0.904
-0.563,0.728
-0.8,1.156
-0.856,2.748
-0.844,1.668
-0.918,0.346
-0.936,0.703
-0.972,-0.619
-0.963,-1.177
-1.52,-1.002
-1.712,-1.204
-2.014,-1.054
-2.677,-1.066
3.122,-1.225
2.409,-1.254
1.518,-1.037
0.209,-0.897
0.208,-1.245
0.181,-1.186
-1.365,3.141
-1.328,3.272
-2.526,3.054
1.017,3.297
-0.372,3.132
-0.58,3.14
2.958,1.834
3.057,-1.018
2.892,2.803
1.687,1.093
1.593,2.809
0.16,0.402
-2.851,-1.124
0.22,-1.192
1.966,3.272
-1.015,0.713
-1.164,-1.019
-1.133,1.85
-1.693,0.702
-1.877,2.611
-1.89,1.506
-1.95,1.471
-2.021,1.966
-2.13,0.577
-2.224,0.351
-2.104,-0.265
-2.281,-0.93
-2.886,0.297
-2.967,2.737
3.12,0.364
3.034,2.837
2.831,1.077
2.689,-0.951
2.831,-0.334
2.797,-0.09
2.76,2.657
2.56,2.329
2.597,0.941
2.388,0.469
2.322,0.635
2.044,1.857
2.037,1.728
1.952,-0.138
1.912,0.656
1.404,2.693
1.347,-0.946
1.201,0.893
1.265,1.186
1.128,0.899
1.237,-0.17
0.936,-0.092
0.752,-0.651
0.861,1.36
0.687,1.829
0.558,0.882
0.663,1.436
0.527,1.057
0.614,1.0
0.481,1.398
0.384,-0.734
0.459,0.365
0.377,1.185
0.232,0.613
0.293,-0.448
0.275,2.287
0.076,1.428
-0.197,-0.646
-0.422,-0.472
-0.543,-0.902
-0.485,2.037
-0.514,-0.341
-0.551,0.388
-0.671,2.229
-0.567,2.014
-0.727,-0.461
-0.621,0.619
-1.191,-1.051
-1.322,-1.127
-1.841,-1.217
0.576,-1.132
-0.03,-1.075
-2.555,3.245
-2.462,3.289
2.895,3.009
2.399,3.266
2.33,3.079
1.776,3.03
1.554,3.407
0.322,3.337
-0.555,3.229
-1.094,0.471
1.236,-0.501
1.276,2.624
-0.772,2.595
-1.824,-0.661
-1.996,0.981
-2.823,0.269
0.39,0.968
-0.347,2.237
-0.469,2.082
-0.472,2.235
-1.977,0.819
-2.14,2.909
2.776,2.894
0.995,3.244
0.884,2.952
-0.467,-0.912
-0.036,-2.22
-0.376,-2.466
-0.449,-0.834
-0.686,-0.406
-0.742,1.186
-0.73,0.106
-0.804,-1.216
-0.822,-0.859
-0.858,-2.181
-0.849,-2.739
-1.406,-2.564
-1.598,-2.766
-1.9,-2.616
-2.563,-2.628
-3.047,-2.787
2.523,-2.816
1.632,-2.599
0.323,-2.459
0.322,-2.807
0.295,-2.748
-1.251,1.579
-1.214,1.71
-2.412,1.492
1.131,1.735
-0.258,1.57
-0.466,1.578
3.072,0.272
-3.112,-2.58
3.006,1.241
1.801,-0.469
1.707,1.247
0.274,-1.16
-2.737,-2.686
0.334,-2.754
2.08,1.71
-0.901,-0.849
-1.05,-2.581
-1.019,0.288
-1.579,-0.86
-1.763,1.049
-1.776,-0.056
-1.836,-0.091
-1.907,0.404
-2.016,-0.985
-2.11,-1.211
-1.99,-1.827
-2.167,-2.492
-2.772,-1.265
-2.853,1.175
-3.049,-1.198
-3.135,1.275
2.945,-0.485
2.803,-2.513
2.945,-1.896
2.911,-1.652
2.874,1.095
2.674,0.767
2.711,-0.621
2.502,-1.093
2.436,-0.927
2.158,0.295
2.151,0.166
2.066,-1.7
2.026,-0.906
1.518,1.131
1.461,-2.508
1.315,-0.669
1.379,-0.376
1.242,-0.663
1.351,-1.732
1.05,-1.654
0.866,-2.213
0.975,-0.202
0.801,0.267
0.672,-0.68
0.777,-0.126
0.641,-0.505
0.728,-0.562
0.595,-0.164
0.498,-2.296
0.573,-1.197
0.491,-0.377
0.346,-0.949
0.407,-2.01
0.389,0.725
0.19,-0.134
-0.083,-2.208
-0.308,-2.034
-0.429,-2.464
-0.371,0.475
-0.4,-1.903
-0.437,-1.174
-0.557,0.667
-0.453,0.452
-0.613,-2.023
-0.507,-0.943
-1.077,-2.613
-1.208,-2.689
-1.727,-2.779
0.69,-2.694
0.084,-2.637
-2.441,1.683
-2.348,1.727
3.009,1.447
2.513,1.704
2.444,1.517
1.89,1.468
1.668,1.845
0.436,1.775
-0.441,1.667
-0.98,-1.091
1.35,-2.063
1.39,1.062
-0.658,1.033
-1.71,-2.223
-1.882,-0.581
-2.709,-1.293
0.504,-0.594
-0.233,0.675
-0.355,0.52
-0.358,0.673
-1.863,-0.743
-2.026,1.347
2.89,1.332
1.109,1.682
0.998,1.39
-0.353,-2.474
-0.34,-0.246
-0.413,1.386
-0.65,1.814
-0.706,3.406
-0.694,2.326
-0.768,1.004
-0.786,1.361
-0.822,0.039
-0.813,-0.519
-1.37,-0.344
-1.562,-0.546
-1.864,-0.396
-2.527,-0.408
-3.011,-0.567
2.559,-0.596
1.668,-0.379
0.359,-0.239
0.358,-0.587
0.331,-0.528
-1.215,3.799
-1.178,3.93
-2.376,3.712
1.167,3.955
-0.222,3.79
-0.43,3.798
3.108,2.492
-3.076,-0.36
3.042,3.461
1.837,1.751
1.743,3.467
0.31,1.06
-2.701,-0.466
0.37,-0.534
2.116,3.93
-0.865,1.371
-1.014,-0.361
-0.983,2.508
-1.543,1.36
-1.727,3.269
-1.74,2.164
-1.8,2.129
-1.871,2.624
-1.98,1.235
-2.074,1.009
-1.954,0.393
-2.131,-0.272
-2.736,0.955
-2.817,3.395
-3.013,1.022
-3.099,3.495
2.981,1.735
2.839,-0.293
2.981,0.324
2.947,0.568
2.91,3.315
2.71,2.987
2.747,1.599
2.538,1.127
2.472,1.293
2.194,2.515
2.187,2.386
2.102,0.52
2.062,1.314
1.554,3.351
1.497,-0.288
1.351,1.551
1.415,1.844
1.278,1.557
1.387,0.488
1.086,0.566
0.902,0.007
1.011,2.018
0.837,2.487
0.708,1.54
0.813,2.094
0.677,1.715
0.764,1.658
0.631,2.056
0.534,-0.076
0.609,1.023
0.527,1.843
0.382,1.271
0.443,0.21
0.425,2.945
0.226,2.086
-0.047,0.012
-0.272,0.186
-0.393,-0.244
-0.335,2.695
-0.364,0.317
-0.401,1.046
-0.521,2.887
-0.417,2.672
-0.577,0.197
-0.471,1.277
-1.041,-0.393
-1.172,-0.469
-1.691,-0.559
0.726,-0.474
0.12,-0.417
-2.405,3.903
-2.312,3.947
3.045,3.667
2.549,3.924
2.48,3.737
1.926,3.688
1.704,4.065
0.472,3.995
-0.405,3.887
-0.944,1.129
1.386,0.157
1.426,3.282
-0.622,3.253
-1.674,-0.003
-1.846,1.639
-2.673,0.927
0.54,1.626
-0.197,2.895
-0.319,2.74
-0.322,2.893
-1.827,1.477
-1.99,3.567
2.926,3.552
1.145,3.902
1.034,3.61
-0.317,-0.254
-0.073,1.632
-0.31,2.06
-0.366,3.652
-0.354,2.572
-0.428,1.25
-0.446,1.607
-0.482,0.285
-0.473,-0.273
-1.03,-0.098
-1.222,-0.3
-1.524,-0.15
-2.187,-0.162
-2.671,-0.321
2.899,-0.35
2.008,-0.133
0.699,0.007
0.698,-0.341
0.671,-0.282
-0.875,4.045
-0.838,4.176
-2.036,3.958
1.507,4.201
0.118,4.036
-0.09,4.044
-2.835,2.738
-2.736,-0.114
-2.901,3.707
2.177,1.997
2.083,3.713
0.65,1.306
-2.361,-0.22
0.71,-0.288
2.456,4.176
-0.525,1.617
-0.674,-0.115
-0.643,2.754
-1.203,1.606
-1.387,3.515
-1.4,2.41
-1.46,2.375
-1.531,2.87
-1.64,1.481
-1.734,1.255
-1.614,0.639
-1.791,-0.026
-2.396,1.201
-2.477,3.641
-2.673,1.268
-2.759,3.741
-2.962,1.981
-3.104,-0.047
-2.962,0.57
-2.996,0.814
-3.033,3.561
3.05,3.233
3.087,1.845
2.878,1.373
2.812,1.539
2.534,2.761
2.527,2.632
2.442,0.766
2.402,1.56
1.894,3.597
1.837,-0.042
1.691,1.797
1.755,2.09
1.618,1.803
1.727,0.734
1.426,0.812
1.242,0.253
1.351,2.264
1.177,2.733
1.048,1.786
1.153,2.34
1.017,1.961
1.104,1.904
0.971,2.302
0.874,0.17
0.949,1.269
0.867,2.089
0.722,1.517
0.783,0.456
0.765,3.191
0.566,2.332
0.293,0.258
0.068,0.432
-0.053,0.002
0.005,2.941
-0.024,0.563
-0.061,1.292
-0.181,3.133
-0.077,2.918
-0.237,0.443
-0.131,1.523
-0.701,-0.147
-0.832,-0.223
-1.351,-0.313
1.066,-0.228
0.46,-0.171
-2.065,4.149
-1.972,4.193
-2.898,3.913
2.889,4.17
2.82,3.983
2.266,3.934
2.044,4.311
0.812,4.241
-0.065,4.133
-0.604,1.375
1.726,0.403
1.766,3.528
-0.282,3.499
-1.334,0.243
-1.506,1.885
-2.333,1.173
0.88,1.872
0.143,3.141
0.021,2.986
0.018,3.139
-1.487,1.723
-1.65,3.813
-3.017,3.798
1.485,4.148
1.374,3.856
0.023,-0.008
-0.237,0.428
-0.293,2.02
-0.281,0.94
-0.355,-0.382
-0.373,-0.025
-0.409,-1.347
-0.4,-1.905
-0.957,-1.73
-1.149,-1.932
-1.451,-1.782
-2.114,-1.794
-2.598,-1.953
2.972,-1.982
2.081,-1.765
0.772,-1.625
0.771,-1.973
0.744,-1.914
-0.802,2.413
-0.765,2.544
-1.963,2.326
1.58,2.569
0.191,2.404
-0.017,2.412
-2.762,1.106
-2.663,-1.746
-2.828,2.075
2.25,0.365
2.156,2.081
0.723,-0.326
-2.288,-1.852
0.783,-1.92
2.529,2.544
-0.452,-0.015
-0.601,-1.747
-0.57,1.122
-1.13,-0.026
-1.314,1.883
-1.327,0.778
-1.387,0.743
-1.458,1.238
-1.567,-0.151
-1.661,-0.377
-1.541,-0.993
-1.718,-1.658
-2.323,-0.431
-2.404,2.009
-2.6,-0.364
-2.686,2.109
-2.889,0.349
-3.031,-1.679
-2.889,-1.062
-2.923,-0.818
-2.96,1.929
3.123,1.601
-3.123,0.213
2.951,-0.259
2.885,-0.093
2.607,1.129
2.6,1.0
2.515,-0.866
2.475,-0.072
1.967,1.965
1.91,-1.674
1.764,0.165
1.828,0.458
1.691,0.171
1.8,-0.898
1.499,-0.82
1.315,-1.379
1.424,0.632
1.25,1.101
1.121,0.154
1.226,0.708
1.09,0.329
1.177,0.272
1.044,0.67
0.947,-1.462
1.022,-0.363
0.94,0.457
0.795,-0.115
0.856,-1.176
0.838,1.559
0.639,0.7
0.366,-1.374
0.141,-1.2
0.02,-1.63
0.078,1.309
0.049,-1.069
0.012,-0.34
-0.108,1.501
-0.004,1.286
-0.164,-1.189
-0.058,-0.109
-0.628,-1.779
-0.759,-1.855
-1.278,-1.945
1.139,-1.86
0.533,-1.803
-1.992,2.517
-1.899,2.561
-2.825,2.281
2.962,2.538
2.893,2.351
2.339,2.302
2.117,2.679
0.885,2.609
0.008,2.501
-0.531,-0.257
1.799,-1.229
1.839,1.896
-0.209,1.867
-1.261,-1.389
-1.433,0.253
-2.26,-0.459
0.953,0.24
0.216,1.509
0.094,1.354
0.091,1.507
-1.414,0.091
-1.577,2.181
-2.944,2.166
1.558,2.516
1.447,2.224
0.096,-1.64
-0.056,1.592
-0.044,0.512
-0.118,-0.81
-0.136,-0.453
-0.172,-1.775
-0.163,-2.333
-0.72,-2.158
-0.912,-2.36
-1.214,-2.21
-1.877,-2.222
-2.361,-2.381
-3.074,-2.41
2.318,-2.193
1.009,-2.053
1.008,-2.401
0.981,-2.342
-0.565,1.985
-0.528,2.116
-1.726,1.898
1.817,2.141
0.428,1.976
0.22,1.984
-2.525,0.678
-2.426,-2.174
-2.591,1.647
2.487,-0.063
2.393,1.653
0.96,-0.754
-2.051,-2.28
1.02,-2.348
2.766,2.116
-0.215,-0.443
-0.364,-2.175
-0.333,0.694
-0.893,-0.454
-1.077,1.455
-1.09,0.35
-1.15,0.315
-1.221,0.81
-1.33,-0.579
-1.424,-0.805
-1.304,-1.421
-1.481,-2.086
-2.086,-0.859
-2.167,1.581
-2.363,-0.792
-2.449,1.681
-2.652,-0.079
-2.794,-2.107
-2.652,-1.49
-2.686,-1.246
-2.723,1.501
-2.923,1.173
-2.886,-0.215
-3.095,-0.687
3.122,-0.521
2.844,0.701
2.837,0.572
2.752,-1.294
2.712,-0.5
2.204,1.537
2.147,-2.102
2.001,-0.263
2.065,0.03
1.928,-0.257
2.037,-1.326
1.736,-1.248
1.552,-1.807
1.661,0.204
1.487,0.673
1.358,-0.274
1.463,0.28
1.327,-0.099
1.414,-0.156
1.281,0.242
1.184,-1.89
1.259,-0.791
1.177,0.029
1.032,-0.543
1.093,-1.604
1.075,1.131
0.876,0.272
0.603,-1.802
0.378,-1.628
0.257,-2.058
0.315,0.881
0.286,-1.497
0.249,-0.768
0.129,1.073
0.233,0.858
0.073,-1.617
0.179,-0.537
-0.391,-2.207
-0.522,-2.283
-1.041,-2.373
1.376,-2.288
0.77,-2.231
-1.755,2.089
-1.662,2.133
-2.588,1.853
-3.084,2.11
3.13,1.923
2.576,1.874
2.354,2.251
1.122,2.181
0.245,2.073
-0.294,-0.685
2.036,-1.657
2.076,1.468
0.028,1.439
-1.024,-1.817
-1.196,-0.175
-2.023,-0.887
1.19,-0.188
0.453,1.081
0.331,0.926
0.328,1.079
-1.177,-0.337
-1.34,1.753
-2.707,1.738
1.795,2.088
1.684,1.796
0.333,-2.068
0.012,-1.08
-0.062,-2.402
-0.08,-2.045
-0.116,-3.367
-0.107,-3.925
-0.664,-3.75
-0.856,-3.952
-1.158,-3.802
-1.821,-3.814
-2.305,-3.973
-3.018,-4.002
2.374,-3.785
1.065,-3.645
1.064,-3.993
1.037,-3.934
-0.509,0.393
-0.472,0.524
-1.67,0.306
1.873,0.549
0.484,0.384
0.276,0.392
-2.469,-0.914
-2.37,-3.766
-2.535,0.055
2.543,-1.655
2.449,0.061
1.016,-2.346
-1.995,-3.872
1.076,-3.94
2.822,0.524
-0.159,-2.035
-0.308,-3.767
-0.277,-0.898
-0.837,-2.046
-1.021,-0.137
-1.034,-1.242
-1.094,-1.277
-1.165,-0.782
-1.274,-2.171
-1.368,-2.397
-1.248,-3.013
-1.425,-3.678
-2.03,-2.451
-2.111,-0.011
-2.307,-2.384
-2.393,0.089
-2.596,-1.671
-2.738,-3.699
-2.596,-3.082
-2.63,-2.838
-2.667,-0.091
-2.867,-0.419
-2.83,-1.807
-3.039,-2.279
-3.105,-2.113
2.9,-0.891
2.893,-1.02
2.808,-2.886
2.768,-2.092
2.26,-0.055
2.203,-3.694
2.057,-1.855
2.121,-1.562
1.984,-1.849
2.093,-2.918
1.792,-2.84
1.608,-3.399
1.717,-1.388
1.543,-0.919
1.414,-1.866
1.519,-1.312
1.383,-1.691
1.47,-1.748
1.337,-1.35
1.24,-3.482
1.315,-2.383
1.233,-1.563
1.088,-2.135
1.149,-3.196
1.131,-0.461
0.932,-1.32
0.659,-3.394
0.434,-3.22
0.313,-3.65
0.371,-0.711
0.342,-3.089
0.305,-2.36
0.185,-0.519
0.289,-0.734
0.129,-3.209
0.235,-2.129
-0.335,-3.799
-0.466,-3.875
-0.985,-3.965
1.432,-3.88
0.826,-3.823
-1.699,0.497
-1.606,0.541
-2.532,0.261
-3.028,0.518
-3.097,0.331
2.632,0.282
2.41,0.659
1.178,0.589
0.301,0.481
-0.238,-2.277
2.092,-3.249
2.132,-0.124
0.084,-0.153
-0.968,-3.409
-1.14,-1.767
-1.967,-2.479
1.246,-1.78
0.509,-0.511
0.387,-0.666
0.384,-0.513
-1.121,-1.929
-1.284,0.161
-2.651,0.146
1.851,0.496
1.74,0.204
0.389,-3.66
-0.074,-1.322
-0.092,-0.965
-0.128,-2.287
-0.119,-2.845
-0.676,-2.67
-0.868,-2.872
-1.17,-2.722
-1.833,-2.734
-2.317,-2.893
-3.03,-2.922
2.362,-2.705
1.053,-2.565
1.052,-2.913
1.025,-2.854
-0.521,1.473
-0.484,1.604
-1.682,1.386
1.861,1.629
0.472,1.464
0.264,1.472
-2.481,0.166
-2.382,-2.686
-2.547,1.135
2.531,-0.575
2.437,1.141
1.004,-1.266
-2.007,-2.792
1.064,-2.86
2.81,1.604
-0.171,-0.955
-0.32,-2.687
-0.289,0.182
-0.849,-0.966
-1.033,0.943
-1.046,-0.162
-1.106,-0.197
-1.177,0.298
-1.286,-1.091
-1.38,-1.317
-1.26,-1.933
-1.437,-2.598
-2.042,-1.371
-2.123,1.069
-2.319,-1.304
-2.405,1.169
-2.608,-0.591
-2.75,-2.619
-2.608,-2.002
-2.642,-1.758
-2.679,0.989
-2.879,0.661
-2.842,-0.727
-3.051,-1.199
-3.117,-1.033
2.888,0.189
2.881,0.06
2.796,-1.806
2.756,-1.012
2.248,1.025
2.191,-2.614
2.045,-0.775
2.109,-0.482
1.972,-0.769
2.081,-1.838
1.78,-1.76
1.596,-2.319
1.705,-0.308
1.531,0.161
1.402,-0.786
1.507,-0.232
1.371,-0.611
1.458,-0.668
1.325,-0.27
1.228,-2.402
1.303,-1.303
1.221,-0.483
1.076,-1.055
1.137,-2.116
1.119,0.619
0.92,-0.24
0.647,-2.314
0.422,-2.14
0.301,-2.57
0.359,0.369
0.33,-2.009
0.293,-1.28
0.173,0.561
0.277,0.346
0.117,-2.129
0.223,-1.049
-0.347,-2.719
-0.478,-2.795
-0.997,-2.885
1.42,-2.8
0.814,-2.743
-1.711,1.577
-1.618,1.621
-2.544,1.341
-3.04,1.598
-3.109,1.411
2.62,1.362
2.398,1.739
1.166,1.669
0.289,1.561
-0.25,-1.197
2.08,-2.169
2.12,0.956
0.072,0.927
-0.98,-2.329
-1.152,-0.687
-1.979,-1.399
1.234,-0.7
0.497,0.569
0.375,0.414
0.372,0.567
-1.133,-0.849
-1.296,1.241
-2.663,1.226
1.839,1.576
1.728,1.284
0.377,-2.58
-0.018,0.357
-0.054,-0.965
-0.045,-1.523
-0.602,-1.348
-0.794,-1.55
-1.096,-1.4
-1.759,-1.412
-2.243,-1.571
-2.956,-1.6
2.436,-1.383
1.127,-1.243
1.126,-1.591
1.099,-1.532
-0.447,2.795
-0.41,2.926
-1.608,2.708
1.935,2.951
0.546,2.786
0.338,2.794
-2.407,1.488
-2.308,-1.364
-2.473,2.457
2.605,0.747
2.511,2.463
1.078,0.056
-1.933,-1.47
1.138,-1.538
2.884,2.926
-0.097,0.367
-0.246,-1.365
-0.215,1.504
-0.775,0.356
-0.959,2.265
-0.972,1.16
-1.032,1.125
-1.103,1.62
-1.212,0.231
-1.306,0.005
-1.186,-0.611
-1.363,-1.276
-1.968,-0.049
-2.049,2.391
-2.245,0.018
-2.331,2.491
-2.534,0.731
-2.676,-1.297
-2.534,-0.68
-2.568,-0.436
-2.605,2.311
-2.805,1.983
-2.768,0.595
-2.977,0.123
-3.043,0.289
2.962,1.511
2.955,1.382
2.87,-0.484
2.83,0.31
2.322,2.347
2.265,-1.292
2.119,0.547
2.183,0.84
2.046,0.553
2.155,-0.516
1.854,-0.438
1.67,-0.997
1.779,1.014
1.605,1.483
1.476,0.536
1.581,1.09
1.445,0.711
1.532,0.654
1.399,1.052
1.302,-1.08
1.377,0.019
1.295,0.839
1.15,0.267
1.211,-0.794
1.193,1.941
0.994,1.082
0.721,-0.992
0.496,-0.818
0.375,-1.248
0.433,1.691
0.404,-0.687
0.367,0.042
0.247,1.883
0.351,1.668
0.191,-0.807
0.297,0.273
-0.273,-1.397
-0.404,-1.473
-0.923,-1.563
1.494,-1.478
0.888,-1.421
-1.637,2.899
-1.544,2.943
-2.47,2.663
-2.966,2.92
-3.035,2.733
2.694,2.684
2.472,3.061
1.24,2.991
0.363,2.883
-0.176,0.125
2.154,-0.847
2.194,2.278
0.146,2.249
-0.906,-1.007
-1.078,0.635
-1.905,-0.077
1.308,0.622
0.571,1.891
0.449,1.736
0.446,1.889
-1.059,0.473
-1.222,2.563
-2.589,2.548
1.913,2.898
1.802,2.606
0.451,-1.258
-0.036,-1.322
-0.027,-1.88
-0.584,-1.705
-0.776,-1.907
-1.078,-1.757
-1.741,-1.769
-2.225,-1.928
-2.938,-1.957
2.454,-1.74
1.145,-1.6
1.144,-1.948
1.117,-1.889
-0.429,2.438
-0.392,2.569
-1.59,2.351
1.953,2.594
0.564,2.429
0.356,2.437
-2.389,1.131
-2.29,-1.721
-2.455,2.1
2.623,0.39
2.529,2.106
1.096,-0.301
-1.915,-1.827
1.156,-1.895
2.902,2.569
-0.079,0.01
-0.228,-1.722
-0.197,1.147
-0.757,-0.001
-0.941,1.908
-0.954,0.803
-1.014,0.768
-1.085,1.263
-1.194,-0.126
-1.288,-0.352
-1.168,-0.968
-1.345,-1.633
-1.95,-0.406
-2.031,2.034
-2.227,-0.339
-2.313,2.134
-2.516,0.374
-2.658,-1.654
-2.516,-1.037
-2.55,-0.793
-2.587,1.954
-2.787,1.626
-2.75,0.238
-2.959,-0.234
-3.025,-0.068
2.98,1.154
2.973,1.025
2.888,-0.841
2.848,-0.047
2.34,1.99
2.283,-1.649
2.137,0.19
2.201,0.483
2.064,0.196
2.173,-0.873
1.872,-0.795
1.688,-1.354
1.797,0.657
1.623,1.126
1.494,0.179
1.599,0.733
1.463,0.354
1.55,0.297
1.417,0.695
1.32,-1.437
1.395,-0.338
1.313,0.482
1.168,-0.09
1.229,-1.151
1.211,1.584
1.012,0.725
0.739,-1.349
0.514,-1.175
0.393,-1.605
0.451,1.334
0.422,-1.044
0.385,-0.315
0.265,1.526
0.369,1.311
0.209,-1.164
0.315,-0.084
-0.255,-1.754
-0.386,-1.83
-0.905,-1.92
1.512,-1.835
0.906,-1.778
-1.619,2.542
-1.526,2.586
-2.452,2.306
-2.948,2.563
-3.017,2.376
2.712,2.327
2.49,2.704
1.258,2.634
0.381,2.526
-0.158,-0.232
2.172,-1.204
2.212,1.921
0.164,1.892
-0.888,-1.364
-1.06,0.278
-1.887,-0.434
1.326,0.265
0.589,1.534
0.467,1.379
0.464,1.532
-1.041,0.116
-1.204,2.206
-2.571,2.191
1.931,2.541
1.82,2.249
0.469,-1.615
0.009,-0.558
-0.548,-0.383
-0.74,-0.585
-1.042,-0.435
-1.705,-0.447
-2.189,-0.606
-2.902,-0.635
2.49,-0.418
1.181,-0.278
1.18,-0.626
1.153,-0.567
-0.393,3.76
-0.356,3.891
-1.554,3.673
1.989,3.916
0.6,3.751
0.392,3.759
-2.353,2.453
-2.254,-0.399
-2.419,3.422
2.659,1.712
2.565,3.428
1.132,1.021
-1.879,-0.505
1.192,-0.573
2.938,3.891
-0.043,1.332
-0.192,-0.4
-0.161,2.469
-0.721,1.321
-0.905,3.23
-0.918,2.125
-0.978,2.09
-1.049,2.585
-1.158,1.196
-1.252,0.97
-1.132,0.354
-1.309,-0.311
-1.914,0.916
-1.995,3.356
-2.191,0.983
-2.277,3.456
-2.48,1.696
-2.622,-0.332
-2.48,0.285
-2.514,0.529
-2.551,3.276
-2.751,2.948
-2.714,1.56
-2.923,1.088
-2.989,1.254
3.016,2.476
3.009,2.347
2.924,0.481
2.884,1.275
2.376,3.312
2.319,-0.327
2.173,1.512
2.237,1.805
2.1,1.518
2.209,0.449
1.908,0.527
1.724,-0.032
1.833,1.979
1.659,2.448
1.53,1.501
1.635,2.055
1.499,1.676
1.586,1.619
1.453,2.017
1.356,-0.115
1.431,0.984
1.349,1.804
1.204,1.232
1.265,0.171
1.247,2.906
1.048,2.047
0.775,-0.027
0.55,0.147
0.429,-0.283
0.487,2.656
0.458,0.278
0.421,1.007
0.301,2.848
0.405,2.633
0.245,0.158
0.351,1.238
-0.219,-0.432
-0.35,-0.508
-0.869,-0.598
1.548,-0.513
0.942,-0.456
-1.583,3.864
-1.49,3.908
-2.416,3.628
-2.912,3.885
-2.981,3.698
2.748,3.649
2.526,4.026
1.294,3.956
0.417,3.848
-0.122,1.09
2.208,0.118
2.248,3.243
0.2,3.214
-0.852,-0.042
-1.024,1.6
-1.851,0.888
1.362,1.587
0.625,2.856
0.503,2.701
0.5,2.854
-1.005,1.438
-1.168,3.528
-2.535,3.513
1.967,3.863
1.856,3.571
0.505,-0.293
-0.557,0.175
-0.749,-0.027
-1.051,0.123
-1.714,0.111
-2.198,-0.048
-2.911,-0.077
2.481,0.14
1.172,0.28
1.171,-0.068
1.144,-0.009
-0.402,4.318
-0.365,4.449
-1.563,4.231
1.98,4.474
0.591,4.309
0.383,4.317
-2.362,3.011
-2.263,0.159
-2.428,3.98
2.65,2.27
2.556,3.986
1.123,1.579
-1.888,0.053
1.183,-0.015
2.929,4.449
-0.052,1.89
-0.201,0.158
-0.17,3.027
-0.73,1.879
-0.914,3.788
-0.927,2.683
-0.987,2.648
-1.058,3.143
-1.167,1.754
-1.261,1.528
-1.141,0.912
-1.318,0.247
-1.923,1.474
-2.004,3.914
-2.2,1.541
-2.286,4.014
-2.489,2.254
-2.631,0.226
-2.489,0.843
-2.523,1.087
-2.56,3.834
-2.76,3.506
-2.723,2.118
-2.932,1.646
-2.998,1.812
3.007,3.034
3.0,2.905
2.915,1.039
2.875,1.833
2.367,3.87
2.31,0.231
2.164,2.07
2.228,2.363
2.091,2.076
2.2,1.007
1.899,1.085
1.715,0.526
1.824,2.537
1.65,3.006
1.521,2.059
1.626,2.613
1.49,2.234
1.577,2.177
1.444,2.575
1.347,0.443
1.422,1.542
1.34,2.362
1.195,1.79
1.256,0.729
1.238,3.464
1.039,2.605
0.766,0.531
0.541,0.705
0.42,0.275
0.478,3.214
0.449,0.836
0.412,1.565
0.292,3.406
0.396,3.191
0.236,0.716
0.342,1.796
-0.228,0.126
-0.359,0.05
-0.878,-0.04
1.539,0.045
0.933,0.102
-1.592,4.422
-1.499,4.466
-2.425,4.186
-2.921,4.443
-2.99,4.256
2.739,4.207
2.517,4.584
1.285,4.514
0.408,4.406
-0.131,1.648
2.199,0.676
2.239,3.801
0.191,3.772
-0.861,0.516
-1.033,2.158
-1.86,1.446
1.353,2.145
0.616,3.414
0.494,3.259
0.491,3.412
-1.014,1.996
-1.177,4.086
-2.544,4.071
1.958,4.421
1.847,4.129
0.496,0.265
-0.192,-0.202
-0.494,-0.052
-1.157,-0.064
-1.641,-0.223
-2.354,-0.252
3.038,-0.035
1.729,0.105
1.728,-0.243
1.701,-0.184
0.155,4.143
0.192,4.274
-1.006,4.056
2.537,4.299
1.148,4.134
0.94,4.142
-1.805,2.836
-1.706,-0.016
-1.871,3.805
-3.076,2.095
3.113,3.811
1.68,1.404
-1.331,-0.122
1.74,-0.19
-2.797,4.274
0.505,1.715
0.356,-0.017
0.387,2.852
-0.173,1.704
-0.357,3.613
-0.37,2.508
-0.43,2.473
-0.501,2.968
-0.61,1.579
-0.704,1.353
-0.584,0.737
-0.761,0.072
-1.366,1.299
-1.447,3.739
-1.643,1.366
-1.729,3.839
-1.932,2.079
-2.074,0.051
-1.932,0.668
-1.966,0.912
-2.003,3.659
-2.203,3.331
-2.166,1.943
-2.375,1.471
-2.441,1.637
-2.719,2.859
-2.726,2.73
-2.811,0.864
-2.851,1.658
2.924,3.695
2.867,0.056
2.721,1.895
2.785,2.188
2.648,1.901
2.757,0.832
2.456,0.91
2.272,0.351
2.381,2.362
2.207,2.831
2.078,1.884
2.183,2.438
2.047,2.059
2.134,2.002
2.001,2.4
1.904,0.268
1.979,1.367
1.897,2.187
1.752,1.615
1.813,0.554
1.795,3.289
1.596,2.43
1.323,0.356
1.098,0.53
0.977,0.1
1.035,3.039
1.006,0.661
0.969,1.39
0.849,3.231
0.953,3.016
0.793,0.541
0.899,1.621
0.329,-0.049
0.198,-0.125
-0.321,-0.215
2.096,-0.13
1.49,-0.073
-1.035,4.247
-0.942,4.291
-1.868,4.011
-2.364,4.268
-2.433,4.081
-2.987,4.032
3.074,4.409
1.842,4.339
0.965,4.231
0.426,1.473
2.756,0.501
2.796,3.626
0.748,3.597
-0.304,0.341
-0.476,1.983
-1.303,1.271
1.91,1.97
1.173,3.239
1.051,3.084
1.048,3.237
-0.457,1.821
-0.62,3.911
-1.987,3.896
2.515,4.246
2.404,3.954
1.053,0.09
-0.302,0.15
-0.965,0.138
-1.449,-0.021
-2.162,-0.05
-3.053,0.167
1.921,0.307
1.92,-0.041
1.893,0.018
0.347,4.345
0.384,4.476
-0.814,4.258
2.729,4.501
1.34,4.336
1.132,4.344
-1.613,3.038
-1.514,0.186
-1.679,4.007
-2.884,2.297
-2.978,4.013
1.872,1.606
-1.139,0.08
1.932,0.012
-2.605,4.476
0.697,1.917
0.548,0.185
0.579,3.054
0.019,1.906
-0.165,3.815
-0.178,2.71
-0.238,2.675
-0.309,3.17
-0.418,1.781
-0.512,1.555
-0.392,0.939
-0.569,0.274
-1.174,1.501
-1.255,3.941
-1.451,1.568
-1.537,4.041
-1.74,2.281
-1.882,0.253
-1.74,0.87
-1.774,1.114
-1.811,3.861
-2.011,3.533
-1.974,2.145
-2.183,1.673
-2.249,1.839
-2.527,3.061
-2.534,2.932
-2.619,1.066
-2.659,1.86
3.116,3.897
3.059,0.258
2.913,2.097
2.977,2.39
2.84,2.103
2.949,1.034
2.648,1.112
2.464,0.553
2.573,2.564
2.399,3.033
2.27,2.086
2.375,2.64
2.239,2.261
2.326,2.204
2.193,2.602
2.096,0.47
2.171,1.569
2.089,2.389
1.944,1.817
2.005,0.756
1.987,3.491
1.788,2.632
1.515,0.558
1.29,0.732
1.169,0.302
1.227,3.241
1.198,0.863
1.161,1.592
1.041,3.433
1.145,3.218
0.985,0.743
1.091,1.823
0.521,0.153
0.39,0.077
-0.129,-0.013
2.288,0.072
1.682,0.129
-0.843,4.449
-0.75,4.493
-1.676,4.213
-2.172,4.47
-2.241,4.283
-2.795,4.234
-3.017,4.611
2.034,4.541
1.157,4.433
0.618,1.675
2.948,0.703
2.988,3.828
0.94,3.799
-0.112,0.543
-0.284,2.185
-1.111,1.473
2.102,2.172
1.365,3.441
1.243,3.286
1.24,3.439
-0.265,2.023
-0.428,4.113
-1.795,4.098
2.707,4.448
2.596,4.156
1.245,0.292
-0.663,-0.012
-1.147,-0.171
-1.86,-0.2
-2.751,0.017
2.223,0.157
2.222,-0.191
2.195,-0.132
0.649,4.195
0.686,4.326
-0.512,4.108
3.031,4.351
1.642,4.186
1.434,4.194
-1.311,2.888
-1.212,0.036
-1.377,3.857
-2.582,2.147
-2.676,3.863
2.174,1.456
-0.837,-0.07
2.234,-0.138
-2.303,4.326
0.999,1.767
0.85,0.035
0.881,2.904
0.321,1.756
0.137,3.665
0.124,2.56
0.064,2.525
-0.007,3.02
-0.116,1.631
-0.21,1.405
-0.09,0.789
-0.267,0.124
-0.872,1.351
-0.953,3.791
-1.149,1.418
-1.235,3.891
-1.438,2.131
-1.58,0.103
-1.438,0.72
-1.472,0.964
-1.509,3.711
-1.709,3.383
-1.672,1.995
-1.881,1.523
-1.947,1.689
-2.225,2.911
-2.232,2.782
-2.317,0.916
-2.357,1.71
-2.865,3.747
-2.922,0.108
-3.068,1.947
-3.004,2.24
-3.141,1.953
-3.032,0.884
2.95,0.962
2.766,0.403
2.875,2.414
2.701,2.883
2.572,1.936
2.677,2.49
2.541,2.111
2.628,2.054
2.495,2.452
2.398,0.32
2.473,1.419
2.391,2.239
2.246,1.667
2.307,0.606
2.289,3.341
2.09,2.482
1.817,0.408
1.592,0.582
1.471,0.152
1.529,3.091
1.5,0.713
1.463,1.442
1.343,3.283
1.447,3.068
1.287,0.593
1.393,1.673
0.823,0.003
0.692,-0.073
0.173,-0.163
2.59,-0.078
1.984,-0.021
-0.541,4.299
-0.448,4.343
-1.374,4.063
-1.87,4.32
-1.939,4.133
-2.493,4.084
-2.715,4.461
2.336,4.391
1.459,4.283
0.92,1.525
-3.033,0.553
-2.993,3.678
1.242,3.649
0.19,0.393
0.018,2.035
-0.809,1.323
2.404,2.022
1.667,3.291
1.545,3.136
1.542,3.289
0.037,1.873
-0.126,3.963
-1.493,3.948
3.009,4.298
2.898,4.006
1.547,0.142
-0.484,-0.159
-1.197,-0.188
-2.088,0.029
2.886,0.169
2.885,-0.179
2.858,-0.12
1.312,4.207
1.349,4.338
0.151,4.12
-2.589,4.363
2.305,4.198
2.097,4.206
-0.648,2.9
-0.549,0.048
-0.714,3.869
-1.919,2.159
-2.013,3.875
2.837,1.468
-0.174,-0.058
2.897,-0.126
-1.64,4.338
1.662,1.779
1.513,0.047
1.544,2.916
0.984,1.768
0.8,3.677
0.787,2.572
0.727,2.537
0.656,3.032
0.547,1.643
0.453,1.417
0.573,0.801
0.396,0.136
-0.209,1.363
-0.29,3.803
-0.486,1.43
-0.572,3.903
-0.775,2.143
-0.917,0.115
-0.775,0.732
-0.809,0.976
-0.846,3.723
-1.046,3.395
-1.009,2.007
-1.218,1.535
-1.284,1.701
-1.562,2.923
-1.569,2.794
-1.654,0.928
-1.694,1.722
-2.202,3.759
-2.259,0.12
-2.405,1.959
-2.341,2.252
-2.478,1.965
-2.369,0.896
-2.67,0.974
-2.854,0.415
-2.745,2.426
-2.919,2.895
-3.048,1.948
-2.943,2.502
-3.079,2.123
-2.992,2.066
-3.125,2.464
3.061,0.332
3.136,1.431
3.054,2.251
2.909,1.679
2.97,0.618
2.952,3.353
2.753,2.494
2.48,0.42
2.255,0.594
2.134,0.164
2.192,3.103
2.163,0.725
2.126,1.454
2.006,3.295
2.11,3.08
1.95,0.605
2.056,1.685
1.486,0.015
1.355,-0.061
0.836,-0.151
-3.03,-0.066
2.647,-0.009
0.122,4.311
0.215,4.355
-0.711,4.075
-1.207,4.332
-1.276,4.145
-1.83,4.096
-2.052,4.473
2.999,4.403
2.122,4.295
1.583,1.537
-2.37,0.565
-2.33,3.69
1.905,3.661
0.853,0.405
0.681,2.047
-0.146,1.335
3.067,2.034
2.33,3.303
2.208,3.148
2.205,3.301
0.7,1.885
0.537,3.975
-0.83,3.96
-2.611,4.31
-2.722,4.018
2.21,0.154
-0.713,-0.029
-1.604,0.188
-2.913,0.328
-2.914,-0.02
-2.941,0.039
1.796,4.366
1.833,4.497
0.635,4.279
-2.105,4.522
2.789,4.357
2.581,4.365
-0.164,3.059
-0.065,0.207
-0.23,4.028
-1.435,2.318
-1.529,4.034
-2.962,1.627
0.31,0.101
-2.902,0.033
-1.156,4.497
2.146,1.938
1.997,0.206
2.028,3.075
1.468,1.927
1.284,3.836
1.271,2.731
1.211,2.696
1.14,3.191
1.031,1.802
0.937,1.576
1.057,0.96
0.88,0.295
0.275,1.522
0.194,3.962
-0.002,1.589
-0.088,4.062
-0.291,2.302
-0.433,0.274
-0.291,0.891
-0.325,1.135
-0.362,3.882
-0.562,3.554
-0.525,2.166
-0.734,1.694
-0.8,1.86
-1.078,3.082
-1.085,2.953
-1.17,1.087
-1.21,1.881
-1.718,3.918
-1.775,0.279
-1.921,2.118
-1.857,2.411
-1.994,2.124
-1.885,1.055
-2.186,1.133
-2.37,0.574
-2.261,2.585
-2.435,3.054
-2.564,2.107
-2.459,2.661
-2.595,2.282
-2.508,2.225
-2.641,2.623
-2.738,0.491
-2.663,1.59
-2.745,2.41
-2.89,1.838
-2.829,0.777
-2.847,3.512
-3.046,2.653
2.964,0.579
2.739,0.753
2.618,0.323
2.676,3.262
2.647,0.884
2.61,1.613
2.49,3.454
2.594,3.239
2.434,0.764
2.54,1.844
1.97,0.174
1.839,0.098
1.32,0.008
-2.546,0.093
3.131,0.15
0.606,4.47
0.699,4.514
-0.227,4.234
-0.723,4.491
-0.792,4.304
-1.346,4.255
-1.568,4.632
-2.8,4.562
2.606,4.454
2.067,1.696
-1.886,0.724
-1.846,3.849
2.389,3.82
1.337,0.564
1.165,2.206
0.338,1.494
-2.732,2.193
2.814,3.462
2.692,3.307
2.689,3.46
1.184,2.044
1.021,4.134
-0.346,4.119
-2.127,4.469
-2.238,4.177
2.694,0.313
-0.891,0.217
-2.2,0.357
-2.201,0.009
-2.228,0.068
2.509,4.395
2.546,4.526
1.348,4.308
-1.392,4.551
-2.781,4.386
-2.989,4.394
0.549,3.088
0.648,0.236
0.483,4.057
-0.722,2.347
-0.816,4.063
-2.249,1.656
1.023,0.13
-2.189,0.062
-0.443,4.526
2.859,1.967
2.71,0.235
2.741,3.104
2.181,1.956
1.997,3.865
1.984,2.76
1.924,2.725
1.853,3.22
1.744,1.831
1.65,1.605
1.77,0.989
1.593,0.324
0.988,1.551
0.907,3.991
0.711,1.618
0.625,4.091
0.422,2.331
0.28,0.303
0.422,0.92
0.388,1.164
0.351,3.911
0.151,3.583
0.188,2.195
-0.021,1.723
-0.087,1.889
-0.365,3.111
-0.372,2.982
-0.457,1.116
-0.497,1.91
-1.005,3.947
-1.062,0.308
-1.208,2.147
-1.144,2.44
-1.281,2.153
-1.172,1.084
-1.473,1.162
-1.657,0.603
-1.548,2.614
-1.722,3.083
-1.851,2.136
-1.746,2.69
-1.882,2.311
-1.795,2.254
-1.928,2.652
-2.025,0.52
-1.95,1.619
-2.032,2.439
-2.177,1.867
-2.116,0.806
-2.134,3.541
-2.333,2.682
-2.606,0.608
-2.831,0.782
-2.952,0.352
-2.894,3.291
-2.923,0.913
-2.96,1.642
-3.08,3.483
-2.976,3.268
-3.136,0.793
-3.03,1.873
2.683,0.203
2.552,0.127
2.033,0.037
-1.833,0.122
-2.439,0.179
1.319,4.499
1.412,4.543
0.486,4.263
-0.01,4.52
-0.079,4.333
-0.633,4.284
-0.855,4.661
-2.087,4.591
-2.964,4.483
2.78,1.725
-1.173,0.753
-1.133,3.878
3.102,3.849
2.05,0.593
1.878,2.235
1.051,1.523
-2.019,2.222
-2.756,3.491
-2.878,3.336
-2.881,3.489
1.897,2.073
1.734,4.163
0.367,4.148
-1.414,4.498
-1.525,4.206
-2.876,0.342
-1.309,0.14
-1.31,-0.208
-1.337,-0.149
-2.883,4.178
-2.846,4.309
2.239,4.091
-0.501,4.334
-1.89,4.169
-2.098,4.177
1.44,2.871
1.539,0.019
1.374,3.84
0.169,2.13
0.075,3.846
-1.358,1.439
1.914,-0.087
-1.298,-0.155
0.448,4.309
-2.533,1.75
-2.682,0.018
-2.651,2.887
3.072,1.739
2.888,3.648
2.875,2.543
2.815,2.508
2.744,3.003
2.635,1.614
2.541,1.388
2.661,0.772
2.484,0.107
1.879,1.334
1.798,3.774
1.602,1.401
1.516,3.874
1.313,2.114
1.171,0.086
1.313,0.703
1.279,0.947
1.242,3.694
1.042,3.366
1.079,1.978
0.87,1.506
0.804,1.672
0.526,2.894
0.519,2.765
0.434,0.899
0.394,1.693
-0.114,3.73
-0.171,0.091
-0.317,1.93
-0.253,2.223
-0.39,1.936
-0.281,0.867
-0.582,0.945
-0.766,0.386
-0.657,2.397
-0.831,2.866
-0.96,1.919
-0.855,2.473
-0.991,2.094
-0.904,2.037
-1.037,2.435
-1.134,0.303
-1.059,1.402
-1.141,2.222
-1.286,1.65
-1.225,0.589
-1.243,3.324
-1.442,2.465
-1.715,0.391
-1.94,0.565
-2.061,0.135
-2.003,3.074
-2.032,0.696
-2.069,1.425
-2.189,3.266
-2.085,3.051
-2.245,0.576
-2.139,1.656
-2.709,-0.014
-2.84,-0.09
2.924,-0.18
-0.942,-0.095
-1.548,-0.038
2.21,4.282
2.303,4.326
1.377,4.046
0.881,4.303
0.812,4.116
0.258,4.067
0.036,4.444
-1.196,4.374
-2.073,4.266
-2.612,1.508
-0.282,0.536
-0.242,3.661
-2.29,3.632
2.941,0.376
2.769,2.018
1.942,1.306
-1.128,2.005
-1.865,3.274
-1.987,3.119
-1.99,3.272
2.788,1.856
2.625,3.946
1.258,3.931
-0.523,4.281
-0.634,3.989
-1.985,0.125
-0.001,-0.348
-0.028,-0.289
-1.574,4.038
-1.537,4.169
-2.735,3.951
0.808,4.194
-0.581,4.029
-0.789,4.037
2.749,2.731
2.848,-0.121
2.683,3.7
1.478,1.99
1.384,3.706
-0.049,1.299
-3.06,-0.227
0.011,-0.295
1.757,4.169
-1.224,1.61
-1.373,-0.122
-1.342,2.747
-1.902,1.599
-2.086,3.508
-2.099,2.403
-2.159,2.368
-2.23,2.863
-2.339,1.474
-2.433,1.248
-2.313,0.632
-2.49,-0.033
-3.095,1.194
3.107,3.634
2.911,1.261
2.825,3.734
2.622,1.974
2.48,-0.054
2.622,0.563
2.588,0.807
2.551,3.554
2.351,3.226
2.388,1.838
2.179,1.366
2.113,1.532
1.835,2.754
1.828,2.625
1.743,0.759
1.703,1.553
1.195,3.59
1.138,-0.049
0.992,1.79
1.056,2.083
0.919,1.796
1.028,0.727
0.727,0.805
0.543,0.246
0.652,2.257
0.478,2.726
0.349,1.779
0.454,2.333
0.318,1.954
0.405,1.897
0.272,2.295
0.175,0.163
0.25,1.262
0.168,2.082
0.023,1.51
0.084,0.449
0.066,3.184
-0.133,2.325
-0.406,0.251
-0.631,0.425
-0.752,-0.005
-0.694,2.934
-0.723,0.556
-0.76,1.285
-0.88,3.126
-0.776,2.911
-0.936,0.436
-0.83,1.516
-1.4,-0.154
-1.531,-0.23
-2.05,-0.32
0.367,-0.235
-0.239,-0.178
-2.764,4.142
-2.671,4.186
2.686,3.906
2.19,4.163
2.121,3.976
1.567,3.927
1.345,4.304
0.113,4.234
-0.764,4.126
-1.303,1.368
1.027,0.396
1.067,3.521
-0.981,3.492
-2.033,0.236
-2.205,1.878
-3.032,1.166
0.181,1.865
-0.556,3.134
-0.678,2.979
-0.681,3.132
-2.186,1.716
-2.349,3.806
2.567,3.791
0.786,4.141
0.675,3.849
-0.676,-0.015
-0.027,0.059
-1.573,4.386
-1.536,4.517
-2.734,4.299
0.809,4.542
-0.58,4.377
-0.788,4.385
2.75,3.079
2.849,0.227
2.684,4.048
1.479,2.338
1.385,4.054
-0.048,1.647
-3.059,0.121
0.012,0.053
1.758,4.517
-1.223,1.958
-1.372,0.226
-1.341,3.095
-1.901,1.947
-2.085,3.856
-2.098,2.751
-2.158,2.716
-2.229,3.211
-2.338,1.822
-2.432,1.596
-2.312,0.98
-2.489,0.315
-3.094,1.542
3.108,3.982
2.912,1.609
2.826,4.082
2.623,2.322
2.481,0.294
2.623,0.911
2.589,1.155
2.552,3.902
2.352,3.574
2.389,2.186
2.18,1.714
2.114,1.88
1.836,3.102
1.829,2.973
1.744,1.107
1.704,1.901
1.196,3.938
1.139,0.299
0.993,2.138
1.057,2.431
0.92,2.144
1.029,1.075
0.728,1.153
0.544,0.594
0.653,2.605
0.479,3.074
0.35,2.127
0.455,2.681
0.319,2.302
0.406,2.245
0.273,2.643
0.176,0.511
0.251,1.61
0.169,2.43
0.024,1.858
0.085,0.797
0.067,3.532
-0.132,2.673
-0.405,0.599
-0.63,0.773
-0.751,0.343
-0.693,3.282
-0.722,0.904
-0.759,1.633
-0.879,3.474
-0.775,3.259
-0.935,0.784
-0.829,1.864
-1.399,0.194
-1.53,0.118
-2.049,0.028
0.368,0.113
-0.238,0.17
-2.763,4.49
-2.67,4.534
2.687,4.254
2.191,4.511
2.122,4.324
1.568,4.275
1.346,4.652
0.114,4.582
-0.763,4.474
-1.302,1.716
1.028,0.744
1.068,3.869
-0.98,3.84
-2.032,0.584
-2.204,2.226
-3.031,1.514
0.182,2.213
-0.555,3.482
-0.677,3.327
-0.68,3.48
-2.185,2.064
-2.348,4.154
2.568,4.139
0.787,4.489
0.676,4.197
-0.675,0.333
-1.546,4.327
-1.509,4.458
-2.707,4.24
0.836,4.483
-0.553,4.318
-0.761,4.326
2.777,3.02
2.876,0.168
2.711,3.989
1.506,2.279
1.412,3.995
-0.021,1.588
-3.032,0.062
0.039,-0.006
1.785,4.458
-1.196,1.899
-1.345,0.167
-1.314,3.036
-1.874,1.888
-2.058,3.797
-2.071,2.692
-2.131,2.657
-2.202,3.152
-2.311,1.763
-2.405,1.537
-2.285,0.921
-2.462,0.256
-3.067,1.483
3.135,3.923
2.939,1.55
2.853,4.023
2.65,2.263
2.508,0.235
2.65,0.852
2.616,1.096
2.579,3.843
2.379,3.515
2.416,2.127
2.207,1.655
2.141,1.821
1.863,3.043
1.856,2.914
1.771,1.048
1.731,1.842
1.223,3.879
1.166,0.24
1.02,2.079
1.084,2.372
0.947,2.085
1.056,1.016
0.755,1.094
0.571,0.535
0.68,2.546
0.506,3.015
0.377,2.068
0.482,2.622
0.346,2.243
0.433,2.186
0.3,2.584
0.203,0.452
0.278,1.551
0.196,2.371
0.051,1.799
0.112,0.738
0.094,3.473
-0.105,2.614
-0.378,0.54
-0.603,0.714
-0.724,0.284
-0.666,3.223
-0.695,0.845
-0.732,1.574
-0.852,3.415
-0.748,3.2
-0.908,0.725
-0.802,1.805
-1.372,0.135
-1.503,0.059
-2.022,-0.031
0.395,0.054
-0.211,0.111
-2.736,4.431
-2.643,4.475
2.714,4.195
2.218,4.452
2.149,4.265
1.595,4.216
1.373,4.593
0.141,4.523
-0.736,4.415
-1.275,1.657
1.055,0.685
1.095,3.81
-0.953,3.781
-2.005,0.525
-2.177,2.167
-3.004,1.455
0.209,2.154
-0.528,3.423
-0.65,3.268
-0.653,3.421
-2.158,2.005
-2.321,4.095
2.595,4.08
0.814,4.43
0.703,4.138
-0.648,0.274
0.037,0.131
-1.161,-0.087
2.382,0.156
0.993,-0.009
0.785,-0.001
-1.96,-1.307
-1.861,-4.159
-2.026,-0.338
3.052,-2.048
2.958,-0.332
1.525,-2.739
-1.486,-4.265
1.585,-4.333
-2.952,0.131
0.35,-2.428
0.201,-4.16
0.232,-1.291
-0.328,-2.439
-0.512,-0.53
-0.525,-1.635
-0.585,-1.67
-0.656,-1.175
-0.765,-2.564
-0.859,-2.79
-0.739,-3.406
-0.916,-4.071
-1.521,-2.844
-1.602,-0.404
-1.798,-2.777
-1.884,-0.304
-2.087,-2.064
-2.229,-4.092
-2.087,-3.475
-2.121,-3.231
-2.158,-0.484
-2.358,-0.812
-2.321,-2.2
-2.53,-2.672
-2.596,-2.506
-2.874,-1.284
-2.881,-1.413
-2.966,-3.279
-3.006,-2.485
2.769,-0.448
2.712,-4.087
2.566,-2.248
2.63,-1.955
2.493,-2.242
2.602,-3.311
2.301,-3.233
2.117,-3.792
2.226,-1.781
2.052,-1.312
1.923,-2.259
2.028,-1.705
1.892,-2.084
1.979,-2.141
1.846,-1.743
1.749,-3.875
1.824,-2.776
1.742,-1.956
1.597,-2.528
1.658,-3.589
1.64,-0.854
1.441,-1.713
1.168,-3.787
0.943,-3.613
0.822,-4.043
0.88,-1.104
0.851,-3.482
0.814,-2.753
0.694,-0.912
0.798,-1.127
0.638,-3.602
0.744,-2.522
0.174,-4.192
0.043,-4.268
-0.476,-4.358
1.941,-4.273
1.335,-4.216
-1.19,0.104
-1.097,0.148
-2.023,-0.132
-2.519,0.125
-2.588,-0.062
3.141,-0.111
2.919,0.266
1.687,0.196
0.81,0.088
0.271,-2.67
2.601,-3.642
2.641,-0.517
0.593,-0.546
-0.459,-3.802
-0.631,-2.16
-1.458,-2.872
1.755,-2.173
1.018,-0.904
0.896,-1.059
0.893,-0.906
-0.612,-2.322
-0.775,-0.232
-2.142,-0.247
2.36,0.103
2.249,-0.189
0.898,-4.053
-1.198,-0.218
2.345,0.025
0.956,-0.14
0.748,-0.132
-1.997,-1.438
-1.898,-4.29
-2.063,-0.469
3.015,-2.179
2.921,-0.463
1.488,-2.87
-1.523,-4.396
1.548,-4.464
-2.989,0.0
0.313,-2.559
0.164,-4.291
0.195,-1.422
-0.365,-2.57
-0.549,-0.661
-0.562,-1.766
-0.622,-1.801
-0.693,-1.306
-0.802,-2.695
-0.896,-2.921
-0.776,-3.537
-0.953,-4.202
-1.558,-2.975
-1.639,-0.535
-1.835,-2.908
-1.921,-0.435
-2.124,-2.195
-2.266,-4.223
-2.124,-3.606
-2.158,-3.362
-2.195,-0.615
-2.395,-0.943
-2.358,-2.331
-2.567,-2.803
-2.633,-2.637
-2.911,-1.415
-2.918,-1.544
-3.003,-3.41
-3.043,-2.616
2.732,-0.579
2.675,-4.218
2.529,-2.379
2.593,-2.086
2.456,-2.373
2.565,-3.442
2.264,-3.364
2.08,-3.923
2.189,-1.912
2.015,-1.443
1.886,-2.39
1.991,-1.836
1.855,-2.215
1.942,-2.272
1.809,-1.874
1.712,-4.006
1.787,-2.907
1.705,-2.087
1.56,-2.659
1.621,-3.72
1.603,-0.985
1.404,-1.844
1.131,-3.918
0.906,-3.744
0.785,-4.174
0.843,-1.235
0.814,-3.613
0.777,-2.884
0.657,-1.043
0.761,-1.258
0.601,-3.733
0.707,-2.653
0.137,-4.323
0.006,-4.399
-0.513,-4.489
1.904,-4.404
1.298,-4.347
-1.227,-0.027
-1.134,0.017
-2.06,-0.263
-2.556,-0.006
-2.625,-0.193
3.104,-0.242
2.882,0.135
1.65,0.065
0.773,-0.043
0.234,-2.801
2.564,-3.773
2.604,-0.648
0.556,-0.677
-0.496,-3.933
-0.668,-2.291
-1.495,-3.003
1.718,-2.304
0.981,-1.035
0.859,-1.19
0.856,-1.037
-0.649,-2.453
-0.812,-0.363
-2.179,-0.378
2.323,-0.028
2.212,-0.32
0.861,-4.184
-2.74,0.243
2.154,0.078
1.946,0.086
-0.799,-1.22
-0.7,-4.072
-0.865,-0.251
-2.07,-1.961
-2.164,-0.245
2.686,-2.652
-0.325,-4.178
2.746,-4.246
-1.791,0.218
1.511,-2.341
1.362,-4.073
1.393,-1.204
0.833,-2.352
0.649,-0.443
0.636,-1.548
0.576,-1.583
0.505,-1.088
0.396,-2.477
0.302,-2.703
0.422,-3.319
0.245,-3.984
-0.36,-2.757
-0.441,-0.317
-0.637,-2.69
-0.723,-0.217
-0.926,-1.977
-1.068,-4.005
-0.926,-3.388
-0.96,-3.144
-0.997,-0.397
-1.197,-0.725
-1.16,-2.113
-1.369,-2.585
-1.435,-2.419
-1.713,-1.197
-1.72,-1.326
-1.805,-3.192
-1.845,-2.398
-2.353,-0.361
-2.41,-4.0
-2.556,-2.161
-2.492,-1.868
-2.629,-2.155
-2.52,-3.224
-2.821,-3.146
-3.005,-3.705
-2.896,-1.694
-3.07,-1.225
3.084,-2.172
-3.094,-1.618
3.053,-1.997
3.14,-2.054
3.007,-1.656
2.91,-3.788
2.985,-2.689
2.903,-1.869
2.758,-2.441
2.819,-3.502
2.801,-0.767
2.602,-1.626
2.329,-3.7
2.104,-3.526
1.983,-3.956
2.041,-1.017
2.012,-3.395
1.975,-2.666
1.855,-0.825
1.959,-1.04
1.799,-3.515
1.905,-2.435
1.335,-4.105
1.204,-4.181
0.685,-4.271
3.102,-4.186
2.496,-4.129
-0.029,0.191
0.064,0.235
-0.862,-0.045
-1.358,0.212
-1.427,0.025
-1.981,-0.024
-2.203,0.353
2.848,0.283
1.971,0.175
1.432,-2.583
-2.521,-3.555
-2.481,-0.43
1.754,-0.459
0.702,-3.715
0.53,-2.073
-0.297,-2.785
2.916,-2.086
2.179,-0.817
2.057,-0.972
2.054,-0.819
0.549,-2.235
0.386,-0.145
-0.981,-0.16
-2.762,0.19
-2.873,-0.102
2.059,-3.966
-1.389,-0.165
-1.597,-0.157
1.941,-1.463
2.04,-4.315
1.875,-0.494
0.67,-2.204
0.576,-0.488
-0.857,-2.895
2.415,-4.421
-0.797,-4.489
0.949,-0.025
-2.032,-2.584
-2.181,-4.316
-2.15,-1.447
-2.71,-2.595
-2.894,-0.686
-2.907,-1.791
-2.967,-1.826
-3.038,-1.331
3.136,-2.72
3.042,-2.946
-3.121,-3.562
2.985,-4.227
2.38,-3.0
2.299,-0.56
2.103,-2.933
2.017,-0.46
1.814,-2.22
1.672,-4.248
1.814,-3.631
1.78,-3.387
1.743,-0.64
1.543,-0.968
1.58,-2.356
1.371,-2.828
1.305,-2.662
1.027,-1.44
1.02,-1.569
0.935,-3.435
0.895,-2.641
0.387,-0.604
0.33,-4.243
0.184,-2.404
0.248,-2.111
0.111,-2.398
0.22,-3.467
-0.081,-3.389
-0.265,-3.948
-0.156,-1.937
-0.33,-1.468
-0.459,-2.415
-0.354,-1.861
-0.49,-2.24
-0.403,-2.297
-0.536,-1.899
-0.633,-4.031
-0.558,-2.932
-0.64,-2.112
-0.785,-2.684
-0.724,-3.745
-0.742,-1.01
-0.941,-1.869
-1.214,-3.943
-1.439,-3.769
-1.56,-4.199
-1.502,-1.26
-1.531,-3.638
-1.568,-2.909
-1.688,-1.068
-1.584,-1.283
-1.744,-3.758
-1.638,-2.678
-2.208,-4.348
-2.339,-4.424
-2.858,-4.514
-0.441,-4.429
-1.047,-4.372
2.711,-0.052
2.804,-0.008
1.878,-0.288
1.382,-0.031
1.313,-0.218
0.759,-0.267
0.537,0.11
-0.695,0.04
-1.572,-0.068
-2.111,-2.826
0.219,-3.798
0.259,-0.673
-1.789,-0.702
-2.841,-3.958
-3.013,-2.316
2.443,-3.028
-0.627,-2.329
-1.364,-1.06
-1.486,-1.215
-1.489,-1.062
-2.994,-2.478
3.126,-0.388
1.759,-0.403
-0.022,-0.053
-0.133,-0.345
-1.484,-4.209
-0.208,0.008
-2.953,-1.298
-2.854,-4.15
-3.019,-0.329
2.059,-2.039
1.965,-0.323
0.532,-2.73
-2.479,-4.256
0.592,-4.324
2.338,0.14
-0.643,-2.419
-0.792,-4.151
-0.761,-1.282
-1.321,-2.43
-1.505,-0.521
-1.518,-1.626
-1.578,-1.661
-1.649,-1.166
-1.758,-2.555
-1.852,-2.781
-1.732,-3.397
-1.909,-4.062
-2.514,-2.835
-2.595,-0.395
-2.791,-2.768
-2.877,-0.295
-3.08,-2.055
3.061,-4.083
-3.08,-3.466
-3.114,-3.222
3.132,-0.475
2.932,-0.803
2.969,-2.191
2.76,-2.663
2.694,-2.497
2.416,-1.275
2.409,-1.404
2.324,-3.27
2.284,-2.476
1.776,-0.439
1.719,-4.078
1.573,-2.239
1.637,-1.946
1.5,-2.233
1.609,-3.302
1.308,-3.224
1.124,-3.783
1.233,-1.772
1.059,-1.303
0.93,-2.25
1.035,-1.696
0.899,-2.075
0.986,-2.132
0.853,-1.734
0.756,-3.866
0.831,-2.767
0.749,-1.947
0.604,-2.519
0.665,-3.58
0.647,-0.845
0.448,-1.704
0.175,-3.778
-0.05,-3.604
-0.171,-4.034
-0.113,-1.095
-0.142,-3.473
-0.179,-2.744
-0.299,-0.903
-0.195,-1.118
-0.355,-3.593
-0.249,-2.513
-0.819,-4.183
-0.95,-4.259
-1.469,-4.349
0.948,-4.264
0.342,-4.207
-2.183,0.113
-2.09,0.157
-3.016,-0.123
2.771,0.134
2.702,-0.053
2.148,-0.102
1.926,0.275
0.694,0.205
-0.183,0.097
-0.722,-2.661
1.608,-3.633
1.648,-0.508
-0.4,-0.537
-1.452,-3.793
-1.624,-2.151
-2.451,-2.863
0.762,-2.164
0.025,-0.895
-0.097,-1.05
-0.1,-0.897
-1.605,-2.313
-1.768,-0.223
-3.135,-0.238
1.367,0.112
1.256,-0.18
-0.095,-4.044
-2.745,-1.306
-2.646,-4.158
-2.811,-0.337
2.267,-2.047
2.173,-0.331
0.74,-2.738
-2.271,-4.264
0.8,-4.332
2.546,0.132
-0.435,-2.427
-0.584,-4.159
-0.553,-1.29
-1.113,-2.438
-1.297,-0.529
-1.31,-1.634
-1.37,-1.669
-1.441,-1.174
-1.55,-2.563
-1.644,-2.789
-1.524,-3.405
-1.701,-4.07
-2.306,-2.843
-2.387,-0.403
-2.583,-2.776
-2.669,-0.303
-2.872,-2.063
-3.014,-4.091
-2.872,-3.474
-2.906,-3.23
-2.943,-0.483
3.14,-0.811
-3.106,-2.199
2.968,-2.671
2.902,-2.505
2.624,-1.283
2.617,-1.412
2.532,-3.278
2.492,-2.484
1.984,-0.447
1.927,-4.086
1.781,-2.247
1.845,-1.954
1.708,-2.241
1.817,-3.31
1.516,-3.232
1.332,-3.791
1.441,-1.78
1.267,-1.311
1.138,-2.258
1.243,-1.704
1.107,-2.083
1.194,-2.14
1.061,-1.742
0.964,-3.874
1.039,-2.775
0.957,-1.955
0.812,-2.527
0.873,-3.588
0.855,-0.853
0.656,-1.712
0.383,-3.786
0.158,-3.612
0.037,-4.042
0.095,-1.103
0.066,-3.481
0.029,-2.752
-0.091,-0.911
0.013,-1.126
-0.147,-3.601
-0.041,-2.521
-0.611,-4.191
-0.742,-4.267
-1.261,-4.357
1.156,-4.272
0.55,-4.215
-1.975,0.105
-1.882,0.149
-2.808,-0.131
2.979,0.126
2.91,-0.061
2.356,-0.11
2.134,0.267
0.902,0.197
0.025,0.089
-0.514,-2.669
1.816,-3.641
1.856,-0.516
-0.192,-0.545
-1.244,-3.801
-1.416,-2.159
-2.243,-2.871
0.97,-2.172
0.233,-0.903
0.111,-1.058
0.108,-0.905
-1.397,-2.321
-1.56,-0.231
-2.927,-0.246
1.575,0.104
1.464,-0.188
0.113,-4.052
0.099,-2.852
-0.066,0.969
-1.271,-0.741
-1.365,0.975
-2.798,-1.432
0.474,-2.958
-2.738,-3.026
-0.992,1.438
2.31,-1.121
2.161,-2.853
2.192,0.016
1.632,-1.132
1.448,0.777
1.435,-0.328
1.375,-0.363
1.304,0.132
1.195,-1.257
1.101,-1.483
1.221,-2.099
1.044,-2.764
0.439,-1.537
0.358,0.903
0.162,-1.47
0.076,1.003
-0.127,-0.757
-0.269,-2.785
-0.127,-2.168
-0.161,-1.924
-0.198,0.823
-0.398,0.495
-0.361,-0.893
-0.57,-1.365
-0.636,-1.199
-0.914,0.023
-0.921,-0.106
-1.006,-1.972
-1.046,-1.178
-1.554,0.859
-1.611,-2.78
-1.757,-0.941
-1.693,-0.648
-1.83,-0.935
-1.721,-2.004
-2.022,-1.926
-2.206,-2.485
-2.097,-0.474
-2.271,-0.005
-2.4,-0.952
-2.295,-0.398
-2.431,-0.777
-2.344,-0.834
-2.477,-0.436
-2.574,-2.568
-2.499,-1.469
-2.581,-0.649
-2.726,-1.221
-2.665,-2.282
-2.683,0.453
-2.882,-0.406
3.128,-2.48
2.903,-2.306
2.782,-2.736
2.84,0.203
2.811,-2.175
2.774,-1.446
2.654,0.395
2.758,0.18
2.598,-2.295
2.704,-1.215
2.134,-2.885
2.003,-2.961
1.484,-3.051
-2.382,-2.966
-2.988,-2.909
0.77,1.411
0.863,1.455
-0.063,1.175
-0.559,1.432
-0.628,1.245
-1.182,1.196
-1.404,1.573
-2.636,1.503
2.77,1.395
2.231,-1.363
-1.722,-2.335
-1.682,0.79
2.553,0.761
1.501,-2.495
1.329,-0.853
0.502,-1.565
-2.568,-0.866
2.978,0.403
2.856,0.248
2.853,0.401
1.348,-1.015
1.185,1.075
-0.182,1.06
-1.963,1.41
-2.074,1.118
2.858,-2.746
-0.165,3.821
-1.37,2.111
-1.464,3.827
-2.897,1.42
0.375,-0.106
-2.837,-0.174
-1.091,4.29
2.211,1.731
2.062,-0.001
2.093,2.868
1.533,1.72
1.349,3.629
1.336,2.524
1.276,2.489
1.205,2.984
1.096,1.595
1.002,1.369
1.122,0.753
0.945,0.088
0.34,1.315
0.259,3.755
0.063,1.382
-0.023,3.855
-0.226,2.095
-0.368,0.067
-0.226,0.684
-0.26,0.928
-0.297,3.675
-0.497,3.347
-0.46,1.959
-0.669,1.487
-0.735,1.653
-1.013,2.875
-1.02,2.746
-1.105,0.88
-1.145,1.674
-1.653,3.711
-1.71,0.072
-1.856,1.911
-1.792,2.204
-1.929,1.917
-1.82,0.848
-2.121,0.926
-2.305,0.367
-2.196,2.378
-2.37,2.847
-2.499,1.9
-2.394,2.454
-2.53,2.075
-2.443,2.018
-2.576,2.416
-2.673,0.284
-2.598,1.383
-2.68,2.203
-2.825,1.631
-2.764,0.57
-2.782,3.305
-2.981,2.446
3.029,0.372
2.804,0.546
2.683,0.116
2.741,3.055
2.712,0.677
2.675,1.406
2.555,3.247
2.659,3.032
2.499,0.557
2.605,1.637
2.035,-0.033
1.904,-0.109
1.385,-0.199
-2.481,-0.114
-3.087,-0.057
0.671,4.263
0.764,4.307
-0.162,4.027
-0.658,4.284
-0.727,4.097
-1.281,4.048
-1.503,4.425
-2.735,4.355
2.671,4.247
2.132,1.489
-1.821,0.517
-1.781,3.642
2.454,3.613
1.402,0.357
1.23,1.999
0.403,1.287
-2.667,1.986
2.879,3.255
2.757,3.1
2.754,3.253
1.249,1.837
1.086,3.927
-0.281,3.912
-2.062,4.262
-2.173,3.97
2.759,0.106
-1.205,-1.71
-1.299,0.006
-2.732,-2.401
0.54,-3.927
-2.672,-3.995
-0.926,0.469
2.376,-2.09
2.227,-3.822
2.258,-0.953
1.698,-2.101
1.514,-0.192
1.501,-1.297
1.441,-1.332
1.37,-0.837
1.261,-2.226
1.167,-2.452
1.287,-3.068
1.11,-3.733
0.505,-2.506
0.424,-0.066
0.228,-2.439
0.142,0.034
-0.061,-1.726
-0.203,-3.754
-0.061,-3.137
-0.095,-2.893
-0.132,-0.146
-0.332,-0.474
-0.295,-1.862
-0.504,-2.334
-0.57,-2.168
-0.848,-0.946
-0.855,-1.075
-0.94,-2.941
-0.98,-2.147
-1.488,-0.11
-1.545,-3.749
-1.691,-1.91
-1.627,-1.617
-1.764,-1.904
-1.655,-2.973
-1.956,-2.895
-2.14,-3.454
-2.031,-1.443
-2.205,-0.974
-2.334,-1.921
-2.229,-1.367
-2.365,-1.746
-2.278,-1.803
-2.411,-1.405
-2.508,-3.537
-2.433,-2.438
-2.515,-1.618
-2.66,-2.19
-2.599,-3.251
-2.617,-0.516
-2.816,-1.375
-3.089,-3.449
2.969,-3.275
2.848,-3.705
2.906,-0.766
2.877,-3.144
2.84,-2.415
2.72,-0.574
2.824,-0.789
2.664,-3.264
2.77,-2.184
2.2,-3.854
2.069,-3.93
1.55,-4.02
-2.316,-3.935
-2.922,-3.878
0.836,0.442
0.929,0.486
0.003,0.206
-0.493,0.463
-0.562,0.276
-1.116,0.227
-1.338,0.604
-2.57,0.534
2.836,0.426
2.297,-2.332
-1.656,-3.304
-1.616,-0.179
2.619,-0.208
1.567,-3.464
1.395,-1.822
0.568,-2.534
-2.502,-1.835
3.044,-0.566
2.922,-0.721
2.919,-0.568
1.414,-1.984
1.251,0.106
-0.116,0.091
-1.897,0.441
-2.008,0.149
2.924,-3.715
-0.094,1.716
-1.527,-0.691
1.745,-2.217
-1.467,-2.285
0.279,2.179
-2.702,-0.38
-2.851,-2.112
-2.82,0.757
2.903,-0.391
2.719,1.518
2.706,0.413
2.646,0.378
2.575,0.873
2.466,-0.516
2.372,-0.742
2.492,-1.358
2.315,-2.023
1.71,-0.796
1.629,1.644
1.433,-0.729
1.347,1.744
1.144,-0.016
1.002,-2.044
1.144,-1.427
1.11,-1.183
1.073,1.564
0.873,1.236
0.91,-0.152
0.701,-0.624
0.635,-0.458
0.357,0.764
0.35,0.635
0.265,-1.231
0.225,-0.437
-0.283,1.6
-0.34,-2.039
-0.486,-0.2
-0.422,0.093
-0.559,-0.194
-0.45,-1.263
-0.751,-1.185
-0.935,-1.744
-0.826,0.267
-1.0,0.736
-1.129,-0.211
-1.024,0.343
-1.16,-0.036
-1.073,-0.093
-1.206,0.305
-1.303,-1.827
-1.228,-0.728
-1.31,0.092
-1.455,-0.48
-1.394,-1.541
-1.412,1.194
-1.611,0.335
-1.884,-1.739
-2.109,-1.565
-2.23,-1.995
-2.172,0.944
-2.201,-1.434
-2.238,-0.705
-2.358,1.136
-2.254,0.921
-2.414,-1.554
-2.308,-0.474
-2.878,-2.144
-3.009,-2.22
2.755,-2.31
-1.111,-2.225
-1.717,-2.168
2.041,2.152
2.134,2.196
1.208,1.916
0.712,2.173
0.643,1.986
0.089,1.937
-0.133,2.314
-1.365,2.244
-2.242,2.136
-2.781,-0.622
-0.451,-1.594
-0.411,1.531
-2.459,1.502
2.772,-1.754
2.6,-0.112
1.773,-0.824
-1.297,-0.125
-2.034,1.144
-2.156,0.989
-2.159,1.142
2.619,-0.274
2.456,1.816
1.089,1.801
-0.692,2.151
-0.803,1.859
-2.154,-2.005
-1.433,-2.407
1.839,-3.933
-1.373,-4.001
0.373,0.463
-2.608,-2.096
-2.757,-3.828
-2.726,-0.959
2.997,-2.107
2.813,-0.198
2.8,-1.303
2.74,-1.338
2.669,-0.843
2.56,-2.232
2.466,-2.458
2.586,-3.074
2.409,-3.739
1.804,-2.512
1.723,-0.072
1.527,-2.445
1.441,0.028
1.238,-1.732
1.096,-3.76
1.238,-3.143
1.204,-2.899
1.167,-0.152
0.967,-0.48
1.004,-1.868
0.795,-2.34
0.729,-2.174
0.451,-0.952
0.444,-1.081
0.359,-2.947
0.319,-2.153
-0.189,-0.116
-0.246,-3.755
-0.392,-1.916
-0.328,-1.623
-0.465,-1.91
-0.356,-2.979
-0.657,-2.901
-0.841,-3.46
-0.732,-1.449
-0.906,-0.98
-1.035,-1.927
-0.93,-1.373
-1.066,-1.752
-0.979,-1.809
-1.112,-1.411
-1.209,-3.543
-1.134,-2.444
-1.216,-1.624
-1.361,-2.196
-1.3,-3.257
-1.318,-0.522
-1.517,-1.381
-1.79,-3.455
-2.015,-3.281
-2.136,-3.711
-2.078,-0.772
-2.107,-3.15
-2.144,-2.421
-2.264,-0.58
-2.16,-0.795
-2.32,-3.27
-2.214,-2.19
-2.784,-3.86
-2.915,-3.936
2.849,-4.026
-1.017,-3.941
-1.623,-3.884
2.135,0.436
2.228,0.48
1.302,0.2
0.806,0.457
0.737,0.27
0.183,0.221
-0.039,0.598
-1.271,0.528
-2.148,0.42
-2.687,-2.338
-0.357,-3.31
-0.317,-0.185
-2.365,-0.214
2.866,-3.47
2.694,-1.828
1.867,-2.54
-1.203,-1.841
-1.94,-0.572
-2.062,-0.727
-2.065,-0.574
2.713,-1.99
2.55,0.1
1.183,0.085
-0.598,0.435
-0.709,0.143
-2.06,-3.721
-3.011,-1.526
0.06,-1.594
1.806,2.87
-1.175,0.311
-1.324,-1.421
-1.293,1.448
-1.853,0.3
-2.037,2.209
-2.05,1.104
-2.11,1.069
-2.181,1.564
-2.29,0.175
-2.384,-0.051
-2.264,-0.667
-2.441,-1.332
-3.046,-0.105
-3.127,2.335
2.96,-0.038
2.874,2.435
2.671,0.675
2.529,-1.353
2.671,-0.736
2.637,-0.492
2.6,2.255
2.4,1.927
2.437,0.539
2.228,0.067
2.162,0.233
1.884,1.455
1.877,1.326
1.792,-0.54
1.752,0.254
1.244,2.291
1.187,-1.348
1.041,0.491
1.105,0.784
0.968,0.497
1.077,-0.572
0.776,-0.494
0.592,-1.053
0.701,0.958
0.527,1.427
0.398,0.48
0.503,1.034
0.367,0.655
0.454,0.598
0.321,0.996
0.224,-1.136
0.299,-0.037
0.217,0.783
0.072,0.211
0.133,-0.85
0.115,1.885
-0.084,1.026
-0.357,-1.048
-0.582,-0.874
-0.703,-1.304
-0.645,1.635
-0.674,-0.743
-0.711,-0.014
-0.831,1.827
-0.727,1.612
-0.887,-0.863
-0.781,0.217
-1.351,-1.453
-1.482,-1.529
-2.001,-1.619
0.416,-1.534
-0.19,-1.477
-2.715,2.843
-2.622,2.887
2.735,2.607
2.239,2.864
2.17,2.677
1.616,2.628
1.394,3.005
0.162,2.935
-0.715,2.827
-1.254,0.069
1.076,-0.903
1.116,2.222
-0.932,2.193
-1.984,-1.063
-2.156,0.579
-2.983,-0.133
0.23,0.566
-0.507,1.835
-0.629,1.68
-0.632,1.833
-2.137,0.417
-2.3,2.507
2.616,2.492
0.835,2.842
0.724,2.55
-0.627,-1.314
3.071,-0.068
-1.466,4.396
1.836,1.837
1.687,0.105
1.718,2.974
1.158,1.826
0.974,3.735
0.961,2.63
0.901,2.595
0.83,3.09
0.721,1.701
0.627,1.475
0.747,0.859
0.57,0.194
-0.035,1.421
-0.116,3.861
-0.312,1.488
-0.398,3.961
-0.601,2.201
-0.743,0.173
-0.601,0.79
-0.635,1.034
-0.672,3.781
-0.872,3.453
-0.835,2.065
-1.044,1.593
-1.11,1.759
-1.388,2.981
-1.395,2.852
-1.48,0.986
-1.52,1.78
-2.028,3.817
-2.085,0.178
-2.231,2.017
-2.167,2.31
-2.304,2.023
-2.195,0.954
-2.496,1.032
-2.68,0.473
-2.571,2.484
-2.745,2.953
-2.874,2.006
-2.769,2.56
-2.905,2.181
-2.818,2.124
-2.951,2.522
-3.048,0.39
-2.973,1.489
-3.055,2.309
3.083,1.737
-3.139,0.676
3.126,3.411
2.927,2.552
2.654,0.478
2.429,0.652
2.308,0.222
2.366,3.161
2.337,0.783
2.3,1.512
2.18,3.353
2.284,3.138
2.124,0.663
2.23,1.743
1.66,0.073
1.529,-0.003
1.01,-0.093
-2.856,-0.008
2.821,0.049
0.296,4.369
0.389,4.413
-0.537,4.133
-1.033,4.39
-1.102,4.203
-1.656,4.154
-1.878,4.531
-3.11,4.461
2.296,4.353
1.757,1.595
-2.196,0.623
-2.156,3.748
2.079,3.719
1.027,0.463
0.855,2.105
0.028,1.393
-3.042,2.092
2.504,3.361
2.382,3.206
2.379,3.359
0.874,1.943
0.711,4.033
-0.656,4.018
-2.437,4.368
-2.548,4.076
2.384,0.212
1.746,4.464
-1.235,1.905
-1.384,0.173
-1.353,3.042
-1.913,1.894
-2.097,3.803
-2.11,2.698
-2.17,2.663
-2.241,3.158
-2.35,1.769
-2.444,1.543
-2.324,0.927
-2.501,0.262
-3.106,1.489
3.096,3.929
2.9,1.556
2.814,4.029
2.611,2.269
2.469,0.241
2.611,0.858
2.577,1.102
2.54,3.849
2.34,3.521
2.377,2.133
2.168,1.661
2.102,1.827
1.824,3.049
1.817,2.92
1.732,1.054
1.692,1.848
1.184,3.885
1.127,0.246
0.981,2.085
1.045,2.378
0.908,2.091
1.017,1.022
0.716,1.1
0.532,0.541
0.641,2.552
0.467,3.021
0.338,2.074
0.443,2.628
0.307,2.249
0.394,2.192
0.261,2.59
0.164,0.458
0.239,1.557
0.157,2.377
0.012,1.805
0.073,0.744
0.055,3.479
-0.144,2.62
-0.417,0.546
-0.642,0.72
-0.763,0.29
-0.705,3.229
-0.734,0.851
-0.771,1.58
-0.891,3.421
-0.787,3.206
-0.947,0.731
-0.841,1.811
-1.411,0.141
-1.542,0.065
-2.061,-0.025
0.356,0.06
-0.25,0.117
-2.775,4.437
-2.682,4.481
2.675,4.201
2.179,4.458
2.11,4.271
1.556,4.222
1.334,4.599
0.102,4.529
-0.775,4.421
-1.314,1.663
1.016,0.691
1.056,3.816
-0.992,3.787
-2.044,0.531
-2.216,2.173
-3.043,1.461
0.17,2.16
-0.567,3.429
-0.689,3.274
-0.692,3.427
-2.197,2.011
-2.36,4.101
2.556,4.086
0.775,4.436
0.664,4.144
-0.687,0.28
-2.981,-2.559
-3.13,-4.291
-3.099,-1.422
2.624,-2.57
2.44,-0.661
2.427,-1.766
2.367,-1.801
2.296,-1.306
2.187,-2.695
2.093,-2.921
2.213,-3.537
2.036,-4.202
1.431,-2.975
1.35,-0.535
1.154,-2.908
1.068,-0.435
0.865,-2.195
0.723,-4.223
0.865,-3.606
0.831,-3.362
0.794,-0.615
0.594,-0.943
0.631,-2.331
0.422,-2.803
0.356,-2.637
0.078,-1.415
0.071,-1.544
-0.014,-3.41
-0.054,-2.616
-0.562,-0.579
-0.619,-4.218
-0.765,-2.379
-0.701,-2.086
-0.838,-2.373
-0.729,-3.442
-1.03,-3.364
-1.214,-3.923
-1.105,-1.912
-1.279,-1.443
-1.408,-2.39
-1.303,-1.836
-1.439,-2.215
-1.352,-2.272
-1.485,-1.874
-1.582,-4.006
-1.507,-2.907
-1.589,-2.087
-1.734,-2.659
-1.673,-3.72
-1.691,-0.985
-1.89,-1.844
-2.163,-3.918
-2.388,-3.744
-2.509,-4.174
-2.451,-1.235
-2.48,-3.613
-2.517,-2.884
-2.637,-1.043
-2.533,-1.258
-2.693,-3.733
-2.587,-2.653
3.126,-4.323
2.995,-4.399
2.476,-4.489
-1.39,-4.404
-1.996,-4.347
1.762,-0.027
1.855,0.017
0.929,-0.263
0.433,-0.006
0.364,-0.193
-0.19,-0.242
-0.412,0.135
-1.644,0.065
-2.521,-0.043
-3.06,-2.801
-0.73,-3.773
-0.69,-0.648
-2.738,-0.677
2.493,-3.933
2.321,-2.291
1.494,-3.003
-1.576,-2.304
-2.313,-1.035
-2.435,-1.19
-2.438,-1.037
2.34,-2.453
2.177,-0.363
0.81,-0.378
-0.971,-0.028
-1.082,-0.32
-2.433,-4.184
-0.149,-1.732
-0.118,1.137
-0.678,-0.011
-0.862,1.898
-0.875,0.793
-0.935,0.758
-1.006,1.253
-1.115,-0.136
-1.209,-0.362
-1.089,-0.978
-1.266,-1.643
-1.871,-0.416
-1.952,2.024
-2.148,-0.349
-2.234,2.124
-2.437,0.364
-2.579,-1.664
-2.437,-1.047
-2.471,-0.803
-2.508,1.944
-2.708,1.616
-2.671,0.228
-2.88,-0.244
-2.946,-0.078
3.059,1.144
3.052,1.015
2.967,-0.851
2.927,-0.057
2.419,1.98
2.362,-1.659
2.216,0.18
2.28,0.473
2.143,0.186
2.252,-0.883
1.951,-0.805
1.767,-1.364
1.876,0.647
1.702,1.116
1.573,0.169
1.678,0.723
1.542,0.344
1.629,0.287
1.496,0.685
1.399,-1.447
1.474,-0.348
1.392,0.472
1.247,-0.1
1.308,-1.161
1.29,1.574
1.091,0.715
0.818,-1.359
0.593,-1.185
0.472,-1.615
0.53,1.324
0.501,-1.054
0.464,-0.325
0.344,1.516
0.448,1.301
0.288,-1.174
0.394,-0.094
-0.176,-1.764
-0.307,-1.84
-0.826,-1.93
1.591,-1.845
0.985,-1.788
-1.54,2.532
-1.447,2.576
-2.373,2.296
-2.869,2.553
-2.938,2.366
2.791,2.317
2.569,2.694
1.337,2.624
0.46,2.516
-0.079,-0.242
2.251,-1.214
2.291,1.911
0.243,1.882
-0.809,-1.374
-0.981,0.268
-1.808,-0.444
1.405,0.255
0.668,1.524
0.546,1.369
0.543,1.522
-0.962,0.106
-1.125,2.196
-2.492,2.181
2.01,2.531
1.899,2.239
0.548,-1.625
0.031,2.869
-0.529,1.721
-0.713,3.63
-0.726,2.525
-0.786,2.49
-0.857,2.985
-0.966,1.596
-1.06,1.37
-0.94,0.754
-1.117,0.089
-1.722,1.316
-1.803,3.756
-1.999,1.383
-2.085,3.856
-2.288,2.096
-2.43,0.068
-2.288,0.685
-2.322,0.929
-2.359,3.676
-2.559,3.348
-2.522,1.96
-2.731,1.488
-2.797,1.654
-3.075,2.876
-3.082,2.747
3.116,0.881
3.076,1.675
2.568,3.712
2.511,0.073
2.365,1.912
2.429,2.205
2.292,1.918
2.401,0.849
2.1,0.927
1.916,0.368
2.025,2.379
1.851,2.848
1.722,1.901
1.827,2.455
1.691,2.076
1.778,2.019
1.645,2.417
1.548,0.285
1.623,1.384
1.541,2.204
1.396,1.632
1.457,0.571
1.439,3.306
1.24,2.447
0.967,0.373
0.742,0.547
0.621,0.117
0.679,3.056
0.65,0.678
0.613,1.407
0.493,3.248
0.597,3.033
0.437,0.558
0.543,1.638
-0.027,-0.032
-0.158,-0.108
-0.677,-0.198
1.74,-0.113
1.134,-0.056
-1.391,4.264
-1.298,4.308
-2.224,4.028
-2.72,4.285
-2.789,4.098
2.94,4.049
2.718,4.426
1.486,4.356
0.609,4.248
0.07,1.49
2.4,0.518
2.44,3.643
0.392,3.614
-0.66,0.358
-0.832,2.0
-1.659,1.288
1.554,1.987
0.817,3.256
0.695,3.101
0.692,3.254
-0.813,1.838
-0.976,3.928
-2.343,3.913
2.159,4.263
2.048,3.971
0.697,0.107
-0.56,-1.148
-0.744,0.761
-0.757,-0.344
-0.817,-0.379
-0.888,0.116
-0.997,-1.273
-1.091,-1.499
-0.971,-2.115
-1.148,-2.78
-1.753,-1.553
-1.834,0.887
-2.03,-1.486
-2.116,0.987
-2.319,-0.773
-2.461,-2.801
-2.319,-2.184
-2.353,-1.94
-2.39,0.807
-2.59,0.479
-2.553,-0.909
-2.762,-1.381
-2.828,-1.215
-3.106,0.007
-3.113,-0.122
3.085,-1.988
3.045,-1.194
2.537,0.843
2.48,-2.796
2.334,-0.957
2.398,-0.664
2.261,-0.951
2.37,-2.02
2.069,-1.942
1.885,-2.501
1.994,-0.49
1.82,-0.021
1.691,-0.968
1.796,-0.414
1.66,-0.793
1.747,-0.85
1.614,-0.452
1.517,-2.584
1.592,-1.485
1.51,-0.665
1.365,-1.237
1.426,-2.298
1.408,0.437
1.209,-0.422
0.936,-2.496
0.711,-2.322
0.59,-2.752
0.648,0.187
0.619,-2.191
0.582,-1.462
0.462,0.379
0.566,0.164
0.406,-2.311
0.512,-1.231
-0.058,-2.901
-0.189,-2.977
-0.708,-3.067
1.709,-2.982
1.103,-2.925
-1.422,1.395
-1.329,1.439
-2.255,1.159
-2.751,1.416
-2.82,1.229
2.909,1.18
2.687,1.557
1.455,1.487
0.578,1.379
0.039,-1.379
2.369,-2.351
2.409,0.774
0.361,0.745
-0.691,-2.511
-0.863,-0.869
-1.69,-1.581
1.523,-0.882
0.786,0.387
0.664,0.232
0.661,0.385
-0.844,-1.031
-1.007,1.059
-2.374,1.044
2.128,1.394
2.017,1.102
0.666,-2.762
-0.184,1.909
-0.197,0.804
-0.257,0.769
-0.328,1.264
-0.437,-0.125
-0.531,-0.351
-0.411,-0.967
-0.588,-1.632
-1.193,-0.405
-1.274,2.035
-1.47,-0.338
-1.556,2.135
-1.759,0.375
-1.901,-1.653
-1.759,-1.036
-1.793,-0.792
-1.83,1.955
-2.03,1.627
-1.993,0.239
-2.202,-0.233
-2.268,-0.067
-2.546,1.155
-2.553,1.026
-2.638,-0.84
-2.678,-0.046
3.097,1.991
3.04,-1.648
2.894,0.191
2.958,0.484
2.821,0.197
2.93,-0.872
2.629,-0.794
2.445,-1.353
2.554,0.658
2.38,1.127
2.251,0.18
2.356,0.734
2.22,0.355
2.307,0.298
2.174,0.696
2.077,-1.436
2.152,-0.337
2.07,0.483
1.925,-0.089
1.986,-1.15
1.968,1.585
1.769,0.726
1.496,-1.348
1.271,-1.174
1.15,-1.604
1.208,1.335
1.179,-1.043
1.142,-0.314
1.022,1.527
1.126,1.312
0.966,-1.163
1.072,-0.083
0.502,-1.753
0.371,-1.829
-0.148,-1.919
2.269,-1.834
1.663,-1.777
-0.862,2.543
-0.769,2.587
-1.695,2.307
-2.191,2.564
-2.26,2.377
-2.814,2.328
-3.036,2.705
2.015,2.635
1.138,2.527
0.599,-0.231
2.929,-1.203
2.969,1.922
0.921,1.893
-0.131,-1.363
-0.303,0.279
-1.13,-0.433
2.083,0.266
1.346,1.535
1.224,1.38
1.221,1.533
-0.284,0.117
-0.447,2.207
-1.814,2.192
2.688,2.542
2.577,2.25
1.226,-1.614
-0.013,-1.105
-0.073,-1.14
-0.144,-0.645
-0.253,-2.034
-0.347,-2.26
-0.227,-2.876
-0.404,-3.541
-1.009,-2.314
-1.09,0.126
-1.286,-2.247
-1.372,0.226
-1.575,-1.534
-1.717,-3.562
-1.575,-2.945
-1.609,-2.701
-1.646,0.046
-1.846,-0.282
-1.809,-1.67
-2.018,-2.142
-2.084,-1.976
-2.362,-0.754
-2.369,-0.883
-2.454,-2.749
-2.494,-1.955
-3.002,0.082
-3.059,-3.557
3.078,-1.718
-3.141,-1.425
3.005,-1.712
3.114,-2.781
2.813,-2.703
2.629,-3.262
2.738,-1.251
2.564,-0.782
2.435,-1.729
2.54,-1.175
2.404,-1.554
2.491,-1.611
2.358,-1.213
2.261,-3.345
2.336,-2.246
2.254,-1.426
2.109,-1.998
2.17,-3.059
2.152,-0.324
1.953,-1.183
1.68,-3.257
1.455,-3.083
1.334,-3.513
1.392,-0.574
1.363,-2.952
1.326,-2.223
1.206,-0.382
1.31,-0.597
1.15,-3.072
1.256,-1.992
0.686,-3.662
0.555,-3.738
0.036,-3.828
2.453,-3.743
1.847,-3.686
-0.678,0.634
-0.585,0.678
-1.511,0.398
-2.007,0.655
-2.076,0.468
-2.63,0.419
-2.852,0.796
2.199,0.726
1.322,0.618
0.783,-2.14
3.113,-3.112
-3.13,0.013
1.105,-0.016
0.053,-3.272
-0.119,-1.63
-0.946,-2.342
2.267,-1.643
1.53,-0.374
1.408,-0.529
1.405,-0.376
-0.1,-1.792
-0.263,0.298
-1.63,0.283
2.872,0.633
2.761,0.341
1.41,-3.523
-0.06,-0.035
-0.131,0.46
-0.24,-0.929
-0.334,-1.155
-0.214,-1.771
-0.391,-2.436
-0.996,-1.209
-1.077,1.231
-1.273,-1.142
-1.359,1.331
-1.562,-0.429
-1.704,-2.457
-1.562,-1.84
-1.596,-1.596
-1.633,1.151
-1.833,0.823
-1.796,-0.565
-2.005,-1.037
-2.071,-0.871
-2.349,0.351
-2.356,0.222
-2.441,-1.644
-2.481,-0.85
-2.989,1.187
-3.046,-2.452
3.091,-0.613
-3.128,-0.32
3.018,-0.607
3.127,-1.676
2.826,-1.598
2.642,-2.157
2.751,-0.146
2.577,0.323
2.448,-0.624
2.553,-0.07
2.417,-0.449
2.504,-0.506
2.371,-0.108
2.274,-2.24
2.349,-1.141
2.267,-0.321
2.122,-0.893
2.183,-1.954
2.165,0.781
1.966,-0.078
1.693,-2.152
1.468,-1.978
1.347,-2.408
1.405,0.531
1.376,-1.847
1.339,-1.118
1.219,0.723
1.323,0.508
1.163,-1.967
1.269,-0.887
0.699,-2.557
0.568,-2.633
0.049,-2.723
2.466,-2.638
1.86,-2.581
-0.665,1.739
-0.572,1.783
-1.498,1.503
-1.994,1.76
-2.063,1.573
-2.617,1.524
-2.839,1.901
2.212,1.831
1.335,1.723
0.796,-1.035
3.126,-2.007
-3.117,1.118
1.118,1.089
0.066,-2.167
-0.106,-0.525
-0.933,-1.237
2.28,-0.538
1.543,0.731
1.421,0.576
1.418,0.729
-0.087,-0.687
-0.25,1.403
-1.617,1.388
2.885,1.738
2.774,1.446
1.423,-2.418
-0.071,0.495
-0.18,-0.894
-0.274,-1.12
-0.154,-1.736
-0.331,-2.401
-0.936,-1.174
-1.017,1.266
-1.213,-1.107
-1.299,1.366
-1.502,-0.394
-1.644,-2.422
-1.502,-1.805
-1.536,-1.561
-1.573,1.186
-1.773,0.858
-1.736,-0.53
-1.945,-1.002
-2.011,-0.836
-2.289,0.386
-2.296,0.257
-2.381,-1.609
-2.421,-0.815
-2.929,1.222
-2.986,-2.417
-3.132,-0.578
-3.068,-0.285
3.078,-0.572
-3.096,-1.641
2.886,-1.563
2.702,-2.122
2.811,-0.111
2.637,0.358
2.508,-0.589
2.613,-0.035
2.477,-0.414
2.564,-0.471
2.431,-0.073
2.334,-2.205
2.409,-1.106
2.327,-0.286
2.182,-0.858
2.243,-1.919
2.225,0.816
2.026,-0.043
1.753,-2.117
1.528,-1.943
1.407,-2.373
1.465,0.566
1.436,-1.812
1.399,-1.083
1.279,0.758
1.383,0.543
1.223,-1.932
1.329,-0.852
0.759,-2.522
0.628,-2.598
0.109,-2.688
2.526,-2.603
1.92,-2.546
-0.605,1.774
-0.512,1.818
-1.438,1.538
-1.934,1.795
-2.003,1.608
-2.557,1.559
-2.779,1.936
2.272,1.866
1.395,1.758
0.856,-1.0
-3.097,-1.972
-3.057,1.153
1.178,1.124
0.126,-2.132
-0.046,-0.49
-0.873,-1.202
2.34,-0.503
1.603,0.766
1.481,0.611
1.478,0.764
-0.027,-0.652
-0.19,1.438
-1.557,1.423
2.945,1.773
2.834,1.481
1.483,-2.383
-0.109,-1.389
-0.203,-1.615
-0.083,-2.231
-0.26,-2.896
-0.865,-1.669
-0.946,0.771
-1.142,-1.602
-1.228,0.871
-1.431,-0.889
-1.573,-2.917
-1.431,-2.3
-1.465,-2.056
-1.502,0.691
-1.702,0.363
-1.665,-1.025
-1.874,-1.497
-1.94,-1.331
-2.218,-0.109
-2.225,-0.238
-2.31,-2.104
-2.35,-1.31
-2.858,0.727
-2.915,-2.912
-3.061,-1.073
-2.997,-0.78
-3.134,-1.067
-3.025,-2.136
2.957,-2.058
2.773,-2.617
2.882,-0.606
2.708,-0.137
2.579,-1.084
2.684,-0.53
2.548,-0.909
2.635,-0.966
2.502,-0.568
2.405,-2.7
2.48,-1.601
2.398,-0.781
2.253,-1.353
2.314,-2.414
2.296,0.321
2.097,-0.538
1.824,-2.612
1.599,-2.438
1.478,-2.868
1.536,0.071
1.507,-2.307
1.47,-1.578
1.35,0.263
1.454,0.048
1.294,-2.427
1.4,-1.347
0.83,-3.017
0.699,-3.093
0.18,-3.183
2.597,-3.098
1.991,-3.041
-0.534,1.279
-0.441,1.323
-1.367,1.043
-1.863,1.3
-1.932,1.113
-2.486,1.064
-2.708,1.441
2.343,1.371
1.466,1.263
0.927,-1.495
-3.026,-2.467
-2.986,0.658
1.249,0.629
0.197,-2.627
0.025,-0.985
-0.802,-1.697
2.411,-0.998
1.674,0.271
1.552,0.116
1.549,0.269
0.044,-1.147
-0.119,0.943
-1.486,0.928
3.016,1.278
2.905,0.986
1.554,-2.878
-0.094,-0.226
0.026,-0.842
-0.151,-1.507
-0.756,-0.28
-0.837,2.16
-1.033,-0.213
-1.119,2.26
-1.322,0.5
-1.464,-1.528
-1.322,-0.911
-1.356,-0.667
-1.393,2.08
-1.593,1.752
-1.556,0.364
-1.765,-0.108
-1.831,0.058
-2.109,1.28
-2.116,1.151
-2.201,-0.715
-2.241,0.079
-2.749,2.116
-2.806,-1.523
-2.952,0.316
-2.888,0.609
-3.025,0.322
-2.916,-0.747
3.066,-0.669
2.882,-1.228
2.991,0.783
2.817,1.252
2.688,0.305
2.793,0.859
2.657,0.48
2.744,0.423
2.611,0.821
2.514,-1.311
2.589,-0.212
2.507,0.608
2.362,0.036
2.423,-1.025
2.405,1.71
2.206,0.851
1.933,-1.223
1.708,-1.049
1.587,-1.479
1.645,1.46
1.616,-0.918
1.579,-0.189
1.459,1.652
1.563,1.437
1.403,-1.038
1.509,0.042
0.939,-1.628
0.808,-1.704
0.289,-1.794
2.706,-1.709
2.1,-1.652
-0.425,2.668
-0.332,2.712
-1.258,2.432
-1.754,2.689
-1.823,2.502
-2.377,2.453
-2.599,2.83
2.452,2.76
1.575,2.652
1.036,-0.106
-2.917,-1.078
-2.877,2.047
1.358,2.018
0.306,-1.238
0.134,0.404
-0.693,-0.308
2.52,0.391
1.783,1.66
1.661,1.505
1.658,1.658
0.153,0.242
-0.01,2.332
-1.377,2.317
3.125,2.667
3.014,2.375
1.663,-1.489
0.12,-0.616
-0.057,-1.281
-0.662,-0.054
-0.743,2.386
-0.939,0.013
-1.025,2.486
-1.228,0.726
-1.37,-1.302
-1.228,-0.685
-1.262,-0.441
-1.299,2.306
-1.499,1.978
-1.462,0.59
-1.671,0.118
-1.737,0.284
-2.015,1.506
-2.022,1.377
-2.107,-0.489
-2.147,0.305
-2.655,2.342
-2.712,-1.297
-2.858,0.542
-2.794,0.835
-2.931,0.548
-2.822,-0.521
-3.123,-0.443
2.976,-1.002
3.085,1.009
2.911,1.478
2.782,0.531
2.887,1.085
2.751,0.706
2.838,0.649
2.705,1.047
2.608,-1.085
2.683,0.014
2.601,0.834
2.456,0.262
2.517,-0.799
2.499,1.936
2.3,1.077
2.027,-0.997
1.802,-0.823
1.681,-1.253
1.739,1.686
1.71,-0.692
1.673,0.037
1.553,1.878
1.657,1.663
1.497,-0.812
1.603,0.268
1.033,-1.402
0.902,-1.478
0.383,-1.568
2.8,-1.483
2.194,-1.426
-0.331,2.894
-0.238,2.938
-1.164,2.658
-1.66,2.915
-1.729,2.728
-2.283,2.679
-2.505,3.056
2.546,2.986
1.669,2.878
1.13,0.12
-2.823,-0.852
-2.783,2.273
1.452,2.244
0.4,-1.012
0.228,0.63
-0.599,-0.082
2.614,0.617
1.877,1.886
1.755,1.731
1.752,1.884
0.247,0.468
0.084,2.558
-1.283,2.543
-3.064,2.893
3.108,2.601
1.757,-1.263
-0.177,-0.665
-0.782,0.562
-0.863,3.002
-1.059,0.629
-1.145,3.102
-1.348,1.342
-1.49,-0.686
-1.348,-0.069
-1.382,0.175
-1.419,2.922
-1.619,2.594
-1.582,1.206
-1.791,0.734
-1.857,0.9
-2.135,2.122
-2.142,1.993
-2.227,0.127
-2.267,0.921
-2.775,2.958
-2.832,-0.681
-2.978,1.158
-2.914,1.451
-3.051,1.164
-2.942,0.095
3.04,0.173
2.856,-0.386
2.965,1.625
2.791,2.094
2.662,1.147
2.767,1.701
2.631,1.322
2.718,1.265
2.585,1.663
2.488,-0.469
2.563,0.63
2.481,1.45
2.336,0.878
2.397,-0.183
2.379,2.552
2.18,1.693
1.907,-0.381
1.682,-0.207
1.561,-0.637
1.619,2.302
1.59,-0.076
1.553,0.653
1.433,2.494
1.537,2.279
1.377,-0.196
1.483,0.884
0.913,-0.786
0.782,-0.862
0.263,-0.952
2.68,-0.867
2.074,-0.81
-0.451,3.51
-0.358,3.554
-1.284,3.274
-1.78,3.531
-1.849,3.344
-2.403,3.295
-2.625,3.672
2.426,3.602
1.549,3.494
1.01,0.736
-2.943,-0.236
-2.903,2.889
1.332,2.86
0.28,-0.396
0.108,1.246
-0.719,0.534
2.494,1.233
1.757,2.502
1.635,2.347
1.632,2.5
0.127,1.084
-0.036,3.174
-1.403,3.159
3.099,3.509
2.988,3.217
1.637,-0.647
-0.605,1.227
-0.686,3.667
-0.882,1.294
-0.968,3.767
-1.171,2.007
-1.313,-0.021
-1.171,0.596
-1.205,0.84
-1.242,3.587
-1.442,3.259
-1.405,1.871
-1.614,1.399
-1.68,1.565
-1.958,2.787
-1.965,2.658
-2.05,0.792
-2.09,1.586
-2.598,3.623
-2.655,-0.016
-2.801,1.823
-2.737,2.116
-2.874,1.829
-2.765,0.76
-3.066,0.838
3.033,0.279
-3.141,2.29
2.968,2.759
2.839,1.812
2.944,2.366
2.808,1.987
2.895,1.93
2.762,2.328
2.665,0.196
2.74,1.295
2.658,2.115
2.513,1.543
2.574,0.482
2.556,3.217
2.357,2.358
2.084,0.284
1.859,0.458
1.738,0.028
1.796,2.967
1.767,0.589
1.73,1.318
1.61,3.159
1.714,2.944
1.554,0.469
1.66,1.549
1.09,-0.121
0.959,-0.197
0.44,-0.287
2.857,-0.202
2.251,-0.145
-0.274,4.175
-0.181,4.219
-1.107,3.939
-1.603,4.196
-1.672,4.009
-2.226,3.96
-2.448,4.337
2.603,4.267
1.726,4.159
1.187,1.401
-2.766,0.429
-2.726,3.554
1.509,3.525
0.457,0.269
0.285,1.911
-0.542,1.199
2.671,1.898
1.934,3.167
1.812,3.012
1.809,3.165
0.304,1.749
0.141,3.839
-1.226,3.824
-3.007,4.174
-3.118,3.882
1.814,0.018
-0.081,2.44
-0.277,0.067
-0.363,2.54
-0.566,0.78
-0.708,-1.248
-0.566,-0.631
-0.6,-0.387
-0.637,2.36
-0.837,2.032
-0.8,0.644
-1.009,0.172
-1.075,0.338
-1.353,1.56
-1.36,1.431
-1.445,-0.435
-1.485,0.359
-1.993,2.396
-2.05,-1.243
-2.196,0.596
-2.132,0.889
-2.269,0.602
-2.16,-0.467
-2.461,-0.389
-2.645,-0.948
-2.536,1.063
-2.71,1.532
-2.839,0.585
-2.734,1.139
-2.87,0.76
-2.783,0.703
-2.916,1.101
-3.013,-1.031
-2.938,0.068
-3.02,0.888
3.118,0.316
-3.104,-0.745
-3.122,1.99
2.962,1.131
2.689,-0.943
2.464,-0.769
2.343,-1.199
2.401,1.74
2.372,-0.638
2.335,0.091
2.215,1.932
2.319,1.717
2.159,-0.758
2.265,0.322
1.695,-1.348
1.564,-1.424
1.045,-1.514
-2.821,-1.429
2.856,-1.372
0.331,2.948
0.424,2.992
-0.502,2.712
-0.998,2.969
-1.067,2.782
-1.621,2.733
-1.843,3.11
-3.075,3.04
2.331,2.932
1.792,0.174
-2.161,-0.798
-2.121,2.327
2.114,2.298
1.062,-0.958
0.89,0.684
0.063,-0.028
-3.007,0.671
2.539,1.94
2.417,1.785
2.414,1.938
0.909,0.522
0.746,2.612
-0.621,2.597
-2.402,2.947
-2.513,2.655
2.419,-1.209
-0.196,-2.373
-0.282,0.1
-0.485,-1.66
-0.627,-3.688
-0.485,-3.071
-0.519,-2.827
-0.556,-0.08
-0.756,-0.408
-0.719,-1.796
-0.928,-2.268
-0.994,-2.102
-1.272,-0.88
-1.279,-1.009
-1.364,-2.875
-1.404,-2.081
-1.912,-0.044
-1.969,-3.683
-2.115,-1.844
-2.051,-1.551
-2.188,-1.838
-2.079,-2.907
-2.38,-2.829
-2.564,-3.388
-2.455,-1.377
-2.629,-0.908
-2.758,-1.855
-2.653,-1.301
-2.789,-1.68
-2.702,-1.737
-2.835,-1.339
-2.932,-3.471
-2.857,-2.372
-2.939,-1.552
-3.084,-2.124
-3.023,-3.185
-3.041,-0.45
3.043,-1.309
2.77,-3.383
2.545,-3.209
2.424,-3.639
2.482,-0.7
2.453,-3.078
2.416,-2.349
2.296,-0.508
2.4,-0.723
2.24,-3.198
2.346,-2.118
1.776,-3.788
1.645,-3.864
1.126,-3.954
-2.74,-3.869
2.937,-3.812
0.412,0.508
0.505,0.552
-0.421,0.272
-0.917,0.529
-0.986,0.342
-1.54,0.293
-1.762,0.67
-2.994,0.6
2.412,0.492
1.873,-2.266
-2.08,-3.238
-2.04,-0.113
2.195,-0.142
1.143,-3.398
0.971,-1.756
0.144,-2.468
-2.926,-1.769
2.62,-0.5
2.498,-0.655
2.495,-0.502
0.99,-1.918
0.827,0.172
-0.54,0.157
-2.321,0.507
-2.432,0.215
2.5,-3.649
-0.086,2.473
-0.289,0.713
-0.431,-1.315
-0.289,-0.698
-0.323,-0.454
-0.36,2.293
-0.56,1.965
-0.523,0.577
-0.732,0.105
-0.798,0.271
-1.076,1.493
-1.083,1.364
-1.168,-0.502
-1.208,0.292
-1.716,2.329
-1.773,-1.31
-1.919,0.529
-1.855,0.822
-1.992,0.535
-1.883,-0.534
-2.184,-0.456
-2.368,-1.015
-2.259,0.996
-2.433,1.465
-2.562,0.518
-2.457,1.072
-2.593,0.693
-2.506,0.636
-2.639,1.034
-2.736,-1.098
-2.661,0.001
-2.743,0.821
-2.888,0.249
-2.827,-0.812
-2.845,1.923
-3.044,1.064
2.966,-1.01
2.741,-0.836
2.62,-1.266
2.678,1.673
2.649,-0.705
2.612,0.024
2.492,1.865
2.596,1.65
2.436,-0.825
2.542,0.255
1.972,-1.415
1.841,-1.491
1.322,-1.581
-2.544,-1.496
3.133,-1.439
0.608,2.881
0.701,2.925
-0.225,2.645
-0.721,2.902
-0.79,2.715
-1.344,2.666
-1.566,3.043
-2.798,2.973
2.608,2.865
2.069,0.107
-1.884,-0.865
-1.844,2.26
2.391,2.231
1.339,-1.025
1.167,0.617
0.34,-0.095
-2.73,0.604
2.816,1.873
2.694,1.718
2.691,1.871
1.186,0.455
1.023,2.545
-0.344,2.53
-2.125,2.88
-2.236,2.588
2.696,-1.276
-0.203,-1.76
-0.345,-3.788
-0.203,-3.171
-0.237,-2.927
-0.274,-0.18
-0.474,-0.508
-0.437,-1.896
-0.646,-2.368
-0.712,-2.202
-0.99,-0.98
-0.997,-1.109
-1.082,-2.975
-1.122,-2.181
-1.63,-0.144
-1.687,-3.783
-1.833,-1.944
-1.769,-1.651
-1.906,-1.938
-1.797,-3.007
-2.098,-2.929
-2.282,-3.488
-2.173,-1.477
-2.347,-1.008
-2.476,-1.955
-2.371,-1.401
-2.507,-1.78
-2.42,-1.837
-2.553,-1.439
-2.65,-3.571
-2.575,-2.472
-2.657,-1.652
-2.802,-2.224
-2.741,-3.285
-2.759,-0.55
-2.958,-1.409
3.052,-3.483
2.827,-3.309
2.706,-3.739
2.764,-0.8
2.735,-3.178
2.698,-2.449
2.578,-0.608
2.682,-0.823
2.522,-3.298
2.628,-2.218
2.058,-3.888
1.927,-3.964
1.408,-4.054
-2.458,-3.969
-3.064,-3.912
0.694,0.408
0.787,0.452
-0.139,0.172
-0.635,0.429
-0.704,0.242
-1.258,0.193
-1.48,0.57
-2.712,0.5
2.694,0.392
2.155,-2.366
-1.798,-3.338
-1.758,-0.213
2.477,-0.242
1.425,-3.498
1.253,-1.856
0.426,-2.568
-2.644,-1.869
2.902,-0.6
2.78,-0.755
2.777,-0.602
1.272,-2.018
1.109,0.072
-0.258,0.057
-2.039,0.407
-2.15,0.115
2.782,-3.749
-0.142,-2.028
0.0,-1.411
-0.034,-1.167
-0.071,1.58
-0.271,1.252
-0.234,-0.136
-0.443,-0.608
-0.509,-0.442
-0.787,0.78
-0.794,0.651
-0.879,-1.215
-0.919,-0.421
-1.427,1.616
-1.484,-2.023
-1.63,-0.184
-1.566,0.109
-1.703,-0.178
-1.594,-1.247
-1.895,-1.169
-2.079,-1.728
-1.97,0.283
-2.144,0.752
-2.273,-0.195
-2.168,0.359
-2.304,-0.02
-2.217,-0.077
-2.35,0.321
-2.447,-1.811
-2.372,-0.712
-2.454,0.108
-2.599,-0.464
-2.538,-1.525
-2.556,1.21
-2.755,0.351
-3.028,-1.723
3.03,-1.549
2.909,-1.979
2.967,0.96
2.938,-1.418
2.901,-0.689
2.781,1.152
2.885,0.937
2.725,-1.538
2.831,-0.458
2.261,-2.128
2.13,-2.204
1.611,-2.294
-2.255,-2.209
-2.861,-2.152
0.897,2.168
0.99,2.212
0.064,1.932
-0.432,2.189
-0.501,2.002
-1.055,1.953
-1.277,2.33
-2.509,2.26
2.897,2.152
2.358,-0.606
-1.595,-1.578
-1.555,1.547
2.68,1.518
1.628,-1.738
1.456,-0.096
0.629,-0.808
-2.441,-0.109
3.105,1.16
2.983,1.005
2.98,1.158
1.475,-0.258
1.312,1.832
-0.055,1.817
-1.836,2.167
-1.947,1.875
2.985,-1.989
0.142,0.617
0.108,0.861
0.071,3.608
-0.129,3.28
-0.092,1.892
-0.301,1.42
-0.367,1.586
-0.645,2.808
-0.652,2.679
-0.737,0.813
-0.777,1.607
-1.285,3.644
-1.342,0.005
-1.488,1.844
-1.424,2.137
-1.561,1.85
-1.452,0.781
-1.753,0.859
-1.937,0.3
-1.828,2.311
-2.002,2.78
-2.131,1.833
-2.026,2.387
-2.162,2.008
-2.075,1.951
-2.208,2.349
-2.305,0.217
-2.23,1.316
-2.312,2.136
-2.457,1.564
-2.396,0.503
-2.414,3.238
-2.613,2.379
-2.886,0.305
-3.111,0.479
3.051,0.049
3.109,2.988
3.08,0.61
3.043,1.339
2.923,3.18
3.027,2.965
2.867,0.49
2.973,1.57
2.403,-0.1
2.272,-0.176
1.753,-0.266
-2.113,-0.181
-2.719,-0.124
1.039,4.196
1.132,4.24
0.206,3.96
-0.29,4.217
-0.359,4.03
-0.913,3.981
-1.135,4.358
-2.367,4.288
3.039,4.18
2.5,1.422
-1.453,0.45
-1.413,3.575
2.822,3.546
1.77,0.29
1.598,1.932
0.771,1.22
-2.299,1.919
-3.036,3.188
3.125,3.033
3.122,3.186
1.617,1.77
1.454,3.86
0.087,3.845
-1.694,4.195
-1.805,3.903
3.127,0.039
-0.034,0.244
-0.071,2.991
-0.271,2.663
-0.234,1.275
-0.443,0.803
-0.509,0.969
-0.787,2.191
-0.794,2.062
-0.879,0.196
-0.919,0.99
-1.427,3.027
-1.484,-0.612
-1.63,1.227
-1.566,1.52
-1.703,1.233
-1.594,0.164
-1.895,0.242
-2.079,-0.317
-1.97,1.694
-2.144,2.163
-2.273,1.216
-2.168,1.77
-2.304,1.391
-2.217,1.334
-2.35,1.732
-2.447,-0.4
-2.372,0.699
-2.454,1.519
-2.599,0.947
-2.538,-0.114
-2.556,2.621
-2.755,1.762
-3.028,-0.312
3.03,-0.138
2.909,-0.568
2.967,2.371
2.938,-0.007
2.901,0.722
2.781,2.563
2.885,2.348
2.725,-0.127
2.831,0.953
2.261,-0.717
2.13,-0.793
1.611,-0.883
-2.255,-0.798
-2.861,-0.741
0.897,3.579
0.99,3.623
0.064,3.343
-0.432,3.6
-0.501,3.413
-1.055,3.364
-1.277,3.741
-2.509,3.671
2.897,3.563
2.358,0.805
-1.595,-0.167
-1.555,2.958
2.68,2.929
1.628,-0.327
1.456,1.315
0.629,0.603
-2.441,1.302
3.105,2.571
2.983,2.416
2.98,2.569
1.475,1.153
1.312,3.243
-0.055,3.228
-1.836,3.578
-1.947,3.286
2.985,-0.578
-0.037,2.747
-0.237,2.419
-0.2,1.031
-0.409,0.559
-0.475,0.725
-0.753,1.947
-0.76,1.818
-0.845,-0.048
-0.885,0.746
-1.393,2.783
-1.45,-0.856
-1.596,0.983
-1.532,1.276
-1.669,0.989
-1.56,-0.08
-1.861,-0.002
-2.045,-0.561
-1.936,1.45
-2.11,1.919
-2.239,0.972
-2.134,1.526
-2.27,1.147
-2.183,1.09
-2.316,1.488
-2.413,-0.644
-2.338,0.455
-2.42,1.275
-2.565,0.703
-2.504,-0.358
-2.522,2.377
-2.721,1.518
-2.994,-0.556
3.064,-0.382
2.943,-0.812
3.001,2.127
2.972,-0.251
2.935,0.478
2.815,2.319
2.919,2.104
2.759,-0.371
2.865,0.709
2.295,-0.961
2.164,-1.037
1.645,-1.127
-2.221,-1.042
-2.827,-0.985
0.931,3.335
1.024,3.379
0.098,3.099
-0.398,3.356
-0.467,3.169
-1.021,3.12
-1.243,3.497
-2.475,3.427
2.931,3.319
2.392,0.561
-1.561,-0.411
-1.521,2.714
2.714,2.685
1.662,-0.571
1.49,1.071
0.663,0.359
-2.407,1.058
3.139,2.327
3.017,2.172
3.014,2.325
1.509,0.909
1.346,2.999
-0.021,2.984
-1.802,3.334
-1.913,3.042
3.019,-0.822
-0.2,-0.328
-0.163,-1.716
-0.372,-2.188
-0.438,-2.022
-0.716,-0.8
-0.723,-0.929
-0.808,-2.795
-0.848,-2.001
-1.356,0.036
-1.413,-3.603
-1.559,-1.764
-1.495,-1.471
-1.632,-1.758
-1.523,-2.827
-1.824,-2.749
-2.008,-3.308
-1.899,-1.297
-2.073,-0.828
-2.202,-1.775
-2.097,-1.221
-2.233,-1.6
-2.146,-1.657
-2.279,-1.259
-2.376,-3.391
-2.301,-2.292
-2.383,-1.472
-2.528,-2.044
-2.467,-3.105
-2.485,-0.37
-2.684,-1.229
-2.957,-3.303
3.101,-3.129
2.98,-3.559
3.038,-0.62
3.009,-2.998
2.972,-2.269
2.852,-0.428
2.956,-0.643
2.796,-3.118
2.902,-2.038
2.332,-3.708
2.201,-3.784
1.682,-3.874
-2.184,-3.789
-2.79,-3.732
0.968,0.588
1.061,0.632
0.135,0.352
-0.361,0.609
-0.43,0.422
-0.984,0.373
-1.206,0.75
-2.438,0.68
2.968,0.572
2.429,-2.186
-1.524,-3.158
-1.484,-0.033
2.751,-0.062
1.699,-3.318
1.527,-1.676
0.7,-2.388
-2.37,-1.689
-3.107,-0.42
3.054,-0.575
3.051,-0.422
1.546,-1.838
1.383,0.252
0.016,0.237
-1.765,0.587
-1.876,0.295
3.056,-3.569
0.037,-1.388
-0.172,-1.86
-0.238,-1.694
-0.516,-0.472
-0.523,-0.601
-0.608,-2.467
-0.648,-1.673
-1.156,0.364
-1.213,-3.275
-1.359,-1.436
-1.295,-1.143
-1.432,-1.43
-1.323,-2.499
-1.624,-2.421
-1.808,-2.98
-1.699,-0.969
-1.873,-0.5
-2.002,-1.447
-1.897,-0.893
-2.033,-1.272
-1.946,-1.329
-2.079,-0.931
-2.176,-3.063
-2.101,-1.964
-2.183,-1.144
-2.328,-1.716
-2.267,-2.777
-2.285,-0.042
-2.484,-0.901
-2.757,-2.975
-2.982,-2.801
-3.103,-3.231
-3.045,-0.292
-3.074,-2.67
-3.111,-1.941
3.052,-0.1
-3.127,-0.315
2.996,-2.79
3.102,-1.71
2.532,-3.38
2.401,-3.456
1.882,-3.546
-1.984,-3.461
-2.59,-3.404
1.168,0.916
1.261,0.96
0.335,0.68
-0.161,0.937
-0.23,0.75
-0.784,0.701
-1.006,1.078
-2.238,1.008
-3.115,0.9
2.629,-1.858
-1.324,-2.83
-1.284,0.295
2.951,0.266
1.899,-2.99
1.727,-1.348
0.9,-2.06
-2.17,-1.361
-2.907,-0.092
-3.029,-0.247
-3.032,-0.094
1.746,-1.51
1.583,0.58
0.216,0.565
-1.565,0.915
-1.676,0.623
-3.027,-3.241
-0.209,-0.472
-0.275,-0.306
-0.553,0.916
-0.56,0.787
-0.645,-1.079
-0.685,-0.285
-1.193,1.752
-1.25,-1.887
-1.396,-0.048
-1.332,0.245
-1.469,-0.042
-1.36,-1.111
-1.661,-1.033
-1.845,-1.592
-1.736,0.419
-1.91,0.888
-2.039,-0.059
-1.934,0.495
-2.07,0.116
-1.983,0.059
-2.116,0.457
-2.213,-1.675
-2.138,-0.576
-2.22,0.244
-2.365,-0.328
-2.304,-1.389
-2.322,1.346
-2.521,0.487
-2.794,-1.587
-3.019,-1.413
-3.14,-1.843
-3.082,1.096
-3.111,-1.282
3.135,-0.553
3.015,1.288
3.119,1.073
2.959,-1.402
3.065,-0.322
2.495,-1.992
2.364,-2.068
1.845,-2.158
-2.021,-2.073
-2.627,-2.016
1.131,2.304
1.224,2.348
0.298,2.068
-0.198,2.325
-0.267,2.138
-0.821,2.089
-1.043,2.466
-2.275,2.396
3.131,2.288
2.592,-0.47
-1.361,-1.442
-1.321,1.683
2.914,1.654
1.862,-1.602
1.69,0.04
0.863,-0.672
-2.207,0.027
-2.944,1.296
-3.066,1.141
-3.069,1.294
1.709,-0.122
1.546,1.968
0.179,1.953
-1.602,2.303
-1.713,2.011
-3.064,-1.853
-0.066,0.166
-0.344,1.388
-0.351,1.259
-0.436,-0.607
-0.476,0.187
-0.984,2.224
-1.041,-1.415
-1.187,0.424
-1.123,0.717
-1.26,0.43
-1.151,-0.639
-1.452,-0.561
-1.636,-1.12
-1.527,0.891
-1.701,1.36
-1.83,0.413
-1.725,0.967
-1.861,0.588
-1.774,0.531
-1.907,0.929
-2.004,-1.203
-1.929,-0.104
-2.011,0.716
-2.156,0.144
-2.095,-0.917
-2.113,1.818
-2.312,0.959
-2.585,-1.115
-2.81,-0.941
-2.931,-1.371
-2.873,1.568
-2.902,-0.81
-2.939,-0.081
-3.059,1.76
-2.955,1.545
-3.115,-0.93
-3.009,0.15
2.704,-1.52
2.573,-1.596
2.054,-1.686
-1.812,-1.601
-2.418,-1.544
1.34,2.776
1.433,2.82
0.507,2.54
0.011,2.797
-0.058,2.61
-0.612,2.561
-0.834,2.938
-2.066,2.868
-2.943,2.76
2.801,0.002
-1.152,-0.97
-1.112,2.155
3.123,2.126
2.071,-1.13
1.899,0.512
1.072,-0.2
-1.998,0.499
-2.735,1.768
-2.857,1.613
-2.86,1.766
1.918,0.35
1.755,2.44
0.388,2.425
-1.393,2.775
-1.504,2.483
-2.855,-1.381
-0.278,1.222
-0.285,1.093
-0.37,-0.773
-0.41,0.021
-0.918,2.058
-0.975,-1.581
-1.121,0.258
-1.057,0.551
-1.194,0.264
-1.085,-0.805
-1.386,-0.727
-1.57,-1.286
-1.461,0.725
-1.635,1.194
-1.764,0.247
-1.659,0.801
-1.795,0.422
-1.708,0.365
-1.841,0.763
-1.938,-1.369
-1.863,-0.27
-1.945,0.55
-2.09,-0.022
-2.029,-1.083
-2.047,1.652
-2.246,0.793
-2.519,-1.281
-2.744,-1.107
-2.865,-1.537
-2.807,1.402
-2.836,-0.976
-2.873,-0.247
-2.993,1.594
-2.889,1.379
-3.049,-1.096
-2.943,-0.016
2.77,-1.686
2.639,-1.762
2.12,-1.852
-1.746,-1.767
-2.352,-1.71
1.406,2.61
1.499,2.654
0.573,2.374
0.077,2.631
0.008,2.444
-0.546,2.395
-0.768,2.772
-2.0,2.702
-2.877,2.594
2.867,-0.164
-1.086,-1.136
-1.046,1.989
-3.094,1.96
2.137,-1.296
1.965,0.346
1.138,-0.366
-1.932,0.333
-2.669,1.602
-2.791,1.447
-2.794,1.6
1.984,0.184
1.821,2.274
0.454,2.259
-1.327,2.609
-1.438,2.317
-2.789,-1.547
-0.007,-0.129
-0.092,-1.995
-0.132,-1.201
-0.64,0.836
-0.697,-2.803
-0.843,-0.964
-0.779,-0.671
-0.916,-0.958
-0.807,-2.027
-1.108,-1.949
-1.292,-2.508
-1.183,-0.497
-1.357,-0.028
-1.486,-0.975
-1.381,-0.421
-1.517,-0.8
-1.43,-0.857
-1.563,-0.459
-1.66,-2.591
-1.585,-1.492
-1.667,-0.672
-1.812,-1.244
-1.751,-2.305
-1.769,0.43
-1.968,-0.429
-2.241,-2.503
-2.466,-2.329
-2.587,-2.759
-2.529,0.18
-2.558,-2.198
-2.595,-1.469
-2.715,0.372
-2.611,0.157
-2.771,-2.318
-2.665,-1.238
3.048,-2.908
2.917,-2.984
2.398,-3.074
-1.468,-2.989
-2.074,-2.932
1.684,1.388
1.777,1.432
0.851,1.152
0.355,1.409
0.286,1.222
-0.268,1.173
-0.49,1.55
-1.722,1.48
-2.599,1.372
-3.138,-1.386
-0.808,-2.358
-0.768,0.767
-2.816,0.738
2.415,-2.518
2.243,-0.876
1.416,-1.588
-1.654,-0.889
-2.391,0.38
-2.513,0.225
-2.516,0.378
2.262,-1.038
2.099,1.052
0.732,1.037
-1.049,1.387
-1.16,1.095
-2.511,-2.769
-0.085,-1.866
-0.125,-1.072
-0.633,0.965
-0.69,-2.674
-0.836,-0.835
-0.772,-0.542
-0.909,-0.829
-0.8,-1.898
-1.101,-1.82
-1.285,-2.379
-1.176,-0.368
-1.35,0.101
-1.479,-0.846
-1.374,-0.292
-1.51,-0.671
-1.423,-0.728
-1.556,-0.33
-1.653,-2.462
-1.578,-1.363
-1.66,-0.543
-1.805,-1.115
-1.744,-2.176
-1.762,0.559
-1.961,-0.3
-2.234,-2.374
-2.459,-2.2
-2.58,-2.63
-2.522,0.309
-2.551,-2.069
-2.588,-1.34
-2.708,0.501
-2.604,0.286
-2.764,-2.189
-2.658,-1.109
3.055,-2.779
2.924,-2.855
2.405,-2.945
-1.461,-2.86
-2.067,-2.803
1.691,1.517
1.784,1.561
0.858,1.281
0.362,1.538
0.293,1.351
-0.261,1.302
-0.483,1.679
-1.715,1.609
-2.592,1.501
-3.131,-1.257
-0.801,-2.229
-0.761,0.896
-2.809,0.867
2.422,-2.389
2.25,-0.747
1.423,-1.459
-1.647,-0.76
-2.384,0.509
-2.506,0.354
-2.509,0.507
2.269,-0.909
2.106,1.181
0.739,1.166
-1.042,1.516
-1.153,1.224
-2.504,-2.64
-0.04,0.794
-0.548,2.831
-0.605,-0.808
-0.751,1.031
-0.687,1.324
-0.824,1.037
-0.715,-0.032
-1.016,0.046
-1.2,-0.513
-1.091,1.498
-1.265,1.967
-1.394,1.02
-1.289,1.574
-1.425,1.195
-1.338,1.138
-1.471,1.536
-1.568,-0.596
-1.493,0.503
-1.575,1.323
-1.72,0.751
-1.659,-0.31
-1.677,2.425
-1.876,1.566
-2.149,-0.508
-2.374,-0.334
-2.495,-0.764
-2.437,2.175
-2.466,-0.203
-2.503,0.526
-2.623,2.367
-2.519,2.152
-2.679,-0.323
-2.573,0.757
3.14,-0.913
3.009,-0.989
2.49,-1.079
-1.376,-0.994
-1.982,-0.937
1.776,3.383
1.869,3.427
0.943,3.147
0.447,3.404
0.378,3.217
-0.176,3.168
-0.398,3.545
-1.63,3.475
-2.507,3.367
-3.046,0.609
-0.716,-0.363
-0.676,2.762
-2.724,2.733
2.507,-0.523
2.335,1.119
1.508,0.407
-1.562,1.106
-2.299,2.375
-2.421,2.22
-2.424,2.373
2.354,0.957
2.191,3.047
0.824,3.032
-0.957,3.382
-1.068,3.09
-2.419,-0.774
-0.508,2.037
-0.565,-1.602
-0.711,0.237
-0.647,0.53
-0.784,0.243
-0.675,-0.826
-0.976,-0.748
-1.16,-1.307
-1.051,0.704
-1.225,1.173
-1.354,0.226
-1.249,0.78
-1.385,0.401
-1.298,0.344
-1.431,0.742
-1.528,-1.39
-1.453,-0.291
-1.535,0.529
-1.68,-0.043
-1.619,-1.104
-1.637,1.631
-1.836,0.772
-2.109,-1.302
-2.334,-1.128
-2.455,-1.558
-2.397,1.381
-2.426,-0.997
-2.463,-0.268
-2.583,1.573
-2.479,1.358
-2.639,-1.117
-2.533,-0.037
-3.103,-1.707
3.049,-1.783
2.53,-1.873
-1.336,-1.788
-1.942,-1.731
1.816,2.589
1.909,2.633
0.983,2.353
0.487,2.61
0.418,2.423
-0.136,2.374
-0.358,2.751
-1.59,2.681
-2.467,2.573
-3.006,-0.185
-0.676,-1.157
-0.636,1.968
-2.684,1.939
2.547,-1.317
2.375,0.325
1.548,-0.387
-1.522,0.312
-2.259,1.581
-2.381,1.426
-2.384,1.579
2.394,0.163
2.231,2.253
0.864,2.238
-0.917,2.588
-1.028,2.296
-2.379,-1.568
-0.057,-3.639
-0.203,-1.8
-0.139,-1.507
-0.276,-1.794
-0.167,-2.863
-0.468,-2.785
-0.652,-3.344
-0.543,-1.333
-0.717,-0.864
-0.846,-1.811
-0.741,-1.257
-0.877,-1.636
-0.79,-1.693
-0.923,-1.295
-1.02,-3.427
-0.945,-2.328
-1.027,-1.508
-1.172,-2.08
-1.111,-3.141
-1.129,-0.406
-1.328,-1.265
-1.601,-3.339
-1.826,-3.165
-1.947,-3.595
-1.889,-0.656
-1.918,-3.034
-1.955,-2.305
-2.075,-0.464
-1.971,-0.679
-2.131,-3.154
-2.025,-2.074
-2.595,-3.744
-2.726,-3.82
3.038,-3.91
-0.828,-3.825
-1.434,-3.768
2.324,0.552
2.417,0.596
1.491,0.316
0.995,0.573
0.926,0.386
0.372,0.337
0.15,0.714
-1.082,0.644
-1.959,0.536
-2.498,-2.222
-0.168,-3.194
-0.128,-0.069
-2.176,-0.098
3.055,-3.354
2.883,-1.712
2.056,-2.424
-1.014,-1.725
-1.751,-0.456
-1.873,-0.611
-1.876,-0.458
2.902,-1.874
2.739,0.216
1.372,0.201
-0.409,0.551
-0.52,0.259
-1.871,-3.605
-0.146,1.839
-0.082,2.132
-0.219,1.845
-0.11,0.776
-0.411,0.854
-0.595,0.295
-0.486,2.306
-0.66,2.775
-0.789,1.828
-0.684,2.382
-0.82,2.003
-0.733,1.946
-0.866,2.344
-0.963,0.212
-0.888,1.311
-0.97,2.131
-1.115,1.559
-1.054,0.498
-1.072,3.233
-1.271,2.374
-1.544,0.3
-1.769,0.474
-1.89,0.044
-1.832,2.983
-1.861,0.605
-1.898,1.334
-2.018,3.175
-1.914,2.96
-2.074,0.485
-1.968,1.565
-2.538,-0.105
-2.669,-0.181
3.095,-0.271
-0.771,-0.186
-1.377,-0.129
2.381,4.191
2.474,4.235
1.548,3.955
1.052,4.212
0.983,4.025
0.429,3.976
0.207,4.353
-1.025,4.283
-1.902,4.175
-2.441,1.417
-0.111,0.445
-0.071,3.57
-2.119,3.541
3.112,0.285
2.94,1.927
2.113,1.215
-0.957,1.914
-1.694,3.183
-1.816,3.028
-1.819,3.181
2.959,1.765
2.796,3.855
1.429,3.84
-0.352,4.19
-0.463,3.898
-1.814,0.034
0.064,0.293
-0.073,0.006
0.036,-1.063
-0.265,-0.985
-0.449,-1.544
-0.34,0.467
-0.514,0.936
-0.643,-0.011
-0.538,0.543
-0.674,0.164
-0.587,0.107
-0.72,0.505
-0.817,-1.627
-0.742,-0.528
-0.824,0.292
-0.969,-0.28
-0.908,-1.341
-0.926,1.394
-1.125,0.535
-1.398,-1.539
-1.623,-1.365
-1.744,-1.795
-1.686,1.144
-1.715,-1.234
-1.752,-0.505
-1.872,1.336
-1.768,1.121
-1.928,-1.354
-1.822,-0.274
-2.392,-1.944
-2.523,-2.02
-3.042,-2.11
-0.625,-2.025
-1.231,-1.968
2.527,2.352
2.62,2.396
1.694,2.116
1.198,2.373
1.129,2.186
0.575,2.137
0.353,2.514
-0.879,2.444
-1.756,2.336
-2.295,-0.422
0.035,-1.394
0.075,1.731
-1.973,1.702
-3.025,-1.554
3.086,0.088
2.259,-0.624
-0.811,0.075
-1.548,1.344
-1.67,1.189
-1.673,1.342
3.105,-0.074
2.942,2.016
1.575,2.001
-0.206,2.351
-0.317,2.059
-1.668,-1.805
-0.137,-0.287
-0.028,-1.356
-0.329,-1.278
-0.513,-1.837
-0.404,0.174
-0.578,0.643
-0.707,-0.304
-0.602,0.25
-0.738,-0.129
-0.651,-0.186
-0.784,0.212
-0.881,-1.92
-0.806,-0.821
-0.888,-0.001
-1.033,-0.573
-0.972,-1.634
-0.99,1.101
-1.189,0.242
-1.462,-1.832
-1.687,-1.658
-1.808,-2.088
-1.75,0.851
-1.779,-1.527
-1.816,-0.798
-1.936,1.043
-1.832,0.828
-1.992,-1.647
-1.886,-0.567
-2.456,-2.237
-2.587,-2.313
-3.106,-2.403
-0.689,-2.318
-1.295,-2.261
2.463,2.059
2.556,2.103
1.63,1.823
1.134,2.08
1.065,1.893
0.511,1.844
0.289,2.221
-0.943,2.151
-1.82,2.043
-2.359,-0.715
-0.029,-1.687
0.011,1.438
-2.037,1.409
-3.089,-1.847
3.022,-0.205
2.195,-0.917
-0.875,-0.218
-1.612,1.051
-1.734,0.896
-1.737,1.049
3.041,-0.367
2.878,1.723
1.511,1.708
-0.27,2.058
-0.381,1.766
-1.732,-2.098
0.109,-1.069
-0.192,-0.991
-0.376,-1.55
-0.267,0.461
-0.441,0.93
-0.57,-0.017
-0.465,0.537
-0.601,0.158
-0.514,0.101
-0.647,0.499
-0.744,-1.633
-0.669,-0.534
-0.751,0.286
-0.896,-0.286
-0.835,-1.347
-0.853,1.388
-1.052,0.529
-1.325,-1.545
-1.55,-1.371
-1.671,-1.801
-1.613,1.138
-1.642,-1.24
-1.679,-0.511
-1.799,1.33
-1.695,1.115
-1.855,-1.36
-1.749,-0.28
-2.319,-1.95
-2.45,-2.026
-2.969,-2.116
-0.552,-2.031
-1.158,-1.974
2.6,2.346
2.693,2.39
1.767,2.11
1.271,2.367
1.202,2.18
0.648,2.131
0.426,2.508
-0.806,2.438
-1.683,2.33
-2.222,-0.428
0.108,-1.4
0.148,1.725
-1.9,1.696
-2.952,-1.56
-3.124,0.082
2.332,-0.63
-0.738,0.069
-1.475,1.338
-1.597,1.183
-1.6,1.336
-3.105,-0.08
3.015,2.01
1.648,1.995
-0.133,2.345
-0.244,2.053
-1.595,-1.811
-0.301,0.078
-0.485,-0.481
-0.376,1.53
-0.55,1.999
-0.679,1.052
-0.574,1.606
-0.71,1.227
-0.623,1.17
-0.756,1.568
-0.853,-0.564
-0.778,0.535
-0.86,1.355
-1.005,0.783
-0.944,-0.278
-0.962,2.457
-1.161,1.598
-1.434,-0.476
-1.659,-0.302
-1.78,-0.732
-1.722,2.207
-1.751,-0.171
-1.788,0.558
-1.908,2.399
-1.804,2.184
-1.964,-0.291
-1.858,0.789
-2.428,-0.881
-2.559,-0.957
-3.078,-1.047
-0.661,-0.962
-1.267,-0.905
2.491,3.415
2.584,3.459
1.658,3.179
1.162,3.436
1.093,3.249
0.539,3.2
0.317,3.577
-0.915,3.507
-1.792,3.399
-2.331,0.641
-0.001,-0.331
0.039,2.794
-2.009,2.765
-3.061,-0.491
3.05,1.151
2.223,0.439
-0.847,1.138
-1.584,2.407
-1.706,2.252
-1.709,2.405
3.069,0.989
2.906,3.079
1.539,3.064
-0.242,3.414
-0.353,3.122
-1.704,-0.742
-0.184,-0.559
-0.075,1.452
-0.249,1.921
-0.378,0.974
-0.273,1.528
-0.409,1.149
-0.322,1.092
-0.455,1.49
-0.552,-0.642
-0.477,0.457
-0.559,1.277
-0.704,0.705
-0.643,-0.356
-0.661,2.379
-0.86,1.52
-1.133,-0.554
-1.358,-0.38
-1.479,-0.81
-1.421,2.129
-1.45,-0.249
-1.487,0.48
-1.607,2.321
-1.503,2.106
-1.663,-0.369
-1.557,0.711
-2.127,-0.959
-2.258,-1.035
-2.777,-1.125
-0.36,-1.04
-0.966,-0.983
2.792,3.337
2.885,3.381
1.959,3.101
1.463,3.358
1.394,3.171
0.84,3.122
0.618,3.499
-0.614,3.429
-1.491,3.321
-2.03,0.563
0.3,-0.409
0.34,2.716
-1.708,2.687
-2.76,-0.569
-2.932,1.073
2.524,0.361
-0.546,1.06
-1.283,2.329
-1.405,2.174
-1.408,2.327
-2.913,0.911
-3.076,3.001
1.84,2.986
0.059,3.336
-0.052,3.044
-1.403,-0.82
0.109,2.011
-0.065,2.48
-0.194,1.533
-0.089,2.087
-0.225,1.708
-0.138,1.651
-0.271,2.049
-0.368,-0.083
-0.293,1.016
-0.375,1.836
-0.52,1.264
-0.459,0.203
-0.477,2.938
-0.676,2.079
-0.949,0.005
-1.174,0.179
-1.295,-0.251
-1.237,2.688
-1.266,0.31
-1.303,1.039
-1.423,2.88
-1.319,2.665
-1.479,0.19
-1.373,1.27
-1.943,-0.4
-2.074,-0.476
-2.593,-0.566
-0.176,-0.481
-0.782,-0.424
2.976,3.896
3.069,3.94
2.143,3.66
1.647,3.917
1.578,3.73
1.024,3.681
0.802,4.058
-0.43,3.988
-1.307,3.88
-1.846,1.122
0.484,0.15
0.524,3.275
-1.524,3.246
-2.576,-0.01
-2.748,1.632
2.708,0.92
-0.362,1.619
-1.099,2.888
-1.221,2.733
-1.224,2.886
-2.729,1.47
-2.892,3.56
2.024,3.545
0.243,3.895
0.132,3.603
-1.219,-0.261
-0.174,0.469
-0.303,-0.478
-0.198,0.076
-0.334,-0.303
-0.247,-0.36
-0.38,0.038
-0.477,-2.094
-0.402,-0.995
-0.484,-0.175
-0.629,-0.747
-0.568,-1.808
-0.586,0.927
-0.785,0.068
-1.058,-2.006
-1.283,-1.832
-1.404,-2.262
-1.346,0.677
-1.375,-1.701
-1.412,-0.972
-1.532,0.869
-1.428,0.654
-1.588,-1.821
-1.482,-0.741
-2.052,-2.411
-2.183,-2.487
-2.702,-2.577
-0.285,-2.492
-0.891,-2.435
2.867,1.885
2.96,1.929
2.034,1.649
1.538,1.906
1.469,1.719
0.915,1.67
0.693,2.047
-0.539,1.977
-1.416,1.869
-1.955,-0.889
0.375,-1.861
0.415,1.264
-1.633,1.235
-2.685,-2.021
-2.857,-0.379
2.599,-1.091
-0.471,-0.392
-1.208,0.877
-1.33,0.722
-1.333,0.875
-2.838,-0.541
-3.001,1.549
1.915,1.534
0.134,1.884
0.023,1.592
-1.328,-2.272
-0.129,-0.947
-0.024,-0.393
-0.16,-0.772
-0.073,-0.829
-0.206,-0.431
-0.303,-2.563
-0.228,-1.464
-0.31,-0.644
-0.455,-1.216
-0.394,-2.277
-0.412,0.458
-0.611,-0.401
-0.884,-2.475
-1.109,-2.301
-1.23,-2.731
-1.172,0.208
-1.201,-2.17
-1.238,-1.441
-1.358,0.4
-1.254,0.185
-1.414,-2.29
-1.308,-1.21
-1.878,-2.88
-2.009,-2.956
-2.528,-3.046
-0.111,-2.961
-0.717,-2.904
3.041,1.416
3.134,1.46
2.208,1.18
1.712,1.437
1.643,1.25
1.089,1.201
0.867,1.578
-0.365,1.508
-1.242,1.4
-1.781,-1.358
0.549,-2.33
0.589,0.795
-1.459,0.766
-2.511,-2.49
-2.683,-0.848
2.773,-1.56
-0.297,-0.861
-1.034,0.408
-1.156,0.253
-1.159,0.406
-2.664,-1.01
-2.827,1.08
2.089,1.065
0.308,1.415
0.197,1.123
-1.154,-2.741
0.105,0.554
-0.031,0.175
0.056,0.118
-0.077,0.516
-0.174,-1.616
-0.099,-0.517
-0.181,0.303
-0.326,-0.269
-0.265,-1.33
-0.283,1.405
-0.482,0.546
-0.755,-1.528
-0.98,-1.354
-1.101,-1.784
-1.043,1.155
-1.072,-1.223
-1.109,-0.494
-1.229,1.347
-1.125,1.132
-1.285,-1.343
-1.179,-0.263
-1.749,-1.933
-1.88,-2.009
-2.399,-2.099
0.018,-2.014
-0.588,-1.957
-3.113,2.363
-3.02,2.407
2.337,2.127
1.841,2.384
1.772,2.197
1.218,2.148
0.996,2.525
-0.236,2.455
-1.113,2.347
-1.652,-0.411
0.678,-1.383
0.718,1.742
-1.33,1.713
-2.382,-1.543
-2.554,0.099
2.902,-0.613
-0.168,0.086
-0.905,1.355
-1.027,1.2
-1.03,1.353
-2.535,-0.063
-2.698,2.027
2.218,2.012
0.437,2.362
0.326,2.07
-1.025,-1.794
-0.136,-0.379
-0.049,-0.436
-0.182,-0.038
-0.279,-2.17
-0.204,-1.071
-0.286,-0.251
-0.431,-0.823
-0.37,-1.884
-0.388,0.851
-0.587,-0.008
-0.86,-2.082
-1.085,-1.908
-1.206,-2.338
-1.148,0.601
-1.177,-1.777
-1.214,-1.048
-1.334,0.793
-1.23,0.578
-1.39,-1.897
-1.284,-0.817
-1.854,-2.487
-1.985,-2.563
-2.504,-2.653
-0.087,-2.568
-0.693,-2.511
3.065,1.809
-3.125,1.853
2.232,1.573
1.736,1.83
1.667,1.643
1.113,1.594
0.891,1.971
-0.341,1.901
-1.218,1.793
-1.757,-0.965
0.573,-1.937
0.613,1.188
-1.435,1.159
-2.487,-2.097
-2.659,-0.455
2.797,-1.167
-0.273,-0.468
-1.01,0.801
-1.132,0.646
-1.135,0.799
-2.64,-0.617
-2.803,1.473
2.113,1.458
0.332,1.808
0.221,1.516
-1.13,-2.348
0.087,-0.057
-0.046,0.341
-0.143,-1.791
-0.068,-0.692
-0.15,0.128
-0.295,-0.444
-0.234,-1.505
-0.252,1.23
-0.451,0.371
-0.724,-1.703
-0.949,-1.529
-1.07,-1.959
-1.012,0.98
-1.041,-1.398
-1.078,-0.669
-1.198,1.172
-1.094,0.957
-1.254,-1.518
-1.148,-0.438
-1.718,-2.108
-1.849,-2.184
-2.368,-2.274
0.049,-2.189
-0.557,-2.132
-3.082,2.188
-2.989,2.232
2.368,1.952
1.872,2.209
1.803,2.022
1.249,1.973
1.027,2.35
-0.205,2.28
-1.082,2.172
-1.621,-0.586
0.709,-1.558
0.749,1.567
-1.299,1.538
-2.351,-1.718
-2.523,-0.076
2.933,-0.788
-0.137,-0.089
-0.874,1.18
-0.996,1.025
-0.999,1.178
-2.504,-0.238
-2.667,1.852
2.249,1.837
0.468,2.187
0.357,1.895
-0.994,-1.969
-0.133,0.398
-0.23,-1.734
-0.155,-0.635
-0.237,0.185
-0.382,-0.387
-0.321,-1.448
-0.339,1.287
-0.538,0.428
-0.811,-1.646
-1.036,-1.472
-1.157,-1.902
-1.099,1.037
-1.128,-1.341
-1.165,-0.612
-1.285,1.229
-1.181,1.014
-1.341,-1.461
-1.235,-0.381
-1.805,-2.051
-1.936,-2.127
-2.455,-2.217
-0.038,-2.132
-0.644,-2.075
3.114,2.245
-3.076,2.289
2.281,2.009
1.785,2.266
1.716,2.079
1.162,2.03
0.94,2.407
-0.292,2.337
-1.169,2.229
-1.708,-0.529
0.622,-1.501
0.662,1.624
-1.386,1.595
-2.438,-1.661
-2.61,-0.019
2.846,-0.731
-0.224,-0.032
-0.961,1.237
-1.083,1.082
-1.086,1.235
-2.591,-0.181
-2.754,1.909
2.162,1.894
0.381,2.244
0.27,1.952
-1.081,-1.912
-0.097,-2.132
-0.022,-1.033
-0.104,-0.213
-0.249,-0.785
-0.188,-1.846
-0.206,0.889
-0.405,0.03
-0.678,-2.044
-0.903,-1.87
-1.024,-2.3
-0.966,0.639
-0.995,-1.739
-1.032,-1.01
-1.152,0.831
-1.048,0.616
-1.208,-1.859
-1.102,-0.779
-1.672,-2.449
-1.803,-2.525
-2.322,-2.615
0.095,-2.53
-0.511,-2.473
-3.036,1.847
-2.943,1.891
2.414,1.611
1.918,1.868
1.849,1.681
1.295,1.632
1.073,2.009
-0.159,1.939
-1.036,1.831
-1.575,-0.927
0.755,-1.899
0.795,1.226
-1.253,1.197
-2.305,-2.059
-2.477,-0.417
2.979,-1.129
-0.091,-0.43
-0.828,0.839
-0.95,0.684
-0.953,0.837
-2.458,-0.579
-2.621,1.511
2.295,1.496
0.514,1.846
0.403,1.554
-0.948,-2.31
0.075,1.099
-0.007,1.919
-0.152,1.347
-0.091,0.286
-0.109,3.021
-0.308,2.162
-0.581,0.088
-0.806,0.262
-0.927,-0.168
-0.869,2.771
-0.898,0.393
-0.935,1.122
-1.055,2.963
-0.951,2.748
-1.111,0.273
-1.005,1.353
-1.575,-0.317
-1.706,-0.393
-2.225,-0.483
0.192,-0.398
-0.414,-0.341
-2.939,3.979
-2.846,4.023
2.511,3.743
2.015,4.0
1.946,3.813
1.392,3.764
1.17,4.141
-0.062,4.071
-0.939,3.963
-1.478,1.205
0.852,0.233
0.892,3.358
-1.156,3.329
-2.208,0.073
-2.38,1.715
3.076,1.003
0.006,1.702
-0.731,2.971
-0.853,2.816
-0.856,2.969
-2.361,1.553
-2.524,3.643
2.392,3.628
0.611,3.978
0.5,3.686
-0.851,-0.178
-0.082,0.82
-0.227,0.248
-0.166,-0.813
-0.184,1.922
-0.383,1.063
-0.656,-1.011
-0.881,-0.837
-1.002,-1.267
-0.944,1.672
-0.973,-0.706
-1.01,0.023
-1.13,1.864
-1.026,1.649
-1.186,-0.826
-1.08,0.254
-1.65,-1.416
-1.781,-1.492
-2.3,-1.582
0.117,-1.497
-0.489,-1.44
-3.014,2.88
-2.921,2.924
2.436,2.644
1.94,2.901
1.871,2.714
1.317,2.665
1.095,3.042
-0.137,2.972
-1.014,2.864
-1.553,0.106
0.777,-0.866
0.817,2.259
-1.231,2.23
-2.283,-1.026
-2.455,0.616
3.001,-0.096
-0.069,0.603
-0.806,1.872
-0.928,1.717
-0.931,1.87
-2.436,0.454
-2.599,2.544
2.317,2.529
0.536,2.879
0.425,2.587
-0.926,-1.277
-0.145,-0.572
-0.084,-1.633
-0.102,1.102
-0.301,0.243
-0.574,-1.831
-0.799,-1.657
-0.92,-2.087
-0.862,0.852
-0.891,-1.526
-0.928,-0.797
-1.048,1.044
-0.944,0.829
-1.104,-1.646
-0.998,-0.566
-1.568,-2.236
-1.699,-2.312
-2.218,-2.402
0.199,-2.317
-0.407,-2.26
-2.932,2.06
-2.839,2.104
2.518,1.824
2.022,2.081
1.953,1.894
1.399,1.845
1.177,2.222
-0.055,2.152
-0.932,2.044
-1.471,-0.714
0.859,-1.686
0.899,1.439
-1.149,1.41
-2.201,-1.846
-2.373,-0.204
3.083,-0.916
0.013,-0.217
-0.724,1.052
-0.846,0.897
-0.849,1.05
-2.354,-0.366
-2.517,1.724
2.399,1.709
0.618,2.059
0.507,1.767
-0.844,-2.097
0.061,-1.061
0.043,1.674
-0.156,0.815
-0.429,-1.259
-0.654,-1.085
-0.775,-1.515
-0.717,1.424
-0.746,-0.954
-0.783,-0.225
-0.903,1.616
-0.799,1.401
-0.959,-1.074
-0.853,0.006
-1.423,-1.664
-1.554,-1.74
-2.073,-1.83
0.344,-1.745
-0.262,-1.688
-2.787,2.632
-2.694,2.676
2.663,2.396
2.167,2.653
2.098,2.466
1.544,2.417
1.322,2.794
0.09,2.724
-0.787,2.616
-1.326,-0.142
1.004,-1.114
1.044,2.011
-1.004,1.982
-2.056,-1.274
-2.228,0.368
-3.055,-0.344
0.158,0.355
-0.579,1.624
-0.701,1.469
-0.704,1.622
-2.209,0.206
-2.372,2.296
2.544,2.281
0.763,2.631
0.652,2.339
-0.699,-1.525
-0.018,2.735
-0.217,1.876
-0.49,-0.198
-0.715,-0.024
-0.836,-0.454
-0.778,2.485
-0.807,0.107
-0.844,0.836
-0.964,2.677
-0.86,2.462
-1.02,-0.013
-0.914,1.067
-1.484,-0.603
-1.615,-0.679
-2.134,-0.769
0.283,-0.684
-0.323,-0.627
-2.848,3.693
-2.755,3.737
2.602,3.457
2.106,3.714
2.037,3.527
1.483,3.478
1.261,3.855
0.029,3.785
-0.848,3.677
-1.387,0.919
0.943,-0.053
0.983,3.072
-1.065,3.043
-2.117,-0.213
-2.289,1.429
-3.116,0.717
0.097,1.416
-0.64,2.685
-0.762,2.53
-0.765,2.683
-2.27,1.267
-2.433,3.357
2.483,3.342
0.702,3.692
0.591,3.4
-0.76,-0.464
-0.199,-0.859
-0.472,-2.933
-0.697,-2.759
-0.818,-3.189
-0.76,-0.25
-0.789,-2.628
-0.826,-1.899
-0.946,-0.058
-0.842,-0.273
-1.002,-2.748
-0.896,-1.668
-1.466,-3.338
-1.597,-3.414
-2.116,-3.504
0.301,-3.419
-0.305,-3.362
-2.83,0.958
-2.737,1.002
2.62,0.722
2.124,0.979
2.055,0.792
1.501,0.743
1.279,1.12
0.047,1.05
-0.83,0.942
-1.369,-1.816
0.961,-2.788
1.001,0.337
-1.047,0.308
-2.099,-2.948
-2.271,-1.306
-3.098,-2.018
0.115,-1.319
-0.622,-0.05
-0.744,-0.205
-0.747,-0.052
-2.252,-1.468
-2.415,0.622
2.501,0.607
0.72,0.957
0.609,0.665
-0.742,-3.199
-0.273,-2.074
-0.498,-1.9
-0.619,-2.33
-0.561,0.609
-0.59,-1.769
-0.627,-1.04
-0.747,0.801
-0.643,0.586
-0.803,-1.889
-0.697,-0.809
-1.267,-2.479
-1.398,-2.555
-1.917,-2.645
0.5,-2.56
-0.106,-2.503
-2.631,1.817
-2.538,1.861
2.819,1.581
2.323,1.838
2.254,1.651
1.7,1.602
1.478,1.979
0.246,1.909
-0.631,1.801
-1.17,-0.957
1.16,-1.929
1.2,1.196
-0.848,1.167
-1.9,-2.089
-2.072,-0.447
-2.899,-1.159
0.314,-0.46
-0.423,0.809
-0.545,0.654
-0.548,0.807
-2.053,-0.609
-2.216,1.481
2.7,1.466
0.919,1.816
0.808,1.524
-0.543,-2.34
-0.225,0.174
-0.346,-0.256
-0.288,2.683
-0.317,0.305
-0.354,1.034
-0.474,2.875
-0.37,2.66
-0.53,0.185
-0.424,1.265
-0.994,-0.405
-1.125,-0.481
-1.644,-0.571
0.773,-0.486
0.167,-0.429
-2.358,3.891
-2.265,3.935
3.092,3.655
2.596,3.912
2.527,3.725
1.973,3.676
1.751,4.053
0.519,3.983
-0.358,3.875
-0.897,1.117
1.433,0.145
1.473,3.27
-0.575,3.241
-1.627,-0.015
-1.799,1.627
-2.626,0.915
0.587,1.614
-0.15,2.883
-0.272,2.728
-0.275,2.881
-1.78,1.465
-1.943,3.555
2.973,3.54
1.192,3.89
1.081,3.598
-0.27,-0.266
-0.121,-0.43
-0.063,2.509
-0.092,0.131
-0.129,0.86
-0.249,2.701
-0.145,2.486
-0.305,0.011
-0.199,1.091
-0.769,-0.579
-0.9,-0.655
-1.419,-0.745
0.998,-0.66
0.392,-0.603
-2.133,3.717
-2.04,3.761
-2.966,3.481
2.821,3.738
2.752,3.551
2.198,3.502
1.976,3.879
0.744,3.809
-0.133,3.701
-0.672,0.943
1.658,-0.029
1.698,3.096
-0.35,3.067
-1.402,-0.189
-1.574,1.453
-2.401,0.741
0.812,1.44
0.075,2.709
-0.047,2.554
-0.05,2.707
-1.555,1.291
-1.718,3.381
-3.085,3.366
1.417,3.716
1.306,3.424
-0.045,-0.44
0.058,2.939
0.029,0.561
-0.008,1.29
-0.128,3.131
-0.024,2.916
-0.184,0.441
-0.078,1.521
-0.648,-0.149
-0.779,-0.225
-1.298,-0.315
1.119,-0.23
0.513,-0.173
-2.012,4.147
-1.919,4.191
-2.845,3.911
2.942,4.168
2.873,3.981
2.319,3.932
2.097,4.309
0.865,4.239
-0.012,4.131
-0.551,1.373
1.779,0.401
1.819,3.526
-0.229,3.497
-1.281,0.241
-1.453,1.883
-2.28,1.171
0.933,1.87
0.196,3.139
0.074,2.984
0.071,3.137
-1.434,1.721
-1.597,3.811
-2.964,3.796
1.538,4.146
1.427,3.854
0.076,-0.01
-0.029,-2.378
-0.066,-1.649
-0.186,0.192
-0.082,-0.023
-0.242,-2.498
-0.136,-1.418
-0.706,-3.088
-0.837,-3.164
-1.356,-3.254
1.061,-3.169
0.455,-3.112
-2.07,1.208
-1.977,1.252
-2.903,0.972
2.884,1.229
2.815,1.042
2.261,0.993
2.039,1.37
0.807,1.3
-0.07,1.192
-0.609,-1.566
1.721,-2.538
1.761,0.587
-0.287,0.558
-1.339,-2.698
-1.511,-1.056
-2.338,-1.768
0.875,-1.069
0.138,0.2
0.016,0.045
0.013,0.198
-1.492,-1.218
-1.655,0.872
-3.022,0.857
1.48,1.207
1.369,0.915
0.018,-2.949
-0.037,0.729
-0.157,2.57
-0.053,2.355
-0.213,-0.12
-0.107,0.96
-0.677,-0.71
-0.808,-0.786
-1.327,-0.876
1.09,-0.791
0.484,-0.734
-2.041,3.586
-1.948,3.63
-2.874,3.35
2.913,3.607
2.844,3.42
2.29,3.371
2.068,3.748
0.836,3.678
-0.041,3.57
-0.58,0.812
1.75,-0.16
1.79,2.965
-0.258,2.936
-1.31,-0.32
-1.482,1.322
-2.309,0.61
0.904,1.309
0.167,2.578
0.045,2.423
0.042,2.576
-1.463,1.16
-1.626,3.25
-2.993,3.235
1.509,3.585
1.398,3.293
0.047,-0.571
-0.12,1.841
-0.016,1.626
-0.176,-0.849
-0.07,0.231
-0.64,-1.439
-0.771,-1.515
-1.29,-1.605
1.127,-1.52
0.521,-1.463
-2.004,2.857
-1.911,2.901
-2.837,2.621
2.95,2.878
2.881,2.691
2.327,2.642
2.105,3.019
0.873,2.949
-0.004,2.841
-0.543,0.083
1.787,-0.889
1.827,2.236
-0.221,2.207
-1.273,-1.049
-1.445,0.593
-2.272,-0.119
0.941,0.58
0.204,1.849
0.082,1.694
0.079,1.847
-1.426,0.431
-1.589,2.521
-2.956,2.506
1.546,2.856
1.435,2.564
0.084,-1.3
0.104,-0.215
-0.056,-2.69
0.05,-1.61
-0.52,-3.28
-0.651,-3.356
-1.17,-3.446
1.247,-3.361
0.641,-3.304
-1.884,1.016
-1.791,1.06
-2.717,0.78
3.07,1.037
3.001,0.85
2.447,0.801
2.225,1.178
0.993,1.108
0.116,1.0
-0.423,-1.758
1.907,-2.73
1.947,0.395
-0.101,0.366
-1.153,-2.89
-1.325,-1.248
-2.152,-1.96
1.061,-1.261
0.324,0.008
0.202,-0.147
0.199,0.006
-1.306,-1.41
-1.469,0.68
-2.836,0.665
1.666,1.015
1.555,0.723
0.204,-3.141
-0.16,-2.475
-0.054,-1.395
-0.624,-3.065
-0.755,-3.141
-1.274,-3.231
1.143,-3.146
0.537,-3.089
-1.988,1.231
-1.895,1.275
-2.821,0.995
2.966,1.252
2.897,1.065
2.343,1.016
2.121,1.393
0.889,1.323
0.012,1.215
-0.527,-1.543
1.803,-2.515
1.843,0.61
-0.205,0.581
-1.257,-2.675
-1.429,-1.033
-2.256,-1.745
0.957,-1.046
0.22,0.223
0.098,0.068
0.095,0.221
-1.41,-1.195
-1.573,0.895
-2.94,0.88
1.562,1.23
1.451,0.938
0.1,-2.926
0.106,1.08
-0.464,-0.59
-0.595,-0.666
-1.114,-0.756
1.303,-0.671
0.697,-0.614
-1.828,3.706
-1.735,3.75
-2.661,3.47
3.126,3.727
3.057,3.54
2.503,3.491
2.281,3.868
1.049,3.798
0.172,3.69
-0.367,0.932
1.963,-0.04
2.003,3.085
-0.045,3.056
-1.097,-0.2
-1.269,1.442
-2.096,0.73
1.117,1.429
0.38,2.698
0.258,2.543
0.255,2.696
-1.25,1.28
-1.413,3.37
-2.78,3.355
1.722,3.705
1.611,3.413
0.26,-0.451
-0.57,-1.67
-0.701,-1.746
-1.22,-1.836
1.197,-1.751
0.591,-1.694
-1.934,2.626
-1.841,2.67
-2.767,2.39
3.02,2.647
2.951,2.46
2.397,2.411
2.175,2.788
0.943,2.718
0.066,2.61
-0.473,-0.148
1.857,-1.12
1.897,2.005
-0.151,1.976
-1.203,-1.28
-1.375,0.362
-2.202,-0.35
1.011,0.349
0.274,1.618
0.152,1.463
0.149,1.616
-1.356,0.2
-1.519,2.29
-2.886,2.275
1.616,2.625
1.505,2.333
0.154,-1.531
-0.131,-0.076
-0.65,-0.166
1.767,-0.081
1.161,-0.024
-1.364,4.296
-1.271,4.34
-2.197,4.06
-2.693,4.317
-2.762,4.13
2.967,4.081
2.745,4.458
1.513,4.388
0.636,4.28
0.097,1.522
2.427,0.55
2.467,3.675
0.419,3.646
-0.633,0.39
-0.805,2.032
-1.632,1.32
1.581,2.019
0.844,3.288
0.722,3.133
0.719,3.286
-0.786,1.87
-0.949,3.96
-2.316,3.945
2.186,4.295
2.075,4.003
0.724,0.139
-0.519,-0.09
1.898,-0.005
1.292,0.052
-1.233,4.372
-1.14,4.416
-2.066,4.136
-2.562,4.393
-2.631,4.206
3.098,4.157
2.876,4.534
1.644,4.464
0.767,4.356
0.228,1.598
2.558,0.626
2.598,3.751
0.55,3.722
-0.502,0.466
-0.674,2.108
-1.501,1.396
1.712,2.095
0.975,3.364
0.853,3.209
0.85,3.362
-0.655,1.946
-0.818,4.036
-2.185,4.021
2.317,4.371
2.206,4.079
0.855,0.215
2.417,0.085
1.811,0.142
-0.714,4.462
-0.621,4.506
-1.547,4.226
-2.043,4.483
-2.112,4.296
-2.666,4.247
-2.888,4.624
2.163,4.554
1.286,4.446
0.747,1.688
3.077,0.716
3.117,3.841
1.069,3.812
0.017,0.556
-0.155,2.198
-0.982,1.486
2.231,2.185
1.494,3.454
1.372,3.299
1.369,3.452
-0.136,2.036
-0.299,4.126
-1.666,4.111
2.836,4.461
2.725,4.169
1.374,0.305
-0.606,0.057
-3.131,4.377
-3.038,4.421
2.319,4.141
1.823,4.398
1.754,4.211
1.2,4.162
0.978,4.539
-0.254,4.469
-1.131,4.361
-1.67,1.603
0.66,0.631
0.7,3.756
-1.348,3.727
-2.4,0.471
-2.572,2.113
2.884,1.401
-0.186,2.1
-0.923,3.369
-1.045,3.214
-1.048,3.367
-2.553,1.951
-2.716,4.041
2.2,4.026
0.419,4.376
0.308,4.084
-1.043,0.22
-2.525,4.32
-2.432,4.364
2.925,4.084
2.429,4.341
2.36,4.154
1.806,4.105
1.584,4.482
0.352,4.412
-0.525,4.304
-1.064,1.546
1.266,0.574
1.306,3.699
-0.742,3.67
-1.794,0.414
-1.966,2.056
-2.793,1.344
0.42,2.043
-0.317,3.312
-0.439,3.157
-0.442,3.31
-1.947,1.894
-2.11,3.984
2.806,3.969
1.025,4.319
0.914,4.027
-0.437,0.163
0.093,0.044
-0.833,-0.236
-1.329,0.021
-1.398,-0.166
-1.952,-0.215
-2.174,0.162
2.877,0.092
2.0,-0.016
1.461,-2.774
-2.492,-3.746
-2.452,-0.621
1.783,-0.65
0.731,-3.906
0.559,-2.264
-0.268,-2.976
2.945,-2.277
2.208,-1.008
2.086,-1.163
2.083,-1.01
0.578,-2.426
0.415,-0.336
-0.952,-0.351
-2.733,-0.001
-2.844,-0.293
2.088,-4.157
-0.926,-0.28
-1.422,-0.023
-1.491,-0.21
-2.045,-0.259
-2.267,0.118
2.784,0.048
1.907,-0.06
1.368,-2.818
-2.585,-3.79
-2.545,-0.665
1.69,-0.694
0.638,-3.95
0.466,-2.308
-0.361,-3.02
2.852,-2.321
2.115,-1.052
1.993,-1.207
1.99,-1.054
0.485,-2.47
0.322,-0.38
-1.045,-0.395
-2.826,-0.045
-2.937,-0.337
1.995,-4.201
-0.496,0.257
-0.565,0.07
-1.119,0.021
-1.341,0.398
-2.573,0.328
2.833,0.22
2.294,-2.538
-1.659,-3.51
-1.619,-0.385
2.616,-0.414
1.564,-3.67
1.392,-2.028
0.565,-2.74
-2.505,-2.041
3.041,-0.772
2.919,-0.927
2.916,-0.774
1.411,-2.19
1.248,-0.1
-0.119,-0.115
-1.9,0.235
-2.011,-0.057
2.921,-3.921
-0.069,-0.187
-0.623,-0.236
-0.845,0.141
-2.077,0.071
-2.954,-0.037
2.79,-2.795
-1.163,-3.767
-1.123,-0.642
3.112,-0.671
2.06,-3.927
1.888,-2.285
1.061,-2.997
-2.009,-2.298
-2.746,-1.029
-2.868,-1.184
-2.871,-1.031
1.907,-2.447
1.744,-0.357
0.377,-0.372
-1.404,-0.022
-1.515,-0.314
-2.866,-4.178
-0.554,-0.049
-0.776,0.328
-2.008,0.258
-2.885,0.15
2.859,-2.608
-1.094,-3.58
-1.054,-0.455
-3.102,-0.484
2.129,-3.74
1.957,-2.098
1.13,-2.81
-1.94,-2.111
-2.677,-0.842
-2.799,-0.997
-2.802,-0.844
1.976,-2.26
1.813,-0.17
0.446,-0.185
-1.335,0.165
-1.446,-0.127
-2.797,-3.991
-0.222,0.377
-1.454,0.307
-2.331,0.199
-2.87,-2.559
-0.54,-3.531
-0.5,-0.406
-2.548,-0.435
2.683,-3.691
2.511,-2.049
1.684,-2.761
-1.386,-2.062
-2.123,-0.793
-2.245,-0.948
-2.248,-0.795
2.53,-2.211
2.367,-0.121
1.0,-0.136
-0.781,0.214
-0.892,-0.078
-2.243,-3.942
-1.232,-0.07
-2.109,-0.178
-2.648,-2.936
-0.318,-3.908
-0.278,-0.783
-2.326,-0.812
2.905,-4.068
2.733,-2.426
1.906,-3.138
-1.164,-2.439
-1.901,-1.17
-2.023,-1.325
-2.026,-1.172
2.752,-2.588
2.589,-0.498
1.222,-0.513
-0.559,-0.163
-0.67,-0.455
-2.021,-4.319
-0.877,-0.108
-1.416,-2.866
0.914,-3.838
0.954,-0.713
-1.094,-0.742
-2.146,-3.998
-2.318,-2.356
3.138,-3.068
0.068,-2.369
-0.669,-1.1
-0.791,-1.255
-0.794,-1.102
-2.299,-2.518
-2.462,-0.428
2.454,-0.443
0.673,-0.093
0.562,-0.385
-0.789,-4.249
-0.539,-2.758
1.791,-3.73
1.831,-0.605
-0.217,-0.634
-1.269,-3.89
-1.441,-2.248
-2.268,-2.96
0.945,-2.261
0.208,-0.992
0.086,-1.147
0.083,-0.994
-1.422,-2.41
-1.585,-0.32
-2.952,-0.335
1.55,0.015
1.439,-0.277
0.088,-4.141
2.33,-0.972
2.37,2.153
0.322,2.124
-0.73,-1.132
-0.902,0.51
-1.729,-0.202
1.484,0.497
0.747,1.766
0.625,1.611
0.622,1.764
-0.883,0.348
-1.046,2.438
-2.413,2.423
2.089,2.773
1.978,2.481
0.627,-1.383
0.04,3.125
-2.008,3.096
-3.06,-0.16
3.051,1.482
2.224,0.77
-0.846,1.469
-1.583,2.738
-1.705,2.583
-1.708,2.736
3.07,1.32
2.907,3.41
1.54,3.395
-0.241,3.745
-0.352,3.453
-1.703,-0.411
-2.048,-0.029
-3.1,-3.285
3.011,-1.643
2.184,-2.355
-0.886,-1.656
-1.623,-0.387
-1.745,-0.542
-1.748,-0.389
3.03,-1.805
2.867,0.285
1.5,0.27
-0.281,0.62
-0.392,0.328
-1.743,-3.536
-1.052,-3.256
-1.224,-1.614
-2.051,-2.326
1.162,-1.627
0.425,-0.358
0.303,-0.513
0.3,-0.36
-1.205,-1.776
-1.368,0.314
-2.735,0.299
1.767,0.649
1.656,0.357
0.305,-3.507
-0.172,1.642
-0.999,0.93
2.214,1.629
1.477,2.898
1.355,2.743
1.352,2.896
-0.153,1.48
-0.316,3.57
-1.683,3.555
2.819,3.905
2.708,3.613
1.357,-0.251
-0.827,-0.712
2.386,-0.013
1.649,1.256
1.527,1.101
1.524,1.254
0.019,-0.162
-0.144,1.928
-1.511,1.913
2.991,2.263
2.88,1.971
1.529,-1.893
-3.07,0.699
2.476,1.968
2.354,1.813
2.351,1.966
0.846,0.55
0.683,2.64
-0.684,2.625
-2.465,2.975
-2.576,2.683
2.356,-1.181
-0.737,1.269
-0.859,1.114
-0.862,1.267
-2.367,-0.149
-2.53,1.941
2.386,1.926
0.605,2.276
0.494,1.984
-0.857,-1.88
-0.122,-0.155
-0.125,-0.002
-1.63,-1.418
-1.793,0.672
3.123,0.657
1.342,1.007
1.231,0.715
-0.12,-3.149
-0.003,0.153
-1.508,-1.263
-1.671,0.827
-3.038,0.812
1.464,1.162
1.353,0.87
0.002,-2.994
-1.505,-1.416
-1.668,0.674
-3.035,0.659
1.467,1.009
1.356,0.717
0.005,-3.147
-0.163,2.09
-1.53,2.075
2.972,2.425
2.861,2.133
1.51,-1.731
-1.367,-0.015
3.135,0.335
3.024,0.043
1.673,-3.821
-1.781,0.35
-1.892,0.058
3.04,-3.806
-0.111,-0.292
-1.462,-4.156
-1.351,-3.864
