-0.008,0.484
-0.092,0.124
-0.126,-0.145
-0.348,-1.167
-0.388,-1.125
-0.468,-0.847
-0.604,0.741
-0.644,1.728
-0.687,1.229
-0.711,-0.372
-0.709,0.371
-0.766,1.692
-0.76,-0.172
-0.842,2.535
-0.848,2.32
-0.788,0.518
-0.886,-1.192
-0.861,1.26
-0.941,-0.352
-0.947,-1.269
-0.939,0.773
-0.932,1.278
-0.985,2.527
-1.023,-0.094
-1.158,-0.603
-1.158,1.081
-1.284,2.236
-1.417,1.913
-1.439,1.419
-1.421,1.678
-1.492,1.012
-1.56,-0.381
-1.576,0.558
-1.538,2.618
-1.6,2.205
-1.731,2.207
-1.692,0.623
-1.7,0.26
-1.769,0.885
-1.78,0.083
-1.855,-1.001
-1.861,1.809
-1.884,0.067
-1.987,-0.308
-2.073,-0.598
-2.089,1.267
-2.177,1.086
-2.109,0.096
-2.183,-1.151
-2.218,-0.871
-2.165,-1.25
-2.197,0.099
-2.297,0.951
-2.295,2.414
-2.342,-0.405
-2.34,2.448
-2.305,0.797
-2.377,-0.685
-2.374,1.282
-2.431,-0.74
-2.363,2.472
-2.414,-0.044
-2.455,2.168
-2.532,0.825
-2.463,1.585
-2.578,-1.196
-2.673,1.51
-2.651,0.115
-2.714,-0.858
-2.868,1.158
-2.86,-0.982
-2.902,2.614
-2.928,-0.66
-2.999,0.564
-3.022,1.665
-2.984,0.337
-2.975,1.627
3.017,0.68
3.005,-0.298
2.994,1.963
2.927,0.255
2.996,-0.98
2.939,-0.612
2.893,1.327
2.712,1.114
2.732,0.457
2.466,-0.547
2.507,2.081
2.338,0.516
2.322,0.743
2.338,-0.624
2.32,-1.216
2.309,0.255
2.225,1.924
2.181,0.407
1.734,0.785
1.752,-0.01
1.682,0.775
1.577,1.915
1.473,0.757
1.518,1.771
1.401,-0.233
1.312,0.537
1.171,1.073
1.034,1.946
1.049,1.072
0.955,1.685
0.914,2.477
0.848,0.531
0.806,-1.201
0.805,0.247
0.591,0.086
0.553,-0.772
0.49,-0.501
0.395,1.565
0.388,-0.457
0.283,-0.503
0.297,-0.865
0.221,-0.106
0.24,2.526
0.138,1.266
-0.034,-1.424
-0.248,-1.709
-0.492,-1.382
-0.642,-1.601
-1.082,-1.412
-1.603,-1.558
-2.53,-1.708
3.122,-1.653
2.88,-1.406
1.793,-1.749
1.547,-1.66
1.103,-1.522
0.201,-1.549
0.19,-1.469
-0.343,2.827
-1.014,2.798
-1.654,2.781
-2.223,2.985
-2.392,2.616
-2.544,2.883
-2.929,2.895
2.508,2.68
2.333,2.721
0.955,2.826
0.483,2.754
0.403,2.875
0.242,2.836
0.118,2.937
-0.546,-1.012
-0.783,-1.31
-1.188,-1.089
-1.619,2.276
-2.337,1.786
2.396,-0.48
2.356,-1.284
1.983,1.246
0.052,0.157
-0.597,-1.74
-0.992,-1.308
-1.182,-1.572
0.268,-1.467
0.023,1.373
-0.022,1.369
-0.153,-0.343
-0.069,1.028
-0.081,0.634
-0.214,1.071
-0.254,1.506
-0.279,-1.281
-0.4,0.505
-0.416,2.648
-0.39,1.096
-0.533,1.234
-0.605,2.459
-0.66,2.173
-0.868,1.405
-1.019,-0.226
-0.971,1.454
-0.975,1.922
-1.133,-0.467
-1.106,0.166
-1.137,-0.146
-1.277,-1.076
-1.35,-0.218
-1.696,0.008
-1.57,0.047
-1.776,1.404
-1.67,-1.263
-1.776,1.488
-2.067,0.642
-2.026,2.117
-2.085,-0.345
-2.123,2.052
-2.165,2.261
-2.312,1.764
-2.357,-0.955
-2.49,0.312
-2.508,-0.334
-2.436,2.548
-2.522,-1.31
-2.677,-1.345
-2.694,-0.384
-2.617,-0.457
-2.942,-1.23
-2.988,1.153
-2.931,-0.083
-3.005,1.2
3.108,2.61
3.135,0.577
3.077,-0.349
2.917,0.621
2.741,2.348
2.692,0.031
2.698,0.142
2.522,1.893
2.625,-0.257
2.449,0.771
2.366,-0.32
2.448,0.265
2.21,2.103
2.221,-0.079
2.312,0.685
2.271,0.204
2.264,2.57
2.052,-0.355
2.002,0.498
1.886,0.764
1.804,-1.036
1.738,1.82
1.544,-0.806
1.522,1.768
1.618,0.874
1.557,-1.251
1.389,1.919
1.381,-1.282
1.411,0.1
1.246,1.576
0.953,1.669
1.106,1.505
1.059,-0.357
1.033,2.314
0.825,-1.369
0.615,0.319
0.698,0.324
0.401,2.638
0.475,-0.049
0.326,0.096
0.135,0.826
0.048,-1.143
0.128,0.079
-0.243,-1.529
-0.435,-1.692
-0.687,-1.749
-2.335,-1.67
-2.24,-1.664
-2.565,-1.74
-2.721,-1.5
-2.826,-1.697
2.966,-1.372
2.153,-1.657
2.066,-1.372
1.724,-1.504
0.97,-1.886
0.586,-1.52
-0.308,2.739
-0.501,2.781
-0.651,2.761
-2.433,2.775
3.116,2.842
2.246,2.736
1.269,2.983
0.964,2.682
0.792,2.704
0.701,2.99
-0.043,2.397
-1.046,0.626
-2.565,2.424
2.97,0.829
1.986,0.451
0.951,-0.381
-1.936,2.099
1.747,1.648
1.72,1.0
0.793,0.983
0.696,1.587
0.37,0.107
0.363,2.099
0.153,0.669
3.033,-0.226
0.587,-0.213
-0.084,-0.36
-0.118,-0.629
-0.34,-1.651
-0.38,-1.609
-0.46,-1.331
-0.596,0.257
-0.636,1.244
-0.679,0.745
-0.703,-0.856
-0.701,-0.113
-0.758,1.208
-0.752,-0.656
-0.834,2.051
-0.84,1.836
-0.78,0.034
-0.878,-1.676
-0.853,0.776
-0.933,-0.836
-0.939,-1.753
-0.931,0.289
-0.924,0.794
-0.977,2.043
-1.015,-0.578
-1.15,-1.087
-1.15,0.597
-1.276,1.752
-1.409,1.429
-1.431,0.935
-1.413,1.194
-1.484,0.528
-1.552,-0.865
-1.568,0.074
-1.53,2.134
-1.592,1.721
-1.723,1.723
-1.684,0.139
-1.692,-0.224
-1.761,0.401
-1.772,-0.401
-1.847,-1.485
-1.853,1.325
-1.876,-0.417
-1.979,-0.792
-2.065,-1.082
-2.081,0.783
-2.169,0.602
-2.101,-0.388
-2.175,-1.635
-2.21,-1.355
-2.157,-1.734
-2.189,-0.385
-2.289,0.467
-2.287,1.93
-2.334,-0.889
-2.332,1.964
-2.297,0.313
-2.369,-1.169
-2.366,0.798
-2.423,-1.224
-2.355,1.988
-2.406,-0.528
-2.447,1.684
-2.524,0.341
-2.455,1.101
-2.57,-1.68
-2.665,1.026
-2.643,-0.369
-2.706,-1.342
-2.86,0.674
-2.852,-1.466
-2.894,2.13
-2.92,-1.144
-2.991,0.08
-3.014,1.181
-2.976,-0.147
-2.967,1.143
3.025,0.196
3.013,-0.782
3.002,1.479
2.935,-0.229
3.004,-1.464
2.947,-1.096
2.901,0.843
2.72,0.63
2.74,-0.027
2.474,-1.031
2.515,1.597
2.346,0.032
2.33,0.259
2.346,-1.108
2.328,-1.7
2.317,-0.229
2.233,1.44
2.189,-0.077
1.742,0.301
1.76,-0.494
1.69,0.291
1.585,1.431
1.481,0.273
1.526,1.287
1.409,-0.717
1.32,0.053
1.179,0.589
1.042,1.462
1.057,0.588
0.963,1.201
0.922,1.993
0.856,0.047
0.814,-1.685
0.813,-0.237
0.599,-0.398
0.561,-1.256
0.498,-0.985
0.403,1.081
0.396,-0.941
0.291,-0.987
0.305,-1.349
0.229,-0.59
0.248,2.042
0.146,0.782
-0.026,-1.908
-0.24,-2.193
-0.484,-1.866
-0.634,-2.085
-1.074,-1.896
-1.595,-2.042
-2.522,-2.192
3.13,-2.137
2.888,-1.89
1.801,-2.233
1.555,-2.144
1.111,-2.006
0.209,-2.033
0.198,-1.953
-0.335,2.343
-1.006,2.314
-1.646,2.297
-2.215,2.501
-2.384,2.132
-2.536,2.399
-2.921,2.411
2.516,2.196
2.341,2.237
0.963,2.342
0.491,2.27
0.411,2.391
0.25,2.352
0.126,2.453
-0.538,-1.496
-0.775,-1.794
-1.18,-1.573
-1.611,1.792
-2.329,1.302
2.404,-0.964
2.364,-1.768
1.991,0.762
0.06,-0.327
-0.589,-2.224
-0.984,-1.792
-1.174,-2.056
0.276,-1.951
0.031,0.889
-0.014,0.885
-0.145,-0.827
-0.061,0.544
-0.073,0.15
-0.206,0.587
-0.246,1.022
-0.271,-1.765
-0.392,0.021
-0.408,2.164
-0.382,0.612
-0.525,0.75
-0.597,1.975
-0.652,1.689
-0.86,0.921
-1.011,-0.71
-0.963,0.97
-0.967,1.438
-1.125,-0.951
-1.098,-0.318
-1.129,-0.63
-1.269,-1.56
-1.342,-0.702
-1.688,-0.476
-1.562,-0.437
-1.768,0.92
-1.662,-1.747
-1.768,1.004
-2.059,0.158
-2.018,1.633
-2.077,-0.829
-2.115,1.568
-2.157,1.777
-2.304,1.28
-2.349,-1.439
-2.482,-0.172
-2.5,-0.818
-2.428,2.064
-2.514,-1.794
-2.669,-1.829
-2.686,-0.868
-2.609,-0.941
-2.934,-1.714
-2.98,0.669
-2.923,-0.567
-2.997,0.716
3.116,2.126
-3.14,0.093
3.085,-0.833
2.925,0.137
2.749,1.864
2.7,-0.453
2.706,-0.342
2.53,1.409
2.633,-0.741
2.457,0.287
2.374,-0.804
2.456,-0.219
2.218,1.619
2.229,-0.563
2.32,0.201
2.279,-0.28
2.272,2.086
2.06,-0.839
2.01,0.014
1.894,0.28
1.812,-1.52
1.746,1.336
1.552,-1.29
1.53,1.284
1.626,0.39
1.565,-1.735
1.397,1.435
1.389,-1.766
1.419,-0.384
1.254,1.092
0.961,1.185
1.114,1.021
1.067,-0.841
1.041,1.83
0.833,-1.853
0.623,-0.165
0.706,-0.16
0.409,2.154
0.483,-0.533
0.334,-0.388
0.143,0.342
0.056,-1.627
0.136,-0.405
-0.235,-2.013
-0.427,-2.176
-0.679,-2.233
-2.327,-2.154
-2.232,-2.148
-2.557,-2.224
-2.713,-1.984
-2.818,-2.181
2.974,-1.856
2.161,-2.141
2.074,-1.856
1.732,-1.988
0.978,-2.37
0.594,-2.004
-0.3,2.255
-0.493,2.297
-0.643,2.277
-2.425,2.291
3.124,2.358
2.254,2.252
1.277,2.499
0.972,2.198
0.8,2.22
0.709,2.506
-0.035,1.913
-1.038,0.142
-2.557,1.94
2.978,0.345
1.994,-0.033
0.959,-0.865
-1.928,1.615
1.755,1.164
1.728,0.516
0.801,0.499
0.704,1.103
0.378,-0.377
0.371,1.615
0.161,0.185
3.041,-0.71
0.595,-0.697
-0.034,-0.269
-0.256,-1.291
-0.296,-1.249
-0.376,-0.971
-0.512,0.617
-0.552,1.604
-0.595,1.105
-0.619,-0.496
-0.617,0.247
-0.674,1.568
-0.668,-0.296
-0.75,2.411
-0.756,2.196
-0.696,0.394
-0.794,-1.316
-0.769,1.136
-0.849,-0.476
-0.855,-1.393
-0.847,0.649
-0.84,1.154
-0.893,2.403
-0.931,-0.218
-1.066,-0.727
-1.066,0.957
-1.192,2.112
-1.325,1.789
-1.347,1.295
-1.329,1.554
-1.4,0.888
-1.468,-0.505
-1.484,0.434
-1.446,2.494
-1.508,2.081
-1.639,2.083
-1.6,0.499
-1.608,0.136
-1.677,0.761
-1.688,-0.041
-1.763,-1.125
-1.769,1.685
-1.792,-0.057
-1.895,-0.432
-1.981,-0.722
-1.997,1.143
-2.085,0.962
-2.017,-0.028
-2.091,-1.275
-2.126,-0.995
-2.073,-1.374
-2.105,-0.025
-2.205,0.827
-2.203,2.29
-2.25,-0.529
-2.248,2.324
-2.213,0.673
-2.285,-0.809
-2.282,1.158
-2.339,-0.864
-2.271,2.348
-2.322,-0.168
-2.363,2.044
-2.44,0.701
-2.371,1.461
-2.486,-1.32
-2.581,1.386
-2.559,-0.009
-2.622,-0.982
-2.776,1.034
-2.768,-1.106
-2.81,2.49
-2.836,-0.784
-2.907,0.44
-2.93,1.541
-2.892,0.213
-2.883,1.503
3.109,0.556
3.097,-0.422
3.086,1.839
3.019,0.131
3.088,-1.104
3.031,-0.736
2.985,1.203
2.804,0.99
2.824,0.333
2.558,-0.671
2.599,1.957
2.43,0.392
2.414,0.619
2.43,-0.748
2.412,-1.34
2.401,0.131
2.317,1.8
2.273,0.283
1.826,0.661
1.844,-0.134
1.774,0.651
1.669,1.791
1.565,0.633
1.61,1.647
1.493,-0.357
1.404,0.413
1.263,0.949
1.126,1.822
1.141,0.948
1.047,1.561
1.006,2.353
0.94,0.407
0.898,-1.325
0.897,0.123
0.683,-0.038
0.645,-0.896
0.582,-0.625
0.487,1.441
0.48,-0.581
0.375,-0.627
0.389,-0.989
0.313,-0.23
0.332,2.402
0.23,1.142
0.058,-1.548
-0.156,-1.833
-0.4,-1.506
-0.55,-1.725
-0.99,-1.536
-1.511,-1.682
-2.438,-1.832
-3.069,-1.777
2.972,-1.53
1.885,-1.873
1.639,-1.784
1.195,-1.646
0.293,-1.673
0.282,-1.593
-0.251,2.703
-0.922,2.674
-1.562,2.657
-2.131,2.861
-2.3,2.492
-2.452,2.759
-2.837,2.771
2.6,2.556
2.425,2.597
1.047,2.702
0.575,2.63
0.495,2.751
0.334,2.712
0.21,2.813
-0.454,-1.136
-0.691,-1.434
-1.096,-1.213
-1.527,2.152
-2.245,1.662
2.488,-0.604
2.448,-1.408
2.075,1.122
0.144,0.033
-0.505,-1.864
-0.9,-1.432
-1.09,-1.696
0.36,-1.591
0.115,1.249
0.07,1.245
-0.061,-0.467
0.023,0.904
0.011,0.51
-0.122,0.947
-0.162,1.382
-0.187,-1.405
-0.308,0.381
-0.324,2.524
-0.298,0.972
-0.441,1.11
-0.513,2.335
-0.568,2.049
-0.776,1.281
-0.927,-0.35
-0.879,1.33
-0.883,1.798
-1.041,-0.591
-1.014,0.042
-1.045,-0.27
-1.185,-1.2
-1.258,-0.342
-1.604,-0.116
-1.478,-0.077
-1.684,1.28
-1.578,-1.387
-1.684,1.364
-1.975,0.518
-1.934,1.993
-1.993,-0.469
-2.031,1.928
-2.073,2.137
-2.22,1.64
-2.265,-1.079
-2.398,0.188
-2.416,-0.458
-2.344,2.424
-2.43,-1.434
-2.585,-1.469
-2.602,-0.508
-2.525,-0.581
-2.85,-1.354
-2.896,1.029
-2.839,-0.207
-2.913,1.076
-3.083,2.486
-3.056,0.453
-3.114,-0.473
3.009,0.497
2.833,2.224
2.784,-0.093
2.79,0.018
2.614,1.769
2.717,-0.381
2.541,0.647
2.458,-0.444
2.54,0.141
2.302,1.979
2.313,-0.203
2.404,0.561
2.363,0.08
2.356,2.446
2.144,-0.479
2.094,0.374
1.978,0.64
1.896,-1.16
1.83,1.696
1.636,-0.93
1.614,1.644
1.71,0.75
1.649,-1.375
1.481,1.795
1.473,-1.406
1.503,-0.024
1.338,1.452
1.045,1.545
1.198,1.381
1.151,-0.481
1.125,2.19
0.917,-1.493
0.707,0.195
0.79,0.2
0.493,2.514
0.567,-0.173
0.418,-0.028
0.227,0.702
0.14,-1.267
0.22,-0.045
-0.151,-1.653
-0.343,-1.816
-0.595,-1.873
-2.243,-1.794
-2.148,-1.788
-2.473,-1.864
-2.629,-1.624
-2.734,-1.821
3.058,-1.496
2.245,-1.781
2.158,-1.496
1.816,-1.628
1.062,-2.01
0.678,-1.644
-0.216,2.615
-0.409,2.657
-0.559,2.637
-2.341,2.651
-3.075,2.718
2.338,2.612
1.361,2.859
1.056,2.558
0.884,2.58
0.793,2.866
0.049,2.273
-0.954,0.502
-2.473,2.3
3.062,0.705
2.078,0.327
1.043,-0.505
-1.844,1.975
1.839,1.524
1.812,0.876
0.885,0.859
0.788,1.463
0.462,-0.017
0.455,1.975
0.245,0.545
3.125,-0.35
0.679,-0.337
-0.222,-1.022
-0.262,-0.98
-0.342,-0.702
-0.478,0.886
-0.518,1.873
-0.561,1.374
-0.585,-0.227
-0.583,0.516
-0.64,1.837
-0.634,-0.027
-0.716,2.68
-0.722,2.465
-0.662,0.663
-0.76,-1.047
-0.735,1.405
-0.815,-0.207
-0.821,-1.124
-0.813,0.918
-0.806,1.423
-0.859,2.672
-0.897,0.051
-1.032,-0.458
-1.032,1.226
-1.158,2.381
-1.291,2.058
-1.313,1.564
-1.295,1.823
-1.366,1.157
-1.434,-0.236
-1.45,0.703
-1.412,2.763
-1.474,2.35
-1.605,2.352
-1.566,0.768
-1.574,0.405
-1.643,1.03
-1.654,0.228
-1.729,-0.856
-1.735,1.954
-1.758,0.212
-1.861,-0.163
-1.947,-0.453
-1.963,1.412
-2.051,1.231
-1.983,0.241
-2.057,-1.006
-2.092,-0.726
-2.039,-1.105
-2.071,0.244
-2.171,1.096
-2.169,2.559
-2.216,-0.26
-2.214,2.593
-2.179,0.942
-2.251,-0.54
-2.248,1.427
-2.305,-0.595
-2.237,2.617
-2.288,0.101
-2.329,2.313
-2.406,0.97
-2.337,1.73
-2.452,-1.051
-2.547,1.655
-2.525,0.26
-2.588,-0.713
-2.742,1.303
-2.734,-0.837
-2.776,2.759
-2.802,-0.515
-2.873,0.709
-2.896,1.81
-2.858,0.482
-2.849,1.772
-3.14,0.825
3.131,-0.153
3.12,2.108
3.053,0.4
3.122,-0.835
3.065,-0.467
3.019,1.472
2.838,1.259
2.858,0.602
2.592,-0.402
2.633,2.226
2.464,0.661
2.448,0.888
2.464,-0.479
2.446,-1.071
2.435,0.4
2.351,2.069
2.307,0.552
1.86,0.93
1.878,0.135
1.808,0.92
1.703,2.06
1.599,0.902
1.644,1.916
1.527,-0.088
1.438,0.682
1.297,1.218
1.16,2.091
1.175,1.217
1.081,1.83
1.04,2.622
0.974,0.676
0.932,-1.056
0.931,0.392
0.717,0.231
0.679,-0.627
0.616,-0.356
0.521,1.71
0.514,-0.312
0.409,-0.358
0.423,-0.72
0.347,0.039
0.366,2.671
0.264,1.411
0.092,-1.279
-0.122,-1.564
-0.366,-1.237
-0.516,-1.456
-0.956,-1.267
-1.477,-1.413
-2.404,-1.563
-3.035,-1.508
3.006,-1.261
1.919,-1.604
1.673,-1.515
1.229,-1.377
0.327,-1.404
0.316,-1.324
-0.217,2.972
-0.888,2.943
-1.528,2.926
-2.097,3.13
-2.266,2.761
-2.418,3.028
-2.803,3.04
2.634,2.825
2.459,2.866
1.081,2.971
0.609,2.899
0.529,3.02
0.368,2.981
0.244,3.082
-0.42,-0.867
-0.657,-1.165
-1.062,-0.944
-1.493,2.421
-2.211,1.931
2.522,-0.335
2.482,-1.139
2.109,1.391
0.178,0.302
-0.471,-1.595
-0.866,-1.163
-1.056,-1.427
0.394,-1.322
0.149,1.518
0.104,1.514
-0.027,-0.198
0.057,1.173
0.045,0.779
-0.088,1.216
-0.128,1.651
-0.153,-1.136
-0.274,0.65
-0.29,2.793
-0.264,1.241
-0.407,1.379
-0.479,2.604
-0.534,2.318
-0.742,1.55
-0.893,-0.081
-0.845,1.599
-0.849,2.067
-1.007,-0.322
-0.98,0.311
-1.011,-0.001
-1.151,-0.931
-1.224,-0.073
-1.57,0.153
-1.444,0.192
-1.65,1.549
-1.544,-1.118
-1.65,1.633
-1.941,0.787
-1.9,2.262
-1.959,-0.2
-1.997,2.197
-2.039,2.406
-2.186,1.909
-2.231,-0.81
-2.364,0.457
-2.382,-0.189
-2.31,2.693
-2.396,-1.165
-2.551,-1.2
-2.568,-0.239
-2.491,-0.312
-2.816,-1.085
-2.862,1.298
-2.805,0.062
-2.879,1.345
-3.049,2.755
-3.022,0.722
-3.08,-0.204
3.043,0.766
2.867,2.493
2.818,0.176
2.824,0.287
2.648,2.038
2.751,-0.112
2.575,0.916
2.492,-0.175
2.574,0.41
2.336,2.248
2.347,0.066
2.438,0.83
2.397,0.349
2.39,2.715
2.178,-0.21
2.128,0.643
2.012,0.909
1.93,-0.891
1.864,1.965
1.67,-0.661
1.648,1.913
1.744,1.019
1.683,-1.106
1.515,2.064
1.507,-1.137
1.537,0.245
1.372,1.721
1.079,1.814
1.232,1.65
1.185,-0.212
1.159,2.459
0.951,-1.224
0.741,0.464
0.824,0.469
0.527,2.783
0.601,0.096
0.452,0.241
0.261,0.971
0.174,-0.998
0.254,0.224
-0.117,-1.384
-0.309,-1.547
-0.561,-1.604
-2.209,-1.525
-2.114,-1.519
-2.439,-1.595
-2.595,-1.355
-2.7,-1.552
3.092,-1.227
2.279,-1.512
2.192,-1.227
1.85,-1.359
1.096,-1.741
0.712,-1.375
-0.182,2.884
-0.375,2.926
-0.525,2.906
-2.307,2.92
-3.041,2.987
2.372,2.881
1.395,3.128
1.09,2.827
0.918,2.849
0.827,3.135
0.083,2.542
-0.92,0.771
-2.439,2.569
3.096,0.974
2.112,0.596
1.077,-0.236
-1.81,2.244
1.873,1.793
1.846,1.145
0.919,1.128
0.822,1.732
0.496,0.252
0.489,2.244
0.279,0.814
-3.124,-0.081
0.713,-0.068
-0.04,0.042
-0.12,0.32
-0.256,1.908
-0.296,2.895
-0.339,2.396
-0.363,0.795
-0.361,1.538
-0.418,2.859
-0.412,0.995
-0.494,3.702
-0.5,3.487
-0.44,1.685
-0.538,-0.025
-0.513,2.427
-0.593,0.815
-0.599,-0.102
-0.591,1.94
-0.584,2.445
-0.637,3.694
-0.675,1.073
-0.81,0.564
-0.81,2.248
-0.936,3.403
-1.069,3.08
-1.091,2.586
-1.073,2.845
-1.144,2.179
-1.212,0.786
-1.228,1.725
-1.19,3.785
-1.252,3.372
-1.383,3.374
-1.344,1.79
-1.352,1.427
-1.421,2.052
-1.432,1.25
-1.507,0.166
-1.513,2.976
-1.536,1.234
-1.639,0.859
-1.725,0.569
-1.741,2.434
-1.829,2.253
-1.761,1.263
-1.835,0.016
-1.87,0.296
-1.817,-0.083
-1.849,1.266
-1.949,2.118
-1.947,3.581
-1.994,0.762
-1.992,3.615
-1.957,1.964
-2.029,0.482
-2.026,2.449
-2.083,0.427
-2.015,3.639
-2.066,1.123
-2.107,3.335
-2.184,1.992
-2.115,2.752
-2.23,-0.029
-2.325,2.677
-2.303,1.282
-2.366,0.309
-2.52,2.325
-2.512,0.185
-2.554,3.781
-2.58,0.507
-2.651,1.731
-2.674,2.832
-2.636,1.504
-2.627,2.794
-2.918,1.847
-2.93,0.869
-2.941,3.13
-3.008,1.422
-2.939,0.187
-2.996,0.555
-3.042,2.494
3.06,2.281
3.08,1.624
2.814,0.62
2.855,3.248
2.686,1.683
2.67,1.91
2.686,0.543
2.668,-0.049
2.657,1.422
2.573,3.091
2.529,1.574
2.082,1.952
2.1,1.157
2.03,1.942
1.925,3.082
1.821,1.924
1.866,2.938
1.749,0.934
1.66,1.704
1.519,2.24
1.382,3.113
1.397,2.239
1.303,2.852
1.262,3.644
1.196,1.698
1.154,-0.034
1.153,1.414
0.939,1.253
0.901,0.395
0.838,0.666
0.743,2.732
0.736,0.71
0.631,0.664
0.645,0.302
0.569,1.061
0.588,3.693
0.486,2.433
0.314,-0.257
0.1,-0.542
-0.144,-0.215
-0.294,-0.434
-0.734,-0.245
-1.255,-0.391
-2.182,-0.541
-2.813,-0.486
-3.055,-0.239
2.141,-0.582
1.895,-0.493
1.451,-0.355
0.549,-0.382
0.538,-0.302
0.005,3.994
-0.666,3.965
-1.306,3.948
-1.875,4.152
-2.044,3.783
-2.196,4.05
-2.581,4.062
2.856,3.847
2.681,3.888
1.303,3.993
0.831,3.921
0.751,4.042
0.59,4.003
0.466,4.104
-0.198,0.155
-0.435,-0.143
-0.84,0.078
-1.271,3.443
-1.989,2.953
2.744,0.687
2.704,-0.117
2.331,2.413
0.4,1.324
-0.249,-0.573
-0.644,-0.141
-0.834,-0.405
0.616,-0.3
0.371,2.54
0.326,2.536
0.195,0.824
0.279,2.195
0.267,1.801
0.134,2.238
0.094,2.673
0.069,-0.114
-0.052,1.672
-0.068,3.815
-0.042,2.263
-0.185,2.401
-0.257,3.626
-0.312,3.34
-0.52,2.572
-0.671,0.941
-0.623,2.621
-0.627,3.089
-0.785,0.7
-0.758,1.333
-0.789,1.021
-0.929,0.091
-1.002,0.949
-1.348,1.175
-1.222,1.214
-1.428,2.571
-1.322,-0.096
-1.428,2.655
-1.719,1.809
-1.678,3.284
-1.737,0.822
-1.775,3.219
-1.817,3.428
-1.964,2.931
-2.009,0.212
-2.142,1.479
-2.16,0.833
-2.088,3.715
-2.174,-0.143
-2.329,-0.178
-2.346,0.783
-2.269,0.71
-2.594,-0.063
-2.64,2.32
-2.583,1.084
-2.657,2.367
-2.827,3.777
-2.8,1.744
-2.858,0.818
-3.018,1.788
3.089,3.515
3.04,1.198
3.046,1.309
2.87,3.06
2.973,0.91
2.797,1.938
2.714,0.847
2.796,1.432
2.558,3.27
2.569,1.088
2.66,1.852
2.619,1.371
2.612,3.737
2.4,0.812
2.35,1.665
2.234,1.931
2.152,0.131
2.086,2.987
1.892,0.361
1.87,2.935
1.966,2.041
1.905,-0.084
1.737,3.086
1.729,-0.115
1.759,1.267
1.594,2.743
1.301,2.836
1.454,2.672
1.407,0.81
1.381,3.481
1.173,-0.202
0.963,1.486
1.046,1.491
0.749,3.805
0.823,1.118
0.674,1.263
0.483,1.993
0.396,0.024
0.476,1.246
0.105,-0.362
-0.087,-0.525
-0.339,-0.582
-1.987,-0.503
-1.892,-0.497
-2.217,-0.573
-2.373,-0.333
-2.478,-0.53
-2.969,-0.205
2.501,-0.49
2.414,-0.205
2.072,-0.337
1.318,-0.719
0.934,-0.353
0.04,3.906
-0.153,3.948
-0.303,3.928
-2.085,3.942
-2.819,4.009
2.594,3.903
1.617,4.15
1.312,3.849
1.14,3.871
1.049,4.157
0.305,3.564
-0.698,1.793
-2.217,3.591
-2.965,1.996
2.334,1.618
1.299,0.786
-1.588,3.266
2.095,2.815
2.068,2.167
1.141,2.15
1.044,2.754
0.718,1.274
0.711,3.266
0.501,1.836
-2.902,0.941
0.935,0.954
-0.08,0.278
-0.216,1.866
-0.256,2.853
-0.299,2.354
-0.323,0.753
-0.321,1.496
-0.378,2.817
-0.372,0.953
-0.454,3.66
-0.46,3.445
-0.4,1.643
-0.498,-0.067
-0.473,2.385
-0.553,0.773
-0.559,-0.144
-0.551,1.898
-0.544,2.403
-0.597,3.652
-0.635,1.031
-0.77,0.522
-0.77,2.206
-0.896,3.361
-1.029,3.038
-1.051,2.544
-1.033,2.803
-1.104,2.137
-1.172,0.744
-1.188,1.683
-1.15,3.743
-1.212,3.33
-1.343,3.332
-1.304,1.748
-1.312,1.385
-1.381,2.01
-1.392,1.208
-1.467,0.124
-1.473,2.934
-1.496,1.192
-1.599,0.817
-1.685,0.527
-1.701,2.392
-1.789,2.211
-1.721,1.221
-1.795,-0.026
-1.83,0.254
-1.777,-0.125
-1.809,1.224
-1.909,2.076
-1.907,3.539
-1.954,0.72
-1.952,3.573
-1.917,1.922
-1.989,0.44
-1.986,2.407
-2.043,0.385
-1.975,3.597
-2.026,1.081
-2.067,3.293
-2.144,1.95
-2.075,2.71
-2.19,-0.071
-2.285,2.635
-2.263,1.24
-2.326,0.267
-2.48,2.283
-2.472,0.143
-2.514,3.739
-2.54,0.465
-2.611,1.689
-2.634,2.79
-2.596,1.462
-2.587,2.752
-2.878,1.805
-2.89,0.827
-2.901,3.088
-2.968,1.38
-2.899,0.145
-2.956,0.513
-3.002,2.452
3.1,2.239
3.12,1.582
2.854,0.578
2.895,3.206
2.726,1.641
2.71,1.868
2.726,0.501
2.708,-0.091
2.697,1.38
2.613,3.049
2.569,1.532
2.122,1.91
2.14,1.115
2.07,1.9
1.965,3.04
1.861,1.882
1.906,2.896
1.789,0.892
1.7,1.662
1.559,2.198
1.422,3.071
1.437,2.197
1.343,2.81
1.302,3.602
1.236,1.656
1.194,-0.076
1.193,1.372
0.979,1.211
0.941,0.353
0.878,0.624
0.783,2.69
0.776,0.668
0.671,0.622
0.685,0.26
0.609,1.019
0.628,3.651
0.526,2.391
0.354,-0.299
0.14,-0.584
-0.104,-0.257
-0.254,-0.476
-0.694,-0.287
-1.215,-0.433
-2.142,-0.583
-2.773,-0.528
-3.015,-0.281
2.181,-0.624
1.935,-0.535
1.491,-0.397
0.589,-0.424
0.578,-0.344
0.045,3.952
-0.626,3.923
-1.266,3.906
-1.835,4.11
-2.004,3.741
-2.156,4.008
-2.541,4.02
2.896,3.805
2.721,3.846
1.343,3.951
0.871,3.879
0.791,4.0
0.63,3.961
0.506,4.062
-0.158,0.113
-0.395,-0.185
-0.8,0.036
-1.231,3.401
-1.949,2.911
2.784,0.645
2.744,-0.159
2.371,2.371
0.44,1.282
-0.209,-0.615
-0.604,-0.183
-0.794,-0.447
0.656,-0.342
0.411,2.498
0.366,2.494
0.235,0.782
0.319,2.153
0.307,1.759
0.174,2.196
0.134,2.631
0.109,-0.156
-0.012,1.63
-0.028,3.773
-0.002,2.221
-0.145,2.359
-0.217,3.584
-0.272,3.298
-0.48,2.53
-0.631,0.899
-0.583,2.579
-0.587,3.047
-0.745,0.658
-0.718,1.291
-0.749,0.979
-0.889,0.049
-0.962,0.907
-1.308,1.133
-1.182,1.172
-1.388,2.529
-1.282,-0.138
-1.388,2.613
-1.679,1.767
-1.638,3.242
-1.697,0.78
-1.735,3.177
-1.777,3.386
-1.924,2.889
-1.969,0.17
-2.102,1.437
-2.12,0.791
-2.048,3.673
-2.134,-0.185
-2.289,-0.22
-2.306,0.741
-2.229,0.668
-2.554,-0.105
-2.6,2.278
-2.543,1.042
-2.617,2.325
-2.787,3.735
-2.76,1.702
-2.818,0.776
-2.978,1.746
3.129,3.473
3.08,1.156
3.086,1.267
2.91,3.018
3.013,0.868
2.837,1.896
2.754,0.805
2.836,1.39
2.598,3.228
2.609,1.046
2.7,1.81
2.659,1.329
2.652,3.695
2.44,0.77
2.39,1.623
2.274,1.889
2.192,0.089
2.126,2.945
1.932,0.319
1.91,2.893
2.006,1.999
1.945,-0.126
1.777,3.044
1.769,-0.157
1.799,1.225
1.634,2.701
1.341,2.794
1.494,2.63
1.447,0.768
1.421,3.439
1.213,-0.244
1.003,1.444
1.086,1.449
0.789,3.763
0.863,1.076
0.714,1.221
0.523,1.951
0.436,-0.018
0.516,1.204
0.145,-0.404
-0.047,-0.567
-0.299,-0.624
-1.947,-0.545
-1.852,-0.539
-2.177,-0.615
-2.333,-0.375
-2.438,-0.572
-2.929,-0.247
2.541,-0.532
2.454,-0.247
2.112,-0.379
1.358,-0.761
0.974,-0.395
0.08,3.864
-0.113,3.906
-0.263,3.886
-2.045,3.9
-2.779,3.967
2.634,3.861
1.657,4.108
1.352,3.807
1.18,3.829
1.089,4.115
0.345,3.522
-0.658,1.751
-2.177,3.549
-2.925,1.954
2.374,1.576
1.339,0.744
-1.548,3.224
2.135,2.773
2.108,2.125
1.181,2.108
1.084,2.712
0.758,1.232
0.751,3.224
0.541,1.794
-2.862,0.899
0.975,0.912
-0.136,1.588
-0.176,2.575
-0.219,2.076
-0.243,0.475
-0.241,1.218
-0.298,2.539
-0.292,0.675
-0.374,3.382
-0.38,3.167
-0.32,1.365
-0.418,-0.345
-0.393,2.107
-0.473,0.495
-0.479,-0.422
-0.471,1.62
-0.464,2.125
-0.517,3.374
-0.555,0.753
-0.69,0.244
-0.69,1.928
-0.816,3.083
-0.949,2.76
-0.971,2.266
-0.953,2.525
-1.024,1.859
-1.092,0.466
-1.108,1.405
-1.07,3.465
-1.132,3.052
-1.263,3.054
-1.224,1.47
-1.232,1.107
-1.301,1.732
-1.312,0.93
-1.387,-0.154
-1.393,2.656
-1.416,0.914
-1.519,0.539
-1.605,0.249
-1.621,2.114
-1.709,1.933
-1.641,0.943
-1.715,-0.304
-1.75,-0.024
-1.697,-0.403
-1.729,0.946
-1.829,1.798
-1.827,3.261
-1.874,0.442
-1.872,3.295
-1.837,1.644
-1.909,0.162
-1.906,2.129
-1.963,0.107
-1.895,3.319
-1.946,0.803
-1.987,3.015
-2.064,1.672
-1.995,2.432
-2.11,-0.349
-2.205,2.357
-2.183,0.962
-2.246,-0.011
-2.4,2.005
-2.392,-0.135
-2.434,3.461
-2.46,0.187
-2.531,1.411
-2.554,2.512
-2.516,1.184
-2.507,2.474
-2.798,1.527
-2.81,0.549
-2.821,2.81
-2.888,1.102
-2.819,-0.133
-2.876,0.235
-2.922,2.174
-3.103,1.961
-3.083,1.304
2.934,0.3
2.975,2.928
2.806,1.363
2.79,1.59
2.806,0.223
2.788,-0.369
2.777,1.102
2.693,2.771
2.649,1.254
2.202,1.632
2.22,0.837
2.15,1.622
2.045,2.762
1.941,1.604
1.986,2.618
1.869,0.614
1.78,1.384
1.639,1.92
1.502,2.793
1.517,1.919
1.423,2.532
1.382,3.324
1.316,1.378
1.274,-0.354
1.273,1.094
1.059,0.933
1.021,0.075
0.958,0.346
0.863,2.412
0.856,0.39
0.751,0.344
0.765,-0.018
0.689,0.741
0.708,3.373
0.606,2.113
0.434,-0.577
0.22,-0.862
-0.024,-0.535
-0.174,-0.754
-0.614,-0.565
-1.135,-0.711
-2.062,-0.861
-2.693,-0.806
-2.935,-0.559
2.261,-0.902
2.015,-0.813
1.571,-0.675
0.669,-0.702
0.658,-0.622
0.125,3.674
-0.546,3.645
-1.186,3.628
-1.755,3.832
-1.924,3.463
-2.076,3.73
-2.461,3.742
2.976,3.527
2.801,3.568
1.423,3.673
0.951,3.601
0.871,3.722
0.71,3.683
0.586,3.784
-0.078,-0.165
-0.315,-0.463
-0.72,-0.242
-1.151,3.123
-1.869,2.633
2.864,0.367
2.824,-0.437
2.451,2.093
0.52,1.004
-0.129,-0.893
-0.524,-0.461
-0.714,-0.725
0.736,-0.62
0.491,2.22
0.446,2.216
0.315,0.504
0.399,1.875
0.387,1.481
0.254,1.918
0.214,2.353
0.189,-0.434
0.068,1.352
0.052,3.495
0.078,1.943
-0.065,2.081
-0.137,3.306
-0.192,3.02
-0.4,2.252
-0.551,0.621
-0.503,2.301
-0.507,2.769
-0.665,0.38
-0.638,1.013
-0.669,0.701
-0.809,-0.229
-0.882,0.629
-1.228,0.855
-1.102,0.894
-1.308,2.251
-1.202,-0.416
-1.308,2.335
-1.599,1.489
-1.558,2.964
-1.617,0.502
-1.655,2.899
-1.697,3.108
-1.844,2.611
-1.889,-0.108
-2.022,1.159
-2.04,0.513
-1.968,3.395
-2.054,-0.463
-2.209,-0.498
-2.226,0.463
-2.149,0.39
-2.474,-0.383
-2.52,2.0
-2.463,0.764
-2.537,2.047
-2.707,3.457
-2.68,1.424
-2.738,0.498
-2.898,1.468
-3.074,3.195
-3.123,0.878
-3.117,0.989
2.99,2.74
3.093,0.59
2.917,1.618
2.834,0.527
2.916,1.112
2.678,2.95
2.689,0.768
2.78,1.532
2.739,1.051
2.732,3.417
2.52,0.492
2.47,1.345
2.354,1.611
2.272,-0.189
2.206,2.667
2.012,0.041
1.99,2.615
2.086,1.721
2.025,-0.404
1.857,2.766
1.849,-0.435
1.879,0.947
1.714,2.423
1.421,2.516
1.574,2.352
1.527,0.49
1.501,3.161
1.293,-0.522
1.083,1.166
1.166,1.171
0.869,3.485
0.943,0.798
0.794,0.943
0.603,1.673
0.516,-0.296
0.596,0.926
0.225,-0.682
0.033,-0.845
-0.219,-0.902
-1.867,-0.823
-1.772,-0.817
-2.097,-0.893
-2.253,-0.653
-2.358,-0.85
-2.849,-0.525
2.621,-0.81
2.534,-0.525
2.192,-0.657
1.438,-1.039
1.054,-0.673
0.16,3.586
-0.033,3.628
-0.183,3.608
-1.965,3.622
-2.699,3.689
2.714,3.583
1.737,3.83
1.432,3.529
1.26,3.551
1.169,3.837
0.425,3.244
-0.578,1.473
-2.097,3.271
-2.845,1.676
2.454,1.298
1.419,0.466
-1.468,2.946
2.215,2.495
2.188,1.847
1.261,1.83
1.164,2.434
0.838,0.954
0.831,2.946
0.621,1.516
-2.782,0.621
1.055,0.634
-0.04,0.987
-0.083,0.488
-0.107,-1.113
-0.105,-0.37
-0.162,0.951
-0.156,-0.913
-0.238,1.794
-0.244,1.579
-0.184,-0.223
-0.282,-1.933
-0.257,0.519
-0.337,-1.093
-0.343,-2.01
-0.335,0.032
-0.328,0.537
-0.381,1.786
-0.419,-0.835
-0.554,-1.344
-0.554,0.34
-0.68,1.495
-0.813,1.172
-0.835,0.678
-0.817,0.937
-0.888,0.271
-0.956,-1.122
-0.972,-0.183
-0.934,1.877
-0.996,1.464
-1.127,1.466
-1.088,-0.118
-1.096,-0.481
-1.165,0.144
-1.176,-0.658
-1.251,-1.742
-1.257,1.068
-1.28,-0.674
-1.383,-1.049
-1.469,-1.339
-1.485,0.526
-1.573,0.345
-1.505,-0.645
-1.579,-1.892
-1.614,-1.612
-1.561,-1.991
-1.593,-0.642
-1.693,0.21
-1.691,1.673
-1.738,-1.146
-1.736,1.707
-1.701,0.056
-1.773,-1.426
-1.77,0.541
-1.827,-1.481
-1.759,1.731
-1.81,-0.785
-1.851,1.427
-1.928,0.084
-1.859,0.844
-1.974,-1.937
-2.069,0.769
-2.047,-0.626
-2.11,-1.599
-2.264,0.417
-2.256,-1.723
-2.298,1.873
-2.324,-1.401
-2.395,-0.177
-2.418,0.924
-2.38,-0.404
-2.371,0.886
-2.662,-0.061
-2.674,-1.039
-2.685,1.222
-2.752,-0.486
-2.683,-1.721
-2.74,-1.353
-2.786,0.586
-2.967,0.373
-2.947,-0.284
3.07,-1.288
3.111,1.34
2.942,-0.225
2.926,0.002
2.942,-1.365
2.924,-1.957
2.913,-0.486
2.829,1.183
2.785,-0.334
2.338,0.044
2.356,-0.751
2.286,0.034
2.181,1.174
2.077,0.016
2.122,1.03
2.005,-0.974
1.916,-0.204
1.775,0.332
1.638,1.205
1.653,0.331
1.559,0.944
1.518,1.736
1.452,-0.21
1.41,-1.942
1.409,-0.494
1.195,-0.655
1.157,-1.513
1.094,-1.242
0.999,0.824
0.992,-1.198
0.887,-1.244
0.901,-1.606
0.825,-0.847
0.844,1.785
0.742,0.525
0.57,-2.165
0.356,-2.45
0.112,-2.123
-0.038,-2.342
-0.478,-2.153
-0.999,-2.299
-1.926,-2.449
-2.557,-2.394
-2.799,-2.147
2.397,-2.49
2.151,-2.401
1.707,-2.263
0.805,-2.29
0.794,-2.21
0.261,2.086
-0.41,2.057
-1.05,2.04
-1.619,2.244
-1.788,1.875
-1.94,2.142
-2.325,2.154
3.112,1.939
2.937,1.98
1.559,2.085
1.087,2.013
1.007,2.134
0.846,2.095
0.722,2.196
0.058,-1.753
-0.179,-2.051
-0.584,-1.83
-1.015,1.535
-1.733,1.045
3.0,-1.221
2.96,-2.025
2.587,0.505
0.656,-0.584
0.007,-2.481
-0.388,-2.049
-0.578,-2.313
0.872,-2.208
0.627,0.632
0.582,0.628
0.451,-1.084
0.535,0.287
0.523,-0.107
0.39,0.33
0.35,0.765
0.325,-2.022
0.204,-0.236
0.188,1.907
0.214,0.355
0.071,0.493
-0.001,1.718
-0.056,1.432
-0.264,0.664
-0.415,-0.967
-0.367,0.713
-0.371,1.181
-0.529,-1.208
-0.502,-0.575
-0.533,-0.887
-0.673,-1.817
-0.746,-0.959
-1.092,-0.733
-0.966,-0.694
-1.172,0.663
-1.066,-2.004
-1.172,0.747
-1.463,-0.099
-1.422,1.376
-1.481,-1.086
-1.519,1.311
-1.561,1.52
-1.708,1.023
-1.753,-1.696
-1.886,-0.429
-1.904,-1.075
-1.832,1.807
-1.918,-2.051
-2.073,-2.086
-2.09,-1.125
-2.013,-1.198
-2.338,-1.971
-2.384,0.412
-2.327,-0.824
-2.401,0.459
-2.571,1.869
-2.544,-0.164
-2.602,-1.09
-2.762,-0.12
-2.938,1.607
-2.987,-0.71
-2.981,-0.599
3.126,1.152
-3.054,-0.998
3.053,0.03
2.97,-1.061
3.052,-0.476
2.814,1.362
2.825,-0.82
2.916,-0.056
2.875,-0.537
2.868,1.829
2.656,-1.096
2.606,-0.243
2.49,0.023
2.408,-1.777
2.342,1.079
2.148,-1.547
2.126,1.027
2.222,0.133
2.161,-1.992
1.993,1.178
1.985,-2.023
2.015,-0.641
1.85,0.835
1.557,0.928
1.71,0.764
1.663,-1.098
1.637,1.573
1.429,-2.11
1.219,-0.422
1.302,-0.417
1.005,1.897
1.079,-0.79
0.93,-0.645
0.739,0.085
0.652,-1.884
0.732,-0.662
0.361,-2.27
0.169,-2.433
-0.083,-2.49
-1.731,-2.411
-1.636,-2.405
-1.961,-2.481
-2.117,-2.241
-2.222,-2.438
-2.713,-2.113
2.757,-2.398
2.67,-2.113
2.328,-2.245
1.574,-2.627
1.19,-2.261
0.296,1.998
0.103,2.04
-0.047,2.02
-1.829,2.034
-2.563,2.101
2.85,1.995
1.873,2.242
1.568,1.941
1.396,1.963
1.305,2.249
0.561,1.656
-0.442,-0.115
-1.961,1.683
-2.709,0.088
2.59,-0.29
1.555,-1.122
-1.332,1.358
2.351,0.907
2.324,0.259
1.397,0.242
1.3,0.846
0.974,-0.634
0.967,1.358
0.757,-0.072
-2.646,-0.967
1.191,-0.954
-0.043,-0.499
-0.067,-2.1
-0.065,-1.357
-0.122,-0.036
-0.116,-1.9
-0.198,0.807
-0.204,0.592
-0.144,-1.21
-0.242,-2.92
-0.217,-0.468
-0.297,-2.08
-0.303,-2.997
-0.295,-0.955
-0.288,-0.45
-0.341,0.799
-0.379,-1.822
-0.514,-2.331
-0.514,-0.647
-0.64,0.508
-0.773,0.185
-0.795,-0.309
-0.777,-0.05
-0.848,-0.716
-0.916,-2.109
-0.932,-1.17
-0.894,0.89
-0.956,0.477
-1.087,0.479
-1.048,-1.105
-1.056,-1.468
-1.125,-0.843
-1.136,-1.645
-1.211,-2.729
-1.217,0.081
-1.24,-1.661
-1.343,-2.036
-1.429,-2.326
-1.445,-0.461
-1.533,-0.642
-1.465,-1.632
-1.539,-2.879
-1.574,-2.599
-1.521,-2.978
-1.553,-1.629
-1.653,-0.777
-1.651,0.686
-1.698,-2.133
-1.696,0.72
-1.661,-0.931
-1.733,-2.413
-1.73,-0.446
-1.787,-2.468
-1.719,0.744
-1.77,-1.772
-1.811,0.44
-1.888,-0.903
-1.819,-0.143
-1.934,-2.924
-2.029,-0.218
-2.007,-1.613
-2.07,-2.586
-2.224,-0.57
-2.216,-2.71
-2.258,0.886
-2.284,-2.388
-2.355,-1.164
-2.378,-0.063
-2.34,-1.391
-2.331,-0.101
-2.622,-1.048
-2.634,-2.026
-2.645,0.235
-2.712,-1.473
-2.643,-2.708
-2.7,-2.34
-2.746,-0.401
-2.927,-0.614
-2.907,-1.271
3.11,-2.275
-3.132,0.353
2.982,-1.212
2.966,-0.985
2.982,-2.352
2.964,-2.944
2.953,-1.473
2.869,0.196
2.825,-1.321
2.378,-0.943
2.396,-1.738
2.326,-0.953
2.221,0.187
2.117,-0.971
2.162,0.043
2.045,-1.961
1.956,-1.191
1.815,-0.655
1.678,0.218
1.693,-0.656
1.599,-0.043
1.558,0.749
1.492,-1.197
1.45,-2.929
1.449,-1.481
1.235,-1.642
1.197,-2.5
1.134,-2.229
1.039,-0.163
1.032,-2.185
0.927,-2.231
0.941,-2.593
0.865,-1.834
0.884,0.798
0.782,-0.462
0.61,-3.152
0.396,-3.437
0.152,-3.11
0.002,-3.329
-0.438,-3.14
-0.959,-3.286
-1.886,-3.436
-2.517,-3.381
-2.759,-3.134
2.437,-3.477
2.191,-3.388
1.747,-3.25
0.845,-3.277
0.834,-3.197
0.301,1.099
-0.37,1.07
-1.01,1.053
-1.579,1.257
-1.748,0.888
-1.9,1.155
-2.285,1.167
-3.131,0.952
2.977,0.993
1.599,1.098
1.127,1.026
1.047,1.147
0.886,1.108
0.762,1.209
0.098,-2.74
-0.139,-3.038
-0.544,-2.817
-0.975,0.548
-1.693,0.058
3.04,-2.208
3.0,-3.012
2.627,-0.482
0.696,-1.571
0.047,-3.468
-0.348,-3.036
-0.538,-3.3
0.912,-3.195
0.667,-0.355
0.622,-0.359
0.491,-2.071
0.575,-0.7
0.563,-1.094
0.43,-0.657
0.39,-0.222
0.365,-3.009
0.244,-1.223
0.228,0.92
0.254,-0.632
0.111,-0.494
0.039,0.731
-0.016,0.445
-0.224,-0.323
-0.375,-1.954
-0.327,-0.274
-0.331,0.194
-0.489,-2.195
-0.462,-1.562
-0.493,-1.874
-0.633,-2.804
-0.706,-1.946
-1.052,-1.72
-0.926,-1.681
-1.132,-0.324
-1.026,-2.991
-1.132,-0.24
-1.423,-1.086
-1.382,0.389
-1.441,-2.073
-1.479,0.324
-1.521,0.533
-1.668,0.036
-1.713,-2.683
-1.846,-1.416
-1.864,-2.062
-1.792,0.82
-1.878,-3.038
-2.033,-3.073
-2.05,-2.112
-1.973,-2.185
-2.298,-2.958
-2.344,-0.575
-2.287,-1.811
-2.361,-0.528
-2.531,0.882
-2.504,-1.151
-2.562,-2.077
-2.722,-1.107
-2.898,0.62
-2.947,-1.697
-2.941,-1.586
-3.117,0.165
-3.014,-1.985
3.093,-0.957
3.01,-2.048
3.092,-1.463
2.854,0.375
2.865,-1.807
2.956,-1.043
2.915,-1.524
2.908,0.842
2.696,-2.083
2.646,-1.23
2.53,-0.964
2.448,-2.764
2.382,0.092
2.188,-2.534
2.166,0.04
2.262,-0.854
2.201,-2.979
2.033,0.191
2.025,-3.01
2.055,-1.628
1.89,-0.152
1.597,-0.059
1.75,-0.223
1.703,-2.085
1.677,0.586
1.469,-3.097
1.259,-1.409
1.342,-1.404
1.045,0.91
1.119,-1.777
0.97,-1.632
0.779,-0.902
0.692,-2.871
0.772,-1.649
0.401,-3.257
0.209,-3.42
-0.043,-3.477
-1.691,-3.398
-1.596,-3.392
-1.921,-3.468
-2.077,-3.228
-2.182,-3.425
-2.673,-3.1
2.797,-3.385
2.71,-3.1
2.368,-3.232
1.614,-3.614
1.23,-3.248
0.336,1.011
0.143,1.053
-0.007,1.033
-1.789,1.047
-2.523,1.114
2.89,1.008
1.913,1.255
1.608,0.954
1.436,0.976
1.345,1.262
0.601,0.669
-0.402,-1.102
-1.921,0.696
-2.669,-0.899
2.63,-1.277
1.595,-2.109
-1.292,0.371
2.391,-0.08
2.364,-0.728
1.437,-0.745
1.34,-0.141
1.014,-1.621
1.007,0.371
0.797,-1.059
-2.606,-1.954
1.231,-1.941
-0.024,-1.601
-0.022,-0.858
-0.079,0.463
-0.073,-1.401
-0.155,1.306
-0.161,1.091
-0.101,-0.711
-0.199,-2.421
-0.174,0.031
-0.254,-1.581
-0.26,-2.498
-0.252,-0.456
-0.245,0.049
-0.298,1.298
-0.336,-1.323
-0.471,-1.832
-0.471,-0.148
-0.597,1.007
-0.73,0.684
-0.752,0.19
-0.734,0.449
-0.805,-0.217
-0.873,-1.61
-0.889,-0.671
-0.851,1.389
-0.913,0.976
-1.044,0.978
-1.005,-0.606
-1.013,-0.969
-1.082,-0.344
-1.093,-1.146
-1.168,-2.23
-1.174,0.58
-1.197,-1.162
-1.3,-1.537
-1.386,-1.827
-1.402,0.038
-1.49,-0.143
-1.422,-1.133
-1.496,-2.38
-1.531,-2.1
-1.478,-2.479
-1.51,-1.13
-1.61,-0.278
-1.608,1.185
-1.655,-1.634
-1.653,1.219
-1.618,-0.432
-1.69,-1.914
-1.687,0.053
-1.744,-1.969
-1.676,1.243
-1.727,-1.273
-1.768,0.939
-1.845,-0.404
-1.776,0.356
-1.891,-2.425
-1.986,0.281
-1.964,-1.114
-2.027,-2.087
-2.181,-0.071
-2.173,-2.211
-2.215,1.385
-2.241,-1.889
-2.312,-0.665
-2.335,0.436
-2.297,-0.892
-2.288,0.398
-2.579,-0.549
-2.591,-1.527
-2.602,0.734
-2.669,-0.974
-2.6,-2.209
-2.657,-1.841
-2.703,0.098
-2.884,-0.115
-2.864,-0.772
-3.13,-1.776
-3.089,0.852
3.025,-0.713
3.009,-0.486
3.025,-1.853
3.007,-2.445
2.996,-0.974
2.912,0.695
2.868,-0.822
2.421,-0.444
2.439,-1.239
2.369,-0.454
2.264,0.686
2.16,-0.472
2.205,0.542
2.088,-1.462
1.999,-0.692
1.858,-0.156
1.721,0.717
1.736,-0.157
1.642,0.456
1.601,1.248
1.535,-0.698
1.493,-2.43
1.492,-0.982
1.278,-1.143
1.24,-2.001
1.177,-1.73
1.082,0.336
1.075,-1.686
0.97,-1.732
0.984,-2.094
0.908,-1.335
0.927,1.297
0.825,0.037
0.653,-2.653
0.439,-2.938
0.195,-2.611
0.045,-2.83
-0.395,-2.641
-0.916,-2.787
-1.843,-2.937
-2.474,-2.882
-2.716,-2.635
2.48,-2.978
2.234,-2.889
1.79,-2.751
0.888,-2.778
0.877,-2.698
0.344,1.598
-0.327,1.569
-0.967,1.552
-1.536,1.756
-1.705,1.387
-1.857,1.654
-2.242,1.666
-3.088,1.451
3.02,1.492
1.642,1.597
1.17,1.525
1.09,1.646
0.929,1.607
0.805,1.708
0.141,-2.241
-0.096,-2.539
-0.501,-2.318
-0.932,1.047
-1.65,0.557
3.083,-1.709
3.043,-2.513
2.67,0.017
0.739,-1.072
0.09,-2.969
-0.305,-2.537
-0.495,-2.801
0.955,-2.696
0.71,0.144
0.665,0.14
0.534,-1.572
0.618,-0.201
0.606,-0.595
0.473,-0.158
0.433,0.277
0.408,-2.51
0.287,-0.724
0.271,1.419
0.297,-0.133
0.154,0.005
0.082,1.23
0.027,0.944
-0.181,0.176
-0.332,-1.455
-0.284,0.225
-0.288,0.693
-0.446,-1.696
-0.419,-1.063
-0.45,-1.375
-0.59,-2.305
-0.663,-1.447
-1.009,-1.221
-0.883,-1.182
-1.089,0.175
-0.983,-2.492
-1.089,0.259
-1.38,-0.587
-1.339,0.888
-1.398,-1.574
-1.436,0.823
-1.478,1.032
-1.625,0.535
-1.67,-2.184
-1.803,-0.917
-1.821,-1.563
-1.749,1.319
-1.835,-2.539
-1.99,-2.574
-2.007,-1.613
-1.93,-1.686
-2.255,-2.459
-2.301,-0.076
-2.244,-1.312
-2.318,-0.029
-2.488,1.381
-2.461,-0.652
-2.519,-1.578
-2.679,-0.608
-2.855,1.119
-2.904,-1.198
-2.898,-1.087
-3.074,0.664
-2.971,-1.486
3.136,-0.458
3.053,-1.549
3.135,-0.964
2.897,0.874
2.908,-1.308
2.999,-0.544
2.958,-1.025
2.951,1.341
2.739,-1.584
2.689,-0.731
2.573,-0.465
2.491,-2.265
2.425,0.591
2.231,-2.035
2.209,0.539
2.305,-0.355
2.244,-2.48
2.076,0.69
2.068,-2.511
2.098,-1.129
1.933,0.347
1.64,0.44
1.793,0.276
1.746,-1.586
1.72,1.085
1.512,-2.598
1.302,-0.91
1.385,-0.905
1.088,1.409
1.162,-1.278
1.013,-1.133
0.822,-0.403
0.735,-2.372
0.815,-1.15
0.444,-2.758
0.252,-2.921
0.0,-2.978
-1.648,-2.899
-1.553,-2.893
-1.878,-2.969
-2.034,-2.729
-2.139,-2.926
-2.63,-2.601
2.84,-2.886
2.753,-2.601
2.411,-2.733
1.657,-3.115
1.273,-2.749
0.379,1.51
0.186,1.552
0.036,1.532
-1.746,1.546
-2.48,1.613
2.933,1.507
1.956,1.754
1.651,1.453
1.479,1.475
1.388,1.761
0.644,1.168
-0.359,-0.603
-1.878,1.195
-2.626,-0.4
2.673,-0.778
1.638,-1.61
-1.249,0.87
2.434,0.419
2.407,-0.229
1.48,-0.246
1.383,0.358
1.057,-1.122
1.05,0.87
0.84,-0.56
-2.563,-1.455
1.274,-1.442
0.002,0.743
-0.055,2.064
-0.049,0.2
-0.131,2.907
-0.137,2.692
-0.077,0.89
-0.175,-0.82
-0.15,1.632
-0.23,0.02
-0.236,-0.897
-0.228,1.145
-0.221,1.65
-0.274,2.899
-0.312,0.278
-0.447,-0.231
-0.447,1.453
-0.573,2.608
-0.706,2.285
-0.728,1.791
-0.71,2.05
-0.781,1.384
-0.849,-0.009
-0.865,0.93
-0.827,2.99
-0.889,2.577
-1.02,2.579
-0.981,0.995
-0.989,0.632
-1.058,1.257
-1.069,0.455
-1.144,-0.629
-1.15,2.181
-1.173,0.439
-1.276,0.064
-1.362,-0.226
-1.378,1.639
-1.466,1.458
-1.398,0.468
-1.472,-0.779
-1.507,-0.499
-1.454,-0.878
-1.486,0.471
-1.586,1.323
-1.584,2.786
-1.631,-0.033
-1.629,2.82
-1.594,1.169
-1.666,-0.313
-1.663,1.654
-1.72,-0.368
-1.652,2.844
-1.703,0.328
-1.744,2.54
-1.821,1.197
-1.752,1.957
-1.867,-0.824
-1.962,1.882
-1.94,0.487
-2.003,-0.486
-2.157,1.53
-2.149,-0.61
-2.191,2.986
-2.217,-0.288
-2.288,0.936
-2.311,2.037
-2.273,0.709
-2.264,1.999
-2.555,1.052
-2.567,0.074
-2.578,2.335
-2.645,0.627
-2.576,-0.608
-2.633,-0.24
-2.679,1.699
-2.86,1.486
-2.84,0.829
-3.106,-0.175
-3.065,2.453
3.049,0.888
3.033,1.115
3.049,-0.252
3.031,-0.844
3.02,0.627
2.936,2.296
2.892,0.779
2.445,1.157
2.463,0.362
2.393,1.147
2.288,2.287
2.184,1.129
2.229,2.143
2.112,0.139
2.023,0.909
1.882,1.445
1.745,2.318
1.76,1.444
1.666,2.057
1.625,2.849
1.559,0.903
1.517,-0.829
1.516,0.619
1.302,0.458
1.264,-0.4
1.201,-0.129
1.106,1.937
1.099,-0.085
0.994,-0.131
1.008,-0.493
0.932,0.266
0.951,2.898
0.849,1.638
0.677,-1.052
0.463,-1.337
0.219,-1.01
0.069,-1.229
-0.371,-1.04
-0.892,-1.186
-1.819,-1.336
-2.45,-1.281
-2.692,-1.034
2.504,-1.377
2.258,-1.288
1.814,-1.15
0.912,-1.177
0.901,-1.097
0.368,3.199
-0.303,3.17
-0.943,3.153
-1.512,3.357
-1.681,2.988
-1.833,3.255
-2.218,3.267
-3.064,3.052
3.044,3.093
1.666,3.198
1.194,3.126
1.114,3.247
0.953,3.208
0.829,3.309
0.165,-0.64
-0.072,-0.938
-0.477,-0.717
-0.908,2.648
-1.626,2.158
3.107,-0.108
3.067,-0.912
2.694,1.618
0.763,0.529
0.114,-1.368
-0.281,-0.936
-0.471,-1.2
0.979,-1.095
0.734,1.745
0.689,1.741
0.558,0.029
0.642,1.4
0.63,1.006
0.497,1.443
0.457,1.878
0.432,-0.909
0.311,0.877
0.295,3.02
0.321,1.468
0.178,1.606
0.106,2.831
0.051,2.545
-0.157,1.777
-0.308,0.146
-0.26,1.826
-0.264,2.294
-0.422,-0.095
-0.395,0.538
-0.426,0.226
-0.566,-0.704
-0.639,0.154
-0.985,0.38
-0.859,0.419
-1.065,1.776
-0.959,-0.891
-1.065,1.86
-1.356,1.014
-1.315,2.489
-1.374,0.027
-1.412,2.424
-1.454,2.633
-1.601,2.136
-1.646,-0.583
-1.779,0.684
-1.797,0.038
-1.725,2.92
-1.811,-0.938
-1.966,-0.973
-1.983,-0.012
-1.906,-0.085
-2.231,-0.858
-2.277,1.525
-2.22,0.289
-2.294,1.572
-2.464,2.982
-2.437,0.949
-2.495,0.023
-2.655,0.993
-2.831,2.72
-2.88,0.403
-2.874,0.514
-3.05,2.265
-2.947,0.115
-3.123,1.143
3.077,0.052
-3.124,0.637
2.921,2.475
2.932,0.293
3.023,1.057
2.982,0.576
2.975,2.942
2.763,0.017
2.713,0.87
2.597,1.136
2.515,-0.664
2.449,2.192
2.255,-0.434
2.233,2.14
2.329,1.246
2.268,-0.879
2.1,2.291
2.092,-0.91
2.122,0.472
1.957,1.948
1.664,2.041
1.817,1.877
1.77,0.015
1.744,2.686
1.536,-0.997
1.326,0.691
1.409,0.696
1.112,3.01
1.186,0.323
1.037,0.468
0.846,1.198
0.759,-0.771
0.839,0.451
0.468,-1.157
0.276,-1.32
0.024,-1.377
-1.624,-1.298
-1.529,-1.292
-1.854,-1.368
-2.01,-1.128
-2.115,-1.325
-2.606,-1.0
2.864,-1.285
2.777,-1.0
2.435,-1.132
1.681,-1.514
1.297,-1.148
0.403,3.111
0.21,3.153
0.06,3.133
-1.722,3.147
-2.456,3.214
2.957,3.108
1.98,3.355
1.675,3.054
1.503,3.076
1.412,3.362
0.668,2.769
-0.335,0.998
-1.854,2.796
-2.602,1.201
2.697,0.823
1.662,-0.009
-1.225,2.471
2.458,2.02
2.431,1.372
1.504,1.355
1.407,1.959
1.081,0.479
1.074,2.471
0.864,1.041
-2.539,0.146
1.298,0.159
-0.057,1.321
-0.051,-0.543
-0.133,2.164
-0.139,1.949
-0.079,0.147
-0.177,-1.563
-0.152,0.889
-0.232,-0.723
-0.238,-1.64
-0.23,0.402
-0.223,0.907
-0.276,2.156
-0.314,-0.465
-0.449,-0.974
-0.449,0.71
-0.575,1.865
-0.708,1.542
-0.73,1.048
-0.712,1.307
-0.783,0.641
-0.851,-0.752
-0.867,0.187
-0.829,2.247
-0.891,1.834
-1.022,1.836
-0.983,0.252
-0.991,-0.111
-1.06,0.514
-1.071,-0.288
-1.146,-1.372
-1.152,1.438
-1.175,-0.304
-1.278,-0.679
-1.364,-0.969
-1.38,0.896
-1.468,0.715
-1.4,-0.275
-1.474,-1.522
-1.509,-1.242
-1.456,-1.621
-1.488,-0.272
-1.588,0.58
-1.586,2.043
-1.633,-0.776
-1.631,2.077
-1.596,0.426
-1.668,-1.056
-1.665,0.911
-1.722,-1.111
-1.654,2.101
-1.705,-0.415
-1.746,1.797
-1.823,0.454
-1.754,1.214
-1.869,-1.567
-1.964,1.139
-1.942,-0.256
-2.005,-1.229
-2.159,0.787
-2.151,-1.353
-2.193,2.243
-2.219,-1.031
-2.29,0.193
-2.313,1.294
-2.275,-0.034
-2.266,1.256
-2.557,0.309
-2.569,-0.669
-2.58,1.592
-2.647,-0.116
-2.578,-1.351
-2.635,-0.983
-2.681,0.956
-2.862,0.743
-2.842,0.086
-3.108,-0.918
-3.067,1.71
3.047,0.145
3.031,0.372
3.047,-0.995
3.029,-1.587
3.018,-0.116
2.934,1.553
2.89,0.036
2.443,0.414
2.461,-0.381
2.391,0.404
2.286,1.544
2.182,0.386
2.227,1.4
2.11,-0.604
2.021,0.166
1.88,0.702
1.743,1.575
1.758,0.701
1.664,1.314
1.623,2.106
1.557,0.16
1.515,-1.572
1.514,-0.124
1.3,-0.285
1.262,-1.143
1.199,-0.872
1.104,1.194
1.097,-0.828
0.992,-0.874
1.006,-1.236
0.93,-0.477
0.949,2.155
0.847,0.895
0.675,-1.795
0.461,-2.08
0.217,-1.753
0.067,-1.972
-0.373,-1.783
-0.894,-1.929
-1.821,-2.079
-2.452,-2.024
-2.694,-1.777
2.502,-2.12
2.256,-2.031
1.812,-1.893
0.91,-1.92
0.899,-1.84
0.366,2.456
-0.305,2.427
-0.945,2.41
-1.514,2.614
-1.683,2.245
-1.835,2.512
-2.22,2.524
-3.066,2.309
3.042,2.35
1.664,2.455
1.192,2.383
1.112,2.504
0.951,2.465
0.827,2.566
0.163,-1.383
-0.074,-1.681
-0.479,-1.46
-0.91,1.905
-1.628,1.415
3.105,-0.851
3.065,-1.655
2.692,0.875
0.761,-0.214
0.112,-2.111
-0.283,-1.679
-0.473,-1.943
0.977,-1.838
0.732,1.002
0.687,0.998
0.556,-0.714
0.64,0.657
0.628,0.263
0.495,0.7
0.455,1.135
0.43,-1.652
0.309,0.134
0.293,2.277
0.319,0.725
0.176,0.863
0.104,2.088
0.049,1.802
-0.159,1.034
-0.31,-0.597
-0.262,1.083
-0.266,1.551
-0.424,-0.838
-0.397,-0.205
-0.428,-0.517
-0.568,-1.447
-0.641,-0.589
-0.987,-0.363
-0.861,-0.324
-1.067,1.033
-0.961,-1.634
-1.067,1.117
-1.358,0.271
-1.317,1.746
-1.376,-0.716
-1.414,1.681
-1.456,1.89
-1.603,1.393
-1.648,-1.326
-1.781,-0.059
-1.799,-0.705
-1.727,2.177
-1.813,-1.681
-1.968,-1.716
-1.985,-0.755
-1.908,-0.828
-2.233,-1.601
-2.279,0.782
-2.222,-0.454
-2.296,0.829
-2.466,2.239
-2.439,0.206
-2.497,-0.72
-2.657,0.25
-2.833,1.977
-2.882,-0.34
-2.876,-0.229
-3.052,1.522
-2.949,-0.628
-3.125,0.4
3.075,-0.691
-3.126,-0.106
2.919,1.732
2.93,-0.45
3.021,0.314
2.98,-0.167
2.973,2.199
2.761,-0.726
2.711,0.127
2.595,0.393
2.513,-1.407
2.447,1.449
2.253,-1.177
2.231,1.397
2.327,0.503
2.266,-1.622
2.098,1.548
2.09,-1.653
2.12,-0.271
1.955,1.205
1.662,1.298
1.815,1.134
1.768,-0.728
1.742,1.943
1.534,-1.74
1.324,-0.052
1.407,-0.047
1.11,2.267
1.184,-0.42
1.035,-0.275
0.844,0.455
0.757,-1.514
0.837,-0.292
0.466,-1.9
0.274,-2.063
0.022,-2.12
-1.626,-2.041
-1.531,-2.035
-1.856,-2.111
-2.012,-1.871
-2.117,-2.068
-2.608,-1.743
2.862,-2.028
2.775,-1.743
2.433,-1.875
1.679,-2.257
1.295,-1.891
0.401,2.368
0.208,2.41
0.058,2.39
-1.724,2.404
-2.458,2.471
2.955,2.365
1.978,2.612
1.673,2.311
1.501,2.333
1.41,2.619
0.666,2.026
-0.337,0.255
-1.856,2.053
-2.604,0.458
2.695,0.08
1.66,-0.752
-1.227,1.728
2.456,1.277
2.429,0.629
1.502,0.612
1.405,1.216
1.079,-0.264
1.072,1.728
0.862,0.298
-2.541,-0.597
1.296,-0.584
0.006,-1.864
-0.076,0.843
-0.082,0.628
-0.022,-1.174
-0.12,-2.884
-0.095,-0.432
-0.175,-2.044
-0.181,-2.961
-0.173,-0.919
-0.166,-0.414
-0.219,0.835
-0.257,-1.786
-0.392,-2.295
-0.392,-0.611
-0.518,0.544
-0.651,0.221
-0.673,-0.273
-0.655,-0.014
-0.726,-0.68
-0.794,-2.073
-0.81,-1.134
-0.772,0.926
-0.834,0.513
-0.965,0.515
-0.926,-1.069
-0.934,-1.432
-1.003,-0.807
-1.014,-1.609
-1.089,-2.693
-1.095,0.117
-1.118,-1.625
-1.221,-2.0
-1.307,-2.29
-1.323,-0.425
-1.411,-0.606
-1.343,-1.596
-1.417,-2.843
-1.452,-2.563
-1.399,-2.942
-1.431,-1.593
-1.531,-0.741
-1.529,0.722
-1.576,-2.097
-1.574,0.756
-1.539,-0.895
-1.611,-2.377
-1.608,-0.41
-1.665,-2.432
-1.597,0.78
-1.648,-1.736
-1.689,0.476
-1.766,-0.867
-1.697,-0.107
-1.812,-2.888
-1.907,-0.182
-1.885,-1.577
-1.948,-2.55
-2.102,-0.534
-2.094,-2.674
-2.136,0.922
-2.162,-2.352
-2.233,-1.128
-2.256,-0.027
-2.218,-1.355
-2.209,-0.065
-2.5,-1.012
-2.512,-1.99
-2.523,0.271
-2.59,-1.437
-2.521,-2.672
-2.578,-2.304
-2.624,-0.365
-2.805,-0.578
-2.785,-1.235
-3.051,-2.239
-3.01,0.389
3.104,-1.176
3.088,-0.949
3.104,-2.316
3.086,-2.908
3.075,-1.437
2.991,0.232
2.947,-1.285
2.5,-0.907
2.518,-1.702
2.448,-0.917
2.343,0.223
2.239,-0.935
2.284,0.079
2.167,-1.925
2.078,-1.155
1.937,-0.619
1.8,0.254
1.815,-0.62
1.721,-0.007
1.68,0.785
1.614,-1.161
1.572,-2.893
1.571,-1.445
1.357,-1.606
1.319,-2.464
1.256,-2.193
1.161,-0.127
1.154,-2.149
1.049,-2.195
1.063,-2.557
0.987,-1.798
1.006,0.834
0.904,-0.426
0.732,-3.116
0.518,-3.401
0.274,-3.074
0.124,-3.293
-0.316,-3.104
-0.837,-3.25
-1.764,-3.4
-2.395,-3.345
-2.637,-3.098
2.559,-3.441
2.313,-3.352
1.869,-3.214
0.967,-3.241
0.956,-3.161
0.423,1.135
-0.248,1.106
-0.888,1.089
-1.457,1.293
-1.626,0.924
-1.778,1.191
-2.163,1.203
-3.009,0.988
3.099,1.029
1.721,1.134
1.249,1.062
1.169,1.183
1.008,1.144
0.884,1.245
0.22,-2.704
-0.017,-3.002
-0.422,-2.781
-0.853,0.584
-1.571,0.094
-3.121,-2.172
3.122,-2.976
2.749,-0.446
0.818,-1.535
0.169,-3.432
-0.226,-3.0
-0.416,-3.264
1.034,-3.159
0.789,-0.319
0.744,-0.323
0.613,-2.035
0.697,-0.664
0.685,-1.058
0.552,-0.621
0.512,-0.186
0.487,-2.973
0.366,-1.187
0.35,0.956
0.376,-0.596
0.233,-0.458
0.161,0.767
0.106,0.481
-0.102,-0.287
-0.253,-1.918
-0.205,-0.238
-0.209,0.23
-0.367,-2.159
-0.34,-1.526
-0.371,-1.838
-0.511,-2.768
-0.584,-1.91
-0.93,-1.684
-0.804,-1.645
-1.01,-0.288
-0.904,-2.955
-1.01,-0.204
-1.301,-1.05
-1.26,0.425
-1.319,-2.037
-1.357,0.36
-1.399,0.569
-1.546,0.072
-1.591,-2.647
-1.724,-1.38
-1.742,-2.026
-1.67,0.856
-1.756,-3.002
-1.911,-3.037
-1.928,-2.076
-1.851,-2.149
-2.176,-2.922
-2.222,-0.539
-2.165,-1.775
-2.239,-0.492
-2.409,0.918
-2.382,-1.115
-2.44,-2.041
-2.6,-1.071
-2.776,0.656
-2.825,-1.661
-2.819,-1.55
-2.995,0.201
-2.892,-1.949
-3.068,-0.921
3.132,-2.012
-3.069,-1.427
2.976,0.411
2.987,-1.771
3.078,-1.007
3.037,-1.488
3.03,0.878
2.818,-2.047
2.768,-1.194
2.652,-0.928
2.57,-2.728
2.504,0.128
2.31,-2.498
2.288,0.076
2.384,-0.818
2.323,-2.943
2.155,0.227
2.147,-2.974
2.177,-1.592
2.012,-0.116
1.719,-0.023
1.872,-0.187
1.825,-2.049
1.799,0.622
1.591,-3.061
1.381,-1.373
1.464,-1.368
1.167,0.946
1.241,-1.741
1.092,-1.596
0.901,-0.866
0.814,-2.835
0.894,-1.613
0.523,-3.221
0.331,-3.384
0.079,-3.441
-1.569,-3.362
-1.474,-3.356
-1.799,-3.432
-1.955,-3.192
-2.06,-3.389
-2.551,-3.064
2.919,-3.349
2.832,-3.064
2.49,-3.196
1.736,-3.578
1.352,-3.212
0.458,1.047
0.265,1.089
0.115,1.069
-1.667,1.083
-2.401,1.15
3.012,1.044
2.035,1.291
1.73,0.99
1.558,1.012
1.467,1.298
0.723,0.705
-0.28,-1.066
-1.799,0.732
-2.547,-0.863
2.752,-1.241
1.717,-2.073
-1.17,0.407
2.513,-0.044
2.486,-0.692
1.559,-0.709
1.462,-0.105
1.136,-1.585
1.129,0.407
0.919,-1.023
-2.484,-1.918
1.353,-1.905
-0.082,2.707
-0.088,2.492
-0.028,0.69
-0.126,-1.02
-0.101,1.432
-0.181,-0.18
-0.187,-1.097
-0.179,0.945
-0.172,1.45
-0.225,2.699
-0.263,0.078
-0.398,-0.431
-0.398,1.253
-0.524,2.408
-0.657,2.085
-0.679,1.591
-0.661,1.85
-0.732,1.184
-0.8,-0.209
-0.816,0.73
-0.778,2.79
-0.84,2.377
-0.971,2.379
-0.932,0.795
-0.94,0.432
-1.009,1.057
-1.02,0.255
-1.095,-0.829
-1.101,1.981
-1.124,0.239
-1.227,-0.136
-1.313,-0.426
-1.329,1.439
-1.417,1.258
-1.349,0.268
-1.423,-0.979
-1.458,-0.699
-1.405,-1.078
-1.437,0.271
-1.537,1.123
-1.535,2.586
-1.582,-0.233
-1.58,2.62
-1.545,0.969
-1.617,-0.513
-1.614,1.454
-1.671,-0.568
-1.603,2.644
-1.654,0.128
-1.695,2.34
-1.772,0.997
-1.703,1.757
-1.818,-1.024
-1.913,1.682
-1.891,0.287
-1.954,-0.686
-2.108,1.33
-2.1,-0.81
-2.142,2.786
-2.168,-0.488
-2.239,0.736
-2.262,1.837
-2.224,0.509
-2.215,1.799
-2.506,0.852
-2.518,-0.126
-2.529,2.135
-2.596,0.427
-2.527,-0.808
-2.584,-0.44
-2.63,1.499
-2.811,1.286
-2.791,0.629
-3.057,-0.375
-3.016,2.253
3.098,0.688
3.082,0.915
3.098,-0.452
3.08,-1.044
3.069,0.427
2.985,2.096
2.941,0.579
2.494,0.957
2.512,0.162
2.442,0.947
2.337,2.087
2.233,0.929
2.278,1.943
2.161,-0.061
2.072,0.709
1.931,1.245
1.794,2.118
1.809,1.244
1.715,1.857
1.674,2.649
1.608,0.703
1.566,-1.029
1.565,0.419
1.351,0.258
1.313,-0.6
1.25,-0.329
1.155,1.737
1.148,-0.285
1.043,-0.331
1.057,-0.693
0.981,0.066
1.0,2.698
0.898,1.438
0.726,-1.252
0.512,-1.537
0.268,-1.21
0.118,-1.429
-0.322,-1.24
-0.843,-1.386
-1.77,-1.536
-2.401,-1.481
-2.643,-1.234
2.553,-1.577
2.307,-1.488
1.863,-1.35
0.961,-1.377
0.95,-1.297
0.417,2.999
-0.254,2.97
-0.894,2.953
-1.463,3.157
-1.632,2.788
-1.784,3.055
-2.169,3.067
-3.015,2.852
3.093,2.893
1.715,2.998
1.243,2.926
1.163,3.047
1.002,3.008
0.878,3.109
0.214,-0.84
-0.023,-1.138
-0.428,-0.917
-0.859,2.448
-1.577,1.958
-3.127,-0.308
3.116,-1.112
2.743,1.418
0.812,0.329
0.163,-1.568
-0.232,-1.136
-0.422,-1.4
1.028,-1.295
0.783,1.545
0.738,1.541
0.607,-0.171
0.691,1.2
0.679,0.806
0.546,1.243
0.506,1.678
0.481,-1.109
0.36,0.677
0.344,2.82
0.37,1.268
0.227,1.406
0.155,2.631
0.1,2.345
-0.108,1.577
-0.259,-0.054
-0.211,1.626
-0.215,2.094
-0.373,-0.295
-0.346,0.338
-0.377,0.026
-0.517,-0.904
-0.59,-0.046
-0.936,0.18
-0.81,0.219
-1.016,1.576
-0.91,-1.091
-1.016,1.66
-1.307,0.814
-1.266,2.289
-1.325,-0.173
-1.363,2.224
-1.405,2.433
-1.552,1.936
-1.597,-0.783
-1.73,0.484
-1.748,-0.162
-1.676,2.72
-1.762,-1.138
-1.917,-1.173
-1.934,-0.212
-1.857,-0.285
-2.182,-1.058
-2.228,1.325
-2.171,0.089
-2.245,1.372
-2.415,2.782
-2.388,0.749
-2.446,-0.177
-2.606,0.793
-2.782,2.52
-2.831,0.203
-2.825,0.314
-3.001,2.065
-2.898,-0.085
-3.074,0.943
3.126,-0.148
-3.075,0.437
2.97,2.275
2.981,0.093
3.072,0.857
3.031,0.376
3.024,2.742
2.812,-0.183
2.762,0.67
2.646,0.936
2.564,-0.864
2.498,1.992
2.304,-0.634
2.282,1.94
2.378,1.046
2.317,-1.079
2.149,2.091
2.141,-1.11
2.171,0.272
2.006,1.748
1.713,1.841
1.866,1.677
1.819,-0.185
1.793,2.486
1.585,-1.197
1.375,0.491
1.458,0.496
1.161,2.81
1.235,0.123
1.086,0.268
0.895,0.998
0.808,-0.971
0.888,0.251
0.517,-1.357
0.325,-1.52
0.073,-1.577
-1.575,-1.498
-1.48,-1.492
-1.805,-1.568
-1.961,-1.328
-2.066,-1.525
-2.557,-1.2
2.913,-1.485
2.826,-1.2
2.484,-1.332
1.73,-1.714
1.346,-1.348
0.452,2.911
0.259,2.953
0.109,2.933
-1.673,2.947
-2.407,3.014
3.006,2.908
2.029,3.155
1.724,2.854
1.552,2.876
1.461,3.162
0.717,2.569
-0.286,0.798
-1.805,2.596
-2.553,1.001
2.746,0.623
1.711,-0.209
-1.176,2.271
2.507,1.82
2.48,1.172
1.553,1.155
1.456,1.759
1.13,0.279
1.123,2.271
0.913,0.841
-2.49,-0.054
1.347,-0.041
-0.006,-0.215
0.054,-2.017
-0.044,-3.727
-0.019,-1.275
-0.099,-2.887
-0.105,-3.804
-0.097,-1.762
-0.09,-1.257
-0.143,-0.008
-0.181,-2.629
-0.316,-3.138
-0.316,-1.454
-0.442,-0.299
-0.575,-0.622
-0.597,-1.116
-0.579,-0.857
-0.65,-1.523
-0.718,-2.916
-0.734,-1.977
-0.696,0.083
-0.758,-0.33
-0.889,-0.328
-0.85,-1.912
-0.858,-2.275
-0.927,-1.65
-0.938,-2.452
-1.013,-3.536
-1.019,-0.726
-1.042,-2.468
-1.145,-2.843
-1.231,-3.133
-1.247,-1.268
-1.335,-1.449
-1.267,-2.439
-1.341,-3.686
-1.376,-3.406
-1.323,-3.785
-1.355,-2.436
-1.455,-1.584
-1.453,-0.121
-1.5,-2.94
-1.498,-0.087
-1.463,-1.738
-1.535,-3.22
-1.532,-1.253
-1.589,-3.275
-1.521,-0.063
-1.572,-2.579
-1.613,-0.367
-1.69,-1.71
-1.621,-0.95
-1.736,-3.731
-1.831,-1.025
-1.809,-2.42
-1.872,-3.393
-2.026,-1.377
-2.018,-3.517
-2.06,0.079
-2.086,-3.195
-2.157,-1.971
-2.18,-0.87
-2.142,-2.198
-2.133,-0.908
-2.424,-1.855
-2.436,-2.833
-2.447,-0.572
-2.514,-2.28
-2.445,-3.515
-2.502,-3.147
-2.548,-1.208
-2.729,-1.421
-2.709,-2.078
-2.975,-3.082
-2.934,-0.454
-3.103,-2.019
-3.119,-1.792
-3.103,-3.159
-3.121,-3.751
-3.132,-2.28
3.067,-0.611
3.023,-2.128
2.576,-1.75
2.594,-2.545
2.524,-1.76
2.419,-0.62
2.315,-1.778
2.36,-0.764
2.243,-2.768
2.154,-1.998
2.013,-1.462
1.876,-0.589
1.891,-1.463
1.797,-0.85
1.756,-0.058
1.69,-2.004
1.648,-3.736
1.647,-2.288
1.433,-2.449
1.395,-3.307
1.332,-3.036
1.237,-0.97
1.23,-2.992
1.125,-3.038
1.139,-3.4
1.063,-2.641
1.082,-0.009
0.98,-1.269
0.808,-3.959
0.594,-4.244
0.35,-3.917
0.2,-4.136
-0.24,-3.947
-0.761,-4.093
-1.688,-4.243
-2.319,-4.188
-2.561,-3.941
2.635,-4.284
2.389,-4.195
1.945,-4.057
1.043,-4.084
1.032,-4.004
0.499,0.292
-0.172,0.263
-0.812,0.246
-1.381,0.45
-1.55,0.081
-1.702,0.348
-2.087,0.36
-2.933,0.145
-3.108,0.186
1.797,0.291
1.325,0.219
1.245,0.34
1.084,0.301
0.96,0.402
0.296,-3.547
0.059,-3.845
-0.346,-3.624
-0.777,-0.259
-1.495,-0.749
-3.045,-3.015
-3.085,-3.819
2.825,-1.289
0.894,-2.378
0.245,-4.275
-0.15,-3.843
-0.34,-4.107
1.11,-4.002
0.865,-1.162
0.82,-1.166
0.689,-2.878
0.773,-1.507
0.761,-1.901
0.628,-1.464
0.588,-1.029
0.563,-3.816
0.442,-2.03
0.426,0.113
0.452,-1.439
0.309,-1.301
0.237,-0.076
0.182,-0.362
-0.026,-1.13
-0.177,-2.761
-0.129,-1.081
-0.133,-0.613
-0.291,-3.002
-0.264,-2.369
-0.295,-2.681
-0.435,-3.611
-0.508,-2.753
-0.854,-2.527
-0.728,-2.488
-0.934,-1.131
-0.828,-3.798
-0.934,-1.047
-1.225,-1.893
-1.184,-0.418
-1.243,-2.88
-1.281,-0.483
-1.323,-0.274
-1.47,-0.771
-1.515,-3.49
-1.648,-2.223
-1.666,-2.869
-1.594,0.013
-1.68,-3.845
-1.835,-3.88
-1.852,-2.919
-1.775,-2.992
-2.1,-3.765
-2.146,-1.382
-2.089,-2.618
-2.163,-1.335
-2.333,0.075
-2.306,-1.958
-2.364,-2.884
-2.524,-1.914
-2.7,-0.187
-2.749,-2.504
-2.743,-2.393
-2.919,-0.642
-2.816,-2.792
-2.992,-1.764
-3.075,-2.855
-2.993,-2.27
3.052,-0.432
3.063,-2.614
-3.129,-1.85
3.113,-2.331
3.106,0.035
2.894,-2.89
2.844,-2.037
2.728,-1.771
2.646,-3.571
2.58,-0.715
2.386,-3.341
2.364,-0.767
2.46,-1.661
2.399,-3.786
2.231,-0.616
2.223,-3.817
2.253,-2.435
2.088,-0.959
1.795,-0.866
1.948,-1.03
1.901,-2.892
1.875,-0.221
1.667,-3.904
1.457,-2.216
1.54,-2.211
1.243,0.103
1.317,-2.584
1.168,-2.439
0.977,-1.709
0.89,-3.678
0.97,-2.456
0.599,-4.064
0.407,-4.227
0.155,-4.284
-1.493,-4.205
-1.398,-4.199
-1.723,-4.275
-1.879,-4.035
-1.984,-4.232
-2.475,-3.907
2.995,-4.192
2.908,-3.907
2.566,-4.039
1.812,-4.421
1.428,-4.055
0.534,0.204
0.341,0.246
0.191,0.226
-1.591,0.24
-2.325,0.307
3.088,0.201
2.111,0.448
1.806,0.147
1.634,0.169
1.543,0.455
0.799,-0.138
-0.204,-1.909
-1.723,-0.111
-2.471,-1.706
2.828,-2.084
1.793,-2.916
-1.094,-0.436
2.589,-0.887
2.562,-1.535
1.635,-1.552
1.538,-0.948
1.212,-2.428
1.205,-0.436
0.995,-1.866
-2.408,-2.761
1.429,-2.748
0.06,-1.802
-0.038,-3.512
-0.013,-1.06
-0.093,-2.672
-0.099,-3.589
-0.091,-1.547
-0.084,-1.042
-0.137,0.207
-0.175,-2.414
-0.31,-2.923
-0.31,-1.239
-0.436,-0.084
-0.569,-0.407
-0.591,-0.901
-0.573,-0.642
-0.644,-1.308
-0.712,-2.701
-0.728,-1.762
-0.69,0.298
-0.752,-0.115
-0.883,-0.113
-0.844,-1.697
-0.852,-2.06
-0.921,-1.435
-0.932,-2.237
-1.007,-3.321
-1.013,-0.511
-1.036,-2.253
-1.139,-2.628
-1.225,-2.918
-1.241,-1.053
-1.329,-1.234
-1.261,-2.224
-1.335,-3.471
-1.37,-3.191
-1.317,-3.57
-1.349,-2.221
-1.449,-1.369
-1.447,0.094
-1.494,-2.725
-1.492,0.128
-1.457,-1.523
-1.529,-3.005
-1.526,-1.038
-1.583,-3.06
-1.515,0.152
-1.566,-2.364
-1.607,-0.152
-1.684,-1.495
-1.615,-0.735
-1.73,-3.516
-1.825,-0.81
-1.803,-2.205
-1.866,-3.178
-2.02,-1.162
-2.012,-3.302
-2.054,0.294
-2.08,-2.98
-2.151,-1.756
-2.174,-0.655
-2.136,-1.983
-2.127,-0.693
-2.418,-1.64
-2.43,-2.618
-2.441,-0.357
-2.508,-2.065
-2.439,-3.3
-2.496,-2.932
-2.542,-0.993
-2.723,-1.206
-2.703,-1.863
-2.969,-2.867
-2.928,-0.239
-3.097,-1.804
-3.113,-1.577
-3.097,-2.944
-3.115,-3.536
-3.126,-2.065
3.073,-0.396
3.029,-1.913
2.582,-1.535
2.6,-2.33
2.53,-1.545
2.425,-0.405
2.321,-1.563
2.366,-0.549
2.249,-2.553
2.16,-1.783
2.019,-1.247
1.882,-0.374
1.897,-1.248
1.803,-0.635
1.762,0.157
1.696,-1.789
1.654,-3.521
1.653,-2.073
1.439,-2.234
1.401,-3.092
1.338,-2.821
1.243,-0.755
1.236,-2.777
1.131,-2.823
1.145,-3.185
1.069,-2.426
1.088,0.206
0.986,-1.054
0.814,-3.744
0.6,-4.029
0.356,-3.702
0.206,-3.921
-0.234,-3.732
-0.755,-3.878
-1.682,-4.028
-2.313,-3.973
-2.555,-3.726
2.641,-4.069
2.395,-3.98
1.951,-3.842
1.049,-3.869
1.038,-3.789
0.505,0.507
-0.166,0.478
-0.806,0.461
-1.375,0.665
-1.544,0.296
-1.696,0.563
-2.081,0.575
-2.927,0.36
-3.102,0.401
1.803,0.506
1.331,0.434
1.251,0.555
1.09,0.516
0.966,0.617
0.302,-3.332
0.065,-3.63
-0.34,-3.409
-0.771,-0.044
-1.489,-0.534
-3.039,-2.8
-3.079,-3.604
2.831,-1.074
0.9,-2.163
0.251,-4.06
-0.144,-3.628
-0.334,-3.892
1.116,-3.787
0.871,-0.947
0.826,-0.951
0.695,-2.663
0.779,-1.292
0.767,-1.686
0.634,-1.249
0.594,-0.814
0.569,-3.601
0.448,-1.815
0.432,0.328
0.458,-1.224
0.315,-1.086
0.243,0.139
0.188,-0.147
-0.02,-0.915
-0.171,-2.546
-0.123,-0.866
-0.127,-0.398
-0.285,-2.787
-0.258,-2.154
-0.289,-2.466
-0.429,-3.396
-0.502,-2.538
-0.848,-2.312
-0.722,-2.273
-0.928,-0.916
-0.822,-3.583
-0.928,-0.832
-1.219,-1.678
-1.178,-0.203
-1.237,-2.665
-1.275,-0.268
-1.317,-0.059
-1.464,-0.556
-1.509,-3.275
-1.642,-2.008
-1.66,-2.654
-1.588,0.228
-1.674,-3.63
-1.829,-3.665
-1.846,-2.704
-1.769,-2.777
-2.094,-3.55
-2.14,-1.167
-2.083,-2.403
-2.157,-1.12
-2.327,0.29
-2.3,-1.743
-2.358,-2.669
-2.518,-1.699
-2.694,0.028
-2.743,-2.289
-2.737,-2.178
-2.913,-0.427
-2.81,-2.577
-2.986,-1.549
-3.069,-2.64
-2.987,-2.055
3.058,-0.217
3.069,-2.399
-3.123,-1.635
3.119,-2.116
3.112,0.25
2.9,-2.675
2.85,-1.822
2.734,-1.556
2.652,-3.356
2.586,-0.5
2.392,-3.126
2.37,-0.552
2.466,-1.446
2.405,-3.571
2.237,-0.401
2.229,-3.602
2.259,-2.22
2.094,-0.744
1.801,-0.651
1.954,-0.815
1.907,-2.677
1.881,-0.006
1.673,-3.689
1.463,-2.001
1.546,-1.996
1.249,0.318
1.323,-2.369
1.174,-2.224
0.983,-1.494
0.896,-3.463
0.976,-2.241
0.605,-3.849
0.413,-4.012
0.161,-4.069
-1.487,-3.99
-1.392,-3.984
-1.717,-4.06
-1.873,-3.82
-1.978,-4.017
-2.469,-3.692
3.001,-3.977
2.914,-3.692
2.572,-3.824
1.818,-4.206
1.434,-3.84
0.54,0.419
0.347,0.461
0.197,0.441
-1.585,0.455
-2.319,0.522
3.094,0.416
2.117,0.663
1.812,0.362
1.64,0.384
1.549,0.67
0.805,0.077
-0.198,-1.694
-1.717,0.104
-2.465,-1.491
2.834,-1.869
1.799,-2.701
-1.088,-0.221
2.595,-0.672
2.568,-1.32
1.641,-1.337
1.544,-0.733
1.218,-2.213
1.211,-0.221
1.001,-1.651
-2.402,-2.546
1.435,-2.533
-0.098,-1.71
-0.073,0.742
-0.153,-0.87
-0.159,-1.787
-0.151,0.255
-0.144,0.76
-0.197,2.009
-0.235,-0.612
-0.37,-1.121
-0.37,0.563
-0.496,1.718
-0.629,1.395
-0.651,0.901
-0.633,1.16
-0.704,0.494
-0.772,-0.899
-0.788,0.04
-0.75,2.1
-0.812,1.687
-0.943,1.689
-0.904,0.105
-0.912,-0.258
-0.981,0.367
-0.992,-0.435
-1.067,-1.519
-1.073,1.291
-1.096,-0.451
-1.199,-0.826
-1.285,-1.116
-1.301,0.749
-1.389,0.568
-1.321,-0.422
-1.395,-1.669
-1.43,-1.389
-1.377,-1.768
-1.409,-0.419
-1.509,0.433
-1.507,1.896
-1.554,-0.923
-1.552,1.93
-1.517,0.279
-1.589,-1.203
-1.586,0.764
-1.643,-1.258
-1.575,1.954
-1.626,-0.562
-1.667,1.65
-1.744,0.307
-1.675,1.067
-1.79,-1.714
-1.885,0.992
-1.863,-0.403
-1.926,-1.376
-2.08,0.64
-2.072,-1.5
-2.114,2.096
-2.14,-1.178
-2.211,0.046
-2.234,1.147
-2.196,-0.181
-2.187,1.109
-2.478,0.162
-2.49,-0.816
-2.501,1.445
-2.568,-0.263
-2.499,-1.498
-2.556,-1.13
-2.602,0.809
-2.783,0.596
-2.763,-0.061
-3.029,-1.065
-2.988,1.563
3.126,-0.002
3.11,0.225
3.126,-1.142
3.108,-1.734
3.097,-0.263
3.013,1.406
2.969,-0.111
2.522,0.267
2.54,-0.528
2.47,0.257
2.365,1.397
2.261,0.239
2.306,1.253
2.189,-0.751
2.1,0.019
1.959,0.555
1.822,1.428
1.837,0.554
1.743,1.167
1.702,1.959
1.636,0.013
1.594,-1.719
1.593,-0.271
1.379,-0.432
1.341,-1.29
1.278,-1.019
1.183,1.047
1.176,-0.975
1.071,-1.021
1.085,-1.383
1.009,-0.624
1.028,2.008
0.926,0.748
0.754,-1.942
0.54,-2.227
0.296,-1.9
0.146,-2.119
-0.294,-1.93
-0.815,-2.076
-1.742,-2.226
-2.373,-2.171
-2.615,-1.924
2.581,-2.267
2.335,-2.178
1.891,-2.04
0.989,-2.067
0.978,-1.987
0.445,2.309
-0.226,2.28
-0.866,2.263
-1.435,2.467
-1.604,2.098
-1.756,2.365
-2.141,2.377
-2.987,2.162
3.121,2.203
1.743,2.308
1.271,2.236
1.191,2.357
1.03,2.318
0.906,2.419
0.242,-1.53
0.005,-1.828
-0.4,-1.607
-0.831,1.758
-1.549,1.268
-3.099,-0.998
-3.139,-1.802
2.771,0.728
0.84,-0.361
0.191,-2.258
-0.204,-1.826
-0.394,-2.09
1.056,-1.985
0.811,0.855
0.766,0.851
0.635,-0.861
0.719,0.51
0.707,0.116
0.574,0.553
0.534,0.988
0.509,-1.799
0.388,-0.013
0.372,2.13
0.398,0.578
0.255,0.716
0.183,1.941
0.128,1.655
-0.08,0.887
-0.231,-0.744
-0.183,0.936
-0.187,1.404
-0.345,-0.985
-0.318,-0.352
-0.349,-0.664
-0.489,-1.594
-0.562,-0.736
-0.908,-0.51
-0.782,-0.471
-0.988,0.886
-0.882,-1.781
-0.988,0.97
-1.279,0.124
-1.238,1.599
-1.297,-0.863
-1.335,1.534
-1.377,1.743
-1.524,1.246
-1.569,-1.473
-1.702,-0.206
-1.72,-0.852
-1.648,2.03
-1.734,-1.828
-1.889,-1.863
-1.906,-0.902
-1.829,-0.975
-2.154,-1.748
-2.2,0.635
-2.143,-0.601
-2.217,0.682
-2.387,2.092
-2.36,0.059
-2.418,-0.867
-2.578,0.103
-2.754,1.83
-2.803,-0.487
-2.797,-0.376
-2.973,1.375
-2.87,-0.775
-3.046,0.253
-3.129,-0.838
-3.047,-0.253
2.998,1.585
3.009,-0.597
3.1,0.167
3.059,-0.314
3.052,2.052
2.84,-0.873
2.79,-0.02
2.674,0.246
2.592,-1.554
2.526,1.302
2.332,-1.324
2.31,1.25
2.406,0.356
2.345,-1.769
2.177,1.401
2.169,-1.8
2.199,-0.418
2.034,1.058
1.741,1.151
1.894,0.987
1.847,-0.875
1.821,1.796
1.613,-1.887
1.403,-0.199
1.486,-0.194
1.189,2.12
1.263,-0.567
1.114,-0.422
0.923,0.308
0.836,-1.661
0.916,-0.439
0.545,-2.047
0.353,-2.21
0.101,-2.267
-1.547,-2.188
-1.452,-2.182
-1.777,-2.258
-1.933,-2.018
-2.038,-2.215
-2.529,-1.89
2.941,-2.175
2.854,-1.89
2.512,-2.022
1.758,-2.404
1.374,-2.038
0.48,2.221
0.287,2.263
0.137,2.243
-1.645,2.257
-2.379,2.324
3.034,2.218
2.057,2.465
1.752,2.164
1.58,2.186
1.489,2.472
0.745,1.879
-0.258,0.108
-1.777,1.906
-2.525,0.311
2.774,-0.067
1.739,-0.899
-1.148,1.581
2.535,1.13
2.508,0.482
1.581,0.465
1.484,1.069
1.158,-0.411
1.151,1.581
0.941,0.151
-2.462,-0.744
1.375,-0.731
0.025,2.452
-0.055,0.84
-0.061,-0.077
-0.053,1.965
-0.046,2.47
-0.099,3.719
-0.137,1.098
-0.272,0.589
-0.272,2.273
-0.398,3.428
-0.531,3.105
-0.553,2.611
-0.535,2.87
-0.606,2.204
-0.674,0.811
-0.69,1.75
-0.652,3.81
-0.714,3.397
-0.845,3.399
-0.806,1.815
-0.814,1.452
-0.883,2.077
-0.894,1.275
-0.969,0.191
-0.975,3.001
-0.998,1.259
-1.101,0.884
-1.187,0.594
-1.203,2.459
-1.291,2.278
-1.223,1.288
-1.297,0.041
-1.332,0.321
-1.279,-0.058
-1.311,1.291
-1.411,2.143
-1.409,3.606
-1.456,0.787
-1.454,3.64
-1.419,1.989
-1.491,0.507
-1.488,2.474
-1.545,0.452
-1.477,3.664
-1.528,1.148
-1.569,3.36
-1.646,2.017
-1.577,2.777
-1.692,-0.004
-1.787,2.702
-1.765,1.307
-1.828,0.334
-1.982,2.35
-1.974,0.21
-2.016,3.806
-2.042,0.532
-2.113,1.756
-2.136,2.857
-2.098,1.529
-2.089,2.819
-2.38,1.872
-2.392,0.894
-2.403,3.155
-2.47,1.447
-2.401,0.212
-2.458,0.58
-2.504,2.519
-2.685,2.306
-2.665,1.649
-2.931,0.645
-2.89,3.273
-3.059,1.708
-3.075,1.935
-3.059,0.568
-3.077,-0.024
-3.088,1.447
3.111,3.116
3.067,1.599
2.62,1.977
2.638,1.182
2.568,1.967
2.463,3.107
2.359,1.949
2.404,2.963
2.287,0.959
2.198,1.729
2.057,2.265
1.92,3.138
1.935,2.264
1.841,2.877
1.8,3.669
1.734,1.723
1.692,-0.009
1.691,1.439
1.477,1.278
1.439,0.42
1.376,0.691
1.281,2.757
1.274,0.735
1.169,0.689
1.183,0.327
1.107,1.086
1.126,3.718
1.024,2.458
0.852,-0.232
0.638,-0.517
0.394,-0.19
0.244,-0.409
-0.196,-0.22
-0.717,-0.366
-1.644,-0.516
-2.275,-0.461
-2.517,-0.214
2.679,-0.557
2.433,-0.468
1.989,-0.33
1.087,-0.357
1.076,-0.277
0.543,4.019
-0.128,3.99
-0.768,3.973
-1.337,4.177
-1.506,3.808
-1.658,4.075
-2.043,4.087
-2.889,3.872
-3.064,3.913
1.841,4.018
1.369,3.946
1.289,4.067
1.128,4.028
1.004,4.129
0.34,0.18
0.103,-0.118
-0.302,0.103
-0.733,3.468
-1.451,2.978
-3.001,0.712
-3.041,-0.092
2.869,2.438
0.938,1.349
0.289,-0.548
-0.106,-0.116
-0.296,-0.38
1.154,-0.275
0.909,2.565
0.864,2.561
0.733,0.849
0.817,2.22
0.805,1.826
0.672,2.263
0.632,2.698
0.607,-0.089
0.486,1.697
0.47,3.84
0.496,2.288
0.353,2.426
0.281,3.651
0.226,3.365
0.018,2.597
-0.133,0.966
-0.085,2.646
-0.089,3.114
-0.247,0.725
-0.22,1.358
-0.251,1.046
-0.391,0.116
-0.464,0.974
-0.81,1.2
-0.684,1.239
-0.89,2.596
-0.784,-0.071
-0.89,2.68
-1.181,1.834
-1.14,3.309
-1.199,0.847
-1.237,3.244
-1.279,3.453
-1.426,2.956
-1.471,0.237
-1.604,1.504
-1.622,0.858
-1.55,3.74
-1.636,-0.118
-1.791,-0.153
-1.808,0.808
-1.731,0.735
-2.056,-0.038
-2.102,2.345
-2.045,1.109
-2.119,2.392
-2.289,3.802
-2.262,1.769
-2.32,0.843
-2.48,1.813
-2.656,3.54
-2.705,1.223
-2.699,1.334
-2.875,3.085
-2.772,0.935
-2.948,1.963
-3.031,0.872
-2.949,1.457
3.096,3.295
3.107,1.113
-3.085,1.877
-3.126,1.396
-3.133,3.762
2.938,0.837
2.888,1.69
2.772,1.956
2.69,0.156
2.624,3.012
2.43,0.386
2.408,2.96
2.504,2.066
2.443,-0.059
2.275,3.111
2.267,-0.09
2.297,1.292
2.132,2.768
1.839,2.861
1.992,2.697
1.945,0.835
1.919,3.506
1.711,-0.177
1.501,1.511
1.584,1.516
1.287,3.83
1.361,1.143
1.212,1.288
1.021,2.018
0.934,0.049
1.014,1.271
0.643,-0.337
0.451,-0.5
0.199,-0.557
-1.449,-0.478
-1.354,-0.472
-1.679,-0.548
-1.835,-0.308
-1.94,-0.505
-2.431,-0.18
3.039,-0.465
2.952,-0.18
2.61,-0.312
1.856,-0.694
1.472,-0.328
0.578,3.931
0.385,3.973
0.235,3.953
-1.547,3.967
-2.281,4.034
3.132,3.928
2.155,4.175
1.85,3.874
1.678,3.896
1.587,4.182
0.843,3.589
-0.16,1.818
-1.679,3.616
-2.427,2.021
2.872,1.643
1.837,0.811
-1.05,3.291
2.633,2.84
2.606,2.192
1.679,2.175
1.582,2.779
1.256,1.299
1.249,3.291
1.039,1.861
-2.364,0.966
1.473,0.979
-0.08,-1.612
-0.086,-2.529
-0.078,-0.487
-0.071,0.018
-0.124,1.267
-0.162,-1.354
-0.297,-1.863
-0.297,-0.179
-0.423,0.976
-0.556,0.653
-0.578,0.159
-0.56,0.418
-0.631,-0.248
-0.699,-1.641
-0.715,-0.702
-0.677,1.358
-0.739,0.945
-0.87,0.947
-0.831,-0.637
-0.839,-1.0
-0.908,-0.375
-0.919,-1.177
-0.994,-2.261
-1.0,0.549
-1.023,-1.193
-1.126,-1.568
-1.212,-1.858
-1.228,0.007
-1.316,-0.174
-1.248,-1.164
-1.322,-2.411
-1.357,-2.131
-1.304,-2.51
-1.336,-1.161
-1.436,-0.309
-1.434,1.154
-1.481,-1.665
-1.479,1.188
-1.444,-0.463
-1.516,-1.945
-1.513,0.022
-1.57,-2.0
-1.502,1.212
-1.553,-1.304
-1.594,0.908
-1.671,-0.435
-1.602,0.325
-1.717,-2.456
-1.812,0.25
-1.79,-1.145
-1.853,-2.118
-2.007,-0.102
-1.999,-2.242
-2.041,1.354
-2.067,-1.92
-2.138,-0.696
-2.161,0.405
-2.123,-0.923
-2.114,0.367
-2.405,-0.58
-2.417,-1.558
-2.428,0.703
-2.495,-1.005
-2.426,-2.24
-2.483,-1.872
-2.529,0.067
-2.71,-0.146
-2.69,-0.803
-2.956,-1.807
-2.915,0.821
-3.084,-0.744
-3.1,-0.517
-3.084,-1.884
-3.102,-2.476
-3.113,-1.005
3.086,0.664
3.042,-0.853
2.595,-0.475
2.613,-1.27
2.543,-0.485
2.438,0.655
2.334,-0.503
2.379,0.511
2.262,-1.493
2.173,-0.723
2.032,-0.187
1.895,0.686
1.91,-0.188
1.816,0.425
1.775,1.217
1.709,-0.729
1.667,-2.461
1.666,-1.013
1.452,-1.174
1.414,-2.032
1.351,-1.761
1.256,0.305
1.249,-1.717
1.144,-1.763
1.158,-2.125
1.082,-1.366
1.101,1.266
0.999,0.006
0.827,-2.684
0.613,-2.969
0.369,-2.642
0.219,-2.861
-0.221,-2.672
-0.742,-2.818
-1.669,-2.968
-2.3,-2.913
-2.542,-2.666
2.654,-3.009
2.408,-2.92
1.964,-2.782
1.062,-2.809
1.051,-2.729
0.518,1.567
-0.153,1.538
-0.793,1.521
-1.362,1.725
-1.531,1.356
-1.683,1.623
-2.068,1.635
-2.914,1.42
-3.089,1.461
1.816,1.566
1.344,1.494
1.264,1.615
1.103,1.576
0.979,1.677
0.315,-2.272
0.078,-2.57
-0.327,-2.349
-0.758,1.016
-1.476,0.526
-3.026,-1.74
-3.066,-2.544
2.844,-0.014
0.913,-1.103
0.264,-3.0
-0.131,-2.568
-0.321,-2.832
1.129,-2.727
0.884,0.113
0.839,0.109
0.708,-1.603
0.792,-0.232
0.78,-0.626
0.647,-0.189
0.607,0.246
0.582,-2.541
0.461,-0.755
0.445,1.388
0.471,-0.164
0.328,-0.026
0.256,1.199
0.201,0.913
-0.007,0.145
-0.158,-1.486
-0.11,0.194
-0.114,0.662
-0.272,-1.727
-0.245,-1.094
-0.276,-1.406
-0.416,-2.336
-0.489,-1.478
-0.835,-1.252
-0.709,-1.213
-0.915,0.144
-0.809,-2.523
-0.915,0.228
-1.206,-0.618
-1.165,0.857
-1.224,-1.605
-1.262,0.792
-1.304,1.001
-1.451,0.504
-1.496,-2.215
-1.629,-0.948
-1.647,-1.594
-1.575,1.288
-1.661,-2.57
-1.816,-2.605
-1.833,-1.644
-1.756,-1.717
-2.081,-2.49
-2.127,-0.107
-2.07,-1.343
-2.144,-0.06
-2.314,1.35
-2.287,-0.683
-2.345,-1.609
-2.505,-0.639
-2.681,1.088
-2.73,-1.229
-2.724,-1.118
-2.9,0.633
-2.797,-1.517
-2.973,-0.489
-3.056,-1.58
-2.974,-0.995
3.071,0.843
3.082,-1.339
-3.11,-0.575
3.132,-1.056
3.125,1.31
2.913,-1.615
2.863,-0.762
2.747,-0.496
2.665,-2.296
2.599,0.56
2.405,-2.066
2.383,0.508
2.479,-0.386
2.418,-2.511
2.25,0.659
2.242,-2.542
2.272,-1.16
2.107,0.316
1.814,0.409
1.967,0.245
1.92,-1.617
1.894,1.054
1.686,-2.629
1.476,-0.941
1.559,-0.936
1.262,1.378
1.336,-1.309
1.187,-1.164
0.996,-0.434
0.909,-2.403
0.989,-1.181
0.618,-2.789
0.426,-2.952
0.174,-3.009
-1.474,-2.93
-1.379,-2.924
-1.704,-3.0
-1.86,-2.76
-1.965,-2.957
-2.456,-2.632
3.014,-2.917
2.927,-2.632
2.585,-2.764
1.831,-3.146
1.447,-2.78
0.553,1.479
0.36,1.521
0.21,1.501
-1.572,1.515
-2.306,1.582
3.107,1.476
2.13,1.723
1.825,1.422
1.653,1.444
1.562,1.73
0.818,1.137
-0.185,-0.634
-1.704,1.164
-2.452,-0.431
2.847,-0.809
1.812,-1.641
-1.075,0.839
2.608,0.388
2.581,-0.26
1.654,-0.277
1.557,0.327
1.231,-1.153
1.224,0.839
1.014,-0.591
-2.389,-1.486
1.448,-1.473
-0.006,-0.917
0.002,1.125
0.009,1.63
-0.044,2.879
-0.082,0.258
-0.217,-0.251
-0.217,1.433
-0.343,2.588
-0.476,2.265
-0.498,1.771
-0.48,2.03
-0.551,1.364
-0.619,-0.029
-0.635,0.91
-0.597,2.97
-0.659,2.557
-0.79,2.559
-0.751,0.975
-0.759,0.612
-0.828,1.237
-0.839,0.435
-0.914,-0.649
-0.92,2.161
-0.943,0.419
-1.046,0.044
-1.132,-0.246
-1.148,1.619
-1.236,1.438
-1.168,0.448
-1.242,-0.799
-1.277,-0.519
-1.224,-0.898
-1.256,0.451
-1.356,1.303
-1.354,2.766
-1.401,-0.053
-1.399,2.8
-1.364,1.149
-1.436,-0.333
-1.433,1.634
-1.49,-0.388
-1.422,2.824
-1.473,0.308
-1.514,2.52
-1.591,1.177
-1.522,1.937
-1.637,-0.844
-1.732,1.862
-1.71,0.467
-1.773,-0.506
-1.927,1.51
-1.919,-0.63
-1.961,2.966
-1.987,-0.308
-2.058,0.916
-2.081,2.017
-2.043,0.689
-2.034,1.979
-2.325,1.032
-2.337,0.054
-2.348,2.315
-2.415,0.607
-2.346,-0.628
-2.403,-0.26
-2.449,1.679
-2.63,1.466
-2.61,0.809
-2.876,-0.195
-2.835,2.433
-3.004,0.868
-3.02,1.095
-3.004,-0.272
-3.022,-0.864
-3.033,0.607
-3.117,2.276
3.122,0.759
2.675,1.137
2.693,0.342
2.623,1.127
2.518,2.267
2.414,1.109
2.459,2.123
2.342,0.119
2.253,0.889
2.112,1.425
1.975,2.298
1.99,1.424
1.896,2.037
1.855,2.829
1.789,0.883
1.747,-0.849
1.746,0.599
1.532,0.438
1.494,-0.42
1.431,-0.149
1.336,1.917
1.329,-0.105
1.224,-0.151
1.238,-0.513
1.162,0.246
1.181,2.878
1.079,1.618
0.907,-1.072
0.693,-1.357
0.449,-1.03
0.299,-1.249
-0.141,-1.06
-0.662,-1.206
-1.589,-1.356
-2.22,-1.301
-2.462,-1.054
2.734,-1.397
2.488,-1.308
2.044,-1.17
1.142,-1.197
1.131,-1.117
0.598,3.179
-0.073,3.15
-0.713,3.133
-1.282,3.337
-1.451,2.968
-1.603,3.235
-1.988,3.247
-2.834,3.032
-3.009,3.073
1.896,3.178
1.424,3.106
1.344,3.227
1.183,3.188
1.059,3.289
0.395,-0.66
0.158,-0.958
-0.247,-0.737
-0.678,2.628
-1.396,2.138
-2.946,-0.128
-2.986,-0.932
2.924,1.598
0.993,0.509
0.344,-1.388
-0.051,-0.956
-0.241,-1.22
1.209,-1.115
0.964,1.725
0.919,1.721
0.788,0.009
0.872,1.38
0.86,0.986
0.727,1.423
0.687,1.858
0.662,-0.929
0.541,0.857
0.525,3.0
0.551,1.448
0.408,1.586
0.336,2.811
0.281,2.525
0.073,1.757
-0.078,0.126
-0.03,1.806
-0.034,2.274
-0.192,-0.115
-0.165,0.518
-0.196,0.206
-0.336,-0.724
-0.409,0.134
-0.755,0.36
-0.629,0.399
-0.835,1.756
-0.729,-0.911
-0.835,1.84
-1.126,0.994
-1.085,2.469
-1.144,0.007
-1.182,2.404
-1.224,2.613
-1.371,2.116
-1.416,-0.603
-1.549,0.664
-1.567,0.018
-1.495,2.9
-1.581,-0.958
-1.736,-0.993
-1.753,-0.032
-1.676,-0.105
-2.001,-0.878
-2.047,1.505
-1.99,0.269
-2.064,1.552
-2.234,2.962
-2.207,0.929
-2.265,0.003
-2.425,0.973
-2.601,2.7
-2.65,0.383
-2.644,0.494
-2.82,2.245
-2.717,0.095
-2.893,1.123
-2.976,0.032
-2.894,0.617
-3.132,2.455
-3.121,0.273
-3.03,1.037
-3.071,0.556
-3.078,2.922
2.993,-0.003
2.943,0.85
2.827,1.116
2.745,-0.684
2.679,2.172
2.485,-0.454
2.463,2.12
2.559,1.226
2.498,-0.899
2.33,2.271
2.322,-0.93
2.352,0.452
2.187,1.928
1.894,2.021
2.047,1.857
2.0,-0.005
1.974,2.666
1.766,-1.017
1.556,0.671
1.639,0.676
1.342,2.99
1.416,0.303
1.267,0.448
1.076,1.178
0.989,-0.791
1.069,0.431
0.698,-1.177
0.506,-1.34
0.254,-1.397
-1.394,-1.318
-1.299,-1.312
-1.624,-1.388
-1.78,-1.148
-1.885,-1.345
-2.376,-1.02
3.094,-1.305
3.007,-1.02
2.665,-1.152
1.911,-1.534
1.527,-1.168
0.633,3.091
0.44,3.133
0.29,3.113
-1.492,3.127
-2.226,3.194
-3.096,3.088
2.21,3.335
1.905,3.034
1.733,3.056
1.642,3.342
0.898,2.749
-0.105,0.978
-1.624,2.776
-2.372,1.181
2.927,0.803
1.892,-0.029
-0.995,2.451
2.688,2.0
2.661,1.352
1.734,1.335
1.637,1.939
1.311,0.459
1.304,2.451
1.094,1.021
-2.309,0.126
1.528,0.139
0.008,2.042
0.015,2.547
-0.038,3.796
-0.076,1.175
-0.211,0.666
-0.211,2.35
-0.337,3.505
-0.47,3.182
-0.492,2.688
-0.474,2.947
-0.545,2.281
-0.613,0.888
-0.629,1.827
-0.591,3.887
-0.653,3.474
-0.784,3.476
-0.745,1.892
-0.753,1.529
-0.822,2.154
-0.833,1.352
-0.908,0.268
-0.914,3.078
-0.937,1.336
-1.04,0.961
-1.126,0.671
-1.142,2.536
-1.23,2.355
-1.162,1.365
-1.236,0.118
-1.271,0.398
-1.218,0.019
-1.25,1.368
-1.35,2.22
-1.348,3.683
-1.395,0.864
-1.393,3.717
-1.358,2.066
-1.43,0.584
-1.427,2.551
-1.484,0.529
-1.416,3.741
-1.467,1.225
-1.508,3.437
-1.585,2.094
-1.516,2.854
-1.631,0.073
-1.726,2.779
-1.704,1.384
-1.767,0.411
-1.921,2.427
-1.913,0.287
-1.955,3.883
-1.981,0.609
-2.052,1.833
-2.075,2.934
-2.037,1.606
-2.028,2.896
-2.319,1.949
-2.331,0.971
-2.342,3.232
-2.409,1.524
-2.34,0.289
-2.397,0.657
-2.443,2.596
-2.624,2.383
-2.604,1.726
-2.87,0.722
-2.829,3.35
-2.998,1.785
-3.014,2.012
-2.998,0.645
-3.016,0.053
-3.027,1.524
-3.111,3.193
3.128,1.676
2.681,2.054
2.699,1.259
2.629,2.044
2.524,3.184
2.42,2.026
2.465,3.04
2.348,1.036
2.259,1.806
2.118,2.342
1.981,3.215
1.996,2.341
1.902,2.954
1.861,3.746
1.795,1.8
1.753,0.068
1.752,1.516
1.538,1.355
1.5,0.497
1.437,0.768
1.342,2.834
1.335,0.812
1.23,0.766
1.244,0.404
1.168,1.163
1.187,3.795
1.085,2.535
0.913,-0.155
0.699,-0.44
0.455,-0.113
0.305,-0.332
-0.135,-0.143
-0.656,-0.289
-1.583,-0.439
-2.214,-0.384
-2.456,-0.137
2.74,-0.48
2.494,-0.391
2.05,-0.253
1.148,-0.28
1.137,-0.2
0.604,4.096
-0.067,4.067
-0.707,4.05
-1.276,4.254
-1.445,3.885
-1.597,4.152
-1.982,4.164
-2.828,3.949
-3.003,3.99
1.902,4.095
1.43,4.023
1.35,4.144
1.189,4.105
1.065,4.206
0.401,0.257
0.164,-0.041
-0.241,0.18
-0.672,3.545
-1.39,3.055
-2.94,0.789
-2.98,-0.015
2.93,2.515
0.999,1.426
0.35,-0.471
-0.045,-0.039
-0.235,-0.303
1.215,-0.198
0.97,2.642
0.925,2.638
0.794,0.926
0.878,2.297
0.866,1.903
0.733,2.34
0.693,2.775
0.668,-0.012
0.547,1.774
0.531,3.917
0.557,2.365
0.414,2.503
0.342,3.728
0.287,3.442
0.079,2.674
-0.072,1.043
-0.024,2.723
-0.028,3.191
-0.186,0.802
-0.159,1.435
-0.19,1.123
-0.33,0.193
-0.403,1.051
-0.749,1.277
-0.623,1.316
-0.829,2.673
-0.723,0.006
-0.829,2.757
-1.12,1.911
-1.079,3.386
-1.138,0.924
-1.176,3.321
-1.218,3.53
-1.365,3.033
-1.41,0.314
-1.543,1.581
-1.561,0.935
-1.489,3.817
-1.575,-0.041
-1.73,-0.076
-1.747,0.885
-1.67,0.812
-1.995,0.039
-2.041,2.422
-1.984,1.186
-2.058,2.469
-2.228,3.879
-2.201,1.846
-2.259,0.92
-2.419,1.89
-2.595,3.617
-2.644,1.3
-2.638,1.411
-2.814,3.162
-2.711,1.012
-2.887,2.04
-2.97,0.949
-2.888,1.534
-3.126,3.372
-3.115,1.19
-3.024,1.954
-3.065,1.473
-3.072,3.839
2.999,0.914
2.949,1.767
2.833,2.033
2.751,0.233
2.685,3.089
2.491,0.463
2.469,3.037
2.565,2.143
2.504,0.018
2.336,3.188
2.328,-0.013
2.358,1.369
2.193,2.845
1.9,2.938
2.053,2.774
2.006,0.912
1.98,3.583
1.772,-0.1
1.562,1.588
1.645,1.593
1.348,3.907
1.422,1.22
1.273,1.365
1.082,2.095
0.995,0.126
1.075,1.348
0.704,-0.26
0.512,-0.423
0.26,-0.48
-1.388,-0.401
-1.293,-0.395
-1.618,-0.471
-1.774,-0.231
-1.879,-0.428
-2.37,-0.103
3.1,-0.388
3.013,-0.103
2.671,-0.235
1.917,-0.617
1.533,-0.251
0.639,4.008
0.446,4.05
0.296,4.03
-1.486,4.044
-2.22,4.111
-3.09,4.005
2.216,4.252
1.911,3.951
1.739,3.973
1.648,4.259
0.904,3.666
-0.099,1.895
-1.618,3.693
-2.366,2.098
2.933,1.72
1.898,0.888
-0.989,3.368
2.694,2.917
2.667,2.269
1.74,2.252
1.643,2.856
1.317,1.376
1.31,3.368
1.1,1.938
-2.303,1.043
1.534,1.056
0.007,0.505
-0.046,1.754
-0.084,-0.867
-0.219,-1.376
-0.219,0.308
-0.345,1.463
-0.478,1.14
-0.5,0.646
-0.482,0.905
-0.553,0.239
-0.621,-1.154
-0.637,-0.215
-0.599,1.845
-0.661,1.432
-0.792,1.434
-0.753,-0.15
-0.761,-0.513
-0.83,0.112
-0.841,-0.69
-0.916,-1.774
-0.922,1.036
-0.945,-0.706
-1.048,-1.081
-1.134,-1.371
-1.15,0.494
-1.238,0.313
-1.17,-0.677
-1.244,-1.924
-1.279,-1.644
-1.226,-2.023
-1.258,-0.674
-1.358,0.178
-1.356,1.641
-1.403,-1.178
-1.401,1.675
-1.366,0.024
-1.438,-1.458
-1.435,0.509
-1.492,-1.513
-1.424,1.699
-1.475,-0.817
-1.516,1.395
-1.593,0.052
-1.524,0.812
-1.639,-1.969
-1.734,0.737
-1.712,-0.658
-1.775,-1.631
-1.929,0.385
-1.921,-1.755
-1.963,1.841
-1.989,-1.433
-2.06,-0.209
-2.083,0.892
-2.045,-0.436
-2.036,0.854
-2.327,-0.093
-2.339,-1.071
-2.35,1.19
-2.417,-0.518
-2.348,-1.753
-2.405,-1.385
-2.451,0.554
-2.632,0.341
-2.612,-0.316
-2.878,-1.32
-2.837,1.308
-3.006,-0.257
-3.022,-0.03
-3.006,-1.397
-3.024,-1.989
-3.035,-0.518
-3.119,1.151
3.12,-0.366
2.673,0.012
2.691,-0.783
2.621,0.002
2.516,1.142
2.412,-0.016
2.457,0.998
2.34,-1.006
2.251,-0.236
2.11,0.3
1.973,1.173
1.988,0.299
1.894,0.912
1.853,1.704
1.787,-0.242
1.745,-1.974
1.744,-0.526
1.53,-0.687
1.492,-1.545
1.429,-1.274
1.334,0.792
1.327,-1.23
1.222,-1.276
1.236,-1.638
1.16,-0.879
1.179,1.753
1.077,0.493
0.905,-2.197
0.691,-2.482
0.447,-2.155
0.297,-2.374
-0.143,-2.185
-0.664,-2.331
-1.591,-2.481
-2.222,-2.426
-2.464,-2.179
2.732,-2.522
2.486,-2.433
2.042,-2.295
1.14,-2.322
1.129,-2.242
0.596,2.054
-0.075,2.025
-0.715,2.008
-1.284,2.212
-1.453,1.843
-1.605,2.11
-1.99,2.122
-2.836,1.907
-3.011,1.948
1.894,2.053
1.422,1.981
1.342,2.102
1.181,2.063
1.057,2.164
0.393,-1.785
0.156,-2.083
-0.249,-1.862
-0.68,1.503
-1.398,1.013
-2.948,-1.253
-2.988,-2.057
2.922,0.473
0.991,-0.616
0.342,-2.513
-0.053,-2.081
-0.243,-2.345
1.207,-2.24
0.962,0.6
0.917,0.596
0.786,-1.116
0.87,0.255
0.858,-0.139
0.725,0.298
0.685,0.733
0.66,-2.054
0.539,-0.268
0.523,1.875
0.549,0.323
0.406,0.461
0.334,1.686
0.279,1.4
0.071,0.632
-0.08,-0.999
-0.032,0.681
-0.036,1.149
-0.194,-1.24
-0.167,-0.607
-0.198,-0.919
-0.338,-1.849
-0.411,-0.991
-0.757,-0.765
-0.631,-0.726
-0.837,0.631
-0.731,-2.036
-0.837,0.715
-1.128,-0.131
-1.087,1.344
-1.146,-1.118
-1.184,1.279
-1.226,1.488
-1.373,0.991
-1.418,-1.728
-1.551,-0.461
-1.569,-1.107
-1.497,1.775
-1.583,-2.083
-1.738,-2.118
-1.755,-1.157
-1.678,-1.23
-2.003,-2.003
-2.049,0.38
-1.992,-0.856
-2.066,0.427
-2.236,1.837
-2.209,-0.196
-2.267,-1.122
-2.427,-0.152
-2.603,1.575
-2.652,-0.742
-2.646,-0.631
-2.822,1.12
-2.719,-1.03
-2.895,-0.002
-2.978,-1.093
-2.896,-0.508
-3.134,1.33
-3.123,-0.852
-3.032,-0.088
-3.073,-0.569
-3.08,1.797
2.991,-1.128
2.941,-0.275
2.825,-0.009
2.743,-1.809
2.677,1.047
2.483,-1.579
2.461,0.995
2.557,0.101
2.496,-2.024
2.328,1.146
2.32,-2.055
2.35,-0.673
2.185,0.803
1.892,0.896
2.045,0.732
1.998,-1.13
1.972,1.541
1.764,-2.142
1.554,-0.454
1.637,-0.449
1.34,1.865
1.414,-0.822
1.265,-0.677
1.074,0.053
0.987,-1.916
1.067,-0.694
0.696,-2.302
0.504,-2.465
0.252,-2.522
-1.396,-2.443
-1.301,-2.437
-1.626,-2.513
-1.782,-2.273
-1.887,-2.47
-2.378,-2.145
3.092,-2.43
3.005,-2.145
2.663,-2.277
1.909,-2.659
1.525,-2.293
0.631,1.966
0.438,2.008
0.288,1.988
-1.494,2.002
-2.228,2.069
-3.098,1.963
2.208,2.21
1.903,1.909
1.731,1.931
1.64,2.217
0.896,1.624
-0.107,-0.147
-1.626,1.651
-2.374,0.056
2.925,-0.322
1.89,-1.154
-0.997,1.326
2.686,0.875
2.659,0.227
1.732,0.21
1.635,0.814
1.309,-0.666
1.302,1.326
1.092,-0.104
-2.311,-0.999
1.526,-0.986
-0.053,1.249
-0.091,-1.372
-0.226,-1.881
-0.226,-0.197
-0.352,0.958
-0.485,0.635
-0.507,0.141
-0.489,0.4
-0.56,-0.266
-0.628,-1.659
-0.644,-0.72
-0.606,1.34
-0.668,0.927
-0.799,0.929
-0.76,-0.655
-0.768,-1.018
-0.837,-0.393
-0.848,-1.195
-0.923,-2.279
-0.929,0.531
-0.952,-1.211
-1.055,-1.586
-1.141,-1.876
-1.157,-0.011
-1.245,-0.192
-1.177,-1.182
-1.251,-2.429
-1.286,-2.149
-1.233,-2.528
-1.265,-1.179
-1.365,-0.327
-1.363,1.136
-1.41,-1.683
-1.408,1.17
-1.373,-0.481
-1.445,-1.963
-1.442,0.004
-1.499,-2.018
-1.431,1.194
-1.482,-1.322
-1.523,0.89
-1.6,-0.453
-1.531,0.307
-1.646,-2.474
-1.741,0.232
-1.719,-1.163
-1.782,-2.136
-1.936,-0.12
-1.928,-2.26
-1.97,1.336
-1.996,-1.938
-2.067,-0.714
-2.09,0.387
-2.052,-0.941
-2.043,0.349
-2.334,-0.598
-2.346,-1.576
-2.357,0.685
-2.424,-1.023
-2.355,-2.258
-2.412,-1.89
-2.458,0.049
-2.639,-0.164
-2.619,-0.821
-2.885,-1.825
-2.844,0.803
-3.013,-0.762
-3.029,-0.535
-3.013,-1.902
-3.031,-2.494
-3.042,-1.023
-3.126,0.646
3.113,-0.871
2.666,-0.493
2.684,-1.288
2.614,-0.503
2.509,0.637
2.405,-0.521
2.45,0.493
2.333,-1.511
2.244,-0.741
2.103,-0.205
1.966,0.668
1.981,-0.206
1.887,0.407
1.846,1.199
1.78,-0.747
1.738,-2.479
1.737,-1.031
1.523,-1.192
1.485,-2.05
1.422,-1.779
1.327,0.287
1.32,-1.735
1.215,-1.781
1.229,-2.143
1.153,-1.384
1.172,1.248
1.07,-0.012
0.898,-2.702
0.684,-2.987
0.44,-2.66
0.29,-2.879
-0.15,-2.69
-0.671,-2.836
-1.598,-2.986
-2.229,-2.931
-2.471,-2.684
2.725,-3.027
2.479,-2.938
2.035,-2.8
1.133,-2.827
1.122,-2.747
0.589,1.549
-0.082,1.52
-0.722,1.503
-1.291,1.707
-1.46,1.338
-1.612,1.605
-1.997,1.617
-2.843,1.402
-3.018,1.443
1.887,1.548
1.415,1.476
1.335,1.597
1.174,1.558
1.05,1.659
0.386,-2.29
0.149,-2.588
-0.256,-2.367
-0.687,0.998
-1.405,0.508
-2.955,-1.758
-2.995,-2.562
2.915,-0.032
0.984,-1.121
0.335,-3.018
-0.06,-2.586
-0.25,-2.85
1.2,-2.745
0.955,0.095
0.91,0.091
0.779,-1.621
0.863,-0.25
0.851,-0.644
0.718,-0.207
0.678,0.228
0.653,-2.559
0.532,-0.773
0.516,1.37
0.542,-0.182
0.399,-0.044
0.327,1.181
0.272,0.895
0.064,0.127
-0.087,-1.504
-0.039,0.176
-0.043,0.644
-0.201,-1.745
-0.174,-1.112
-0.205,-1.424
-0.345,-2.354
-0.418,-1.496
-0.764,-1.27
-0.638,-1.231
-0.844,0.126
-0.738,-2.541
-0.844,0.21
-1.135,-0.636
-1.094,0.839
-1.153,-1.623
-1.191,0.774
-1.233,0.983
-1.38,0.486
-1.425,-2.233
-1.558,-0.966
-1.576,-1.612
-1.504,1.27
-1.59,-2.588
-1.745,-2.623
-1.762,-1.662
-1.685,-1.735
-2.01,-2.508
-2.056,-0.125
-1.999,-1.361
-2.073,-0.078
-2.243,1.332
-2.216,-0.701
-2.274,-1.627
-2.434,-0.657
-2.61,1.07
-2.659,-1.247
-2.653,-1.136
-2.829,0.615
-2.726,-1.535
-2.902,-0.507
-2.985,-1.598
-2.903,-1.013
-3.141,0.825
-3.13,-1.357
-3.039,-0.593
-3.08,-1.074
-3.087,1.292
2.984,-1.633
2.934,-0.78
2.818,-0.514
2.736,-2.314
2.67,0.542
2.476,-2.084
2.454,0.49
2.55,-0.404
2.489,-2.529
2.321,0.641
2.313,-2.56
2.343,-1.178
2.178,0.298
1.885,0.391
2.038,0.227
1.991,-1.635
1.965,1.036
1.757,-2.647
1.547,-0.959
1.63,-0.954
1.333,1.36
1.407,-1.327
1.258,-1.182
1.067,-0.452
0.98,-2.421
1.06,-1.199
0.689,-2.807
0.497,-2.97
0.245,-3.027
-1.403,-2.948
-1.308,-2.942
-1.633,-3.018
-1.789,-2.778
-1.894,-2.975
-2.385,-2.65
3.085,-2.935
2.998,-2.65
2.656,-2.782
1.902,-3.164
1.518,-2.798
0.624,1.461
0.431,1.503
0.281,1.483
-1.501,1.497
-2.235,1.564
-3.105,1.458
2.201,1.705
1.896,1.404
1.724,1.426
1.633,1.712
0.889,1.119
-0.114,-0.652
-1.633,1.146
-2.381,-0.449
2.918,-0.827
1.883,-1.659
-1.004,0.821
2.679,0.37
2.652,-0.278
1.725,-0.295
1.628,0.309
1.302,-1.171
1.295,0.821
1.085,-0.609
-2.318,-1.504
1.519,-1.491
-0.038,-2.621
-0.173,-3.13
-0.173,-1.446
-0.299,-0.291
-0.432,-0.614
-0.454,-1.108
-0.436,-0.849
-0.507,-1.515
-0.575,-2.908
-0.591,-1.969
-0.553,0.091
-0.615,-0.322
-0.746,-0.32
-0.707,-1.904
-0.715,-2.267
-0.784,-1.642
-0.795,-2.444
-0.87,-3.528
-0.876,-0.718
-0.899,-2.46
-1.002,-2.835
-1.088,-3.125
-1.104,-1.26
-1.192,-1.441
-1.124,-2.431
-1.198,-3.678
-1.233,-3.398
-1.18,-3.777
-1.212,-2.428
-1.312,-1.576
-1.31,-0.113
-1.357,-2.932
-1.355,-0.079
-1.32,-1.73
-1.392,-3.212
-1.389,-1.245
-1.446,-3.267
-1.378,-0.055
-1.429,-2.571
-1.47,-0.359
-1.547,-1.702
-1.478,-0.942
-1.593,-3.723
-1.688,-1.017
-1.666,-2.412
-1.729,-3.385
-1.883,-1.369
-1.875,-3.509
-1.917,0.087
-1.943,-3.187
-2.014,-1.963
-2.037,-0.862
-1.999,-2.19
-1.99,-0.9
-2.281,-1.847
-2.293,-2.825
-2.304,-0.564
-2.371,-2.272
-2.302,-3.507
-2.359,-3.139
-2.405,-1.2
-2.586,-1.413
-2.566,-2.07
-2.832,-3.074
-2.791,-0.446
-2.96,-2.011
-2.976,-1.784
-2.96,-3.151
-2.978,-3.743
-2.989,-2.272
-3.073,-0.603
-3.117,-2.12
2.719,-1.742
2.737,-2.537
2.667,-1.752
2.562,-0.612
2.458,-1.77
2.503,-0.756
2.386,-2.76
2.297,-1.99
2.156,-1.454
2.019,-0.581
2.034,-1.455
1.94,-0.842
1.899,-0.05
1.833,-1.996
1.791,-3.728
1.79,-2.28
1.576,-2.441
1.538,-3.299
1.475,-3.028
1.38,-0.962
1.373,-2.984
1.268,-3.03
1.282,-3.392
1.206,-2.633
1.225,-0.001
1.123,-1.261
0.951,-3.951
0.737,-4.236
0.493,-3.909
0.343,-4.128
-0.097,-3.939
-0.618,-4.085
-1.545,-4.235
-2.176,-4.18
-2.418,-3.933
2.778,-4.276
2.532,-4.187
2.088,-4.049
1.186,-4.076
1.175,-3.996
0.642,0.3
-0.029,0.271
-0.669,0.254
-1.238,0.458
-1.407,0.089
-1.559,0.356
-1.944,0.368
-2.79,0.153
-2.965,0.194
1.94,0.299
1.468,0.227
1.388,0.348
1.227,0.309
1.103,0.41
0.439,-3.539
0.202,-3.837
-0.203,-3.616
-0.634,-0.251
-1.352,-0.741
-2.902,-3.007
-2.942,-3.811
2.968,-1.281
1.037,-2.37
0.388,-4.267
-0.007,-3.835
-0.197,-4.099
1.253,-3.994
1.008,-1.154
0.963,-1.158
0.832,-2.87
0.916,-1.499
0.904,-1.893
0.771,-1.456
0.731,-1.021
0.706,-3.808
0.585,-2.022
0.569,0.121
0.595,-1.431
0.452,-1.293
0.38,-0.068
0.325,-0.354
0.117,-1.122
-0.034,-2.753
0.014,-1.073
0.01,-0.605
-0.148,-2.994
-0.121,-2.361
-0.152,-2.673
-0.292,-3.603
-0.365,-2.745
-0.711,-2.519
-0.585,-2.48
-0.791,-1.123
-0.685,-3.79
-0.791,-1.039
-1.082,-1.885
-1.041,-0.41
-1.1,-2.872
-1.138,-0.475
-1.18,-0.266
-1.327,-0.763
-1.372,-3.482
-1.505,-2.215
-1.523,-2.861
-1.451,0.021
-1.537,-3.837
-1.692,-3.872
-1.709,-2.911
-1.632,-2.984
-1.957,-3.757
-2.003,-1.374
-1.946,-2.61
-2.02,-1.327
-2.19,0.083
-2.163,-1.95
-2.221,-2.876
-2.381,-1.906
-2.557,-0.179
-2.606,-2.496
-2.6,-2.385
-2.776,-0.634
-2.673,-2.784
-2.849,-1.756
-2.932,-2.847
-2.85,-2.262
-3.088,-0.424
-3.077,-2.606
-2.986,-1.842
-3.027,-2.323
-3.034,0.043
3.037,-2.882
2.987,-2.029
2.871,-1.763
2.789,-3.563
2.723,-0.707
2.529,-3.333
2.507,-0.759
2.603,-1.653
2.542,-3.778
2.374,-0.608
2.366,-3.809
2.396,-2.427
2.231,-0.951
1.938,-0.858
2.091,-1.022
2.044,-2.884
2.018,-0.213
1.81,-3.896
1.6,-2.208
1.683,-2.203
1.386,0.111
1.46,-2.576
1.311,-2.431
1.12,-1.701
1.033,-3.67
1.113,-2.448
0.742,-4.056
0.55,-4.219
0.298,-4.276
-1.35,-4.197
-1.255,-4.191
-1.58,-4.267
-1.736,-4.027
-1.841,-4.224
-2.332,-3.899
3.138,-4.184
3.051,-3.899
2.709,-4.031
1.955,-4.413
1.571,-4.047
0.677,0.212
0.484,0.254
0.334,0.234
-1.448,0.248
-2.182,0.315
-3.052,0.209
2.254,0.456
1.949,0.155
1.777,0.177
1.686,0.463
0.942,-0.13
-0.061,-1.901
-1.58,-0.103
-2.328,-1.698
2.971,-2.076
1.936,-2.908
-0.951,-0.428
2.732,-0.879
2.705,-1.527
1.778,-1.544
1.681,-0.94
1.355,-2.42
1.348,-0.428
1.138,-1.858
-2.265,-2.753
1.572,-2.74
-0.135,-0.509
-0.135,1.175
-0.261,2.33
-0.394,2.007
-0.416,1.513
-0.398,1.772
-0.469,1.106
-0.537,-0.287
-0.553,0.652
-0.515,2.712
-0.577,2.299
-0.708,2.301
-0.669,0.717
-0.677,0.354
-0.746,0.979
-0.757,0.177
-0.832,-0.907
-0.838,1.903
-0.861,0.161
-0.964,-0.214
-1.05,-0.504
-1.066,1.361
-1.154,1.18
-1.086,0.19
-1.16,-1.057
-1.195,-0.777
-1.142,-1.156
-1.174,0.193
-1.274,1.045
-1.272,2.508
-1.319,-0.311
-1.317,2.542
-1.282,0.891
-1.354,-0.591
-1.351,1.376
-1.408,-0.646
-1.34,2.566
-1.391,0.05
-1.432,2.262
-1.509,0.919
-1.44,1.679
-1.555,-1.102
-1.65,1.604
-1.628,0.209
-1.691,-0.764
-1.845,1.252
-1.837,-0.888
-1.879,2.708
-1.905,-0.566
-1.976,0.658
-1.999,1.759
-1.961,0.431
-1.952,1.721
-2.243,0.774
-2.255,-0.204
-2.266,2.057
-2.333,0.349
-2.264,-0.886
-2.321,-0.518
-2.367,1.421
-2.548,1.208
-2.528,0.551
-2.794,-0.453
-2.753,2.175
-2.922,0.61
-2.938,0.837
-2.922,-0.53
-2.94,-1.122
-2.951,0.349
-3.035,2.018
-3.079,0.501
2.757,0.879
2.775,0.084
2.705,0.869
2.6,2.009
2.496,0.851
2.541,1.865
2.424,-0.139
2.335,0.631
2.194,1.167
2.057,2.04
2.072,1.166
1.978,1.779
1.937,2.571
1.871,0.625
1.829,-1.107
1.828,0.341
1.614,0.18
1.576,-0.678
1.513,-0.407
1.418,1.659
1.411,-0.363
1.306,-0.409
1.32,-0.771
1.244,-0.012
1.263,2.62
1.161,1.36
0.989,-1.33
0.775,-1.615
0.531,-1.288
0.381,-1.507
-0.059,-1.318
-0.58,-1.464
-1.507,-1.614
-2.138,-1.559
-2.38,-1.312
2.816,-1.655
2.57,-1.566
2.126,-1.428
1.224,-1.455
1.213,-1.375
0.68,2.921
0.009,2.892
-0.631,2.875
-1.2,3.079
-1.369,2.71
-1.521,2.977
-1.906,2.989
-2.752,2.774
-2.927,2.815
1.978,2.92
1.506,2.848
1.426,2.969
1.265,2.93
1.141,3.031
0.477,-0.918
0.24,-1.216
-0.165,-0.995
-0.596,2.37
-1.314,1.88
-2.864,-0.386
-2.904,-1.19
3.006,1.34
1.075,0.251
0.426,-1.646
0.031,-1.214
-0.159,-1.478
1.291,-1.373
1.046,1.467
1.001,1.463
0.87,-0.249
0.954,1.122
0.942,0.728
0.809,1.165
0.769,1.6
0.744,-1.187
0.623,0.599
0.607,2.742
0.633,1.19
0.49,1.328
0.418,2.553
0.363,2.267
0.155,1.499
0.004,-0.132
0.052,1.548
0.048,2.016
-0.11,-0.373
-0.083,0.26
-0.114,-0.052
-0.254,-0.982
-0.327,-0.124
-0.673,0.102
-0.547,0.141
-0.753,1.498
-0.647,-1.169
-0.753,1.582
-1.044,0.736
-1.003,2.211
-1.062,-0.251
-1.1,2.146
-1.142,2.355
-1.289,1.858
-1.334,-0.861
-1.467,0.406
-1.485,-0.24
-1.413,2.642
-1.499,-1.216
-1.654,-1.251
-1.671,-0.29
-1.594,-0.363
-1.919,-1.136
-1.965,1.247
-1.908,0.011
-1.982,1.294
-2.152,2.704
-2.125,0.671
-2.183,-0.255
-2.343,0.715
-2.519,2.442
-2.568,0.125
-2.562,0.236
-2.738,1.987
-2.635,-0.163
-2.811,0.865
-2.894,-0.226
-2.812,0.359
-3.05,2.197
-3.039,0.015
-2.948,0.779
-2.989,0.298
-2.996,2.664
3.075,-0.261
3.025,0.592
2.909,0.858
2.827,-0.942
2.761,1.914
2.567,-0.712
2.545,1.862
2.641,0.968
2.58,-1.157
2.412,2.013
2.404,-1.188
2.434,0.194
2.269,1.67
1.976,1.763
2.129,1.599
2.082,-0.263
2.056,2.408
1.848,-1.275
1.638,0.413
1.721,0.418
1.424,2.732
1.498,0.045
1.349,0.19
1.158,0.92
1.071,-1.049
1.151,0.173
0.78,-1.435
0.588,-1.598
0.336,-1.655
-1.312,-1.576
-1.217,-1.57
-1.542,-1.646
-1.698,-1.406
-1.803,-1.603
-2.294,-1.278
-3.107,-1.563
3.089,-1.278
2.747,-1.41
1.993,-1.792
1.609,-1.426
0.715,2.833
0.522,2.875
0.372,2.855
-1.41,2.869
-2.144,2.936
-3.014,2.83
2.292,3.077
1.987,2.776
1.815,2.798
1.724,3.084
0.98,2.491
-0.023,0.72
-1.542,2.518
-2.29,0.923
3.009,0.545
1.974,-0.287
-0.913,2.193
2.77,1.742
2.743,1.094
1.816,1.077
1.719,1.681
1.393,0.201
1.386,2.193
1.176,0.763
-2.227,-0.132
1.61,-0.119
0.0,1.684
-0.126,2.839
-0.259,2.516
-0.281,2.022
-0.263,2.281
-0.334,1.615
-0.402,0.222
-0.418,1.161
-0.38,3.221
-0.442,2.808
-0.573,2.81
-0.534,1.226
-0.542,0.863
-0.611,1.488
-0.622,0.686
-0.697,-0.398
-0.703,2.412
-0.726,0.67
-0.829,0.295
-0.915,0.005
-0.931,1.87
-1.019,1.689
-0.951,0.699
-1.025,-0.548
-1.06,-0.268
-1.007,-0.647
-1.039,0.702
-1.139,1.554
-1.137,3.017
-1.184,0.198
-1.182,3.051
-1.147,1.4
-1.219,-0.082
-1.216,1.885
-1.273,-0.137
-1.205,3.075
-1.256,0.559
-1.297,2.771
-1.374,1.428
-1.305,2.188
-1.42,-0.593
-1.515,2.113
-1.493,0.718
-1.556,-0.255
-1.71,1.761
-1.702,-0.379
-1.744,3.217
-1.77,-0.057
-1.841,1.167
-1.864,2.268
-1.826,0.94
-1.817,2.23
-2.108,1.283
-2.12,0.305
-2.131,2.566
-2.198,0.858
-2.129,-0.377
-2.186,-0.009
-2.232,1.93
-2.413,1.717
-2.393,1.06
-2.659,0.056
-2.618,2.684
-2.787,1.119
-2.803,1.346
-2.787,-0.021
-2.805,-0.613
-2.816,0.858
-2.9,2.527
-2.944,1.01
2.892,1.388
2.91,0.593
2.84,1.378
2.735,2.518
2.631,1.36
2.676,2.374
2.559,0.37
2.47,1.14
2.329,1.676
2.192,2.549
2.207,1.675
2.113,2.288
2.072,3.08
2.006,1.134
1.964,-0.598
1.963,0.85
1.749,0.689
1.711,-0.169
1.648,0.102
1.553,2.168
1.546,0.146
1.441,0.1
1.455,-0.262
1.379,0.497
1.398,3.129
1.296,1.869
1.124,-0.821
0.91,-1.106
0.666,-0.779
0.516,-0.998
0.076,-0.809
-0.445,-0.955
-1.372,-1.105
-2.003,-1.05
-2.245,-0.803
2.951,-1.146
2.705,-1.057
2.261,-0.919
1.359,-0.946
1.348,-0.866
0.815,3.43
0.144,3.401
-0.496,3.384
-1.065,3.588
-1.234,3.219
-1.386,3.486
-1.771,3.498
-2.617,3.283
-2.792,3.324
2.113,3.429
1.641,3.357
1.561,3.478
1.4,3.439
1.276,3.54
0.612,-0.409
0.375,-0.707
-0.03,-0.486
-0.461,2.879
-1.179,2.389
-2.729,0.123
-2.769,-0.681
3.141,1.849
1.21,0.76
0.561,-1.137
0.166,-0.705
-0.024,-0.969
1.426,-0.864
1.181,1.976
1.136,1.972
1.005,0.26
1.089,1.631
1.077,1.237
0.944,1.674
0.904,2.109
0.879,-0.678
0.758,1.108
0.742,3.251
0.768,1.699
0.625,1.837
0.553,3.062
0.498,2.776
0.29,2.008
0.139,0.377
0.187,2.057
0.183,2.525
0.025,0.136
0.052,0.769
0.021,0.457
-0.119,-0.473
-0.192,0.385
-0.538,0.611
-0.412,0.65
-0.618,2.007
-0.512,-0.66
-0.618,2.091
-0.909,1.245
-0.868,2.72
-0.927,0.258
-0.965,2.655
-1.007,2.864
-1.154,2.367
-1.199,-0.352
-1.332,0.915
-1.35,0.269
-1.278,3.151
-1.364,-0.707
-1.519,-0.742
-1.536,0.219
-1.459,0.146
-1.784,-0.627
-1.83,1.756
-1.773,0.52
-1.847,1.803
-2.017,3.213
-1.99,1.18
-2.048,0.254
-2.208,1.224
-2.384,2.951
-2.433,0.634
-2.427,0.745
-2.603,2.496
-2.5,0.346
-2.676,1.374
-2.759,0.283
-2.677,0.868
-2.915,2.706
-2.904,0.524
-2.813,1.288
-2.854,0.807
-2.861,3.173
-3.073,0.248
-3.123,1.101
3.044,1.367
2.962,-0.433
2.896,2.423
2.702,-0.203
2.68,2.371
2.776,1.477
2.715,-0.648
2.547,2.522
2.539,-0.679
2.569,0.703
2.404,2.179
2.111,2.272
2.264,2.108
2.217,0.246
2.191,2.917
1.983,-0.766
1.773,0.922
1.856,0.927
1.559,3.241
1.633,0.554
1.484,0.699
1.293,1.429
1.206,-0.54
1.286,0.682
0.915,-0.926
0.723,-1.089
0.471,-1.146
-1.177,-1.067
-1.082,-1.061
-1.407,-1.137
-1.563,-0.897
-1.668,-1.094
-2.159,-0.769
-2.972,-1.054
-3.059,-0.769
2.882,-0.901
2.128,-1.283
1.744,-0.917
0.85,3.342
0.657,3.384
0.507,3.364
-1.275,3.378
-2.009,3.445
-2.879,3.339
2.427,3.586
2.122,3.285
1.95,3.307
1.859,3.593
1.115,3.0
0.112,1.229
-1.407,3.027
-2.155,1.432
-3.139,1.054
2.109,0.222
-0.778,2.702
2.905,2.251
2.878,1.603
1.951,1.586
1.854,2.19
1.528,0.71
1.521,2.702
1.311,1.272
-2.092,0.377
1.745,0.39
-0.126,1.155
-0.259,0.832
-0.281,0.338
-0.263,0.597
-0.334,-0.069
-0.402,-1.462
-0.418,-0.523
-0.38,1.537
-0.442,1.124
-0.573,1.126
-0.534,-0.458
-0.542,-0.821
-0.611,-0.196
-0.622,-0.998
-0.697,-2.082
-0.703,0.728
-0.726,-1.014
-0.829,-1.389
-0.915,-1.679
-0.931,0.186
-1.019,0.005
-0.951,-0.985
-1.025,-2.232
-1.06,-1.952
-1.007,-2.331
-1.039,-0.982
-1.139,-0.13
-1.137,1.333
-1.184,-1.486
-1.182,1.367
-1.147,-0.284
-1.219,-1.766
-1.216,0.201
-1.273,-1.821
-1.205,1.391
-1.256,-1.125
-1.297,1.087
-1.374,-0.256
-1.305,0.504
-1.42,-2.277
-1.515,0.429
-1.493,-0.966
-1.556,-1.939
-1.71,0.077
-1.702,-2.063
-1.744,1.533
-1.77,-1.741
-1.841,-0.517
-1.864,0.584
-1.826,-0.744
-1.817,0.546
-2.108,-0.401
-2.12,-1.379
-2.131,0.882
-2.198,-0.826
-2.129,-2.061
-2.186,-1.693
-2.232,0.246
-2.413,0.033
-2.393,-0.624
-2.659,-1.628
-2.618,1.0
-2.787,-0.565
-2.803,-0.338
-2.787,-1.705
-2.805,-2.297
-2.816,-0.826
-2.9,0.843
-2.944,-0.674
2.892,-0.296
2.91,-1.091
2.84,-0.306
2.735,0.834
2.631,-0.324
2.676,0.69
2.559,-1.314
2.47,-0.544
2.329,-0.008
2.192,0.865
2.207,-0.009
2.113,0.604
2.072,1.396
2.006,-0.55
1.964,-2.282
1.963,-0.834
1.749,-0.995
1.711,-1.853
1.648,-1.582
1.553,0.484
1.546,-1.538
1.441,-1.584
1.455,-1.946
1.379,-1.187
1.398,1.445
1.296,0.185
1.124,-2.505
0.91,-2.79
0.666,-2.463
0.516,-2.682
0.076,-2.493
-0.445,-2.639
-1.372,-2.789
-2.003,-2.734
-2.245,-2.487
2.951,-2.83
2.705,-2.741
2.261,-2.603
1.359,-2.63
1.348,-2.55
0.815,1.746
0.144,1.717
-0.496,1.7
-1.065,1.904
-1.234,1.535
-1.386,1.802
-1.771,1.814
-2.617,1.599
-2.792,1.64
2.113,1.745
1.641,1.673
1.561,1.794
1.4,1.755
1.276,1.856
0.612,-2.093
0.375,-2.391
-0.03,-2.17
-0.461,1.195
-1.179,0.705
-2.729,-1.561
-2.769,-2.365
3.141,0.165
1.21,-0.924
0.561,-2.821
0.166,-2.389
-0.024,-2.653
1.426,-2.548
1.181,0.292
1.136,0.288
1.005,-1.424
1.089,-0.053
1.077,-0.447
0.944,-0.01
0.904,0.425
0.879,-2.362
0.758,-0.576
0.742,1.567
0.768,0.015
0.625,0.153
0.553,1.378
0.498,1.092
0.29,0.324
0.139,-1.307
0.187,0.373
0.183,0.841
0.025,-1.548
0.052,-0.915
0.021,-1.227
-0.119,-2.157
-0.192,-1.299
-0.538,-1.073
-0.412,-1.034
-0.618,0.323
-0.512,-2.344
-0.618,0.407
-0.909,-0.439
-0.868,1.036
-0.927,-1.426
-0.965,0.971
-1.007,1.18
-1.154,0.683
-1.199,-2.036
-1.332,-0.769
-1.35,-1.415
-1.278,1.467
-1.364,-2.391
-1.519,-2.426
-1.536,-1.465
-1.459,-1.538
-1.784,-2.311
-1.83,0.072
-1.773,-1.164
-1.847,0.119
-2.017,1.529
-1.99,-0.504
-2.048,-1.43
-2.208,-0.46
-2.384,1.267
-2.433,-1.05
-2.427,-0.939
-2.603,0.812
-2.5,-1.338
-2.676,-0.31
-2.759,-1.401
-2.677,-0.816
-2.915,1.022
-2.904,-1.16
-2.813,-0.396
-2.854,-0.877
-2.861,1.489
-3.073,-1.436
-3.123,-0.583
3.044,-0.317
2.962,-2.117
2.896,0.739
2.702,-1.887
2.68,0.687
2.776,-0.207
2.715,-2.332
2.547,0.838
2.539,-2.363
2.569,-0.981
2.404,0.495
2.111,0.588
2.264,0.424
2.217,-1.438
2.191,1.233
1.983,-2.45
1.773,-0.762
1.856,-0.757
1.559,1.557
1.633,-1.13
1.484,-0.985
1.293,-0.255
1.206,-2.224
1.286,-1.002
0.915,-2.61
0.723,-2.773
0.471,-2.83
-1.177,-2.751
-1.082,-2.745
-1.407,-2.821
-1.563,-2.581
-1.668,-2.778
-2.159,-2.453
-2.972,-2.738
-3.059,-2.453
2.882,-2.585
2.128,-2.967
1.744,-2.601
0.85,1.658
0.657,1.7
0.507,1.68
-1.275,1.694
-2.009,1.761
-2.879,1.655
2.427,1.902
2.122,1.601
1.95,1.623
1.859,1.909
1.115,1.316
0.112,-0.455
-1.407,1.343
-2.155,-0.252
-3.139,-0.63
2.109,-1.462
-0.778,1.018
2.905,0.567
2.878,-0.081
1.951,-0.098
1.854,0.506
1.528,-0.974
1.521,1.018
1.311,-0.412
-2.092,-1.307
1.745,-1.294
-0.133,-0.323
-0.155,-0.817
-0.137,-0.558
-0.208,-1.224
-0.276,-2.617
-0.292,-1.678
-0.254,0.382
-0.316,-0.031
-0.447,-0.029
-0.408,-1.613
-0.416,-1.976
-0.485,-1.351
-0.496,-2.153
-0.571,-3.237
-0.577,-0.427
-0.6,-2.169
-0.703,-2.544
-0.789,-2.834
-0.805,-0.969
-0.893,-1.15
-0.825,-2.14
-0.899,-3.387
-0.934,-3.107
-0.881,-3.486
-0.913,-2.137
-1.013,-1.285
-1.011,0.178
-1.058,-2.641
-1.056,0.212
-1.021,-1.439
-1.093,-2.921
-1.09,-0.954
-1.147,-2.976
-1.079,0.236
-1.13,-2.28
-1.171,-0.068
-1.248,-1.411
-1.179,-0.651
-1.294,-3.432
-1.389,-0.726
-1.367,-2.121
-1.43,-3.094
-1.584,-1.078
-1.576,-3.218
-1.618,0.378
-1.644,-2.896
-1.715,-1.672
-1.738,-0.571
-1.7,-1.899
-1.691,-0.609
-1.982,-1.556
-1.994,-2.534
-2.005,-0.273
-2.072,-1.981
-2.003,-3.216
-2.06,-2.848
-2.106,-0.909
-2.287,-1.122
-2.267,-1.779
-2.533,-2.783
-2.492,-0.155
-2.661,-1.72
-2.677,-1.493
-2.661,-2.86
-2.679,-3.452
-2.69,-1.981
-2.774,-0.312
-2.818,-1.829
3.018,-1.451
3.036,-2.246
2.966,-1.461
2.861,-0.321
2.757,-1.479
2.802,-0.465
2.685,-2.469
2.596,-1.699
2.455,-1.163
2.318,-0.29
2.333,-1.164
2.239,-0.551
2.198,0.241
2.132,-1.705
2.09,-3.437
2.089,-1.989
1.875,-2.15
1.837,-3.008
1.774,-2.737
1.679,-0.671
1.672,-2.693
1.567,-2.739
1.581,-3.101
1.505,-2.342
1.524,0.29
1.422,-0.97
1.25,-3.66
1.036,-3.945
0.792,-3.618
0.642,-3.837
0.202,-3.648
-0.319,-3.794
-1.246,-3.944
-1.877,-3.889
-2.119,-3.642
3.077,-3.985
2.831,-3.896
2.387,-3.758
1.485,-3.785
1.474,-3.705
0.941,0.591
0.27,0.562
-0.37,0.545
-0.939,0.749
-1.108,0.38
-1.26,0.647
-1.645,0.659
-2.491,0.444
-2.666,0.485
2.239,0.59
1.767,0.518
1.687,0.639
1.526,0.6
1.402,0.701
0.738,-3.248
0.501,-3.546
0.096,-3.325
-0.335,0.04
-1.053,-0.45
-2.603,-2.716
-2.643,-3.52
-3.016,-0.99
1.336,-2.079
0.687,-3.976
0.292,-3.544
0.102,-3.808
1.552,-3.703
1.307,-0.863
1.262,-0.867
1.131,-2.579
1.215,-1.208
1.203,-1.602
1.07,-1.165
1.03,-0.73
1.005,-3.517
0.884,-1.731
0.868,0.412
0.894,-1.14
0.751,-1.002
0.679,0.223
0.624,-0.063
0.416,-0.831
0.265,-2.462
0.313,-0.782
0.309,-0.314
0.151,-2.703
0.178,-2.07
0.147,-2.382
0.007,-3.312
-0.066,-2.454
-0.412,-2.228
-0.286,-2.189
-0.492,-0.832
-0.386,-3.499
-0.492,-0.748
-0.783,-1.594
-0.742,-0.119
-0.801,-2.581
-0.839,-0.184
-0.881,0.025
-1.028,-0.472
-1.073,-3.191
-1.206,-1.924
-1.224,-2.57
-1.152,0.312
-1.238,-3.546
-1.393,-3.581
-1.41,-2.62
-1.333,-2.693
-1.658,-3.466
-1.704,-1.083
-1.647,-2.319
-1.721,-1.036
-1.891,0.374
-1.864,-1.659
-1.922,-2.585
-2.082,-1.615
-2.258,0.112
-2.307,-2.205
-2.301,-2.094
-2.477,-0.343
-2.374,-2.493
-2.55,-1.465
-2.633,-2.556
-2.551,-1.971
-2.789,-0.133
-2.778,-2.315
-2.687,-1.551
-2.728,-2.032
-2.735,0.334
-2.947,-2.591
-2.997,-1.738
-3.113,-1.472
3.088,-3.272
3.022,-0.416
2.828,-3.042
2.806,-0.468
2.902,-1.362
2.841,-3.487
2.673,-0.317
2.665,-3.518
2.695,-2.136
2.53,-0.66
2.237,-0.567
2.39,-0.731
2.343,-2.593
2.317,0.078
2.109,-3.605
1.899,-1.917
1.982,-1.912
1.685,0.402
1.759,-2.285
1.61,-2.14
1.419,-1.41
1.332,-3.379
1.412,-2.157
1.041,-3.765
0.849,-3.928
0.597,-3.985
-1.051,-3.906
-0.956,-3.9
-1.281,-3.976
-1.437,-3.736
-1.542,-3.933
-2.033,-3.608
-2.846,-3.893
-2.933,-3.608
3.008,-3.74
2.254,-4.122
1.87,-3.756
0.976,0.503
0.783,0.545
0.633,0.525
-1.149,0.539
-1.883,0.606
-2.753,0.5
2.553,0.747
2.248,0.446
2.076,0.468
1.985,0.754
1.241,0.161
0.238,-1.61
-1.281,0.188
-2.029,-1.407
-3.013,-1.785
2.235,-2.617
-0.652,-0.137
3.031,-0.588
3.004,-1.236
2.077,-1.253
1.98,-0.649
1.654,-2.129
1.647,-0.137
1.437,-1.567
-1.966,-2.462
1.871,-2.449
-0.022,-0.494
-0.004,-0.235
-0.075,-0.901
-0.143,-2.294
-0.159,-1.355
-0.121,0.705
-0.183,0.292
-0.314,0.294
-0.275,-1.29
-0.283,-1.653
-0.352,-1.028
-0.363,-1.83
-0.438,-2.914
-0.444,-0.104
-0.467,-1.846
-0.57,-2.221
-0.656,-2.511
-0.672,-0.646
-0.76,-0.827
-0.692,-1.817
-0.766,-3.064
-0.801,-2.784
-0.748,-3.163
-0.78,-1.814
-0.88,-0.962
-0.878,0.501
-0.925,-2.318
-0.923,0.535
-0.888,-1.116
-0.96,-2.598
-0.957,-0.631
-1.014,-2.653
-0.946,0.559
-0.997,-1.957
-1.038,0.255
-1.115,-1.088
-1.046,-0.328
-1.161,-3.109
-1.256,-0.403
-1.234,-1.798
-1.297,-2.771
-1.451,-0.755
-1.443,-2.895
-1.485,0.701
-1.511,-2.573
-1.582,-1.349
-1.605,-0.248
-1.567,-1.576
-1.558,-0.286
-1.849,-1.233
-1.861,-2.211
-1.872,0.05
-1.939,-1.658
-1.87,-2.893
-1.927,-2.525
-1.973,-0.586
-2.154,-0.799
-2.134,-1.456
-2.4,-2.46
-2.359,0.168
-2.528,-1.397
-2.544,-1.17
-2.528,-2.537
-2.546,-3.129
-2.557,-1.658
-2.641,0.011
-2.685,-1.506
-3.132,-1.128
-3.114,-1.923
3.099,-1.138
2.994,0.002
2.89,-1.156
2.935,-0.142
2.818,-2.146
2.729,-1.376
2.588,-0.84
2.451,0.033
2.466,-0.841
2.372,-0.228
2.331,0.564
2.265,-1.382
2.223,-3.114
2.222,-1.666
2.008,-1.827
1.97,-2.685
1.907,-2.414
1.812,-0.348
1.805,-2.37
1.7,-2.416
1.714,-2.778
1.638,-2.019
1.657,0.613
1.555,-0.647
1.383,-3.337
1.169,-3.622
0.925,-3.295
0.775,-3.514
0.335,-3.325
-0.186,-3.471
-1.113,-3.621
-1.744,-3.566
-1.986,-3.319
-3.073,-3.662
2.964,-3.573
2.52,-3.435
1.618,-3.462
1.607,-3.382
1.074,0.914
0.403,0.885
-0.237,0.868
-0.806,1.072
-0.975,0.703
-1.127,0.97
-1.512,0.982
-2.358,0.767
-2.533,0.808
2.372,0.913
1.9,0.841
1.82,0.962
1.659,0.923
1.535,1.024
0.871,-2.925
0.634,-3.223
0.229,-3.002
-0.202,0.363
-0.92,-0.127
-2.47,-2.393
-2.51,-3.197
-2.883,-0.667
1.469,-1.756
0.82,-3.653
0.425,-3.221
0.235,-3.485
1.685,-3.38
1.44,-0.54
1.395,-0.544
1.264,-2.256
1.348,-0.885
1.336,-1.279
1.203,-0.842
1.163,-0.407
1.138,-3.194
1.017,-1.408
1.001,0.735
1.027,-0.817
0.884,-0.679
0.812,0.546
0.757,0.26
0.549,-0.508
0.398,-2.139
0.446,-0.459
0.442,0.009
0.284,-2.38
0.311,-1.747
0.28,-2.059
0.14,-2.989
0.067,-2.131
-0.279,-1.905
-0.153,-1.866
-0.359,-0.509
-0.253,-3.176
-0.359,-0.425
-0.65,-1.271
-0.609,0.204
-0.668,-2.258
-0.706,0.139
-0.748,0.348
-0.895,-0.149
-0.94,-2.868
-1.073,-1.601
-1.091,-2.247
-1.019,0.635
-1.105,-3.223
-1.26,-3.258
-1.277,-2.297
-1.2,-2.37
-1.525,-3.143
-1.571,-0.76
-1.514,-1.996
-1.588,-0.713
-1.758,0.697
-1.731,-1.336
-1.789,-2.262
-1.949,-1.292
-2.125,0.435
-2.174,-1.882
-2.168,-1.771
-2.344,-0.02
-2.241,-2.17
-2.417,-1.142
-2.5,-2.233
-2.418,-1.648
-2.656,0.19
-2.645,-1.992
-2.554,-1.228
-2.595,-1.709
-2.602,0.657
-2.814,-2.268
-2.864,-1.415
-2.98,-1.149
-3.062,-2.949
-3.128,-0.093
2.961,-2.719
2.939,-0.145
3.035,-1.039
2.974,-3.164
2.806,0.006
2.798,-3.195
2.828,-1.813
2.663,-0.337
2.37,-0.244
2.523,-0.408
2.476,-2.27
2.45,0.401
2.242,-3.282
2.032,-1.594
2.115,-1.589
1.818,0.725
1.892,-1.962
1.743,-1.817
1.552,-1.087
1.465,-3.056
1.545,-1.834
1.174,-3.442
0.982,-3.605
0.73,-3.662
-0.918,-3.583
-0.823,-3.577
-1.148,-3.653
-1.304,-3.413
-1.409,-3.61
-1.9,-3.285
-2.713,-3.57
-2.8,-3.285
3.141,-3.417
2.387,-3.799
2.003,-3.433
1.109,0.826
0.916,0.868
0.766,0.848
-1.016,0.862
-1.75,0.929
-2.62,0.823
2.686,1.07
2.381,0.769
2.209,0.791
2.118,1.077
1.374,0.484
0.371,-1.287
-1.148,0.511
-1.896,-1.084
-2.88,-1.462
2.368,-2.294
-0.519,0.186
-3.119,-0.265
3.137,-0.913
2.21,-0.93
2.113,-0.326
1.787,-1.806
1.78,0.186
1.57,-1.244
-1.833,-2.139
2.004,-2.126
0.018,0.259
-0.053,-0.407
-0.121,-1.8
-0.137,-0.861
-0.099,1.199
-0.161,0.786
-0.292,0.788
-0.253,-0.796
-0.261,-1.159
-0.33,-0.534
-0.341,-1.336
-0.416,-2.42
-0.422,0.39
-0.445,-1.352
-0.548,-1.727
-0.634,-2.017
-0.65,-0.152
-0.738,-0.333
-0.67,-1.323
-0.744,-2.57
-0.779,-2.29
-0.726,-2.669
-0.758,-1.32
-0.858,-0.468
-0.856,0.995
-0.903,-1.824
-0.901,1.029
-0.866,-0.622
-0.938,-2.104
-0.935,-0.137
-0.992,-2.159
-0.924,1.053
-0.975,-1.463
-1.016,0.749
-1.093,-0.594
-1.024,0.166
-1.139,-2.615
-1.234,0.091
-1.212,-1.304
-1.275,-2.277
-1.429,-0.261
-1.421,-2.401
-1.463,1.195
-1.489,-2.079
-1.56,-0.855
-1.583,0.246
-1.545,-1.082
-1.536,0.208
-1.827,-0.739
-1.839,-1.717
-1.85,0.544
-1.917,-1.164
-1.848,-2.399
-1.905,-2.031
-1.951,-0.092
-2.132,-0.305
-2.112,-0.962
-2.378,-1.966
-2.337,0.662
-2.506,-0.903
-2.522,-0.676
-2.506,-2.043
-2.524,-2.635
-2.535,-1.164
-2.619,0.505
-2.663,-1.012
-3.11,-0.634
-3.092,-1.429
3.121,-0.644
3.016,0.496
2.912,-0.662
2.957,0.352
2.84,-1.652
2.751,-0.882
2.61,-0.346
2.473,0.527
2.488,-0.347
2.394,0.266
2.353,1.058
2.287,-0.888
2.245,-2.62
2.244,-1.172
2.03,-1.333
1.992,-2.191
1.929,-1.92
1.834,0.146
1.827,-1.876
1.722,-1.922
1.736,-2.284
1.66,-1.525
1.679,1.107
1.577,-0.153
1.405,-2.843
1.191,-3.128
0.947,-2.801
0.797,-3.02
0.357,-2.831
-0.164,-2.977
-1.091,-3.127
-1.722,-3.072
-1.964,-2.825
-3.051,-3.168
2.986,-3.079
2.542,-2.941
1.64,-2.968
1.629,-2.888
1.096,1.408
0.425,1.379
-0.215,1.362
-0.784,1.566
-0.953,1.197
-1.105,1.464
-1.49,1.476
-2.336,1.261
-2.511,1.302
2.394,1.407
1.922,1.335
1.842,1.456
1.681,1.417
1.557,1.518
0.893,-2.431
0.656,-2.729
0.251,-2.508
-0.18,0.857
-0.898,0.367
-2.448,-1.899
-2.488,-2.703
-2.861,-0.173
1.491,-1.262
0.842,-3.159
0.447,-2.727
0.257,-2.991
1.707,-2.886
1.462,-0.046
1.417,-0.05
1.286,-1.762
1.37,-0.391
1.358,-0.785
1.225,-0.348
1.185,0.087
1.16,-2.7
1.039,-0.914
1.023,1.229
1.049,-0.323
0.906,-0.185
0.834,1.04
0.779,0.754
0.571,-0.014
0.42,-1.645
0.468,0.035
0.464,0.503
0.306,-1.886
0.333,-1.253
0.302,-1.565
0.162,-2.495
0.089,-1.637
-0.257,-1.411
-0.131,-1.372
-0.337,-0.015
-0.231,-2.682
-0.337,0.069
-0.628,-0.777
-0.587,0.698
-0.646,-1.764
-0.684,0.633
-0.726,0.842
-0.873,0.345
-0.918,-2.374
-1.051,-1.107
-1.069,-1.753
-0.997,1.129
-1.083,-2.729
-1.238,-2.764
-1.255,-1.803
-1.178,-1.876
-1.503,-2.649
-1.549,-0.266
-1.492,-1.502
-1.566,-0.219
-1.736,1.191
-1.709,-0.842
-1.767,-1.768
-1.927,-0.798
-2.103,0.929
-2.152,-1.388
-2.146,-1.277
-2.322,0.474
-2.219,-1.676
-2.395,-0.648
-2.478,-1.739
-2.396,-1.154
-2.634,0.684
-2.623,-1.498
-2.532,-0.734
-2.573,-1.215
-2.58,1.151
-2.792,-1.774
-2.842,-0.921
-2.958,-0.655
-3.04,-2.455
-3.106,0.401
2.983,-2.225
2.961,0.349
3.057,-0.545
2.996,-2.67
2.828,0.5
2.82,-2.701
2.85,-1.319
2.685,0.157
2.392,0.25
2.545,0.086
2.498,-1.776
2.472,0.895
2.264,-2.788
2.054,-1.1
2.137,-1.095
1.84,1.219
1.914,-1.468
1.765,-1.323
1.574,-0.593
1.487,-2.562
1.567,-1.34
1.196,-2.948
1.004,-3.111
0.752,-3.168
-0.896,-3.089
-0.801,-3.083
-1.126,-3.159
-1.282,-2.919
-1.387,-3.116
-1.878,-2.791
-2.691,-3.076
-2.778,-2.791
-3.12,-2.923
2.409,-3.305
2.025,-2.939
1.131,1.32
0.938,1.362
0.788,1.342
-0.994,1.356
-1.728,1.423
-2.598,1.317
2.708,1.564
2.403,1.263
2.231,1.285
2.14,1.571
1.396,0.978
0.393,-0.793
-1.126,1.005
-1.874,-0.59
-2.858,-0.968
2.39,-1.8
-0.497,0.68
-3.097,0.229
-3.124,-0.419
2.232,-0.436
2.135,0.168
1.809,-1.312
1.802,0.68
1.592,-0.75
-1.811,-1.645
2.026,-1.632
-0.071,-0.666
-0.139,-2.059
-0.155,-1.12
-0.117,0.94
-0.179,0.527
-0.31,0.529
-0.271,-1.055
-0.279,-1.418
-0.348,-0.793
-0.359,-1.595
-0.434,-2.679
-0.44,0.131
-0.463,-1.611
-0.566,-1.986
-0.652,-2.276
-0.668,-0.411
-0.756,-0.592
-0.688,-1.582
-0.762,-2.829
-0.797,-2.549
-0.744,-2.928
-0.776,-1.579
-0.876,-0.727
-0.874,0.736
-0.921,-2.083
-0.919,0.77
-0.884,-0.881
-0.956,-2.363
-0.953,-0.396
-1.01,-2.418
-0.942,0.794
-0.993,-1.722
-1.034,0.49
-1.111,-0.853
-1.042,-0.093
-1.157,-2.874
-1.252,-0.168
-1.23,-1.563
-1.293,-2.536
-1.447,-0.52
-1.439,-2.66
-1.481,0.936
-1.507,-2.338
-1.578,-1.114
-1.601,-0.013
-1.563,-1.341
-1.554,-0.051
-1.845,-0.998
-1.857,-1.976
-1.868,0.285
-1.935,-1.423
-1.866,-2.658
-1.923,-2.29
-1.969,-0.351
-2.15,-0.564
-2.13,-1.221
-2.396,-2.225
-2.355,0.403
-2.524,-1.162
-2.54,-0.935
-2.524,-2.302
-2.542,-2.894
-2.553,-1.423
-2.637,0.246
-2.681,-1.271
-3.128,-0.893
-3.11,-1.688
3.103,-0.903
2.998,0.237
2.894,-0.921
2.939,0.093
2.822,-1.911
2.733,-1.141
2.592,-0.605
2.455,0.268
2.47,-0.606
2.376,0.007
2.335,0.799
2.269,-1.147
2.227,-2.879
2.226,-1.431
2.012,-1.592
1.974,-2.45
1.911,-2.179
1.816,-0.113
1.809,-2.135
1.704,-2.181
1.718,-2.543
1.642,-1.784
1.661,0.848
1.559,-0.412
1.387,-3.102
1.173,-3.387
0.929,-3.06
0.779,-3.279
0.339,-3.09
-0.182,-3.236
-1.109,-3.386
-1.74,-3.331
-1.982,-3.084
-3.069,-3.427
2.968,-3.338
2.524,-3.2
1.622,-3.227
1.611,-3.147
1.078,1.149
0.407,1.12
-0.233,1.103
-0.802,1.307
-0.971,0.938
-1.123,1.205
-1.508,1.217
-2.354,1.002
-2.529,1.043
2.376,1.148
1.904,1.076
1.824,1.197
1.663,1.158
1.539,1.259
0.875,-2.69
0.638,-2.988
0.233,-2.767
-0.198,0.598
-0.916,0.108
-2.466,-2.158
-2.506,-2.962
-2.879,-0.432
1.473,-1.521
0.824,-3.418
0.429,-2.986
0.239,-3.25
1.689,-3.145
1.444,-0.305
1.399,-0.309
1.268,-2.021
1.352,-0.65
1.34,-1.044
1.207,-0.607
1.167,-0.172
1.142,-2.959
1.021,-1.173
1.005,0.97
1.031,-0.582
0.888,-0.444
0.816,0.781
0.761,0.495
0.553,-0.273
0.402,-1.904
0.45,-0.224
0.446,0.244
0.288,-2.145
0.315,-1.512
0.284,-1.824
0.144,-2.754
0.071,-1.896
-0.275,-1.67
-0.149,-1.631
-0.355,-0.274
-0.249,-2.941
-0.355,-0.19
-0.646,-1.036
-0.605,0.439
-0.664,-2.023
-0.702,0.374
-0.744,0.583
-0.891,0.086
-0.936,-2.633
-1.069,-1.366
-1.087,-2.012
-1.015,0.87
-1.101,-2.988
-1.256,-3.023
-1.273,-2.062
-1.196,-2.135
-1.521,-2.908
-1.567,-0.525
-1.51,-1.761
-1.584,-0.478
-1.754,0.932
-1.727,-1.101
-1.785,-2.027
-1.945,-1.057
-2.121,0.67
-2.17,-1.647
-2.164,-1.536
-2.34,0.215
-2.237,-1.935
-2.413,-0.907
-2.496,-1.998
-2.414,-1.413
-2.652,0.425
-2.641,-1.757
-2.55,-0.993
-2.591,-1.474
-2.598,0.892
-2.81,-2.033
-2.86,-1.18
-2.976,-0.914
-3.058,-2.714
-3.124,0.142
2.965,-2.484
2.943,0.09
3.039,-0.804
2.978,-2.929
2.81,0.241
2.802,-2.96
2.832,-1.578
2.667,-0.102
2.374,-0.009
2.527,-0.173
2.48,-2.035
2.454,0.636
2.246,-3.047
2.036,-1.359
2.119,-1.354
1.822,0.96
1.896,-1.727
1.747,-1.582
1.556,-0.852
1.469,-2.821
1.549,-1.599
1.178,-3.207
0.986,-3.37
0.734,-3.427
-0.914,-3.348
-0.819,-3.342
-1.144,-3.418
-1.3,-3.178
-1.405,-3.375
-1.896,-3.05
-2.709,-3.335
-2.796,-3.05
-3.138,-3.182
2.391,-3.564
2.007,-3.198
1.113,1.061
0.92,1.103
0.77,1.083
-1.012,1.097
-1.746,1.164
-2.616,1.058
2.69,1.305
2.385,1.004
2.213,1.026
2.122,1.312
1.378,0.719
0.375,-1.052
-1.144,0.746
-1.892,-0.849
-2.876,-1.227
2.372,-2.059
-0.515,0.421
-3.115,-0.03
3.141,-0.678
2.214,-0.695
2.117,-0.091
1.791,-1.571
1.784,0.421
1.574,-1.009
-1.829,-1.904
2.008,-1.891
-0.068,-1.393
-0.084,-0.454
-0.046,1.606
-0.108,1.193
-0.239,1.195
-0.2,-0.389
-0.208,-0.752
-0.277,-0.127
-0.288,-0.929
-0.363,-2.013
-0.369,0.797
-0.392,-0.945
-0.495,-1.32
-0.581,-1.61
-0.597,0.255
-0.685,0.074
-0.617,-0.916
-0.691,-2.163
-0.726,-1.883
-0.673,-2.262
-0.705,-0.913
-0.805,-0.061
-0.803,1.402
-0.85,-1.417
-0.848,1.436
-0.813,-0.215
-0.885,-1.697
-0.882,0.27
-0.939,-1.752
-0.871,1.46
-0.922,-1.056
-0.963,1.156
-1.04,-0.187
-0.971,0.573
-1.086,-2.208
-1.181,0.498
-1.159,-0.897
-1.222,-1.87
-1.376,0.146
-1.368,-1.994
-1.41,1.602
-1.436,-1.672
-1.507,-0.448
-1.53,0.653
-1.492,-0.675
-1.483,0.615
-1.774,-0.332
-1.786,-1.31
-1.797,0.951
-1.864,-0.757
-1.795,-1.992
-1.852,-1.624
-1.898,0.315
-2.079,0.102
-2.059,-0.555
-2.325,-1.559
-2.284,1.069
-2.453,-0.496
-2.469,-0.269
-2.453,-1.636
-2.471,-2.228
-2.482,-0.757
-2.566,0.912
-2.61,-0.605
-3.057,-0.227
-3.039,-1.022
-3.109,-0.237
3.069,0.903
2.965,-0.255
3.01,0.759
2.893,-1.245
2.804,-0.475
2.663,0.061
2.526,0.934
2.541,0.06
2.447,0.673
2.406,1.465
2.34,-0.481
2.298,-2.213
2.297,-0.765
2.083,-0.926
2.045,-1.784
1.982,-1.513
1.887,0.553
1.88,-1.469
1.775,-1.515
1.789,-1.877
1.713,-1.118
1.732,1.514
1.63,0.254
1.458,-2.436
1.244,-2.721
1.0,-2.394
0.85,-2.613
0.41,-2.424
-0.111,-2.57
-1.038,-2.72
-1.669,-2.665
-1.911,-2.418
-2.998,-2.761
3.039,-2.672
2.595,-2.534
1.693,-2.561
1.682,-2.481
1.149,1.815
0.478,1.786
-0.162,1.769
-0.731,1.973
-0.9,1.604
-1.052,1.871
-1.437,1.883
-2.283,1.668
-2.458,1.709
2.447,1.814
1.975,1.742
1.895,1.863
1.734,1.824
1.61,1.925
0.946,-2.024
0.709,-2.322
0.304,-2.101
-0.127,1.264
-0.845,0.774
-2.395,-1.492
-2.435,-2.296
-2.808,0.234
1.544,-0.855
0.895,-2.752
0.5,-2.32
0.31,-2.584
1.76,-2.479
1.515,0.361
1.47,0.357
1.339,-1.355
1.423,0.016
1.411,-0.378
1.278,0.059
1.238,0.494
1.213,-2.293
1.092,-0.507
1.076,1.636
1.102,0.084
0.959,0.222
0.887,1.447
0.832,1.161
0.624,0.393
0.473,-1.238
0.521,0.442
0.517,0.91
0.359,-1.479
0.386,-0.846
0.355,-1.158
0.215,-2.088
0.142,-1.23
-0.204,-1.004
-0.078,-0.965
-0.284,0.392
-0.178,-2.275
-0.284,0.476
-0.575,-0.37
-0.534,1.105
-0.593,-1.357
-0.631,1.04
-0.673,1.249
-0.82,0.752
-0.865,-1.967
-0.998,-0.7
-1.016,-1.346
-0.944,1.536
-1.03,-2.322
-1.185,-2.357
-1.202,-1.396
-1.125,-1.469
-1.45,-2.242
-1.496,0.141
-1.439,-1.095
-1.513,0.188
-1.683,1.598
-1.656,-0.435
-1.714,-1.361
-1.874,-0.391
-2.05,1.336
-2.099,-0.981
-2.093,-0.87
-2.269,0.881
-2.166,-1.269
-2.342,-0.241
-2.425,-1.332
-2.343,-0.747
-2.581,1.091
-2.57,-1.091
-2.479,-0.327
-2.52,-0.808
-2.527,1.558
-2.739,-1.367
-2.789,-0.514
-2.905,-0.248
-2.987,-2.048
-3.053,0.808
3.036,-1.818
3.014,0.756
3.11,-0.138
3.049,-2.263
2.881,0.907
2.873,-2.294
2.903,-0.912
2.738,0.564
2.445,0.657
2.598,0.493
2.551,-1.369
2.525,1.302
2.317,-2.381
2.107,-0.693
2.19,-0.688
1.893,1.626
1.967,-1.061
1.818,-0.916
1.627,-0.186
1.54,-2.155
1.62,-0.933
1.249,-2.541
1.057,-2.704
0.805,-2.761
-0.843,-2.682
-0.748,-2.676
-1.073,-2.752
-1.229,-2.512
-1.334,-2.709
-1.825,-2.384
-2.638,-2.669
-2.725,-2.384
-3.067,-2.516
2.462,-2.898
2.078,-2.532
1.184,1.727
0.991,1.769
0.841,1.749
-0.941,1.763
-1.675,1.83
-2.545,1.724
2.761,1.971
2.456,1.67
2.284,1.692
2.193,1.978
1.449,1.385
0.446,-0.386
-1.073,1.412
-1.821,-0.183
-2.805,-0.561
2.443,-1.393
-0.444,1.087
-3.044,0.636
-3.071,-0.012
2.285,-0.029
2.188,0.575
1.862,-0.905
1.855,1.087
1.645,-0.343
-1.758,-1.238
2.079,-1.225
-0.016,0.939
0.022,2.999
-0.04,2.586
-0.171,2.588
-0.132,1.004
-0.14,0.641
-0.209,1.266
-0.22,0.464
-0.295,-0.62
-0.301,2.19
-0.324,0.448
-0.427,0.073
-0.513,-0.217
-0.529,1.648
-0.617,1.467
-0.549,0.477
-0.623,-0.77
-0.658,-0.49
-0.605,-0.869
-0.637,0.48
-0.737,1.332
-0.735,2.795
-0.782,-0.024
-0.78,2.829
-0.745,1.178
-0.817,-0.304
-0.814,1.663
-0.871,-0.359
-0.803,2.853
-0.854,0.337
-0.895,2.549
-0.972,1.206
-0.903,1.966
-1.018,-0.815
-1.113,1.891
-1.091,0.496
-1.154,-0.477
-1.308,1.539
-1.3,-0.601
-1.342,2.995
-1.368,-0.279
-1.439,0.945
-1.462,2.046
-1.424,0.718
-1.415,2.008
-1.706,1.061
-1.718,0.083
-1.729,2.344
-1.796,0.636
-1.727,-0.599
-1.784,-0.231
-1.83,1.708
-2.011,1.495
-1.991,0.838
-2.257,-0.166
-2.216,2.462
-2.385,0.897
-2.401,1.124
-2.385,-0.243
-2.403,-0.835
-2.414,0.636
-2.498,2.305
-2.542,0.788
-2.989,1.166
-2.971,0.371
-3.041,1.156
3.137,2.296
3.033,1.138
3.078,2.152
2.961,0.148
2.872,0.918
2.731,1.454
2.594,2.327
2.609,1.453
2.515,2.066
2.474,2.858
2.408,0.912
2.366,-0.82
2.365,0.628
2.151,0.467
2.113,-0.391
2.05,-0.12
1.955,1.946
1.948,-0.076
1.843,-0.122
1.857,-0.484
1.781,0.275
1.8,2.907
1.698,1.647
1.526,-1.043
1.312,-1.328
1.068,-1.001
0.918,-1.22
0.478,-1.031
-0.043,-1.177
-0.97,-1.327
-1.601,-1.272
-1.843,-1.025
-2.93,-1.368
3.107,-1.279
2.663,-1.141
1.761,-1.168
1.75,-1.088
1.217,3.208
0.546,3.179
-0.094,3.162
-0.663,3.366
-0.832,2.997
-0.984,3.264
-1.369,3.276
-2.215,3.061
-2.39,3.102
2.515,3.207
2.043,3.135
1.963,3.256
1.802,3.217
1.678,3.318
1.014,-0.631
0.777,-0.929
0.372,-0.708
-0.059,2.657
-0.777,2.167
-2.327,-0.099
-2.367,-0.903
-2.74,1.627
1.612,0.538
0.963,-1.359
0.568,-0.927
0.378,-1.191
1.828,-1.086
1.583,1.754
1.538,1.75
1.407,0.038
1.491,1.409
1.479,1.015
1.346,1.452
1.306,1.887
1.281,-0.9
1.16,0.886
1.144,3.029
1.17,1.477
1.027,1.615
0.955,2.84
0.9,2.554
0.692,1.786
0.541,0.155
0.589,1.835
0.585,2.303
0.427,-0.086
0.454,0.547
0.423,0.235
0.283,-0.695
0.21,0.163
-0.136,0.389
-0.01,0.428
-0.216,1.785
-0.11,-0.882
-0.216,1.869
-0.507,1.023
-0.466,2.498
-0.525,0.036
-0.563,2.433
-0.605,2.642
-0.752,2.145
-0.797,-0.574
-0.93,0.693
-0.948,0.047
-0.876,2.929
-0.962,-0.929
-1.117,-0.964
-1.134,-0.003
-1.057,-0.076
-1.382,-0.849
-1.428,1.534
-1.371,0.298
-1.445,1.581
-1.615,2.991
-1.588,0.958
-1.646,0.032
-1.806,1.002
-1.982,2.729
-2.031,0.412
-2.025,0.523
-2.201,2.274
-2.098,0.124
-2.274,1.152
-2.357,0.061
-2.275,0.646
-2.513,2.484
-2.502,0.302
-2.411,1.066
-2.452,0.585
-2.459,2.951
-2.671,0.026
-2.721,0.879
-2.837,1.145
-2.919,-0.655
-2.985,2.201
3.104,-0.425
3.082,2.149
-3.105,1.255
3.117,-0.87
2.949,2.3
2.941,-0.901
2.971,0.481
2.806,1.957
2.513,2.05
2.666,1.886
2.619,0.024
2.593,2.695
2.385,-0.988
2.175,0.7
2.258,0.705
1.961,3.019
2.035,0.332
1.886,0.477
1.695,1.207
1.608,-0.762
1.688,0.46
1.317,-1.148
1.125,-1.311
0.873,-1.368
-0.775,-1.289
-0.68,-1.283
-1.005,-1.359
-1.161,-1.119
-1.266,-1.316
-1.757,-0.991
-2.57,-1.276
-2.657,-0.991
-2.999,-1.123
2.53,-1.505
2.146,-1.139
1.252,3.12
1.059,3.162
0.909,3.142
-0.873,3.156
-1.607,3.223
-2.477,3.117
2.829,3.364
2.524,3.063
2.352,3.085
2.261,3.371
1.517,2.778
0.514,1.007
-1.005,2.805
-1.753,1.21
-2.737,0.832
2.511,0.0
-0.376,2.48
-2.976,2.029
-3.003,1.381
2.353,1.364
2.256,1.968
1.93,0.488
1.923,2.48
1.713,1.05
-1.69,0.155
2.147,0.168
0.038,2.06
-0.024,1.647
-0.155,1.649
-0.116,0.065
-0.124,-0.298
-0.193,0.327
-0.204,-0.475
-0.279,-1.559
-0.285,1.251
-0.308,-0.491
-0.411,-0.866
-0.497,-1.156
-0.513,0.709
-0.601,0.528
-0.533,-0.462
-0.607,-1.709
-0.642,-1.429
-0.589,-1.808
-0.621,-0.459
-0.721,0.393
-0.719,1.856
-0.766,-0.963
-0.764,1.89
-0.729,0.239
-0.801,-1.243
-0.798,0.724
-0.855,-1.298
-0.787,1.914
-0.838,-0.602
-0.879,1.61
-0.956,0.267
-0.887,1.027
-1.002,-1.754
-1.097,0.952
-1.075,-0.443
-1.138,-1.416
-1.292,0.6
-1.284,-1.54
-1.326,2.056
-1.352,-1.218
-1.423,0.006
-1.446,1.107
-1.408,-0.221
-1.399,1.069
-1.69,0.122
-1.702,-0.856
-1.713,1.405
-1.78,-0.303
-1.711,-1.538
-1.768,-1.17
-1.814,0.769
-1.995,0.556
-1.975,-0.101
-2.241,-1.105
-2.2,1.523
-2.369,-0.042
-2.385,0.185
-2.369,-1.182
-2.387,-1.774
-2.398,-0.303
-2.482,1.366
-2.526,-0.151
-2.973,0.227
-2.955,-0.568
-3.025,0.217
-3.13,1.357
3.049,0.199
3.094,1.213
2.977,-0.791
2.888,-0.021
2.747,0.515
2.61,1.388
2.625,0.514
2.531,1.127
2.49,1.919
2.424,-0.027
2.382,-1.759
2.381,-0.311
2.167,-0.472
2.129,-1.33
2.066,-1.059
1.971,1.007
1.964,-1.015
1.859,-1.061
1.873,-1.423
1.797,-0.664
1.816,1.968
1.714,0.708
1.542,-1.982
1.328,-2.267
1.084,-1.94
0.934,-2.159
0.494,-1.97
-0.027,-2.116
-0.954,-2.266
-1.585,-2.211
-1.827,-1.964
-2.914,-2.307
3.123,-2.218
2.679,-2.08
1.777,-2.107
1.766,-2.027
1.233,2.269
0.562,2.24
-0.078,2.223
-0.647,2.427
-0.816,2.058
-0.968,2.325
-1.353,2.337
-2.199,2.122
-2.374,2.163
2.531,2.268
2.059,2.196
1.979,2.317
1.818,2.278
1.694,2.379
1.03,-1.57
0.793,-1.868
0.388,-1.647
-0.043,1.718
-0.761,1.228
-2.311,-1.038
-2.351,-1.842
-2.724,0.688
1.628,-0.401
0.979,-2.298
0.584,-1.866
0.394,-2.13
1.844,-2.025
1.599,0.815
1.554,0.811
1.423,-0.901
1.507,0.47
1.495,0.076
1.362,0.513
1.322,0.948
1.297,-1.839
1.176,-0.053
1.16,2.09
1.186,0.538
1.043,0.676
0.971,1.901
0.916,1.615
0.708,0.847
0.557,-0.784
0.605,0.896
0.601,1.364
0.443,-1.025
0.47,-0.392
0.439,-0.704
0.299,-1.634
0.226,-0.776
-0.12,-0.55
0.006,-0.511
-0.2,0.846
-0.094,-1.821
-0.2,0.93
-0.491,0.084
-0.45,1.559
-0.509,-0.903
-0.547,1.494
-0.589,1.703
-0.736,1.206
-0.781,-1.513
-0.914,-0.246
-0.932,-0.892
-0.86,1.99
-0.946,-1.868
-1.101,-1.903
-1.118,-0.942
-1.041,-1.015
-1.366,-1.788
-1.412,0.595
-1.355,-0.641
-1.429,0.642
-1.599,2.052
-1.572,0.019
-1.63,-0.907
-1.79,0.063
-1.966,1.79
-2.015,-0.527
-2.009,-0.416
-2.185,1.335
-2.082,-0.815
-2.258,0.213
-2.341,-0.878
-2.259,-0.293
-2.497,1.545
-2.486,-0.637
-2.395,0.127
-2.436,-0.354
-2.443,2.012
-2.655,-0.913
-2.705,-0.06
-2.821,0.206
-2.903,-1.594
-2.969,1.262
3.12,-1.364
3.098,1.21
-3.089,0.316
3.133,-1.809
2.965,1.361
2.957,-1.84
2.987,-0.458
2.822,1.018
2.529,1.111
2.682,0.947
2.635,-0.915
2.609,1.756
2.401,-1.927
2.191,-0.239
2.274,-0.234
1.977,2.08
2.051,-0.607
1.902,-0.462
1.711,0.268
1.624,-1.701
1.704,-0.479
1.333,-2.087
1.141,-2.25
0.889,-2.307
-0.759,-2.228
-0.664,-2.222
-0.989,-2.298
-1.145,-2.058
-1.25,-2.255
-1.741,-1.93
-2.554,-2.215
-2.641,-1.93
-2.983,-2.062
2.546,-2.444
2.162,-2.078
1.268,2.181
1.075,2.223
0.925,2.203
-0.857,2.217
-1.591,2.284
-2.461,2.178
2.845,2.425
2.54,2.124
2.368,2.146
2.277,2.432
1.533,1.839
0.53,0.068
-0.989,1.866
-1.737,0.271
-2.721,-0.107
2.527,-0.939
-0.36,1.541
-2.96,1.09
-2.987,0.442
2.369,0.425
2.272,1.029
1.946,-0.451
1.939,1.541
1.729,0.111
-1.674,-0.784
2.163,-0.771
-0.062,-0.413
-0.193,-0.411
-0.154,-1.995
-0.162,-2.358
-0.231,-1.733
-0.242,-2.535
-0.317,-3.619
-0.323,-0.809
-0.346,-2.551
-0.449,-2.926
-0.535,-3.216
-0.551,-1.351
-0.639,-1.532
-0.571,-2.522
-0.645,-3.769
-0.68,-3.489
-0.627,-3.868
-0.659,-2.519
-0.759,-1.667
-0.757,-0.204
-0.804,-3.023
-0.802,-0.17
-0.767,-1.821
-0.839,-3.303
-0.836,-1.336
-0.893,-3.358
-0.825,-0.146
-0.876,-2.662
-0.917,-0.45
-0.994,-1.793
-0.925,-1.033
-1.04,-3.814
-1.135,-1.108
-1.113,-2.503
-1.176,-3.476
-1.33,-1.46
-1.322,-3.6
-1.364,-0.004
-1.39,-3.278
-1.461,-2.054
-1.484,-0.953
-1.446,-2.281
-1.437,-0.991
-1.728,-1.938
-1.74,-2.916
-1.751,-0.655
-1.818,-2.363
-1.749,-3.598
-1.806,-3.23
-1.852,-1.291
-2.033,-1.504
-2.013,-2.161
-2.279,-3.165
-2.238,-0.537
-2.407,-2.102
-2.423,-1.875
-2.407,-3.242
-2.425,-3.834
-2.436,-2.363
-2.52,-0.694
-2.564,-2.211
-3.011,-1.833
-2.993,-2.628
-3.063,-1.843
3.115,-0.703
3.011,-1.861
3.056,-0.847
2.939,-2.851
2.85,-2.081
2.709,-1.545
2.572,-0.672
2.587,-1.546
2.493,-0.933
2.452,-0.141
2.386,-2.087
2.344,-3.819
2.343,-2.371
2.129,-2.532
2.091,-3.39
2.028,-3.119
1.933,-1.053
1.926,-3.075
1.821,-3.121
1.835,-3.483
1.759,-2.724
1.778,-0.092
1.676,-1.352
1.504,-4.042
1.29,-4.327
1.046,-4.0
0.896,-4.219
0.456,-4.03
-0.065,-4.176
-0.992,-4.326
-1.623,-4.271
-1.865,-4.024
-2.952,-4.367
3.085,-4.278
2.641,-4.14
1.739,-4.167
1.728,-4.087
1.195,0.209
0.524,0.18
-0.116,0.163
-0.685,0.367
-0.854,-0.002
-1.006,0.265
-1.391,0.277
-2.237,0.062
-2.412,0.103
2.493,0.208
2.021,0.136
1.941,0.257
1.78,0.218
1.656,0.319
0.992,-3.63
0.755,-3.928
0.35,-3.707
-0.081,-0.342
-0.799,-0.832
-2.349,-3.098
-2.389,-3.902
-2.762,-1.372
1.59,-2.461
0.941,-4.358
0.546,-3.926
0.356,-4.19
1.806,-4.085
1.561,-1.245
1.516,-1.249
1.385,-2.961
1.469,-1.59
1.457,-1.984
1.324,-1.547
1.284,-1.112
1.259,-3.899
1.138,-2.113
1.122,0.03
1.148,-1.522
1.005,-1.384
0.933,-0.159
0.878,-0.445
0.67,-1.213
0.519,-2.844
0.567,-1.164
0.563,-0.696
0.405,-3.085
0.432,-2.452
0.401,-2.764
0.261,-3.694
0.188,-2.836
-0.158,-2.61
-0.032,-2.571
-0.238,-1.214
-0.132,-3.881
-0.238,-1.13
-0.529,-1.976
-0.488,-0.501
-0.547,-2.963
-0.585,-0.566
-0.627,-0.357
-0.774,-0.854
-0.819,-3.573
-0.952,-2.306
-0.97,-2.952
-0.898,-0.07
-0.984,-3.928
-1.139,-3.963
-1.156,-3.002
-1.079,-3.075
-1.404,-3.848
-1.45,-1.465
-1.393,-2.701
-1.467,-1.418
-1.637,-0.008
-1.61,-2.041
-1.668,-2.967
-1.828,-1.997
-2.004,-0.27
-2.053,-2.587
-2.047,-2.476
-2.223,-0.725
-2.12,-2.875
-2.296,-1.847
-2.379,-2.938
-2.297,-2.353
-2.535,-0.515
-2.524,-2.697
-2.433,-1.933
-2.474,-2.414
-2.481,-0.048
-2.693,-2.973
-2.743,-2.12
-2.859,-1.854
-2.941,-3.654
-3.007,-0.798
3.082,-3.424
3.06,-0.85
-3.127,-1.744
3.095,-3.869
2.927,-0.699
2.919,-3.9
2.949,-2.518
2.784,-1.042
2.491,-0.949
2.644,-1.113
2.597,-2.975
2.571,-0.304
2.363,-3.987
2.153,-2.299
2.236,-2.294
1.939,0.02
2.013,-2.667
1.864,-2.522
1.673,-1.792
1.586,-3.761
1.666,-2.539
1.295,-4.147
1.103,-4.31
0.851,-4.367
-0.797,-4.288
-0.702,-4.282
-1.027,-4.358
-1.183,-4.118
-1.288,-4.315
-1.779,-3.99
-2.592,-4.275
-2.679,-3.99
-3.021,-4.122
2.508,-4.504
2.124,-4.138
1.23,0.121
1.037,0.163
0.887,0.143
-0.895,0.157
-1.629,0.224
-2.499,0.118
2.807,0.365
2.502,0.064
2.33,0.086
2.239,0.372
1.495,-0.221
0.492,-1.992
-1.027,-0.194
-1.775,-1.789
-2.759,-2.167
2.489,-2.999
-0.398,-0.519
-2.998,-0.97
-3.025,-1.618
2.331,-1.635
2.234,-1.031
1.908,-2.511
1.901,-0.519
1.691,-1.949
-1.712,-2.844
2.125,-2.831
-0.131,0.002
-0.092,-1.582
-0.1,-1.945
-0.169,-1.32
-0.18,-2.122
-0.255,-3.206
-0.261,-0.396
-0.284,-2.138
-0.387,-2.513
-0.473,-2.803
-0.489,-0.938
-0.577,-1.119
-0.509,-2.109
-0.583,-3.356
-0.618,-3.076
-0.565,-3.455
-0.597,-2.106
-0.697,-1.254
-0.695,0.209
-0.742,-2.61
-0.74,0.243
-0.705,-1.408
-0.777,-2.89
-0.774,-0.923
-0.831,-2.945
-0.763,0.267
-0.814,-2.249
-0.855,-0.037
-0.932,-1.38
-0.863,-0.62
-0.978,-3.401
-1.073,-0.695
-1.051,-2.09
-1.114,-3.063
-1.268,-1.047
-1.26,-3.187
-1.302,0.409
-1.328,-2.865
-1.399,-1.641
-1.422,-0.54
-1.384,-1.868
-1.375,-0.578
-1.666,-1.525
-1.678,-2.503
-1.689,-0.242
-1.756,-1.95
-1.687,-3.185
-1.744,-2.817
-1.79,-0.878
-1.971,-1.091
-1.951,-1.748
-2.217,-2.752
-2.176,-0.124
-2.345,-1.689
-2.361,-1.462
-2.345,-2.829
-2.363,-3.421
-2.374,-1.95
-2.458,-0.281
-2.502,-1.798
-2.949,-1.42
-2.931,-2.215
-3.001,-1.43
-3.106,-0.29
3.073,-1.448
3.118,-0.434
3.001,-2.438
2.912,-1.668
2.771,-1.132
2.634,-0.259
2.649,-1.133
2.555,-0.52
2.514,0.272
2.448,-1.674
2.406,-3.406
2.405,-1.958
2.191,-2.119
2.153,-2.977
2.09,-2.706
1.995,-0.64
1.988,-2.662
1.883,-2.708
1.897,-3.07
1.821,-2.311
1.84,0.321
1.738,-0.939
1.566,-3.629
1.352,-3.914
1.108,-3.587
0.958,-3.806
0.518,-3.617
-0.003,-3.763
-0.93,-3.913
-1.561,-3.858
-1.803,-3.611
-2.89,-3.954
-3.136,-3.865
2.703,-3.727
1.801,-3.754
1.79,-3.674
1.257,0.622
0.586,0.593
-0.054,0.576
-0.623,0.78
-0.792,0.411
-0.944,0.678
-1.329,0.69
-2.175,0.475
-2.35,0.516
2.555,0.621
2.083,0.549
2.003,0.67
1.842,0.631
1.718,0.732
1.054,-3.217
0.817,-3.515
0.412,-3.294
-0.019,0.071
-0.737,-0.419
-2.287,-2.685
-2.327,-3.489
-2.7,-0.959
1.652,-2.048
1.003,-3.945
0.608,-3.513
0.418,-3.777
1.868,-3.672
1.623,-0.832
1.578,-0.836
1.447,-2.548
1.531,-1.177
1.519,-1.571
1.386,-1.134
1.346,-0.699
1.321,-3.486
1.2,-1.7
1.184,0.443
1.21,-1.109
1.067,-0.971
0.995,0.254
0.94,-0.032
0.732,-0.8
0.581,-2.431
0.629,-0.751
0.625,-0.283
0.467,-2.672
0.494,-2.039
0.463,-2.351
0.323,-3.281
0.25,-2.423
-0.096,-2.197
0.03,-2.158
-0.176,-0.801
-0.07,-3.468
-0.176,-0.717
-0.467,-1.563
-0.426,-0.088
-0.485,-2.55
-0.523,-0.153
-0.565,0.056
-0.712,-0.441
-0.757,-3.16
-0.89,-1.893
-0.908,-2.539
-0.836,0.343
-0.922,-3.515
-1.077,-3.55
-1.094,-2.589
-1.017,-2.662
-1.342,-3.435
-1.388,-1.052
-1.331,-2.288
-1.405,-1.005
-1.575,0.405
-1.548,-1.628
-1.606,-2.554
-1.766,-1.584
-1.942,0.143
-1.991,-2.174
-1.985,-2.063
-2.161,-0.312
-2.058,-2.462
-2.234,-1.434
-2.317,-2.525
-2.235,-1.94
-2.473,-0.102
-2.462,-2.284
-2.371,-1.52
-2.412,-2.001
-2.419,0.365
-2.631,-2.56
-2.681,-1.707
-2.797,-1.441
-2.879,-3.241
-2.945,-0.385
-3.139,-3.011
3.122,-0.437
-3.065,-1.331
-3.126,-3.456
2.989,-0.286
2.981,-3.487
3.011,-2.105
2.846,-0.629
2.553,-0.536
2.706,-0.7
2.659,-2.562
2.633,0.109
2.425,-3.574
2.215,-1.886
2.298,-1.881
2.001,0.433
2.075,-2.254
1.926,-2.109
1.735,-1.379
1.648,-3.348
1.728,-2.126
1.357,-3.734
1.165,-3.897
0.913,-3.954
-0.735,-3.875
-0.64,-3.869
-0.965,-3.945
-1.121,-3.705
-1.226,-3.902
-1.717,-3.577
-2.53,-3.862
-2.617,-3.577
-2.959,-3.709
2.57,-4.091
2.186,-3.725
1.292,0.534
1.099,0.576
0.949,0.556
-0.833,0.57
-1.567,0.637
-2.437,0.531
2.869,0.778
2.564,0.477
2.392,0.499
2.301,0.785
1.557,0.192
0.554,-1.579
-0.965,0.219
-1.713,-1.376
-2.697,-1.754
2.551,-2.586
-0.336,-0.106
-2.936,-0.557
-2.963,-1.205
2.393,-1.222
2.296,-0.618
1.97,-2.098
1.963,-0.106
1.753,-1.536
-1.65,-2.431
2.187,-2.418
0.039,-1.584
0.031,-1.947
-0.038,-1.322
-0.049,-2.124
-0.124,-3.208
-0.13,-0.398
-0.153,-2.14
-0.256,-2.515
-0.342,-2.805
-0.358,-0.94
-0.446,-1.121
-0.378,-2.111
-0.452,-3.358
-0.487,-3.078
-0.434,-3.457
-0.466,-2.108
-0.566,-1.256
-0.564,0.207
-0.611,-2.612
-0.609,0.241
-0.574,-1.41
-0.646,-2.892
-0.643,-0.925
-0.7,-2.947
-0.632,0.265
-0.683,-2.251
-0.724,-0.039
-0.801,-1.382
-0.732,-0.622
-0.847,-3.403
-0.942,-0.697
-0.92,-2.092
-0.983,-3.065
-1.137,-1.049
-1.129,-3.189
-1.171,0.407
-1.197,-2.867
-1.268,-1.643
-1.291,-0.542
-1.253,-1.87
-1.244,-0.58
-1.535,-1.527
-1.547,-2.505
-1.558,-0.244
-1.625,-1.952
-1.556,-3.187
-1.613,-2.819
-1.659,-0.88
-1.84,-1.093
-1.82,-1.75
-2.086,-2.754
-2.045,-0.126
-2.214,-1.691
-2.23,-1.464
-2.214,-2.831
-2.232,-3.423
-2.243,-1.952
-2.327,-0.283
-2.371,-1.8
-2.818,-1.422
-2.8,-2.217
-2.87,-1.432
-2.975,-0.292
-3.079,-1.45
-3.034,-0.436
3.132,-2.44
3.043,-1.67
2.902,-1.134
2.765,-0.261
2.78,-1.135
2.686,-0.522
2.645,0.27
2.579,-1.676
2.537,-3.408
2.536,-1.96
2.322,-2.121
2.284,-2.979
2.221,-2.708
2.126,-0.642
2.119,-2.664
2.014,-2.71
2.028,-3.072
1.952,-2.313
1.971,0.319
1.869,-0.941
1.697,-3.631
1.483,-3.916
1.239,-3.589
1.089,-3.808
0.649,-3.619
0.128,-3.765
-0.799,-3.915
-1.43,-3.86
-1.672,-3.613
-2.759,-3.956
-3.005,-3.867
2.834,-3.729
1.932,-3.756
1.921,-3.676
1.388,0.62
0.717,0.591
0.077,0.574
-0.492,0.778
-0.661,0.409
-0.813,0.676
-1.198,0.688
-2.044,0.473
-2.219,0.514
2.686,0.619
2.214,0.547
2.134,0.668
1.973,0.629
1.849,0.73
1.185,-3.219
0.948,-3.517
0.543,-3.296
0.112,0.069
-0.606,-0.421
-2.156,-2.687
-2.196,-3.491
-2.569,-0.961
1.783,-2.05
1.134,-3.947
0.739,-3.515
0.549,-3.779
1.999,-3.674
1.754,-0.834
1.709,-0.838
1.578,-2.55
1.662,-1.179
1.65,-1.573
1.517,-1.136
1.477,-0.701
1.452,-3.488
1.331,-1.702
1.315,0.441
1.341,-1.111
1.198,-0.973
1.126,0.252
1.071,-0.034
0.863,-0.802
0.712,-2.433
0.76,-0.753
0.756,-0.285
0.598,-2.674
0.625,-2.041
0.594,-2.353
0.454,-3.283
0.381,-2.425
0.035,-2.199
0.161,-2.16
-0.045,-0.803
0.061,-3.47
-0.045,-0.719
-0.336,-1.565
-0.295,-0.09
-0.354,-2.552
-0.392,-0.155
-0.434,0.054
-0.581,-0.443
-0.626,-3.162
-0.759,-1.895
-0.777,-2.541
-0.705,0.341
-0.791,-3.517
-0.946,-3.552
-0.963,-2.591
-0.886,-2.664
-1.211,-3.437
-1.257,-1.054
-1.2,-2.29
-1.274,-1.007
-1.444,0.403
-1.417,-1.63
-1.475,-2.556
-1.635,-1.586
-1.811,0.141
-1.86,-2.176
-1.854,-2.065
-2.03,-0.314
-1.927,-2.464
-2.103,-1.436
-2.186,-2.527
-2.104,-1.942
-2.342,-0.104
-2.331,-2.286
-2.24,-1.522
-2.281,-2.003
-2.288,0.363
-2.5,-2.562
-2.55,-1.709
-2.666,-1.443
-2.748,-3.243
-2.814,-0.387
-3.008,-3.013
-3.03,-0.439
-2.934,-1.333
-2.995,-3.458
3.12,-0.288
3.112,-3.489
-3.141,-2.107
2.977,-0.631
2.684,-0.538
2.837,-0.702
2.79,-2.564
2.764,0.107
2.556,-3.576
2.346,-1.888
2.429,-1.883
2.132,0.431
2.206,-2.256
2.057,-2.111
1.866,-1.381
1.779,-3.35
1.859,-2.128
1.488,-3.736
1.296,-3.899
1.044,-3.956
-0.604,-3.877
-0.509,-3.871
-0.834,-3.947
-0.99,-3.707
-1.095,-3.904
-1.586,-3.579
-2.399,-3.864
-2.486,-3.579
-2.828,-3.711
2.701,-4.093
2.317,-3.727
1.423,0.532
1.23,0.574
1.08,0.554
-0.702,0.568
-1.436,0.635
-2.306,0.529
3.0,0.776
2.695,0.475
2.523,0.497
2.432,0.783
1.688,0.19
0.685,-1.581
-0.834,0.217
-1.582,-1.378
-2.566,-1.756
2.682,-2.588
-0.205,-0.108
-2.805,-0.559
-2.832,-1.207
2.524,-1.224
2.427,-0.62
2.101,-2.1
2.094,-0.108
1.884,-1.538
-1.519,-2.433
2.318,-2.42
-0.008,-0.363
-0.077,0.262
-0.088,-0.54
-0.163,-1.624
-0.169,1.186
-0.192,-0.556
-0.295,-0.931
-0.381,-1.221
-0.397,0.644
-0.485,0.463
-0.417,-0.527
-0.491,-1.774
-0.526,-1.494
-0.473,-1.873
-0.505,-0.524
-0.605,0.328
-0.603,1.791
-0.65,-1.028
-0.648,1.825
-0.613,0.174
-0.685,-1.308
-0.682,0.659
-0.739,-1.363
-0.671,1.849
-0.722,-0.667
-0.763,1.545
-0.84,0.202
-0.771,0.962
-0.886,-1.819
-0.981,0.887
-0.959,-0.508
-1.022,-1.481
-1.176,0.535
-1.168,-1.605
-1.21,1.991
-1.236,-1.283
-1.307,-0.059
-1.33,1.042
-1.292,-0.286
-1.283,1.004
-1.574,0.057
-1.586,-0.921
-1.597,1.34
-1.664,-0.368
-1.595,-1.603
-1.652,-1.235
-1.698,0.704
-1.879,0.491
-1.859,-0.166
-2.125,-1.17
-2.084,1.458
-2.253,-0.107
-2.269,0.12
-2.253,-1.247
-2.271,-1.839
-2.282,-0.368
-2.366,1.301
-2.41,-0.216
-2.857,0.162
-2.839,-0.633
-2.909,0.152
-3.014,1.292
-3.118,0.134
-3.073,1.148
3.093,-0.856
3.004,-0.086
2.863,0.45
2.726,1.323
2.741,0.449
2.647,1.062
2.606,1.854
2.54,-0.092
2.498,-1.824
2.497,-0.376
2.283,-0.537
2.245,-1.395
2.182,-1.124
2.087,0.942
2.08,-1.08
1.975,-1.126
1.989,-1.488
1.913,-0.729
1.932,1.903
1.83,0.643
1.658,-2.047
1.444,-2.332
1.2,-2.005
1.05,-2.224
0.61,-2.035
0.089,-2.181
-0.838,-2.331
-1.469,-2.276
-1.711,-2.029
-2.798,-2.372
-3.044,-2.283
2.795,-2.145
1.893,-2.172
1.882,-2.092
1.349,2.204
0.678,2.175
0.038,2.158
-0.531,2.362
-0.7,1.993
-0.852,2.26
-1.237,2.272
-2.083,2.057
-2.258,2.098
2.647,2.203
2.175,2.131
2.095,2.252
1.934,2.213
1.81,2.314
1.146,-1.635
0.909,-1.933
0.504,-1.712
0.073,1.653
-0.645,1.163
-2.195,-1.103
-2.235,-1.907
-2.608,0.623
1.744,-0.466
1.095,-2.363
0.7,-1.931
0.51,-2.195
1.96,-2.09
1.715,0.75
1.67,0.746
1.539,-0.966
1.623,0.405
1.611,0.011
1.478,0.448
1.438,0.883
1.413,-1.904
1.292,-0.118
1.276,2.025
1.302,0.473
1.159,0.611
1.087,1.836
1.032,1.55
0.824,0.782
0.673,-0.849
0.721,0.831
0.717,1.299
0.559,-1.09
0.586,-0.457
0.555,-0.769
0.415,-1.699
0.342,-0.841
-0.004,-0.615
0.122,-0.576
-0.084,0.781
0.022,-1.886
-0.084,0.865
-0.375,0.019
-0.334,1.494
-0.393,-0.968
-0.431,1.429
-0.473,1.638
-0.62,1.141
-0.665,-1.578
-0.798,-0.311
-0.816,-0.957
-0.744,1.925
-0.83,-1.933
-0.985,-1.968
-1.002,-1.007
-0.925,-1.08
-1.25,-1.853
-1.296,0.53
-1.239,-0.706
-1.313,0.577
-1.483,1.987
-1.456,-0.046
-1.514,-0.972
-1.674,-0.002
-1.85,1.725
-1.899,-0.592
-1.893,-0.481
-2.069,1.27
-1.966,-0.88
-2.142,0.148
-2.225,-0.943
-2.143,-0.358
-2.381,1.48
-2.37,-0.702
-2.279,0.062
-2.32,-0.419
-2.327,1.947
-2.539,-0.978
-2.589,-0.125
-2.705,0.141
-2.787,-1.659
-2.853,1.197
-3.047,-1.429
-3.069,1.145
-2.973,0.251
-3.034,-1.874
3.081,1.296
3.073,-1.905
3.103,-0.523
2.938,0.953
2.645,1.046
2.798,0.882
2.751,-0.98
2.725,1.691
2.517,-1.992
2.307,-0.304
2.39,-0.299
2.093,2.015
2.167,-0.672
2.018,-0.527
1.827,0.203
1.74,-1.766
1.82,-0.544
1.449,-2.152
1.257,-2.315
1.005,-2.372
-0.643,-2.293
-0.548,-2.287
-0.873,-2.363
-1.029,-2.123
-1.134,-2.32
-1.625,-1.995
-2.438,-2.28
-2.525,-1.995
-2.867,-2.127
2.662,-2.509
2.278,-2.143
1.384,2.116
1.191,2.158
1.041,2.138
-0.741,2.152
-1.475,2.219
-2.345,2.113
2.961,2.36
2.656,2.059
2.484,2.081
2.393,2.367
1.649,1.774
0.646,0.003
-0.873,1.801
-1.621,0.206
-2.605,-0.172
2.643,-1.004
-0.244,1.476
-2.844,1.025
-2.871,0.377
2.485,0.36
2.388,0.964
2.062,-0.516
2.055,1.476
1.845,0.046
-1.558,-0.849
2.279,-0.836
-0.069,0.625
-0.08,-0.177
-0.155,-1.261
-0.161,1.549
-0.184,-0.193
-0.287,-0.568
-0.373,-0.858
-0.389,1.007
-0.477,0.826
-0.409,-0.164
-0.483,-1.411
-0.518,-1.131
-0.465,-1.51
-0.497,-0.161
-0.597,0.691
-0.595,2.154
-0.642,-0.665
-0.64,2.188
-0.605,0.537
-0.677,-0.945
-0.674,1.022
-0.731,-1.0
-0.663,2.212
-0.714,-0.304
-0.755,1.908
-0.832,0.565
-0.763,1.325
-0.878,-1.456
-0.973,1.25
-0.951,-0.145
-1.014,-1.118
-1.168,0.898
-1.16,-1.242
-1.202,2.354
-1.228,-0.92
-1.299,0.304
-1.322,1.405
-1.284,0.077
-1.275,1.367
-1.566,0.42
-1.578,-0.558
-1.589,1.703
-1.656,-0.005
-1.587,-1.24
-1.644,-0.872
-1.69,1.067
-1.871,0.854
-1.851,0.197
-2.117,-0.807
-2.076,1.821
-2.245,0.256
-2.261,0.483
-2.245,-0.884
-2.263,-1.476
-2.274,-0.005
-2.358,1.664
-2.402,0.147
-2.849,0.525
-2.831,-0.27
-2.901,0.515
-3.006,1.655
-3.11,0.497
-3.065,1.511
3.101,-0.493
3.012,0.277
2.871,0.813
2.734,1.686
2.749,0.812
2.655,1.425
2.614,2.217
2.548,0.271
2.506,-1.461
2.505,-0.013
2.291,-0.174
2.253,-1.032
2.19,-0.761
2.095,1.305
2.088,-0.717
1.983,-0.763
1.997,-1.125
1.921,-0.366
1.94,2.266
1.838,1.006
1.666,-1.684
1.452,-1.969
1.208,-1.642
1.058,-1.861
0.618,-1.672
0.097,-1.818
-0.83,-1.968
-1.461,-1.913
-1.703,-1.666
-2.79,-2.009
-3.036,-1.92
2.803,-1.782
1.901,-1.809
1.89,-1.729
1.357,2.567
0.686,2.538
0.046,2.521
-0.523,2.725
-0.692,2.356
-0.844,2.623
-1.229,2.635
-2.075,2.42
-2.25,2.461
2.655,2.566
2.183,2.494
2.103,2.615
1.942,2.576
1.818,2.677
1.154,-1.272
0.917,-1.57
0.512,-1.349
0.081,2.016
-0.637,1.526
-2.187,-0.74
-2.227,-1.544
-2.6,0.986
1.752,-0.103
1.103,-2.0
0.708,-1.568
0.518,-1.832
1.968,-1.727
1.723,1.113
1.678,1.109
1.547,-0.603
1.631,0.768
1.619,0.374
1.486,0.811
1.446,1.246
1.421,-1.541
1.3,0.245
1.284,2.388
1.31,0.836
1.167,0.974
1.095,2.199
1.04,1.913
0.832,1.145
0.681,-0.486
0.729,1.194
0.725,1.662
0.567,-0.727
0.594,-0.094
0.563,-0.406
0.423,-1.336
0.35,-0.478
0.004,-0.252
0.13,-0.213
-0.076,1.144
0.03,-1.523
-0.076,1.228
-0.367,0.382
-0.326,1.857
-0.385,-0.605
-0.423,1.792
-0.465,2.001
-0.612,1.504
-0.657,-1.215
-0.79,0.052
-0.808,-0.594
-0.736,2.288
-0.822,-1.57
-0.977,-1.605
-0.994,-0.644
-0.917,-0.717
-1.242,-1.49
-1.288,0.893
-1.231,-0.343
-1.305,0.94
-1.475,2.35
-1.448,0.317
-1.506,-0.609
-1.666,0.361
-1.842,2.088
-1.891,-0.229
-1.885,-0.118
-2.061,1.633
-1.958,-0.517
-2.134,0.511
-2.217,-0.58
-2.135,0.005
-2.373,1.843
-2.362,-0.339
-2.271,0.425
-2.312,-0.056
-2.319,2.31
-2.531,-0.615
-2.581,0.238
-2.697,0.504
-2.779,-1.296
-2.845,1.56
-3.039,-1.066
-3.061,1.508
-2.965,0.614
-3.026,-1.511
3.089,1.659
3.081,-1.542
3.111,-0.16
2.946,1.316
2.653,1.409
2.806,1.245
2.759,-0.617
2.733,2.054
2.525,-1.629
2.315,0.059
2.398,0.064
2.101,2.378
2.175,-0.309
2.026,-0.164
1.835,0.566
1.748,-1.403
1.828,-0.181
1.457,-1.789
1.265,-1.952
1.013,-2.009
-0.635,-1.93
-0.54,-1.924
-0.865,-2.0
-1.021,-1.76
-1.126,-1.957
-1.617,-1.632
-2.43,-1.917
-2.517,-1.632
-2.859,-1.764
2.67,-2.146
2.286,-1.78
1.392,2.479
1.199,2.521
1.049,2.501
-0.733,2.515
-1.467,2.582
-2.337,2.476
2.969,2.723
2.664,2.422
2.492,2.444
2.401,2.73
1.657,2.137
0.654,0.366
-0.865,2.164
-1.613,0.569
-2.597,0.191
2.651,-0.641
-0.236,1.839
-2.836,1.388
-2.863,0.74
2.493,0.723
2.396,1.327
2.07,-0.153
2.063,1.839
1.853,0.409
-1.55,-0.486
2.287,-0.473
-0.011,-0.802
-0.086,-1.886
-0.092,0.924
-0.115,-0.818
-0.218,-1.193
-0.304,-1.483
-0.32,0.382
-0.408,0.201
-0.34,-0.789
-0.414,-2.036
-0.449,-1.756
-0.396,-2.135
-0.428,-0.786
-0.528,0.066
-0.526,1.529
-0.573,-1.29
-0.571,1.563
-0.536,-0.088
-0.608,-1.57
-0.605,0.397
-0.662,-1.625
-0.594,1.587
-0.645,-0.929
-0.686,1.283
-0.763,-0.06
-0.694,0.7
-0.809,-2.081
-0.904,0.625
-0.882,-0.77
-0.945,-1.743
-1.099,0.273
-1.091,-1.867
-1.133,1.729
-1.159,-1.545
-1.23,-0.321
-1.253,0.78
-1.215,-0.548
-1.206,0.742
-1.497,-0.205
-1.509,-1.183
-1.52,1.078
-1.587,-0.63
-1.518,-1.865
-1.575,-1.497
-1.621,0.442
-1.802,0.229
-1.782,-0.428
-2.048,-1.432
-2.007,1.196
-2.176,-0.369
-2.192,-0.142
-2.176,-1.509
-2.194,-2.101
-2.205,-0.63
-2.289,1.039
-2.333,-0.478
-2.78,-0.1
-2.762,-0.895
-2.832,-0.11
-2.937,1.03
-3.041,-0.128
-2.996,0.886
-3.113,-1.118
3.081,-0.348
2.94,0.188
2.803,1.061
2.818,0.187
2.724,0.8
2.683,1.592
2.617,-0.354
2.575,-2.086
2.574,-0.638
2.36,-0.799
2.322,-1.657
2.259,-1.386
2.164,0.68
2.157,-1.342
2.052,-1.388
2.066,-1.75
1.99,-0.991
2.009,1.641
1.907,0.381
1.735,-2.309
1.521,-2.594
1.277,-2.267
1.127,-2.486
0.687,-2.297
0.166,-2.443
-0.761,-2.593
-1.392,-2.538
-1.634,-2.291
-2.721,-2.634
-2.967,-2.545
2.872,-2.407
1.97,-2.434
1.959,-2.354
1.426,1.942
0.755,1.913
0.115,1.896
-0.454,2.1
-0.623,1.731
-0.775,1.998
-1.16,2.01
-2.006,1.795
-2.181,1.836
2.724,1.941
2.252,1.869
2.172,1.99
2.011,1.951
1.887,2.052
1.223,-1.897
0.986,-2.195
0.581,-1.974
0.15,1.391
-0.568,0.901
-2.118,-1.365
-2.158,-2.169
-2.531,0.361
1.821,-0.728
1.172,-2.625
0.777,-2.193
0.587,-2.457
2.037,-2.352
1.792,0.488
1.747,0.484
1.616,-1.228
1.7,0.143
1.688,-0.251
1.555,0.186
1.515,0.621
1.49,-2.166
1.369,-0.38
1.353,1.763
1.379,0.211
1.236,0.349
1.164,1.574
1.109,1.288
0.901,0.52
0.75,-1.111
0.798,0.569
0.794,1.037
0.636,-1.352
0.663,-0.719
0.632,-1.031
0.492,-1.961
0.419,-1.103
0.073,-0.877
0.199,-0.838
-0.007,0.519
0.099,-2.148
-0.007,0.603
-0.298,-0.243
-0.257,1.232
-0.316,-1.23
-0.354,1.167
-0.396,1.376
-0.543,0.879
-0.588,-1.84
-0.721,-0.573
-0.739,-1.219
-0.667,1.663
-0.753,-2.195
-0.908,-2.23
-0.925,-1.269
-0.848,-1.342
-1.173,-2.115
-1.219,0.268
-1.162,-0.968
-1.236,0.315
-1.406,1.725
-1.379,-0.308
-1.437,-1.234
-1.597,-0.264
-1.773,1.463
-1.822,-0.854
-1.816,-0.743
-1.992,1.008
-1.889,-1.142
-2.065,-0.114
-2.148,-1.205
-2.066,-0.62
-2.304,1.218
-2.293,-0.964
-2.202,-0.2
-2.243,-0.681
-2.25,1.685
-2.462,-1.24
-2.512,-0.387
-2.628,-0.121
-2.71,-1.921
-2.776,0.935
-2.97,-1.691
-2.992,0.883
-2.896,-0.011
-2.957,-2.136
-3.125,1.034
-3.133,-2.167
-3.103,-0.785
3.015,0.691
2.722,0.784
2.875,0.62
2.828,-1.242
2.802,1.429
2.594,-2.254
2.384,-0.566
2.467,-0.561
2.17,1.753
2.244,-0.934
2.095,-0.789
1.904,-0.059
1.817,-2.028
1.897,-0.806
1.526,-2.414
1.334,-2.577
1.082,-2.634
-0.566,-2.555
-0.471,-2.549
-0.796,-2.625
-0.952,-2.385
-1.057,-2.582
-1.548,-2.257
-2.361,-2.542
-2.448,-2.257
-2.79,-2.389
2.739,-2.771
2.355,-2.405
1.461,1.854
1.268,1.896
1.118,1.876
-0.664,1.89
-1.398,1.957
-2.268,1.851
3.038,2.098
2.733,1.797
2.561,1.819
2.47,2.105
1.726,1.512
0.723,-0.259
-0.796,1.539
-1.544,-0.056
-2.528,-0.434
2.72,-1.266
-0.167,1.214
-2.767,0.763
-2.794,0.115
2.562,0.098
2.465,0.702
2.139,-0.778
2.132,1.214
1.922,-0.216
-1.481,-1.111
2.356,-1.098
-0.075,-1.084
-0.081,1.726
-0.104,-0.016
-0.207,-0.391
-0.293,-0.681
-0.309,1.184
-0.397,1.003
-0.329,0.013
-0.403,-1.234
-0.438,-0.954
-0.385,-1.333
-0.417,0.016
-0.517,0.868
-0.515,2.331
-0.562,-0.488
-0.56,2.365
-0.525,0.714
-0.597,-0.768
-0.594,1.199
-0.651,-0.823
-0.583,2.389
-0.634,-0.127
-0.675,2.085
-0.752,0.742
-0.683,1.502
-0.798,-1.279
-0.893,1.427
-0.871,0.032
-0.934,-0.941
-1.088,1.075
-1.08,-1.065
-1.122,2.531
-1.148,-0.743
-1.219,0.481
-1.242,1.582
-1.204,0.254
-1.195,1.544
-1.486,0.597
-1.498,-0.381
-1.509,1.88
-1.576,0.172
-1.507,-1.063
-1.564,-0.695
-1.61,1.244
-1.791,1.031
-1.771,0.374
-2.037,-0.63
-1.996,1.998
-2.165,0.433
-2.181,0.66
-2.165,-0.707
-2.183,-1.299
-2.194,0.172
-2.278,1.841
-2.322,0.324
-2.769,0.702
-2.751,-0.093
-2.821,0.692
-2.926,1.832
-3.03,0.674
-2.985,1.688
-3.102,-0.316
3.092,0.454
2.951,0.99
2.814,1.863
2.829,0.989
2.735,1.602
2.694,2.394
2.628,0.448
2.586,-1.284
2.585,0.164
2.371,0.003
2.333,-0.855
2.27,-0.584
2.175,1.482
2.168,-0.54
2.063,-0.586
2.077,-0.948
2.001,-0.189
2.02,2.443
1.918,1.183
1.746,-1.507
1.532,-1.792
1.288,-1.465
1.138,-1.684
0.698,-1.495
0.177,-1.641
-0.75,-1.791
-1.381,-1.736
-1.623,-1.489
-2.71,-1.832
-2.956,-1.743
2.883,-1.605
1.981,-1.632
1.97,-1.552
1.437,2.744
0.766,2.715
0.126,2.698
-0.443,2.902
-0.612,2.533
-0.764,2.8
-1.149,2.812
-1.995,2.597
-2.17,2.638
2.735,2.743
2.263,2.671
2.183,2.792
2.022,2.753
1.898,2.854
1.234,-1.095
0.997,-1.393
0.592,-1.172
0.161,2.193
-0.557,1.703
-2.107,-0.563
-2.147,-1.367
-2.52,1.163
1.832,0.074
1.183,-1.823
0.788,-1.391
0.598,-1.655
2.048,-1.55
1.803,1.29
1.758,1.286
1.627,-0.426
1.711,0.945
1.699,0.551
1.566,0.988
1.526,1.423
1.501,-1.364
1.38,0.422
1.364,2.565
1.39,1.013
1.247,1.151
1.175,2.376
1.12,2.09
0.912,1.322
0.761,-0.309
0.809,1.371
0.805,1.839
0.647,-0.55
0.674,0.083
0.643,-0.229
0.503,-1.159
0.43,-0.301
0.084,-0.075
0.21,-0.036
0.004,1.321
0.11,-1.346
0.004,1.405
-0.287,0.559
-0.246,2.034
-0.305,-0.428
-0.343,1.969
-0.385,2.178
-0.532,1.681
-0.577,-1.038
-0.71,0.229
-0.728,-0.417
-0.656,2.465
-0.742,-1.393
-0.897,-1.428
-0.914,-0.467
-0.837,-0.54
-1.162,-1.313
-1.208,1.07
-1.151,-0.166
-1.225,1.117
-1.395,2.527
-1.368,0.494
-1.426,-0.432
-1.586,0.538
-1.762,2.265
-1.811,-0.052
-1.805,0.059
-1.981,1.81
-1.878,-0.34
-2.054,0.688
-2.137,-0.403
-2.055,0.182
-2.293,2.02
-2.282,-0.162
-2.191,0.602
-2.232,0.121
-2.239,2.487
-2.451,-0.438
-2.501,0.415
-2.617,0.681
-2.699,-1.119
-2.765,1.737
-2.959,-0.889
-2.981,1.685
-2.885,0.791
-2.946,-1.334
-3.114,1.836
-3.122,-1.365
-3.092,0.017
3.026,1.493
2.733,1.586
2.886,1.422
2.839,-0.44
2.813,2.231
2.605,-1.452
2.395,0.236
2.478,0.241
2.181,2.555
2.255,-0.132
2.106,0.013
1.915,0.743
1.828,-1.226
1.908,-0.004
1.537,-1.612
1.345,-1.775
1.093,-1.832
-0.555,-1.753
-0.46,-1.747
-0.785,-1.823
-0.941,-1.583
-1.046,-1.78
-1.537,-1.455
-2.35,-1.74
-2.437,-1.455
-2.779,-1.587
2.75,-1.969
2.366,-1.603
1.472,2.656
1.279,2.698
1.129,2.678
-0.653,2.692
-1.387,2.759
-2.257,2.653
3.049,2.9
2.744,2.599
2.572,2.621
2.481,2.907
1.737,2.314
0.734,0.543
-0.785,2.341
-1.533,0.746
-2.517,0.368
2.731,-0.464
-0.156,2.016
-2.756,1.565
-2.783,0.917
2.573,0.9
2.476,1.504
2.15,0.024
2.143,2.016
1.933,0.586
-1.47,-0.309
2.367,-0.296
-0.006,2.81
-0.029,1.068
-0.132,0.693
-0.218,0.403
-0.234,2.268
-0.322,2.087
-0.254,1.097
-0.328,-0.15
-0.363,0.13
-0.31,-0.249
-0.342,1.1
-0.442,1.952
-0.44,3.415
-0.487,0.596
-0.485,3.449
-0.45,1.798
-0.522,0.316
-0.519,2.283
-0.576,0.261
-0.508,3.473
-0.559,0.957
-0.6,3.169
-0.677,1.826
-0.608,2.586
-0.723,-0.195
-0.818,2.511
-0.796,1.116
-0.859,0.143
-1.013,2.159
-1.005,0.019
-1.047,3.615
-1.073,0.341
-1.144,1.565
-1.167,2.666
-1.129,1.338
-1.12,2.628
-1.411,1.681
-1.423,0.703
-1.434,2.964
-1.501,1.256
-1.432,0.021
-1.489,0.389
-1.535,2.328
-1.716,2.115
-1.696,1.458
-1.962,0.454
-1.921,3.082
-2.09,1.517
-2.106,1.744
-2.09,0.377
-2.108,-0.215
-2.119,1.256
-2.203,2.925
-2.247,1.408
-2.694,1.786
-2.676,0.991
-2.746,1.776
-2.851,2.916
-2.955,1.758
-2.91,2.772
-3.027,0.768
-3.116,1.538
3.026,2.074
2.889,2.947
2.904,2.073
2.81,2.686
2.769,3.478
2.703,1.532
2.661,-0.2
2.66,1.248
2.446,1.087
2.408,0.229
2.345,0.5
2.25,2.566
2.243,0.544
2.138,0.498
2.152,0.136
2.076,0.895
2.095,3.527
1.993,2.267
1.821,-0.423
1.607,-0.708
1.363,-0.381
1.213,-0.6
0.773,-0.411
0.252,-0.557
-0.675,-0.707
-1.306,-0.652
-1.548,-0.405
-2.635,-0.748
-2.881,-0.659
2.958,-0.521
2.056,-0.548
2.045,-0.468
1.512,3.828
0.841,3.799
0.201,3.782
-0.368,3.986
-0.537,3.617
-0.689,3.884
-1.074,3.896
-1.92,3.681
-2.095,3.722
2.81,3.827
2.338,3.755
2.258,3.876
2.097,3.837
1.973,3.938
1.309,-0.011
1.072,-0.309
0.667,-0.088
0.236,3.277
-0.482,2.787
-2.032,0.521
-2.072,-0.283
-2.445,2.247
1.907,1.158
1.258,-0.739
0.863,-0.307
0.673,-0.571
2.123,-0.466
1.878,2.374
1.833,2.37
1.702,0.658
1.786,2.029
1.774,1.635
1.641,2.072
1.601,2.507
1.576,-0.28
1.455,1.506
1.439,3.649
1.465,2.097
1.322,2.235
1.25,3.46
1.195,3.174
0.987,2.406
0.836,0.775
0.884,2.455
0.88,2.923
0.722,0.534
0.749,1.167
0.718,0.855
0.578,-0.075
0.505,0.783
0.159,1.009
0.285,1.048
0.079,2.405
0.185,-0.262
0.079,2.489
-0.212,1.643
-0.171,3.118
-0.23,0.656
-0.268,3.053
-0.31,3.262
-0.457,2.765
-0.502,0.046
-0.635,1.313
-0.653,0.667
-0.581,3.549
-0.667,-0.309
-0.822,-0.344
-0.839,0.617
-0.762,0.544
-1.087,-0.229
-1.133,2.154
-1.076,0.918
-1.15,2.201
-1.32,3.611
-1.293,1.578
-1.351,0.652
-1.511,1.622
-1.687,3.349
-1.736,1.032
-1.73,1.143
-1.906,2.894
-1.803,0.744
-1.979,1.772
-2.062,0.681
-1.98,1.266
-2.218,3.104
-2.207,0.922
-2.116,1.686
-2.157,1.205
-2.164,3.571
-2.376,0.646
-2.426,1.499
-2.542,1.765
-2.624,-0.035
-2.69,2.821
-2.884,0.195
-2.906,2.769
-2.81,1.875
-2.871,-0.25
-3.039,2.92
-3.047,-0.281
-3.017,1.101
3.101,2.577
2.808,2.67
2.961,2.506
2.914,0.644
2.888,3.315
2.68,-0.368
2.47,1.32
2.553,1.325
2.256,3.639
2.33,0.952
2.181,1.097
1.99,1.827
1.903,-0.142
1.983,1.08
1.612,-0.528
1.42,-0.691
1.168,-0.748
-0.48,-0.669
-0.385,-0.663
-0.71,-0.739
-0.866,-0.499
-0.971,-0.696
-1.462,-0.371
-2.275,-0.656
-2.362,-0.371
-2.704,-0.503
2.825,-0.885
2.441,-0.519
1.547,3.74
1.354,3.782
1.204,3.762
-0.578,3.776
-1.312,3.843
-2.182,3.737
3.124,3.984
2.819,3.683
2.647,3.705
2.556,3.991
1.812,3.398
0.809,1.627
-0.71,3.425
-1.458,1.83
-2.442,1.452
2.806,0.62
-0.081,3.1
-2.681,2.649
-2.708,2.001
2.648,1.984
2.551,2.588
2.225,1.108
2.218,3.1
2.008,1.67
-1.395,0.775
2.442,0.788
-0.023,-1.742
-0.126,-2.117
-0.212,-2.407
-0.228,-0.542
-0.316,-0.723
-0.248,-1.713
-0.322,-2.96
-0.357,-2.68
-0.304,-3.059
-0.336,-1.71
-0.436,-0.858
-0.434,0.605
-0.481,-2.214
-0.479,0.639
-0.444,-1.012
-0.516,-2.494
-0.513,-0.527
-0.57,-2.549
-0.502,0.663
-0.553,-1.853
-0.594,0.359
-0.671,-0.984
-0.602,-0.224
-0.717,-3.005
-0.812,-0.299
-0.79,-1.694
-0.853,-2.667
-1.007,-0.651
-0.999,-2.791
-1.041,0.805
-1.067,-2.469
-1.138,-1.245
-1.161,-0.144
-1.123,-1.472
-1.114,-0.182
-1.405,-1.129
-1.417,-2.107
-1.428,0.154
-1.495,-1.554
-1.426,-2.789
-1.483,-2.421
-1.529,-0.482
-1.71,-0.695
-1.69,-1.352
-1.956,-2.356
-1.915,0.272
-2.084,-1.293
-2.1,-1.066
-2.084,-2.433
-2.102,-3.025
-2.113,-1.554
-2.197,0.115
-2.241,-1.402
-2.688,-1.024
-2.67,-1.819
-2.74,-1.034
-2.845,0.106
-2.949,-1.052
-2.904,-0.038
-3.021,-2.042
-3.11,-1.272
3.032,-0.736
2.895,0.137
2.91,-0.737
2.816,-0.124
2.775,0.668
2.709,-1.278
2.667,-3.01
2.666,-1.562
2.452,-1.723
2.414,-2.581
2.351,-2.31
2.256,-0.244
2.249,-2.266
2.144,-2.312
2.158,-2.674
2.082,-1.915
2.101,0.717
1.999,-0.543
1.827,-3.233
1.613,-3.518
1.369,-3.191
1.219,-3.41
0.779,-3.221
0.258,-3.367
-0.669,-3.517
-1.3,-3.462
-1.542,-3.215
-2.629,-3.558
-2.875,-3.469
2.964,-3.331
2.062,-3.358
2.051,-3.278
1.518,1.018
0.847,0.989
0.207,0.972
-0.362,1.176
-0.531,0.807
-0.683,1.074
-1.068,1.086
-1.914,0.871
-2.089,0.912
2.816,1.017
2.344,0.945
2.264,1.066
2.103,1.027
1.979,1.128
1.315,-2.821
1.078,-3.119
0.673,-2.898
0.242,0.467
-0.476,-0.023
-2.026,-2.289
-2.066,-3.093
-2.439,-0.563
1.913,-1.652
1.264,-3.549
0.869,-3.117
0.679,-3.381
2.129,-3.276
1.884,-0.436
1.839,-0.44
1.708,-2.152
1.792,-0.781
1.78,-1.175
1.647,-0.738
1.607,-0.303
1.582,-3.09
1.461,-1.304
1.445,0.839
1.471,-0.713
1.328,-0.575
1.256,0.65
1.201,0.364
0.993,-0.404
0.842,-2.035
0.89,-0.355
0.886,0.113
0.728,-2.276
0.755,-1.643
0.724,-1.955
0.584,-2.885
0.511,-2.027
0.165,-1.801
0.291,-1.762
0.085,-0.405
0.191,-3.072
0.085,-0.321
-0.206,-1.167
-0.165,0.308
-0.224,-2.154
-0.262,0.243
-0.304,0.452
-0.451,-0.045
-0.496,-2.764
-0.629,-1.497
-0.647,-2.143
-0.575,0.739
-0.661,-3.119
-0.816,-3.154
-0.833,-2.193
-0.756,-2.266
-1.081,-3.039
-1.127,-0.656
-1.07,-1.892
-1.144,-0.609
-1.314,0.801
-1.287,-1.232
-1.345,-2.158
-1.505,-1.188
-1.681,0.539
-1.73,-1.778
-1.724,-1.667
-1.9,0.084
-1.797,-2.066
-1.973,-1.038
-2.056,-2.129
-1.974,-1.544
-2.212,0.294
-2.201,-1.888
-2.11,-1.124
-2.151,-1.605
-2.158,0.761
-2.37,-2.164
-2.42,-1.311
-2.536,-1.045
-2.618,-2.845
-2.684,0.011
-2.878,-2.615
-2.9,-0.041
-2.804,-0.935
-2.865,-3.06
-3.033,0.11
-3.041,-3.091
-3.011,-1.709
3.107,-0.233
2.814,-0.14
2.967,-0.304
2.92,-2.166
2.894,0.505
2.686,-3.178
2.476,-1.49
2.559,-1.485
2.262,0.829
2.336,-1.858
2.187,-1.713
1.996,-0.983
1.909,-2.952
1.989,-1.73
1.618,-3.338
1.426,-3.501
1.174,-3.558
-0.474,-3.479
-0.379,-3.473
-0.704,-3.549
-0.86,-3.309
-0.965,-3.506
-1.456,-3.181
-2.269,-3.466
-2.356,-3.181
-2.698,-3.313
2.831,-3.695
2.447,-3.329
1.553,0.93
1.36,0.972
1.21,0.952
-0.572,0.966
-1.306,1.033
-2.176,0.927
3.13,1.174
2.825,0.873
2.653,0.895
2.562,1.181
1.818,0.588
0.815,-1.183
-0.704,0.615
-1.452,-0.98
-2.436,-1.358
2.812,-2.19
-0.075,0.29
-2.675,-0.161
-2.702,-0.809
2.654,-0.826
2.557,-0.222
2.231,-1.702
2.224,0.29
2.014,-1.14
-1.389,-2.035
2.448,-2.022
-0.103,-0.375
-0.189,-0.665
-0.205,1.2
-0.293,1.019
-0.225,0.029
-0.299,-1.218
-0.334,-0.938
-0.281,-1.317
-0.313,0.032
-0.413,0.884
-0.411,2.347
-0.458,-0.472
-0.456,2.381
-0.421,0.73
-0.493,-0.752
-0.49,1.215
-0.547,-0.807
-0.479,2.405
-0.53,-0.111
-0.571,2.101
-0.648,0.758
-0.579,1.518
-0.694,-1.263
-0.789,1.443
-0.767,0.048
-0.83,-0.925
-0.984,1.091
-0.976,-1.049
-1.018,2.547
-1.044,-0.727
-1.115,0.497
-1.138,1.598
-1.1,0.27
-1.091,1.56
-1.382,0.613
-1.394,-0.365
-1.405,1.896
-1.472,0.188
-1.403,-1.047
-1.46,-0.679
-1.506,1.26
-1.687,1.047
-1.667,0.39
-1.933,-0.614
-1.892,2.014
-2.061,0.449
-2.077,0.676
-2.061,-0.691
-2.079,-1.283
-2.09,0.188
-2.174,1.857
-2.218,0.34
-2.665,0.718
-2.647,-0.077
-2.717,0.708
-2.822,1.848
-2.926,0.69
-2.881,1.704
-2.998,-0.3
-3.087,0.47
3.055,1.006
2.918,1.879
2.933,1.005
2.839,1.618
2.798,2.41
2.732,0.464
2.69,-1.268
2.689,0.18
2.475,0.019
2.437,-0.839
2.374,-0.568
2.279,1.498
2.272,-0.524
2.167,-0.57
2.181,-0.932
2.105,-0.173
2.124,2.459
2.022,1.199
1.85,-1.491
1.636,-1.776
1.392,-1.449
1.242,-1.668
0.802,-1.479
0.281,-1.625
-0.646,-1.775
-1.277,-1.72
-1.519,-1.473
-2.606,-1.816
-2.852,-1.727
2.987,-1.589
2.085,-1.616
2.074,-1.536
1.541,2.76
0.87,2.731
0.23,2.714
-0.339,2.918
-0.508,2.549
-0.66,2.816
-1.045,2.828
-1.891,2.613
-2.066,2.654
2.839,2.759
2.367,2.687
2.287,2.808
2.126,2.769
2.002,2.87
1.338,-1.079
1.101,-1.377
0.696,-1.156
0.265,2.209
-0.453,1.719
-2.003,-0.547
-2.043,-1.351
-2.416,1.179
1.936,0.09
1.287,-1.807
0.892,-1.375
0.702,-1.639
2.152,-1.534
1.907,1.306
1.862,1.302
1.731,-0.41
1.815,0.961
1.803,0.567
1.67,1.004
1.63,1.439
1.605,-1.348
1.484,0.438
1.468,2.581
1.494,1.029
1.351,1.167
1.279,2.392
1.224,2.106
1.016,1.338
0.865,-0.293
0.913,1.387
0.909,1.855
0.751,-0.534
0.778,0.099
0.747,-0.213
0.607,-1.143
0.534,-0.285
0.188,-0.059
0.314,-0.02
0.108,1.337
0.214,-1.33
0.108,1.421
-0.183,0.575
-0.142,2.05
-0.201,-0.412
-0.239,1.985
-0.281,2.194
-0.428,1.697
-0.473,-1.022
-0.606,0.245
-0.624,-0.401
-0.552,2.481
-0.638,-1.377
-0.793,-1.412
-0.81,-0.451
-0.733,-0.524
-1.058,-1.297
-1.104,1.086
-1.047,-0.15
-1.121,1.133
-1.291,2.543
-1.264,0.51
-1.322,-0.416
-1.482,0.554
-1.658,2.281
-1.707,-0.036
-1.701,0.075
-1.877,1.826
-1.774,-0.324
-1.95,0.704
-2.033,-0.387
-1.951,0.198
-2.189,2.036
-2.178,-0.146
-2.087,0.618
-2.128,0.137
-2.135,2.503
-2.347,-0.422
-2.397,0.431
-2.513,0.697
-2.595,-1.103
-2.661,1.753
-2.855,-0.873
-2.877,1.701
-2.781,0.807
-2.842,-1.318
-3.01,1.852
-3.018,-1.349
-2.988,0.033
3.13,1.509
2.837,1.602
2.99,1.438
2.943,-0.424
2.917,2.247
2.709,-1.436
2.499,0.252
2.582,0.257
2.285,2.571
2.359,-0.116
2.21,0.029
2.019,0.759
1.932,-1.21
2.012,0.012
1.641,-1.596
1.449,-1.759
1.197,-1.816
-0.451,-1.737
-0.356,-1.731
-0.681,-1.807
-0.837,-1.567
-0.942,-1.764
-1.433,-1.439
-2.246,-1.724
-2.333,-1.439
-2.675,-1.571
2.854,-1.953
2.47,-1.587
1.576,2.672
1.383,2.714
1.233,2.694
-0.549,2.708
-1.283,2.775
-2.153,2.669
-3.13,2.916
2.848,2.615
2.676,2.637
2.585,2.923
1.841,2.33
0.838,0.559
-0.681,2.357
-1.429,0.762
-2.413,0.384
2.835,-0.448
-0.052,2.032
-2.652,1.581
-2.679,0.933
2.677,0.916
2.58,1.52
2.254,0.04
2.247,2.032
2.037,0.602
-1.366,-0.293
2.471,-0.28
-0.086,-0.29
-0.102,1.575
-0.19,1.394
-0.122,0.404
-0.196,-0.843
-0.231,-0.563
-0.178,-0.942
-0.21,0.407
-0.31,1.259
-0.308,2.722
-0.355,-0.097
-0.353,2.756
-0.318,1.105
-0.39,-0.377
-0.387,1.59
-0.444,-0.432
-0.376,2.78
-0.427,0.264
-0.468,2.476
-0.545,1.133
-0.476,1.893
-0.591,-0.888
-0.686,1.818
-0.664,0.423
-0.727,-0.55
-0.881,1.466
-0.873,-0.674
-0.915,2.922
-0.941,-0.352
-1.012,0.872
-1.035,1.973
-0.997,0.645
-0.988,1.935
-1.279,0.988
-1.291,0.01
-1.302,2.271
-1.369,0.563
-1.3,-0.672
-1.357,-0.304
-1.403,1.635
-1.584,1.422
-1.564,0.765
-1.83,-0.239
-1.789,2.389
-1.958,0.824
-1.974,1.051
-1.958,-0.316
-1.976,-0.908
-1.987,0.563
-2.071,2.232
-2.115,0.715
-2.562,1.093
-2.544,0.298
-2.614,1.083
-2.719,2.223
-2.823,1.065
-2.778,2.079
-2.895,0.075
-2.984,0.845
-3.125,1.381
3.021,2.254
3.036,1.38
2.942,1.993
2.901,2.785
2.835,0.839
2.793,-0.893
2.792,0.555
2.578,0.394
2.54,-0.464
2.477,-0.193
2.382,1.873
2.375,-0.149
2.27,-0.195
2.284,-0.557
2.208,0.202
2.227,2.834
2.125,1.574
1.953,-1.116
1.739,-1.401
1.495,-1.074
1.345,-1.293
0.905,-1.104
0.384,-1.25
-0.543,-1.4
-1.174,-1.345
-1.416,-1.098
-2.503,-1.441
-2.749,-1.352
3.09,-1.214
2.188,-1.241
2.177,-1.161
1.644,3.135
0.973,3.106
0.333,3.089
-0.236,3.293
-0.405,2.924
-0.557,3.191
-0.942,3.203
-1.788,2.988
-1.963,3.029
2.942,3.134
2.47,3.062
2.39,3.183
2.229,3.144
2.105,3.245
1.441,-0.704
1.204,-1.002
0.799,-0.781
0.368,2.584
-0.35,2.094
-1.9,-0.172
-1.94,-0.976
-2.313,1.554
2.039,0.465
1.39,-1.432
0.995,-1.0
0.805,-1.264
2.255,-1.159
2.01,1.681
1.965,1.677
1.834,-0.035
1.918,1.336
1.906,0.942
1.773,1.379
1.733,1.814
1.708,-0.973
1.587,0.813
1.571,2.956
1.597,1.404
1.454,1.542
1.382,2.767
1.327,2.481
1.119,1.713
0.968,0.082
1.016,1.762
1.012,2.23
0.854,-0.159
0.881,0.474
0.85,0.162
0.71,-0.768
0.637,0.09
0.291,0.316
0.417,0.355
0.211,1.712
0.317,-0.955
0.211,1.796
-0.08,0.95
-0.039,2.425
-0.098,-0.037
-0.136,2.36
-0.178,2.569
-0.325,2.072
-0.37,-0.647
-0.503,0.62
-0.521,-0.026
-0.449,2.856
-0.535,-1.002
-0.69,-1.037
-0.707,-0.076
-0.63,-0.149
-0.955,-0.922
-1.001,1.461
-0.944,0.225
-1.018,1.508
-1.188,2.918
-1.161,0.885
-1.219,-0.041
-1.379,0.929
-1.555,2.656
-1.604,0.339
-1.598,0.45
-1.774,2.201
-1.671,0.051
-1.847,1.079
-1.93,-0.012
-1.848,0.573
-2.086,2.411
-2.075,0.229
-1.984,0.993
-2.025,0.512
-2.032,2.878
-2.244,-0.047
-2.294,0.806
-2.41,1.072
-2.492,-0.728
-2.558,2.128
-2.752,-0.498
-2.774,2.076
-2.678,1.182
-2.739,-0.943
-2.907,2.227
-2.915,-0.974
-2.885,0.408
-3.05,1.884
2.94,1.977
3.093,1.813
3.046,-0.049
3.02,2.622
2.812,-1.061
2.602,0.627
2.685,0.632
2.388,2.946
2.462,0.259
2.313,0.404
2.122,1.134
2.035,-0.835
2.115,0.387
1.744,-1.221
1.552,-1.384
1.3,-1.441
-0.348,-1.362
-0.253,-1.356
-0.578,-1.432
-0.734,-1.192
-0.839,-1.389
-1.33,-1.064
-2.143,-1.349
-2.23,-1.064
-2.572,-1.196
2.957,-1.578
2.573,-1.212
1.679,3.047
1.486,3.089
1.336,3.069
-0.446,3.083
-1.18,3.15
-2.05,3.044
-3.027,3.291
2.951,2.99
2.779,3.012
2.688,3.298
1.944,2.705
0.941,0.934
-0.578,2.732
-1.326,1.137
-2.31,0.759
2.938,-0.073
0.051,2.407
-2.549,1.956
-2.576,1.308
2.78,1.291
2.683,1.895
2.357,0.415
2.35,2.407
2.14,0.977
-1.263,0.082
2.574,0.095
-0.016,1.865
-0.104,1.684
-0.036,0.694
-0.11,-0.553
-0.145,-0.273
-0.092,-0.652
-0.124,0.697
-0.224,1.549
-0.222,3.012
-0.269,0.193
-0.267,3.046
-0.232,1.395
-0.304,-0.087
-0.301,1.88
-0.358,-0.142
-0.29,3.07
-0.341,0.554
-0.382,2.766
-0.459,1.423
-0.39,2.183
-0.505,-0.598
-0.6,2.108
-0.578,0.713
-0.641,-0.26
-0.795,1.756
-0.787,-0.384
-0.829,3.212
-0.855,-0.062
-0.926,1.162
-0.949,2.263
-0.911,0.935
-0.902,2.225
-1.193,1.278
-1.205,0.3
-1.216,2.561
-1.283,0.853
-1.214,-0.382
-1.271,-0.014
-1.317,1.925
-1.498,1.712
-1.478,1.055
-1.744,0.051
-1.703,2.679
-1.872,1.114
-1.888,1.341
-1.872,-0.026
-1.89,-0.618
-1.901,0.853
-1.985,2.522
-2.029,1.005
-2.476,1.383
-2.458,0.588
-2.528,1.373
-2.633,2.513
-2.737,1.355
-2.692,2.369
-2.809,0.365
-2.898,1.135
-3.039,1.671
3.107,2.544
3.122,1.67
3.028,2.283
2.987,3.075
2.921,1.129
2.879,-0.603
2.878,0.845
2.664,0.684
2.626,-0.174
2.563,0.097
2.468,2.163
2.461,0.141
2.356,0.095
2.37,-0.267
2.294,0.492
2.313,3.124
2.211,1.864
2.039,-0.826
1.825,-1.111
1.581,-0.784
1.431,-1.003
0.991,-0.814
0.47,-0.96
-0.457,-1.11
-1.088,-1.055
-1.33,-0.808
-2.417,-1.151
-2.663,-1.062
-3.107,-0.924
2.274,-0.951
2.263,-0.871
1.73,3.425
1.059,3.396
0.419,3.379
-0.15,3.583
-0.319,3.214
-0.471,3.481
-0.856,3.493
-1.702,3.278
-1.877,3.319
3.028,3.424
2.556,3.352
2.476,3.473
2.315,3.434
2.191,3.535
1.527,-0.414
1.29,-0.712
0.885,-0.491
0.454,2.874
-0.264,2.384
-1.814,0.118
-1.854,-0.686
-2.227,1.844
2.125,0.755
1.476,-1.142
1.081,-0.71
0.891,-0.974
2.341,-0.869
2.096,1.971
2.051,1.967
1.92,0.255
2.004,1.626
1.992,1.232
1.859,1.669
1.819,2.104
1.794,-0.683
1.673,1.103
1.657,3.246
1.683,1.694
1.54,1.832
1.468,3.057
1.413,2.771
1.205,2.003
1.054,0.372
1.102,2.052
1.098,2.52
0.94,0.131
0.967,0.764
0.936,0.452
0.796,-0.478
0.723,0.38
0.377,0.606
0.503,0.645
0.297,2.002
0.403,-0.665
0.297,2.086
0.006,1.24
0.047,2.715
-0.012,0.253
-0.05,2.65
-0.092,2.859
-0.239,2.362
-0.284,-0.357
-0.417,0.91
-0.435,0.264
-0.363,3.146
-0.449,-0.712
-0.604,-0.747
-0.621,0.214
-0.544,0.141
-0.869,-0.632
-0.915,1.751
-0.858,0.515
-0.932,1.798
-1.102,3.208
-1.075,1.175
-1.133,0.249
-1.293,1.219
-1.469,2.946
-1.518,0.629
-1.512,0.74
-1.688,2.491
-1.585,0.341
-1.761,1.369
-1.844,0.278
-1.762,0.863
-2.0,2.701
-1.989,0.519
-1.898,1.283
-1.939,0.802
-1.946,3.168
-2.158,0.243
-2.208,1.096
-2.324,1.362
-2.406,-0.438
-2.472,2.418
-2.666,-0.208
-2.688,2.366
-2.592,1.472
-2.653,-0.653
-2.821,2.517
-2.829,-0.684
-2.799,0.698
-2.964,2.174
3.026,2.267
-3.104,2.103
3.132,0.241
3.106,2.912
2.898,-0.771
2.688,0.917
2.771,0.922
2.474,3.236
2.548,0.549
2.399,0.694
2.208,1.424
2.121,-0.545
2.201,0.677
1.83,-0.931
1.638,-1.094
1.386,-1.151
-0.262,-1.072
-0.167,-1.066
-0.492,-1.142
-0.648,-0.902
-0.753,-1.099
-1.244,-0.774
-2.057,-1.059
-2.144,-0.774
-2.486,-0.906
3.043,-1.288
2.659,-0.922
1.765,3.337
1.572,3.379
1.422,3.359
-0.36,3.373
-1.094,3.44
-1.964,3.334
-2.941,3.581
3.037,3.28
2.865,3.302
2.774,3.588
2.03,2.995
1.027,1.224
-0.492,3.022
-1.24,1.427
-2.224,1.049
3.024,0.217
0.137,2.697
-2.463,2.246
-2.49,1.598
2.866,1.581
2.769,2.185
2.443,0.705
2.436,2.697
2.226,1.267
-1.177,0.372
2.66,0.385
-0.088,-0.181
-0.02,-1.171
-0.094,-2.418
-0.129,-2.138
-0.076,-2.517
-0.108,-1.168
-0.208,-0.316
-0.206,1.147
-0.253,-1.672
-0.251,1.181
-0.216,-0.47
-0.288,-1.952
-0.285,0.015
-0.342,-2.007
-0.274,1.205
-0.325,-1.311
-0.366,0.901
-0.443,-0.442
-0.374,0.318
-0.489,-2.463
-0.584,0.243
-0.562,-1.152
-0.625,-2.125
-0.779,-0.109
-0.771,-2.249
-0.813,1.347
-0.839,-1.927
-0.91,-0.703
-0.933,0.398
-0.895,-0.93
-0.886,0.36
-1.177,-0.587
-1.189,-1.565
-1.2,0.696
-1.267,-1.012
-1.198,-2.247
-1.255,-1.879
-1.301,0.06
-1.482,-0.153
-1.462,-0.81
-1.728,-1.814
-1.687,0.814
-1.856,-0.751
-1.872,-0.524
-1.856,-1.891
-1.874,-2.483
-1.885,-1.012
-1.969,0.657
-2.013,-0.86
-2.46,-0.482
-2.442,-1.277
-2.512,-0.492
-2.617,0.648
-2.721,-0.51
-2.676,0.504
-2.793,-1.5
-2.882,-0.73
-3.023,-0.194
3.123,0.679
3.138,-0.195
3.044,0.418
3.003,1.21
2.937,-0.736
2.895,-2.468
2.894,-1.02
2.68,-1.181
2.642,-2.039
2.579,-1.768
2.484,0.298
2.477,-1.724
2.372,-1.77
2.386,-2.132
2.31,-1.373
2.329,1.259
2.227,-0.001
2.055,-2.691
1.841,-2.976
1.597,-2.649
1.447,-2.868
1.007,-2.679
0.486,-2.825
-0.441,-2.975
-1.072,-2.92
-1.314,-2.673
-2.401,-3.016
-2.647,-2.927
-3.091,-2.789
2.29,-2.816
2.279,-2.736
1.746,1.56
1.075,1.531
0.435,1.514
-0.134,1.718
-0.303,1.349
-0.455,1.616
-0.84,1.628
-1.686,1.413
-1.861,1.454
3.044,1.559
2.572,1.487
2.492,1.608
2.331,1.569
2.207,1.67
1.543,-2.279
1.306,-2.577
0.901,-2.356
0.47,1.009
-0.248,0.519
-1.798,-1.747
-1.838,-2.551
-2.211,-0.021
2.141,-1.11
1.492,-3.007
1.097,-2.575
0.907,-2.839
2.357,-2.734
2.112,0.106
2.067,0.102
1.936,-1.61
2.02,-0.239
2.008,-0.633
1.875,-0.196
1.835,0.239
1.81,-2.548
1.689,-0.762
1.673,1.381
1.699,-0.171
1.556,-0.033
1.484,1.192
1.429,0.906
1.221,0.138
1.07,-1.493
1.118,0.187
1.114,0.655
0.956,-1.734
0.983,-1.101
0.952,-1.413
0.812,-2.343
0.739,-1.485
0.393,-1.259
0.519,-1.22
0.313,0.137
0.419,-2.53
0.313,0.221
0.022,-0.625
0.063,0.85
0.004,-1.612
-0.034,0.785
-0.076,0.994
-0.223,0.497
-0.268,-2.222
-0.401,-0.955
-0.419,-1.601
-0.347,1.281
-0.433,-2.577
-0.588,-2.612
-0.605,-1.651
-0.528,-1.724
-0.853,-2.497
-0.899,-0.114
-0.842,-1.35
-0.916,-0.067
-1.086,1.343
-1.059,-0.69
-1.117,-1.616
-1.277,-0.646
-1.453,1.081
-1.502,-1.236
-1.496,-1.125
-1.672,0.626
-1.569,-1.524
-1.745,-0.496
-1.828,-1.587
-1.746,-1.002
-1.984,0.836
-1.973,-1.346
-1.882,-0.582
-1.923,-1.063
-1.93,1.303
-2.142,-1.622
-2.192,-0.769
-2.308,-0.503
-2.39,-2.303
-2.456,0.553
-2.65,-2.073
-2.672,0.501
-2.576,-0.393
-2.637,-2.518
-2.805,0.652
-2.813,-2.549
-2.783,-1.167
-2.948,0.309
3.042,0.402
-3.088,0.238
-3.135,-1.624
3.122,1.047
2.914,-2.636
2.704,-0.948
2.787,-0.943
2.49,1.371
2.564,-1.316
2.415,-1.171
2.224,-0.441
2.137,-2.41
2.217,-1.188
1.846,-2.796
1.654,-2.959
1.402,-3.016
-0.246,-2.937
-0.151,-2.931
-0.476,-3.007
-0.632,-2.767
-0.737,-2.964
-1.228,-2.639
-2.041,-2.924
-2.128,-2.639
-2.47,-2.771
3.059,-3.153
2.675,-2.787
1.781,1.472
1.588,1.514
1.438,1.494
-0.344,1.508
-1.078,1.575
-1.948,1.469
-2.925,1.716
3.053,1.415
2.881,1.437
2.79,1.723
2.046,1.13
1.043,-0.641
-0.476,1.157
-1.224,-0.438
-2.208,-0.816
3.04,-1.648
0.153,0.832
-2.447,0.381
-2.474,-0.267
2.882,-0.284
2.785,0.32
2.459,-1.16
2.452,0.832
2.242,-0.598
-1.161,-1.493
2.676,-1.48
0.068,-0.99
-0.006,-2.237
-0.041,-1.957
0.012,-2.336
-0.02,-0.987
-0.12,-0.135
-0.118,1.328
-0.165,-1.491
-0.163,1.362
-0.128,-0.289
-0.2,-1.771
-0.197,0.196
-0.254,-1.826
-0.186,1.386
-0.237,-1.13
-0.278,1.082
-0.355,-0.261
-0.286,0.499
-0.401,-2.282
-0.496,0.424
-0.474,-0.971
-0.537,-1.944
-0.691,0.072
-0.683,-2.068
-0.725,1.528
-0.751,-1.746
-0.822,-0.522
-0.845,0.579
-0.807,-0.749
-0.798,0.541
-1.089,-0.406
-1.101,-1.384
-1.112,0.877
-1.179,-0.831
-1.11,-2.066
-1.167,-1.698
-1.213,0.241
-1.394,0.028
-1.374,-0.629
-1.64,-1.633
-1.599,0.995
-1.768,-0.57
-1.784,-0.343
-1.768,-1.71
-1.786,-2.302
-1.797,-0.831
-1.881,0.838
-1.925,-0.679
-2.372,-0.301
-2.354,-1.096
-2.424,-0.311
-2.529,0.829
-2.633,-0.329
-2.588,0.685
-2.705,-1.319
-2.794,-0.549
-2.935,-0.013
-3.072,0.86
-3.057,-0.014
3.132,0.599
3.091,1.391
3.025,-0.555
2.983,-2.287
2.982,-0.839
2.768,-1.0
2.73,-1.858
2.667,-1.587
2.572,0.479
2.565,-1.543
2.46,-1.589
2.474,-1.951
2.398,-1.192
2.417,1.44
2.315,0.18
2.143,-2.51
1.929,-2.795
1.685,-2.468
1.535,-2.687
1.095,-2.498
0.574,-2.644
-0.353,-2.794
-0.984,-2.739
-1.226,-2.492
-2.313,-2.835
-2.559,-2.746
-3.003,-2.608
2.378,-2.635
2.367,-2.555
1.834,1.741
1.163,1.712
0.523,1.695
-0.046,1.899
-0.215,1.53
-0.367,1.797
-0.752,1.809
-1.598,1.594
-1.773,1.635
3.132,1.74
2.66,1.668
2.58,1.789
2.419,1.75
2.295,1.851
1.631,-2.098
1.394,-2.396
0.989,-2.175
0.558,1.19
-0.16,0.7
-1.71,-1.566
-1.75,-2.37
-2.123,0.16
2.229,-0.929
1.58,-2.826
1.185,-2.394
0.995,-2.658
2.445,-2.553
2.2,0.287
2.155,0.283
2.024,-1.429
2.108,-0.058
2.096,-0.452
1.963,-0.015
1.923,0.42
1.898,-2.367
1.777,-0.581
1.761,1.562
1.787,0.01
1.644,0.148
1.572,1.373
1.517,1.087
1.309,0.319
1.158,-1.312
1.206,0.368
1.202,0.836
1.044,-1.553
1.071,-0.92
1.04,-1.232
0.9,-2.162
0.827,-1.304
0.481,-1.078
0.607,-1.039
0.401,0.318
0.507,-2.349
0.401,0.402
0.11,-0.444
0.151,1.031
0.092,-1.431
0.054,0.966
0.012,1.175
-0.135,0.678
-0.18,-2.041
-0.313,-0.774
-0.331,-1.42
-0.259,1.462
-0.345,-2.396
-0.5,-2.431
-0.517,-1.47
-0.44,-1.543
-0.765,-2.316
-0.811,0.067
-0.754,-1.169
-0.828,0.114
-0.998,1.524
-0.971,-0.509
-1.029,-1.435
-1.189,-0.465
-1.365,1.262
-1.414,-1.055
-1.408,-0.944
-1.584,0.807
-1.481,-1.343
-1.657,-0.315
-1.74,-1.406
-1.658,-0.821
-1.896,1.017
-1.885,-1.165
-1.794,-0.401
-1.835,-0.882
-1.842,1.484
-2.054,-1.441
-2.104,-0.588
-2.22,-0.322
-2.302,-2.122
-2.368,0.734
-2.562,-1.892
-2.584,0.682
-2.488,-0.212
-2.549,-2.337
-2.717,0.833
-2.725,-2.368
-2.695,-0.986
-2.86,0.49
3.13,0.583
-3.0,0.419
-3.047,-1.443
-3.073,1.228
3.002,-2.455
2.792,-0.767
2.875,-0.762
2.578,1.552
2.652,-1.135
2.503,-0.99
2.312,-0.26
2.225,-2.229
2.305,-1.007
1.934,-2.615
1.742,-2.778
1.49,-2.835
-0.158,-2.756
-0.063,-2.75
-0.388,-2.826
-0.544,-2.586
-0.649,-2.783
-1.14,-2.458
-1.953,-2.743
-2.04,-2.458
-2.382,-2.59
-3.136,-2.972
2.763,-2.606
1.869,1.653
1.676,1.695
1.526,1.675
-0.256,1.689
-0.99,1.756
-1.86,1.65
-2.837,1.897
3.141,1.596
2.969,1.618
2.878,1.904
2.134,1.311
1.131,-0.46
-0.388,1.338
-1.136,-0.257
-2.12,-0.635
3.128,-1.467
0.241,1.013
-2.359,0.562
-2.386,-0.086
2.97,-0.103
2.873,0.501
2.547,-0.979
2.54,1.013
2.33,-0.417
-1.073,-1.312
2.764,-1.299
-0.074,-1.247
-0.109,-0.967
-0.056,-1.346
-0.088,0.003
-0.188,0.855
-0.186,2.318
-0.233,-0.501
-0.231,2.352
-0.196,0.701
-0.268,-0.781
-0.265,1.186
-0.322,-0.836
-0.254,2.376
-0.305,-0.14
-0.346,2.072
-0.423,0.729
-0.354,1.489
-0.469,-1.292
-0.564,1.414
-0.542,0.019
-0.605,-0.954
-0.759,1.062
-0.751,-1.078
-0.793,2.518
-0.819,-0.756
-0.89,0.468
-0.913,1.569
-0.875,0.241
-0.866,1.531
-1.157,0.584
-1.169,-0.394
-1.18,1.867
-1.247,0.159
-1.178,-1.076
-1.235,-0.708
-1.281,1.231
-1.462,1.018
-1.442,0.361
-1.708,-0.643
-1.667,1.985
-1.836,0.42
-1.852,0.647
-1.836,-0.72
-1.854,-1.312
-1.865,0.159
-1.949,1.828
-1.993,0.311
-2.44,0.689
-2.422,-0.106
-2.492,0.679
-2.597,1.819
-2.701,0.661
-2.656,1.675
-2.773,-0.329
-2.862,0.441
-3.003,0.977
-3.14,1.85
-3.125,0.976
3.064,1.589
3.023,2.381
2.957,0.435
2.915,-1.297
2.914,0.151
2.7,-0.01
2.662,-0.868
2.599,-0.597
2.504,1.469
2.497,-0.553
2.392,-0.599
2.406,-0.961
2.33,-0.202
2.349,2.43
2.247,1.17
2.075,-1.52
1.861,-1.805
1.617,-1.478
1.467,-1.697
1.027,-1.508
0.506,-1.654
-0.421,-1.804
-1.052,-1.749
-1.294,-1.502
-2.381,-1.845
-2.627,-1.756
-3.071,-1.618
2.31,-1.645
2.299,-1.565
1.766,2.731
1.095,2.702
0.455,2.685
-0.114,2.889
-0.283,2.52
-0.435,2.787
-0.82,2.799
-1.666,2.584
-1.841,2.625
3.064,2.73
2.592,2.658
2.512,2.779
2.351,2.74
2.227,2.841
1.563,-1.108
1.326,-1.406
0.921,-1.185
0.49,2.18
-0.228,1.69
-1.778,-0.576
-1.818,-1.38
-2.191,1.15
2.161,0.061
1.512,-1.836
1.117,-1.404
0.927,-1.668
2.377,-1.563
2.132,1.277
2.087,1.273
1.956,-0.439
2.04,0.932
2.028,0.538
1.895,0.975
1.855,1.41
1.83,-1.377
1.709,0.409
1.693,2.552
1.719,1.0
1.576,1.138
1.504,2.363
1.449,2.077
1.241,1.309
1.09,-0.322
1.138,1.358
1.134,1.826
0.976,-0.563
1.003,0.07
0.972,-0.242
0.832,-1.172
0.759,-0.314
0.413,-0.088
0.539,-0.049
0.333,1.308
0.439,-1.359
0.333,1.392
0.042,0.546
0.083,2.021
0.024,-0.441
-0.014,1.956
-0.056,2.165
-0.203,1.668
-0.248,-1.051
-0.381,0.216
-0.399,-0.43
-0.327,2.452
-0.413,-1.406
-0.568,-1.441
-0.585,-0.48
-0.508,-0.553
-0.833,-1.326
-0.879,1.057
-0.822,-0.179
-0.896,1.104
-1.066,2.514
-1.039,0.481
-1.097,-0.445
-1.257,0.525
-1.433,2.252
-1.482,-0.065
-1.476,0.046
-1.652,1.797
-1.549,-0.353
-1.725,0.675
-1.808,-0.416
-1.726,0.169
-1.964,2.007
-1.953,-0.175
-1.862,0.589
-1.903,0.108
-1.91,2.474
-2.122,-0.451
-2.172,0.402
-2.288,0.668
-2.37,-1.132
-2.436,1.724
-2.63,-0.902
-2.652,1.672
-2.556,0.778
-2.617,-1.347
-2.785,1.823
-2.793,-1.378
-2.763,0.004
-2.928,1.48
3.062,1.573
-3.068,1.409
-3.115,-0.453
-3.141,2.218
2.934,-1.465
2.724,0.223
2.807,0.228
2.51,2.542
2.584,-0.145
2.435,0.0
2.244,0.73
2.157,-1.239
2.237,-0.017
1.866,-1.625
1.674,-1.788
1.422,-1.845
-0.226,-1.766
-0.131,-1.76
-0.456,-1.836
-0.612,-1.596
-0.717,-1.793
-1.208,-1.468
-2.021,-1.753
-2.108,-1.468
-2.45,-1.6
3.079,-1.982
2.695,-1.616
1.801,2.643
1.608,2.685
1.458,2.665
-0.324,2.679
-1.058,2.746
-1.928,2.64
-2.905,2.887
3.073,2.586
2.901,2.608
2.81,2.894
2.066,2.301
1.063,0.53
-0.456,2.328
-1.204,0.733
-2.188,0.355
3.06,-0.477
0.173,2.003
-2.427,1.552
-2.454,0.904
2.902,0.887
2.805,1.491
2.479,0.011
2.472,2.003
2.262,0.573
-1.141,-0.322
2.696,-0.309
-0.035,0.28
0.018,-0.099
-0.014,1.25
-0.114,2.102
-0.112,3.565
-0.159,0.746
-0.157,3.599
-0.122,1.948
-0.194,0.466
-0.191,2.433
-0.248,0.411
-0.18,3.623
-0.231,1.107
-0.272,3.319
-0.349,1.976
-0.28,2.736
-0.395,-0.045
-0.49,2.661
-0.468,1.266
-0.531,0.293
-0.685,2.309
-0.677,0.169
-0.719,3.765
-0.745,0.491
-0.816,1.715
-0.839,2.816
-0.801,1.488
-0.792,2.778
-1.083,1.831
-1.095,0.853
-1.106,3.114
-1.173,1.406
-1.104,0.171
-1.161,0.539
-1.207,2.478
-1.388,2.265
-1.368,1.608
-1.634,0.604
-1.593,3.232
-1.762,1.667
-1.778,1.894
-1.762,0.527
-1.78,-0.065
-1.791,1.406
-1.875,3.075
-1.919,1.558
-2.366,1.936
-2.348,1.141
-2.418,1.926
-2.523,3.066
-2.627,1.908
-2.582,2.922
-2.699,0.918
-2.788,1.688
-2.929,2.224
-3.066,3.097
-3.051,2.223
3.138,2.836
3.097,3.628
3.031,1.682
2.989,-0.05
2.988,1.398
2.774,1.237
2.736,0.379
2.673,0.65
2.578,2.716
2.571,0.694
2.466,0.648
2.48,0.286
2.404,1.045
2.423,3.677
2.321,2.417
2.149,-0.273
1.935,-0.558
1.691,-0.231
1.541,-0.45
1.101,-0.261
0.58,-0.407
-0.347,-0.557
-0.978,-0.502
-1.22,-0.255
-2.307,-0.598
-2.553,-0.509
-2.997,-0.371
2.384,-0.398
2.373,-0.318
1.84,3.978
1.169,3.949
0.529,3.932
-0.04,4.136
-0.209,3.767
-0.361,4.034
-0.746,4.046
-1.592,3.831
-1.767,3.872
3.138,3.977
2.666,3.905
2.586,4.026
2.425,3.987
2.301,4.088
1.637,0.139
1.4,-0.159
0.995,0.062
0.564,3.427
-0.154,2.937
-1.704,0.671
-1.744,-0.133
-2.117,2.397
2.235,1.308
1.586,-0.589
1.191,-0.157
1.001,-0.421
2.451,-0.316
2.206,2.524
2.161,2.52
2.03,0.808
2.114,2.179
2.102,1.785
1.969,2.222
1.929,2.657
1.904,-0.13
1.783,1.656
1.767,3.799
1.793,2.247
1.65,2.385
1.578,3.61
1.523,3.324
1.315,2.556
1.164,0.925
1.212,2.605
1.208,3.073
1.05,0.684
1.077,1.317
1.046,1.005
0.906,0.075
0.833,0.933
0.487,1.159
0.613,1.198
0.407,2.555
0.513,-0.112
0.407,2.639
0.116,1.793
0.157,3.268
0.098,0.806
0.06,3.203
0.018,3.412
-0.129,2.915
-0.174,0.196
-0.307,1.463
-0.325,0.817
-0.253,3.699
-0.339,-0.159
-0.494,-0.194
-0.511,0.767
-0.434,0.694
-0.759,-0.079
-0.805,2.304
-0.748,1.068
-0.822,2.351
-0.992,3.761
-0.965,1.728
-1.023,0.802
-1.183,1.772
-1.359,3.499
-1.408,1.182
-1.402,1.293
-1.578,3.044
-1.475,0.894
-1.651,1.922
-1.734,0.831
-1.652,1.416
-1.89,3.254
-1.879,1.072
-1.788,1.836
-1.829,1.355
-1.836,3.721
-2.048,0.796
-2.098,1.649
-2.214,1.915
-2.296,0.115
-2.362,2.971
-2.556,0.345
-2.578,2.919
-2.482,2.025
-2.543,-0.1
-2.711,3.07
-2.719,-0.131
-2.689,1.251
-2.854,2.727
3.136,2.82
-2.994,2.656
-3.041,0.794
-3.067,3.465
3.008,-0.218
2.798,1.47
2.881,1.475
2.584,3.789
2.658,1.102
2.509,1.247
2.318,1.977
2.231,0.008
2.311,1.23
1.94,-0.378
1.748,-0.541
1.496,-0.598
-0.152,-0.519
-0.057,-0.513
-0.382,-0.589
-0.538,-0.349
-0.643,-0.546
-1.134,-0.221
-1.947,-0.506
-2.034,-0.221
-2.376,-0.353
-3.13,-0.735
2.769,-0.369
1.875,3.89
1.682,3.932
1.532,3.912
-0.25,3.926
-0.984,3.993
-1.854,3.887
-2.831,4.134
-3.136,3.833
2.975,3.855
2.884,4.141
2.14,3.548
1.137,1.777
-0.382,3.575
-1.13,1.98
-2.114,1.602
3.134,0.77
0.247,3.25
-2.353,2.799
-2.38,2.151
2.976,2.134
2.879,2.738
2.553,1.258
2.546,3.25
2.336,1.82
-1.067,0.925
2.77,0.938
0.053,-0.379
0.021,0.97
-0.079,1.822
-0.077,3.285
-0.124,0.466
-0.122,3.319
-0.087,1.668
-0.159,0.186
-0.156,2.153
-0.213,0.131
-0.145,3.343
-0.196,0.827
-0.237,3.039
-0.314,1.696
-0.245,2.456
-0.36,-0.325
-0.455,2.381
-0.433,0.986
-0.496,0.013
-0.65,2.029
-0.642,-0.111
-0.684,3.485
-0.71,0.211
-0.781,1.435
-0.804,2.536
-0.766,1.208
-0.757,2.498
-1.048,1.551
-1.06,0.573
-1.071,2.834
-1.138,1.126
-1.069,-0.109
-1.126,0.259
-1.172,2.198
-1.353,1.985
-1.333,1.328
-1.599,0.324
-1.558,2.952
-1.727,1.387
-1.743,1.614
-1.727,0.247
-1.745,-0.345
-1.756,1.126
-1.84,2.795
-1.884,1.278
-2.331,1.656
-2.313,0.861
-2.383,1.646
-2.488,2.786
-2.592,1.628
-2.547,2.642
-2.664,0.638
-2.753,1.408
-2.894,1.944
-3.031,2.817
-3.016,1.943
-3.11,2.556
3.132,3.348
3.066,1.402
3.024,-0.33
3.023,1.118
2.809,0.957
2.771,0.099
2.708,0.37
2.613,2.436
2.606,0.414
2.501,0.368
2.515,0.006
2.439,0.765
2.458,3.397
2.356,2.137
2.184,-0.553
1.97,-0.838
1.726,-0.511
1.576,-0.73
1.136,-0.541
0.615,-0.687
-0.312,-0.837
-0.943,-0.782
-1.185,-0.535
-2.272,-0.878
-2.518,-0.789
-2.962,-0.651
2.419,-0.678
2.408,-0.598
1.875,3.698
1.204,3.669
0.564,3.652
-0.005,3.856
-0.174,3.487
-0.326,3.754
-0.711,3.766
-1.557,3.551
-1.732,3.592
-3.11,3.697
2.701,3.625
2.621,3.746
2.46,3.707
2.336,3.808
1.672,-0.141
1.435,-0.439
1.03,-0.218
0.599,3.147
-0.119,2.657
-1.669,0.391
-1.709,-0.413
-2.082,2.117
2.27,1.028
1.621,-0.869
1.226,-0.437
1.036,-0.701
2.486,-0.596
2.241,2.244
2.196,2.24
2.065,0.528
2.149,1.899
2.137,1.505
2.004,1.942
1.964,2.377
1.939,-0.41
1.818,1.376
1.802,3.519
1.828,1.967
1.685,2.105
1.613,3.33
1.558,3.044
1.35,2.276
1.199,0.645
1.247,2.325
1.243,2.793
1.085,0.404
1.112,1.037
1.081,0.725
0.941,-0.205
0.868,0.653
0.522,0.879
0.648,0.918
0.442,2.275
0.548,-0.392
0.442,2.359
0.151,1.513
0.192,2.988
0.133,0.526
0.095,2.923
0.053,3.132
-0.094,2.635
-0.139,-0.084
-0.272,1.183
-0.29,0.537
-0.218,3.419
-0.304,-0.439
-0.459,-0.474
-0.476,0.487
-0.399,0.414
-0.724,-0.359
-0.77,2.024
-0.713,0.788
-0.787,2.071
-0.957,3.481
-0.93,1.448
-0.988,0.522
-1.148,1.492
-1.324,3.219
-1.373,0.902
-1.367,1.013
-1.543,2.764
-1.44,0.614
-1.616,1.642
-1.699,0.551
-1.617,1.136
-1.855,2.974
-1.844,0.792
-1.753,1.556
-1.794,1.075
-1.801,3.441
-2.013,0.516
-2.063,1.369
-2.179,1.635
-2.261,-0.165
-2.327,2.691
-2.521,0.065
-2.543,2.639
-2.447,1.745
-2.508,-0.38
-2.676,2.79
-2.684,-0.411
-2.654,0.971
-2.819,2.447
-3.112,2.54
-2.959,2.376
-3.006,0.514
-3.032,3.185
3.043,-0.498
2.833,1.19
2.916,1.195
2.619,3.509
2.693,0.822
2.544,0.967
2.353,1.697
2.266,-0.272
2.346,0.95
1.975,-0.658
1.783,-0.821
1.531,-0.878
-0.117,-0.799
-0.022,-0.793
-0.347,-0.869
-0.503,-0.629
-0.608,-0.826
-1.099,-0.501
-1.912,-0.786
-1.999,-0.501
-2.341,-0.633
-3.095,-1.015
2.804,-0.649
1.91,3.61
1.717,3.652
1.567,3.632
-0.215,3.646
-0.949,3.713
-1.819,3.607
-2.796,3.854
-3.101,3.553
3.01,3.575
2.919,3.861
2.175,3.268
1.172,1.497
-0.347,3.295
-1.095,1.7
-2.079,1.322
-3.114,0.49
0.282,2.97
-2.318,2.519
-2.345,1.871
3.011,1.854
2.914,2.458
2.588,0.978
2.581,2.97
2.371,1.54
-1.032,0.645
2.805,0.658
-0.032,1.349
-0.132,2.201
-0.13,3.664
-0.177,0.845
-0.175,3.698
-0.14,2.047
-0.212,0.565
-0.209,2.532
-0.266,0.51
-0.198,3.722
-0.249,1.206
-0.29,3.418
-0.367,2.075
-0.298,2.835
-0.413,0.054
-0.508,2.76
-0.486,1.365
-0.549,0.392
-0.703,2.408
-0.695,0.268
-0.737,3.864
-0.763,0.59
-0.834,1.814
-0.857,2.915
-0.819,1.587
-0.81,2.877
-1.101,1.93
-1.113,0.952
-1.124,3.213
-1.191,1.505
-1.122,0.27
-1.179,0.638
-1.225,2.577
-1.406,2.364
-1.386,1.707
-1.652,0.703
-1.611,3.331
-1.78,1.766
-1.796,1.993
-1.78,0.626
-1.798,0.034
-1.809,1.505
-1.893,3.174
-1.937,1.657
-2.384,2.035
-2.366,1.24
-2.436,2.025
-2.541,3.165
-2.645,2.007
-2.6,3.021
-2.717,1.017
-2.806,1.787
-2.947,2.323
-3.084,3.196
-3.069,2.322
3.12,2.935
3.079,3.727
3.013,1.781
2.971,0.049
2.97,1.497
2.756,1.336
2.718,0.478
2.655,0.749
2.56,2.815
2.553,0.793
2.448,0.747
2.462,0.385
2.386,1.144
2.405,3.776
2.303,2.516
2.131,-0.174
1.917,-0.459
1.673,-0.132
1.523,-0.351
1.083,-0.162
0.562,-0.308
-0.365,-0.458
-0.996,-0.403
-1.238,-0.156
-2.325,-0.499
-2.571,-0.41
-3.015,-0.272
2.366,-0.299
2.355,-0.219
1.822,4.077
1.151,4.048
0.511,4.031
-0.058,4.235
-0.227,3.866
-0.379,4.133
-0.764,4.145
-1.61,3.93
-1.785,3.971
3.12,4.076
2.648,4.004
2.568,4.125
2.407,4.086
2.283,4.187
1.619,0.238
1.382,-0.06
0.977,0.161
0.546,3.526
-0.172,3.036
-1.722,0.77
-1.762,-0.034
-2.135,2.496
2.217,1.407
1.568,-0.49
1.173,-0.058
0.983,-0.322
2.433,-0.217
2.188,2.623
2.143,2.619
2.012,0.907
2.096,2.278
2.084,1.884
1.951,2.321
1.911,2.756
1.886,-0.031
1.765,1.755
1.749,3.898
1.775,2.346
1.632,2.484
1.56,3.709
1.505,3.423
1.297,2.655
1.146,1.024
1.194,2.704
1.19,3.172
1.032,0.783
1.059,1.416
1.028,1.104
0.888,0.174
0.815,1.032
0.469,1.258
0.595,1.297
0.389,2.654
0.495,-0.013
0.389,2.738
0.098,1.892
0.139,3.367
0.08,0.905
0.042,3.302
0.0,3.511
-0.147,3.014
-0.192,0.295
-0.325,1.562
-0.343,0.916
-0.271,3.798
-0.357,-0.06
-0.512,-0.095
-0.529,0.866
-0.452,0.793
-0.777,0.02
-0.823,2.403
-0.766,1.167
-0.84,2.45
-1.01,3.86
-0.983,1.827
-1.041,0.901
-1.201,1.871
-1.377,3.598
-1.426,1.281
-1.42,1.392
-1.596,3.143
-1.493,0.993
-1.669,2.021
-1.752,0.93
-1.67,1.515
-1.908,3.353
-1.897,1.171
-1.806,1.935
-1.847,1.454
-1.854,3.82
-2.066,0.895
-2.116,1.748
-2.232,2.014
-2.314,0.214
-2.38,3.07
-2.574,0.444
-2.596,3.018
-2.5,2.124
-2.561,-0.001
-2.729,3.169
-2.737,-0.032
-2.707,1.35
-2.872,2.826
3.118,2.919
-3.012,2.755
-3.059,0.893
-3.085,3.564
2.99,-0.119
2.78,1.569
2.863,1.574
2.566,3.888
2.64,1.201
2.491,1.346
2.3,2.076
2.213,0.107
2.293,1.329
1.922,-0.279
1.73,-0.442
1.478,-0.499
-0.17,-0.42
-0.075,-0.414
-0.4,-0.49
-0.556,-0.25
-0.661,-0.447
-1.152,-0.122
-1.965,-0.407
-2.052,-0.122
-2.394,-0.254
3.135,-0.636
2.751,-0.27
1.857,3.989
1.664,4.031
1.514,4.011
-0.268,4.025
-1.002,4.092
-1.872,3.986
-2.849,4.233
3.129,3.932
2.957,3.954
2.866,4.24
2.122,3.647
1.119,1.876
-0.4,3.674
-1.148,2.079
-2.132,1.701
3.116,0.869
0.229,3.349
-2.371,2.898
-2.398,2.25
2.958,2.233
2.861,2.837
2.535,1.357
2.528,3.349
2.318,1.919
-1.085,1.024
2.752,1.037
-0.1,0.852
-0.098,2.315
-0.145,-0.504
-0.143,2.349
-0.108,0.698
-0.18,-0.784
-0.177,1.183
-0.234,-0.839
-0.166,2.373
-0.217,-0.143
-0.258,2.069
-0.335,0.726
-0.266,1.486
-0.381,-1.295
-0.476,1.411
-0.454,0.016
-0.517,-0.957
-0.671,1.059
-0.663,-1.081
-0.705,2.515
-0.731,-0.759
-0.802,0.465
-0.825,1.566
-0.787,0.238
-0.778,1.528
-1.069,0.581
-1.081,-0.397
-1.092,1.864
-1.159,0.156
-1.09,-1.079
-1.147,-0.711
-1.193,1.228
-1.374,1.015
-1.354,0.358
-1.62,-0.646
-1.579,1.982
-1.748,0.417
-1.764,0.644
-1.748,-0.723
-1.766,-1.315
-1.777,0.156
-1.861,1.825
-1.905,0.308
-2.352,0.686
-2.334,-0.109
-2.404,0.676
-2.509,1.816
-2.613,0.658
-2.568,1.672
-2.685,-0.332
-2.774,0.438
-2.915,0.974
-3.052,1.847
-3.037,0.973
-3.131,1.586
3.111,2.378
3.045,0.432
3.003,-1.3
3.002,0.148
2.788,-0.013
2.75,-0.871
2.687,-0.6
2.592,1.466
2.585,-0.556
2.48,-0.602
2.494,-0.964
2.418,-0.205
2.437,2.427
2.335,1.167
2.163,-1.523
1.949,-1.808
1.705,-1.481
1.555,-1.7
1.115,-1.511
0.594,-1.657
-0.333,-1.807
-0.964,-1.752
-1.206,-1.505
-2.293,-1.848
-2.539,-1.759
-2.983,-1.621
2.398,-1.648
2.387,-1.568
1.854,2.728
1.183,2.699
0.543,2.682
-0.026,2.886
-0.195,2.517
-0.347,2.784
-0.732,2.796
-1.578,2.581
-1.753,2.622
-3.131,2.727
2.68,2.655
2.6,2.776
2.439,2.737
2.315,2.838
1.651,-1.111
1.414,-1.409
1.009,-1.188
0.578,2.177
-0.14,1.687
-1.69,-0.579
-1.73,-1.383
-2.103,1.147
2.249,0.058
1.6,-1.839
1.205,-1.407
1.015,-1.671
2.465,-1.566
2.22,1.274
2.175,1.27
2.044,-0.442
2.128,0.929
2.116,0.535
1.983,0.972
1.943,1.407
1.918,-1.38
1.797,0.406
1.781,2.549
1.807,0.997
1.664,1.135
1.592,2.36
1.537,2.074
1.329,1.306
1.178,-0.325
1.226,1.355
1.222,1.823
1.064,-0.566
1.091,0.067
1.06,-0.245
0.92,-1.175
0.847,-0.317
0.501,-0.091
0.627,-0.052
0.421,1.305
0.527,-1.362
0.421,1.389
0.13,0.543
0.171,2.018
0.112,-0.444
0.074,1.953
0.032,2.162
-0.115,1.665
-0.16,-1.054
-0.293,0.213
-0.311,-0.433
-0.239,2.449
-0.325,-1.409
-0.48,-1.444
-0.497,-0.483
-0.42,-0.556
-0.745,-1.329
-0.791,1.054
-0.734,-0.182
-0.808,1.101
-0.978,2.511
-0.951,0.478
-1.009,-0.448
-1.169,0.522
-1.345,2.249
-1.394,-0.068
-1.388,0.043
-1.564,1.794
-1.461,-0.356
-1.637,0.672
-1.72,-0.419
-1.638,0.166
-1.876,2.004
-1.865,-0.178
-1.774,0.586
-1.815,0.105
-1.822,2.471
-2.034,-0.454
-2.084,0.399
-2.2,0.665
-2.282,-1.135
-2.348,1.721
-2.542,-0.905
-2.564,1.669
-2.468,0.775
-2.529,-1.35
-2.697,1.82
-2.705,-1.381
-2.675,0.001
-2.84,1.477
-3.133,1.57
-2.98,1.406
-3.027,-0.456
-3.053,2.215
3.022,-1.468
2.812,0.22
2.895,0.225
2.598,2.539
2.672,-0.148
2.523,-0.003
2.332,0.727
2.245,-1.242
2.325,-0.02
1.954,-1.628
1.762,-1.791
1.51,-1.848
-0.138,-1.769
-0.043,-1.763
-0.368,-1.839
-0.524,-1.599
-0.629,-1.796
-1.12,-1.471
-1.933,-1.756
-2.02,-1.471
-2.362,-1.603
-3.116,-1.985
2.783,-1.619
1.889,2.64
1.696,2.682
1.546,2.662
-0.236,2.676
-0.97,2.743
-1.84,2.637
-2.817,2.884
-3.122,2.583
2.989,2.605
2.898,2.891
2.154,2.298
1.151,0.527
-0.368,2.325
-1.116,0.73
-2.1,0.352
-3.135,-0.48
0.261,2.0
-2.339,1.549
-2.366,0.901
2.99,0.884
2.893,1.488
2.567,0.008
2.56,2.0
2.35,0.57
-1.053,-0.325
2.784,-0.312
0.002,1.463
-0.045,-1.356
-0.043,1.497
-0.008,-0.154
-0.08,-1.636
-0.077,0.331
-0.134,-1.691
-0.066,1.521
-0.117,-0.995
-0.158,1.217
-0.235,-0.126
-0.166,0.634
-0.281,-2.147
-0.376,0.559
-0.354,-0.836
-0.417,-1.809
-0.571,0.207
-0.563,-1.933
-0.605,1.663
-0.631,-1.611
-0.702,-0.387
-0.725,0.714
-0.687,-0.614
-0.678,0.676
-0.969,-0.271
-0.981,-1.249
-0.992,1.012
-1.059,-0.696
-0.99,-1.931
-1.047,-1.563
-1.093,0.376
-1.274,0.163
-1.254,-0.494
-1.52,-1.498
-1.479,1.13
-1.648,-0.435
-1.664,-0.208
-1.648,-1.575
-1.666,-2.167
-1.677,-0.696
-1.761,0.973
-1.805,-0.544
-2.252,-0.166
-2.234,-0.961
-2.304,-0.176
-2.409,0.964
-2.513,-0.194
-2.468,0.82
-2.585,-1.184
-2.674,-0.414
-2.815,0.122
-2.952,0.995
-2.937,0.121
-3.031,0.734
-3.072,1.526
-3.138,-0.42
3.103,-2.152
3.102,-0.704
2.888,-0.865
2.85,-1.723
2.787,-1.452
2.692,0.614
2.685,-1.408
2.58,-1.454
2.594,-1.816
2.518,-1.057
2.537,1.575
2.435,0.315
2.263,-2.375
2.049,-2.66
1.805,-2.333
1.655,-2.552
1.215,-2.363
0.694,-2.509
-0.233,-2.659
-0.864,-2.604
-1.106,-2.357
-2.193,-2.7
-2.439,-2.611
-2.883,-2.473
2.498,-2.5
2.487,-2.42
1.954,1.876
1.283,1.847
0.643,1.83
0.074,2.034
-0.095,1.665
-0.247,1.932
-0.632,1.944
-1.478,1.729
-1.653,1.77
-3.031,1.875
2.78,1.803
2.7,1.924
2.539,1.885
2.415,1.986
1.751,-1.963
1.514,-2.261
1.109,-2.04
0.678,1.325
-0.04,0.835
-1.59,-1.431
-1.63,-2.235
-2.003,0.295
2.349,-0.794
1.7,-2.691
1.305,-2.259
1.115,-2.523
2.565,-2.418
2.32,0.422
2.275,0.418
2.144,-1.294
2.228,0.077
2.216,-0.317
2.083,0.12
2.043,0.555
2.018,-2.232
1.897,-0.446
1.881,1.697
1.907,0.145
1.764,0.283
1.692,1.508
1.637,1.222
1.429,0.454
1.278,-1.177
1.326,0.503
1.322,0.971
1.164,-1.418
1.191,-0.785
1.16,-1.097
1.02,-2.027
0.947,-1.169
0.601,-0.943
0.727,-0.904
0.521,0.453
0.627,-2.214
0.521,0.537
0.23,-0.309
0.271,1.166
0.212,-1.296
0.174,1.101
0.132,1.31
-0.015,0.813
-0.06,-1.906
-0.193,-0.639
-0.211,-1.285
-0.139,1.597
-0.225,-2.261
-0.38,-2.296
-0.397,-1.335
-0.32,-1.408
-0.645,-2.181
-0.691,0.202
-0.634,-1.034
-0.708,0.249
-0.878,1.659
-0.851,-0.374
-0.909,-1.3
-1.069,-0.33
-1.245,1.397
-1.294,-0.92
-1.288,-0.809
-1.464,0.942
-1.361,-1.208
-1.537,-0.18
-1.62,-1.271
-1.538,-0.686
-1.776,1.152
-1.765,-1.03
-1.674,-0.266
-1.715,-0.747
-1.722,1.619
-1.934,-1.306
-1.984,-0.453
-2.1,-0.187
-2.182,-1.987
-2.248,0.869
-2.442,-1.757
-2.464,0.817
-2.368,-0.077
-2.429,-2.202
-2.597,0.968
-2.605,-2.233
-2.575,-0.851
-2.74,0.625
-3.033,0.718
-2.88,0.554
-2.927,-1.308
-2.953,1.363
3.122,-2.32
2.912,-0.632
2.995,-0.627
2.698,1.687
2.772,-1.0
2.623,-0.855
2.432,-0.125
2.345,-2.094
2.425,-0.872
2.054,-2.48
1.862,-2.643
1.61,-2.7
-0.038,-2.621
0.057,-2.615
-0.268,-2.691
-0.424,-2.451
-0.529,-2.648
-1.02,-2.323
-1.833,-2.608
-1.92,-2.323
-2.262,-2.455
-3.016,-2.837
2.883,-2.471
1.989,1.788
1.796,1.83
1.646,1.81
-0.136,1.824
-0.87,1.891
-1.74,1.785
-2.717,2.032
-3.022,1.731
3.089,1.753
2.998,2.039
2.254,1.446
1.251,-0.325
-0.268,1.473
-1.016,-0.122
-2.0,-0.5
-3.035,-1.332
0.361,1.148
-2.239,0.697
-2.266,0.049
3.09,0.032
2.993,0.636
2.667,-0.844
2.66,1.148
2.45,-0.282
-0.953,-1.177
2.884,-1.164
-0.047,-2.819
-0.045,0.034
-0.01,-1.617
-0.082,-3.099
-0.079,-1.132
-0.136,-3.154
-0.068,0.058
-0.119,-2.458
-0.16,-0.246
-0.237,-1.589
-0.168,-0.829
-0.283,-3.61
-0.378,-0.904
-0.356,-2.299
-0.419,-3.272
-0.573,-1.256
-0.565,-3.396
-0.607,0.2
-0.633,-3.074
-0.704,-1.85
-0.727,-0.749
-0.689,-2.077
-0.68,-0.787
-0.971,-1.734
-0.983,-2.712
-0.994,-0.451
-1.061,-2.159
-0.992,-3.394
-1.049,-3.026
-1.095,-1.087
-1.276,-1.3
-1.256,-1.957
-1.522,-2.961
-1.481,-0.333
-1.65,-1.898
-1.666,-1.671
-1.65,-3.038
-1.668,-3.63
-1.679,-2.159
-1.763,-0.49
-1.807,-2.007
-2.254,-1.629
-2.236,-2.424
-2.306,-1.639
-2.411,-0.499
-2.515,-1.657
-2.47,-0.643
-2.587,-2.647
-2.676,-1.877
-2.817,-1.341
-2.954,-0.468
-2.939,-1.342
-3.033,-0.729
-3.074,0.063
-3.14,-1.883
3.101,-3.615
3.1,-2.167
2.886,-2.328
2.848,-3.186
2.785,-2.915
2.69,-0.849
2.683,-2.871
2.578,-2.917
2.592,-3.279
2.516,-2.52
2.535,0.112
2.433,-1.148
2.261,-3.838
2.047,-4.123
1.803,-3.796
1.653,-4.015
1.213,-3.826
0.692,-3.972
-0.235,-4.122
-0.866,-4.067
-1.108,-3.82
-2.195,-4.163
-2.441,-4.074
-2.885,-3.936
2.496,-3.963
2.485,-3.883
1.952,0.413
1.281,0.384
0.641,0.367
0.072,0.571
-0.097,0.202
-0.249,0.469
-0.634,0.481
-1.48,0.266
-1.655,0.307
-3.033,0.412
2.778,0.34
2.698,0.461
2.537,0.422
2.413,0.523
1.749,-3.426
1.512,-3.724
1.107,-3.503
0.676,-0.138
-0.042,-0.628
-1.592,-2.894
-1.632,-3.698
-2.005,-1.168
2.347,-2.257
1.698,-4.154
1.303,-3.722
1.113,-3.986
2.563,-3.881
2.318,-1.041
2.273,-1.045
2.142,-2.757
2.226,-1.386
2.214,-1.78
2.081,-1.343
2.041,-0.908
2.016,-3.695
1.895,-1.909
1.879,0.234
1.905,-1.318
1.762,-1.18
1.69,0.045
1.635,-0.241
1.427,-1.009
1.276,-2.64
1.324,-0.96
1.32,-0.492
1.162,-2.881
1.189,-2.248
1.158,-2.56
1.018,-3.49
0.945,-2.632
0.599,-2.406
0.725,-2.367
0.519,-1.01
0.625,-3.677
0.519,-0.926
0.228,-1.772
0.269,-0.297
0.21,-2.759
0.172,-0.362
0.13,-0.153
-0.017,-0.65
-0.062,-3.369
-0.195,-2.102
-0.213,-2.748
-0.141,0.134
-0.227,-3.724
-0.382,-3.759
-0.399,-2.798
-0.322,-2.871
-0.647,-3.644
-0.693,-1.261
-0.636,-2.497
-0.71,-1.214
-0.88,0.196
-0.853,-1.837
-0.911,-2.763
-1.071,-1.793
-1.247,-0.066
-1.296,-2.383
-1.29,-2.272
-1.466,-0.521
-1.363,-2.671
-1.539,-1.643
-1.622,-2.734
-1.54,-2.149
-1.778,-0.311
-1.767,-2.493
-1.676,-1.729
-1.717,-2.21
-1.724,0.156
-1.936,-2.769
-1.986,-1.916
-2.102,-1.65
-2.184,-3.45
-2.25,-0.594
-2.444,-3.22
-2.466,-0.646
-2.37,-1.54
-2.431,-3.665
-2.599,-0.495
-2.607,-3.696
-2.577,-2.314
-2.742,-0.838
-3.035,-0.745
-2.882,-0.909
-2.929,-2.771
-2.955,-0.1
3.12,-3.783
2.91,-2.095
2.993,-2.09
2.696,0.224
2.77,-2.463
2.621,-2.318
2.43,-1.588
2.343,-3.557
2.423,-2.335
2.052,-3.943
1.86,-4.106
1.608,-4.163
-0.04,-4.084
0.055,-4.078
-0.27,-4.154
-0.426,-3.914
-0.531,-4.111
-1.022,-3.786
-1.835,-4.071
-1.922,-3.786
-2.264,-3.918
-3.018,-4.3
2.881,-3.934
1.987,0.325
1.794,0.367
1.644,0.347
-0.138,0.361
-0.872,0.428
-1.742,0.322
-2.719,0.569
-3.024,0.268
3.087,0.29
2.996,0.576
2.252,-0.017
1.249,-1.788
-0.27,0.01
-1.018,-1.585
-2.002,-1.963
-3.037,-2.795
0.359,-0.315
-2.241,-0.766
-2.268,-1.414
3.088,-1.431
2.991,-0.827
2.665,-2.307
2.658,-0.315
2.448,-1.745
-0.955,-2.64
2.882,-2.627
0.002,2.853
0.037,1.202
-0.035,-0.28
-0.032,1.687
-0.089,-0.335
-0.021,2.877
-0.072,0.361
-0.113,2.573
-0.19,1.23
-0.121,1.99
-0.236,-0.791
-0.331,1.915
-0.309,0.52
-0.372,-0.453
-0.526,1.563
-0.518,-0.577
-0.56,3.019
-0.586,-0.255
-0.657,0.969
-0.68,2.07
-0.642,0.742
-0.633,2.032
-0.924,1.085
-0.936,0.107
-0.947,2.368
-1.014,0.66
-0.945,-0.575
-1.002,-0.207
-1.048,1.732
-1.229,1.519
-1.209,0.862
-1.475,-0.142
-1.434,2.486
-1.603,0.921
-1.619,1.148
-1.603,-0.219
-1.621,-0.811
-1.632,0.66
-1.716,2.329
-1.76,0.812
-2.207,1.19
-2.189,0.395
-2.259,1.18
-2.364,2.32
-2.468,1.162
-2.423,2.176
-2.54,0.172
-2.629,0.942
-2.77,1.478
-2.907,2.351
-2.892,1.477
-2.986,2.09
-3.027,2.882
-3.093,0.936
-3.135,-0.796
-3.136,0.652
2.933,0.491
2.895,-0.367
2.832,-0.096
2.737,1.97
2.73,-0.052
2.625,-0.098
2.639,-0.46
2.563,0.299
2.582,2.931
2.48,1.671
2.308,-1.019
2.094,-1.304
1.85,-0.977
1.7,-1.196
1.26,-1.007
0.739,-1.153
-0.188,-1.303
-0.819,-1.248
-1.061,-1.001
-2.148,-1.344
-2.394,-1.255
-2.838,-1.117
2.543,-1.144
2.532,-1.064
1.999,3.232
1.328,3.203
0.688,3.186
0.119,3.39
-0.05,3.021
-0.202,3.288
-0.587,3.3
-1.433,3.085
-1.608,3.126
-2.986,3.231
2.825,3.159
2.745,3.28
2.584,3.241
2.46,3.342
1.796,-0.607
1.559,-0.905
1.154,-0.684
0.723,2.681
0.005,2.191
-1.545,-0.075
-1.585,-0.879
-1.958,1.651
2.394,0.562
1.745,-1.335
1.35,-0.903
1.16,-1.167
2.61,-1.062
2.365,1.778
2.32,1.774
2.189,0.062
2.273,1.433
2.261,1.039
2.128,1.476
2.088,1.911
2.063,-0.876
1.942,0.91
1.926,3.053
1.952,1.501
1.809,1.639
1.737,2.864
1.682,2.578
1.474,1.81
1.323,0.179
1.371,1.859
1.367,2.327
1.209,-0.062
1.236,0.571
1.205,0.259
1.065,-0.671
0.992,0.187
0.646,0.413
0.772,0.452
0.566,1.809
0.672,-0.858
0.566,1.893
0.275,1.047
0.316,2.522
0.257,0.06
0.219,2.457
0.177,2.666
0.03,2.169
-0.015,-0.55
-0.148,0.717
-0.166,0.071
-0.094,2.953
-0.18,-0.905
-0.335,-0.94
-0.352,0.021
-0.275,-0.052
-0.6,-0.825
-0.646,1.558
-0.589,0.322
-0.663,1.605
-0.833,3.015
-0.806,0.982
-0.864,0.056
-1.024,1.026
-1.2,2.753
-1.249,0.436
-1.243,0.547
-1.419,2.298
-1.316,0.148
-1.492,1.176
-1.575,0.085
-1.493,0.67
-1.731,2.508
-1.72,0.326
-1.629,1.09
-1.67,0.609
-1.677,2.975
-1.889,0.05
-1.939,0.903
-2.055,1.169
-2.137,-0.631
-2.203,2.225
-2.397,-0.401
-2.419,2.173
-2.323,1.279
-2.384,-0.846
-2.552,2.324
-2.56,-0.877
-2.53,0.505
-2.695,1.981
-2.988,2.074
-2.835,1.91
-2.882,0.048
-2.908,2.719
-3.116,-0.964
2.957,0.724
3.04,0.729
2.743,3.043
2.817,0.356
2.668,0.501
2.477,1.231
2.39,-0.738
2.47,0.484
2.099,-1.124
1.907,-1.287
1.655,-1.344
0.007,-1.265
0.102,-1.259
-0.223,-1.335
-0.379,-1.095
-0.484,-1.292
-0.975,-0.967
-1.788,-1.252
-1.875,-0.967
-2.217,-1.099
-2.971,-1.481
2.928,-1.115
2.034,3.144
1.841,3.186
1.691,3.166
-0.091,3.18
-0.825,3.247
-1.695,3.141
-2.672,3.388
-2.977,3.087
3.134,3.109
3.043,3.395
2.299,2.802
1.296,1.031
-0.223,2.829
-0.971,1.234
-1.955,0.856
-2.99,0.024
0.406,2.504
-2.194,2.053
-2.221,1.405
3.135,1.388
3.038,1.992
2.712,0.512
2.705,2.504
2.495,1.074
-0.908,0.179
2.929,0.192
0.035,-1.651
-0.037,-3.133
-0.034,-1.166
-0.091,-3.188
-0.023,0.024
-0.074,-2.492
-0.115,-0.28
-0.192,-1.623
-0.123,-0.863
-0.238,-3.644
-0.333,-0.938
-0.311,-2.333
-0.374,-3.306
-0.528,-1.29
-0.52,-3.43
-0.562,0.166
-0.588,-3.108
-0.659,-1.884
-0.682,-0.783
-0.644,-2.111
-0.635,-0.821
-0.926,-1.768
-0.938,-2.746
-0.949,-0.485
-1.016,-2.193
-0.947,-3.428
-1.004,-3.06
-1.05,-1.121
-1.231,-1.334
-1.211,-1.991
-1.477,-2.995
-1.436,-0.367
-1.605,-1.932
-1.621,-1.705
-1.605,-3.072
-1.623,-3.664
-1.634,-2.193
-1.718,-0.524
-1.762,-2.041
-2.209,-1.663
-2.191,-2.458
-2.261,-1.673
-2.366,-0.533
-2.47,-1.691
-2.425,-0.677
-2.542,-2.681
-2.631,-1.911
-2.772,-1.375
-2.909,-0.502
-2.894,-1.376
-2.988,-0.763
-3.029,0.029
-3.095,-1.917
-3.137,-3.649
-3.138,-2.201
2.931,-2.362
2.893,-3.22
2.83,-2.949
2.735,-0.883
2.728,-2.905
2.623,-2.951
2.637,-3.313
2.561,-2.554
2.58,0.078
2.478,-1.182
2.306,-3.872
2.092,-4.157
1.848,-3.83
1.698,-4.049
1.258,-3.86
0.737,-4.006
-0.19,-4.156
-0.821,-4.101
-1.063,-3.854
-2.15,-4.197
-2.396,-4.108
-2.84,-3.97
2.541,-3.997
2.53,-3.917
1.997,0.379
1.326,0.35
0.686,0.333
0.117,0.537
-0.052,0.168
-0.204,0.435
-0.589,0.447
-1.435,0.232
-1.61,0.273
-2.988,0.378
2.823,0.306
2.743,0.427
2.582,0.388
2.458,0.489
1.794,-3.46
1.557,-3.758
1.152,-3.537
0.721,-0.172
0.003,-0.662
-1.547,-2.928
-1.587,-3.732
-1.96,-1.202
2.392,-2.291
1.743,-4.188
1.348,-3.756
1.158,-4.02
2.608,-3.915
2.363,-1.075
2.318,-1.079
2.187,-2.791
2.271,-1.42
2.259,-1.814
2.126,-1.377
2.086,-0.942
2.061,-3.729
1.94,-1.943
1.924,0.2
1.95,-1.352
1.807,-1.214
1.735,0.011
1.68,-0.275
1.472,-1.043
1.321,-2.674
1.369,-0.994
1.365,-0.526
1.207,-2.915
1.234,-2.282
1.203,-2.594
1.063,-3.524
0.99,-2.666
0.644,-2.44
0.77,-2.401
0.564,-1.044
0.67,-3.711
0.564,-0.96
0.273,-1.806
0.314,-0.331
0.255,-2.793
0.217,-0.396
0.175,-0.187
0.028,-0.684
-0.017,-3.403
-0.15,-2.136
-0.168,-2.782
-0.096,0.1
-0.182,-3.758
-0.337,-3.793
-0.354,-2.832
-0.277,-2.905
-0.602,-3.678
-0.648,-1.295
-0.591,-2.531
-0.665,-1.248
-0.835,0.162
-0.808,-1.871
-0.866,-2.797
-1.026,-1.827
-1.202,-0.1
-1.251,-2.417
-1.245,-2.306
-1.421,-0.555
-1.318,-2.705
-1.494,-1.677
-1.577,-2.768
-1.495,-2.183
-1.733,-0.345
-1.722,-2.527
-1.631,-1.763
-1.672,-2.244
-1.679,0.122
-1.891,-2.803
-1.941,-1.95
-2.057,-1.684
-2.139,-3.484
-2.205,-0.628
-2.399,-3.254
-2.421,-0.68
-2.325,-1.574
-2.386,-3.699
-2.554,-0.529
-2.562,-3.73
-2.532,-2.348
-2.697,-0.872
-2.99,-0.779
-2.837,-0.943
-2.884,-2.805
-2.91,-0.134
-3.118,-3.817
2.955,-2.129
3.038,-2.124
2.741,0.19
2.815,-2.497
2.666,-2.352
2.475,-1.622
2.388,-3.591
2.468,-2.369
2.097,-3.977
1.905,-4.14
1.653,-4.197
0.005,-4.118
0.1,-4.112
-0.225,-4.188
-0.381,-3.948
-0.486,-4.145
-0.977,-3.82
-1.79,-4.105
-1.877,-3.82
-2.219,-3.952
-2.973,-4.334
2.926,-3.968
2.032,0.291
1.839,0.333
1.689,0.313
-0.093,0.327
-0.827,0.394
-1.697,0.288
-2.674,0.535
-2.979,0.234
3.132,0.256
3.041,0.542
2.297,-0.051
1.294,-1.822
-0.225,-0.024
-0.973,-1.619
-1.957,-1.997
-2.992,-2.829
0.404,-0.349
-2.196,-0.8
-2.223,-1.448
3.133,-1.465
3.036,-0.861
2.71,-2.341
2.703,-0.349
2.493,-1.779
-0.91,-2.674
2.927,-2.661
-0.072,-1.482
-0.069,0.485
-0.126,-1.537
-0.058,1.675
-0.109,-0.841
-0.15,1.371
-0.227,0.028
-0.158,0.788
-0.273,-1.993
-0.368,0.713
-0.346,-0.682
-0.409,-1.655
-0.563,0.361
-0.555,-1.779
-0.597,1.817
-0.623,-1.457
-0.694,-0.233
-0.717,0.868
-0.679,-0.46
-0.67,0.83
-0.961,-0.117
-0.973,-1.095
-0.984,1.166
-1.051,-0.542
-0.982,-1.777
-1.039,-1.409
-1.085,0.53
-1.266,0.317
-1.246,-0.34
-1.512,-1.344
-1.471,1.284
-1.64,-0.281
-1.656,-0.054
-1.64,-1.421
-1.658,-2.013
-1.669,-0.542
-1.753,1.127
-1.797,-0.39
-2.244,-0.012
-2.226,-0.807
-2.296,-0.022
-2.401,1.118
-2.505,-0.04
-2.46,0.974
-2.577,-1.03
-2.666,-0.26
-2.807,0.276
-2.944,1.149
-2.929,0.275
-3.023,0.888
-3.064,1.68
-3.13,-0.266
3.111,-1.998
3.11,-0.55
2.896,-0.711
2.858,-1.569
2.795,-1.298
2.7,0.768
2.693,-1.254
2.588,-1.3
2.602,-1.662
2.526,-0.903
2.545,1.729
2.443,0.469
2.271,-2.221
2.057,-2.506
1.813,-2.179
1.663,-2.398
1.223,-2.209
0.702,-2.355
-0.225,-2.505
-0.856,-2.45
-1.098,-2.203
-2.185,-2.546
-2.431,-2.457
-2.875,-2.319
2.506,-2.346
2.495,-2.266
1.962,2.03
1.291,2.001
0.651,1.984
0.082,2.188
-0.087,1.819
-0.239,2.086
-0.624,2.098
-1.47,1.883
-1.645,1.924
-3.023,2.029
2.788,1.957
2.708,2.078
2.547,2.039
2.423,2.14
1.759,-1.809
1.522,-2.107
1.117,-1.886
0.686,1.479
-0.032,0.989
-1.582,-1.277
-1.622,-2.081
-1.995,0.449
2.357,-0.64
1.708,-2.537
1.313,-2.105
1.123,-2.369
2.573,-2.264
2.328,0.576
2.283,0.572
2.152,-1.14
2.236,0.231
2.224,-0.163
2.091,0.274
2.051,0.709
2.026,-2.078
1.905,-0.292
1.889,1.851
1.915,0.299
1.772,0.437
1.7,1.662
1.645,1.376
1.437,0.608
1.286,-1.023
1.334,0.657
1.33,1.125
1.172,-1.264
1.199,-0.631
1.168,-0.943
1.028,-1.873
0.955,-1.015
0.609,-0.789
0.735,-0.75
0.529,0.607
0.635,-2.06
0.529,0.691
0.238,-0.155
0.279,1.32
0.22,-1.142
0.182,1.255
0.14,1.464
-0.007,0.967
-0.052,-1.752
-0.185,-0.485
-0.203,-1.131
-0.131,1.751
-0.217,-2.107
-0.372,-2.142
-0.389,-1.181
-0.312,-1.254
-0.637,-2.027
-0.683,0.356
-0.626,-0.88
-0.7,0.403
-0.87,1.813
-0.843,-0.22
-0.901,-1.146
-1.061,-0.176
-1.237,1.551
-1.286,-0.766
-1.28,-0.655
-1.456,1.096
-1.353,-1.054
-1.529,-0.026
-1.612,-1.117
-1.53,-0.532
-1.768,1.306
-1.757,-0.876
-1.666,-0.112
-1.707,-0.593
-1.714,1.773
-1.926,-1.152
-1.976,-0.299
-2.092,-0.033
-2.174,-1.833
-2.24,1.023
-2.434,-1.603
-2.456,0.971
-2.36,0.077
-2.421,-2.048
-2.589,1.122
-2.597,-2.079
-2.567,-0.697
-2.732,0.779
-3.025,0.872
-2.872,0.708
-2.919,-1.154
-2.945,1.517
3.13,-2.166
2.92,-0.478
3.003,-0.473
2.706,1.841
2.78,-0.846
2.631,-0.701
2.44,0.029
2.353,-1.94
2.433,-0.718
2.062,-2.326
1.87,-2.489
1.618,-2.546
-0.03,-2.467
0.065,-2.461
-0.26,-2.537
-0.416,-2.297
-0.521,-2.494
-1.012,-2.169
-1.825,-2.454
-1.912,-2.169
-2.254,-2.301
-3.008,-2.683
2.891,-2.317
1.997,1.942
1.804,1.984
1.654,1.964
-0.128,1.978
-0.862,2.045
-1.732,1.939
-2.709,2.186
-3.014,1.885
3.097,1.907
3.006,2.193
2.262,1.6
1.259,-0.171
-0.26,1.627
-1.008,0.032
-1.992,-0.346
-3.027,-1.178
0.369,1.302
-2.231,0.851
-2.258,0.203
3.098,0.186
3.001,0.79
2.675,-0.69
2.668,1.302
2.458,-0.128
-0.945,-1.023
2.892,-1.01
0.003,1.967
-0.054,-0.055
0.014,3.157
-0.037,0.641
-0.078,2.853
-0.155,1.51
-0.086,2.27
-0.201,-0.511
-0.296,2.195
-0.274,0.8
-0.337,-0.173
-0.491,1.843
-0.483,-0.297
-0.525,3.299
-0.551,0.025
-0.622,1.249
-0.645,2.35
-0.607,1.022
-0.598,2.312
-0.889,1.365
-0.901,0.387
-0.912,2.648
-0.979,0.94
-0.91,-0.295
-0.967,0.073
-1.013,2.012
-1.194,1.799
-1.174,1.142
-1.44,0.138
-1.399,2.766
-1.568,1.201
-1.584,1.428
-1.568,0.061
-1.586,-0.531
-1.597,0.94
-1.681,2.609
-1.725,1.092
-2.172,1.47
-2.154,0.675
-2.224,1.46
-2.329,2.6
-2.433,1.442
-2.388,2.456
-2.505,0.452
-2.594,1.222
-2.735,1.758
-2.872,2.631
-2.857,1.757
-2.951,2.37
-2.992,3.162
-3.058,1.216
-3.1,-0.516
-3.101,0.932
2.968,0.771
2.93,-0.087
2.867,0.184
2.772,2.25
2.765,0.228
2.66,0.182
2.674,-0.18
2.598,0.579
2.617,3.211
2.515,1.951
2.343,-0.739
2.129,-1.024
1.885,-0.697
1.735,-0.916
1.295,-0.727
0.774,-0.873
-0.153,-1.023
-0.784,-0.968
-1.026,-0.721
-2.113,-1.064
-2.359,-0.975
-2.803,-0.837
2.578,-0.864
2.567,-0.784
2.034,3.512
1.363,3.483
0.723,3.466
0.154,3.67
-0.015,3.301
-0.167,3.568
-0.552,3.58
-1.398,3.365
-1.573,3.406
-2.951,3.511
2.86,3.439
2.78,3.56
2.619,3.521
2.495,3.622
1.831,-0.327
1.594,-0.625
1.189,-0.404
0.758,2.961
0.04,2.471
-1.51,0.205
-1.55,-0.599
-1.923,1.931
2.429,0.842
1.78,-1.055
1.385,-0.623
1.195,-0.887
2.645,-0.782
2.4,2.058
2.355,2.054
2.224,0.342
2.308,1.713
2.296,1.319
2.163,1.756
2.123,2.191
2.098,-0.596
1.977,1.19
1.961,3.333
1.987,1.781
1.844,1.919
1.772,3.144
1.717,2.858
1.509,2.09
1.358,0.459
1.406,2.139
1.402,2.607
1.244,0.218
1.271,0.851
1.24,0.539
1.1,-0.391
1.027,0.467
0.681,0.693
0.807,0.732
0.601,2.089
0.707,-0.578
0.601,2.173
0.31,1.327
0.351,2.802
0.292,0.34
0.254,2.737
0.212,2.946
0.065,2.449
0.02,-0.27
-0.113,0.997
-0.131,0.351
-0.059,3.233
-0.145,-0.625
-0.3,-0.66
-0.317,0.301
-0.24,0.228
-0.565,-0.545
-0.611,1.838
-0.554,0.602
-0.628,1.885
-0.798,3.295
-0.771,1.262
-0.829,0.336
-0.989,1.306
-1.165,3.033
-1.214,0.716
-1.208,0.827
-1.384,2.578
-1.281,0.428
-1.457,1.456
-1.54,0.365
-1.458,0.95
-1.696,2.788
-1.685,0.606
-1.594,1.37
-1.635,0.889
-1.642,3.255
-1.854,0.33
-1.904,1.183
-2.02,1.449
-2.102,-0.351
-2.168,2.505
-2.362,-0.121
-2.384,2.453
-2.288,1.559
-2.349,-0.566
-2.517,2.604
-2.525,-0.597
-2.495,0.785
-2.66,2.261
-2.953,2.354
-2.8,2.19
-2.847,0.328
-2.873,2.999
-3.081,-0.684
2.992,1.004
3.075,1.009
2.778,3.323
2.852,0.636
2.703,0.781
2.512,1.511
2.425,-0.458
2.505,0.764
2.134,-0.844
1.942,-1.007
1.69,-1.064
0.042,-0.985
0.137,-0.979
-0.188,-1.055
-0.344,-0.815
-0.449,-1.012
-0.94,-0.687
-1.753,-0.972
-1.84,-0.687
-2.182,-0.819
-2.936,-1.201
2.963,-0.835
2.069,3.424
1.876,3.466
1.726,3.446
-0.056,3.46
-0.79,3.527
-1.66,3.421
-2.637,3.668
-2.942,3.367
-3.114,3.389
3.078,3.675
2.334,3.082
1.331,1.311
-0.188,3.109
-0.936,1.514
-1.92,1.136
-2.955,0.304
0.441,2.784
-2.159,2.333
-2.186,1.685
-3.113,1.668
3.073,2.272
2.747,0.792
2.74,2.784
2.53,1.354
-0.873,0.459
2.964,0.472
-0.057,-2.022
0.011,1.19
-0.04,-1.326
-0.081,0.886
-0.158,-0.457
-0.089,0.303
-0.204,-2.478
-0.299,0.228
-0.277,-1.167
-0.34,-2.14
-0.494,-0.124
-0.486,-2.264
-0.528,1.332
-0.554,-1.942
-0.625,-0.718
-0.648,0.383
-0.61,-0.945
-0.601,0.345
-0.892,-0.602
-0.904,-1.58
-0.915,0.681
-0.982,-1.027
-0.913,-2.262
-0.97,-1.894
-1.016,0.045
-1.197,-0.168
-1.177,-0.825
-1.443,-1.829
-1.402,0.799
-1.571,-0.766
-1.587,-0.539
-1.571,-1.906
-1.589,-2.498
-1.6,-1.027
-1.684,0.642
-1.728,-0.875
-2.175,-0.497
-2.157,-1.292
-2.227,-0.507
-2.332,0.633
-2.436,-0.525
-2.391,0.489
-2.508,-1.515
-2.597,-0.745
-2.738,-0.209
-2.875,0.664
-2.86,-0.21
-2.954,0.403
-2.995,1.195
-3.061,-0.751
-3.103,-2.483
-3.104,-1.035
2.965,-1.196
2.927,-2.054
2.864,-1.783
2.769,0.283
2.762,-1.739
2.657,-1.785
2.671,-2.147
2.595,-1.388
2.614,1.244
2.512,-0.016
2.34,-2.706
2.126,-2.991
1.882,-2.664
1.732,-2.883
1.292,-2.694
0.771,-2.84
-0.156,-2.99
-0.787,-2.935
-1.029,-2.688
-2.116,-3.031
-2.362,-2.942
-2.806,-2.804
2.575,-2.831
2.564,-2.751
2.031,1.545
1.36,1.516
0.72,1.499
0.151,1.703
-0.018,1.334
-0.17,1.601
-0.555,1.613
-1.401,1.398
-1.576,1.439
-2.954,1.544
2.857,1.472
2.777,1.593
2.616,1.554
2.492,1.655
1.828,-2.294
1.591,-2.592
1.186,-2.371
0.755,0.994
0.037,0.504
-1.513,-1.762
-1.553,-2.566
-1.926,-0.036
2.426,-1.125
1.777,-3.022
1.382,-2.59
1.192,-2.854
2.642,-2.749
2.397,0.091
2.352,0.087
2.221,-1.625
2.305,-0.254
2.293,-0.648
2.16,-0.211
2.12,0.224
2.095,-2.563
1.974,-0.777
1.958,1.366
1.984,-0.186
1.841,-0.048
1.769,1.177
1.714,0.891
1.506,0.123
1.355,-1.508
1.403,0.172
1.399,0.64
1.241,-1.749
1.268,-1.116
1.237,-1.428
1.097,-2.358
1.024,-1.5
0.678,-1.274
0.804,-1.235
0.598,0.122
0.704,-2.545
0.598,0.206
0.307,-0.64
0.348,0.835
0.289,-1.627
0.251,0.77
0.209,0.979
0.062,0.482
0.017,-2.237
-0.116,-0.97
-0.134,-1.616
-0.062,1.266
-0.148,-2.592
-0.303,-2.627
-0.32,-1.666
-0.243,-1.739
-0.568,-2.512
-0.614,-0.129
-0.557,-1.365
-0.631,-0.082
-0.801,1.328
-0.774,-0.705
-0.832,-1.631
-0.992,-0.661
-1.168,1.066
-1.217,-1.251
-1.211,-1.14
-1.387,0.611
-1.284,-1.539
-1.46,-0.511
-1.543,-1.602
-1.461,-1.017
-1.699,0.821
-1.688,-1.361
-1.597,-0.597
-1.638,-1.078
-1.645,1.288
-1.857,-1.637
-1.907,-0.784
-2.023,-0.518
-2.105,-2.318
-2.171,0.538
-2.365,-2.088
-2.387,0.486
-2.291,-0.408
-2.352,-2.533
-2.52,0.637
-2.528,-2.564
-2.498,-1.182
-2.663,0.294
-2.956,0.387
-2.803,0.223
-2.85,-1.639
-2.876,1.032
-3.084,-2.651
2.989,-0.963
3.072,-0.958
2.775,1.356
2.849,-1.331
2.7,-1.186
2.509,-0.456
2.422,-2.425
2.502,-1.203
2.131,-2.811
1.939,-2.974
1.687,-3.031
0.039,-2.952
0.134,-2.946
-0.191,-3.022
-0.347,-2.782
-0.452,-2.979
-0.943,-2.654
-1.756,-2.939
-1.843,-2.654
-2.185,-2.786
-2.939,-3.168
2.96,-2.802
2.066,1.457
1.873,1.499
1.723,1.479
-0.059,1.493
-0.793,1.56
-1.663,1.454
-2.64,1.701
-2.945,1.4
-3.117,1.422
3.075,1.708
2.331,1.115
1.328,-0.656
-0.191,1.142
-0.939,-0.453
-1.923,-0.831
-2.958,-1.663
0.438,0.817
-2.162,0.366
-2.189,-0.282
-3.116,-0.299
3.07,0.305
2.744,-1.175
2.737,0.817
2.527,-0.613
-0.876,-1.508
2.961,-1.495
0.068,3.212
0.017,0.696
-0.024,2.908
-0.101,1.565
-0.032,2.325
-0.147,-0.456
-0.242,2.25
-0.22,0.855
-0.283,-0.118
-0.437,1.898
-0.429,-0.242
-0.471,3.354
-0.497,0.08
-0.568,1.304
-0.591,2.405
-0.553,1.077
-0.544,2.367
-0.835,1.42
-0.847,0.442
-0.858,2.703
-0.925,0.995
-0.856,-0.24
-0.913,0.128
-0.959,2.067
-1.14,1.854
-1.12,1.197
-1.386,0.193
-1.345,2.821
-1.514,1.256
-1.53,1.483
-1.514,0.116
-1.532,-0.476
-1.543,0.995
-1.627,2.664
-1.671,1.147
-2.118,1.525
-2.1,0.73
-2.17,1.515
-2.275,2.655
-2.379,1.497
-2.334,2.511
-2.451,0.507
-2.54,1.277
-2.681,1.813
-2.818,2.686
-2.803,1.812
-2.897,2.425
-2.938,3.217
-3.004,1.271
-3.046,-0.461
-3.047,0.987
3.022,0.826
2.984,-0.032
2.921,0.239
2.826,2.305
2.819,0.283
2.714,0.237
2.728,-0.125
2.652,0.634
2.671,3.266
2.569,2.006
2.397,-0.684
2.183,-0.969
1.939,-0.642
1.789,-0.861
1.349,-0.672
0.828,-0.818
-0.099,-0.968
-0.73,-0.913
-0.972,-0.666
-2.059,-1.009
-2.305,-0.92
-2.749,-0.782
2.632,-0.809
2.621,-0.729
2.088,3.567
1.417,3.538
0.777,3.521
0.208,3.725
0.039,3.356
-0.113,3.623
-0.498,3.635
-1.344,3.42
-1.519,3.461
-2.897,3.566
2.914,3.494
2.834,3.615
2.673,3.576
2.549,3.677
1.885,-0.272
1.648,-0.57
1.243,-0.349
0.812,3.016
0.094,2.526
-1.456,0.26
-1.496,-0.544
-1.869,1.986
2.483,0.897
1.834,-1.0
1.439,-0.568
1.249,-0.832
2.699,-0.727
2.454,2.113
2.409,2.109
2.278,0.397
2.362,1.768
2.35,1.374
2.217,1.811
2.177,2.246
2.152,-0.541
2.031,1.245
2.015,3.388
2.041,1.836
1.898,1.974
1.826,3.199
1.771,2.913
1.563,2.145
1.412,0.514
1.46,2.194
1.456,2.662
1.298,0.273
1.325,0.906
1.294,0.594
1.154,-0.336
1.081,0.522
0.735,0.748
0.861,0.787
0.655,2.144
0.761,-0.523
0.655,2.228
0.364,1.382
0.405,2.857
0.346,0.395
0.308,2.792
0.266,3.001
0.119,2.504
0.074,-0.215
-0.059,1.052
-0.077,0.406
-0.005,3.288
-0.091,-0.57
-0.246,-0.605
-0.263,0.356
-0.186,0.283
-0.511,-0.49
-0.557,1.893
-0.5,0.657
-0.574,1.94
-0.744,3.35
-0.717,1.317
-0.775,0.391
-0.935,1.361
-1.111,3.088
-1.16,0.771
-1.154,0.882
-1.33,2.633
-1.227,0.483
-1.403,1.511
-1.486,0.42
-1.404,1.005
-1.642,2.843
-1.631,0.661
-1.54,1.425
-1.581,0.944
-1.588,3.31
-1.8,0.385
-1.85,1.238
-1.966,1.504
-2.048,-0.296
-2.114,2.56
-2.308,-0.066
-2.33,2.508
-2.234,1.614
-2.295,-0.511
-2.463,2.659
-2.471,-0.542
-2.441,0.84
-2.606,2.316
-2.899,2.409
-2.746,2.245
-2.793,0.383
-2.819,3.054
-3.027,-0.629
3.046,1.059
3.129,1.064
2.832,3.378
2.906,0.691
2.757,0.836
2.566,1.566
2.479,-0.403
2.559,0.819
2.188,-0.789
1.996,-0.952
1.744,-1.009
0.096,-0.93
0.191,-0.924
-0.134,-1.0
-0.29,-0.76
-0.395,-0.957
-0.886,-0.632
-1.699,-0.917
-1.786,-0.632
-2.128,-0.764
-2.882,-1.146
3.017,-0.78
2.123,3.479
1.93,3.521
1.78,3.501
-0.002,3.515
-0.736,3.582
-1.606,3.476
-2.583,3.723
-2.888,3.422
-3.06,3.444
3.132,3.73
2.388,3.137
1.385,1.366
-0.134,3.164
-0.882,1.569
-1.866,1.191
-2.901,0.359
0.495,2.839
-2.105,2.388
-2.132,1.74
-3.059,1.723
3.127,2.327
2.801,0.847
2.794,2.839
2.584,1.409
-0.819,0.514
3.018,0.527
-0.051,-2.516
-0.092,-0.304
-0.169,-1.647
-0.1,-0.887
-0.215,-3.668
-0.31,-0.962
-0.288,-2.357
-0.351,-3.33
-0.505,-1.314
-0.497,-3.454
-0.539,0.142
-0.565,-3.132
-0.636,-1.908
-0.659,-0.807
-0.621,-2.135
-0.612,-0.845
-0.903,-1.792
-0.915,-2.77
-0.926,-0.509
-0.993,-2.217
-0.924,-3.452
-0.981,-3.084
-1.027,-1.145
-1.208,-1.358
-1.188,-2.015
-1.454,-3.019
-1.413,-0.391
-1.582,-1.956
-1.598,-1.729
-1.582,-3.096
-1.6,-3.688
-1.611,-2.217
-1.695,-0.548
-1.739,-2.065
-2.186,-1.687
-2.168,-2.482
-2.238,-1.697
-2.343,-0.557
-2.447,-1.715
-2.402,-0.701
-2.519,-2.705
-2.608,-1.935
-2.749,-1.399
-2.886,-0.526
-2.871,-1.4
-2.965,-0.787
-3.006,0.005
-3.072,-1.941
-3.114,-3.673
-3.115,-2.225
2.954,-2.386
2.916,-3.244
2.853,-2.973
2.758,-0.907
2.751,-2.929
2.646,-2.975
2.66,-3.337
2.584,-2.578
2.603,0.054
2.501,-1.206
2.329,-3.896
2.115,-4.181
1.871,-3.854
1.721,-4.073
1.281,-3.884
0.76,-4.03
-0.167,-4.18
-0.798,-4.125
-1.04,-3.878
-2.127,-4.221
-2.373,-4.132
-2.817,-3.994
2.564,-4.021
2.553,-3.941
2.02,0.355
1.349,0.326
0.709,0.309
0.14,0.513
-0.029,0.144
-0.181,0.411
-0.566,0.423
-1.412,0.208
-1.587,0.249
-2.965,0.354
2.846,0.282
2.766,0.403
2.605,0.364
2.481,0.465
1.817,-3.484
1.58,-3.782
1.175,-3.561
0.744,-0.196
0.026,-0.686
-1.524,-2.952
-1.564,-3.756
-1.937,-1.226
2.415,-2.315
1.766,-4.212
1.371,-3.78
1.181,-4.044
2.631,-3.939
2.386,-1.099
2.341,-1.103
2.21,-2.815
2.294,-1.444
2.282,-1.838
2.149,-1.401
2.109,-0.966
2.084,-3.753
1.963,-1.967
1.947,0.176
1.973,-1.376
1.83,-1.238
1.758,-0.013
1.703,-0.299
1.495,-1.067
1.344,-2.698
1.392,-1.018
1.388,-0.55
1.23,-2.939
1.257,-2.306
1.226,-2.618
1.086,-3.548
1.013,-2.69
0.667,-2.464
0.793,-2.425
0.587,-1.068
0.693,-3.735
0.587,-0.984
0.296,-1.83
0.337,-0.355
0.278,-2.817
0.24,-0.42
0.198,-0.211
0.051,-0.708
0.006,-3.427
-0.127,-2.16
-0.145,-2.806
-0.073,0.076
-0.159,-3.782
-0.314,-3.817
-0.331,-2.856
-0.254,-2.929
-0.579,-3.702
-0.625,-1.319
-0.568,-2.555
-0.642,-1.272
-0.812,0.138
-0.785,-1.895
-0.843,-2.821
-1.003,-1.851
-1.179,-0.124
-1.228,-2.441
-1.222,-2.33
-1.398,-0.579
-1.295,-2.729
-1.471,-1.701
-1.554,-2.792
-1.472,-2.207
-1.71,-0.369
-1.699,-2.551
-1.608,-1.787
-1.649,-2.268
-1.656,0.098
-1.868,-2.827
-1.918,-1.974
-2.034,-1.708
-2.116,-3.508
-2.182,-0.652
-2.376,-3.278
-2.398,-0.704
-2.302,-1.598
-2.363,-3.723
-2.531,-0.553
-2.539,-3.754
-2.509,-2.372
-2.674,-0.896
-2.967,-0.803
-2.814,-0.967
-2.861,-2.829
-2.887,-0.158
-3.095,-3.841
2.978,-2.153
3.061,-2.148
2.764,0.166
2.838,-2.521
2.689,-2.376
2.498,-1.646
2.411,-3.615
2.491,-2.393
2.12,-4.001
1.928,-4.164
1.676,-4.221
0.028,-4.142
0.123,-4.136
-0.202,-4.212
-0.358,-3.972
-0.463,-4.169
-0.954,-3.844
-1.767,-4.129
-1.854,-3.844
-2.196,-3.976
-2.95,-4.358
2.949,-3.992
2.055,0.267
1.862,0.309
1.712,0.289
-0.07,0.303
-0.804,0.37
-1.674,0.264
-2.651,0.511
-2.956,0.21
-3.128,0.232
3.064,0.518
2.32,-0.075
1.317,-1.846
-0.202,-0.048
-0.95,-1.643
-1.934,-2.021
-2.969,-2.853
0.427,-0.373
-2.173,-0.824
-2.2,-1.472
-3.127,-1.489
3.059,-0.885
2.733,-2.365
2.726,-0.373
2.516,-1.803
-0.887,-2.698
2.95,-2.685
-0.041,2.212
-0.118,0.869
-0.049,1.629
-0.164,-1.152
-0.259,1.554
-0.237,0.159
-0.3,-0.814
-0.454,1.202
-0.446,-0.938
-0.488,2.658
-0.514,-0.616
-0.585,0.608
-0.608,1.709
-0.57,0.381
-0.561,1.671
-0.852,0.724
-0.864,-0.254
-0.875,2.007
-0.942,0.299
-0.873,-0.936
-0.93,-0.568
-0.976,1.371
-1.157,1.158
-1.137,0.501
-1.403,-0.503
-1.362,2.125
-1.531,0.56
-1.547,0.787
-1.531,-0.58
-1.549,-1.172
-1.56,0.299
-1.644,1.968
-1.688,0.451
-2.135,0.829
-2.117,0.034
-2.187,0.819
-2.292,1.959
-2.396,0.801
-2.351,1.815
-2.468,-0.189
-2.557,0.581
-2.698,1.117
-2.835,1.99
-2.82,1.116
-2.914,1.729
-2.955,2.521
-3.021,0.575
-3.063,-1.157
-3.064,0.291
3.005,0.13
2.967,-0.728
2.904,-0.457
2.809,1.609
2.802,-0.413
2.697,-0.459
2.711,-0.821
2.635,-0.062
2.654,2.57
2.552,1.31
2.38,-1.38
2.166,-1.665
1.922,-1.338
1.772,-1.557
1.332,-1.368
0.811,-1.514
-0.116,-1.664
-0.747,-1.609
-0.989,-1.362
-2.076,-1.705
-2.322,-1.616
-2.766,-1.478
2.615,-1.505
2.604,-1.425
2.071,2.871
1.4,2.842
0.76,2.825
0.191,3.029
0.022,2.66
-0.13,2.927
-0.515,2.939
-1.361,2.724
-1.536,2.765
-2.914,2.87
2.897,2.798
2.817,2.919
2.656,2.88
2.532,2.981
1.868,-0.968
1.631,-1.266
1.226,-1.045
0.795,2.32
0.077,1.83
-1.473,-0.436
-1.513,-1.24
-1.886,1.29
2.466,0.201
1.817,-1.696
1.422,-1.264
1.232,-1.528
2.682,-1.423
2.437,1.417
2.392,1.413
2.261,-0.299
2.345,1.072
2.333,0.678
2.2,1.115
2.16,1.55
2.135,-1.237
2.014,0.549
1.998,2.692
2.024,1.14
1.881,1.278
1.809,2.503
1.754,2.217
1.546,1.449
1.395,-0.182
1.443,1.498
1.439,1.966
1.281,-0.423
1.308,0.21
1.277,-0.102
1.137,-1.032
1.064,-0.174
0.718,0.052
0.844,0.091
0.638,1.448
0.744,-1.219
0.638,1.532
0.347,0.686
0.388,2.161
0.329,-0.301
0.291,2.096
0.249,2.305
0.102,1.808
0.057,-0.911
-0.076,0.356
-0.094,-0.29
-0.022,2.592
-0.108,-1.266
-0.263,-1.301
-0.28,-0.34
-0.203,-0.413
-0.528,-1.186
-0.574,1.197
-0.517,-0.039
-0.591,1.244
-0.761,2.654
-0.734,0.621
-0.792,-0.305
-0.952,0.665
-1.128,2.392
-1.177,0.075
-1.171,0.186
-1.347,1.937
-1.244,-0.213
-1.42,0.815
-1.503,-0.276
-1.421,0.309
-1.659,2.147
-1.648,-0.035
-1.557,0.729
-1.598,0.248
-1.605,2.614
-1.817,-0.311
-1.867,0.542
-1.983,0.808
-2.065,-0.992
-2.131,1.864
-2.325,-0.762
-2.347,1.812
-2.251,0.918
-2.312,-1.207
-2.48,1.963
-2.488,-1.238
-2.458,0.144
-2.623,1.62
-2.916,1.713
-2.763,1.549
-2.81,-0.313
-2.836,2.358
-3.044,-1.325
3.029,0.363
3.112,0.368
2.815,2.682
2.889,-0.005
2.74,0.14
2.549,0.87
2.462,-1.099
2.542,0.123
2.171,-1.485
1.979,-1.648
1.727,-1.705
0.079,-1.626
0.174,-1.62
-0.151,-1.696
-0.307,-1.456
-0.412,-1.653
-0.903,-1.328
-1.716,-1.613
-1.803,-1.328
-2.145,-1.46
-2.899,-1.842
3.0,-1.476
2.106,2.783
1.913,2.825
1.763,2.805
-0.019,2.819
-0.753,2.886
-1.623,2.78
-2.6,3.027
-2.905,2.726
-3.077,2.748
3.115,3.034
2.371,2.441
1.368,0.67
-0.151,2.468
-0.899,0.873
-1.883,0.495
-2.918,-0.337
0.478,2.143
-2.122,1.692
-2.149,1.044
-3.076,1.027
3.11,1.631
2.784,0.151
2.777,2.143
2.567,0.713
-0.836,-0.182
3.001,-0.169
-0.077,-1.343
-0.008,-0.583
-0.123,-3.364
-0.218,-0.658
-0.196,-2.053
-0.259,-3.026
-0.413,-1.01
-0.405,-3.15
-0.447,0.446
-0.473,-2.828
-0.544,-1.604
-0.567,-0.503
-0.529,-1.831
-0.52,-0.541
-0.811,-1.488
-0.823,-2.466
-0.834,-0.205
-0.901,-1.913
-0.832,-3.148
-0.889,-2.78
-0.935,-0.841
-1.116,-1.054
-1.096,-1.711
-1.362,-2.715
-1.321,-0.087
-1.49,-1.652
-1.506,-1.425
-1.49,-2.792
-1.508,-3.384
-1.519,-1.913
-1.603,-0.244
-1.647,-1.761
-2.094,-1.383
-2.076,-2.178
-2.146,-1.393
-2.251,-0.253
-2.355,-1.411
-2.31,-0.397
-2.427,-2.401
-2.516,-1.631
-2.657,-1.095
-2.794,-0.222
-2.779,-1.096
-2.873,-0.483
-2.914,0.309
-2.98,-1.637
-3.022,-3.369
-3.023,-1.921
3.046,-2.082
3.008,-2.94
2.945,-2.669
2.85,-0.603
2.843,-2.625
2.738,-2.671
2.752,-3.033
2.676,-2.274
2.695,0.358
2.593,-0.902
2.421,-3.592
2.207,-3.877
1.963,-3.55
1.813,-3.769
1.373,-3.58
0.852,-3.726
-0.075,-3.876
-0.706,-3.821
-0.948,-3.574
-2.035,-3.917
-2.281,-3.828
-2.725,-3.69
2.656,-3.717
2.645,-3.637
2.112,0.659
1.441,0.63
0.801,0.613
0.232,0.817
0.063,0.448
-0.089,0.715
-0.474,0.727
-1.32,0.512
-1.495,0.553
-2.873,0.658
2.938,0.586
2.858,0.707
2.697,0.668
2.573,0.769
1.909,-3.18
1.672,-3.478
1.267,-3.257
0.836,0.108
0.118,-0.382
-1.432,-2.648
-1.472,-3.452
-1.845,-0.922
2.507,-2.011
1.858,-3.908
1.463,-3.476
1.273,-3.74
2.723,-3.635
2.478,-0.795
2.433,-0.799
2.302,-2.511
2.386,-1.14
2.374,-1.534
2.241,-1.097
2.201,-0.662
2.176,-3.449
2.055,-1.663
2.039,0.48
2.065,-1.072
1.922,-0.934
1.85,0.291
1.795,0.005
1.587,-0.763
1.436,-2.394
1.484,-0.714
1.48,-0.246
1.322,-2.635
1.349,-2.002
1.318,-2.314
1.178,-3.244
1.105,-2.386
0.759,-2.16
0.885,-2.121
0.679,-0.764
0.785,-3.431
0.679,-0.68
0.388,-1.526
0.429,-0.051
0.37,-2.513
0.332,-0.116
0.29,0.093
0.143,-0.404
0.098,-3.123
-0.035,-1.856
-0.053,-2.502
0.019,0.38
-0.067,-3.478
-0.222,-3.513
-0.239,-2.552
-0.162,-2.625
-0.487,-3.398
-0.533,-1.015
-0.476,-2.251
-0.55,-0.968
-0.72,0.442
-0.693,-1.591
-0.751,-2.517
-0.911,-1.547
-1.087,0.18
-1.136,-2.137
-1.13,-2.026
-1.306,-0.275
-1.203,-2.425
-1.379,-1.397
-1.462,-2.488
-1.38,-1.903
-1.618,-0.065
-1.607,-2.247
-1.516,-1.483
-1.557,-1.964
-1.564,0.402
-1.776,-2.523
-1.826,-1.67
-1.942,-1.404
-2.024,-3.204
-2.09,-0.348
-2.284,-2.974
-2.306,-0.4
-2.21,-1.294
-2.271,-3.419
-2.439,-0.249
-2.447,-3.45
-2.417,-2.068
-2.582,-0.592
-2.875,-0.499
-2.722,-0.663
-2.769,-2.525
-2.795,0.146
-3.003,-3.537
3.07,-1.849
-3.13,-1.844
2.856,0.47
2.93,-2.217
2.781,-2.072
2.59,-1.342
2.503,-3.311
2.583,-2.089
2.212,-3.697
2.02,-3.86
1.768,-3.917
0.12,-3.838
0.215,-3.832
-0.11,-3.908
-0.266,-3.668
-0.371,-3.865
-0.862,-3.54
-1.675,-3.825
-1.762,-3.54
-2.104,-3.672
-2.858,-4.054
3.041,-3.688
2.147,0.571
1.954,0.613
1.804,0.593
0.022,0.607
-0.712,0.674
-1.582,0.568
-2.559,0.815
-2.864,0.514
-3.036,0.536
-3.127,0.822
2.412,0.229
1.409,-1.542
-0.11,0.256
-0.858,-1.339
-1.842,-1.717
-2.877,-2.549
0.519,-0.069
-2.081,-0.52
-2.108,-1.168
-3.035,-1.185
-3.132,-0.581
2.825,-2.061
2.818,-0.069
2.608,-1.499
-0.795,-2.394
3.042,-2.381
0.069,0.76
-0.046,-2.021
-0.141,0.685
-0.119,-0.71
-0.182,-1.683
-0.336,0.333
-0.328,-1.807
-0.37,1.789
-0.396,-1.485
-0.467,-0.261
-0.49,0.84
-0.452,-0.488
-0.443,0.802
-0.734,-0.145
-0.746,-1.123
-0.757,1.138
-0.824,-0.57
-0.755,-1.805
-0.812,-1.437
-0.858,0.502
-1.039,0.289
-1.019,-0.368
-1.285,-1.372
-1.244,1.256
-1.413,-0.309
-1.429,-0.082
-1.413,-1.449
-1.431,-2.041
-1.442,-0.57
-1.526,1.099
-1.57,-0.418
-2.017,-0.04
-1.999,-0.835
-2.069,-0.05
-2.174,1.09
-2.278,-0.068
-2.233,0.946
-2.35,-1.058
-2.439,-0.288
-2.58,0.248
-2.717,1.121
-2.702,0.247
-2.796,0.86
-2.837,1.652
-2.903,-0.294
-2.945,-2.026
-2.946,-0.578
3.123,-0.739
3.085,-1.597
3.022,-1.326
2.927,0.74
2.92,-1.282
2.815,-1.328
2.829,-1.69
2.753,-0.931
2.772,1.701
2.67,0.441
2.498,-2.249
2.284,-2.534
2.04,-2.207
1.89,-2.426
1.45,-2.237
0.929,-2.383
0.002,-2.533
-0.629,-2.478
-0.871,-2.231
-1.958,-2.574
-2.204,-2.485
-2.648,-2.347
2.733,-2.374
2.722,-2.294
2.189,2.002
1.518,1.973
0.878,1.956
0.309,2.16
0.14,1.791
-0.012,2.058
-0.397,2.07
-1.243,1.855
-1.418,1.896
-2.796,2.001
3.015,1.929
2.935,2.05
2.774,2.011
2.65,2.112
1.986,-1.837
1.749,-2.135
1.344,-1.914
0.913,1.451
0.195,0.961
-1.355,-1.305
-1.395,-2.109
-1.768,0.421
2.584,-0.668
1.935,-2.565
1.54,-2.133
1.35,-2.397
2.8,-2.292
2.555,0.548
2.51,0.544
2.379,-1.168
2.463,0.203
2.451,-0.191
2.318,0.246
2.278,0.681
2.253,-2.106
2.132,-0.32
2.116,1.823
2.142,0.271
1.999,0.409
1.927,1.634
1.872,1.348
1.664,0.58
1.513,-1.051
1.561,0.629
1.557,1.097
1.399,-1.292
1.426,-0.659
1.395,-0.971
1.255,-1.901
1.182,-1.043
0.836,-0.817
0.962,-0.778
0.756,0.579
0.862,-2.088
0.756,0.663
0.465,-0.183
0.506,1.292
0.447,-1.17
0.409,1.227
0.367,1.436
0.22,0.939
0.175,-1.78
0.042,-0.513
0.024,-1.159
0.096,1.723
0.01,-2.135
-0.145,-2.17
-0.162,-1.209
-0.085,-1.282
-0.41,-2.055
-0.456,0.328
-0.399,-0.908
-0.473,0.375
-0.643,1.785
-0.616,-0.248
-0.674,-1.174
-0.834,-0.204
-1.01,1.523
-1.059,-0.794
-1.053,-0.683
-1.229,1.068
-1.126,-1.082
-1.302,-0.054
-1.385,-1.145
-1.303,-0.56
-1.541,1.278
-1.53,-0.904
-1.439,-0.14
-1.48,-0.621
-1.487,1.745
-1.699,-1.18
-1.749,-0.327
-1.865,-0.061
-1.947,-1.861
-2.013,0.995
-2.207,-1.631
-2.229,0.943
-2.133,0.049
-2.194,-2.076
-2.362,1.094
-2.37,-2.107
-2.34,-0.725
-2.505,0.751
-2.798,0.844
-2.645,0.68
-2.692,-1.182
-2.718,1.489
-2.926,-2.194
-3.136,-0.506
-3.053,-0.501
2.933,1.813
3.007,-0.874
2.858,-0.729
2.667,0.001
2.58,-1.968
2.66,-0.746
2.289,-2.354
2.097,-2.517
1.845,-2.574
0.197,-2.495
0.292,-2.489
-0.033,-2.565
-0.189,-2.325
-0.294,-2.522
-0.785,-2.197
-1.598,-2.482
-1.685,-2.197
-2.027,-2.329
-2.781,-2.711
3.118,-2.345
2.224,1.914
2.031,1.956
1.881,1.936
0.099,1.95
-0.635,2.017
-1.505,1.911
-2.482,2.158
-2.787,1.857
-2.959,1.879
-3.05,2.165
2.489,1.572
1.486,-0.199
-0.033,1.599
-0.781,0.004
-1.765,-0.374
-2.8,-1.206
0.596,1.274
-2.004,0.823
-2.031,0.175
-2.958,0.158
-3.055,0.762
2.902,-0.718
2.895,1.274
2.685,-0.156
-0.718,-1.051
3.119,-1.038
-0.115,-2.781
-0.21,-0.075
-0.188,-1.47
-0.251,-2.443
-0.405,-0.427
-0.397,-2.567
-0.439,1.029
-0.465,-2.245
-0.536,-1.021
-0.559,0.08
-0.521,-1.248
-0.512,0.042
-0.803,-0.905
-0.815,-1.883
-0.826,0.378
-0.893,-1.33
-0.824,-2.565
-0.881,-2.197
-0.927,-0.258
-1.108,-0.471
-1.088,-1.128
-1.354,-2.132
-1.313,0.496
-1.482,-1.069
-1.498,-0.842
-1.482,-2.209
-1.5,-2.801
-1.511,-1.33
-1.595,0.339
-1.639,-1.178
-2.086,-0.8
-2.068,-1.595
-2.138,-0.81
-2.243,0.33
-2.347,-0.828
-2.302,0.186
-2.419,-1.818
-2.508,-1.048
-2.649,-0.512
-2.786,0.361
-2.771,-0.513
-2.865,0.1
-2.906,0.892
-2.972,-1.054
-3.014,-2.786
-3.015,-1.338
3.054,-1.499
3.016,-2.357
2.953,-2.086
2.858,-0.02
2.851,-2.042
2.746,-2.088
2.76,-2.45
2.684,-1.691
2.703,0.941
2.601,-0.319
2.429,-3.009
2.215,-3.294
1.971,-2.967
1.821,-3.186
1.381,-2.997
0.86,-3.143
-0.067,-3.293
-0.698,-3.238
-0.94,-2.991
-2.027,-3.334
-2.273,-3.245
-2.717,-3.107
2.664,-3.134
2.653,-3.054
2.12,1.242
1.449,1.213
0.809,1.196
0.24,1.4
0.071,1.031
-0.081,1.298
-0.466,1.31
-1.312,1.095
-1.487,1.136
-2.865,1.241
2.946,1.169
2.866,1.29
2.705,1.251
2.581,1.352
1.917,-2.597
1.68,-2.895
1.275,-2.674
0.844,0.691
0.126,0.201
-1.424,-2.065
-1.464,-2.869
-1.837,-0.339
2.515,-1.428
1.866,-3.325
1.471,-2.893
1.281,-3.157
2.731,-3.052
2.486,-0.212
2.441,-0.216
2.31,-1.928
2.394,-0.557
2.382,-0.951
2.249,-0.514
2.209,-0.079
2.184,-2.866
2.063,-1.08
2.047,1.063
2.073,-0.489
1.93,-0.351
1.858,0.874
1.803,0.588
1.595,-0.18
1.444,-1.811
1.492,-0.131
1.488,0.337
1.33,-2.052
1.357,-1.419
1.326,-1.731
1.186,-2.661
1.113,-1.803
0.767,-1.577
0.893,-1.538
0.687,-0.181
0.793,-2.848
0.687,-0.097
0.396,-0.943
0.437,0.532
0.378,-1.93
0.34,0.467
0.298,0.676
0.151,0.179
0.106,-2.54
-0.027,-1.273
-0.045,-1.919
0.027,0.963
-0.059,-2.895
-0.214,-2.93
-0.231,-1.969
-0.154,-2.042
-0.479,-2.815
-0.525,-0.432
-0.468,-1.668
-0.542,-0.385
-0.712,1.025
-0.685,-1.008
-0.743,-1.934
-0.903,-0.964
-1.079,0.763
-1.128,-1.554
-1.122,-1.443
-1.298,0.308
-1.195,-1.842
-1.371,-0.814
-1.454,-1.905
-1.372,-1.32
-1.61,0.518
-1.599,-1.664
-1.508,-0.9
-1.549,-1.381
-1.556,0.985
-1.768,-1.94
-1.818,-1.087
-1.934,-0.821
-2.016,-2.621
-2.082,0.235
-2.276,-2.391
-2.298,0.183
-2.202,-0.711
-2.263,-2.836
-2.431,0.334
-2.439,-2.867
-2.409,-1.485
-2.574,-0.009
-2.867,0.084
-2.714,-0.08
-2.761,-1.942
-2.787,0.729
-2.995,-2.954
3.078,-1.266
-3.122,-1.261
2.864,1.053
2.938,-1.634
2.789,-1.489
2.598,-0.759
2.511,-2.728
2.591,-1.506
2.22,-3.114
2.028,-3.277
1.776,-3.334
0.128,-3.255
0.223,-3.249
-0.102,-3.325
-0.258,-3.085
-0.363,-3.282
-0.854,-2.957
-1.667,-3.242
-1.754,-2.957
-2.096,-3.089
-2.85,-3.471
3.049,-3.105
2.155,1.154
1.962,1.196
1.812,1.176
0.03,1.19
-0.704,1.257
-1.574,1.151
-2.551,1.398
-2.856,1.097
-3.028,1.119
-3.119,1.405
2.42,0.812
1.417,-0.959
-0.102,0.839
-0.85,-0.756
-1.834,-1.134
-2.869,-1.966
0.527,0.514
-2.073,0.063
-2.1,-0.585
-3.027,-0.602
-3.124,0.002
2.833,-1.478
2.826,0.514
2.616,-0.916
-0.787,-1.811
3.05,-1.798
-0.095,2.706
-0.073,1.311
-0.136,0.338
-0.29,2.354
-0.282,0.214
-0.324,3.81
-0.35,0.536
-0.421,1.76
-0.444,2.861
-0.406,1.533
-0.397,2.823
-0.688,1.876
-0.7,0.898
-0.711,3.159
-0.778,1.451
-0.709,0.216
-0.766,0.584
-0.812,2.523
-0.993,2.31
-0.973,1.653
-1.239,0.649
-1.198,3.277
-1.367,1.712
-1.383,1.939
-1.367,0.572
-1.385,-0.02
-1.396,1.451
-1.48,3.12
-1.524,1.603
-1.971,1.981
-1.953,1.186
-2.023,1.971
-2.128,3.111
-2.232,1.953
-2.187,2.967
-2.304,0.963
-2.393,1.733
-2.534,2.269
-2.671,3.142
-2.656,2.268
-2.75,2.881
-2.791,3.673
-2.857,1.727
-2.899,-0.005
-2.9,1.443
-3.114,1.282
3.131,0.424
3.068,0.695
2.973,2.761
2.966,0.739
2.861,0.693
2.875,0.331
2.799,1.09
2.818,3.722
2.716,2.462
2.544,-0.228
2.33,-0.513
2.086,-0.186
1.936,-0.405
1.496,-0.216
0.975,-0.362
0.048,-0.512
-0.583,-0.457
-0.825,-0.21
-1.912,-0.553
-2.158,-0.464
-2.602,-0.326
2.779,-0.353
2.768,-0.273
2.235,4.023
1.564,3.994
0.924,3.977
0.355,4.181
0.186,3.812
0.034,4.079
-0.351,4.091
-1.197,3.876
-1.372,3.917
-2.75,4.022
3.061,3.95
2.981,4.071
2.82,4.032
2.696,4.133
2.032,0.184
1.795,-0.114
1.39,0.107
0.959,3.472
0.241,2.982
-1.309,0.716
-1.349,-0.088
-1.722,2.442
2.63,1.353
1.981,-0.544
1.586,-0.112
1.396,-0.376
2.846,-0.271
2.601,2.569
2.556,2.565
2.425,0.853
2.509,2.224
2.497,1.83
2.364,2.267
2.324,2.702
2.299,-0.085
2.178,1.701
2.162,3.844
2.188,2.292
2.045,2.43
1.973,3.655
1.918,3.369
1.71,2.601
1.559,0.97
1.607,2.65
1.603,3.118
1.445,0.729
1.472,1.362
1.441,1.05
1.301,0.12
1.228,0.978
0.882,1.204
1.008,1.243
0.802,2.6
0.908,-0.067
0.802,2.684
0.511,1.838
0.552,3.313
0.493,0.851
0.455,3.248
0.413,3.457
0.266,2.96
0.221,0.241
0.088,1.508
0.07,0.862
0.142,3.744
0.056,-0.114
-0.099,-0.149
-0.116,0.812
-0.039,0.739
-0.364,-0.034
-0.41,2.349
-0.353,1.113
-0.427,2.396
-0.597,3.806
-0.57,1.773
-0.628,0.847
-0.788,1.817
-0.964,3.544
-1.013,1.227
-1.007,1.338
-1.183,3.089
-1.08,0.939
-1.256,1.967
-1.339,0.876
-1.257,1.461
-1.495,3.299
-1.484,1.117
-1.393,1.881
-1.434,1.4
-1.441,3.766
-1.653,0.841
-1.703,1.694
-1.819,1.96
-1.901,0.16
-1.967,3.016
-2.161,0.39
-2.183,2.964
-2.087,2.07
-2.148,-0.055
-2.316,3.115
-2.324,-0.086
-2.294,1.296
-2.459,2.772
-2.752,2.865
-2.599,2.701
-2.646,0.839
-2.672,3.51
-2.88,-0.173
-3.09,1.515
-3.007,1.52
2.979,3.834
3.053,1.147
2.904,1.292
2.713,2.022
2.626,0.053
2.706,1.275
2.335,-0.333
2.143,-0.496
1.891,-0.553
0.243,-0.474
0.338,-0.468
0.013,-0.544
-0.143,-0.304
-0.248,-0.501
-0.739,-0.176
-1.552,-0.461
-1.639,-0.176
-1.981,-0.308
-2.735,-0.69
-3.119,-0.324
2.27,3.935
2.077,3.977
1.927,3.957
0.145,3.971
-0.589,4.038
-1.459,3.932
-2.436,4.179
-2.741,3.878
-2.913,3.9
-3.004,4.186
2.535,3.593
1.532,1.822
0.013,3.62
-0.735,2.025
-1.719,1.647
-2.754,0.815
0.642,3.295
-1.958,2.844
-1.985,2.196
-2.912,2.179
-3.009,2.783
2.948,1.303
2.941,3.295
2.731,1.865
-0.672,0.97
-3.118,0.983
0.022,-1.395
-0.041,-2.368
-0.195,-0.352
-0.187,-2.492
-0.229,1.104
-0.255,-2.17
-0.326,-0.946
-0.349,0.155
-0.311,-1.173
-0.302,0.117
-0.593,-0.83
-0.605,-1.808
-0.616,0.453
-0.683,-1.255
-0.614,-2.49
-0.671,-2.122
-0.717,-0.183
-0.898,-0.396
-0.878,-1.053
-1.144,-2.057
-1.103,0.571
-1.272,-0.994
-1.288,-0.767
-1.272,-2.134
-1.29,-2.726
-1.301,-1.255
-1.385,0.414
-1.429,-1.103
-1.876,-0.725
-1.858,-1.52
-1.928,-0.735
-2.033,0.405
-2.137,-0.753
-2.092,0.261
-2.209,-1.743
-2.298,-0.973
-2.439,-0.437
-2.576,0.436
-2.561,-0.438
-2.655,0.175
-2.696,0.967
-2.762,-0.979
-2.804,-2.711
-2.805,-1.263
-3.019,-1.424
-3.057,-2.282
-3.12,-2.011
3.068,0.055
3.061,-1.967
2.956,-2.013
2.97,-2.375
2.894,-1.616
2.913,1.016
2.811,-0.244
2.639,-2.934
2.425,-3.219
2.181,-2.892
2.031,-3.111
1.591,-2.922
1.07,-3.068
0.143,-3.218
-0.488,-3.163
-0.73,-2.916
-1.817,-3.259
-2.063,-3.17
-2.507,-3.032
2.874,-3.059
2.863,-2.979
2.33,1.317
1.659,1.288
1.019,1.271
0.45,1.475
0.281,1.106
0.129,1.373
-0.256,1.385
-1.102,1.17
-1.277,1.211
-2.655,1.316
-3.127,1.244
3.076,1.365
2.915,1.326
2.791,1.427
2.127,-2.522
1.89,-2.82
1.485,-2.599
1.054,0.766
0.336,0.276
-1.214,-1.99
-1.254,-2.794
-1.627,-0.264
2.725,-1.353
2.076,-3.25
1.681,-2.818
1.491,-3.082
2.941,-2.977
2.696,-0.137
2.651,-0.141
2.52,-1.853
2.604,-0.482
2.592,-0.876
2.459,-0.439
2.419,-0.004
2.394,-2.791
2.273,-1.005
2.257,1.138
2.283,-0.414
2.14,-0.276
2.068,0.949
2.013,0.663
1.805,-0.105
1.654,-1.736
1.702,-0.056
1.698,0.412
1.54,-1.977
1.567,-1.344
1.536,-1.656
1.396,-2.586
1.323,-1.728
0.977,-1.502
1.103,-1.463
0.897,-0.106
1.003,-2.773
0.897,-0.022
0.606,-0.868
0.647,0.607
0.588,-1.855
0.55,0.542
0.508,0.751
0.361,0.254
0.316,-2.465
0.183,-1.198
0.165,-1.844
0.237,1.038
0.151,-2.82
-0.004,-2.855
-0.021,-1.894
0.056,-1.967
-0.269,-2.74
-0.315,-0.357
-0.258,-1.593
-0.332,-0.31
-0.502,1.1
-0.475,-0.933
-0.533,-1.859
-0.693,-0.889
-0.869,0.838
-0.918,-1.479
-0.912,-1.368
-1.088,0.383
-0.985,-1.767
-1.161,-0.739
-1.244,-1.83
-1.162,-1.245
-1.4,0.593
-1.389,-1.589
-1.298,-0.825
-1.339,-1.306
-1.346,1.06
-1.558,-1.865
-1.608,-1.012
-1.724,-0.746
-1.806,-2.546
-1.872,0.31
-2.066,-2.316
-2.088,0.258
-1.992,-0.636
-2.053,-2.761
-2.221,0.409
-2.229,-2.792
-2.199,-1.41
-2.364,0.066
-2.657,0.159
-2.504,-0.005
-2.551,-1.867
-2.577,0.804
-2.785,-2.879
-2.995,-1.191
-2.912,-1.186
3.074,1.128
-3.135,-1.559
2.999,-1.414
2.808,-0.684
2.721,-2.653
2.801,-1.431
2.43,-3.039
2.238,-3.202
1.986,-3.259
0.338,-3.18
0.433,-3.174
0.108,-3.25
-0.048,-3.01
-0.153,-3.207
-0.644,-2.882
-1.457,-3.167
-1.544,-2.882
-1.886,-3.014
-2.64,-3.396
-3.024,-3.03
2.365,1.229
2.172,1.271
2.022,1.251
0.24,1.265
-0.494,1.332
-1.364,1.226
-2.341,1.473
-2.646,1.172
-2.818,1.194
-2.909,1.48
2.63,0.887
1.627,-0.884
0.108,0.914
-0.64,-0.681
-1.624,-1.059
-2.659,-1.891
0.737,0.589
-1.863,0.138
-1.89,-0.51
-2.817,-0.527
-2.914,0.077
3.043,-1.403
3.036,0.589
2.826,-0.841
-0.577,-1.736
-3.023,-1.723
-0.063,-0.973
-0.217,1.043
-0.209,-1.097
-0.251,2.499
-0.277,-0.775
-0.348,0.449
-0.371,1.55
-0.333,0.222
-0.324,1.512
-0.615,0.565
-0.627,-0.413
-0.638,1.848
-0.705,0.14
-0.636,-1.095
-0.693,-0.727
-0.739,1.212
-0.92,0.999
-0.9,0.342
-1.166,-0.662
-1.125,1.966
-1.294,0.401
-1.31,0.628
-1.294,-0.739
-1.312,-1.331
-1.323,0.14
-1.407,1.809
-1.451,0.292
-1.898,0.67
-1.88,-0.125
-1.95,0.66
-2.055,1.8
-2.159,0.642
-2.114,1.656
-2.231,-0.348
-2.32,0.422
-2.461,0.958
-2.598,1.831
-2.583,0.957
-2.677,1.57
-2.718,2.362
-2.784,0.416
-2.826,-1.316
-2.827,0.132
-3.041,-0.029
-3.079,-0.887
3.141,-0.616
3.046,1.45
3.039,-0.572
2.934,-0.618
2.948,-0.98
2.872,-0.221
2.891,2.411
2.789,1.151
2.617,-1.539
2.403,-1.824
2.159,-1.497
2.009,-1.716
1.569,-1.527
1.048,-1.673
0.121,-1.823
-0.51,-1.768
-0.752,-1.521
-1.839,-1.864
-2.085,-1.775
-2.529,-1.637
2.852,-1.664
2.841,-1.584
2.308,2.712
1.637,2.683
0.997,2.666
0.428,2.87
0.259,2.501
0.107,2.768
-0.278,2.78
-1.124,2.565
-1.299,2.606
-2.677,2.711
3.134,2.639
3.054,2.76
2.893,2.721
2.769,2.822
2.105,-1.127
1.868,-1.425
1.463,-1.204
1.032,2.161
0.314,1.671
-1.236,-0.595
-1.276,-1.399
-1.649,1.131
2.703,0.042
2.054,-1.855
1.659,-1.423
1.469,-1.687
2.919,-1.582
2.674,1.258
2.629,1.254
2.498,-0.458
2.582,0.913
2.57,0.519
2.437,0.956
2.397,1.391
2.372,-1.396
2.251,0.39
2.235,2.533
2.261,0.981
2.118,1.119
2.046,2.344
1.991,2.058
1.783,1.29
1.632,-0.341
1.68,1.339
1.676,1.807
1.518,-0.582
1.545,0.051
1.514,-0.261
1.374,-1.191
1.301,-0.333
0.955,-0.107
1.081,-0.068
0.875,1.289
0.981,-1.378
0.875,1.373
0.584,0.527
0.625,2.002
0.566,-0.46
0.528,1.937
0.486,2.146
0.339,1.649
0.294,-1.07
0.161,0.197
0.143,-0.449
0.215,2.433
0.129,-1.425
-0.026,-1.46
-0.043,-0.499
0.034,-0.572
-0.291,-1.345
-0.337,1.038
-0.28,-0.198
-0.354,1.085
-0.524,2.495
-0.497,0.462
-0.555,-0.464
-0.715,0.506
-0.891,2.233
-0.94,-0.084
-0.934,0.027
-1.11,1.778
-1.007,-0.372
-1.183,0.656
-1.266,-0.435
-1.184,0.15
-1.422,1.988
-1.411,-0.194
-1.32,0.57
-1.361,0.089
-1.368,2.455
-1.58,-0.47
-1.63,0.383
-1.746,0.649
-1.828,-1.151
-1.894,1.705
-2.088,-0.921
-2.11,1.653
-2.014,0.759
-2.075,-1.366
-2.243,1.804
-2.251,-1.397
-2.221,-0.015
-2.386,1.461
-2.679,1.554
-2.526,1.39
-2.573,-0.472
-2.599,2.199
-2.807,-1.484
-3.017,0.204
-2.934,0.209
3.052,2.523
3.126,-0.164
2.977,-0.019
2.786,0.711
2.699,-1.258
2.779,-0.036
2.408,-1.644
2.216,-1.807
1.964,-1.864
0.316,-1.785
0.411,-1.779
0.086,-1.855
-0.07,-1.615
-0.175,-1.812
-0.666,-1.487
-1.479,-1.772
-1.566,-1.487
-1.908,-1.619
-2.662,-2.001
-3.046,-1.635
2.343,2.624
2.15,2.666
2.0,2.646
0.218,2.66
-0.516,2.727
-1.386,2.621
-2.363,2.868
-2.668,2.567
-2.84,2.589
-2.931,2.875
2.608,2.282
1.605,0.511
0.086,2.309
-0.662,0.714
-1.646,0.336
-2.681,-0.496
0.715,1.984
-1.885,1.533
-1.912,0.885
-2.839,0.868
-2.936,1.472
3.021,-0.008
3.014,1.984
2.804,0.554
-0.599,-0.341
-3.045,-0.328
-0.154,2.016
-0.146,-0.124
-0.188,3.472
-0.214,0.198
-0.285,1.422
-0.308,2.523
-0.27,1.195
-0.261,2.485
-0.552,1.538
-0.564,0.56
-0.575,2.821
-0.642,1.113
-0.573,-0.122
-0.63,0.246
-0.676,2.185
-0.857,1.972
-0.837,1.315
-1.103,0.311
-1.062,2.939
-1.231,1.374
-1.247,1.601
-1.231,0.234
-1.249,-0.358
-1.26,1.113
-1.344,2.782
-1.388,1.265
-1.835,1.643
-1.817,0.848
-1.887,1.633
-1.992,2.773
-2.096,1.615
-2.051,2.629
-2.168,0.625
-2.257,1.395
-2.398,1.931
-2.535,2.804
-2.52,1.93
-2.614,2.543
-2.655,3.335
-2.721,1.389
-2.763,-0.343
-2.764,1.105
-2.978,0.944
-3.016,0.086
-3.079,0.357
3.109,2.423
3.102,0.401
2.997,0.355
3.011,-0.007
2.935,0.752
2.954,3.384
2.852,2.124
2.68,-0.566
2.466,-0.851
2.222,-0.524
2.072,-0.743
1.632,-0.554
1.111,-0.7
0.184,-0.85
-0.447,-0.795
-0.689,-0.548
-1.776,-0.891
-2.022,-0.802
-2.466,-0.664
2.915,-0.691
2.904,-0.611
2.371,3.685
1.7,3.656
1.06,3.639
0.491,3.843
0.322,3.474
0.17,3.741
-0.215,3.753
-1.061,3.538
-1.236,3.579
-2.614,3.684
-3.086,3.612
3.117,3.733
2.956,3.694
2.832,3.795
2.168,-0.154
1.931,-0.452
1.526,-0.231
1.095,3.134
0.377,2.644
-1.173,0.378
-1.213,-0.426
-1.586,2.104
2.766,1.015
2.117,-0.882
1.722,-0.45
1.532,-0.714
2.982,-0.609
2.737,2.231
2.692,2.227
2.561,0.515
2.645,1.886
2.633,1.492
2.5,1.929
2.46,2.364
2.435,-0.423
2.314,1.363
2.298,3.506
2.324,1.954
2.181,2.092
2.109,3.317
2.054,3.031
1.846,2.263
1.695,0.632
1.743,2.312
1.739,2.78
1.581,0.391
1.608,1.024
1.577,0.712
1.437,-0.218
1.364,0.64
1.018,0.866
1.144,0.905
0.938,2.262
1.044,-0.405
0.938,2.346
0.647,1.5
0.688,2.975
0.629,0.513
0.591,2.91
0.549,3.119
0.402,2.622
0.357,-0.097
0.224,1.17
0.206,0.524
0.278,3.406
0.192,-0.452
0.037,-0.487
0.02,0.474
0.097,0.401
-0.228,-0.372
-0.274,2.011
-0.217,0.775
-0.291,2.058
-0.461,3.468
-0.434,1.435
-0.492,0.509
-0.652,1.479
-0.828,3.206
-0.877,0.889
-0.871,1.0
-1.047,2.751
-0.944,0.601
-1.12,1.629
-1.203,0.538
-1.121,1.123
-1.359,2.961
-1.348,0.779
-1.257,1.543
-1.298,1.062
-1.305,3.428
-1.517,0.503
-1.567,1.356
-1.683,1.622
-1.765,-0.178
-1.831,2.678
-2.025,0.052
-2.047,2.626
-1.951,1.732
-2.012,-0.393
-2.18,2.777
-2.188,-0.424
-2.158,0.958
-2.323,2.434
-2.616,2.527
-2.463,2.363
-2.51,0.501
-2.536,3.172
-2.744,-0.511
-2.954,1.177
-2.871,1.182
3.115,3.496
-3.094,0.809
3.04,0.954
2.849,1.684
2.762,-0.285
2.842,0.937
2.471,-0.671
2.279,-0.834
2.027,-0.891
0.379,-0.812
0.474,-0.806
0.149,-0.882
-0.007,-0.642
-0.112,-0.839
-0.603,-0.514
-1.416,-0.799
-1.503,-0.514
-1.845,-0.646
-2.599,-1.028
-2.983,-0.662
2.406,3.597
2.213,3.639
2.063,3.619
0.281,3.633
-0.453,3.7
-1.323,3.594
-2.3,3.841
-2.605,3.54
-2.777,3.562
-2.868,3.848
2.671,3.255
1.668,1.484
0.149,3.282
-0.599,1.687
-1.583,1.309
-2.618,0.477
0.778,2.957
-1.822,2.506
-1.849,1.858
-2.776,1.841
-2.873,2.445
3.084,0.965
3.077,2.957
2.867,1.527
-0.536,0.632
-2.982,0.645
0.008,-2.14
-0.034,1.456
-0.06,-1.818
-0.131,-0.594
-0.154,0.507
-0.116,-0.821
-0.107,0.469
-0.398,-0.478
-0.41,-1.456
-0.421,0.805
-0.488,-0.903
-0.419,-2.138
-0.476,-1.77
-0.522,0.169
-0.703,-0.044
-0.683,-0.701
-0.949,-1.705
-0.908,0.923
-1.077,-0.642
-1.093,-0.415
-1.077,-1.782
-1.095,-2.374
-1.106,-0.903
-1.19,0.766
-1.234,-0.751
-1.681,-0.373
-1.663,-1.168
-1.733,-0.383
-1.838,0.757
-1.942,-0.401
-1.897,0.613
-2.014,-1.391
-2.103,-0.621
-2.244,-0.085
-2.381,0.788
-2.366,-0.086
-2.46,0.527
-2.501,1.319
-2.567,-0.627
-2.609,-2.359
-2.61,-0.911
-2.824,-1.072
-2.862,-1.93
-2.925,-1.659
-3.02,0.407
-3.027,-1.615
-3.132,-1.661
-3.118,-2.023
3.089,-1.264
3.108,1.368
3.006,0.108
2.834,-2.582
2.62,-2.867
2.376,-2.54
2.226,-2.759
1.786,-2.57
1.265,-2.716
0.338,-2.866
-0.293,-2.811
-0.535,-2.564
-1.622,-2.907
-1.868,-2.818
-2.312,-2.68
3.069,-2.707
3.058,-2.627
2.525,1.669
1.854,1.64
1.214,1.623
0.645,1.827
0.476,1.458
0.324,1.725
-0.061,1.737
-0.907,1.522
-1.082,1.563
-2.46,1.668
-2.932,1.596
-3.012,1.717
3.11,1.678
2.986,1.779
2.322,-2.17
2.085,-2.468
1.68,-2.247
1.249,1.118
0.531,0.628
-1.019,-1.638
-1.059,-2.442
-1.432,0.088
2.92,-1.001
2.271,-2.898
1.876,-2.466
1.686,-2.73
3.136,-2.625
2.891,0.215
2.846,0.211
2.715,-1.501
2.799,-0.13
2.787,-0.524
2.654,-0.087
2.614,0.348
2.589,-2.439
2.468,-0.653
2.452,1.49
2.478,-0.062
2.335,0.076
2.263,1.301
2.208,1.015
2.0,0.247
1.849,-1.384
1.897,0.296
1.893,0.764
1.735,-1.625
1.762,-0.992
1.731,-1.304
1.591,-2.234
1.518,-1.376
1.172,-1.15
1.298,-1.111
1.092,0.246
1.198,-2.421
1.092,0.33
0.801,-0.516
0.842,0.959
0.783,-1.503
0.745,0.894
0.703,1.103
0.556,0.606
0.511,-2.113
0.378,-0.846
0.36,-1.492
0.432,1.39
0.346,-2.468
0.191,-2.503
0.174,-1.542
0.251,-1.615
-0.074,-2.388
-0.12,-0.005
-0.063,-1.241
-0.137,0.042
-0.307,1.452
-0.28,-0.581
-0.338,-1.507
-0.498,-0.537
-0.674,1.19
-0.723,-1.127
-0.717,-1.016
-0.893,0.735
-0.79,-1.415
-0.966,-0.387
-1.049,-1.478
-0.967,-0.893
-1.205,0.945
-1.194,-1.237
-1.103,-0.473
-1.144,-0.954
-1.151,1.412
-1.363,-1.513
-1.413,-0.66
-1.529,-0.394
-1.611,-2.194
-1.677,0.662
-1.871,-1.964
-1.893,0.61
-1.797,-0.284
-1.858,-2.409
-2.026,0.761
-2.034,-2.44
-2.004,-1.058
-2.169,0.418
-2.462,0.511
-2.309,0.347
-2.356,-1.515
-2.382,1.156
-2.59,-2.527
-2.8,-0.839
-2.717,-0.834
-3.014,1.48
-2.94,-1.207
-3.089,-1.062
3.003,-0.332
2.916,-2.301
2.996,-1.079
2.625,-2.687
2.433,-2.85
2.181,-2.907
0.533,-2.828
0.628,-2.822
0.303,-2.898
0.147,-2.658
0.042,-2.855
-0.449,-2.53
-1.262,-2.815
-1.349,-2.53
-1.691,-2.662
-2.445,-3.044
-2.829,-2.678
2.56,1.581
2.367,1.623
2.217,1.603
0.435,1.617
-0.299,1.684
-1.169,1.578
-2.146,1.825
-2.451,1.524
-2.623,1.546
-2.714,1.832
2.825,1.239
1.822,-0.532
0.303,1.266
-0.445,-0.329
-1.429,-0.707
-2.464,-1.539
0.932,0.941
-1.668,0.49
-1.695,-0.158
-2.622,-0.175
-2.719,0.429
-3.045,-1.051
-3.052,0.941
3.021,-0.489
-0.382,-1.384
-2.828,-1.371
-0.042,3.596
-0.068,0.322
-0.139,1.546
-0.162,2.647
-0.124,1.319
-0.115,2.609
-0.406,1.662
-0.418,0.684
-0.429,2.945
-0.496,1.237
-0.427,0.002
-0.484,0.37
-0.53,2.309
-0.711,2.096
-0.691,1.439
-0.957,0.435
-0.916,3.063
-1.085,1.498
-1.101,1.725
-1.085,0.358
-1.103,-0.234
-1.114,1.237
-1.198,2.906
-1.242,1.389
-1.689,1.767
-1.671,0.972
-1.741,1.757
-1.846,2.897
-1.95,1.739
-1.905,2.753
-2.022,0.749
-2.111,1.519
-2.252,2.055
-2.389,2.928
-2.374,2.054
-2.468,2.667
-2.509,3.459
-2.575,1.513
-2.617,-0.219
-2.618,1.229
-2.832,1.068
-2.87,0.21
-2.933,0.481
-3.028,2.547
-3.035,0.525
-3.14,0.479
-3.126,0.117
3.081,0.876
3.1,3.508
2.998,2.248
2.826,-0.442
2.612,-0.727
2.368,-0.4
2.218,-0.619
1.778,-0.43
1.257,-0.576
0.33,-0.726
-0.301,-0.671
-0.543,-0.424
-1.63,-0.767
-1.876,-0.678
-2.32,-0.54
3.061,-0.567
3.05,-0.487
2.517,3.809
1.846,3.78
1.206,3.763
0.637,3.967
0.468,3.598
0.316,3.865
-0.069,3.877
-0.915,3.662
-1.09,3.703
-2.468,3.808
-2.94,3.736
-3.02,3.857
3.102,3.818
2.978,3.919
2.314,-0.03
2.077,-0.328
1.672,-0.107
1.241,3.258
0.523,2.768
-1.027,0.502
-1.067,-0.302
-1.44,2.228
2.912,1.139
2.263,-0.758
1.868,-0.326
1.678,-0.59
3.128,-0.485
2.883,2.355
2.838,2.351
2.707,0.639
2.791,2.01
2.779,1.616
2.646,2.053
2.606,2.488
2.581,-0.299
2.46,1.487
2.444,3.63
2.47,2.078
2.327,2.216
2.255,3.441
2.2,3.155
1.992,2.387
1.841,0.756
1.889,2.436
1.885,2.904
1.727,0.515
1.754,1.148
1.723,0.836
1.583,-0.094
1.51,0.764
1.164,0.99
1.29,1.029
1.084,2.386
1.19,-0.281
1.084,2.47
0.793,1.624
0.834,3.099
0.775,0.637
0.737,3.034
0.695,3.243
0.548,2.746
0.503,0.027
0.37,1.294
0.352,0.648
0.424,3.53
0.338,-0.328
0.183,-0.363
0.166,0.598
0.243,0.525
-0.082,-0.248
-0.128,2.135
-0.071,0.899
-0.145,2.182
-0.315,3.592
-0.288,1.559
-0.346,0.633
-0.506,1.603
-0.682,3.33
-0.731,1.013
-0.725,1.124
-0.901,2.875
-0.798,0.725
-0.974,1.753
-1.057,0.662
-0.975,1.247
-1.213,3.085
-1.202,0.903
-1.111,1.667
-1.152,1.186
-1.159,3.552
-1.371,0.627
-1.421,1.48
-1.537,1.746
-1.619,-0.054
-1.685,2.802
-1.879,0.176
-1.901,2.75
-1.805,1.856
-1.866,-0.269
-2.034,2.901
-2.042,-0.3
-2.012,1.082
-2.177,2.558
-2.47,2.651
-2.317,2.487
-2.364,0.625
-2.39,3.296
-2.598,-0.387
-2.808,1.301
-2.725,1.306
-3.022,3.62
-2.948,0.933
-3.097,1.078
2.995,1.808
2.908,-0.161
2.988,1.061
2.617,-0.547
2.425,-0.71
2.173,-0.767
0.525,-0.688
0.62,-0.682
0.295,-0.758
0.139,-0.518
0.034,-0.715
-0.457,-0.39
-1.27,-0.675
-1.357,-0.39
-1.699,-0.522
-2.453,-0.904
-2.837,-0.538
2.552,3.721
2.359,3.763
2.209,3.743
0.427,3.757
-0.307,3.824
-1.177,3.718
-2.154,3.965
-2.459,3.664
-2.631,3.686
-2.722,3.972
2.817,3.379
1.814,1.608
0.295,3.406
-0.453,1.811
-1.437,1.433
-2.472,0.601
0.924,3.081
-1.676,2.63
-1.703,1.982
-2.63,1.965
-2.727,2.569
-3.053,1.089
-3.06,3.081
3.013,1.651
-0.39,0.756
-2.836,0.769
-0.026,-3.274
-0.097,-2.05
-0.12,-0.949
-0.082,-2.277
-0.073,-0.987
-0.364,-1.934
-0.376,-2.912
-0.387,-0.651
-0.454,-2.359
-0.385,-3.594
-0.442,-3.226
-0.488,-1.287
-0.669,-1.5
-0.649,-2.157
-0.915,-3.161
-0.874,-0.533
-1.043,-2.098
-1.059,-1.871
-1.043,-3.238
-1.061,-3.83
-1.072,-2.359
-1.156,-0.69
-1.2,-2.207
-1.647,-1.829
-1.629,-2.624
-1.699,-1.839
-1.804,-0.699
-1.908,-1.857
-1.863,-0.843
-1.98,-2.847
-2.069,-2.077
-2.21,-1.541
-2.347,-0.668
-2.332,-1.542
-2.426,-0.929
-2.467,-0.137
-2.533,-2.083
-2.575,-3.815
-2.576,-2.367
-2.79,-2.528
-2.828,-3.386
-2.891,-3.115
-2.986,-1.049
-2.993,-3.071
-3.098,-3.117
-3.084,-3.479
3.123,-2.72
-3.141,-0.088
3.04,-1.348
2.868,-4.038
2.654,-4.323
2.41,-3.996
2.26,-4.215
1.82,-4.026
1.299,-4.172
0.372,-4.322
-0.259,-4.267
-0.501,-4.02
-1.588,-4.363
-1.834,-4.274
-2.278,-4.136
3.103,-4.163
3.092,-4.083
2.559,0.213
1.888,0.184
1.248,0.167
0.679,0.371
0.51,0.002
0.358,0.269
-0.027,0.281
-0.873,0.066
-1.048,0.107
-2.426,0.212
-2.898,0.14
-2.978,0.261
-3.139,0.222
3.02,0.323
2.356,-3.626
2.119,-3.924
1.714,-3.703
1.283,-0.338
0.565,-0.828
-0.985,-3.094
-1.025,-3.898
-1.398,-1.368
2.954,-2.457
2.305,-4.354
1.91,-3.922
1.72,-4.186
-3.113,-4.081
2.925,-1.241
2.88,-1.245
2.749,-2.957
2.833,-1.586
2.821,-1.98
2.688,-1.543
2.648,-1.108
2.623,-3.895
2.502,-2.109
2.486,0.034
2.512,-1.518
2.369,-1.38
2.297,-0.155
2.242,-0.441
2.034,-1.209
1.883,-2.84
1.931,-1.16
1.927,-0.692
1.769,-3.081
1.796,-2.448
1.765,-2.76
1.625,-3.69
1.552,-2.832
1.206,-2.606
1.332,-2.567
1.126,-1.21
1.232,-3.877
1.126,-1.126
0.835,-1.972
0.876,-0.497
0.817,-2.959
0.779,-0.562
0.737,-0.353
0.59,-0.85
0.545,-3.569
0.412,-2.302
0.394,-2.948
0.466,-0.066
0.38,-3.924
0.225,-3.959
0.208,-2.998
0.285,-3.071
-0.04,-3.844
-0.086,-1.461
-0.029,-2.697
-0.103,-1.414
-0.273,-0.004
-0.246,-2.037
-0.304,-2.963
-0.464,-1.993
-0.64,-0.266
-0.689,-2.583
-0.683,-2.472
-0.859,-0.721
-0.756,-2.871
-0.932,-1.843
-1.015,-2.934
-0.933,-2.349
-1.171,-0.511
-1.16,-2.693
-1.069,-1.929
-1.11,-2.41
-1.117,-0.044
-1.329,-2.969
-1.379,-2.116
-1.495,-1.85
-1.577,-3.65
-1.643,-0.794
-1.837,-3.42
-1.859,-0.846
-1.763,-1.74
-1.824,-3.865
-1.992,-0.695
-2.0,-3.896
-1.97,-2.514
-2.135,-1.038
-2.428,-0.945
-2.275,-1.109
-2.322,-2.971
-2.348,-0.3
-2.556,-3.983
-2.766,-2.295
-2.683,-2.29
-2.98,0.024
-2.906,-2.663
-3.055,-2.518
3.037,-1.788
2.95,-3.757
3.03,-2.535
2.659,-4.143
2.467,-4.306
2.215,-4.363
0.567,-4.284
0.662,-4.278
0.337,-4.354
0.181,-4.114
0.076,-4.311
-0.415,-3.986
-1.228,-4.271
-1.315,-3.986
-1.657,-4.118
-2.411,-4.5
-2.795,-4.134
2.594,0.125
2.401,0.167
2.251,0.147
0.469,0.161
-0.265,0.228
-1.135,0.122
-2.112,0.369
-2.417,0.068
-2.589,0.09
-2.68,0.376
2.859,-0.217
1.856,-1.988
0.337,-0.19
-0.411,-1.785
-1.395,-2.163
-2.43,-2.995
0.966,-0.515
-1.634,-0.966
-1.661,-1.614
-2.588,-1.631
-2.685,-1.027
-3.011,-2.507
-3.018,-0.515
3.055,-1.945
-0.348,-2.84
-2.794,-2.827
-0.071,1.224
-0.094,2.325
-0.056,0.997
-0.047,2.287
-0.338,1.34
-0.35,0.362
-0.361,2.623
-0.428,0.915
-0.359,-0.32
-0.416,0.048
-0.462,1.987
-0.643,1.774
-0.623,1.117
-0.889,0.113
-0.848,2.741
-1.017,1.176
-1.033,1.403
-1.017,0.036
-1.035,-0.556
-1.046,0.915
-1.13,2.584
-1.174,1.067
-1.621,1.445
-1.603,0.65
-1.673,1.435
-1.778,2.575
-1.882,1.417
-1.837,2.431
-1.954,0.427
-2.043,1.197
-2.184,1.733
-2.321,2.606
-2.306,1.732
-2.4,2.345
-2.441,3.137
-2.507,1.191
-2.549,-0.541
-2.55,0.907
-2.764,0.746
-2.802,-0.112
-2.865,0.159
-2.96,2.225
-2.967,0.203
-3.072,0.157
-3.058,-0.205
-3.134,0.554
-3.115,3.186
3.066,1.926
2.894,-0.764
2.68,-1.049
2.436,-0.722
2.286,-0.941
1.846,-0.752
1.325,-0.898
0.398,-1.048
-0.233,-0.993
-0.475,-0.746
-1.562,-1.089
-1.808,-1.0
-2.252,-0.862
3.129,-0.889
3.118,-0.809
2.585,3.487
1.914,3.458
1.274,3.441
0.705,3.645
0.536,3.276
0.384,3.543
-0.001,3.555
-0.847,3.34
-1.022,3.381
-2.4,3.486
-2.872,3.414
-2.952,3.535
-3.113,3.496
3.046,3.597
2.382,-0.352
2.145,-0.65
1.74,-0.429
1.309,2.936
0.591,2.446
-0.959,0.18
-0.999,-0.624
-1.372,1.906
2.98,0.817
2.331,-1.08
1.936,-0.648
1.746,-0.912
-3.087,-0.807
2.951,2.033
2.906,2.029
2.775,0.317
2.859,1.688
2.847,1.294
2.714,1.731
2.674,2.166
2.649,-0.621
2.528,1.165
2.512,3.308
2.538,1.756
2.395,1.894
2.323,3.119
2.268,2.833
2.06,2.065
1.909,0.434
1.957,2.114
1.953,2.582
1.795,0.193
1.822,0.826
1.791,0.514
1.651,-0.416
1.578,0.442
1.232,0.668
1.358,0.707
1.152,2.064
1.258,-0.603
1.152,2.148
0.861,1.302
0.902,2.777
0.843,0.315
0.805,2.712
0.763,2.921
0.616,2.424
0.571,-0.295
0.438,0.972
0.42,0.326
0.492,3.208
0.406,-0.65
0.251,-0.685
0.234,0.276
0.311,0.203
-0.014,-0.57
-0.06,1.813
-0.003,0.577
-0.077,1.86
-0.247,3.27
-0.22,1.237
-0.278,0.311
-0.438,1.281
-0.614,3.008
-0.663,0.691
-0.657,0.802
-0.833,2.553
-0.73,0.403
-0.906,1.431
-0.989,0.34
-0.907,0.925
-1.145,2.763
-1.134,0.581
-1.043,1.345
-1.084,0.864
-1.091,3.23
-1.303,0.305
-1.353,1.158
-1.469,1.424
-1.551,-0.376
-1.617,2.48
-1.811,-0.146
-1.833,2.428
-1.737,1.534
-1.798,-0.591
-1.966,2.579
-1.974,-0.622
-1.944,0.76
-2.109,2.236
-2.402,2.329
-2.249,2.165
-2.296,0.303
-2.322,2.974
-2.53,-0.709
-2.74,0.979
-2.657,0.984
-2.954,3.298
-2.88,0.611
-3.029,0.756
3.063,1.486
2.976,-0.483
3.056,0.739
2.685,-0.869
2.493,-1.032
2.241,-1.089
0.593,-1.01
0.688,-1.004
0.363,-1.08
0.207,-0.84
0.102,-1.037
-0.389,-0.712
-1.202,-0.997
-1.289,-0.712
-1.631,-0.844
-2.385,-1.226
-2.769,-0.86
2.62,3.399
2.427,3.441
2.277,3.421
0.495,3.435
-0.239,3.502
-1.109,3.396
-2.086,3.643
-2.391,3.342
-2.563,3.364
-2.654,3.65
2.885,3.057
1.882,1.286
0.363,3.084
-0.385,1.489
-1.369,1.111
-2.404,0.279
0.992,2.759
-1.608,2.308
-1.635,1.66
-2.562,1.643
-2.659,2.247
-2.985,0.767
-2.992,2.759
3.081,1.329
-0.322,0.434
-2.768,0.447
-0.023,1.101
0.015,-0.227
0.024,1.063
-0.267,0.116
-0.279,-0.862
-0.29,1.399
-0.357,-0.309
-0.288,-1.544
-0.345,-1.176
-0.391,0.763
-0.572,0.55
-0.552,-0.107
-0.818,-1.111
-0.777,1.517
-0.946,-0.048
-0.962,0.179
-0.946,-1.188
-0.964,-1.78
-0.975,-0.309
-1.059,1.36
-1.103,-0.157
-1.55,0.221
-1.532,-0.574
-1.602,0.211
-1.707,1.351
-1.811,0.193
-1.766,1.207
-1.883,-0.797
-1.972,-0.027
-2.113,0.509
-2.25,1.382
-2.235,0.508
-2.329,1.121
-2.37,1.913
-2.436,-0.033
-2.478,-1.765
-2.479,-0.317
-2.693,-0.478
-2.731,-1.336
-2.794,-1.065
-2.889,1.001
-2.896,-1.021
-3.001,-1.067
-2.987,-1.429
-3.063,-0.67
-3.044,1.962
3.137,0.702
2.965,-1.988
2.751,-2.273
2.507,-1.946
2.357,-2.165
1.917,-1.976
1.396,-2.122
0.469,-2.272
-0.162,-2.217
-0.404,-1.97
-1.491,-2.313
-1.737,-2.224
-2.181,-2.086
-3.083,-2.113
-3.094,-2.033
2.656,2.263
1.985,2.234
1.345,2.217
0.776,2.421
0.607,2.052
0.455,2.319
0.07,2.331
-0.776,2.116
-0.951,2.157
-2.329,2.262
-2.801,2.19
-2.881,2.311
-3.042,2.272
3.117,2.373
2.453,-1.576
2.216,-1.874
1.811,-1.653
1.38,1.712
0.662,1.222
-0.888,-1.044
-0.928,-1.848
-1.301,0.682
3.051,-0.407
2.402,-2.304
2.007,-1.872
1.817,-2.136
-3.016,-2.031
3.022,0.809
2.977,0.805
2.846,-0.907
2.93,0.464
2.918,0.07
2.785,0.507
2.745,0.942
2.72,-1.845
2.599,-0.059
2.583,2.084
2.609,0.532
2.466,0.67
2.394,1.895
2.339,1.609
2.131,0.841
1.98,-0.79
2.028,0.89
2.024,1.358
1.866,-1.031
1.893,-0.398
1.862,-0.71
1.722,-1.64
1.649,-0.782
1.303,-0.556
1.429,-0.517
1.223,0.84
1.329,-1.827
1.223,0.924
0.932,0.078
0.973,1.553
0.914,-0.909
0.876,1.488
0.834,1.697
0.687,1.2
0.642,-1.519
0.509,-0.252
0.491,-0.898
0.563,1.984
0.477,-1.874
0.322,-1.909
0.305,-0.948
0.382,-1.021
0.057,-1.794
0.011,0.589
0.068,-0.647
-0.006,0.636
-0.176,2.046
-0.149,0.013
-0.207,-0.913
-0.367,0.057
-0.543,1.784
-0.592,-0.533
-0.586,-0.422
-0.762,1.329
-0.659,-0.821
-0.835,0.207
-0.918,-0.884
-0.836,-0.299
-1.074,1.539
-1.063,-0.643
-0.972,0.121
-1.013,-0.36
-1.02,2.006
-1.232,-0.919
-1.282,-0.066
-1.398,0.2
-1.48,-1.6
-1.546,1.256
-1.74,-1.37
-1.762,1.204
-1.666,0.31
-1.727,-1.815
-1.895,1.355
-1.903,-1.846
-1.873,-0.464
-2.038,1.012
-2.331,1.105
-2.178,0.941
-2.225,-0.921
-2.251,1.75
-2.459,-1.933
-2.669,-0.245
-2.586,-0.24
-2.883,2.074
-2.809,-0.613
-2.958,-0.468
3.134,0.262
3.047,-1.707
3.127,-0.485
2.756,-2.093
2.564,-2.256
2.312,-2.313
0.664,-2.234
0.759,-2.228
0.434,-2.304
0.278,-2.064
0.173,-2.261
-0.318,-1.936
-1.131,-2.221
-1.218,-1.936
-1.56,-2.068
-2.314,-2.45
-2.698,-2.084
2.691,2.175
2.498,2.217
2.348,2.197
0.566,2.211
-0.168,2.278
-1.038,2.172
-2.015,2.419
-2.32,2.118
-2.492,2.14
-2.583,2.426
2.956,1.833
1.953,0.062
0.434,1.86
-0.314,0.265
-1.298,-0.113
-2.333,-0.945
1.063,1.535
-1.537,1.084
-1.564,0.436
-2.491,0.419
-2.588,1.023
-2.914,-0.457
-2.921,1.535
-3.131,0.105
-0.251,-0.79
-2.697,-0.777
0.038,-1.328
0.047,-0.038
-0.244,-0.985
-0.256,-1.963
-0.267,0.298
-0.334,-1.41
-0.265,-2.645
-0.322,-2.277
-0.368,-0.338
-0.549,-0.551
-0.529,-1.208
-0.795,-2.212
-0.754,0.416
-0.923,-1.149
-0.939,-0.922
-0.923,-2.289
-0.941,-2.881
-0.952,-1.41
-1.036,0.259
-1.08,-1.258
-1.527,-0.88
-1.509,-1.675
-1.579,-0.89
-1.684,0.25
-1.788,-0.908
-1.743,0.106
-1.86,-1.898
-1.949,-1.128
-2.09,-0.592
-2.227,0.281
-2.212,-0.593
-2.306,0.02
-2.347,0.812
-2.413,-1.134
-2.455,-2.866
-2.456,-1.418
-2.67,-1.579
-2.708,-2.437
-2.771,-2.166
-2.866,-0.1
-2.873,-2.122
-2.978,-2.168
-2.964,-2.53
-3.04,-1.771
-3.021,0.861
-3.123,-0.399
2.988,-3.089
2.774,-3.374
2.53,-3.047
2.38,-3.266
1.94,-3.077
1.419,-3.223
0.492,-3.373
-0.139,-3.318
-0.381,-3.071
-1.468,-3.414
-1.714,-3.325
-2.158,-3.187
-3.06,-3.214
-3.071,-3.134
2.679,1.162
2.008,1.133
1.368,1.116
0.799,1.32
0.63,0.951
0.478,1.218
0.093,1.23
-0.753,1.015
-0.928,1.056
-2.306,1.161
-2.778,1.089
-2.858,1.21
-3.019,1.171
3.14,1.272
2.476,-2.677
2.239,-2.975
1.834,-2.754
1.403,0.611
0.685,0.121
-0.865,-2.145
-0.905,-2.949
-1.278,-0.419
3.074,-1.508
2.425,-3.405
2.03,-2.973
1.84,-3.237
-2.993,-3.132
3.045,-0.292
3.0,-0.296
2.869,-2.008
2.953,-0.637
2.941,-1.031
2.808,-0.594
2.768,-0.159
2.743,-2.946
2.622,-1.16
2.606,0.983
2.632,-0.569
2.489,-0.431
2.417,0.794
2.362,0.508
2.154,-0.26
2.003,-1.891
2.051,-0.211
2.047,0.257
1.889,-2.132
1.916,-1.499
1.885,-1.811
1.745,-2.741
1.672,-1.883
1.326,-1.657
1.452,-1.618
1.246,-0.261
1.352,-2.928
1.246,-0.177
0.955,-1.023
0.996,0.452
0.937,-2.01
0.899,0.387
0.857,0.596
0.71,0.099
0.665,-2.62
0.532,-1.353
0.514,-1.999
0.586,0.883
0.5,-2.975
0.345,-3.01
0.328,-2.049
0.405,-2.122
0.08,-2.895
0.034,-0.512
0.091,-1.748
0.017,-0.465
-0.153,0.945
-0.126,-1.088
-0.184,-2.014
-0.344,-1.044
-0.52,0.683
-0.569,-1.634
-0.563,-1.523
-0.739,0.228
-0.636,-1.922
-0.812,-0.894
-0.895,-1.985
-0.813,-1.4
-1.051,0.438
-1.04,-1.744
-0.949,-0.98
-0.99,-1.461
-0.997,0.905
-1.209,-2.02
-1.259,-1.167
-1.375,-0.901
-1.457,-2.701
-1.523,0.155
-1.717,-2.471
-1.739,0.103
-1.643,-0.791
-1.704,-2.916
-1.872,0.254
-1.88,-2.947
-1.85,-1.565
-2.015,-0.089
-2.308,0.004
-2.155,-0.16
-2.202,-2.022
-2.228,0.649
-2.436,-3.034
-2.646,-1.346
-2.563,-1.341
-2.86,0.973
-2.786,-1.714
-2.935,-1.569
-3.126,-0.839
3.07,-2.808
-3.133,-1.586
2.779,-3.194
2.587,-3.357
2.335,-3.414
0.687,-3.335
0.782,-3.329
0.457,-3.405
0.301,-3.165
0.196,-3.362
-0.295,-3.037
-1.108,-3.322
-1.195,-3.037
-1.537,-3.169
-2.291,-3.551
-2.675,-3.185
2.714,1.074
2.521,1.116
2.371,1.096
0.589,1.11
-0.145,1.177
-1.015,1.071
-1.992,1.318
-2.297,1.017
-2.469,1.039
-2.56,1.325
2.979,0.732
1.976,-1.039
0.457,0.759
-0.291,-0.836
-1.275,-1.214
-2.31,-2.046
1.086,0.434
-1.514,-0.017
-1.541,-0.665
-2.468,-0.682
-2.565,-0.078
-2.891,-1.558
-2.898,0.434
-3.108,-0.996
-0.228,-1.891
-2.674,-1.878
0.009,1.29
-0.282,0.343
-0.294,-0.635
-0.305,1.626
-0.372,-0.082
-0.303,-1.317
-0.36,-0.949
-0.406,0.99
-0.587,0.777
-0.567,0.12
-0.833,-0.884
-0.792,1.744
-0.961,0.179
-0.977,0.406
-0.961,-0.961
-0.979,-1.553
-0.99,-0.082
-1.074,1.587
-1.118,0.07
-1.565,0.448
-1.547,-0.347
-1.617,0.438
-1.722,1.578
-1.826,0.42
-1.781,1.434
-1.898,-0.57
-1.987,0.2
-2.128,0.736
-2.265,1.609
-2.25,0.735
-2.344,1.348
-2.385,2.14
-2.451,0.194
-2.493,-1.538
-2.494,-0.09
-2.708,-0.251
-2.746,-1.109
-2.809,-0.838
-2.904,1.228
-2.911,-0.794
-3.016,-0.84
-3.002,-1.202
-3.078,-0.443
-3.059,2.189
3.122,0.929
2.95,-1.761
2.736,-2.046
2.492,-1.719
2.342,-1.938
1.902,-1.749
1.381,-1.895
0.454,-2.045
-0.177,-1.99
-0.419,-1.743
-1.506,-2.086
-1.752,-1.997
-2.196,-1.859
-3.098,-1.886
-3.109,-1.806
2.641,2.49
1.97,2.461
1.33,2.444
0.761,2.648
0.592,2.279
0.44,2.546
0.055,2.558
-0.791,2.343
-0.966,2.384
-2.344,2.489
-2.816,2.417
-2.896,2.538
-3.057,2.499
3.102,2.6
2.438,-1.349
2.201,-1.647
1.796,-1.426
1.365,1.939
0.647,1.449
-0.903,-0.817
-0.943,-1.621
-1.316,0.909
3.036,-0.18
2.387,-2.077
1.992,-1.645
1.802,-1.909
-3.031,-1.804
3.007,1.036
2.962,1.032
2.831,-0.68
2.915,0.691
2.903,0.297
2.77,0.734
2.73,1.169
2.705,-1.618
2.584,0.168
2.568,2.311
2.594,0.759
2.451,0.897
2.379,2.122
2.324,1.836
2.116,1.068
1.965,-0.563
2.013,1.117
2.009,1.585
1.851,-0.804
1.878,-0.171
1.847,-0.483
1.707,-1.413
1.634,-0.555
1.288,-0.329
1.414,-0.29
1.208,1.067
1.314,-1.6
1.208,1.151
0.917,0.305
0.958,1.78
0.899,-0.682
0.861,1.715
0.819,1.924
0.672,1.427
0.627,-1.292
0.494,-0.025
0.476,-0.671
0.548,2.211
0.462,-1.647
0.307,-1.682
0.29,-0.721
0.367,-0.794
0.042,-1.567
-0.004,0.816
0.053,-0.42
-0.021,0.863
-0.191,2.273
-0.164,0.24
-0.222,-0.686
-0.382,0.284
-0.558,2.011
-0.607,-0.306
-0.601,-0.195
-0.777,1.556
-0.674,-0.594
-0.85,0.434
-0.933,-0.657
-0.851,-0.072
-1.089,1.766
-1.078,-0.416
-0.987,0.348
-1.028,-0.133
-1.035,2.233
-1.247,-0.692
-1.297,0.161
-1.413,0.427
-1.495,-1.373
-1.561,1.483
-1.755,-1.143
-1.777,1.431
-1.681,0.537
-1.742,-1.588
-1.91,1.582
-1.918,-1.619
-1.888,-0.237
-2.053,1.239
-2.346,1.332
-2.193,1.168
-2.24,-0.694
-2.266,1.977
-2.474,-1.706
-2.684,-0.018
-2.601,-0.013
-2.898,2.301
-2.824,-0.386
-2.973,-0.241
3.119,0.489
3.032,-1.48
3.112,-0.258
2.741,-1.866
2.549,-2.029
2.297,-2.086
0.649,-2.007
0.744,-2.001
0.419,-2.077
0.263,-1.837
0.158,-2.034
-0.333,-1.709
-1.146,-1.994
-1.233,-1.709
-1.575,-1.841
-2.329,-2.223
-2.713,-1.857
2.676,2.402
2.483,2.444
2.333,2.424
0.551,2.438
-0.183,2.505
-1.053,2.399
-2.03,2.646
-2.335,2.345
-2.507,2.367
-2.598,2.653
2.941,2.06
1.938,0.289
0.419,2.087
-0.329,0.492
-1.313,0.114
-2.348,-0.718
1.048,1.762
-1.552,1.311
-1.579,0.663
-2.506,0.646
-2.603,1.25
-2.929,-0.23
-2.936,1.762
3.137,0.332
-0.266,-0.563
-2.712,-0.55
-0.291,-0.947
-0.303,-1.925
-0.314,0.336
-0.381,-1.372
-0.312,-2.607
-0.369,-2.239
-0.415,-0.3
-0.596,-0.513
-0.576,-1.17
-0.842,-2.174
-0.801,0.454
-0.97,-1.111
-0.986,-0.884
-0.97,-2.251
-0.988,-2.843
-0.999,-1.372
-1.083,0.297
-1.127,-1.22
-1.574,-0.842
-1.556,-1.637
-1.626,-0.852
-1.731,0.288
-1.835,-0.87
-1.79,0.144
-1.907,-1.86
-1.996,-1.09
-2.137,-0.554
-2.274,0.319
-2.259,-0.555
-2.353,0.058
-2.394,0.85
-2.46,-1.096
-2.502,-2.828
-2.503,-1.38
-2.717,-1.541
-2.755,-2.399
-2.818,-2.128
-2.913,-0.062
-2.92,-2.084
-3.025,-2.13
-3.011,-2.492
-3.087,-1.733
-3.068,0.899
3.113,-0.361
2.941,-3.051
2.727,-3.336
2.483,-3.009
2.333,-3.228
1.893,-3.039
1.372,-3.185
0.445,-3.335
-0.186,-3.28
-0.428,-3.033
-1.515,-3.376
-1.761,-3.287
-2.205,-3.149
-3.107,-3.176
-3.118,-3.096
2.632,1.2
1.961,1.171
1.321,1.154
0.752,1.358
0.583,0.989
0.431,1.256
0.046,1.268
-0.8,1.053
-0.975,1.094
-2.353,1.199
-2.825,1.127
-2.905,1.248
-3.066,1.209
3.093,1.31
2.429,-2.639
2.192,-2.937
1.787,-2.716
1.356,0.649
0.638,0.159
-0.912,-2.107
-0.952,-2.911
-1.325,-0.381
3.027,-1.47
2.378,-3.367
1.983,-2.935
1.793,-3.199
-3.04,-3.094
2.998,-0.254
2.953,-0.258
2.822,-1.97
2.906,-0.599
2.894,-0.993
2.761,-0.556
2.721,-0.121
2.696,-2.908
2.575,-1.122
2.559,1.021
2.585,-0.531
2.442,-0.393
2.37,0.832
2.315,0.546
2.107,-0.222
1.956,-1.853
2.004,-0.173
2.0,0.295
1.842,-2.094
1.869,-1.461
1.838,-1.773
1.698,-2.703
1.625,-1.845
1.279,-1.619
1.405,-1.58
1.199,-0.223
1.305,-2.89
1.199,-0.139
0.908,-0.985
0.949,0.49
0.89,-1.972
0.852,0.425
0.81,0.634
0.663,0.137
0.618,-2.582
0.485,-1.315
0.467,-1.961
0.539,0.921
0.453,-2.937
0.298,-2.972
0.281,-2.011
0.358,-2.084
0.033,-2.857
-0.013,-0.474
0.044,-1.71
-0.03,-0.427
-0.2,0.983
-0.173,-1.05
-0.231,-1.976
-0.391,-1.006
-0.567,0.721
-0.616,-1.596
-0.61,-1.485
-0.786,0.266
-0.683,-1.884
-0.859,-0.856
-0.942,-1.947
-0.86,-1.362
-1.098,0.476
-1.087,-1.706
-0.996,-0.942
-1.037,-1.423
-1.044,0.943
-1.256,-1.982
-1.306,-1.129
-1.422,-0.863
-1.504,-2.663
-1.57,0.193
-1.764,-2.433
-1.786,0.141
-1.69,-0.753
-1.751,-2.878
-1.919,0.292
-1.927,-2.909
-1.897,-1.527
-2.062,-0.051
-2.355,0.042
-2.202,-0.122
-2.249,-1.984
-2.275,0.687
-2.483,-2.996
-2.693,-1.308
-2.61,-1.303
-2.907,1.011
-2.833,-1.676
-2.982,-1.531
3.11,-0.801
3.023,-2.77
3.103,-1.548
2.732,-3.156
2.54,-3.319
2.288,-3.376
0.64,-3.297
0.735,-3.291
0.41,-3.367
0.254,-3.127
0.149,-3.324
-0.342,-2.999
-1.155,-3.284
-1.242,-2.999
-1.584,-3.131
-2.338,-3.513
-2.722,-3.147
2.667,1.112
2.474,1.154
2.324,1.134
0.542,1.148
-0.192,1.215
-1.062,1.109
-2.039,1.356
-2.344,1.055
-2.516,1.077
-2.607,1.363
2.932,0.77
1.929,-1.001
0.41,0.797
-0.338,-0.798
-1.322,-1.176
-2.357,-2.008
1.039,0.472
-1.561,0.021
-1.588,-0.627
-2.515,-0.644
-2.612,-0.04
-2.938,-1.52
-2.945,0.472
3.128,-0.958
-0.275,-1.853
-2.721,-1.84
-0.012,-0.978
-0.023,1.283
-0.09,-0.425
-0.021,-1.66
-0.078,-1.292
-0.124,0.647
-0.305,0.434
-0.285,-0.223
-0.551,-1.227
-0.51,1.401
-0.679,-0.164
-0.695,0.063
-0.679,-1.304
-0.697,-1.896
-0.708,-0.425
-0.792,1.244
-0.836,-0.273
-1.283,0.105
-1.265,-0.69
-1.335,0.095
-1.44,1.235
-1.544,0.077
-1.499,1.091
-1.616,-0.913
-1.705,-0.143
-1.846,0.393
-1.983,1.266
-1.968,0.392
-2.062,1.005
-2.103,1.797
-2.169,-0.149
-2.211,-1.881
-2.212,-0.433
-2.426,-0.594
-2.464,-1.452
-2.527,-1.181
-2.622,0.885
-2.629,-1.137
-2.734,-1.183
-2.72,-1.545
-2.796,-0.786
-2.777,1.846
-2.879,0.586
-3.051,-2.104
3.018,-2.389
2.774,-2.062
2.624,-2.281
2.184,-2.092
1.663,-2.238
0.736,-2.388
0.105,-2.333
-0.137,-2.086
-1.224,-2.429
-1.47,-2.34
-1.914,-2.202
-2.816,-2.229
-2.827,-2.149
2.923,2.147
2.252,2.118
1.612,2.101
1.043,2.305
0.874,1.936
0.722,2.203
0.337,2.215
-0.509,2.0
-0.684,2.041
-2.062,2.146
-2.534,2.074
-2.614,2.195
-2.775,2.156
-2.899,2.257
2.72,-1.692
2.483,-1.99
2.078,-1.769
1.647,1.596
0.929,1.106
-0.621,-1.16
-0.661,-1.964
-1.034,0.566
-2.965,-0.523
2.669,-2.42
2.274,-1.988
2.084,-2.252
-2.749,-2.147
-2.994,0.693
-3.039,0.689
3.113,-1.023
-3.086,0.348
-3.098,-0.046
3.052,0.391
3.012,0.826
2.987,-1.961
2.866,-0.175
2.85,1.968
2.876,0.416
2.733,0.554
2.661,1.779
2.606,1.493
2.398,0.725
2.247,-0.906
2.295,0.774
2.291,1.242
2.133,-1.147
2.16,-0.514
2.129,-0.826
1.989,-1.756
1.916,-0.898
1.57,-0.672
1.696,-0.633
1.49,0.724
1.596,-1.943
1.49,0.808
1.199,-0.038
1.24,1.437
1.181,-1.025
1.143,1.372
1.101,1.581
0.954,1.084
0.909,-1.635
0.776,-0.368
0.758,-1.014
0.83,1.868
0.744,-1.99
0.589,-2.025
0.572,-1.064
0.649,-1.137
0.324,-1.91
0.278,0.473
0.335,-0.763
0.261,0.52
0.091,1.93
0.118,-0.103
0.06,-1.029
-0.1,-0.059
-0.276,1.668
-0.325,-0.649
-0.319,-0.538
-0.495,1.213
-0.392,-0.937
-0.568,0.091
-0.651,-1.0
-0.569,-0.415
-0.807,1.423
-0.796,-0.759
-0.705,0.005
-0.746,-0.476
-0.753,1.89
-0.965,-1.035
-1.015,-0.182
-1.131,0.084
-1.213,-1.716
-1.279,1.14
-1.473,-1.486
-1.495,1.088
-1.399,0.194
-1.46,-1.931
-1.628,1.239
-1.636,-1.962
-1.606,-0.58
-1.771,0.896
-2.064,0.989
-1.911,0.825
-1.958,-1.037
-1.984,1.634
-2.192,-2.049
-2.402,-0.361
-2.319,-0.356
-2.616,1.958
-2.542,-0.729
-2.691,-0.584
-2.882,0.146
-2.969,-1.823
-2.889,-0.601
3.023,-2.209
2.831,-2.372
2.579,-2.429
0.931,-2.35
1.026,-2.344
0.701,-2.42
0.545,-2.18
0.44,-2.377
-0.051,-2.052
-0.864,-2.337
-0.951,-2.052
-1.293,-2.184
-2.047,-2.566
-2.431,-2.2
2.958,2.059
2.765,2.101
2.615,2.081
0.833,2.095
0.099,2.162
-0.771,2.056
-1.748,2.303
-2.053,2.002
-2.225,2.024
-2.316,2.31
-3.06,1.717
2.22,-0.054
0.701,1.744
-0.047,0.149
-1.031,-0.229
-2.066,-1.061
1.33,1.419
-1.27,0.968
-1.297,0.32
-2.224,0.303
-2.321,0.907
-2.647,-0.573
-2.654,1.419
-2.864,-0.011
0.016,-0.906
-2.43,-0.893
-0.011,2.261
-0.078,0.553
-0.009,-0.682
-0.066,-0.314
-0.112,1.625
-0.293,1.412
-0.273,0.755
-0.539,-0.249
-0.498,2.379
-0.667,0.814
-0.683,1.041
-0.667,-0.326
-0.685,-0.918
-0.696,0.553
-0.78,2.222
-0.824,0.705
-1.271,1.083
-1.253,0.288
-1.323,1.073
-1.428,2.213
-1.532,1.055
-1.487,2.069
-1.604,0.065
-1.693,0.835
-1.834,1.371
-1.971,2.244
-1.956,1.37
-2.05,1.983
-2.091,2.775
-2.157,0.829
-2.199,-0.903
-2.2,0.545
-2.414,0.384
-2.452,-0.474
-2.515,-0.203
-2.61,1.863
-2.617,-0.159
-2.722,-0.205
-2.708,-0.567
-2.784,0.192
-2.765,2.824
-2.867,1.564
-3.039,-1.126
3.03,-1.411
2.786,-1.084
2.636,-1.303
2.196,-1.114
1.675,-1.26
0.748,-1.41
0.117,-1.355
-0.125,-1.108
-1.212,-1.451
-1.458,-1.362
-1.902,-1.224
-2.804,-1.251
-2.815,-1.171
2.935,3.125
2.264,3.096
1.624,3.079
1.055,3.283
0.886,2.914
0.734,3.181
0.349,3.193
-0.497,2.978
-0.672,3.019
-2.05,3.124
-2.522,3.052
-2.602,3.173
-2.763,3.134
-2.887,3.235
2.732,-0.714
2.495,-1.012
2.09,-0.791
1.659,2.574
0.941,2.084
-0.609,-0.182
-0.649,-0.986
-1.022,1.544
-2.953,0.455
2.681,-1.442
2.286,-1.01
2.096,-1.274
-2.737,-1.169
-2.982,1.671
-3.027,1.667
3.125,-0.045
-3.074,1.326
-3.086,0.932
3.064,1.369
3.024,1.804
2.999,-0.983
2.878,0.803
2.862,2.946
2.888,1.394
2.745,1.532
2.673,2.757
2.618,2.471
2.41,1.703
2.259,0.072
2.307,1.752
2.303,2.22
2.145,-0.169
2.172,0.464
2.141,0.152
2.001,-0.778
1.928,0.08
1.582,0.306
1.708,0.345
1.502,1.702
1.608,-0.965
1.502,1.786
1.211,0.94
1.252,2.415
1.193,-0.047
1.155,2.35
1.113,2.559
0.966,2.062
0.921,-0.657
0.788,0.61
0.77,-0.036
0.842,2.846
0.756,-1.012
0.601,-1.047
0.584,-0.086
0.661,-0.159
0.336,-0.932
0.29,1.451
0.347,0.215
0.273,1.498
0.103,2.908
0.13,0.875
0.072,-0.051
-0.088,0.919
-0.264,2.646
-0.313,0.329
-0.307,0.44
-0.483,2.191
-0.38,0.041
-0.556,1.069
-0.639,-0.022
-0.557,0.563
-0.795,2.401
-0.784,0.219
-0.693,0.983
-0.734,0.502
-0.741,2.868
-0.953,-0.057
-1.003,0.796
-1.119,1.062
-1.201,-0.738
-1.267,2.118
-1.461,-0.508
-1.483,2.066
-1.387,1.172
-1.448,-0.953
-1.616,2.217
-1.624,-0.984
-1.594,0.398
-1.759,1.874
-2.052,1.967
-1.899,1.803
-1.946,-0.059
-1.972,2.612
-2.18,-1.071
-2.39,0.617
-2.307,0.622
-2.604,2.936
-2.53,0.249
-2.679,0.394
-2.87,1.124
-2.957,-0.845
-2.877,0.377
3.035,-1.231
2.843,-1.394
2.591,-1.451
0.943,-1.372
1.038,-1.366
0.713,-1.442
0.557,-1.202
0.452,-1.399
-0.039,-1.074
-0.852,-1.359
-0.939,-1.074
-1.281,-1.206
-2.035,-1.588
-2.419,-1.222
2.97,3.037
2.777,3.079
2.627,3.059
0.845,3.073
0.111,3.14
-0.759,3.034
-1.736,3.281
-2.041,2.98
-2.213,3.002
-2.304,3.288
-3.048,2.695
2.232,0.924
0.713,2.722
-0.035,1.127
-1.019,0.749
-2.054,-0.083
1.342,2.397
-1.258,1.946
-1.285,1.298
-2.212,1.281
-2.309,1.885
-2.635,0.405
-2.642,2.397
-2.852,0.967
0.028,0.072
-2.418,0.085
-0.067,-1.708
0.002,-2.943
-0.055,-2.575
-0.101,-0.636
-0.282,-0.849
-0.262,-1.506
-0.528,-2.51
-0.487,0.118
-0.656,-1.447
-0.672,-1.22
-0.656,-2.587
-0.674,-3.179
-0.685,-1.708
-0.769,-0.039
-0.813,-1.556
-1.26,-1.178
-1.242,-1.973
-1.312,-1.188
-1.417,-0.048
-1.521,-1.206
-1.476,-0.192
-1.593,-2.196
-1.682,-1.426
-1.823,-0.89
-1.96,-0.017
-1.945,-0.891
-2.039,-0.278
-2.08,0.514
-2.146,-1.432
-2.188,-3.164
-2.189,-1.716
-2.403,-1.877
-2.441,-2.735
-2.504,-2.464
-2.599,-0.398
-2.606,-2.42
-2.711,-2.466
-2.697,-2.828
-2.773,-2.069
-2.754,0.563
-2.856,-0.697
-3.028,-3.387
3.041,-3.672
2.797,-3.345
2.647,-3.564
2.207,-3.375
1.686,-3.521
0.759,-3.671
0.128,-3.616
-0.114,-3.369
-1.201,-3.712
-1.447,-3.623
-1.891,-3.485
-2.793,-3.512
-2.804,-3.432
2.946,0.864
2.275,0.835
1.635,0.818
1.066,1.022
0.897,0.653
0.745,0.92
0.36,0.932
-0.486,0.717
-0.661,0.758
-2.039,0.863
-2.511,0.791
-2.591,0.912
-2.752,0.873
-2.876,0.974
2.743,-2.975
2.506,-3.273
2.101,-3.052
1.67,0.313
0.952,-0.177
-0.598,-2.443
-0.638,-3.247
-1.011,-0.717
-2.942,-1.806
2.692,-3.703
2.297,-3.271
2.107,-3.535
-2.726,-3.43
-2.971,-0.59
-3.016,-0.594
3.136,-2.306
-3.063,-0.935
-3.075,-1.329
3.075,-0.892
3.035,-0.457
3.01,-3.244
2.889,-1.458
2.873,0.685
2.899,-0.867
2.756,-0.729
2.684,0.496
2.629,0.21
2.421,-0.558
2.27,-2.189
2.318,-0.509
2.314,-0.041
2.156,-2.43
2.183,-1.797
2.152,-2.109
2.012,-3.039
1.939,-2.181
1.593,-1.955
1.719,-1.916
1.513,-0.559
1.619,-3.226
1.513,-0.475
1.222,-1.321
1.263,0.154
1.204,-2.308
1.166,0.089
1.124,0.298
0.977,-0.199
0.932,-2.918
0.799,-1.651
0.781,-2.297
0.853,0.585
0.767,-3.273
0.612,-3.308
0.595,-2.347
0.672,-2.42
0.347,-3.193
0.301,-0.81
0.358,-2.046
0.284,-0.763
0.114,0.647
0.141,-1.386
0.083,-2.312
-0.077,-1.342
-0.253,0.385
-0.302,-1.932
-0.296,-1.821
-0.472,-0.07
-0.369,-2.22
-0.545,-1.192
-0.628,-2.283
-0.546,-1.698
-0.784,0.14
-0.773,-2.042
-0.682,-1.278
-0.723,-1.759
-0.73,0.607
-0.942,-2.318
-0.992,-1.465
-1.108,-1.199
-1.19,-2.999
-1.256,-0.143
-1.45,-2.769
-1.472,-0.195
-1.376,-1.089
-1.437,-3.214
-1.605,-0.044
-1.613,-3.245
-1.583,-1.863
-1.748,-0.387
-2.041,-0.294
-1.888,-0.458
-1.935,-2.32
-1.961,0.351
-2.169,-3.332
-2.379,-1.644
-2.296,-1.639
-2.593,0.675
-2.519,-2.012
-2.668,-1.867
-2.859,-1.137
-2.946,-3.106
-2.866,-1.884
3.046,-3.492
2.854,-3.655
2.602,-3.712
0.954,-3.633
1.049,-3.627
0.724,-3.703
0.568,-3.463
0.463,-3.66
-0.028,-3.335
-0.841,-3.62
-0.928,-3.335
-1.27,-3.467
-2.024,-3.849
-2.408,-3.483
2.981,0.776
2.788,0.818
2.638,0.798
0.856,0.812
0.122,0.879
-0.748,0.773
-1.725,1.02
-2.03,0.719
-2.202,0.741
-2.293,1.027
-3.037,0.434
2.243,-1.337
0.724,0.461
-0.024,-1.134
-1.008,-1.512
-2.043,-2.344
1.353,0.136
-1.247,-0.315
-1.274,-0.963
-2.201,-0.98
-2.298,-0.376
-2.624,-1.856
-2.631,0.136
-2.841,-1.294
0.039,-2.189
-2.407,-2.176
0.069,-1.235
0.012,-0.867
-0.034,1.072
-0.215,0.859
-0.195,0.202
-0.461,-0.802
-0.42,1.826
-0.589,0.261
-0.605,0.488
-0.589,-0.879
-0.607,-1.471
-0.618,0.0
-0.702,1.669
-0.746,0.152
-1.193,0.53
-1.175,-0.265
-1.245,0.52
-1.35,1.66
-1.454,0.502
-1.409,1.516
-1.526,-0.488
-1.615,0.282
-1.756,0.818
-1.893,1.691
-1.878,0.817
-1.972,1.43
-2.013,2.222
-2.079,0.276
-2.121,-1.456
-2.122,-0.008
-2.336,-0.169
-2.374,-1.027
-2.437,-0.756
-2.532,1.31
-2.539,-0.712
-2.644,-0.758
-2.63,-1.12
-2.706,-0.361
-2.687,2.271
-2.789,1.011
-2.961,-1.679
3.108,-1.964
2.864,-1.637
2.714,-1.856
2.274,-1.667
1.753,-1.813
0.826,-1.963
0.195,-1.908
-0.047,-1.661
-1.134,-2.004
-1.38,-1.915
-1.824,-1.777
-2.726,-1.804
-2.737,-1.724
3.013,2.572
2.342,2.543
1.702,2.526
1.133,2.73
0.964,2.361
0.812,2.628
0.427,2.64
-0.419,2.425
-0.594,2.466
-1.972,2.571
-2.444,2.499
-2.524,2.62
-2.685,2.581
-2.809,2.682
2.81,-1.267
2.573,-1.565
2.168,-1.344
1.737,2.021
1.019,1.531
-0.531,-0.735
-0.571,-1.539
-0.944,0.991
-2.875,-0.098
2.759,-1.995
2.364,-1.563
2.174,-1.827
-2.659,-1.722
-2.904,1.118
-2.949,1.114
-3.08,-0.598
-2.996,0.773
-3.008,0.379
-3.141,0.816
3.102,1.251
3.077,-1.536
2.956,0.25
2.94,2.393
2.966,0.841
2.823,0.979
2.751,2.204
2.696,1.918
2.488,1.15
2.337,-0.481
2.385,1.199
2.381,1.667
2.223,-0.722
2.25,-0.089
2.219,-0.401
2.079,-1.331
2.006,-0.473
1.66,-0.247
1.786,-0.208
1.58,1.149
1.686,-1.518
1.58,1.233
1.289,0.387
1.33,1.862
1.271,-0.6
1.233,1.797
1.191,2.006
1.044,1.509
0.999,-1.21
0.866,0.057
0.848,-0.589
0.92,2.293
0.834,-1.565
0.679,-1.6
0.662,-0.639
0.739,-0.712
0.414,-1.485
0.368,0.898
0.425,-0.338
0.351,0.945
0.181,2.355
0.208,0.322
0.15,-0.604
-0.01,0.366
-0.186,2.093
-0.235,-0.224
-0.229,-0.113
-0.405,1.638
-0.302,-0.512
-0.478,0.516
-0.561,-0.575
-0.479,0.01
-0.717,1.848
-0.706,-0.334
-0.615,0.43
-0.656,-0.051
-0.663,2.315
-0.875,-0.61
-0.925,0.243
-1.041,0.509
-1.123,-1.291
-1.189,1.565
-1.383,-1.061
-1.405,1.513
-1.309,0.619
-1.37,-1.506
-1.538,1.664
-1.546,-1.537
-1.516,-0.155
-1.681,1.321
-1.974,1.414
-1.821,1.25
-1.868,-0.612
-1.894,2.059
-2.102,-1.624
-2.312,0.064
-2.229,0.069
-2.526,2.383
-2.452,-0.304
-2.601,-0.159
-2.792,0.571
-2.879,-1.398
-2.799,-0.176
3.113,-1.784
2.921,-1.947
2.669,-2.004
1.021,-1.925
1.116,-1.919
0.791,-1.995
0.635,-1.755
0.53,-1.952
0.039,-1.627
-0.774,-1.912
-0.861,-1.627
-1.203,-1.759
-1.957,-2.141
-2.341,-1.775
3.048,2.484
2.855,2.526
2.705,2.506
0.923,2.52
0.189,2.587
-0.681,2.481
-1.658,2.728
-1.963,2.427
-2.135,2.449
-2.226,2.735
-2.97,2.142
2.31,0.371
0.791,2.169
0.043,0.574
-0.941,0.196
-1.976,-0.636
1.42,1.844
-1.18,1.393
-1.207,0.745
-2.134,0.728
-2.231,1.332
-2.557,-0.148
-2.564,1.844
-2.774,0.414
0.106,-0.481
-2.34,-0.468
-0.057,0.368
-0.103,2.307
-0.284,2.094
-0.264,1.437
-0.53,0.433
-0.489,3.061
-0.658,1.496
-0.674,1.723
-0.658,0.356
-0.676,-0.236
-0.687,1.235
-0.771,2.904
-0.815,1.387
-1.262,1.765
-1.244,0.97
-1.314,1.755
-1.419,2.895
-1.523,1.737
-1.478,2.751
-1.595,0.747
-1.684,1.517
-1.825,2.053
-1.962,2.926
-1.947,2.052
-2.041,2.665
-2.082,3.457
-2.148,1.511
-2.19,-0.221
-2.191,1.227
-2.405,1.066
-2.443,0.208
-2.506,0.479
-2.601,2.545
-2.608,0.523
-2.713,0.477
-2.699,0.115
-2.775,0.874
-2.756,3.506
-2.858,2.246
-3.03,-0.444
3.039,-0.729
2.795,-0.402
2.645,-0.621
2.205,-0.432
1.684,-0.578
0.757,-0.728
0.126,-0.673
-0.116,-0.426
-1.203,-0.769
-1.449,-0.68
-1.893,-0.542
-2.795,-0.569
-2.806,-0.489
2.944,3.807
2.273,3.778
1.633,3.761
1.064,3.965
0.895,3.596
0.743,3.863
0.358,3.875
-0.488,3.66
-0.663,3.701
-2.041,3.806
-2.513,3.734
-2.593,3.855
-2.754,3.816
-2.878,3.917
2.741,-0.032
2.504,-0.33
2.099,-0.109
1.668,3.256
0.95,2.766
-0.6,0.5
-0.64,-0.304
-1.013,2.226
-2.944,1.137
2.69,-0.76
2.295,-0.328
2.105,-0.592
-2.728,-0.487
-2.973,2.353
-3.018,2.349
3.134,0.637
-3.065,2.008
-3.077,1.614
3.073,2.051
3.033,2.486
3.008,-0.301
2.887,1.485
2.871,3.628
2.897,2.076
2.754,2.214
2.682,3.439
2.627,3.153
2.419,2.385
2.268,0.754
2.316,2.434
2.312,2.902
2.154,0.513
2.181,1.146
2.15,0.834
2.01,-0.096
1.937,0.762
1.591,0.988
1.717,1.027
1.511,2.384
1.617,-0.283
1.511,2.468
1.22,1.622
1.261,3.097
1.202,0.635
1.164,3.032
1.122,3.241
0.975,2.744
0.93,0.025
0.797,1.292
0.779,0.646
0.851,3.528
0.765,-0.33
0.61,-0.365
0.593,0.596
0.67,0.523
0.345,-0.25
0.299,2.133
0.356,0.897
0.282,2.18
0.112,3.59
0.139,1.557
0.081,0.631
-0.079,1.601
-0.255,3.328
-0.304,1.011
-0.298,1.122
-0.474,2.873
-0.371,0.723
-0.547,1.751
-0.63,0.66
-0.548,1.245
-0.786,3.083
-0.775,0.901
-0.684,1.665
-0.725,1.184
-0.732,3.55
-0.944,0.625
-0.994,1.478
-1.11,1.744
-1.192,-0.056
-1.258,2.8
-1.452,0.174
-1.474,2.748
-1.378,1.854
-1.439,-0.271
-1.607,2.899
-1.615,-0.302
-1.585,1.08
-1.75,2.556
-2.043,2.649
-1.89,2.485
-1.937,0.623
-1.963,3.294
-2.171,-0.389
-2.381,1.299
-2.298,1.304
-2.595,3.618
-2.521,0.931
-2.67,1.076
-2.861,1.806
-2.948,-0.163
-2.868,1.059
3.044,-0.549
2.852,-0.712
2.6,-0.769
0.952,-0.69
1.047,-0.684
0.722,-0.76
0.566,-0.52
0.461,-0.717
-0.03,-0.392
-0.843,-0.677
-0.93,-0.392
-1.272,-0.524
-2.026,-0.906
-2.41,-0.54
2.979,3.719
2.786,3.761
2.636,3.741
0.854,3.755
0.12,3.822
-0.75,3.716
-1.727,3.963
-2.032,3.662
-2.204,3.684
-2.295,3.97
-3.039,3.377
2.241,1.606
0.722,3.404
-0.026,1.809
-1.01,1.431
-2.045,0.599
1.351,3.079
-1.249,2.628
-1.276,1.98
-2.203,1.963
-2.3,2.567
-2.626,1.087
-2.633,3.079
-2.843,1.649
0.037,0.754
-2.409,0.767
-0.046,1.939
-0.227,1.726
-0.207,1.069
-0.473,0.065
-0.432,2.693
-0.601,1.128
-0.617,1.355
-0.601,-0.012
-0.619,-0.604
-0.63,0.867
-0.714,2.536
-0.758,1.019
-1.205,1.397
-1.187,0.602
-1.257,1.387
-1.362,2.527
-1.466,1.369
-1.421,2.383
-1.538,0.379
-1.627,1.149
-1.768,1.685
-1.905,2.558
-1.89,1.684
-1.984,2.297
-2.025,3.089
-2.091,1.143
-2.133,-0.589
-2.134,0.859
-2.348,0.698
-2.386,-0.16
-2.449,0.111
-2.544,2.177
-2.551,0.155
-2.656,0.109
-2.642,-0.253
-2.718,0.506
-2.699,3.138
-2.801,1.878
-2.973,-0.812
3.096,-1.097
2.852,-0.77
2.702,-0.989
2.262,-0.8
1.741,-0.946
0.814,-1.096
0.183,-1.041
-0.059,-0.794
-1.146,-1.137
-1.392,-1.048
-1.836,-0.91
-2.738,-0.937
-2.749,-0.857
3.001,3.439
2.33,3.41
1.69,3.393
1.121,3.597
0.952,3.228
0.8,3.495
0.415,3.507
-0.431,3.292
-0.606,3.333
-1.984,3.438
-2.456,3.366
-2.536,3.487
-2.697,3.448
-2.821,3.549
2.798,-0.4
2.561,-0.698
2.156,-0.477
1.725,2.888
1.007,2.398
-0.543,0.132
-0.583,-0.672
-0.956,1.858
-2.887,0.769
2.747,-1.128
2.352,-0.696
2.162,-0.96
-2.671,-0.855
-2.916,1.985
-2.961,1.981
-3.092,0.269
-3.008,1.64
-3.02,1.246
3.13,1.683
3.09,2.118
3.065,-0.669
2.944,1.117
2.928,3.26
2.954,1.708
2.811,1.846
2.739,3.071
2.684,2.785
2.476,2.017
2.325,0.386
2.373,2.066
2.369,2.534
2.211,0.145
2.238,0.778
2.207,0.466
2.067,-0.464
1.994,0.394
1.648,0.62
1.774,0.659
1.568,2.016
1.674,-0.651
1.568,2.1
1.277,1.254
1.318,2.729
1.259,0.267
1.221,2.664
1.179,2.873
1.032,2.376
0.987,-0.343
0.854,0.924
0.836,0.278
0.908,3.16
0.822,-0.698
0.667,-0.733
0.65,0.228
0.727,0.155
0.402,-0.618
0.356,1.765
0.413,0.529
0.339,1.812
0.169,3.222
0.196,1.189
0.138,0.263
-0.022,1.233
-0.198,2.96
-0.247,0.643
-0.241,0.754
-0.417,2.505
-0.314,0.355
-0.49,1.383
-0.573,0.292
-0.491,0.877
-0.729,2.715
-0.718,0.533
-0.627,1.297
-0.668,0.816
-0.675,3.182
-0.887,0.257
-0.937,1.11
-1.053,1.376
-1.135,-0.424
-1.201,2.432
-1.395,-0.194
-1.417,2.38
-1.321,1.486
-1.382,-0.639
-1.55,2.531
-1.558,-0.67
-1.528,0.712
-1.693,2.188
-1.986,2.281
-1.833,2.117
-1.88,0.255
-1.906,2.926
-2.114,-0.757
-2.324,0.931
-2.241,0.936
-2.538,3.25
-2.464,0.563
-2.613,0.708
-2.804,1.438
-2.891,-0.531
-2.811,0.691
3.101,-0.917
2.909,-1.08
2.657,-1.137
1.009,-1.058
1.104,-1.052
0.779,-1.128
0.623,-0.888
0.518,-1.085
0.027,-0.76
-0.786,-1.045
-0.873,-0.76
-1.215,-0.892
-1.969,-1.274
-2.353,-0.908
3.036,3.351
2.843,3.393
2.693,3.373
0.911,3.387
0.177,3.454
-0.693,3.348
-1.67,3.595
-1.975,3.294
-2.147,3.316
-2.238,3.602
-2.982,3.009
2.298,1.238
0.779,3.036
0.031,1.441
-0.953,1.063
-1.988,0.231
1.408,2.711
-1.192,2.26
-1.219,1.612
-2.146,1.595
-2.243,2.199
-2.569,0.719
-2.576,2.711
-2.786,1.281
0.094,0.386
-2.352,0.399
-0.181,-0.213
-0.161,-0.87
-0.427,-1.874
-0.386,0.754
-0.555,-0.811
-0.571,-0.584
-0.555,-1.951
-0.573,-2.543
-0.584,-1.072
-0.668,0.597
-0.712,-0.92
-1.159,-0.542
-1.141,-1.337
-1.211,-0.552
-1.316,0.588
-1.42,-0.57
-1.375,0.444
-1.492,-1.56
-1.581,-0.79
-1.722,-0.254
-1.859,0.619
-1.844,-0.255
-1.938,0.358
-1.979,1.15
-2.045,-0.796
-2.087,-2.528
-2.088,-1.08
-2.302,-1.241
-2.34,-2.099
-2.403,-1.828
-2.498,0.238
-2.505,-1.784
-2.61,-1.83
-2.596,-2.192
-2.672,-1.433
-2.653,1.199
-2.755,-0.061
-2.927,-2.751
-3.141,-3.036
2.898,-2.709
2.748,-2.928
2.308,-2.739
1.787,-2.885
0.86,-3.035
0.229,-2.98
-0.013,-2.733
-1.1,-3.076
-1.346,-2.987
-1.79,-2.849
-2.692,-2.876
-2.703,-2.796
3.047,1.5
2.376,1.471
1.736,1.454
1.167,1.658
0.998,1.289
0.846,1.556
0.461,1.568
-0.385,1.353
-0.56,1.394
-1.938,1.499
-2.41,1.427
-2.49,1.548
-2.651,1.509
-2.775,1.61
2.844,-2.339
2.607,-2.637
2.202,-2.416
1.771,0.949
1.053,0.459
-0.497,-1.807
-0.537,-2.611
-0.91,-0.081
-2.841,-1.17
2.793,-3.067
2.398,-2.635
2.208,-2.899
-2.625,-2.794
-2.87,0.046
-2.915,0.042
-3.046,-1.67
-2.962,-0.299
-2.974,-0.693
-3.107,-0.256
3.136,0.179
3.111,-2.608
2.99,-0.822
2.974,1.321
3.0,-0.231
2.857,-0.093
2.785,1.132
2.73,0.846
2.522,0.078
2.371,-1.553
2.419,0.127
2.415,0.595
2.257,-1.794
2.284,-1.161
2.253,-1.473
2.113,-2.403
2.04,-1.545
1.694,-1.319
1.82,-1.28
1.614,0.077
1.72,-2.59
1.614,0.161
1.323,-0.685
1.364,0.79
1.305,-1.672
1.267,0.725
1.225,0.934
1.078,0.437
1.033,-2.282
0.9,-1.015
0.882,-1.661
0.954,1.221
0.868,-2.637
0.713,-2.672
0.696,-1.711
0.773,-1.784
0.448,-2.557
0.402,-0.174
0.459,-1.41
0.385,-0.127
0.215,1.283
0.242,-0.75
0.184,-1.676
0.024,-0.706
-0.152,1.021
-0.201,-1.296
-0.195,-1.185
-0.371,0.566
-0.268,-1.584
-0.444,-0.556
-0.527,-1.647
-0.445,-1.062
-0.683,0.776
-0.672,-1.406
-0.581,-0.642
-0.622,-1.123
-0.629,1.243
-0.841,-1.682
-0.891,-0.829
-1.007,-0.563
-1.089,-2.363
-1.155,0.493
-1.349,-2.133
-1.371,0.441
-1.275,-0.453
-1.336,-2.578
-1.504,0.592
-1.512,-2.609
-1.482,-1.227
-1.647,0.249
-1.94,0.342
-1.787,0.178
-1.834,-1.684
-1.86,0.987
-2.068,-2.696
-2.278,-1.008
-2.195,-1.003
-2.492,1.311
-2.418,-1.376
-2.567,-1.231
-2.758,-0.501
-2.845,-2.47
-2.765,-1.248
-3.136,-2.856
2.955,-3.019
2.703,-3.076
1.055,-2.997
1.15,-2.991
0.825,-3.067
0.669,-2.827
0.564,-3.024
0.073,-2.699
-0.74,-2.984
-0.827,-2.699
-1.169,-2.831
-1.923,-3.213
-2.307,-2.847
3.082,1.412
2.889,1.454
2.739,1.434
0.957,1.448
0.223,1.515
-0.647,1.409
-1.624,1.656
-1.929,1.355
-2.101,1.377
-2.192,1.663
-2.936,1.07
2.344,-0.701
0.825,1.097
0.077,-0.498
-0.907,-0.876
-1.942,-1.708
1.454,0.772
-1.146,0.321
-1.173,-0.327
-2.1,-0.344
-2.197,0.26
-2.523,-1.22
-2.53,0.772
-2.74,-0.658
0.14,-1.553
-2.306,-1.54
0.02,-0.657
-0.246,-1.661
-0.205,0.967
-0.374,-0.598
-0.39,-0.371
-0.374,-1.738
-0.392,-2.33
-0.403,-0.859
-0.487,0.81
-0.531,-0.707
-0.978,-0.329
-0.96,-1.124
-1.03,-0.339
-1.135,0.801
-1.239,-0.357
-1.194,0.657
-1.311,-1.347
-1.4,-0.577
-1.541,-0.041
-1.678,0.832
-1.663,-0.042
-1.757,0.571
-1.798,1.363
-1.864,-0.583
-1.906,-2.315
-1.907,-0.867
-2.121,-1.028
-2.159,-1.886
-2.222,-1.615
-2.317,0.451
-2.324,-1.571
-2.429,-1.617
-2.415,-1.979
-2.491,-1.22
-2.472,1.412
-2.574,0.152
-2.746,-2.538
-2.96,-2.823
3.079,-2.496
2.929,-2.715
2.489,-2.526
1.968,-2.672
1.041,-2.822
0.41,-2.767
0.168,-2.52
-0.919,-2.863
-1.165,-2.774
-1.609,-2.636
-2.511,-2.663
-2.522,-2.583
-3.055,1.713
2.557,1.684
1.917,1.667
1.348,1.871
1.179,1.502
1.027,1.769
0.642,1.781
-0.204,1.566
-0.379,1.607
-1.757,1.712
-2.229,1.64
-2.309,1.761
-2.47,1.722
-2.594,1.823
3.025,-2.126
2.788,-2.424
2.383,-2.203
1.952,1.162
1.234,0.672
-0.316,-1.594
-0.356,-2.398
-0.729,0.132
-2.66,-0.957
2.974,-2.854
2.579,-2.422
2.389,-2.686
-2.444,-2.581
-2.689,0.259
-2.734,0.255
-2.865,-1.457
-2.781,-0.086
-2.793,-0.48
-2.926,-0.043
-2.966,0.392
-2.991,-2.395
-3.112,-0.609
-3.128,1.534
-3.102,-0.018
3.038,0.12
2.966,1.345
2.911,1.059
2.703,0.291
2.552,-1.34
2.6,0.34
2.596,0.808
2.438,-1.581
2.465,-0.948
2.434,-1.26
2.294,-2.19
2.221,-1.332
1.875,-1.106
2.001,-1.067
1.795,0.29
1.901,-2.377
1.795,0.374
1.504,-0.472
1.545,1.003
1.486,-1.459
1.448,0.938
1.406,1.147
1.259,0.65
1.214,-2.069
1.081,-0.802
1.063,-1.448
1.135,1.434
1.049,-2.424
0.894,-2.459
0.877,-1.498
0.954,-1.571
0.629,-2.344
0.583,0.039
0.64,-1.197
0.566,0.086
0.396,1.496
0.423,-0.537
0.365,-1.463
0.205,-0.493
0.029,1.234
-0.02,-1.083
-0.014,-0.972
-0.19,0.779
-0.087,-1.371
-0.263,-0.343
-0.346,-1.434
-0.264,-0.849
-0.502,0.989
-0.491,-1.193
-0.4,-0.429
-0.441,-0.91
-0.448,1.456
-0.66,-1.469
-0.71,-0.616
-0.826,-0.35
-0.908,-2.15
-0.974,0.706
-1.168,-1.92
-1.19,0.654
-1.094,-0.24
-1.155,-2.365
-1.323,0.805
-1.331,-2.396
-1.301,-1.014
-1.466,0.462
-1.759,0.555
-1.606,0.391
-1.653,-1.471
-1.679,1.2
-1.887,-2.483
-2.097,-0.795
-2.014,-0.79
-2.311,1.524
-2.237,-1.163
-2.386,-1.018
-2.577,-0.288
-2.664,-2.257
-2.584,-1.035
-2.955,-2.643
3.136,-2.806
2.884,-2.863
1.236,-2.784
1.331,-2.778
1.006,-2.854
0.85,-2.614
0.745,-2.811
0.254,-2.486
-0.559,-2.771
-0.646,-2.486
-0.988,-2.618
-1.742,-3.0
-2.126,-2.634
-3.02,1.625
3.07,1.667
2.92,1.647
1.138,1.661
0.404,1.728
-0.466,1.622
-1.443,1.869
-1.748,1.568
-1.92,1.59
-2.011,1.876
-2.755,1.283
2.525,-0.488
1.006,1.31
0.258,-0.285
-0.726,-0.663
-1.761,-1.495
1.635,0.985
-0.965,0.534
-0.992,-0.114
-1.919,-0.131
-2.016,0.473
-2.342,-1.007
-2.349,0.985
-2.559,-0.445
0.321,-1.34
-2.125,-1.327
-0.266,-1.004
-0.225,1.624
-0.394,0.059
-0.41,0.286
-0.394,-1.081
-0.412,-1.673
-0.423,-0.202
-0.507,1.467
-0.551,-0.05
-0.998,0.328
-0.98,-0.467
-1.05,0.318
-1.155,1.458
-1.259,0.3
-1.214,1.314
-1.331,-0.69
-1.42,0.08
-1.561,0.616
-1.698,1.489
-1.683,0.615
-1.777,1.228
-1.818,2.02
-1.884,0.074
-1.926,-1.658
-1.927,-0.21
-2.141,-0.371
-2.179,-1.229
-2.242,-0.958
-2.337,1.108
-2.344,-0.914
-2.449,-0.96
-2.435,-1.322
-2.511,-0.563
-2.492,2.069
-2.594,0.809
-2.766,-1.881
-2.98,-2.166
3.059,-1.839
2.909,-2.058
2.469,-1.869
1.948,-2.015
1.021,-2.165
0.39,-2.11
0.148,-1.863
-0.939,-2.206
-1.185,-2.117
-1.629,-1.979
-2.531,-2.006
-2.542,-1.926
-3.075,2.37
2.537,2.341
1.897,2.324
1.328,2.528
1.159,2.159
1.007,2.426
0.622,2.438
-0.224,2.223
-0.399,2.264
-1.777,2.369
-2.249,2.297
-2.329,2.418
-2.49,2.379
-2.614,2.48
3.005,-1.469
2.768,-1.767
2.363,-1.546
1.932,1.819
1.214,1.329
-0.336,-0.937
-0.376,-1.741
-0.749,0.789
-2.68,-0.3
2.954,-2.197
2.559,-1.765
2.369,-2.029
-2.464,-1.924
-2.709,0.916
-2.754,0.912
-2.885,-0.8
-2.801,0.571
-2.813,0.177
-2.946,0.614
-2.986,1.049
-3.011,-1.738
-3.132,0.048
3.135,2.191
-3.122,0.639
3.018,0.777
2.946,2.002
2.891,1.716
2.683,0.948
2.532,-0.683
2.58,0.997
2.576,1.465
2.418,-0.924
2.445,-0.291
2.414,-0.603
2.274,-1.533
2.201,-0.675
1.855,-0.449
1.981,-0.41
1.775,0.947
1.881,-1.72
1.775,1.031
1.484,0.185
1.525,1.66
1.466,-0.802
1.428,1.595
1.386,1.804
1.239,1.307
1.194,-1.412
1.061,-0.145
1.043,-0.791
1.115,2.091
1.029,-1.767
0.874,-1.802
0.857,-0.841
0.934,-0.914
0.609,-1.687
0.563,0.696
0.62,-0.54
0.546,0.743
0.376,2.153
0.403,0.12
0.345,-0.806
0.185,0.164
0.009,1.891
-0.04,-0.426
-0.034,-0.315
-0.21,1.436
-0.107,-0.714
-0.283,0.314
-0.366,-0.777
-0.284,-0.192
-0.522,1.646
-0.511,-0.536
-0.42,0.228
-0.461,-0.253
-0.468,2.113
-0.68,-0.812
-0.73,0.041
-0.846,0.307
-0.928,-1.493
-0.994,1.363
-1.188,-1.263
-1.21,1.311
-1.114,0.417
-1.175,-1.708
-1.343,1.462
-1.351,-1.739
-1.321,-0.357
-1.486,1.119
-1.779,1.212
-1.626,1.048
-1.673,-0.814
-1.699,1.857
-1.907,-1.826
-2.117,-0.138
-2.034,-0.133
-2.331,2.181
-2.257,-0.506
-2.406,-0.361
-2.597,0.369
-2.684,-1.6
-2.604,-0.378
-2.975,-1.986
3.116,-2.149
2.864,-2.206
1.216,-2.127
1.311,-2.121
0.986,-2.197
0.83,-1.957
0.725,-2.154
0.234,-1.829
-0.579,-2.114
-0.666,-1.829
-1.008,-1.961
-1.762,-2.343
-2.146,-1.977
-3.04,2.282
3.05,2.324
2.9,2.304
1.118,2.318
0.384,2.385
-0.486,2.279
-1.463,2.526
-1.768,2.225
-1.94,2.247
-2.031,2.533
-2.775,1.94
2.505,0.169
0.986,1.967
0.238,0.372
-0.746,-0.006
-1.781,-0.838
1.615,1.642
-0.985,1.191
-1.012,0.543
-1.939,0.526
-2.036,1.13
-2.362,-0.35
-2.369,1.642
-2.579,0.212
0.301,-0.683
-2.145,-0.67
0.041,2.628
-0.128,1.063
-0.144,1.29
-0.128,-0.077
-0.146,-0.669
-0.157,0.802
-0.241,2.471
-0.285,0.954
-0.732,1.332
-0.714,0.537
-0.784,1.322
-0.889,2.462
-0.993,1.304
-0.948,2.318
-1.065,0.314
-1.154,1.084
-1.295,1.62
-1.432,2.493
-1.417,1.619
-1.511,2.232
-1.552,3.024
-1.618,1.078
-1.66,-0.654
-1.661,0.794
-1.875,0.633
-1.913,-0.225
-1.976,0.046
-2.071,2.112
-2.078,0.09
-2.183,0.044
-2.169,-0.318
-2.245,0.441
-2.226,3.073
-2.328,1.813
-2.5,-0.877
-2.714,-1.162
-2.958,-0.835
-3.108,-1.054
2.735,-0.865
2.214,-1.011
1.287,-1.161
0.656,-1.106
0.414,-0.859
-0.673,-1.202
-0.919,-1.113
-1.363,-0.975
-2.265,-1.002
-2.276,-0.922
-2.809,3.374
2.803,3.345
2.163,3.328
1.594,3.532
1.425,3.163
1.273,3.43
0.888,3.442
0.042,3.227
-0.133,3.268
-1.511,3.373
-1.983,3.301
-2.063,3.422
-2.224,3.383
-2.348,3.484
-3.012,-0.465
3.034,-0.763
2.629,-0.542
2.198,2.823
1.48,2.333
-0.07,0.067
-0.11,-0.737
-0.483,1.793
-2.414,0.704
-3.063,-1.193
2.825,-0.761
2.635,-1.025
-2.198,-0.92
-2.443,1.92
-2.488,1.916
-2.619,0.204
-2.535,1.575
-2.547,1.181
-2.68,1.618
-2.72,2.053
-2.745,-0.734
-2.866,1.052
-2.882,3.195
-2.856,1.643
-2.999,1.781
-3.071,3.006
-3.126,2.72
2.949,1.952
2.798,0.321
2.846,2.001
2.842,2.469
2.684,0.08
2.711,0.713
2.68,0.401
2.54,-0.529
2.467,0.329
2.121,0.555
2.247,0.594
2.041,1.951
2.147,-0.716
2.041,2.035
1.75,1.189
1.791,2.664
1.732,0.202
1.694,2.599
1.652,2.808
1.505,2.311
1.46,-0.408
1.327,0.859
1.309,0.213
1.381,3.095
1.295,-0.763
1.14,-0.798
1.123,0.163
1.2,0.09
0.875,-0.683
0.829,1.7
0.886,0.464
0.812,1.747
0.642,3.157
0.669,1.124
0.611,0.198
0.451,1.168
0.275,2.895
0.226,0.578
0.232,0.689
0.056,2.44
0.159,0.29
-0.017,1.318
-0.1,0.227
-0.018,0.812
-0.256,2.65
-0.245,0.468
-0.154,1.232
-0.195,0.751
-0.202,3.117
-0.414,0.192
-0.464,1.045
-0.58,1.311
-0.662,-0.489
-0.728,2.367
-0.922,-0.259
-0.944,2.315
-0.848,1.421
-0.909,-0.704
-1.077,2.466
-1.085,-0.735
-1.055,0.647
-1.22,2.123
-1.513,2.216
-1.36,2.052
-1.407,0.19
-1.433,2.861
-1.641,-0.822
-1.851,0.866
-1.768,0.871
-2.065,3.185
-1.991,0.498
-2.14,0.643
-2.331,1.373
-2.418,-0.596
-2.338,0.626
-2.709,-0.982
-2.901,-1.145
3.13,-1.202
1.482,-1.123
1.577,-1.117
1.252,-1.193
1.096,-0.953
0.991,-1.15
0.5,-0.825
-0.313,-1.11
-0.4,-0.825
-0.742,-0.957
-1.496,-1.339
-1.88,-0.973
-2.774,3.286
-2.967,3.328
-3.117,3.308
1.384,3.322
0.65,3.389
-0.22,3.283
-1.197,3.53
-1.502,3.229
-1.674,3.251
-1.765,3.537
-2.509,2.944
2.771,1.173
1.252,2.971
0.504,1.376
-0.48,0.998
-1.515,0.166
1.881,2.646
-0.719,2.195
-0.746,1.547
-1.673,1.53
-1.77,2.134
-2.096,0.654
-2.103,2.646
-2.313,1.216
0.567,0.321
-1.879,0.334
-0.169,-1.565
-0.185,-1.338
-0.169,-2.705
-0.187,-3.297
-0.198,-1.826
-0.282,-0.157
-0.326,-1.674
-0.773,-1.296
-0.755,-2.091
-0.825,-1.306
-0.93,-0.166
-1.034,-1.324
-0.989,-0.31
-1.106,-2.314
-1.195,-1.544
-1.336,-1.008
-1.473,-0.135
-1.458,-1.009
-1.552,-0.396
-1.593,0.396
-1.659,-1.55
-1.701,-3.282
-1.702,-1.834
-1.916,-1.995
-1.954,-2.853
-2.017,-2.582
-2.112,-0.516
-2.119,-2.538
-2.224,-2.584
-2.21,-2.946
-2.286,-2.187
-2.267,0.445
-2.369,-0.815
-2.541,-3.505
-2.755,-3.79
-2.999,-3.463
3.134,-3.682
2.694,-3.493
2.173,-3.639
1.246,-3.789
0.615,-3.734
0.373,-3.487
-0.714,-3.83
-0.96,-3.741
-1.404,-3.603
-2.306,-3.63
-2.317,-3.55
-2.85,0.746
2.762,0.717
2.122,0.7
1.553,0.904
1.384,0.535
1.232,0.802
0.847,0.814
0.001,0.599
-0.174,0.64
-1.552,0.745
-2.024,0.673
-2.104,0.794
-2.265,0.755
-2.389,0.856
-3.053,-3.093
2.993,-3.391
2.588,-3.17
2.157,0.195
1.439,-0.295
-0.111,-2.561
-0.151,-3.365
-0.524,-0.835
-2.455,-1.924
-3.104,-3.821
2.784,-3.389
2.594,-3.653
-2.239,-3.548
-2.484,-0.708
-2.529,-0.712
-2.66,-2.424
-2.576,-1.053
-2.588,-1.447
-2.721,-1.01
-2.761,-0.575
-2.786,-3.362
-2.907,-1.576
-2.923,0.567
-2.897,-0.985
-3.04,-0.847
-3.112,0.378
3.116,0.092
2.908,-0.676
2.757,-2.307
2.805,-0.627
2.801,-0.159
2.643,-2.548
2.67,-1.915
2.639,-2.227
2.499,-3.157
2.426,-2.299
2.08,-2.073
2.206,-2.034
2.0,-0.677
2.106,-3.344
2.0,-0.593
1.709,-1.439
1.75,0.036
1.691,-2.426
1.653,-0.029
1.611,0.18
1.464,-0.317
1.419,-3.036
1.286,-1.769
1.268,-2.415
1.34,0.467
1.254,-3.391
1.099,-3.426
1.082,-2.465
1.159,-2.538
0.834,-3.311
0.788,-0.928
0.845,-2.164
0.771,-0.881
0.601,0.529
0.628,-1.504
0.57,-2.43
0.41,-1.46
0.234,0.267
0.185,-2.05
0.191,-1.939
0.015,-0.188
0.118,-2.338
-0.058,-1.31
-0.141,-2.401
-0.059,-1.816
-0.297,0.022
-0.286,-2.16
-0.195,-1.396
-0.236,-1.877
-0.243,0.489
-0.455,-2.436
-0.505,-1.583
-0.621,-1.317
-0.703,-3.117
-0.769,-0.261
-0.963,-2.887
-0.985,-0.313
-0.889,-1.207
-0.95,-3.332
-1.118,-0.162
-1.126,-3.363
-1.096,-1.981
-1.261,-0.505
-1.554,-0.412
-1.401,-0.576
-1.448,-2.438
-1.474,0.233
-1.682,-3.45
-1.892,-1.762
-1.809,-1.757
-2.106,0.557
-2.032,-2.13
-2.181,-1.985
-2.372,-1.255
-2.459,-3.224
-2.379,-2.002
-2.75,-3.61
-2.942,-3.773
3.089,-3.83
1.441,-3.751
1.536,-3.745
1.211,-3.821
1.055,-3.581
0.95,-3.778
0.459,-3.453
-0.354,-3.738
-0.441,-3.453
-0.783,-3.585
-1.537,-3.967
-1.921,-3.601
-2.815,0.658
-3.008,0.7
3.125,0.68
1.343,0.694
0.609,0.761
-0.261,0.655
-1.238,0.902
-1.543,0.601
-1.715,0.623
-1.806,0.909
-2.55,0.316
2.73,-1.455
1.211,0.343
0.463,-1.252
-0.521,-1.63
-1.556,-2.462
1.84,0.018
-0.76,-0.433
-0.787,-1.081
-1.714,-1.098
-1.811,-0.494
-2.137,-1.974
-2.144,0.018
-2.354,-1.412
0.526,-2.307
-1.92,-2.294
-0.016,0.227
0.0,-1.14
-0.018,-1.732
-0.029,-0.261
-0.113,1.408
-0.157,-0.109
-0.604,0.269
-0.586,-0.526
-0.656,0.259
-0.761,1.399
-0.865,0.241
-0.82,1.255
-0.937,-0.749
-1.026,0.021
-1.167,0.557
-1.304,1.43
-1.289,0.556
-1.383,1.169
-1.424,1.961
-1.49,0.015
-1.532,-1.717
-1.533,-0.269
-1.747,-0.43
-1.785,-1.288
-1.848,-1.017
-1.943,1.049
-1.95,-0.973
-2.055,-1.019
-2.041,-1.381
-2.117,-0.622
-2.098,2.01
-2.2,0.75
-2.372,-1.94
-2.586,-2.225
-2.83,-1.898
-2.98,-2.117
2.863,-1.928
2.342,-2.074
1.415,-2.224
0.784,-2.169
0.542,-1.922
-0.545,-2.265
-0.791,-2.176
-1.235,-2.038
-2.137,-2.065
-2.148,-1.985
-2.681,2.311
2.931,2.282
2.291,2.265
1.722,2.469
1.553,2.1
1.401,2.367
1.016,2.379
0.17,2.164
-0.005,2.205
-1.383,2.31
-1.855,2.238
-1.935,2.359
-2.096,2.32
-2.22,2.421
-2.884,-1.528
-3.121,-1.826
2.757,-1.605
2.326,1.76
1.608,1.27
0.058,-0.996
0.018,-1.8
-0.355,0.73
-2.286,-0.359
-2.935,-2.256
2.953,-1.824
2.763,-2.088
-2.07,-1.983
-2.315,0.857
-2.36,0.853
-2.491,-0.859
-2.407,0.512
-2.419,0.118
-2.552,0.555
-2.592,0.99
-2.617,-1.797
-2.738,-0.011
-2.754,2.132
-2.728,0.58
-2.871,0.718
-2.943,1.943
-2.998,1.657
3.077,0.889
2.926,-0.742
2.974,0.938
2.97,1.406
2.812,-0.983
2.839,-0.35
2.808,-0.662
2.668,-1.592
2.595,-0.734
2.249,-0.508
2.375,-0.469
2.169,0.888
2.275,-1.779
2.169,0.972
1.878,0.126
1.919,1.601
1.86,-0.861
1.822,1.536
1.78,1.745
1.633,1.248
1.588,-1.471
1.455,-0.204
1.437,-0.85
1.509,2.032
1.423,-1.826
1.268,-1.861
1.251,-0.9
1.328,-0.973
1.003,-1.746
0.957,0.637
1.014,-0.599
0.94,0.684
0.77,2.094
0.797,0.061
0.739,-0.865
0.579,0.105
0.403,1.832
0.354,-0.485
0.36,-0.374
0.184,1.377
0.287,-0.773
0.111,0.255
0.028,-0.836
0.11,-0.251
-0.128,1.587
-0.117,-0.595
-0.026,0.169
-0.067,-0.312
-0.074,2.054
-0.286,-0.871
-0.336,-0.018
-0.452,0.248
-0.534,-1.552
-0.6,1.304
-0.794,-1.322
-0.816,1.252
-0.72,0.358
-0.781,-1.767
-0.949,1.403
-0.957,-1.798
-0.927,-0.416
-1.092,1.06
-1.385,1.153
-1.232,0.989
-1.279,-0.873
-1.305,1.798
-1.513,-1.885
-1.723,-0.197
-1.64,-0.192
-1.937,2.122
-1.863,-0.565
-2.012,-0.42
-2.203,0.31
-2.29,-1.659
-2.21,-0.437
-2.581,-2.045
-2.773,-2.208
-3.025,-2.265
1.61,-2.186
1.705,-2.18
1.38,-2.256
1.224,-2.016
1.119,-2.213
0.628,-1.888
-0.185,-2.173
-0.272,-1.888
-0.614,-2.02
-1.368,-2.402
-1.752,-2.036
-2.646,2.223
-2.839,2.265
-2.989,2.245
1.512,2.259
0.778,2.326
-0.092,2.22
-1.069,2.467
-1.374,2.166
-1.546,2.188
-1.637,2.474
-2.381,1.881
2.899,0.11
1.38,1.908
0.632,0.313
-0.352,-0.065
-1.387,-0.897
2.009,1.583
-0.591,1.132
-0.618,0.484
-1.545,0.467
-1.642,1.071
-1.968,-0.409
-1.975,1.583
-2.185,0.153
0.695,-0.742
-1.751,-0.729
0.016,-1.367
-0.002,-1.959
-0.013,-0.488
-0.097,1.181
-0.141,-0.336
-0.588,0.042
-0.57,-0.753
-0.64,0.032
-0.745,1.172
-0.849,0.014
-0.804,1.028
-0.921,-0.976
-1.01,-0.206
-1.151,0.33
-1.288,1.203
-1.273,0.329
-1.367,0.942
-1.408,1.734
-1.474,-0.212
-1.516,-1.944
-1.517,-0.496
-1.731,-0.657
-1.769,-1.515
-1.832,-1.244
-1.927,0.822
-1.934,-1.2
-2.039,-1.246
-2.025,-1.608
-2.101,-0.849
-2.082,1.783
-2.184,0.523
-2.356,-2.167
-2.57,-2.452
-2.814,-2.125
-2.964,-2.344
2.879,-2.155
2.358,-2.301
1.431,-2.451
0.8,-2.396
0.558,-2.149
-0.529,-2.492
-0.775,-2.403
-1.219,-2.265
-2.121,-2.292
-2.132,-2.212
-2.665,2.084
2.947,2.055
2.307,2.038
1.738,2.242
1.569,1.873
1.417,2.14
1.032,2.152
0.186,1.937
0.011,1.978
-1.367,2.083
-1.839,2.011
-1.919,2.132
-2.08,2.093
-2.204,2.194
-2.868,-1.755
-3.105,-2.053
2.773,-1.832
2.342,1.533
1.624,1.043
0.074,-1.223
0.034,-2.027
-0.339,0.503
-2.27,-0.586
-2.919,-2.483
2.969,-2.051
2.779,-2.315
-2.054,-2.21
-2.299,0.63
-2.344,0.626
-2.475,-1.086
-2.391,0.285
-2.403,-0.109
-2.536,0.328
-2.576,0.763
-2.601,-2.024
-2.722,-0.238
-2.738,1.905
-2.712,0.353
-2.855,0.491
-2.927,1.716
-2.982,1.43
3.093,0.662
2.942,-0.969
2.99,0.711
2.986,1.179
2.828,-1.21
2.855,-0.577
2.824,-0.889
2.684,-1.819
2.611,-0.961
2.265,-0.735
2.391,-0.696
2.185,0.661
2.291,-2.006
2.185,0.745
1.894,-0.101
1.935,1.374
1.876,-1.088
1.838,1.309
1.796,1.518
1.649,1.021
1.604,-1.698
1.471,-0.431
1.453,-1.077
1.525,1.805
1.439,-2.053
1.284,-2.088
1.267,-1.127
1.344,-1.2
1.019,-1.973
0.973,0.41
1.03,-0.826
0.956,0.457
0.786,1.867
0.813,-0.166
0.755,-1.092
0.595,-0.122
0.419,1.605
0.37,-0.712
0.376,-0.601
0.2,1.15
0.303,-1.0
0.127,0.028
0.044,-1.063
0.126,-0.478
-0.112,1.36
-0.101,-0.822
-0.01,-0.058
-0.051,-0.539
-0.058,1.827
-0.27,-1.098
-0.32,-0.245
-0.436,0.021
-0.518,-1.779
-0.584,1.077
-0.778,-1.549
-0.8,1.025
-0.704,0.131
-0.765,-1.994
-0.933,1.176
-0.941,-2.025
-0.911,-0.643
-1.076,0.833
-1.369,0.926
-1.216,0.762
-1.263,-1.1
-1.289,1.571
-1.497,-2.112
-1.707,-0.424
-1.624,-0.419
-1.921,1.895
-1.847,-0.792
-1.996,-0.647
-2.187,0.083
-2.274,-1.886
-2.194,-0.664
-2.565,-2.272
-2.757,-2.435
-3.009,-2.492
1.626,-2.413
1.721,-2.407
1.396,-2.483
1.24,-2.243
1.135,-2.44
0.644,-2.115
-0.169,-2.4
-0.256,-2.115
-0.598,-2.247
-1.352,-2.629
-1.736,-2.263
-2.63,1.996
-2.823,2.038
-2.973,2.018
1.528,2.032
0.794,2.099
-0.076,1.993
-1.053,2.24
-1.358,1.939
-1.53,1.961
-1.621,2.247
-2.365,1.654
2.915,-0.117
1.396,1.681
0.648,0.086
-0.336,-0.292
-1.371,-1.124
2.025,1.356
-0.575,0.905
-0.602,0.257
-1.529,0.24
-1.626,0.844
-1.952,-0.636
-1.959,1.356
-2.169,-0.074
0.711,-0.969
-1.735,-0.956
-0.018,-0.592
-0.029,0.879
-0.113,2.548
-0.157,1.031
-0.604,1.409
-0.586,0.614
-0.656,1.399
-0.761,2.539
-0.865,1.381
-0.82,2.395
-0.937,0.391
-1.026,1.161
-1.167,1.697
-1.304,2.57
-1.289,1.696
-1.383,2.309
-1.424,3.101
-1.49,1.155
-1.532,-0.577
-1.533,0.871
-1.747,0.71
-1.785,-0.148
-1.848,0.123
-1.943,2.189
-1.95,0.167
-2.055,0.121
-2.041,-0.241
-2.117,0.518
-2.098,3.15
-2.2,1.89
-2.372,-0.8
-2.586,-1.085
-2.83,-0.758
-2.98,-0.977
2.863,-0.788
2.342,-0.934
1.415,-1.084
0.784,-1.029
0.542,-0.782
-0.545,-1.125
-0.791,-1.036
-1.235,-0.898
-2.137,-0.925
-2.148,-0.845
-2.681,3.451
2.931,3.422
2.291,3.405
1.722,3.609
1.553,3.24
1.401,3.507
1.016,3.519
0.17,3.304
-0.005,3.345
-1.383,3.45
-1.855,3.378
-1.935,3.499
-2.096,3.46
-2.22,3.561
-2.884,-0.388
-3.121,-0.686
2.757,-0.465
2.326,2.9
1.608,2.41
0.058,0.144
0.018,-0.66
-0.355,1.87
-2.286,0.781
-2.935,-1.116
2.953,-0.684
2.763,-0.948
-2.07,-0.843
-2.315,1.997
-2.36,1.993
-2.491,0.281
-2.407,1.652
-2.419,1.258
-2.552,1.695
-2.592,2.13
-2.617,-0.657
-2.738,1.129
-2.754,3.272
-2.728,1.72
-2.871,1.858
-2.943,3.083
-2.998,2.797
3.077,2.029
2.926,0.398
2.974,2.078
2.97,2.546
2.812,0.157
2.839,0.79
2.808,0.478
2.668,-0.452
2.595,0.406
2.249,0.632
2.375,0.671
2.169,2.028
2.275,-0.639
2.169,2.112
1.878,1.266
1.919,2.741
1.86,0.279
1.822,2.676
1.78,2.885
1.633,2.388
1.588,-0.331
1.455,0.936
1.437,0.29
1.509,3.172
1.423,-0.686
1.268,-0.721
1.251,0.24
1.328,0.167
1.003,-0.606
0.957,1.777
1.014,0.541
0.94,1.824
0.77,3.234
0.797,1.201
0.739,0.275
0.579,1.245
0.403,2.972
0.354,0.655
0.36,0.766
0.184,2.517
0.287,0.367
0.111,1.395
0.028,0.304
0.11,0.889
-0.128,2.727
-0.117,0.545
-0.026,1.309
-0.067,0.828
-0.074,3.194
-0.286,0.269
-0.336,1.122
-0.452,1.388
-0.534,-0.412
-0.6,2.444
-0.794,-0.182
-0.816,2.392
-0.72,1.498
-0.781,-0.627
-0.949,2.543
-0.957,-0.658
-0.927,0.724
-1.092,2.2
-1.385,2.293
-1.232,2.129
-1.279,0.267
-1.305,2.938
-1.513,-0.745
-1.723,0.943
-1.64,0.948
-1.937,3.262
-1.863,0.575
-2.012,0.72
-2.203,1.45
-2.29,-0.519
-2.21,0.703
-2.581,-0.905
-2.773,-1.068
-3.025,-1.125
1.61,-1.046
1.705,-1.04
1.38,-1.116
1.224,-0.876
1.119,-1.073
0.628,-0.748
-0.185,-1.033
-0.272,-0.748
-0.614,-0.88
-1.368,-1.262
-1.752,-0.896
-2.646,3.363
-2.839,3.405
-2.989,3.385
1.512,3.399
0.778,3.466
-0.092,3.36
-1.069,3.607
-1.374,3.306
-1.546,3.328
-1.637,3.614
-2.381,3.021
2.899,1.25
1.38,3.048
0.632,1.453
-0.352,1.075
-1.387,0.243
2.009,2.723
-0.591,2.272
-0.618,1.624
-1.545,1.607
-1.642,2.211
-1.968,0.731
-1.975,2.723
-2.185,1.293
0.695,0.398
-1.751,0.411
-0.011,1.471
-0.095,3.14
-0.139,1.623
-0.586,2.001
-0.568,1.206
-0.638,1.991
-0.743,3.131
-0.847,1.973
-0.802,2.987
-0.919,0.983
-1.008,1.753
-1.149,2.289
-1.286,3.162
-1.271,2.288
-1.365,2.901
-1.406,3.693
-1.472,1.747
-1.514,0.015
-1.515,1.463
-1.729,1.302
-1.767,0.444
-1.83,0.715
-1.925,2.781
-1.932,0.759
-2.037,0.713
-2.023,0.351
-2.099,1.11
-2.08,3.742
-2.182,2.482
-2.354,-0.208
-2.568,-0.493
-2.812,-0.166
-2.962,-0.385
2.881,-0.196
2.36,-0.342
1.433,-0.492
0.802,-0.437
0.56,-0.19
-0.527,-0.533
-0.773,-0.444
-1.217,-0.306
-2.119,-0.333
-2.13,-0.253
-2.663,4.043
2.949,4.014
2.309,3.997
1.74,4.201
1.571,3.832
1.419,4.099
1.034,4.111
0.188,3.896
0.013,3.937
-1.365,4.042
-1.837,3.97
-1.917,4.091
-2.078,4.052
-2.202,4.153
-2.866,0.204
-3.103,-0.094
2.775,0.127
2.344,3.492
1.626,3.002
0.076,0.736
0.036,-0.068
-0.337,2.462
-2.268,1.373
-2.917,-0.524
2.971,-0.092
2.781,-0.356
-2.052,-0.251
-2.297,2.589
-2.342,2.585
-2.473,0.873
-2.389,2.244
-2.401,1.85
-2.534,2.287
-2.574,2.722
-2.599,-0.065
-2.72,1.721
-2.736,3.864
-2.71,2.312
-2.853,2.45
-2.925,3.675
-2.98,3.389
3.095,2.621
2.944,0.99
2.992,2.67
2.988,3.138
2.83,0.749
2.857,1.382
2.826,1.07
2.686,0.14
2.613,0.998
2.267,1.224
2.393,1.263
2.187,2.62
2.293,-0.047
2.187,2.704
1.896,1.858
1.937,3.333
1.878,0.871
1.84,3.268
1.798,3.477
1.651,2.98
1.606,0.261
1.473,1.528
1.455,0.882
1.527,3.764
1.441,-0.094
1.286,-0.129
1.269,0.832
1.346,0.759
1.021,-0.014
0.975,2.369
1.032,1.133
0.958,2.416
0.788,3.826
0.815,1.793
0.757,0.867
0.597,1.837
0.421,3.564
0.372,1.247
0.378,1.358
0.202,3.109
0.305,0.959
0.129,1.987
0.046,0.896
0.128,1.481
-0.11,3.319
-0.099,1.137
-0.008,1.901
-0.049,1.42
-0.056,3.786
-0.268,0.861
-0.318,1.714
-0.434,1.98
-0.516,0.18
-0.582,3.036
-0.776,0.41
-0.798,2.984
-0.702,2.09
-0.763,-0.035
-0.931,3.135
-0.939,-0.066
-0.909,1.316
-1.074,2.792
-1.367,2.885
-1.214,2.721
-1.261,0.859
-1.287,3.53
-1.495,-0.153
-1.705,1.535
-1.622,1.54
-1.919,3.854
-1.845,1.167
-1.994,1.312
-2.185,2.042
-2.272,0.073
-2.192,1.295
-2.563,-0.313
-2.755,-0.476
-3.007,-0.533
1.628,-0.454
1.723,-0.448
1.398,-0.524
1.242,-0.284
1.137,-0.481
0.646,-0.156
-0.167,-0.441
-0.254,-0.156
-0.596,-0.288
-1.35,-0.67
-1.734,-0.304
-2.628,3.955
-2.821,3.997
-2.971,3.977
1.53,3.991
0.796,4.058
-0.074,3.952
-1.051,4.199
-1.356,3.898
-1.528,3.92
-1.619,4.206
-2.363,3.613
2.917,1.842
1.398,3.64
0.65,2.045
-0.334,1.667
-1.369,0.835
2.027,3.315
-0.573,2.864
-0.6,2.216
-1.527,2.199
-1.624,2.803
-1.95,1.323
-1.957,3.315
-2.167,1.885
0.713,0.99
-1.733,1.003
-0.084,1.669
-0.128,0.152
-0.575,0.53
-0.557,-0.265
-0.627,0.52
-0.732,1.66
-0.836,0.502
-0.791,1.516
-0.908,-0.488
-0.997,0.282
-1.138,0.818
-1.275,1.691
-1.26,0.817
-1.354,1.43
-1.395,2.222
-1.461,0.276
-1.503,-1.456
-1.504,-0.008
-1.718,-0.169
-1.756,-1.027
-1.819,-0.756
-1.914,1.31
-1.921,-0.712
-2.026,-0.758
-2.012,-1.12
-2.088,-0.361
-2.069,2.271
-2.171,1.011
-2.343,-1.679
-2.557,-1.964
-2.801,-1.637
-2.951,-1.856
2.892,-1.667
2.371,-1.813
1.444,-1.963
0.813,-1.908
0.571,-1.661
-0.516,-2.004
-0.762,-1.915
-1.206,-1.777
-2.108,-1.804
-2.119,-1.724
-2.652,2.572
2.96,2.543
2.32,2.526
1.751,2.73
1.582,2.361
1.43,2.628
1.045,2.64
0.199,2.425
0.024,2.466
-1.354,2.571
-1.826,2.499
-1.906,2.62
-2.067,2.581
-2.191,2.682
-2.855,-1.267
-3.092,-1.565
2.786,-1.344
2.355,2.021
1.637,1.531
0.087,-0.735
0.047,-1.539
-0.326,0.991
-2.257,-0.098
-2.906,-1.995
2.982,-1.563
2.792,-1.827
-2.041,-1.722
-2.286,1.118
-2.331,1.114
-2.462,-0.598
-2.378,0.773
-2.39,0.379
-2.523,0.816
-2.563,1.251
-2.588,-1.536
-2.709,0.25
-2.725,2.393
-2.699,0.841
-2.842,0.979
-2.914,2.204
-2.969,1.918
3.106,1.15
2.955,-0.481
3.003,1.199
2.999,1.667
2.841,-0.722
2.868,-0.089
2.837,-0.401
2.697,-1.331
2.624,-0.473
2.278,-0.247
2.404,-0.208
2.198,1.149
2.304,-1.518
2.198,1.233
1.907,0.387
1.948,1.862
1.889,-0.6
1.851,1.797
1.809,2.006
1.662,1.509
1.617,-1.21
1.484,0.057
1.466,-0.589
1.538,2.293
1.452,-1.565
1.297,-1.6
1.28,-0.639
1.357,-0.712
1.032,-1.485
0.986,0.898
1.043,-0.338
0.969,0.945
0.799,2.355
0.826,0.322
0.768,-0.604
0.608,0.366
0.432,2.093
0.383,-0.224
0.389,-0.113
0.213,1.638
0.316,-0.512
0.14,0.516
0.057,-0.575
0.139,0.01
-0.099,1.848
-0.088,-0.334
0.003,0.43
-0.038,-0.051
-0.045,2.315
-0.257,-0.61
-0.307,0.243
-0.423,0.509
-0.505,-1.291
-0.571,1.565
-0.765,-1.061
-0.787,1.513
-0.691,0.619
-0.752,-1.506
-0.92,1.664
-0.928,-1.537
-0.898,-0.155
-1.063,1.321
-1.356,1.414
-1.203,1.25
-1.25,-0.612
-1.276,2.059
-1.484,-1.624
-1.694,0.064
-1.611,0.069
-1.908,2.383
-1.834,-0.304
-1.983,-0.159
-2.174,0.571
-2.261,-1.398
-2.181,-0.176
-2.552,-1.784
-2.744,-1.947
-2.996,-2.004
1.639,-1.925
1.734,-1.919
1.409,-1.995
1.253,-1.755
1.148,-1.952
0.657,-1.627
-0.156,-1.912
-0.243,-1.627
-0.585,-1.759
-1.339,-2.141
-1.723,-1.775
-2.617,2.484
-2.81,2.526
-2.96,2.506
1.541,2.52
0.807,2.587
-0.063,2.481
-1.04,2.728
-1.345,2.427
-1.517,2.449
-1.608,2.735
-2.352,2.142
2.928,0.371
1.409,2.169
0.661,0.574
-0.323,0.196
-1.358,-0.636
2.038,1.844
-0.562,1.393
-0.589,0.745
-1.516,0.728
-1.613,1.332
-1.939,-0.148
-1.946,1.844
-2.156,0.414
0.724,-0.481
-1.722,-0.468
-0.044,-1.517
-0.491,-1.139
-0.473,-1.934
-0.543,-1.149
-0.648,-0.009
-0.752,-1.167
-0.707,-0.153
-0.824,-2.157
-0.913,-1.387
-1.054,-0.851
-1.191,0.022
-1.176,-0.852
-1.27,-0.239
-1.311,0.553
-1.377,-1.393
-1.419,-3.125
-1.42,-1.677
-1.634,-1.838
-1.672,-2.696
-1.735,-2.425
-1.83,-0.359
-1.837,-2.381
-1.942,-2.427
-1.928,-2.789
-2.004,-2.03
-1.985,0.602
-2.087,-0.658
-2.259,-3.348
-2.473,-3.633
-2.717,-3.306
-2.867,-3.525
2.976,-3.336
2.455,-3.482
1.528,-3.632
0.897,-3.577
0.655,-3.33
-0.432,-3.673
-0.678,-3.584
-1.122,-3.446
-2.024,-3.473
-2.035,-3.393
-2.568,0.903
3.044,0.874
2.404,0.857
1.835,1.061
1.666,0.692
1.514,0.959
1.129,0.971
0.283,0.756
0.108,0.797
-1.27,0.902
-1.742,0.83
-1.822,0.951
-1.983,0.912
-2.107,1.013
-2.771,-2.936
-3.008,-3.234
2.87,-3.013
2.439,0.352
1.721,-0.138
0.171,-2.404
0.131,-3.208
-0.242,-0.678
-2.173,-1.767
-2.822,-3.664
3.066,-3.232
2.876,-3.496
-1.957,-3.391
-2.202,-0.551
-2.247,-0.555
-2.378,-2.267
-2.294,-0.896
-2.306,-1.29
-2.439,-0.853
-2.479,-0.418
-2.504,-3.205
-2.625,-1.419
-2.641,0.724
-2.615,-0.828
-2.758,-0.69
-2.83,0.535
-2.885,0.249
-3.093,-0.519
3.039,-2.15
3.087,-0.47
3.083,-0.002
2.925,-2.391
2.952,-1.758
2.921,-2.07
2.781,-3.0
2.708,-2.142
2.362,-1.916
2.488,-1.877
2.282,-0.52
2.388,-3.187
2.282,-0.436
1.991,-1.282
2.032,0.193
1.973,-2.269
1.935,0.128
1.893,0.337
1.746,-0.16
1.701,-2.879
1.568,-1.612
1.55,-2.258
1.622,0.624
1.536,-3.234
1.381,-3.269
1.364,-2.308
1.441,-2.381
1.116,-3.154
1.07,-0.771
1.127,-2.007
1.053,-0.724
0.883,0.686
0.91,-1.347
0.852,-2.273
0.692,-1.303
0.516,0.424
0.467,-1.893
0.473,-1.782
0.297,-0.031
0.4,-2.181
0.224,-1.153
0.141,-2.244
0.223,-1.659
-0.015,0.179
-0.004,-2.003
0.087,-1.239
0.046,-1.72
0.039,0.646
-0.173,-2.279
-0.223,-1.426
-0.339,-1.16
-0.421,-2.96
-0.487,-0.104
-0.681,-2.73
-0.703,-0.156
-0.607,-1.05
-0.668,-3.175
-0.836,-0.005
-0.844,-3.206
-0.814,-1.824
-0.979,-0.348
-1.272,-0.255
-1.119,-0.419
-1.166,-2.281
-1.192,0.39
-1.4,-3.293
-1.61,-1.605
-1.527,-1.6
-1.824,0.714
-1.75,-1.973
-1.899,-1.828
-2.09,-1.098
-2.177,-3.067
-2.097,-1.845
-2.468,-3.453
-2.66,-3.616
-2.912,-3.673
1.723,-3.594
1.818,-3.588
1.493,-3.664
1.337,-3.424
1.232,-3.621
0.741,-3.296
-0.072,-3.581
-0.159,-3.296
-0.501,-3.428
-1.255,-3.81
-1.639,-3.444
-2.533,0.815
-2.726,0.857
-2.876,0.837
1.625,0.851
0.891,0.918
0.021,0.812
-0.956,1.059
-1.261,0.758
-1.433,0.78
-1.524,1.066
-2.268,0.473
3.012,-1.298
1.493,0.5
0.745,-1.095
-0.239,-1.473
-1.274,-2.305
2.122,0.175
-0.478,-0.276
-0.505,-0.924
-1.432,-0.941
-1.529,-0.337
-1.855,-1.817
-1.862,0.175
-2.072,-1.255
0.808,-2.15
-1.638,-2.137
-0.447,0.378
-0.429,-0.417
-0.499,0.368
-0.604,1.508
-0.708,0.35
-0.663,1.364
-0.78,-0.64
-0.869,0.13
-1.01,0.666
-1.147,1.539
-1.132,0.665
-1.226,1.278
-1.267,2.07
-1.333,0.124
-1.375,-1.608
-1.376,-0.16
-1.59,-0.321
-1.628,-1.179
-1.691,-0.908
-1.786,1.158
-1.793,-0.864
-1.898,-0.91
-1.884,-1.272
-1.96,-0.513
-1.941,2.119
-2.043,0.859
-2.215,-1.831
-2.429,-2.116
-2.673,-1.789
-2.823,-2.008
3.02,-1.819
2.499,-1.965
1.572,-2.115
0.941,-2.06
0.699,-1.813
-0.388,-2.156
-0.634,-2.067
-1.078,-1.929
-1.98,-1.956
-1.991,-1.876
-2.524,2.42
3.088,2.391
2.448,2.374
1.879,2.578
1.71,2.209
1.558,2.476
1.173,2.488
0.327,2.273
0.152,2.314
-1.226,2.419
-1.698,2.347
-1.778,2.468
-1.939,2.429
-2.063,2.53
-2.727,-1.419
-2.964,-1.717
2.914,-1.496
2.483,1.869
1.765,1.379
0.215,-0.887
0.175,-1.691
-0.198,0.839
-2.129,-0.25
-2.778,-2.147
3.11,-1.715
2.92,-1.979
-1.913,-1.874
-2.158,0.966
-2.203,0.962
-2.334,-0.75
-2.25,0.621
-2.262,0.227
-2.395,0.664
-2.435,1.099
-2.46,-1.688
-2.581,0.098
-2.597,2.241
-2.571,0.689
-2.714,0.827
-2.786,2.052
-2.841,1.766
-3.049,0.998
3.083,-0.633
3.131,1.047
3.127,1.515
2.969,-0.874
2.996,-0.241
2.965,-0.553
2.825,-1.483
2.752,-0.625
2.406,-0.399
2.532,-0.36
2.326,0.997
2.432,-1.67
2.326,1.081
2.035,0.235
2.076,1.71
2.017,-0.752
1.979,1.645
1.937,1.854
1.79,1.357
1.745,-1.362
1.612,-0.095
1.594,-0.741
1.666,2.141
1.58,-1.717
1.425,-1.752
1.408,-0.791
1.485,-0.864
1.16,-1.637
1.114,0.746
1.171,-0.49
1.097,0.793
0.927,2.203
0.954,0.17
0.896,-0.756
0.736,0.214
0.56,1.941
0.511,-0.376
0.517,-0.265
0.341,1.486
0.444,-0.664
0.268,0.364
0.185,-0.727
0.267,-0.142
0.029,1.696
0.04,-0.486
0.131,0.278
0.09,-0.203
0.083,2.163
-0.129,-0.762
-0.179,0.091
-0.295,0.357
-0.377,-1.443
-0.443,1.413
-0.637,-1.213
-0.659,1.361
-0.563,0.467
-0.624,-1.658
-0.792,1.512
-0.8,-1.689
-0.77,-0.307
-0.935,1.169
-1.228,1.262
-1.075,1.098
-1.122,-0.764
-1.148,1.907
-1.356,-1.776
-1.566,-0.088
-1.483,-0.083
-1.78,2.231
-1.706,-0.456
-1.855,-0.311
-2.046,0.419
-2.133,-1.55
-2.053,-0.328
-2.424,-1.936
-2.616,-2.099
-2.868,-2.156
1.767,-2.077
1.862,-2.071
1.537,-2.147
1.381,-1.907
1.276,-2.104
0.785,-1.779
-0.028,-2.064
-0.115,-1.779
-0.457,-1.911
-1.211,-2.293
-1.595,-1.927
-2.489,2.332
-2.682,2.374
-2.832,2.354
1.669,2.368
0.935,2.435
0.065,2.329
-0.912,2.576
-1.217,2.275
-1.389,2.297
-1.48,2.583
-2.224,1.99
3.056,0.219
1.537,2.017
0.789,0.422
-0.195,0.044
-1.23,-0.788
2.166,1.692
-0.434,1.241
-0.461,0.593
-1.388,0.576
-1.485,1.18
-1.811,-0.3
-1.818,1.692
-2.028,0.262
0.852,-0.633
-1.594,-0.62
0.018,-0.795
-0.052,-0.01
-0.157,1.13
-0.261,-0.028
-0.216,0.986
-0.333,-1.018
-0.422,-0.248
-0.563,0.288
-0.7,1.161
-0.685,0.287
-0.779,0.9
-0.82,1.692
-0.886,-0.254
-0.928,-1.986
-0.929,-0.538
-1.143,-0.699
-1.181,-1.557
-1.244,-1.286
-1.339,0.78
-1.346,-1.242
-1.451,-1.288
-1.437,-1.65
-1.513,-0.891
-1.494,1.741
-1.596,0.481
-1.768,-2.209
-1.982,-2.494
-2.226,-2.167
-2.376,-2.386
-2.816,-2.197
2.946,-2.343
2.019,-2.493
1.388,-2.438
1.146,-2.191
0.059,-2.534
-0.187,-2.445
-0.631,-2.307
-1.533,-2.334
-1.544,-2.254
-2.077,2.042
-2.748,2.013
2.895,1.996
2.326,2.2
2.157,1.831
2.005,2.098
1.62,2.11
0.774,1.895
0.599,1.936
-0.779,2.041
-1.251,1.969
-1.331,2.09
-1.492,2.051
-1.616,2.152
-2.28,-1.797
-2.517,-2.095
-2.922,-1.874
2.93,1.491
2.212,1.001
0.662,-1.265
0.622,-2.069
0.249,0.461
-1.682,-0.628
-2.331,-2.525
-2.726,-2.093
-2.916,-2.357
-1.466,-2.252
-1.711,0.588
-1.756,0.584
-1.887,-1.128
-1.803,0.243
-1.815,-0.151
-1.948,0.286
-1.988,0.721
-2.013,-2.066
-2.134,-0.28
-2.15,1.863
-2.124,0.311
-2.267,0.449
-2.339,1.674
-2.394,1.388
-2.602,0.62
-2.753,-1.011
-2.705,0.669
-2.709,1.137
-2.867,-1.252
-2.84,-0.619
-2.871,-0.931
-3.011,-1.861
-3.084,-1.003
2.853,-0.777
2.979,-0.738
2.773,0.619
2.879,-2.048
2.773,0.703
2.482,-0.143
2.523,1.332
2.464,-1.13
2.426,1.267
2.384,1.476
2.237,0.979
2.192,-1.74
2.059,-0.473
2.041,-1.119
2.113,1.763
2.027,-2.095
1.872,-2.13
1.855,-1.169
1.932,-1.242
1.607,-2.015
1.561,0.368
1.618,-0.868
1.544,0.415
1.374,1.825
1.401,-0.208
1.343,-1.134
1.183,-0.164
1.007,1.563
0.958,-0.754
0.964,-0.643
0.788,1.108
0.891,-1.042
0.715,-0.014
0.632,-1.105
0.714,-0.52
0.476,1.318
0.487,-0.864
0.578,-0.1
0.537,-0.581
0.53,1.785
0.318,-1.14
0.268,-0.287
0.152,-0.021
0.07,-1.821
0.004,1.035
-0.19,-1.591
-0.212,0.983
-0.116,0.089
-0.177,-2.036
-0.345,1.134
-0.353,-2.067
-0.323,-0.685
-0.488,0.791
-0.781,0.884
-0.628,0.72
-0.675,-1.142
-0.701,1.529
-0.909,-2.154
-1.119,-0.466
-1.036,-0.461
-1.333,1.853
-1.259,-0.834
-1.408,-0.689
-1.599,0.041
-1.686,-1.928
-1.606,-0.706
-1.977,-2.314
-2.169,-2.477
-2.421,-2.534
2.214,-2.455
2.309,-2.449
1.984,-2.525
1.828,-2.285
1.723,-2.482
1.232,-2.157
0.419,-2.442
0.332,-2.157
-0.01,-2.289
-0.764,-2.671
-1.148,-2.305
-2.042,1.954
-2.235,1.996
-2.385,1.976
2.116,1.99
1.382,2.057
0.512,1.951
-0.465,2.198
-0.77,1.897
-0.942,1.919
-1.033,2.205
-1.777,1.612
-2.78,-0.159
1.984,1.639
1.236,0.044
0.252,-0.334
-0.783,-1.166
2.613,1.314
0.013,0.863
-0.014,0.215
-0.941,0.198
-1.038,0.802
-1.364,-0.678
-1.371,1.314
-1.581,-0.116
1.299,-1.011
-1.147,-0.998
-0.07,0.785
-0.175,1.925
-0.279,0.767
-0.234,1.781
-0.351,-0.223
-0.44,0.547
-0.581,1.083
-0.718,1.956
-0.703,1.082
-0.797,1.695
-0.838,2.487
-0.904,0.541
-0.946,-1.191
-0.947,0.257
-1.161,0.096
-1.199,-0.762
-1.262,-0.491
-1.357,1.575
-1.364,-0.447
-1.469,-0.493
-1.455,-0.855
-1.531,-0.096
-1.512,2.536
-1.614,1.276
-1.786,-1.414
-2.0,-1.699
-2.244,-1.372
-2.394,-1.591
-2.834,-1.402
2.928,-1.548
2.001,-1.698
1.37,-1.643
1.128,-1.396
0.041,-1.739
-0.205,-1.65
-0.649,-1.512
-1.551,-1.539
-1.562,-1.459
-2.095,2.837
-2.766,2.808
2.877,2.791
2.308,2.995
2.139,2.626
1.987,2.893
1.602,2.905
0.756,2.69
0.581,2.731
-0.797,2.836
-1.269,2.764
-1.349,2.885
-1.51,2.846
-1.634,2.947
-2.298,-1.002
-2.535,-1.3
-2.94,-1.079
2.912,2.286
2.194,1.796
0.644,-0.47
0.604,-1.274
0.231,1.256
-1.7,0.167
-2.349,-1.73
-2.744,-1.298
-2.934,-1.562
-1.484,-1.457
-1.729,1.383
-1.774,1.379
-1.905,-0.333
-1.821,1.038
-1.833,0.644
-1.966,1.081
-2.006,1.516
-2.031,-1.271
-2.152,0.515
-2.168,2.658
-2.142,1.106
-2.285,1.244
-2.357,2.469
-2.412,2.183
-2.62,1.415
-2.771,-0.216
-2.723,1.464
-2.727,1.932
-2.885,-0.457
-2.858,0.176
-2.889,-0.136
-3.029,-1.066
-3.102,-0.208
2.835,0.018
2.961,0.057
2.755,1.414
2.861,-1.253
2.755,1.498
2.464,0.652
2.505,2.127
2.446,-0.335
2.408,2.062
2.366,2.271
2.219,1.774
2.174,-0.945
2.041,0.322
2.023,-0.324
2.095,2.558
2.009,-1.3
1.854,-1.335
1.837,-0.374
1.914,-0.447
1.589,-1.22
1.543,1.163
1.6,-0.073
1.526,1.21
1.356,2.62
1.383,0.587
1.325,-0.339
1.165,0.631
0.989,2.358
0.94,0.041
0.946,0.152
0.77,1.903
0.873,-0.247
0.697,0.781
0.614,-0.31
0.696,0.275
0.458,2.113
0.469,-0.069
0.56,0.695
0.519,0.214
0.512,2.58
0.3,-0.345
0.25,0.508
0.134,0.774
0.052,-1.026
-0.014,1.83
-0.208,-0.796
-0.23,1.778
-0.134,0.884
-0.195,-1.241
-0.363,1.929
-0.371,-1.272
-0.341,0.11
-0.506,1.586
-0.799,1.679
-0.646,1.515
-0.693,-0.347
-0.719,2.324
-0.927,-1.359
-1.137,0.329
-1.054,0.334
-1.351,2.648
-1.277,-0.039
-1.426,0.106
-1.617,0.836
-1.704,-1.133
-1.624,0.089
-1.995,-1.519
-2.187,-1.682
-2.439,-1.739
2.196,-1.66
2.291,-1.654
1.966,-1.73
1.81,-1.49
1.705,-1.687
1.214,-1.362
0.401,-1.647
0.314,-1.362
-0.028,-1.494
-0.782,-1.876
-1.166,-1.51
-2.06,2.749
-2.253,2.791
-2.403,2.771
2.098,2.785
1.364,2.852
0.494,2.746
-0.483,2.993
-0.788,2.692
-0.96,2.714
-1.051,3.0
-1.795,2.407
-2.798,0.636
1.966,2.434
1.218,0.839
0.234,0.461
-0.801,-0.371
2.595,2.109
-0.005,1.658
-0.032,1.01
-0.959,0.993
-1.056,1.597
-1.382,0.117
-1.389,2.109
-1.599,0.679
1.281,-0.216
-1.165,-0.203
-0.105,1.14
-0.209,-0.018
-0.164,0.996
-0.281,-1.008
-0.37,-0.238
-0.511,0.298
-0.648,1.171
-0.633,0.297
-0.727,0.91
-0.768,1.702
-0.834,-0.244
-0.876,-1.976
-0.877,-0.528
-1.091,-0.689
-1.129,-1.547
-1.192,-1.276
-1.287,0.79
-1.294,-1.232
-1.399,-1.278
-1.385,-1.64
-1.461,-0.881
-1.442,1.751
-1.544,0.491
-1.716,-2.199
-1.93,-2.484
-2.174,-2.157
-2.324,-2.376
-2.764,-2.187
2.998,-2.333
2.071,-2.483
1.44,-2.428
1.198,-2.181
0.111,-2.524
-0.135,-2.435
-0.579,-2.297
-1.481,-2.324
-1.492,-2.244
-2.025,2.052
-2.696,2.023
2.947,2.006
2.378,2.21
2.209,1.841
2.057,2.108
1.672,2.12
0.826,1.905
0.651,1.946
-0.727,2.051
-1.199,1.979
-1.279,2.1
-1.44,2.061
-1.564,2.162
-2.228,-1.787
-2.465,-2.085
-2.87,-1.864
2.982,1.501
2.264,1.011
0.714,-1.255
0.674,-2.059
0.301,0.471
-1.63,-0.618
-2.279,-2.515
-2.674,-2.083
-2.864,-2.347
-1.414,-2.242
-1.659,0.598
-1.704,0.594
-1.835,-1.118
-1.751,0.253
-1.763,-0.141
-1.896,0.296
-1.936,0.731
-1.961,-2.056
-2.082,-0.27
-2.098,1.873
-2.072,0.321
-2.215,0.459
-2.287,1.684
-2.342,1.398
-2.55,0.63
-2.701,-1.001
-2.653,0.679
-2.657,1.147
-2.815,-1.242
-2.788,-0.609
-2.819,-0.921
-2.959,-1.851
-3.032,-0.993
2.905,-0.767
3.031,-0.728
2.825,0.629
2.931,-2.038
2.825,0.713
2.534,-0.133
2.575,1.342
2.516,-1.12
2.478,1.277
2.436,1.486
2.289,0.989
2.244,-1.73
2.111,-0.463
2.093,-1.109
2.165,1.773
2.079,-2.085
1.924,-2.12
1.907,-1.159
1.984,-1.232
1.659,-2.005
1.613,0.378
1.67,-0.858
1.596,0.425
1.426,1.835
1.453,-0.198
1.395,-1.124
1.235,-0.154
1.059,1.573
1.01,-0.744
1.016,-0.633
0.84,1.118
0.943,-1.032
0.767,-0.004
0.684,-1.095
0.766,-0.51
0.528,1.328
0.539,-0.854
0.63,-0.09
0.589,-0.571
0.582,1.795
0.37,-1.13
0.32,-0.277
0.204,-0.011
0.122,-1.811
0.056,1.045
-0.138,-1.581
-0.16,0.993
-0.064,0.099
-0.125,-2.026
-0.293,1.144
-0.301,-2.057
-0.271,-0.675
-0.436,0.801
-0.729,0.894
-0.576,0.73
-0.623,-1.132
-0.649,1.539
-0.857,-2.144
-1.067,-0.456
-0.984,-0.451
-1.281,1.863
-1.207,-0.824
-1.356,-0.679
-1.547,0.051
-1.634,-1.918
-1.554,-0.696
-1.925,-2.304
-2.117,-2.467
-2.369,-2.524
2.266,-2.445
2.361,-2.439
2.036,-2.515
1.88,-2.275
1.775,-2.472
1.284,-2.147
0.471,-2.432
0.384,-2.147
0.042,-2.279
-0.712,-2.661
-1.096,-2.295
-1.99,1.964
-2.183,2.006
-2.333,1.986
2.168,2.0
1.434,2.067
0.564,1.961
-0.413,2.208
-0.718,1.907
-0.89,1.929
-0.981,2.215
-1.725,1.622
-2.728,-0.149
2.036,1.649
1.288,0.054
0.304,-0.324
-0.731,-1.156
2.665,1.324
0.065,0.873
0.038,0.225
-0.889,0.208
-0.986,0.812
-1.312,-0.668
-1.319,1.324
-1.529,-0.106
1.351,-1.001
-1.095,-0.988
-0.104,-1.158
-0.059,-0.144
-0.176,-2.148
-0.265,-1.378
-0.406,-0.842
-0.543,0.031
-0.528,-0.843
-0.622,-0.23
-0.663,0.562
-0.729,-1.384
-0.771,-3.116
-0.772,-1.668
-0.986,-1.829
-1.024,-2.687
-1.087,-2.416
-1.182,-0.35
-1.189,-2.372
-1.294,-2.418
-1.28,-2.78
-1.356,-2.021
-1.337,0.611
-1.439,-0.649
-1.611,-3.339
-1.825,-3.624
-2.069,-3.297
-2.219,-3.516
-2.659,-3.327
3.103,-3.473
2.176,-3.623
1.545,-3.568
1.303,-3.321
0.216,-3.664
-0.03,-3.575
-0.474,-3.437
-1.376,-3.464
-1.387,-3.384
-1.92,0.912
-2.591,0.883
3.052,0.866
2.483,1.07
2.314,0.701
2.162,0.968
1.777,0.98
0.931,0.765
0.756,0.806
-0.622,0.911
-1.094,0.839
-1.174,0.96
-1.335,0.921
-1.459,1.022
-2.123,-2.927
-2.36,-3.225
-2.765,-3.004
3.087,0.361
2.369,-0.129
0.819,-2.395
0.779,-3.199
0.406,-0.669
-1.525,-1.758
-2.174,-3.655
-2.569,-3.223
-2.759,-3.487
-1.309,-3.382
-1.554,-0.542
-1.599,-0.546
-1.73,-2.258
-1.646,-0.887
-1.658,-1.281
-1.791,-0.844
-1.831,-0.409
-1.856,-3.196
-1.977,-1.41
-1.993,0.733
-1.967,-0.819
-2.11,-0.681
-2.182,0.544
-2.237,0.258
-2.445,-0.51
-2.596,-2.141
-2.548,-0.461
-2.552,0.007
-2.71,-2.382
-2.683,-1.749
-2.714,-2.061
-2.854,-2.991
-2.927,-2.133
3.01,-1.907
3.136,-1.868
2.93,-0.511
3.036,-3.178
2.93,-0.427
2.639,-1.273
2.68,0.202
2.621,-2.26
2.583,0.137
2.541,0.346
2.394,-0.151
2.349,-2.87
2.216,-1.603
2.198,-2.249
2.27,0.633
2.184,-3.225
2.029,-3.26
2.012,-2.299
2.089,-2.372
1.764,-3.145
1.718,-0.762
1.775,-1.998
1.701,-0.715
1.531,0.695
1.558,-1.338
1.5,-2.264
1.34,-1.294
1.164,0.433
1.115,-1.884
1.121,-1.773
0.945,-0.022
1.048,-2.172
0.872,-1.144
0.789,-2.235
0.871,-1.65
0.633,0.188
0.644,-1.994
0.735,-1.23
0.694,-1.711
0.687,0.655
0.475,-2.27
0.425,-1.417
0.309,-1.151
0.227,-2.951
0.161,-0.095
-0.033,-2.721
-0.055,-0.147
0.041,-1.041
-0.02,-3.166
-0.188,0.004
-0.196,-3.197
-0.166,-1.815
-0.331,-0.339
-0.624,-0.246
-0.471,-0.41
-0.518,-2.272
-0.544,0.399
-0.752,-3.284
-0.962,-1.596
-0.879,-1.591
-1.176,0.723
-1.102,-1.964
-1.251,-1.819
-1.442,-1.089
-1.529,-3.058
-1.449,-1.836
-1.82,-3.444
-2.012,-3.607
-2.264,-3.664
2.371,-3.585
2.466,-3.579
2.141,-3.655
1.985,-3.415
1.88,-3.612
1.389,-3.287
0.576,-3.572
0.489,-3.287
0.147,-3.419
-0.607,-3.801
-0.991,-3.435
-1.885,0.824
-2.078,0.866
-2.228,0.846
2.273,0.86
1.539,0.927
0.669,0.821
-0.308,1.068
-0.613,0.767
-0.785,0.789
-0.876,1.075
-1.62,0.482
-2.623,-1.289
2.141,0.509
1.393,-1.086
0.409,-1.464
-0.626,-2.296
2.77,0.184
0.17,-0.267
0.143,-0.915
-0.784,-0.932
-0.881,-0.328
-1.207,-1.808
-1.214,0.184
-1.424,-1.246
1.456,-2.141
-0.99,-2.128
0.045,1.014
-0.072,-0.99
-0.161,-0.22
-0.302,0.316
-0.439,1.189
-0.424,0.315
-0.518,0.928
-0.559,1.72
-0.625,-0.226
-0.667,-1.958
-0.668,-0.51
-0.882,-0.671
-0.92,-1.529
-0.983,-1.258
-1.078,0.808
-1.085,-1.214
-1.19,-1.26
-1.176,-1.622
-1.252,-0.863
-1.233,1.769
-1.335,0.509
-1.507,-2.181
-1.721,-2.466
-1.965,-2.139
-2.115,-2.358
-2.555,-2.169
-3.076,-2.315
2.28,-2.465
1.649,-2.41
1.407,-2.163
0.32,-2.506
0.074,-2.417
-0.37,-2.279
-1.272,-2.306
-1.283,-2.226
-1.816,2.07
-2.487,2.041
-3.127,2.024
2.587,2.228
2.418,1.859
2.266,2.126
1.881,2.138
1.035,1.923
0.86,1.964
-0.518,2.069
-0.99,1.997
-1.07,2.118
-1.231,2.079
-1.355,2.18
-2.019,-1.769
-2.256,-2.067
-2.661,-1.846
-3.092,1.519
2.473,1.029
0.923,-1.237
0.883,-2.041
0.51,0.489
-1.421,-0.6
-2.07,-2.497
-2.465,-2.065
-2.655,-2.329
-1.205,-2.224
-1.45,0.616
-1.495,0.612
-1.626,-1.1
-1.542,0.271
-1.554,-0.123
-1.687,0.314
-1.727,0.749
-1.752,-2.038
-1.873,-0.252
-1.889,1.891
-1.863,0.339
-2.006,0.477
-2.078,1.702
-2.133,1.416
-2.341,0.648
-2.492,-0.983
-2.444,0.697
-2.448,1.165
-2.606,-1.224
-2.579,-0.591
-2.61,-0.903
-2.75,-1.833
-2.823,-0.975
3.114,-0.749
-3.043,-0.71
3.034,0.647
3.14,-2.02
3.034,0.731
2.743,-0.115
2.784,1.36
2.725,-1.102
2.687,1.295
2.645,1.504
2.498,1.007
2.453,-1.712
2.32,-0.445
2.302,-1.091
2.374,1.791
2.288,-2.067
2.133,-2.102
2.116,-1.141
2.193,-1.214
1.868,-1.987
1.822,0.396
1.879,-0.84
1.805,0.443
1.635,1.853
1.662,-0.18
1.604,-1.106
1.444,-0.136
1.268,1.591
1.219,-0.726
1.225,-0.615
1.049,1.136
1.152,-1.014
0.976,0.014
0.893,-1.077
0.975,-0.492
0.737,1.346
0.748,-0.836
0.839,-0.072
0.798,-0.553
0.791,1.813
0.579,-1.112
0.529,-0.259
0.413,0.007
0.331,-1.793
0.265,1.063
0.071,-1.563
0.049,1.011
0.145,0.117
0.084,-2.008
-0.084,1.162
-0.092,-2.039
-0.062,-0.657
-0.227,0.819
-0.52,0.912
-0.367,0.748
-0.414,-1.114
-0.44,1.557
-0.648,-2.126
-0.858,-0.438
-0.775,-0.433
-1.072,1.881
-0.998,-0.806
-1.147,-0.661
-1.338,0.069
-1.425,-1.9
-1.345,-0.678
-1.716,-2.286
-1.908,-2.449
-2.16,-2.506
2.475,-2.427
2.57,-2.421
2.245,-2.497
2.089,-2.257
1.984,-2.454
1.493,-2.129
0.68,-2.414
0.593,-2.129
0.251,-2.261
-0.503,-2.643
-0.887,-2.277
-1.781,1.982
-1.974,2.024
-2.124,2.004
2.377,2.018
1.643,2.085
0.773,1.979
-0.204,2.226
-0.509,1.925
-0.681,1.947
-0.772,2.233
-1.516,1.64
-2.519,-0.131
2.245,1.667
1.497,0.072
0.513,-0.306
-0.522,-1.138
2.874,1.342
0.274,0.891
0.247,0.243
-0.68,0.226
-0.777,0.83
-1.103,-0.65
-1.11,1.342
-1.32,-0.088
1.56,-0.983
-0.886,-0.97
-0.117,-2.004
-0.206,-1.234
-0.347,-0.698
-0.484,0.175
-0.469,-0.699
-0.563,-0.086
-0.604,0.706
-0.67,-1.24
-0.712,-2.972
-0.713,-1.524
-0.927,-1.685
-0.965,-2.543
-1.028,-2.272
-1.123,-0.206
-1.13,-2.228
-1.235,-2.274
-1.221,-2.636
-1.297,-1.877
-1.278,0.755
-1.38,-0.505
-1.552,-3.195
-1.766,-3.48
-2.01,-3.153
-2.16,-3.372
-2.6,-3.183
-3.121,-3.329
2.235,-3.479
1.604,-3.424
1.362,-3.177
0.275,-3.52
0.029,-3.431
-0.415,-3.293
-1.317,-3.32
-1.328,-3.24
-1.861,1.056
-2.532,1.027
3.111,1.01
2.542,1.214
2.373,0.845
2.221,1.112
1.836,1.124
0.99,0.909
0.815,0.95
-0.563,1.055
-1.035,0.983
-1.115,1.104
-1.276,1.065
-1.4,1.166
-2.064,-2.783
-2.301,-3.081
-2.706,-2.86
-3.137,0.505
2.428,0.015
0.878,-2.251
0.838,-3.055
0.465,-0.525
-1.466,-1.614
-2.115,-3.511
-2.51,-3.079
-2.7,-3.343
-1.25,-3.238
-1.495,-0.398
-1.54,-0.402
-1.671,-2.114
-1.587,-0.743
-1.599,-1.137
-1.732,-0.7
-1.772,-0.265
-1.797,-3.052
-1.918,-1.266
-1.934,0.877
-1.908,-0.675
-2.051,-0.537
-2.123,0.688
-2.178,0.402
-2.386,-0.366
-2.537,-1.997
-2.489,-0.317
-2.493,0.151
-2.651,-2.238
-2.624,-1.605
-2.655,-1.917
-2.795,-2.847
-2.868,-1.989
3.069,-1.763
-3.088,-1.724
2.989,-0.367
3.095,-3.034
2.989,-0.283
2.698,-1.129
2.739,0.346
2.68,-2.116
2.642,0.281
2.6,0.49
2.453,-0.007
2.408,-2.726
2.275,-1.459
2.257,-2.105
2.329,0.777
2.243,-3.081
2.088,-3.116
2.071,-2.155
2.148,-2.228
1.823,-3.001
1.777,-0.618
1.834,-1.854
1.76,-0.571
1.59,0.839
1.617,-1.194
1.559,-2.12
1.399,-1.15
1.223,0.577
1.174,-1.74
1.18,-1.629
1.004,0.122
1.107,-2.028
0.931,-1.0
0.848,-2.091
0.93,-1.506
0.692,0.332
0.703,-1.85
0.794,-1.086
0.753,-1.567
0.746,0.799
0.534,-2.126
0.484,-1.273
0.368,-1.007
0.286,-2.807
0.22,0.049
0.026,-2.577
0.004,-0.003
0.1,-0.897
0.039,-3.022
-0.129,0.148
-0.137,-3.053
-0.107,-1.671
-0.272,-0.195
-0.565,-0.102
-0.412,-0.266
-0.459,-2.128
-0.485,0.543
-0.693,-3.14
-0.903,-1.452
-0.82,-1.447
-1.117,0.867
-1.043,-1.82
-1.192,-1.675
-1.383,-0.945
-1.47,-2.914
-1.39,-1.692
-1.761,-3.3
-1.953,-3.463
-2.205,-3.52
2.43,-3.441
2.525,-3.435
2.2,-3.511
2.044,-3.271
1.939,-3.468
1.448,-3.143
0.635,-3.428
0.548,-3.143
0.206,-3.275
-0.548,-3.657
-0.932,-3.291
-1.826,0.968
-2.019,1.01
-2.169,0.99
2.332,1.004
1.598,1.071
0.728,0.965
-0.249,1.212
-0.554,0.911
-0.726,0.933
-0.817,1.219
-1.561,0.626
-2.564,-1.145
2.2,0.653
1.452,-0.942
0.468,-1.32
-0.567,-2.152
2.829,0.328
0.229,-0.123
0.202,-0.771
-0.725,-0.788
-0.822,-0.184
-1.148,-1.664
-1.155,0.328
-1.365,-1.102
1.515,-1.997
-0.931,-1.984
-0.089,0.77
-0.23,1.306
-0.367,2.179
-0.352,1.305
-0.446,1.918
-0.487,2.71
-0.553,0.764
-0.595,-0.968
-0.596,0.48
-0.81,0.319
-0.848,-0.539
-0.911,-0.268
-1.006,1.798
-1.013,-0.224
-1.118,-0.27
-1.104,-0.632
-1.18,0.127
-1.161,2.759
-1.263,1.499
-1.435,-1.191
-1.649,-1.476
-1.893,-1.149
-2.043,-1.368
-2.483,-1.179
-3.004,-1.325
2.352,-1.475
1.721,-1.42
1.479,-1.173
0.392,-1.516
0.146,-1.427
-0.298,-1.289
-1.2,-1.316
-1.211,-1.236
-1.744,3.06
-2.415,3.031
-3.055,3.014
2.659,3.218
2.49,2.849
2.338,3.116
1.953,3.128
1.107,2.913
0.932,2.954
-0.446,3.059
-0.918,2.987
-0.998,3.108
-1.159,3.069
-1.283,3.17
-1.947,-0.779
-2.184,-1.077
-2.589,-0.856
-3.02,2.509
2.545,2.019
0.995,-0.247
0.955,-1.051
0.582,1.479
-1.349,0.39
-1.998,-1.507
-2.393,-1.075
-2.583,-1.339
-1.133,-1.234
-1.378,1.606
-1.423,1.602
-1.554,-0.11
-1.47,1.261
-1.482,0.867
-1.615,1.304
-1.655,1.739
-1.68,-1.048
-1.801,0.738
-1.817,2.881
-1.791,1.329
-1.934,1.467
-2.006,2.692
-2.061,2.406
-2.269,1.638
-2.42,0.007
-2.372,1.687
-2.376,2.155
-2.534,-0.234
-2.507,0.399
-2.538,0.087
-2.678,-0.843
-2.751,0.015
-3.097,0.241
-2.971,0.28
3.106,1.637
-3.071,-1.03
3.106,1.721
2.815,0.875
2.856,2.35
2.797,-0.112
2.759,2.285
2.717,2.494
2.57,1.997
2.525,-0.722
2.392,0.545
2.374,-0.101
2.446,2.781
2.36,-1.077
2.205,-1.112
2.188,-0.151
2.265,-0.224
1.94,-0.997
1.894,1.386
1.951,0.15
1.877,1.433
1.707,2.843
1.734,0.81
1.676,-0.116
1.516,0.854
1.34,2.581
1.291,0.264
1.297,0.375
1.121,2.126
1.224,-0.024
1.048,1.004
0.965,-0.087
1.047,0.498
0.809,2.336
0.82,0.154
0.911,0.918
0.87,0.437
0.863,2.803
0.651,-0.122
0.601,0.731
0.485,0.997
0.403,-0.803
0.337,2.053
0.143,-0.573
0.121,2.001
0.217,1.107
0.156,-1.018
-0.012,2.152
-0.02,-1.049
0.01,0.333
-0.155,1.809
-0.448,1.902
-0.295,1.738
-0.342,-0.124
-0.368,2.547
-0.576,-1.136
-0.786,0.552
-0.703,0.557
-1.0,2.871
-0.926,0.184
-1.075,0.329
-1.266,1.059
-1.353,-0.91
-1.273,0.312
-1.644,-1.296
-1.836,-1.459
-2.088,-1.516
2.547,-1.437
2.642,-1.431
2.317,-1.507
2.161,-1.267
2.056,-1.464
1.565,-1.139
0.752,-1.424
0.665,-1.139
0.323,-1.271
-0.431,-1.653
-0.815,-1.287
-1.709,2.972
-1.902,3.014
-2.052,2.994
2.449,3.008
1.715,3.075
0.845,2.969
-0.132,3.216
-0.437,2.915
-0.609,2.937
-0.7,3.223
-1.444,2.63
-2.447,0.859
2.317,2.657
1.569,1.062
0.585,0.684
-0.45,-0.148
2.946,2.332
0.346,1.881
0.319,1.233
-0.608,1.216
-0.705,1.82
-1.031,0.34
-1.038,2.332
-1.248,0.902
1.632,0.007
-0.814,0.02
-0.141,0.536
-0.278,1.409
-0.263,0.535
-0.357,1.148
-0.398,1.94
-0.464,-0.006
-0.506,-1.738
-0.507,-0.29
-0.721,-0.451
-0.759,-1.309
-0.822,-1.038
-0.917,1.028
-0.924,-0.994
-1.029,-1.04
-1.015,-1.402
-1.091,-0.643
-1.072,1.989
-1.174,0.729
-1.346,-1.961
-1.56,-2.246
-1.804,-1.919
-1.954,-2.138
-2.394,-1.949
-2.915,-2.095
2.441,-2.245
1.81,-2.19
1.568,-1.943
0.481,-2.286
0.235,-2.197
-0.209,-2.059
-1.111,-2.086
-1.122,-2.006
-1.655,2.29
-2.326,2.261
-2.966,2.244
2.748,2.448
2.579,2.079
2.427,2.346
2.042,2.358
1.196,2.143
1.021,2.184
-0.357,2.289
-0.829,2.217
-0.909,2.338
-1.07,2.299
-1.194,2.4
-1.858,-1.549
-2.095,-1.847
-2.5,-1.626
-2.931,1.739
2.634,1.249
1.084,-1.017
1.044,-1.821
0.671,0.709
-1.26,-0.38
-1.909,-2.277
-2.304,-1.845
-2.494,-2.109
-1.044,-2.004
-1.289,0.836
-1.334,0.832
-1.465,-0.88
-1.381,0.491
-1.393,0.097
-1.526,0.534
-1.566,0.969
-1.591,-1.818
-1.712,-0.032
-1.728,2.111
-1.702,0.559
-1.845,0.697
-1.917,1.922
-1.972,1.636
-2.18,0.868
-2.331,-0.763
-2.283,0.917
-2.287,1.385
-2.445,-1.004
-2.418,-0.371
-2.449,-0.683
-2.589,-1.613
-2.662,-0.755
-3.008,-0.529
-2.882,-0.49
-3.088,0.867
-2.982,-1.8
-3.088,0.951
2.904,0.105
2.945,1.58
2.886,-0.882
2.848,1.515
2.806,1.724
2.659,1.227
2.614,-1.492
2.481,-0.225
2.463,-0.871
2.535,2.011
2.449,-1.847
2.294,-1.882
2.277,-0.921
2.354,-0.994
2.029,-1.767
1.983,0.616
2.04,-0.62
1.966,0.663
1.796,2.073
1.823,0.04
1.765,-0.886
1.605,0.084
1.429,1.811
1.38,-0.506
1.386,-0.395
1.21,1.356
1.313,-0.794
1.137,0.234
1.054,-0.857
1.136,-0.272
0.898,1.566
0.909,-0.616
1.0,0.148
0.959,-0.333
0.952,2.033
0.74,-0.892
0.69,-0.039
0.574,0.227
0.492,-1.573
0.426,1.283
0.232,-1.343
0.21,1.231
0.306,0.337
0.245,-1.788
0.077,1.382
0.069,-1.819
0.099,-0.437
-0.066,1.039
-0.359,1.132
-0.206,0.968
-0.253,-0.894
-0.279,1.777
-0.487,-1.906
-0.697,-0.218
-0.614,-0.213
-0.911,2.101
-0.837,-0.586
-0.986,-0.441
-1.177,0.289
-1.264,-1.68
-1.184,-0.458
-1.555,-2.066
-1.747,-2.229
-1.999,-2.286
2.636,-2.207
2.731,-2.201
2.406,-2.277
2.25,-2.037
2.145,-2.234
1.654,-1.909
0.841,-2.194
0.754,-1.909
0.412,-2.041
-0.342,-2.423
-0.726,-2.057
-1.62,2.202
-1.813,2.244
-1.963,2.224
2.538,2.238
1.804,2.305
0.934,2.199
-0.043,2.446
-0.348,2.145
-0.52,2.167
-0.611,2.453
-1.355,1.86
-2.358,0.089
2.406,1.887
1.658,0.292
0.674,-0.086
-0.361,-0.918
3.035,1.562
0.435,1.111
0.408,0.463
-0.519,0.446
-0.616,1.05
-0.942,-0.43
-0.949,1.562
-1.159,0.132
1.721,-0.763
-0.725,-0.75
-0.137,0.873
-0.122,-0.001
-0.216,0.612
-0.257,1.404
-0.323,-0.542
-0.365,-2.274
-0.366,-0.826
-0.58,-0.987
-0.618,-1.845
-0.681,-1.574
-0.776,0.492
-0.783,-1.53
-0.888,-1.576
-0.874,-1.938
-0.95,-1.179
-0.931,1.453
-1.033,0.193
-1.205,-2.497
-1.419,-2.782
-1.663,-2.455
-1.813,-2.674
-2.253,-2.485
-2.774,-2.631
2.582,-2.781
1.951,-2.726
1.709,-2.479
0.622,-2.822
0.376,-2.733
-0.068,-2.595
-0.97,-2.622
-0.981,-2.542
-1.514,1.754
-2.185,1.725
-2.825,1.708
2.889,1.912
2.72,1.543
2.568,1.81
2.183,1.822
1.337,1.607
1.162,1.648
-0.216,1.753
-0.688,1.681
-0.768,1.802
-0.929,1.763
-1.053,1.864
-1.717,-2.085
-1.954,-2.383
-2.359,-2.162
-2.79,1.203
2.775,0.713
1.225,-1.553
1.185,-2.357
0.812,0.173
-1.119,-0.916
-1.768,-2.813
-2.163,-2.381
-2.353,-2.645
-0.903,-2.54
-1.148,0.3
-1.193,0.296
-1.324,-1.416
-1.24,-0.045
-1.252,-0.439
-1.385,-0.002
-1.425,0.433
-1.45,-2.354
-1.571,-0.568
-1.587,1.575
-1.561,0.023
-1.704,0.161
-1.776,1.386
-1.831,1.1
-2.039,0.332
-2.19,-1.299
-2.142,0.381
-2.146,0.849
-2.304,-1.54
-2.277,-0.907
-2.308,-1.219
-2.448,-2.149
-2.521,-1.291
-2.867,-1.065
-2.741,-1.026
-2.947,0.331
-2.841,-2.336
-2.947,0.415
3.045,-0.431
3.086,1.044
3.027,-1.418
2.989,0.979
2.947,1.188
2.8,0.691
2.755,-2.028
2.622,-0.761
2.604,-1.407
2.676,1.475
2.59,-2.383
2.435,-2.418
2.418,-1.457
2.495,-1.53
2.17,-2.303
2.124,0.08
2.181,-1.156
2.107,0.127
1.937,1.537
1.964,-0.496
1.906,-1.422
1.746,-0.452
1.57,1.275
1.521,-1.042
1.527,-0.931
1.351,0.82
1.454,-1.33
1.278,-0.302
1.195,-1.393
1.277,-0.808
1.039,1.03
1.05,-1.152
1.141,-0.388
1.1,-0.869
1.093,1.497
0.881,-1.428
0.831,-0.575
0.715,-0.309
0.633,-2.109
0.567,0.747
0.373,-1.879
0.351,0.695
0.447,-0.199
0.386,-2.324
0.218,0.846
0.21,-2.355
0.24,-0.973
0.075,0.503
-0.218,0.596
-0.065,0.432
-0.112,-1.43
-0.138,1.241
-0.346,-2.442
-0.556,-0.754
-0.473,-0.749
-0.77,1.565
-0.696,-1.122
-0.845,-0.977
-1.036,-0.247
-1.123,-2.216
-1.043,-0.994
-1.414,-2.602
-1.606,-2.765
-1.858,-2.822
2.777,-2.743
2.872,-2.737
2.547,-2.813
2.391,-2.573
2.286,-2.77
1.795,-2.445
0.982,-2.73
0.895,-2.445
0.553,-2.577
-0.201,-2.959
-0.585,-2.593
-1.479,1.666
-1.672,1.708
-1.822,1.688
2.679,1.702
1.945,1.769
1.075,1.663
0.098,1.91
-0.207,1.609
-0.379,1.631
-0.47,1.917
-1.214,1.324
-2.217,-0.447
2.547,1.351
1.799,-0.244
0.815,-0.622
-0.22,-1.454
-3.107,1.026
0.576,0.575
0.549,-0.073
-0.378,-0.09
-0.475,0.514
-0.801,-0.966
-0.808,1.026
-1.018,-0.404
1.862,-1.299
-0.584,-1.286
0.015,-0.874
-0.079,-0.261
-0.12,0.531
-0.186,-1.415
-0.228,-3.147
-0.229,-1.699
-0.443,-1.86
-0.481,-2.718
-0.544,-2.447
-0.639,-0.381
-0.646,-2.403
-0.751,-2.449
-0.737,-2.811
-0.813,-2.052
-0.794,0.58
-0.896,-0.68
-1.068,-3.37
-1.282,-3.655
-1.526,-3.328
-1.676,-3.547
-2.116,-3.358
-2.637,-3.504
2.719,-3.654
2.088,-3.599
1.846,-3.352
0.759,-3.695
0.513,-3.606
0.069,-3.468
-0.833,-3.495
-0.844,-3.415
-1.377,0.881
-2.048,0.852
-2.688,0.835
3.026,1.039
2.857,0.67
2.705,0.937
2.32,0.949
1.474,0.734
1.299,0.775
-0.079,0.88
-0.551,0.808
-0.631,0.929
-0.792,0.89
-0.916,0.991
-1.58,-2.958
-1.817,-3.256
-2.222,-3.035
-2.653,0.33
2.912,-0.16
1.362,-2.426
1.322,-3.23
0.949,-0.7
-0.982,-1.789
-1.631,-3.686
-2.026,-3.254
-2.216,-3.518
-0.766,-3.413
-1.011,-0.573
-1.056,-0.577
-1.187,-2.289
-1.103,-0.918
-1.115,-1.312
-1.248,-0.875
-1.288,-0.44
-1.313,-3.227
-1.434,-1.441
-1.45,0.702
-1.424,-0.85
-1.567,-0.712
-1.639,0.513
-1.694,0.227
-1.902,-0.541
-2.053,-2.172
-2.005,-0.492
-2.009,-0.024
-2.167,-2.413
-2.14,-1.78
-2.171,-2.092
-2.311,-3.022
-2.384,-2.164
-2.73,-1.938
-2.604,-1.899
-2.81,-0.542
-2.704,-3.209
-2.81,-0.458
-3.101,-1.304
-3.06,0.171
-3.119,-2.291
3.126,0.106
3.084,0.315
2.937,-0.182
2.892,-2.901
2.759,-1.634
2.741,-2.28
2.813,0.602
2.727,-3.256
2.572,-3.291
2.555,-2.33
2.632,-2.403
2.307,-3.176
2.261,-0.793
2.318,-2.029
2.244,-0.746
2.074,0.664
2.101,-1.369
2.043,-2.295
1.883,-1.325
1.707,0.402
1.658,-1.915
1.664,-1.804
1.488,-0.053
1.591,-2.203
1.415,-1.175
1.332,-2.266
1.414,-1.681
1.176,0.157
1.187,-2.025
1.278,-1.261
1.237,-1.742
1.23,0.624
1.018,-2.301
0.968,-1.448
0.852,-1.182
0.77,-2.982
0.704,-0.126
0.51,-2.752
0.488,-0.178
0.584,-1.072
0.523,-3.197
0.355,-0.027
0.347,-3.228
0.377,-1.846
0.212,-0.37
-0.081,-0.277
0.072,-0.441
0.025,-2.303
-0.001,0.368
-0.209,-3.315
-0.419,-1.627
-0.336,-1.622
-0.633,0.692
-0.559,-1.995
-0.708,-1.85
-0.899,-1.12
-0.986,-3.089
-0.906,-1.867
-1.277,-3.475
-1.469,-3.638
-1.721,-3.695
2.914,-3.616
3.009,-3.61
2.684,-3.686
2.528,-3.446
2.423,-3.643
1.932,-3.318
1.119,-3.603
1.032,-3.318
0.69,-3.45
-0.064,-3.832
-0.448,-3.466
-1.342,0.793
-1.535,0.835
-1.685,0.815
2.816,0.829
2.082,0.896
1.212,0.79
0.235,1.037
-0.07,0.736
-0.242,0.758
-0.333,1.044
-1.077,0.451
-2.08,-1.32
2.684,0.478
1.936,-1.117
0.952,-1.495
-0.083,-2.327
-2.97,0.153
0.713,-0.298
0.686,-0.946
-0.241,-0.963
-0.338,-0.359
-0.664,-1.839
-0.671,0.153
-0.881,-1.277
1.999,-2.172
-0.447,-2.159
-0.094,0.613
-0.135,1.405
-0.201,-0.541
-0.243,-2.273
-0.244,-0.825
-0.458,-0.986
-0.496,-1.844
-0.559,-1.573
-0.654,0.493
-0.661,-1.529
-0.766,-1.575
-0.752,-1.937
-0.828,-1.178
-0.809,1.454
-0.911,0.194
-1.083,-2.496
-1.297,-2.781
-1.541,-2.454
-1.691,-2.673
-2.131,-2.484
-2.652,-2.63
2.704,-2.78
2.073,-2.725
1.831,-2.478
0.744,-2.821
0.498,-2.732
0.054,-2.594
-0.848,-2.621
-0.859,-2.541
-1.392,1.755
-2.063,1.726
-2.703,1.709
3.011,1.913
2.842,1.544
2.69,1.811
2.305,1.823
1.459,1.608
1.284,1.649
-0.094,1.754
-0.566,1.682
-0.646,1.803
-0.807,1.764
-0.931,1.865
-1.595,-2.084
-1.832,-2.382
-2.237,-2.161
-2.668,1.204
2.897,0.714
1.347,-1.552
1.307,-2.356
0.934,0.174
-0.997,-0.915
-1.646,-2.812
-2.041,-2.38
-2.231,-2.644
-0.781,-2.539
-1.026,0.301
-1.071,0.297
-1.202,-1.415
-1.118,-0.044
-1.13,-0.438
-1.263,-0.001
-1.303,0.434
-1.328,-2.353
-1.449,-0.567
-1.465,1.576
-1.439,0.024
-1.582,0.162
-1.654,1.387
-1.709,1.101
-1.917,0.333
-2.068,-1.298
-2.02,0.382
-2.024,0.85
-2.182,-1.539
-2.155,-0.906
-2.186,-1.218
-2.326,-2.148
-2.399,-1.29
-2.745,-1.064
-2.619,-1.025
-2.825,0.332
-2.719,-2.335
-2.825,0.416
-3.116,-0.43
-3.075,1.045
-3.134,-1.417
3.111,0.98
3.069,1.189
2.922,0.692
2.877,-2.027
2.744,-0.76
2.726,-1.406
2.798,1.476
2.712,-2.382
2.557,-2.417
2.54,-1.456
2.617,-1.529
2.292,-2.302
2.246,0.081
2.303,-1.155
2.229,0.128
2.059,1.538
2.086,-0.495
2.028,-1.421
1.868,-0.451
1.692,1.276
1.643,-1.041
1.649,-0.93
1.473,0.821
1.576,-1.329
1.4,-0.301
1.317,-1.392
1.399,-0.807
1.161,1.031
1.172,-1.151
1.263,-0.387
1.222,-0.868
1.215,1.498
1.003,-1.427
0.953,-0.574
0.837,-0.308
0.755,-2.108
0.689,0.748
0.495,-1.878
0.473,0.696
0.569,-0.198
0.508,-2.323
0.34,0.847
0.332,-2.354
0.362,-0.972
0.197,0.504
-0.096,0.597
0.057,0.433
0.01,-1.429
-0.016,1.242
-0.224,-2.441
-0.434,-0.753
-0.351,-0.748
-0.648,1.566
-0.574,-1.121
-0.723,-0.976
-0.914,-0.246
-1.001,-2.215
-0.921,-0.993
-1.292,-2.601
-1.484,-2.764
-1.736,-2.821
2.899,-2.742
2.994,-2.736
2.669,-2.812
2.513,-2.572
2.408,-2.769
1.917,-2.444
1.104,-2.729
1.017,-2.444
0.675,-2.576
-0.079,-2.958
-0.463,-2.592
-1.357,1.667
-1.55,1.709
-1.7,1.689
2.801,1.703
2.067,1.77
1.197,1.664
0.22,1.911
-0.085,1.61
-0.257,1.632
-0.348,1.918
-1.092,1.325
-2.095,-0.446
2.669,1.352
1.921,-0.243
0.937,-0.621
-0.098,-1.453
-2.985,1.027
0.698,0.576
0.671,-0.072
-0.256,-0.089
-0.353,0.515
-0.679,-0.965
-0.686,1.027
-0.896,-0.403
1.984,-1.298
-0.462,-1.285
-0.041,0.792
-0.107,-1.154
-0.149,-2.886
-0.15,-1.438
-0.364,-1.599
-0.402,-2.457
-0.465,-2.186
-0.56,-0.12
-0.567,-2.142
-0.672,-2.188
-0.658,-2.55
-0.734,-1.791
-0.715,0.841
-0.817,-0.419
-0.989,-3.109
-1.203,-3.394
-1.447,-3.067
-1.597,-3.286
-2.037,-3.097
-2.558,-3.243
2.798,-3.393
2.167,-3.338
1.925,-3.091
0.838,-3.434
0.592,-3.345
0.148,-3.207
-0.754,-3.234
-0.765,-3.154
-1.298,1.142
-1.969,1.113
-2.609,1.096
3.105,1.3
2.936,0.931
2.784,1.198
2.399,1.21
1.553,0.995
1.378,1.036
0.0,1.141
-0.472,1.069
-0.552,1.19
-0.713,1.151
-0.837,1.252
-1.501,-2.697
-1.738,-2.995
-2.143,-2.774
-2.574,0.591
2.991,0.101
1.441,-2.165
1.401,-2.969
1.028,-0.439
-0.903,-1.528
-1.552,-3.425
-1.947,-2.993
-2.137,-3.257
-0.687,-3.152
-0.932,-0.312
-0.977,-0.316
-1.108,-2.028
-1.024,-0.657
-1.036,-1.051
-1.169,-0.614
-1.209,-0.179
-1.234,-2.966
-1.355,-1.18
-1.371,0.963
-1.345,-0.589
-1.488,-0.451
-1.56,0.774
-1.615,0.488
-1.823,-0.28
-1.974,-1.911
-1.926,-0.231
-1.93,0.237
-2.088,-2.152
-2.061,-1.519
-2.092,-1.831
-2.232,-2.761
-2.305,-1.903
-2.651,-1.677
-2.525,-1.638
-2.731,-0.281
-2.625,-2.948
-2.731,-0.197
-3.022,-1.043
-2.981,0.432
-3.04,-2.03
-3.078,0.367
-3.12,0.576
3.016,0.079
2.971,-2.64
2.838,-1.373
2.82,-2.019
2.892,0.863
2.806,-2.995
2.651,-3.03
2.634,-2.069
2.711,-2.142
2.386,-2.915
2.34,-0.532
2.397,-1.768
2.323,-0.485
2.153,0.925
2.18,-1.108
2.122,-2.034
1.962,-1.064
1.786,0.663
1.737,-1.654
1.743,-1.543
1.567,0.208
1.67,-1.942
1.494,-0.914
1.411,-2.005
1.493,-1.42
1.255,0.418
1.266,-1.764
1.357,-1.0
1.316,-1.481
1.309,0.885
1.097,-2.04
1.047,-1.187
0.931,-0.921
0.849,-2.721
0.783,0.135
0.589,-2.491
0.567,0.083
0.663,-0.811
0.602,-2.936
0.434,0.234
0.426,-2.967
0.456,-1.585
0.291,-0.109
-0.002,-0.016
0.151,-0.18
0.104,-2.042
0.078,0.629
-0.13,-3.054
-0.34,-1.366
-0.257,-1.361
-0.554,0.953
-0.48,-1.734
-0.629,-1.589
-0.82,-0.859
-0.907,-2.828
-0.827,-1.606
-1.198,-3.214
-1.39,-3.377
-1.642,-3.434
2.993,-3.355
3.088,-3.349
2.763,-3.425
2.607,-3.185
2.502,-3.382
2.011,-3.057
1.198,-3.342
1.111,-3.057
0.769,-3.189
0.015,-3.571
-0.369,-3.205
-1.263,1.054
-1.456,1.096
-1.606,1.076
2.895,1.09
2.161,1.157
1.291,1.051
0.314,1.298
0.009,0.997
-0.163,1.019
-0.254,1.305
-0.998,0.712
-2.001,-1.059
2.763,0.739
2.015,-0.856
1.031,-1.234
-0.004,-2.066
-2.891,0.414
0.792,-0.037
0.765,-0.685
-0.162,-0.702
-0.259,-0.098
-0.585,-1.578
-0.592,0.414
-0.802,-1.016
2.078,-1.911
-0.368,-1.898
-0.066,-1.946
-0.108,-3.678
-0.109,-2.23
-0.323,-2.391
-0.361,-3.249
-0.424,-2.978
-0.519,-0.912
-0.526,-2.934
-0.631,-2.98
-0.617,-3.342
-0.693,-2.583
-0.674,0.049
-0.776,-1.211
-0.948,-3.901
-1.162,-4.186
-1.406,-3.859
-1.556,-4.078
-1.996,-3.889
-2.517,-4.035
2.839,-4.185
2.208,-4.13
1.966,-3.883
0.879,-4.226
0.633,-4.137
0.189,-3.999
-0.713,-4.026
-0.724,-3.946
-1.257,0.35
-1.928,0.321
-2.568,0.304
-3.137,0.508
2.977,0.139
2.825,0.406
2.44,0.418
1.594,0.203
1.419,0.244
0.041,0.349
-0.431,0.277
-0.511,0.398
-0.672,0.359
-0.796,0.46
-1.46,-3.489
-1.697,-3.787
-2.102,-3.566
-2.533,-0.201
3.032,-0.691
1.482,-2.957
1.442,-3.761
1.069,-1.231
-0.862,-2.32
-1.511,-4.217
-1.906,-3.785
-2.096,-4.049
-0.646,-3.944
-0.891,-1.104
-0.936,-1.108
-1.067,-2.82
-0.983,-1.449
-0.995,-1.843
-1.128,-1.406
-1.168,-0.971
-1.193,-3.758
-1.314,-1.972
-1.33,0.171
-1.304,-1.381
-1.447,-1.243
-1.519,-0.018
-1.574,-0.304
-1.782,-1.072
-1.933,-2.703
-1.885,-1.023
-1.889,-0.555
-2.047,-2.944
-2.02,-2.311
-2.051,-2.623
-2.191,-3.553
-2.264,-2.695
-2.61,-2.469
-2.484,-2.43
-2.69,-1.073
-2.584,-3.74
-2.69,-0.989
-2.981,-1.835
-2.94,-0.36
-2.999,-2.822
-3.037,-0.425
-3.079,-0.216
3.057,-0.713
3.012,-3.432
2.879,-2.165
2.861,-2.811
2.933,0.071
2.847,-3.787
2.692,-3.822
2.675,-2.861
2.752,-2.934
2.427,-3.707
2.381,-1.324
2.438,-2.56
2.364,-1.277
2.194,0.133
2.221,-1.9
2.163,-2.826
2.003,-1.856
1.827,-0.129
1.778,-2.446
1.784,-2.335
1.608,-0.584
1.711,-2.734
1.535,-1.706
1.452,-2.797
1.534,-2.212
1.296,-0.374
1.307,-2.556
1.398,-1.792
1.357,-2.273
1.35,0.093
1.138,-2.832
1.088,-1.979
0.972,-1.713
0.89,-3.513
0.824,-0.657
0.63,-3.283
0.608,-0.709
0.704,-1.603
0.643,-3.728
0.475,-0.558
0.467,-3.759
0.497,-2.377
0.332,-0.901
0.039,-0.808
0.192,-0.972
0.145,-2.834
0.119,-0.163
-0.089,-3.846
-0.299,-2.158
-0.216,-2.153
-0.513,0.161
-0.439,-2.526
-0.588,-2.381
-0.779,-1.651
-0.866,-3.62
-0.786,-2.398
-1.157,-4.006
-1.349,-4.169
-1.601,-4.226
3.034,-4.147
3.129,-4.141
2.804,-4.217
2.648,-3.977
2.543,-4.174
2.052,-3.849
1.239,-4.134
1.152,-3.849
0.81,-3.981
0.056,-4.363
-0.328,-3.997
-1.222,0.262
-1.415,0.304
-1.565,0.284
2.936,0.298
2.202,0.365
1.332,0.259
0.355,0.506
0.05,0.205
-0.122,0.227
-0.213,0.513
-0.957,-0.08
-1.96,-1.851
2.804,-0.053
2.056,-1.648
1.072,-2.026
0.037,-2.858
-2.85,-0.378
0.833,-0.829
0.806,-1.477
-0.121,-1.494
-0.218,-0.89
-0.544,-2.37
-0.551,-0.378
-0.761,-1.808
2.119,-2.703
-0.327,-2.69
-0.042,-1.732
-0.043,-0.284
-0.257,-0.445
-0.295,-1.303
-0.358,-1.032
-0.453,1.034
-0.46,-0.988
-0.565,-1.034
-0.551,-1.396
-0.627,-0.637
-0.608,1.995
-0.71,0.735
-0.882,-1.955
-1.096,-2.24
-1.34,-1.913
-1.49,-2.132
-1.93,-1.943
-2.451,-2.089
2.905,-2.239
2.274,-2.184
2.032,-1.937
0.945,-2.28
0.699,-2.191
0.255,-2.053
-0.647,-2.08
-0.658,-2.0
-1.191,2.296
-1.862,2.267
-2.502,2.25
-3.071,2.454
3.043,2.085
2.891,2.352
2.506,2.364
1.66,2.149
1.485,2.19
0.107,2.295
-0.365,2.223
-0.445,2.344
-0.606,2.305
-0.73,2.406
-1.394,-1.543
-1.631,-1.841
-2.036,-1.62
-2.467,1.745
3.098,1.255
1.548,-1.011
1.508,-1.815
1.135,0.715
-0.796,-0.374
-1.445,-2.271
-1.84,-1.839
-2.03,-2.103
-0.58,-1.998
-0.825,0.842
-0.87,0.838
-1.001,-0.874
-0.917,0.497
-0.929,0.103
-1.062,0.54
-1.102,0.975
-1.127,-1.812
-1.248,-0.026
-1.264,2.117
-1.238,0.565
-1.381,0.703
-1.453,1.928
-1.508,1.642
-1.716,0.874
-1.867,-0.757
-1.819,0.923
-1.823,1.391
-1.981,-0.998
-1.954,-0.365
-1.985,-0.677
-2.125,-1.607
-2.198,-0.749
-2.544,-0.523
-2.418,-0.484
-2.624,0.873
-2.518,-1.794
-2.624,0.957
-2.915,0.111
-2.874,1.586
-2.933,-0.876
-2.971,1.521
-3.013,1.73
3.123,1.233
3.078,-1.486
2.945,-0.219
2.927,-0.865
2.999,2.017
2.913,-1.841
2.758,-1.876
2.741,-0.915
2.818,-0.988
2.493,-1.761
2.447,0.622
2.504,-0.614
2.43,0.669
2.26,2.079
2.287,0.046
2.229,-0.88
2.069,0.09
1.893,1.817
1.844,-0.5
1.85,-0.389
1.674,1.362
1.777,-0.788
1.601,0.24
1.518,-0.851
1.6,-0.266
1.362,1.572
1.373,-0.61
1.464,0.154
1.423,-0.327
1.416,2.039
1.204,-0.886
1.154,-0.033
1.038,0.233
0.956,-1.567
0.89,1.289
0.696,-1.337
0.674,1.237
0.77,0.343
0.709,-1.782
0.541,1.388
0.533,-1.813
0.563,-0.431
0.398,1.045
0.105,1.138
0.258,0.974
0.211,-0.888
0.185,1.783
-0.023,-1.9
-0.233,-0.212
-0.15,-0.207
-0.447,2.107
-0.373,-0.58
-0.522,-0.435
-0.713,0.295
-0.8,-1.674
-0.72,-0.452
-1.091,-2.06
-1.283,-2.223
-1.535,-2.28
3.1,-2.201
-3.088,-2.195
2.87,-2.271
2.714,-2.031
2.609,-2.228
2.118,-1.903
1.305,-2.188
1.218,-1.903
0.876,-2.035
0.122,-2.417
-0.262,-2.051
-1.156,2.208
-1.349,2.25
-1.499,2.23
3.002,2.244
2.268,2.311
1.398,2.205
0.421,2.452
0.116,2.151
-0.056,2.173
-0.147,2.459
-0.891,1.866
-1.894,0.095
2.87,1.893
2.122,0.298
1.138,-0.08
0.103,-0.912
-2.784,1.568
0.899,1.117
0.872,0.469
-0.055,0.452
-0.152,1.056
-0.478,-0.424
-0.485,1.568
-0.695,0.138
2.185,-0.757
-0.261,-0.744
-0.001,1.448
-0.215,1.287
-0.253,0.429
-0.316,0.7
-0.411,2.766
-0.418,0.744
-0.523,0.698
-0.509,0.336
-0.585,1.095
-0.566,3.727
-0.668,2.467
-0.84,-0.223
-1.054,-0.508
-1.298,-0.181
-1.448,-0.4
-1.888,-0.211
-2.409,-0.357
2.947,-0.507
2.316,-0.452
2.074,-0.205
0.987,-0.548
0.741,-0.459
0.297,-0.321
-0.605,-0.348
-0.616,-0.268
-1.149,4.028
-1.82,3.999
-2.46,3.982
-3.029,4.186
3.085,3.817
2.933,4.084
2.548,4.096
1.702,3.881
1.527,3.922
0.149,4.027
-0.323,3.955
-0.403,4.076
-0.564,4.037
-0.688,4.138
-1.352,0.189
-1.589,-0.109
-1.994,0.112
-2.425,3.477
3.14,2.987
1.59,0.721
1.55,-0.083
1.177,2.447
-0.754,1.358
-1.403,-0.539
-1.798,-0.107
-1.988,-0.371
-0.538,-0.266
-0.783,2.574
-0.828,2.57
-0.959,0.858
-0.875,2.229
-0.887,1.835
-1.02,2.272
-1.06,2.707
-1.085,-0.08
-1.206,1.706
-1.222,3.849
-1.196,2.297
-1.339,2.435
-1.411,3.66
-1.466,3.374
-1.674,2.606
-1.825,0.975
-1.777,2.655
-1.781,3.123
-1.939,0.734
-1.912,1.367
-1.943,1.055
-2.083,0.125
-2.156,0.983
-2.502,1.209
-2.376,1.248
-2.582,2.605
-2.476,-0.062
-2.582,2.689
-2.873,1.843
-2.832,3.318
-2.891,0.856
-2.929,3.253
-2.971,3.462
-3.118,2.965
3.12,0.246
2.987,1.513
2.969,0.867
3.041,3.749
2.955,-0.109
2.8,-0.144
2.783,0.817
2.86,0.744
2.535,-0.029
2.489,2.354
2.546,1.118
2.472,2.401
2.302,3.811
2.329,1.778
2.271,0.852
2.111,1.822
1.935,3.549
1.886,1.232
1.892,1.343
1.716,3.094
1.819,0.944
1.643,1.972
1.56,0.881
1.642,1.466
1.404,3.304
1.415,1.122
1.506,1.886
1.465,1.405
1.458,3.771
1.246,0.846
1.196,1.699
1.08,1.965
0.998,0.165
0.932,3.021
0.738,0.395
0.716,2.969
0.812,2.075
0.751,-0.05
0.583,3.12
0.575,-0.081
0.605,1.301
0.44,2.777
0.147,2.87
0.3,2.706
0.253,0.844
0.227,3.515
0.019,-0.168
-0.191,1.52
-0.108,1.525
-0.405,3.839
-0.331,1.152
-0.48,1.297
-0.671,2.027
-0.758,0.058
-0.678,1.28
-1.049,-0.328
-1.241,-0.491
-1.493,-0.548
-3.141,-0.469
-3.046,-0.463
2.912,-0.539
2.756,-0.299
2.651,-0.496
2.16,-0.171
1.347,-0.456
1.26,-0.171
0.918,-0.303
0.164,-0.685
-0.22,-0.319
-1.114,3.94
-1.307,3.982
-1.457,3.962
3.044,3.976
2.31,4.043
1.44,3.937
0.463,4.184
0.158,3.883
-0.014,3.905
-0.105,4.191
-0.849,3.598
-1.852,1.827
2.912,3.625
2.164,2.03
1.18,1.652
0.145,0.82
-2.742,3.3
0.941,2.849
0.914,2.201
-0.013,2.184
-0.11,2.788
-0.436,1.308
-0.443,3.3
-0.653,1.87
2.227,0.975
-0.219,0.988
-0.214,-0.161
-0.252,-1.019
-0.315,-0.748
-0.41,1.318
-0.417,-0.704
-0.522,-0.75
-0.508,-1.112
-0.584,-0.353
-0.565,2.279
-0.667,1.019
-0.839,-1.671
-1.053,-1.956
-1.297,-1.629
-1.447,-1.848
-1.887,-1.659
-2.408,-1.805
2.948,-1.955
2.317,-1.9
2.075,-1.653
0.988,-1.996
0.742,-1.907
0.298,-1.769
-0.604,-1.796
-0.615,-1.716
-1.148,2.58
-1.819,2.551
-2.459,2.534
-3.028,2.738
3.086,2.369
2.934,2.636
2.549,2.648
1.703,2.433
1.528,2.474
0.15,2.579
-0.322,2.507
-0.402,2.628
-0.563,2.589
-0.687,2.69
-1.351,-1.259
-1.588,-1.557
-1.993,-1.336
-2.424,2.029
3.141,1.539
1.591,-0.727
1.551,-1.531
1.178,0.999
-0.753,-0.09
-1.402,-1.987
-1.797,-1.555
-1.987,-1.819
-0.537,-1.714
-0.782,1.126
-0.827,1.122
-0.958,-0.59
-0.874,0.781
-0.886,0.387
-1.019,0.824
-1.059,1.259
-1.084,-1.528
-1.205,0.258
-1.221,2.401
-1.195,0.849
-1.338,0.987
-1.41,2.212
-1.465,1.926
-1.673,1.158
-1.824,-0.473
-1.776,1.207
-1.78,1.675
-1.938,-0.714
-1.911,-0.081
-1.942,-0.393
-2.082,-1.323
-2.155,-0.465
-2.501,-0.239
-2.375,-0.2
-2.581,1.157
-2.475,-1.51
-2.581,1.241
-2.872,0.395
-2.831,1.87
-2.89,-0.592
-2.928,1.805
-2.97,2.014
-3.117,1.517
3.121,-1.202
2.988,0.065
2.97,-0.581
3.042,2.301
2.956,-1.557
2.801,-1.592
2.784,-0.631
2.861,-0.704
2.536,-1.477
2.49,0.906
2.547,-0.33
2.473,0.953
2.303,2.363
2.33,0.33
2.272,-0.596
2.112,0.374
1.936,2.101
1.887,-0.216
1.893,-0.105
1.717,1.646
1.82,-0.504
1.644,0.524
1.561,-0.567
1.643,0.018
1.405,1.856
1.416,-0.326
1.507,0.438
1.466,-0.043
1.459,2.323
1.247,-0.602
1.197,0.251
1.081,0.517
0.999,-1.283
0.933,1.573
0.739,-1.053
0.717,1.521
0.813,0.627
0.752,-1.498
0.584,1.672
0.576,-1.529
0.606,-0.147
0.441,1.329
0.148,1.422
0.301,1.258
0.254,-0.604
0.228,2.067
0.02,-1.616
-0.19,0.072
-0.107,0.077
-0.404,2.391
-0.33,-0.296
-0.479,-0.151
-0.67,0.579
-0.757,-1.39
-0.677,-0.168
-1.048,-1.776
-1.24,-1.939
-1.492,-1.996
-3.14,-1.917
-3.045,-1.911
2.913,-1.987
2.757,-1.747
2.652,-1.944
2.161,-1.619
1.348,-1.904
1.261,-1.619
0.919,-1.751
0.165,-2.133
-0.219,-1.767
-1.113,2.492
-1.306,2.534
-1.456,2.514
3.045,2.528
2.311,2.595
1.441,2.489
0.464,2.736
0.159,2.435
-0.013,2.457
-0.104,2.743
-0.848,2.15
-1.851,0.379
2.913,2.177
2.165,0.582
1.181,0.204
0.146,-0.628
-2.741,1.852
0.942,1.401
0.915,0.753
-0.012,0.736
-0.109,1.34
-0.435,-0.14
-0.442,1.852
-0.652,0.422
2.228,-0.473
-0.218,-0.46
-0.038,-0.858
-0.101,-0.587
-0.196,1.479
-0.203,-0.543
-0.308,-0.589
-0.294,-0.951
-0.37,-0.192
-0.351,2.44
-0.453,1.18
-0.625,-1.51
-0.839,-1.795
-1.083,-1.468
-1.233,-1.687
-1.673,-1.498
-2.194,-1.644
-3.121,-1.794
2.531,-1.739
2.289,-1.492
1.202,-1.835
0.956,-1.746
0.512,-1.608
-0.39,-1.635
-0.401,-1.555
-0.934,2.741
-1.605,2.712
-2.245,2.695
-2.814,2.899
-2.983,2.53
-3.135,2.797
2.763,2.809
1.917,2.594
1.742,2.635
0.364,2.74
-0.108,2.668
-0.188,2.789
-0.349,2.75
-0.473,2.851
-1.137,-1.098
-1.374,-1.396
-1.779,-1.175
-2.21,2.19
-2.928,1.7
1.805,-0.566
1.765,-1.37
1.392,1.16
-0.539,0.071
-1.188,-1.826
-1.583,-1.394
-1.773,-1.658
-0.323,-1.553
-0.568,1.287
-0.613,1.283
-0.744,-0.429
-0.66,0.942
-0.672,0.548
-0.805,0.985
-0.845,1.42
-0.87,-1.367
-0.991,0.419
-1.007,2.562
-0.981,1.01
-1.124,1.148
-1.196,2.373
-1.251,2.087
-1.459,1.319
-1.61,-0.312
-1.562,1.368
-1.566,1.836
-1.724,-0.553
-1.697,0.08
-1.728,-0.232
-1.868,-1.162
-1.941,-0.304
-2.287,-0.078
-2.161,-0.039
-2.367,1.318
-2.261,-1.349
-2.367,1.402
-2.658,0.556
-2.617,2.031
-2.676,-0.431
-2.714,1.966
-2.756,2.175
-2.903,1.678
-2.948,-1.041
-3.081,0.226
-3.099,-0.42
-3.027,2.462
-3.113,-1.396
3.015,-1.431
2.998,-0.47
3.075,-0.543
2.75,-1.316
2.704,1.067
2.761,-0.169
2.687,1.114
2.517,2.524
2.544,0.491
2.486,-0.435
2.326,0.535
2.15,2.262
2.101,-0.055
2.107,0.056
1.931,1.807
2.034,-0.343
1.858,0.685
1.775,-0.406
1.857,0.179
1.619,2.017
1.63,-0.165
1.721,0.599
1.68,0.118
1.673,2.484
1.461,-0.441
1.411,0.412
1.295,0.678
1.213,-1.122
1.147,1.734
0.953,-0.892
0.931,1.682
1.027,0.788
0.966,-1.337
0.798,1.833
0.79,-1.368
0.82,0.014
0.655,1.49
0.362,1.583
0.515,1.419
0.468,-0.443
0.442,2.228
0.234,-1.455
0.024,0.233
0.107,0.238
-0.19,2.552
-0.116,-0.135
-0.265,0.01
-0.456,0.74
-0.543,-1.229
-0.463,-0.007
-0.834,-1.615
-1.026,-1.778
-1.278,-1.835
-2.926,-1.756
-2.831,-1.75
3.127,-1.826
2.971,-1.586
2.866,-1.783
2.375,-1.458
1.562,-1.743
1.475,-1.458
1.133,-1.59
0.379,-1.972
-0.005,-1.606
-0.899,2.653
-1.092,2.695
-1.242,2.675
-3.024,2.689
2.525,2.756
1.655,2.65
0.678,2.897
0.373,2.596
0.201,2.618
0.11,2.904
-0.634,2.311
-1.637,0.54
3.127,2.338
2.379,0.743
1.395,0.365
0.36,-0.467
-2.527,2.013
1.156,1.562
1.129,0.914
0.202,0.897
0.105,1.501
-0.221,0.021
-0.228,2.013
-0.438,0.583
2.442,-0.312
-0.004,-0.299
-0.063,0.271
-0.158,2.337
-0.165,0.315
-0.27,0.269
-0.256,-0.093
-0.332,0.666
-0.313,3.298
-0.415,2.038
-0.587,-0.652
-0.801,-0.937
-1.045,-0.61
-1.195,-0.829
-1.635,-0.64
-2.156,-0.786
-3.083,-0.936
2.569,-0.881
2.327,-0.634
1.24,-0.977
0.994,-0.888
0.55,-0.75
-0.352,-0.777
-0.363,-0.697
-0.896,3.599
-1.567,3.57
-2.207,3.553
-2.776,3.757
-2.945,3.388
-3.097,3.655
2.801,3.667
1.955,3.452
1.78,3.493
0.402,3.598
-0.07,3.526
-0.15,3.647
-0.311,3.608
-0.435,3.709
-1.099,-0.24
-1.336,-0.538
-1.741,-0.317
-2.172,3.048
-2.89,2.558
1.843,0.292
1.803,-0.512
1.43,2.018
-0.501,0.929
-1.15,-0.968
-1.545,-0.536
-1.735,-0.8
-0.285,-0.695
-0.53,2.145
-0.575,2.141
-0.706,0.429
-0.622,1.8
-0.634,1.406
-0.767,1.843
-0.807,2.278
-0.832,-0.509
-0.953,1.277
-0.969,3.42
-0.943,1.868
-1.086,2.006
-1.158,3.231
-1.213,2.945
-1.421,2.177
-1.572,0.546
-1.524,2.226
-1.528,2.694
-1.686,0.305
-1.659,0.938
-1.69,0.626
-1.83,-0.304
-1.903,0.554
-2.249,0.78
-2.123,0.819
-2.329,2.176
-2.223,-0.491
-2.329,2.26
-2.62,1.414
-2.579,2.889
-2.638,0.427
-2.676,2.824
-2.718,3.033
-2.865,2.536
-2.91,-0.183
-3.043,1.084
-3.061,0.438
-2.989,3.32
-3.075,-0.538
3.053,-0.573
3.036,0.388
3.113,0.315
2.788,-0.458
2.742,1.925
2.799,0.689
2.725,1.972
2.555,3.382
2.582,1.349
2.524,0.423
2.364,1.393
2.188,3.12
2.139,0.803
2.145,0.914
1.969,2.665
2.072,0.515
1.896,1.543
1.813,0.452
1.895,1.037
1.657,2.875
1.668,0.693
1.759,1.457
1.718,0.976
1.711,3.342
1.499,0.417
1.449,1.27
1.333,1.536
1.251,-0.264
1.185,2.592
0.991,-0.034
0.969,2.54
1.065,1.646
1.004,-0.479
0.836,2.691
0.828,-0.51
0.858,0.872
0.693,2.348
0.4,2.441
0.553,2.277
0.506,0.415
0.48,3.086
0.272,-0.597
0.062,1.091
0.145,1.096
-0.152,3.41
-0.078,0.723
-0.227,0.868
-0.418,1.598
-0.505,-0.371
-0.425,0.851
-0.796,-0.757
-0.988,-0.92
-1.24,-0.977
-2.888,-0.898
-2.793,-0.892
-3.118,-0.968
3.009,-0.728
2.904,-0.925
2.413,-0.6
1.6,-0.885
1.513,-0.6
1.171,-0.732
0.417,-1.114
0.033,-0.748
-0.861,3.511
-1.054,3.553
-1.204,3.533
-2.986,3.547
2.563,3.614
1.693,3.508
0.716,3.755
0.411,3.454
0.239,3.476
0.148,3.762
-0.596,3.169
-1.599,1.398
-3.118,3.196
2.417,1.601
1.433,1.223
0.398,0.391
-2.489,2.871
1.194,2.42
1.167,1.772
0.24,1.755
0.143,2.359
-0.183,0.879
-0.19,2.871
-0.4,1.441
2.48,0.546
0.034,0.559
-0.095,2.066
-0.102,0.044
-0.207,-0.002
-0.193,-0.364
-0.269,0.395
-0.25,3.027
-0.352,1.767
-0.524,-0.923
-0.738,-1.208
-0.982,-0.881
-1.132,-1.1
-1.572,-0.911
-2.093,-1.057
-3.02,-1.207
2.632,-1.152
2.39,-0.905
1.303,-1.248
1.057,-1.159
0.613,-1.021
-0.289,-1.048
-0.3,-0.968
-0.833,3.328
-1.504,3.299
-2.144,3.282
-2.713,3.486
-2.882,3.117
-3.034,3.384
2.864,3.396
2.018,3.181
1.843,3.222
0.465,3.327
-0.007,3.255
-0.087,3.376
-0.248,3.337
-0.372,3.438
-1.036,-0.511
-1.273,-0.809
-1.678,-0.588
-2.109,2.777
-2.827,2.287
1.906,0.021
1.866,-0.783
1.493,1.747
-0.438,0.658
-1.087,-1.239
-1.482,-0.807
-1.672,-1.071
-0.222,-0.966
-0.467,1.874
-0.512,1.87
-0.643,0.158
-0.559,1.529
-0.571,1.135
-0.704,1.572
-0.744,2.007
-0.769,-0.78
-0.89,1.006
-0.906,3.149
-0.88,1.597
-1.023,1.735
-1.095,2.96
-1.15,2.674
-1.358,1.906
-1.509,0.275
-1.461,1.955
-1.465,2.423
-1.623,0.034
-1.596,0.667
-1.627,0.355
-1.767,-0.575
-1.84,0.283
-2.186,0.509
-2.06,0.548
-2.266,1.905
-2.16,-0.762
-2.266,1.989
-2.557,1.143
-2.516,2.618
-2.575,0.156
-2.613,2.553
-2.655,2.762
-2.802,2.265
-2.847,-0.454
-2.98,0.813
-2.998,0.167
-2.926,3.049
-3.012,-0.809
3.116,-0.844
3.099,0.117
-3.107,0.044
2.851,-0.729
2.805,1.654
2.862,0.418
2.788,1.701
2.618,3.111
2.645,1.078
2.587,0.152
2.427,1.122
2.251,2.849
2.202,0.532
2.208,0.643
2.032,2.394
2.135,0.244
1.959,1.272
1.876,0.181
1.958,0.766
1.72,2.604
1.731,0.422
1.822,1.186
1.781,0.705
1.774,3.071
1.562,0.146
1.512,0.999
1.396,1.265
1.314,-0.535
1.248,2.321
1.054,-0.305
1.032,2.269
1.128,1.375
1.067,-0.75
0.899,2.42
0.891,-0.781
0.921,0.601
0.756,2.077
0.463,2.17
0.616,2.006
0.569,0.144
0.543,2.815
0.335,-0.868
0.125,0.82
0.208,0.825
-0.089,3.139
-0.015,0.452
-0.164,0.597
-0.355,1.327
-0.442,-0.642
-0.362,0.58
-0.733,-1.028
-0.925,-1.191
-1.177,-1.248
-2.825,-1.169
-2.73,-1.163
-3.055,-1.239
3.072,-0.999
2.967,-1.196
2.476,-0.871
1.663,-1.156
1.576,-0.871
1.234,-1.003
0.48,-1.385
0.096,-1.019
-0.798,3.24
-0.991,3.282
-1.141,3.262
-2.923,3.276
2.626,3.343
1.756,3.237
0.779,3.484
0.474,3.183
0.302,3.205
0.211,3.491
-0.533,2.898
-1.536,1.127
-3.055,2.925
2.48,1.33
1.496,0.952
0.461,0.12
-2.426,2.6
1.257,2.149
1.23,1.501
0.303,1.484
0.206,2.088
-0.12,0.608
-0.127,2.6
-0.337,1.17
2.543,0.275
0.097,0.288
-0.007,-2.022
-0.112,-2.068
-0.098,-2.43
-0.174,-1.671
-0.155,0.961
-0.257,-0.299
-0.429,-2.989
-0.643,-3.274
-0.887,-2.947
-1.037,-3.166
-1.477,-2.977
-1.998,-3.123
-2.925,-3.273
2.727,-3.218
2.485,-2.971
1.398,-3.314
1.152,-3.225
0.708,-3.087
-0.194,-3.114
-0.205,-3.034
-0.738,1.262
-1.409,1.233
-2.049,1.216
-2.618,1.42
-2.787,1.051
-2.939,1.318
2.959,1.33
2.113,1.115
1.938,1.156
0.56,1.261
0.088,1.189
0.008,1.31
-0.153,1.271
-0.277,1.372
-0.941,-2.577
-1.178,-2.875
-1.583,-2.654
-2.014,0.711
-2.732,0.221
2.001,-2.045
1.961,-2.849
1.588,-0.319
-0.343,-1.408
-0.992,-3.305
-1.387,-2.873
-1.577,-3.137
-0.127,-3.032
-0.372,-0.192
-0.417,-0.196
-0.548,-1.908
-0.464,-0.537
-0.476,-0.931
-0.609,-0.494
-0.649,-0.059
-0.674,-2.846
-0.795,-1.06
-0.811,1.083
-0.785,-0.469
-0.928,-0.331
-1.0,0.894
-1.055,0.608
-1.263,-0.16
-1.414,-1.791
-1.366,-0.111
-1.37,0.357
-1.528,-2.032
-1.501,-1.399
-1.532,-1.711
-1.672,-2.641
-1.745,-1.783
-2.091,-1.557
-1.965,-1.518
-2.171,-0.161
-2.065,-2.828
-2.171,-0.077
-2.462,-0.923
-2.421,0.552
-2.48,-1.91
-2.518,0.487
-2.56,0.696
-2.707,0.199
-2.752,-2.52
-2.885,-1.253
-2.903,-1.899
-2.831,0.983
-2.917,-2.875
-3.072,-2.91
-3.089,-1.949
-3.012,-2.022
2.946,-2.795
2.9,-0.412
2.957,-1.648
2.883,-0.365
2.713,1.045
2.74,-0.988
2.682,-1.914
2.522,-0.944
2.346,0.783
2.297,-1.534
2.303,-1.423
2.127,0.328
2.23,-1.822
2.054,-0.794
1.971,-1.885
2.053,-1.3
1.815,0.538
1.826,-1.644
1.917,-0.88
1.876,-1.361
1.869,1.005
1.657,-1.92
1.607,-1.067
1.491,-0.801
1.409,-2.601
1.343,0.255
1.149,-2.371
1.127,0.203
1.223,-0.691
1.162,-2.816
0.994,0.354
0.986,-2.847
1.016,-1.465
0.851,0.011
0.558,0.104
0.711,-0.06
0.664,-1.922
0.638,0.749
0.43,-2.934
0.22,-1.246
0.303,-1.241
0.006,1.073
0.08,-1.614
-0.069,-1.469
-0.26,-0.739
-0.347,-2.708
-0.267,-1.486
-0.638,-3.094
-0.83,-3.257
-1.082,-3.314
-2.73,-3.235
-2.635,-3.229
-2.96,-3.305
-3.116,-3.065
3.062,-3.262
2.571,-2.937
1.758,-3.222
1.671,-2.937
1.329,-3.069
0.575,-3.451
0.191,-3.085
-0.703,1.174
-0.896,1.216
-1.046,1.196
-2.828,1.21
2.721,1.277
1.851,1.171
0.874,1.418
0.569,1.117
0.397,1.139
0.306,1.425
-0.438,0.832
-1.441,-0.939
-2.96,0.859
2.575,-0.736
1.591,-1.114
0.556,-1.946
-2.331,0.534
1.352,0.083
1.325,-0.565
0.398,-0.582
0.301,0.022
-0.025,-1.458
-0.032,0.534
-0.242,-0.896
2.638,-1.791
0.192,-1.778
-0.105,-0.046
-0.091,-0.408
-0.167,0.351
-0.148,2.983
-0.25,1.723
-0.422,-0.967
-0.636,-1.252
-0.88,-0.925
-1.03,-1.144
-1.47,-0.955
-1.991,-1.101
-2.918,-1.251
2.734,-1.196
2.492,-0.949
1.405,-1.292
1.159,-1.203
0.715,-1.065
-0.187,-1.092
-0.198,-1.012
-0.731,3.284
-1.402,3.255
-2.042,3.238
-2.611,3.442
-2.78,3.073
-2.932,3.34
2.966,3.352
2.12,3.137
1.945,3.178
0.567,3.283
0.095,3.211
0.015,3.332
-0.146,3.293
-0.27,3.394
-0.934,-0.555
-1.171,-0.853
-1.576,-0.632
-2.007,2.733
-2.725,2.243
2.008,-0.023
1.968,-0.827
1.595,1.703
-0.336,0.614
-0.985,-1.283
-1.38,-0.851
-1.57,-1.115
-0.12,-1.01
-0.365,1.83
-0.41,1.826
-0.541,0.114
-0.457,1.485
-0.469,1.091
-0.602,1.528
-0.642,1.963
-0.667,-0.824
-0.788,0.962
-0.804,3.105
-0.778,1.553
-0.921,1.691
-0.993,2.916
-1.048,2.63
-1.256,1.862
-1.407,0.231
-1.359,1.911
-1.363,2.379
-1.521,-0.01
-1.494,0.623
-1.525,0.311
-1.665,-0.619
-1.738,0.239
-2.084,0.465
-1.958,0.504
-2.164,1.861
-2.058,-0.806
-2.164,1.945
-2.455,1.099
-2.414,2.574
-2.473,0.112
-2.511,2.509
-2.553,2.718
-2.7,2.221
-2.745,-0.498
-2.878,0.769
-2.896,0.123
-2.824,3.005
-2.91,-0.853
-3.065,-0.888
-3.082,0.073
-3.005,0.0
2.953,-0.773
2.907,1.61
2.964,0.374
2.89,1.657
2.72,3.067
2.747,1.034
2.689,0.108
2.529,1.078
2.353,2.805
2.304,0.488
2.31,0.599
2.134,2.35
2.237,0.2
2.061,1.228
1.978,0.137
2.06,0.722
1.822,2.56
1.833,0.378
1.924,1.142
1.883,0.661
1.876,3.027
1.664,0.102
1.614,0.955
1.498,1.221
1.416,-0.579
1.35,2.277
1.156,-0.349
1.134,2.225
1.23,1.331
1.169,-0.794
1.001,2.376
0.993,-0.825
1.023,0.557
0.858,2.033
0.565,2.126
0.718,1.962
0.671,0.1
0.645,2.771
0.437,-0.912
0.227,0.776
0.31,0.781
0.013,3.095
0.087,0.408
-0.062,0.553
-0.253,1.283
-0.34,-0.686
-0.26,0.536
-0.631,-1.072
-0.823,-1.235
-1.075,-1.292
-2.723,-1.213
-2.628,-1.207
-2.953,-1.283
-3.109,-1.043
3.069,-1.24
2.578,-0.915
1.765,-1.2
1.678,-0.915
1.336,-1.047
0.582,-1.429
0.198,-1.063
-0.696,3.196
-0.889,3.238
-1.039,3.218
-2.821,3.232
2.728,3.299
1.858,3.193
0.881,3.44
0.576,3.139
0.404,3.161
0.313,3.447
-0.431,2.854
-1.434,1.083
-2.953,2.881
2.582,1.286
1.598,0.908
0.563,0.076
-2.324,2.556
1.359,2.105
1.332,1.457
0.405,1.44
0.308,2.044
-0.018,0.564
-0.025,2.556
-0.235,1.126
2.645,0.231
0.199,0.244
0.014,-0.362
-0.062,0.397
-0.043,3.029
-0.145,1.769
-0.317,-0.921
-0.531,-1.206
-0.775,-0.879
-0.925,-1.098
-1.365,-0.909
-1.886,-1.055
-2.813,-1.205
2.839,-1.15
2.597,-0.903
1.51,-1.246
1.264,-1.157
0.82,-1.019
-0.082,-1.046
-0.093,-0.966
-0.626,3.33
-1.297,3.301
-1.937,3.284
-2.506,3.488
-2.675,3.119
-2.827,3.386
3.071,3.398
2.225,3.183
2.05,3.224
0.672,3.329
0.2,3.257
0.12,3.378
-0.041,3.339
-0.165,3.44
-0.829,-0.509
-1.066,-0.807
-1.471,-0.586
-1.902,2.779
-2.62,2.289
2.113,0.023
2.073,-0.781
1.7,1.749
-0.231,0.66
-0.88,-1.237
-1.275,-0.805
-1.465,-1.069
-0.015,-0.964
-0.26,1.876
-0.305,1.872
-0.436,0.16
-0.352,1.531
-0.364,1.137
-0.497,1.574
-0.537,2.009
-0.562,-0.778
-0.683,1.008
-0.699,3.151
-0.673,1.599
-0.816,1.737
-0.888,2.962
-0.943,2.676
-1.151,1.908
-1.302,0.277
-1.254,1.957
-1.258,2.425
-1.416,0.036
-1.389,0.669
-1.42,0.357
-1.56,-0.573
-1.633,0.285
-1.979,0.511
-1.853,0.55
-2.059,1.907
-1.953,-0.76
-2.059,1.991
-2.35,1.145
-2.309,2.62
-2.368,0.158
-2.406,2.555
-2.448,2.764
-2.595,2.267
-2.64,-0.452
-2.773,0.815
-2.791,0.169
-2.719,3.051
-2.805,-0.807
-2.96,-0.842
-2.977,0.119
-2.9,0.046
3.058,-0.727
3.012,1.656
3.069,0.42
2.995,1.703
2.825,3.113
2.852,1.08
2.794,0.154
2.634,1.124
2.458,2.851
2.409,0.534
2.415,0.645
2.239,2.396
2.342,0.246
2.166,1.274
2.083,0.183
2.165,0.768
1.927,2.606
1.938,0.424
2.029,1.188
1.988,0.707
1.981,3.073
1.769,0.148
1.719,1.001
1.603,1.267
1.521,-0.533
1.455,2.323
1.261,-0.303
1.239,2.271
1.335,1.377
1.274,-0.748
1.106,2.422
1.098,-0.779
1.128,0.603
0.963,2.079
0.67,2.172
0.823,2.008
0.776,0.146
0.75,2.817
0.542,-0.866
0.332,0.822
0.415,0.827
0.118,3.141
0.192,0.454
0.043,0.599
-0.148,1.329
-0.235,-0.64
-0.155,0.582
-0.526,-1.026
-0.718,-1.189
-0.97,-1.246
-2.618,-1.167
-2.523,-1.161
-2.848,-1.237
-3.004,-0.997
-3.109,-1.194
2.683,-0.869
1.87,-1.154
1.783,-0.869
1.441,-1.001
0.687,-1.383
0.303,-1.017
-0.591,3.242
-0.784,3.284
-0.934,3.264
-2.716,3.278
2.833,3.345
1.963,3.239
0.986,3.486
0.681,3.185
0.509,3.207
0.418,3.493
-0.326,2.9
-1.329,1.129
-2.848,2.927
2.687,1.332
1.703,0.954
0.668,0.122
-2.219,2.602
1.464,2.151
1.437,1.503
0.51,1.486
0.413,2.09
0.087,0.61
0.08,2.602
-0.13,1.172
2.75,0.277
0.304,0.29
-0.076,0.759
-0.057,3.391
-0.159,2.131
-0.331,-0.559
-0.545,-0.844
-0.789,-0.517
-0.939,-0.736
-1.379,-0.547
-1.9,-0.693
-2.827,-0.843
2.825,-0.788
2.583,-0.541
1.496,-0.884
1.25,-0.795
0.806,-0.657
-0.096,-0.684
-0.107,-0.604
-0.64,3.692
-1.311,3.663
-1.951,3.646
-2.52,3.85
-2.689,3.481
-2.841,3.748
3.057,3.76
2.211,3.545
2.036,3.586
0.658,3.691
0.186,3.619
0.106,3.74
-0.055,3.701
-0.179,3.802
-0.843,-0.147
-1.08,-0.445
-1.485,-0.224
-1.916,3.141
-2.634,2.651
2.099,0.385
2.059,-0.419
1.686,2.111
-0.245,1.022
-0.894,-0.875
-1.289,-0.443
-1.479,-0.707
-0.029,-0.602
-0.274,2.238
-0.319,2.234
-0.45,0.522
-0.366,1.893
-0.378,1.499
-0.511,1.936
-0.551,2.371
-0.576,-0.416
-0.697,1.37
-0.713,3.513
-0.687,1.961
-0.83,2.099
-0.902,3.324
-0.957,3.038
-1.165,2.27
-1.316,0.639
-1.268,2.319
-1.272,2.787
-1.43,0.398
-1.403,1.031
-1.434,0.719
-1.574,-0.211
-1.647,0.647
-1.993,0.873
-1.867,0.912
-2.073,2.269
-1.967,-0.398
-2.073,2.353
-2.364,1.507
-2.323,2.982
-2.382,0.52
-2.42,2.917
-2.462,3.126
-2.609,2.629
-2.654,-0.09
-2.787,1.177
-2.805,0.531
-2.733,3.413
-2.819,-0.445
-2.974,-0.48
-2.991,0.481
-2.914,0.408
3.044,-0.365
2.998,2.018
3.055,0.782
2.981,2.065
2.811,3.475
2.838,1.442
2.78,0.516
2.62,1.486
2.444,3.213
2.395,0.896
2.401,1.007
2.225,2.758
2.328,0.608
2.152,1.636
2.069,0.545
2.151,1.13
1.913,2.968
1.924,0.786
2.015,1.55
1.974,1.069
1.967,3.435
1.755,0.51
1.705,1.363
1.589,1.629
1.507,-0.171
1.441,2.685
1.247,0.059
1.225,2.633
1.321,1.739
1.26,-0.386
1.092,2.784
1.084,-0.417
1.114,0.965
0.949,2.441
0.656,2.534
0.809,2.37
0.762,0.508
0.736,3.179
0.528,-0.504
0.318,1.184
0.401,1.189
0.104,3.503
0.178,0.816
0.029,0.961
-0.162,1.691
-0.249,-0.278
-0.169,0.944
-0.54,-0.664
-0.732,-0.827
-0.984,-0.884
-2.632,-0.805
-2.537,-0.799
-2.862,-0.875
-3.018,-0.635
-3.123,-0.832
2.669,-0.507
1.856,-0.792
1.769,-0.507
1.427,-0.639
0.673,-1.021
0.289,-0.655
-0.605,3.604
-0.798,3.646
-0.948,3.626
-2.73,3.64
2.819,3.707
1.949,3.601
0.972,3.848
0.667,3.547
0.495,3.569
0.404,3.855
-0.34,3.262
-1.343,1.491
-2.862,3.289
2.673,1.694
1.689,1.316
0.654,0.484
-2.233,2.964
1.45,2.513
1.423,1.865
0.496,1.848
0.399,2.452
0.073,0.972
0.066,2.964
-0.144,1.534
2.736,0.639
0.29,0.652
0.019,2.632
-0.083,1.372
-0.255,-1.318
-0.469,-1.603
-0.713,-1.276
-0.863,-1.495
-1.303,-1.306
-1.824,-1.452
-2.751,-1.602
2.901,-1.547
2.659,-1.3
1.572,-1.643
1.326,-1.554
0.882,-1.416
-0.02,-1.443
-0.031,-1.363
-0.564,2.933
-1.235,2.904
-1.875,2.887
-2.444,3.091
-2.613,2.722
-2.765,2.989
3.133,3.001
2.287,2.786
2.112,2.827
0.734,2.932
0.262,2.86
0.182,2.981
0.021,2.942
-0.103,3.043
-0.767,-0.906
-1.004,-1.204
-1.409,-0.983
-1.84,2.382
-2.558,1.892
2.175,-0.374
2.135,-1.178
1.762,1.352
-0.169,0.263
-0.818,-1.634
-1.213,-1.202
-1.403,-1.466
0.047,-1.361
-0.198,1.479
-0.243,1.475
-0.374,-0.237
-0.29,1.134
-0.302,0.74
-0.435,1.177
-0.475,1.612
-0.5,-1.175
-0.621,0.611
-0.637,2.754
-0.611,1.202
-0.754,1.34
-0.826,2.565
-0.881,2.279
-1.089,1.511
-1.24,-0.12
-1.192,1.56
-1.196,2.028
-1.354,-0.361
-1.327,0.272
-1.358,-0.04
-1.498,-0.97
-1.571,-0.112
-1.917,0.114
-1.791,0.153
-1.997,1.51
-1.891,-1.157
-1.997,1.594
-2.288,0.748
-2.247,2.223
-2.306,-0.239
-2.344,2.158
-2.386,2.367
-2.533,1.87
-2.578,-0.849
-2.711,0.418
-2.729,-0.228
-2.657,2.654
-2.743,-1.204
-2.898,-1.239
-2.915,-0.278
-2.838,-0.351
3.12,-1.124
3.074,1.259
3.131,0.023
3.057,1.306
2.887,2.716
2.914,0.683
2.856,-0.243
2.696,0.727
2.52,2.454
2.471,0.137
2.477,0.248
2.301,1.999
2.404,-0.151
2.228,0.877
2.145,-0.214
2.227,0.371
1.989,2.209
2.0,0.027
2.091,0.791
2.05,0.31
2.043,2.676
1.831,-0.249
1.781,0.604
1.665,0.87
1.583,-0.93
1.517,1.926
1.323,-0.7
1.301,1.874
1.397,0.98
1.336,-1.145
1.168,2.025
1.16,-1.176
1.19,0.206
1.025,1.682
0.732,1.775
0.885,1.611
0.838,-0.251
0.812,2.42
0.604,-1.263
0.394,0.425
0.477,0.43
0.18,2.744
0.254,0.057
0.105,0.202
-0.086,0.932
-0.173,-1.037
-0.093,0.185
-0.464,-1.423
-0.656,-1.586
-0.908,-1.643
-2.556,-1.564
-2.461,-1.558
-2.786,-1.634
-2.942,-1.394
-3.047,-1.591
2.745,-1.266
1.932,-1.551
1.845,-1.266
1.503,-1.398
0.749,-1.78
0.365,-1.414
-0.529,2.845
-0.722,2.887
-0.872,2.867
-2.654,2.881
2.895,2.948
2.025,2.842
1.048,3.089
0.743,2.788
0.571,2.81
0.48,3.096
-0.264,2.503
-1.267,0.732
-2.786,2.53
2.749,0.935
1.765,0.557
0.73,-0.275
-2.157,2.205
1.526,1.754
1.499,1.106
0.572,1.089
0.475,1.693
0.149,0.213
0.142,2.205
-0.068,0.775
2.812,-0.12
0.366,-0.107
-0.102,-1.26
-0.274,-3.95
-0.488,-4.235
-0.732,-3.908
-0.882,-4.127
-1.322,-3.938
-1.843,-4.084
-2.77,-4.234
2.882,-4.179
2.64,-3.932
1.553,-4.275
1.307,-4.186
0.863,-4.048
-0.039,-4.075
-0.05,-3.995
-0.583,0.301
-1.254,0.272
-1.894,0.255
-2.463,0.459
-2.632,0.09
-2.784,0.357
3.114,0.369
2.268,0.154
2.093,0.195
0.715,0.3
0.243,0.228
0.163,0.349
0.002,0.31
-0.122,0.411
-0.786,-3.538
-1.023,-3.836
-1.428,-3.615
-1.859,-0.25
-2.577,-0.74
2.156,-3.006
2.116,-3.81
1.743,-1.28
-0.188,-2.369
-0.837,-4.266
-1.232,-3.834
-1.422,-4.098
0.028,-3.993
-0.217,-1.153
-0.262,-1.157
-0.393,-2.869
-0.309,-1.498
-0.321,-1.892
-0.454,-1.455
-0.494,-1.02
-0.519,-3.807
-0.64,-2.021
-0.656,0.122
-0.63,-1.43
-0.773,-1.292
-0.845,-0.067
-0.9,-0.353
-1.108,-1.121
-1.259,-2.752
-1.211,-1.072
-1.215,-0.604
-1.373,-2.993
-1.346,-2.36
-1.377,-2.672
-1.517,-3.602
-1.59,-2.744
-1.936,-2.518
-1.81,-2.479
-2.016,-1.122
-1.91,-3.789
-2.016,-1.038
-2.307,-1.884
-2.266,-0.409
-2.325,-2.871
-2.363,-0.474
-2.405,-0.265
-2.552,-0.762
-2.597,-3.481
-2.73,-2.214
-2.748,-2.86
-2.676,0.022
-2.762,-3.836
-2.917,-3.871
-2.934,-2.91
-2.857,-2.983
3.101,-3.756
3.055,-1.373
3.112,-2.609
3.038,-1.326
2.868,0.084
2.895,-1.949
2.837,-2.875
2.677,-1.905
2.501,-0.178
2.452,-2.495
2.458,-2.384
2.282,-0.633
2.385,-2.783
2.209,-1.755
2.126,-2.846
2.208,-2.261
1.97,-0.423
1.981,-2.605
2.072,-1.841
2.031,-2.322
2.024,0.044
1.812,-2.881
1.762,-2.028
1.646,-1.762
1.564,-3.562
1.498,-0.706
1.304,-3.332
1.282,-0.758
1.378,-1.652
1.317,-3.777
1.149,-0.607
1.141,-3.808
1.171,-2.426
1.006,-0.95
0.713,-0.857
0.866,-1.021
0.819,-2.883
0.793,-0.212
0.585,-3.895
0.375,-2.207
0.458,-2.202
0.161,0.112
0.235,-2.575
0.086,-2.43
-0.105,-1.7
-0.192,-3.669
-0.112,-2.447
-0.483,-4.055
-0.675,-4.218
-0.927,-4.275
-2.575,-4.196
-2.48,-4.19
-2.805,-4.266
-2.961,-4.026
-3.066,-4.223
2.726,-3.898
1.913,-4.183
1.826,-3.898
1.484,-4.03
0.73,-4.412
0.346,-4.046
-0.548,0.213
-0.741,0.255
-0.891,0.235
-2.673,0.249
2.876,0.316
2.006,0.21
1.029,0.457
0.724,0.156
0.552,0.178
0.461,0.464
-0.283,-0.129
-1.286,-1.9
-2.805,-0.102
2.73,-1.697
1.746,-2.075
0.711,-2.907
-2.176,-0.427
1.507,-0.878
1.48,-1.526
0.553,-1.543
0.456,-0.939
0.13,-2.419
0.123,-0.427
-0.087,-1.857
2.793,-2.752
0.347,-2.739
-0.172,-2.69
-0.386,-2.975
-0.63,-2.648
-0.78,-2.867
-1.22,-2.678
-1.741,-2.824
-2.668,-2.974
2.984,-2.919
2.742,-2.672
1.655,-3.015
1.409,-2.926
0.965,-2.788
0.063,-2.815
0.052,-2.735
-0.481,1.561
-1.152,1.532
-1.792,1.515
-2.361,1.719
-2.53,1.35
-2.682,1.617
-3.067,1.629
2.37,1.414
2.195,1.455
0.817,1.56
0.345,1.488
0.265,1.609
0.104,1.57
-0.02,1.671
-0.684,-2.278
-0.921,-2.576
-1.326,-2.355
-1.757,1.01
-2.475,0.52
2.258,-1.746
2.218,-2.55
1.845,-0.02
-0.086,-1.109
-0.735,-3.006
-1.13,-2.574
-1.32,-2.838
0.13,-2.733
-0.115,0.107
-0.16,0.103
-0.291,-1.609
-0.207,-0.238
-0.219,-0.632
-0.352,-0.195
-0.392,0.24
-0.417,-2.547
-0.538,-0.761
-0.554,1.382
-0.528,-0.17
-0.671,-0.032
-0.743,1.193
-0.798,0.907
-1.006,0.139
-1.157,-1.492
-1.109,0.188
-1.113,0.656
-1.271,-1.733
-1.244,-1.1
-1.275,-1.412
-1.415,-2.342
-1.488,-1.484
-1.834,-1.258
-1.708,-1.219
-1.914,0.138
-1.808,-2.529
-1.914,0.222
-2.205,-0.624
-2.164,0.851
-2.223,-1.611
-2.261,0.786
-2.303,0.995
-2.45,0.498
-2.495,-2.221
-2.628,-0.954
-2.646,-1.6
-2.574,1.282
-2.66,-2.576
-2.815,-2.611
-2.832,-1.65
-2.755,-1.723
-3.08,-2.496
-3.126,-0.113
-3.069,-1.349
3.14,-0.066
2.97,1.344
2.997,-0.689
2.939,-1.615
2.779,-0.645
2.603,1.082
2.554,-1.235
2.56,-1.124
2.384,0.627
2.487,-1.523
2.311,-0.495
2.228,-1.586
2.31,-1.001
2.072,0.837
2.083,-1.345
2.174,-0.581
2.133,-1.062
2.126,1.304
1.914,-1.621
1.864,-0.768
1.748,-0.502
1.666,-2.302
1.6,0.554
1.406,-2.072
1.384,0.502
1.48,-0.392
1.419,-2.517
1.251,0.653
1.243,-2.548
1.273,-1.166
1.108,0.31
0.815,0.403
0.968,0.239
0.921,-1.623
0.895,1.048
0.687,-2.635
0.477,-0.947
0.56,-0.942
0.263,1.372
0.337,-1.315
0.188,-1.17
-0.003,-0.44
-0.09,-2.409
-0.01,-1.187
-0.381,-2.795
-0.573,-2.958
-0.825,-3.015
-2.473,-2.936
-2.378,-2.93
-2.703,-3.006
-2.859,-2.766
-2.964,-2.963
2.828,-2.638
2.015,-2.923
1.928,-2.638
1.586,-2.77
0.832,-3.152
0.448,-2.786
-0.446,1.473
-0.639,1.515
-0.789,1.495
-2.571,1.509
2.978,1.576
2.108,1.47
1.131,1.717
0.826,1.416
0.654,1.438
0.563,1.724
-0.181,1.131
-1.184,-0.64
-2.703,1.158
2.832,-0.437
1.848,-0.815
0.813,-1.647
-2.074,0.833
1.609,0.382
1.582,-0.266
0.655,-0.283
0.558,0.321
0.232,-1.159
0.225,0.833
0.015,-0.597
2.895,-1.492
0.449,-1.479
-0.214,-0.285
-0.458,0.042
-0.608,-0.177
-1.048,0.012
-1.569,-0.134
-2.496,-0.284
-3.127,-0.229
2.914,0.018
1.827,-0.325
1.581,-0.236
1.137,-0.098
0.235,-0.125
0.224,-0.045
-0.309,4.251
-0.98,4.222
-1.62,4.205
-2.189,4.409
-2.358,4.04
-2.51,4.307
-2.895,4.319
2.542,4.104
2.367,4.145
0.989,4.25
0.517,4.178
0.437,4.299
0.276,4.26
0.152,4.361
-0.512,0.412
-0.749,0.114
-1.154,0.335
-1.585,3.7
-2.303,3.21
2.43,0.944
2.39,0.14
2.017,2.67
0.086,1.581
-0.563,-0.316
-0.958,0.116
-1.148,-0.148
0.302,-0.043
0.057,2.797
0.012,2.793
-0.119,1.081
-0.035,2.452
-0.047,2.058
-0.18,2.495
-0.22,2.93
-0.245,0.143
-0.366,1.929
-0.382,4.072
-0.356,2.52
-0.499,2.658
-0.571,3.883
-0.626,3.597
-0.834,2.829
-0.985,1.198
-0.937,2.878
-0.941,3.346
-1.099,0.957
-1.072,1.59
-1.103,1.278
-1.243,0.348
-1.316,1.206
-1.662,1.432
-1.536,1.471
-1.742,2.828
-1.636,0.161
-1.742,2.912
-2.033,2.066
-1.992,3.541
-2.051,1.079
-2.089,3.476
-2.131,3.685
-2.278,3.188
-2.323,0.469
-2.456,1.736
-2.474,1.09
-2.402,3.972
-2.488,0.114
-2.643,0.079
-2.66,1.04
-2.583,0.967
-2.908,0.194
-2.954,2.577
-2.897,1.341
-2.971,2.624
-3.141,4.034
-3.114,2.001
3.111,1.075
2.951,2.045
2.775,3.772
2.726,1.455
2.732,1.566
2.556,3.317
2.659,1.167
2.483,2.195
2.4,1.104
2.482,1.689
2.244,3.527
2.255,1.345
2.346,2.109
2.305,1.628
2.298,3.994
2.086,1.069
2.036,1.922
1.92,2.188
1.838,0.388
1.772,3.244
1.578,0.618
1.556,3.192
1.652,2.298
1.591,0.173
1.423,3.343
1.415,0.142
1.445,1.524
1.28,3.0
0.987,3.093
1.14,2.929
1.093,1.067
1.067,3.738
0.859,0.055
0.649,1.743
0.732,1.748
0.435,4.062
0.509,1.375
0.36,1.52
0.169,2.25
0.082,0.281
0.162,1.503
-0.209,-0.105
-0.401,-0.268
-0.653,-0.325
-2.301,-0.246
-2.206,-0.24
-2.531,-0.316
-2.687,-0.076
-2.792,-0.273
3.0,0.052
2.187,-0.233
2.1,0.052
1.758,-0.08
1.004,-0.462
0.62,-0.096
-0.274,4.163
-0.467,4.205
-0.617,4.185
-2.399,4.199
-3.133,4.266
2.28,4.16
1.303,4.407
0.998,4.106
0.826,4.128
0.735,4.414
-0.009,3.821
-1.012,2.05
-2.531,3.848
3.004,2.253
2.02,1.875
0.985,1.043
-1.902,3.523
1.781,3.072
1.754,2.424
0.827,2.407
0.73,3.011
0.404,1.531
0.397,3.523
0.187,2.093
3.067,1.198
0.621,1.211
-0.244,0.327
-0.394,0.108
-0.834,0.297
-1.355,0.151
-2.282,0.001
-2.913,0.056
3.128,0.303
2.041,-0.04
1.795,0.049
1.351,0.187
0.449,0.16
0.438,0.24
-0.095,4.536
-0.766,4.507
-1.406,4.49
-1.975,4.694
-2.144,4.325
-2.296,4.592
-2.681,4.604
2.756,4.389
2.581,4.43
1.203,4.535
0.731,4.463
0.651,4.584
0.49,4.545
0.366,4.646
-0.298,0.697
-0.535,0.399
-0.94,0.62
-1.371,3.985
-2.089,3.495
2.644,1.229
2.604,0.425
2.231,2.955
0.3,1.866
-0.349,-0.031
-0.744,0.401
-0.934,0.137
0.516,0.242
0.271,3.082
0.226,3.078
0.095,1.366
0.179,2.737
0.167,2.343
0.034,2.78
-0.006,3.215
-0.031,0.428
-0.152,2.214
-0.168,4.357
-0.142,2.805
-0.285,2.943
-0.357,4.168
-0.412,3.882
-0.62,3.114
-0.771,1.483
-0.723,3.163
-0.727,3.631
-0.885,1.242
-0.858,1.875
-0.889,1.563
-1.029,0.633
-1.102,1.491
-1.448,1.717
-1.322,1.756
-1.528,3.113
-1.422,0.446
-1.528,3.197
-1.819,2.351
-1.778,3.826
-1.837,1.364
-1.875,3.761
-1.917,3.97
-2.064,3.473
-2.109,0.754
-2.242,2.021
-2.26,1.375
-2.188,4.257
-2.274,0.399
-2.429,0.364
-2.446,1.325
-2.369,1.252
-2.694,0.479
-2.74,2.862
-2.683,1.626
-2.757,2.909
-2.927,4.319
-2.9,2.286
-2.958,1.36
-3.118,2.33
2.989,4.057
2.94,1.74
2.946,1.851
2.77,3.602
2.873,1.452
2.697,2.48
2.614,1.389
2.696,1.974
2.458,3.812
2.469,1.63
2.56,2.394
2.519,1.913
2.512,4.279
2.3,1.354
2.25,2.207
2.134,2.473
2.052,0.673
1.986,3.529
1.792,0.903
1.77,3.477
1.866,2.583
1.805,0.458
1.637,3.628
1.629,0.427
1.659,1.809
1.494,3.285
1.201,3.378
1.354,3.214
1.307,1.352
1.281,4.023
1.073,0.34
0.863,2.028
0.946,2.033
0.649,4.347
0.723,1.66
0.574,1.805
0.383,2.535
0.296,0.566
0.376,1.788
0.005,0.18
-0.187,0.017
-0.439,-0.04
-2.087,0.039
-1.992,0.045
-2.317,-0.031
-2.473,0.209
-2.578,0.012
-3.069,0.337
2.401,0.052
2.314,0.337
1.972,0.205
1.218,-0.177
0.834,0.189
-0.06,4.448
-0.253,4.49
-0.403,4.47
-2.185,4.484
-2.919,4.551
2.494,4.445
1.517,4.692
1.212,4.391
1.04,4.413
0.949,4.699
0.205,4.106
-0.798,2.335
-2.317,4.133
-3.065,2.538
2.234,2.16
1.199,1.328
-1.688,3.808
1.995,3.357
1.968,2.709
1.041,2.692
0.944,3.296
0.618,1.816
0.611,3.808
0.401,2.378
-3.002,1.483
0.835,1.496
-0.15,-0.219
-0.59,-0.03
-1.111,-0.176
-2.038,-0.326
-2.669,-0.271
-2.911,-0.024
2.285,-0.367
2.039,-0.278
1.595,-0.14
0.693,-0.167
0.682,-0.087
0.149,4.209
-0.522,4.18
-1.162,4.163
-1.731,4.367
-1.9,3.998
-2.052,4.265
-2.437,4.277
3.0,4.062
2.825,4.103
1.447,4.208
0.975,4.136
0.895,4.257
0.734,4.218
0.61,4.319
-0.054,0.37
-0.291,0.072
-0.696,0.293
-1.127,3.658
-1.845,3.168
2.888,0.902
2.848,0.098
2.475,2.628
0.544,1.539
-0.105,-0.358
-0.5,0.074
-0.69,-0.19
0.76,-0.085
0.515,2.755
0.47,2.751
0.339,1.039
0.423,2.41
0.411,2.016
0.278,2.453
0.238,2.888
0.213,0.101
0.092,1.887
0.076,4.03
0.102,2.478
-0.041,2.616
-0.113,3.841
-0.168,3.555
-0.376,2.787
-0.527,1.156
-0.479,2.836
-0.483,3.304
-0.641,0.915
-0.614,1.548
-0.645,1.236
-0.785,0.306
-0.858,1.164
-1.204,1.39
-1.078,1.429
-1.284,2.786
-1.178,0.119
-1.284,2.87
-1.575,2.024
-1.534,3.499
-1.593,1.037
-1.631,3.434
-1.673,3.643
-1.82,3.146
-1.865,0.427
-1.998,1.694
-2.016,1.048
-1.944,3.93
-2.03,0.072
-2.185,0.037
-2.202,0.998
-2.125,0.925
-2.45,0.152
-2.496,2.535
-2.439,1.299
-2.513,2.582
-2.683,3.992
-2.656,1.959
-2.714,1.033
-2.874,2.003
-3.05,3.73
-3.099,1.413
-3.093,1.524
3.014,3.275
3.117,1.125
2.941,2.153
2.858,1.062
2.94,1.647
2.702,3.485
2.713,1.303
2.804,2.067
2.763,1.586
2.756,3.952
2.544,1.027
2.494,1.88
2.378,2.146
2.296,0.346
2.23,3.202
2.036,0.576
2.014,3.15
2.11,2.256
2.049,0.131
1.881,3.301
1.873,0.1
1.903,1.482
1.738,2.958
1.445,3.051
1.598,2.887
1.551,1.025
1.525,3.696
1.317,0.013
1.107,1.701
1.19,1.706
0.893,4.02
0.967,1.333
0.818,1.478
0.627,2.208
0.54,0.239
0.62,1.461
0.249,-0.147
0.057,-0.31
-0.195,-0.367
-1.843,-0.288
-1.748,-0.282
-2.073,-0.358
-2.229,-0.118
-2.334,-0.315
-2.825,0.01
2.645,-0.275
2.558,0.01
2.216,-0.122
1.462,-0.504
1.078,-0.138
0.184,4.121
-0.009,4.163
-0.159,4.143
-1.941,4.157
-2.675,4.224
2.738,4.118
1.761,4.365
1.456,4.064
1.284,4.086
1.193,4.372
0.449,3.779
-0.554,2.008
-2.073,3.806
-2.821,2.211
2.478,1.833
1.443,1.001
-1.444,3.481
2.239,3.03
2.212,2.382
1.285,2.365
1.188,2.969
0.862,1.489
0.855,3.481
0.645,2.051
-2.758,1.156
1.079,1.169
-0.44,0.189
-0.961,0.043
-1.888,-0.107
-2.519,-0.052
-2.761,0.195
2.435,-0.148
2.189,-0.059
1.745,0.079
0.843,0.052
0.832,0.132
0.299,4.428
-0.372,4.399
-1.012,4.382
-1.581,4.586
-1.75,4.217
-1.902,4.484
-2.287,4.496
-3.133,4.281
2.975,4.322
1.597,4.427
1.125,4.355
1.045,4.476
0.884,4.437
0.76,4.538
0.096,0.589
-0.141,0.291
-0.546,0.512
-0.977,3.877
-1.695,3.387
3.038,1.121
2.998,0.317
2.625,2.847
0.694,1.758
0.045,-0.139
-0.35,0.293
-0.54,0.029
0.91,0.134
0.665,2.974
0.62,2.97
0.489,1.258
0.573,2.629
0.561,2.235
0.428,2.672
0.388,3.107
0.363,0.32
0.242,2.106
0.226,4.249
0.252,2.697
0.109,2.835
0.037,4.06
-0.018,3.774
-0.226,3.006
-0.377,1.375
-0.329,3.055
-0.333,3.523
-0.491,1.134
-0.464,1.767
-0.495,1.455
-0.635,0.525
-0.708,1.383
-1.054,1.609
-0.928,1.648
-1.134,3.005
-1.028,0.338
-1.134,3.089
-1.425,2.243
-1.384,3.718
-1.443,1.256
-1.481,3.653
-1.523,3.862
-1.67,3.365
-1.715,0.646
-1.848,1.913
-1.866,1.267
-1.794,4.149
-1.88,0.291
-2.035,0.256
-2.052,1.217
-1.975,1.144
-2.3,0.371
-2.346,2.754
-2.289,1.518
-2.363,2.801
-2.533,4.211
-2.506,2.178
-2.564,1.252
-2.724,2.222
-2.9,3.949
-2.949,1.632
-2.943,1.743
-3.119,3.494
-3.016,1.344
3.091,2.372
3.008,1.281
3.09,1.866
2.852,3.704
2.863,1.522
2.954,2.286
2.913,1.805
2.906,4.171
2.694,1.246
2.644,2.099
2.528,2.365
2.446,0.565
2.38,3.421
2.186,0.795
2.164,3.369
2.26,2.475
2.199,0.35
2.031,3.52
2.023,0.319
2.053,1.701
1.888,3.177
1.595,3.27
1.748,3.106
1.701,1.244
1.675,3.915
1.467,0.232
1.257,1.92
1.34,1.925
1.043,4.239
1.117,1.552
0.968,1.697
0.777,2.427
0.69,0.458
0.77,1.68
0.399,0.072
0.207,-0.091
-0.045,-0.148
-1.693,-0.069
-1.598,-0.063
-1.923,-0.139
-2.079,0.101
-2.184,-0.096
-2.675,0.229
2.795,-0.056
2.708,0.229
2.366,0.097
1.612,-0.285
1.228,0.081
0.334,4.34
0.141,4.382
-0.009,4.362
-1.791,4.376
-2.525,4.443
2.888,4.337
1.911,4.584
1.606,4.283
1.434,4.305
1.343,4.591
0.599,3.998
-0.404,2.227
-1.923,4.025
-2.671,2.43
2.628,2.052
1.593,1.22
-1.294,3.7
2.389,3.249
2.362,2.601
1.435,2.584
1.338,3.188
1.012,1.708
1.005,3.7
0.795,2.27
-2.608,1.375
1.229,1.388
-0.521,-0.146
-1.448,-0.296
-2.079,-0.241
-2.321,0.006
2.875,-0.337
2.629,-0.248
2.185,-0.11
1.283,-0.137
1.272,-0.057
0.739,4.239
0.068,4.21
-0.572,4.193
-1.141,4.397
-1.31,4.028
-1.462,4.295
-1.847,4.307
-2.693,4.092
-2.868,4.133
2.037,4.238
1.565,4.166
1.485,4.287
1.324,4.248
1.2,4.349
0.536,0.4
0.299,0.102
-0.106,0.323
-0.537,3.688
-1.255,3.198
-2.805,0.932
-2.845,0.128
3.065,2.658
1.134,1.569
0.485,-0.328
0.09,0.104
-0.1,-0.16
1.35,-0.055
1.105,2.785
1.06,2.781
0.929,1.069
1.013,2.44
1.001,2.046
0.868,2.483
0.828,2.918
0.803,0.131
0.682,1.917
0.666,4.06
0.692,2.508
0.549,2.646
0.477,3.871
0.422,3.585
0.214,2.817
0.063,1.186
0.111,2.866
0.107,3.334
-0.051,0.945
-0.024,1.578
-0.055,1.266
-0.195,0.336
-0.268,1.194
-0.614,1.42
-0.488,1.459
-0.694,2.816
-0.588,0.149
-0.694,2.9
-0.985,2.054
-0.944,3.529
-1.003,1.067
-1.041,3.464
-1.083,3.673
-1.23,3.176
-1.275,0.457
-1.408,1.724
-1.426,1.078
-1.354,3.96
-1.44,0.102
-1.595,0.067
-1.612,1.028
-1.535,0.955
-1.86,0.182
-1.906,2.565
-1.849,1.329
-1.923,2.612
-2.093,4.022
-2.066,1.989
-2.124,1.063
-2.284,2.033
-2.46,3.76
-2.509,1.443
-2.503,1.554
-2.679,3.305
-2.576,1.155
-2.752,2.183
-2.835,1.092
-2.753,1.677
-2.991,3.515
-2.98,1.333
-2.889,2.097
-2.93,1.616
-2.937,3.982
3.134,1.057
3.084,1.91
2.968,2.176
2.886,0.376
2.82,3.232
2.626,0.606
2.604,3.18
2.7,2.286
2.639,0.161
2.471,3.331
2.463,0.13
2.493,1.512
2.328,2.988
2.035,3.081
2.188,2.917
2.141,1.055
2.115,3.726
1.907,0.043
1.697,1.731
1.78,1.736
1.483,4.05
1.557,1.363
1.408,1.508
1.217,2.238
1.13,0.269
1.21,1.491
0.839,-0.117
0.647,-0.28
0.395,-0.337
-1.253,-0.258
-1.158,-0.252
-1.483,-0.328
-1.639,-0.088
-1.744,-0.285
-2.235,0.04
-3.048,-0.245
-3.135,0.04
2.806,-0.092
2.052,-0.474
1.668,-0.108
0.774,4.151
0.581,4.193
0.431,4.173
-1.351,4.187
-2.085,4.254
-2.955,4.148
2.351,4.395
2.046,4.094
1.874,4.116
1.783,4.402
1.039,3.809
0.036,2.038
-1.483,3.836
-2.231,2.241
3.068,1.863
2.033,1.031
-0.854,3.511
2.829,3.06
2.802,2.412
1.875,2.395
1.778,2.999
1.452,1.519
1.445,3.511
1.235,2.081
-2.168,1.186
1.669,1.199
-0.927,-0.15
-1.558,-0.095
-1.8,0.152
-2.887,-0.191
-3.133,-0.102
2.706,0.036
1.804,0.009
1.793,0.089
1.26,4.385
0.589,4.356
-0.051,4.339
-0.62,4.543
-0.789,4.174
-0.941,4.441
-1.326,4.453
-2.172,4.238
-2.347,4.279
2.558,4.384
2.086,4.312
2.006,4.433
1.845,4.394
1.721,4.495
1.057,0.546
0.82,0.248
0.415,0.469
-0.016,3.834
-0.734,3.344
-2.284,1.078
-2.324,0.274
-2.697,2.804
1.655,1.715
1.006,-0.182
0.611,0.25
0.421,-0.014
1.871,0.091
1.626,2.931
1.581,2.927
1.45,1.215
1.534,2.586
1.522,2.192
1.389,2.629
1.349,3.064
1.324,0.277
1.203,2.063
1.187,4.206
1.213,2.654
1.07,2.792
0.998,4.017
0.943,3.731
0.735,2.963
0.584,1.332
0.632,3.012
0.628,3.48
0.47,1.091
0.497,1.724
0.466,1.412
0.326,0.482
0.253,1.34
-0.093,1.566
0.033,1.605
-0.173,2.962
-0.067,0.295
-0.173,3.046
-0.464,2.2
-0.423,3.675
-0.482,1.213
-0.52,3.61
-0.562,3.819
-0.709,3.322
-0.754,0.603
-0.887,1.87
-0.905,1.224
-0.833,4.106
-0.919,0.248
-1.074,0.213
-1.091,1.174
-1.014,1.101
-1.339,0.328
-1.385,2.711
-1.328,1.475
-1.402,2.758
-1.572,4.168
-1.545,2.135
-1.603,1.209
-1.763,2.179
-1.939,3.906
-1.988,1.589
-1.982,1.7
-2.158,3.451
-2.055,1.301
-2.231,2.329
-2.314,1.238
-2.232,1.823
-2.47,3.661
-2.459,1.479
-2.368,2.243
-2.409,1.762
-2.416,4.128
-2.628,1.203
-2.678,2.056
-2.794,2.322
-2.876,0.522
-2.942,3.378
-3.136,0.752
3.125,3.326
-3.062,2.432
-3.123,0.307
2.992,3.477
2.984,0.276
3.014,1.658
2.849,3.134
2.556,3.227
2.709,3.063
2.662,1.201
2.636,3.872
2.428,0.189
2.218,1.877
2.301,1.882
2.004,4.196
2.078,1.509
1.929,1.654
1.738,2.384
1.651,0.415
1.731,1.637
1.36,0.029
1.168,-0.134
0.916,-0.191
-0.732,-0.112
-0.637,-0.106
-0.962,-0.182
-1.118,0.058
-1.223,-0.139
-1.714,0.186
-2.527,-0.099
-2.614,0.186
-2.956,0.054
2.573,-0.328
2.189,0.038
1.295,4.297
1.102,4.339
0.952,4.319
-0.83,4.333
-1.564,4.4
-2.434,4.294
2.872,4.541
2.567,4.24
2.395,4.262
2.304,4.548
1.56,3.955
0.557,2.184
-0.962,3.982
-1.71,2.387
-2.694,2.009
2.554,1.177
-0.333,3.657
-2.933,3.206
-2.96,2.558
2.396,2.541
2.299,3.145
1.973,1.665
1.966,3.657
1.756,2.227
-1.647,1.332
2.19,1.345
-0.631,0.055
-0.873,0.302
-1.96,-0.041
-2.206,0.048
-2.65,0.186
2.731,0.159
2.72,0.239
2.187,4.535
1.516,4.506
0.876,4.489
0.307,4.693
0.138,4.324
-0.014,4.591
-0.399,4.603
-1.245,4.388
-1.42,4.429
-2.798,4.534
3.013,4.462
2.933,4.583
2.772,4.544
2.648,4.645
1.984,0.696
1.747,0.398
1.342,0.619
0.911,3.984
0.193,3.494
-1.357,1.228
-1.397,0.424
-1.77,2.954
2.582,1.865
1.933,-0.032
1.538,0.4
1.348,0.136
2.798,0.241
2.553,3.081
2.508,3.077
2.377,1.365
2.461,2.736
2.449,2.342
2.316,2.779
2.276,3.214
2.251,0.427
2.13,2.213
2.114,4.356
2.14,2.804
1.997,2.942
1.925,4.167
1.87,3.881
1.662,3.113
1.511,1.482
1.559,3.162
1.555,3.63
1.397,1.241
1.424,1.874
1.393,1.562
1.253,0.632
1.18,1.49
0.834,1.716
0.96,1.755
0.754,3.112
0.86,0.445
0.754,3.196
0.463,2.35
0.504,3.825
0.445,1.363
0.407,3.76
0.365,3.969
0.218,3.472
0.173,0.753
0.04,2.02
0.022,1.374
0.094,4.256
0.008,0.398
-0.147,0.363
-0.164,1.324
-0.087,1.251
-0.412,0.478
-0.458,2.861
-0.401,1.625
-0.475,2.908
-0.645,4.318
-0.618,2.285
-0.676,1.359
-0.836,2.329
-1.012,4.056
-1.061,1.739
-1.055,1.85
-1.231,3.601
-1.128,1.451
-1.304,2.479
-1.387,1.388
-1.305,1.973
-1.543,3.811
-1.532,1.629
-1.441,2.393
-1.482,1.912
-1.489,4.278
-1.701,1.353
-1.751,2.206
-1.867,2.472
-1.949,0.672
-2.015,3.528
-2.209,0.902
-2.231,3.476
-2.135,2.582
-2.196,0.457
-2.364,3.627
-2.372,0.426
-2.342,1.808
-2.507,3.284
-2.8,3.377
-2.647,3.213
-2.694,1.351
-2.72,4.022
-2.928,0.339
-3.138,2.027
-3.055,2.032
2.931,4.346
3.005,1.659
2.856,1.804
2.665,2.534
2.578,0.565
2.658,1.787
2.287,0.179
2.095,0.016
1.843,-0.041
0.195,0.038
0.29,0.044
-0.035,-0.032
-0.191,0.208
-0.296,0.011
-0.787,0.336
-1.6,0.051
-1.687,0.336
-2.029,0.204
-2.783,-0.178
3.116,0.188
2.222,4.447
2.029,4.489
1.879,4.469
0.097,4.483
-0.637,4.55
-1.507,4.444
-2.484,4.691
-2.789,4.39
-2.961,4.412
-3.052,4.698
2.487,4.105
1.484,2.334
-0.035,4.132
-0.783,2.537
-1.767,2.159
-2.802,1.327
0.594,3.807
-2.006,3.356
-2.033,2.708
-2.96,2.691
-3.057,3.295
2.9,1.815
2.893,3.807
2.683,2.377
-0.72,1.482
3.117,1.495
-0.242,0.247
-1.329,-0.096
-1.575,-0.007
-2.019,0.131
-2.921,0.104
-2.932,0.184
2.818,4.48
2.147,4.451
1.507,4.434
0.938,4.638
0.769,4.269
0.617,4.536
0.232,4.548
-0.614,4.333
-0.789,4.374
-2.167,4.479
-2.639,4.407
-2.719,4.528
-2.88,4.489
-3.004,4.59
2.615,0.641
2.378,0.343
1.973,0.564
1.542,3.929
0.824,3.439
-0.726,1.173
-0.766,0.369
-1.139,2.899
-3.07,1.81
2.564,-0.087
2.169,0.345
1.979,0.081
-2.854,0.186
-3.099,3.026
3.139,3.022
3.008,1.31
3.092,2.681
3.08,2.287
2.947,2.724
2.907,3.159
2.882,0.372
2.761,2.158
2.745,4.301
2.771,2.749
2.628,2.887
2.556,4.112
2.501,3.826
2.293,3.058
2.142,1.427
2.19,3.107
2.186,3.575
2.028,1.186
2.055,1.819
2.024,1.507
1.884,0.577
1.811,1.435
1.465,1.661
1.591,1.7
1.385,3.057
1.491,0.39
1.385,3.141
1.094,2.295
1.135,3.77
1.076,1.308
1.038,3.705
0.996,3.914
0.849,3.417
0.804,0.698
0.671,1.965
0.653,1.319
0.725,4.201
0.639,0.343
0.484,0.308
0.467,1.269
0.544,1.196
0.219,0.423
0.173,2.806
0.23,1.57
0.156,2.853
-0.014,4.263
0.013,2.23
-0.045,1.304
-0.205,2.274
-0.381,4.001
-0.43,1.684
-0.424,1.795
-0.6,3.546
-0.497,1.396
-0.673,2.424
-0.756,1.333
-0.674,1.918
-0.912,3.756
-0.901,1.574
-0.81,2.338
-0.851,1.857
-0.858,4.223
-1.07,1.298
-1.12,2.151
-1.236,2.417
-1.318,0.617
-1.384,3.473
-1.578,0.847
-1.6,3.421
-1.504,2.527
-1.565,0.402
-1.733,3.572
-1.741,0.371
-1.711,1.753
-1.876,3.229
-2.169,3.322
-2.016,3.158
-2.063,1.296
-2.089,3.967
-2.297,0.284
-2.507,1.972
-2.424,1.977
-2.721,4.291
-2.647,1.604
-2.796,1.749
-2.987,2.479
-3.074,0.51
-2.994,1.732
2.918,0.124
2.726,-0.039
2.474,-0.096
0.826,-0.017
0.921,-0.011
0.596,-0.087
0.44,0.153
0.335,-0.044
-0.156,0.281
-0.969,-0.004
-1.056,0.281
-1.398,0.149
-2.152,-0.233
-2.536,0.133
2.853,4.392
2.66,4.434
2.51,4.414
0.728,4.428
-0.006,4.495
-0.876,4.389
-1.853,4.636
-2.158,4.335
-2.33,4.357
-2.421,4.643
3.118,4.05
2.115,2.279
0.596,4.077
-0.152,2.482
-1.136,2.104
-2.171,1.272
1.225,3.752
-1.375,3.301
-1.402,2.653
-2.329,2.636
-2.426,3.24
-2.752,1.76
-2.759,3.752
-2.969,2.322
-0.089,1.427
-2.535,1.44
-1.087,-0.343
-1.333,-0.254
-1.777,-0.116
-2.679,-0.143
-2.69,-0.063
3.06,4.233
2.389,4.204
1.749,4.187
1.18,4.391
1.011,4.022
0.859,4.289
0.474,4.301
-0.372,4.086
-0.547,4.127
-1.925,4.232
-2.397,4.16
-2.477,4.281
-2.638,4.242
-2.762,4.343
2.857,0.394
2.62,0.096
2.215,0.317
1.784,3.682
1.066,3.192
-0.484,0.926
-0.524,0.122
-0.897,2.652
-2.828,1.563
2.806,-0.334
2.411,0.098
2.221,-0.166
-2.612,-0.061
-2.857,2.779
-2.902,2.775
-3.033,1.063
-2.949,2.434
-2.961,2.04
-3.094,2.477
-3.134,2.912
3.124,0.125
3.003,1.911
2.987,4.054
3.013,2.502
2.87,2.64
2.798,3.865
2.743,3.579
2.535,2.811
2.384,1.18
2.432,2.86
2.428,3.328
2.27,0.939
2.297,1.572
2.266,1.26
2.126,0.33
2.053,1.188
1.707,1.414
1.833,1.453
1.627,2.81
1.733,0.143
1.627,2.894
1.336,2.048
1.377,3.523
1.318,1.061
1.28,3.458
1.238,3.667
1.091,3.17
1.046,0.451
0.913,1.718
0.895,1.072
0.967,3.954
0.881,0.096
0.726,0.061
0.709,1.022
0.786,0.949
0.461,0.176
0.415,2.559
0.472,1.323
0.398,2.606
0.228,4.016
0.255,1.983
0.197,1.057
0.037,2.027
-0.139,3.754
-0.188,1.437
-0.182,1.548
-0.358,3.299
-0.255,1.149
-0.431,2.177
-0.514,1.086
-0.432,1.671
-0.67,3.509
-0.659,1.327
-0.568,2.091
-0.609,1.61
-0.616,3.976
-0.828,1.051
-0.878,1.904
-0.994,2.17
-1.076,0.37
-1.142,3.226
-1.336,0.6
-1.358,3.174
-1.262,2.28
-1.323,0.155
-1.491,3.325
-1.499,0.124
-1.469,1.506
-1.634,2.982
-1.927,3.075
-1.774,2.911
-1.821,1.049
-1.847,3.72
-2.055,0.037
-2.265,1.725
-2.182,1.73
-2.479,4.044
-2.405,1.357
-2.554,1.502
-2.745,2.232
-2.832,0.263
-2.752,1.485
-3.123,-0.123
2.968,-0.286
2.716,-0.343
1.068,-0.264
1.163,-0.258
0.838,-0.334
0.682,-0.094
0.577,-0.291
0.086,0.034
-0.727,-0.251
-0.814,0.034
-1.156,-0.098
-1.91,-0.48
-2.294,-0.114
3.095,4.145
2.902,4.187
2.752,4.167
0.97,4.181
0.236,4.248
-0.634,4.142
-1.611,4.389
-1.916,4.088
-2.088,4.11
-2.179,4.396
-2.923,3.803
2.357,2.032
0.838,3.83
0.09,2.235
-0.894,1.857
-1.929,1.025
1.467,3.505
-1.133,3.054
-1.16,2.406
-2.087,2.389
-2.184,2.993
-2.51,1.513
-2.517,3.505
-2.727,2.075
0.153,1.18
-2.293,1.193
-0.246,0.089
-0.69,0.227
-1.592,0.2
-1.603,0.28
-2.136,4.576
-2.807,4.547
2.836,4.53
2.267,4.734
2.098,4.365
1.946,4.632
1.561,4.644
0.715,4.429
0.54,4.47
-0.838,4.575
-1.31,4.503
-1.39,4.624
-1.551,4.585
-1.675,4.686
-2.339,0.737
-2.576,0.439
-2.981,0.66
2.871,4.025
2.153,3.535
0.603,1.269
0.563,0.465
0.19,2.995
-1.741,1.906
-2.39,0.009
-2.785,0.441
-2.975,0.177
-1.525,0.282
-1.77,3.122
-1.815,3.118
-1.946,1.406
-1.862,2.777
-1.874,2.383
-2.007,2.82
-2.047,3.255
-2.072,0.468
-2.193,2.254
-2.209,4.397
-2.183,2.845
-2.326,2.983
-2.398,4.208
-2.453,3.922
-2.661,3.154
-2.812,1.523
-2.764,3.203
-2.768,3.671
-2.926,1.282
-2.899,1.915
-2.93,1.603
-3.07,0.673
3.14,1.531
2.794,1.757
2.92,1.796
2.714,3.153
2.82,0.486
2.714,3.237
2.423,2.391
2.464,3.866
2.405,1.404
2.367,3.801
2.325,4.01
2.178,3.513
2.133,0.794
2.0,2.061
1.982,1.415
2.054,4.297
1.968,0.439
1.813,0.404
1.796,1.365
1.873,1.292
1.548,0.519
1.502,2.902
1.559,1.666
1.485,2.949
1.315,4.359
1.342,2.326
1.284,1.4
1.124,2.37
0.948,4.097
0.899,1.78
0.905,1.891
0.729,3.642
0.832,1.492
0.656,2.52
0.573,1.429
0.655,2.014
0.417,3.852
0.428,1.67
0.519,2.434
0.478,1.953
0.471,4.319
0.259,1.394
0.209,2.247
0.093,2.513
0.011,0.713
-0.055,3.569
-0.249,0.943
-0.271,3.517
-0.175,2.623
-0.236,0.498
-0.404,3.668
-0.412,0.467
-0.382,1.849
-0.547,3.325
-0.84,3.418
-0.687,3.254
-0.734,1.392
-0.76,4.063
-0.968,0.38
-1.178,2.068
-1.095,2.073
-1.392,4.387
-1.318,1.7
-1.467,1.845
-1.658,2.575
-1.745,0.606
-1.665,1.828
-2.036,0.22
-2.228,0.057
-2.48,0.0
2.155,0.079
2.25,0.085
1.925,0.009
1.769,0.249
1.664,0.052
1.173,0.377
0.36,0.092
0.273,0.377
-0.069,0.245
-0.823,-0.137
-1.207,0.229
-2.101,4.488
-2.294,4.53
-2.444,4.51
2.057,4.524
1.323,4.591
0.453,4.485
-0.524,4.732
-0.829,4.431
-1.001,4.453
-1.092,4.739
-1.836,4.146
-2.839,2.375
1.925,4.173
1.177,2.578
0.193,2.2
-0.842,1.368
2.554,3.848
-0.046,3.397
-0.073,2.749
-1.0,2.732
-1.097,3.336
-1.423,1.856
-1.43,3.848
-1.64,2.418
1.24,1.523
-1.206,1.536
-0.444,0.138
-1.346,0.111
-1.357,0.191
-1.89,4.487
-2.561,4.458
3.082,4.441
2.513,4.645
2.344,4.276
2.192,4.543
1.807,4.555
0.961,4.34
0.786,4.381
-0.592,4.486
-1.064,4.414
-1.144,4.535
-1.305,4.496
-1.429,4.597
-2.093,0.648
-2.33,0.35
-2.735,0.571
3.117,3.936
2.399,3.446
0.849,1.18
0.809,0.376
0.436,2.906
-1.495,1.817
-2.144,-0.08
-2.539,0.352
-2.729,0.088
-1.279,0.193
-1.524,3.033
-1.569,3.029
-1.7,1.317
-1.616,2.688
-1.628,2.294
-1.761,2.731
-1.801,3.166
-1.826,0.379
-1.947,2.165
-1.963,4.308
-1.937,2.756
-2.08,2.894
-2.152,4.119
-2.207,3.833
-2.415,3.065
-2.566,1.434
-2.518,3.114
-2.522,3.582
-2.68,1.193
-2.653,1.826
-2.684,1.514
-2.824,0.584
-2.897,1.442
3.04,1.668
-3.117,1.707
2.96,3.064
3.066,0.397
2.96,3.148
2.669,2.302
2.71,3.777
2.651,1.315
2.613,3.712
2.571,3.921
2.424,3.424
2.379,0.705
2.246,1.972
2.228,1.326
2.3,4.208
2.214,0.35
2.059,0.315
2.042,1.276
2.119,1.203
1.794,0.43
1.748,2.813
1.805,1.577
1.731,2.86
1.561,4.27
1.588,2.237
1.53,1.311
1.37,2.281
1.194,4.008
1.145,1.691
1.151,1.802
0.975,3.553
1.078,1.403
0.902,2.431
0.819,1.34
0.901,1.925
0.663,3.763
0.674,1.581
0.765,2.345
0.724,1.864
0.717,4.23
0.505,1.305
0.455,2.158
0.339,2.424
0.257,0.624
0.191,3.48
-0.003,0.854
-0.025,3.428
0.071,2.534
0.01,0.409
-0.158,3.579
-0.166,0.378
-0.136,1.76
-0.301,3.236
-0.594,3.329
-0.441,3.165
-0.488,1.303
-0.514,3.974
-0.722,0.291
-0.932,1.979
-0.849,1.984
-1.146,4.298
-1.072,1.611
-1.221,1.756
-1.412,2.486
-1.499,0.517
-1.419,1.739
-1.79,0.131
-1.982,-0.032
-2.234,-0.089
2.401,-0.01
2.496,-0.004
2.171,-0.08
2.015,0.16
1.91,-0.037
1.419,0.288
0.606,0.003
0.519,0.288
0.177,0.156
-0.577,-0.226
-0.961,0.14
-1.855,4.399
-2.048,4.441
-2.198,4.421
2.303,4.435
1.569,4.502
0.699,4.396
-0.278,4.643
-0.583,4.342
-0.755,4.364
-0.846,4.65
-1.59,4.057
-2.593,2.286
2.171,4.084
1.423,2.489
0.439,2.111
-0.596,1.279
2.8,3.759
0.2,3.308
0.173,2.66
-0.754,2.643
-0.851,3.247
-1.177,1.767
-1.184,3.759
-1.394,2.329
1.486,1.434
-0.96,1.447
-0.902,-0.027
-0.913,0.053
-1.446,4.349
-2.117,4.32
-2.757,4.303
2.957,4.507
2.788,4.138
2.636,4.405
2.251,4.417
1.405,4.202
1.23,4.243
-0.148,4.348
-0.62,4.276
-0.7,4.397
-0.861,4.358
-0.985,4.459
-1.649,0.51
-1.886,0.212
-2.291,0.433
-2.722,3.798
2.843,3.308
1.293,1.042
1.253,0.238
0.88,2.768
-1.051,1.679
-1.7,-0.218
-2.095,0.214
-2.285,-0.05
-0.835,0.055
-1.08,2.895
-1.125,2.891
-1.256,1.179
-1.172,2.55
-1.184,2.156
-1.317,2.593
-1.357,3.028
-1.382,0.241
-1.503,2.027
-1.519,4.17
-1.493,2.618
-1.636,2.756
-1.708,3.981
-1.763,3.695
-1.971,2.927
-2.122,1.296
-2.074,2.976
-2.078,3.444
-2.236,1.055
-2.209,1.688
-2.24,1.376
-2.38,0.446
-2.453,1.304
-2.799,1.53
-2.673,1.569
-2.879,2.926
-2.773,0.259
-2.879,3.01
3.113,2.164
-3.129,3.639
3.095,1.177
3.057,3.574
3.015,3.783
2.868,3.286
2.823,0.567
2.69,1.834
2.672,1.188
2.744,4.07
2.658,0.212
2.503,0.177
2.486,1.138
2.563,1.065
2.238,0.292
2.192,2.675
2.249,1.439
2.175,2.722
2.005,4.132
2.032,2.099
1.974,1.173
1.814,2.143
1.638,3.87
1.589,1.553
1.595,1.664
1.419,3.415
1.522,1.265
1.346,2.293
1.263,1.202
1.345,1.787
1.107,3.625
1.118,1.443
1.209,2.207
1.168,1.726
1.161,4.092
0.949,1.167
0.899,2.02
0.783,2.286
0.701,0.486
0.635,3.342
0.441,0.716
0.419,3.29
0.515,2.396
0.454,0.271
0.286,3.441
0.278,0.24
0.308,1.622
0.143,3.098
-0.15,3.191
0.003,3.027
-0.044,1.165
-0.07,3.836
-0.278,0.153
-0.488,1.841
-0.405,1.846
-0.702,4.16
-0.628,1.473
-0.777,1.618
-0.968,2.348
-1.055,0.379
-0.975,1.601
-1.346,-0.007
-1.538,-0.17
-1.79,-0.227
2.845,-0.148
2.94,-0.142
2.615,-0.218
2.459,0.022
2.354,-0.175
1.863,0.15
1.05,-0.135
0.963,0.15
0.621,0.018
-0.133,-0.364
-0.517,0.002
-1.411,4.261
-1.604,4.303
-1.754,4.283
2.747,4.297
2.013,4.364
1.143,4.258
0.166,4.505
-0.139,4.204
-0.311,4.226
-0.402,4.512
-1.146,3.919
-2.149,2.148
2.615,3.946
1.867,2.351
0.883,1.973
-0.152,1.141
-3.039,3.621
0.644,3.17
0.617,2.522
-0.31,2.505
-0.407,3.109
-0.733,1.629
-0.74,3.621
-0.95,2.191
1.93,1.296
-0.516,1.309
-0.011,0.08
-0.544,4.376
-1.215,4.347
-1.855,4.33
-2.424,4.534
-2.593,4.165
-2.745,4.432
-3.13,4.444
2.307,4.229
2.132,4.27
0.754,4.375
0.282,4.303
0.202,4.424
0.041,4.385
-0.083,4.486
-0.747,0.537
-0.984,0.239
-1.389,0.46
-1.82,3.825
-2.538,3.335
2.195,1.069
2.155,0.265
1.782,2.795
-0.149,1.706
-0.798,-0.191
-1.193,0.241
-1.383,-0.023
0.067,0.082
-0.178,2.922
-0.223,2.918
-0.354,1.206
-0.27,2.577
-0.282,2.183
-0.415,2.62
-0.455,3.055
-0.48,0.268
-0.601,2.054
-0.617,4.197
-0.591,2.645
-0.734,2.783
-0.806,4.008
-0.861,3.722
-1.069,2.954
-1.22,1.323
-1.172,3.003
-1.176,3.471
-1.334,1.082
-1.307,1.715
-1.338,1.403
-1.478,0.473
-1.551,1.331
-1.897,1.557
-1.771,1.596
-1.977,2.953
-1.871,0.286
-1.977,3.037
-2.268,2.191
-2.227,3.666
-2.286,1.204
-2.324,3.601
-2.366,3.81
-2.513,3.313
-2.558,0.594
-2.691,1.861
-2.709,1.215
-2.637,4.097
-2.723,0.239
-2.878,0.204
-2.895,1.165
-2.818,1.092
3.14,0.319
3.094,2.702
-3.132,1.466
3.077,2.749
2.907,4.159
2.934,2.126
2.876,1.2
2.716,2.17
2.54,3.897
2.491,1.58
2.497,1.691
2.321,3.442
2.424,1.292
2.248,2.32
2.165,1.229
2.247,1.814
2.009,3.652
2.02,1.47
2.111,2.234
2.07,1.753
2.063,4.119
1.851,1.194
1.801,2.047
1.685,2.313
1.603,0.513
1.537,3.369
1.343,0.743
1.321,3.317
1.417,2.423
1.356,0.298
1.188,3.468
1.18,0.267
1.21,1.649
1.045,3.125
0.752,3.218
0.905,3.054
0.858,1.192
0.832,3.863
0.624,0.18
0.414,1.868
0.497,1.873
0.2,4.187
0.274,1.5
0.125,1.645
-0.066,2.375
-0.153,0.406
-0.073,1.628
-0.444,0.02
-0.636,-0.143
-0.888,-0.2
-2.536,-0.121
-2.441,-0.115
-2.766,-0.191
-2.922,0.049
-3.027,-0.148
2.765,0.177
1.952,-0.108
1.865,0.177
1.523,0.045
0.769,-0.337
0.385,0.029
-0.509,4.288
-0.702,4.33
-0.852,4.31
-2.634,4.324
2.915,4.391
2.045,4.285
1.068,4.532
0.763,4.231
0.591,4.253
0.5,4.539
-0.244,3.946
-1.247,2.175
-2.766,3.973
2.769,2.378
1.785,2.0
0.75,1.168
-2.137,3.648
1.546,3.197
1.519,2.549
0.592,2.532
0.495,3.136
0.169,1.656
0.162,3.648
-0.048,2.218
2.832,1.323
0.386,1.336
-0.533,4.296
-1.204,4.267
-1.844,4.25
-2.413,4.454
-2.582,4.085
-2.734,4.352
-3.119,4.364
2.318,4.149
2.143,4.19
0.765,4.295
0.293,4.223
0.213,4.344
0.052,4.305
-0.072,4.406
-0.736,0.457
-0.973,0.159
-1.378,0.38
-1.809,3.745
-2.527,3.255
2.206,0.989
2.166,0.185
1.793,2.715
-0.138,1.626
-0.787,-0.271
-1.182,0.161
-1.372,-0.103
0.078,0.002
-0.167,2.842
-0.212,2.838
-0.343,1.126
-0.259,2.497
-0.271,2.103
-0.404,2.54
-0.444,2.975
-0.469,0.188
-0.59,1.974
-0.606,4.117
-0.58,2.565
-0.723,2.703
-0.795,3.928
-0.85,3.642
-1.058,2.874
-1.209,1.243
-1.161,2.923
-1.165,3.391
-1.323,1.002
-1.296,1.635
-1.327,1.323
-1.467,0.393
-1.54,1.251
-1.886,1.477
-1.76,1.516
-1.966,2.873
-1.86,0.206
-1.966,2.957
-2.257,2.111
-2.216,3.586
-2.275,1.124
-2.313,3.521
-2.355,3.73
-2.502,3.233
-2.547,0.514
-2.68,1.781
-2.698,1.135
-2.626,4.017
-2.712,0.159
-2.867,0.124
-2.884,1.085
-2.807,1.012
-3.132,0.239
3.105,2.622
-3.121,1.386
3.088,2.669
2.918,4.079
2.945,2.046
2.887,1.12
2.727,2.09
2.551,3.817
2.502,1.5
2.508,1.611
2.332,3.362
2.435,1.212
2.259,2.24
2.176,1.149
2.258,1.734
2.02,3.572
2.031,1.39
2.122,2.154
2.081,1.673
2.074,4.039
1.862,1.114
1.812,1.967
1.696,2.233
1.614,0.433
1.548,3.289
1.354,0.663
1.332,3.237
1.428,2.343
1.367,0.218
1.199,3.388
1.191,0.187
1.221,1.569
1.056,3.045
0.763,3.138
0.916,2.974
0.869,1.112
0.843,3.783
0.635,0.1
0.425,1.788
0.508,1.793
0.211,4.107
0.285,1.42
0.136,1.565
-0.055,2.295
-0.142,0.326
-0.062,1.548
-0.433,-0.06
-0.625,-0.223
-0.877,-0.28
-2.525,-0.201
-2.43,-0.195
-2.755,-0.271
-2.911,-0.031
-3.016,-0.228
2.776,0.097
1.963,-0.188
1.876,0.097
1.534,-0.035
0.78,-0.417
0.396,-0.051
-0.498,4.208
-0.691,4.25
-0.841,4.23
-2.623,4.244
2.926,4.311
2.056,4.205
1.079,4.452
0.774,4.151
0.602,4.173
0.511,4.459
-0.233,3.866
-1.236,2.095
-2.755,3.893
2.78,2.298
1.796,1.92
0.761,1.088
-2.126,3.568
1.557,3.117
1.53,2.469
0.603,2.452
0.506,3.056
0.18,1.576
0.173,3.568
-0.037,2.138
2.843,1.243
0.397,1.256
-0.671,-0.029
-1.311,-0.046
-1.88,0.158
-2.049,-0.211
-2.201,0.056
-2.586,0.068
2.851,-0.147
2.676,-0.106
1.298,-0.001
0.826,-0.073
0.746,0.048
0.585,0.009
0.461,0.11
-0.203,-3.839
-0.44,-4.137
-0.845,-3.916
-1.276,-0.551
-1.994,-1.041
2.739,-3.307
2.699,-4.111
2.326,-1.581
0.395,-2.67
-0.254,-4.567
-0.649,-4.135
-0.839,-4.399
0.611,-4.294
0.366,-1.454
0.321,-1.458
0.19,-3.17
0.274,-1.799
0.262,-2.193
0.129,-1.756
0.089,-1.321
0.064,-4.108
-0.057,-2.322
-0.073,-0.179
-0.047,-1.731
-0.19,-1.593
-0.262,-0.368
-0.317,-0.654
-0.525,-1.422
-0.676,-3.053
-0.628,-1.373
-0.632,-0.905
-0.79,-3.294
-0.763,-2.661
-0.794,-2.973
-0.934,-3.903
-1.007,-3.045
-1.353,-2.819
-1.227,-2.78
-1.433,-1.423
-1.327,-4.09
-1.433,-1.339
-1.724,-2.185
-1.683,-0.71
-1.742,-3.172
-1.78,-0.775
-1.822,-0.566
-1.969,-1.063
-2.014,-3.782
-2.147,-2.515
-2.165,-3.161
-2.093,-0.279
-2.179,-4.137
-2.334,-4.172
-2.351,-3.211
-2.274,-3.284
-2.599,-4.057
-2.645,-1.674
-2.588,-2.91
-2.662,-1.627
-2.832,-0.217
-2.805,-2.25
-2.863,-3.176
-3.023,-2.206
3.084,-0.479
3.035,-2.796
3.041,-2.685
2.865,-0.934
2.968,-3.084
2.792,-2.056
2.709,-3.147
2.791,-2.562
2.553,-0.724
2.564,-2.906
2.655,-2.142
2.614,-2.623
2.607,-0.257
2.395,-3.182
2.345,-2.329
2.229,-2.063
2.147,-3.863
2.081,-1.007
1.887,-3.633
1.865,-1.059
1.961,-1.953
1.9,-4.078
1.732,-0.908
1.724,-4.109
1.754,-2.727
1.589,-1.251
1.296,-1.158
1.449,-1.322
1.402,-3.184
1.376,-0.513
1.168,-4.196
0.958,-2.508
1.041,-2.503
0.744,-0.189
0.818,-2.876
0.669,-2.731
0.478,-2.001
0.391,-3.97
0.471,-2.748
0.1,-4.356
-0.092,-4.519
-0.344,-4.576
-1.992,-4.497
-1.897,-4.491
-2.222,-4.567
-2.378,-4.327
-2.483,-4.524
-2.974,-4.199
2.496,-4.484
2.409,-4.199
2.067,-4.331
1.313,-4.713
0.929,-4.347
0.035,-0.088
-0.158,-0.046
-0.308,-0.066
-2.09,-0.052
-2.824,0.015
2.589,-0.091
1.612,0.156
1.307,-0.145
1.135,-0.123
1.044,0.163
0.3,-0.43
-0.703,-2.201
-2.222,-0.403
-2.97,-1.998
2.329,-2.376
1.294,-3.208
-1.593,-0.728
2.09,-1.179
2.063,-1.827
1.136,-1.844
1.039,-1.24
0.713,-2.72
0.706,-0.728
0.496,-2.158
-2.907,-3.053
0.93,-3.04
-0.64,-0.017
-1.209,0.187
-1.378,-0.182
-1.53,0.085
-1.915,0.097
-2.761,-0.118
-2.936,-0.077
1.969,0.028
1.497,-0.044
1.417,0.077
1.256,0.038
1.132,0.139
0.468,-3.81
0.231,-4.108
-0.174,-3.887
-0.605,-0.522
-1.323,-1.012
-2.873,-3.278
-2.913,-4.082
2.997,-1.552
1.066,-2.641
0.417,-4.538
0.022,-4.106
-0.168,-4.37
1.282,-4.265
1.037,-1.425
0.992,-1.429
0.861,-3.141
0.945,-1.77
0.933,-2.164
0.8,-1.727
0.76,-1.292
0.735,-4.079
0.614,-2.293
0.598,-0.15
0.624,-1.702
0.481,-1.564
0.409,-0.339
0.354,-0.625
0.146,-1.393
-0.005,-3.024
0.043,-1.344
0.039,-0.876
-0.119,-3.265
-0.092,-2.632
-0.123,-2.944
-0.263,-3.874
-0.336,-3.016
-0.682,-2.79
-0.556,-2.751
-0.762,-1.394
-0.656,-4.061
-0.762,-1.31
-1.053,-2.156
-1.012,-0.681
-1.071,-3.143
-1.109,-0.746
-1.151,-0.537
-1.298,-1.034
-1.343,-3.753
-1.476,-2.486
-1.494,-3.132
-1.422,-0.25
-1.508,-4.108
-1.663,-4.143
-1.68,-3.182
-1.603,-3.255
-1.928,-4.028
-1.974,-1.645
-1.917,-2.881
-1.991,-1.598
-2.161,-0.188
-2.134,-2.221
-2.192,-3.147
-2.352,-2.177
-2.528,-0.45
-2.577,-2.767
-2.571,-2.656
-2.747,-0.905
-2.644,-3.055
-2.82,-2.027
-2.903,-3.118
-2.821,-2.533
-3.059,-0.695
-3.048,-2.877
-2.957,-2.113
-2.998,-2.594
-3.005,-0.228
3.066,-3.153
3.016,-2.3
2.9,-2.034
2.818,-3.834
2.752,-0.978
2.558,-3.604
2.536,-1.03
2.632,-1.924
2.571,-4.049
2.403,-0.879
2.395,-4.08
2.425,-2.698
2.26,-1.222
1.967,-1.129
2.12,-1.293
2.073,-3.155
2.047,-0.484
1.839,-4.167
1.629,-2.479
1.712,-2.474
1.415,-0.16
1.489,-2.847
1.34,-2.702
1.149,-1.972
1.062,-3.941
1.142,-2.719
0.771,-4.327
0.579,-4.49
0.327,-4.547
-1.321,-4.468
-1.226,-4.462
-1.551,-4.538
-1.707,-4.298
-1.812,-4.495
-2.303,-4.17
-3.116,-4.455
3.08,-4.17
2.738,-4.302
1.984,-4.684
1.6,-4.318
0.706,-0.059
0.513,-0.017
0.363,-0.037
-1.419,-0.023
-2.153,0.044
-3.023,-0.062
2.283,0.185
1.978,-0.116
1.806,-0.094
1.715,0.192
0.971,-0.401
-0.032,-2.172
-1.551,-0.374
-2.299,-1.969
3.0,-2.347
1.965,-3.179
-0.922,-0.699
2.761,-1.15
2.734,-1.798
1.807,-1.815
1.71,-1.211
1.384,-2.691
1.377,-0.699
1.167,-2.129
-2.236,-3.024
1.601,-3.011
-0.569,0.204
-0.738,-0.165
-0.89,0.102
-1.275,0.114
-2.121,-0.101
-2.296,-0.06
2.609,0.045
2.137,-0.027
2.057,0.094
1.896,0.055
1.772,0.156
1.108,-3.793
0.871,-4.091
0.466,-3.87
0.035,-0.505
-0.683,-0.995
-2.233,-3.261
-2.273,-4.065
-2.646,-1.535
1.706,-2.624
1.057,-4.521
0.662,-4.089
0.472,-4.353
1.922,-4.248
1.677,-1.408
1.632,-1.412
1.501,-3.124
1.585,-1.753
1.573,-2.147
1.44,-1.71
1.4,-1.275
1.375,-4.062
1.254,-2.276
1.238,-0.133
1.264,-1.685
1.121,-1.547
1.049,-0.322
0.994,-0.608
0.786,-1.376
0.635,-3.007
0.683,-1.327
0.679,-0.859
0.521,-3.248
0.548,-2.615
0.517,-2.927
0.377,-3.857
0.304,-2.999
-0.042,-2.773
0.084,-2.734
-0.122,-1.377
-0.016,-4.044
-0.122,-1.293
-0.413,-2.139
-0.372,-0.664
-0.431,-3.126
-0.469,-0.729
-0.511,-0.52
-0.658,-1.017
-0.703,-3.736
-0.836,-2.469
-0.854,-3.115
-0.782,-0.233
-0.868,-4.091
-1.023,-4.126
-1.04,-3.165
-0.963,-3.238
-1.288,-4.011
-1.334,-1.628
-1.277,-2.864
-1.351,-1.581
-1.521,-0.171
-1.494,-2.204
-1.552,-3.13
-1.712,-2.16
-1.888,-0.433
-1.937,-2.75
-1.931,-2.639
-2.107,-0.888
-2.004,-3.038
-2.18,-2.01
-2.263,-3.101
-2.181,-2.516
-2.419,-0.678
-2.408,-2.86
-2.317,-2.096
-2.358,-2.577
-2.365,-0.211
-2.577,-3.136
-2.627,-2.283
-2.743,-2.017
-2.825,-3.817
-2.891,-0.961
-3.085,-3.587
-3.107,-1.013
-3.011,-1.907
-3.072,-4.032
3.043,-0.862
3.035,-4.063
3.065,-2.681
2.9,-1.205
2.607,-1.112
2.76,-1.276
2.713,-3.138
2.687,-0.467
2.479,-4.15
2.269,-2.462
2.352,-2.457
2.055,-0.143
2.129,-2.83
1.98,-2.685
1.789,-1.955
1.702,-3.924
1.782,-2.702
1.411,-4.31
1.219,-4.473
0.967,-4.53
-0.681,-4.451
-0.586,-4.445
-0.911,-4.521
-1.067,-4.281
-1.172,-4.478
-1.663,-4.153
-2.476,-4.438
-2.563,-4.153
-2.905,-4.285
2.624,-4.667
2.24,-4.301
1.346,-0.042
1.153,0.0
1.003,-0.02
-0.779,-0.006
-1.513,0.061
-2.383,-0.045
2.923,0.202
2.618,-0.099
2.446,-0.077
2.355,0.209
1.611,-0.384
0.608,-2.155
-0.911,-0.357
-1.659,-1.952
-2.643,-2.33
2.605,-3.162
-0.282,-0.682
-2.882,-1.133
-2.909,-1.781
2.447,-1.798
2.35,-1.194
2.024,-2.674
2.017,-0.682
1.807,-2.112
-1.596,-3.007
2.241,-2.994
-0.169,-0.369
-0.321,-0.102
-0.706,-0.09
-1.552,-0.305
-1.727,-0.264
-3.105,-0.159
2.706,-0.231
2.626,-0.11
2.465,-0.149
2.341,-0.048
1.677,-3.997
1.44,-4.295
1.035,-4.074
0.604,-0.709
-0.114,-1.199
-1.664,-3.465
-1.704,-4.269
-2.077,-1.739
2.275,-2.828
1.626,-4.725
1.231,-4.293
1.041,-4.557
2.491,-4.452
2.246,-1.612
2.201,-1.616
2.07,-3.328
2.154,-1.957
2.142,-2.351
2.009,-1.914
1.969,-1.479
1.944,-4.266
1.823,-2.48
1.807,-0.337
1.833,-1.889
1.69,-1.751
1.618,-0.526
1.563,-0.812
1.355,-1.58
1.204,-3.211
1.252,-1.531
1.248,-1.063
1.09,-3.452
1.117,-2.819
1.086,-3.131
0.946,-4.061
0.873,-3.203
0.527,-2.977
0.653,-2.938
0.447,-1.581
0.553,-4.248
0.447,-1.497
0.156,-2.343
0.197,-0.868
0.138,-3.33
0.1,-0.933
0.058,-0.724
-0.089,-1.221
-0.134,-3.94
-0.267,-2.673
-0.285,-3.319
-0.213,-0.437
-0.299,-4.295
-0.454,-4.33
-0.471,-3.369
-0.394,-3.442
-0.719,-4.215
-0.765,-1.832
-0.708,-3.068
-0.782,-1.785
-0.952,-0.375
-0.925,-2.408
-0.983,-3.334
-1.143,-2.364
-1.319,-0.637
-1.368,-2.954
-1.362,-2.843
-1.538,-1.092
-1.435,-3.242
-1.611,-2.214
-1.694,-3.305
-1.612,-2.72
-1.85,-0.882
-1.839,-3.064
-1.748,-2.3
-1.789,-2.781
-1.796,-0.415
-2.008,-3.34
-2.058,-2.487
-2.174,-2.221
-2.256,-4.021
-2.322,-1.165
-2.516,-3.791
-2.538,-1.217
-2.442,-2.111
-2.503,-4.236
-2.671,-1.066
-2.679,-4.267
-2.649,-2.885
-2.814,-1.409
-3.107,-1.316
-2.954,-1.48
-3.001,-3.342
-3.027,-0.671
3.048,-4.354
2.838,-2.666
2.921,-2.661
2.624,-0.347
2.698,-3.034
2.549,-2.889
2.358,-2.159
2.271,-4.128
2.351,-2.906
1.98,-4.514
1.788,-4.677
1.536,-4.734
-0.112,-4.655
-0.017,-4.649
-0.342,-4.725
-0.498,-4.485
-0.603,-4.682
-1.094,-4.357
-1.907,-4.642
-1.994,-4.357
-2.336,-4.489
-3.09,-4.871
2.809,-4.505
1.915,-0.246
1.722,-0.204
1.572,-0.224
-0.21,-0.21
-0.944,-0.143
-1.814,-0.249
-2.791,-0.002
-3.096,-0.303
3.015,-0.281
2.924,0.005
2.18,-0.588
1.177,-2.359
-0.342,-0.561
-1.09,-2.156
-2.074,-2.534
-3.109,-3.366
0.287,-0.886
-2.313,-1.337
-2.34,-1.985
3.016,-2.002
2.919,-1.398
2.593,-2.878
2.586,-0.886
2.376,-2.316
-1.027,-3.211
2.81,-3.198
-0.152,0.267
-0.537,0.279
-1.383,0.064
-1.558,0.105
-2.936,0.21
2.875,0.138
2.795,0.259
2.634,0.22
2.51,0.321
1.846,-3.628
1.609,-3.926
1.204,-3.705
0.773,-0.34
0.055,-0.83
-1.495,-3.096
-1.535,-3.9
-1.908,-1.37
2.444,-2.459
1.795,-4.356
1.4,-3.924
1.21,-4.188
2.66,-4.083
2.415,-1.243
2.37,-1.247
2.239,-2.959
2.323,-1.588
2.311,-1.982
2.178,-1.545
2.138,-1.11
2.113,-3.897
1.992,-2.111
1.976,0.032
2.002,-1.52
1.859,-1.382
1.787,-0.157
1.732,-0.443
1.524,-1.211
1.373,-2.842
1.421,-1.162
1.417,-0.694
1.259,-3.083
1.286,-2.45
1.255,-2.762
1.115,-3.692
1.042,-2.834
0.696,-2.608
0.822,-2.569
0.616,-1.212
0.722,-3.879
0.616,-1.128
0.325,-1.974
0.366,-0.499
0.307,-2.961
0.269,-0.564
0.227,-0.355
0.08,-0.852
0.035,-3.571
-0.098,-2.304
-0.116,-2.95
-0.044,-0.068
-0.13,-3.926
-0.285,-3.961
-0.302,-3.0
-0.225,-3.073
-0.55,-3.846
-0.596,-1.463
-0.539,-2.699
-0.613,-1.416
-0.783,-0.006
-0.756,-2.039
-0.814,-2.965
-0.974,-1.995
-1.15,-0.268
-1.199,-2.585
-1.193,-2.474
-1.369,-0.723
-1.266,-2.873
-1.442,-1.845
-1.525,-2.936
-1.443,-2.351
-1.681,-0.513
-1.67,-2.695
-1.579,-1.931
-1.62,-2.412
-1.627,-0.046
-1.839,-2.971
-1.889,-2.118
-2.005,-1.852
-2.087,-3.652
-2.153,-0.796
-2.347,-3.422
-2.369,-0.848
-2.273,-1.742
-2.334,-3.867
-2.502,-0.697
-2.51,-3.898
-2.48,-2.516
-2.645,-1.04
-2.938,-0.947
-2.785,-1.111
-2.832,-2.973
-2.858,-0.302
-3.066,-3.985
3.007,-2.297
3.09,-2.292
2.793,0.022
2.867,-2.665
2.718,-2.52
2.527,-1.79
2.44,-3.759
2.52,-2.537
2.149,-4.145
1.957,-4.308
1.705,-4.365
0.057,-4.286
0.152,-4.28
-0.173,-4.356
-0.329,-4.116
-0.434,-4.313
-0.925,-3.988
-1.738,-4.273
-1.825,-3.988
-2.167,-4.12
-2.921,-4.502
2.978,-4.136
2.084,0.123
1.891,0.165
1.741,0.145
-0.041,0.159
-0.775,0.226
-1.645,0.12
-2.622,0.367
-2.927,0.066
-3.099,0.088
3.093,0.374
2.349,-0.219
1.346,-1.99
-0.173,-0.192
-0.921,-1.787
-1.905,-2.165
-2.94,-2.997
0.456,-0.517
-2.144,-0.968
-2.171,-1.616
-3.098,-1.633
3.088,-1.029
2.762,-2.509
2.755,-0.517
2.545,-1.947
-0.858,-2.842
2.979,-2.829
-0.385,0.012
-1.231,-0.203
-1.406,-0.162
-2.784,-0.057
3.027,-0.129
2.947,-0.008
2.786,-0.047
2.662,0.054
1.998,-3.895
1.761,-4.193
1.356,-3.972
0.925,-0.607
0.207,-1.097
-1.343,-3.363
-1.383,-4.167
-1.756,-1.637
2.596,-2.726
1.947,-4.623
1.552,-4.191
1.362,-4.455
2.812,-4.35
2.567,-1.51
2.522,-1.514
2.391,-3.226
2.475,-1.855
2.463,-2.249
2.33,-1.812
2.29,-1.377
2.265,-4.164
2.144,-2.378
2.128,-0.235
2.154,-1.787
2.011,-1.649
1.939,-0.424
1.884,-0.71
1.676,-1.478
1.525,-3.109
1.573,-1.429
1.569,-0.961
1.411,-3.35
1.438,-2.717
1.407,-3.029
1.267,-3.959
1.194,-3.101
0.848,-2.875
0.974,-2.836
0.768,-1.479
0.874,-4.146
0.768,-1.395
0.477,-2.241
0.518,-0.766
0.459,-3.228
0.421,-0.831
0.379,-0.622
0.232,-1.119
0.187,-3.838
0.054,-2.571
0.036,-3.217
0.108,-0.335
0.022,-4.193
-0.133,-4.228
-0.15,-3.267
-0.073,-3.34
-0.398,-4.113
-0.444,-1.73
-0.387,-2.966
-0.461,-1.683
-0.631,-0.273
-0.604,-2.306
-0.662,-3.232
-0.822,-2.262
-0.998,-0.535
-1.047,-2.852
-1.041,-2.741
-1.217,-0.99
-1.114,-3.14
-1.29,-2.112
-1.373,-3.203
-1.291,-2.618
-1.529,-0.78
-1.518,-2.962
-1.427,-2.198
-1.468,-2.679
-1.475,-0.313
-1.687,-3.238
-1.737,-2.385
-1.853,-2.119
-1.935,-3.919
-2.001,-1.063
-2.195,-3.689
-2.217,-1.115
-2.121,-2.009
-2.182,-4.134
-2.35,-0.964
-2.358,-4.165
-2.328,-2.783
-2.493,-1.307
-2.786,-1.214
-2.633,-1.378
-2.68,-3.24
-2.706,-0.569
-2.914,-4.252
-3.124,-2.564
-3.041,-2.559
2.945,-0.245
3.019,-2.932
2.87,-2.787
2.679,-2.057
2.592,-4.026
2.672,-2.804
2.301,-4.412
2.109,-4.575
1.857,-4.632
0.209,-4.553
0.304,-4.547
-0.021,-4.623
-0.177,-4.383
-0.282,-4.58
-0.773,-4.255
-1.586,-4.54
-1.673,-4.255
-2.015,-4.387
-2.769,-4.769
3.13,-4.403
2.236,-0.144
2.043,-0.102
1.893,-0.122
0.111,-0.108
-0.623,-0.041
-1.493,-0.147
-2.47,0.1
-2.775,-0.201
-2.947,-0.179
-3.038,0.107
2.501,-0.486
1.498,-2.257
-0.021,-0.459
-0.769,-2.054
-1.753,-2.432
-2.788,-3.264
0.608,-0.784
-1.992,-1.235
-2.019,-1.883
-2.946,-1.9
-3.043,-1.296
2.914,-2.776
2.907,-0.784
2.697,-2.214
-0.706,-3.109
3.131,-3.096
-0.846,-0.215
-1.021,-0.174
-2.399,-0.069
-2.871,-0.141
-2.951,-0.02
-3.112,-0.059
3.047,0.042
2.383,-3.907
2.146,-4.205
1.741,-3.984
1.31,-0.619
0.592,-1.109
-0.958,-3.375
-0.998,-4.179
-1.371,-1.649
2.981,-2.738
2.332,-4.635
1.937,-4.203
1.747,-4.467
-3.086,-4.362
2.952,-1.522
2.907,-1.526
2.776,-3.238
2.86,-1.867
2.848,-2.261
2.715,-1.824
2.675,-1.389
2.65,-4.176
2.529,-2.39
2.513,-0.247
2.539,-1.799
2.396,-1.661
2.324,-0.436
2.269,-0.722
2.061,-1.49
1.91,-3.121
1.958,-1.441
1.954,-0.973
1.796,-3.362
1.823,-2.729
1.792,-3.041
1.652,-3.971
1.579,-3.113
1.233,-2.887
1.359,-2.848
1.153,-1.491
1.259,-4.158
1.153,-1.407
0.862,-2.253
0.903,-0.778
0.844,-3.24
0.806,-0.843
0.764,-0.634
0.617,-1.131
0.572,-3.85
0.439,-2.583
0.421,-3.229
0.493,-0.347
0.407,-4.205
0.252,-4.24
0.235,-3.279
0.312,-3.352
-0.013,-4.125
-0.059,-1.742
-0.002,-2.978
-0.076,-1.695
-0.246,-0.285
-0.219,-2.318
-0.277,-3.244
-0.437,-2.274
-0.613,-0.547
-0.662,-2.864
-0.656,-2.753
-0.832,-1.002
-0.729,-3.152
-0.905,-2.124
-0.988,-3.215
-0.906,-2.63
-1.144,-0.792
-1.133,-2.974
-1.042,-2.21
-1.083,-2.691
-1.09,-0.325
-1.302,-3.25
-1.352,-2.397
-1.468,-2.131
-1.55,-3.931
-1.616,-1.075
-1.81,-3.701
-1.832,-1.127
-1.736,-2.021
-1.797,-4.146
-1.965,-0.976
-1.973,-4.177
-1.943,-2.795
-2.108,-1.319
-2.401,-1.226
-2.248,-1.39
-2.295,-3.252
-2.321,-0.581
-2.529,-4.264
-2.739,-2.576
-2.656,-2.571
-2.953,-0.257
-2.879,-2.944
-3.028,-2.799
3.064,-2.069
2.977,-4.038
3.057,-2.816
2.686,-4.424
2.494,-4.587
2.242,-4.644
0.594,-4.565
0.689,-4.559
0.364,-4.635
0.208,-4.395
0.103,-4.592
-0.388,-4.267
-1.201,-4.552
-1.288,-4.267
-1.63,-4.399
-2.384,-4.781
-2.768,-4.415
2.621,-0.156
2.428,-0.114
2.278,-0.134
0.496,-0.12
-0.238,-0.053
-1.108,-0.159
-2.085,0.088
-2.39,-0.213
-2.562,-0.191
-2.653,0.095
2.886,-0.498
1.883,-2.269
0.364,-0.471
-0.384,-2.066
-1.368,-2.444
-2.403,-3.276
0.993,-0.796
-1.607,-1.247
-1.634,-1.895
-2.561,-1.912
-2.658,-1.308
-2.984,-2.788
-2.991,-0.796
3.082,-2.226
-0.321,-3.121
-2.767,-3.108
-0.175,0.041
-1.553,0.146
-2.025,0.074
-2.105,0.195
-2.266,0.156
-2.39,0.257
-3.054,-3.692
2.992,-3.99
2.587,-3.769
2.156,-0.404
1.438,-0.894
-0.112,-3.16
-0.152,-3.964
-0.525,-1.434
-2.456,-2.523
-3.105,-4.42
2.783,-3.988
2.593,-4.252
-2.24,-4.147
-2.485,-1.307
-2.53,-1.311
-2.661,-3.023
-2.577,-1.652
-2.589,-2.046
-2.722,-1.609
-2.762,-1.174
-2.787,-3.961
-2.908,-2.175
-2.924,-0.032
-2.898,-1.584
-3.041,-1.446
-3.113,-0.221
3.115,-0.507
2.907,-1.275
2.756,-2.906
2.804,-1.226
2.8,-0.758
2.642,-3.147
2.669,-2.514
2.638,-2.826
2.498,-3.756
2.425,-2.898
2.079,-2.672
2.205,-2.633
1.999,-1.276
2.105,-3.943
1.999,-1.192
1.708,-2.038
1.749,-0.563
1.69,-3.025
1.652,-0.628
1.61,-0.419
1.463,-0.916
1.418,-3.635
1.285,-2.368
1.267,-3.014
1.339,-0.132
1.253,-3.99
1.098,-4.025
1.081,-3.064
1.158,-3.137
0.833,-3.91
0.787,-1.527
0.844,-2.763
0.77,-1.48
0.6,-0.07
0.627,-2.103
0.569,-3.029
0.409,-2.059
0.233,-0.332
0.184,-2.649
0.19,-2.538
0.014,-0.787
0.117,-2.937
-0.059,-1.909
-0.142,-3.0
-0.06,-2.415
-0.298,-0.577
-0.287,-2.759
-0.196,-1.995
-0.237,-2.476
-0.244,-0.11
-0.456,-3.035
-0.506,-2.182
-0.622,-1.916
-0.704,-3.716
-0.77,-0.86
-0.964,-3.486
-0.986,-0.912
-0.89,-1.806
-0.951,-3.931
-1.119,-0.761
-1.127,-3.962
-1.097,-2.58
-1.262,-1.104
-1.555,-1.011
-1.402,-1.175
-1.449,-3.037
-1.475,-0.366
-1.683,-4.049
-1.893,-2.361
-1.81,-2.356
-2.107,-0.042
-2.033,-2.729
-2.182,-2.584
-2.373,-1.854
-2.46,-3.823
-2.38,-2.601
-2.751,-4.209
-2.943,-4.372
3.088,-4.429
1.44,-4.35
1.535,-4.344
1.21,-4.42
1.054,-4.18
0.949,-4.377
0.458,-4.052
-0.355,-4.337
-0.442,-4.052
-0.784,-4.184
-1.538,-4.566
-1.922,-4.2
-2.816,0.059
-3.009,0.101
3.124,0.081
1.342,0.095
0.608,0.162
-0.262,0.056
-1.239,0.303
-1.544,0.002
-1.716,0.024
-1.807,0.31
-2.551,-0.283
2.729,-2.054
1.21,-0.256
0.462,-1.851
-0.522,-2.229
-1.557,-3.061
1.839,-0.581
-0.761,-1.032
-0.788,-1.68
-1.715,-1.697
-1.812,-1.093
-2.138,-2.573
-2.145,-0.581
-2.355,-2.011
0.525,-2.906
-1.921,-2.893
-1.378,0.105
-1.85,0.033
-1.93,0.154
-2.091,0.115
-2.215,0.216
-2.879,-3.733
-3.116,-4.031
2.762,-3.81
2.331,-0.445
1.613,-0.935
0.063,-3.201
0.023,-4.005
-0.35,-1.475
-2.281,-2.564
-2.93,-4.461
2.958,-4.029
2.768,-4.293
-2.065,-4.188
-2.31,-1.348
-2.355,-1.352
-2.486,-3.064
-2.402,-1.693
-2.414,-2.087
-2.547,-1.65
-2.587,-1.215
-2.612,-4.002
-2.733,-2.216
-2.749,-0.073
-2.723,-1.625
-2.866,-1.487
-2.938,-0.262
-2.993,-0.548
3.082,-1.316
2.931,-2.947
2.979,-1.267
2.975,-0.799
2.817,-3.188
2.844,-2.555
2.813,-2.867
2.673,-3.797
2.6,-2.939
2.254,-2.713
2.38,-2.674
2.174,-1.317
2.28,-3.984
2.174,-1.233
1.883,-2.079
1.924,-0.604
1.865,-3.066
1.827,-0.669
1.785,-0.46
1.638,-0.957
1.593,-3.676
1.46,-2.409
1.442,-3.055
1.514,-0.173
1.428,-4.031
1.273,-4.066
1.256,-3.105
1.333,-3.178
1.008,-3.951
0.962,-1.568
1.019,-2.804
0.945,-1.521
0.775,-0.111
0.802,-2.144
0.744,-3.07
0.584,-2.1
0.408,-0.373
0.359,-2.69
0.365,-2.579
0.189,-0.828
0.292,-2.978
0.116,-1.95
0.033,-3.041
0.115,-2.456
-0.123,-0.618
-0.112,-2.8
-0.021,-2.036
-0.062,-2.517
-0.069,-0.151
-0.281,-3.076
-0.331,-2.223
-0.447,-1.957
-0.529,-3.757
-0.595,-0.901
-0.789,-3.527
-0.811,-0.953
-0.715,-1.847
-0.776,-3.972
-0.944,-0.802
-0.952,-4.003
-0.922,-2.621
-1.087,-1.145
-1.38,-1.052
-1.227,-1.216
-1.274,-3.078
-1.3,-0.407
-1.508,-4.09
-1.718,-2.402
-1.635,-2.397
-1.932,-0.083
-1.858,-2.77
-2.007,-2.625
-2.198,-1.895
-2.285,-3.864
-2.205,-2.642
-2.576,-4.25
-2.768,-4.413
-3.02,-4.47
1.615,-4.391
1.71,-4.385
1.385,-4.461
1.229,-4.221
1.124,-4.418
0.633,-4.093
-0.18,-4.378
-0.267,-4.093
-0.609,-4.225
-1.363,-4.607
-1.747,-4.241
-2.641,0.018
-2.834,0.06
-2.984,0.04
1.517,0.054
0.783,0.121
-0.087,0.015
-1.064,0.262
-1.369,-0.039
-1.541,-0.017
-1.632,0.269
-2.376,-0.324
2.904,-2.095
1.385,-0.297
0.637,-1.892
-0.347,-2.27
-1.382,-3.102
2.014,-0.622
-0.586,-1.073
-0.613,-1.721
-1.54,-1.738
-1.637,-1.134
-1.963,-2.614
-1.97,-0.622
-2.18,-2.052
0.7,-2.947
-1.746,-2.934
-0.472,-0.072
-0.552,0.049
-0.713,0.01
-0.837,0.111
-1.501,-3.838
-1.738,-4.136
-2.143,-3.915
-2.574,-0.55
2.991,-1.04
1.441,-3.306
1.401,-4.11
1.028,-1.58
-0.903,-2.669
-1.552,-4.566
-1.947,-4.134
-2.137,-4.398
-0.687,-4.293
-0.932,-1.453
-0.977,-1.457
-1.108,-3.169
-1.024,-1.798
-1.036,-2.192
-1.169,-1.755
-1.209,-1.32
-1.234,-4.107
-1.355,-2.321
-1.371,-0.178
-1.345,-1.73
-1.488,-1.592
-1.56,-0.367
-1.615,-0.653
-1.823,-1.421
-1.974,-3.052
-1.926,-1.372
-1.93,-0.904
-2.088,-3.293
-2.061,-2.66
-2.092,-2.972
-2.232,-3.902
-2.305,-3.044
-2.651,-2.818
-2.525,-2.779
-2.731,-1.422
-2.625,-4.089
-2.731,-1.338
-3.022,-2.184
-2.981,-0.709
-3.04,-3.171
-3.078,-0.774
-3.12,-0.565
3.016,-1.062
2.971,-3.781
2.838,-2.514
2.82,-3.16
2.892,-0.278
2.806,-4.136
2.651,-4.171
2.634,-3.21
2.711,-3.283
2.386,-4.056
2.34,-1.673
2.397,-2.909
2.323,-1.626
2.153,-0.216
2.18,-2.249
2.122,-3.175
1.962,-2.205
1.786,-0.478
1.737,-2.795
1.743,-2.684
1.567,-0.933
1.67,-3.083
1.494,-2.055
1.411,-3.146
1.493,-2.561
1.255,-0.723
1.266,-2.905
1.357,-2.141
1.316,-2.622
1.309,-0.256
1.097,-3.181
1.047,-2.328
0.931,-2.062
0.849,-3.862
0.783,-1.006
0.589,-3.632
0.567,-1.058
0.663,-1.952
0.602,-4.077
0.434,-0.907
0.426,-4.108
0.456,-2.726
0.291,-1.25
-0.002,-1.157
0.151,-1.321
0.104,-3.183
0.078,-0.512
-0.13,-4.195
-0.34,-2.507
-0.257,-2.502
-0.554,-0.188
-0.48,-2.875
-0.629,-2.73
-0.82,-2.0
-0.907,-3.969
-0.827,-2.747
-1.198,-4.355
-1.39,-4.518
-1.642,-4.575
2.993,-4.496
3.088,-4.49
2.763,-4.566
2.607,-4.326
2.502,-4.523
2.011,-4.198
1.198,-4.483
1.111,-4.198
0.769,-4.33
0.015,-4.712
-0.369,-4.346
-1.263,-0.087
-1.456,-0.045
-1.606,-0.065
2.895,-0.051
2.161,0.016
1.291,-0.09
0.314,0.157
0.009,-0.144
-0.163,-0.122
-0.254,0.164
-0.998,-0.429
-2.001,-2.2
2.763,-0.402
2.015,-1.997
1.031,-2.375
-0.004,-3.207
-2.891,-0.727
0.792,-1.178
0.765,-1.826
-0.162,-1.843
-0.259,-1.239
-0.585,-2.719
-0.592,-0.727
-0.802,-2.157
2.078,-3.052
-0.368,-3.039
-0.08,0.121
-0.241,0.082
-0.365,0.183
-1.029,-3.766
-1.266,-4.064
-1.671,-3.843
-2.102,-0.478
-2.82,-0.968
1.913,-3.234
1.873,-4.038
1.5,-1.508
-0.431,-2.597
-1.08,-4.494
-1.475,-4.062
-1.665,-4.326
-0.215,-4.221
-0.46,-1.381
-0.505,-1.385
-0.636,-3.097
-0.552,-1.726
-0.564,-2.12
-0.697,-1.683
-0.737,-1.248
-0.762,-4.035
-0.883,-2.249
-0.899,-0.106
-0.873,-1.658
-1.016,-1.52
-1.088,-0.295
-1.143,-0.581
-1.351,-1.349
-1.502,-2.98
-1.454,-1.3
-1.458,-0.832
-1.616,-3.221
-1.589,-2.588
-1.62,-2.9
-1.76,-3.83
-1.833,-2.972
-2.179,-2.746
-2.053,-2.707
-2.259,-1.35
-2.153,-4.017
-2.259,-1.266
-2.55,-2.112
-2.509,-0.637
-2.568,-3.099
-2.606,-0.702
-2.648,-0.493
-2.795,-0.99
-2.84,-3.709
-2.973,-2.442
-2.991,-3.088
-2.919,-0.206
-3.005,-4.064
3.123,-4.099
3.106,-3.138
-3.1,-3.211
2.858,-3.984
2.812,-1.601
2.869,-2.837
2.795,-1.554
2.625,-0.144
2.652,-2.177
2.594,-3.103
2.434,-2.133
2.258,-0.406
2.209,-2.723
2.215,-2.612
2.039,-0.861
2.142,-3.011
1.966,-1.983
1.883,-3.074
1.965,-2.489
1.727,-0.651
1.738,-2.833
1.829,-2.069
1.788,-2.55
1.781,-0.184
1.569,-3.109
1.519,-2.256
1.403,-1.99
1.321,-3.79
1.255,-0.934
1.061,-3.56
1.039,-0.986
1.135,-1.88
1.074,-4.005
0.906,-0.835
0.898,-4.036
0.928,-2.654
0.763,-1.178
0.47,-1.085
0.623,-1.249
0.576,-3.111
0.55,-0.44
0.342,-4.123
0.132,-2.435
0.215,-2.43
-0.082,-0.116
-0.008,-2.803
-0.157,-2.658
-0.348,-1.928
-0.435,-3.897
-0.355,-2.675
-0.726,-4.283
-0.918,-4.446
-1.17,-4.503
-2.818,-4.424
-2.723,-4.418
-3.048,-4.494
3.079,-4.254
2.974,-4.451
2.483,-4.126
1.67,-4.411
1.583,-4.126
1.241,-4.258
0.487,-4.64
0.103,-4.274
-0.791,-0.015
-0.984,0.027
-1.134,0.007
-2.916,0.021
2.633,0.088
1.763,-0.018
0.786,0.229
0.481,-0.072
0.309,-0.05
0.218,0.236
-0.526,-0.357
-1.529,-2.128
-3.048,-0.33
2.487,-1.925
1.503,-2.303
0.468,-3.135
-2.419,-0.655
1.264,-1.106
1.237,-1.754
0.31,-1.771
0.213,-1.167
-0.113,-2.647
-0.12,-0.655
-0.33,-2.085
2.55,-2.98
0.104,-2.967
-0.161,-0.039
-0.285,0.062
-0.949,-3.887
-1.186,-4.185
-1.591,-3.964
-2.022,-0.599
-2.74,-1.089
1.993,-3.355
1.953,-4.159
1.58,-1.629
-0.351,-2.718
-1.0,-4.615
-1.395,-4.183
-1.585,-4.447
-0.135,-4.342
-0.38,-1.502
-0.425,-1.506
-0.556,-3.218
-0.472,-1.847
-0.484,-2.241
-0.617,-1.804
-0.657,-1.369
-0.682,-4.156
-0.803,-2.37
-0.819,-0.227
-0.793,-1.779
-0.936,-1.641
-1.008,-0.416
-1.063,-0.702
-1.271,-1.47
-1.422,-3.101
-1.374,-1.421
-1.378,-0.953
-1.536,-3.342
-1.509,-2.709
-1.54,-3.021
-1.68,-3.951
-1.753,-3.093
-2.099,-2.867
-1.973,-2.828
-2.179,-1.471
-2.073,-4.138
-2.179,-1.387
-2.47,-2.233
-2.429,-0.758
-2.488,-3.22
-2.526,-0.823
-2.568,-0.614
-2.715,-1.111
-2.76,-3.83
-2.893,-2.563
-2.911,-3.209
-2.839,-0.327
-2.925,-4.185
-3.08,-4.22
-3.097,-3.259
-3.02,-3.332
2.938,-4.105
2.892,-1.722
2.949,-2.958
2.875,-1.675
2.705,-0.265
2.732,-2.298
2.674,-3.224
2.514,-2.254
2.338,-0.527
2.289,-2.844
2.295,-2.733
2.119,-0.982
2.222,-3.132
2.046,-2.104
1.963,-3.195
2.045,-2.61
1.807,-0.772
1.818,-2.954
1.909,-2.19
1.868,-2.671
1.861,-0.305
1.649,-3.23
1.599,-2.377
1.483,-2.111
1.401,-3.911
1.335,-1.055
1.141,-3.681
1.119,-1.107
1.215,-2.001
1.154,-4.126
0.986,-0.956
0.978,-4.157
1.008,-2.775
0.843,-1.299
0.55,-1.206
0.703,-1.37
0.656,-3.232
0.63,-0.561
0.422,-4.244
0.212,-2.556
0.295,-2.551
-0.002,-0.237
0.072,-2.924
-0.077,-2.779
-0.268,-2.049
-0.355,-4.018
-0.275,-2.796
-0.646,-4.404
-0.838,-4.567
-1.09,-4.624
-2.738,-4.545
-2.643,-4.539
-2.968,-4.615
-3.124,-4.375
3.054,-4.572
2.563,-4.247
1.75,-4.532
1.663,-4.247
1.321,-4.379
0.567,-4.761
0.183,-4.395
-0.711,-0.136
-0.904,-0.094
-1.054,-0.114
-2.836,-0.1
2.713,-0.033
1.843,-0.139
0.866,0.108
0.561,-0.193
0.389,-0.171
0.298,0.115
-0.446,-0.478
-1.449,-2.249
-2.968,-0.451
2.567,-2.046
1.583,-2.424
0.548,-3.256
-2.339,-0.776
1.344,-1.227
1.317,-1.875
0.39,-1.892
0.293,-1.288
-0.033,-2.768
-0.04,-0.776
-0.25,-2.206
2.63,-3.101
0.184,-3.088
-0.124,0.101
-0.788,-3.848
-1.025,-4.146
-1.43,-3.925
-1.861,-0.56
-2.579,-1.05
2.154,-3.316
2.114,-4.12
1.741,-1.59
-0.19,-2.679
-0.839,-4.576
-1.234,-4.144
-1.424,-4.408
0.026,-4.303
-0.219,-1.463
-0.264,-1.467
-0.395,-3.179
-0.311,-1.808
-0.323,-2.202
-0.456,-1.765
-0.496,-1.33
-0.521,-4.117
-0.642,-2.331
-0.658,-0.188
-0.632,-1.74
-0.775,-1.602
-0.847,-0.377
-0.902,-0.663
-1.11,-1.431
-1.261,-3.062
-1.213,-1.382
-1.217,-0.914
-1.375,-3.303
-1.348,-2.67
-1.379,-2.982
-1.519,-3.912
-1.592,-3.054
-1.938,-2.828
-1.812,-2.789
-2.018,-1.432
-1.912,-4.099
-2.018,-1.348
-2.309,-2.194
-2.268,-0.719
-2.327,-3.181
-2.365,-0.784
-2.407,-0.575
-2.554,-1.072
-2.599,-3.791
-2.732,-2.524
-2.75,-3.17
-2.678,-0.288
-2.764,-4.146
-2.919,-4.181
-2.936,-3.22
-2.859,-3.293
3.099,-4.066
3.053,-1.683
3.11,-2.919
3.036,-1.636
2.866,-0.226
2.893,-2.259
2.835,-3.185
2.675,-2.215
2.499,-0.488
2.45,-2.805
2.456,-2.694
2.28,-0.943
2.383,-3.093
2.207,-2.065
2.124,-3.156
2.206,-2.571
1.968,-0.733
1.979,-2.915
2.07,-2.151
2.029,-2.632
2.022,-0.266
1.81,-3.191
1.76,-2.338
1.644,-2.072
1.562,-3.872
1.496,-1.016
1.302,-3.642
1.28,-1.068
1.376,-1.962
1.315,-4.087
1.147,-0.917
1.139,-4.118
1.169,-2.736
1.004,-1.26
0.711,-1.167
0.864,-1.331
0.817,-3.193
0.791,-0.522
0.583,-4.205
0.373,-2.517
0.456,-2.512
0.159,-0.198
0.233,-2.885
0.084,-2.74
-0.107,-2.01
-0.194,-3.979
-0.114,-2.757
-0.485,-4.365
-0.677,-4.528
-0.929,-4.585
-2.577,-4.506
-2.482,-4.5
-2.807,-4.576
-2.963,-4.336
-3.068,-4.533
2.724,-4.208
1.911,-4.493
1.824,-4.208
1.482,-4.34
0.728,-4.722
0.344,-4.356
-0.55,-0.097
-0.743,-0.055
-0.893,-0.075
-2.675,-0.061
2.874,0.006
2.004,-0.1
1.027,0.147
0.722,-0.154
0.55,-0.132
0.459,0.154
-0.285,-0.439
-1.288,-2.21
-2.807,-0.412
2.728,-2.007
1.744,-2.385
0.709,-3.217
-2.178,-0.737
1.505,-1.188
1.478,-1.836
0.551,-1.853
0.454,-1.249
0.128,-2.729
0.121,-0.737
-0.089,-2.167
2.791,-3.062
0.345,-3.049
-0.664,-3.949
-0.901,-4.247
-1.306,-4.026
-1.737,-0.661
-2.455,-1.151
2.278,-3.417
2.238,-4.221
1.865,-1.691
-0.066,-2.78
-0.715,-4.677
-1.11,-4.245
-1.3,-4.509
0.15,-4.404
-0.095,-1.564
-0.14,-1.568
-0.271,-3.28
-0.187,-1.909
-0.199,-2.303
-0.332,-1.866
-0.372,-1.431
-0.397,-4.218
-0.518,-2.432
-0.534,-0.289
-0.508,-1.841
-0.651,-1.703
-0.723,-0.478
-0.778,-0.764
-0.986,-1.532
-1.137,-3.163
-1.089,-1.483
-1.093,-1.015
-1.251,-3.404
-1.224,-2.771
-1.255,-3.083
-1.395,-4.013
-1.468,-3.155
-1.814,-2.929
-1.688,-2.89
-1.894,-1.533
-1.788,-4.2
-1.894,-1.449
-2.185,-2.295
-2.144,-0.82
-2.203,-3.282
-2.241,-0.885
-2.283,-0.676
-2.43,-1.173
-2.475,-3.892
-2.608,-2.625
-2.626,-3.271
-2.554,-0.389
-2.64,-4.247
-2.795,-4.282
-2.812,-3.321
-2.735,-3.394
-3.06,-4.167
-3.106,-1.784
-3.049,-3.02
-3.123,-1.737
2.99,-0.327
3.017,-2.36
2.959,-3.286
2.799,-2.316
2.623,-0.589
2.574,-2.906
2.58,-2.795
2.404,-1.044
2.507,-3.194
2.331,-2.166
2.248,-3.257
2.33,-2.672
2.092,-0.834
2.103,-3.016
2.194,-2.252
2.153,-2.733
2.146,-0.367
1.934,-3.292
1.884,-2.439
1.768,-2.173
1.686,-3.973
1.62,-1.117
1.426,-3.743
1.404,-1.169
1.5,-2.063
1.439,-4.188
1.271,-1.018
1.263,-4.219
1.293,-2.837
1.128,-1.361
0.835,-1.268
0.988,-1.432
0.941,-3.294
0.915,-0.623
0.707,-4.306
0.497,-2.618
0.58,-2.613
0.283,-0.299
0.357,-2.986
0.208,-2.841
0.017,-2.111
-0.07,-4.08
0.01,-2.858
-0.361,-4.466
-0.553,-4.629
-0.805,-4.686
-2.453,-4.607
-2.358,-4.601
-2.683,-4.677
-2.839,-4.437
-2.944,-4.634
2.848,-4.309
2.035,-4.594
1.948,-4.309
1.606,-4.441
0.852,-4.823
0.468,-4.457
-0.426,-0.198
-0.619,-0.156
-0.769,-0.176
-2.551,-0.162
2.998,-0.095
2.128,-0.201
1.151,0.046
0.846,-0.255
0.674,-0.233
0.583,0.053
-0.161,-0.54
-1.164,-2.311
-2.683,-0.513
2.852,-2.108
1.868,-2.486
0.833,-3.318
-2.054,-0.838
1.629,-1.289
1.602,-1.937
0.675,-1.954
0.578,-1.35
0.252,-2.83
0.245,-0.838
0.035,-2.268
2.915,-3.163
0.469,-3.15
-0.237,-0.298
-0.642,-0.077
-1.073,3.288
-1.791,2.798
2.942,0.532
2.902,-0.272
2.529,2.258
0.598,1.169
-0.051,-0.728
-0.446,-0.296
-0.636,-0.56
0.814,-0.455
0.569,2.385
0.524,2.381
0.393,0.669
0.477,2.04
0.465,1.646
0.332,2.083
0.292,2.518
0.267,-0.269
0.146,1.517
0.13,3.66
0.156,2.108
0.013,2.246
-0.059,3.471
-0.114,3.185
-0.322,2.417
-0.473,0.786
-0.425,2.466
-0.429,2.934
-0.587,0.545
-0.56,1.178
-0.591,0.866
-0.731,-0.064
-0.804,0.794
-1.15,1.02
-1.024,1.059
-1.23,2.416
-1.124,-0.251
-1.23,2.5
-1.521,1.654
-1.48,3.129
-1.539,0.667
-1.577,3.064
-1.619,3.273
-1.766,2.776
-1.811,0.057
-1.944,1.324
-1.962,0.678
-1.89,3.56
-1.976,-0.298
-2.131,-0.333
-2.148,0.628
-2.071,0.555
-2.396,-0.218
-2.442,2.165
-2.385,0.929
-2.459,2.212
-2.629,3.622
-2.602,1.589
-2.66,0.663
-2.82,1.633
-2.996,3.36
-3.045,1.043
-3.039,1.154
3.068,2.905
-3.112,0.755
2.995,1.783
2.912,0.692
2.994,1.277
2.756,3.115
2.767,0.933
2.858,1.697
2.817,1.216
2.81,3.582
2.598,0.657
2.548,1.51
2.432,1.776
2.35,-0.024
2.284,2.832
2.09,0.206
2.068,2.78
2.164,1.886
2.103,-0.239
1.935,2.931
1.927,-0.27
1.957,1.112
1.792,2.588
1.499,2.681
1.652,2.517
1.605,0.655
1.579,3.326
1.371,-0.357
1.161,1.331
1.244,1.336
0.947,3.65
1.021,0.963
0.872,1.108
0.681,1.838
0.594,-0.131
0.674,1.091
0.303,-0.517
0.111,-0.68
-0.141,-0.737
-1.789,-0.658
-1.694,-0.652
-2.019,-0.728
-2.175,-0.488
-2.28,-0.685
-2.771,-0.36
2.699,-0.645
2.612,-0.36
2.27,-0.492
1.516,-0.874
1.132,-0.508
0.238,3.751
0.045,3.793
-0.105,3.773
-1.887,3.787
-2.621,3.854
2.792,3.748
1.815,3.995
1.51,3.694
1.338,3.716
1.247,4.002
0.503,3.409
-0.5,1.638
-2.019,3.436
-2.767,1.841
2.532,1.463
1.497,0.631
-1.39,3.111
2.293,2.66
2.266,2.012
1.339,1.995
1.242,2.599
0.916,1.119
0.909,3.111
0.699,1.681
-2.704,0.786
1.133,0.799
-0.405,0.221
-0.836,3.586
-1.554,3.096
-3.104,0.83
3.139,0.026
2.766,2.556
0.835,1.467
0.186,-0.43
-0.209,0.002
-0.399,-0.262
1.051,-0.157
0.806,2.683
0.761,2.679
0.63,0.967
0.714,2.338
0.702,1.944
0.569,2.381
0.529,2.816
0.504,0.029
0.383,1.815
0.367,3.958
0.393,2.406
0.25,2.544
0.178,3.769
0.123,3.483
-0.085,2.715
-0.236,1.084
-0.188,2.764
-0.192,3.232
-0.35,0.843
-0.323,1.476
-0.354,1.164
-0.494,0.234
-0.567,1.092
-0.913,1.318
-0.787,1.357
-0.993,2.714
-0.887,0.047
-0.993,2.798
-1.284,1.952
-1.243,3.427
-1.302,0.965
-1.34,3.362
-1.382,3.571
-1.529,3.074
-1.574,0.355
-1.707,1.622
-1.725,0.976
-1.653,3.858
-1.739,0.0
-1.894,-0.035
-1.911,0.926
-1.834,0.853
-2.159,0.08
-2.205,2.463
-2.148,1.227
-2.222,2.51
-2.392,3.92
-2.365,1.887
-2.423,0.961
-2.583,1.931
-2.759,3.658
-2.808,1.341
-2.802,1.452
-2.978,3.203
-2.875,1.053
-3.051,2.081
-3.134,0.99
-3.052,1.575
2.993,3.413
3.004,1.231
3.095,1.995
3.054,1.514
3.047,3.88
2.835,0.955
2.785,1.808
2.669,2.074
2.587,0.274
2.521,3.13
2.327,0.504
2.305,3.078
2.401,2.184
2.34,0.059
2.172,3.229
2.164,0.028
2.194,1.41
2.029,2.886
1.736,2.979
1.889,2.815
1.842,0.953
1.816,3.624
1.608,-0.059
1.398,1.629
1.481,1.634
1.184,3.948
1.258,1.261
1.109,1.406
0.918,2.136
0.831,0.167
0.911,1.389
0.54,-0.219
0.348,-0.382
0.096,-0.439
-1.552,-0.36
-1.457,-0.354
-1.782,-0.43
-1.938,-0.19
-2.043,-0.387
-2.534,-0.062
2.936,-0.347
2.849,-0.062
2.507,-0.194
1.753,-0.576
1.369,-0.21
0.475,4.049
0.282,4.091
0.132,4.071
-1.65,4.085
-2.384,4.152
3.029,4.046
2.052,4.293
1.747,3.992
1.575,4.014
1.484,4.3
0.74,3.707
-0.263,1.936
-1.782,3.734
-2.53,2.139
2.769,1.761
1.734,0.929
-1.153,3.409
2.53,2.958
2.503,2.31
1.576,2.293
1.479,2.897
1.153,1.417
1.146,3.409
0.936,1.979
-2.467,1.084
1.37,1.097
-0.431,3.365
-1.149,2.875
-2.699,0.609
-2.739,-0.195
-3.112,2.335
1.24,1.246
0.591,-0.651
0.196,-0.219
0.006,-0.483
1.456,-0.378
1.211,2.462
1.166,2.458
1.035,0.746
1.119,2.117
1.107,1.723
0.974,2.16
0.934,2.595
0.909,-0.192
0.788,1.594
0.772,3.737
0.798,2.185
0.655,2.323
0.583,3.548
0.528,3.262
0.32,2.494
0.169,0.863
0.217,2.543
0.213,3.011
0.055,0.622
0.082,1.255
0.051,0.943
-0.089,0.013
-0.162,0.871
-0.508,1.097
-0.382,1.136
-0.588,2.493
-0.482,-0.174
-0.588,2.577
-0.879,1.731
-0.838,3.206
-0.897,0.744
-0.935,3.141
-0.977,3.35
-1.124,2.853
-1.169,0.134
-1.302,1.401
-1.32,0.755
-1.248,3.637
-1.334,-0.221
-1.489,-0.256
-1.506,0.705
-1.429,0.632
-1.754,-0.141
-1.8,2.242
-1.743,1.006
-1.817,2.289
-1.987,3.699
-1.96,1.666
-2.018,0.74
-2.178,1.71
-2.354,3.437
-2.403,1.12
-2.397,1.231
-2.573,2.982
-2.47,0.832
-2.646,1.86
-2.729,0.769
-2.647,1.354
-2.885,3.192
-2.874,1.01
-2.783,1.774
-2.824,1.293
-2.831,3.659
-3.043,0.734
-3.093,1.587
3.074,1.853
2.992,0.053
2.926,2.909
2.732,0.283
2.71,2.857
2.806,1.963
2.745,-0.162
2.577,3.008
2.569,-0.193
2.599,1.189
2.434,2.665
2.141,2.758
2.294,2.594
2.247,0.732
2.221,3.403
2.013,-0.28
1.803,1.408
1.886,1.413
1.589,3.727
1.663,1.04
1.514,1.185
1.323,1.915
1.236,-0.054
1.316,1.168
0.945,-0.44
0.753,-0.603
0.501,-0.66
-1.147,-0.581
-1.052,-0.575
-1.377,-0.651
-1.533,-0.411
-1.638,-0.608
-2.129,-0.283
-2.942,-0.568
-3.029,-0.283
2.912,-0.415
2.158,-0.797
1.774,-0.431
0.88,3.828
0.687,3.87
0.537,3.85
-1.245,3.864
-1.979,3.931
-2.849,3.825
2.457,4.072
2.152,3.771
1.98,3.793
1.889,4.079
1.145,3.486
0.142,1.715
-1.377,3.513
-2.125,1.918
-3.109,1.54
2.139,0.708
-0.748,3.188
2.935,2.737
2.908,2.089
1.981,2.072
1.884,2.676
1.558,1.196
1.551,3.188
1.341,1.758
-2.062,0.863
1.775,0.876
-0.718,-0.49
-2.268,-2.756
-2.308,-3.56
-2.681,-1.03
1.671,-2.119
1.022,-4.016
0.627,-3.584
0.437,-3.848
1.887,-3.743
1.642,-0.903
1.597,-0.907
1.466,-2.619
1.55,-1.248
1.538,-1.642
1.405,-1.205
1.365,-0.77
1.34,-3.557
1.219,-1.771
1.203,0.372
1.229,-1.18
1.086,-1.042
1.014,0.183
0.959,-0.103
0.751,-0.871
0.6,-2.502
0.648,-0.822
0.644,-0.354
0.486,-2.743
0.513,-2.11
0.482,-2.422
0.342,-3.352
0.269,-2.494
-0.077,-2.268
0.049,-2.229
-0.157,-0.872
-0.051,-3.539
-0.157,-0.788
-0.448,-1.634
-0.407,-0.159
-0.466,-2.621
-0.504,-0.224
-0.546,-0.015
-0.693,-0.512
-0.738,-3.231
-0.871,-1.964
-0.889,-2.61
-0.817,0.272
-0.903,-3.586
-1.058,-3.621
-1.075,-2.66
-0.998,-2.733
-1.323,-3.506
-1.369,-1.123
-1.312,-2.359
-1.386,-1.076
-1.556,0.334
-1.529,-1.699
-1.587,-2.625
-1.747,-1.655
-1.923,0.072
-1.972,-2.245
-1.966,-2.134
-2.142,-0.383
-2.039,-2.533
-2.215,-1.505
-2.298,-2.596
-2.216,-2.011
-2.454,-0.173
-2.443,-2.355
-2.352,-1.591
-2.393,-2.072
-2.4,0.294
-2.612,-2.631
-2.662,-1.778
-2.778,-1.512
-2.86,-3.312
-2.926,-0.456
-3.12,-3.082
3.141,-0.508
-3.046,-1.402
-3.107,-3.527
3.008,-0.357
3.0,-3.558
3.03,-2.176
2.865,-0.7
2.572,-0.607
2.725,-0.771
2.678,-2.633
2.652,0.038
2.444,-3.645
2.234,-1.957
2.317,-1.952
2.02,0.362
2.094,-2.325
1.945,-2.18
1.754,-1.45
1.667,-3.419
1.747,-2.197
1.376,-3.805
1.184,-3.968
0.932,-4.025
-0.716,-3.946
-0.621,-3.94
-0.946,-4.016
-1.102,-3.776
-1.207,-3.973
-1.698,-3.648
-2.511,-3.933
-2.598,-3.648
-2.94,-3.78
2.589,-4.162
2.205,-3.796
1.311,0.463
1.118,0.505
0.968,0.485
-0.814,0.499
-1.548,0.566
-2.418,0.46
2.888,0.707
2.583,0.406
2.411,0.428
2.32,0.714
1.576,0.121
0.573,-1.65
-0.946,0.148
-1.694,-1.447
-2.678,-1.825
2.57,-2.657
-0.317,-0.177
-2.917,-0.628
-2.944,-1.276
2.412,-1.293
2.315,-0.689
1.989,-2.169
1.982,-0.177
1.772,-1.607
-1.631,-2.502
2.206,-2.489
-1.55,-2.266
-1.59,-3.07
-1.963,-0.54
2.389,-1.629
1.74,-3.526
1.345,-3.094
1.155,-3.358
2.605,-3.253
2.36,-0.413
2.315,-0.417
2.184,-2.129
2.268,-0.758
2.256,-1.152
2.123,-0.715
2.083,-0.28
2.058,-3.067
1.937,-1.281
1.921,0.862
1.947,-0.69
1.804,-0.552
1.732,0.673
1.677,0.387
1.469,-0.381
1.318,-2.012
1.366,-0.332
1.362,0.136
1.204,-2.253
1.231,-1.62
1.2,-1.932
1.06,-2.862
0.987,-2.004
0.641,-1.778
0.767,-1.739
0.561,-0.382
0.667,-3.049
0.561,-0.298
0.27,-1.144
0.311,0.331
0.252,-2.131
0.214,0.266
0.172,0.475
0.025,-0.022
-0.02,-2.741
-0.153,-1.474
-0.171,-2.12
-0.099,0.762
-0.185,-3.096
-0.34,-3.131
-0.357,-2.17
-0.28,-2.243
-0.605,-3.016
-0.651,-0.633
-0.594,-1.869
-0.668,-0.586
-0.838,0.824
-0.811,-1.209
-0.869,-2.135
-1.029,-1.165
-1.205,0.562
-1.254,-1.755
-1.248,-1.644
-1.424,0.107
-1.321,-2.043
-1.497,-1.015
-1.58,-2.106
-1.498,-1.521
-1.736,0.317
-1.725,-1.865
-1.634,-1.101
-1.675,-1.582
-1.682,0.784
-1.894,-2.141
-1.944,-1.288
-2.06,-1.022
-2.142,-2.822
-2.208,0.034
-2.402,-2.592
-2.424,-0.018
-2.328,-0.912
-2.389,-3.037
-2.557,0.133
-2.565,-3.068
-2.535,-1.686
-2.7,-0.21
-2.993,-0.117
-2.84,-0.281
-2.887,-2.143
-2.913,0.528
-3.121,-3.155
2.952,-1.467
3.035,-1.462
2.738,0.852
2.812,-1.835
2.663,-1.69
2.472,-0.96
2.385,-2.929
2.465,-1.707
2.094,-3.315
1.902,-3.478
1.65,-3.535
0.002,-3.456
0.097,-3.45
-0.228,-3.526
-0.384,-3.286
-0.489,-3.483
-0.98,-3.158
-1.793,-3.443
-1.88,-3.158
-2.222,-3.29
-2.976,-3.672
2.923,-3.306
2.029,0.953
1.836,0.995
1.686,0.975
-0.096,0.989
-0.83,1.056
-1.7,0.95
-2.677,1.197
-2.982,0.896
3.129,0.918
3.038,1.204
2.294,0.611
1.291,-1.16
-0.228,0.638
-0.976,-0.957
-1.96,-1.335
-2.995,-2.167
0.401,0.313
-2.199,-0.138
-2.226,-0.786
3.13,-0.803
3.033,-0.199
2.707,-1.679
2.7,0.313
2.49,-1.117
-0.913,-2.012
2.924,-1.999
-0.04,-0.804
-0.413,1.726
-2.344,0.637
-2.993,-1.26
2.895,-0.828
2.705,-1.092
-2.128,-0.987
-2.373,1.853
-2.418,1.849
-2.549,0.137
-2.465,1.508
-2.477,1.114
-2.61,1.551
-2.65,1.986
-2.675,-0.801
-2.796,0.985
-2.812,3.128
-2.786,1.576
-2.929,1.714
-3.001,2.939
-3.056,2.653
3.019,1.885
2.868,0.254
2.916,1.934
2.912,2.402
2.754,0.013
2.781,0.646
2.75,0.334
2.61,-0.596
2.537,0.262
2.191,0.488
2.317,0.527
2.111,1.884
2.217,-0.783
2.111,1.968
1.82,1.122
1.861,2.597
1.802,0.135
1.764,2.532
1.722,2.741
1.575,2.244
1.53,-0.475
1.397,0.792
1.379,0.146
1.451,3.028
1.365,-0.83
1.21,-0.865
1.193,0.096
1.27,0.023
0.945,-0.75
0.899,1.633
0.956,0.397
0.882,1.68
0.712,3.09
0.739,1.057
0.681,0.131
0.521,1.101
0.345,2.828
0.296,0.511
0.302,0.622
0.126,2.373
0.229,0.223
0.053,1.251
-0.03,0.16
0.052,0.745
-0.186,2.583
-0.175,0.401
-0.084,1.165
-0.125,0.684
-0.132,3.05
-0.344,0.125
-0.394,0.978
-0.51,1.244
-0.592,-0.556
-0.658,2.3
-0.852,-0.326
-0.874,2.248
-0.778,1.354
-0.839,-0.771
-1.007,2.399
-1.015,-0.802
-0.985,0.58
-1.15,2.056
-1.443,2.149
-1.29,1.985
-1.337,0.123
-1.363,2.794
-1.571,-0.889
-1.781,0.799
-1.698,0.804
-1.995,3.118
-1.921,0.431
-2.07,0.576
-2.261,1.306
-2.348,-0.663
-2.268,0.559
-2.639,-1.049
-2.831,-1.212
-3.083,-1.269
1.552,-1.19
1.647,-1.184
1.322,-1.26
1.166,-1.02
1.061,-1.217
0.57,-0.892
-0.243,-1.177
-0.33,-0.892
-0.672,-1.024
-1.426,-1.406
-1.81,-1.04
-2.704,3.219
-2.897,3.261
-3.047,3.241
1.454,3.255
0.72,3.322
-0.15,3.216
-1.127,3.463
-1.432,3.162
-1.604,3.184
-1.695,3.47
-2.439,2.877
2.841,1.106
1.322,2.904
0.574,1.309
-0.41,0.931
-1.445,0.099
1.951,2.579
-0.649,2.128
-0.676,1.48
-1.603,1.463
-1.7,2.067
-2.026,0.587
-2.033,2.579
-2.243,1.149
0.637,0.254
-1.809,0.267
-0.373,2.53
-2.304,1.441
-2.953,-0.456
2.935,-0.024
2.745,-0.288
-2.088,-0.183
-2.333,2.657
-2.378,2.653
-2.509,0.941
-2.425,2.312
-2.437,1.918
-2.57,2.355
-2.61,2.79
-2.635,0.003
-2.756,1.789
-2.772,3.932
-2.746,2.38
-2.889,2.518
-2.961,3.743
-3.016,3.457
3.059,2.689
2.908,1.058
2.956,2.738
2.952,3.206
2.794,0.817
2.821,1.45
2.79,1.138
2.65,0.208
2.577,1.066
2.231,1.292
2.357,1.331
2.151,2.688
2.257,0.021
2.151,2.772
1.86,1.926
1.901,3.401
1.842,0.939
1.804,3.336
1.762,3.545
1.615,3.048
1.57,0.329
1.437,1.596
1.419,0.95
1.491,3.832
1.405,-0.026
1.25,-0.061
1.233,0.9
1.31,0.827
0.985,0.054
0.939,2.437
0.996,1.201
0.922,2.484
0.752,3.894
0.779,1.861
0.721,0.935
0.561,1.905
0.385,3.632
0.336,1.315
0.342,1.426
0.166,3.177
0.269,1.027
0.093,2.055
0.01,0.964
0.092,1.549
-0.146,3.387
-0.135,1.205
-0.044,1.969
-0.085,1.488
-0.092,3.854
-0.304,0.929
-0.354,1.782
-0.47,2.048
-0.552,0.248
-0.618,3.104
-0.812,0.478
-0.834,3.052
-0.738,2.158
-0.799,0.033
-0.967,3.203
-0.975,0.002
-0.945,1.384
-1.11,2.86
-1.403,2.953
-1.25,2.789
-1.297,0.927
-1.323,3.598
-1.531,-0.085
-1.741,1.603
-1.658,1.608
-1.955,3.922
-1.881,1.235
-2.03,1.38
-2.221,2.11
-2.308,0.141
-2.228,1.363
-2.599,-0.245
-2.791,-0.408
-3.043,-0.465
1.592,-0.386
1.687,-0.38
1.362,-0.456
1.206,-0.216
1.101,-0.413
0.61,-0.088
-0.203,-0.373
-0.29,-0.088
-0.632,-0.22
-1.386,-0.602
-1.77,-0.236
-2.664,4.023
-2.857,4.065
-3.007,4.045
1.494,4.059
0.76,4.126
-0.11,4.02
-1.087,4.267
-1.392,3.966
-1.564,3.988
-1.655,4.274
-2.399,3.681
2.881,1.91
1.362,3.708
0.614,2.113
-0.37,1.735
-1.405,0.903
1.991,3.383
-0.609,2.932
-0.636,2.284
-1.563,2.267
-1.66,2.871
-1.986,1.391
-1.993,3.383
-2.203,1.953
0.677,1.058
-1.769,1.071
-1.931,-1.089
-2.58,-2.986
-2.975,-2.554
3.118,-2.818
-1.715,-2.713
-1.96,0.127
-2.005,0.123
-2.136,-1.589
-2.052,-0.218
-2.064,-0.612
-2.197,-0.175
-2.237,0.26
-2.262,-2.527
-2.383,-0.741
-2.399,1.402
-2.373,-0.15
-2.516,-0.012
-2.588,1.213
-2.643,0.927
-2.851,0.159
-3.002,-1.472
-2.954,0.208
-2.958,0.676
-3.116,-1.713
-3.089,-1.08
-3.12,-1.392
3.023,-2.322
2.95,-1.464
2.604,-1.238
2.73,-1.199
2.524,0.158
2.63,-2.509
2.524,0.242
2.233,-0.604
2.274,0.871
2.215,-1.591
2.177,0.806
2.135,1.015
1.988,0.518
1.943,-2.201
1.81,-0.934
1.792,-1.58
1.864,1.302
1.778,-2.556
1.623,-2.591
1.606,-1.63
1.683,-1.703
1.358,-2.476
1.312,-0.093
1.369,-1.329
1.295,-0.046
1.125,1.364
1.152,-0.669
1.094,-1.595
0.934,-0.625
0.758,1.102
0.709,-1.215
0.715,-1.104
0.539,0.647
0.642,-1.503
0.466,-0.475
0.383,-1.566
0.465,-0.981
0.227,0.857
0.238,-1.325
0.329,-0.561
0.288,-1.042
0.281,1.324
0.069,-1.601
0.019,-0.748
-0.097,-0.482
-0.179,-2.282
-0.245,0.574
-0.439,-2.052
-0.461,0.522
-0.365,-0.372
-0.426,-2.497
-0.594,0.673
-0.602,-2.528
-0.572,-1.146
-0.737,0.33
-1.03,0.423
-0.877,0.259
-0.924,-1.603
-0.95,1.068
-1.158,-2.615
-1.368,-0.927
-1.285,-0.922
-1.582,1.392
-1.508,-1.295
-1.657,-1.15
-1.848,-0.42
-1.935,-2.389
-1.855,-1.167
-2.226,-2.775
-2.418,-2.938
-2.67,-2.995
1.965,-2.916
2.06,-2.91
1.735,-2.986
1.579,-2.746
1.474,-2.943
0.983,-2.618
0.17,-2.903
0.083,-2.618
-0.259,-2.75
-1.013,-3.132
-1.397,-2.766
-2.291,1.493
-2.484,1.535
-2.634,1.515
1.867,1.529
1.133,1.596
0.263,1.49
-0.714,1.737
-1.019,1.436
-1.191,1.458
-1.282,1.744
-2.026,1.151
-3.029,-0.62
1.735,1.178
0.987,-0.417
0.003,-0.795
-1.032,-1.627
2.364,0.853
-0.236,0.402
-0.263,-0.246
-1.19,-0.263
-1.287,0.341
-1.613,-1.139
-1.62,0.853
-1.83,-0.577
1.05,-1.472
-1.396,-1.459
-0.649,-1.897
-1.044,-1.465
-1.234,-1.729
0.216,-1.624
-0.029,1.216
-0.074,1.212
-0.205,-0.5
-0.121,0.871
-0.133,0.477
-0.266,0.914
-0.306,1.349
-0.331,-1.438
-0.452,0.348
-0.468,2.491
-0.442,0.939
-0.585,1.077
-0.657,2.302
-0.712,2.016
-0.92,1.248
-1.071,-0.383
-1.023,1.297
-1.027,1.765
-1.185,-0.624
-1.158,0.009
-1.189,-0.303
-1.329,-1.233
-1.402,-0.375
-1.748,-0.149
-1.622,-0.11
-1.828,1.247
-1.722,-1.42
-1.828,1.331
-2.119,0.485
-2.078,1.96
-2.137,-0.502
-2.175,1.895
-2.217,2.104
-2.364,1.607
-2.409,-1.112
-2.542,0.155
-2.56,-0.491
-2.488,2.391
-2.574,-1.467
-2.729,-1.502
-2.746,-0.541
-2.669,-0.614
-2.994,-1.387
-3.04,0.996
-2.983,-0.24
-3.057,1.043
3.056,2.453
3.083,0.42
3.025,-0.506
2.865,0.464
2.689,2.191
2.64,-0.126
2.646,-0.015
2.47,1.736
2.573,-0.414
2.397,0.614
2.314,-0.477
2.396,0.108
2.158,1.946
2.169,-0.236
2.26,0.528
2.219,0.047
2.212,2.413
2.0,-0.512
1.95,0.341
1.834,0.607
1.752,-1.193
1.686,1.663
1.492,-0.963
1.47,1.611
1.566,0.717
1.505,-1.408
1.337,1.762
1.329,-1.439
1.359,-0.057
1.194,1.419
0.901,1.512
1.054,1.348
1.007,-0.514
0.981,2.157
0.773,-1.526
0.563,0.162
0.646,0.167
0.349,2.481
0.423,-0.206
0.274,-0.061
0.083,0.669
-0.004,-1.3
0.076,-0.078
-0.295,-1.686
-0.487,-1.849
-0.739,-1.906
-2.387,-1.827
-2.292,-1.821
-2.617,-1.897
-2.773,-1.657
-2.878,-1.854
2.914,-1.529
2.101,-1.814
2.014,-1.529
1.672,-1.661
0.918,-2.043
0.534,-1.677
-0.36,2.582
-0.553,2.624
-0.703,2.604
-2.485,2.618
3.064,2.685
2.194,2.579
1.217,2.826
0.912,2.525
0.74,2.547
0.649,2.833
-0.095,2.24
-1.098,0.469
-2.617,2.267
2.918,0.672
1.934,0.294
0.899,-0.538
-1.988,1.942
1.695,1.491
1.668,0.843
0.741,0.826
0.644,1.43
0.318,-0.05
0.311,1.942
0.101,0.512
2.981,-0.383
0.535,-0.37
-0.395,0.432
-0.585,0.168
0.865,0.273
0.62,3.113
0.575,3.109
0.444,1.397
0.528,2.768
0.516,2.374
0.383,2.811
0.343,3.246
0.318,0.459
0.197,2.245
0.181,4.388
0.207,2.836
0.064,2.974
-0.008,4.199
-0.063,3.913
-0.271,3.145
-0.422,1.514
-0.374,3.194
-0.378,3.662
-0.536,1.273
-0.509,1.906
-0.54,1.594
-0.68,0.664
-0.753,1.522
-1.099,1.748
-0.973,1.787
-1.179,3.144
-1.073,0.477
-1.179,3.228
-1.47,2.382
-1.429,3.857
-1.488,1.395
-1.526,3.792
-1.568,4.001
-1.715,3.504
-1.76,0.785
-1.893,2.052
-1.911,1.406
-1.839,4.288
-1.925,0.43
-2.08,0.395
-2.097,1.356
-2.02,1.283
-2.345,0.51
-2.391,2.893
-2.334,1.657
-2.408,2.94
-2.578,4.35
-2.551,2.317
-2.609,1.391
-2.769,2.361
-2.945,4.088
-2.994,1.771
-2.988,1.882
3.119,3.633
-3.061,1.483
3.046,2.511
2.963,1.42
3.045,2.005
2.807,3.843
2.818,1.661
2.909,2.425
2.868,1.944
2.861,4.31
2.649,1.385
2.599,2.238
2.483,2.504
2.401,0.704
2.335,3.56
2.141,0.934
2.119,3.508
2.215,2.614
2.154,0.489
1.986,3.659
1.978,0.458
2.008,1.84
1.843,3.316
1.55,3.409
1.703,3.245
1.656,1.383
1.63,4.054
1.422,0.371
1.212,2.059
1.295,2.064
0.998,4.378
1.072,1.691
0.923,1.836
0.732,2.566
0.645,0.597
0.725,1.819
0.354,0.211
0.162,0.048
-0.09,-0.009
-1.738,0.07
-1.643,0.076
-1.968,0.0
-2.124,0.24
-2.229,0.043
-2.72,0.368
2.75,0.083
2.663,0.368
2.321,0.236
1.567,-0.146
1.183,0.22
0.289,4.479
0.096,4.521
-0.054,4.501
-1.836,4.515
-2.57,4.582
2.843,4.476
1.866,4.723
1.561,4.422
1.389,4.444
1.298,4.73
0.554,4.137
-0.449,2.366
-1.968,4.164
-2.716,2.569
2.583,2.191
1.548,1.359
-1.339,3.839
2.344,3.388
2.317,2.74
1.39,2.723
1.293,3.327
0.967,1.847
0.96,3.839
0.75,2.409
-2.653,1.514
1.184,1.527
-0.19,-0.264
1.26,-0.159
1.015,2.681
0.97,2.677
0.839,0.965
0.923,2.336
0.911,1.942
0.778,2.379
0.738,2.814
0.713,0.027
0.592,1.813
0.576,3.956
0.602,2.404
0.459,2.542
0.387,3.767
0.332,3.481
0.124,2.713
-0.027,1.082
0.021,2.762
0.017,3.23
-0.141,0.841
-0.114,1.474
-0.145,1.162
-0.285,0.232
-0.358,1.09
-0.704,1.316
-0.578,1.355
-0.784,2.712
-0.678,0.045
-0.784,2.796
-1.075,1.95
-1.034,3.425
-1.093,0.963
-1.131,3.36
-1.173,3.569
-1.32,3.072
-1.365,0.353
-1.498,1.62
-1.516,0.974
-1.444,3.856
-1.53,-0.002
-1.685,-0.037
-1.702,0.924
-1.625,0.851
-1.95,0.078
-1.996,2.461
-1.939,1.225
-2.013,2.508
-2.183,3.918
-2.156,1.885
-2.214,0.959
-2.374,1.929
-2.55,3.656
-2.599,1.339
-2.593,1.45
-2.769,3.201
-2.666,1.051
-2.842,2.079
-2.925,0.988
-2.843,1.573
-3.081,3.411
-3.07,1.229
-2.979,1.993
-3.02,1.512
-3.027,3.878
3.044,0.953
2.994,1.806
2.878,2.072
2.796,0.272
2.73,3.128
2.536,0.502
2.514,3.076
2.61,2.182
2.549,0.057
2.381,3.227
2.373,0.026
2.403,1.408
2.238,2.884
1.945,2.977
2.098,2.813
2.051,0.951
2.025,3.622
1.817,-0.061
1.607,1.627
1.69,1.632
1.393,3.946
1.467,1.259
1.318,1.404
1.127,2.134
1.04,0.165
1.12,1.387
0.749,-0.221
0.557,-0.384
0.305,-0.441
-1.343,-0.362
-1.248,-0.356
-1.573,-0.432
-1.729,-0.192
-1.834,-0.389
-2.325,-0.064
-3.138,-0.349
3.058,-0.064
2.716,-0.196
1.962,-0.578
1.578,-0.212
0.684,4.047
0.491,4.089
0.341,4.069
-1.441,4.083
-2.175,4.15
-3.045,4.044
2.261,4.291
1.956,3.99
1.784,4.012
1.693,4.298
0.949,3.705
-0.054,1.934
-1.573,3.732
-2.321,2.137
2.978,1.759
1.943,0.927
-0.944,3.407
2.739,2.956
2.712,2.308
1.785,2.291
1.688,2.895
1.362,1.415
1.355,3.407
1.145,1.977
-2.258,1.082
1.579,1.095
1.45,0.105
1.205,2.945
1.16,2.941
1.029,1.229
1.113,2.6
1.101,2.206
0.968,2.643
0.928,3.078
0.903,0.291
0.782,2.077
0.766,4.22
0.792,2.668
0.649,2.806
0.577,4.031
0.522,3.745
0.314,2.977
0.163,1.346
0.211,3.026
0.207,3.494
0.049,1.105
0.076,1.738
0.045,1.426
-0.095,0.496
-0.168,1.354
-0.514,1.58
-0.388,1.619
-0.594,2.976
-0.488,0.309
-0.594,3.06
-0.885,2.214
-0.844,3.689
-0.903,1.227
-0.941,3.624
-0.983,3.833
-1.13,3.336
-1.175,0.617
-1.308,1.884
-1.326,1.238
-1.254,4.12
-1.34,0.262
-1.495,0.227
-1.512,1.188
-1.435,1.115
-1.76,0.342
-1.806,2.725
-1.749,1.489
-1.823,2.772
-1.993,4.182
-1.966,2.149
-2.024,1.223
-2.184,2.193
-2.36,3.92
-2.409,1.603
-2.403,1.714
-2.579,3.465
-2.476,1.315
-2.652,2.343
-2.735,1.252
-2.653,1.837
-2.891,3.675
-2.88,1.493
-2.789,2.257
-2.83,1.776
-2.837,4.142
-3.049,1.217
-3.099,2.07
3.068,2.336
2.986,0.536
2.92,3.392
2.726,0.766
2.704,3.34
2.8,2.446
2.739,0.321
2.571,3.491
2.563,0.29
2.593,1.672
2.428,3.148
2.135,3.241
2.288,3.077
2.241,1.215
2.215,3.886
2.007,0.203
1.797,1.891
1.88,1.896
1.583,4.21
1.657,1.523
1.508,1.668
1.317,2.398
1.23,0.429
1.31,1.651
0.939,0.043
0.747,-0.12
0.495,-0.177
-1.153,-0.098
-1.058,-0.092
-1.383,-0.168
-1.539,0.072
-1.644,-0.125
-2.135,0.2
-2.948,-0.085
-3.035,0.2
2.906,0.068
2.152,-0.314
1.768,0.052
0.874,4.311
0.681,4.353
0.531,4.333
-1.251,4.347
-1.985,4.414
-2.855,4.308
2.451,4.555
2.146,4.254
1.974,4.276
1.883,4.562
1.139,3.969
0.136,2.198
-1.383,3.996
-2.131,2.401
-3.115,2.023
2.133,1.191
-0.754,3.671
2.929,3.22
2.902,2.572
1.975,2.555
1.878,3.159
1.552,1.679
1.545,3.671
1.335,2.241
-2.068,1.346
1.769,1.359
-0.245,2.84
-0.29,2.836
-0.421,1.124
-0.337,2.495
-0.349,2.101
-0.482,2.538
-0.522,2.973
-0.547,0.186
-0.668,1.972
-0.684,4.115
-0.658,2.563
-0.801,2.701
-0.873,3.926
-0.928,3.64
-1.136,2.872
-1.287,1.241
-1.239,2.921
-1.243,3.389
-1.401,1.0
-1.374,1.633
-1.405,1.321
-1.545,0.391
-1.618,1.249
-1.964,1.475
-1.838,1.514
-2.044,2.871
-1.938,0.204
-2.044,2.955
-2.335,2.109
-2.294,3.584
-2.353,1.122
-2.391,3.519
-2.433,3.728
-2.58,3.231
-2.625,0.512
-2.758,1.779
-2.776,1.133
-2.704,4.015
-2.79,0.157
-2.945,0.122
-2.962,1.083
-2.885,1.01
3.073,0.237
3.027,2.62
3.084,1.384
3.01,2.667
2.84,4.077
2.867,2.044
2.809,1.118
2.649,2.088
2.473,3.815
2.424,1.498
2.43,1.609
2.254,3.36
2.357,1.21
2.181,2.238
2.098,1.147
2.18,1.732
1.942,3.57
1.953,1.388
2.044,2.152
2.003,1.671
1.996,4.037
1.784,1.112
1.734,1.965
1.618,2.231
1.536,0.431
1.47,3.287
1.276,0.661
1.254,3.235
1.35,2.341
1.289,0.216
1.121,3.386
1.113,0.185
1.143,1.567
0.978,3.043
0.685,3.136
0.838,2.972
0.791,1.11
0.765,3.781
0.557,0.098
0.347,1.786
0.43,1.791
0.133,4.105
0.207,1.418
0.058,1.563
-0.133,2.293
-0.22,0.324
-0.14,1.546
-0.511,-0.062
-0.703,-0.225
-0.955,-0.282
-2.603,-0.203
-2.508,-0.197
-2.833,-0.273
-2.989,-0.033
-3.094,-0.23
2.698,0.095
1.885,-0.19
1.798,0.095
1.456,-0.037
0.702,-0.419
0.318,-0.053
-0.576,4.206
-0.769,4.248
-0.919,4.228
-2.701,4.242
2.848,4.309
1.978,4.203
1.001,4.45
0.696,4.149
0.524,4.171
0.433,4.457
-0.311,3.864
-1.314,2.093
-2.833,3.891
2.702,2.296
1.718,1.918
0.683,1.086
-2.204,3.566
1.479,3.115
1.452,2.467
0.525,2.45
0.428,3.054
0.102,1.574
0.095,3.566
-0.115,2.136
2.765,1.241
0.319,1.254
-0.045,-0.004
-0.176,-1.716
-0.092,-0.345
-0.104,-0.739
-0.237,-0.302
-0.277,0.133
-0.302,-2.654
-0.423,-0.868
-0.439,1.275
-0.413,-0.277
-0.556,-0.139
-0.628,1.086
-0.683,0.8
-0.891,0.032
-1.042,-1.599
-0.994,0.081
-0.998,0.549
-1.156,-1.84
-1.129,-1.207
-1.16,-1.519
-1.3,-2.449
-1.373,-1.591
-1.719,-1.365
-1.593,-1.326
-1.799,0.031
-1.693,-2.636
-1.799,0.115
-2.09,-0.731
-2.049,0.744
-2.108,-1.718
-2.146,0.679
-2.188,0.888
-2.335,0.391
-2.38,-2.328
-2.513,-1.061
-2.531,-1.707
-2.459,1.175
-2.545,-2.683
-2.7,-2.718
-2.717,-1.757
-2.64,-1.83
-2.965,-2.603
-3.011,-0.22
-2.954,-1.456
-3.028,-0.173
3.085,1.237
3.112,-0.796
3.054,-1.722
2.894,-0.752
2.718,0.975
2.669,-1.342
2.675,-1.231
2.499,0.52
2.602,-1.63
2.426,-0.602
2.343,-1.693
2.425,-1.108
2.187,0.73
2.198,-1.452
2.289,-0.688
2.248,-1.169
2.241,1.197
2.029,-1.728
1.979,-0.875
1.863,-0.609
1.781,-2.409
1.715,0.447
1.521,-2.179
1.499,0.395
1.595,-0.499
1.534,-2.624
1.366,0.546
1.358,-2.655
1.388,-1.273
1.223,0.203
0.93,0.296
1.083,0.132
1.036,-1.73
1.01,0.941
0.802,-2.742
0.592,-1.054
0.675,-1.049
0.378,1.265
0.452,-1.422
0.303,-1.277
0.112,-0.547
0.025,-2.516
0.105,-1.294
-0.266,-2.902
-0.458,-3.065
-0.71,-3.122
-2.358,-3.043
-2.263,-3.037
-2.588,-3.113
-2.744,-2.873
-2.849,-3.07
2.943,-2.745
2.13,-3.03
2.043,-2.745
1.701,-2.877
0.947,-3.259
0.563,-2.893
-0.331,1.366
-0.524,1.408
-0.674,1.388
-2.456,1.402
3.093,1.469
2.223,1.363
1.246,1.61
0.941,1.309
0.769,1.331
0.678,1.617
-0.066,1.024
-1.069,-0.747
-2.588,1.051
2.947,-0.544
1.963,-0.922
0.928,-1.754
-1.959,0.726
1.724,0.275
1.697,-0.373
0.77,-0.39
0.673,0.214
0.347,-1.266
0.34,0.726
0.13,-0.704
3.01,-1.599
0.564,-1.586
-0.131,-1.712
-0.047,-0.341
-0.059,-0.735
-0.192,-0.298
-0.232,0.137
-0.257,-2.65
-0.378,-0.864
-0.394,1.279
-0.368,-0.273
-0.511,-0.135
-0.583,1.09
-0.638,0.804
-0.846,0.036
-0.997,-1.595
-0.949,0.085
-0.953,0.553
-1.111,-1.836
-1.084,-1.203
-1.115,-1.515
-1.255,-2.445
-1.328,-1.587
-1.674,-1.361
-1.548,-1.322
-1.754,0.035
-1.648,-2.632
-1.754,0.119
-2.045,-0.727
-2.004,0.748
-2.063,-1.714
-2.101,0.683
-2.143,0.892
-2.29,0.395
-2.335,-2.324
-2.468,-1.057
-2.486,-1.703
-2.414,1.179
-2.5,-2.679
-2.655,-2.714
-2.672,-1.753
-2.595,-1.826
-2.92,-2.599
-2.966,-0.216
-2.909,-1.452
-2.983,-0.169
3.13,1.241
-3.126,-0.792
3.099,-1.718
2.939,-0.748
2.763,0.979
2.714,-1.338
2.72,-1.227
2.544,0.524
2.647,-1.626
2.471,-0.598
2.388,-1.689
2.47,-1.104
2.232,0.734
2.243,-1.448
2.334,-0.684
2.293,-1.165
2.286,1.201
2.074,-1.724
2.024,-0.871
1.908,-0.605
1.826,-2.405
1.76,0.451
1.566,-2.175
1.544,0.399
1.64,-0.495
1.579,-2.62
1.411,0.55
1.403,-2.651
1.433,-1.269
1.268,0.207
0.975,0.3
1.128,0.136
1.081,-1.726
1.055,0.945
0.847,-2.738
0.637,-1.05
0.72,-1.045
0.423,1.269
0.497,-1.418
0.348,-1.273
0.157,-0.543
0.07,-2.512
0.15,-1.29
-0.221,-2.898
-0.413,-3.061
-0.665,-3.118
-2.313,-3.039
-2.218,-3.033
-2.543,-3.109
-2.699,-2.869
-2.804,-3.066
2.988,-2.741
2.175,-3.026
2.088,-2.741
1.746,-2.873
0.992,-3.255
0.608,-2.889
-0.286,1.37
-0.479,1.412
-0.629,1.392
-2.411,1.406
3.138,1.473
2.268,1.367
1.291,1.614
0.986,1.313
0.814,1.335
0.723,1.621
-0.021,1.028
-1.024,-0.743
-2.543,1.055
2.992,-0.54
2.008,-0.918
0.973,-1.75
-1.914,0.73
1.769,0.279
1.742,-0.369
0.815,-0.386
0.718,0.218
0.392,-1.262
0.385,0.73
0.175,-0.7
3.055,-1.595
0.609,-1.582
0.084,1.371
0.072,0.977
-0.061,1.414
-0.101,1.849
-0.126,-0.938
-0.247,0.848
-0.263,2.991
-0.237,1.439
-0.38,1.577
-0.452,2.802
-0.507,2.516
-0.715,1.748
-0.866,0.117
-0.818,1.797
-0.822,2.265
-0.98,-0.124
-0.953,0.509
-0.984,0.197
-1.124,-0.733
-1.197,0.125
-1.543,0.351
-1.417,0.39
-1.623,1.747
-1.517,-0.92
-1.623,1.831
-1.914,0.985
-1.873,2.46
-1.932,-0.002
-1.97,2.395
-2.012,2.604
-2.159,2.107
-2.204,-0.612
-2.337,0.655
-2.355,0.009
-2.283,2.891
-2.369,-0.967
-2.524,-1.002
-2.541,-0.041
-2.464,-0.114
-2.789,-0.887
-2.835,1.496
-2.778,0.26
-2.852,1.543
-3.022,2.953
-2.995,0.92
-3.053,-0.006
3.07,0.964
2.894,2.691
2.845,0.374
2.851,0.485
2.675,2.236
2.778,0.086
2.602,1.114
2.519,0.023
2.601,0.608
2.363,2.446
2.374,0.264
2.465,1.028
2.424,0.547
2.417,2.913
2.205,-0.012
2.155,0.841
2.039,1.107
1.957,-0.693
1.891,2.163
1.697,-0.463
1.675,2.111
1.771,1.217
1.71,-0.908
1.542,2.262
1.534,-0.939
1.564,0.443
1.399,1.919
1.106,2.012
1.259,1.848
1.212,-0.014
1.186,2.657
0.978,-1.026
0.768,0.662
0.851,0.667
0.554,2.981
0.628,0.294
0.479,0.439
0.288,1.169
0.201,-0.8
0.281,0.422
-0.09,-1.186
-0.282,-1.349
-0.534,-1.406
-2.182,-1.327
-2.087,-1.321
-2.412,-1.397
-2.568,-1.157
-2.673,-1.354
3.119,-1.029
2.306,-1.314
2.219,-1.029
1.877,-1.161
1.123,-1.543
0.739,-1.177
-0.155,3.082
-0.348,3.124
-0.498,3.104
-2.28,3.118
-3.014,3.185
2.399,3.079
1.422,3.326
1.117,3.025
0.945,3.047
0.854,3.333
0.11,2.74
-0.893,0.969
-2.412,2.767
3.123,1.172
2.139,0.794
1.104,-0.038
-1.783,2.442
1.9,1.991
1.873,1.343
0.946,1.326
0.849,1.93
0.523,0.45
0.516,2.442
0.306,1.012
-3.097,0.117
0.74,0.13
-0.012,-0.394
-0.145,0.043
-0.185,0.478
-0.21,-2.309
-0.331,-0.523
-0.347,1.62
-0.321,0.068
-0.464,0.206
-0.536,1.431
-0.591,1.145
-0.799,0.377
-0.95,-1.254
-0.902,0.426
-0.906,0.894
-1.064,-1.495
-1.037,-0.862
-1.068,-1.174
-1.208,-2.104
-1.281,-1.246
-1.627,-1.02
-1.501,-0.981
-1.707,0.376
-1.601,-2.291
-1.707,0.46
-1.998,-0.386
-1.957,1.089
-2.016,-1.373
-2.054,1.024
-2.096,1.233
-2.243,0.736
-2.288,-1.983
-2.421,-0.716
-2.439,-1.362
-2.367,1.52
-2.453,-2.338
-2.608,-2.373
-2.625,-1.412
-2.548,-1.485
-2.873,-2.258
-2.919,0.125
-2.862,-1.111
-2.936,0.172
-3.106,1.582
-3.079,-0.451
-3.137,-1.377
2.986,-0.407
2.81,1.32
2.761,-0.997
2.767,-0.886
2.591,0.865
2.694,-1.285
2.518,-0.257
2.435,-1.348
2.517,-0.763
2.279,1.075
2.29,-1.107
2.381,-0.343
2.34,-0.824
2.333,1.542
2.121,-1.383
2.071,-0.53
1.955,-0.264
1.873,-2.064
1.807,0.792
1.613,-1.834
1.591,0.74
1.687,-0.154
1.626,-2.279
1.458,0.891
1.45,-2.31
1.48,-0.928
1.315,0.548
1.022,0.641
1.175,0.477
1.128,-1.385
1.102,1.286
0.894,-2.397
0.684,-0.709
0.767,-0.704
0.47,1.61
0.544,-1.077
0.395,-0.932
0.204,-0.202
0.117,-2.171
0.197,-0.949
-0.174,-2.557
-0.366,-2.72
-0.618,-2.777
-2.266,-2.698
-2.171,-2.692
-2.496,-2.768
-2.652,-2.528
-2.757,-2.725
3.035,-2.4
2.222,-2.685
2.135,-2.4
1.793,-2.532
1.039,-2.914
0.655,-2.548
-0.239,1.711
-0.432,1.753
-0.582,1.733
-2.364,1.747
-3.098,1.814
2.315,1.708
1.338,1.955
1.033,1.654
0.861,1.676
0.77,1.962
0.026,1.369
-0.977,-0.402
-2.496,1.396
3.039,-0.199
2.055,-0.577
1.02,-1.409
-1.867,1.071
1.816,0.62
1.789,-0.028
0.862,-0.045
0.765,0.559
0.439,-0.921
0.432,1.071
0.222,-0.359
3.102,-1.254
0.656,-1.241
-0.133,0.437
-0.173,0.872
-0.198,-1.915
-0.319,-0.129
-0.335,2.014
-0.309,0.462
-0.452,0.6
-0.524,1.825
-0.579,1.539
-0.787,0.771
-0.938,-0.86
-0.89,0.82
-0.894,1.288
-1.052,-1.101
-1.025,-0.468
-1.056,-0.78
-1.196,-1.71
-1.269,-0.852
-1.615,-0.626
-1.489,-0.587
-1.695,0.77
-1.589,-1.897
-1.695,0.854
-1.986,0.008
-1.945,1.483
-2.004,-0.979
-2.042,1.418
-2.084,1.627
-2.231,1.13
-2.276,-1.589
-2.409,-0.322
-2.427,-0.968
-2.355,1.914
-2.441,-1.944
-2.596,-1.979
-2.613,-1.018
-2.536,-1.091
-2.861,-1.864
-2.907,0.519
-2.85,-0.717
-2.924,0.566
-3.094,1.976
-3.067,-0.057
-3.125,-0.983
2.998,-0.013
2.822,1.714
2.773,-0.603
2.779,-0.492
2.603,1.259
2.706,-0.891
2.53,0.137
2.447,-0.954
2.529,-0.369
2.291,1.469
2.302,-0.713
2.393,0.051
2.352,-0.43
2.345,1.936
2.133,-0.989
2.083,-0.136
1.967,0.13
1.885,-1.67
1.819,1.186
1.625,-1.44
1.603,1.134
1.699,0.24
1.638,-1.885
1.47,1.285
1.462,-1.916
1.492,-0.534
1.327,0.942
1.034,1.035
1.187,0.871
1.14,-0.991
1.114,1.68
0.906,-2.003
0.696,-0.315
0.779,-0.31
0.482,2.004
0.556,-0.683
0.407,-0.538
0.216,0.192
0.129,-1.777
0.209,-0.555
-0.162,-2.163
-0.354,-2.326
-0.606,-2.383
-2.254,-2.304
-2.159,-2.298
-2.484,-2.374
-2.64,-2.134
-2.745,-2.331
3.047,-2.006
2.234,-2.291
2.147,-2.006
1.805,-2.138
1.051,-2.52
0.667,-2.154
-0.227,2.105
-0.42,2.147
-0.57,2.127
-2.352,2.141
-3.086,2.208
2.327,2.102
1.35,2.349
1.045,2.048
0.873,2.07
0.782,2.356
0.038,1.763
-0.965,-0.008
-2.484,1.79
3.051,0.195
2.067,-0.183
1.032,-1.015
-1.855,1.465
1.828,1.014
1.801,0.366
0.874,0.349
0.777,0.953
0.451,-0.527
0.444,1.465
0.234,0.035
3.114,-0.86
0.668,-0.847
-0.04,0.435
-0.065,-2.352
-0.186,-0.566
-0.202,1.577
-0.176,0.025
-0.319,0.163
-0.391,1.388
-0.446,1.102
-0.654,0.334
-0.805,-1.297
-0.757,0.383
-0.761,0.851
-0.919,-1.538
-0.892,-0.905
-0.923,-1.217
-1.063,-2.147
-1.136,-1.289
-1.482,-1.063
-1.356,-1.024
-1.562,0.333
-1.456,-2.334
-1.562,0.417
-1.853,-0.429
-1.812,1.046
-1.871,-1.416
-1.909,0.981
-1.951,1.19
-2.098,0.693
-2.143,-2.026
-2.276,-0.759
-2.294,-1.405
-2.222,1.477
-2.308,-2.381
-2.463,-2.416
-2.48,-1.455
-2.403,-1.528
-2.728,-2.301
-2.774,0.082
-2.717,-1.154
-2.791,0.129
-2.961,1.539
-2.934,-0.494
-2.992,-1.42
3.131,-0.45
2.955,1.277
2.906,-1.04
2.912,-0.929
2.736,0.822
2.839,-1.328
2.663,-0.3
2.58,-1.391
2.662,-0.806
2.424,1.032
2.435,-1.15
2.526,-0.386
2.485,-0.867
2.478,1.499
2.266,-1.426
2.216,-0.573
2.1,-0.307
2.018,-2.107
1.952,0.749
1.758,-1.877
1.736,0.697
1.832,-0.197
1.771,-2.322
1.603,0.848
1.595,-2.353
1.625,-0.971
1.46,0.505
1.167,0.598
1.32,0.434
1.273,-1.428
1.247,1.243
1.039,-2.44
0.829,-0.752
0.912,-0.747
0.615,1.567
0.689,-1.12
0.54,-0.975
0.349,-0.245
0.262,-2.214
0.342,-0.992
-0.029,-2.6
-0.221,-2.763
-0.473,-2.82
-2.121,-2.741
-2.026,-2.735
-2.351,-2.811
-2.507,-2.571
-2.612,-2.768
-3.103,-2.443
2.367,-2.728
2.28,-2.443
1.938,-2.575
1.184,-2.957
0.8,-2.591
-0.094,1.668
-0.287,1.71
-0.437,1.69
-2.219,1.704
-2.953,1.771
2.46,1.665
1.483,1.912
1.178,1.611
1.006,1.633
0.915,1.919
0.171,1.326
-0.832,-0.445
-2.351,1.353
-3.099,-0.242
2.2,-0.62
1.165,-1.452
-1.722,1.028
1.961,0.577
1.934,-0.071
1.007,-0.088
0.91,0.516
0.584,-0.964
0.577,1.028
0.367,-0.402
-3.036,-1.297
0.801,-1.284
-0.025,-2.787
-0.146,-1.001
-0.162,1.142
-0.136,-0.41
-0.279,-0.272
-0.351,0.953
-0.406,0.667
-0.614,-0.101
-0.765,-1.732
-0.717,-0.052
-0.721,0.416
-0.879,-1.973
-0.852,-1.34
-0.883,-1.652
-1.023,-2.582
-1.096,-1.724
-1.442,-1.498
-1.316,-1.459
-1.522,-0.102
-1.416,-2.769
-1.522,-0.018
-1.813,-0.864
-1.772,0.611
-1.831,-1.851
-1.869,0.546
-1.911,0.755
-2.058,0.258
-2.103,-2.461
-2.236,-1.194
-2.254,-1.84
-2.182,1.042
-2.268,-2.816
-2.423,-2.851
-2.44,-1.89
-2.363,-1.963
-2.688,-2.736
-2.734,-0.353
-2.677,-1.589
-2.751,-0.306
-2.921,1.104
-2.894,-0.929
-2.952,-1.855
-3.112,-0.885
2.995,0.842
2.946,-1.475
2.952,-1.364
2.776,0.387
2.879,-1.763
2.703,-0.735
2.62,-1.826
2.702,-1.241
2.464,0.597
2.475,-1.585
2.566,-0.821
2.525,-1.302
2.518,1.064
2.306,-1.861
2.256,-1.008
2.14,-0.742
2.058,-2.542
1.992,0.314
1.798,-2.312
1.776,0.262
1.872,-0.632
1.811,-2.757
1.643,0.413
1.635,-2.788
1.665,-1.406
1.5,0.07
1.207,0.163
1.36,-0.001
1.313,-1.863
1.287,0.808
1.079,-2.875
0.869,-1.187
0.952,-1.182
0.655,1.132
0.729,-1.555
0.58,-1.41
0.389,-0.68
0.302,-2.649
0.382,-1.427
0.011,-3.035
-0.181,-3.198
-0.433,-3.255
-2.081,-3.176
-1.986,-3.17
-2.311,-3.246
-2.467,-3.006
-2.572,-3.203
-3.063,-2.878
2.407,-3.163
2.32,-2.878
1.978,-3.01
1.224,-3.392
0.84,-3.026
-0.054,1.233
-0.247,1.275
-0.397,1.255
-2.179,1.269
-2.913,1.336
2.5,1.23
1.523,1.477
1.218,1.176
1.046,1.198
0.955,1.484
0.211,0.891
-0.792,-0.88
-2.311,0.918
-3.059,-0.677
2.24,-1.055
1.205,-1.887
-1.682,0.593
2.001,0.142
1.974,-0.506
1.047,-0.523
0.95,0.081
0.624,-1.399
0.617,0.593
0.407,-0.837
-2.996,-1.732
0.841,-1.719
-0.121,1.786
-0.137,3.929
-0.111,2.377
-0.254,2.515
-0.326,3.74
-0.381,3.454
-0.589,2.686
-0.74,1.055
-0.692,2.735
-0.696,3.203
-0.854,0.814
-0.827,1.447
-0.858,1.135
-0.998,0.205
-1.071,1.063
-1.417,1.289
-1.291,1.328
-1.497,2.685
-1.391,0.018
-1.497,2.769
-1.788,1.923
-1.747,3.398
-1.806,0.936
-1.844,3.333
-1.886,3.542
-2.033,3.045
-2.078,0.326
-2.211,1.593
-2.229,0.947
-2.157,3.829
-2.243,-0.029
-2.398,-0.064
-2.415,0.897
-2.338,0.824
-2.663,0.051
-2.709,2.434
-2.652,1.198
-2.726,2.481
-2.896,3.891
-2.869,1.858
-2.927,0.932
-3.087,1.902
3.02,3.629
2.971,1.312
2.977,1.423
2.801,3.174
2.904,1.024
2.728,2.052
2.645,0.961
2.727,1.546
2.489,3.384
2.5,1.202
2.591,1.966
2.55,1.485
2.543,3.851
2.331,0.926
2.281,1.779
2.165,2.045
2.083,0.245
2.017,3.101
1.823,0.475
1.801,3.049
1.897,2.155
1.836,0.03
1.668,3.2
1.66,-0.001
1.69,1.381
1.525,2.857
1.232,2.95
1.385,2.786
1.338,0.924
1.312,3.595
1.104,-0.088
0.894,1.6
0.977,1.605
0.68,3.919
0.754,1.232
0.605,1.377
0.414,2.107
0.327,0.138
0.407,1.36
0.036,-0.248
-0.156,-0.411
-0.408,-0.468
-2.056,-0.389
-1.961,-0.383
-2.286,-0.459
-2.442,-0.219
-2.547,-0.416
-3.038,-0.091
2.432,-0.376
2.345,-0.091
2.003,-0.223
1.249,-0.605
0.865,-0.239
-0.029,4.02
-0.222,4.062
-0.372,4.042
-2.154,4.056
-2.888,4.123
2.525,4.017
1.548,4.264
1.243,3.963
1.071,3.985
0.98,4.271
0.236,3.678
-0.767,1.907
-2.286,3.705
-3.034,2.11
2.265,1.732
1.23,0.9
-1.657,3.38
2.026,2.929
1.999,2.281
1.072,2.264
0.975,2.868
0.649,1.388
0.642,3.38
0.432,1.95
-2.971,1.055
0.866,1.068
-0.016,2.143
0.01,0.591
-0.133,0.729
-0.205,1.954
-0.26,1.668
-0.468,0.9
-0.619,-0.731
-0.571,0.949
-0.575,1.417
-0.733,-0.972
-0.706,-0.339
-0.737,-0.651
-0.877,-1.581
-0.95,-0.723
-1.296,-0.497
-1.17,-0.458
-1.376,0.899
-1.27,-1.768
-1.376,0.983
-1.667,0.137
-1.626,1.612
-1.685,-0.85
-1.723,1.547
-1.765,1.756
-1.912,1.259
-1.957,-1.46
-2.09,-0.193
-2.108,-0.839
-2.036,2.043
-2.122,-1.815
-2.277,-1.85
-2.294,-0.889
-2.217,-0.962
-2.542,-1.735
-2.588,0.648
-2.531,-0.588
-2.605,0.695
-2.775,2.105
-2.748,0.072
-2.806,-0.854
-2.966,0.116
3.141,1.843
3.092,-0.474
3.098,-0.363
2.922,1.388
3.025,-0.762
2.849,0.266
2.766,-0.825
2.848,-0.24
2.61,1.598
2.621,-0.584
2.712,0.18
2.671,-0.301
2.664,2.065
2.452,-0.86
2.402,-0.007
2.286,0.259
2.204,-1.541
2.138,1.315
1.944,-1.311
1.922,1.263
2.018,0.369
1.957,-1.756
1.789,1.414
1.781,-1.787
1.811,-0.405
1.646,1.071
1.353,1.164
1.506,1.0
1.459,-0.862
1.433,1.809
1.225,-1.874
1.015,-0.186
1.098,-0.181
0.801,2.133
0.875,-0.554
0.726,-0.409
0.535,0.321
0.448,-1.648
0.528,-0.426
0.157,-2.034
-0.035,-2.197
-0.287,-2.254
-1.935,-2.175
-1.84,-2.169
-2.165,-2.245
-2.321,-2.005
-2.426,-2.202
-2.917,-1.877
2.553,-2.162
2.466,-1.877
2.124,-2.009
1.37,-2.391
0.986,-2.025
0.092,2.234
-0.101,2.276
-0.251,2.256
-2.033,2.27
-2.767,2.337
2.646,2.231
1.669,2.478
1.364,2.177
1.192,2.199
1.101,2.485
0.357,1.892
-0.646,0.121
-2.165,1.919
-2.913,0.324
2.386,-0.054
1.351,-0.886
-1.536,1.594
2.147,1.143
2.12,0.495
1.193,0.478
1.096,1.082
0.77,-0.398
0.763,1.594
0.553,0.164
-2.85,-0.731
0.987,-0.718
0.026,-1.552
-0.117,-1.414
-0.189,-0.189
-0.244,-0.475
-0.452,-1.243
-0.603,-2.874
-0.555,-1.194
-0.559,-0.726
-0.717,-3.115
-0.69,-2.482
-0.721,-2.794
-0.861,-3.724
-0.934,-2.866
-1.28,-2.64
-1.154,-2.601
-1.36,-1.244
-1.254,-3.911
-1.36,-1.16
-1.651,-2.006
-1.61,-0.531
-1.669,-2.993
-1.707,-0.596
-1.749,-0.387
-1.896,-0.884
-1.941,-3.603
-2.074,-2.336
-2.092,-2.982
-2.02,-0.1
-2.106,-3.958
-2.261,-3.993
-2.278,-3.032
-2.201,-3.105
-2.526,-3.878
-2.572,-1.495
-2.515,-2.731
-2.589,-1.448
-2.759,-0.038
-2.732,-2.071
-2.79,-2.997
-2.95,-2.027
-3.126,-0.3
3.108,-2.617
3.114,-2.506
2.938,-0.755
3.041,-2.905
2.865,-1.877
2.782,-2.968
2.864,-2.383
2.626,-0.545
2.637,-2.727
2.728,-1.963
2.687,-2.444
2.68,-0.078
2.468,-3.003
2.418,-2.15
2.302,-1.884
2.22,-3.684
2.154,-0.828
1.96,-3.454
1.938,-0.88
2.034,-1.774
1.973,-3.899
1.805,-0.729
1.797,-3.93
1.827,-2.548
1.662,-1.072
1.369,-0.979
1.522,-1.143
1.475,-3.005
1.449,-0.334
1.241,-4.017
1.031,-2.329
1.114,-2.324
0.817,-0.01
0.891,-2.697
0.742,-2.552
0.551,-1.822
0.464,-3.791
0.544,-2.569
0.173,-4.177
-0.019,-4.34
-0.271,-4.397
-1.919,-4.318
-1.824,-4.312
-2.149,-4.388
-2.305,-4.148
-2.41,-4.345
-2.901,-4.02
2.569,-4.305
2.482,-4.02
2.14,-4.152
1.386,-4.534
1.002,-4.168
0.108,0.091
-0.085,0.133
-0.235,0.113
-2.017,0.127
-2.751,0.194
2.662,0.088
1.685,0.335
1.38,0.034
1.208,0.056
1.117,0.342
0.373,-0.251
-0.63,-2.022
-2.149,-0.224
-2.897,-1.819
2.402,-2.197
1.367,-3.029
-1.52,-0.549
2.163,-1.0
2.136,-1.648
1.209,-1.665
1.112,-1.061
0.786,-2.541
0.779,-0.549
0.569,-1.979
-2.834,-2.874
1.003,-2.861
-0.143,0.138
-0.215,1.363
-0.27,1.077
-0.478,0.309
-0.629,-1.322
-0.581,0.358
-0.585,0.826
-0.743,-1.563
-0.716,-0.93
-0.747,-1.242
-0.887,-2.172
-0.96,-1.314
-1.306,-1.088
-1.18,-1.049
-1.386,0.308
-1.28,-2.359
-1.386,0.392
-1.677,-0.454
-1.636,1.021
-1.695,-1.441
-1.733,0.956
-1.775,1.165
-1.922,0.668
-1.967,-2.051
-2.1,-0.784
-2.118,-1.43
-2.046,1.452
-2.132,-2.406
-2.287,-2.441
-2.304,-1.48
-2.227,-1.553
-2.552,-2.326
-2.598,0.057
-2.541,-1.179
-2.615,0.104
-2.785,1.514
-2.758,-0.519
-2.816,-1.445
-2.976,-0.475
3.131,1.252
3.082,-1.065
3.088,-0.954
2.912,0.797
3.015,-1.353
2.839,-0.325
2.756,-1.416
2.838,-0.831
2.6,1.007
2.611,-1.175
2.702,-0.411
2.661,-0.892
2.654,1.474
2.442,-1.451
2.392,-0.598
2.276,-0.332
2.194,-2.132
2.128,0.724
1.934,-1.902
1.912,0.672
2.008,-0.222
1.947,-2.347
1.779,0.823
1.771,-2.378
1.801,-0.996
1.636,0.48
1.343,0.573
1.496,0.409
1.449,-1.453
1.423,1.218
1.215,-2.465
1.005,-0.777
1.088,-0.772
0.791,1.542
0.865,-1.145
0.716,-1.0
0.525,-0.27
0.438,-2.239
0.518,-1.017
0.147,-2.625
-0.045,-2.788
-0.297,-2.845
-1.945,-2.766
-1.85,-2.76
-2.175,-2.836
-2.331,-2.596
-2.436,-2.793
-2.927,-2.468
2.543,-2.753
2.456,-2.468
2.114,-2.6
1.36,-2.982
0.976,-2.616
0.082,1.643
-0.111,1.685
-0.261,1.665
-2.043,1.679
-2.777,1.746
2.636,1.64
1.659,1.887
1.354,1.586
1.182,1.608
1.091,1.894
0.347,1.301
-0.656,-0.47
-2.175,1.328
-2.923,-0.267
2.376,-0.645
1.341,-1.477
-1.546,1.003
2.137,0.552
2.11,-0.096
1.183,-0.113
1.086,0.491
0.76,-0.989
0.753,1.003
0.543,-0.427
-2.86,-1.322
0.977,-1.309
-0.072,1.225
-0.127,0.939
-0.335,0.171
-0.486,-1.46
-0.438,0.22
-0.442,0.688
-0.6,-1.701
-0.573,-1.068
-0.604,-1.38
-0.744,-2.31
-0.817,-1.452
-1.163,-1.226
-1.037,-1.187
-1.243,0.17
-1.137,-2.497
-1.243,0.254
-1.534,-0.592
-1.493,0.883
-1.552,-1.579
-1.59,0.818
-1.632,1.027
-1.779,0.53
-1.824,-2.189
-1.957,-0.922
-1.975,-1.568
-1.903,1.314
-1.989,-2.544
-2.144,-2.579
-2.161,-1.618
-2.084,-1.691
-2.409,-2.464
-2.455,-0.081
-2.398,-1.317
-2.472,-0.034
-2.642,1.376
-2.615,-0.657
-2.673,-1.583
-2.833,-0.613
-3.009,1.114
-3.058,-1.203
-3.052,-1.092
3.055,0.659
-3.125,-1.491
2.982,-0.463
2.899,-1.554
2.981,-0.969
2.743,0.869
2.754,-1.313
2.845,-0.549
2.804,-1.03
2.797,1.336
2.585,-1.589
2.535,-0.736
2.419,-0.47
2.337,-2.27
2.271,0.586
2.077,-2.04
2.055,0.534
2.151,-0.36
2.09,-2.485
1.922,0.685
1.914,-2.516
1.944,-1.134
1.779,0.342
1.486,0.435
1.639,0.271
1.592,-1.591
1.566,1.08
1.358,-2.603
1.148,-0.915
1.231,-0.91
0.934,1.404
1.008,-1.283
0.859,-1.138
0.668,-0.408
0.581,-2.377
0.661,-1.155
0.29,-2.763
0.098,-2.926
-0.154,-2.983
-1.802,-2.904
-1.707,-2.898
-2.032,-2.974
-2.188,-2.734
-2.293,-2.931
-2.784,-2.606
2.686,-2.891
2.599,-2.606
2.257,-2.738
1.503,-3.12
1.119,-2.754
0.225,1.505
0.032,1.547
-0.118,1.527
-1.9,1.541
-2.634,1.608
2.779,1.502
1.802,1.749
1.497,1.448
1.325,1.47
1.234,1.756
0.49,1.163
-0.513,-0.608
-2.032,1.19
-2.78,-0.405
2.519,-0.783
1.484,-1.615
-1.403,0.865
2.28,0.414
2.253,-0.234
1.326,-0.251
1.229,0.353
0.903,-1.127
0.896,0.865
0.686,-0.565
-2.717,-1.46
1.12,-1.447
-0.055,-0.286
-0.263,-1.054
-0.414,-2.685
-0.366,-1.005
-0.37,-0.537
-0.528,-2.926
-0.501,-2.293
-0.532,-2.605
-0.672,-3.535
-0.745,-2.677
-1.091,-2.451
-0.965,-2.412
-1.171,-1.055
-1.065,-3.722
-1.171,-0.971
-1.462,-1.817
-1.421,-0.342
-1.48,-2.804
-1.518,-0.407
-1.56,-0.198
-1.707,-0.695
-1.752,-3.414
-1.885,-2.147
-1.903,-2.793
-1.831,0.089
-1.917,-3.769
-2.072,-3.804
-2.089,-2.843
-2.012,-2.916
-2.337,-3.689
-2.383,-1.306
-2.326,-2.542
-2.4,-1.259
-2.57,0.151
-2.543,-1.882
-2.601,-2.808
-2.761,-1.838
-2.937,-0.111
-2.986,-2.428
-2.98,-2.317
3.127,-0.566
-3.053,-2.716
3.054,-1.688
2.971,-2.779
3.053,-2.194
2.815,-0.356
2.826,-2.538
2.917,-1.774
2.876,-2.255
2.869,0.111
2.657,-2.814
2.607,-1.961
2.491,-1.695
2.409,-3.495
2.343,-0.639
2.149,-3.265
2.127,-0.691
2.223,-1.585
2.162,-3.71
1.994,-0.54
1.986,-3.741
2.016,-2.359
1.851,-0.883
1.558,-0.79
1.711,-0.954
1.664,-2.816
1.638,-0.145
1.43,-3.828
1.22,-2.14
1.303,-2.135
1.006,0.179
1.08,-2.508
0.931,-2.363
0.74,-1.633
0.653,-3.602
0.733,-2.38
0.362,-3.988
0.17,-4.151
-0.082,-4.208
-1.73,-4.129
-1.635,-4.123
-1.96,-4.199
-2.116,-3.959
-2.221,-4.156
-2.712,-3.831
2.758,-4.116
2.671,-3.831
2.329,-3.963
1.575,-4.345
1.191,-3.979
0.297,0.28
0.104,0.322
-0.046,0.302
-1.828,0.316
-2.562,0.383
2.851,0.277
1.874,0.524
1.569,0.223
1.397,0.245
1.306,0.531
0.562,-0.062
-0.441,-1.833
-1.96,-0.035
-2.708,-1.63
2.591,-2.008
1.556,-2.84
-1.331,-0.36
2.352,-0.811
2.325,-1.459
1.398,-1.476
1.301,-0.872
0.975,-2.352
0.968,-0.36
0.758,-1.79
-2.645,-2.685
1.192,-2.672
-0.208,-0.768
-0.359,-2.399
-0.311,-0.719
-0.315,-0.251
-0.473,-2.64
-0.446,-2.007
-0.477,-2.319
-0.617,-3.249
-0.69,-2.391
-1.036,-2.165
-0.91,-2.126
-1.116,-0.769
-1.01,-3.436
-1.116,-0.685
-1.407,-1.531
-1.366,-0.056
-1.425,-2.518
-1.463,-0.121
-1.505,0.088
-1.652,-0.409
-1.697,-3.128
-1.83,-1.861
-1.848,-2.507
-1.776,0.375
-1.862,-3.483
-2.017,-3.518
-2.034,-2.557
-1.957,-2.63
-2.282,-3.403
-2.328,-1.02
-2.271,-2.256
-2.345,-0.973
-2.515,0.437
-2.488,-1.596
-2.546,-2.522
-2.706,-1.552
-2.882,0.175
-2.931,-2.142
-2.925,-2.031
-3.101,-0.28
-2.998,-2.43
3.109,-1.402
3.026,-2.493
3.108,-1.908
2.87,-0.07
2.881,-2.252
2.972,-1.488
2.931,-1.969
2.924,0.397
2.712,-2.528
2.662,-1.675
2.546,-1.409
2.464,-3.209
2.398,-0.353
2.204,-2.979
2.182,-0.405
2.278,-1.299
2.217,-3.424
2.049,-0.254
2.041,-3.455
2.071,-2.073
1.906,-0.597
1.613,-0.504
1.766,-0.668
1.719,-2.53
1.693,0.141
1.485,-3.542
1.275,-1.854
1.358,-1.849
1.061,0.465
1.135,-2.222
0.986,-2.077
0.795,-1.347
0.708,-3.316
0.788,-2.094
0.417,-3.702
0.225,-3.865
-0.027,-3.922
-1.675,-3.843
-1.58,-3.837
-1.905,-3.913
-2.061,-3.673
-2.166,-3.87
-2.657,-3.545
2.813,-3.83
2.726,-3.545
2.384,-3.677
1.63,-4.059
1.246,-3.693
0.352,0.566
0.159,0.608
0.009,0.588
-1.773,0.602
-2.507,0.669
2.906,0.563
1.929,0.81
1.624,0.509
1.452,0.531
1.361,0.817
0.617,0.224
-0.386,-1.547
-1.905,0.251
-2.653,-1.344
2.646,-1.722
1.611,-2.554
-1.276,-0.074
2.407,-0.525
2.38,-1.173
1.453,-1.19
1.356,-0.586
1.03,-2.066
1.023,-0.074
0.813,-1.504
-2.59,-2.399
1.247,-2.386
-0.151,-1.631
-0.103,0.049
-0.107,0.517
-0.265,-1.872
-0.238,-1.239
-0.269,-1.551
-0.409,-2.481
-0.482,-1.623
-0.828,-1.397
-0.702,-1.358
-0.908,-0.001
-0.802,-2.668
-0.908,0.083
-1.199,-0.763
-1.158,0.712
-1.217,-1.75
-1.255,0.647
-1.297,0.856
-1.444,0.359
-1.489,-2.36
-1.622,-1.093
-1.64,-1.739
-1.568,1.143
-1.654,-2.715
-1.809,-2.75
-1.826,-1.789
-1.749,-1.862
-2.074,-2.635
-2.12,-0.252
-2.063,-1.488
-2.137,-0.205
-2.307,1.205
-2.28,-0.828
-2.338,-1.754
-2.498,-0.784
-2.674,0.943
-2.723,-1.374
-2.717,-1.263
-2.893,0.488
-2.79,-1.662
-2.966,-0.634
-3.049,-1.725
-2.967,-1.14
3.078,0.698
3.089,-1.484
-3.103,-0.72
3.139,-1.201
3.132,1.165
2.92,-1.76
2.87,-0.907
2.754,-0.641
2.672,-2.441
2.606,0.415
2.412,-2.211
2.39,0.363
2.486,-0.531
2.425,-2.656
2.257,0.514
2.249,-2.687
2.279,-1.305
2.114,0.171
1.821,0.264
1.974,0.1
1.927,-1.762
1.901,0.909
1.693,-2.774
1.483,-1.086
1.566,-1.081
1.269,1.233
1.343,-1.454
1.194,-1.309
1.003,-0.579
0.916,-2.548
0.996,-1.326
0.625,-2.934
0.433,-3.097
0.181,-3.154
-1.467,-3.075
-1.372,-3.069
-1.697,-3.145
-1.853,-2.905
-1.958,-3.102
-2.449,-2.777
3.021,-3.062
2.934,-2.777
2.592,-2.909
1.838,-3.291
1.454,-2.925
0.56,1.334
0.367,1.376
0.217,1.356
-1.565,1.37
-2.299,1.437
3.114,1.331
2.137,1.578
1.832,1.277
1.66,1.299
1.569,1.585
0.825,0.992
-0.178,-0.779
-1.697,1.019
-2.445,-0.576
2.854,-0.954
1.819,-1.786
-1.068,0.694
2.615,0.243
2.588,-0.405
1.661,-0.422
1.564,0.182
1.238,-1.298
1.231,0.694
1.021,-0.736
-2.382,-1.631
1.455,-1.618
0.048,1.68
0.044,2.148
-0.114,-0.241
-0.087,0.392
-0.118,0.08
-0.258,-0.85
-0.331,0.008
-0.677,0.234
-0.551,0.273
-0.757,1.63
-0.651,-1.037
-0.757,1.714
-1.048,0.868
-1.007,2.343
-1.066,-0.119
-1.104,2.278
-1.146,2.487
-1.293,1.99
-1.338,-0.729
-1.471,0.538
-1.489,-0.108
-1.417,2.774
-1.503,-1.084
-1.658,-1.119
-1.675,-0.158
-1.598,-0.231
-1.923,-1.004
-1.969,1.379
-1.912,0.143
-1.986,1.426
-2.156,2.836
-2.129,0.803
-2.187,-0.123
-2.347,0.847
-2.523,2.574
-2.572,0.257
-2.566,0.368
-2.742,2.119
-2.639,-0.031
-2.815,0.997
-2.898,-0.094
-2.816,0.491
-3.054,2.329
-3.043,0.147
-2.952,0.911
-2.993,0.43
-3.0,2.796
3.071,-0.129
3.021,0.724
2.905,0.99
2.823,-0.81
2.757,2.046
2.563,-0.58
2.541,1.994
2.637,1.1
2.576,-1.025
2.408,2.145
2.4,-1.056
2.43,0.326
2.265,1.802
1.972,1.895
2.125,1.731
2.078,-0.131
2.052,2.54
1.844,-1.143
1.634,0.545
1.717,0.55
1.42,2.864
1.494,0.177
1.345,0.322
1.154,1.052
1.067,-0.917
1.147,0.305
0.776,-1.303
0.584,-1.466
0.332,-1.523
-1.316,-1.444
-1.221,-1.438
-1.546,-1.514
-1.702,-1.274
-1.807,-1.471
-2.298,-1.146
-3.111,-1.431
3.085,-1.146
2.743,-1.278
1.989,-1.66
1.605,-1.294
0.711,2.965
0.518,3.007
0.368,2.987
-1.414,3.001
-2.148,3.068
-3.018,2.962
2.288,3.209
1.983,2.908
1.811,2.93
1.72,3.216
0.976,2.623
-0.027,0.852
-1.546,2.65
-2.294,1.055
3.005,0.677
1.97,-0.155
-0.917,2.325
2.766,1.874
2.739,1.226
1.812,1.209
1.715,1.813
1.389,0.333
1.382,2.325
1.172,0.895
-2.231,0.0
1.606,0.013
-0.004,0.468
-0.162,-1.921
-0.135,-1.288
-0.166,-1.6
-0.306,-2.53
-0.379,-1.672
-0.725,-1.446
-0.599,-1.407
-0.805,-0.05
-0.699,-2.717
-0.805,0.034
-1.096,-0.812
-1.055,0.663
-1.114,-1.799
-1.152,0.598
-1.194,0.807
-1.341,0.31
-1.386,-2.409
-1.519,-1.142
-1.537,-1.788
-1.465,1.094
-1.551,-2.764
-1.706,-2.799
-1.723,-1.838
-1.646,-1.911
-1.971,-2.684
-2.017,-0.301
-1.96,-1.537
-2.034,-0.254
-2.204,1.156
-2.177,-0.877
-2.235,-1.803
-2.395,-0.833
-2.571,0.894
-2.62,-1.423
-2.614,-1.312
-2.79,0.439
-2.687,-1.711
-2.863,-0.683
-2.946,-1.774
-2.864,-1.189
-3.102,0.649
-3.091,-1.533
-3.0,-0.769
-3.041,-1.25
-3.048,1.116
3.023,-1.809
2.973,-0.956
2.857,-0.69
2.775,-2.49
2.709,0.366
2.515,-2.26
2.493,0.314
2.589,-0.58
2.528,-2.705
2.36,0.465
2.352,-2.736
2.382,-1.354
2.217,0.122
1.924,0.215
2.077,0.051
2.03,-1.811
2.004,0.86
1.796,-2.823
1.586,-1.135
1.669,-1.13
1.372,1.184
1.446,-1.503
1.297,-1.358
1.106,-0.628
1.019,-2.597
1.099,-1.375
0.728,-2.983
0.536,-3.146
0.284,-3.203
-1.364,-3.124
-1.269,-3.118
-1.594,-3.194
-1.75,-2.954
-1.855,-3.151
-2.346,-2.826
3.124,-3.111
3.037,-2.826
2.695,-2.958
1.941,-3.34
1.557,-2.974
0.663,1.285
0.47,1.327
0.32,1.307
-1.462,1.321
-2.196,1.388
-3.066,1.282
2.24,1.529
1.935,1.228
1.763,1.25
1.672,1.536
0.928,0.943
-0.075,-0.828
-1.594,0.97
-2.342,-0.625
2.957,-1.003
1.922,-1.835
-0.965,0.645
2.718,0.194
2.691,-0.454
1.764,-0.471
1.667,0.133
1.341,-1.347
1.334,0.645
1.124,-0.785
-2.279,-1.68
1.558,-1.667
-0.158,-2.389
-0.131,-1.756
-0.162,-2.068
-0.302,-2.998
-0.375,-2.14
-0.721,-1.914
-0.595,-1.875
-0.801,-0.518
-0.695,-3.185
-0.801,-0.434
-1.092,-1.28
-1.051,0.195
-1.11,-2.267
-1.148,0.13
-1.19,0.339
-1.337,-0.158
-1.382,-2.877
-1.515,-1.61
-1.533,-2.256
-1.461,0.626
-1.547,-3.232
-1.702,-3.267
-1.719,-2.306
-1.642,-2.379
-1.967,-3.152
-2.013,-0.769
-1.956,-2.005
-2.03,-0.722
-2.2,0.688
-2.173,-1.345
-2.231,-2.271
-2.391,-1.301
-2.567,0.426
-2.616,-1.891
-2.61,-1.78
-2.786,-0.029
-2.683,-2.179
-2.859,-1.151
-2.942,-2.242
-2.86,-1.657
-3.098,0.181
-3.087,-2.001
-2.996,-1.237
-3.037,-1.718
-3.044,0.648
3.027,-2.277
2.977,-1.424
2.861,-1.158
2.779,-2.958
2.713,-0.102
2.519,-2.728
2.497,-0.154
2.593,-1.048
2.532,-3.173
2.364,-0.003
2.356,-3.204
2.386,-1.822
2.221,-0.346
1.928,-0.253
2.081,-0.417
2.034,-2.279
2.008,0.392
1.8,-3.291
1.59,-1.603
1.673,-1.598
1.376,0.716
1.45,-1.971
1.301,-1.826
1.11,-1.096
1.023,-3.065
1.103,-1.843
0.732,-3.451
0.54,-3.614
0.288,-3.671
-1.36,-3.592
-1.265,-3.586
-1.59,-3.662
-1.746,-3.422
-1.851,-3.619
-2.342,-3.294
3.128,-3.579
3.041,-3.294
2.699,-3.426
1.945,-3.808
1.561,-3.442
0.667,0.817
0.474,0.859
0.324,0.839
-1.458,0.853
-2.192,0.92
-3.062,0.814
2.244,1.061
1.939,0.76
1.767,0.782
1.676,1.068
0.932,0.475
-0.071,-1.296
-1.59,0.502
-2.338,-1.093
2.961,-1.471
1.926,-2.303
-0.961,0.177
2.722,-0.274
2.695,-0.922
1.768,-0.939
1.671,-0.335
1.345,-1.815
1.338,0.177
1.128,-1.253
-2.275,-2.148
1.562,-2.135
0.027,0.633
-0.004,0.321
-0.144,-0.609
-0.217,0.249
-0.563,0.475
-0.437,0.514
-0.643,1.871
-0.537,-0.796
-0.643,1.955
-0.934,1.109
-0.893,2.584
-0.952,0.122
-0.99,2.519
-1.032,2.728
-1.179,2.231
-1.224,-0.488
-1.357,0.779
-1.375,0.133
-1.303,3.015
-1.389,-0.843
-1.544,-0.878
-1.561,0.083
-1.484,0.01
-1.809,-0.763
-1.855,1.62
-1.798,0.384
-1.872,1.667
-2.042,3.077
-2.015,1.044
-2.073,0.118
-2.233,1.088
-2.409,2.815
-2.458,0.498
-2.452,0.609
-2.628,2.36
-2.525,0.21
-2.701,1.238
-2.784,0.147
-2.702,0.732
-2.94,2.57
-2.929,0.388
-2.838,1.152
-2.879,0.671
-2.886,3.037
-3.098,0.112
3.135,0.965
3.019,1.231
2.937,-0.569
2.871,2.287
2.677,-0.339
2.655,2.235
2.751,1.341
2.69,-0.784
2.522,2.386
2.514,-0.815
2.544,0.567
2.379,2.043
2.086,2.136
2.239,1.972
2.192,0.11
2.166,2.781
1.958,-0.902
1.748,0.786
1.831,0.791
1.534,3.105
1.608,0.418
1.459,0.563
1.268,1.293
1.181,-0.676
1.261,0.546
0.89,-1.062
0.698,-1.225
0.446,-1.282
-1.202,-1.203
-1.107,-1.197
-1.432,-1.273
-1.588,-1.033
-1.693,-1.23
-2.184,-0.905
-2.997,-1.19
-3.084,-0.905
2.857,-1.037
2.103,-1.419
1.719,-1.053
0.825,3.206
0.632,3.248
0.482,3.228
-1.3,3.242
-2.034,3.309
-2.904,3.203
2.402,3.45
2.097,3.149
1.925,3.171
1.834,3.457
1.09,2.864
0.087,1.093
-1.432,2.891
-2.18,1.296
3.119,0.918
2.084,0.086
-0.803,2.566
2.88,2.115
2.853,1.467
1.926,1.45
1.829,2.054
1.503,0.574
1.496,2.566
1.286,1.136
-2.117,0.241
1.72,0.254
-0.031,-0.312
-0.171,-1.242
-0.244,-0.384
-0.59,-0.158
-0.464,-0.119
-0.67,1.238
-0.564,-1.429
-0.67,1.322
-0.961,0.476
-0.92,1.951
-0.979,-0.511
-1.017,1.886
-1.059,2.095
-1.206,1.598
-1.251,-1.121
-1.384,0.146
-1.402,-0.5
-1.33,2.382
-1.416,-1.476
-1.571,-1.511
-1.588,-0.55
-1.511,-0.623
-1.836,-1.396
-1.882,0.987
-1.825,-0.249
-1.899,1.034
-2.069,2.444
-2.042,0.411
-2.1,-0.515
-2.26,0.455
-2.436,2.182
-2.485,-0.135
-2.479,-0.024
-2.655,1.727
-2.552,-0.423
-2.728,0.605
-2.811,-0.486
-2.729,0.099
-2.967,1.937
-2.956,-0.245
-2.865,0.519
-2.906,0.038
-2.913,2.404
-3.125,-0.521
3.108,0.332
2.992,0.598
2.91,-1.202
2.844,1.654
2.65,-0.972
2.628,1.602
2.724,0.708
2.663,-1.417
2.495,1.753
2.487,-1.448
2.517,-0.066
2.352,1.41
2.059,1.503
2.212,1.339
2.165,-0.523
2.139,2.148
1.931,-1.535
1.721,0.153
1.804,0.158
1.507,2.472
1.581,-0.215
1.432,-0.07
1.241,0.66
1.154,-1.309
1.234,-0.087
0.863,-1.695
0.671,-1.858
0.419,-1.915
-1.229,-1.836
-1.134,-1.83
-1.459,-1.906
-1.615,-1.666
-1.72,-1.863
-2.211,-1.538
-3.024,-1.823
-3.111,-1.538
2.83,-1.67
2.076,-2.052
1.692,-1.686
0.798,2.573
0.605,2.615
0.455,2.595
-1.327,2.609
-2.061,2.676
-2.931,2.57
2.375,2.817
2.07,2.516
1.898,2.538
1.807,2.824
1.063,2.231
0.06,0.46
-1.459,2.258
-2.207,0.663
3.092,0.285
2.057,-0.547
-0.83,1.933
2.853,1.482
2.826,0.834
1.899,0.817
1.802,1.421
1.476,-0.059
1.469,1.933
1.259,0.503
-2.144,-0.392
1.693,-0.379
-0.14,-0.93
-0.213,-0.072
-0.559,0.154
-0.433,0.193
-0.639,1.55
-0.533,-1.117
-0.639,1.634
-0.93,0.788
-0.889,2.263
-0.948,-0.199
-0.986,2.198
-1.028,2.407
-1.175,1.91
-1.22,-0.809
-1.353,0.458
-1.371,-0.188
-1.299,2.694
-1.385,-1.164
-1.54,-1.199
-1.557,-0.238
-1.48,-0.311
-1.805,-1.084
-1.851,1.299
-1.794,0.063
-1.868,1.346
-2.038,2.756
-2.011,0.723
-2.069,-0.203
-2.229,0.767
-2.405,2.494
-2.454,0.177
-2.448,0.288
-2.624,2.039
-2.521,-0.111
-2.697,0.917
-2.78,-0.174
-2.698,0.411
-2.936,2.249
-2.925,0.067
-2.834,0.831
-2.875,0.35
-2.882,2.716
-3.094,-0.209
3.139,0.644
3.023,0.91
2.941,-0.89
2.875,1.966
2.681,-0.66
2.659,1.914
2.755,1.02
2.694,-1.105
2.526,2.065
2.518,-1.136
2.548,0.246
2.383,1.722
2.09,1.815
2.243,1.651
2.196,-0.211
2.17,2.46
1.962,-1.223
1.752,0.465
1.835,0.47
1.538,2.784
1.612,0.097
1.463,0.242
1.272,0.972
1.185,-0.997
1.265,0.225
0.894,-1.383
0.702,-1.546
0.45,-1.603
-1.198,-1.524
-1.103,-1.518
-1.428,-1.594
-1.584,-1.354
-1.689,-1.551
-2.18,-1.226
-2.993,-1.511
-3.08,-1.226
2.861,-1.358
2.107,-1.74
1.723,-1.374
0.829,2.885
0.636,2.927
0.486,2.907
-1.296,2.921
-2.03,2.988
-2.9,2.882
2.406,3.129
2.101,2.828
1.929,2.85
1.838,3.136
1.094,2.543
0.091,0.772
-1.428,2.57
-2.176,0.975
3.123,0.597
2.088,-0.235
-0.799,2.245
2.884,1.794
2.857,1.146
1.93,1.129
1.833,1.733
1.507,0.253
1.5,2.245
1.29,0.815
-2.113,-0.08
1.724,-0.067
-0.073,0.858
-0.419,1.084
-0.293,1.123
-0.499,2.48
-0.393,-0.187
-0.499,2.564
-0.79,1.718
-0.749,3.193
-0.808,0.731
-0.846,3.128
-0.888,3.337
-1.035,2.84
-1.08,0.121
-1.213,1.388
-1.231,0.742
-1.159,3.624
-1.245,-0.234
-1.4,-0.269
-1.417,0.692
-1.34,0.619
-1.665,-0.154
-1.711,2.229
-1.654,0.993
-1.728,2.276
-1.898,3.686
-1.871,1.653
-1.929,0.727
-2.089,1.697
-2.265,3.424
-2.314,1.107
-2.308,1.218
-2.484,2.969
-2.381,0.819
-2.557,1.847
-2.64,0.756
-2.558,1.341
-2.796,3.179
-2.785,0.997
-2.694,1.761
-2.735,1.28
-2.742,3.646
-2.954,0.721
-3.004,1.574
-3.12,1.84
3.081,0.04
3.015,2.896
2.821,0.27
2.799,2.844
2.895,1.95
2.834,-0.175
2.666,2.995
2.658,-0.206
2.688,1.176
2.523,2.652
2.23,2.745
2.383,2.581
2.336,0.719
2.31,3.39
2.102,-0.293
1.892,1.395
1.975,1.4
1.678,3.714
1.752,1.027
1.603,1.172
1.412,1.902
1.325,-0.067
1.405,1.155
1.034,-0.453
0.842,-0.616
0.59,-0.673
-1.058,-0.594
-0.963,-0.588
-1.288,-0.664
-1.444,-0.424
-1.549,-0.621
-2.04,-0.296
-2.853,-0.581
-2.94,-0.296
3.001,-0.428
2.247,-0.81
1.863,-0.444
0.969,3.815
0.776,3.857
0.626,3.837
-1.156,3.851
-1.89,3.918
-2.76,3.812
2.546,4.059
2.241,3.758
2.069,3.78
1.978,4.066
1.234,3.473
0.231,1.702
-1.288,3.5
-2.036,1.905
-3.02,1.527
2.228,0.695
-0.659,3.175
3.024,2.724
2.997,2.076
2.07,2.059
1.973,2.663
1.647,1.183
1.64,3.175
1.43,1.745
-1.973,0.85
1.864,0.863
-0.346,0.226
-0.22,0.265
-0.426,1.622
-0.32,-1.045
-0.426,1.706
-0.717,0.86
-0.676,2.335
-0.735,-0.127
-0.773,2.27
-0.815,2.479
-0.962,1.982
-1.007,-0.737
-1.14,0.53
-1.158,-0.116
-1.086,2.766
-1.172,-1.092
-1.327,-1.127
-1.344,-0.166
-1.267,-0.239
-1.592,-1.012
-1.638,1.371
-1.581,0.135
-1.655,1.418
-1.825,2.828
-1.798,0.795
-1.856,-0.131
-2.016,0.839
-2.192,2.566
-2.241,0.249
-2.235,0.36
-2.411,2.111
-2.308,-0.039
-2.484,0.989
-2.567,-0.102
-2.485,0.483
-2.723,2.321
-2.712,0.139
-2.621,0.903
-2.662,0.422
-2.669,2.788
-2.881,-0.137
-2.931,0.716
-3.047,0.982
-3.129,-0.818
3.088,2.038
2.894,-0.588
2.872,1.986
2.968,1.092
2.907,-1.033
2.739,2.137
2.731,-1.064
2.761,0.318
2.596,1.794
2.303,1.887
2.456,1.723
2.409,-0.139
2.383,2.532
2.175,-1.151
1.965,0.537
2.048,0.542
1.751,2.856
1.825,0.169
1.676,0.314
1.485,1.044
1.398,-0.925
1.478,0.297
1.107,-1.311
0.915,-1.474
0.663,-1.531
-0.985,-1.452
-0.89,-1.446
-1.215,-1.522
-1.371,-1.282
-1.476,-1.479
-1.967,-1.154
-2.78,-1.439
-2.867,-1.154
3.074,-1.286
2.32,-1.668
1.936,-1.302
1.042,2.957
0.849,2.999
0.699,2.979
-1.083,2.993
-1.817,3.06
-2.687,2.954
2.619,3.201
2.314,2.9
2.142,2.922
2.051,3.208
1.307,2.615
0.304,0.844
-1.215,2.642
-1.963,1.047
-2.947,0.669
2.301,-0.163
-0.586,2.317
3.097,1.866
3.07,1.218
2.143,1.201
2.046,1.805
1.72,0.325
1.713,2.317
1.503,0.887
-1.9,-0.008
1.937,0.005
0.126,0.039
-0.08,1.396
0.026,-1.271
-0.08,1.48
-0.371,0.634
-0.33,2.109
-0.389,-0.353
-0.427,2.044
-0.469,2.253
-0.616,1.756
-0.661,-0.963
-0.794,0.304
-0.812,-0.342
-0.74,2.54
-0.826,-1.318
-0.981,-1.353
-0.998,-0.392
-0.921,-0.465
-1.246,-1.238
-1.292,1.145
-1.235,-0.091
-1.309,1.192
-1.479,2.602
-1.452,0.569
-1.51,-0.357
-1.67,0.613
-1.846,2.34
-1.895,0.023
-1.889,0.134
-2.065,1.885
-1.962,-0.265
-2.138,0.763
-2.221,-0.328
-2.139,0.257
-2.377,2.095
-2.366,-0.087
-2.275,0.677
-2.316,0.196
-2.323,2.562
-2.535,-0.363
-2.585,0.49
-2.701,0.756
-2.783,-1.044
-2.849,1.812
-3.043,-0.814
-3.065,1.76
-2.969,0.866
-3.03,-1.259
3.085,1.911
3.077,-1.29
3.107,0.092
2.942,1.568
2.649,1.661
2.802,1.497
2.755,-0.365
2.729,2.306
2.521,-1.377
2.311,0.311
2.394,0.316
2.097,2.63
2.171,-0.057
2.022,0.088
1.831,0.818
1.744,-1.151
1.824,0.071
1.453,-1.537
1.261,-1.7
1.009,-1.757
-0.639,-1.678
-0.544,-1.672
-0.869,-1.748
-1.025,-1.508
-1.13,-1.705
-1.621,-1.38
-2.434,-1.665
-2.521,-1.38
-2.863,-1.512
2.666,-1.894
2.282,-1.528
1.388,2.731
1.195,2.773
1.045,2.753
-0.737,2.767
-1.471,2.834
-2.341,2.728
2.965,2.975
2.66,2.674
2.488,2.696
2.397,2.982
1.653,2.389
0.65,0.618
-0.869,2.416
-1.617,0.821
-2.601,0.443
2.647,-0.389
-0.24,2.091
-2.84,1.64
-2.867,0.992
2.489,0.975
2.392,1.579
2.066,0.099
2.059,2.091
1.849,0.661
-1.554,-0.234
2.283,-0.221
-0.206,1.357
-0.1,-1.31
-0.206,1.441
-0.497,0.595
-0.456,2.07
-0.515,-0.392
-0.553,2.005
-0.595,2.214
-0.742,1.717
-0.787,-1.002
-0.92,0.265
-0.938,-0.381
-0.866,2.501
-0.952,-1.357
-1.107,-1.392
-1.124,-0.431
-1.047,-0.504
-1.372,-1.277
-1.418,1.106
-1.361,-0.13
-1.435,1.153
-1.605,2.563
-1.578,0.53
-1.636,-0.396
-1.796,0.574
-1.972,2.301
-2.021,-0.016
-2.015,0.095
-2.191,1.846
-2.088,-0.304
-2.264,0.724
-2.347,-0.367
-2.265,0.218
-2.503,2.056
-2.492,-0.126
-2.401,0.638
-2.442,0.157
-2.449,2.523
-2.661,-0.402
-2.711,0.451
-2.827,0.717
-2.909,-1.083
-2.975,1.773
3.114,-0.853
3.092,1.721
-3.095,0.827
3.127,-1.298
2.959,1.872
2.951,-1.329
2.981,0.053
2.816,1.529
2.523,1.622
2.676,1.458
2.629,-0.404
2.603,2.267
2.395,-1.416
2.185,0.272
2.268,0.277
1.971,2.591
2.045,-0.096
1.896,0.049
1.705,0.779
1.618,-1.19
1.698,0.032
1.327,-1.576
1.135,-1.739
0.883,-1.796
-0.765,-1.717
-0.67,-1.711
-0.995,-1.787
-1.151,-1.547
-1.256,-1.744
-1.747,-1.419
-2.56,-1.704
-2.647,-1.419
-2.989,-1.551
2.54,-1.933
2.156,-1.567
1.262,2.692
1.069,2.734
0.919,2.714
-0.863,2.728
-1.597,2.795
-2.467,2.689
2.839,2.936
2.534,2.635
2.362,2.657
2.271,2.943
1.527,2.35
0.524,0.579
-0.995,2.377
-1.743,0.782
-2.727,0.404
2.521,-0.428
-0.366,2.052
-2.966,1.601
-2.993,0.953
2.363,0.936
2.266,1.54
1.94,0.06
1.933,2.052
1.723,0.622
-1.68,-0.273
2.157,-0.26
0.106,-2.667
0.0,0.084
-0.291,-0.762
-0.25,0.713
-0.309,-1.749
-0.347,0.648
-0.389,0.857
-0.536,0.36
-0.581,-2.359
-0.714,-1.092
-0.732,-1.738
-0.66,1.144
-0.746,-2.714
-0.901,-2.749
-0.918,-1.788
-0.841,-1.861
-1.166,-2.634
-1.212,-0.251
-1.155,-1.487
-1.229,-0.204
-1.399,1.206
-1.372,-0.827
-1.43,-1.753
-1.59,-0.783
-1.766,0.944
-1.815,-1.373
-1.809,-1.262
-1.985,0.489
-1.882,-1.661
-2.058,-0.633
-2.141,-1.724
-2.059,-1.139
-2.297,0.699
-2.286,-1.483
-2.195,-0.719
-2.236,-1.2
-2.243,1.166
-2.455,-1.759
-2.505,-0.906
-2.621,-0.64
-2.703,-2.44
-2.769,0.416
-2.963,-2.21
-2.985,0.364
-2.889,-0.53
-2.95,-2.655
-3.118,0.515
-3.126,-2.686
-3.096,-1.304
3.022,0.172
2.729,0.265
2.882,0.101
2.835,-1.761
2.809,0.91
2.601,-2.773
2.391,-1.085
2.474,-1.08
2.177,1.234
2.251,-1.453
2.102,-1.308
1.911,-0.578
1.824,-2.547
1.904,-1.325
1.533,-2.933
1.341,-3.096
1.089,-3.153
-0.559,-3.074
-0.464,-3.068
-0.789,-3.144
-0.945,-2.904
-1.05,-3.101
-1.541,-2.776
-2.354,-3.061
-2.441,-2.776
-2.783,-2.908
2.746,-3.29
2.362,-2.924
1.468,1.335
1.275,1.377
1.125,1.357
-0.657,1.371
-1.391,1.438
-2.261,1.332
3.045,1.579
2.74,1.278
2.568,1.3
2.477,1.586
1.733,0.993
0.73,-0.778
-0.789,1.02
-1.537,-0.575
-2.521,-0.953
2.727,-1.785
-0.16,0.695
-2.76,0.244
-2.787,-0.404
2.569,-0.421
2.472,0.183
2.146,-1.297
2.139,0.695
1.929,-0.735
-1.474,-1.63
2.363,-1.617
-0.106,2.751
-0.397,1.905
-0.356,3.38
-0.415,0.918
-0.453,3.315
-0.495,3.524
-0.642,3.027
-0.687,0.308
-0.82,1.575
-0.838,0.929
-0.766,3.811
-0.852,-0.047
-1.007,-0.082
-1.024,0.879
-0.947,0.806
-1.272,0.033
-1.318,2.416
-1.261,1.18
-1.335,2.463
-1.505,3.873
-1.478,1.84
-1.536,0.914
-1.696,1.884
-1.872,3.611
-1.921,1.294
-1.915,1.405
-2.091,3.156
-1.988,1.006
-2.164,2.034
-2.247,0.943
-2.165,1.528
-2.403,3.366
-2.392,1.184
-2.301,1.948
-2.342,1.467
-2.349,3.833
-2.561,0.908
-2.611,1.761
-2.727,2.027
-2.809,0.227
-2.875,3.083
-3.069,0.457
-3.091,3.031
-2.995,2.137
-3.056,0.012
3.059,3.182
3.051,-0.019
3.081,1.363
2.916,2.839
2.623,2.932
2.776,2.768
2.729,0.906
2.703,3.577
2.495,-0.106
2.285,1.582
2.368,1.587
2.071,3.901
2.145,1.214
1.996,1.359
1.805,2.089
1.718,0.12
1.798,1.342
1.427,-0.266
1.235,-0.429
0.983,-0.486
-0.665,-0.407
-0.57,-0.401
-0.895,-0.477
-1.051,-0.237
-1.156,-0.434
-1.647,-0.109
-2.46,-0.394
-2.547,-0.109
-2.889,-0.241
2.64,-0.623
2.256,-0.257
1.362,4.002
1.169,4.044
1.019,4.024
-0.763,4.038
-1.497,4.105
-2.367,3.999
2.939,4.246
2.634,3.945
2.462,3.967
2.371,4.253
1.627,3.66
0.624,1.889
-0.895,3.687
-1.643,2.092
-2.627,1.714
2.621,0.882
-0.266,3.362
-2.866,2.911
-2.893,2.263
2.463,2.246
2.366,2.85
2.04,1.37
2.033,3.362
1.823,1.932
-1.58,1.037
2.257,1.05
-0.291,-0.846
-0.25,0.629
-0.309,-1.833
-0.347,0.564
-0.389,0.773
-0.536,0.276
-0.581,-2.443
-0.714,-1.176
-0.732,-1.822
-0.66,1.06
-0.746,-2.798
-0.901,-2.833
-0.918,-1.872
-0.841,-1.945
-1.166,-2.718
-1.212,-0.335
-1.155,-1.571
-1.229,-0.288
-1.399,1.122
-1.372,-0.911
-1.43,-1.837
-1.59,-0.867
-1.766,0.86
-1.815,-1.457
-1.809,-1.346
-1.985,0.405
-1.882,-1.745
-2.058,-0.717
-2.141,-1.808
-2.059,-1.223
-2.297,0.615
-2.286,-1.567
-2.195,-0.803
-2.236,-1.284
-2.243,1.082
-2.455,-1.843
-2.505,-0.99
-2.621,-0.724
-2.703,-2.524
-2.769,0.332
-2.963,-2.294
-2.985,0.28
-2.889,-0.614
-2.95,-2.739
-3.118,0.431
-3.126,-2.77
-3.096,-1.388
3.022,0.088
2.729,0.181
2.882,0.017
2.835,-1.845
2.809,0.826
2.601,-2.857
2.391,-1.169
2.474,-1.164
2.177,1.15
2.251,-1.537
2.102,-1.392
1.911,-0.662
1.824,-2.631
1.904,-1.409
1.533,-3.017
1.341,-3.18
1.089,-3.237
-0.559,-3.158
-0.464,-3.152
-0.789,-3.228
-0.945,-2.988
-1.05,-3.185
-1.541,-2.86
-2.354,-3.145
-2.441,-2.86
-2.783,-2.992
2.746,-3.374
2.362,-3.008
1.468,1.251
1.275,1.293
1.125,1.273
-0.657,1.287
-1.391,1.354
-2.261,1.248
3.045,1.495
2.74,1.194
2.568,1.216
2.477,1.502
1.733,0.909
0.73,-0.862
-0.789,0.936
-1.537,-0.659
-2.521,-1.037
2.727,-1.869
-0.16,0.611
-2.76,0.16
-2.787,-0.488
2.569,-0.505
2.472,0.099
2.146,-1.381
2.139,0.611
1.929,-0.819
-1.474,-1.714
2.363,-1.701
0.041,1.475
-0.018,-0.987
-0.056,1.41
-0.098,1.619
-0.245,1.122
-0.29,-1.597
-0.423,-0.33
-0.441,-0.976
-0.369,1.906
-0.455,-1.952
-0.61,-1.987
-0.627,-1.026
-0.55,-1.099
-0.875,-1.872
-0.921,0.511
-0.864,-0.725
-0.938,0.558
-1.108,1.968
-1.081,-0.065
-1.139,-0.991
-1.299,-0.021
-1.475,1.706
-1.524,-0.611
-1.518,-0.5
-1.694,1.251
-1.591,-0.899
-1.767,0.129
-1.85,-0.962
-1.768,-0.377
-2.006,1.461
-1.995,-0.721
-1.904,0.043
-1.945,-0.438
-1.952,1.928
-2.164,-0.997
-2.214,-0.144
-2.33,0.122
-2.412,-1.678
-2.478,1.178
-2.672,-1.448
-2.694,1.126
-2.598,0.232
-2.659,-1.893
-2.827,1.277
-2.835,-1.924
-2.805,-0.542
-2.97,0.934
3.02,1.027
-3.11,0.863
3.126,-0.999
3.1,1.672
2.892,-2.011
2.682,-0.323
2.765,-0.318
2.468,1.996
2.542,-0.691
2.393,-0.546
2.202,0.184
2.115,-1.785
2.195,-0.563
1.824,-2.171
1.632,-2.334
1.38,-2.391
-0.268,-2.312
-0.173,-2.306
-0.498,-2.382
-0.654,-2.142
-0.759,-2.339
-1.25,-2.014
-2.063,-2.299
-2.15,-2.014
-2.492,-2.146
3.037,-2.528
2.653,-2.162
1.759,2.097
1.566,2.139
1.416,2.119
-0.366,2.133
-1.1,2.2
-1.97,2.094
-2.947,2.341
3.031,2.04
2.859,2.062
2.768,2.348
2.024,1.755
1.021,-0.016
-0.498,1.782
-1.246,0.187
-2.23,-0.191
3.018,-1.023
0.131,1.457
-2.469,1.006
-2.496,0.358
2.86,0.341
2.763,0.945
2.437,-0.535
2.43,1.457
2.22,0.027
-1.183,-0.868
2.654,-0.855
-0.059,-2.462
-0.097,-0.065
-0.139,0.144
-0.286,-0.353
-0.331,-3.072
-0.464,-1.805
-0.482,-2.451
-0.41,0.431
-0.496,-3.427
-0.651,-3.462
-0.668,-2.501
-0.591,-2.574
-0.916,-3.347
-0.962,-0.964
-0.905,-2.2
-0.979,-0.917
-1.149,0.493
-1.122,-1.54
-1.18,-2.466
-1.34,-1.496
-1.516,0.231
-1.565,-2.086
-1.559,-1.975
-1.735,-0.224
-1.632,-2.374
-1.808,-1.346
-1.891,-2.437
-1.809,-1.852
-2.047,-0.014
-2.036,-2.196
-1.945,-1.432
-1.986,-1.913
-1.993,0.453
-2.205,-2.472
-2.255,-1.619
-2.371,-1.353
-2.453,-3.153
-2.519,-0.297
-2.713,-2.923
-2.735,-0.349
-2.639,-1.243
-2.7,-3.368
-2.868,-0.198
-2.876,-3.399
-2.846,-2.017
-3.011,-0.541
2.979,-0.448
3.132,-0.612
3.085,-2.474
3.059,0.197
2.851,-3.486
2.641,-1.798
2.724,-1.793
2.427,0.521
2.501,-2.166
2.352,-2.021
2.161,-1.291
2.074,-3.26
2.154,-2.038
1.783,-3.646
1.591,-3.809
1.339,-3.866
-0.309,-3.787
-0.214,-3.781
-0.539,-3.857
-0.695,-3.617
-0.8,-3.814
-1.291,-3.489
-2.104,-3.774
-2.191,-3.489
-2.533,-3.621
2.996,-4.003
2.612,-3.637
1.718,0.622
1.525,0.664
1.375,0.644
-0.407,0.658
-1.141,0.725
-2.011,0.619
-2.988,0.866
2.99,0.565
2.818,0.587
2.727,0.873
1.983,0.28
0.98,-1.491
-0.539,0.307
-1.287,-1.288
-2.271,-1.666
2.977,-2.498
0.09,-0.018
-2.51,-0.469
-2.537,-1.117
2.819,-1.134
2.722,-0.53
2.396,-2.01
2.389,-0.018
2.179,-1.448
-1.224,-2.343
2.613,-2.33
-0.038,2.397
-0.08,2.606
-0.227,2.109
-0.272,-0.61
-0.405,0.657
-0.423,0.011
-0.351,2.893
-0.437,-0.965
-0.592,-1.0
-0.609,-0.039
-0.532,-0.112
-0.857,-0.885
-0.903,1.498
-0.846,0.262
-0.92,1.545
-1.09,2.955
-1.063,0.922
-1.121,-0.004
-1.281,0.966
-1.457,2.693
-1.506,0.376
-1.5,0.487
-1.676,2.238
-1.573,0.088
-1.749,1.116
-1.832,0.025
-1.75,0.61
-1.988,2.448
-1.977,0.266
-1.886,1.03
-1.927,0.549
-1.934,2.915
-2.146,-0.01
-2.196,0.843
-2.312,1.109
-2.394,-0.691
-2.46,2.165
-2.654,-0.461
-2.676,2.113
-2.58,1.219
-2.641,-0.906
-2.809,2.264
-2.817,-0.937
-2.787,0.445
-2.952,1.921
3.038,2.014
-3.092,1.85
-3.139,-0.012
3.118,2.659
2.91,-1.024
2.7,0.664
2.783,0.669
2.486,2.983
2.56,0.296
2.411,0.441
2.22,1.171
2.133,-0.798
2.213,0.424
1.842,-1.184
1.65,-1.347
1.398,-1.404
-0.25,-1.325
-0.155,-1.319
-0.48,-1.395
-0.636,-1.155
-0.741,-1.352
-1.232,-1.027
-2.045,-1.312
-2.132,-1.027
-2.474,-1.159
3.055,-1.541
2.671,-1.175
1.777,3.084
1.584,3.126
1.434,3.106
-0.348,3.12
-1.082,3.187
-1.952,3.081
-2.929,3.328
3.049,3.027
2.877,3.049
2.786,3.335
2.042,2.742
1.039,0.971
-0.48,2.769
-1.228,1.174
-2.212,0.796
3.036,-0.036
0.149,2.444
-2.451,1.993
-2.478,1.345
2.878,1.328
2.781,1.932
2.455,0.452
2.448,2.444
2.238,1.014
-1.165,0.119
2.672,0.132
-0.042,0.209
-0.189,-0.288
-0.234,-3.007
-0.367,-1.74
-0.385,-2.386
-0.313,0.496
-0.399,-3.362
-0.554,-3.397
-0.571,-2.436
-0.494,-2.509
-0.819,-3.282
-0.865,-0.899
-0.808,-2.135
-0.882,-0.852
-1.052,0.558
-1.025,-1.475
-1.083,-2.401
-1.243,-1.431
-1.419,0.296
-1.468,-2.021
-1.462,-1.91
-1.638,-0.159
-1.535,-2.309
-1.711,-1.281
-1.794,-2.372
-1.712,-1.787
-1.95,0.051
-1.939,-2.131
-1.848,-1.367
-1.889,-1.848
-1.896,0.518
-2.108,-2.407
-2.158,-1.554
-2.274,-1.288
-2.356,-3.088
-2.422,-0.232
-2.616,-2.858
-2.638,-0.284
-2.542,-1.178
-2.603,-3.303
-2.771,-0.133
-2.779,-3.334
-2.749,-1.952
-2.914,-0.476
3.076,-0.383
-3.054,-0.547
-3.101,-2.409
-3.127,0.262
2.948,-3.421
2.738,-1.733
2.821,-1.728
2.524,0.586
2.598,-2.101
2.449,-1.956
2.258,-1.226
2.171,-3.195
2.251,-1.973
1.88,-3.581
1.688,-3.744
1.436,-3.801
-0.212,-3.722
-0.117,-3.716
-0.442,-3.792
-0.598,-3.552
-0.703,-3.749
-1.194,-3.424
-2.007,-3.709
-2.094,-3.424
-2.436,-3.556
3.093,-3.938
2.709,-3.572
1.815,0.687
1.622,0.729
1.472,0.709
-0.31,0.723
-1.044,0.79
-1.914,0.684
-2.891,0.931
3.087,0.63
2.915,0.652
2.824,0.938
2.08,0.345
1.077,-1.426
-0.442,0.372
-1.19,-1.223
-2.174,-1.601
3.074,-2.433
0.187,0.047
-2.413,-0.404
-2.44,-1.052
2.916,-1.069
2.819,-0.465
2.493,-1.945
2.486,0.047
2.276,-1.383
-1.127,-2.278
2.71,-2.265
-0.147,-0.497
-0.192,-3.216
-0.325,-1.949
-0.343,-2.595
-0.271,0.287
-0.357,-3.571
-0.512,-3.606
-0.529,-2.645
-0.452,-2.718
-0.777,-3.491
-0.823,-1.108
-0.766,-2.344
-0.84,-1.061
-1.01,0.349
-0.983,-1.684
-1.041,-2.61
-1.201,-1.64
-1.377,0.087
-1.426,-2.23
-1.42,-2.119
-1.596,-0.368
-1.493,-2.518
-1.669,-1.49
-1.752,-2.581
-1.67,-1.996
-1.908,-0.158
-1.897,-2.34
-1.806,-1.576
-1.847,-2.057
-1.854,0.309
-2.066,-2.616
-2.116,-1.763
-2.232,-1.497
-2.314,-3.297
-2.38,-0.441
-2.574,-3.067
-2.596,-0.493
-2.5,-1.387
-2.561,-3.512
-2.729,-0.342
-2.737,-3.543
-2.707,-2.161
-2.872,-0.685
3.118,-0.592
-3.012,-0.756
-3.059,-2.618
-3.085,0.053
2.99,-3.63
2.78,-1.942
2.863,-1.937
2.566,0.377
2.64,-2.31
2.491,-2.165
2.3,-1.435
2.213,-3.404
2.293,-2.182
1.922,-3.79
1.73,-3.953
1.478,-4.01
-0.17,-3.931
-0.075,-3.925
-0.4,-4.001
-0.556,-3.761
-0.661,-3.958
-1.152,-3.633
-1.965,-3.918
-2.052,-3.633
-2.394,-3.765
3.135,-4.147
2.751,-3.781
1.857,0.478
1.664,0.52
1.514,0.5
-0.268,0.514
-1.002,0.581
-1.872,0.475
-2.849,0.722
3.129,0.421
2.957,0.443
2.866,0.729
2.122,0.136
1.119,-1.635
-0.4,0.163
-1.148,-1.432
-2.132,-1.81
3.116,-2.642
0.229,-0.162
-2.371,-0.613
-2.398,-1.261
2.958,-1.278
2.861,-0.674
2.535,-2.154
2.528,-0.162
2.318,-1.592
-1.085,-2.487
2.752,-2.474
-0.045,-2.719
-0.178,-1.452
-0.196,-2.098
-0.124,0.784
-0.21,-3.074
-0.365,-3.109
-0.382,-2.148
-0.305,-2.221
-0.63,-2.994
-0.676,-0.611
-0.619,-1.847
-0.693,-0.564
-0.863,0.846
-0.836,-1.187
-0.894,-2.113
-1.054,-1.143
-1.23,0.584
-1.279,-1.733
-1.273,-1.622
-1.449,0.129
-1.346,-2.021
-1.522,-0.993
-1.605,-2.084
-1.523,-1.499
-1.761,0.339
-1.75,-1.843
-1.659,-1.079
-1.7,-1.56
-1.707,0.806
-1.919,-2.119
-1.969,-1.266
-2.085,-1.0
-2.167,-2.8
-2.233,0.056
-2.427,-2.57
-2.449,0.004
-2.353,-0.89
-2.414,-3.015
-2.582,0.155
-2.59,-3.046
-2.56,-1.664
-2.725,-0.188
-3.018,-0.095
-2.865,-0.259
-2.912,-2.121
-2.938,0.55
3.137,-3.133
2.927,-1.445
3.01,-1.44
2.713,0.874
2.787,-1.813
2.638,-1.668
2.447,-0.938
2.36,-2.907
2.44,-1.685
2.069,-3.293
1.877,-3.456
1.625,-3.513
-0.023,-3.434
0.072,-3.428
-0.253,-3.504
-0.409,-3.264
-0.514,-3.461
-1.005,-3.136
-1.818,-3.421
-1.905,-3.136
-2.247,-3.268
-3.001,-3.65
2.898,-3.284
2.004,0.975
1.811,1.017
1.661,0.997
-0.121,1.011
-0.855,1.078
-1.725,0.972
-2.702,1.219
-3.007,0.918
3.104,0.94
3.013,1.226
2.269,0.633
1.266,-1.138
-0.253,0.66
-1.001,-0.935
-1.985,-1.313
-3.02,-2.145
0.376,0.335
-2.224,-0.116
-2.251,-0.764
3.105,-0.781
3.008,-0.177
2.682,-1.657
2.675,0.335
2.465,-1.095
-0.938,-1.99
2.899,-1.977
-0.133,1.267
-0.151,0.621
-0.079,3.503
-0.165,-0.355
-0.32,-0.39
-0.337,0.571
-0.26,0.498
-0.585,-0.275
-0.631,2.108
-0.574,0.872
-0.648,2.155
-0.818,3.565
-0.791,1.532
-0.849,0.606
-1.009,1.576
-1.185,3.303
-1.234,0.986
-1.228,1.097
-1.404,2.848
-1.301,0.698
-1.477,1.726
-1.56,0.635
-1.478,1.22
-1.716,3.058
-1.705,0.876
-1.614,1.64
-1.655,1.159
-1.662,3.525
-1.874,0.6
-1.924,1.453
-2.04,1.719
-2.122,-0.081
-2.188,2.775
-2.382,0.149
-2.404,2.723
-2.308,1.829
-2.369,-0.296
-2.537,2.874
-2.545,-0.327
-2.515,1.055
-2.68,2.531
-2.973,2.624
-2.82,2.46
-2.867,0.598
-2.893,3.269
-3.101,-0.414
2.972,1.274
3.055,1.279
2.758,3.593
2.832,0.906
2.683,1.051
2.492,1.781
2.405,-0.188
2.485,1.034
2.114,-0.574
1.922,-0.737
1.67,-0.794
0.022,-0.715
0.117,-0.709
-0.208,-0.785
-0.364,-0.545
-0.469,-0.742
-0.96,-0.417
-1.773,-0.702
-1.86,-0.417
-2.202,-0.549
-2.956,-0.931
2.943,-0.565
2.049,3.694
1.856,3.736
1.706,3.716
-0.076,3.73
-0.81,3.797
-1.68,3.691
-2.657,3.938
-2.962,3.637
-3.134,3.659
3.058,3.945
2.314,3.352
1.311,1.581
-0.208,3.379
-0.956,1.784
-1.94,1.406
-2.975,0.574
0.421,3.054
-2.179,2.603
-2.206,1.955
-3.133,1.938
3.053,2.542
2.727,1.062
2.72,3.054
2.51,1.624
-0.893,0.729
2.944,0.742
-0.018,-0.646
0.054,2.236
-0.032,-1.622
-0.187,-1.657
-0.204,-0.696
-0.127,-0.769
-0.452,-1.542
-0.498,0.841
-0.441,-0.395
-0.515,0.888
-0.685,2.298
-0.658,0.265
-0.716,-0.661
-0.876,0.309
-1.052,2.036
-1.101,-0.281
-1.095,-0.17
-1.271,1.581
-1.168,-0.569
-1.344,0.459
-1.427,-0.632
-1.345,-0.047
-1.583,1.791
-1.572,-0.391
-1.481,0.373
-1.522,-0.108
-1.529,2.258
-1.741,-0.667
-1.791,0.186
-1.907,0.452
-1.989,-1.348
-2.055,1.508
-2.249,-1.118
-2.271,1.456
-2.175,0.562
-2.236,-1.563
-2.404,1.607
-2.412,-1.594
-2.382,-0.212
-2.547,1.264
-2.84,1.357
-2.687,1.193
-2.734,-0.669
-2.76,2.002
-2.968,-1.681
3.105,0.007
-3.095,0.012
2.891,2.326
2.965,-0.361
2.816,-0.216
2.625,0.514
2.538,-1.455
2.618,-0.233
2.247,-1.841
2.055,-2.004
1.803,-2.061
0.155,-1.982
0.25,-1.976
-0.075,-2.052
-0.231,-1.812
-0.336,-2.009
-0.827,-1.684
-1.64,-1.969
-1.727,-1.684
-2.069,-1.816
-2.823,-2.198
3.076,-1.832
2.182,2.427
1.989,2.469
1.839,2.449
0.057,2.463
-0.677,2.53
-1.547,2.424
-2.524,2.671
-2.829,2.37
-3.001,2.392
-3.092,2.678
2.447,2.085
1.444,0.314
-0.075,2.112
-0.823,0.517
-1.807,0.139
-2.842,-0.693
0.554,1.787
-2.046,1.336
-2.073,0.688
-3.0,0.671
-3.097,1.275
2.86,-0.205
2.853,1.787
2.643,0.357
-0.76,-0.538
3.077,-0.525
0.072,2.882
-0.014,-0.976
-0.169,-1.011
-0.186,-0.05
-0.109,-0.123
-0.434,-0.896
-0.48,1.487
-0.423,0.251
-0.497,1.534
-0.667,2.944
-0.64,0.911
-0.698,-0.015
-0.858,0.955
-1.034,2.682
-1.083,0.365
-1.077,0.476
-1.253,2.227
-1.15,0.077
-1.326,1.105
-1.409,0.014
-1.327,0.599
-1.565,2.437
-1.554,0.255
-1.463,1.019
-1.504,0.538
-1.511,2.904
-1.723,-0.021
-1.773,0.832
-1.889,1.098
-1.971,-0.702
-2.037,2.154
-2.231,-0.472
-2.253,2.102
-2.157,1.208
-2.218,-0.917
-2.386,2.253
-2.394,-0.948
-2.364,0.434
-2.529,1.91
-2.822,2.003
-2.669,1.839
-2.716,-0.023
-2.742,2.648
-2.95,-1.035
3.123,0.653
-3.077,0.658
2.909,2.972
2.983,0.285
2.834,0.43
2.643,1.16
2.556,-0.809
2.636,0.413
2.265,-1.195
2.073,-1.358
1.821,-1.415
0.173,-1.336
0.268,-1.33
-0.057,-1.406
-0.213,-1.166
-0.318,-1.363
-0.809,-1.038
-1.622,-1.323
-1.709,-1.038
-2.051,-1.17
-2.805,-1.552
3.094,-1.186
2.2,3.073
2.007,3.115
1.857,3.095
0.075,3.109
-0.659,3.176
-1.529,3.07
-2.506,3.317
-2.811,3.016
-2.983,3.038
-3.074,3.324
2.465,2.731
1.462,0.96
-0.057,2.758
-0.805,1.163
-1.789,0.785
-2.824,-0.047
0.572,2.433
-2.028,1.982
-2.055,1.334
-2.982,1.317
-3.079,1.921
2.878,0.441
2.871,2.433
2.661,1.003
-0.742,0.108
3.095,0.121
-0.086,-3.858
-0.241,-3.893
-0.258,-2.932
-0.181,-3.005
-0.506,-3.778
-0.552,-1.395
-0.495,-2.631
-0.569,-1.348
-0.739,0.062
-0.712,-1.971
-0.77,-2.897
-0.93,-1.927
-1.106,-0.2
-1.155,-2.517
-1.149,-2.406
-1.325,-0.655
-1.222,-2.805
-1.398,-1.777
-1.481,-2.868
-1.399,-2.283
-1.637,-0.445
-1.626,-2.627
-1.535,-1.863
-1.576,-2.344
-1.583,0.022
-1.795,-2.903
-1.845,-2.05
-1.961,-1.784
-2.043,-3.584
-2.109,-0.728
-2.303,-3.354
-2.325,-0.78
-2.229,-1.674
-2.29,-3.799
-2.458,-0.629
-2.466,-3.83
-2.436,-2.448
-2.601,-0.972
-2.894,-0.879
-2.741,-1.043
-2.788,-2.905
-2.814,-0.234
-3.022,-3.917
3.051,-2.229
3.134,-2.224
2.837,0.09
2.911,-2.597
2.762,-2.452
2.571,-1.722
2.484,-3.691
2.564,-2.469
2.193,-4.077
2.001,-4.24
1.749,-4.297
0.101,-4.218
0.196,-4.212
-0.129,-4.288
-0.285,-4.048
-0.39,-4.245
-0.881,-3.92
-1.694,-4.205
-1.781,-3.92
-2.123,-4.052
-2.877,-4.434
3.022,-4.068
2.128,0.191
1.935,0.233
1.785,0.213
0.003,0.227
-0.731,0.294
-1.601,0.188
-2.578,0.435
-2.883,0.134
-3.055,0.156
3.137,0.442
2.393,-0.151
1.39,-1.922
-0.129,-0.124
-0.877,-1.719
-1.861,-2.097
-2.896,-2.929
0.5,-0.449
-2.1,-0.9
-2.127,-1.548
-3.054,-1.565
3.132,-0.961
2.806,-2.441
2.799,-0.449
2.589,-1.879
-0.814,-2.774
3.023,-2.761
-0.155,-0.035
-0.172,0.926
-0.095,0.853
-0.42,0.08
-0.466,2.463
-0.409,1.227
-0.483,2.51
-0.653,3.92
-0.626,1.887
-0.684,0.961
-0.844,1.931
-1.02,3.658
-1.069,1.341
-1.063,1.452
-1.239,3.203
-1.136,1.053
-1.312,2.081
-1.395,0.99
-1.313,1.575
-1.551,3.413
-1.54,1.231
-1.449,1.995
-1.49,1.514
-1.497,3.88
-1.709,0.955
-1.759,1.808
-1.875,2.074
-1.957,0.274
-2.023,3.13
-2.217,0.504
-2.239,3.078
-2.143,2.184
-2.204,0.059
-2.372,3.229
-2.38,0.028
-2.35,1.41
-2.515,2.886
-2.808,2.979
-2.655,2.815
-2.702,0.953
-2.728,3.624
-2.936,-0.059
3.137,1.629
-3.063,1.634
2.923,3.948
2.997,1.261
2.848,1.406
2.657,2.136
2.57,0.167
2.65,1.389
2.279,-0.219
2.087,-0.382
1.835,-0.439
0.187,-0.36
0.282,-0.354
-0.043,-0.43
-0.199,-0.19
-0.304,-0.387
-0.795,-0.062
-1.608,-0.347
-1.695,-0.062
-2.037,-0.194
-2.791,-0.576
3.108,-0.21
2.214,4.049
2.021,4.091
1.871,4.071
0.089,4.085
-0.645,4.152
-1.515,4.046
-2.492,4.293
-2.797,3.992
-2.969,4.014
-3.06,4.3
2.479,3.707
1.476,1.936
-0.043,3.734
-0.791,2.139
-1.775,1.761
-2.81,0.929
0.586,3.409
-2.014,2.958
-2.041,2.31
-2.968,2.293
-3.065,2.897
2.892,1.417
2.885,3.409
2.675,1.979
-0.728,1.084
3.109,1.097
-0.017,0.961
0.06,0.888
-0.265,0.115
-0.311,2.498
-0.254,1.262
-0.328,2.545
-0.498,3.955
-0.471,1.922
-0.529,0.996
-0.689,1.966
-0.865,3.693
-0.914,1.376
-0.908,1.487
-1.084,3.238
-0.981,1.088
-1.157,2.116
-1.24,1.025
-1.158,1.61
-1.396,3.448
-1.385,1.266
-1.294,2.03
-1.335,1.549
-1.342,3.915
-1.554,0.99
-1.604,1.843
-1.72,2.109
-1.802,0.309
-1.868,3.165
-2.062,0.539
-2.084,3.113
-1.988,2.219
-2.049,0.094
-2.217,3.264
-2.225,0.063
-2.195,1.445
-2.36,2.921
-2.653,3.014
-2.5,2.85
-2.547,0.988
-2.573,3.659
-2.781,-0.024
-2.991,1.664
-2.908,1.669
3.078,3.983
-3.131,1.296
3.003,1.441
2.812,2.171
2.725,0.202
2.805,1.424
2.434,-0.184
2.242,-0.347
1.99,-0.404
0.342,-0.325
0.437,-0.319
0.112,-0.395
-0.044,-0.155
-0.149,-0.352
-0.64,-0.027
-1.453,-0.312
-1.54,-0.027
-1.882,-0.159
-2.636,-0.541
-3.02,-0.175
2.369,4.084
2.176,4.126
2.026,4.106
0.244,4.12
-0.49,4.187
-1.36,4.081
-2.337,4.328
-2.642,4.027
-2.814,4.049
-2.905,4.335
2.634,3.742
1.631,1.971
0.112,3.769
-0.636,2.174
-1.62,1.796
-2.655,0.964
0.741,3.444
-1.859,2.993
-1.886,2.345
-2.813,2.328
-2.91,2.932
3.047,1.452
3.04,3.444
2.83,2.014
-0.573,1.119
-3.019,1.132
0.077,-0.073
-0.248,-0.846
-0.294,1.537
-0.237,0.301
-0.311,1.584
-0.481,2.994
-0.454,0.961
-0.512,0.035
-0.672,1.005
-0.848,2.732
-0.897,0.415
-0.891,0.526
-1.067,2.277
-0.964,0.127
-1.14,1.155
-1.223,0.064
-1.141,0.649
-1.379,2.487
-1.368,0.305
-1.277,1.069
-1.318,0.588
-1.325,2.954
-1.537,0.029
-1.587,0.882
-1.703,1.148
-1.785,-0.652
-1.851,2.204
-2.045,-0.422
-2.067,2.152
-1.971,1.258
-2.032,-0.867
-2.2,2.303
-2.208,-0.898
-2.178,0.484
-2.343,1.96
-2.636,2.053
-2.483,1.889
-2.53,0.027
-2.556,2.698
-2.764,-0.985
-2.974,0.703
-2.891,0.708
3.095,3.022
-3.114,0.335
3.02,0.48
2.829,1.21
2.742,-0.759
2.822,0.463
2.451,-1.145
2.259,-1.308
2.007,-1.365
0.359,-1.286
0.454,-1.28
0.129,-1.356
-0.027,-1.116
-0.132,-1.313
-0.623,-0.988
-1.436,-1.273
-1.523,-0.988
-1.865,-1.12
-2.619,-1.502
-3.003,-1.136
2.386,3.123
2.193,3.165
2.043,3.145
0.261,3.159
-0.473,3.226
-1.343,3.12
-2.32,3.367
-2.625,3.066
-2.797,3.088
-2.888,3.374
2.651,2.781
1.648,1.01
0.129,2.808
-0.619,1.213
-1.603,0.835
-2.638,0.003
0.758,2.483
-1.842,2.032
-1.869,1.384
-2.796,1.367
-2.893,1.971
3.064,0.491
3.057,2.483
2.847,1.053
-0.556,0.158
-3.002,0.171
-0.325,-0.773
-0.371,1.61
-0.314,0.374
-0.388,1.657
-0.558,3.067
-0.531,1.034
-0.589,0.108
-0.749,1.078
-0.925,2.805
-0.974,0.488
-0.968,0.599
-1.144,2.35
-1.041,0.2
-1.217,1.228
-1.3,0.137
-1.218,0.722
-1.456,2.56
-1.445,0.378
-1.354,1.142
-1.395,0.661
-1.402,3.027
-1.614,0.102
-1.664,0.955
-1.78,1.221
-1.862,-0.579
-1.928,2.277
-2.122,-0.349
-2.144,2.225
-2.048,1.331
-2.109,-0.794
-2.277,2.376
-2.285,-0.825
-2.255,0.557
-2.42,2.033
-2.713,2.126
-2.56,1.962
-2.607,0.1
-2.633,2.771
-2.841,-0.912
-3.051,0.776
-2.968,0.781
3.018,3.095
3.092,0.408
2.943,0.553
2.752,1.283
2.665,-0.686
2.745,0.536
2.374,-1.072
2.182,-1.235
1.93,-1.292
0.282,-1.213
0.377,-1.207
0.052,-1.283
-0.104,-1.043
-0.209,-1.24
-0.7,-0.915
-1.513,-1.2
-1.6,-0.915
-1.942,-1.047
-2.696,-1.429
-3.08,-1.063
2.309,3.196
2.116,3.238
1.966,3.218
0.184,3.232
-0.55,3.299
-1.42,3.193
-2.397,3.44
-2.702,3.139
-2.874,3.161
-2.965,3.447
2.574,2.854
1.571,1.083
0.052,2.881
-0.696,1.286
-1.68,0.908
-2.715,0.076
0.681,2.556
-1.919,2.105
-1.946,1.457
-2.873,1.44
-2.97,2.044
2.987,0.564
2.98,2.556
2.77,1.126
-0.633,0.231
-3.079,0.244
-0.046,2.383
0.011,1.147
-0.063,2.43
-0.233,3.84
-0.206,1.807
-0.264,0.881
-0.424,1.851
-0.6,3.578
-0.649,1.261
-0.643,1.372
-0.819,3.123
-0.716,0.973
-0.892,2.001
-0.975,0.91
-0.893,1.495
-1.131,3.333
-1.12,1.151
-1.029,1.915
-1.07,1.434
-1.077,3.8
-1.289,0.875
-1.339,1.728
-1.455,1.994
-1.537,0.194
-1.603,3.05
-1.797,0.424
-1.819,2.998
-1.723,2.104
-1.784,-0.021
-1.952,3.149
-1.96,-0.052
-1.93,1.33
-2.095,2.806
-2.388,2.899
-2.235,2.735
-2.282,0.873
-2.308,3.544
-2.516,-0.139
-2.726,1.549
-2.643,1.554
-2.94,3.868
-2.866,1.181
-3.015,1.326
3.077,2.056
2.99,0.087
3.07,1.309
2.699,-0.299
2.507,-0.462
2.255,-0.519
0.607,-0.44
0.702,-0.434
0.377,-0.51
0.221,-0.27
0.116,-0.467
-0.375,-0.142
-1.188,-0.427
-1.275,-0.142
-1.617,-0.274
-2.371,-0.656
-2.755,-0.29
2.634,3.969
2.441,4.011
2.291,3.991
0.509,4.005
-0.225,4.072
-1.095,3.966
-2.072,4.213
-2.377,3.912
-2.549,3.934
-2.64,4.22
2.899,3.627
1.896,1.856
0.377,3.654
-0.371,2.059
-1.355,1.681
-2.39,0.849
1.006,3.329
-1.594,2.878
-1.621,2.23
-2.548,2.213
-2.645,2.817
-2.971,1.337
-2.978,3.329
3.095,1.899
-0.308,1.004
-2.754,1.017
0.057,-1.236
-0.017,0.047
-0.187,1.457
-0.16,-0.576
-0.218,-1.502
-0.378,-0.532
-0.554,1.195
-0.603,-1.122
-0.597,-1.011
-0.773,0.74
-0.67,-1.41
-0.846,-0.382
-0.929,-1.473
-0.847,-0.888
-1.085,0.95
-1.074,-1.232
-0.983,-0.468
-1.024,-0.949
-1.031,1.417
-1.243,-1.508
-1.293,-0.655
-1.409,-0.389
-1.491,-2.189
-1.557,0.667
-1.751,-1.959
-1.773,0.615
-1.677,-0.279
-1.738,-2.404
-1.906,0.766
-1.914,-2.435
-1.884,-1.053
-2.049,0.423
-2.342,0.516
-2.189,0.352
-2.236,-1.51
-2.262,1.161
-2.47,-2.522
-2.68,-0.834
-2.597,-0.829
-2.894,1.485
-2.82,-1.202
-2.969,-1.057
3.123,-0.327
3.036,-2.296
3.116,-1.074
2.745,-2.682
2.553,-2.845
2.301,-2.902
0.653,-2.823
0.748,-2.817
0.423,-2.893
0.267,-2.653
0.162,-2.85
-0.329,-2.525
-1.142,-2.81
-1.229,-2.525
-1.571,-2.657
-2.325,-3.039
-2.709,-2.673
2.68,1.586
2.487,1.628
2.337,1.608
0.555,1.622
-0.179,1.689
-1.049,1.583
-2.026,1.83
-2.331,1.529
-2.503,1.551
-2.594,1.837
2.945,1.244
1.942,-0.527
0.423,1.271
-0.325,-0.324
-1.309,-0.702
-2.344,-1.534
1.052,0.946
-1.548,0.495
-1.575,-0.153
-2.502,-0.17
-2.599,0.434
-2.925,-1.046
-2.932,0.946
3.141,-0.484
-0.262,-1.379
-2.708,-1.366
-0.074,1.283
-0.244,2.693
-0.217,0.66
-0.275,-0.266
-0.435,0.704
-0.611,2.431
-0.66,0.114
-0.654,0.225
-0.83,1.976
-0.727,-0.174
-0.903,0.854
-0.986,-0.237
-0.904,0.348
-1.142,2.186
-1.131,0.004
-1.04,0.768
-1.081,0.287
-1.088,2.653
-1.3,-0.272
-1.35,0.581
-1.466,0.847
-1.548,-0.953
-1.614,1.903
-1.808,-0.723
-1.83,1.851
-1.734,0.957
-1.795,-1.168
-1.963,2.002
-1.971,-1.199
-1.941,0.183
-2.106,1.659
-2.399,1.752
-2.246,1.588
-2.293,-0.274
-2.319,2.397
-2.527,-1.286
-2.737,0.402
-2.654,0.407
-2.951,2.721
-2.877,0.034
-3.026,0.179
3.066,0.909
2.979,-1.06
3.059,0.162
2.688,-1.446
2.496,-1.609
2.244,-1.666
0.596,-1.587
0.691,-1.581
0.366,-1.657
0.21,-1.417
0.105,-1.614
-0.386,-1.289
-1.199,-1.574
-1.286,-1.289
-1.628,-1.421
-2.382,-1.803
-2.766,-1.437
2.623,2.822
2.43,2.864
2.28,2.844
0.498,2.858
-0.236,2.925
-1.106,2.819
-2.083,3.066
-2.388,2.765
-2.56,2.787
-2.651,3.073
2.888,2.48
1.885,0.709
0.366,2.507
-0.382,0.912
-1.366,0.534
-2.401,-0.298
0.995,2.182
-1.605,1.731
-1.632,1.083
-2.559,1.066
-2.656,1.67
-2.982,0.19
-2.989,2.182
3.084,0.752
-0.319,-0.143
-2.765,-0.13
-0.17,1.41
-0.143,-0.623
-0.201,-1.549
-0.361,-0.579
-0.537,1.148
-0.586,-1.169
-0.58,-1.058
-0.756,0.693
-0.653,-1.457
-0.829,-0.429
-0.912,-1.52
-0.83,-0.935
-1.068,0.903
-1.057,-1.279
-0.966,-0.515
-1.007,-0.996
-1.014,1.37
-1.226,-1.555
-1.276,-0.702
-1.392,-0.436
-1.474,-2.236
-1.54,0.62
-1.734,-2.006
-1.756,0.568
-1.66,-0.326
-1.721,-2.451
-1.889,0.719
-1.897,-2.482
-1.867,-1.1
-2.032,0.376
-2.325,0.469
-2.172,0.305
-2.219,-1.557
-2.245,1.114
-2.453,-2.569
-2.663,-0.881
-2.58,-0.876
-2.877,1.438
-2.803,-1.249
-2.952,-1.104
3.14,-0.374
3.053,-2.343
3.133,-1.121
2.762,-2.729
2.57,-2.892
2.318,-2.949
0.67,-2.87
0.765,-2.864
0.44,-2.94
0.284,-2.7
0.179,-2.897
-0.312,-2.572
-1.125,-2.857
-1.212,-2.572
-1.554,-2.704
-2.308,-3.086
-2.692,-2.72
2.697,1.539
2.504,1.581
2.354,1.561
0.572,1.575
-0.162,1.642
-1.032,1.536
-2.009,1.783
-2.314,1.482
-2.486,1.504
-2.577,1.79
2.962,1.197
1.959,-0.574
0.44,1.224
-0.308,-0.371
-1.292,-0.749
-2.327,-1.581
1.069,0.899
-1.531,0.448
-1.558,-0.2
-2.485,-0.217
-2.582,0.387
-2.908,-1.093
-2.915,0.899
-3.125,-0.531
-0.245,-1.426
-2.691,-1.413
0.027,-2.033
-0.031,-2.959
-0.191,-1.989
-0.367,-0.262
-0.416,-2.579
-0.41,-2.468
-0.586,-0.717
-0.483,-2.867
-0.659,-1.839
-0.742,-2.93
-0.66,-2.345
-0.898,-0.507
-0.887,-2.689
-0.796,-1.925
-0.837,-2.406
-0.844,-0.04
-1.056,-2.965
-1.106,-2.112
-1.222,-1.846
-1.304,-3.646
-1.37,-0.79
-1.564,-3.416
-1.586,-0.842
-1.49,-1.736
-1.551,-3.861
-1.719,-0.691
-1.727,-3.892
-1.697,-2.51
-1.862,-1.034
-2.155,-0.941
-2.002,-1.105
-2.049,-2.967
-2.075,-0.296
-2.283,-3.979
-2.493,-2.291
-2.41,-2.286
-2.707,0.028
-2.633,-2.659
-2.782,-2.514
-2.973,-1.784
-3.06,-3.753
-2.98,-2.531
2.932,-4.139
2.74,-4.302
2.488,-4.359
0.84,-4.28
0.935,-4.274
0.61,-4.35
0.454,-4.11
0.349,-4.307
-0.142,-3.982
-0.955,-4.267
-1.042,-3.982
-1.384,-4.114
-2.138,-4.496
-2.522,-4.13
2.867,0.129
2.674,0.171
2.524,0.151
0.742,0.165
0.008,0.232
-0.862,0.126
-1.839,0.373
-2.144,0.072
-2.316,0.094
-2.407,0.38
3.132,-0.213
2.129,-1.984
0.61,-0.186
-0.138,-1.781
-1.122,-2.159
-2.157,-2.991
1.239,-0.511
-1.361,-0.962
-1.388,-1.61
-2.315,-1.627
-2.412,-1.023
-2.738,-2.503
-2.745,-0.511
-2.955,-1.941
-0.075,-2.836
-2.521,-2.823
-0.058,-0.926
-0.218,0.044
-0.394,1.771
-0.443,-0.546
-0.437,-0.435
-0.613,1.316
-0.51,-0.834
-0.686,0.194
-0.769,-0.897
-0.687,-0.312
-0.925,1.526
-0.914,-0.656
-0.823,0.108
-0.864,-0.373
-0.871,1.993
-1.083,-0.932
-1.133,-0.079
-1.249,0.187
-1.331,-1.613
-1.397,1.243
-1.591,-1.383
-1.613,1.191
-1.517,0.297
-1.578,-1.828
-1.746,1.342
-1.754,-1.859
-1.724,-0.477
-1.889,0.999
-2.182,1.092
-2.029,0.928
-2.076,-0.934
-2.102,1.737
-2.31,-1.946
-2.52,-0.258
-2.437,-0.253
-2.734,2.061
-2.66,-0.626
-2.809,-0.481
-3.0,0.249
-3.087,-1.72
-3.007,-0.498
2.905,-2.106
2.713,-2.269
2.461,-2.326
0.813,-2.247
0.908,-2.241
0.583,-2.317
0.427,-2.077
0.322,-2.274
-0.169,-1.949
-0.982,-2.234
-1.069,-1.949
-1.411,-2.081
-2.165,-2.463
-2.549,-2.097
2.84,2.162
2.647,2.204
2.497,2.184
0.715,2.198
-0.019,2.265
-0.889,2.159
-1.866,2.406
-2.171,2.105
-2.343,2.127
-2.434,2.413
3.105,1.82
2.102,0.049
0.583,1.847
-0.165,0.252
-1.149,-0.126
-2.184,-0.958
1.212,1.522
-1.388,1.071
-1.415,0.423
-2.342,0.406
-2.439,1.01
-2.765,-0.47
-2.772,1.522
-2.982,0.092
-0.102,-0.803
-2.548,-0.79
-0.16,0.97
-0.336,2.697
-0.385,0.38
-0.379,0.491
-0.555,2.242
-0.452,0.092
-0.628,1.12
-0.711,0.029
-0.629,0.614
-0.867,2.452
-0.856,0.27
-0.765,1.034
-0.806,0.553
-0.813,2.919
-1.025,-0.006
-1.075,0.847
-1.191,1.113
-1.273,-0.687
-1.339,2.169
-1.533,-0.457
-1.555,2.117
-1.459,1.223
-1.52,-0.902
-1.688,2.268
-1.696,-0.933
-1.666,0.449
-1.831,1.925
-2.124,2.018
-1.971,1.854
-2.018,-0.008
-2.044,2.663
-2.252,-1.02
-2.462,0.668
-2.379,0.673
-2.676,2.987
-2.602,0.3
-2.751,0.445
-2.942,1.175
-3.029,-0.794
-2.949,0.428
2.963,-1.18
2.771,-1.343
2.519,-1.4
0.871,-1.321
0.966,-1.315
0.641,-1.391
0.485,-1.151
0.38,-1.348
-0.111,-1.023
-0.924,-1.308
-1.011,-1.023
-1.353,-1.155
-2.107,-1.537
-2.491,-1.171
2.898,3.088
2.705,3.13
2.555,3.11
0.773,3.124
0.039,3.191
-0.831,3.085
-1.808,3.332
-2.113,3.031
-2.285,3.053
-2.376,3.339
-3.12,2.746
2.16,0.975
0.641,2.773
-0.107,1.178
-1.091,0.8
-2.126,-0.032
1.27,2.448
-1.33,1.997
-1.357,1.349
-2.284,1.332
-2.381,1.936
-2.707,0.456
-2.714,2.448
-2.924,1.018
-0.044,0.123
-2.49,0.136
-0.176,1.727
-0.225,-0.59
-0.219,-0.479
-0.395,1.272
-0.292,-0.878
-0.468,0.15
-0.551,-0.941
-0.469,-0.356
-0.707,1.482
-0.696,-0.7
-0.605,0.064
-0.646,-0.417
-0.653,1.949
-0.865,-0.976
-0.915,-0.123
-1.031,0.143
-1.113,-1.657
-1.179,1.199
-1.373,-1.427
-1.395,1.147
-1.299,0.253
-1.36,-1.872
-1.528,1.298
-1.536,-1.903
-1.506,-0.521
-1.671,0.955
-1.964,1.048
-1.811,0.884
-1.858,-0.978
-1.884,1.693
-2.092,-1.99
-2.302,-0.302
-2.219,-0.297
-2.516,2.017
-2.442,-0.67
-2.591,-0.525
-2.782,0.205
-2.869,-1.764
-2.789,-0.542
3.123,-2.15
2.931,-2.313
2.679,-2.37
1.031,-2.291
1.126,-2.285
0.801,-2.361
0.645,-2.121
0.54,-2.318
0.049,-1.993
-0.764,-2.278
-0.851,-1.993
-1.193,-2.125
-1.947,-2.507
-2.331,-2.141
3.058,2.118
2.865,2.16
2.715,2.14
0.933,2.154
0.199,2.221
-0.671,2.115
-1.648,2.362
-1.953,2.061
-2.125,2.083
-2.216,2.369
-2.96,1.776
2.32,0.005
0.801,1.803
0.053,0.208
-0.931,-0.17
-1.966,-1.002
1.43,1.478
-1.17,1.027
-1.197,0.379
-2.124,0.362
-2.221,0.966
-2.547,-0.514
-2.554,1.478
-2.764,0.048
0.116,-0.847
-2.33,-0.834
-0.049,-2.317
-0.043,-2.206
-0.219,-0.455
-0.116,-2.605
-0.292,-1.577
-0.375,-2.668
-0.293,-2.083
-0.531,-0.245
-0.52,-2.427
-0.429,-1.663
-0.47,-2.144
-0.477,0.222
-0.689,-2.703
-0.739,-1.85
-0.855,-1.584
-0.937,-3.384
-1.003,-0.528
-1.197,-3.154
-1.219,-0.58
-1.123,-1.474
-1.184,-3.599
-1.352,-0.429
-1.36,-3.63
-1.33,-2.248
-1.495,-0.772
-1.788,-0.679
-1.635,-0.843
-1.682,-2.705
-1.708,-0.034
-1.916,-3.717
-2.126,-2.029
-2.043,-2.024
-2.34,0.29
-2.266,-2.397
-2.415,-2.252
-2.606,-1.522
-2.693,-3.491
-2.613,-2.269
-2.984,-3.877
3.107,-4.04
2.855,-4.097
1.207,-4.018
1.302,-4.012
0.977,-4.088
0.821,-3.848
0.716,-4.045
0.225,-3.72
-0.588,-4.005
-0.675,-3.72
-1.017,-3.852
-1.771,-4.234
-2.155,-3.868
-3.049,0.391
3.041,0.433
2.891,0.413
1.109,0.427
0.375,0.494
-0.495,0.388
-1.472,0.635
-1.777,0.334
-1.949,0.356
-2.04,0.642
-2.784,0.049
2.496,-1.722
0.977,0.076
0.229,-1.519
-0.755,-1.897
-1.79,-2.729
1.606,-0.249
-0.994,-0.7
-1.021,-1.348
-1.948,-1.365
-2.045,-0.761
-2.371,-2.241
-2.378,-0.249
-2.588,-1.679
0.292,-2.574
-2.154,-2.561
0.006,0.111
-0.17,1.862
-0.067,-0.288
-0.243,0.74
-0.326,-0.351
-0.244,0.234
-0.482,2.072
-0.471,-0.11
-0.38,0.654
-0.421,0.173
-0.428,2.539
-0.64,-0.386
-0.69,0.467
-0.806,0.733
-0.888,-1.067
-0.954,1.789
-1.148,-0.837
-1.17,1.737
-1.074,0.843
-1.135,-1.282
-1.303,1.888
-1.311,-1.313
-1.281,0.069
-1.446,1.545
-1.739,1.638
-1.586,1.474
-1.633,-0.388
-1.659,2.283
-1.867,-1.4
-2.077,0.288
-1.994,0.293
-2.291,2.607
-2.217,-0.08
-2.366,0.065
-2.557,0.795
-2.644,-1.174
-2.564,0.048
-2.935,-1.56
-3.127,-1.723
2.904,-1.78
1.256,-1.701
1.351,-1.695
1.026,-1.771
0.87,-1.531
0.765,-1.728
0.274,-1.403
-0.539,-1.688
-0.626,-1.403
-0.968,-1.535
-1.722,-1.917
-2.106,-1.551
-3.0,2.708
3.09,2.75
2.94,2.73
1.158,2.744
0.424,2.811
-0.446,2.705
-1.423,2.952
-1.728,2.651
-1.9,2.673
-1.991,2.959
-2.735,2.366
2.545,0.595
1.026,2.393
0.278,0.798
-0.706,0.42
-1.741,-0.412
1.655,2.068
-0.945,1.617
-0.972,0.969
-1.899,0.952
-1.996,1.556
-2.322,0.076
-2.329,2.068
-2.539,0.638
0.341,-0.257
-2.105,-0.244
-0.176,1.751
-0.073,-0.399
-0.249,0.629
-0.332,-0.462
-0.25,0.123
-0.488,1.961
-0.477,-0.221
-0.386,0.543
-0.427,0.062
-0.434,2.428
-0.646,-0.497
-0.696,0.356
-0.812,0.622
-0.894,-1.178
-0.96,1.678
-1.154,-0.948
-1.176,1.626
-1.08,0.732
-1.141,-1.393
-1.309,1.777
-1.317,-1.424
-1.287,-0.042
-1.452,1.434
-1.745,1.527
-1.592,1.363
-1.639,-0.499
-1.665,2.172
-1.873,-1.511
-2.083,0.177
-2.0,0.182
-2.297,2.496
-2.223,-0.191
-2.372,-0.046
-2.563,0.684
-2.65,-1.285
-2.57,-0.063
-2.941,-1.671
-3.133,-1.834
2.898,-1.891
1.25,-1.812
1.345,-1.806
1.02,-1.882
0.864,-1.642
0.759,-1.839
0.268,-1.514
-0.545,-1.799
-0.632,-1.514
-0.974,-1.646
-1.728,-2.028
-2.112,-1.662
-3.006,2.597
3.084,2.639
2.934,2.619
1.152,2.633
0.418,2.7
-0.452,2.594
-1.429,2.841
-1.734,2.54
-1.906,2.562
-1.997,2.848
-2.741,2.255
2.539,0.484
1.02,2.282
0.272,0.687
-0.712,0.309
-1.747,-0.523
1.649,1.957
-0.951,1.506
-0.978,0.858
-1.905,0.841
-2.002,1.445
-2.328,-0.035
-2.335,1.957
-2.545,0.527
0.335,-0.368
-2.111,-0.355
0.103,-2.15
-0.073,-1.122
-0.156,-2.213
-0.074,-1.628
-0.312,0.21
-0.301,-1.972
-0.21,-1.208
-0.251,-1.689
-0.258,0.677
-0.47,-2.248
-0.52,-1.395
-0.636,-1.129
-0.718,-2.929
-0.784,-0.073
-0.978,-2.699
-1.0,-0.125
-0.904,-1.019
-0.965,-3.144
-1.133,0.026
-1.141,-3.175
-1.111,-1.793
-1.276,-0.317
-1.569,-0.224
-1.416,-0.388
-1.463,-2.25
-1.489,0.421
-1.697,-3.262
-1.907,-1.574
-1.824,-1.569
-2.121,0.745
-2.047,-1.942
-2.196,-1.797
-2.387,-1.067
-2.474,-3.036
-2.394,-1.814
-2.765,-3.422
-2.957,-3.585
3.074,-3.642
1.426,-3.563
1.521,-3.557
1.196,-3.633
1.04,-3.393
0.935,-3.59
0.444,-3.265
-0.369,-3.55
-0.456,-3.265
-0.798,-3.397
-1.552,-3.779
-1.936,-3.413
-2.83,0.846
-3.023,0.888
3.11,0.868
1.328,0.882
0.594,0.949
-0.276,0.843
-1.253,1.09
-1.558,0.789
-1.73,0.811
-1.821,1.097
-2.565,0.504
2.715,-1.267
1.196,0.531
0.448,-1.064
-0.536,-1.442
-1.571,-2.274
1.825,0.206
-0.775,-0.245
-0.802,-0.893
-1.729,-0.91
-1.826,-0.306
-2.152,-1.786
-2.159,0.206
-2.369,-1.224
0.511,-2.119
-1.935,-2.106
-0.176,1.028
-0.259,-0.063
-0.177,0.522
-0.415,2.36
-0.404,0.178
-0.313,0.942
-0.354,0.461
-0.361,2.827
-0.573,-0.098
-0.623,0.755
-0.739,1.021
-0.821,-0.779
-0.887,2.077
-1.081,-0.549
-1.103,2.025
-1.007,1.131
-1.068,-0.994
-1.236,2.176
-1.244,-1.025
-1.214,0.357
-1.379,1.833
-1.672,1.926
-1.519,1.762
-1.566,-0.1
-1.592,2.571
-1.8,-1.112
-2.01,0.576
-1.927,0.581
-2.224,2.895
-2.15,0.208
-2.299,0.353
-2.49,1.083
-2.577,-0.886
-2.497,0.336
-2.868,-1.272
-3.06,-1.435
2.971,-1.492
1.323,-1.413
1.418,-1.407
1.093,-1.483
0.937,-1.243
0.832,-1.44
0.341,-1.115
-0.472,-1.4
-0.559,-1.115
-0.901,-1.247
-1.655,-1.629
-2.039,-1.263
-2.933,2.996
-3.126,3.038
3.007,3.018
1.225,3.032
0.491,3.099
-0.379,2.993
-1.356,3.24
-1.661,2.939
-1.833,2.961
-1.924,3.247
-2.668,2.654
2.612,0.883
1.093,2.681
0.345,1.086
-0.639,0.708
-1.674,-0.124
1.722,2.356
-0.878,1.905
-0.905,1.257
-1.832,1.24
-1.929,1.844
-2.255,0.364
-2.262,2.356
-2.472,0.926
0.408,0.031
-2.038,0.044
-0.083,-1.091
-0.001,-0.506
-0.239,1.332
-0.228,-0.85
-0.137,-0.086
-0.178,-0.567
-0.185,1.799
-0.397,-1.126
-0.447,-0.273
-0.563,-0.007
-0.645,-1.807
-0.711,1.049
-0.905,-1.577
-0.927,0.997
-0.831,0.103
-0.892,-2.022
-1.06,1.148
-1.068,-2.053
-1.038,-0.671
-1.203,0.805
-1.496,0.898
-1.343,0.734
-1.39,-1.128
-1.416,1.543
-1.624,-2.14
-1.834,-0.452
-1.751,-0.447
-2.048,1.867
-1.974,-0.82
-2.123,-0.675
-2.314,0.055
-2.401,-1.914
-2.321,-0.692
-2.692,-2.3
-2.884,-2.463
-3.136,-2.52
1.499,-2.441
1.594,-2.435
1.269,-2.511
1.113,-2.271
1.008,-2.468
0.517,-2.143
-0.296,-2.428
-0.383,-2.143
-0.725,-2.275
-1.479,-2.657
-1.863,-2.291
-2.757,1.968
-2.95,2.01
-3.1,1.99
1.401,2.004
0.667,2.071
-0.203,1.965
-1.18,2.212
-1.485,1.911
-1.657,1.933
-1.748,2.219
-2.492,1.626
2.788,-0.145
1.269,1.653
0.521,0.058
-0.463,-0.32
-1.498,-1.152
1.898,1.328
-0.702,0.877
-0.729,0.229
-1.656,0.212
-1.753,0.816
-2.079,-0.664
-2.086,1.328
-2.296,-0.102
0.584,-0.997
-1.862,-0.984
0.082,0.585
-0.156,2.423
-0.145,0.241
-0.054,1.005
-0.095,0.524
-0.102,2.89
-0.314,-0.035
-0.364,0.818
-0.48,1.084
-0.562,-0.716
-0.628,2.14
-0.822,-0.486
-0.844,2.088
-0.748,1.194
-0.809,-0.931
-0.977,2.239
-0.985,-0.962
-0.955,0.42
-1.12,1.896
-1.413,1.989
-1.26,1.825
-1.307,-0.037
-1.333,2.634
-1.541,-1.049
-1.751,0.639
-1.668,0.644
-1.965,2.958
-1.891,0.271
-2.04,0.416
-2.231,1.146
-2.318,-0.823
-2.238,0.399
-2.609,-1.209
-2.801,-1.372
-3.053,-1.429
1.582,-1.35
1.677,-1.344
1.352,-1.42
1.196,-1.18
1.091,-1.377
0.6,-1.052
-0.213,-1.337
-0.3,-1.052
-0.642,-1.184
-1.396,-1.566
-1.78,-1.2
-2.674,3.059
-2.867,3.101
-3.017,3.081
1.484,3.095
0.75,3.162
-0.12,3.056
-1.097,3.303
-1.402,3.002
-1.574,3.024
-1.665,3.31
-2.409,2.717
2.871,0.946
1.352,2.744
0.604,1.149
-0.38,0.771
-1.415,-0.061
1.981,2.419
-0.619,1.968
-0.646,1.32
-1.573,1.303
-1.67,1.907
-1.996,0.427
-2.003,2.419
-2.213,0.989
0.667,0.094
-1.779,0.107
-0.238,1.838
-0.227,-0.344
-0.136,0.42
-0.177,-0.061
-0.184,2.305
-0.396,-0.62
-0.446,0.233
-0.562,0.499
-0.644,-1.301
-0.71,1.555
-0.904,-1.071
-0.926,1.503
-0.83,0.609
-0.891,-1.516
-1.059,1.654
-1.067,-1.547
-1.037,-0.165
-1.202,1.311
-1.495,1.404
-1.342,1.24
-1.389,-0.622
-1.415,2.049
-1.623,-1.634
-1.833,0.054
-1.75,0.059
-2.047,2.373
-1.973,-0.314
-2.122,-0.169
-2.313,0.561
-2.4,-1.408
-2.32,-0.186
-2.691,-1.794
-2.883,-1.957
-3.135,-2.014
1.5,-1.935
1.595,-1.929
1.27,-2.005
1.114,-1.765
1.009,-1.962
0.518,-1.637
-0.295,-1.922
-0.382,-1.637
-0.724,-1.769
-1.478,-2.151
-1.862,-1.785
-2.756,2.474
-2.949,2.516
-3.099,2.496
1.402,2.51
0.668,2.577
-0.202,2.471
-1.179,2.718
-1.484,2.417
-1.656,2.439
-1.747,2.725
-2.491,2.132
2.789,0.361
1.27,2.159
0.522,0.564
-0.462,0.186
-1.497,-0.646
1.899,1.834
-0.701,1.383
-0.728,0.735
-1.655,0.718
-1.752,1.322
-2.078,-0.158
-2.085,1.834
-2.295,0.404
0.585,-0.491
-1.861,-0.478
0.011,-2.182
0.102,-1.418
0.061,-1.899
0.054,0.467
-0.158,-2.458
-0.208,-1.605
-0.324,-1.339
-0.406,-3.139
-0.472,-0.283
-0.666,-2.909
-0.688,-0.335
-0.592,-1.229
-0.653,-3.354
-0.821,-0.184
-0.829,-3.385
-0.799,-2.003
-0.964,-0.527
-1.257,-0.434
-1.104,-0.598
-1.151,-2.46
-1.177,0.211
-1.385,-3.472
-1.595,-1.784
-1.512,-1.779
-1.809,0.535
-1.735,-2.152
-1.884,-2.007
-2.075,-1.277
-2.162,-3.246
-2.082,-2.024
-2.453,-3.632
-2.645,-3.795
-2.897,-3.852
1.738,-3.773
1.833,-3.767
1.508,-3.843
1.352,-3.603
1.247,-3.8
0.756,-3.475
-0.057,-3.76
-0.144,-3.475
-0.486,-3.607
-1.24,-3.989
-1.624,-3.623
-2.518,0.636
-2.711,0.678
-2.861,0.658
1.64,0.672
0.906,0.739
0.036,0.633
-0.941,0.88
-1.246,0.579
-1.418,0.601
-1.509,0.887
-2.253,0.294
3.027,-1.477
1.508,0.321
0.76,-1.274
-0.224,-1.652
-1.259,-2.484
2.137,-0.004
-0.463,-0.455
-0.49,-1.103
-1.417,-1.12
-1.514,-0.516
-1.84,-1.996
-1.847,-0.004
-2.057,-1.434
0.823,-2.329
-1.623,-2.316
0.091,0.764
0.05,0.283
0.043,2.649
-0.169,-0.276
-0.219,0.577
-0.335,0.843
-0.417,-0.957
-0.483,1.899
-0.677,-0.727
-0.699,1.847
-0.603,0.953
-0.664,-1.172
-0.832,1.998
-0.84,-1.203
-0.81,0.179
-0.975,1.655
-1.268,1.748
-1.115,1.584
-1.162,-0.278
-1.188,2.393
-1.396,-1.29
-1.606,0.398
-1.523,0.403
-1.82,2.717
-1.746,0.03
-1.895,0.175
-2.086,0.905
-2.173,-1.064
-2.093,0.158
-2.464,-1.45
-2.656,-1.613
-2.908,-1.67
1.727,-1.591
1.822,-1.585
1.497,-1.661
1.341,-1.421
1.236,-1.618
0.745,-1.293
-0.068,-1.578
-0.155,-1.293
-0.497,-1.425
-1.251,-1.807
-1.635,-1.441
-2.529,2.818
-2.722,2.86
-2.872,2.84
1.629,2.854
0.895,2.921
0.025,2.815
-0.952,3.062
-1.257,2.761
-1.429,2.783
-1.52,3.069
-2.264,2.476
3.016,0.705
1.497,2.503
0.749,0.908
-0.235,0.53
-1.27,-0.302
2.126,2.178
-0.474,1.727
-0.501,1.079
-1.428,1.062
-1.525,1.666
-1.851,0.186
-1.858,2.178
-2.068,0.748
0.812,-0.147
-1.634,-0.134
-0.041,-0.481
-0.048,1.885
-0.26,-1.04
-0.31,-0.187
-0.426,0.079
-0.508,-1.721
-0.574,1.135
-0.768,-1.491
-0.79,1.083
-0.694,0.189
-0.755,-1.936
-0.923,1.234
-0.931,-1.967
-0.901,-0.585
-1.066,0.891
-1.359,0.984
-1.206,0.82
-1.253,-1.042
-1.279,1.629
-1.487,-2.054
-1.697,-0.366
-1.614,-0.361
-1.911,1.953
-1.837,-0.734
-1.986,-0.589
-2.177,0.141
-2.264,-1.828
-2.184,-0.606
-2.555,-2.214
-2.747,-2.377
-2.999,-2.434
1.636,-2.355
1.731,-2.349
1.406,-2.425
1.25,-2.185
1.145,-2.382
0.654,-2.057
-0.159,-2.342
-0.246,-2.057
-0.588,-2.189
-1.342,-2.571
-1.726,-2.205
-2.62,2.054
-2.813,2.096
-2.963,2.076
1.538,2.09
0.804,2.157
-0.066,2.051
-1.043,2.298
-1.348,1.997
-1.52,2.019
-1.611,2.305
-2.355,1.712
2.925,-0.059
1.406,1.739
0.658,0.144
-0.326,-0.234
-1.361,-1.066
2.035,1.414
-0.565,0.963
-0.592,0.315
-1.519,0.298
-1.616,0.902
-1.942,-0.578
-1.949,1.414
-2.159,-0.016
0.721,-0.911
-1.725,-0.898
-0.007,2.366
-0.219,-0.559
-0.269,0.294
-0.385,0.56
-0.467,-1.24
-0.533,1.616
-0.727,-1.01
-0.749,1.564
-0.653,0.67
-0.714,-1.455
-0.882,1.715
-0.89,-1.486
-0.86,-0.104
-1.025,1.372
-1.318,1.465
-1.165,1.301
-1.212,-0.561
-1.238,2.11
-1.446,-1.573
-1.656,0.115
-1.573,0.12
-1.87,2.434
-1.796,-0.253
-1.945,-0.108
-2.136,0.622
-2.223,-1.347
-2.143,-0.125
-2.514,-1.733
-2.706,-1.896
-2.958,-1.953
1.677,-1.874
1.772,-1.868
1.447,-1.944
1.291,-1.704
1.186,-1.901
0.695,-1.576
-0.118,-1.861
-0.205,-1.576
-0.547,-1.708
-1.301,-2.09
-1.685,-1.724
-2.579,2.535
-2.772,2.577
-2.922,2.557
1.579,2.571
0.845,2.638
-0.025,2.532
-1.002,2.779
-1.307,2.478
-1.479,2.5
-1.57,2.786
-2.314,2.193
2.966,0.422
1.447,2.22
0.699,0.625
-0.285,0.247
-1.32,-0.585
2.076,1.895
-0.524,1.444
-0.551,0.796
-1.478,0.779
-1.575,1.383
-1.901,-0.097
-1.908,1.895
-2.118,0.465
0.762,-0.43
-1.684,-0.417
-0.212,-2.925
-0.262,-2.072
-0.378,-1.806
-0.46,-3.606
-0.526,-0.75
-0.72,-3.376
-0.742,-0.802
-0.646,-1.696
-0.707,-3.821
-0.875,-0.651
-0.883,-3.852
-0.853,-2.47
-1.018,-0.994
-1.311,-0.901
-1.158,-1.065
-1.205,-2.927
-1.231,-0.256
-1.439,-3.939
-1.649,-2.251
-1.566,-2.246
-1.863,0.068
-1.789,-2.619
-1.938,-2.474
-2.129,-1.744
-2.216,-3.713
-2.136,-2.491
-2.507,-4.099
-2.699,-4.262
-2.951,-4.319
1.684,-4.24
1.779,-4.234
1.454,-4.31
1.298,-4.07
1.193,-4.267
0.702,-3.942
-0.111,-4.227
-0.198,-3.942
-0.54,-4.074
-1.294,-4.456
-1.678,-4.09
-2.572,0.169
-2.765,0.211
-2.915,0.191
1.586,0.205
0.852,0.272
-0.018,0.166
-0.995,0.413
-1.3,0.112
-1.472,0.134
-1.563,0.42
-2.307,-0.173
2.973,-1.944
1.454,-0.146
0.706,-1.741
-0.278,-2.119
-1.313,-2.951
2.083,-0.471
-0.517,-0.922
-0.544,-1.57
-1.471,-1.587
-1.568,-0.983
-1.894,-2.463
-1.901,-0.471
-2.111,-1.901
0.769,-2.796
-1.677,-2.783
-0.05,0.853
-0.166,1.119
-0.248,-0.681
-0.314,2.175
-0.508,-0.451
-0.53,2.123
-0.434,1.229
-0.495,-0.896
-0.663,2.274
-0.671,-0.927
-0.641,0.455
-0.806,1.931
-1.099,2.024
-0.946,1.86
-0.993,-0.002
-1.019,2.669
-1.227,-1.014
-1.437,0.674
-1.354,0.679
-1.651,2.993
-1.577,0.306
-1.726,0.451
-1.917,1.181
-2.004,-0.788
-1.924,0.434
-2.295,-1.174
-2.487,-1.337
-2.739,-1.394
1.896,-1.315
1.991,-1.309
1.666,-1.385
1.51,-1.145
1.405,-1.342
0.914,-1.017
0.101,-1.302
0.014,-1.017
-0.328,-1.149
-1.082,-1.531
-1.466,-1.165
-2.36,3.094
-2.553,3.136
-2.703,3.116
1.798,3.13
1.064,3.197
0.194,3.091
-0.783,3.338
-1.088,3.037
-1.26,3.059
-1.351,3.345
-2.095,2.752
-3.098,0.981
1.666,2.779
0.918,1.184
-0.066,0.806
-1.101,-0.026
2.295,2.454
-0.305,2.003
-0.332,1.355
-1.259,1.338
-1.356,1.942
-1.682,0.462
-1.689,2.454
-1.899,1.024
0.981,0.129
-1.465,0.142
-0.116,0.266
-0.198,-1.534
-0.264,1.322
-0.458,-1.304
-0.48,1.27
-0.384,0.376
-0.445,-1.749
-0.613,1.421
-0.621,-1.78
-0.591,-0.398
-0.756,1.078
-1.049,1.171
-0.896,1.007
-0.943,-0.855
-0.969,1.816
-1.177,-1.867
-1.387,-0.179
-1.304,-0.174
-1.601,2.14
-1.527,-0.547
-1.676,-0.402
-1.867,0.328
-1.954,-1.641
-1.874,-0.419
-2.245,-2.027
-2.437,-2.19
-2.689,-2.247
1.946,-2.168
2.041,-2.162
1.716,-2.238
1.56,-1.998
1.455,-2.195
0.964,-1.87
0.151,-2.155
0.064,-1.87
-0.278,-2.002
-1.032,-2.384
-1.416,-2.018
-2.31,2.241
-2.503,2.283
-2.653,2.263
1.848,2.277
1.114,2.344
0.244,2.238
-0.733,2.485
-1.038,2.184
-1.21,2.206
-1.301,2.492
-2.045,1.899
-3.048,0.128
1.716,1.926
0.968,0.331
-0.016,-0.047
-1.051,-0.879
2.345,1.601
-0.255,1.15
-0.282,0.502
-1.209,0.485
-1.306,1.089
-1.632,-0.391
-1.639,1.601
-1.849,0.171
1.031,-0.724
-1.415,-0.711
-0.082,-1.8
-0.148,1.056
-0.342,-1.57
-0.364,1.004
-0.268,0.11
-0.329,-2.015
-0.497,1.155
-0.505,-2.046
-0.475,-0.664
-0.64,0.812
-0.933,0.905
-0.78,0.741
-0.827,-1.121
-0.853,1.55
-1.061,-2.133
-1.271,-0.445
-1.188,-0.44
-1.485,1.874
-1.411,-0.813
-1.56,-0.668
-1.751,0.062
-1.838,-1.907
-1.758,-0.685
-2.129,-2.293
-2.321,-2.456
-2.573,-2.513
2.062,-2.434
2.157,-2.428
1.832,-2.504
1.676,-2.264
1.571,-2.461
1.08,-2.136
0.267,-2.421
0.18,-2.136
-0.162,-2.268
-0.916,-2.65
-1.3,-2.284
-2.194,1.975
-2.387,2.017
-2.537,1.997
1.964,2.011
1.23,2.078
0.36,1.972
-0.617,2.219
-0.922,1.918
-1.094,1.94
-1.185,2.226
-1.929,1.633
-2.932,-0.138
1.832,1.66
1.084,0.065
0.1,-0.313
-0.935,-1.145
2.461,1.335
-0.139,0.884
-0.166,0.236
-1.093,0.219
-1.19,0.823
-1.516,-0.657
-1.523,1.335
-1.733,-0.095
1.147,-0.99
-1.299,-0.977
-0.066,2.856
-0.26,0.23
-0.282,2.804
-0.186,1.91
-0.247,-0.215
-0.415,2.955
-0.423,-0.246
-0.393,1.136
-0.558,2.612
-0.851,2.705
-0.698,2.541
-0.745,0.679
-0.771,3.35
-0.979,-0.333
-1.189,1.355
-1.106,1.36
-1.403,3.674
-1.329,0.987
-1.478,1.132
-1.669,1.862
-1.756,-0.107
-1.676,1.115
-2.047,-0.493
-2.239,-0.656
-2.491,-0.713
2.144,-0.634
2.239,-0.628
1.914,-0.704
1.758,-0.464
1.653,-0.661
1.162,-0.336
0.349,-0.621
0.262,-0.336
-0.08,-0.468
-0.834,-0.85
-1.218,-0.484
-2.112,3.775
-2.305,3.817
-2.455,3.797
2.046,3.811
1.312,3.878
0.442,3.772
-0.535,4.019
-0.84,3.718
-1.012,3.74
-1.103,4.026
-1.847,3.433
-2.85,1.662
1.914,3.46
1.166,1.865
0.182,1.487
-0.853,0.655
2.543,3.135
-0.057,2.684
-0.084,2.036
-1.011,2.019
-1.108,2.623
-1.434,1.143
-1.441,3.135
-1.651,1.705
1.229,0.81
-1.217,0.823
-0.194,-2.626
-0.216,-0.052
-0.12,-0.946
-0.181,-3.071
-0.349,0.099
-0.357,-3.102
-0.327,-1.72
-0.492,-0.244
-0.785,-0.151
-0.632,-0.315
-0.679,-2.177
-0.705,0.494
-0.913,-3.189
-1.123,-1.501
-1.04,-1.496
-1.337,0.818
-1.263,-1.869
-1.412,-1.724
-1.603,-0.994
-1.69,-2.963
-1.61,-1.741
-1.981,-3.349
-2.173,-3.512
-2.425,-3.569
2.21,-3.49
2.305,-3.484
1.98,-3.56
1.824,-3.32
1.719,-3.517
1.228,-3.192
0.415,-3.477
0.328,-3.192
-0.014,-3.324
-0.768,-3.706
-1.152,-3.34
-2.046,0.919
-2.239,0.961
-2.389,0.941
2.112,0.955
1.378,1.022
0.508,0.916
-0.469,1.163
-0.774,0.862
-0.946,0.884
-1.037,1.17
-1.781,0.577
-2.784,-1.194
1.98,0.604
1.232,-0.991
0.248,-1.369
-0.787,-2.201
2.609,0.279
0.009,-0.172
-0.018,-0.82
-0.945,-0.837
-1.042,-0.233
-1.368,-1.713
-1.375,0.279
-1.585,-1.151
1.295,-2.046
-1.151,-2.033
-0.022,2.574
0.074,1.68
0.013,-0.445
-0.155,2.725
-0.163,-0.476
-0.133,0.906
-0.298,2.382
-0.591,2.475
-0.438,2.311
-0.485,0.449
-0.511,3.12
-0.719,-0.563
-0.929,1.125
-0.846,1.13
-1.143,3.444
-1.069,0.757
-1.218,0.902
-1.409,1.632
-1.496,-0.337
-1.416,0.885
-1.787,-0.723
-1.979,-0.886
-2.231,-0.943
2.404,-0.864
2.499,-0.858
2.174,-0.934
2.018,-0.694
1.913,-0.891
1.422,-0.566
0.609,-0.851
0.522,-0.566
0.18,-0.698
-0.574,-1.08
-0.958,-0.714
-1.852,3.545
-2.045,3.587
-2.195,3.567
2.306,3.581
1.572,3.648
0.702,3.542
-0.275,3.789
-0.58,3.488
-0.752,3.51
-0.843,3.796
-1.587,3.203
-2.59,1.432
2.174,3.23
1.426,1.635
0.442,1.257
-0.593,0.425
2.803,2.905
0.203,2.454
0.176,1.806
-0.751,1.789
-0.848,2.393
-1.174,0.913
-1.181,2.905
-1.391,1.475
1.489,0.58
-0.957,0.593
0.096,-0.894
0.035,-3.019
-0.133,0.151
-0.141,-3.05
-0.111,-1.668
-0.276,-0.192
-0.569,-0.099
-0.416,-0.263
-0.463,-2.125
-0.489,0.546
-0.697,-3.137
-0.907,-1.449
-0.824,-1.444
-1.121,0.87
-1.047,-1.817
-1.196,-1.672
-1.387,-0.942
-1.474,-2.911
-1.394,-1.689
-1.765,-3.297
-1.957,-3.46
-2.209,-3.517
2.426,-3.438
2.521,-3.432
2.196,-3.508
2.04,-3.268
1.935,-3.465
1.444,-3.14
0.631,-3.425
0.544,-3.14
0.202,-3.272
-0.552,-3.654
-0.936,-3.288
-1.83,0.971
-2.023,1.013
-2.173,0.993
2.328,1.007
1.594,1.074
0.724,0.968
-0.253,1.215
-0.558,0.914
-0.73,0.936
-0.821,1.222
-1.565,0.629
-2.568,-1.142
2.196,0.656
1.448,-0.939
0.464,-1.317
-0.571,-2.149
2.825,0.331
0.225,-0.12
0.198,-0.768
-0.729,-0.785
-0.826,-0.181
-1.152,-1.661
-1.159,0.331
-1.369,-1.099
1.511,-1.994
-0.935,-1.981
-0.061,-2.125
-0.229,1.045
-0.237,-2.156
-0.207,-0.774
-0.372,0.702
-0.665,0.795
-0.512,0.631
-0.559,-1.231
-0.585,1.44
-0.793,-2.243
-1.003,-0.555
-0.92,-0.55
-1.217,1.764
-1.143,-0.923
-1.292,-0.778
-1.483,-0.048
-1.57,-2.017
-1.49,-0.795
-1.861,-2.403
-2.053,-2.566
-2.305,-2.623
2.33,-2.544
2.425,-2.538
2.1,-2.614
1.944,-2.374
1.839,-2.571
1.348,-2.246
0.535,-2.531
0.448,-2.246
0.106,-2.378
-0.648,-2.76
-1.032,-2.394
-1.926,1.865
-2.119,1.907
-2.269,1.887
2.232,1.901
1.498,1.968
0.628,1.862
-0.349,2.109
-0.654,1.808
-0.826,1.83
-0.917,2.116
-1.661,1.523
-2.664,-0.248
2.1,1.55
1.352,-0.045
0.368,-0.423
-0.667,-1.255
2.729,1.225
0.129,0.774
0.102,0.126
-0.825,0.109
-0.922,0.713
-1.248,-0.767
-1.255,1.225
-1.465,-0.205
1.415,-1.1
-1.031,-1.087
-0.168,3.17
-0.176,-0.031
-0.146,1.351
-0.311,2.827
-0.604,2.92
-0.451,2.756
-0.498,0.894
-0.524,3.565
-0.732,-0.118
-0.942,1.57
-0.859,1.575
-1.156,3.889
-1.082,1.202
-1.231,1.347
-1.422,2.077
-1.509,0.108
-1.429,1.33
-1.8,-0.278
-1.992,-0.441
-2.244,-0.498
2.391,-0.419
2.486,-0.413
2.161,-0.489
2.005,-0.249
1.9,-0.446
1.409,-0.121
0.596,-0.406
0.509,-0.121
0.167,-0.253
-0.587,-0.635
-0.971,-0.269
-1.865,3.99
-2.058,4.032
-2.208,4.012
2.293,4.026
1.559,4.093
0.689,3.987
-0.288,4.234
-0.593,3.933
-0.765,3.955
-0.856,4.241
-1.6,3.648
-2.603,1.877
2.161,3.675
1.413,2.08
0.429,1.702
-0.606,0.87
2.79,3.35
0.19,2.899
0.163,2.251
-0.764,2.234
-0.861,2.838
-1.187,1.358
-1.194,3.35
-1.404,1.92
1.476,1.025
-0.97,1.038
-0.008,-3.201
0.022,-1.819
-0.143,-0.343
-0.436,-0.25
-0.283,-0.414
-0.33,-2.276
-0.356,0.395
-0.564,-3.288
-0.774,-1.6
-0.691,-1.595
-0.988,0.719
-0.914,-1.968
-1.063,-1.823
-1.254,-1.093
-1.341,-3.062
-1.261,-1.84
-1.632,-3.448
-1.824,-3.611
-2.076,-3.668
2.559,-3.589
2.654,-3.583
2.329,-3.659
2.173,-3.419
2.068,-3.616
1.577,-3.291
0.764,-3.576
0.677,-3.291
0.335,-3.423
-0.419,-3.805
-0.803,-3.439
-1.697,0.82
-1.89,0.862
-2.04,0.842
2.461,0.856
1.727,0.923
0.857,0.817
-0.12,1.064
-0.425,0.763
-0.597,0.785
-0.688,1.071
-1.432,0.478
-2.435,-1.293
2.329,0.505
1.581,-1.09
0.597,-1.468
-0.438,-2.3
2.958,0.18
0.358,-0.271
0.331,-0.919
-0.596,-0.936
-0.693,-0.332
-1.019,-1.812
-1.026,0.18
-1.236,-1.25
1.644,-2.145
-0.802,-2.132
0.03,1.382
-0.135,2.858
-0.428,2.951
-0.275,2.787
-0.322,0.925
-0.348,3.596
-0.556,-0.087
-0.766,1.601
-0.683,1.606
-0.98,3.92
-0.906,1.233
-1.055,1.378
-1.246,2.108
-1.333,0.139
-1.253,1.361
-1.624,-0.247
-1.816,-0.41
-2.068,-0.467
2.567,-0.388
2.662,-0.382
2.337,-0.458
2.181,-0.218
2.076,-0.415
1.585,-0.09
0.772,-0.375
0.685,-0.09
0.343,-0.222
-0.411,-0.604
-0.795,-0.238
-1.689,4.021
-1.882,4.063
-2.032,4.043
2.469,4.057
1.735,4.124
0.865,4.018
-0.112,4.265
-0.417,3.964
-0.589,3.986
-0.68,4.272
-1.424,3.679
-2.427,1.908
2.337,3.706
1.589,2.111
0.605,1.733
-0.43,0.901
2.966,3.381
0.366,2.93
0.339,2.282
-0.588,2.265
-0.685,2.869
-1.011,1.389
-1.018,3.381
-1.228,1.951
1.652,1.056
-0.794,1.069
-0.165,1.476
-0.458,1.569
-0.305,1.405
-0.352,-0.457
-0.378,2.214
-0.586,-1.469
-0.796,0.219
-0.713,0.224
-1.01,2.538
-0.936,-0.149
-1.085,-0.004
-1.276,0.726
-1.363,-1.243
-1.283,-0.021
-1.654,-1.629
-1.846,-1.792
-2.098,-1.849
2.537,-1.77
2.632,-1.764
2.307,-1.84
2.151,-1.6
2.046,-1.797
1.555,-1.472
0.742,-1.757
0.655,-1.472
0.313,-1.604
-0.441,-1.986
-0.825,-1.62
-1.719,2.639
-1.912,2.681
-2.062,2.661
2.439,2.675
1.705,2.742
0.835,2.636
-0.142,2.883
-0.447,2.582
-0.619,2.604
-0.71,2.89
-1.454,2.297
-2.457,0.526
2.307,2.324
1.559,0.729
0.575,0.351
-0.46,-0.481
2.936,1.999
0.336,1.548
0.309,0.9
-0.618,0.883
-0.715,1.487
-1.041,0.007
-1.048,1.999
-1.258,0.569
1.622,-0.326
-0.824,-0.313
-0.293,0.093
-0.14,-0.071
-0.187,-1.933
-0.213,0.738
-0.421,-2.945
-0.631,-1.257
-0.548,-1.252
-0.845,1.062
-0.771,-1.625
-0.92,-1.48
-1.111,-0.75
-1.198,-2.719
-1.118,-1.497
-1.489,-3.105
-1.681,-3.268
-1.933,-3.325
2.702,-3.246
2.797,-3.24
2.472,-3.316
2.316,-3.076
2.211,-3.273
1.72,-2.948
0.907,-3.233
0.82,-2.948
0.478,-3.08
-0.276,-3.462
-0.66,-3.096
-1.554,1.163
-1.747,1.205
-1.897,1.185
2.604,1.199
1.87,1.266
1.0,1.16
0.023,1.407
-0.282,1.106
-0.454,1.128
-0.545,1.414
-1.289,0.821
-2.292,-0.95
2.472,0.848
1.724,-0.747
0.74,-1.125
-0.295,-1.957
3.101,0.523
0.501,0.072
0.474,-0.576
-0.453,-0.593
-0.55,0.011
-0.876,-1.469
-0.883,0.523
-1.093,-0.907
1.787,-1.802
-0.659,-1.789
0.153,-0.164
0.106,-2.026
0.08,0.645
-0.128,-3.038
-0.338,-1.35
-0.255,-1.345
-0.552,0.969
-0.478,-1.718
-0.627,-1.573
-0.818,-0.843
-0.905,-2.812
-0.825,-1.59
-1.196,-3.198
-1.388,-3.361
-1.64,-3.418
2.995,-3.339
3.09,-3.333
2.765,-3.409
2.609,-3.169
2.504,-3.366
2.013,-3.041
1.2,-3.326
1.113,-3.041
0.771,-3.173
0.017,-3.555
-0.367,-3.189
-1.261,1.07
-1.454,1.112
-1.604,1.092
2.897,1.106
2.163,1.173
1.293,1.067
0.316,1.314
0.011,1.013
-0.161,1.035
-0.252,1.321
-0.996,0.728
-1.999,-1.043
2.765,0.755
2.017,-0.84
1.033,-1.218
-0.002,-2.05
-2.889,0.43
0.794,-0.021
0.767,-0.669
-0.16,-0.686
-0.257,-0.082
-0.583,-1.562
-0.59,0.43
-0.8,-1.0
2.08,-1.895
-0.366,-1.882
-0.047,-1.862
-0.073,0.809
-0.281,-2.874
-0.491,-1.186
-0.408,-1.181
-0.705,1.133
-0.631,-1.554
-0.78,-1.409
-0.971,-0.679
-1.058,-2.648
-0.978,-1.426
-1.349,-3.034
-1.541,-3.197
-1.793,-3.254
2.842,-3.175
2.937,-3.169
2.612,-3.245
2.456,-3.005
2.351,-3.202
1.86,-2.877
1.047,-3.162
0.96,-2.877
0.618,-3.009
-0.136,-3.391
-0.52,-3.025
-1.414,1.234
-1.607,1.276
-1.757,1.256
2.744,1.27
2.01,1.337
1.14,1.231
0.163,1.478
-0.142,1.177
-0.314,1.199
-0.405,1.485
-1.149,0.892
-2.152,-0.879
2.612,0.919
1.864,-0.676
0.88,-1.054
-0.155,-1.886
-3.042,0.594
0.641,0.143
0.614,-0.505
-0.313,-0.522
-0.41,0.082
-0.736,-1.398
-0.743,0.594
-0.953,-0.836
1.927,-1.731
-0.519,-1.718
-0.026,2.671
-0.234,-1.012
-0.444,0.676
-0.361,0.681
-0.658,2.995
-0.584,0.308
-0.733,0.453
-0.924,1.183
-1.011,-0.786
-0.931,0.436
-1.302,-1.172
-1.494,-1.335
-1.746,-1.392
2.889,-1.313
2.984,-1.307
2.659,-1.383
2.503,-1.143
2.398,-1.34
1.907,-1.015
1.094,-1.3
1.007,-1.015
0.665,-1.147
-0.089,-1.529
-0.473,-1.163
-1.367,3.096
-1.56,3.138
-1.71,3.118
2.791,3.132
2.057,3.199
1.187,3.093
0.21,3.34
-0.095,3.039
-0.267,3.061
-0.358,3.347
-1.102,2.754
-2.105,0.983
2.659,2.781
1.911,1.186
0.927,0.808
-0.108,-0.024
-2.995,2.456
0.688,2.005
0.661,1.357
-0.266,1.34
-0.363,1.944
-0.689,0.464
-0.696,2.456
-0.906,1.026
1.974,0.131
-0.472,0.144
-0.208,-3.683
-0.418,-1.995
-0.335,-1.99
-0.632,0.324
-0.558,-2.363
-0.707,-2.218
-0.898,-1.488
-0.985,-3.457
-0.905,-2.235
-1.276,-3.843
-1.468,-4.006
-1.72,-4.063
2.915,-3.984
3.01,-3.978
2.685,-4.054
2.529,-3.814
2.424,-4.011
1.933,-3.686
1.12,-3.971
1.033,-3.686
0.691,-3.818
-0.063,-4.2
-0.447,-3.834
-1.341,0.425
-1.534,0.467
-1.684,0.447
2.817,0.461
2.083,0.528
1.213,0.422
0.236,0.669
-0.069,0.368
-0.241,0.39
-0.332,0.676
-1.076,0.083
-2.079,-1.688
2.685,0.11
1.937,-1.485
0.953,-1.863
-0.082,-2.695
-2.969,-0.215
0.714,-0.666
0.687,-1.314
-0.24,-1.331
-0.337,-0.727
-0.663,-2.207
-0.67,-0.215
-0.88,-1.645
2.0,-2.54
-0.446,-2.527
-0.21,1.688
-0.127,1.693
-0.424,4.007
-0.35,1.32
-0.499,1.465
-0.69,2.195
-0.777,0.226
-0.697,1.448
-1.068,-0.16
-1.26,-0.323
-1.512,-0.38
3.123,-0.301
-3.065,-0.295
2.893,-0.371
2.737,-0.131
2.632,-0.328
2.141,-0.003
1.328,-0.288
1.241,-0.003
0.899,-0.135
0.145,-0.517
-0.239,-0.151
-1.133,4.108
-1.326,4.15
-1.476,4.13
3.025,4.144
2.291,4.211
1.421,4.105
0.444,4.352
0.139,4.051
-0.033,4.073
-0.124,4.359
-0.868,3.766
-1.871,1.995
2.893,3.793
2.145,2.198
1.161,1.82
0.126,0.988
-2.761,3.468
0.922,3.017
0.895,2.369
-0.032,2.352
-0.129,2.956
-0.455,1.476
-0.462,3.468
-0.672,2.038
2.208,1.143
-0.238,1.156
0.083,0.005
-0.214,2.319
-0.14,-0.368
-0.289,-0.223
-0.48,0.507
-0.567,-1.462
-0.487,-0.24
-0.858,-1.848
-1.05,-2.011
-1.302,-2.068
-2.95,-1.989
-2.855,-1.983
3.103,-2.059
2.947,-1.819
2.842,-2.016
2.351,-1.691
1.538,-1.976
1.451,-1.691
1.109,-1.823
0.355,-2.205
-0.029,-1.839
-0.923,2.42
-1.116,2.462
-1.266,2.442
-3.048,2.456
2.501,2.523
1.631,2.417
0.654,2.664
0.349,2.363
0.177,2.385
0.086,2.671
-0.658,2.078
-1.661,0.307
3.103,2.105
2.355,0.51
1.371,0.132
0.336,-0.7
-2.551,1.78
1.132,1.329
1.105,0.681
0.178,0.664
0.081,1.268
-0.245,-0.212
-0.252,1.78
-0.462,0.35
2.418,-0.545
-0.028,-0.532
-0.297,2.314
-0.223,-0.373
-0.372,-0.228
-0.563,0.502
-0.65,-1.467
-0.57,-0.245
-0.941,-1.853
-1.133,-2.016
-1.385,-2.073
-3.033,-1.994
-2.938,-1.988
3.02,-2.064
2.864,-1.824
2.759,-2.021
2.268,-1.696
1.455,-1.981
1.368,-1.696
1.026,-1.828
0.272,-2.21
-0.112,-1.844
-1.006,2.415
-1.199,2.457
-1.349,2.437
-3.131,2.451
2.418,2.518
1.548,2.412
0.571,2.659
0.266,2.358
0.094,2.38
0.003,2.666
-0.741,2.073
-1.744,0.302
3.02,2.1
2.272,0.505
1.288,0.127
0.253,-0.705
-2.634,1.775
1.049,1.324
1.022,0.676
0.095,0.659
-0.002,1.263
-0.328,-0.217
-0.335,1.775
-0.545,0.345
2.335,-0.55
-0.111,-0.537
0.074,-2.687
-0.075,-2.542
-0.266,-1.812
-0.353,-3.781
-0.273,-2.559
-0.644,-4.167
-0.836,-4.33
-1.088,-4.387
-2.736,-4.308
-2.641,-4.302
-2.966,-4.378
-3.122,-4.138
3.056,-4.335
2.565,-4.01
1.752,-4.295
1.665,-4.01
1.323,-4.142
0.569,-4.524
0.185,-4.158
-0.709,0.101
-0.902,0.143
-1.052,0.123
-2.834,0.137
2.715,0.204
1.845,0.098
0.868,0.345
0.563,0.044
0.391,0.066
0.3,0.352
-0.444,-0.241
-1.447,-2.012
-2.966,-0.214
2.569,-1.809
1.585,-2.187
0.55,-3.019
-2.337,-0.539
1.346,-0.99
1.319,-1.638
0.392,-1.655
0.295,-1.051
-0.031,-2.531
-0.038,-0.539
-0.248,-1.969
2.632,-2.864
0.186,-2.851
-0.149,0.145
-0.34,0.875
-0.427,-1.094
-0.347,0.128
-0.718,-1.48
-0.91,-1.643
-1.162,-1.7
-2.81,-1.621
-2.715,-1.615
-3.04,-1.691
3.087,-1.451
2.982,-1.648
2.491,-1.323
1.678,-1.608
1.591,-1.323
1.249,-1.455
0.495,-1.837
0.111,-1.471
-0.783,2.788
-0.976,2.83
-1.126,2.81
-2.908,2.824
2.641,2.891
1.771,2.785
0.794,3.032
0.489,2.731
0.317,2.753
0.226,3.039
-0.518,2.446
-1.521,0.675
-3.04,2.473
2.495,0.878
1.511,0.5
0.476,-0.332
-2.411,2.148
1.272,1.697
1.245,1.049
0.318,1.032
0.221,1.636
-0.105,0.156
-0.112,2.148
-0.322,0.718
2.558,-0.177
0.112,-0.164
-0.191,0.73
-0.278,-1.239
-0.198,-0.017
-0.569,-1.625
-0.761,-1.788
-1.013,-1.845
-2.661,-1.766
-2.566,-1.76
-2.891,-1.836
-3.047,-1.596
3.131,-1.793
2.64,-1.468
1.827,-1.753
1.74,-1.468
1.398,-1.6
0.644,-1.982
0.26,-1.616
-0.634,2.643
-0.827,2.685
-0.977,2.665
-2.759,2.679
2.79,2.746
1.92,2.64
0.943,2.887
0.638,2.586
0.466,2.608
0.375,2.894
-0.369,2.301
-1.372,0.53
-2.891,2.328
2.644,0.733
1.66,0.355
0.625,-0.477
-2.262,2.003
1.421,1.552
1.394,0.904
0.467,0.887
0.37,1.491
0.044,0.011
0.037,2.003
-0.173,0.573
2.707,-0.322
0.261,-0.309
-0.087,-1.969
-0.007,-0.747
-0.378,-2.355
-0.57,-2.518
-0.822,-2.575
-2.47,-2.496
-2.375,-2.49
-2.7,-2.566
-2.856,-2.326
-2.961,-2.523
2.831,-2.198
2.018,-2.483
1.931,-2.198
1.589,-2.33
0.835,-2.712
0.451,-2.346
-0.443,1.913
-0.636,1.955
-0.786,1.935
-2.568,1.949
2.981,2.016
2.111,1.91
1.134,2.157
0.829,1.856
0.657,1.878
0.566,2.164
-0.178,1.571
-1.181,-0.2
-2.7,1.598
2.835,0.003
1.851,-0.375
0.816,-1.207
-2.071,1.273
1.612,0.822
1.585,0.174
0.658,0.157
0.561,0.761
0.235,-0.719
0.228,1.273
0.018,-0.157
2.898,-1.052
0.452,-1.039
0.08,1.222
-0.291,-0.386
-0.483,-0.549
-0.735,-0.606
-2.383,-0.527
-2.288,-0.521
-2.613,-0.597
-2.769,-0.357
-2.874,-0.554
2.918,-0.229
2.105,-0.514
2.018,-0.229
1.676,-0.361
0.922,-0.743
0.538,-0.377
-0.356,3.882
-0.549,3.924
-0.699,3.904
-2.481,3.918
3.068,3.985
2.198,3.879
1.221,4.126
0.916,3.825
0.744,3.847
0.653,4.133
-0.091,3.54
-1.094,1.769
-2.613,3.567
2.922,1.972
1.938,1.594
0.903,0.762
-1.984,3.242
1.699,2.791
1.672,2.143
0.745,2.126
0.648,2.73
0.322,1.25
0.315,3.242
0.105,1.812
2.985,0.917
0.539,0.93
-0.371,-1.608
-0.563,-1.771
-0.815,-1.828
-2.463,-1.749
-2.368,-1.743
-2.693,-1.819
-2.849,-1.579
-2.954,-1.776
2.838,-1.451
2.025,-1.736
1.938,-1.451
1.596,-1.583
0.842,-1.965
0.458,-1.599
-0.436,2.66
-0.629,2.702
-0.779,2.682
-2.561,2.696
2.988,2.763
2.118,2.657
1.141,2.904
0.836,2.603
0.664,2.625
0.573,2.911
-0.171,2.318
-1.174,0.547
-2.693,2.345
2.842,0.75
1.858,0.372
0.823,-0.46
-2.064,2.02
1.619,1.569
1.592,0.921
0.665,0.904
0.568,1.508
0.242,0.028
0.235,2.02
0.025,0.59
2.905,-0.305
0.459,-0.292
-0.192,-0.163
-0.444,-0.22
-2.092,-0.141
-1.997,-0.135
-2.322,-0.211
-2.478,0.029
-2.583,-0.168
-3.074,0.157
2.396,-0.128
2.309,0.157
1.967,0.025
1.213,-0.357
0.829,0.009
-0.065,4.268
-0.258,4.31
-0.408,4.29
-2.19,4.304
-2.924,4.371
2.489,4.265
1.512,4.512
1.207,4.211
1.035,4.233
0.944,4.519
0.2,3.926
-0.803,2.155
-2.322,3.953
-3.07,2.358
2.229,1.98
1.194,1.148
-1.693,3.628
1.99,3.177
1.963,2.529
1.036,2.512
0.939,3.116
0.613,1.636
0.606,3.628
0.396,2.198
-3.007,1.303
0.83,1.316
-0.252,-0.057
-1.9,0.022
-1.805,0.028
-2.13,-0.048
-2.286,0.192
-2.391,-0.005
-2.882,0.32
2.588,0.035
2.501,0.32
2.159,0.188
1.405,-0.194
1.021,0.172
0.127,4.431
-0.066,4.473
-0.216,4.453
-1.998,4.467
-2.732,4.534
2.681,4.428
1.704,4.675
1.399,4.374
1.227,4.396
1.136,4.682
0.392,4.089
-0.611,2.318
-2.13,4.116
-2.878,2.521
2.421,2.143
1.386,1.311
-1.501,3.791
2.182,3.34
2.155,2.692
1.228,2.675
1.131,3.279
0.805,1.799
0.798,3.791
0.588,2.361
-2.815,1.466
1.022,1.479
-1.648,0.079
-1.553,0.085
-1.878,0.009
-2.034,0.249
-2.139,0.052
-2.63,0.377
2.84,0.092
2.753,0.377
2.411,0.245
1.657,-0.137
1.273,0.229
0.379,4.488
0.186,4.53
0.036,4.51
-1.746,4.524
-2.48,4.591
2.933,4.485
1.956,4.732
1.651,4.431
1.479,4.453
1.388,4.739
0.644,4.146
-0.359,2.375
-1.878,4.173
-2.626,2.578
2.673,2.2
1.638,1.368
-1.249,3.848
2.434,3.397
2.407,2.749
1.48,2.732
1.383,3.336
1.057,1.856
1.05,3.848
0.84,2.418
-2.563,1.523
1.274,1.536
0.095,0.006
-0.23,-0.07
-0.386,0.17
-0.491,-0.027
-0.982,0.298
-1.795,0.013
-1.882,0.298
-2.224,0.166
-2.978,-0.216
2.921,0.15
2.027,4.409
1.834,4.451
1.684,4.431
-0.098,4.445
-0.832,4.512
-1.702,4.406
-2.679,4.653
-2.984,4.352
3.127,4.374
3.036,4.66
2.292,4.067
1.289,2.296
-0.23,4.094
-0.978,2.499
-1.962,2.121
-2.997,1.289
0.399,3.769
-2.201,3.318
-2.228,2.67
3.128,2.653
3.031,3.257
2.705,1.777
2.698,3.769
2.488,2.339
-0.915,1.444
2.922,1.457
-0.325,-0.076
-0.481,0.164
-0.586,-0.033
-1.077,0.292
-1.89,0.007
-1.977,0.292
-2.319,0.16
-3.073,-0.222
2.826,0.144
1.932,4.403
1.739,4.445
1.589,4.425
-0.193,4.439
-0.927,4.506
-1.797,4.4
-2.774,4.647
-3.079,4.346
3.032,4.368
2.941,4.654
2.197,4.061
1.194,2.29
-0.325,4.088
-1.073,2.493
-2.057,2.115
-3.092,1.283
0.304,3.763
-2.296,3.312
-2.323,2.664
3.033,2.647
2.936,3.251
2.61,1.771
2.603,3.763
2.393,2.333
-1.01,1.438
2.827,1.451
-0.156,0.24
-0.261,0.043
-0.752,0.368
-1.565,0.083
-1.652,0.368
-1.994,0.236
-2.748,-0.146
-3.132,0.22
2.257,4.479
2.064,4.521
1.914,4.501
0.132,4.515
-0.602,4.582
-1.472,4.476
-2.449,4.723
-2.754,4.422
-2.926,4.444
-3.017,4.73
2.522,4.137
1.519,2.366
0.0,4.164
-0.748,2.569
-1.732,2.191
-2.767,1.359
0.629,3.839
-1.971,3.388
-1.998,2.74
-2.925,2.723
-3.022,3.327
2.935,1.847
2.928,3.839
2.718,2.409
-0.685,1.514
-3.131,1.527
-0.105,-0.197
-0.596,0.128
-1.409,-0.157
-1.496,0.128
-1.838,-0.004
-2.592,-0.386
-2.976,-0.02
2.413,4.239
2.22,4.281
2.07,4.261
0.288,4.275
-0.446,4.342
-1.316,4.236
-2.293,4.483
-2.598,4.182
-2.77,4.204
-2.861,4.49
2.678,3.897
1.675,2.126
0.156,3.924
-0.592,2.329
-1.576,1.951
-2.611,1.119
0.785,3.599
-1.815,3.148
-1.842,2.5
-2.769,2.483
-2.866,3.087
3.091,1.607
3.084,3.599
2.874,2.169
-0.529,1.274
-2.975,1.287
-0.491,0.325
-1.304,0.04
-1.391,0.325
-1.733,0.193
-2.487,-0.189
-2.871,0.177
2.518,4.436
2.325,4.478
2.175,4.458
0.393,4.472
-0.341,4.539
-1.211,4.433
-2.188,4.68
-2.493,4.379
-2.665,4.401
-2.756,4.687
2.783,4.094
1.78,2.323
0.261,4.121
-0.487,2.526
-1.471,2.148
-2.506,1.316
0.89,3.796
-1.71,3.345
-1.737,2.697
-2.664,2.68
-2.761,3.284
-3.087,1.804
-3.094,3.796
2.979,2.366
-0.424,1.471
-2.87,1.484
-0.813,-0.285
-0.9,0.0
-1.242,-0.132
-1.996,-0.514
-2.38,-0.148
3.009,4.111
2.816,4.153
2.666,4.133
0.884,4.147
0.15,4.214
-0.72,4.108
-1.697,4.355
-2.002,4.054
-2.174,4.076
-2.265,4.362
-3.009,3.769
2.271,1.998
0.752,3.796
0.004,2.201
-0.98,1.823
-2.015,0.991
1.381,3.471
-1.219,3.02
-1.246,2.372
-2.173,2.355
-2.27,2.959
-2.596,1.479
-2.603,3.471
-2.813,2.041
0.067,1.146
-2.379,1.159
-0.087,0.285
-0.429,0.153
-1.183,-0.229
-1.567,0.137
-2.461,4.396
-2.654,4.438
-2.804,4.418
1.697,4.432
0.963,4.499
0.093,4.393
-0.884,4.64
-1.189,4.339
-1.361,4.361
-1.452,4.647
-2.196,4.054
3.084,2.283
1.565,4.081
0.817,2.486
-0.167,2.108
-1.202,1.276
2.194,3.756
-0.406,3.305
-0.433,2.657
-1.36,2.64
-1.457,3.244
-1.783,1.764
-1.79,3.756
-2.0,2.326
0.88,1.431
-1.566,1.444
-0.342,-0.132
-1.096,-0.514
-1.48,-0.148
-2.374,4.111
-2.567,4.153
-2.717,4.133
1.784,4.147
1.05,4.214
0.18,4.108
-0.797,4.355
-1.102,4.054
-1.274,4.076
-1.365,4.362
-2.109,3.769
-3.112,1.998
1.652,3.796
0.904,2.201
-0.08,1.823
-1.115,0.991
2.281,3.471
-0.319,3.02
-0.346,2.372
-1.273,2.355
-1.37,2.959
-1.696,1.479
-1.703,3.471
-1.913,2.041
0.967,1.146
-1.479,1.159
-0.754,-0.382
-1.138,-0.016
-2.032,4.243
-2.225,4.285
-2.375,4.265
2.126,4.279
1.392,4.346
0.522,4.24
-0.455,4.487
-0.76,4.186
-0.932,4.208
-1.023,4.494
-1.767,3.901
-2.77,2.13
1.994,3.928
1.246,2.333
0.262,1.955
-0.773,1.123
2.623,3.603
0.023,3.152
-0.004,2.504
-0.931,2.487
-1.028,3.091
-1.354,1.611
-1.361,3.603
-1.571,2.173
1.309,1.278
-1.137,1.291
-0.384,0.366
-1.278,4.625
-1.471,4.667
-1.621,4.647
2.88,4.661
2.146,4.728
1.276,4.622
0.299,4.869
-0.006,4.568
-0.178,4.59
-0.269,4.876
-1.013,4.283
-2.016,2.512
2.748,4.31
2.0,2.715
1.016,2.337
-0.019,1.505
-2.906,3.985
0.777,3.534
0.75,2.886
-0.177,2.869
-0.274,3.473
-0.6,1.993
-0.607,3.985
-0.817,2.555
2.063,1.66
-0.383,1.673
-0.894,4.259
-1.087,4.301
-1.237,4.281
-3.019,4.295
2.53,4.362
1.66,4.256
0.683,4.503
0.378,4.202
0.206,4.224
0.115,4.51
-0.629,3.917
-1.632,2.146
3.132,3.944
2.384,2.349
1.4,1.971
0.365,1.139
-2.522,3.619
1.161,3.168
1.134,2.52
0.207,2.503
0.11,3.107
-0.216,1.627
-0.223,3.619
-0.433,2.189
2.447,1.294
0.001,1.307
-0.193,0.042
-0.343,0.022
-2.125,0.036
-2.859,0.103
2.554,-0.003
1.577,0.244
1.272,-0.057
1.1,-0.035
1.009,0.251
0.265,-0.342
-0.738,-2.113
-2.257,-0.315
-3.005,-1.91
2.294,-2.288
1.259,-3.12
-1.628,-0.64
2.055,-1.091
2.028,-1.739
1.101,-1.756
1.004,-1.152
0.678,-2.632
0.671,-0.64
0.461,-2.07
-2.942,-2.965
0.895,-2.952
-0.15,-0.02
-1.932,-0.006
-2.666,0.061
2.747,-0.045
1.77,0.202
1.465,-0.099
1.293,-0.077
1.202,0.209
0.458,-0.384
-0.545,-2.155
-2.064,-0.357
-2.812,-1.952
2.487,-2.33
1.452,-3.162
-1.435,-0.682
2.248,-1.133
2.221,-1.781
1.294,-1.798
1.197,-1.194
0.871,-2.674
0.864,-0.682
0.654,-2.112
-2.749,-3.007
1.088,-2.994
-1.782,0.014
-2.516,0.081
2.897,-0.025
1.92,0.222
1.615,-0.079
1.443,-0.057
1.352,0.229
0.608,-0.364
-0.395,-2.135
-1.914,-0.337
-2.662,-1.932
2.637,-2.31
1.602,-3.142
-1.285,-0.662
2.398,-1.113
2.371,-1.761
1.444,-1.778
1.347,-1.174
1.021,-2.654
1.014,-0.662
0.804,-2.092
-2.599,-2.987
1.238,-2.974
-0.734,0.067
-1.604,-0.039
-2.581,0.208
-2.886,-0.093
-3.058,-0.071
3.134,0.215
2.39,-0.378
1.387,-2.149
-0.132,-0.351
-0.88,-1.946
-1.864,-2.324
-2.899,-3.156
0.497,-0.676
-2.103,-1.127
-2.13,-1.775
-3.057,-1.792
3.129,-1.188
2.803,-2.668
2.796,-0.676
2.586,-2.106
-0.817,-3.001
3.02,-2.988
-0.87,-0.106
-1.847,0.141
-2.152,-0.16
-2.324,-0.138
-2.415,0.148
3.124,-0.445
2.121,-2.216
0.602,-0.418
-0.146,-2.013
-1.13,-2.391
-2.165,-3.223
1.231,-0.743
-1.369,-1.194
-1.396,-1.842
-2.323,-1.859
-2.42,-1.255
-2.746,-2.735
-2.753,-0.743
-2.963,-2.173
-0.083,-3.068
-2.529,-3.055
-0.977,0.247
-1.282,-0.054
-1.454,-0.032
-1.545,0.254
-2.289,-0.339
2.991,-2.11
1.472,-0.312
0.724,-1.907
-0.26,-2.285
-1.295,-3.117
2.101,-0.637
-0.499,-1.088
-0.526,-1.736
-1.453,-1.753
-1.55,-1.149
-1.876,-2.629
-1.883,-0.637
-2.093,-2.067
0.787,-2.962
-1.659,-2.949
-0.305,-0.301
-0.477,-0.279
-0.568,0.007
-1.312,-0.586
-2.315,-2.357
2.449,-0.559
1.701,-2.154
0.717,-2.532
-0.318,-3.364
3.078,-0.884
0.478,-1.335
0.451,-1.983
-0.476,-2.0
-0.573,-1.396
-0.899,-2.876
-0.906,-0.884
-1.116,-2.314
1.764,-3.209
-0.682,-3.196
-0.172,0.022
-0.263,0.308
-1.007,-0.285
-2.01,-2.056
2.754,-0.258
2.006,-1.853
1.022,-2.231
-0.013,-3.063
-2.9,-0.583
0.783,-1.034
0.756,-1.682
-0.171,-1.699
-0.268,-1.095
-0.594,-2.575
-0.601,-0.583
-0.811,-2.013
2.069,-2.908
-0.377,-2.895
-0.091,0.286
-0.835,-0.307
-1.838,-2.078
2.926,-0.28
2.178,-1.875
1.194,-2.253
0.159,-3.085
-2.728,-0.605
0.955,-1.056
0.928,-1.704
0.001,-1.721
-0.096,-1.117
-0.422,-2.597
-0.429,-0.605
-0.639,-2.035
2.241,-2.93
-0.205,-2.917
-0.744,-0.593
-1.747,-2.364
3.017,-0.566
2.269,-2.161
1.285,-2.539
0.25,-3.371
-2.637,-0.891
1.046,-1.342
1.019,-1.99
0.092,-2.007
-0.005,-1.403
-0.331,-2.883
-0.338,-0.891
-0.548,-2.321
2.332,-3.216
-0.114,-3.203
-1.003,-1.771
-2.522,0.027
3.013,-1.568
2.029,-1.946
0.994,-2.778
-1.893,-0.298
1.79,-0.749
1.763,-1.397
0.836,-1.414
0.739,-0.81
0.413,-2.29
0.406,-0.298
0.196,-1.728
3.076,-2.623
0.63,-2.61
-1.519,1.798
-2.267,0.203
3.032,-0.175
1.997,-1.007
-0.89,1.473
2.793,1.022
2.766,0.374
1.839,0.357
1.742,0.961
1.416,-0.519
1.409,1.473
1.199,0.043
-2.204,-0.852
1.633,-0.839
-0.748,-1.595
-1.732,-1.973
-2.767,-2.805
0.629,-0.325
-1.971,-0.776
-1.998,-1.424
-2.925,-1.441
-3.022,-0.837
2.935,-2.317
2.928,-0.325
2.718,-1.755
-0.685,-2.65
-3.131,-2.637
-0.984,-0.378
-2.019,-1.21
1.377,1.27
-1.223,0.819
-1.25,0.171
-2.177,0.154
-2.274,0.758
-2.6,-0.722
-2.607,1.27
-2.817,-0.16
0.063,-1.055
-2.383,-1.042
-1.035,-0.832
2.361,1.648
-0.239,1.197
-0.266,0.549
-1.193,0.532
-1.29,1.136
-1.616,-0.344
-1.623,1.648
-1.833,0.218
1.047,-0.677
-1.399,-0.664
-2.887,2.48
0.796,2.029
0.769,1.381
-0.158,1.364
-0.255,1.968
-0.581,0.488
-0.588,2.48
-0.798,1.05
2.082,0.155
-0.364,0.168
-2.6,-0.451
-2.627,-1.099
2.729,-1.116
2.632,-0.512
2.306,-1.992
2.299,0.0
2.089,-1.43
-1.314,-2.325
2.523,-2.312
-0.027,-0.648
-0.954,-0.665
-1.051,-0.061
-1.377,-1.541
-1.384,0.451
-1.594,-0.979
1.286,-1.874
-1.16,-1.861
-0.927,-0.017
-1.024,0.587
-1.35,-0.893
-1.357,1.099
-1.567,-0.331
1.313,-1.226
-1.133,-1.213
-0.097,0.604
-0.423,-0.876
-0.43,1.116
-0.64,-0.314
2.24,-1.209
-0.206,-1.196
-0.326,-1.48
-0.333,0.512
-0.543,-0.918
2.337,-1.813
-0.109,-1.8
-0.007,1.992
-0.217,0.562
2.663,-0.333
0.217,-0.32
-0.21,-1.43
2.67,-2.325
0.224,-2.312
2.88,-0.895
0.434,-0.882
-2.446,0.013
