0.04,0.463
-0.004,-1.597
-0.022,-0.088
-0.143,-2.058
-0.085,-1.257
-0.178,-1.832
-0.265,-0.376
-0.306,-1.92
-0.356,0.927
-0.422,-0.627
-0.428,-1.771
-0.373,-2.09
-0.385,-1.424
-0.393,0.513
-0.49,1.018
-0.529,-2.569
-0.519,-1.552
-0.565,0.072
-0.65,-0.525
-0.671,-2.871
-0.618,-0.564
-0.738,0.581
-0.651,-2.355
-0.814,0.692
-0.912,-0.632
-1.012,-2.816
-1.064,0.138
-1.092,-0.963
-1.177,-1.744
-1.114,-1.303
-1.168,0.064
-1.53,-2.047
-1.495,-0.186
-1.692,-0.714
-1.708,-2.454
-1.721,-0.375
-1.973,0.538
-2.058,0.704
-2.16,0.586
-2.151,0.234
-2.203,-0.199
-2.313,-2.357
-2.299,-0.164
-2.308,-0.477
-2.336,0.034
-2.424,-0.254
-2.427,-1.808
-2.407,0.315
-2.483,0.749
-2.575,-2.199
-2.531,-2.353
-2.629,-0.294
-2.628,-1.498
-2.641,-0.021
-2.695,-0.387
-2.747,-2.73
-2.693,-1.591
-2.772,0.208
-2.725,0.098
-2.748,-0.588
-2.811,-2.813
-2.948,-2.706
-2.878,-2.237
-2.947,-0.681
-2.944,-0.051
-3.075,-1.581
-3.069,-0.405
-3.095,-1.161
-3.12,0.931
-3.135,0.434
-3.117,-0.202
3.128,-2.415
3.053,0.041
2.942,-2.898
2.992,-0.779
2.965,-0.62
2.882,0.532
2.808,-0.83
2.706,-1.531
2.699,-0.59
2.704,1.055
2.755,-0.419
2.722,-0.175
2.661,-2.499
2.546,-1.007
2.619,0.52
2.526,-0.386
2.42,0.835
2.413,0.546
2.398,-0.871
2.35,-1.503
2.324,-0.675
2.33,0.279
2.239,-1.791
2.272,-1.668
2.245,-0.732
2.252,-2.507
2.188,-2.284
2.156,-0.629
2.089,0.774
2.001,-1.94
1.888,-2.974
1.877,-2.854
1.901,-1.848
1.892,0.557
1.89,-2.048
1.778,-1.915
1.764,-0.187
1.838,0.858
1.802,0.616
1.735,-1.853
1.67,0.091
1.68,-0.483
1.561,0.907
1.55,-0.493
1.464,-1.559
1.524,-2.697
1.518,-0.805
1.49,-1.583
1.366,0.731
1.44,-1.872
1.438,-0.921
1.347,-1.461
1.33,-1.089
1.32,-0.053
1.323,-1.833
1.283,-0.362
1.195,-0.83
1.25,-0.575
1.151,-1.405
1.14,-1.333
1.031,-0.676
1.029,-0.934
1.083,-1.827
1.07,-2.84
1.014,0.883
0.924,-2.037
0.584,-2.264
0.499,-2.324
0.464,-1.825
0.382,0.011
0.422,-0.457
0.401,-1.956
0.396,0.643
0.143,-1.754
-0.344,-3.058
-0.534,-3.073
-1.002,-3.239
-2.075,-3.202
-2.832,-3.326
2.567,-3.175
2.403,-3.088
2.14,-3.335
1.813,-3.053
-0.212,1.045
-0.504,1.333
-0.806,1.238
-0.874,1.273
-1.23,1.387
-1.253,1.203
-1.576,1.169
-1.627,0.994
-2.772,1.192
-2.956,1.459
-2.91,1.567
2.851,1.258
1.625,1.371
1.297,1.467
1.28,1.103
1.069,1.09
0.867,1.001
0.926,1.492
1.882,-2.665
1.724,0.112
-0.456,-3.218
-0.79,-3.032
-1.477,-3.292
-2.123,-3.286
1.837,-3.036
3.106,1.339
-0.083,-1.548
0.003,-2.774
-0.143,-1.506
-0.143,-2.363
-0.173,-1.456
-0.183,-1.945
-0.144,-0.258
-0.449,0.704
-0.492,-0.397
-0.553,-2.529
-0.569,1.006
-0.573,-2.559
-0.448,-0.591
-0.64,-0.155
-0.641,-2.05
-0.794,-0.093
-0.701,-1.398
-0.865,-0.093
-0.77,-0.327
-0.778,-2.805
-0.905,-1.822
-0.843,-0.27
-1.025,-0.123
-1.163,-0.543
-1.182,-2.821
-1.081,0.865
-1.127,-2.96
-1.243,-0.497
-1.252,-0.9
-1.384,0.537
-1.391,-0.336
-1.289,-0.728
-1.457,0.535
-1.475,0.856
-1.612,0.848
-1.619,-2.946
-1.769,-1.048
-1.772,-0.365
-1.769,-1.681
-2.018,-2.406
-2.217,-0.255
-2.26,-1.947
-2.35,-0.718
-2.478,0.145
-2.523,-2.839
-2.576,-1.131
-2.704,-0.353
-2.737,-0.949
-2.788,-0.706
-2.828,-0.423
-2.719,-2.827
-2.896,0.617
-2.906,0.335
-3.063,-0.17
-3.103,-2.762
3.126,-1.735
-3.073,-0.272
3.062,0.502
3.12,0.503
2.79,-2.79
2.844,-0.724
2.766,-3.029
2.688,-1.509
2.545,-0.276
2.538,-0.01
2.347,-1.154
2.217,-1.846
2.167,-1.258
1.959,-0.917
1.964,-1.698
1.85,-1.427
1.593,-1.959
1.64,-1.182
1.622,-0.928
1.498,-1.544
1.417,-2.49
1.269,0.727
1.213,-0.752
1.306,-1.818
1.244,-2.547
0.943,-1.078
1.073,-1.536
0.773,-2.478
0.565,-2.575
0.537,-0.914
0.474,0.51
0.35,-1.514
0.252,-0.434
0.219,-1.549
0.109,-0.997
0.044,-0.407
-0.158,-3.29
-0.815,-2.889
-1.112,-3.053
-1.26,-3.263
-1.245,-3.202
-1.8,-3.05
-1.723,-3.239
-2.089,-3.306
-2.619,-3.123
-2.726,-3.348
2.816,-3.209
2.158,-3.004
1.449,-2.993
1.321,-3.095
0.398,-3.034
0.221,-3.255
-0.467,1.412
-0.959,1.228
-1.231,1.452
-1.947,1.175
-2.719,1.386
-3.14,1.415
-3.03,1.171
2.267,1.256
0.993,1.408
0.644,1.356
0.659,1.146
-2.131,-2.404
1.752,-1.685
-0.721,-1.929
3.101,0.352
1.83,-0.967
1.665,-0.325
0.859,-0.205
-0.397,0.007
-1.706,-0.057
1.895,-1.426
1.534,-1.426
-0.111,1.098
0.549,0.951
0.738,-2.813
-0.044,-2.06
-0.062,-0.551
-0.183,-2.521
-0.125,-1.72
-0.218,-2.295
-0.305,-0.839
-0.346,-2.383
-0.396,0.464
-0.462,-1.09
-0.468,-2.234
-0.413,-2.553
-0.425,-1.887
-0.433,0.05
-0.53,0.555
-0.569,-3.032
-0.559,-2.015
-0.605,-0.391
-0.69,-0.988
-0.711,-3.334
-0.658,-1.027
-0.778,0.118
-0.691,-2.818
-0.854,0.229
-0.952,-1.095
-1.052,-3.279
-1.104,-0.325
-1.132,-1.426
-1.217,-2.207
-1.154,-1.766
-1.208,-0.399
-1.57,-2.51
-1.535,-0.649
-1.732,-1.177
-1.748,-2.917
-1.761,-0.838
-2.013,0.075
-2.098,0.241
-2.2,0.123
-2.191,-0.229
-2.243,-0.662
-2.353,-2.82
-2.339,-0.627
-2.348,-0.94
-2.376,-0.429
-2.464,-0.717
-2.467,-2.271
-2.447,-0.148
-2.523,0.286
-2.615,-2.662
-2.571,-2.816
-2.669,-0.757
-2.668,-1.961
-2.681,-0.484
-2.735,-0.85
-2.787,-3.193
-2.733,-2.054
-2.812,-0.255
-2.765,-0.365
-2.788,-1.051
-2.851,-3.276
-2.988,-3.169
-2.918,-2.7
-2.987,-1.144
-2.984,-0.514
-3.115,-2.044
-3.109,-0.868
-3.135,-1.624
3.123,0.468
3.108,-0.029
3.126,-0.665
3.088,-2.878
3.013,-0.422
2.902,-3.361
2.952,-1.242
2.925,-1.083
2.842,0.069
2.768,-1.293
2.666,-1.994
2.659,-1.053
2.664,0.592
2.715,-0.882
2.682,-0.638
2.621,-2.962
2.506,-1.47
2.579,0.057
2.486,-0.849
2.38,0.372
2.373,0.083
2.358,-1.334
2.31,-1.966
2.284,-1.138
2.29,-0.184
2.199,-2.254
2.232,-2.131
2.205,-1.195
2.212,-2.97
2.148,-2.747
2.116,-1.092
2.049,0.311
1.961,-2.403
1.848,-3.437
1.837,-3.317
1.861,-2.311
1.852,0.094
1.85,-2.511
1.738,-2.378
1.724,-0.65
1.798,0.395
1.762,0.153
1.695,-2.316
1.63,-0.372
1.64,-0.946
1.521,0.444
1.51,-0.956
1.424,-2.022
1.484,-3.16
1.478,-1.268
1.45,-2.046
1.326,0.268
1.4,-2.335
1.398,-1.384
1.307,-1.924
1.29,-1.552
1.28,-0.516
1.283,-2.296
1.243,-0.825
1.155,-1.293
1.21,-1.038
1.111,-1.868
1.1,-1.796
0.991,-1.139
0.989,-1.397
1.043,-2.29
1.03,-3.303
0.974,0.42
0.884,-2.5
0.544,-2.727
0.459,-2.787
0.424,-2.288
0.342,-0.452
0.382,-0.92
0.361,-2.419
0.356,0.18
0.103,-2.217
-0.384,-3.521
-0.574,-3.536
-1.042,-3.702
-2.115,-3.665
-2.872,-3.789
2.527,-3.638
2.363,-3.551
2.1,-3.798
1.773,-3.516
-0.252,0.582
-0.544,0.87
-0.846,0.775
-0.914,0.81
-1.27,0.924
-1.293,0.74
-1.616,0.706
-1.667,0.531
-2.812,0.729
-2.996,0.996
-2.95,1.104
2.811,0.795
1.585,0.908
1.257,1.004
1.24,0.64
1.029,0.627
0.827,0.538
0.886,1.029
1.842,-3.128
1.684,-0.351
-0.496,-3.681
-0.83,-3.495
-1.517,-3.755
-2.163,-3.749
1.797,-3.499
3.066,0.876
-0.123,-2.011
-0.037,-3.237
-0.183,-1.969
-0.183,-2.826
-0.213,-1.919
-0.223,-2.408
-0.184,-0.721
-0.489,0.241
-0.532,-0.86
-0.593,-2.992
-0.609,0.543
-0.613,-3.022
-0.488,-1.054
-0.68,-0.618
-0.681,-2.513
-0.834,-0.556
-0.741,-1.861
-0.905,-0.556
-0.81,-0.79
-0.818,-3.268
-0.945,-2.285
-0.883,-0.733
-1.065,-0.586
-1.203,-1.006
-1.222,-3.284
-1.121,0.402
-1.167,-3.423
-1.283,-0.96
-1.292,-1.363
-1.424,0.074
-1.431,-0.799
-1.329,-1.191
-1.497,0.072
-1.515,0.393
-1.652,0.385
-1.659,-3.409
-1.809,-1.511
-1.812,-0.828
-1.809,-2.144
-2.058,-2.869
-2.257,-0.718
-2.3,-2.41
-2.39,-1.181
-2.518,-0.318
-2.563,-3.302
-2.616,-1.594
-2.744,-0.816
-2.777,-1.412
-2.828,-1.169
-2.868,-0.886
-2.759,-3.29
-2.936,0.154
-2.946,-0.128
-3.103,-0.633
3.14,-3.225
3.086,-2.198
-3.113,-0.735
3.022,0.039
3.08,0.04
2.75,-3.253
2.804,-1.187
2.726,-3.492
2.648,-1.972
2.505,-0.739
2.498,-0.473
2.307,-1.617
2.177,-2.309
2.127,-1.721
1.919,-1.38
1.924,-2.161
1.81,-1.89
1.553,-2.422
1.6,-1.645
1.582,-1.391
1.458,-2.007
1.377,-2.953
1.229,0.264
1.173,-1.215
1.266,-2.281
1.204,-3.01
0.903,-1.541
1.033,-1.999
0.733,-2.941
0.525,-3.038
0.497,-1.377
0.434,0.047
0.31,-1.977
0.212,-0.897
0.179,-2.012
0.069,-1.46
0.004,-0.87
-0.198,-3.753
-0.855,-3.352
-1.152,-3.516
-1.3,-3.726
-1.285,-3.665
-1.84,-3.513
-1.763,-3.702
-2.129,-3.769
-2.659,-3.586
-2.766,-3.811
2.776,-3.672
2.118,-3.467
1.409,-3.456
1.281,-3.558
0.358,-3.497
0.181,-3.718
-0.507,0.949
-0.999,0.765
-1.271,0.989
-1.987,0.712
-2.759,0.923
3.103,0.952
-3.07,0.708
2.227,0.793
0.953,0.945
0.604,0.893
0.619,0.683
-2.171,-2.867
1.712,-2.148
-0.761,-2.392
3.061,-0.111
1.79,-1.43
1.625,-0.788
0.819,-0.668
-0.437,-0.456
-1.746,-0.52
1.855,-1.889
1.494,-1.889
-0.151,0.635
0.509,0.488
0.698,-3.276
-0.018,1.509
-0.139,-0.461
-0.081,0.34
-0.174,-0.235
-0.261,1.221
-0.302,-0.323
-0.352,2.524
-0.418,0.97
-0.424,-0.174
-0.369,-0.493
-0.381,0.173
-0.389,2.11
-0.486,2.615
-0.525,-0.972
-0.515,0.045
-0.561,1.669
-0.646,1.072
-0.667,-1.274
-0.614,1.033
-0.734,2.178
-0.647,-0.758
-0.81,2.289
-0.908,0.965
-1.008,-1.219
-1.06,1.735
-1.088,0.634
-1.173,-0.147
-1.11,0.294
-1.164,1.661
-1.526,-0.45
-1.491,1.411
-1.688,0.883
-1.704,-0.857
-1.717,1.222
-1.969,2.135
-2.054,2.301
-2.156,2.183
-2.147,1.831
-2.199,1.398
-2.309,-0.76
-2.295,1.433
-2.304,1.12
-2.332,1.631
-2.42,1.343
-2.423,-0.211
-2.403,1.912
-2.479,2.346
-2.571,-0.602
-2.527,-0.756
-2.625,1.303
-2.624,0.099
-2.637,1.576
-2.691,1.21
-2.743,-1.133
-2.689,0.006
-2.768,1.805
-2.721,1.695
-2.744,1.009
-2.807,-1.216
-2.944,-1.109
-2.874,-0.64
-2.943,0.916
-2.94,1.546
-3.071,0.016
-3.065,1.192
-3.091,0.436
-3.116,2.528
-3.131,2.031
-3.113,1.395
3.132,-0.818
3.057,1.638
2.946,-1.301
2.996,0.818
2.969,0.977
2.886,2.129
2.812,0.767
2.71,0.066
2.703,1.007
2.708,2.652
2.759,1.178
2.726,1.422
2.665,-0.902
2.55,0.59
2.623,2.117
2.53,1.211
2.424,2.432
2.417,2.143
2.402,0.726
2.354,0.094
2.328,0.922
2.334,1.876
2.243,-0.194
2.276,-0.071
2.249,0.865
2.256,-0.91
2.192,-0.687
2.16,0.968
2.093,2.371
2.005,-0.343
1.892,-1.377
1.881,-1.257
1.905,-0.251
1.896,2.154
1.894,-0.451
1.782,-0.318
1.768,1.41
1.842,2.455
1.806,2.213
1.739,-0.256
1.674,1.688
1.684,1.114
1.565,2.504
1.554,1.104
1.468,0.038
1.528,-1.1
1.522,0.792
1.494,0.014
1.37,2.328
1.444,-0.275
1.442,0.676
1.351,0.136
1.334,0.508
1.324,1.544
1.327,-0.236
1.287,1.235
1.199,0.767
1.254,1.022
1.155,0.192
1.144,0.264
1.035,0.921
1.033,0.663
1.087,-0.23
1.074,-1.243
1.018,2.48
0.928,-0.44
0.588,-0.667
0.503,-0.727
0.468,-0.228
0.386,1.608
0.426,1.14
0.405,-0.359
0.4,2.24
0.147,-0.157
-0.34,-1.461
-0.53,-1.476
-0.998,-1.642
-2.071,-1.605
-2.828,-1.729
2.571,-1.578
2.407,-1.491
2.144,-1.738
1.817,-1.456
-0.208,2.642
-0.5,2.93
-0.802,2.835
-0.87,2.87
-1.226,2.984
-1.249,2.8
-1.572,2.766
-1.623,2.591
-2.768,2.789
-2.952,3.056
-2.906,3.164
2.855,2.855
1.629,2.968
1.301,3.064
1.284,2.7
1.073,2.687
0.871,2.598
0.93,3.089
1.886,-1.068
1.728,1.709
-0.452,-1.621
-0.786,-1.435
-1.473,-1.695
-2.119,-1.689
1.841,-1.439
3.11,2.936
-0.079,0.049
0.007,-1.177
-0.139,0.091
-0.139,-0.766
-0.169,0.141
-0.179,-0.348
-0.14,1.339
-0.445,2.301
-0.488,1.2
-0.549,-0.932
-0.565,2.603
-0.569,-0.962
-0.444,1.006
-0.636,1.442
-0.637,-0.453
-0.79,1.504
-0.697,0.199
-0.861,1.504
-0.766,1.27
-0.774,-1.208
-0.901,-0.225
-0.839,1.327
-1.021,1.474
-1.159,1.054
-1.178,-1.224
-1.077,2.462
-1.123,-1.363
-1.239,1.1
-1.248,0.697
-1.38,2.134
-1.387,1.261
-1.285,0.869
-1.453,2.132
-1.471,2.453
-1.608,2.445
-1.615,-1.349
-1.765,0.549
-1.768,1.232
-1.765,-0.084
-2.014,-0.809
-2.213,1.342
-2.256,-0.35
-2.346,0.879
-2.474,1.742
-2.519,-1.242
-2.572,0.466
-2.7,1.244
-2.733,0.648
-2.784,0.891
-2.824,1.174
-2.715,-1.23
-2.892,2.214
-2.902,1.932
-3.059,1.427
-3.099,-1.165
3.13,-0.138
-3.069,1.325
3.066,2.099
3.124,2.1
2.794,-1.193
2.848,0.873
2.77,-1.432
2.692,0.088
2.549,1.321
2.542,1.587
2.351,0.443
2.221,-0.249
2.171,0.339
1.963,0.68
1.968,-0.101
1.854,0.17
1.597,-0.362
1.644,0.415
1.626,0.669
1.502,0.053
1.421,-0.893
1.273,2.324
1.217,0.845
1.31,-0.221
1.248,-0.95
0.947,0.519
1.077,0.061
0.777,-0.881
0.569,-0.978
0.541,0.683
0.478,2.107
0.354,0.083
0.256,1.163
0.223,0.048
0.113,0.6
0.048,1.19
-0.154,-1.693
-0.811,-1.292
-1.108,-1.456
-1.256,-1.666
-1.241,-1.605
-1.796,-1.453
-1.719,-1.642
-2.085,-1.709
-2.615,-1.526
-2.722,-1.751
2.82,-1.612
2.162,-1.407
1.453,-1.396
1.325,-1.498
0.402,-1.437
0.225,-1.658
-0.463,3.009
-0.955,2.825
-1.227,3.049
-1.943,2.772
-2.715,2.983
-3.136,3.012
-3.026,2.768
2.271,2.853
0.997,3.005
0.648,2.953
0.663,2.743
-2.127,-0.807
1.756,-0.088
-0.717,-0.332
3.105,1.949
1.834,0.63
1.669,1.272
0.863,1.392
-0.393,1.604
-1.702,1.54
1.899,0.171
1.538,0.171
-0.107,2.695
0.553,2.548
0.742,-1.216
-0.121,-1.97
-0.063,-1.169
-0.156,-1.744
-0.243,-0.288
-0.284,-1.832
-0.334,1.015
-0.4,-0.539
-0.406,-1.683
-0.351,-2.002
-0.363,-1.336
-0.371,0.601
-0.468,1.106
-0.507,-2.481
-0.497,-1.464
-0.543,0.16
-0.628,-0.437
-0.649,-2.783
-0.596,-0.476
-0.716,0.669
-0.629,-2.267
-0.792,0.78
-0.89,-0.544
-0.99,-2.728
-1.042,0.226
-1.07,-0.875
-1.155,-1.656
-1.092,-1.215
-1.146,0.152
-1.508,-1.959
-1.473,-0.098
-1.67,-0.626
-1.686,-2.366
-1.699,-0.287
-1.951,0.626
-2.036,0.792
-2.138,0.674
-2.129,0.322
-2.181,-0.111
-2.291,-2.269
-2.277,-0.076
-2.286,-0.389
-2.314,0.122
-2.402,-0.166
-2.405,-1.72
-2.385,0.403
-2.461,0.837
-2.553,-2.111
-2.509,-2.265
-2.607,-0.206
-2.606,-1.41
-2.619,0.067
-2.673,-0.299
-2.725,-2.642
-2.671,-1.503
-2.75,0.296
-2.703,0.186
-2.726,-0.5
-2.789,-2.725
-2.926,-2.618
-2.856,-2.149
-2.925,-0.593
-2.922,0.037
-3.053,-1.493
-3.047,-0.317
-3.073,-1.073
-3.098,1.019
-3.113,0.522
-3.095,-0.114
-3.133,-2.327
3.075,0.129
2.964,-2.81
3.014,-0.691
2.987,-0.532
2.904,0.62
2.83,-0.742
2.728,-1.443
2.721,-0.502
2.726,1.143
2.777,-0.331
2.744,-0.087
2.683,-2.411
2.568,-0.919
2.641,0.608
2.548,-0.298
2.442,0.923
2.435,0.634
2.42,-0.783
2.372,-1.415
2.346,-0.587
2.352,0.367
2.261,-1.703
2.294,-1.58
2.267,-0.644
2.274,-2.419
2.21,-2.196
2.178,-0.541
2.111,0.862
2.023,-1.852
1.91,-2.886
1.899,-2.766
1.923,-1.76
1.914,0.645
1.912,-1.96
1.8,-1.827
1.786,-0.099
1.86,0.946
1.824,0.704
1.757,-1.765
1.692,0.179
1.702,-0.395
1.583,0.995
1.572,-0.405
1.486,-1.471
1.546,-2.609
1.54,-0.717
1.512,-1.495
1.388,0.819
1.462,-1.784
1.46,-0.833
1.369,-1.373
1.352,-1.001
1.342,0.035
1.345,-1.745
1.305,-0.274
1.217,-0.742
1.272,-0.487
1.173,-1.317
1.162,-1.245
1.053,-0.588
1.051,-0.846
1.105,-1.739
1.092,-2.752
1.036,0.971
0.946,-1.949
0.606,-2.176
0.521,-2.236
0.486,-1.737
0.404,0.099
0.444,-0.369
0.423,-1.868
0.418,0.731
0.165,-1.666
-0.322,-2.97
-0.512,-2.985
-0.98,-3.151
-2.053,-3.114
-2.81,-3.238
2.589,-3.087
2.425,-3.0
2.162,-3.247
1.835,-2.965
-0.19,1.133
-0.482,1.421
-0.784,1.326
-0.852,1.361
-1.208,1.475
-1.231,1.291
-1.554,1.257
-1.605,1.082
-2.75,1.28
-2.934,1.547
-2.888,1.655
2.873,1.346
1.647,1.459
1.319,1.555
1.302,1.191
1.091,1.178
0.889,1.089
0.948,1.58
1.904,-2.577
1.746,0.2
-0.434,-3.13
-0.768,-2.944
-1.455,-3.204
-2.101,-3.198
1.859,-2.948
3.128,1.427
-0.061,-1.46
0.025,-2.686
-0.121,-1.418
-0.121,-2.275
-0.151,-1.368
-0.161,-1.857
-0.122,-0.17
-0.427,0.792
-0.47,-0.309
-0.531,-2.441
-0.547,1.094
-0.551,-2.471
-0.426,-0.503
-0.618,-0.067
-0.619,-1.962
-0.772,-0.005
-0.679,-1.31
-0.843,-0.005
-0.748,-0.239
-0.756,-2.717
-0.883,-1.734
-0.821,-0.182
-1.003,-0.035
-1.141,-0.455
-1.16,-2.733
-1.059,0.953
-1.105,-2.872
-1.221,-0.409
-1.23,-0.812
-1.362,0.625
-1.369,-0.248
-1.267,-0.64
-1.435,0.623
-1.453,0.944
-1.59,0.936
-1.597,-2.858
-1.747,-0.96
-1.75,-0.277
-1.747,-1.593
-1.996,-2.318
-2.195,-0.167
-2.238,-1.859
-2.328,-0.63
-2.456,0.233
-2.501,-2.751
-2.554,-1.043
-2.682,-0.265
-2.715,-0.861
-2.766,-0.618
-2.806,-0.335
-2.697,-2.739
-2.874,0.705
-2.884,0.423
-3.041,-0.082
-3.081,-2.674
-3.135,-1.647
-3.051,-0.184
3.084,0.59
-3.141,0.591
2.812,-2.702
2.866,-0.636
2.788,-2.941
2.71,-1.421
2.567,-0.188
2.56,0.078
2.369,-1.066
2.239,-1.758
2.189,-1.17
1.981,-0.829
1.986,-1.61
1.872,-1.339
1.615,-1.871
1.662,-1.094
1.644,-0.84
1.52,-1.456
1.439,-2.402
1.291,0.815
1.235,-0.664
1.328,-1.73
1.266,-2.459
0.965,-0.99
1.095,-1.448
0.795,-2.39
0.587,-2.487
0.559,-0.826
0.496,0.598
0.372,-1.426
0.274,-0.346
0.241,-1.461
0.131,-0.909
0.066,-0.319
-0.136,-3.202
-0.793,-2.801
-1.09,-2.965
-1.238,-3.175
-1.223,-3.114
-1.778,-2.962
-1.701,-3.151
-2.067,-3.218
-2.597,-3.035
-2.704,-3.26
2.838,-3.121
2.18,-2.916
1.471,-2.905
1.343,-3.007
0.42,-2.946
0.243,-3.167
-0.445,1.5
-0.937,1.316
-1.209,1.54
-1.925,1.263
-2.697,1.474
-3.118,1.503
-3.008,1.259
2.289,1.344
1.015,1.496
0.666,1.444
0.681,1.234
-2.109,-2.316
1.774,-1.597
-0.699,-1.841
3.123,0.44
1.852,-0.879
1.687,-0.237
0.881,-0.117
-0.375,0.095
-1.684,0.031
1.917,-1.338
1.556,-1.338
-0.089,1.186
0.571,1.039
0.76,-2.725
0.058,0.801
-0.035,0.226
-0.122,1.682
-0.163,0.138
-0.213,2.985
-0.279,1.431
-0.285,0.287
-0.23,-0.032
-0.242,0.634
-0.25,2.571
-0.347,3.076
-0.386,-0.511
-0.376,0.506
-0.422,2.13
-0.507,1.533
-0.528,-0.813
-0.475,1.494
-0.595,2.639
-0.508,-0.297
-0.671,2.75
-0.769,1.426
-0.869,-0.758
-0.921,2.196
-0.949,1.095
-1.034,0.314
-0.971,0.755
-1.025,2.122
-1.387,0.011
-1.352,1.872
-1.549,1.344
-1.565,-0.396
-1.578,1.683
-1.83,2.596
-1.915,2.762
-2.017,2.644
-2.008,2.292
-2.06,1.859
-2.17,-0.299
-2.156,1.894
-2.165,1.581
-2.193,2.092
-2.281,1.804
-2.284,0.25
-2.264,2.373
-2.34,2.807
-2.432,-0.141
-2.388,-0.295
-2.486,1.764
-2.485,0.56
-2.498,2.037
-2.552,1.671
-2.604,-0.672
-2.55,0.467
-2.629,2.266
-2.582,2.156
-2.605,1.47
-2.668,-0.755
-2.805,-0.648
-2.735,-0.179
-2.804,1.377
-2.801,2.007
-2.932,0.477
-2.926,1.653
-2.952,0.897
-2.977,2.989
-2.992,2.492
-2.974,1.856
-3.012,-0.357
-3.087,2.099
3.085,-0.84
3.135,1.279
3.108,1.438
3.025,2.59
2.951,1.228
2.849,0.527
2.842,1.468
2.847,3.113
2.898,1.639
2.865,1.883
2.804,-0.441
2.689,1.051
2.762,2.578
2.669,1.672
2.563,2.893
2.556,2.604
2.541,1.187
2.493,0.555
2.467,1.383
2.473,2.337
2.382,0.267
2.415,0.39
2.388,1.326
2.395,-0.449
2.331,-0.226
2.299,1.429
2.232,2.832
2.144,0.118
2.031,-0.916
2.02,-0.796
2.044,0.21
2.035,2.615
2.033,0.01
1.921,0.143
1.907,1.871
1.981,2.916
1.945,2.674
1.878,0.205
1.813,2.149
1.823,1.575
1.704,2.965
1.693,1.565
1.607,0.499
1.667,-0.639
1.661,1.253
1.633,0.475
1.509,2.789
1.583,0.186
1.581,1.137
1.49,0.597
1.473,0.969
1.463,2.005
1.466,0.225
1.426,1.696
1.338,1.228
1.393,1.483
1.294,0.653
1.283,0.725
1.174,1.382
1.172,1.124
1.226,0.231
1.213,-0.782
1.157,2.941
1.067,0.021
0.727,-0.206
0.642,-0.266
0.607,0.233
0.525,2.069
0.565,1.601
0.544,0.102
0.539,2.701
0.286,0.304
-0.201,-1.0
-0.391,-1.015
-0.859,-1.181
-1.932,-1.144
-2.689,-1.268
2.71,-1.117
2.546,-1.03
2.283,-1.277
1.956,-0.995
-0.069,3.103
-0.361,3.391
-0.663,3.296
-0.731,3.331
-1.087,3.445
-1.11,3.261
-1.433,3.227
-1.484,3.052
-2.629,3.25
-2.813,3.517
-2.767,3.625
2.994,3.316
1.768,3.429
1.44,3.525
1.423,3.161
1.212,3.148
1.01,3.059
1.069,3.55
2.025,-0.607
1.867,2.17
-0.313,-1.16
-0.647,-0.974
-1.334,-1.234
-1.98,-1.228
1.98,-0.978
-3.034,3.397
0.06,0.51
0.146,-0.716
0.0,0.552
0.0,-0.305
-0.03,0.602
-0.04,0.113
-0.001,1.8
-0.306,2.762
-0.349,1.661
-0.41,-0.471
-0.426,3.064
-0.43,-0.501
-0.305,1.467
-0.497,1.903
-0.498,0.008
-0.651,1.965
-0.558,0.66
-0.722,1.965
-0.627,1.731
-0.635,-0.747
-0.762,0.236
-0.7,1.788
-0.882,1.935
-1.02,1.515
-1.039,-0.763
-0.938,2.923
-0.984,-0.902
-1.1,1.561
-1.109,1.158
-1.241,2.595
-1.248,1.722
-1.146,1.33
-1.314,2.593
-1.332,2.914
-1.469,2.906
-1.476,-0.888
-1.626,1.01
-1.629,1.693
-1.626,0.377
-1.875,-0.348
-2.074,1.803
-2.117,0.111
-2.207,1.34
-2.335,2.203
-2.38,-0.781
-2.433,0.927
-2.561,1.705
-2.594,1.109
-2.645,1.352
-2.685,1.635
-2.576,-0.769
-2.753,2.675
-2.763,2.393
-2.92,1.888
-2.96,-0.704
-3.014,0.323
-2.93,1.786
-3.078,2.56
-3.02,2.561
2.933,-0.732
2.987,1.334
2.909,-0.971
2.831,0.549
2.688,1.782
2.681,2.048
2.49,0.904
2.36,0.212
2.31,0.8
2.102,1.141
2.107,0.36
1.993,0.631
1.736,0.099
1.783,0.876
1.765,1.13
1.641,0.514
1.56,-0.432
1.412,2.785
1.356,1.306
1.449,0.24
1.387,-0.489
1.086,0.98
1.216,0.522
0.916,-0.42
0.708,-0.517
0.68,1.144
0.617,2.568
0.493,0.544
0.395,1.624
0.362,0.509
0.252,1.061
0.187,1.651
-0.015,-1.232
-0.672,-0.831
-0.969,-0.995
-1.117,-1.205
-1.102,-1.144
-1.657,-0.992
-1.58,-1.181
-1.946,-1.248
-2.476,-1.065
-2.583,-1.29
2.959,-1.151
2.301,-0.946
1.592,-0.935
1.464,-1.037
0.541,-0.976
0.364,-1.197
-0.324,3.47
-0.816,3.286
-1.088,3.51
-1.804,3.233
-2.576,3.444
-2.997,3.473
-2.887,3.229
2.41,3.314
1.136,3.466
0.787,3.414
0.802,3.204
-1.988,-0.346
1.895,0.373
-0.578,0.129
-3.039,2.41
1.973,1.091
1.808,1.733
1.002,1.853
-0.254,2.065
-1.563,2.001
2.038,0.632
1.677,0.632
0.032,3.156
0.692,3.009
0.881,-0.755
-0.093,-0.575
-0.18,0.881
-0.221,-0.663
-0.271,2.184
-0.337,0.63
-0.343,-0.514
-0.288,-0.833
-0.3,-0.167
-0.308,1.77
-0.405,2.275
-0.444,-1.312
-0.434,-0.295
-0.48,1.329
-0.565,0.732
-0.586,-1.614
-0.533,0.693
-0.653,1.838
-0.566,-1.098
-0.729,1.949
-0.827,0.625
-0.927,-1.559
-0.979,1.395
-1.007,0.294
-1.092,-0.487
-1.029,-0.046
-1.083,1.321
-1.445,-0.79
-1.41,1.071
-1.607,0.543
-1.623,-1.197
-1.636,0.882
-1.888,1.795
-1.973,1.961
-2.075,1.843
-2.066,1.491
-2.118,1.058
-2.228,-1.1
-2.214,1.093
-2.223,0.78
-2.251,1.291
-2.339,1.003
-2.342,-0.551
-2.322,1.572
-2.398,2.006
-2.49,-0.942
-2.446,-1.096
-2.544,0.963
-2.543,-0.241
-2.556,1.236
-2.61,0.87
-2.662,-1.473
-2.608,-0.334
-2.687,1.465
-2.64,1.355
-2.663,0.669
-2.726,-1.556
-2.863,-1.449
-2.793,-0.98
-2.862,0.576
-2.859,1.206
-2.99,-0.324
-2.984,0.852
-3.01,0.096
-3.035,2.188
-3.05,1.691
-3.032,1.055
-3.07,-1.158
3.138,1.298
3.027,-1.641
3.077,0.478
3.05,0.637
2.967,1.789
2.893,0.427
2.791,-0.274
2.784,0.667
2.789,2.312
2.84,0.838
2.807,1.082
2.746,-1.242
2.631,0.25
2.704,1.777
2.611,0.871
2.505,2.092
2.498,1.803
2.483,0.386
2.435,-0.246
2.409,0.582
2.415,1.536
2.324,-0.534
2.357,-0.411
2.33,0.525
2.337,-1.25
2.273,-1.027
2.241,0.628
2.174,2.031
2.086,-0.683
1.973,-1.717
1.962,-1.597
1.986,-0.591
1.977,1.814
1.975,-0.791
1.863,-0.658
1.849,1.07
1.923,2.115
1.887,1.873
1.82,-0.596
1.755,1.348
1.765,0.774
1.646,2.164
1.635,0.764
1.549,-0.302
1.609,-1.44
1.603,0.452
1.575,-0.326
1.451,1.988
1.525,-0.615
1.523,0.336
1.432,-0.204
1.415,0.168
1.405,1.204
1.408,-0.576
1.368,0.895
1.28,0.427
1.335,0.682
1.236,-0.148
1.225,-0.076
1.116,0.581
1.114,0.323
1.168,-0.57
1.155,-1.583
1.099,2.14
1.009,-0.78
0.669,-1.007
0.584,-1.067
0.549,-0.568
0.467,1.268
0.507,0.8
0.486,-0.699
0.481,1.9
0.228,-0.497
-0.259,-1.801
-0.449,-1.816
-0.917,-1.982
-1.99,-1.945
-2.747,-2.069
2.652,-1.918
2.488,-1.831
2.225,-2.078
1.898,-1.796
-0.127,2.302
-0.419,2.59
-0.721,2.495
-0.789,2.53
-1.145,2.644
-1.168,2.46
-1.491,2.426
-1.542,2.251
-2.687,2.449
-2.871,2.716
-2.825,2.824
2.936,2.515
1.71,2.628
1.382,2.724
1.365,2.36
1.154,2.347
0.952,2.258
1.011,2.749
1.967,-1.408
1.809,1.369
-0.371,-1.961
-0.705,-1.775
-1.392,-2.035
-2.038,-2.029
1.922,-1.779
-3.092,2.596
0.002,-0.291
0.088,-1.517
-0.058,-0.249
-0.058,-1.106
-0.088,-0.199
-0.098,-0.688
-0.059,0.999
-0.364,1.961
-0.407,0.86
-0.468,-1.272
-0.484,2.263
-0.488,-1.302
-0.363,0.666
-0.555,1.102
-0.556,-0.793
-0.709,1.164
-0.616,-0.141
-0.78,1.164
-0.685,0.93
-0.693,-1.548
-0.82,-0.565
-0.758,0.987
-0.94,1.134
-1.078,0.714
-1.097,-1.564
-0.996,2.122
-1.042,-1.703
-1.158,0.76
-1.167,0.357
-1.299,1.794
-1.306,0.921
-1.204,0.529
-1.372,1.792
-1.39,2.113
-1.527,2.105
-1.534,-1.689
-1.684,0.209
-1.687,0.892
-1.684,-0.424
-1.933,-1.149
-2.132,1.002
-2.175,-0.69
-2.265,0.539
-2.393,1.402
-2.438,-1.582
-2.491,0.126
-2.619,0.904
-2.652,0.308
-2.703,0.551
-2.743,0.834
-2.634,-1.57
-2.811,1.874
-2.821,1.592
-2.978,1.087
-3.018,-1.505
-3.072,-0.478
-2.988,0.985
-3.136,1.759
-3.078,1.76
2.875,-1.533
2.929,0.533
2.851,-1.772
2.773,-0.252
2.63,0.981
2.623,1.247
2.432,0.103
2.302,-0.589
2.252,-0.001
2.044,0.34
2.049,-0.441
1.935,-0.17
1.678,-0.702
1.725,0.075
1.707,0.329
1.583,-0.287
1.502,-1.233
1.354,1.984
1.298,0.505
1.391,-0.561
1.329,-1.29
1.028,0.179
1.158,-0.279
0.858,-1.221
0.65,-1.318
0.622,0.343
0.559,1.767
0.435,-0.257
0.337,0.823
0.304,-0.292
0.194,0.26
0.129,0.85
-0.073,-2.033
-0.73,-1.632
-1.027,-1.796
-1.175,-2.006
-1.16,-1.945
-1.715,-1.793
-1.638,-1.982
-2.004,-2.049
-2.534,-1.866
-2.641,-2.091
2.901,-1.952
2.243,-1.747
1.534,-1.736
1.406,-1.838
0.483,-1.777
0.306,-1.998
-0.382,2.669
-0.874,2.485
-1.146,2.709
-1.862,2.432
-2.634,2.643
-3.055,2.672
-2.945,2.428
2.352,2.513
1.078,2.665
0.729,2.613
0.744,2.403
-2.046,-1.147
1.837,-0.428
-0.636,-0.672
-3.097,1.609
1.915,0.29
1.75,0.932
0.944,1.052
-0.312,1.264
-1.621,1.2
1.98,-0.169
1.619,-0.169
-0.026,2.355
0.634,2.208
0.823,-1.556
-0.087,1.456
-0.128,-0.088
-0.178,2.759
-0.244,1.205
-0.25,0.061
-0.195,-0.258
-0.207,0.408
-0.215,2.345
-0.312,2.85
-0.351,-0.737
-0.341,0.28
-0.387,1.904
-0.472,1.307
-0.493,-1.039
-0.44,1.268
-0.56,2.413
-0.473,-0.523
-0.636,2.524
-0.734,1.2
-0.834,-0.984
-0.886,1.97
-0.914,0.869
-0.999,0.088
-0.936,0.529
-0.99,1.896
-1.352,-0.215
-1.317,1.646
-1.514,1.118
-1.53,-0.622
-1.543,1.457
-1.795,2.37
-1.88,2.536
-1.982,2.418
-1.973,2.066
-2.025,1.633
-2.135,-0.525
-2.121,1.668
-2.13,1.355
-2.158,1.866
-2.246,1.578
-2.249,0.024
-2.229,2.147
-2.305,2.581
-2.397,-0.367
-2.353,-0.521
-2.451,1.538
-2.45,0.334
-2.463,1.811
-2.517,1.445
-2.569,-0.898
-2.515,0.241
-2.594,2.04
-2.547,1.93
-2.57,1.244
-2.633,-0.981
-2.77,-0.874
-2.7,-0.405
-2.769,1.151
-2.766,1.781
-2.897,0.251
-2.891,1.427
-2.917,0.671
-2.942,2.763
-2.957,2.266
-2.939,1.63
-2.977,-0.583
-3.052,1.873
3.12,-1.066
-3.113,1.053
-3.14,1.212
3.06,2.364
2.986,1.002
2.884,0.301
2.877,1.242
2.882,2.887
2.933,1.413
2.9,1.657
2.839,-0.667
2.724,0.825
2.797,2.352
2.704,1.446
2.598,2.667
2.591,2.378
2.576,0.961
2.528,0.329
2.502,1.157
2.508,2.111
2.417,0.041
2.45,0.164
2.423,1.1
2.43,-0.675
2.366,-0.452
2.334,1.203
2.267,2.606
2.179,-0.108
2.066,-1.142
2.055,-1.022
2.079,-0.016
2.07,2.389
2.068,-0.216
1.956,-0.083
1.942,1.645
2.016,2.69
1.98,2.448
1.913,-0.021
1.848,1.923
1.858,1.349
1.739,2.739
1.728,1.339
1.642,0.273
1.702,-0.865
1.696,1.027
1.668,0.249
1.544,2.563
1.618,-0.04
1.616,0.911
1.525,0.371
1.508,0.743
1.498,1.779
1.501,-0.001
1.461,1.47
1.373,1.002
1.428,1.257
1.329,0.427
1.318,0.499
1.209,1.156
1.207,0.898
1.261,0.005
1.248,-1.008
1.192,2.715
1.102,-0.205
0.762,-0.432
0.677,-0.492
0.642,0.007
0.56,1.843
0.6,1.375
0.579,-0.124
0.574,2.475
0.321,0.078
-0.166,-1.226
-0.356,-1.241
-0.824,-1.407
-1.897,-1.37
-2.654,-1.494
2.745,-1.343
2.581,-1.256
2.318,-1.503
1.991,-1.221
-0.034,2.877
-0.326,3.165
-0.628,3.07
-0.696,3.105
-1.052,3.219
-1.075,3.035
-1.398,3.001
-1.449,2.826
-2.594,3.024
-2.778,3.291
-2.732,3.399
3.029,3.09
1.803,3.203
1.475,3.299
1.458,2.935
1.247,2.922
1.045,2.833
1.104,3.324
2.06,-0.833
1.902,1.944
-0.278,-1.386
-0.612,-1.2
-1.299,-1.46
-1.945,-1.454
2.015,-1.204
-2.999,3.171
0.095,0.284
0.181,-0.942
0.035,0.326
0.035,-0.531
0.005,0.376
-0.005,-0.113
0.034,1.574
-0.271,2.536
-0.314,1.435
-0.375,-0.697
-0.391,2.838
-0.395,-0.727
-0.27,1.241
-0.462,1.677
-0.463,-0.218
-0.616,1.739
-0.523,0.434
-0.687,1.739
-0.592,1.505
-0.6,-0.973
-0.727,0.01
-0.665,1.562
-0.847,1.709
-0.985,1.289
-1.004,-0.989
-0.903,2.697
-0.949,-1.128
-1.065,1.335
-1.074,0.932
-1.206,2.369
-1.213,1.496
-1.111,1.104
-1.279,2.367
-1.297,2.688
-1.434,2.68
-1.441,-1.114
-1.591,0.784
-1.594,1.467
-1.591,0.151
-1.84,-0.574
-2.039,1.577
-2.082,-0.115
-2.172,1.114
-2.3,1.977
-2.345,-1.007
-2.398,0.701
-2.526,1.479
-2.559,0.883
-2.61,1.126
-2.65,1.409
-2.541,-0.995
-2.718,2.449
-2.728,2.167
-2.885,1.662
-2.925,-0.93
-2.979,0.097
-2.895,1.56
-3.043,2.334
-2.985,2.335
2.968,-0.958
3.022,1.108
2.944,-1.197
2.866,0.323
2.723,1.556
2.716,1.822
2.525,0.678
2.395,-0.014
2.345,0.574
2.137,0.915
2.142,0.134
2.028,0.405
1.771,-0.127
1.818,0.65
1.8,0.904
1.676,0.288
1.595,-0.658
1.447,2.559
1.391,1.08
1.484,0.014
1.422,-0.715
1.121,0.754
1.251,0.296
0.951,-0.646
0.743,-0.743
0.715,0.918
0.652,2.342
0.528,0.318
0.43,1.398
0.397,0.283
0.287,0.835
0.222,1.425
0.02,-1.458
-0.637,-1.057
-0.934,-1.221
-1.082,-1.431
-1.067,-1.37
-1.622,-1.218
-1.545,-1.407
-1.911,-1.474
-2.441,-1.291
-2.548,-1.516
2.994,-1.377
2.336,-1.172
1.627,-1.161
1.499,-1.263
0.576,-1.202
0.399,-1.423
-0.289,3.244
-0.781,3.06
-1.053,3.284
-1.769,3.007
-2.541,3.218
-2.962,3.247
-2.852,3.003
2.445,3.088
1.171,3.24
0.822,3.188
0.837,2.978
-1.953,-0.572
1.93,0.147
-0.543,-0.097
-3.004,2.184
2.008,0.865
1.843,1.507
1.037,1.627
-0.219,1.839
-1.528,1.775
2.073,0.406
1.712,0.406
0.067,2.93
0.727,2.783
0.916,-0.981
-0.041,-1.544
-0.091,1.303
-0.157,-0.251
-0.163,-1.395
-0.108,-1.714
-0.12,-1.048
-0.128,0.889
-0.225,1.394
-0.264,-2.193
-0.254,-1.176
-0.3,0.448
-0.385,-0.149
-0.406,-2.495
-0.353,-0.188
-0.473,0.957
-0.386,-1.979
-0.549,1.068
-0.647,-0.256
-0.747,-2.44
-0.799,0.514
-0.827,-0.587
-0.912,-1.368
-0.849,-0.927
-0.903,0.44
-1.265,-1.671
-1.23,0.19
-1.427,-0.338
-1.443,-2.078
-1.456,0.001
-1.708,0.914
-1.793,1.08
-1.895,0.962
-1.886,0.61
-1.938,0.177
-2.048,-1.981
-2.034,0.212
-2.043,-0.101
-2.071,0.41
-2.159,0.122
-2.162,-1.432
-2.142,0.691
-2.218,1.125
-2.31,-1.823
-2.266,-1.977
-2.364,0.082
-2.363,-1.122
-2.376,0.355
-2.43,-0.011
-2.482,-2.354
-2.428,-1.215
-2.507,0.584
-2.46,0.474
-2.483,-0.212
-2.546,-2.437
-2.683,-2.33
-2.613,-1.861
-2.682,-0.305
-2.679,0.325
-2.81,-1.205
-2.804,-0.029
-2.83,-0.785
-2.855,1.307
-2.87,0.81
-2.852,0.174
-2.89,-2.039
-2.965,0.417
-3.076,-2.522
-3.026,-0.403
-3.053,-0.244
-3.136,0.908
3.073,-0.454
2.971,-1.155
2.964,-0.214
2.969,1.431
3.02,-0.043
2.987,0.201
2.926,-2.123
2.811,-0.631
2.884,0.896
2.791,-0.01
2.685,1.211
2.678,0.922
2.663,-0.495
2.615,-1.127
2.589,-0.299
2.595,0.655
2.504,-1.415
2.537,-1.292
2.51,-0.356
2.517,-2.131
2.453,-1.908
2.421,-0.253
2.354,1.15
2.266,-1.564
2.153,-2.598
2.142,-2.478
2.166,-1.472
2.157,0.933
2.155,-1.672
2.043,-1.539
2.029,0.189
2.103,1.234
2.067,0.992
2.0,-1.477
1.935,0.467
1.945,-0.107
1.826,1.283
1.815,-0.117
1.729,-1.183
1.789,-2.321
1.783,-0.429
1.755,-1.207
1.631,1.107
1.705,-1.496
1.703,-0.545
1.612,-1.085
1.595,-0.713
1.585,0.323
1.588,-1.457
1.548,0.014
1.46,-0.454
1.515,-0.199
1.416,-1.029
1.405,-0.957
1.296,-0.3
1.294,-0.558
1.348,-1.451
1.335,-2.464
1.279,1.259
1.189,-1.661
0.849,-1.888
0.764,-1.948
0.729,-1.449
0.647,0.387
0.687,-0.081
0.666,-1.58
0.661,1.019
0.408,-1.378
-0.079,-2.682
-0.269,-2.697
-0.737,-2.863
-1.81,-2.826
-2.567,-2.95
2.832,-2.799
2.668,-2.712
2.405,-2.959
2.078,-2.677
0.053,1.421
-0.239,1.709
-0.541,1.614
-0.609,1.649
-0.965,1.763
-0.988,1.579
-1.311,1.545
-1.362,1.37
-2.507,1.568
-2.691,1.835
-2.645,1.943
3.116,1.634
1.89,1.747
1.562,1.843
1.545,1.479
1.334,1.466
1.132,1.377
1.191,1.868
2.147,-2.289
1.989,0.488
-0.191,-2.842
-0.525,-2.656
-1.212,-2.916
-1.858,-2.91
2.102,-2.66
-2.912,1.715
0.182,-1.172
0.268,-2.398
0.122,-1.13
0.122,-1.987
0.092,-1.08
0.082,-1.569
0.121,0.118
-0.184,1.08
-0.227,-0.021
-0.288,-2.153
-0.304,1.382
-0.308,-2.183
-0.183,-0.215
-0.375,0.221
-0.376,-1.674
-0.529,0.283
-0.436,-1.022
-0.6,0.283
-0.505,0.049
-0.513,-2.429
-0.64,-1.446
-0.578,0.106
-0.76,0.253
-0.898,-0.167
-0.917,-2.445
-0.816,1.241
-0.862,-2.584
-0.978,-0.121
-0.987,-0.524
-1.119,0.913
-1.126,0.04
-1.024,-0.352
-1.192,0.911
-1.21,1.232
-1.347,1.224
-1.354,-2.57
-1.504,-0.672
-1.507,0.011
-1.504,-1.305
-1.753,-2.03
-1.952,0.121
-1.995,-1.571
-2.085,-0.342
-2.213,0.521
-2.258,-2.463
-2.311,-0.755
-2.439,0.023
-2.472,-0.573
-2.523,-0.33
-2.563,-0.047
-2.454,-2.451
-2.631,0.993
-2.641,0.711
-2.798,0.206
-2.838,-2.386
-2.892,-1.359
-2.808,0.104
-2.956,0.878
-2.898,0.879
3.055,-2.414
3.109,-0.348
3.031,-2.653
2.953,-1.133
2.81,0.1
2.803,0.366
2.612,-0.778
2.482,-1.47
2.432,-0.882
2.224,-0.541
2.229,-1.322
2.115,-1.051
1.858,-1.583
1.905,-0.806
1.887,-0.552
1.763,-1.168
1.682,-2.114
1.534,1.103
1.478,-0.376
1.571,-1.442
1.509,-2.171
1.208,-0.702
1.338,-1.16
1.038,-2.102
0.83,-2.199
0.802,-0.538
0.739,0.886
0.615,-1.138
0.517,-0.058
0.484,-1.173
0.374,-0.621
0.309,-0.031
0.107,-2.914
-0.55,-2.513
-0.847,-2.677
-0.995,-2.887
-0.98,-2.826
-1.535,-2.674
-1.458,-2.863
-1.824,-2.93
-2.354,-2.747
-2.461,-2.972
3.081,-2.833
2.423,-2.628
1.714,-2.617
1.586,-2.719
0.663,-2.658
0.486,-2.879
-0.202,1.788
-0.694,1.604
-0.966,1.828
-1.682,1.551
-2.454,1.762
-2.875,1.791
-2.765,1.547
2.532,1.632
1.258,1.784
0.909,1.732
0.924,1.522
-1.866,-2.028
2.017,-1.309
-0.456,-1.553
-2.917,0.728
2.095,-0.591
1.93,0.051
1.124,0.171
-0.132,0.383
-1.441,0.319
2.16,-1.05
1.799,-1.05
0.154,1.474
0.814,1.327
1.003,-2.437
-0.05,2.847
-0.116,1.293
-0.122,0.149
-0.067,-0.17
-0.079,0.496
-0.087,2.433
-0.184,2.938
-0.223,-0.649
-0.213,0.368
-0.259,1.992
-0.344,1.395
-0.365,-0.951
-0.312,1.356
-0.432,2.501
-0.345,-0.435
-0.508,2.612
-0.606,1.288
-0.706,-0.896
-0.758,2.058
-0.786,0.957
-0.871,0.176
-0.808,0.617
-0.862,1.984
-1.224,-0.127
-1.189,1.734
-1.386,1.206
-1.402,-0.534
-1.415,1.545
-1.667,2.458
-1.752,2.624
-1.854,2.506
-1.845,2.154
-1.897,1.721
-2.007,-0.437
-1.993,1.756
-2.002,1.443
-2.03,1.954
-2.118,1.666
-2.121,0.112
-2.101,2.235
-2.177,2.669
-2.269,-0.279
-2.225,-0.433
-2.323,1.626
-2.322,0.422
-2.335,1.899
-2.389,1.533
-2.441,-0.81
-2.387,0.329
-2.466,2.128
-2.419,2.018
-2.442,1.332
-2.505,-0.893
-2.642,-0.786
-2.572,-0.317
-2.641,1.239
-2.638,1.869
-2.769,0.339
-2.763,1.515
-2.789,0.759
-2.814,2.851
-2.829,2.354
-2.811,1.718
-2.849,-0.495
-2.924,1.961
-3.035,-0.978
-2.985,1.141
-3.012,1.3
-3.095,2.452
3.114,1.09
3.012,0.389
3.005,1.33
3.01,2.975
3.061,1.501
3.028,1.745
2.967,-0.579
2.852,0.913
2.925,2.44
2.832,1.534
2.726,2.755
2.719,2.466
2.704,1.049
2.656,0.417
2.63,1.245
2.636,2.199
2.545,0.129
2.578,0.252
2.551,1.188
2.558,-0.587
2.494,-0.364
2.462,1.291
2.395,2.694
2.307,-0.02
2.194,-1.054
2.183,-0.934
2.207,0.072
2.198,2.477
2.196,-0.128
2.084,0.005
2.07,1.733
2.144,2.778
2.108,2.536
2.041,0.067
1.976,2.011
1.986,1.437
1.867,2.827
1.856,1.427
1.77,0.361
1.83,-0.777
1.824,1.115
1.796,0.337
1.672,2.651
1.746,0.048
1.744,0.999
1.653,0.459
1.636,0.831
1.626,1.867
1.629,0.087
1.589,1.558
1.501,1.09
1.556,1.345
1.457,0.515
1.446,0.587
1.337,1.244
1.335,0.986
1.389,0.093
1.376,-0.92
1.32,2.803
1.23,-0.117
0.89,-0.344
0.805,-0.404
0.77,0.095
0.688,1.931
0.728,1.463
0.707,-0.036
0.702,2.563
0.449,0.166
-0.038,-1.138
-0.228,-1.153
-0.696,-1.319
-1.769,-1.282
-2.526,-1.406
2.873,-1.255
2.709,-1.168
2.446,-1.415
2.119,-1.133
0.094,2.965
-0.198,3.253
-0.5,3.158
-0.568,3.193
-0.924,3.307
-0.947,3.123
-1.27,3.089
-1.321,2.914
-2.466,3.112
-2.65,3.379
-2.604,3.487
-3.126,3.178
1.931,3.291
1.603,3.387
1.586,3.023
1.375,3.01
1.173,2.921
1.232,3.412
2.188,-0.745
2.03,2.032
-0.15,-1.298
-0.484,-1.112
-1.171,-1.372
-1.817,-1.366
2.143,-1.116
-2.871,3.259
0.223,0.372
0.309,-0.854
0.163,0.414
0.163,-0.443
0.133,0.464
0.123,-0.025
0.162,1.662
-0.143,2.624
-0.186,1.523
-0.247,-0.609
-0.263,2.926
-0.267,-0.639
-0.142,1.329
-0.334,1.765
-0.335,-0.13
-0.488,1.827
-0.395,0.522
-0.559,1.827
-0.464,1.593
-0.472,-0.885
-0.599,0.098
-0.537,1.65
-0.719,1.797
-0.857,1.377
-0.876,-0.901
-0.775,2.785
-0.821,-1.04
-0.937,1.423
-0.946,1.02
-1.078,2.457
-1.085,1.584
-0.983,1.192
-1.151,2.455
-1.169,2.776
-1.306,2.768
-1.313,-1.026
-1.463,0.872
-1.466,1.555
-1.463,0.239
-1.712,-0.486
-1.911,1.665
-1.954,-0.027
-2.044,1.202
-2.172,2.065
-2.217,-0.919
-2.27,0.789
-2.398,1.567
-2.431,0.971
-2.482,1.214
-2.522,1.497
-2.413,-0.907
-2.59,2.537
-2.6,2.255
-2.757,1.75
-2.797,-0.842
-2.851,0.185
-2.767,1.648
-2.915,2.422
-2.857,2.423
3.096,-0.87
-3.133,1.196
3.072,-1.109
2.994,0.411
2.851,1.644
2.844,1.91
2.653,0.766
2.523,0.074
2.473,0.662
2.265,1.003
2.27,0.222
2.156,0.493
1.899,-0.039
1.946,0.738
1.928,0.992
1.804,0.376
1.723,-0.57
1.575,2.647
1.519,1.168
1.612,0.102
1.55,-0.627
1.249,0.842
1.379,0.384
1.079,-0.558
0.871,-0.655
0.843,1.006
0.78,2.43
0.656,0.406
0.558,1.486
0.525,0.371
0.415,0.923
0.35,1.513
0.148,-1.37
-0.509,-0.969
-0.806,-1.133
-0.954,-1.343
-0.939,-1.282
-1.494,-1.13
-1.417,-1.319
-1.783,-1.386
-2.313,-1.203
-2.42,-1.428
3.122,-1.289
2.464,-1.084
1.755,-1.073
1.627,-1.175
0.704,-1.114
0.527,-1.335
-0.161,3.332
-0.653,3.148
-0.925,3.372
-1.641,3.095
-2.413,3.306
-2.834,3.335
-2.724,3.091
2.573,3.176
1.299,3.328
0.95,3.276
0.965,3.066
-1.825,-0.484
2.058,0.235
-0.415,-0.009
-2.876,2.272
2.136,0.953
1.971,1.595
1.165,1.715
-0.091,1.927
-1.4,1.863
2.201,0.494
1.84,0.494
0.195,3.018
0.855,2.871
1.044,-0.893
-0.066,-1.554
-0.072,-2.698
-0.017,-3.017
-0.029,-2.351
-0.037,-0.414
-0.134,0.091
-0.173,-3.496
-0.163,-2.479
-0.209,-0.855
-0.294,-1.452
-0.315,-3.798
-0.262,-1.491
-0.382,-0.346
-0.295,-3.282
-0.458,-0.235
-0.556,-1.559
-0.656,-3.743
-0.708,-0.789
-0.736,-1.89
-0.821,-2.671
-0.758,-2.23
-0.812,-0.863
-1.174,-2.974
-1.139,-1.113
-1.336,-1.641
-1.352,-3.381
-1.365,-1.302
-1.617,-0.389
-1.702,-0.223
-1.804,-0.341
-1.795,-0.693
-1.847,-1.126
-1.957,-3.284
-1.943,-1.091
-1.952,-1.404
-1.98,-0.893
-2.068,-1.181
-2.071,-2.735
-2.051,-0.612
-2.127,-0.178
-2.219,-3.126
-2.175,-3.28
-2.273,-1.221
-2.272,-2.425
-2.285,-0.948
-2.339,-1.314
-2.391,-3.657
-2.337,-2.518
-2.416,-0.719
-2.369,-0.829
-2.392,-1.515
-2.455,-3.74
-2.592,-3.633
-2.522,-3.164
-2.591,-1.608
-2.588,-0.978
-2.719,-2.508
-2.713,-1.332
-2.739,-2.088
-2.764,0.004
-2.779,-0.493
-2.761,-1.129
-2.799,-3.342
-2.874,-0.886
-2.985,-3.825
-2.935,-1.706
-2.962,-1.547
-3.045,-0.395
-3.119,-1.757
3.062,-2.458
3.055,-1.517
3.06,0.128
3.111,-1.346
3.078,-1.102
3.017,-3.426
2.902,-1.934
2.975,-0.407
2.882,-1.313
2.776,-0.092
2.769,-0.381
2.754,-1.798
2.706,-2.43
2.68,-1.602
2.686,-0.648
2.595,-2.718
2.628,-2.595
2.601,-1.659
2.608,-3.434
2.544,-3.211
2.512,-1.556
2.445,-0.153
2.357,-2.867
2.244,-3.901
2.233,-3.781
2.257,-2.775
2.248,-0.37
2.246,-2.975
2.134,-2.842
2.12,-1.114
2.194,-0.069
2.158,-0.311
2.091,-2.78
2.026,-0.836
2.036,-1.41
1.917,-0.02
1.906,-1.42
1.82,-2.486
1.88,-3.624
1.874,-1.732
1.846,-2.51
1.722,-0.196
1.796,-2.799
1.794,-1.848
1.703,-2.388
1.686,-2.016
1.676,-0.98
1.679,-2.76
1.639,-1.289
1.551,-1.757
1.606,-1.502
1.507,-2.332
1.496,-2.26
1.387,-1.603
1.385,-1.861
1.439,-2.754
1.426,-3.767
1.37,-0.044
1.28,-2.964
0.94,-3.191
0.855,-3.251
0.82,-2.752
0.738,-0.916
0.778,-1.384
0.757,-2.883
0.752,-0.284
0.499,-2.681
0.012,-3.985
-0.178,-4.0
-0.646,-4.166
-1.719,-4.129
-2.476,-4.253
2.923,-4.102
2.759,-4.015
2.496,-4.262
2.169,-3.98
0.144,0.118
-0.148,0.406
-0.45,0.311
-0.518,0.346
-0.874,0.46
-0.897,0.276
-1.22,0.242
-1.271,0.067
-2.416,0.265
-2.6,0.532
-2.554,0.64
-3.076,0.331
1.981,0.444
1.653,0.54
1.636,0.176
1.425,0.163
1.223,0.074
1.282,0.565
2.238,-3.592
2.08,-0.815
-0.1,-4.145
-0.434,-3.959
-1.121,-4.219
-1.767,-4.213
2.193,-3.963
-2.821,0.412
0.273,-2.475
0.359,-3.701
0.213,-2.433
0.213,-3.29
0.183,-2.383
0.173,-2.872
0.212,-1.185
-0.093,-0.223
-0.136,-1.324
-0.197,-3.456
-0.213,0.079
-0.217,-3.486
-0.092,-1.518
-0.284,-1.082
-0.285,-2.977
-0.438,-1.02
-0.345,-2.325
-0.509,-1.02
-0.414,-1.254
-0.422,-3.732
-0.549,-2.749
-0.487,-1.197
-0.669,-1.05
-0.807,-1.47
-0.826,-3.748
-0.725,-0.062
-0.771,-3.887
-0.887,-1.424
-0.896,-1.827
-1.028,-0.39
-1.035,-1.263
-0.933,-1.655
-1.101,-0.392
-1.119,-0.071
-1.256,-0.079
-1.263,-3.873
-1.413,-1.975
-1.416,-1.292
-1.413,-2.608
-1.662,-3.333
-1.861,-1.182
-1.904,-2.874
-1.994,-1.645
-2.122,-0.782
-2.167,-3.766
-2.22,-2.058
-2.348,-1.28
-2.381,-1.876
-2.432,-1.633
-2.472,-1.35
-2.363,-3.754
-2.54,-0.31
-2.55,-0.592
-2.707,-1.097
-2.747,-3.689
-2.801,-2.662
-2.717,-1.199
-2.865,-0.425
-2.807,-0.424
-3.137,-3.717
-3.083,-1.651
3.122,-3.956
3.044,-2.436
2.901,-1.203
2.894,-0.937
2.703,-2.081
2.573,-2.773
2.523,-2.185
2.315,-1.844
2.32,-2.625
2.206,-2.354
1.949,-2.886
1.996,-2.109
1.978,-1.855
1.854,-2.471
1.773,-3.417
1.625,-0.2
1.569,-1.679
1.662,-2.745
1.6,-3.474
1.299,-2.005
1.429,-2.463
1.129,-3.405
0.921,-3.502
0.893,-1.841
0.83,-0.417
0.706,-2.441
0.608,-1.361
0.575,-2.476
0.465,-1.924
0.4,-1.334
0.198,-4.217
-0.459,-3.816
-0.756,-3.98
-0.904,-4.19
-0.889,-4.129
-1.444,-3.977
-1.367,-4.166
-1.733,-4.233
-2.263,-4.05
-2.37,-4.275
-3.111,-4.136
2.514,-3.931
1.805,-3.92
1.677,-4.022
0.754,-3.961
0.577,-4.182
-0.111,0.485
-0.603,0.301
-0.875,0.525
-1.591,0.248
-2.363,0.459
-2.784,0.488
-2.674,0.244
2.623,0.329
1.349,0.481
1.0,0.429
1.015,0.219
-1.775,-3.331
2.108,-2.612
-0.365,-2.856
-2.826,-0.575
2.186,-1.894
2.021,-1.252
1.215,-1.132
-0.041,-0.92
-1.35,-0.984
2.251,-2.353
1.89,-2.353
0.245,0.171
0.905,0.024
1.094,-3.74
-0.006,-1.144
0.049,-1.463
0.037,-0.797
0.029,1.14
-0.068,1.645
-0.107,-1.942
-0.097,-0.925
-0.143,0.699
-0.228,0.102
-0.249,-2.244
-0.196,0.063
-0.316,1.208
-0.229,-1.728
-0.392,1.319
-0.49,-0.005
-0.59,-2.189
-0.642,0.765
-0.67,-0.336
-0.755,-1.117
-0.692,-0.676
-0.746,0.691
-1.108,-1.42
-1.073,0.441
-1.27,-0.087
-1.286,-1.827
-1.299,0.252
-1.551,1.165
-1.636,1.331
-1.738,1.213
-1.729,0.861
-1.781,0.428
-1.891,-1.73
-1.877,0.463
-1.886,0.15
-1.914,0.661
-2.002,0.373
-2.005,-1.181
-1.985,0.942
-2.061,1.376
-2.153,-1.572
-2.109,-1.726
-2.207,0.333
-2.206,-0.871
-2.219,0.606
-2.273,0.24
-2.325,-2.103
-2.271,-0.964
-2.35,0.835
-2.303,0.725
-2.326,0.039
-2.389,-2.186
-2.526,-2.079
-2.456,-1.61
-2.525,-0.054
-2.522,0.576
-2.653,-0.954
-2.647,0.222
-2.673,-0.534
-2.698,1.558
-2.713,1.061
-2.695,0.425
-2.733,-1.788
-2.808,0.668
-2.919,-2.271
-2.869,-0.152
-2.896,0.007
-2.979,1.159
-3.053,-0.203
3.128,-0.904
3.121,0.037
3.126,1.682
-3.106,0.208
-3.139,0.452
3.083,-1.872
2.968,-0.38
3.041,1.147
2.948,0.241
2.842,1.462
2.835,1.173
2.82,-0.244
2.772,-0.876
2.746,-0.048
2.752,0.906
2.661,-1.164
2.694,-1.041
2.667,-0.105
2.674,-1.88
2.61,-1.657
2.578,-0.002
2.511,1.401
2.423,-1.313
2.31,-2.347
2.299,-2.227
2.323,-1.221
2.314,1.184
2.312,-1.421
2.2,-1.288
2.186,0.44
2.26,1.485
2.224,1.243
2.157,-1.226
2.092,0.718
2.102,0.144
1.983,1.534
1.972,0.134
1.886,-0.932
1.946,-2.07
1.94,-0.178
1.912,-0.956
1.788,1.358
1.862,-1.245
1.86,-0.294
1.769,-0.834
1.752,-0.462
1.742,0.574
1.745,-1.206
1.705,0.265
1.617,-0.203
1.672,0.052
1.573,-0.778
1.562,-0.706
1.453,-0.049
1.451,-0.307
1.505,-1.2
1.492,-2.213
1.436,1.51
1.346,-1.41
1.006,-1.637
0.921,-1.697
0.886,-1.198
0.804,0.638
0.844,0.17
0.823,-1.329
0.818,1.27
0.565,-1.127
0.078,-2.431
-0.112,-2.446
-0.58,-2.612
-1.653,-2.575
-2.41,-2.699
2.989,-2.548
2.825,-2.461
2.562,-2.708
2.235,-2.426
0.21,1.672
-0.082,1.96
-0.384,1.865
-0.452,1.9
-0.808,2.014
-0.831,1.83
-1.154,1.796
-1.205,1.621
-2.35,1.819
-2.534,2.086
-2.488,2.194
-3.01,1.885
2.047,1.998
1.719,2.094
1.702,1.73
1.491,1.717
1.289,1.628
1.348,2.119
2.304,-2.038
2.146,0.739
-0.034,-2.591
-0.368,-2.405
-1.055,-2.665
-1.701,-2.659
2.259,-2.409
-2.755,1.966
0.339,-0.921
0.425,-2.147
0.279,-0.879
0.279,-1.736
0.249,-0.829
0.239,-1.318
0.278,0.369
-0.027,1.331
-0.07,0.23
-0.131,-1.902
-0.147,1.633
-0.151,-1.932
-0.026,0.036
-0.218,0.472
-0.219,-1.423
-0.372,0.534
-0.279,-0.771
-0.443,0.534
-0.348,0.3
-0.356,-2.178
-0.483,-1.195
-0.421,0.357
-0.603,0.504
-0.741,0.084
-0.76,-2.194
-0.659,1.492
-0.705,-2.333
-0.821,0.13
-0.83,-0.273
-0.962,1.164
-0.969,0.291
-0.867,-0.101
-1.035,1.162
-1.053,1.483
-1.19,1.475
-1.197,-2.319
-1.347,-0.421
-1.35,0.262
-1.347,-1.054
-1.596,-1.779
-1.795,0.372
-1.838,-1.32
-1.928,-0.091
-2.056,0.772
-2.101,-2.212
-2.154,-0.504
-2.282,0.274
-2.315,-0.322
-2.366,-0.079
-2.406,0.204
-2.297,-2.2
-2.474,1.244
-2.484,0.962
-2.641,0.457
-2.681,-2.135
-2.735,-1.108
-2.651,0.355
-2.799,1.129
-2.741,1.13
-3.071,-2.163
-3.017,-0.097
-3.095,-2.402
3.11,-0.882
2.967,0.351
2.96,0.617
2.769,-0.527
2.639,-1.219
2.589,-0.631
2.381,-0.29
2.386,-1.071
2.272,-0.8
2.015,-1.332
2.062,-0.555
2.044,-0.301
1.92,-0.917
1.839,-1.863
1.691,1.354
1.635,-0.125
1.728,-1.191
1.666,-1.92
1.365,-0.451
1.495,-0.909
1.195,-1.851
0.987,-1.948
0.959,-0.287
0.896,1.137
0.772,-0.887
0.674,0.193
0.641,-0.922
0.531,-0.37
0.466,0.22
0.264,-2.663
-0.393,-2.262
-0.69,-2.426
-0.838,-2.636
-0.823,-2.575
-1.378,-2.423
-1.301,-2.612
-1.667,-2.679
-2.197,-2.496
-2.304,-2.721
-3.045,-2.582
2.58,-2.377
1.871,-2.366
1.743,-2.468
0.82,-2.407
0.643,-2.628
-0.045,2.039
-0.537,1.855
-0.809,2.079
-1.525,1.802
-2.297,2.013
-2.718,2.042
-2.608,1.798
2.689,1.883
1.415,2.035
1.066,1.983
1.081,1.773
-1.709,-1.777
2.174,-1.058
-0.299,-1.302
-2.76,0.979
2.252,-0.34
2.087,0.302
1.281,0.422
0.025,0.634
-1.284,0.57
2.317,-0.799
1.956,-0.799
0.311,1.725
0.971,1.578
1.16,-2.186
0.055,-0.319
0.043,0.347
0.035,2.284
-0.062,2.789
-0.101,-0.798
-0.091,0.219
-0.137,1.843
-0.222,1.246
-0.243,-1.1
-0.19,1.207
-0.31,2.352
-0.223,-0.584
-0.386,2.463
-0.484,1.139
-0.584,-1.045
-0.636,1.909
-0.664,0.808
-0.749,0.027
-0.686,0.468
-0.74,1.835
-1.102,-0.276
-1.067,1.585
-1.264,1.057
-1.28,-0.683
-1.293,1.396
-1.545,2.309
-1.63,2.475
-1.732,2.357
-1.723,2.005
-1.775,1.572
-1.885,-0.586
-1.871,1.607
-1.88,1.294
-1.908,1.805
-1.996,1.517
-1.999,-0.037
-1.979,2.086
-2.055,2.52
-2.147,-0.428
-2.103,-0.582
-2.201,1.477
-2.2,0.273
-2.213,1.75
-2.267,1.384
-2.319,-0.959
-2.265,0.18
-2.344,1.979
-2.297,1.869
-2.32,1.183
-2.383,-1.042
-2.52,-0.935
-2.45,-0.466
-2.519,1.09
-2.516,1.72
-2.647,0.19
-2.641,1.366
-2.667,0.61
-2.692,2.702
-2.707,2.205
-2.689,1.569
-2.727,-0.644
-2.802,1.812
-2.913,-1.127
-2.863,0.992
-2.89,1.151
-2.973,2.303
-3.047,0.941
3.134,0.24
3.127,1.181
3.132,2.826
-3.1,1.352
-3.133,1.596
3.089,-0.728
2.974,0.764
3.047,2.291
2.954,1.385
2.848,2.606
2.841,2.317
2.826,0.9
2.778,0.268
2.752,1.096
2.758,2.05
2.667,-0.02
2.7,0.103
2.673,1.039
2.68,-0.736
2.616,-0.513
2.584,1.142
2.517,2.545
2.429,-0.169
2.316,-1.203
2.305,-1.083
2.329,-0.077
2.32,2.328
2.318,-0.277
2.206,-0.144
2.192,1.584
2.266,2.629
2.23,2.387
2.163,-0.082
2.098,1.862
2.108,1.288
1.989,2.678
1.978,1.278
1.892,0.212
1.952,-0.926
1.946,0.966
1.918,0.188
1.794,2.502
1.868,-0.101
1.866,0.85
1.775,0.31
1.758,0.682
1.748,1.718
1.751,-0.062
1.711,1.409
1.623,0.941
1.678,1.196
1.579,0.366
1.568,0.438
1.459,1.095
1.457,0.837
1.511,-0.056
1.498,-1.069
1.442,2.654
1.352,-0.266
1.012,-0.493
0.927,-0.553
0.892,-0.054
0.81,1.782
0.85,1.314
0.829,-0.185
0.824,2.414
0.571,0.017
0.084,-1.287
-0.106,-1.302
-0.574,-1.468
-1.647,-1.431
-2.404,-1.555
2.995,-1.404
2.831,-1.317
2.568,-1.564
2.241,-1.282
0.216,2.816
-0.076,3.104
-0.378,3.009
-0.446,3.044
-0.802,3.158
-0.825,2.974
-1.148,2.94
-1.199,2.765
-2.344,2.963
-2.528,3.23
-2.482,3.338
-3.004,3.029
2.053,3.142
1.725,3.238
1.708,2.874
1.497,2.861
1.295,2.772
1.354,3.263
2.31,-0.894
2.152,1.883
-0.028,-1.447
-0.362,-1.261
-1.049,-1.521
-1.695,-1.515
2.265,-1.265
-2.749,3.11
0.345,0.223
0.431,-1.003
0.285,0.265
0.285,-0.592
0.255,0.315
0.245,-0.174
0.284,1.513
-0.021,2.475
-0.064,1.374
-0.125,-0.758
-0.141,2.777
-0.145,-0.788
-0.02,1.18
-0.212,1.616
-0.213,-0.279
-0.366,1.678
-0.273,0.373
-0.437,1.678
-0.342,1.444
-0.35,-1.034
-0.477,-0.051
-0.415,1.501
-0.597,1.648
-0.735,1.228
-0.754,-1.05
-0.653,2.636
-0.699,-1.189
-0.815,1.274
-0.824,0.871
-0.956,2.308
-0.963,1.435
-0.861,1.043
-1.029,2.306
-1.047,2.627
-1.184,2.619
-1.191,-1.175
-1.341,0.723
-1.344,1.406
-1.341,0.09
-1.59,-0.635
-1.789,1.516
-1.832,-0.176
-1.922,1.053
-2.05,1.916
-2.095,-1.068
-2.148,0.64
-2.276,1.418
-2.309,0.822
-2.36,1.065
-2.4,1.348
-2.291,-1.056
-2.468,2.388
-2.478,2.106
-2.635,1.601
-2.675,-0.991
-2.729,0.036
-2.645,1.499
-2.793,2.273
-2.735,2.274
-3.065,-1.019
-3.011,1.047
-3.089,-1.258
3.116,0.262
2.973,1.495
2.966,1.761
2.775,0.617
2.645,-0.075
2.595,0.513
2.387,0.854
2.392,0.073
2.278,0.344
2.021,-0.188
2.068,0.589
2.05,0.843
1.926,0.227
1.845,-0.719
1.697,2.498
1.641,1.019
1.734,-0.047
1.672,-0.776
1.371,0.693
1.501,0.235
1.201,-0.707
0.993,-0.804
0.965,0.857
0.902,2.281
0.778,0.257
0.68,1.337
0.647,0.222
0.537,0.774
0.472,1.364
0.27,-1.519
-0.387,-1.118
-0.684,-1.282
-0.832,-1.492
-0.817,-1.431
-1.372,-1.279
-1.295,-1.468
-1.661,-1.535
-2.191,-1.352
-2.298,-1.577
-3.039,-1.438
2.586,-1.233
1.877,-1.222
1.749,-1.324
0.826,-1.263
0.649,-1.484
-0.039,3.183
-0.531,2.999
-0.803,3.223
-1.519,2.946
-2.291,3.157
-2.712,3.186
-2.602,2.942
2.695,3.027
1.421,3.179
1.072,3.127
1.087,2.917
-1.703,-0.633
2.18,0.086
-0.293,-0.158
-2.754,2.123
2.258,0.804
2.093,1.446
1.287,1.566
0.031,1.778
-1.278,1.714
2.323,0.345
1.962,0.345
0.317,2.869
0.977,2.722
1.166,-1.042
-0.012,0.666
-0.02,2.603
-0.117,3.108
-0.156,-0.479
-0.146,0.538
-0.192,2.162
-0.277,1.565
-0.298,-0.781
-0.245,1.526
-0.365,2.671
-0.278,-0.265
-0.441,2.782
-0.539,1.458
-0.639,-0.726
-0.691,2.228
-0.719,1.127
-0.804,0.346
-0.741,0.787
-0.795,2.154
-1.157,0.043
-1.122,1.904
-1.319,1.376
-1.335,-0.364
-1.348,1.715
-1.6,2.628
-1.685,2.794
-1.787,2.676
-1.778,2.324
-1.83,1.891
-1.94,-0.267
-1.926,1.926
-1.935,1.613
-1.963,2.124
-2.051,1.836
-2.054,0.282
-2.034,2.405
-2.11,2.839
-2.202,-0.109
-2.158,-0.263
-2.256,1.796
-2.255,0.592
-2.268,2.069
-2.322,1.703
-2.374,-0.64
-2.32,0.499
-2.399,2.298
-2.352,2.188
-2.375,1.502
-2.438,-0.723
-2.575,-0.616
-2.505,-0.147
-2.574,1.409
-2.571,2.039
-2.702,0.509
-2.696,1.685
-2.722,0.929
-2.747,3.021
-2.762,2.524
-2.744,1.888
-2.782,-0.325
-2.857,2.131
-2.968,-0.808
-2.918,1.311
-2.945,1.47
-3.028,2.622
-3.102,1.26
3.079,0.559
3.072,1.5
3.077,3.145
3.128,1.671
3.095,1.915
3.034,-0.409
2.919,1.083
2.992,2.61
2.899,1.704
2.793,2.925
2.786,2.636
2.771,1.219
2.723,0.587
2.697,1.415
2.703,2.369
2.612,0.299
2.645,0.422
2.618,1.358
2.625,-0.417
2.561,-0.194
2.529,1.461
2.462,2.864
2.374,0.15
2.261,-0.884
2.25,-0.764
2.274,0.242
2.265,2.647
2.263,0.042
2.151,0.175
2.137,1.903
2.211,2.948
2.175,2.706
2.108,0.237
2.043,2.181
2.053,1.607
1.934,2.997
1.923,1.597
1.837,0.531
1.897,-0.607
1.891,1.285
1.863,0.507
1.739,2.821
1.813,0.218
1.811,1.169
1.72,0.629
1.703,1.001
1.693,2.037
1.696,0.257
1.656,1.728
1.568,1.26
1.623,1.515
1.524,0.685
1.513,0.757
1.404,1.414
1.402,1.156
1.456,0.263
1.443,-0.75
1.387,2.973
1.297,0.053
0.957,-0.174
0.872,-0.234
0.837,0.265
0.755,2.101
0.795,1.633
0.774,0.134
0.769,2.733
0.516,0.336
0.029,-0.968
-0.161,-0.983
-0.629,-1.149
-1.702,-1.112
-2.459,-1.236
2.94,-1.085
2.776,-0.998
2.513,-1.245
2.186,-0.963
0.161,3.135
-0.131,3.423
-0.433,3.328
-0.501,3.363
-0.857,3.477
-0.88,3.293
-1.203,3.259
-1.254,3.084
-2.399,3.282
-2.583,3.549
-2.537,3.657
-3.059,3.348
1.998,3.461
1.67,3.557
1.653,3.193
1.442,3.18
1.24,3.091
1.299,3.582
2.255,-0.575
2.097,2.202
-0.083,-1.128
-0.417,-0.942
-1.104,-1.202
-1.75,-1.196
2.21,-0.946
-2.804,3.429
0.29,0.542
0.376,-0.684
0.23,0.584
0.23,-0.273
0.2,0.634
0.19,0.145
0.229,1.832
-0.076,2.794
-0.119,1.693
-0.18,-0.439
-0.196,3.096
-0.2,-0.469
-0.075,1.499
-0.267,1.935
-0.268,0.04
-0.421,1.997
-0.328,0.692
-0.492,1.997
-0.397,1.763
-0.405,-0.715
-0.532,0.268
-0.47,1.82
-0.652,1.967
-0.79,1.547
-0.809,-0.731
-0.708,2.955
-0.754,-0.87
-0.87,1.593
-0.879,1.19
-1.011,2.627
-1.018,1.754
-0.916,1.362
-1.084,2.625
-1.102,2.946
-1.239,2.938
-1.246,-0.856
-1.396,1.042
-1.399,1.725
-1.396,0.409
-1.645,-0.316
-1.844,1.835
-1.887,0.143
-1.977,1.372
-2.105,2.235
-2.15,-0.749
-2.203,0.959
-2.331,1.737
-2.364,1.141
-2.415,1.384
-2.455,1.667
-2.346,-0.737
-2.523,2.707
-2.533,2.425
-2.69,1.92
-2.73,-0.672
-2.784,0.355
-2.7,1.818
-2.848,2.592
-2.79,2.593
-3.12,-0.7
-3.066,1.366
3.139,-0.939
3.061,0.581
2.918,1.814
2.911,2.08
2.72,0.936
2.59,0.244
2.54,0.832
2.332,1.173
2.337,0.392
2.223,0.663
1.966,0.131
2.013,0.908
1.995,1.162
1.871,0.546
1.79,-0.4
1.642,2.817
1.586,1.338
1.679,0.272
1.617,-0.457
1.316,1.012
1.446,0.554
1.146,-0.388
0.938,-0.485
0.91,1.176
0.847,2.6
0.723,0.576
0.625,1.656
0.592,0.541
0.482,1.093
0.417,1.683
0.215,-1.2
-0.442,-0.799
-0.739,-0.963
-0.887,-1.173
-0.872,-1.112
-1.427,-0.96
-1.35,-1.149
-1.716,-1.216
-2.246,-1.033
-2.353,-1.258
-3.094,-1.119
2.531,-0.914
1.822,-0.903
1.694,-1.005
0.771,-0.944
0.594,-1.165
-0.094,3.502
-0.586,3.318
-0.858,3.542
-1.574,3.265
-2.346,3.476
-2.767,3.505
-2.657,3.261
2.64,3.346
1.366,3.498
1.017,3.446
1.032,3.236
-1.758,-0.314
2.125,0.405
-0.348,0.161
-2.809,2.442
2.203,1.123
2.038,1.765
1.232,1.885
-0.024,2.097
-1.333,2.033
2.268,0.664
1.907,0.664
0.262,3.188
0.922,3.041
1.111,-0.723
-0.008,1.937
-0.105,2.442
-0.144,-1.145
-0.134,-0.128
-0.18,1.496
-0.265,0.899
-0.286,-1.447
-0.233,0.86
-0.353,2.005
-0.266,-0.931
-0.429,2.116
-0.527,0.792
-0.627,-1.392
-0.679,1.562
-0.707,0.461
-0.792,-0.32
-0.729,0.121
-0.783,1.488
-1.145,-0.623
-1.11,1.238
-1.307,0.71
-1.323,-1.03
-1.336,1.049
-1.588,1.962
-1.673,2.128
-1.775,2.01
-1.766,1.658
-1.818,1.225
-1.928,-0.933
-1.914,1.26
-1.923,0.947
-1.951,1.458
-2.039,1.17
-2.042,-0.384
-2.022,1.739
-2.098,2.173
-2.19,-0.775
-2.146,-0.929
-2.244,1.13
-2.243,-0.074
-2.256,1.403
-2.31,1.037
-2.362,-1.306
-2.308,-0.167
-2.387,1.632
-2.34,1.522
-2.363,0.836
-2.426,-1.389
-2.563,-1.282
-2.493,-0.813
-2.562,0.743
-2.559,1.373
-2.69,-0.157
-2.684,1.019
-2.71,0.263
-2.735,2.355
-2.75,1.858
-2.732,1.222
-2.77,-0.991
-2.845,1.465
-2.956,-1.474
-2.906,0.645
-2.933,0.804
-3.016,1.956
-3.09,0.594
3.091,-0.107
3.084,0.834
3.089,2.479
3.14,1.005
3.107,1.249
3.046,-1.075
2.931,0.417
3.004,1.944
2.911,1.038
2.805,2.259
2.798,1.97
2.783,0.553
2.735,-0.079
2.709,0.749
2.715,1.703
2.624,-0.367
2.657,-0.244
2.63,0.692
2.637,-1.083
2.573,-0.86
2.541,0.795
2.474,2.198
2.386,-0.516
2.273,-1.55
2.262,-1.43
2.286,-0.424
2.277,1.981
2.275,-0.624
2.163,-0.491
2.149,1.237
2.223,2.282
2.187,2.04
2.12,-0.429
2.055,1.515
2.065,0.941
1.946,2.331
1.935,0.931
1.849,-0.135
1.909,-1.273
1.903,0.619
1.875,-0.159
1.751,2.155
1.825,-0.448
1.823,0.503
1.732,-0.037
1.715,0.335
1.705,1.371
1.708,-0.409
1.668,1.062
1.58,0.594
1.635,0.849
1.536,0.019
1.525,0.091
1.416,0.748
1.414,0.49
1.468,-0.403
1.455,-1.416
1.399,2.307
1.309,-0.613
0.969,-0.84
0.884,-0.9
0.849,-0.401
0.767,1.435
0.807,0.967
0.786,-0.532
0.781,2.067
0.528,-0.33
0.041,-1.634
-0.149,-1.649
-0.617,-1.815
-1.69,-1.778
-2.447,-1.902
2.952,-1.751
2.788,-1.664
2.525,-1.911
2.198,-1.629
0.173,2.469
-0.119,2.757
-0.421,2.662
-0.489,2.697
-0.845,2.811
-0.868,2.627
-1.191,2.593
-1.242,2.418
-2.387,2.616
-2.571,2.883
-2.525,2.991
-3.047,2.682
2.01,2.795
1.682,2.891
1.665,2.527
1.454,2.514
1.252,2.425
1.311,2.916
2.267,-1.241
2.109,1.536
-0.071,-1.794
-0.405,-1.608
-1.092,-1.868
-1.738,-1.862
2.222,-1.612
-2.792,2.763
0.302,-0.124
0.388,-1.35
0.242,-0.082
0.242,-0.939
0.212,-0.032
0.202,-0.521
0.241,1.166
-0.064,2.128
-0.107,1.027
-0.168,-1.105
-0.184,2.43
-0.188,-1.135
-0.063,0.833
-0.255,1.269
-0.256,-0.626
-0.409,1.331
-0.316,0.026
-0.48,1.331
-0.385,1.097
-0.393,-1.381
-0.52,-0.398
-0.458,1.154
-0.64,1.301
-0.778,0.881
-0.797,-1.397
-0.696,2.289
-0.742,-1.536
-0.858,0.927
-0.867,0.524
-0.999,1.961
-1.006,1.088
-0.904,0.696
-1.072,1.959
-1.09,2.28
-1.227,2.272
-1.234,-1.522
-1.384,0.376
-1.387,1.059
-1.384,-0.257
-1.633,-0.982
-1.832,1.169
-1.875,-0.523
-1.965,0.706
-2.093,1.569
-2.138,-1.415
-2.191,0.293
-2.319,1.071
-2.352,0.475
-2.403,0.718
-2.443,1.001
-2.334,-1.403
-2.511,2.041
-2.521,1.759
-2.678,1.254
-2.718,-1.338
-2.772,-0.311
-2.688,1.152
-2.836,1.926
-2.778,1.927
-3.108,-1.366
-3.054,0.7
-3.132,-1.605
3.073,-0.085
2.93,1.148
2.923,1.414
2.732,0.27
2.602,-0.422
2.552,0.166
2.344,0.507
2.349,-0.274
2.235,-0.003
1.978,-0.535
2.025,0.242
2.007,0.496
1.883,-0.12
1.802,-1.066
1.654,2.151
1.598,0.672
1.691,-0.394
1.629,-1.123
1.328,0.346
1.458,-0.112
1.158,-1.054
0.95,-1.151
0.922,0.51
0.859,1.934
0.735,-0.09
0.637,0.99
0.604,-0.125
0.494,0.427
0.429,1.017
0.227,-1.866
-0.43,-1.465
-0.727,-1.629
-0.875,-1.839
-0.86,-1.778
-1.415,-1.626
-1.338,-1.815
-1.704,-1.882
-2.234,-1.699
-2.341,-1.924
-3.082,-1.785
2.543,-1.58
1.834,-1.569
1.706,-1.671
0.783,-1.61
0.606,-1.831
-0.082,2.836
-0.574,2.652
-0.846,2.876
-1.562,2.599
-2.334,2.81
-2.755,2.839
-2.645,2.595
2.652,2.68
1.378,2.832
1.029,2.78
1.044,2.57
-1.746,-0.98
2.137,-0.261
-0.336,-0.505
-2.797,1.776
2.215,0.457
2.05,1.099
1.244,1.219
-0.012,1.431
-1.321,1.367
2.28,-0.002
1.919,-0.002
0.274,2.522
0.934,2.375
1.123,-1.389
-0.097,0.505
-0.136,-3.082
-0.126,-2.065
-0.172,-0.441
-0.257,-1.038
-0.278,-3.384
-0.225,-1.077
-0.345,0.068
-0.258,-2.868
-0.421,0.179
-0.519,-1.145
-0.619,-3.329
-0.671,-0.375
-0.699,-1.476
-0.784,-2.257
-0.721,-1.816
-0.775,-0.449
-1.137,-2.56
-1.102,-0.699
-1.299,-1.227
-1.315,-2.967
-1.328,-0.888
-1.58,0.025
-1.665,0.191
-1.767,0.073
-1.758,-0.279
-1.81,-0.712
-1.92,-2.87
-1.906,-0.677
-1.915,-0.99
-1.943,-0.479
-2.031,-0.767
-2.034,-2.321
-2.014,-0.198
-2.09,0.236
-2.182,-2.712
-2.138,-2.866
-2.236,-0.807
-2.235,-2.011
-2.248,-0.534
-2.302,-0.9
-2.354,-3.243
-2.3,-2.104
-2.379,-0.305
-2.332,-0.415
-2.355,-1.101
-2.418,-3.326
-2.555,-3.219
-2.485,-2.75
-2.554,-1.194
-2.551,-0.564
-2.682,-2.094
-2.676,-0.918
-2.702,-1.674
-2.727,0.418
-2.742,-0.079
-2.724,-0.715
-2.762,-2.928
-2.837,-0.472
-2.948,-3.411
-2.898,-1.292
-2.925,-1.133
-3.008,0.019
-3.082,-1.343
3.099,-2.044
3.092,-1.103
3.097,0.542
-3.135,-0.932
3.115,-0.688
3.054,-3.012
2.939,-1.52
3.012,0.007
2.919,-0.899
2.813,0.322
2.806,0.033
2.791,-1.384
2.743,-2.016
2.717,-1.188
2.723,-0.234
2.632,-2.304
2.665,-2.181
2.638,-1.245
2.645,-3.02
2.581,-2.797
2.549,-1.142
2.482,0.261
2.394,-2.453
2.281,-3.487
2.27,-3.367
2.294,-2.361
2.285,0.044
2.283,-2.561
2.171,-2.428
2.157,-0.7
2.231,0.345
2.195,0.103
2.128,-2.366
2.063,-0.422
2.073,-0.996
1.954,0.394
1.943,-1.006
1.857,-2.072
1.917,-3.21
1.911,-1.318
1.883,-2.096
1.759,0.218
1.833,-2.385
1.831,-1.434
1.74,-1.974
1.723,-1.602
1.713,-0.566
1.716,-2.346
1.676,-0.875
1.588,-1.343
1.643,-1.088
1.544,-1.918
1.533,-1.846
1.424,-1.189
1.422,-1.447
1.476,-2.34
1.463,-3.353
1.407,0.37
1.317,-2.55
0.977,-2.777
0.892,-2.837
0.857,-2.338
0.775,-0.502
0.815,-0.97
0.794,-2.469
0.789,0.13
0.536,-2.267
0.049,-3.571
-0.141,-3.586
-0.609,-3.752
-1.682,-3.715
-2.439,-3.839
2.96,-3.688
2.796,-3.601
2.533,-3.848
2.206,-3.566
0.181,0.532
-0.111,0.82
-0.413,0.725
-0.481,0.76
-0.837,0.874
-0.86,0.69
-1.183,0.656
-1.234,0.481
-2.379,0.679
-2.563,0.946
-2.517,1.054
-3.039,0.745
2.018,0.858
1.69,0.954
1.673,0.59
1.462,0.577
1.26,0.488
1.319,0.979
2.275,-3.178
2.117,-0.401
-0.063,-3.731
-0.397,-3.545
-1.084,-3.805
-1.73,-3.799
2.23,-3.549
-2.784,0.826
0.31,-2.061
0.396,-3.287
0.25,-2.019
0.25,-2.876
0.22,-1.969
0.21,-2.458
0.249,-0.771
-0.056,0.191
-0.099,-0.91
-0.16,-3.042
-0.176,0.493
-0.18,-3.072
-0.055,-1.104
-0.247,-0.668
-0.248,-2.563
-0.401,-0.606
-0.308,-1.911
-0.472,-0.606
-0.377,-0.84
-0.385,-3.318
-0.512,-2.335
-0.45,-0.783
-0.632,-0.636
-0.77,-1.056
-0.789,-3.334
-0.688,0.352
-0.734,-3.473
-0.85,-1.01
-0.859,-1.413
-0.991,0.024
-0.998,-0.849
-0.896,-1.241
-1.064,0.022
-1.082,0.343
-1.219,0.335
-1.226,-3.459
-1.376,-1.561
-1.379,-0.878
-1.376,-2.194
-1.625,-2.919
-1.824,-0.768
-1.867,-2.46
-1.957,-1.231
-2.085,-0.368
-2.13,-3.352
-2.183,-1.644
-2.311,-0.866
-2.344,-1.462
-2.395,-1.219
-2.435,-0.936
-2.326,-3.34
-2.503,0.104
-2.513,-0.178
-2.67,-0.683
-2.71,-3.275
-2.764,-2.248
-2.68,-0.785
-2.828,-0.011
-2.77,-0.01
-3.1,-3.303
-3.046,-1.237
-3.124,-3.542
3.081,-2.022
2.938,-0.789
2.931,-0.523
2.74,-1.667
2.61,-2.359
2.56,-1.771
2.352,-1.43
2.357,-2.211
2.243,-1.94
1.986,-2.472
2.033,-1.695
2.015,-1.441
1.891,-2.057
1.81,-3.003
1.662,0.214
1.606,-1.265
1.699,-2.331
1.637,-3.06
1.336,-1.591
1.466,-2.049
1.166,-2.991
0.958,-3.088
0.93,-1.427
0.867,-0.003
0.743,-2.027
0.645,-0.947
0.612,-2.062
0.502,-1.51
0.437,-0.92
0.235,-3.803
-0.422,-3.402
-0.719,-3.566
-0.867,-3.776
-0.852,-3.715
-1.407,-3.563
-1.33,-3.752
-1.696,-3.819
-2.226,-3.636
-2.333,-3.861
-3.074,-3.722
2.551,-3.517
1.842,-3.506
1.714,-3.608
0.791,-3.547
0.614,-3.768
-0.074,0.899
-0.566,0.715
-0.838,0.939
-1.554,0.662
-2.326,0.873
-2.747,0.902
-2.637,0.658
2.66,0.743
1.386,0.895
1.037,0.843
1.052,0.633
-1.738,-2.917
2.145,-2.198
-0.328,-2.442
-2.789,-0.161
2.223,-1.48
2.058,-0.838
1.252,-0.718
-0.004,-0.506
-1.313,-0.57
2.288,-1.939
1.927,-1.939
0.282,0.585
0.942,0.438
1.131,-3.326
-0.039,-3.587
-0.029,-2.57
-0.075,-0.946
-0.16,-1.543
-0.181,-3.889
-0.128,-1.582
-0.248,-0.437
-0.161,-3.373
-0.324,-0.326
-0.422,-1.65
-0.522,-3.834
-0.574,-0.88
-0.602,-1.981
-0.687,-2.762
-0.624,-2.321
-0.678,-0.954
-1.04,-3.065
-1.005,-1.204
-1.202,-1.732
-1.218,-3.472
-1.231,-1.393
-1.483,-0.48
-1.568,-0.314
-1.67,-0.432
-1.661,-0.784
-1.713,-1.217
-1.823,-3.375
-1.809,-1.182
-1.818,-1.495
-1.846,-0.984
-1.934,-1.272
-1.937,-2.826
-1.917,-0.703
-1.993,-0.269
-2.085,-3.217
-2.041,-3.371
-2.139,-1.312
-2.138,-2.516
-2.151,-1.039
-2.205,-1.405
-2.257,-3.748
-2.203,-2.609
-2.282,-0.81
-2.235,-0.92
-2.258,-1.606
-2.321,-3.831
-2.458,-3.724
-2.388,-3.255
-2.457,-1.699
-2.454,-1.069
-2.585,-2.599
-2.579,-1.423
-2.605,-2.179
-2.63,-0.087
-2.645,-0.584
-2.627,-1.22
-2.665,-3.433
-2.74,-0.977
-2.851,-3.916
-2.801,-1.797
-2.828,-1.638
-2.911,-0.486
-2.985,-1.848
-3.087,-2.549
-3.094,-1.608
-3.089,0.037
-3.038,-1.437
-3.071,-1.193
-3.132,-3.517
3.036,-2.025
3.109,-0.498
3.016,-1.404
2.91,-0.183
2.903,-0.472
2.888,-1.889
2.84,-2.521
2.814,-1.693
2.82,-0.739
2.729,-2.809
2.762,-2.686
2.735,-1.75
2.742,-3.525
2.678,-3.302
2.646,-1.647
2.579,-0.244
2.491,-2.958
2.378,-3.992
2.367,-3.872
2.391,-2.866
2.382,-0.461
2.38,-3.066
2.268,-2.933
2.254,-1.205
2.328,-0.16
2.292,-0.402
2.225,-2.871
2.16,-0.927
2.17,-1.501
2.051,-0.111
2.04,-1.511
1.954,-2.577
2.014,-3.715
2.008,-1.823
1.98,-2.601
1.856,-0.287
1.93,-2.89
1.928,-1.939
1.837,-2.479
1.82,-2.107
1.81,-1.071
1.813,-2.851
1.773,-1.38
1.685,-1.848
1.74,-1.593
1.641,-2.423
1.63,-2.351
1.521,-1.694
1.519,-1.952
1.573,-2.845
1.56,-3.858
1.504,-0.135
1.414,-3.055
1.074,-3.282
0.989,-3.342
0.954,-2.843
0.872,-1.007
0.912,-1.475
0.891,-2.974
0.886,-0.375
0.633,-2.772
0.146,-4.076
-0.044,-4.091
-0.512,-4.257
-1.585,-4.22
-2.342,-4.344
3.057,-4.193
2.893,-4.106
2.63,-4.353
2.303,-4.071
0.278,0.027
-0.014,0.315
-0.316,0.22
-0.384,0.255
-0.74,0.369
-0.763,0.185
-1.086,0.151
-1.137,-0.024
-2.282,0.174
-2.466,0.441
-2.42,0.549
-2.942,0.24
2.115,0.353
1.787,0.449
1.77,0.085
1.559,0.072
1.357,-0.017
1.416,0.474
2.372,-3.683
2.214,-0.906
0.034,-4.236
-0.3,-4.05
-0.987,-4.31
-1.633,-4.304
2.327,-4.054
-2.687,0.321
0.407,-2.566
0.493,-3.792
0.347,-2.524
0.347,-3.381
0.317,-2.474
0.307,-2.963
0.346,-1.276
0.041,-0.314
-0.002,-1.415
-0.063,-3.547
-0.079,-0.012
-0.083,-3.577
0.042,-1.609
-0.15,-1.173
-0.151,-3.068
-0.304,-1.111
-0.211,-2.416
-0.375,-1.111
-0.28,-1.345
-0.288,-3.823
-0.415,-2.84
-0.353,-1.288
-0.535,-1.141
-0.673,-1.561
-0.692,-3.839
-0.591,-0.153
-0.637,-3.978
-0.753,-1.515
-0.762,-1.918
-0.894,-0.481
-0.901,-1.354
-0.799,-1.746
-0.967,-0.483
-0.985,-0.162
-1.122,-0.17
-1.129,-3.964
-1.279,-2.066
-1.282,-1.383
-1.279,-2.699
-1.528,-3.424
-1.727,-1.273
-1.77,-2.965
-1.86,-1.736
-1.988,-0.873
-2.033,-3.857
-2.086,-2.149
-2.214,-1.371
-2.247,-1.967
-2.298,-1.724
-2.338,-1.441
-2.229,-3.845
-2.406,-0.401
-2.416,-0.683
-2.573,-1.188
-2.613,-3.78
-2.667,-2.753
-2.583,-1.29
-2.731,-0.516
-2.673,-0.515
-3.003,-3.808
-2.949,-1.742
-3.027,-4.047
-3.105,-2.527
3.035,-1.294
3.028,-1.028
2.837,-2.172
2.707,-2.864
2.657,-2.276
2.449,-1.935
2.454,-2.716
2.34,-2.445
2.083,-2.977
2.13,-2.2
2.112,-1.946
1.988,-2.562
1.907,-3.508
1.759,-0.291
1.703,-1.77
1.796,-2.836
1.734,-3.565
1.433,-2.096
1.563,-2.554
1.263,-3.496
1.055,-3.593
1.027,-1.932
0.964,-0.508
0.84,-2.532
0.742,-1.452
0.709,-2.567
0.599,-2.015
0.534,-1.425
0.332,-4.308
-0.325,-3.907
-0.622,-4.071
-0.77,-4.281
-0.755,-4.22
-1.31,-4.068
-1.233,-4.257
-1.599,-4.324
-2.129,-4.141
-2.236,-4.366
-2.977,-4.227
2.648,-4.022
1.939,-4.011
1.811,-4.113
0.888,-4.052
0.711,-4.273
0.023,0.394
-0.469,0.21
-0.741,0.434
-1.457,0.157
-2.229,0.368
-2.65,0.397
-2.54,0.153
2.757,0.238
1.483,0.39
1.134,0.338
1.149,0.128
-1.641,-3.422
2.242,-2.703
-0.231,-2.947
-2.692,-0.666
2.32,-1.985
2.155,-1.343
1.349,-1.223
0.093,-1.011
-1.216,-1.075
2.385,-2.444
2.024,-2.444
0.379,0.08
1.039,-0.067
1.228,-3.831
0.01,1.017
-0.036,2.641
-0.121,2.044
-0.142,-0.302
-0.089,2.005
-0.209,3.15
-0.122,0.214
-0.285,3.261
-0.383,1.937
-0.483,-0.247
-0.535,2.707
-0.563,1.606
-0.648,0.825
-0.585,1.266
-0.639,2.633
-1.001,0.522
-0.966,2.383
-1.163,1.855
-1.179,0.115
-1.192,2.194
-1.444,3.107
-1.529,3.273
-1.631,3.155
-1.622,2.803
-1.674,2.37
-1.784,0.212
-1.77,2.405
-1.779,2.092
-1.807,2.603
-1.895,2.315
-1.898,0.761
-1.878,2.884
-1.954,3.318
-2.046,0.37
-2.002,0.216
-2.1,2.275
-2.099,1.071
-2.112,2.548
-2.166,2.182
-2.218,-0.161
-2.164,0.978
-2.243,2.777
-2.196,2.667
-2.219,1.981
-2.282,-0.244
-2.419,-0.137
-2.349,0.332
-2.418,1.888
-2.415,2.518
-2.546,0.988
-2.54,2.164
-2.566,1.408
-2.591,3.5
-2.606,3.003
-2.588,2.367
-2.626,0.154
-2.701,2.61
-2.812,-0.329
-2.762,1.79
-2.789,1.949
-2.872,3.101
-2.946,1.739
-3.048,1.038
-3.055,1.979
-3.05,3.624
-2.999,2.15
-3.032,2.394
-3.093,0.07
3.075,1.562
-3.135,3.089
3.055,2.183
2.949,3.404
2.942,3.115
2.927,1.698
2.879,1.066
2.853,1.894
2.859,2.848
2.768,0.778
2.801,0.901
2.774,1.837
2.781,0.062
2.717,0.285
2.685,1.94
2.618,3.343
2.53,0.629
2.417,-0.405
2.406,-0.285
2.43,0.721
2.421,3.126
2.419,0.521
2.307,0.654
2.293,2.382
2.367,3.427
2.331,3.185
2.264,0.716
2.199,2.66
2.209,2.086
2.09,3.476
2.079,2.076
1.993,1.01
2.053,-0.128
2.047,1.764
2.019,0.986
1.895,3.3
1.969,0.697
1.967,1.648
1.876,1.108
1.859,1.48
1.849,2.516
1.852,0.736
1.812,2.207
1.724,1.739
1.779,1.994
1.68,1.164
1.669,1.236
1.56,1.893
1.558,1.635
1.612,0.742
1.599,-0.271
1.543,3.452
1.453,0.532
1.113,0.305
1.028,0.245
0.993,0.744
0.911,2.58
0.951,2.112
0.93,0.613
0.925,3.212
0.672,0.815
0.185,-0.489
-0.005,-0.504
-0.473,-0.67
-1.546,-0.633
-2.303,-0.757
3.096,-0.606
2.932,-0.519
2.669,-0.766
2.342,-0.484
0.317,3.614
0.025,3.902
-0.277,3.807
-0.345,3.842
-0.701,3.956
-0.724,3.772
-1.047,3.738
-1.098,3.563
-2.243,3.761
-2.427,4.028
-2.381,4.136
-2.903,3.827
2.154,3.94
1.826,4.036
1.809,3.672
1.598,3.659
1.396,3.57
1.455,4.061
2.411,-0.096
2.253,2.681
0.073,-0.649
-0.261,-0.463
-0.948,-0.723
-1.594,-0.717
2.366,-0.467
-2.648,3.908
0.446,1.021
0.532,-0.205
0.386,1.063
0.386,0.206
0.356,1.113
0.346,0.624
0.385,2.311
0.08,3.273
0.037,2.172
-0.024,0.04
-0.04,3.575
-0.044,0.01
0.081,1.978
-0.111,2.414
-0.112,0.519
-0.265,2.476
-0.172,1.171
-0.336,2.476
-0.241,2.242
-0.249,-0.236
-0.376,0.747
-0.314,2.299
-0.496,2.446
-0.634,2.026
-0.653,-0.252
-0.552,3.434
-0.598,-0.391
-0.714,2.072
-0.723,1.669
-0.855,3.106
-0.862,2.233
-0.76,1.841
-0.928,3.104
-0.946,3.425
-1.083,3.417
-1.09,-0.377
-1.24,1.521
-1.243,2.204
-1.24,0.888
-1.489,0.163
-1.688,2.314
-1.731,0.622
-1.821,1.851
-1.949,2.714
-1.994,-0.27
-2.047,1.438
-2.175,2.216
-2.208,1.62
-2.259,1.863
-2.299,2.146
-2.19,-0.258
-2.367,3.186
-2.377,2.904
-2.534,2.399
-2.574,-0.193
-2.628,0.834
-2.544,2.297
-2.692,3.071
-2.634,3.072
-2.964,-0.221
-2.91,1.845
-2.988,-0.46
-3.066,1.06
3.074,2.293
3.067,2.559
2.876,1.415
2.746,0.723
2.696,1.311
2.488,1.652
2.493,0.871
2.379,1.142
2.122,0.61
2.169,1.387
2.151,1.641
2.027,1.025
1.946,0.079
1.798,3.296
1.742,1.817
1.835,0.751
1.773,0.022
1.472,1.491
1.602,1.033
1.302,0.091
1.094,-0.006
1.066,1.655
1.003,3.079
0.879,1.055
0.781,2.135
0.748,1.02
0.638,1.572
0.573,2.162
0.371,-0.721
-0.286,-0.32
-0.583,-0.484
-0.731,-0.694
-0.716,-0.633
-1.271,-0.481
-1.194,-0.67
-1.56,-0.737
-2.09,-0.554
-2.197,-0.779
-2.938,-0.64
2.687,-0.435
1.978,-0.424
1.85,-0.526
0.927,-0.465
0.75,-0.686
0.062,3.981
-0.43,3.797
-0.702,4.021
-1.418,3.744
-2.19,3.955
-2.611,3.984
-2.501,3.74
2.796,3.825
1.522,3.977
1.173,3.925
1.188,3.715
-1.602,0.165
2.281,0.884
-0.192,0.64
-2.653,2.921
2.359,1.602
2.194,2.244
1.388,2.364
0.132,2.576
-1.177,2.512
2.424,1.143
2.063,1.143
0.418,3.667
1.078,3.52
1.267,-0.244
-0.046,1.624
-0.131,1.027
-0.152,-1.319
-0.099,0.988
-0.219,2.133
-0.132,-0.803
-0.295,2.244
-0.393,0.92
-0.493,-1.264
-0.545,1.69
-0.573,0.589
-0.658,-0.192
-0.595,0.249
-0.649,1.616
-1.011,-0.495
-0.976,1.366
-1.173,0.838
-1.189,-0.902
-1.202,1.177
-1.454,2.09
-1.539,2.256
-1.641,2.138
-1.632,1.786
-1.684,1.353
-1.794,-0.805
-1.78,1.388
-1.789,1.075
-1.817,1.586
-1.905,1.298
-1.908,-0.256
-1.888,1.867
-1.964,2.301
-2.056,-0.647
-2.012,-0.801
-2.11,1.258
-2.109,0.054
-2.122,1.531
-2.176,1.165
-2.228,-1.178
-2.174,-0.039
-2.253,1.76
-2.206,1.65
-2.229,0.964
-2.292,-1.261
-2.429,-1.154
-2.359,-0.685
-2.428,0.871
-2.425,1.501
-2.556,-0.029
-2.55,1.147
-2.576,0.391
-2.601,2.483
-2.616,1.986
-2.598,1.35
-2.636,-0.863
-2.711,1.593
-2.822,-1.346
-2.772,0.773
-2.799,0.932
-2.882,2.084
-2.956,0.722
-3.058,0.021
-3.065,0.962
-3.06,2.607
-3.009,1.133
-3.042,1.377
-3.103,-0.947
3.065,0.545
3.138,2.072
3.045,1.166
2.939,2.387
2.932,2.098
2.917,0.681
2.869,0.049
2.843,0.877
2.849,1.831
2.758,-0.239
2.791,-0.116
2.764,0.82
2.771,-0.955
2.707,-0.732
2.675,0.923
2.608,2.326
2.52,-0.388
2.407,-1.422
2.396,-1.302
2.42,-0.296
2.411,2.109
2.409,-0.496
2.297,-0.363
2.283,1.365
2.357,2.41
2.321,2.168
2.254,-0.301
2.189,1.643
2.199,1.069
2.08,2.459
2.069,1.059
1.983,-0.007
2.043,-1.145
2.037,0.747
2.009,-0.031
1.885,2.283
1.959,-0.32
1.957,0.631
1.866,0.091
1.849,0.463
1.839,1.499
1.842,-0.281
1.802,1.19
1.714,0.722
1.769,0.977
1.67,0.147
1.659,0.219
1.55,0.876
1.548,0.618
1.602,-0.275
1.589,-1.288
1.533,2.435
1.443,-0.485
1.103,-0.712
1.018,-0.772
0.983,-0.273
0.901,1.563
0.941,1.095
0.92,-0.404
0.915,2.195
0.662,-0.202
0.175,-1.506
-0.015,-1.521
-0.483,-1.687
-1.556,-1.65
-2.313,-1.774
3.086,-1.623
2.922,-1.536
2.659,-1.783
2.332,-1.501
0.307,2.597
0.015,2.885
-0.287,2.79
-0.355,2.825
-0.711,2.939
-0.734,2.755
-1.057,2.721
-1.108,2.546
-2.253,2.744
-2.437,3.011
-2.391,3.119
-2.913,2.81
2.144,2.923
1.816,3.019
1.799,2.655
1.588,2.642
1.386,2.553
1.445,3.044
2.401,-1.113
2.243,1.664
0.063,-1.666
-0.271,-1.48
-0.958,-1.74
-1.604,-1.734
2.356,-1.484
-2.658,2.891
0.436,0.004
0.522,-1.222
0.376,0.046
0.376,-0.811
0.346,0.096
0.336,-0.393
0.375,1.294
0.07,2.256
0.027,1.155
-0.034,-0.977
-0.05,2.558
-0.054,-1.007
0.071,0.961
-0.121,1.397
-0.122,-0.498
-0.275,1.459
-0.182,0.154
-0.346,1.459
-0.251,1.225
-0.259,-1.253
-0.386,-0.27
-0.324,1.282
-0.506,1.429
-0.644,1.009
-0.663,-1.269
-0.562,2.417
-0.608,-1.408
-0.724,1.055
-0.733,0.652
-0.865,2.089
-0.872,1.216
-0.77,0.824
-0.938,2.087
-0.956,2.408
-1.093,2.4
-1.1,-1.394
-1.25,0.504
-1.253,1.187
-1.25,-0.129
-1.499,-0.854
-1.698,1.297
-1.741,-0.395
-1.831,0.834
-1.959,1.697
-2.004,-1.287
-2.057,0.421
-2.185,1.199
-2.218,0.603
-2.269,0.846
-2.309,1.129
-2.2,-1.275
-2.377,2.169
-2.387,1.887
-2.544,1.382
-2.584,-1.21
-2.638,-0.183
-2.554,1.28
-2.702,2.054
-2.644,2.055
-2.974,-1.238
-2.92,0.828
-2.998,-1.477
-3.076,0.043
3.064,1.276
3.057,1.542
2.866,0.398
2.736,-0.294
2.686,0.294
2.478,0.635
2.483,-0.146
2.369,0.125
2.112,-0.407
2.159,0.37
2.141,0.624
2.017,0.008
1.936,-0.938
1.788,2.279
1.732,0.8
1.825,-0.266
1.763,-0.995
1.462,0.474
1.592,0.016
1.292,-0.926
1.084,-1.023
1.056,0.638
0.993,2.062
0.869,0.038
0.771,1.118
0.738,0.003
0.628,0.555
0.563,1.145
0.361,-1.738
-0.296,-1.337
-0.593,-1.501
-0.741,-1.711
-0.726,-1.65
-1.281,-1.498
-1.204,-1.687
-1.57,-1.754
-2.1,-1.571
-2.207,-1.796
-2.948,-1.657
2.677,-1.452
1.968,-1.441
1.84,-1.543
0.917,-1.482
0.74,-1.703
0.052,2.964
-0.44,2.78
-0.712,3.004
-1.428,2.727
-2.2,2.938
-2.621,2.967
-2.511,2.723
2.786,2.808
1.512,2.96
1.163,2.908
1.178,2.698
-1.612,-0.852
2.271,-0.133
-0.202,-0.377
-2.663,1.904
2.349,0.585
2.184,1.227
1.378,1.347
0.122,1.559
-1.187,1.495
2.414,0.126
2.053,0.126
0.408,2.65
1.068,2.503
1.257,-1.261
-0.085,-0.597
-0.106,-2.943
-0.053,-0.636
-0.173,0.509
-0.086,-2.427
-0.249,0.62
-0.347,-0.704
-0.447,-2.888
-0.499,0.066
-0.527,-1.035
-0.612,-1.816
-0.549,-1.375
-0.603,-0.008
-0.965,-2.119
-0.93,-0.258
-1.127,-0.786
-1.143,-2.526
-1.156,-0.447
-1.408,0.466
-1.493,0.632
-1.595,0.514
-1.586,0.162
-1.638,-0.271
-1.748,-2.429
-1.734,-0.236
-1.743,-0.549
-1.771,-0.038
-1.859,-0.326
-1.862,-1.88
-1.842,0.243
-1.918,0.677
-2.01,-2.271
-1.966,-2.425
-2.064,-0.366
-2.063,-1.57
-2.076,-0.093
-2.13,-0.459
-2.182,-2.802
-2.128,-1.663
-2.207,0.136
-2.16,0.026
-2.183,-0.66
-2.246,-2.885
-2.383,-2.778
-2.313,-2.309
-2.382,-0.753
-2.379,-0.123
-2.51,-1.653
-2.504,-0.477
-2.53,-1.233
-2.555,0.859
-2.57,0.362
-2.552,-0.274
-2.59,-2.487
-2.665,-0.031
-2.776,-2.97
-2.726,-0.851
-2.753,-0.692
-2.836,0.46
-2.91,-0.902
-3.012,-1.603
-3.019,-0.662
-3.014,0.983
-2.963,-0.491
-2.996,-0.247
-3.057,-2.571
3.111,-1.079
-3.099,0.448
3.091,-0.458
2.985,0.763
2.978,0.474
2.963,-0.943
2.915,-1.575
2.889,-0.747
2.895,0.207
2.804,-1.863
2.837,-1.74
2.81,-0.804
2.817,-2.579
2.753,-2.356
2.721,-0.701
2.654,0.702
2.566,-2.012
2.453,-3.046
2.442,-2.926
2.466,-1.92
2.457,0.485
2.455,-2.12
2.343,-1.987
2.329,-0.259
2.403,0.786
2.367,0.544
2.3,-1.925
2.235,0.019
2.245,-0.555
2.126,0.835
2.115,-0.565
2.029,-1.631
2.089,-2.769
2.083,-0.877
2.055,-1.655
1.931,0.659
2.005,-1.944
2.003,-0.993
1.912,-1.533
1.895,-1.161
1.885,-0.125
1.888,-1.905
1.848,-0.434
1.76,-0.902
1.815,-0.647
1.716,-1.477
1.705,-1.405
1.596,-0.748
1.594,-1.006
1.648,-1.899
1.635,-2.912
1.579,0.811
1.489,-2.109
1.149,-2.336
1.064,-2.396
1.029,-1.897
0.947,-0.061
0.987,-0.529
0.966,-2.028
0.961,0.571
0.708,-1.826
0.221,-3.13
0.031,-3.145
-0.437,-3.311
-1.51,-3.274
-2.267,-3.398
3.132,-3.247
2.968,-3.16
2.705,-3.407
2.378,-3.125
0.353,0.973
0.061,1.261
-0.241,1.166
-0.309,1.201
-0.665,1.315
-0.688,1.131
-1.011,1.097
-1.062,0.922
-2.207,1.12
-2.391,1.387
-2.345,1.495
-2.867,1.186
2.19,1.299
1.862,1.395
1.845,1.031
1.634,1.018
1.432,0.929
1.491,1.42
2.447,-2.737
2.289,0.04
0.109,-3.29
-0.225,-3.104
-0.912,-3.364
-1.558,-3.358
2.402,-3.108
-2.612,1.267
0.482,-1.62
0.568,-2.846
0.422,-1.578
0.422,-2.435
0.392,-1.528
0.382,-2.017
0.421,-0.33
0.116,0.632
0.073,-0.469
0.012,-2.601
-0.004,0.934
-0.008,-2.631
0.117,-0.663
-0.075,-0.227
-0.076,-2.122
-0.229,-0.165
-0.136,-1.47
-0.3,-0.165
-0.205,-0.399
-0.213,-2.877
-0.34,-1.894
-0.278,-0.342
-0.46,-0.195
-0.598,-0.615
-0.617,-2.893
-0.516,0.793
-0.562,-3.032
-0.678,-0.569
-0.687,-0.972
-0.819,0.465
-0.826,-0.408
-0.724,-0.8
-0.892,0.463
-0.91,0.784
-1.047,0.776
-1.054,-3.018
-1.204,-1.12
-1.207,-0.437
-1.204,-1.753
-1.453,-2.478
-1.652,-0.327
-1.695,-2.019
-1.785,-0.79
-1.913,0.073
-1.958,-2.911
-2.011,-1.203
-2.139,-0.425
-2.172,-1.021
-2.223,-0.778
-2.263,-0.495
-2.154,-2.899
-2.331,0.545
-2.341,0.263
-2.498,-0.242
-2.538,-2.834
-2.592,-1.807
-2.508,-0.344
-2.656,0.43
-2.598,0.431
-2.928,-2.862
-2.874,-0.796
-2.952,-3.101
-3.03,-1.581
3.11,-0.348
3.103,-0.082
2.912,-1.226
2.782,-1.918
2.732,-1.33
2.524,-0.989
2.529,-1.77
2.415,-1.499
2.158,-2.031
2.205,-1.254
2.187,-1.0
2.063,-1.616
1.982,-2.562
1.834,0.655
1.778,-0.824
1.871,-1.89
1.809,-2.619
1.508,-1.15
1.638,-1.608
1.338,-2.55
1.13,-2.647
1.102,-0.986
1.039,0.438
0.915,-1.586
0.817,-0.506
0.784,-1.621
0.674,-1.069
0.609,-0.479
0.407,-3.362
-0.25,-2.961
-0.547,-3.125
-0.695,-3.335
-0.68,-3.274
-1.235,-3.122
-1.158,-3.311
-1.524,-3.378
-2.054,-3.195
-2.161,-3.42
-2.902,-3.281
2.723,-3.076
2.014,-3.065
1.886,-3.167
0.963,-3.106
0.786,-3.327
0.098,1.34
-0.394,1.156
-0.666,1.38
-1.382,1.103
-2.154,1.314
-2.575,1.343
-2.465,1.099
2.832,1.184
1.558,1.336
1.209,1.284
1.224,1.074
-1.566,-2.476
2.317,-1.757
-0.156,-2.001
-2.617,0.28
2.395,-1.039
2.23,-0.397
1.424,-0.277
0.168,-0.065
-1.141,-0.129
2.46,-1.498
2.099,-1.498
0.454,1.026
1.114,0.879
1.303,-2.885
-0.021,-2.346
0.032,-0.039
-0.088,1.106
-0.001,-1.83
-0.164,1.217
-0.262,-0.107
-0.362,-2.291
-0.414,0.663
-0.442,-0.438
-0.527,-1.219
-0.464,-0.778
-0.518,0.589
-0.88,-1.522
-0.845,0.339
-1.042,-0.189
-1.058,-1.929
-1.071,0.15
-1.323,1.063
-1.408,1.229
-1.51,1.111
-1.501,0.759
-1.553,0.326
-1.663,-1.832
-1.649,0.361
-1.658,0.048
-1.686,0.559
-1.774,0.271
-1.777,-1.283
-1.757,0.84
-1.833,1.274
-1.925,-1.674
-1.881,-1.828
-1.979,0.231
-1.978,-0.973
-1.991,0.504
-2.045,0.138
-2.097,-2.205
-2.043,-1.066
-2.122,0.733
-2.075,0.623
-2.098,-0.063
-2.161,-2.288
-2.298,-2.181
-2.228,-1.712
-2.297,-0.156
-2.294,0.474
-2.425,-1.056
-2.419,0.12
-2.445,-0.636
-2.47,1.456
-2.485,0.959
-2.467,0.323
-2.505,-1.89
-2.58,0.566
-2.691,-2.373
-2.641,-0.254
-2.668,-0.095
-2.751,1.057
-2.825,-0.305
-2.927,-1.006
-2.934,-0.065
-2.929,1.58
-2.878,0.106
-2.911,0.35
-2.972,-1.974
-3.087,-0.482
-3.014,1.045
-3.107,0.139
3.07,1.36
3.063,1.071
3.048,-0.346
3.0,-0.978
2.974,-0.15
2.98,0.804
2.889,-1.266
2.922,-1.143
2.895,-0.207
2.902,-1.982
2.838,-1.759
2.806,-0.104
2.739,1.299
2.651,-1.415
2.538,-2.449
2.527,-2.329
2.551,-1.323
2.542,1.082
2.54,-1.523
2.428,-1.39
2.414,0.338
2.488,1.383
2.452,1.141
2.385,-1.328
2.32,0.616
2.33,0.042
2.211,1.432
2.2,0.032
2.114,-1.034
2.174,-2.172
2.168,-0.28
2.14,-1.058
2.016,1.256
2.09,-1.347
2.088,-0.396
1.997,-0.936
1.98,-0.564
1.97,0.472
1.973,-1.308
1.933,0.163
1.845,-0.305
1.9,-0.05
1.801,-0.88
1.79,-0.808
1.681,-0.151
1.679,-0.409
1.733,-1.302
1.72,-2.315
1.664,1.408
1.574,-1.512
1.234,-1.739
1.149,-1.799
1.114,-1.3
1.032,0.536
1.072,0.068
1.051,-1.431
1.046,1.168
0.793,-1.229
0.306,-2.533
0.116,-2.548
-0.352,-2.714
-1.425,-2.677
-2.182,-2.801
-3.066,-2.65
3.053,-2.563
2.79,-2.81
2.463,-2.528
0.438,1.57
0.146,1.858
-0.156,1.763
-0.224,1.798
-0.58,1.912
-0.603,1.728
-0.926,1.694
-0.977,1.519
-2.122,1.717
-2.306,1.984
-2.26,2.092
-2.782,1.783
2.275,1.896
1.947,1.992
1.93,1.628
1.719,1.615
1.517,1.526
1.576,2.017
2.532,-2.14
2.374,0.637
0.194,-2.693
-0.14,-2.507
-0.827,-2.767
-1.473,-2.761
2.487,-2.511
-2.527,1.864
0.567,-1.023
0.653,-2.249
0.507,-0.981
0.507,-1.838
0.477,-0.931
0.467,-1.42
0.506,0.267
0.201,1.229
0.158,0.128
0.097,-2.004
0.081,1.531
0.077,-2.034
0.202,-0.066
0.01,0.37
0.009,-1.525
-0.144,0.432
-0.051,-0.873
-0.215,0.432
-0.12,0.198
-0.128,-2.28
-0.255,-1.297
-0.193,0.255
-0.375,0.402
-0.513,-0.018
-0.532,-2.296
-0.431,1.39
-0.477,-2.435
-0.593,0.028
-0.602,-0.375
-0.734,1.062
-0.741,0.189
-0.639,-0.203
-0.807,1.06
-0.825,1.381
-0.962,1.373
-0.969,-2.421
-1.119,-0.523
-1.122,0.16
-1.119,-1.156
-1.368,-1.881
-1.567,0.27
-1.61,-1.422
-1.7,-0.193
-1.828,0.67
-1.873,-2.314
-1.926,-0.606
-2.054,0.172
-2.087,-0.424
-2.138,-0.181
-2.178,0.102
-2.069,-2.302
-2.246,1.142
-2.256,0.86
-2.413,0.355
-2.453,-2.237
-2.507,-1.21
-2.423,0.253
-2.571,1.027
-2.513,1.028
-2.843,-2.265
-2.789,-0.199
-2.867,-2.504
-2.945,-0.984
-3.088,0.249
-3.095,0.515
2.997,-0.629
2.867,-1.321
2.817,-0.733
2.609,-0.392
2.614,-1.173
2.5,-0.902
2.243,-1.434
2.29,-0.657
2.272,-0.403
2.148,-1.019
2.067,-1.965
1.919,1.252
1.863,-0.227
1.956,-1.293
1.894,-2.022
1.593,-0.553
1.723,-1.011
1.423,-1.953
1.215,-2.05
1.187,-0.389
1.124,1.035
1.0,-0.989
0.902,0.091
0.869,-1.024
0.759,-0.472
0.694,0.118
0.492,-2.765
-0.165,-2.364
-0.462,-2.528
-0.61,-2.738
-0.595,-2.677
-1.15,-2.525
-1.073,-2.714
-1.439,-2.781
-1.969,-2.598
-2.076,-2.823
-2.817,-2.684
2.808,-2.479
2.099,-2.468
1.971,-2.57
1.048,-2.509
0.871,-2.73
0.183,1.937
-0.309,1.753
-0.581,1.977
-1.297,1.7
-2.069,1.911
-2.49,1.94
-2.38,1.696
2.917,1.781
1.643,1.933
1.294,1.881
1.309,1.671
-1.481,-1.879
2.402,-1.16
-0.071,-1.404
-2.532,0.877
2.48,-0.442
2.315,0.2
1.509,0.32
0.253,0.532
-1.056,0.468
2.545,-0.901
2.184,-0.901
0.539,1.623
1.199,1.476
1.388,-2.288
0.053,2.307
-0.067,3.452
0.02,0.516
-0.143,3.563
-0.241,2.239
-0.341,0.055
-0.393,3.009
-0.421,1.908
-0.506,1.127
-0.443,1.568
-0.497,2.935
-0.859,0.824
-0.824,2.685
-1.021,2.157
-1.037,0.417
-1.05,2.496
-1.302,3.409
-1.387,3.575
-1.489,3.457
-1.48,3.105
-1.532,2.672
-1.642,0.514
-1.628,2.707
-1.637,2.394
-1.665,2.905
-1.753,2.617
-1.756,1.063
-1.736,3.186
-1.812,3.62
-1.904,0.672
-1.86,0.518
-1.958,2.577
-1.957,1.373
-1.97,2.85
-2.024,2.484
-2.076,0.141
-2.022,1.28
-2.101,3.079
-2.054,2.969
-2.077,2.283
-2.14,0.058
-2.277,0.165
-2.207,0.634
-2.276,2.19
-2.273,2.82
-2.404,1.29
-2.398,2.466
-2.424,1.71
-2.449,3.802
-2.464,3.305
-2.446,2.669
-2.484,0.456
-2.559,2.912
-2.67,-0.027
-2.62,2.092
-2.647,2.251
-2.73,3.403
-2.804,2.041
-2.906,1.34
-2.913,2.281
-2.908,3.926
-2.857,2.452
-2.89,2.696
-2.951,0.372
-3.066,1.864
-2.993,3.391
-3.086,2.485
3.091,3.706
3.084,3.417
3.069,2.0
3.021,1.368
2.995,2.196
3.001,3.15
2.91,1.08
2.943,1.203
2.916,2.139
2.923,0.364
2.859,0.587
2.827,2.242
2.76,3.645
2.672,0.931
2.559,-0.103
2.548,0.017
2.572,1.023
2.563,3.428
2.561,0.823
2.449,0.956
2.435,2.684
2.509,3.729
2.473,3.487
2.406,1.018
2.341,2.962
2.351,2.388
2.232,3.778
2.221,2.378
2.135,1.312
2.195,0.174
2.189,2.066
2.161,1.288
2.037,3.602
2.111,0.999
2.109,1.95
2.018,1.41
2.001,1.782
1.991,2.818
1.994,1.038
1.954,2.509
1.866,2.041
1.921,2.296
1.822,1.466
1.811,1.538
1.702,2.195
1.7,1.937
1.754,1.044
1.741,0.031
1.685,3.754
1.595,0.834
1.255,0.607
1.17,0.547
1.135,1.046
1.053,2.882
1.093,2.414
1.072,0.915
1.067,3.514
0.814,1.117
0.327,-0.187
0.137,-0.202
-0.331,-0.368
-1.404,-0.331
-2.161,-0.455
-3.045,-0.304
3.074,-0.217
2.811,-0.464
2.484,-0.182
0.459,3.916
0.167,4.204
-0.135,4.109
-0.203,4.144
-0.559,4.258
-0.582,4.074
-0.905,4.04
-0.956,3.865
-2.101,4.063
-2.285,4.33
-2.239,4.438
-2.761,4.129
2.296,4.242
1.968,4.338
1.951,3.974
1.74,3.961
1.538,3.872
1.597,4.363
2.553,0.206
2.395,2.983
0.215,-0.347
-0.119,-0.161
-0.806,-0.421
-1.452,-0.415
2.508,-0.165
-2.506,4.21
0.588,1.323
0.674,0.097
0.528,1.365
0.528,0.508
0.498,1.415
0.488,0.926
0.527,2.613
0.222,3.575
0.179,2.474
0.118,0.342
0.102,3.877
0.098,0.312
0.223,2.28
0.031,2.716
0.03,0.821
-0.123,2.778
-0.03,1.473
-0.194,2.778
-0.099,2.544
-0.107,0.066
-0.234,1.049
-0.172,2.601
-0.354,2.748
-0.492,2.328
-0.511,0.05
-0.41,3.736
-0.456,-0.089
-0.572,2.374
-0.581,1.971
-0.713,3.408
-0.72,2.535
-0.618,2.143
-0.786,3.406
-0.804,3.727
-0.941,3.719
-0.948,-0.075
-1.098,1.823
-1.101,2.506
-1.098,1.19
-1.347,0.465
-1.546,2.616
-1.589,0.924
-1.679,2.153
-1.807,3.016
-1.852,0.032
-1.905,1.74
-2.033,2.518
-2.066,1.922
-2.117,2.165
-2.157,2.448
-2.048,0.044
-2.225,3.488
-2.235,3.206
-2.392,2.701
-2.432,0.109
-2.486,1.136
-2.402,2.599
-2.55,3.373
-2.492,3.374
-2.822,0.081
-2.768,2.147
-2.846,-0.158
-2.924,1.362
-3.067,2.595
-3.074,2.861
3.018,1.717
2.888,1.025
2.838,1.613
2.63,1.954
2.635,1.173
2.521,1.444
2.264,0.912
2.311,1.689
2.293,1.943
2.169,1.327
2.088,0.381
1.94,3.598
1.884,2.119
1.977,1.053
1.915,0.324
1.614,1.793
1.744,1.335
1.444,0.393
1.236,0.296
1.208,1.957
1.145,3.381
1.021,1.357
0.923,2.437
0.89,1.322
0.78,1.874
0.715,2.464
0.513,-0.419
-0.144,-0.018
-0.441,-0.182
-0.589,-0.392
-0.574,-0.331
-1.129,-0.179
-1.052,-0.368
-1.418,-0.435
-1.948,-0.252
-2.055,-0.477
-2.796,-0.338
2.829,-0.133
2.12,-0.122
1.992,-0.224
1.069,-0.163
0.892,-0.384
0.204,4.283
-0.288,4.099
-0.56,4.323
-1.276,4.046
-2.048,4.257
-2.469,4.286
-2.359,4.042
2.938,4.127
1.664,4.279
1.315,4.227
1.33,4.017
-1.46,0.467
2.423,1.186
-0.05,0.942
-2.511,3.223
2.501,1.904
2.336,2.546
1.53,2.666
0.274,2.878
-1.035,2.814
2.566,1.445
2.205,1.445
0.56,3.969
1.22,3.822
1.409,0.058
-0.12,1.145
-0.033,-1.791
-0.196,1.256
-0.294,-0.068
-0.394,-2.252
-0.446,0.702
-0.474,-0.399
-0.559,-1.18
-0.496,-0.739
-0.55,0.628
-0.912,-1.483
-0.877,0.378
-1.074,-0.15
-1.09,-1.89
-1.103,0.189
-1.355,1.102
-1.44,1.268
-1.542,1.15
-1.533,0.798
-1.585,0.365
-1.695,-1.793
-1.681,0.4
-1.69,0.087
-1.718,0.598
-1.806,0.31
-1.809,-1.244
-1.789,0.879
-1.865,1.313
-1.957,-1.635
-1.913,-1.789
-2.011,0.27
-2.01,-0.934
-2.023,0.543
-2.077,0.177
-2.129,-2.166
-2.075,-1.027
-2.154,0.772
-2.107,0.662
-2.13,-0.024
-2.193,-2.249
-2.33,-2.142
-2.26,-1.673
-2.329,-0.117
-2.326,0.513
-2.457,-1.017
-2.451,0.159
-2.477,-0.597
-2.502,1.495
-2.517,0.998
-2.499,0.362
-2.537,-1.851
-2.612,0.605
-2.723,-2.334
-2.673,-0.215
-2.7,-0.056
-2.783,1.096
-2.857,-0.266
-2.959,-0.967
-2.966,-0.026
-2.961,1.619
-2.91,0.145
-2.943,0.389
-3.004,-1.935
-3.119,-0.443
-3.046,1.084
-3.139,0.178
3.038,1.399
3.031,1.11
3.016,-0.307
2.968,-0.939
2.942,-0.111
2.948,0.843
2.857,-1.227
2.89,-1.104
2.863,-0.168
2.87,-1.943
2.806,-1.72
2.774,-0.065
2.707,1.338
2.619,-1.376
2.506,-2.41
2.495,-2.29
2.519,-1.284
2.51,1.121
2.508,-1.484
2.396,-1.351
2.382,0.377
2.456,1.422
2.42,1.18
2.353,-1.289
2.288,0.655
2.298,0.081
2.179,1.471
2.168,0.071
2.082,-0.995
2.142,-2.133
2.136,-0.241
2.108,-1.019
1.984,1.295
2.058,-1.308
2.056,-0.357
1.965,-0.897
1.948,-0.525
1.938,0.511
1.941,-1.269
1.901,0.202
1.813,-0.266
1.868,-0.011
1.769,-0.841
1.758,-0.769
1.649,-0.112
1.647,-0.37
1.701,-1.263
1.688,-2.276
1.632,1.447
1.542,-1.473
1.202,-1.7
1.117,-1.76
1.082,-1.261
1.0,0.575
1.04,0.107
1.019,-1.392
1.014,1.207
0.761,-1.19
0.274,-2.494
0.084,-2.509
-0.384,-2.675
-1.457,-2.638
-2.214,-2.762
-3.098,-2.611
3.021,-2.524
2.758,-2.771
2.431,-2.489
0.406,1.609
0.114,1.897
-0.188,1.802
-0.256,1.837
-0.612,1.951
-0.635,1.767
-0.958,1.733
-1.009,1.558
-2.154,1.756
-2.338,2.023
-2.292,2.131
-2.814,1.822
2.243,1.935
1.915,2.031
1.898,1.667
1.687,1.654
1.485,1.565
1.544,2.056
2.5,-2.101
2.342,0.676
0.162,-2.654
-0.172,-2.468
-0.859,-2.728
-1.505,-2.722
2.455,-2.472
-2.559,1.903
0.535,-0.984
0.621,-2.21
0.475,-0.942
0.475,-1.799
0.445,-0.892
0.435,-1.381
0.474,0.306
0.169,1.268
0.126,0.167
0.065,-1.965
0.049,1.57
0.045,-1.995
0.17,-0.027
-0.022,0.409
-0.023,-1.486
-0.176,0.471
-0.083,-0.834
-0.247,0.471
-0.152,0.237
-0.16,-2.241
-0.287,-1.258
-0.225,0.294
-0.407,0.441
-0.545,0.021
-0.564,-2.257
-0.463,1.429
-0.509,-2.396
-0.625,0.067
-0.634,-0.336
-0.766,1.101
-0.773,0.228
-0.671,-0.164
-0.839,1.099
-0.857,1.42
-0.994,1.412
-1.001,-2.382
-1.151,-0.484
-1.154,0.199
-1.151,-1.117
-1.4,-1.842
-1.599,0.309
-1.642,-1.383
-1.732,-0.154
-1.86,0.709
-1.905,-2.275
-1.958,-0.567
-2.086,0.211
-2.119,-0.385
-2.17,-0.142
-2.21,0.141
-2.101,-2.263
-2.278,1.181
-2.288,0.899
-2.445,0.394
-2.485,-2.198
-2.539,-1.171
-2.455,0.292
-2.603,1.066
-2.545,1.067
-2.875,-2.226
-2.821,-0.16
-2.899,-2.465
-2.977,-0.945
-3.12,0.288
-3.127,0.554
2.965,-0.59
2.835,-1.282
2.785,-0.694
2.577,-0.353
2.582,-1.134
2.468,-0.863
2.211,-1.395
2.258,-0.618
2.24,-0.364
2.116,-0.98
2.035,-1.926
1.887,1.291
1.831,-0.188
1.924,-1.254
1.862,-1.983
1.561,-0.514
1.691,-0.972
1.391,-1.914
1.183,-2.011
1.155,-0.35
1.092,1.074
0.968,-0.95
0.87,0.13
0.837,-0.985
0.727,-0.433
0.662,0.157
0.46,-2.726
-0.197,-2.325
-0.494,-2.489
-0.642,-2.699
-0.627,-2.638
-1.182,-2.486
-1.105,-2.675
-1.471,-2.742
-2.001,-2.559
-2.108,-2.784
-2.849,-2.645
2.776,-2.44
2.067,-2.429
1.939,-2.531
1.016,-2.47
0.839,-2.691
0.151,1.976
-0.341,1.792
-0.613,2.016
-1.329,1.739
-2.101,1.95
-2.522,1.979
-2.412,1.735
2.885,1.82
1.611,1.972
1.262,1.92
1.277,1.71
-1.513,-1.84
2.37,-1.121
-0.103,-1.365
-2.564,0.916
2.448,-0.403
2.283,0.239
1.477,0.359
0.221,0.571
-1.088,0.507
2.513,-0.862
2.152,-0.862
0.507,1.662
1.167,1.515
1.356,-2.249
0.087,-2.936
-0.076,0.111
-0.174,-1.213
-0.274,-3.397
-0.326,-0.443
-0.354,-1.544
-0.439,-2.325
-0.376,-1.884
-0.43,-0.517
-0.792,-2.628
-0.757,-0.767
-0.954,-1.295
-0.97,-3.035
-0.983,-0.956
-1.235,-0.043
-1.32,0.123
-1.422,0.005
-1.413,-0.347
-1.465,-0.78
-1.575,-2.938
-1.561,-0.745
-1.57,-1.058
-1.598,-0.547
-1.686,-0.835
-1.689,-2.389
-1.669,-0.266
-1.745,0.168
-1.837,-2.78
-1.793,-2.934
-1.891,-0.875
-1.89,-2.079
-1.903,-0.602
-1.957,-0.968
-2.009,-3.311
-1.955,-2.172
-2.034,-0.373
-1.987,-0.483
-2.01,-1.169
-2.073,-3.394
-2.21,-3.287
-2.14,-2.818
-2.209,-1.262
-2.206,-0.632
-2.337,-2.162
-2.331,-0.986
-2.357,-1.742
-2.382,0.35
-2.397,-0.147
-2.379,-0.783
-2.417,-2.996
-2.492,-0.54
-2.603,-3.479
-2.553,-1.36
-2.58,-1.201
-2.663,-0.049
-2.737,-1.411
-2.839,-2.112
-2.846,-1.171
-2.841,0.474
-2.79,-1.0
-2.823,-0.756
-2.884,-3.08
-2.999,-1.588
-2.926,-0.061
-3.019,-0.967
-3.125,0.254
-3.132,-0.035
3.136,-1.452
3.088,-2.084
3.062,-1.256
3.068,-0.302
2.977,-2.372
3.01,-2.249
2.983,-1.313
2.99,-3.088
2.926,-2.865
2.894,-1.21
2.827,0.193
2.739,-2.521
2.626,-3.555
2.615,-3.435
2.639,-2.429
2.63,-0.024
2.628,-2.629
2.516,-2.496
2.502,-0.768
2.576,0.277
2.54,0.035
2.473,-2.434
2.408,-0.49
2.418,-1.064
2.299,0.326
2.288,-1.074
2.202,-2.14
2.262,-3.278
2.256,-1.386
2.228,-2.164
2.104,0.15
2.178,-2.453
2.176,-1.502
2.085,-2.042
2.068,-1.67
2.058,-0.634
2.061,-2.414
2.021,-0.943
1.933,-1.411
1.988,-1.156
1.889,-1.986
1.878,-1.914
1.769,-1.257
1.767,-1.515
1.821,-2.408
1.808,-3.421
1.752,0.302
1.662,-2.618
1.322,-2.845
1.237,-2.905
1.202,-2.406
1.12,-0.57
1.16,-1.038
1.139,-2.537
1.134,0.062
0.881,-2.335
0.394,-3.639
0.204,-3.654
-0.264,-3.82
-1.337,-3.783
-2.094,-3.907
-2.978,-3.756
3.141,-3.669
2.878,-3.916
2.551,-3.634
0.526,0.464
0.234,0.752
-0.068,0.657
-0.136,0.692
-0.492,0.806
-0.515,0.622
-0.838,0.588
-0.889,0.413
-2.034,0.611
-2.218,0.878
-2.172,0.986
-2.694,0.677
2.363,0.79
2.035,0.886
2.018,0.522
1.807,0.509
1.605,0.42
1.664,0.911
2.62,-3.246
2.462,-0.469
0.282,-3.799
-0.052,-3.613
-0.739,-3.873
-1.385,-3.867
2.575,-3.617
-2.439,0.758
0.655,-2.129
0.741,-3.355
0.595,-2.087
0.595,-2.944
0.565,-2.037
0.555,-2.526
0.594,-0.839
0.289,0.123
0.246,-0.978
0.185,-3.11
0.169,0.425
0.165,-3.14
0.29,-1.172
0.098,-0.736
0.097,-2.631
-0.056,-0.674
0.037,-1.979
-0.127,-0.674
-0.032,-0.908
-0.04,-3.386
-0.167,-2.403
-0.105,-0.851
-0.287,-0.704
-0.425,-1.124
-0.444,-3.402
-0.343,0.284
-0.389,-3.541
-0.505,-1.078
-0.514,-1.481
-0.646,-0.044
-0.653,-0.917
-0.551,-1.309
-0.719,-0.046
-0.737,0.275
-0.874,0.267
-0.881,-3.527
-1.031,-1.629
-1.034,-0.946
-1.031,-2.262
-1.28,-2.987
-1.479,-0.836
-1.522,-2.528
-1.612,-1.299
-1.74,-0.436
-1.785,-3.42
-1.838,-1.712
-1.966,-0.934
-1.999,-1.53
-2.05,-1.287
-2.09,-1.004
-1.981,-3.408
-2.158,0.036
-2.168,-0.246
-2.325,-0.751
-2.365,-3.343
-2.419,-2.316
-2.335,-0.853
-2.483,-0.079
-2.425,-0.078
-2.755,-3.371
-2.701,-1.305
-2.779,-3.61
-2.857,-2.09
-3.0,-0.857
-3.007,-0.591
3.085,-1.735
2.955,-2.427
2.905,-1.839
2.697,-1.498
2.702,-2.279
2.588,-2.008
2.331,-2.54
2.378,-1.763
2.36,-1.509
2.236,-2.125
2.155,-3.071
2.007,0.146
1.951,-1.333
2.044,-2.399
1.982,-3.128
1.681,-1.659
1.811,-2.117
1.511,-3.059
1.303,-3.156
1.275,-1.495
1.212,-0.071
1.088,-2.095
0.99,-1.015
0.957,-2.13
0.847,-1.578
0.782,-0.988
0.58,-3.871
-0.077,-3.47
-0.374,-3.634
-0.522,-3.844
-0.507,-3.783
-1.062,-3.631
-0.985,-3.82
-1.351,-3.887
-1.881,-3.704
-1.988,-3.929
-2.729,-3.79
2.896,-3.585
2.187,-3.574
2.059,-3.676
1.136,-3.615
0.959,-3.836
0.271,0.831
-0.221,0.647
-0.493,0.871
-1.209,0.594
-1.981,0.805
-2.402,0.834
-2.292,0.59
3.005,0.675
1.731,0.827
1.382,0.775
1.397,0.565
-1.393,-2.985
2.49,-2.266
0.017,-2.51
-2.444,-0.229
2.568,-1.548
2.403,-0.906
1.597,-0.786
0.341,-0.574
-0.968,-0.638
2.633,-2.007
2.272,-2.007
0.627,0.517
1.287,0.37
1.476,-3.394
-0.163,3.047
-0.261,1.723
-0.361,-0.461
-0.413,2.493
-0.441,1.392
-0.526,0.611
-0.463,1.052
-0.517,2.419
-0.879,0.308
-0.844,2.169
-1.041,1.641
-1.057,-0.099
-1.07,1.98
-1.322,2.893
-1.407,3.059
-1.509,2.941
-1.5,2.589
-1.552,2.156
-1.662,-0.002
-1.648,2.191
-1.657,1.878
-1.685,2.389
-1.773,2.101
-1.776,0.547
-1.756,2.67
-1.832,3.104
-1.924,0.156
-1.88,0.002
-1.978,2.061
-1.977,0.857
-1.99,2.334
-2.044,1.968
-2.096,-0.375
-2.042,0.764
-2.121,2.563
-2.074,2.453
-2.097,1.767
-2.16,-0.458
-2.297,-0.351
-2.227,0.118
-2.296,1.674
-2.293,2.304
-2.424,0.774
-2.418,1.95
-2.444,1.194
-2.469,3.286
-2.484,2.789
-2.466,2.153
-2.504,-0.06
-2.579,2.396
-2.69,-0.543
-2.64,1.576
-2.667,1.735
-2.75,2.887
-2.824,1.525
-2.926,0.824
-2.933,1.765
-2.928,3.41
-2.877,1.936
-2.91,2.18
-2.971,-0.144
-3.086,1.348
-3.013,2.875
-3.106,1.969
3.071,3.19
3.064,2.901
3.049,1.484
3.001,0.852
2.975,1.68
2.981,2.634
2.89,0.564
2.923,0.687
2.896,1.623
2.903,-0.152
2.839,0.071
2.807,1.726
2.74,3.129
2.652,0.415
2.539,-0.619
2.528,-0.499
2.552,0.507
2.543,2.912
2.541,0.307
2.429,0.44
2.415,2.168
2.489,3.213
2.453,2.971
2.386,0.502
2.321,2.446
2.331,1.872
2.212,3.262
2.201,1.862
2.115,0.796
2.175,-0.342
2.169,1.55
2.141,0.772
2.017,3.086
2.091,0.483
2.089,1.434
1.998,0.894
1.981,1.266
1.971,2.302
1.974,0.522
1.934,1.993
1.846,1.525
1.901,1.78
1.802,0.95
1.791,1.022
1.682,1.679
1.68,1.421
1.734,0.528
1.721,-0.485
1.665,3.238
1.575,0.318
1.235,0.091
1.15,0.031
1.115,0.53
1.033,2.366
1.073,1.898
1.052,0.399
1.047,2.998
0.794,0.601
0.307,-0.703
0.117,-0.718
-0.351,-0.884
-1.424,-0.847
-2.181,-0.971
-3.065,-0.82
3.054,-0.733
2.791,-0.98
2.464,-0.698
0.439,3.4
0.147,3.688
-0.155,3.593
-0.223,3.628
-0.579,3.742
-0.602,3.558
-0.925,3.524
-0.976,3.349
-2.121,3.547
-2.305,3.814
-2.259,3.922
-2.781,3.613
2.276,3.726
1.948,3.822
1.931,3.458
1.72,3.445
1.518,3.356
1.577,3.847
2.533,-0.31
2.375,2.467
0.195,-0.863
-0.139,-0.677
-0.826,-0.937
-1.472,-0.931
2.488,-0.681
-2.526,3.694
0.568,0.807
0.654,-0.419
0.508,0.849
0.508,-0.008
0.478,0.899
0.468,0.41
0.507,2.097
0.202,3.059
0.159,1.958
0.098,-0.174
0.082,3.361
0.078,-0.204
0.203,1.764
0.011,2.2
0.01,0.305
-0.143,2.262
-0.05,0.957
-0.214,2.262
-0.119,2.028
-0.127,-0.45
-0.254,0.533
-0.192,2.085
-0.374,2.232
-0.512,1.812
-0.531,-0.466
-0.43,3.22
-0.476,-0.605
-0.592,1.858
-0.601,1.455
-0.733,2.892
-0.74,2.019
-0.638,1.627
-0.806,2.89
-0.824,3.211
-0.961,3.203
-0.968,-0.591
-1.118,1.307
-1.121,1.99
-1.118,0.674
-1.367,-0.051
-1.566,2.1
-1.609,0.408
-1.699,1.637
-1.827,2.5
-1.872,-0.484
-1.925,1.224
-2.053,2.002
-2.086,1.406
-2.137,1.649
-2.177,1.932
-2.068,-0.472
-2.245,2.972
-2.255,2.69
-2.412,2.185
-2.452,-0.407
-2.506,0.62
-2.422,2.083
-2.57,2.857
-2.512,2.858
-2.842,-0.435
-2.788,1.631
-2.866,-0.674
-2.944,0.846
-3.087,2.079
-3.094,2.345
2.998,1.201
2.868,0.509
2.818,1.097
2.61,1.438
2.615,0.657
2.501,0.928
2.244,0.396
2.291,1.173
2.273,1.427
2.149,0.811
2.068,-0.135
1.92,3.082
1.864,1.603
1.957,0.537
1.895,-0.192
1.594,1.277
1.724,0.819
1.424,-0.123
1.216,-0.22
1.188,1.441
1.125,2.865
1.001,0.841
0.903,1.921
0.87,0.806
0.76,1.358
0.695,1.948
0.493,-0.935
-0.164,-0.534
-0.461,-0.698
-0.609,-0.908
-0.594,-0.847
-1.149,-0.695
-1.072,-0.884
-1.438,-0.951
-1.968,-0.768
-2.075,-0.993
-2.816,-0.854
2.809,-0.649
2.1,-0.638
1.972,-0.74
1.049,-0.679
0.872,-0.9
0.184,3.767
-0.308,3.583
-0.58,3.807
-1.296,3.53
-2.068,3.741
-2.489,3.77
-2.379,3.526
2.918,3.611
1.644,3.763
1.295,3.711
1.31,3.501
-1.48,-0.049
2.403,0.67
-0.07,0.426
-2.531,2.707
2.481,1.388
2.316,2.03
1.51,2.15
0.254,2.362
-1.055,2.298
2.546,0.929
2.185,0.929
0.54,3.453
1.2,3.306
1.389,-0.458
-0.098,-1.324
-0.198,-3.508
-0.25,-0.554
-0.278,-1.655
-0.363,-2.436
-0.3,-1.995
-0.354,-0.628
-0.716,-2.739
-0.681,-0.878
-0.878,-1.406
-0.894,-3.146
-0.907,-1.067
-1.159,-0.154
-1.244,0.012
-1.346,-0.106
-1.337,-0.458
-1.389,-0.891
-1.499,-3.049
-1.485,-0.856
-1.494,-1.169
-1.522,-0.658
-1.61,-0.946
-1.613,-2.5
-1.593,-0.377
-1.669,0.057
-1.761,-2.891
-1.717,-3.045
-1.815,-0.986
-1.814,-2.19
-1.827,-0.713
-1.881,-1.079
-1.933,-3.422
-1.879,-2.283
-1.958,-0.484
-1.911,-0.594
-1.934,-1.28
-1.997,-3.505
-2.134,-3.398
-2.064,-2.929
-2.133,-1.373
-2.13,-0.743
-2.261,-2.273
-2.255,-1.097
-2.281,-1.853
-2.306,0.239
-2.321,-0.258
-2.303,-0.894
-2.341,-3.107
-2.416,-0.651
-2.527,-3.59
-2.477,-1.471
-2.504,-1.312
-2.587,-0.16
-2.661,-1.522
-2.763,-2.223
-2.77,-1.282
-2.765,0.363
-2.714,-1.111
-2.747,-0.867
-2.808,-3.191
-2.923,-1.699
-2.85,-0.172
-2.943,-1.078
-3.049,0.143
-3.056,-0.146
-3.071,-1.563
-3.119,-2.195
3.138,-1.367
-3.139,-0.413
3.053,-2.483
3.086,-2.36
3.059,-1.424
3.066,-3.199
3.002,-2.976
2.97,-1.321
2.903,0.082
2.815,-2.632
2.702,-3.666
2.691,-3.546
2.715,-2.54
2.706,-0.135
2.704,-2.74
2.592,-2.607
2.578,-0.879
2.652,0.166
2.616,-0.076
2.549,-2.545
2.484,-0.601
2.494,-1.175
2.375,0.215
2.364,-1.185
2.278,-2.251
2.338,-3.389
2.332,-1.497
2.304,-2.275
2.18,0.039
2.254,-2.564
2.252,-1.613
2.161,-2.153
2.144,-1.781
2.134,-0.745
2.137,-2.525
2.097,-1.054
2.009,-1.522
2.064,-1.267
1.965,-2.097
1.954,-2.025
1.845,-1.368
1.843,-1.626
1.897,-2.519
1.884,-3.532
1.828,0.191
1.738,-2.729
1.398,-2.956
1.313,-3.016
1.278,-2.517
1.196,-0.681
1.236,-1.149
1.215,-2.648
1.21,-0.049
0.957,-2.446
0.47,-3.75
0.28,-3.765
-0.188,-3.931
-1.261,-3.894
-2.018,-4.018
-2.902,-3.867
-3.066,-3.78
2.954,-4.027
2.627,-3.745
0.602,0.353
0.31,0.641
0.008,0.546
-0.06,0.581
-0.416,0.695
-0.439,0.511
-0.762,0.477
-0.813,0.302
-1.958,0.5
-2.142,0.767
-2.096,0.875
-2.618,0.566
2.439,0.679
2.111,0.775
2.094,0.411
1.883,0.398
1.681,0.309
1.74,0.8
2.696,-3.357
2.538,-0.58
0.358,-3.91
0.024,-3.724
-0.663,-3.984
-1.309,-3.978
2.651,-3.728
-2.363,0.647
0.731,-2.24
0.817,-3.466
0.671,-2.198
0.671,-3.055
0.641,-2.148
0.631,-2.637
0.67,-0.95
0.365,0.012
0.322,-1.089
0.261,-3.221
0.245,0.314
0.241,-3.251
0.366,-1.283
0.174,-0.847
0.173,-2.742
0.02,-0.785
0.113,-2.09
-0.051,-0.785
0.044,-1.019
0.036,-3.497
-0.091,-2.514
-0.029,-0.962
-0.211,-0.815
-0.349,-1.235
-0.368,-3.513
-0.267,0.173
-0.313,-3.652
-0.429,-1.189
-0.438,-1.592
-0.57,-0.155
-0.577,-1.028
-0.475,-1.42
-0.643,-0.157
-0.661,0.164
-0.798,0.156
-0.805,-3.638
-0.955,-1.74
-0.958,-1.057
-0.955,-2.373
-1.204,-3.098
-1.403,-0.947
-1.446,-2.639
-1.536,-1.41
-1.664,-0.547
-1.709,-3.531
-1.762,-1.823
-1.89,-1.045
-1.923,-1.641
-1.974,-1.398
-2.014,-1.115
-1.905,-3.519
-2.082,-0.075
-2.092,-0.357
-2.249,-0.862
-2.289,-3.454
-2.343,-2.427
-2.259,-0.964
-2.407,-0.19
-2.349,-0.189
-2.679,-3.482
-2.625,-1.416
-2.703,-3.721
-2.781,-2.201
-2.924,-0.968
-2.931,-0.702
-3.122,-1.846
3.031,-2.538
2.981,-1.95
2.773,-1.609
2.778,-2.39
2.664,-2.119
2.407,-2.651
2.454,-1.874
2.436,-1.62
2.312,-2.236
2.231,-3.182
2.083,0.035
2.027,-1.444
2.12,-2.51
2.058,-3.239
1.757,-1.77
1.887,-2.228
1.587,-3.17
1.379,-3.267
1.351,-1.606
1.288,-0.182
1.164,-2.206
1.066,-1.126
1.033,-2.241
0.923,-1.689
0.858,-1.099
0.656,-3.982
-0.001,-3.581
-0.298,-3.745
-0.446,-3.955
-0.431,-3.894
-0.986,-3.742
-0.909,-3.931
-1.275,-3.998
-1.805,-3.815
-1.912,-4.04
-2.653,-3.901
2.972,-3.696
2.263,-3.685
2.135,-3.787
1.212,-3.726
1.035,-3.947
0.347,0.72
-0.145,0.536
-0.417,0.76
-1.133,0.483
-1.905,0.694
-2.326,0.723
-2.216,0.479
3.081,0.564
1.807,0.716
1.458,0.664
1.473,0.454
-1.317,-3.096
2.566,-2.377
0.093,-2.621
-2.368,-0.34
2.644,-1.659
2.479,-1.017
1.673,-0.897
0.417,-0.685
-0.892,-0.749
2.709,-2.118
2.348,-2.118
0.703,0.406
1.363,0.259
1.552,-3.505
-0.1,-2.184
-0.152,0.77
-0.18,-0.331
-0.265,-1.112
-0.202,-0.671
-0.256,0.696
-0.618,-1.415
-0.583,0.446
-0.78,-0.082
-0.796,-1.822
-0.809,0.257
-1.061,1.17
-1.146,1.336
-1.248,1.218
-1.239,0.866
-1.291,0.433
-1.401,-1.725
-1.387,0.468
-1.396,0.155
-1.424,0.666
-1.512,0.378
-1.515,-1.176
-1.495,0.947
-1.571,1.381
-1.663,-1.567
-1.619,-1.721
-1.717,0.338
-1.716,-0.866
-1.729,0.611
-1.783,0.245
-1.835,-2.098
-1.781,-0.959
-1.86,0.84
-1.813,0.73
-1.836,0.044
-1.899,-2.181
-2.036,-2.074
-1.966,-1.605
-2.035,-0.049
-2.032,0.581
-2.163,-0.949
-2.157,0.227
-2.183,-0.529
-2.208,1.563
-2.223,1.066
-2.205,0.43
-2.243,-1.783
-2.318,0.673
-2.429,-2.266
-2.379,-0.147
-2.406,0.012
-2.489,1.164
-2.563,-0.198
-2.665,-0.899
-2.672,0.042
-2.667,1.687
-2.616,0.213
-2.649,0.457
-2.71,-1.867
-2.825,-0.375
-2.752,1.152
-2.845,0.246
-2.951,1.467
-2.958,1.178
-2.973,-0.239
-3.021,-0.871
-3.047,-0.043
-3.041,0.911
-3.132,-1.159
-3.099,-1.036
-3.126,-0.1
-3.119,-1.875
3.1,-1.652
3.068,0.003
3.001,1.406
2.913,-1.308
2.8,-2.342
2.789,-2.222
2.813,-1.216
2.804,1.189
2.802,-1.416
2.69,-1.283
2.676,0.445
2.75,1.49
2.714,1.248
2.647,-1.221
2.582,0.723
2.592,0.149
2.473,1.539
2.462,0.139
2.376,-0.927
2.436,-2.065
2.43,-0.173
2.402,-0.951
2.278,1.363
2.352,-1.24
2.35,-0.289
2.259,-0.829
2.242,-0.457
2.232,0.579
2.235,-1.201
2.195,0.27
2.107,-0.198
2.162,0.057
2.063,-0.773
2.052,-0.701
1.943,-0.044
1.941,-0.302
1.995,-1.195
1.982,-2.208
1.926,1.515
1.836,-1.405
1.496,-1.632
1.411,-1.692
1.376,-1.193
1.294,0.643
1.334,0.175
1.313,-1.324
1.308,1.275
1.055,-1.122
0.568,-2.426
0.378,-2.441
-0.09,-2.607
-1.163,-2.57
-1.92,-2.694
-2.804,-2.543
-2.968,-2.456
3.052,-2.703
2.725,-2.421
0.7,1.677
0.408,1.965
0.106,1.87
0.038,1.905
-0.318,2.019
-0.341,1.835
-0.664,1.801
-0.715,1.626
-1.86,1.824
-2.044,2.091
-1.998,2.199
-2.52,1.89
2.537,2.003
2.209,2.099
2.192,1.735
1.981,1.722
1.779,1.633
1.838,2.124
2.794,-2.033
2.636,0.744
0.456,-2.586
0.122,-2.4
-0.565,-2.66
-1.211,-2.654
2.749,-2.404
-2.265,1.971
0.829,-0.916
0.915,-2.142
0.769,-0.874
0.769,-1.731
0.739,-0.824
0.729,-1.313
0.768,0.374
0.463,1.336
0.42,0.235
0.359,-1.897
0.343,1.638
0.339,-1.927
0.464,0.041
0.272,0.477
0.271,-1.418
0.118,0.539
0.211,-0.766
0.047,0.539
0.142,0.305
0.134,-2.173
0.007,-1.19
0.069,0.362
-0.113,0.509
-0.251,0.089
-0.27,-2.189
-0.169,1.497
-0.215,-2.328
-0.331,0.135
-0.34,-0.268
-0.472,1.169
-0.479,0.296
-0.377,-0.096
-0.545,1.167
-0.563,1.488
-0.7,1.48
-0.707,-2.314
-0.857,-0.416
-0.86,0.267
-0.857,-1.049
-1.106,-1.774
-1.305,0.377
-1.348,-1.315
-1.438,-0.086
-1.566,0.777
-1.611,-2.207
-1.664,-0.499
-1.792,0.279
-1.825,-0.317
-1.876,-0.074
-1.916,0.209
-1.807,-2.195
-1.984,1.249
-1.994,0.967
-2.151,0.462
-2.191,-2.13
-2.245,-1.103
-2.161,0.36
-2.309,1.134
-2.251,1.135
-2.581,-2.158
-2.527,-0.092
-2.605,-2.397
-2.683,-0.877
-2.826,0.356
-2.833,0.622
-3.024,-0.522
3.129,-1.214
3.079,-0.626
2.871,-0.285
2.876,-1.066
2.762,-0.795
2.505,-1.327
2.552,-0.55
2.534,-0.296
2.41,-0.912
2.329,-1.858
2.181,1.359
2.125,-0.12
2.218,-1.186
2.156,-1.915
1.855,-0.446
1.985,-0.904
1.685,-1.846
1.477,-1.943
1.449,-0.282
1.386,1.142
1.262,-0.882
1.164,0.198
1.131,-0.917
1.021,-0.365
0.956,0.225
0.754,-2.658
0.097,-2.257
-0.2,-2.421
-0.348,-2.631
-0.333,-2.57
-0.888,-2.418
-0.811,-2.607
-1.177,-2.674
-1.707,-2.491
-1.814,-2.716
-2.555,-2.577
3.07,-2.372
2.361,-2.361
2.233,-2.463
1.31,-2.402
1.133,-2.623
0.445,2.044
-0.047,1.86
-0.319,2.084
-1.035,1.807
-1.807,2.018
-2.228,2.047
-2.118,1.803
-3.104,1.888
1.905,2.04
1.556,1.988
1.571,1.778
-1.219,-1.772
2.664,-1.053
0.191,-1.297
-2.27,0.984
2.742,-0.335
2.577,0.307
1.771,0.427
0.515,0.639
-0.794,0.575
2.807,-0.794
2.446,-0.794
0.801,1.73
1.461,1.583
1.65,-2.181
-0.052,2.954
-0.08,1.853
-0.165,1.072
-0.102,1.513
-0.156,2.88
-0.518,0.769
-0.483,2.63
-0.68,2.102
-0.696,0.362
-0.709,2.441
-0.961,3.354
-1.046,3.52
-1.148,3.402
-1.139,3.05
-1.191,2.617
-1.301,0.459
-1.287,2.652
-1.296,2.339
-1.324,2.85
-1.412,2.562
-1.415,1.008
-1.395,3.131
-1.471,3.565
-1.563,0.617
-1.519,0.463
-1.617,2.522
-1.616,1.318
-1.629,2.795
-1.683,2.429
-1.735,0.086
-1.681,1.225
-1.76,3.024
-1.713,2.914
-1.736,2.228
-1.799,0.003
-1.936,0.11
-1.866,0.579
-1.935,2.135
-1.932,2.765
-2.063,1.235
-2.057,2.411
-2.083,1.655
-2.108,3.747
-2.123,3.25
-2.105,2.614
-2.143,0.401
-2.218,2.857
-2.329,-0.082
-2.279,2.037
-2.306,2.196
-2.389,3.348
-2.463,1.986
-2.565,1.285
-2.572,2.226
-2.567,3.871
-2.516,2.397
-2.549,2.641
-2.61,0.317
-2.725,1.809
-2.652,3.336
-2.745,2.43
-2.851,3.651
-2.858,3.362
-2.873,1.945
-2.921,1.313
-2.947,2.141
-2.941,3.095
-3.032,1.025
-2.999,1.148
-3.026,2.084
-3.019,0.309
-3.083,0.532
-3.115,2.187
3.101,3.59
3.013,0.876
2.9,-0.158
2.889,-0.038
2.913,0.968
2.904,3.373
2.902,0.768
2.79,0.901
2.776,2.629
2.85,3.674
2.814,3.432
2.747,0.963
2.682,2.907
2.692,2.333
2.573,3.723
2.562,2.323
2.476,1.257
2.536,0.119
2.53,2.011
2.502,1.233
2.378,3.547
2.452,0.944
2.45,1.895
2.359,1.355
2.342,1.727
2.332,2.763
2.335,0.983
2.295,2.454
2.207,1.986
2.262,2.241
2.163,1.411
2.152,1.483
2.043,2.14
2.041,1.882
2.095,0.989
2.082,-0.024
2.026,3.699
1.936,0.779
1.596,0.552
1.511,0.492
1.476,0.991
1.394,2.827
1.434,2.359
1.413,0.86
1.408,3.459
1.155,1.062
0.668,-0.242
0.478,-0.257
0.01,-0.423
-1.063,-0.386
-1.82,-0.51
-2.704,-0.359
-2.868,-0.272
-3.131,-0.519
2.825,-0.237
0.8,3.861
0.508,4.149
0.206,4.054
0.138,4.089
-0.218,4.203
-0.241,4.019
-0.564,3.985
-0.615,3.81
-1.76,4.008
-1.944,4.275
-1.898,4.383
-2.42,4.074
2.637,4.187
2.309,4.283
2.292,3.919
2.081,3.906
1.879,3.817
1.938,4.308
2.894,0.151
2.736,2.928
0.556,-0.402
0.222,-0.216
-0.465,-0.476
-1.111,-0.47
2.849,-0.22
-2.165,4.155
0.929,1.268
1.015,0.042
0.869,1.31
0.869,0.453
0.839,1.36
0.829,0.871
0.868,2.558
0.563,3.52
0.52,2.419
0.459,0.287
0.443,3.822
0.439,0.257
0.564,2.225
0.372,2.661
0.371,0.766
0.218,2.723
0.311,1.418
0.147,2.723
0.242,2.489
0.234,0.011
0.107,0.994
0.169,2.546
-0.013,2.693
-0.151,2.273
-0.17,-0.005
-0.069,3.681
-0.115,-0.144
-0.231,2.319
-0.24,1.916
-0.372,3.353
-0.379,2.48
-0.277,2.088
-0.445,3.351
-0.463,3.672
-0.6,3.664
-0.607,-0.13
-0.757,1.768
-0.76,2.451
-0.757,1.135
-1.006,0.41
-1.205,2.561
-1.248,0.869
-1.338,2.098
-1.466,2.961
-1.511,-0.023
-1.564,1.685
-1.692,2.463
-1.725,1.867
-1.776,2.11
-1.816,2.393
-1.707,-0.011
-1.884,3.433
-1.894,3.151
-2.051,2.646
-2.091,0.054
-2.145,1.081
-2.061,2.544
-2.209,3.318
-2.151,3.319
-2.481,0.026
-2.427,2.092
-2.505,-0.213
-2.583,1.307
-2.726,2.54
-2.733,2.806
-2.924,1.662
-3.054,0.97
-3.104,1.558
2.971,1.899
2.976,1.118
2.862,1.389
2.605,0.857
2.652,1.634
2.634,1.888
2.51,1.272
2.429,0.326
2.281,3.543
2.225,2.064
2.318,0.998
2.256,0.269
1.955,1.738
2.085,1.28
1.785,0.338
1.577,0.241
1.549,1.902
1.486,3.326
1.362,1.302
1.264,2.382
1.231,1.267
1.121,1.819
1.056,2.409
0.854,-0.474
0.197,-0.073
-0.1,-0.237
-0.248,-0.447
-0.233,-0.386
-0.788,-0.234
-0.711,-0.423
-1.077,-0.49
-1.607,-0.307
-1.714,-0.532
-2.455,-0.393
-3.113,-0.188
2.461,-0.177
2.333,-0.279
1.41,-0.218
1.233,-0.439
0.545,4.228
0.053,4.044
-0.219,4.268
-0.935,3.991
-1.707,4.202
-2.128,4.231
-2.018,3.987
-3.004,4.072
2.005,4.224
1.656,4.172
1.671,3.962
-1.119,0.412
2.764,1.131
0.291,0.887
-2.17,3.168
2.842,1.849
2.677,2.491
1.871,2.611
0.615,2.823
-0.694,2.759
2.907,1.39
2.546,1.39
0.901,3.914
1.561,3.767
1.75,0.003
-0.028,-1.101
-0.113,-1.882
-0.05,-1.441
-0.104,-0.074
-0.466,-2.185
-0.431,-0.324
-0.628,-0.852
-0.644,-2.592
-0.657,-0.513
-0.909,0.4
-0.994,0.566
-1.096,0.448
-1.087,0.096
-1.139,-0.337
-1.249,-2.495
-1.235,-0.302
-1.244,-0.615
-1.272,-0.104
-1.36,-0.392
-1.363,-1.946
-1.343,0.177
-1.419,0.611
-1.511,-2.337
-1.467,-2.491
-1.565,-0.432
-1.564,-1.636
-1.577,-0.159
-1.631,-0.525
-1.683,-2.868
-1.629,-1.729
-1.708,0.07
-1.661,-0.04
-1.684,-0.726
-1.747,-2.951
-1.884,-2.844
-1.814,-2.375
-1.883,-0.819
-1.88,-0.189
-2.011,-1.719
-2.005,-0.543
-2.031,-1.299
-2.056,0.793
-2.071,0.296
-2.053,-0.34
-2.091,-2.553
-2.166,-0.097
-2.277,-3.036
-2.227,-0.917
-2.254,-0.758
-2.337,0.394
-2.411,-0.968
-2.513,-1.669
-2.52,-0.728
-2.515,0.917
-2.464,-0.557
-2.497,-0.313
-2.558,-2.637
-2.673,-1.145
-2.6,0.382
-2.693,-0.524
-2.799,0.697
-2.806,0.408
-2.821,-1.009
-2.869,-1.641
-2.895,-0.813
-2.889,0.141
-2.98,-1.929
-2.947,-1.806
-2.974,-0.87
-2.967,-2.645
-3.031,-2.422
-3.063,-0.767
-3.13,0.636
3.065,-2.078
2.952,-3.112
2.941,-2.992
2.965,-1.986
2.956,0.419
2.954,-2.186
2.842,-2.053
2.828,-0.325
2.902,0.72
2.866,0.478
2.799,-1.991
2.734,-0.047
2.744,-0.621
2.625,0.769
2.614,-0.631
2.528,-1.697
2.588,-2.835
2.582,-0.943
2.554,-1.721
2.43,0.593
2.504,-2.01
2.502,-1.059
2.411,-1.599
2.394,-1.227
2.384,-0.191
2.387,-1.971
2.347,-0.5
2.259,-0.968
2.314,-0.713
2.215,-1.543
2.204,-1.471
2.095,-0.814
2.093,-1.072
2.147,-1.965
2.134,-2.978
2.078,0.745
1.988,-2.175
1.648,-2.402
1.563,-2.462
1.528,-1.963
1.446,-0.127
1.486,-0.595
1.465,-2.094
1.46,0.505
1.207,-1.892
0.72,-3.196
0.53,-3.211
0.062,-3.377
-1.011,-3.34
-1.768,-3.464
-2.652,-3.313
-2.816,-3.226
-3.079,-3.473
2.877,-3.191
0.852,0.907
0.56,1.195
0.258,1.1
0.19,1.135
-0.166,1.249
-0.189,1.065
-0.512,1.031
-0.563,0.856
-1.708,1.054
-1.892,1.321
-1.846,1.429
-2.368,1.12
2.689,1.233
2.361,1.329
2.344,0.965
2.133,0.952
1.931,0.863
1.99,1.354
2.946,-2.803
2.788,-0.026
0.608,-3.356
0.274,-3.17
-0.413,-3.43
-1.059,-3.424
2.901,-3.174
-2.113,1.201
0.981,-1.686
1.067,-2.912
0.921,-1.644
0.921,-2.501
0.891,-1.594
0.881,-2.083
0.92,-0.396
0.615,0.566
0.572,-0.535
0.511,-2.667
0.495,0.868
0.491,-2.697
0.616,-0.729
0.424,-0.293
0.423,-2.188
0.27,-0.231
0.363,-1.536
0.199,-0.231
0.294,-0.465
0.286,-2.943
0.159,-1.96
0.221,-0.408
0.039,-0.261
-0.099,-0.681
-0.118,-2.959
-0.017,0.727
-0.063,-3.098
-0.179,-0.635
-0.188,-1.038
-0.32,0.399
-0.327,-0.474
-0.225,-0.866
-0.393,0.397
-0.411,0.718
-0.548,0.71
-0.555,-3.084
-0.705,-1.186
-0.708,-0.503
-0.705,-1.819
-0.954,-2.544
-1.153,-0.393
-1.196,-2.085
-1.286,-0.856
-1.414,0.007
-1.459,-2.977
-1.512,-1.269
-1.64,-0.491
-1.673,-1.087
-1.724,-0.844
-1.764,-0.561
-1.655,-2.965
-1.832,0.479
-1.842,0.197
-1.999,-0.308
-2.039,-2.9
-2.093,-1.873
-2.009,-0.41
-2.157,0.364
-2.099,0.365
-2.429,-2.928
-2.375,-0.862
-2.453,-3.167
-2.531,-1.647
-2.674,-0.414
-2.681,-0.148
-2.872,-1.292
-3.002,-1.984
-3.052,-1.396
3.023,-1.055
3.028,-1.836
2.914,-1.565
2.657,-2.097
2.704,-1.32
2.686,-1.066
2.562,-1.682
2.481,-2.628
2.333,0.589
2.277,-0.89
2.37,-1.956
2.308,-2.685
2.007,-1.216
2.137,-1.674
1.837,-2.616
1.629,-2.713
1.601,-1.052
1.538,0.372
1.414,-1.652
1.316,-0.572
1.283,-1.687
1.173,-1.135
1.108,-0.545
0.906,-3.428
0.249,-3.027
-0.048,-3.191
-0.196,-3.401
-0.181,-3.34
-0.736,-3.188
-0.659,-3.377
-1.025,-3.444
-1.555,-3.261
-1.662,-3.486
-2.403,-3.347
-3.061,-3.142
2.513,-3.131
2.385,-3.233
1.462,-3.172
1.285,-3.393
0.597,1.274
0.105,1.09
-0.167,1.314
-0.883,1.037
-1.655,1.248
-2.076,1.277
-1.966,1.033
-2.952,1.118
2.057,1.27
1.708,1.218
1.723,1.008
-1.067,-2.542
2.816,-1.823
0.343,-2.067
-2.118,0.214
2.894,-1.105
2.729,-0.463
1.923,-0.343
0.667,-0.131
-0.642,-0.195
2.959,-1.564
2.598,-1.564
0.953,0.96
1.613,0.813
1.802,-2.951
-0.085,-0.781
-0.022,-0.34
-0.076,1.027
-0.438,-1.084
-0.403,0.777
-0.6,0.249
-0.616,-1.491
-0.629,0.588
-0.881,1.501
-0.966,1.667
-1.068,1.549
-1.059,1.197
-1.111,0.764
-1.221,-1.394
-1.207,0.799
-1.216,0.486
-1.244,0.997
-1.332,0.709
-1.335,-0.845
-1.315,1.278
-1.391,1.712
-1.483,-1.236
-1.439,-1.39
-1.537,0.669
-1.536,-0.535
-1.549,0.942
-1.603,0.576
-1.655,-1.767
-1.601,-0.628
-1.68,1.171
-1.633,1.061
-1.656,0.375
-1.719,-1.85
-1.856,-1.743
-1.786,-1.274
-1.855,0.282
-1.852,0.912
-1.983,-0.618
-1.977,0.558
-2.003,-0.198
-2.028,1.894
-2.043,1.397
-2.025,0.761
-2.063,-1.452
-2.138,1.004
-2.249,-1.935
-2.199,0.184
-2.226,0.343
-2.309,1.495
-2.383,0.133
-2.485,-0.568
-2.492,0.373
-2.487,2.018
-2.436,0.544
-2.469,0.788
-2.53,-1.536
-2.645,-0.044
-2.572,1.483
-2.665,0.577
-2.771,1.798
-2.778,1.509
-2.793,0.092
-2.841,-0.54
-2.867,0.288
-2.861,1.242
-2.952,-0.828
-2.919,-0.705
-2.946,0.231
-2.939,-1.544
-3.003,-1.321
-3.035,0.334
-3.102,1.737
3.093,-0.977
2.98,-2.011
2.969,-1.891
2.993,-0.885
2.984,1.52
2.982,-1.085
2.87,-0.952
2.856,0.776
2.93,1.821
2.894,1.579
2.827,-0.89
2.762,1.054
2.772,0.48
2.653,1.87
2.642,0.47
2.556,-0.596
2.616,-1.734
2.61,0.158
2.582,-0.62
2.458,1.694
2.532,-0.909
2.53,0.042
2.439,-0.498
2.422,-0.126
2.412,0.91
2.415,-0.87
2.375,0.601
2.287,0.133
2.342,0.388
2.243,-0.442
2.232,-0.37
2.123,0.287
2.121,0.029
2.175,-0.864
2.162,-1.877
2.106,1.846
2.016,-1.074
1.676,-1.301
1.591,-1.361
1.556,-0.862
1.474,0.974
1.514,0.506
1.493,-0.993
1.488,1.606
1.235,-0.791
0.748,-2.095
0.558,-2.11
0.09,-2.276
-0.983,-2.239
-1.74,-2.363
-2.624,-2.212
-2.788,-2.125
-3.051,-2.372
2.905,-2.09
0.88,2.008
0.588,2.296
0.286,2.201
0.218,2.236
-0.138,2.35
-0.161,2.166
-0.484,2.132
-0.535,1.957
-1.68,2.155
-1.864,2.422
-1.818,2.53
-2.34,2.221
2.717,2.334
2.389,2.43
2.372,2.066
2.161,2.053
1.959,1.964
2.018,2.455
2.974,-1.702
2.816,1.075
0.636,-2.255
0.302,-2.069
-0.385,-2.329
-1.031,-2.323
2.929,-2.073
-2.085,2.302
1.009,-0.585
1.095,-1.811
0.949,-0.543
0.949,-1.4
0.919,-0.493
0.909,-0.982
0.948,0.705
0.643,1.667
0.6,0.566
0.539,-1.566
0.523,1.969
0.519,-1.596
0.644,0.372
0.452,0.808
0.451,-1.087
0.298,0.87
0.391,-0.435
0.227,0.87
0.322,0.636
0.314,-1.842
0.187,-0.859
0.249,0.693
0.067,0.84
-0.071,0.42
-0.09,-1.858
0.011,1.828
-0.035,-1.997
-0.151,0.466
-0.16,0.063
-0.292,1.5
-0.299,0.627
-0.197,0.235
-0.365,1.498
-0.383,1.819
-0.52,1.811
-0.527,-1.983
-0.677,-0.085
-0.68,0.598
-0.677,-0.718
-0.926,-1.443
-1.125,0.708
-1.168,-0.984
-1.258,0.245
-1.386,1.108
-1.431,-1.876
-1.484,-0.168
-1.612,0.61
-1.645,0.014
-1.696,0.257
-1.736,0.54
-1.627,-1.864
-1.804,1.58
-1.814,1.298
-1.971,0.793
-2.011,-1.799
-2.065,-0.772
-1.981,0.691
-2.129,1.465
-2.071,1.466
-2.401,-1.827
-2.347,0.239
-2.425,-2.066
-2.503,-0.546
-2.646,0.687
-2.653,0.953
-2.844,-0.191
-2.974,-0.883
-3.024,-0.295
3.051,0.046
3.056,-0.735
2.942,-0.464
2.685,-0.996
2.732,-0.219
2.714,0.035
2.59,-0.581
2.509,-1.527
2.361,1.69
2.305,0.211
2.398,-0.855
2.336,-1.584
2.035,-0.115
2.165,-0.573
1.865,-1.515
1.657,-1.612
1.629,0.049
1.566,1.473
1.442,-0.551
1.344,0.529
1.311,-0.586
1.201,-0.034
1.136,0.556
0.934,-2.327
0.277,-1.926
-0.02,-2.09
-0.168,-2.3
-0.153,-2.239
-0.708,-2.087
-0.631,-2.276
-0.997,-2.343
-1.527,-2.16
-1.634,-2.385
-2.375,-2.246
-3.033,-2.041
2.541,-2.03
2.413,-2.132
1.49,-2.071
1.313,-2.292
0.625,2.375
0.133,2.191
-0.139,2.415
-0.855,2.138
-1.627,2.349
-2.048,2.378
-1.938,2.134
-2.924,2.219
2.085,2.371
1.736,2.319
1.751,2.109
-1.039,-1.441
2.844,-0.722
0.371,-0.966
-2.09,1.315
2.922,-0.004
2.757,0.638
1.951,0.758
0.695,0.97
-0.614,0.906
2.987,-0.463
2.626,-0.463
0.981,2.061
1.641,1.914
1.83,-1.85
0.063,0.441
0.009,1.808
-0.353,-0.303
-0.318,1.558
-0.515,1.03
-0.531,-0.71
-0.544,1.369
-0.796,2.282
-0.881,2.448
-0.983,2.33
-0.974,1.978
-1.026,1.545
-1.136,-0.613
-1.122,1.58
-1.131,1.267
-1.159,1.778
-1.247,1.49
-1.25,-0.064
-1.23,2.059
-1.306,2.493
-1.398,-0.455
-1.354,-0.609
-1.452,1.45
-1.451,0.246
-1.464,1.723
-1.518,1.357
-1.57,-0.986
-1.516,0.153
-1.595,1.952
-1.548,1.842
-1.571,1.156
-1.634,-1.069
-1.771,-0.962
-1.701,-0.493
-1.77,1.063
-1.767,1.693
-1.898,0.163
-1.892,1.339
-1.918,0.583
-1.943,2.675
-1.958,2.178
-1.94,1.542
-1.978,-0.671
-2.053,1.785
-2.164,-1.154
-2.114,0.965
-2.141,1.124
-2.224,2.276
-2.298,0.914
-2.4,0.213
-2.407,1.154
-2.402,2.799
-2.351,1.325
-2.384,1.569
-2.445,-0.755
-2.56,0.737
-2.487,2.264
-2.58,1.358
-2.686,2.579
-2.693,2.29
-2.708,0.873
-2.756,0.241
-2.782,1.069
-2.776,2.023
-2.867,-0.047
-2.834,0.076
-2.861,1.012
-2.854,-0.763
-2.918,-0.54
-2.95,1.115
-3.017,2.518
-3.105,-0.196
3.065,-1.23
3.054,-1.11
3.078,-0.104
3.069,2.301
3.067,-0.304
2.955,-0.171
2.941,1.557
3.015,2.602
2.979,2.36
2.912,-0.109
2.847,1.835
2.857,1.261
2.738,2.651
2.727,1.251
2.641,0.185
2.701,-0.953
2.695,0.939
2.667,0.161
2.543,2.475
2.617,-0.128
2.615,0.823
2.524,0.283
2.507,0.655
2.497,1.691
2.5,-0.089
2.46,1.382
2.372,0.914
2.427,1.169
2.328,0.339
2.317,0.411
2.208,1.068
2.206,0.81
2.26,-0.083
2.247,-1.096
2.191,2.627
2.101,-0.293
1.761,-0.52
1.676,-0.58
1.641,-0.081
1.559,1.755
1.599,1.287
1.578,-0.212
1.573,2.387
1.32,-0.01
0.833,-1.314
0.643,-1.329
0.175,-1.495
-0.898,-1.458
-1.655,-1.582
-2.539,-1.431
-2.703,-1.344
-2.966,-1.591
2.99,-1.309
0.965,2.789
0.673,3.077
0.371,2.982
0.303,3.017
-0.053,3.131
-0.076,2.947
-0.399,2.913
-0.45,2.738
-1.595,2.936
-1.779,3.203
-1.733,3.311
-2.255,3.002
2.802,3.115
2.474,3.211
2.457,2.847
2.246,2.834
2.044,2.745
2.103,3.236
3.059,-0.921
2.901,1.856
0.721,-1.474
0.387,-1.288
-0.3,-1.548
-0.946,-1.542
3.014,-1.292
-2.0,3.083
1.094,0.196
1.18,-1.03
1.034,0.238
1.034,-0.619
1.004,0.288
0.994,-0.201
1.033,1.486
0.728,2.448
0.685,1.347
0.624,-0.785
0.608,2.75
0.604,-0.815
0.729,1.153
0.537,1.589
0.536,-0.306
0.383,1.651
0.476,0.346
0.312,1.651
0.407,1.417
0.399,-1.061
0.272,-0.078
0.334,1.474
0.152,1.621
0.014,1.201
-0.005,-1.077
0.096,2.609
0.05,-1.216
-0.066,1.247
-0.075,0.844
-0.207,2.281
-0.214,1.408
-0.112,1.016
-0.28,2.279
-0.298,2.6
-0.435,2.592
-0.442,-1.202
-0.592,0.696
-0.595,1.379
-0.592,0.063
-0.841,-0.662
-1.04,1.489
-1.083,-0.203
-1.173,1.026
-1.301,1.889
-1.346,-1.095
-1.399,0.613
-1.527,1.391
-1.56,0.795
-1.611,1.038
-1.651,1.321
-1.542,-1.083
-1.719,2.361
-1.729,2.079
-1.886,1.574
-1.926,-1.018
-1.98,0.009
-1.896,1.472
-2.044,2.246
-1.986,2.247
-2.316,-1.046
-2.262,1.02
-2.34,-1.285
-2.418,0.235
-2.561,1.468
-2.568,1.734
-2.759,0.59
-2.889,-0.102
-2.939,0.486
3.136,0.827
3.141,0.046
3.027,0.317
2.77,-0.215
2.817,0.562
2.799,0.816
2.675,0.2
2.594,-0.746
2.446,2.471
2.39,0.992
2.483,-0.074
2.421,-0.803
2.12,0.666
2.25,0.208
1.95,-0.734
1.742,-0.831
1.714,0.83
1.651,2.254
1.527,0.23
1.429,1.31
1.396,0.195
1.286,0.747
1.221,1.337
1.019,-1.546
0.362,-1.145
0.065,-1.309
-0.083,-1.519
-0.068,-1.458
-0.623,-1.306
-0.546,-1.495
-0.912,-1.562
-1.442,-1.379
-1.549,-1.604
-2.29,-1.465
-2.948,-1.26
2.626,-1.249
2.498,-1.351
1.575,-1.29
1.398,-1.511
0.71,3.156
0.218,2.972
-0.054,3.196
-0.77,2.919
-1.542,3.13
-1.963,3.159
-1.853,2.915
-2.839,3.0
2.17,3.152
1.821,3.1
1.836,2.89
-0.954,-0.66
2.929,0.059
0.456,-0.185
-2.005,2.096
3.007,0.777
2.842,1.419
2.036,1.539
0.78,1.751
-0.529,1.687
3.072,0.318
2.711,0.318
1.066,2.842
1.726,2.695
1.915,-1.069
-0.054,1.367
-0.416,-0.744
-0.381,1.117
-0.578,0.589
-0.594,-1.151
-0.607,0.928
-0.859,1.841
-0.944,2.007
-1.046,1.889
-1.037,1.537
-1.089,1.104
-1.199,-1.054
-1.185,1.139
-1.194,0.826
-1.222,1.337
-1.31,1.049
-1.313,-0.505
-1.293,1.618
-1.369,2.052
-1.461,-0.896
-1.417,-1.05
-1.515,1.009
-1.514,-0.195
-1.527,1.282
-1.581,0.916
-1.633,-1.427
-1.579,-0.288
-1.658,1.511
-1.611,1.401
-1.634,0.715
-1.697,-1.51
-1.834,-1.403
-1.764,-0.934
-1.833,0.622
-1.83,1.252
-1.961,-0.278
-1.955,0.898
-1.981,0.142
-2.006,2.234
-2.021,1.737
-2.003,1.101
-2.041,-1.112
-2.116,1.344
-2.227,-1.595
-2.177,0.524
-2.204,0.683
-2.287,1.835
-2.361,0.473
-2.463,-0.228
-2.47,0.713
-2.465,2.358
-2.414,0.884
-2.447,1.128
-2.508,-1.196
-2.623,0.296
-2.55,1.823
-2.643,0.917
-2.749,2.138
-2.756,1.849
-2.771,0.432
-2.819,-0.2
-2.845,0.628
-2.839,1.582
-2.93,-0.488
-2.897,-0.365
-2.924,0.571
-2.917,-1.204
-2.981,-0.981
-3.013,0.674
-3.08,2.077
3.115,-0.637
3.002,-1.671
2.991,-1.551
3.015,-0.545
3.006,1.86
3.004,-0.745
2.892,-0.612
2.878,1.116
2.952,2.161
2.916,1.919
2.849,-0.55
2.784,1.394
2.794,0.82
2.675,2.21
2.664,0.81
2.578,-0.256
2.638,-1.394
2.632,0.498
2.604,-0.28
2.48,2.034
2.554,-0.569
2.552,0.382
2.461,-0.158
2.444,0.214
2.434,1.25
2.437,-0.53
2.397,0.941
2.309,0.473
2.364,0.728
2.265,-0.102
2.254,-0.03
2.145,0.627
2.143,0.369
2.197,-0.524
2.184,-1.537
2.128,2.186
2.038,-0.734
1.698,-0.961
1.613,-1.021
1.578,-0.522
1.496,1.314
1.536,0.846
1.515,-0.653
1.51,1.946
1.257,-0.451
0.77,-1.755
0.58,-1.77
0.112,-1.936
-0.961,-1.899
-1.718,-2.023
-2.602,-1.872
-2.766,-1.785
-3.029,-2.032
2.927,-1.75
0.902,2.348
0.61,2.636
0.308,2.541
0.24,2.576
-0.116,2.69
-0.139,2.506
-0.462,2.472
-0.513,2.297
-1.658,2.495
-1.842,2.762
-1.796,2.87
-2.318,2.561
2.739,2.674
2.411,2.77
2.394,2.406
2.183,2.393
1.981,2.304
2.04,2.795
2.996,-1.362
2.838,1.415
0.658,-1.915
0.324,-1.729
-0.363,-1.989
-1.009,-1.983
2.951,-1.733
-2.063,2.642
1.031,-0.245
1.117,-1.471
0.971,-0.203
0.971,-1.06
0.941,-0.153
0.931,-0.642
0.97,1.045
0.665,2.007
0.622,0.906
0.561,-1.226
0.545,2.309
0.541,-1.256
0.666,0.712
0.474,1.148
0.473,-0.747
0.32,1.21
0.413,-0.095
0.249,1.21
0.344,0.976
0.336,-1.502
0.209,-0.519
0.271,1.033
0.089,1.18
-0.049,0.76
-0.068,-1.518
0.033,2.168
-0.013,-1.657
-0.129,0.806
-0.138,0.403
-0.27,1.84
-0.277,0.967
-0.175,0.575
-0.343,1.838
-0.361,2.159
-0.498,2.151
-0.505,-1.643
-0.655,0.255
-0.658,0.938
-0.655,-0.378
-0.904,-1.103
-1.103,1.048
-1.146,-0.644
-1.236,0.585
-1.364,1.448
-1.409,-1.536
-1.462,0.172
-1.59,0.95
-1.623,0.354
-1.674,0.597
-1.714,0.88
-1.605,-1.524
-1.782,1.92
-1.792,1.638
-1.949,1.133
-1.989,-1.459
-2.043,-0.432
-1.959,1.031
-2.107,1.805
-2.049,1.806
-2.379,-1.487
-2.325,0.579
-2.403,-1.726
-2.481,-0.206
-2.624,1.027
-2.631,1.293
-2.822,0.149
-2.952,-0.543
-3.002,0.045
3.073,0.386
3.078,-0.395
2.964,-0.124
2.707,-0.656
2.754,0.121
2.736,0.375
2.612,-0.241
2.531,-1.187
2.383,2.03
2.327,0.551
2.42,-0.515
2.358,-1.244
2.057,0.225
2.187,-0.233
1.887,-1.175
1.679,-1.272
1.651,0.389
1.588,1.813
1.464,-0.211
1.366,0.869
1.333,-0.246
1.223,0.306
1.158,0.896
0.956,-1.987
0.299,-1.586
0.002,-1.75
-0.146,-1.96
-0.131,-1.899
-0.686,-1.747
-0.609,-1.936
-0.975,-2.003
-1.505,-1.82
-1.612,-2.045
-2.353,-1.906
-3.011,-1.701
2.563,-1.69
2.435,-1.792
1.512,-1.731
1.335,-1.952
0.647,2.715
0.155,2.531
-0.117,2.755
-0.833,2.478
-1.605,2.689
-2.026,2.718
-1.916,2.474
-2.902,2.559
2.107,2.711
1.758,2.659
1.773,2.449
-1.017,-1.101
2.866,-0.382
0.393,-0.626
-2.068,1.655
2.944,0.336
2.779,0.978
1.973,1.098
0.717,1.31
-0.592,1.246
3.009,-0.123
2.648,-0.123
1.003,2.401
1.663,2.254
1.852,-1.51
-0.362,-2.111
-0.327,-0.25
-0.524,-0.778
-0.54,-2.518
-0.553,-0.439
-0.805,0.474
-0.89,0.64
-0.992,0.522
-0.983,0.17
-1.035,-0.263
-1.145,-2.421
-1.131,-0.228
-1.14,-0.541
-1.168,-0.03
-1.256,-0.318
-1.259,-1.872
-1.239,0.251
-1.315,0.685
-1.407,-2.263
-1.363,-2.417
-1.461,-0.358
-1.46,-1.562
-1.473,-0.085
-1.527,-0.451
-1.579,-2.794
-1.525,-1.655
-1.604,0.144
-1.557,0.034
-1.58,-0.652
-1.643,-2.877
-1.78,-2.77
-1.71,-2.301
-1.779,-0.745
-1.776,-0.115
-1.907,-1.645
-1.901,-0.469
-1.927,-1.225
-1.952,0.867
-1.967,0.37
-1.949,-0.266
-1.987,-2.479
-2.062,-0.023
-2.173,-2.962
-2.123,-0.843
-2.15,-0.684
-2.233,0.468
-2.307,-0.894
-2.409,-1.595
-2.416,-0.654
-2.411,0.991
-2.36,-0.483
-2.393,-0.239
-2.454,-2.563
-2.569,-1.071
-2.496,0.456
-2.589,-0.45
-2.695,0.771
-2.702,0.482
-2.717,-0.935
-2.765,-1.567
-2.791,-0.739
-2.785,0.215
-2.876,-1.855
-2.843,-1.732
-2.87,-0.796
-2.863,-2.571
-2.927,-2.348
-2.959,-0.693
-3.026,0.71
-3.114,-2.004
3.056,-3.038
3.045,-2.918
3.069,-1.912
3.06,0.493
3.058,-2.112
2.946,-1.979
2.932,-0.251
3.006,0.794
2.97,0.552
2.903,-1.917
2.838,0.027
2.848,-0.547
2.729,0.843
2.718,-0.557
2.632,-1.623
2.692,-2.761
2.686,-0.869
2.658,-1.647
2.534,0.667
2.608,-1.936
2.606,-0.985
2.515,-1.525
2.498,-1.153
2.488,-0.117
2.491,-1.897
2.451,-0.426
2.363,-0.894
2.418,-0.639
2.319,-1.469
2.308,-1.397
2.199,-0.74
2.197,-0.998
2.251,-1.891
2.238,-2.904
2.182,0.819
2.092,-2.101
1.752,-2.328
1.667,-2.388
1.632,-1.889
1.55,-0.053
1.59,-0.521
1.569,-2.02
1.564,0.579
1.311,-1.818
0.824,-3.122
0.634,-3.137
0.166,-3.303
-0.907,-3.266
-1.664,-3.39
-2.548,-3.239
-2.712,-3.152
-2.975,-3.399
2.981,-3.117
0.956,0.981
0.664,1.269
0.362,1.174
0.294,1.209
-0.062,1.323
-0.085,1.139
-0.408,1.105
-0.459,0.93
-1.604,1.128
-1.788,1.395
-1.742,1.503
-2.264,1.194
2.793,1.307
2.465,1.403
2.448,1.039
2.237,1.026
2.035,0.937
2.094,1.428
3.05,-2.729
2.892,0.048
0.712,-3.282
0.378,-3.096
-0.309,-3.356
-0.955,-3.35
3.005,-3.1
-2.009,1.275
1.085,-1.612
1.171,-2.838
1.025,-1.57
1.025,-2.427
0.995,-1.52
0.985,-2.009
1.024,-0.322
0.719,0.64
0.676,-0.461
0.615,-2.593
0.599,0.942
0.595,-2.623
0.72,-0.655
0.528,-0.219
0.527,-2.114
0.374,-0.157
0.467,-1.462
0.303,-0.157
0.398,-0.391
0.39,-2.869
0.263,-1.886
0.325,-0.334
0.143,-0.187
0.005,-0.607
-0.014,-2.885
0.087,0.801
0.041,-3.024
-0.075,-0.561
-0.084,-0.964
-0.216,0.473
-0.223,-0.4
-0.121,-0.792
-0.289,0.471
-0.307,0.792
-0.444,0.784
-0.451,-3.01
-0.601,-1.112
-0.604,-0.429
-0.601,-1.745
-0.85,-2.47
-1.049,-0.319
-1.092,-2.011
-1.182,-0.782
-1.31,0.081
-1.355,-2.903
-1.408,-1.195
-1.536,-0.417
-1.569,-1.013
-1.62,-0.77
-1.66,-0.487
-1.551,-2.891
-1.728,0.553
-1.738,0.271
-1.895,-0.234
-1.935,-2.826
-1.989,-1.799
-1.905,-0.336
-2.053,0.438
-1.995,0.439
-2.325,-2.854
-2.271,-0.788
-2.349,-3.093
-2.427,-1.573
-2.57,-0.34
-2.577,-0.074
-2.768,-1.218
-2.898,-1.91
-2.948,-1.322
3.127,-0.981
3.132,-1.762
3.018,-1.491
2.761,-2.023
2.808,-1.246
2.79,-0.992
2.666,-1.608
2.585,-2.554
2.437,0.663
2.381,-0.816
2.474,-1.882
2.412,-2.611
2.111,-1.142
2.241,-1.6
1.941,-2.542
1.733,-2.639
1.705,-0.978
1.642,0.446
1.518,-1.578
1.42,-0.498
1.387,-1.613
1.277,-1.061
1.212,-0.471
1.01,-3.354
0.353,-2.953
0.056,-3.117
-0.092,-3.327
-0.077,-3.266
-0.632,-3.114
-0.555,-3.303
-0.921,-3.37
-1.451,-3.187
-1.558,-3.412
-2.299,-3.273
-2.957,-3.068
2.617,-3.057
2.489,-3.159
1.566,-3.098
1.389,-3.319
0.701,1.348
0.209,1.164
-0.063,1.388
-0.779,1.111
-1.551,1.322
-1.972,1.351
-1.862,1.107
-2.848,1.192
2.161,1.344
1.812,1.292
1.827,1.082
-0.963,-2.468
2.92,-1.749
0.447,-1.993
-2.014,0.288
2.998,-1.031
2.833,-0.389
2.027,-0.269
0.771,-0.057
-0.538,-0.121
3.063,-1.49
2.702,-1.49
1.057,1.034
1.717,0.887
1.906,-2.877
0.035,1.861
-0.162,1.333
-0.178,-0.407
-0.191,1.672
-0.443,2.585
-0.528,2.751
-0.63,2.633
-0.621,2.281
-0.673,1.848
-0.783,-0.31
-0.769,1.883
-0.778,1.57
-0.806,2.081
-0.894,1.793
-0.897,0.239
-0.877,2.362
-0.953,2.796
-1.045,-0.152
-1.001,-0.306
-1.099,1.753
-1.098,0.549
-1.111,2.026
-1.165,1.66
-1.217,-0.683
-1.163,0.456
-1.242,2.255
-1.195,2.145
-1.218,1.459
-1.281,-0.766
-1.418,-0.659
-1.348,-0.19
-1.417,1.366
-1.414,1.996
-1.545,0.466
-1.539,1.642
-1.565,0.886
-1.59,2.978
-1.605,2.481
-1.587,1.845
-1.625,-0.368
-1.7,2.088
-1.811,-0.851
-1.761,1.268
-1.788,1.427
-1.871,2.579
-1.945,1.217
-2.047,0.516
-2.054,1.457
-2.049,3.102
-1.998,1.628
-2.031,1.872
-2.092,-0.452
-2.207,1.04
-2.134,2.567
-2.227,1.661
-2.333,2.882
-2.34,2.593
-2.355,1.176
-2.403,0.544
-2.429,1.372
-2.423,2.326
-2.514,0.256
-2.481,0.379
-2.508,1.315
-2.501,-0.46
-2.565,-0.237
-2.597,1.418
-2.664,2.821
-2.752,0.107
-2.865,-0.927
-2.876,-0.807
-2.852,0.199
-2.861,2.604
-2.863,-0.001
-2.975,0.132
-2.989,1.86
-2.915,2.905
-2.951,2.663
-3.018,0.194
-3.083,2.138
-3.073,1.564
3.091,2.954
3.08,1.554
2.994,0.488
3.054,-0.65
3.048,1.242
3.02,0.464
2.896,2.778
2.97,0.175
2.968,1.126
2.877,0.586
2.86,0.958
2.85,1.994
2.853,0.214
2.813,1.685
2.725,1.217
2.78,1.472
2.681,0.642
2.67,0.714
2.561,1.371
2.559,1.113
2.613,0.22
2.6,-0.793
2.544,2.93
2.454,0.01
2.114,-0.217
2.029,-0.277
1.994,0.222
1.912,2.058
1.952,1.59
1.931,0.091
1.926,2.69
1.673,0.293
1.186,-1.011
0.996,-1.026
0.528,-1.192
-0.545,-1.155
-1.302,-1.279
-2.186,-1.128
-2.35,-1.041
-2.613,-1.288
-2.94,-1.006
1.318,3.092
1.026,3.38
0.724,3.285
0.656,3.32
0.3,3.434
0.277,3.25
-0.046,3.216
-0.097,3.041
-1.242,3.239
-1.426,3.506
-1.38,3.614
-1.902,3.305
-3.128,3.418
2.827,3.514
2.81,3.15
2.599,3.137
2.397,3.048
2.456,3.539
-2.871,-0.618
-3.029,2.159
1.074,-1.171
0.74,-0.985
0.053,-1.245
-0.593,-1.239
-2.916,-0.989
-1.647,3.386
1.447,0.499
1.533,-0.727
1.387,0.541
1.387,-0.316
1.357,0.591
1.347,0.102
1.386,1.789
1.081,2.751
1.038,1.65
0.977,-0.482
0.961,3.053
0.957,-0.512
1.082,1.456
0.89,1.892
0.889,-0.003
0.736,1.954
0.829,0.649
0.665,1.954
0.76,1.72
0.752,-0.758
0.625,0.225
0.687,1.777
0.505,1.924
0.367,1.504
0.348,-0.774
0.449,2.912
0.403,-0.913
0.287,1.55
0.278,1.147
0.146,2.584
0.139,1.711
0.241,1.319
0.073,2.582
0.055,2.903
-0.082,2.895
-0.089,-0.899
-0.239,0.999
-0.242,1.682
-0.239,0.366
-0.488,-0.359
-0.687,1.792
-0.73,0.1
-0.82,1.329
-0.948,2.192
-0.993,-0.792
-1.046,0.916
-1.174,1.694
-1.207,1.098
-1.258,1.341
-1.298,1.624
-1.189,-0.78
-1.366,2.664
-1.376,2.382
-1.533,1.877
-1.573,-0.715
-1.627,0.312
-1.543,1.775
-1.691,2.549
-1.633,2.55
-1.963,-0.743
-1.909,1.323
-1.987,-0.982
-2.065,0.538
-2.208,1.771
-2.215,2.037
-2.406,0.893
-2.536,0.201
-2.586,0.789
-2.794,1.13
-2.789,0.349
-2.903,0.62
3.123,0.088
-3.113,0.865
-3.131,1.119
3.028,0.503
2.947,-0.443
2.799,2.774
2.743,1.295
2.836,0.229
2.774,-0.5
2.473,0.969
2.603,0.511
2.303,-0.431
2.095,-0.528
2.067,1.133
2.004,2.557
1.88,0.533
1.782,1.613
1.749,0.498
1.639,1.05
1.574,1.64
1.372,-1.243
0.715,-0.842
0.418,-1.006
0.27,-1.216
0.285,-1.155
-0.27,-1.003
-0.193,-1.192
-0.559,-1.259
-1.089,-1.076
-1.196,-1.301
-1.937,-1.162
-2.595,-0.957
2.979,-0.946
2.851,-1.048
1.928,-0.987
1.751,-1.208
1.063,3.459
0.571,3.275
0.299,3.499
-0.417,3.222
-1.189,3.433
-1.61,3.462
-1.5,3.218
-2.486,3.303
2.523,3.455
2.174,3.403
2.189,3.193
-0.601,-0.357
-3.001,0.362
0.809,0.118
-1.652,2.399
-2.923,1.08
-3.088,1.722
2.389,1.842
1.133,2.054
-0.176,1.99
-2.858,0.621
3.064,0.621
1.419,3.145
2.079,2.998
2.268,-0.766
-0.197,-0.528
-0.213,-2.268
-0.226,-0.189
-0.478,0.724
-0.563,0.89
-0.665,0.772
-0.656,0.42
-0.708,-0.013
-0.818,-2.171
-0.804,0.022
-0.813,-0.291
-0.841,0.22
-0.929,-0.068
-0.932,-1.622
-0.912,0.501
-0.988,0.935
-1.08,-2.013
-1.036,-2.167
-1.134,-0.108
-1.133,-1.312
-1.146,0.165
-1.2,-0.201
-1.252,-2.544
-1.198,-1.405
-1.277,0.394
-1.23,0.284
-1.253,-0.402
-1.316,-2.627
-1.453,-2.52
-1.383,-2.051
-1.452,-0.495
-1.449,0.135
-1.58,-1.395
-1.574,-0.219
-1.6,-0.975
-1.625,1.117
-1.64,0.62
-1.622,-0.016
-1.66,-2.229
-1.735,0.227
-1.846,-2.712
-1.796,-0.593
-1.823,-0.434
-1.906,0.718
-1.98,-0.644
-2.082,-1.345
-2.089,-0.404
-2.084,1.241
-2.033,-0.233
-2.066,0.011
-2.127,-2.313
-2.242,-0.821
-2.169,0.706
-2.262,-0.2
-2.368,1.021
-2.375,0.732
-2.39,-0.685
-2.438,-1.317
-2.464,-0.489
-2.458,0.465
-2.549,-1.605
-2.516,-1.482
-2.543,-0.546
-2.536,-2.321
-2.6,-2.098
-2.632,-0.443
-2.699,0.96
-2.787,-1.754
-2.9,-2.788
-2.911,-2.668
-2.887,-1.662
-2.896,0.743
-2.898,-1.862
-3.01,-1.729
-3.024,-0.001
-2.95,1.044
-2.986,0.802
-3.053,-1.667
-3.118,0.277
-3.108,-0.297
3.056,1.093
3.045,-0.307
2.959,-1.373
3.019,-2.511
3.013,-0.619
2.985,-1.397
2.861,0.917
2.935,-1.686
2.933,-0.735
2.842,-1.275
2.825,-0.903
2.815,0.133
2.818,-1.647
2.778,-0.176
2.69,-0.644
2.745,-0.389
2.646,-1.219
2.635,-1.147
2.526,-0.49
2.524,-0.748
2.578,-1.641
2.565,-2.654
2.509,1.069
2.419,-1.851
2.079,-2.078
1.994,-2.138
1.959,-1.639
1.877,0.197
1.917,-0.271
1.896,-1.77
1.891,0.829
1.638,-1.568
1.151,-2.872
0.961,-2.887
0.493,-3.053
-0.58,-3.016
-1.337,-3.14
-2.221,-2.989
-2.385,-2.902
-2.648,-3.149
-2.975,-2.867
1.283,1.231
0.991,1.519
0.689,1.424
0.621,1.459
0.265,1.573
0.242,1.389
-0.081,1.355
-0.132,1.18
-1.277,1.378
-1.461,1.645
-1.415,1.753
-1.937,1.444
3.12,1.557
2.792,1.653
2.775,1.289
2.564,1.276
2.362,1.187
2.421,1.678
-2.906,-2.479
-3.064,0.298
1.039,-3.032
0.705,-2.846
0.018,-3.106
-0.628,-3.1
-2.951,-2.85
-1.682,1.525
1.412,-1.362
1.498,-2.588
1.352,-1.32
1.352,-2.177
1.322,-1.27
1.312,-1.759
1.351,-0.072
1.046,0.89
1.003,-0.211
0.942,-2.343
0.926,1.192
0.922,-2.373
1.047,-0.405
0.855,0.031
0.854,-1.864
0.701,0.093
0.794,-1.212
0.63,0.093
0.725,-0.141
0.717,-2.619
0.59,-1.636
0.652,-0.084
0.47,0.063
0.332,-0.357
0.313,-2.635
0.414,1.051
0.368,-2.774
0.252,-0.311
0.243,-0.714
0.111,0.723
0.104,-0.15
0.206,-0.542
0.038,0.721
0.02,1.042
-0.117,1.034
-0.124,-2.76
-0.274,-0.862
-0.277,-0.179
-0.274,-1.495
-0.523,-2.22
-0.722,-0.069
-0.765,-1.761
-0.855,-0.532
-0.983,0.331
-1.028,-2.653
-1.081,-0.945
-1.209,-0.167
-1.242,-0.763
-1.293,-0.52
-1.333,-0.237
-1.224,-2.641
-1.401,0.803
-1.411,0.521
-1.568,0.016
-1.608,-2.576
-1.662,-1.549
-1.578,-0.086
-1.726,0.688
-1.668,0.689
-1.998,-2.604
-1.944,-0.538
-2.022,-2.843
-2.1,-1.323
-2.243,-0.09
-2.25,0.176
-2.441,-0.968
-2.571,-1.66
-2.621,-1.072
-2.829,-0.731
-2.824,-1.512
-2.938,-1.241
3.088,-1.773
3.135,-0.996
3.117,-0.742
2.993,-1.358
2.912,-2.304
2.764,0.913
2.708,-0.566
2.801,-1.632
2.739,-2.361
2.438,-0.892
2.568,-1.35
2.268,-2.292
2.06,-2.389
2.032,-0.728
1.969,0.696
1.845,-1.328
1.747,-0.248
1.714,-1.363
1.604,-0.811
1.539,-0.221
1.337,-3.104
0.68,-2.703
0.383,-2.867
0.235,-3.077
0.25,-3.016
-0.305,-2.864
-0.228,-3.053
-0.594,-3.12
-1.124,-2.937
-1.231,-3.162
-1.972,-3.023
-2.63,-2.818
2.944,-2.807
2.816,-2.909
1.893,-2.848
1.716,-3.069
1.028,1.598
0.536,1.414
0.264,1.638
-0.452,1.361
-1.224,1.572
-1.645,1.601
-1.535,1.357
-2.521,1.442
2.488,1.594
2.139,1.542
2.154,1.332
-0.636,-2.218
-3.036,-1.499
0.774,-1.743
-1.687,0.538
-2.958,-0.781
-3.123,-0.139
2.354,-0.019
1.098,0.193
-0.211,0.129
-2.893,-1.24
3.029,-1.24
1.384,1.284
2.044,1.137
2.233,-2.627
-0.016,-1.74
-0.029,0.339
-0.281,1.252
-0.366,1.418
-0.468,1.3
-0.459,0.948
-0.511,0.515
-0.621,-1.643
-0.607,0.55
-0.616,0.237
-0.644,0.748
-0.732,0.46
-0.735,-1.094
-0.715,1.029
-0.791,1.463
-0.883,-1.485
-0.839,-1.639
-0.937,0.42
-0.936,-0.784
-0.949,0.693
-1.003,0.327
-1.055,-2.016
-1.001,-0.877
-1.08,0.922
-1.033,0.812
-1.056,0.126
-1.119,-2.099
-1.256,-1.992
-1.186,-1.523
-1.255,0.033
-1.252,0.663
-1.383,-0.867
-1.377,0.309
-1.403,-0.447
-1.428,1.645
-1.443,1.148
-1.425,0.512
-1.463,-1.701
-1.538,0.755
-1.649,-2.184
-1.599,-0.065
-1.626,0.094
-1.709,1.246
-1.783,-0.116
-1.885,-0.817
-1.892,0.124
-1.887,1.769
-1.836,0.295
-1.869,0.539
-1.93,-1.785
-2.045,-0.293
-1.972,1.234
-2.065,0.328
-2.171,1.549
-2.178,1.26
-2.193,-0.157
-2.241,-0.789
-2.267,0.039
-2.261,0.993
-2.352,-1.077
-2.319,-0.954
-2.346,-0.018
-2.339,-1.793
-2.403,-1.57
-2.435,0.085
-2.502,1.488
-2.59,-1.226
-2.703,-2.26
-2.714,-2.14
-2.69,-1.134
-2.699,1.271
-2.701,-1.334
-2.813,-1.201
-2.827,0.527
-2.753,1.572
-2.789,1.33
-2.856,-1.139
-2.921,0.805
-2.911,0.231
-3.03,1.621
-3.041,0.221
-3.127,-0.845
-3.067,-1.983
-3.073,-0.091
-3.101,-0.869
3.058,1.445
3.132,-1.158
3.13,-0.207
3.039,-0.747
3.022,-0.375
3.012,0.661
3.015,-1.119
2.975,0.352
2.887,-0.116
2.942,0.139
2.843,-0.691
2.832,-0.619
2.723,0.038
2.721,-0.22
2.775,-1.113
2.762,-2.126
2.706,1.597
2.616,-1.323
2.276,-1.55
2.191,-1.61
2.156,-1.111
2.074,0.725
2.114,0.257
2.093,-1.242
2.088,1.357
1.835,-1.04
1.348,-2.344
1.158,-2.359
0.69,-2.525
-0.383,-2.488
-1.14,-2.612
-2.024,-2.461
-2.188,-2.374
-2.451,-2.621
-2.778,-2.339
1.48,1.759
1.188,2.047
0.886,1.952
0.818,1.987
0.462,2.101
0.439,1.917
0.116,1.883
0.065,1.708
-1.08,1.906
-1.264,2.173
-1.218,2.281
-1.74,1.972
-2.966,2.085
2.989,2.181
2.972,1.817
2.761,1.804
2.559,1.715
2.618,2.206
-2.709,-1.951
-2.867,0.826
1.236,-2.504
0.902,-2.318
0.215,-2.578
-0.431,-2.572
-2.754,-2.322
-1.485,2.053
1.609,-0.834
1.695,-2.06
1.549,-0.792
1.549,-1.649
1.519,-0.742
1.509,-1.231
1.548,0.456
1.243,1.418
1.2,0.317
1.139,-1.815
1.123,1.72
1.119,-1.845
1.244,0.123
1.052,0.559
1.051,-1.336
0.898,0.621
0.991,-0.684
0.827,0.621
0.922,0.387
0.914,-2.091
0.787,-1.108
0.849,0.444
0.667,0.591
0.529,0.171
0.51,-2.107
0.611,1.579
0.565,-2.246
0.449,0.217
0.44,-0.186
0.308,1.251
0.301,0.378
0.403,-0.014
0.235,1.249
0.217,1.57
0.08,1.562
0.073,-2.232
-0.077,-0.334
-0.08,0.349
-0.077,-0.967
-0.326,-1.692
-0.525,0.459
-0.568,-1.233
-0.658,-0.004
-0.786,0.859
-0.831,-2.125
-0.884,-0.417
-1.012,0.361
-1.045,-0.235
-1.096,0.008
-1.136,0.291
-1.027,-2.113
-1.204,1.331
-1.214,1.049
-1.371,0.544
-1.411,-2.048
-1.465,-1.021
-1.381,0.442
-1.529,1.216
-1.471,1.217
-1.801,-2.076
-1.747,-0.01
-1.825,-2.315
-1.903,-0.795
-2.046,0.438
-2.053,0.704
-2.244,-0.44
-2.374,-1.132
-2.424,-0.544
-2.632,-0.203
-2.627,-0.984
-2.741,-0.713
-2.998,-1.245
-2.951,-0.468
-2.969,-0.214
-3.093,-0.83
3.109,-1.776
2.961,1.441
2.905,-0.038
2.998,-1.104
2.936,-1.833
2.635,-0.364
2.765,-0.822
2.465,-1.764
2.257,-1.861
2.229,-0.2
2.166,1.224
2.042,-0.8
1.944,0.28
1.911,-0.835
1.801,-0.283
1.736,0.307
1.534,-2.576
0.877,-2.175
0.58,-2.339
0.432,-2.549
0.447,-2.488
-0.108,-2.336
-0.031,-2.525
-0.397,-2.592
-0.927,-2.409
-1.034,-2.634
-1.775,-2.495
-2.433,-2.29
3.141,-2.279
3.013,-2.381
2.09,-2.32
1.913,-2.541
1.225,2.126
0.733,1.942
0.461,2.166
-0.255,1.889
-1.027,2.1
-1.448,2.129
-1.338,1.885
-2.324,1.97
2.685,2.122
2.336,2.07
2.351,1.86
-0.439,-1.69
-2.839,-0.971
0.971,-1.215
-1.49,1.066
-2.761,-0.253
-2.926,0.389
2.551,0.509
1.295,0.721
-0.014,0.657
-2.696,-0.712
-3.057,-0.712
1.581,1.812
2.241,1.665
2.43,-2.099
-0.013,2.079
-0.265,2.992
-0.35,3.158
-0.452,3.04
-0.443,2.688
-0.495,2.255
-0.605,0.097
-0.591,2.29
-0.6,1.977
-0.628,2.488
-0.716,2.2
-0.719,0.646
-0.699,2.769
-0.775,3.203
-0.867,0.255
-0.823,0.101
-0.921,2.16
-0.92,0.956
-0.933,2.433
-0.987,2.067
-1.039,-0.276
-0.985,0.863
-1.064,2.662
-1.017,2.552
-1.04,1.866
-1.103,-0.359
-1.24,-0.252
-1.17,0.217
-1.239,1.773
-1.236,2.403
-1.367,0.873
-1.361,2.049
-1.387,1.293
-1.412,3.385
-1.427,2.888
-1.409,2.252
-1.447,0.039
-1.522,2.495
-1.633,-0.444
-1.583,1.675
-1.61,1.834
-1.693,2.986
-1.767,1.624
-1.869,0.923
-1.876,1.864
-1.871,3.509
-1.82,2.035
-1.853,2.279
-1.914,-0.045
-2.029,1.447
-1.956,2.974
-2.049,2.068
-2.155,3.289
-2.162,3.0
-2.177,1.583
-2.225,0.951
-2.251,1.779
-2.245,2.733
-2.336,0.663
-2.303,0.786
-2.33,1.722
-2.323,-0.053
-2.387,0.17
-2.419,1.825
-2.486,3.228
-2.574,0.514
-2.687,-0.52
-2.698,-0.4
-2.674,0.606
-2.683,3.011
-2.685,0.406
-2.797,0.539
-2.811,2.267
-2.737,3.312
-2.773,3.07
-2.84,0.601
-2.905,2.545
-2.895,1.971
-3.014,3.361
-3.025,1.961
-3.111,0.895
-3.051,-0.243
-3.057,1.649
-3.085,0.871
3.074,3.185
-3.135,0.582
-3.137,1.533
3.055,0.993
3.038,1.365
3.028,2.401
3.031,0.621
2.991,2.092
2.903,1.624
2.958,1.879
2.859,1.049
2.848,1.121
2.739,1.778
2.737,1.52
2.791,0.627
2.778,-0.386
2.722,3.337
2.632,0.417
2.292,0.19
2.207,0.13
2.172,0.629
2.09,2.465
2.13,1.997
2.109,0.498
2.104,3.097
1.851,0.7
1.364,-0.604
1.174,-0.619
0.706,-0.785
-0.367,-0.748
-1.124,-0.872
-2.008,-0.721
-2.172,-0.634
-2.435,-0.881
-2.762,-0.599
1.496,3.499
1.204,3.787
0.902,3.692
0.834,3.727
0.478,3.841
0.455,3.657
0.132,3.623
0.081,3.448
-1.064,3.646
-1.248,3.913
-1.202,4.021
-1.724,3.712
-2.95,3.825
3.005,3.921
2.988,3.557
2.777,3.544
2.575,3.455
2.634,3.946
-2.693,-0.211
-2.851,2.566
1.252,-0.764
0.918,-0.578
0.231,-0.838
-0.415,-0.832
-2.738,-0.582
-1.469,3.793
1.625,0.906
1.711,-0.32
1.565,0.948
1.565,0.091
1.535,0.998
1.525,0.509
1.564,2.196
1.259,3.158
1.216,2.057
1.155,-0.075
1.139,3.46
1.135,-0.105
1.26,1.863
1.068,2.299
1.067,0.404
0.914,2.361
1.007,1.056
0.843,2.361
0.938,2.127
0.93,-0.351
0.803,0.632
0.865,2.184
0.683,2.331
0.545,1.911
0.526,-0.367
0.627,3.319
0.581,-0.506
0.465,1.957
0.456,1.554
0.324,2.991
0.317,2.118
0.419,1.726
0.251,2.989
0.233,3.31
0.096,3.302
0.089,-0.492
-0.061,1.406
-0.064,2.089
-0.061,0.773
-0.31,0.048
-0.509,2.199
-0.552,0.507
-0.642,1.736
-0.77,2.599
-0.815,-0.385
-0.868,1.323
-0.996,2.101
-1.029,1.505
-1.08,1.748
-1.12,2.031
-1.011,-0.373
-1.188,3.071
-1.198,2.789
-1.355,2.284
-1.395,-0.308
-1.449,0.719
-1.365,2.182
-1.513,2.956
-1.455,2.957
-1.785,-0.336
-1.731,1.73
-1.809,-0.575
-1.887,0.945
-2.03,2.178
-2.037,2.444
-2.228,1.3
-2.358,0.608
-2.408,1.196
-2.616,1.537
-2.611,0.756
-2.725,1.027
-2.982,0.495
-2.935,1.272
-2.953,1.526
-3.077,0.91
3.125,-0.036
2.977,3.181
2.921,1.702
3.014,0.636
2.952,-0.093
2.651,1.376
2.781,0.918
2.481,-0.024
2.273,-0.121
2.245,1.54
2.182,2.964
2.058,0.94
1.96,2.02
1.927,0.905
1.817,1.457
1.752,2.047
1.55,-0.836
0.893,-0.435
0.596,-0.599
0.448,-0.809
0.463,-0.748
-0.092,-0.596
-0.015,-0.785
-0.381,-0.852
-0.911,-0.669
-1.018,-0.894
-1.759,-0.755
-2.417,-0.55
-3.126,-0.539
3.029,-0.641
2.106,-0.58
1.929,-0.801
1.241,3.866
0.749,3.682
0.477,3.906
-0.239,3.629
-1.011,3.84
-1.432,3.869
-1.322,3.625
-2.308,3.71
2.701,3.862
2.352,3.81
2.367,3.6
-0.423,0.05
-2.823,0.769
0.987,0.525
-1.474,2.806
-2.745,1.487
-2.91,2.129
2.567,2.249
1.311,2.461
0.002,2.397
-2.68,1.028
-3.041,1.028
1.597,3.552
2.257,3.405
2.446,-0.359
-0.252,0.913
-0.337,1.079
-0.439,0.961
-0.43,0.609
-0.482,0.176
-0.592,-1.982
-0.578,0.211
-0.587,-0.102
-0.615,0.409
-0.703,0.121
-0.706,-1.433
-0.686,0.69
-0.762,1.124
-0.854,-1.824
-0.81,-1.978
-0.908,0.081
-0.907,-1.123
-0.92,0.354
-0.974,-0.012
-1.026,-2.355
-0.972,-1.216
-1.051,0.583
-1.004,0.473
-1.027,-0.213
-1.09,-2.438
-1.227,-2.331
-1.157,-1.862
-1.226,-0.306
-1.223,0.324
-1.354,-1.206
-1.348,-0.03
-1.374,-0.786
-1.399,1.306
-1.414,0.809
-1.396,0.173
-1.434,-2.04
-1.509,0.416
-1.62,-2.523
-1.57,-0.404
-1.597,-0.245
-1.68,0.907
-1.754,-0.455
-1.856,-1.156
-1.863,-0.215
-1.858,1.43
-1.807,-0.044
-1.84,0.2
-1.901,-2.124
-2.016,-0.632
-1.943,0.895
-2.036,-0.011
-2.142,1.21
-2.149,0.921
-2.164,-0.496
-2.212,-1.128
-2.238,-0.3
-2.232,0.654
-2.323,-1.416
-2.29,-1.293
-2.317,-0.357
-2.31,-2.132
-2.374,-1.909
-2.406,-0.254
-2.473,1.149
-2.561,-1.565
-2.674,-2.599
-2.685,-2.479
-2.661,-1.473
-2.67,0.932
-2.672,-1.673
-2.784,-1.54
-2.798,0.188
-2.724,1.233
-2.76,0.991
-2.827,-1.478
-2.892,0.466
-2.882,-0.108
-3.001,1.282
-3.012,-0.118
-3.098,-1.184
-3.038,-2.322
-3.044,-0.43
-3.072,-1.208
3.087,1.106
-3.122,-1.497
-3.124,-0.546
3.068,-1.086
3.051,-0.714
3.041,0.322
3.044,-1.458
3.004,0.013
2.916,-0.455
2.971,-0.2
2.872,-1.03
2.861,-0.958
2.752,-0.301
2.75,-0.559
2.804,-1.452
2.791,-2.465
2.735,1.258
2.645,-1.662
2.305,-1.889
2.22,-1.949
2.185,-1.45
2.103,0.386
2.143,-0.082
2.122,-1.581
2.117,1.018
1.864,-1.379
1.377,-2.683
1.187,-2.698
0.719,-2.864
-0.354,-2.827
-1.111,-2.951
-1.995,-2.8
-2.159,-2.713
-2.422,-2.96
-2.749,-2.678
1.509,1.42
1.217,1.708
0.915,1.613
0.847,1.648
0.491,1.762
0.468,1.578
0.145,1.544
0.094,1.369
-1.051,1.567
-1.235,1.834
-1.189,1.942
-1.711,1.633
-2.937,1.746
3.018,1.842
3.001,1.478
2.79,1.465
2.588,1.376
2.647,1.867
-2.68,-2.29
-2.838,0.487
1.265,-2.843
0.931,-2.657
0.244,-2.917
-0.402,-2.911
-2.725,-2.661
-1.456,1.714
1.638,-1.173
1.724,-2.399
1.578,-1.131
1.578,-1.988
1.548,-1.081
1.538,-1.57
1.577,0.117
1.272,1.079
1.229,-0.022
1.168,-2.154
1.152,1.381
1.148,-2.184
1.273,-0.216
1.081,0.22
1.08,-1.675
0.927,0.282
1.02,-1.023
0.856,0.282
0.951,0.048
0.943,-2.43
0.816,-1.447
0.878,0.105
0.696,0.252
0.558,-0.168
0.539,-2.446
0.64,1.24
0.594,-2.585
0.478,-0.122
0.469,-0.525
0.337,0.912
0.33,0.039
0.432,-0.353
0.264,0.91
0.246,1.231
0.109,1.223
0.102,-2.571
-0.048,-0.673
-0.051,0.01
-0.048,-1.306
-0.297,-2.031
-0.496,0.12
-0.539,-1.572
-0.629,-0.343
-0.757,0.52
-0.802,-2.464
-0.855,-0.756
-0.983,0.022
-1.016,-0.574
-1.067,-0.331
-1.107,-0.048
-0.998,-2.452
-1.175,0.992
-1.185,0.71
-1.342,0.205
-1.382,-2.387
-1.436,-1.36
-1.352,0.103
-1.5,0.877
-1.442,0.878
-1.772,-2.415
-1.718,-0.349
-1.796,-2.654
-1.874,-1.134
-2.017,0.099
-2.024,0.365
-2.215,-0.779
-2.345,-1.471
-2.395,-0.883
-2.603,-0.542
-2.598,-1.323
-2.712,-1.052
-2.969,-1.584
-2.922,-0.807
-2.94,-0.553
-3.064,-1.169
3.138,-2.115
2.99,1.102
2.934,-0.377
3.027,-1.443
2.965,-2.172
2.664,-0.703
2.794,-1.161
2.494,-2.103
2.286,-2.2
2.258,-0.539
2.195,0.885
2.071,-1.139
1.973,-0.059
1.94,-1.174
1.83,-0.622
1.765,-0.032
1.563,-2.915
0.906,-2.514
0.609,-2.678
0.461,-2.888
0.476,-2.827
-0.079,-2.675
-0.002,-2.864
-0.368,-2.931
-0.898,-2.748
-1.005,-2.973
-1.746,-2.834
-2.404,-2.629
-3.113,-2.618
3.042,-2.72
2.119,-2.659
1.942,-2.88
1.254,1.787
0.762,1.603
0.49,1.827
-0.226,1.55
-0.998,1.761
-1.419,1.79
-1.309,1.546
-2.295,1.631
2.714,1.783
2.365,1.731
2.38,1.521
-0.41,-2.029
-2.81,-1.31
1.0,-1.554
-1.461,0.727
-2.732,-0.592
-2.897,0.05
2.58,0.17
1.324,0.382
0.015,0.318
-2.667,-1.051
-3.028,-1.051
1.61,1.473
2.27,1.326
2.459,-2.438
-0.085,0.166
-0.187,0.048
-0.178,-0.304
-0.23,-0.737
-0.34,-2.895
-0.326,-0.702
-0.335,-1.015
-0.363,-0.504
-0.451,-0.792
-0.454,-2.346
-0.434,-0.223
-0.51,0.211
-0.602,-2.737
-0.558,-2.891
-0.656,-0.832
-0.655,-2.036
-0.668,-0.559
-0.722,-0.925
-0.774,-3.268
-0.72,-2.129
-0.799,-0.33
-0.752,-0.44
-0.775,-1.126
-0.838,-3.351
-0.975,-3.244
-0.905,-2.775
-0.974,-1.219
-0.971,-0.589
-1.102,-2.119
-1.096,-0.943
-1.122,-1.699
-1.147,0.393
-1.162,-0.104
-1.144,-0.74
-1.182,-2.953
-1.257,-0.497
-1.368,-3.436
-1.318,-1.317
-1.345,-1.158
-1.428,-0.006
-1.502,-1.368
-1.604,-2.069
-1.611,-1.128
-1.606,0.517
-1.555,-0.957
-1.588,-0.713
-1.649,-3.037
-1.764,-1.545
-1.691,-0.018
-1.784,-0.924
-1.89,0.297
-1.897,0.008
-1.912,-1.409
-1.96,-2.041
-1.986,-1.213
-1.98,-0.259
-2.071,-2.329
-2.038,-2.206
-2.065,-1.27
-2.058,-3.045
-2.122,-2.822
-2.154,-1.167
-2.221,0.236
-2.309,-2.478
-2.422,-3.512
-2.433,-3.392
-2.409,-2.386
-2.418,0.019
-2.42,-2.586
-2.532,-2.453
-2.546,-0.725
-2.472,0.32
-2.508,0.078
-2.575,-2.391
-2.64,-0.447
-2.63,-1.021
-2.749,0.369
-2.76,-1.031
-2.846,-2.097
-2.786,-3.235
-2.792,-1.343
-2.82,-2.121
-2.944,0.193
-2.87,-2.41
-2.872,-1.459
-2.963,-1.999
-2.98,-1.627
-2.99,-0.591
-2.987,-2.371
-3.027,-0.9
-3.115,-1.368
-3.06,-1.113
3.124,-1.943
3.113,-1.871
3.004,-1.214
3.002,-1.472
3.056,-2.365
3.043,-3.378
2.987,0.345
2.897,-2.575
2.557,-2.802
2.472,-2.862
2.437,-2.363
2.355,-0.527
2.395,-0.995
2.374,-2.494
2.369,0.105
2.116,-2.292
1.629,-3.596
1.439,-3.611
0.971,-3.777
-0.102,-3.74
-0.859,-3.864
-1.743,-3.713
-1.907,-3.626
-2.17,-3.873
-2.497,-3.591
1.761,0.507
1.469,0.795
1.167,0.7
1.099,0.735
0.743,0.849
0.72,0.665
0.397,0.631
0.346,0.456
-0.799,0.654
-0.983,0.921
-0.937,1.029
-1.459,0.72
-2.685,0.833
-3.013,0.929
-3.03,0.565
3.042,0.552
2.84,0.463
2.899,0.954
-2.428,-3.203
-2.586,-0.426
1.517,-3.756
1.183,-3.57
0.496,-3.83
-0.15,-3.824
-2.473,-3.574
-1.204,0.801
1.89,-2.086
1.976,-3.312
1.83,-2.044
1.83,-2.901
1.8,-1.994
1.79,-2.483
1.829,-0.796
1.524,0.166
1.481,-0.935
1.42,-3.067
1.404,0.468
1.4,-3.097
1.525,-1.129
1.333,-0.693
1.332,-2.588
1.179,-0.631
1.272,-1.936
1.108,-0.631
1.203,-0.865
1.195,-3.343
1.068,-2.36
1.13,-0.808
0.948,-0.661
0.81,-1.081
0.791,-3.359
0.892,0.327
0.846,-3.498
0.73,-1.035
0.721,-1.438
0.589,-0.001
0.582,-0.874
0.684,-1.266
0.516,-0.003
0.498,0.318
0.361,0.31
0.354,-3.484
0.204,-1.586
0.201,-0.903
0.204,-2.219
-0.045,-2.944
-0.244,-0.793
-0.287,-2.485
-0.377,-1.256
-0.505,-0.393
-0.55,-3.377
-0.603,-1.669
-0.731,-0.891
-0.764,-1.487
-0.815,-1.244
-0.855,-0.961
-0.746,-3.365
-0.923,0.079
-0.933,-0.203
-1.09,-0.708
-1.13,-3.3
-1.184,-2.273
-1.1,-0.81
-1.248,-0.036
-1.19,-0.035
-1.52,-3.328
-1.466,-1.262
-1.544,-3.567
-1.622,-2.047
-1.765,-0.814
-1.772,-0.548
-1.963,-1.692
-2.093,-2.384
-2.143,-1.796
-2.351,-1.455
-2.346,-2.236
-2.46,-1.965
-2.717,-2.497
-2.67,-1.72
-2.688,-1.466
-2.812,-2.082
-2.893,-3.028
-3.041,0.189
-3.097,-1.29
-3.004,-2.356
-3.066,-3.085
2.916,-1.616
3.046,-2.074
2.746,-3.016
2.538,-3.113
2.51,-1.452
2.447,-0.028
2.323,-2.052
2.225,-0.972
2.192,-2.087
2.082,-1.535
2.017,-0.945
1.815,-3.828
1.158,-3.427
0.861,-3.591
0.713,-3.801
0.728,-3.74
0.173,-3.588
0.25,-3.777
-0.116,-3.844
-0.646,-3.661
-0.753,-3.886
-1.494,-3.747
-2.152,-3.542
-2.861,-3.531
-2.989,-3.633
2.371,-3.572
2.194,-3.793
1.506,0.874
1.014,0.69
0.742,0.914
0.026,0.637
-0.746,0.848
-1.167,0.877
-1.057,0.633
-2.043,0.718
2.966,0.87
2.617,0.818
2.632,0.608
-0.158,-2.942
-2.558,-2.223
1.252,-2.467
-1.209,-0.186
-2.48,-1.505
-2.645,-0.863
2.832,-0.743
1.576,-0.531
0.267,-0.595
-2.415,-1.964
-2.776,-1.964
1.862,0.56
2.522,0.413
2.711,-3.351
-0.102,-0.118
-0.093,-0.47
-0.145,-0.903
-0.255,-3.061
-0.241,-0.868
-0.25,-1.181
-0.278,-0.67
-0.366,-0.958
-0.369,-2.512
-0.349,-0.389
-0.425,0.045
-0.517,-2.903
-0.473,-3.057
-0.571,-0.998
-0.57,-2.202
-0.583,-0.725
-0.637,-1.091
-0.689,-3.434
-0.635,-2.295
-0.714,-0.496
-0.667,-0.606
-0.69,-1.292
-0.753,-3.517
-0.89,-3.41
-0.82,-2.941
-0.889,-1.385
-0.886,-0.755
-1.017,-2.285
-1.011,-1.109
-1.037,-1.865
-1.062,0.227
-1.077,-0.27
-1.059,-0.906
-1.097,-3.119
-1.172,-0.663
-1.283,-3.602
-1.233,-1.483
-1.26,-1.324
-1.343,-0.172
-1.417,-1.534
-1.519,-2.235
-1.526,-1.294
-1.521,0.351
-1.47,-1.123
-1.503,-0.879
-1.564,-3.203
-1.679,-1.711
-1.606,-0.184
-1.699,-1.09
-1.805,0.131
-1.812,-0.158
-1.827,-1.575
-1.875,-2.207
-1.901,-1.379
-1.895,-0.425
-1.986,-2.495
-1.953,-2.372
-1.98,-1.436
-1.973,-3.211
-2.037,-2.988
-2.069,-1.333
-2.136,0.07
-2.224,-2.644
-2.337,-3.678
-2.348,-3.558
-2.324,-2.552
-2.333,-0.147
-2.335,-2.752
-2.447,-2.619
-2.461,-0.891
-2.387,0.154
-2.423,-0.088
-2.49,-2.557
-2.555,-0.613
-2.545,-1.187
-2.664,0.203
-2.675,-1.197
-2.761,-2.263
-2.701,-3.401
-2.707,-1.509
-2.735,-2.287
-2.859,0.027
-2.785,-2.576
-2.787,-1.625
-2.878,-2.165
-2.895,-1.793
-2.905,-0.757
-2.902,-2.537
-2.942,-1.066
-3.03,-1.534
-2.975,-1.279
-3.074,-2.109
-3.085,-2.037
3.089,-1.38
3.087,-1.638
3.141,-2.531
3.128,-3.544
3.072,0.179
2.982,-2.741
2.642,-2.968
2.557,-3.028
2.522,-2.529
2.44,-0.693
2.48,-1.161
2.459,-2.66
2.454,-0.061
2.201,-2.458
1.714,-3.762
1.524,-3.777
1.056,-3.943
-0.017,-3.906
-0.774,-4.03
-1.658,-3.879
-1.822,-3.792
-2.085,-4.039
-2.412,-3.757
1.846,0.341
1.554,0.629
1.252,0.534
1.184,0.569
0.828,0.683
0.805,0.499
0.482,0.465
0.431,0.29
-0.714,0.488
-0.898,0.755
-0.852,0.863
-1.374,0.554
-2.6,0.667
-2.928,0.763
-2.945,0.399
3.127,0.386
2.925,0.297
2.984,0.788
-2.343,-3.369
-2.501,-0.592
1.602,-3.922
1.268,-3.736
0.581,-3.996
-0.065,-3.99
-2.388,-3.74
-1.119,0.635
1.975,-2.252
2.061,-3.478
1.915,-2.21
1.915,-3.067
1.885,-2.16
1.875,-2.649
1.914,-0.962
1.609,0.0
1.566,-1.101
1.505,-3.233
1.489,0.302
1.485,-3.263
1.61,-1.295
1.418,-0.859
1.417,-2.754
1.264,-0.797
1.357,-2.102
1.193,-0.797
1.288,-1.031
1.28,-3.509
1.153,-2.526
1.215,-0.974
1.033,-0.827
0.895,-1.247
0.876,-3.525
0.977,0.161
0.931,-3.664
0.815,-1.201
0.806,-1.604
0.674,-0.167
0.667,-1.04
0.769,-1.432
0.601,-0.169
0.583,0.152
0.446,0.144
0.439,-3.65
0.289,-1.752
0.286,-1.069
0.289,-2.385
0.04,-3.11
-0.159,-0.959
-0.202,-2.651
-0.292,-1.422
-0.42,-0.559
-0.465,-3.543
-0.518,-1.835
-0.646,-1.057
-0.679,-1.653
-0.73,-1.41
-0.77,-1.127
-0.661,-3.531
-0.838,-0.087
-0.848,-0.369
-1.005,-0.874
-1.045,-3.466
-1.099,-2.439
-1.015,-0.976
-1.163,-0.202
-1.105,-0.201
-1.435,-3.494
-1.381,-1.428
-1.459,-3.733
-1.537,-2.213
-1.68,-0.98
-1.687,-0.714
-1.878,-1.858
-2.008,-2.55
-2.058,-1.962
-2.266,-1.621
-2.261,-2.402
-2.375,-2.131
-2.632,-2.663
-2.585,-1.886
-2.603,-1.632
-2.727,-2.248
-2.808,-3.194
-2.956,0.023
-3.012,-1.456
-2.919,-2.522
-2.981,-3.251
3.001,-1.782
3.131,-2.24
2.831,-3.182
2.623,-3.279
2.595,-1.618
2.532,-0.194
2.408,-2.218
2.31,-1.138
2.277,-2.253
2.167,-1.701
2.102,-1.111
1.9,-3.994
1.243,-3.593
0.946,-3.757
0.798,-3.967
0.813,-3.906
0.258,-3.754
0.335,-3.943
-0.031,-4.01
-0.561,-3.827
-0.668,-4.052
-1.409,-3.913
-2.067,-3.708
-2.776,-3.697
-2.904,-3.799
2.456,-3.738
2.279,-3.959
1.591,0.708
1.099,0.524
0.827,0.748
0.111,0.471
-0.661,0.682
-1.082,0.711
-0.972,0.467
-1.958,0.552
3.051,0.704
2.702,0.652
2.717,0.442
-0.073,-3.108
-2.473,-2.389
1.337,-2.633
-1.124,-0.352
-2.395,-1.671
-2.56,-1.029
2.917,-0.909
1.661,-0.697
0.352,-0.761
-2.33,-2.13
-2.691,-2.13
1.947,0.394
2.607,0.247
2.796,-3.517
0.009,-0.352
-0.043,-0.785
-0.153,-2.943
-0.139,-0.75
-0.148,-1.063
-0.176,-0.552
-0.264,-0.84
-0.267,-2.394
-0.247,-0.271
-0.323,0.163
-0.415,-2.785
-0.371,-2.939
-0.469,-0.88
-0.468,-2.084
-0.481,-0.607
-0.535,-0.973
-0.587,-3.316
-0.533,-2.177
-0.612,-0.378
-0.565,-0.488
-0.588,-1.174
-0.651,-3.399
-0.788,-3.292
-0.718,-2.823
-0.787,-1.267
-0.784,-0.637
-0.915,-2.167
-0.909,-0.991
-0.935,-1.747
-0.96,0.345
-0.975,-0.152
-0.957,-0.788
-0.995,-3.001
-1.07,-0.545
-1.181,-3.484
-1.131,-1.365
-1.158,-1.206
-1.241,-0.054
-1.315,-1.416
-1.417,-2.117
-1.424,-1.176
-1.419,0.469
-1.368,-1.005
-1.401,-0.761
-1.462,-3.085
-1.577,-1.593
-1.504,-0.066
-1.597,-0.972
-1.703,0.249
-1.71,-0.04
-1.725,-1.457
-1.773,-2.089
-1.799,-1.261
-1.793,-0.307
-1.884,-2.377
-1.851,-2.254
-1.878,-1.318
-1.871,-3.093
-1.935,-2.87
-1.967,-1.215
-2.034,0.188
-2.122,-2.526
-2.235,-3.56
-2.246,-3.44
-2.222,-2.434
-2.231,-0.029
-2.233,-2.634
-2.345,-2.501
-2.359,-0.773
-2.285,0.272
-2.321,0.03
-2.388,-2.439
-2.453,-0.495
-2.443,-1.069
-2.562,0.321
-2.573,-1.079
-2.659,-2.145
-2.599,-3.283
-2.605,-1.391
-2.633,-2.169
-2.757,0.145
-2.683,-2.458
-2.685,-1.507
-2.776,-2.047
-2.793,-1.675
-2.803,-0.639
-2.8,-2.419
-2.84,-0.948
-2.928,-1.416
-2.873,-1.161
-2.972,-1.991
-2.983,-1.919
-3.092,-1.262
-3.094,-1.52
-3.04,-2.413
-3.053,-3.426
-3.109,0.297
3.084,-2.623
2.744,-2.85
2.659,-2.91
2.624,-2.411
2.542,-0.575
2.582,-1.043
2.561,-2.542
2.556,0.057
2.303,-2.34
1.816,-3.644
1.626,-3.659
1.158,-3.825
0.085,-3.788
-0.672,-3.912
-1.556,-3.761
-1.72,-3.674
-1.983,-3.921
-2.31,-3.639
1.948,0.459
1.656,0.747
1.354,0.652
1.286,0.687
0.93,0.801
0.907,0.617
0.584,0.583
0.533,0.408
-0.612,0.606
-0.796,0.873
-0.75,0.981
-1.272,0.672
-2.498,0.785
-2.826,0.881
-2.843,0.517
-3.054,0.504
3.027,0.415
3.086,0.906
-2.241,-3.251
-2.399,-0.474
1.704,-3.804
1.37,-3.618
0.683,-3.878
0.037,-3.872
-2.286,-3.622
-1.017,0.753
2.077,-2.134
2.163,-3.36
2.017,-2.092
2.017,-2.949
1.987,-2.042
1.977,-2.531
2.016,-0.844
1.711,0.118
1.668,-0.983
1.607,-3.115
1.591,0.42
1.587,-3.145
1.712,-1.177
1.52,-0.741
1.519,-2.636
1.366,-0.679
1.459,-1.984
1.295,-0.679
1.39,-0.913
1.382,-3.391
1.255,-2.408
1.317,-0.856
1.135,-0.709
0.997,-1.129
0.978,-3.407
1.079,0.279
1.033,-3.546
0.917,-1.083
0.908,-1.486
0.776,-0.049
0.769,-0.922
0.871,-1.314
0.703,-0.051
0.685,0.27
0.548,0.262
0.541,-3.532
0.391,-1.634
0.388,-0.951
0.391,-2.267
0.142,-2.992
-0.057,-0.841
-0.1,-2.533
-0.19,-1.304
-0.318,-0.441
-0.363,-3.425
-0.416,-1.717
-0.544,-0.939
-0.577,-1.535
-0.628,-1.292
-0.668,-1.009
-0.559,-3.413
-0.736,0.031
-0.746,-0.251
-0.903,-0.756
-0.943,-3.348
-0.997,-2.321
-0.913,-0.858
-1.061,-0.084
-1.003,-0.083
-1.333,-3.376
-1.279,-1.31
-1.357,-3.615
-1.435,-2.095
-1.578,-0.862
-1.585,-0.596
-1.776,-1.74
-1.906,-2.432
-1.956,-1.844
-2.164,-1.503
-2.159,-2.284
-2.273,-2.013
-2.53,-2.545
-2.483,-1.768
-2.501,-1.514
-2.625,-2.13
-2.706,-3.076
-2.854,0.141
-2.91,-1.338
-2.817,-2.404
-2.879,-3.133
3.103,-1.664
-3.05,-2.122
2.933,-3.064
2.725,-3.161
2.697,-1.5
2.634,-0.076
2.51,-2.1
2.412,-1.02
2.379,-2.135
2.269,-1.583
2.204,-0.993
2.002,-3.876
1.345,-3.475
1.048,-3.639
0.9,-3.849
0.915,-3.788
0.36,-3.636
0.437,-3.825
0.071,-3.892
-0.459,-3.709
-0.566,-3.934
-1.307,-3.795
-1.965,-3.59
-2.674,-3.579
-2.802,-3.681
2.558,-3.62
2.381,-3.841
1.693,0.826
1.201,0.642
0.929,0.866
0.213,0.589
-0.559,0.8
-0.98,0.829
-0.87,0.585
-1.856,0.67
-3.13,0.822
2.804,0.77
2.819,0.56
0.029,-2.99
-2.371,-2.271
1.439,-2.515
-1.022,-0.234
-2.293,-1.553
-2.458,-0.911
3.019,-0.791
1.763,-0.579
0.454,-0.643
-2.228,-2.012
-2.589,-2.012
2.049,0.512
2.709,0.365
2.898,-3.399
-0.052,-0.433
-0.162,-2.591
-0.148,-0.398
-0.157,-0.711
-0.185,-0.2
-0.273,-0.488
-0.276,-2.042
-0.256,0.081
-0.332,0.515
-0.424,-2.433
-0.38,-2.587
-0.478,-0.528
-0.477,-1.732
-0.49,-0.255
-0.544,-0.621
-0.596,-2.964
-0.542,-1.825
-0.621,-0.026
-0.574,-0.136
-0.597,-0.822
-0.66,-3.047
-0.797,-2.94
-0.727,-2.471
-0.796,-0.915
-0.793,-0.285
-0.924,-1.815
-0.918,-0.639
-0.944,-1.395
-0.969,0.697
-0.984,0.2
-0.966,-0.436
-1.004,-2.649
-1.079,-0.193
-1.19,-3.132
-1.14,-1.013
-1.167,-0.854
-1.25,0.298
-1.324,-1.064
-1.426,-1.765
-1.433,-0.824
-1.428,0.821
-1.377,-0.653
-1.41,-0.409
-1.471,-2.733
-1.586,-1.241
-1.513,0.286
-1.606,-0.62
-1.712,0.601
-1.719,0.312
-1.734,-1.105
-1.782,-1.737
-1.808,-0.909
-1.802,0.045
-1.893,-2.025
-1.86,-1.902
-1.887,-0.966
-1.88,-2.741
-1.944,-2.518
-1.976,-0.863
-2.043,0.54
-2.131,-2.174
-2.244,-3.208
-2.255,-3.088
-2.231,-2.082
-2.24,0.323
-2.242,-2.282
-2.354,-2.149
-2.368,-0.421
-2.294,0.624
-2.33,0.382
-2.397,-2.087
-2.462,-0.143
-2.452,-0.717
-2.571,0.673
-2.582,-0.727
-2.668,-1.793
-2.608,-2.931
-2.614,-1.039
-2.642,-1.817
-2.766,0.497
-2.692,-2.106
-2.694,-1.155
-2.785,-1.695
-2.802,-1.323
-2.812,-0.287
-2.809,-2.067
-2.849,-0.596
-2.937,-1.064
-2.882,-0.809
-2.981,-1.639
-2.992,-1.567
-3.101,-0.91
-3.103,-1.168
-3.049,-2.061
-3.062,-3.074
-3.118,0.649
3.075,-2.271
2.735,-2.498
2.65,-2.558
2.615,-2.059
2.533,-0.223
2.573,-0.691
2.552,-2.19
2.547,0.409
2.294,-1.988
1.807,-3.292
1.617,-3.307
1.149,-3.473
0.076,-3.436
-0.681,-3.56
-1.565,-3.409
-1.729,-3.322
-1.992,-3.569
-2.319,-3.287
1.939,0.811
1.647,1.099
1.345,1.004
1.277,1.039
0.921,1.153
0.898,0.969
0.575,0.935
0.524,0.76
-0.621,0.958
-0.805,1.225
-0.759,1.333
-1.281,1.024
-2.507,1.137
-2.835,1.233
-2.852,0.869
-3.063,0.856
3.018,0.767
3.077,1.258
-2.25,-2.899
-2.408,-0.122
1.695,-3.452
1.361,-3.266
0.674,-3.526
0.028,-3.52
-2.295,-3.27
-1.026,1.105
2.068,-1.782
2.154,-3.008
2.008,-1.74
2.008,-2.597
1.978,-1.69
1.968,-2.179
2.007,-0.492
1.702,0.47
1.659,-0.631
1.598,-2.763
1.582,0.772
1.578,-2.793
1.703,-0.825
1.511,-0.389
1.51,-2.284
1.357,-0.327
1.45,-1.632
1.286,-0.327
1.381,-0.561
1.373,-3.039
1.246,-2.056
1.308,-0.504
1.126,-0.357
0.988,-0.777
0.969,-3.055
1.07,0.631
1.024,-3.194
0.908,-0.731
0.899,-1.134
0.767,0.303
0.76,-0.57
0.862,-0.962
0.694,0.301
0.676,0.622
0.539,0.614
0.532,-3.18
0.382,-1.282
0.379,-0.599
0.382,-1.915
0.133,-2.64
-0.066,-0.489
-0.109,-2.181
-0.199,-0.952
-0.327,-0.089
-0.372,-3.073
-0.425,-1.365
-0.553,-0.587
-0.586,-1.183
-0.637,-0.94
-0.677,-0.657
-0.568,-3.061
-0.745,0.383
-0.755,0.101
-0.912,-0.404
-0.952,-2.996
-1.006,-1.969
-0.922,-0.506
-1.07,0.268
-1.012,0.269
-1.342,-3.024
-1.288,-0.958
-1.366,-3.263
-1.444,-1.743
-1.587,-0.51
-1.594,-0.244
-1.785,-1.388
-1.915,-2.08
-1.965,-1.492
-2.173,-1.151
-2.168,-1.932
-2.282,-1.661
-2.539,-2.193
-2.492,-1.416
-2.51,-1.162
-2.634,-1.778
-2.715,-2.724
-2.863,0.493
-2.919,-0.986
-2.826,-2.052
-2.888,-2.781
3.094,-1.312
-3.059,-1.77
2.924,-2.712
2.716,-2.809
2.688,-1.148
2.625,0.276
2.501,-1.748
2.403,-0.668
2.37,-1.783
2.26,-1.231
2.195,-0.641
1.993,-3.524
1.336,-3.123
1.039,-3.287
0.891,-3.497
0.906,-3.436
0.351,-3.284
0.428,-3.473
0.062,-3.54
-0.468,-3.357
-0.575,-3.582
-1.316,-3.443
-1.974,-3.238
-2.683,-3.227
-2.811,-3.329
2.549,-3.268
2.372,-3.489
1.684,1.178
1.192,0.994
0.92,1.218
0.204,0.941
-0.568,1.152
-0.989,1.181
-0.879,0.937
-1.865,1.022
-3.139,1.174
2.795,1.122
2.81,0.912
0.02,-2.638
-2.38,-1.919
1.43,-2.163
-1.031,0.118
-2.302,-1.201
-2.467,-0.559
3.01,-0.439
1.754,-0.227
0.445,-0.291
-2.237,-1.66
-2.598,-1.66
2.04,0.864
2.7,0.717
2.889,-3.047
-0.11,-2.158
-0.096,0.035
-0.105,-0.278
-0.133,0.233
-0.221,-0.055
-0.224,-1.609
-0.204,0.514
-0.28,0.948
-0.372,-2.0
-0.328,-2.154
-0.426,-0.095
-0.425,-1.299
-0.438,0.178
-0.492,-0.188
-0.544,-2.531
-0.49,-1.392
-0.569,0.407
-0.522,0.297
-0.545,-0.389
-0.608,-2.614
-0.745,-2.507
-0.675,-2.038
-0.744,-0.482
-0.741,0.148
-0.872,-1.382
-0.866,-0.206
-0.892,-0.962
-0.917,1.13
-0.932,0.633
-0.914,-0.003
-0.952,-2.216
-1.027,0.24
-1.138,-2.699
-1.088,-0.58
-1.115,-0.421
-1.198,0.731
-1.272,-0.631
-1.374,-1.332
-1.381,-0.391
-1.376,1.254
-1.325,-0.22
-1.358,0.024
-1.419,-2.3
-1.534,-0.808
-1.461,0.719
-1.554,-0.187
-1.66,1.034
-1.667,0.745
-1.682,-0.672
-1.73,-1.304
-1.756,-0.476
-1.75,0.478
-1.841,-1.592
-1.808,-1.469
-1.835,-0.533
-1.828,-2.308
-1.892,-2.085
-1.924,-0.43
-1.991,0.973
-2.079,-1.741
-2.192,-2.775
-2.203,-2.655
-2.179,-1.649
-2.188,0.756
-2.19,-1.849
-2.302,-1.716
-2.316,0.012
-2.242,1.057
-2.278,0.815
-2.345,-1.654
-2.41,0.29
-2.4,-0.284
-2.519,1.106
-2.53,-0.294
-2.616,-1.36
-2.556,-2.498
-2.562,-0.606
-2.59,-1.384
-2.714,0.93
-2.64,-1.673
-2.642,-0.722
-2.733,-1.262
-2.75,-0.89
-2.76,0.146
-2.757,-1.634
-2.797,-0.163
-2.885,-0.631
-2.83,-0.376
-2.929,-1.206
-2.94,-1.134
-3.049,-0.477
-3.051,-0.735
-2.997,-1.628
-3.01,-2.641
-3.066,1.082
3.127,-1.838
2.787,-2.065
2.702,-2.125
2.667,-1.626
2.585,0.21
2.625,-0.258
2.604,-1.757
2.599,0.842
2.346,-1.555
1.859,-2.859
1.669,-2.874
1.201,-3.04
0.128,-3.003
-0.629,-3.127
-1.513,-2.976
-1.677,-2.889
-1.94,-3.136
-2.267,-2.854
1.991,1.244
1.699,1.532
1.397,1.437
1.329,1.472
0.973,1.586
0.95,1.402
0.627,1.368
0.576,1.193
-0.569,1.391
-0.753,1.658
-0.707,1.766
-1.229,1.457
-2.455,1.57
-2.783,1.666
-2.8,1.302
-3.011,1.289
3.07,1.2
3.129,1.691
-2.198,-2.466
-2.356,0.311
1.747,-3.019
1.413,-2.833
0.726,-3.093
0.08,-3.087
-2.243,-2.837
-0.974,1.538
2.12,-1.349
2.206,-2.575
2.06,-1.307
2.06,-2.164
2.03,-1.257
2.02,-1.746
2.059,-0.059
1.754,0.903
1.711,-0.198
1.65,-2.33
1.634,1.205
1.63,-2.36
1.755,-0.392
1.563,0.044
1.562,-1.851
1.409,0.106
1.502,-1.199
1.338,0.106
1.433,-0.128
1.425,-2.606
1.298,-1.623
1.36,-0.071
1.178,0.076
1.04,-0.344
1.021,-2.622
1.122,1.064
1.076,-2.761
0.96,-0.298
0.951,-0.701
0.819,0.736
0.812,-0.137
0.914,-0.529
0.746,0.734
0.728,1.055
0.591,1.047
0.584,-2.747
0.434,-0.849
0.431,-0.166
0.434,-1.482
0.185,-2.207
-0.014,-0.056
-0.057,-1.748
-0.147,-0.519
-0.275,0.344
-0.32,-2.64
-0.373,-0.932
-0.501,-0.154
-0.534,-0.75
-0.585,-0.507
-0.625,-0.224
-0.516,-2.628
-0.693,0.816
-0.703,0.534
-0.86,0.029
-0.9,-2.563
-0.954,-1.536
-0.87,-0.073
-1.018,0.701
-0.96,0.702
-1.29,-2.591
-1.236,-0.525
-1.314,-2.83
-1.392,-1.31
-1.535,-0.077
-1.542,0.189
-1.733,-0.955
-1.863,-1.647
-1.913,-1.059
-2.121,-0.718
-2.116,-1.499
-2.23,-1.228
-2.487,-1.76
-2.44,-0.983
-2.458,-0.729
-2.582,-1.345
-2.663,-2.291
-2.811,0.926
-2.867,-0.553
-2.774,-1.619
-2.836,-2.348
-3.137,-0.879
-3.007,-1.337
2.976,-2.279
2.768,-2.376
2.74,-0.715
2.677,0.709
2.553,-1.315
2.455,-0.235
2.422,-1.35
2.312,-0.798
2.247,-0.208
2.045,-3.091
1.388,-2.69
1.091,-2.854
0.943,-3.064
0.958,-3.003
0.403,-2.851
0.48,-3.04
0.114,-3.107
-0.416,-2.924
-0.523,-3.149
-1.264,-3.01
-1.922,-2.805
-2.631,-2.794
-2.759,-2.896
2.601,-2.835
2.424,-3.056
1.736,1.611
1.244,1.427
0.972,1.651
0.256,1.374
-0.516,1.585
-0.937,1.614
-0.827,1.37
-1.813,1.455
-3.087,1.607
2.847,1.555
2.862,1.345
0.072,-2.205
-2.328,-1.486
1.482,-1.73
-0.979,0.551
-2.25,-0.768
-2.415,-0.126
3.062,-0.006
1.806,0.206
0.497,0.142
-2.185,-1.227
-2.546,-1.227
2.092,1.297
2.752,1.15
2.941,-2.614
0.014,2.193
0.005,1.88
-0.023,2.391
-0.111,2.103
-0.114,0.549
-0.094,2.672
-0.17,3.106
-0.262,0.158
-0.218,0.004
-0.316,2.063
-0.315,0.859
-0.328,2.336
-0.382,1.97
-0.434,-0.373
-0.38,0.766
-0.459,2.565
-0.412,2.455
-0.435,1.769
-0.498,-0.456
-0.635,-0.349
-0.565,0.12
-0.634,1.676
-0.631,2.306
-0.762,0.776
-0.756,1.952
-0.782,1.196
-0.807,3.288
-0.822,2.791
-0.804,2.155
-0.842,-0.058
-0.917,2.398
-1.028,-0.541
-0.978,1.578
-1.005,1.737
-1.088,2.889
-1.162,1.527
-1.264,0.826
-1.271,1.767
-1.266,3.412
-1.215,1.938
-1.248,2.182
-1.309,-0.142
-1.424,1.35
-1.351,2.877
-1.444,1.971
-1.55,3.192
-1.557,2.903
-1.572,1.486
-1.62,0.854
-1.646,1.682
-1.64,2.636
-1.731,0.566
-1.698,0.689
-1.725,1.625
-1.718,-0.15
-1.782,0.073
-1.814,1.728
-1.881,3.131
-1.969,0.417
-2.082,-0.617
-2.093,-0.497
-2.069,0.509
-2.078,2.914
-2.08,0.309
-2.192,0.442
-2.206,2.17
-2.132,3.215
-2.168,2.973
-2.235,0.504
-2.3,2.448
-2.29,1.874
-2.409,3.264
-2.42,1.864
-2.506,0.798
-2.446,-0.34
-2.452,1.552
-2.48,0.774
-2.604,3.088
-2.53,0.485
-2.532,1.436
-2.623,0.896
-2.64,1.268
-2.65,2.304
-2.647,0.524
-2.687,1.995
-2.775,1.527
-2.72,1.782
-2.819,0.952
-2.83,1.024
-2.939,1.681
-2.941,1.423
-2.887,0.53
-2.9,-0.483
-2.956,3.24
-3.046,0.32
2.897,0.093
2.812,0.033
2.777,0.532
2.695,2.368
2.735,1.9
2.714,0.401
2.709,3.0
2.456,0.603
1.969,-0.701
1.779,-0.716
1.311,-0.882
0.238,-0.845
-0.519,-0.969
-1.403,-0.818
-1.567,-0.731
-1.83,-0.978
-2.157,-0.696
2.101,3.402
1.809,3.69
1.507,3.595
1.439,3.63
1.083,3.744
1.06,3.56
0.737,3.526
0.686,3.351
-0.459,3.549
-0.643,3.816
-0.597,3.924
-1.119,3.615
-2.345,3.728
-2.673,3.824
-2.69,3.46
-2.901,3.447
-3.103,3.358
-3.044,3.849
-2.088,-0.308
-2.246,2.469
1.857,-0.861
1.523,-0.675
0.836,-0.935
0.19,-0.929
-2.133,-0.679
-0.864,3.696
2.23,0.809
2.316,-0.417
2.17,0.851
2.17,-0.006
2.14,0.901
2.13,0.412
2.169,2.099
1.864,3.061
1.821,1.96
1.76,-0.172
1.744,3.363
1.74,-0.202
1.865,1.766
1.673,2.202
1.672,0.307
1.519,2.264
1.612,0.959
1.448,2.264
1.543,2.03
1.535,-0.448
1.408,0.535
1.47,2.087
1.288,2.234
1.15,1.814
1.131,-0.464
1.232,3.222
1.186,-0.603
1.07,1.86
1.061,1.457
0.929,2.894
0.922,2.021
1.024,1.629
0.856,2.892
0.838,3.213
0.701,3.205
0.694,-0.589
0.544,1.309
0.541,1.992
0.544,0.676
0.295,-0.049
0.096,2.102
0.053,0.41
-0.037,1.639
-0.165,2.502
-0.21,-0.482
-0.263,1.226
-0.391,2.004
-0.424,1.408
-0.475,1.651
-0.515,1.934
-0.406,-0.47
-0.583,2.974
-0.593,2.692
-0.75,2.187
-0.79,-0.405
-0.844,0.622
-0.76,2.085
-0.908,2.859
-0.85,2.86
-1.18,-0.433
-1.126,1.633
-1.204,-0.672
-1.282,0.848
-1.425,2.081
-1.432,2.347
-1.623,1.203
-1.753,0.511
-1.803,1.099
-2.011,1.44
-2.006,0.659
-2.12,0.93
-2.377,0.398
-2.33,1.175
-2.348,1.429
-2.472,0.813
-2.553,-0.133
-2.701,3.084
-2.757,1.605
-2.664,0.539
-2.726,-0.19
-3.027,1.279
-2.897,0.821
3.086,-0.121
2.878,-0.218
2.85,1.443
2.787,2.867
2.663,0.843
2.565,1.923
2.532,0.808
2.422,1.36
2.357,1.95
2.155,-0.933
1.498,-0.532
1.201,-0.696
1.053,-0.906
1.068,-0.845
0.513,-0.693
0.59,-0.882
0.224,-0.949
-0.306,-0.766
-0.413,-0.991
-1.154,-0.852
-1.812,-0.647
-2.521,-0.636
-2.649,-0.738
2.711,-0.677
2.534,-0.898
1.846,3.769
1.354,3.585
1.082,3.809
0.366,3.532
-0.406,3.743
-0.827,3.772
-0.717,3.528
-1.703,3.613
-2.977,3.765
2.957,3.713
2.972,3.503
0.182,-0.047
-2.218,0.672
1.592,0.428
-0.869,2.709
-2.14,1.39
-2.305,2.032
-3.111,2.152
1.916,2.364
0.607,2.3
-2.075,0.931
-2.436,0.931
2.202,3.455
2.862,3.308
3.051,-0.456
-0.009,-0.313
-0.037,0.198
-0.125,-0.09
-0.128,-1.644
-0.108,0.479
-0.184,0.913
-0.276,-2.035
-0.232,-2.189
-0.33,-0.13
-0.329,-1.334
-0.342,0.143
-0.396,-0.223
-0.448,-2.566
-0.394,-1.427
-0.473,0.372
-0.426,0.262
-0.449,-0.424
-0.512,-2.649
-0.649,-2.542
-0.579,-2.073
-0.648,-0.517
-0.645,0.113
-0.776,-1.417
-0.77,-0.241
-0.796,-0.997
-0.821,1.095
-0.836,0.598
-0.818,-0.038
-0.856,-2.251
-0.931,0.205
-1.042,-2.734
-0.992,-0.615
-1.019,-0.456
-1.102,0.696
-1.176,-0.666
-1.278,-1.367
-1.285,-0.426
-1.28,1.219
-1.229,-0.255
-1.262,-0.011
-1.323,-2.335
-1.438,-0.843
-1.365,0.684
-1.458,-0.222
-1.564,0.999
-1.571,0.71
-1.586,-0.707
-1.634,-1.339
-1.66,-0.511
-1.654,0.443
-1.745,-1.627
-1.712,-1.504
-1.739,-0.568
-1.732,-2.343
-1.796,-2.12
-1.828,-0.465
-1.895,0.938
-1.983,-1.776
-2.096,-2.81
-2.107,-2.69
-2.083,-1.684
-2.092,0.721
-2.094,-1.884
-2.206,-1.751
-2.22,-0.023
-2.146,1.022
-2.182,0.78
-2.249,-1.689
-2.314,0.255
-2.304,-0.319
-2.423,1.071
-2.434,-0.329
-2.52,-1.395
-2.46,-2.533
-2.466,-0.641
-2.494,-1.419
-2.618,0.895
-2.544,-1.708
-2.546,-0.757
-2.637,-1.297
-2.654,-0.925
-2.664,0.111
-2.661,-1.669
-2.701,-0.198
-2.789,-0.666
-2.734,-0.411
-2.833,-1.241
-2.844,-1.169
-2.953,-0.512
-2.955,-0.77
-2.901,-1.663
-2.914,-2.676
-2.97,1.047
-3.06,-1.873
2.883,-2.1
2.798,-2.16
2.763,-1.661
2.681,0.175
2.721,-0.293
2.7,-1.792
2.695,0.807
2.442,-1.59
1.955,-2.894
1.765,-2.909
1.297,-3.075
0.224,-3.038
-0.533,-3.162
-1.417,-3.011
-1.581,-2.924
-1.844,-3.171
-2.171,-2.889
2.087,1.209
1.795,1.497
1.493,1.402
1.425,1.437
1.069,1.551
1.046,1.367
0.723,1.333
0.672,1.158
-0.473,1.356
-0.657,1.623
-0.611,1.731
-1.133,1.422
-2.359,1.535
-2.687,1.631
-2.704,1.267
-2.915,1.254
-3.117,1.165
-3.058,1.656
-2.102,-2.501
-2.26,0.276
1.843,-3.054
1.509,-2.868
0.822,-3.128
0.176,-3.122
-2.147,-2.872
-0.878,1.503
2.216,-1.384
2.302,-2.61
2.156,-1.342
2.156,-2.199
2.126,-1.292
2.116,-1.781
2.155,-0.094
1.85,0.868
1.807,-0.233
1.746,-2.365
1.73,1.17
1.726,-2.395
1.851,-0.427
1.659,0.009
1.658,-1.886
1.505,0.071
1.598,-1.234
1.434,0.071
1.529,-0.163
1.521,-2.641
1.394,-1.658
1.456,-0.106
1.274,0.041
1.136,-0.379
1.117,-2.657
1.218,1.029
1.172,-2.796
1.056,-0.333
1.047,-0.736
0.915,0.701
0.908,-0.172
1.01,-0.564
0.842,0.699
0.824,1.02
0.687,1.012
0.68,-2.782
0.53,-0.884
0.527,-0.201
0.53,-1.517
0.281,-2.242
0.082,-0.091
0.039,-1.783
-0.051,-0.554
-0.179,0.309
-0.224,-2.675
-0.277,-0.967
-0.405,-0.189
-0.438,-0.785
-0.489,-0.542
-0.529,-0.259
-0.42,-2.663
-0.597,0.781
-0.607,0.499
-0.764,-0.006
-0.804,-2.598
-0.858,-1.571
-0.774,-0.108
-0.922,0.666
-0.864,0.667
-1.194,-2.626
-1.14,-0.56
-1.218,-2.865
-1.296,-1.345
-1.439,-0.112
-1.446,0.154
-1.637,-0.99
-1.767,-1.682
-1.817,-1.094
-2.025,-0.753
-2.02,-1.534
-2.134,-1.263
-2.391,-1.795
-2.344,-1.018
-2.362,-0.764
-2.486,-1.38
-2.567,-2.326
-2.715,0.891
-2.771,-0.588
-2.678,-1.654
-2.74,-2.383
-3.041,-0.914
-2.911,-1.372
3.072,-2.314
2.864,-2.411
2.836,-0.75
2.773,0.674
2.649,-1.35
2.551,-0.27
2.518,-1.385
2.408,-0.833
2.343,-0.243
2.141,-3.126
1.484,-2.725
1.187,-2.889
1.039,-3.099
1.054,-3.038
0.499,-2.886
0.576,-3.075
0.21,-3.142
-0.32,-2.959
-0.427,-3.184
-1.168,-3.045
-1.826,-2.84
-2.535,-2.829
-2.663,-2.931
2.697,-2.87
2.52,-3.091
1.832,1.576
1.34,1.392
1.068,1.616
0.352,1.339
-0.42,1.55
-0.841,1.579
-0.731,1.335
-1.717,1.42
-2.991,1.572
2.943,1.52
2.958,1.31
0.168,-2.24
-2.232,-1.521
1.578,-1.765
-0.883,0.516
-2.154,-0.803
-2.319,-0.161
-3.125,-0.041
1.902,0.171
0.593,0.107
-2.089,-1.262
-2.45,-1.262
2.188,1.262
2.848,1.115
3.037,-2.649
-0.028,0.511
-0.116,0.223
-0.119,-1.331
-0.099,0.792
-0.175,1.226
-0.267,-1.722
-0.223,-1.876
-0.321,0.183
-0.32,-1.021
-0.333,0.456
-0.387,0.09
-0.439,-2.253
-0.385,-1.114
-0.464,0.685
-0.417,0.575
-0.44,-0.111
-0.503,-2.336
-0.64,-2.229
-0.57,-1.76
-0.639,-0.204
-0.636,0.426
-0.767,-1.104
-0.761,0.072
-0.787,-0.684
-0.812,1.408
-0.827,0.911
-0.809,0.275
-0.847,-1.938
-0.922,0.518
-1.033,-2.421
-0.983,-0.302
-1.01,-0.143
-1.093,1.009
-1.167,-0.353
-1.269,-1.054
-1.276,-0.113
-1.271,1.532
-1.22,0.058
-1.253,0.302
-1.314,-2.022
-1.429,-0.53
-1.356,0.997
-1.449,0.091
-1.555,1.312
-1.562,1.023
-1.577,-0.394
-1.625,-1.026
-1.651,-0.198
-1.645,0.756
-1.736,-1.314
-1.703,-1.191
-1.73,-0.255
-1.723,-2.03
-1.787,-1.807
-1.819,-0.152
-1.886,1.251
-1.974,-1.463
-2.087,-2.497
-2.098,-2.377
-2.074,-1.371
-2.083,1.034
-2.085,-1.571
-2.197,-1.438
-2.211,0.29
-2.137,1.335
-2.173,1.093
-2.24,-1.376
-2.305,0.568
-2.295,-0.006
-2.414,1.384
-2.425,-0.016
-2.511,-1.082
-2.451,-2.22
-2.457,-0.328
-2.485,-1.106
-2.609,1.208
-2.535,-1.395
-2.537,-0.444
-2.628,-0.984
-2.645,-0.612
-2.655,0.424
-2.652,-1.356
-2.692,0.115
-2.78,-0.353
-2.725,-0.098
-2.824,-0.928
-2.835,-0.856
-2.944,-0.199
-2.946,-0.457
-2.892,-1.35
-2.905,-2.363
-2.961,1.36
-3.051,-1.56
2.892,-1.787
2.807,-1.847
2.772,-1.348
2.69,0.488
2.73,0.02
2.709,-1.479
2.704,1.12
2.451,-1.277
1.964,-2.581
1.774,-2.596
1.306,-2.762
0.233,-2.725
-0.524,-2.849
-1.408,-2.698
-1.572,-2.611
-1.835,-2.858
-2.162,-2.576
2.096,1.522
1.804,1.81
1.502,1.715
1.434,1.75
1.078,1.864
1.055,1.68
0.732,1.646
0.681,1.471
-0.464,1.669
-0.648,1.936
-0.602,2.044
-1.124,1.735
-2.35,1.848
-2.678,1.944
-2.695,1.58
-2.906,1.567
-3.108,1.478
-3.049,1.969
-2.093,-2.188
-2.251,0.589
1.852,-2.741
1.518,-2.555
0.831,-2.815
0.185,-2.809
-2.138,-2.559
-0.869,1.816
2.225,-1.071
2.311,-2.297
2.165,-1.029
2.165,-1.886
2.135,-0.979
2.125,-1.468
2.164,0.219
1.859,1.181
1.816,0.08
1.755,-2.052
1.739,1.483
1.735,-2.082
1.86,-0.114
1.668,0.322
1.667,-1.573
1.514,0.384
1.607,-0.921
1.443,0.384
1.538,0.15
1.53,-2.328
1.403,-1.345
1.465,0.207
1.283,0.354
1.145,-0.066
1.126,-2.344
1.227,1.342
1.181,-2.483
1.065,-0.02
1.056,-0.423
0.924,1.014
0.917,0.141
1.019,-0.251
0.851,1.012
0.833,1.333
0.696,1.325
0.689,-2.469
0.539,-0.571
0.536,0.112
0.539,-1.204
0.29,-1.929
0.091,0.222
0.048,-1.47
-0.042,-0.241
-0.17,0.622
-0.215,-2.362
-0.268,-0.654
-0.396,0.124
-0.429,-0.472
-0.48,-0.229
-0.52,0.054
-0.411,-2.35
-0.588,1.094
-0.598,0.812
-0.755,0.307
-0.795,-2.285
-0.849,-1.258
-0.765,0.205
-0.913,0.979
-0.855,0.98
-1.185,-2.313
-1.131,-0.247
-1.209,-2.552
-1.287,-1.032
-1.43,0.201
-1.437,0.467
-1.628,-0.677
-1.758,-1.369
-1.808,-0.781
-2.016,-0.44
-2.011,-1.221
-2.125,-0.95
-2.382,-1.482
-2.335,-0.705
-2.353,-0.451
-2.477,-1.067
-2.558,-2.013
-2.706,1.204
-2.762,-0.275
-2.669,-1.341
-2.731,-2.07
-3.032,-0.601
-2.902,-1.059
3.081,-2.001
2.873,-2.098
2.845,-0.437
2.782,0.987
2.658,-1.037
2.56,0.043
2.527,-1.072
2.417,-0.52
2.352,0.07
2.15,-2.813
1.493,-2.412
1.196,-2.576
1.048,-2.786
1.063,-2.725
0.508,-2.573
0.585,-2.762
0.219,-2.829
-0.311,-2.646
-0.418,-2.871
-1.159,-2.732
-1.817,-2.527
-2.526,-2.516
-2.654,-2.618
2.706,-2.557
2.529,-2.778
1.841,1.889
1.349,1.705
1.077,1.929
0.361,1.652
-0.411,1.863
-0.832,1.892
-0.722,1.648
-1.708,1.733
-2.982,1.885
2.952,1.833
2.967,1.623
0.177,-1.927
-2.223,-1.208
1.587,-1.452
-0.874,0.829
-2.145,-0.49
-2.31,0.152
-3.116,0.272
1.911,0.484
0.602,0.42
-2.08,-0.949
-2.441,-0.949
2.197,1.575
2.857,1.428
3.046,-2.336
-0.088,-0.288
-0.091,-1.842
-0.071,0.281
-0.147,0.715
-0.239,-2.233
-0.195,-2.387
-0.293,-0.328
-0.292,-1.532
-0.305,-0.055
-0.359,-0.421
-0.411,-2.764
-0.357,-1.625
-0.436,0.174
-0.389,0.064
-0.412,-0.622
-0.475,-2.847
-0.612,-2.74
-0.542,-2.271
-0.611,-0.715
-0.608,-0.085
-0.739,-1.615
-0.733,-0.439
-0.759,-1.195
-0.784,0.897
-0.799,0.4
-0.781,-0.236
-0.819,-2.449
-0.894,0.007
-1.005,-2.932
-0.955,-0.813
-0.982,-0.654
-1.065,0.498
-1.139,-0.864
-1.241,-1.565
-1.248,-0.624
-1.243,1.021
-1.192,-0.453
-1.225,-0.209
-1.286,-2.533
-1.401,-1.041
-1.328,0.486
-1.421,-0.42
-1.527,0.801
-1.534,0.512
-1.549,-0.905
-1.597,-1.537
-1.623,-0.709
-1.617,0.245
-1.708,-1.825
-1.675,-1.702
-1.702,-0.766
-1.695,-2.541
-1.759,-2.318
-1.791,-0.663
-1.858,0.74
-1.946,-1.974
-2.059,-3.008
-2.07,-2.888
-2.046,-1.882
-2.055,0.523
-2.057,-2.082
-2.169,-1.949
-2.183,-0.221
-2.109,0.824
-2.145,0.582
-2.212,-1.887
-2.277,0.057
-2.267,-0.517
-2.386,0.873
-2.397,-0.527
-2.483,-1.593
-2.423,-2.731
-2.429,-0.839
-2.457,-1.617
-2.581,0.697
-2.507,-1.906
-2.509,-0.955
-2.6,-1.495
-2.617,-1.123
-2.627,-0.087
-2.624,-1.867
-2.664,-0.396
-2.752,-0.864
-2.697,-0.609
-2.796,-1.439
-2.807,-1.367
-2.916,-0.71
-2.918,-0.968
-2.864,-1.861
-2.877,-2.874
-2.933,0.849
-3.023,-2.071
2.92,-2.298
2.835,-2.358
2.8,-1.859
2.718,-0.023
2.758,-0.491
2.737,-1.99
2.732,0.609
2.479,-1.788
1.992,-3.092
1.802,-3.107
1.334,-3.273
0.261,-3.236
-0.496,-3.36
-1.38,-3.209
-1.544,-3.122
-1.807,-3.369
-2.134,-3.087
2.124,1.011
1.832,1.299
1.53,1.204
1.462,1.239
1.106,1.353
1.083,1.169
0.76,1.135
0.709,0.96
-0.436,1.158
-0.62,1.425
-0.574,1.533
-1.096,1.224
-2.322,1.337
-2.65,1.433
-2.667,1.069
-2.878,1.056
-3.08,0.967
-3.021,1.458
-2.065,-2.699
-2.223,0.078
1.88,-3.252
1.546,-3.066
0.859,-3.326
0.213,-3.32
-2.11,-3.07
-0.841,1.305
2.253,-1.582
2.339,-2.808
2.193,-1.54
2.193,-2.397
2.163,-1.49
2.153,-1.979
2.192,-0.292
1.887,0.67
1.844,-0.431
1.783,-2.563
1.767,0.972
1.763,-2.593
1.888,-0.625
1.696,-0.189
1.695,-2.084
1.542,-0.127
1.635,-1.432
1.471,-0.127
1.566,-0.361
1.558,-2.839
1.431,-1.856
1.493,-0.304
1.311,-0.157
1.173,-0.577
1.154,-2.855
1.255,0.831
1.209,-2.994
1.093,-0.531
1.084,-0.934
0.952,0.503
0.945,-0.37
1.047,-0.762
0.879,0.501
0.861,0.822
0.724,0.814
0.717,-2.98
0.567,-1.082
0.564,-0.399
0.567,-1.715
0.318,-2.44
0.119,-0.289
0.076,-1.981
-0.014,-0.752
-0.142,0.111
-0.187,-2.873
-0.24,-1.165
-0.368,-0.387
-0.401,-0.983
-0.452,-0.74
-0.492,-0.457
-0.383,-2.861
-0.56,0.583
-0.57,0.301
-0.727,-0.204
-0.767,-2.796
-0.821,-1.769
-0.737,-0.306
-0.885,0.468
-0.827,0.469
-1.157,-2.824
-1.103,-0.758
-1.181,-3.063
-1.259,-1.543
-1.402,-0.31
-1.409,-0.044
-1.6,-1.188
-1.73,-1.88
-1.78,-1.292
-1.988,-0.951
-1.983,-1.732
-2.097,-1.461
-2.354,-1.993
-2.307,-1.216
-2.325,-0.962
-2.449,-1.578
-2.53,-2.524
-2.678,0.693
-2.734,-0.786
-2.641,-1.852
-2.703,-2.581
-3.004,-1.112
-2.874,-1.57
3.109,-2.512
2.901,-2.609
2.873,-0.948
2.81,0.476
2.686,-1.548
2.588,-0.468
2.555,-1.583
2.445,-1.031
2.38,-0.441
2.178,-3.324
1.521,-2.923
1.224,-3.087
1.076,-3.297
1.091,-3.236
0.536,-3.084
0.613,-3.273
0.247,-3.34
-0.283,-3.157
-0.39,-3.382
-1.131,-3.243
-1.789,-3.038
-2.498,-3.027
-2.626,-3.129
2.734,-3.068
2.557,-3.289
1.869,1.378
1.377,1.194
1.105,1.418
0.389,1.141
-0.383,1.352
-0.804,1.381
-0.694,1.137
-1.68,1.222
-2.954,1.374
2.98,1.322
2.995,1.112
0.205,-2.438
-2.195,-1.719
1.615,-1.963
-0.846,0.318
-2.117,-1.001
-2.282,-0.359
-3.088,-0.239
1.939,-0.027
0.63,-0.091
-2.052,-1.46
-2.413,-1.46
2.225,1.064
2.885,0.917
3.074,-2.847
-0.003,-1.554
0.017,0.569
-0.059,1.003
-0.151,-1.945
-0.107,-2.099
-0.205,-0.04
-0.204,-1.244
-0.217,0.233
-0.271,-0.133
-0.323,-2.476
-0.269,-1.337
-0.348,0.462
-0.301,0.352
-0.324,-0.334
-0.387,-2.559
-0.524,-2.452
-0.454,-1.983
-0.523,-0.427
-0.52,0.203
-0.651,-1.327
-0.645,-0.151
-0.671,-0.907
-0.696,1.185
-0.711,0.688
-0.693,0.052
-0.731,-2.161
-0.806,0.295
-0.917,-2.644
-0.867,-0.525
-0.894,-0.366
-0.977,0.786
-1.051,-0.576
-1.153,-1.277
-1.16,-0.336
-1.155,1.309
-1.104,-0.165
-1.137,0.079
-1.198,-2.245
-1.313,-0.753
-1.24,0.774
-1.333,-0.132
-1.439,1.089
-1.446,0.8
-1.461,-0.617
-1.509,-1.249
-1.535,-0.421
-1.529,0.533
-1.62,-1.537
-1.587,-1.414
-1.614,-0.478
-1.607,-2.253
-1.671,-2.03
-1.703,-0.375
-1.77,1.028
-1.858,-1.686
-1.971,-2.72
-1.982,-2.6
-1.958,-1.594
-1.967,0.811
-1.969,-1.794
-2.081,-1.661
-2.095,0.067
-2.021,1.112
-2.057,0.87
-2.124,-1.599
-2.189,0.345
-2.179,-0.229
-2.298,1.161
-2.309,-0.239
-2.395,-1.305
-2.335,-2.443
-2.341,-0.551
-2.369,-1.329
-2.493,0.985
-2.419,-1.618
-2.421,-0.667
-2.512,-1.207
-2.529,-0.835
-2.539,0.201
-2.536,-1.579
-2.576,-0.108
-2.664,-0.576
-2.609,-0.321
-2.708,-1.151
-2.719,-1.079
-2.828,-0.422
-2.83,-0.68
-2.776,-1.573
-2.789,-2.586
-2.845,1.137
-2.935,-1.783
3.008,-2.01
2.923,-2.07
2.888,-1.571
2.806,0.265
2.846,-0.203
2.825,-1.702
2.82,0.897
2.567,-1.5
2.08,-2.804
1.89,-2.819
1.422,-2.985
0.349,-2.948
-0.408,-3.072
-1.292,-2.921
-1.456,-2.834
-1.719,-3.081
-2.046,-2.799
2.212,1.299
1.92,1.587
1.618,1.492
1.55,1.527
1.194,1.641
1.171,1.457
0.848,1.423
0.797,1.248
-0.348,1.446
-0.532,1.713
-0.486,1.821
-1.008,1.512
-2.234,1.625
-2.562,1.721
-2.579,1.357
-2.79,1.344
-2.992,1.255
-2.933,1.746
-1.977,-2.411
-2.135,0.366
1.968,-2.964
1.634,-2.778
0.947,-3.038
0.301,-3.032
-2.022,-2.782
-0.753,1.593
2.341,-1.294
2.427,-2.52
2.281,-1.252
2.281,-2.109
2.251,-1.202
2.241,-1.691
2.28,-0.004
1.975,0.958
1.932,-0.143
1.871,-2.275
1.855,1.26
1.851,-2.305
1.976,-0.337
1.784,0.099
1.783,-1.796
1.63,0.161
1.723,-1.144
1.559,0.161
1.654,-0.073
1.646,-2.551
1.519,-1.568
1.581,-0.016
1.399,0.131
1.261,-0.289
1.242,-2.567
1.343,1.119
1.297,-2.706
1.181,-0.243
1.172,-0.646
1.04,0.791
1.033,-0.082
1.135,-0.474
0.967,0.789
0.949,1.11
0.812,1.102
0.805,-2.692
0.655,-0.794
0.652,-0.111
0.655,-1.427
0.406,-2.152
0.207,-0.001
0.164,-1.693
0.074,-0.464
-0.054,0.399
-0.099,-2.585
-0.152,-0.877
-0.28,-0.099
-0.313,-0.695
-0.364,-0.452
-0.404,-0.169
-0.295,-2.573
-0.472,0.871
-0.482,0.589
-0.639,0.084
-0.679,-2.508
-0.733,-1.481
-0.649,-0.018
-0.797,0.756
-0.739,0.757
-1.069,-2.536
-1.015,-0.47
-1.093,-2.775
-1.171,-1.255
-1.314,-0.022
-1.321,0.244
-1.512,-0.9
-1.642,-1.592
-1.692,-1.004
-1.9,-0.663
-1.895,-1.444
-2.009,-1.173
-2.266,-1.705
-2.219,-0.928
-2.237,-0.674
-2.361,-1.29
-2.442,-2.236
-2.59,0.981
-2.646,-0.498
-2.553,-1.564
-2.615,-2.293
-2.916,-0.824
-2.786,-1.282
-3.086,-2.224
2.989,-2.321
2.961,-0.66
2.898,0.764
2.774,-1.26
2.676,-0.18
2.643,-1.295
2.533,-0.743
2.468,-0.153
2.266,-3.036
1.609,-2.635
1.312,-2.799
1.164,-3.009
1.179,-2.948
0.624,-2.796
0.701,-2.985
0.335,-3.052
-0.195,-2.869
-0.302,-3.094
-1.043,-2.955
-1.701,-2.75
-2.41,-2.739
-2.538,-2.841
2.822,-2.78
2.645,-3.001
1.957,1.666
1.465,1.482
1.193,1.706
0.477,1.429
-0.295,1.64
-0.716,1.669
-0.606,1.425
-1.592,1.51
-2.866,1.662
3.068,1.61
3.083,1.4
0.293,-2.15
-2.107,-1.431
1.703,-1.675
-0.758,0.606
-2.029,-0.713
-2.194,-0.071
-3.0,0.049
2.027,0.261
0.718,0.197
-1.964,-1.172
-2.325,-1.172
2.313,1.352
2.973,1.205
-3.121,-2.559
0.02,2.123
-0.056,2.557
-0.148,-0.391
-0.104,-0.545
-0.202,1.514
-0.201,0.31
-0.214,1.787
-0.268,1.421
-0.32,-0.922
-0.266,0.217
-0.345,2.016
-0.298,1.906
-0.321,1.22
-0.384,-1.005
-0.521,-0.898
-0.451,-0.429
-0.52,1.127
-0.517,1.757
-0.648,0.227
-0.642,1.403
-0.668,0.647
-0.693,2.739
-0.708,2.242
-0.69,1.606
-0.728,-0.607
-0.803,1.849
-0.914,-1.09
-0.864,1.029
-0.891,1.188
-0.974,2.34
-1.048,0.978
-1.15,0.277
-1.157,1.218
-1.152,2.863
-1.101,1.389
-1.134,1.633
-1.195,-0.691
-1.31,0.801
-1.237,2.328
-1.33,1.422
-1.436,2.643
-1.443,2.354
-1.458,0.937
-1.506,0.305
-1.532,1.133
-1.526,2.087
-1.617,0.017
-1.584,0.14
-1.611,1.076
-1.604,-0.699
-1.668,-0.476
-1.7,1.179
-1.767,2.582
-1.855,-0.132
-1.968,-1.166
-1.979,-1.046
-1.955,-0.04
-1.964,2.365
-1.966,-0.24
-2.078,-0.107
-2.092,1.621
-2.018,2.666
-2.054,2.424
-2.121,-0.045
-2.186,1.899
-2.176,1.325
-2.295,2.715
-2.306,1.315
-2.392,0.249
-2.332,-0.889
-2.338,1.003
-2.366,0.225
-2.49,2.539
-2.416,-0.064
-2.418,0.887
-2.509,0.347
-2.526,0.719
-2.536,1.755
-2.533,-0.025
-2.573,1.446
-2.661,0.978
-2.606,1.233
-2.705,0.403
-2.716,0.475
-2.825,1.132
-2.827,0.874
-2.773,-0.019
-2.786,-1.032
-2.842,2.691
-2.932,-0.229
3.011,-0.456
2.926,-0.516
2.891,-0.017
2.809,1.819
2.849,1.351
2.828,-0.148
2.823,2.451
2.57,0.054
2.083,-1.25
1.893,-1.265
1.425,-1.431
0.352,-1.394
-0.405,-1.518
-1.289,-1.367
-1.453,-1.28
-1.716,-1.527
-2.043,-1.245
2.215,2.853
1.923,3.141
1.621,3.046
1.553,3.081
1.197,3.195
1.174,3.011
0.851,2.977
0.8,2.802
-0.345,3.0
-0.529,3.267
-0.483,3.375
-1.005,3.066
-2.231,3.179
-2.559,3.275
-2.576,2.911
-2.787,2.898
-2.989,2.809
-2.93,3.3
-1.974,-0.857
-2.132,1.92
1.971,-1.41
1.637,-1.224
0.95,-1.484
0.304,-1.478
-2.019,-1.228
-0.75,3.147
2.344,0.26
2.43,-0.966
2.284,0.302
2.284,-0.555
2.254,0.352
2.244,-0.137
2.283,1.55
1.978,2.512
1.935,1.411
1.874,-0.721
1.858,2.814
1.854,-0.751
1.979,1.217
1.787,1.653
1.786,-0.242
1.633,1.715
1.726,0.41
1.562,1.715
1.657,1.481
1.649,-0.997
1.522,-0.014
1.584,1.538
1.402,1.685
1.264,1.265
1.245,-1.013
1.346,2.673
1.3,-1.152
1.184,1.311
1.175,0.908
1.043,2.345
1.036,1.472
1.138,1.08
0.97,2.343
0.952,2.664
0.815,2.656
0.808,-1.138
0.658,0.76
0.655,1.443
0.658,0.127
0.409,-0.598
0.21,1.553
0.167,-0.139
0.077,1.09
-0.051,1.953
-0.096,-1.031
-0.149,0.677
-0.277,1.455
-0.31,0.859
-0.361,1.102
-0.401,1.385
-0.292,-1.019
-0.469,2.425
-0.479,2.143
-0.636,1.638
-0.676,-0.954
-0.73,0.073
-0.646,1.536
-0.794,2.31
-0.736,2.311
-1.066,-0.982
-1.012,1.084
-1.09,-1.221
-1.168,0.299
-1.311,1.532
-1.318,1.798
-1.509,0.654
-1.639,-0.038
-1.689,0.55
-1.897,0.891
-1.892,0.11
-2.006,0.381
-2.263,-0.151
-2.216,0.626
-2.234,0.88
-2.358,0.264
-2.439,-0.682
-2.587,2.535
-2.643,1.056
-2.55,-0.01
-2.612,-0.739
-2.913,0.73
-2.783,0.272
-3.083,-0.67
2.992,-0.767
2.964,0.894
2.901,2.318
2.777,0.294
2.679,1.374
2.646,0.259
2.536,0.811
2.471,1.401
2.269,-1.482
1.612,-1.081
1.315,-1.245
1.167,-1.455
1.182,-1.394
0.627,-1.242
0.704,-1.431
0.338,-1.498
-0.192,-1.315
-0.299,-1.54
-1.04,-1.401
-1.698,-1.196
-2.407,-1.185
-2.535,-1.287
2.825,-1.226
2.648,-1.447
1.96,3.22
1.468,3.036
1.196,3.26
0.48,2.983
-0.292,3.194
-0.713,3.223
-0.603,2.979
-1.589,3.064
-2.863,3.216
3.071,3.164
3.086,2.954
0.296,-0.596
-2.104,0.123
1.706,-0.121
-0.755,2.16
-2.026,0.841
-2.191,1.483
-2.997,1.603
2.03,1.815
0.721,1.751
-1.961,0.382
-2.322,0.382
2.316,2.906
2.976,2.759
-3.118,-1.005
-0.076,0.434
-0.168,-2.514
-0.124,-2.668
-0.222,-0.609
-0.221,-1.813
-0.234,-0.336
-0.288,-0.702
-0.34,-3.045
-0.286,-1.906
-0.365,-0.107
-0.318,-0.217
-0.341,-0.903
-0.404,-3.128
-0.541,-3.021
-0.471,-2.552
-0.54,-0.996
-0.537,-0.366
-0.668,-1.896
-0.662,-0.72
-0.688,-1.476
-0.713,0.616
-0.728,0.119
-0.71,-0.517
-0.748,-2.73
-0.823,-0.274
-0.934,-3.213
-0.884,-1.094
-0.911,-0.935
-0.994,0.217
-1.068,-1.145
-1.17,-1.846
-1.177,-0.905
-1.172,0.74
-1.121,-0.734
-1.154,-0.49
-1.215,-2.814
-1.33,-1.322
-1.257,0.205
-1.35,-0.701
-1.456,0.52
-1.463,0.231
-1.478,-1.186
-1.526,-1.818
-1.552,-0.99
-1.546,-0.036
-1.637,-2.106
-1.604,-1.983
-1.631,-1.047
-1.624,-2.822
-1.688,-2.599
-1.72,-0.944
-1.787,0.459
-1.875,-2.255
-1.988,-3.289
-1.999,-3.169
-1.975,-2.163
-1.984,0.242
-1.986,-2.363
-2.098,-2.23
-2.112,-0.502
-2.038,0.543
-2.074,0.301
-2.141,-2.168
-2.206,-0.224
-2.196,-0.798
-2.315,0.592
-2.326,-0.808
-2.412,-1.874
-2.352,-3.012
-2.358,-1.12
-2.386,-1.898
-2.51,0.416
-2.436,-2.187
-2.438,-1.236
-2.529,-1.776
-2.546,-1.404
-2.556,-0.368
-2.553,-2.148
-2.593,-0.677
-2.681,-1.145
-2.626,-0.89
-2.725,-1.72
-2.736,-1.648
-2.845,-0.991
-2.847,-1.249
-2.793,-2.142
-2.806,-3.155
-2.862,0.568
-2.952,-2.352
2.991,-2.579
2.906,-2.639
2.871,-2.14
2.789,-0.304
2.829,-0.772
2.808,-2.271
2.803,0.328
2.55,-2.069
2.063,-3.373
1.873,-3.388
1.405,-3.554
0.332,-3.517
-0.425,-3.641
-1.309,-3.49
-1.473,-3.403
-1.736,-3.65
-2.063,-3.368
2.195,0.73
1.903,1.018
1.601,0.923
1.533,0.958
1.177,1.072
1.154,0.888
0.831,0.854
0.78,0.679
-0.365,0.877
-0.549,1.144
-0.503,1.252
-1.025,0.943
-2.251,1.056
-2.579,1.152
-2.596,0.788
-2.807,0.775
-3.009,0.686
-2.95,1.177
-1.994,-2.98
-2.152,-0.203
1.951,-3.533
1.617,-3.347
0.93,-3.607
0.284,-3.601
-2.039,-3.351
-0.77,1.024
2.324,-1.863
2.41,-3.089
2.264,-1.821
2.264,-2.678
2.234,-1.771
2.224,-2.26
2.263,-0.573
1.958,0.389
1.915,-0.712
1.854,-2.844
1.838,0.691
1.834,-2.874
1.959,-0.906
1.767,-0.47
1.766,-2.365
1.613,-0.408
1.706,-1.713
1.542,-0.408
1.637,-0.642
1.629,-3.12
1.502,-2.137
1.564,-0.585
1.382,-0.438
1.244,-0.858
1.225,-3.136
1.326,0.55
1.28,-3.275
1.164,-0.812
1.155,-1.215
1.023,0.222
1.016,-0.651
1.118,-1.043
0.95,0.22
0.932,0.541
0.795,0.533
0.788,-3.261
0.638,-1.363
0.635,-0.68
0.638,-1.996
0.389,-2.721
0.19,-0.57
0.147,-2.262
0.057,-1.033
-0.071,-0.17
-0.116,-3.154
-0.169,-1.446
-0.297,-0.668
-0.33,-1.264
-0.381,-1.021
-0.421,-0.738
-0.312,-3.142
-0.489,0.302
-0.499,0.02
-0.656,-0.485
-0.696,-3.077
-0.75,-2.05
-0.666,-0.587
-0.814,0.187
-0.756,0.188
-1.086,-3.105
-1.032,-1.039
-1.11,-3.344
-1.188,-1.824
-1.331,-0.591
-1.338,-0.325
-1.529,-1.469
-1.659,-2.161
-1.709,-1.573
-1.917,-1.232
-1.912,-2.013
-2.026,-1.742
-2.283,-2.274
-2.236,-1.497
-2.254,-1.243
-2.378,-1.859
-2.459,-2.805
-2.607,0.412
-2.663,-1.067
-2.57,-2.133
-2.632,-2.862
-2.933,-1.393
-2.803,-1.851
-3.103,-2.793
2.972,-2.89
2.944,-1.229
2.881,0.195
2.757,-1.829
2.659,-0.749
2.626,-1.864
2.516,-1.312
2.451,-0.722
2.249,-3.605
1.592,-3.204
1.295,-3.368
1.147,-3.578
1.162,-3.517
0.607,-3.365
0.684,-3.554
0.318,-3.621
-0.212,-3.438
-0.319,-3.663
-1.06,-3.524
-1.718,-3.319
-2.427,-3.308
-2.555,-3.41
2.805,-3.349
2.628,-3.57
1.94,1.097
1.448,0.913
1.176,1.137
0.46,0.86
-0.312,1.071
-0.733,1.1
-0.623,0.856
-1.609,0.941
-2.883,1.093
3.051,1.041
3.066,0.831
0.276,-2.719
-2.124,-2.0
1.686,-2.244
-0.775,0.037
-2.046,-1.282
-2.211,-0.64
-3.017,-0.52
2.01,-0.308
0.701,-0.372
-1.981,-1.741
-2.342,-1.741
2.296,0.783
2.956,0.636
-3.138,-3.128
-0.092,-2.948
-0.048,-3.102
-0.146,-1.043
-0.145,-2.247
-0.158,-0.77
-0.212,-1.136
-0.264,-3.479
-0.21,-2.34
-0.289,-0.541
-0.242,-0.651
-0.265,-1.337
-0.328,-3.562
-0.465,-3.455
-0.395,-2.986
-0.464,-1.43
-0.461,-0.8
-0.592,-2.33
-0.586,-1.154
-0.612,-1.91
-0.637,0.182
-0.652,-0.315
-0.634,-0.951
-0.672,-3.164
-0.747,-0.708
-0.858,-3.647
-0.808,-1.528
-0.835,-1.369
-0.918,-0.217
-0.992,-1.579
-1.094,-2.28
-1.101,-1.339
-1.096,0.306
-1.045,-1.168
-1.078,-0.924
-1.139,-3.248
-1.254,-1.756
-1.181,-0.229
-1.274,-1.135
-1.38,0.086
-1.387,-0.203
-1.402,-1.62
-1.45,-2.252
-1.476,-1.424
-1.47,-0.47
-1.561,-2.54
-1.528,-2.417
-1.555,-1.481
-1.548,-3.256
-1.612,-3.033
-1.644,-1.378
-1.711,0.025
-1.799,-2.689
-1.912,-3.723
-1.923,-3.603
-1.899,-2.597
-1.908,-0.192
-1.91,-2.797
-2.022,-2.664
-2.036,-0.936
-1.962,0.109
-1.998,-0.133
-2.065,-2.602
-2.13,-0.658
-2.12,-1.232
-2.239,0.158
-2.25,-1.242
-2.336,-2.308
-2.276,-3.446
-2.282,-1.554
-2.31,-2.332
-2.434,-0.018
-2.36,-2.621
-2.362,-1.67
-2.453,-2.21
-2.47,-1.838
-2.48,-0.802
-2.477,-2.582
-2.517,-1.111
-2.605,-1.579
-2.55,-1.324
-2.649,-2.154
-2.66,-2.082
-2.769,-1.425
-2.771,-1.683
-2.717,-2.576
-2.73,-3.589
-2.786,0.134
-2.876,-2.786
3.067,-3.013
2.982,-3.073
2.947,-2.574
2.865,-0.738
2.905,-1.206
2.884,-2.705
2.879,-0.106
2.626,-2.503
2.139,-3.807
1.949,-3.822
1.481,-3.988
0.408,-3.951
-0.349,-4.075
-1.233,-3.924
-1.397,-3.837
-1.66,-4.084
-1.987,-3.802
2.271,0.296
1.979,0.584
1.677,0.489
1.609,0.524
1.253,0.638
1.23,0.454
0.907,0.42
0.856,0.245
-0.289,0.443
-0.473,0.71
-0.427,0.818
-0.949,0.509
-2.175,0.622
-2.503,0.718
-2.52,0.354
-2.731,0.341
-2.933,0.252
-2.874,0.743
-1.918,-3.414
-2.076,-0.637
2.027,-3.967
1.693,-3.781
1.006,-4.041
0.36,-4.035
-1.963,-3.785
-0.694,0.59
2.4,-2.297
2.486,-3.523
2.34,-2.255
2.34,-3.112
2.31,-2.205
2.3,-2.694
2.339,-1.007
2.034,-0.045
1.991,-1.146
1.93,-3.278
1.914,0.257
1.91,-3.308
2.035,-1.34
1.843,-0.904
1.842,-2.799
1.689,-0.842
1.782,-2.147
1.618,-0.842
1.713,-1.076
1.705,-3.554
1.578,-2.571
1.64,-1.019
1.458,-0.872
1.32,-1.292
1.301,-3.57
1.402,0.116
1.356,-3.709
1.24,-1.246
1.231,-1.649
1.099,-0.212
1.092,-1.085
1.194,-1.477
1.026,-0.214
1.008,0.107
0.871,0.099
0.864,-3.695
0.714,-1.797
0.711,-1.114
0.714,-2.43
0.465,-3.155
0.266,-1.004
0.223,-2.696
0.133,-1.467
0.005,-0.604
-0.04,-3.588
-0.093,-1.88
-0.221,-1.102
-0.254,-1.698
-0.305,-1.455
-0.345,-1.172
-0.236,-3.576
-0.413,-0.132
-0.423,-0.414
-0.58,-0.919
-0.62,-3.511
-0.674,-2.484
-0.59,-1.021
-0.738,-0.247
-0.68,-0.246
-1.01,-3.539
-0.956,-1.473
-1.034,-3.778
-1.112,-2.258
-1.255,-1.025
-1.262,-0.759
-1.453,-1.903
-1.583,-2.595
-1.633,-2.007
-1.841,-1.666
-1.836,-2.447
-1.95,-2.176
-2.207,-2.708
-2.16,-1.931
-2.178,-1.677
-2.302,-2.293
-2.383,-3.239
-2.531,-0.022
-2.587,-1.501
-2.494,-2.567
-2.556,-3.296
-2.857,-1.827
-2.727,-2.285
-3.027,-3.227
3.048,-3.324
3.02,-1.663
2.957,-0.239
2.833,-2.263
2.735,-1.183
2.702,-2.298
2.592,-1.746
2.527,-1.156
2.325,-4.039
1.668,-3.638
1.371,-3.802
1.223,-4.012
1.238,-3.951
0.683,-3.799
0.76,-3.988
0.394,-4.055
-0.136,-3.872
-0.243,-4.097
-0.984,-3.958
-1.642,-3.753
-2.351,-3.742
-2.479,-3.844
2.881,-3.783
2.704,-4.004
2.016,0.663
1.524,0.479
1.252,0.703
0.536,0.426
-0.236,0.637
-0.657,0.666
-0.547,0.422
-1.533,0.507
-2.807,0.659
3.127,0.607
-3.141,0.397
0.352,-3.153
-2.048,-2.434
1.762,-2.678
-0.699,-0.397
-1.97,-1.716
-2.135,-1.074
-2.941,-0.954
2.086,-0.742
0.777,-0.806
-1.905,-2.175
-2.266,-2.175
2.372,0.349
3.032,0.202
-3.062,-3.562
0.044,-0.154
-0.054,1.905
-0.053,0.701
-0.066,2.178
-0.12,1.812
-0.172,-0.531
-0.118,0.608
-0.197,2.407
-0.15,2.297
-0.173,1.611
-0.236,-0.614
-0.373,-0.507
-0.303,-0.038
-0.372,1.518
-0.369,2.148
-0.5,0.618
-0.494,1.794
-0.52,1.038
-0.545,3.13
-0.56,2.633
-0.542,1.997
-0.58,-0.216
-0.655,2.24
-0.766,-0.699
-0.716,1.42
-0.743,1.579
-0.826,2.731
-0.9,1.369
-1.002,0.668
-1.009,1.609
-1.004,3.254
-0.953,1.78
-0.986,2.024
-1.047,-0.3
-1.162,1.192
-1.089,2.719
-1.182,1.813
-1.288,3.034
-1.295,2.745
-1.31,1.328
-1.358,0.696
-1.384,1.524
-1.378,2.478
-1.469,0.408
-1.436,0.531
-1.463,1.467
-1.456,-0.308
-1.52,-0.085
-1.552,1.57
-1.619,2.973
-1.707,0.259
-1.82,-0.775
-1.831,-0.655
-1.807,0.351
-1.816,2.756
-1.818,0.151
-1.93,0.284
-1.944,2.012
-1.87,3.057
-1.906,2.815
-1.973,0.346
-2.038,2.29
-2.028,1.716
-2.147,3.106
-2.158,1.706
-2.244,0.64
-2.184,-0.498
-2.19,1.394
-2.218,0.616
-2.342,2.93
-2.268,0.327
-2.27,1.278
-2.361,0.738
-2.378,1.11
-2.388,2.146
-2.385,0.366
-2.425,1.837
-2.513,1.369
-2.458,1.624
-2.557,0.794
-2.568,0.866
-2.677,1.523
-2.679,1.265
-2.625,0.372
-2.638,-0.641
-2.694,3.082
-2.784,0.162
-3.124,-0.065
3.074,-0.125
3.039,0.374
2.957,2.21
2.997,1.742
2.976,0.243
2.971,2.842
2.718,0.445
2.231,-0.859
2.041,-0.874
1.573,-1.04
0.5,-1.003
-0.257,-1.127
-1.141,-0.976
-1.305,-0.889
-1.568,-1.136
-1.895,-0.854
2.363,3.244
2.071,3.532
1.769,3.437
1.701,3.472
1.345,3.586
1.322,3.402
0.999,3.368
0.948,3.193
-0.197,3.391
-0.381,3.658
-0.335,3.766
-0.857,3.457
-2.083,3.57
-2.411,3.666
-2.428,3.302
-2.639,3.289
-2.841,3.2
-2.782,3.691
-1.826,-0.466
-1.984,2.311
2.119,-1.019
1.785,-0.833
1.098,-1.093
0.452,-1.087
-1.871,-0.837
-0.602,3.538
2.492,0.651
2.578,-0.575
2.432,0.693
2.432,-0.164
2.402,0.743
2.392,0.254
2.431,1.941
2.126,2.903
2.083,1.802
2.022,-0.33
2.006,3.205
2.002,-0.36
2.127,1.608
1.935,2.044
1.934,0.149
1.781,2.106
1.874,0.801
1.71,2.106
1.805,1.872
1.797,-0.606
1.67,0.377
1.732,1.929
1.55,2.076
1.412,1.656
1.393,-0.622
1.494,3.064
1.448,-0.761
1.332,1.702
1.323,1.299
1.191,2.736
1.184,1.863
1.286,1.471
1.118,2.734
1.1,3.055
0.963,3.047
0.956,-0.747
0.806,1.151
0.803,1.834
0.806,0.518
0.557,-0.207
0.358,1.944
0.315,0.252
0.225,1.481
0.097,2.344
0.052,-0.64
-0.001,1.068
-0.129,1.846
-0.162,1.25
-0.213,1.493
-0.253,1.776
-0.144,-0.628
-0.321,2.816
-0.331,2.534
-0.488,2.029
-0.528,-0.563
-0.582,0.464
-0.498,1.927
-0.646,2.701
-0.588,2.702
-0.918,-0.591
-0.864,1.475
-0.942,-0.83
-1.02,0.69
-1.163,1.923
-1.17,2.189
-1.361,1.045
-1.491,0.353
-1.541,0.941
-1.749,1.282
-1.744,0.501
-1.858,0.772
-2.115,0.24
-2.068,1.017
-2.086,1.271
-2.21,0.655
-2.291,-0.291
-2.439,2.926
-2.495,1.447
-2.402,0.381
-2.464,-0.348
-2.765,1.121
-2.635,0.663
-2.935,-0.279
3.14,-0.376
3.112,1.285
3.049,2.709
2.925,0.685
2.827,1.765
2.794,0.65
2.684,1.202
2.619,1.792
2.417,-1.091
1.76,-0.69
1.463,-0.854
1.315,-1.064
1.33,-1.003
0.775,-0.851
0.852,-1.04
0.486,-1.107
-0.044,-0.924
-0.151,-1.149
-0.892,-1.01
-1.55,-0.805
-2.259,-0.794
-2.387,-0.896
2.973,-0.835
2.796,-1.056
2.108,3.611
1.616,3.427
1.344,3.651
0.628,3.374
-0.144,3.585
-0.565,3.614
-0.455,3.37
-1.441,3.455
-2.715,3.607
-3.064,3.555
-3.049,3.345
0.444,-0.205
-1.956,0.514
1.854,0.27
-0.607,2.551
-1.878,1.232
-2.043,1.874
-2.849,1.994
2.178,2.206
0.869,2.142
-1.813,0.773
-2.174,0.773
2.464,3.297
3.124,3.15
-2.97,-0.614
-0.098,2.059
-0.097,0.855
-0.11,2.332
-0.164,1.966
-0.216,-0.377
-0.162,0.762
-0.241,2.561
-0.194,2.451
-0.217,1.765
-0.28,-0.46
-0.417,-0.353
-0.347,0.116
-0.416,1.672
-0.413,2.302
-0.544,0.772
-0.538,1.948
-0.564,1.192
-0.589,3.284
-0.604,2.787
-0.586,2.151
-0.624,-0.062
-0.699,2.394
-0.81,-0.545
-0.76,1.574
-0.787,1.733
-0.87,2.885
-0.944,1.523
-1.046,0.822
-1.053,1.763
-1.048,3.408
-0.997,1.934
-1.03,2.178
-1.091,-0.146
-1.206,1.346
-1.133,2.873
-1.226,1.967
-1.332,3.188
-1.339,2.899
-1.354,1.482
-1.402,0.85
-1.428,1.678
-1.422,2.632
-1.513,0.562
-1.48,0.685
-1.507,1.621
-1.5,-0.154
-1.564,0.069
-1.596,1.724
-1.663,3.127
-1.751,0.413
-1.864,-0.621
-1.875,-0.501
-1.851,0.505
-1.86,2.91
-1.862,0.305
-1.974,0.438
-1.988,2.166
-1.914,3.211
-1.95,2.969
-2.017,0.5
-2.082,2.444
-2.072,1.87
-2.191,3.26
-2.202,1.86
-2.288,0.794
-2.228,-0.344
-2.234,1.548
-2.262,0.77
-2.386,3.084
-2.312,0.481
-2.314,1.432
-2.405,0.892
-2.422,1.264
-2.432,2.3
-2.429,0.52
-2.469,1.991
-2.557,1.523
-2.502,1.778
-2.601,0.948
-2.612,1.02
-2.721,1.677
-2.723,1.419
-2.669,0.526
-2.682,-0.487
-2.738,3.236
-2.828,0.316
3.115,0.089
3.03,0.029
2.995,0.528
2.913,2.364
2.953,1.896
2.932,0.397
2.927,2.996
2.674,0.599
2.187,-0.705
1.997,-0.72
1.529,-0.886
0.456,-0.849
-0.301,-0.973
-1.185,-0.822
-1.349,-0.735
-1.612,-0.982
-1.939,-0.7
2.319,3.398
2.027,3.686
1.725,3.591
1.657,3.626
1.301,3.74
1.278,3.556
0.955,3.522
0.904,3.347
-0.241,3.545
-0.425,3.812
-0.379,3.92
-0.901,3.611
-2.127,3.724
-2.455,3.82
-2.472,3.456
-2.683,3.443
-2.885,3.354
-2.826,3.845
-1.87,-0.312
-2.028,2.465
2.075,-0.865
1.741,-0.679
1.054,-0.939
0.408,-0.933
-1.915,-0.683
-0.646,3.692
2.448,0.805
2.534,-0.421
2.388,0.847
2.388,-0.01
2.358,0.897
2.348,0.408
2.387,2.095
2.082,3.057
2.039,1.956
1.978,-0.176
1.962,3.359
1.958,-0.206
2.083,1.762
1.891,2.198
1.89,0.303
1.737,2.26
1.83,0.955
1.666,2.26
1.761,2.026
1.753,-0.452
1.626,0.531
1.688,2.083
1.506,2.23
1.368,1.81
1.349,-0.468
1.45,3.218
1.404,-0.607
1.288,1.856
1.279,1.453
1.147,2.89
1.14,2.017
1.242,1.625
1.074,2.888
1.056,3.209
0.919,3.201
0.912,-0.593
0.762,1.305
0.759,1.988
0.762,0.672
0.513,-0.053
0.314,2.098
0.271,0.406
0.181,1.635
0.053,2.498
0.008,-0.486
-0.045,1.222
-0.173,2.0
-0.206,1.404
-0.257,1.647
-0.297,1.93
-0.188,-0.474
-0.365,2.97
-0.375,2.688
-0.532,2.183
-0.572,-0.409
-0.626,0.618
-0.542,2.081
-0.69,2.855
-0.632,2.856
-0.962,-0.437
-0.908,1.629
-0.986,-0.676
-1.064,0.844
-1.207,2.077
-1.214,2.343
-1.405,1.199
-1.535,0.507
-1.585,1.095
-1.793,1.436
-1.788,0.655
-1.902,0.926
-2.159,0.394
-2.112,1.171
-2.13,1.425
-2.254,0.809
-2.335,-0.137
-2.483,3.08
-2.539,1.601
-2.446,0.535
-2.508,-0.194
-2.809,1.275
-2.679,0.817
-2.979,-0.125
3.096,-0.222
3.068,1.439
3.005,2.863
2.881,0.839
2.783,1.919
2.75,0.804
2.64,1.356
2.575,1.946
2.373,-0.937
1.716,-0.536
1.419,-0.7
1.271,-0.91
1.286,-0.849
0.731,-0.697
0.808,-0.886
0.442,-0.953
-0.088,-0.77
-0.195,-0.995
-0.936,-0.856
-1.594,-0.651
-2.303,-0.64
-2.431,-0.742
2.929,-0.681
2.752,-0.902
2.064,3.765
1.572,3.581
1.3,3.805
0.584,3.528
-0.188,3.739
-0.609,3.768
-0.499,3.524
-1.485,3.609
-2.759,3.761
-3.108,3.709
-3.093,3.499
0.4,-0.051
-2.0,0.668
1.81,0.424
-0.651,2.705
-1.922,1.386
-2.087,2.028
-2.893,2.148
2.134,2.36
0.825,2.296
-1.857,0.927
-2.218,0.927
2.42,3.451
3.08,3.304
-3.014,-0.46
0.001,-1.204
-0.012,0.273
-0.066,-0.093
-0.118,-2.436
-0.064,-1.297
-0.143,0.502
-0.096,0.392
-0.119,-0.294
-0.182,-2.519
-0.319,-2.412
-0.249,-1.943
-0.318,-0.387
-0.315,0.243
-0.446,-1.287
-0.44,-0.111
-0.466,-0.867
-0.491,1.225
-0.506,0.728
-0.488,0.092
-0.526,-2.121
-0.601,0.335
-0.712,-2.604
-0.662,-0.485
-0.689,-0.326
-0.772,0.826
-0.846,-0.536
-0.948,-1.237
-0.955,-0.296
-0.95,1.349
-0.899,-0.125
-0.932,0.119
-0.993,-2.205
-1.108,-0.713
-1.035,0.814
-1.128,-0.092
-1.234,1.129
-1.241,0.84
-1.256,-0.577
-1.304,-1.209
-1.33,-0.381
-1.324,0.573
-1.415,-1.497
-1.382,-1.374
-1.409,-0.438
-1.402,-2.213
-1.466,-1.99
-1.498,-0.335
-1.565,1.068
-1.653,-1.646
-1.766,-2.68
-1.777,-2.56
-1.753,-1.554
-1.762,0.851
-1.764,-1.754
-1.876,-1.621
-1.89,0.107
-1.816,1.152
-1.852,0.91
-1.919,-1.559
-1.984,0.385
-1.974,-0.189
-2.093,1.201
-2.104,-0.199
-2.19,-1.265
-2.13,-2.403
-2.136,-0.511
-2.164,-1.289
-2.288,1.025
-2.214,-1.578
-2.216,-0.627
-2.307,-1.167
-2.324,-0.795
-2.334,0.241
-2.331,-1.539
-2.371,-0.068
-2.459,-0.536
-2.404,-0.281
-2.503,-1.111
-2.514,-1.039
-2.623,-0.382
-2.625,-0.64
-2.571,-1.533
-2.584,-2.546
-2.64,1.177
-2.73,-1.743
-3.07,-1.97
3.128,-2.03
3.093,-1.531
3.011,0.305
3.051,-0.163
3.03,-1.662
3.025,0.937
2.772,-1.46
2.285,-2.764
2.095,-2.779
1.627,-2.945
0.554,-2.908
-0.203,-3.032
-1.087,-2.881
-1.251,-2.794
-1.514,-3.041
-1.841,-2.759
2.417,1.339
2.125,1.627
1.823,1.532
1.755,1.567
1.399,1.681
1.376,1.497
1.053,1.463
1.002,1.288
-0.143,1.486
-0.327,1.753
-0.281,1.861
-0.803,1.552
-2.029,1.665
-2.357,1.761
-2.374,1.397
-2.585,1.384
-2.787,1.295
-2.728,1.786
-1.772,-2.371
-1.93,0.406
2.173,-2.924
1.839,-2.738
1.152,-2.998
0.506,-2.992
-1.817,-2.742
-0.548,1.633
2.546,-1.254
2.632,-2.48
2.486,-1.212
2.486,-2.069
2.456,-1.162
2.446,-1.651
2.485,0.036
2.18,0.998
2.137,-0.103
2.076,-2.235
2.06,1.3
2.056,-2.265
2.181,-0.297
1.989,0.139
1.988,-1.756
1.835,0.201
1.928,-1.104
1.764,0.201
1.859,-0.033
1.851,-2.511
1.724,-1.528
1.786,0.024
1.604,0.171
1.466,-0.249
1.447,-2.527
1.548,1.159
1.502,-2.666
1.386,-0.203
1.377,-0.606
1.245,0.831
1.238,-0.042
1.34,-0.434
1.172,0.829
1.154,1.15
1.017,1.142
1.01,-2.652
0.86,-0.754
0.857,-0.071
0.86,-1.387
0.611,-2.112
0.412,0.039
0.369,-1.653
0.279,-0.424
0.151,0.439
0.106,-2.545
0.053,-0.837
-0.075,-0.059
-0.108,-0.655
-0.159,-0.412
-0.199,-0.129
-0.09,-2.533
-0.267,0.911
-0.277,0.629
-0.434,0.124
-0.474,-2.468
-0.528,-1.441
-0.444,0.022
-0.592,0.796
-0.534,0.797
-0.864,-2.496
-0.81,-0.43
-0.888,-2.735
-0.966,-1.215
-1.109,0.018
-1.116,0.284
-1.307,-0.86
-1.437,-1.552
-1.487,-0.964
-1.695,-0.623
-1.69,-1.404
-1.804,-1.133
-2.061,-1.665
-2.014,-0.888
-2.032,-0.634
-2.156,-1.25
-2.237,-2.196
-2.385,1.021
-2.441,-0.458
-2.348,-1.524
-2.41,-2.253
-2.711,-0.784
-2.581,-1.242
-2.881,-2.184
-3.089,-2.281
-3.117,-0.62
3.103,0.804
2.979,-1.22
2.881,-0.14
2.848,-1.255
2.738,-0.703
2.673,-0.113
2.471,-2.996
1.814,-2.595
1.517,-2.759
1.369,-2.969
1.384,-2.908
0.829,-2.756
0.906,-2.945
0.54,-3.012
0.01,-2.829
-0.097,-3.054
-0.838,-2.915
-1.496,-2.71
-2.205,-2.699
-2.333,-2.801
3.027,-2.74
2.85,-2.961
2.162,1.706
1.67,1.522
1.398,1.746
0.682,1.469
-0.09,1.68
-0.511,1.709
-0.401,1.465
-1.387,1.55
-2.661,1.702
-3.01,1.65
-2.995,1.44
0.498,-2.11
-1.902,-1.391
1.908,-1.635
-0.553,0.646
-1.824,-0.673
-1.989,-0.031
-2.795,0.089
2.232,0.301
0.923,0.237
-1.759,-1.132
-2.12,-1.132
2.518,1.392
-3.105,1.245
-2.916,-2.519
-0.013,1.477
-0.067,1.111
-0.119,-1.232
-0.065,-0.093
-0.144,1.706
-0.097,1.596
-0.12,0.91
-0.183,-1.315
-0.32,-1.208
-0.25,-0.739
-0.319,0.817
-0.316,1.447
-0.447,-0.083
-0.441,1.093
-0.467,0.337
-0.492,2.429
-0.507,1.932
-0.489,1.296
-0.527,-0.917
-0.602,1.539
-0.713,-1.4
-0.663,0.719
-0.69,0.878
-0.773,2.03
-0.847,0.668
-0.949,-0.033
-0.956,0.908
-0.951,2.553
-0.9,1.079
-0.933,1.323
-0.994,-1.001
-1.109,0.491
-1.036,2.018
-1.129,1.112
-1.235,2.333
-1.242,2.044
-1.257,0.627
-1.305,-0.005
-1.331,0.823
-1.325,1.777
-1.416,-0.293
-1.383,-0.17
-1.41,0.766
-1.403,-1.009
-1.467,-0.786
-1.499,0.869
-1.566,2.272
-1.654,-0.442
-1.767,-1.476
-1.778,-1.356
-1.754,-0.35
-1.763,2.055
-1.765,-0.55
-1.877,-0.417
-1.891,1.311
-1.817,2.356
-1.853,2.114
-1.92,-0.355
-1.985,1.589
-1.975,1.015
-2.094,2.405
-2.105,1.005
-2.191,-0.061
-2.131,-1.199
-2.137,0.693
-2.165,-0.085
-2.289,2.229
-2.215,-0.374
-2.217,0.577
-2.308,0.037
-2.325,0.409
-2.335,1.445
-2.332,-0.335
-2.372,1.136
-2.46,0.668
-2.405,0.923
-2.504,0.093
-2.515,0.165
-2.624,0.822
-2.626,0.564
-2.572,-0.329
-2.585,-1.342
-2.641,2.381
-2.731,-0.539
-3.071,-0.766
3.127,-0.826
3.092,-0.327
3.01,1.509
3.05,1.041
3.029,-0.458
3.024,2.141
2.771,-0.256
2.284,-1.56
2.094,-1.575
1.626,-1.741
0.553,-1.704
-0.204,-1.828
-1.088,-1.677
-1.252,-1.59
-1.515,-1.837
-1.842,-1.555
2.416,2.543
2.124,2.831
1.822,2.736
1.754,2.771
1.398,2.885
1.375,2.701
1.052,2.667
1.001,2.492
-0.144,2.69
-0.328,2.957
-0.282,3.065
-0.804,2.756
-2.03,2.869
-2.358,2.965
-2.375,2.601
-2.586,2.588
-2.788,2.499
-2.729,2.99
-1.773,-1.167
-1.931,1.61
2.172,-1.72
1.838,-1.534
1.151,-1.794
0.505,-1.788
-1.818,-1.538
-0.549,2.837
2.545,-0.05
2.631,-1.276
2.485,-0.008
2.485,-0.865
2.455,0.042
2.445,-0.447
2.484,1.24
2.179,2.202
2.136,1.101
2.075,-1.031
2.059,2.504
2.055,-1.061
2.18,0.907
1.988,1.343
1.987,-0.552
1.834,1.405
1.927,0.1
1.763,1.405
1.858,1.171
1.85,-1.307
1.723,-0.324
1.785,1.228
1.603,1.375
1.465,0.955
1.446,-1.323
1.547,2.363
1.501,-1.462
1.385,1.001
1.376,0.598
1.244,2.035
1.237,1.162
1.339,0.77
1.171,2.033
1.153,2.354
1.016,2.346
1.009,-1.448
0.859,0.45
0.856,1.133
0.859,-0.183
0.61,-0.908
0.411,1.243
0.368,-0.449
0.278,0.78
0.15,1.643
0.105,-1.341
0.052,0.367
-0.076,1.145
-0.109,0.549
-0.16,0.792
-0.2,1.075
-0.091,-1.329
-0.268,2.115
-0.278,1.833
-0.435,1.328
-0.475,-1.264
-0.529,-0.237
-0.445,1.226
-0.593,2.0
-0.535,2.001
-0.865,-1.292
-0.811,0.774
-0.889,-1.531
-0.967,-0.011
-1.11,1.222
-1.117,1.488
-1.308,0.344
-1.438,-0.348
-1.488,0.24
-1.696,0.581
-1.691,-0.2
-1.805,0.071
-2.062,-0.461
-2.015,0.316
-2.033,0.57
-2.157,-0.046
-2.238,-0.992
-2.386,2.225
-2.442,0.746
-2.349,-0.32
-2.411,-1.049
-2.712,0.42
-2.582,-0.038
-2.882,-0.98
-3.09,-1.077
-3.118,0.584
3.102,2.008
2.978,-0.016
2.88,1.064
2.847,-0.051
2.737,0.501
2.672,1.091
2.47,-1.792
1.813,-1.391
1.516,-1.555
1.368,-1.765
1.383,-1.704
0.828,-1.552
0.905,-1.741
0.539,-1.808
0.009,-1.625
-0.098,-1.85
-0.839,-1.711
-1.497,-1.506
-2.206,-1.495
-2.334,-1.597
3.026,-1.536
2.849,-1.757
2.161,2.91
1.669,2.726
1.397,2.95
0.681,2.673
-0.091,2.884
-0.512,2.913
-0.402,2.669
-1.388,2.754
-2.662,2.906
-3.011,2.854
-2.996,2.644
0.497,-0.906
-1.903,-0.187
1.907,-0.431
-0.554,1.85
-1.825,0.531
-1.99,1.173
-2.796,1.293
2.231,1.505
0.922,1.441
-1.76,0.072
-2.121,0.072
2.517,2.596
-3.106,2.449
-2.917,-1.315
-0.054,-0.366
-0.106,-2.709
-0.052,-1.57
-0.131,0.229
-0.084,0.119
-0.107,-0.567
-0.17,-2.792
-0.307,-2.685
-0.237,-2.216
-0.306,-0.66
-0.303,-0.03
-0.434,-1.56
-0.428,-0.384
-0.454,-1.14
-0.479,0.952
-0.494,0.455
-0.476,-0.181
-0.514,-2.394
-0.589,0.062
-0.7,-2.877
-0.65,-0.758
-0.677,-0.599
-0.76,0.553
-0.834,-0.809
-0.936,-1.51
-0.943,-0.569
-0.938,1.076
-0.887,-0.398
-0.92,-0.154
-0.981,-2.478
-1.096,-0.986
-1.023,0.541
-1.116,-0.365
-1.222,0.856
-1.229,0.567
-1.244,-0.85
-1.292,-1.482
-1.318,-0.654
-1.312,0.3
-1.403,-1.77
-1.37,-1.647
-1.397,-0.711
-1.39,-2.486
-1.454,-2.263
-1.486,-0.608
-1.553,0.795
-1.641,-1.919
-1.754,-2.953
-1.765,-2.833
-1.741,-1.827
-1.75,0.578
-1.752,-2.027
-1.864,-1.894
-1.878,-0.166
-1.804,0.879
-1.84,0.637
-1.907,-1.832
-1.972,0.112
-1.962,-0.462
-2.081,0.928
-2.092,-0.472
-2.178,-1.538
-2.118,-2.676
-2.124,-0.784
-2.152,-1.562
-2.276,0.752
-2.202,-1.851
-2.204,-0.9
-2.295,-1.44
-2.312,-1.068
-2.322,-0.032
-2.319,-1.812
-2.359,-0.341
-2.447,-0.809
-2.392,-0.554
-2.491,-1.384
-2.502,-1.312
-2.611,-0.655
-2.613,-0.913
-2.559,-1.806
-2.572,-2.819
-2.628,0.904
-2.718,-2.016
-3.058,-2.243
3.14,-2.303
3.105,-1.804
3.023,0.032
3.063,-0.436
3.042,-1.935
3.037,0.664
2.784,-1.733
2.297,-3.037
2.107,-3.052
1.639,-3.218
0.566,-3.181
-0.191,-3.305
-1.075,-3.154
-1.239,-3.067
-1.502,-3.314
-1.829,-3.032
2.429,1.066
2.137,1.354
1.835,1.259
1.767,1.294
1.411,1.408
1.388,1.224
1.065,1.19
1.014,1.015
-0.131,1.213
-0.315,1.48
-0.269,1.588
-0.791,1.279
-2.017,1.392
-2.345,1.488
-2.362,1.124
-2.573,1.111
-2.775,1.022
-2.716,1.513
-1.76,-2.644
-1.918,0.133
2.185,-3.197
1.851,-3.011
1.164,-3.271
0.518,-3.265
-1.805,-3.015
-0.536,1.36
2.558,-1.527
2.644,-2.753
2.498,-1.485
2.498,-2.342
2.468,-1.435
2.458,-1.924
2.497,-0.237
2.192,0.725
2.149,-0.376
2.088,-2.508
2.072,1.027
2.068,-2.538
2.193,-0.57
2.001,-0.134
2.0,-2.029
1.847,-0.072
1.94,-1.377
1.776,-0.072
1.871,-0.306
1.863,-2.784
1.736,-1.801
1.798,-0.249
1.616,-0.102
1.478,-0.522
1.459,-2.8
1.56,0.886
1.514,-2.939
1.398,-0.476
1.389,-0.879
1.257,0.558
1.25,-0.315
1.352,-0.707
1.184,0.556
1.166,0.877
1.029,0.869
1.022,-2.925
0.872,-1.027
0.869,-0.344
0.872,-1.66
0.623,-2.385
0.424,-0.234
0.381,-1.926
0.291,-0.697
0.163,0.166
0.118,-2.818
0.065,-1.11
-0.063,-0.332
-0.096,-0.928
-0.147,-0.685
-0.187,-0.402
-0.078,-2.806
-0.255,0.638
-0.265,0.356
-0.422,-0.149
-0.462,-2.741
-0.516,-1.714
-0.432,-0.251
-0.58,0.523
-0.522,0.524
-0.852,-2.769
-0.798,-0.703
-0.876,-3.008
-0.954,-1.488
-1.097,-0.255
-1.104,0.011
-1.295,-1.133
-1.425,-1.825
-1.475,-1.237
-1.683,-0.896
-1.678,-1.677
-1.792,-1.406
-2.049,-1.938
-2.002,-1.161
-2.02,-0.907
-2.144,-1.523
-2.225,-2.469
-2.373,0.748
-2.429,-0.731
-2.336,-1.797
-2.398,-2.526
-2.699,-1.057
-2.569,-1.515
-2.869,-2.457
-3.077,-2.554
-3.105,-0.893
3.115,0.531
2.991,-1.493
2.893,-0.413
2.86,-1.528
2.75,-0.976
2.685,-0.386
2.483,-3.269
1.826,-2.868
1.529,-3.032
1.381,-3.242
1.396,-3.181
0.841,-3.029
0.918,-3.218
0.552,-3.285
0.022,-3.102
-0.085,-3.327
-0.826,-3.188
-1.484,-2.983
-2.193,-2.972
-2.321,-3.074
3.039,-3.013
2.862,-3.234
2.174,1.433
1.682,1.249
1.41,1.473
0.694,1.196
-0.078,1.407
-0.499,1.436
-0.389,1.192
-1.375,1.277
-2.649,1.429
-2.998,1.377
-2.983,1.167
0.51,-2.383
-1.89,-1.664
1.92,-1.908
-0.541,0.373
-1.812,-0.946
-1.977,-0.304
-2.783,-0.184
2.244,0.028
0.935,-0.036
-1.747,-1.405
-2.108,-1.405
2.53,1.119
-3.093,0.972
-2.904,-2.792
-0.052,-2.343
0.002,-1.204
-0.077,0.595
-0.03,0.485
-0.053,-0.201
-0.116,-2.426
-0.253,-2.319
-0.183,-1.85
-0.252,-0.294
-0.249,0.336
-0.38,-1.194
-0.374,-0.018
-0.4,-0.774
-0.425,1.318
-0.44,0.821
-0.422,0.185
-0.46,-2.028
-0.535,0.428
-0.646,-2.511
-0.596,-0.392
-0.623,-0.233
-0.706,0.919
-0.78,-0.443
-0.882,-1.144
-0.889,-0.203
-0.884,1.442
-0.833,-0.032
-0.866,0.212
-0.927,-2.112
-1.042,-0.62
-0.969,0.907
-1.062,0.001
-1.168,1.222
-1.175,0.933
-1.19,-0.484
-1.238,-1.116
-1.264,-0.288
-1.258,0.666
-1.349,-1.404
-1.316,-1.281
-1.343,-0.345
-1.336,-2.12
-1.4,-1.897
-1.432,-0.242
-1.499,1.161
-1.587,-1.553
-1.7,-2.587
-1.711,-2.467
-1.687,-1.461
-1.696,0.944
-1.698,-1.661
-1.81,-1.528
-1.824,0.2
-1.75,1.245
-1.786,1.003
-1.853,-1.466
-1.918,0.478
-1.908,-0.096
-2.027,1.294
-2.038,-0.106
-2.124,-1.172
-2.064,-2.31
-2.07,-0.418
-2.098,-1.196
-2.222,1.118
-2.148,-1.485
-2.15,-0.534
-2.241,-1.074
-2.258,-0.702
-2.268,0.334
-2.265,-1.446
-2.305,0.025
-2.393,-0.443
-2.338,-0.188
-2.437,-1.018
-2.448,-0.946
-2.557,-0.289
-2.559,-0.547
-2.505,-1.44
-2.518,-2.453
-2.574,1.27
-2.664,-1.65
-3.004,-1.877
-3.089,-1.937
-3.124,-1.438
3.077,0.398
3.117,-0.07
3.096,-1.569
3.091,1.03
2.838,-1.367
2.351,-2.671
2.161,-2.686
1.693,-2.852
0.62,-2.815
-0.137,-2.939
-1.021,-2.788
-1.185,-2.701
-1.448,-2.948
-1.775,-2.666
2.483,1.432
2.191,1.72
1.889,1.625
1.821,1.66
1.465,1.774
1.442,1.59
1.119,1.556
1.068,1.381
-0.077,1.579
-0.261,1.846
-0.215,1.954
-0.737,1.645
-1.963,1.758
-2.291,1.854
-2.308,1.49
-2.519,1.477
-2.721,1.388
-2.662,1.879
-1.706,-2.278
-1.864,0.499
2.239,-2.831
1.905,-2.645
1.218,-2.905
0.572,-2.899
-1.751,-2.649
-0.482,1.726
2.612,-1.161
2.698,-2.387
2.552,-1.119
2.552,-1.976
2.522,-1.069
2.512,-1.558
2.551,0.129
2.246,1.091
2.203,-0.01
2.142,-2.142
2.126,1.393
2.122,-2.172
2.247,-0.204
2.055,0.232
2.054,-1.663
1.901,0.294
1.994,-1.011
1.83,0.294
1.925,0.06
1.917,-2.418
1.79,-1.435
1.852,0.117
1.67,0.264
1.532,-0.156
1.513,-2.434
1.614,1.252
1.568,-2.573
1.452,-0.11
1.443,-0.513
1.311,0.924
1.304,0.051
1.406,-0.341
1.238,0.922
1.22,1.243
1.083,1.235
1.076,-2.559
0.926,-0.661
0.923,0.022
0.926,-1.294
0.677,-2.019
0.478,0.132
0.435,-1.56
0.345,-0.331
0.217,0.532
0.172,-2.452
0.119,-0.744
-0.009,0.034
-0.042,-0.562
-0.093,-0.319
-0.133,-0.036
-0.024,-2.44
-0.201,1.004
-0.211,0.722
-0.368,0.217
-0.408,-2.375
-0.462,-1.348
-0.378,0.115
-0.526,0.889
-0.468,0.89
-0.798,-2.403
-0.744,-0.337
-0.822,-2.642
-0.9,-1.122
-1.043,0.111
-1.05,0.377
-1.241,-0.767
-1.371,-1.459
-1.421,-0.871
-1.629,-0.53
-1.624,-1.311
-1.738,-1.04
-1.995,-1.572
-1.948,-0.795
-1.966,-0.541
-2.09,-1.157
-2.171,-2.103
-2.319,1.114
-2.375,-0.365
-2.282,-1.431
-2.344,-2.16
-2.645,-0.691
-2.515,-1.149
-2.815,-2.091
-3.023,-2.188
-3.051,-0.527
-3.114,0.897
3.045,-1.127
2.947,-0.047
2.914,-1.162
2.804,-0.61
2.739,-0.02
2.537,-2.903
1.88,-2.502
1.583,-2.666
1.435,-2.876
1.45,-2.815
0.895,-2.663
0.972,-2.852
0.606,-2.919
0.076,-2.736
-0.031,-2.961
-0.772,-2.822
-1.43,-2.617
-2.139,-2.606
-2.267,-2.708
3.093,-2.647
2.916,-2.868
2.228,1.799
1.736,1.615
1.464,1.839
0.748,1.562
-0.024,1.773
-0.445,1.802
-0.335,1.558
-1.321,1.643
-2.595,1.795
-2.944,1.743
-2.929,1.533
0.564,-2.017
-1.836,-1.298
1.974,-1.542
-0.487,0.739
-1.758,-0.58
-1.923,0.062
-2.729,0.182
2.298,0.394
0.989,0.33
-1.693,-1.039
-2.054,-1.039
2.584,1.485
-3.039,1.338
-2.85,-2.426
0.054,1.139
-0.025,2.938
0.022,2.828
-0.001,2.142
-0.064,-0.083
-0.201,0.024
-0.131,0.493
-0.2,2.049
-0.197,2.679
-0.328,1.149
-0.322,2.325
-0.348,1.569
-0.373,3.661
-0.388,3.164
-0.37,2.528
-0.408,0.315
-0.483,2.771
-0.594,-0.168
-0.544,1.951
-0.571,2.11
-0.654,3.262
-0.728,1.9
-0.83,1.199
-0.837,2.14
-0.832,3.785
-0.781,2.311
-0.814,2.555
-0.875,0.231
-0.99,1.723
-0.917,3.25
-1.01,2.344
-1.116,3.565
-1.123,3.276
-1.138,1.859
-1.186,1.227
-1.212,2.055
-1.206,3.009
-1.297,0.939
-1.264,1.062
-1.291,1.998
-1.284,0.223
-1.348,0.446
-1.38,2.101
-1.447,3.504
-1.535,0.79
-1.648,-0.244
-1.659,-0.124
-1.635,0.882
-1.644,3.287
-1.646,0.682
-1.758,0.815
-1.772,2.543
-1.698,3.588
-1.734,3.346
-1.801,0.877
-1.866,2.821
-1.856,2.247
-1.975,3.637
-1.986,2.237
-2.072,1.171
-2.012,0.033
-2.018,1.925
-2.046,1.147
-2.17,3.461
-2.096,0.858
-2.098,1.809
-2.189,1.269
-2.206,1.641
-2.216,2.677
-2.213,0.897
-2.253,2.368
-2.341,1.9
-2.286,2.155
-2.385,1.325
-2.396,1.397
-2.505,2.054
-2.507,1.796
-2.453,0.903
-2.466,-0.11
-2.522,3.613
-2.612,0.693
-2.952,0.466
-3.037,0.406
-3.072,0.905
3.129,2.741
-3.114,2.273
-3.135,0.774
-3.14,3.373
2.89,0.976
2.403,-0.328
2.213,-0.343
1.745,-0.509
0.672,-0.472
-0.085,-0.596
-0.969,-0.445
-1.133,-0.358
-1.396,-0.605
-1.723,-0.323
2.535,3.775
2.243,4.063
1.941,3.968
1.873,4.003
1.517,4.117
1.494,3.933
1.171,3.899
1.12,3.724
-0.025,3.922
-0.209,4.189
-0.163,4.297
-0.685,3.988
-1.911,4.101
-2.239,4.197
-2.256,3.833
-2.467,3.82
-2.669,3.731
-2.61,4.222
-1.654,0.065
-1.812,2.842
2.291,-0.488
1.957,-0.302
1.27,-0.562
0.624,-0.556
-1.699,-0.306
-0.43,4.069
2.664,1.182
2.75,-0.044
2.604,1.224
2.604,0.367
2.574,1.274
2.564,0.785
2.603,2.472
2.298,3.434
2.255,2.333
2.194,0.201
2.178,3.736
2.174,0.171
2.299,2.139
2.107,2.575
2.106,0.68
1.953,2.637
2.046,1.332
1.882,2.637
1.977,2.403
1.969,-0.075
1.842,0.908
1.904,2.46
1.722,2.607
1.584,2.187
1.565,-0.091
1.666,3.595
1.62,-0.23
1.504,2.233
1.495,1.83
1.363,3.267
1.356,2.394
1.458,2.002
1.29,3.265
1.272,3.586
1.135,3.578
1.128,-0.216
0.978,1.682
0.975,2.365
0.978,1.049
0.729,0.324
0.53,2.475
0.487,0.783
0.397,2.012
0.269,2.875
0.224,-0.109
0.171,1.599
0.043,2.377
0.01,1.781
-0.041,2.024
-0.081,2.307
0.028,-0.097
-0.149,3.347
-0.159,3.065
-0.316,2.56
-0.356,-0.032
-0.41,0.995
-0.326,2.458
-0.474,3.232
-0.416,3.233
-0.746,-0.06
-0.692,2.006
-0.77,-0.299
-0.848,1.221
-0.991,2.454
-0.998,2.72
-1.189,1.576
-1.319,0.884
-1.369,1.472
-1.577,1.813
-1.572,1.032
-1.686,1.303
-1.943,0.771
-1.896,1.548
-1.914,1.802
-2.038,1.186
-2.119,0.24
-2.267,3.457
-2.323,1.978
-2.23,0.912
-2.292,0.183
-2.593,1.652
-2.463,1.194
-2.763,0.252
-2.971,0.155
-2.999,1.816
-3.062,3.24
3.097,1.216
2.999,2.296
2.966,1.181
2.856,1.733
2.791,2.323
2.589,-0.56
1.932,-0.159
1.635,-0.323
1.487,-0.533
1.502,-0.472
0.947,-0.32
1.024,-0.509
0.658,-0.576
0.128,-0.393
0.021,-0.618
-0.72,-0.479
-1.378,-0.274
-2.087,-0.263
-2.215,-0.365
-3.138,-0.304
2.968,-0.525
2.28,4.142
1.788,3.958
1.516,4.182
0.8,3.905
0.028,4.116
-0.393,4.145
-0.283,3.901
-1.269,3.986
-2.543,4.138
-2.892,4.086
-2.877,3.876
0.616,0.326
-1.784,1.045
2.026,0.801
-0.435,3.082
-1.706,1.763
-1.871,2.405
-2.677,2.525
2.35,2.737
1.041,2.673
-1.641,1.304
-2.002,1.304
2.636,3.828
-2.987,3.681
-2.798,-0.083
-0.079,1.799
-0.032,1.689
-0.055,1.003
-0.118,-1.222
-0.255,-1.115
-0.185,-0.646
-0.254,0.91
-0.251,1.54
-0.382,0.01
-0.376,1.186
-0.402,0.43
-0.427,2.522
-0.442,2.025
-0.424,1.389
-0.462,-0.824
-0.537,1.632
-0.648,-1.307
-0.598,0.812
-0.625,0.971
-0.708,2.123
-0.782,0.761
-0.884,0.06
-0.891,1.001
-0.886,2.646
-0.835,1.172
-0.868,1.416
-0.929,-0.908
-1.044,0.584
-0.971,2.111
-1.064,1.205
-1.17,2.426
-1.177,2.137
-1.192,0.72
-1.24,0.088
-1.266,0.916
-1.26,1.87
-1.351,-0.2
-1.318,-0.077
-1.345,0.859
-1.338,-0.916
-1.402,-0.693
-1.434,0.962
-1.501,2.365
-1.589,-0.349
-1.702,-1.383
-1.713,-1.263
-1.689,-0.257
-1.698,2.148
-1.7,-0.457
-1.812,-0.324
-1.826,1.404
-1.752,2.449
-1.788,2.207
-1.855,-0.262
-1.92,1.682
-1.91,1.108
-2.029,2.498
-2.04,1.098
-2.126,0.032
-2.066,-1.106
-2.072,0.786
-2.1,0.008
-2.224,2.322
-2.15,-0.281
-2.152,0.67
-2.243,0.13
-2.26,0.502
-2.27,1.538
-2.267,-0.242
-2.307,1.229
-2.395,0.761
-2.34,1.016
-2.439,0.186
-2.45,0.258
-2.559,0.915
-2.561,0.657
-2.507,-0.236
-2.52,-1.249
-2.576,2.474
-2.666,-0.446
-3.006,-0.673
-3.091,-0.733
-3.126,-0.234
3.075,1.602
3.115,1.134
3.094,-0.365
3.089,2.234
2.836,-0.163
2.349,-1.467
2.159,-1.482
1.691,-1.648
0.618,-1.611
-0.139,-1.735
-1.023,-1.584
-1.187,-1.497
-1.45,-1.744
-1.777,-1.462
2.481,2.636
2.189,2.924
1.887,2.829
1.819,2.864
1.463,2.978
1.44,2.794
1.117,2.76
1.066,2.585
-0.079,2.783
-0.263,3.05
-0.217,3.158
-0.739,2.849
-1.965,2.962
-2.293,3.058
-2.31,2.694
-2.521,2.681
-2.723,2.592
-2.664,3.083
-1.708,-1.074
-1.866,1.703
2.237,-1.627
1.903,-1.441
1.216,-1.701
0.57,-1.695
-1.753,-1.445
-0.484,2.93
2.61,0.043
2.696,-1.183
2.55,0.085
2.55,-0.772
2.52,0.135
2.51,-0.354
2.549,1.333
2.244,2.295
2.201,1.194
2.14,-0.938
2.124,2.597
2.12,-0.968
2.245,1.0
2.053,1.436
2.052,-0.459
1.899,1.498
1.992,0.193
1.828,1.498
1.923,1.264
1.915,-1.214
1.788,-0.231
1.85,1.321
1.668,1.468
1.53,1.048
1.511,-1.23
1.612,2.456
1.566,-1.369
1.45,1.094
1.441,0.691
1.309,2.128
1.302,1.255
1.404,0.863
1.236,2.126
1.218,2.447
1.081,2.439
1.074,-1.355
0.924,0.543
0.921,1.226
0.924,-0.09
0.675,-0.815
0.476,1.336
0.433,-0.356
0.343,0.873
0.215,1.736
0.17,-1.248
0.117,0.46
-0.011,1.238
-0.044,0.642
-0.095,0.885
-0.135,1.168
-0.026,-1.236
-0.203,2.208
-0.213,1.926
-0.37,1.421
-0.41,-1.171
-0.464,-0.144
-0.38,1.319
-0.528,2.093
-0.47,2.094
-0.8,-1.199
-0.746,0.867
-0.824,-1.438
-0.902,0.082
-1.045,1.315
-1.052,1.581
-1.243,0.437
-1.373,-0.255
-1.423,0.333
-1.631,0.674
-1.626,-0.107
-1.74,0.164
-1.997,-0.368
-1.95,0.409
-1.968,0.663
-2.092,0.047
-2.173,-0.899
-2.321,2.318
-2.377,0.839
-2.284,-0.227
-2.346,-0.956
-2.647,0.513
-2.517,0.055
-2.817,-0.887
-3.025,-0.984
-3.053,0.677
-3.116,2.101
3.043,0.077
2.945,1.157
2.912,0.042
2.802,0.594
2.737,1.184
2.535,-1.699
1.878,-1.298
1.581,-1.462
1.433,-1.672
1.448,-1.611
0.893,-1.459
0.97,-1.648
0.604,-1.715
0.074,-1.532
-0.033,-1.757
-0.774,-1.618
-1.432,-1.413
-2.141,-1.402
-2.269,-1.504
3.091,-1.443
2.914,-1.664
2.226,3.003
1.734,2.819
1.462,3.043
0.746,2.766
-0.026,2.977
-0.447,3.006
-0.337,2.762
-1.323,2.847
-2.597,2.999
-2.946,2.947
-2.931,2.737
0.562,-0.813
-1.838,-0.094
1.972,-0.338
-0.489,1.943
-1.76,0.624
-1.925,1.266
-2.731,1.386
2.296,1.598
0.987,1.534
-1.695,0.165
-2.056,0.165
2.582,2.689
-3.041,2.542
-2.852,-1.222
0.047,-0.11
0.024,-0.796
-0.039,-3.021
-0.176,-2.914
-0.106,-2.445
-0.175,-0.889
-0.172,-0.259
-0.303,-1.789
-0.297,-0.613
-0.323,-1.369
-0.348,0.723
-0.363,0.226
-0.345,-0.41
-0.383,-2.623
-0.458,-0.167
-0.569,-3.106
-0.519,-0.987
-0.546,-0.828
-0.629,0.324
-0.703,-1.038
-0.805,-1.739
-0.812,-0.798
-0.807,0.847
-0.756,-0.627
-0.789,-0.383
-0.85,-2.707
-0.965,-1.215
-0.892,0.312
-0.985,-0.594
-1.091,0.627
-1.098,0.338
-1.113,-1.079
-1.161,-1.711
-1.187,-0.883
-1.181,0.071
-1.272,-1.999
-1.239,-1.876
-1.266,-0.94
-1.259,-2.715
-1.323,-2.492
-1.355,-0.837
-1.422,0.566
-1.51,-2.148
-1.623,-3.182
-1.634,-3.062
-1.61,-2.056
-1.619,0.349
-1.621,-2.256
-1.733,-2.123
-1.747,-0.395
-1.673,0.65
-1.709,0.408
-1.776,-2.061
-1.841,-0.117
-1.831,-0.691
-1.95,0.699
-1.961,-0.701
-2.047,-1.767
-1.987,-2.905
-1.993,-1.013
-2.021,-1.791
-2.145,0.523
-2.071,-2.08
-2.073,-1.129
-2.164,-1.669
-2.181,-1.297
-2.191,-0.261
-2.188,-2.041
-2.228,-0.57
-2.316,-1.038
-2.261,-0.783
-2.36,-1.613
-2.371,-1.541
-2.48,-0.884
-2.482,-1.142
-2.428,-2.035
-2.441,-3.048
-2.497,0.675
-2.587,-2.245
-2.927,-2.472
-3.012,-2.532
-3.047,-2.033
-3.129,-0.197
-3.089,-0.665
-3.11,-2.164
-3.115,0.435
2.915,-1.962
2.428,-3.266
2.238,-3.281
1.77,-3.447
0.697,-3.41
-0.06,-3.534
-0.944,-3.383
-1.108,-3.296
-1.371,-3.543
-1.698,-3.261
2.56,0.837
2.268,1.125
1.966,1.03
1.898,1.065
1.542,1.179
1.519,0.995
1.196,0.961
1.145,0.786
0.0,0.984
-0.184,1.251
-0.138,1.359
-0.66,1.05
-1.886,1.163
-2.214,1.259
-2.231,0.895
-2.442,0.882
-2.644,0.793
-2.585,1.284
-1.629,-2.873
-1.787,-0.096
2.316,-3.426
1.982,-3.24
1.295,-3.5
0.649,-3.494
-1.674,-3.244
-0.405,1.131
2.689,-1.756
2.775,-2.982
2.629,-1.714
2.629,-2.571
2.599,-1.664
2.589,-2.153
2.628,-0.466
2.323,0.496
2.28,-0.605
2.219,-2.737
2.203,0.798
2.199,-2.767
2.324,-0.799
2.132,-0.363
2.131,-2.258
1.978,-0.301
2.071,-1.606
1.907,-0.301
2.002,-0.535
1.994,-3.013
1.867,-2.03
1.929,-0.478
1.747,-0.331
1.609,-0.751
1.59,-3.029
1.691,0.657
1.645,-3.168
1.529,-0.705
1.52,-1.108
1.388,0.329
1.381,-0.544
1.483,-0.936
1.315,0.327
1.297,0.648
1.16,0.64
1.153,-3.154
1.003,-1.256
1.0,-0.573
1.003,-1.889
0.754,-2.614
0.555,-0.463
0.512,-2.155
0.422,-0.926
0.294,-0.063
0.249,-3.047
0.196,-1.339
0.068,-0.561
0.035,-1.157
-0.016,-0.914
-0.056,-0.631
0.053,-3.035
-0.124,0.409
-0.134,0.127
-0.291,-0.378
-0.331,-2.97
-0.385,-1.943
-0.301,-0.48
-0.449,0.294
-0.391,0.295
-0.721,-2.998
-0.667,-0.932
-0.745,-3.237
-0.823,-1.717
-0.966,-0.484
-0.973,-0.218
-1.164,-1.362
-1.294,-2.054
-1.344,-1.466
-1.552,-1.125
-1.547,-1.906
-1.661,-1.635
-1.918,-2.167
-1.871,-1.39
-1.889,-1.136
-2.013,-1.752
-2.094,-2.698
-2.242,0.519
-2.298,-0.96
-2.205,-2.026
-2.267,-2.755
-2.568,-1.286
-2.438,-1.744
-2.738,-2.686
-2.946,-2.783
-2.974,-1.122
-3.037,0.302
3.122,-1.722
3.024,-0.642
2.991,-1.757
2.881,-1.205
2.816,-0.615
2.614,-3.498
1.957,-3.097
1.66,-3.261
1.512,-3.471
1.527,-3.41
0.972,-3.258
1.049,-3.447
0.683,-3.514
0.153,-3.331
0.046,-3.556
-0.695,-3.417
-1.353,-3.212
-2.062,-3.201
-2.19,-3.303
-3.113,-3.242
2.993,-3.463
2.305,1.204
1.813,1.02
1.541,1.244
0.825,0.967
0.053,1.178
-0.368,1.207
-0.258,0.963
-1.244,1.048
-2.518,1.2
-2.867,1.148
-2.852,0.938
0.641,-2.612
-1.759,-1.893
2.051,-2.137
-0.41,0.144
-1.681,-1.175
-1.846,-0.533
-2.652,-0.413
2.375,-0.201
1.066,-0.265
-1.616,-1.634
-1.977,-1.634
2.661,0.89
-2.962,0.743
-2.773,-3.021
-0.023,-0.686
-0.086,-2.911
-0.223,-2.804
-0.153,-2.335
-0.222,-0.779
-0.219,-0.149
-0.35,-1.679
-0.344,-0.503
-0.37,-1.259
-0.395,0.833
-0.41,0.336
-0.392,-0.3
-0.43,-2.513
-0.505,-0.057
-0.616,-2.996
-0.566,-0.877
-0.593,-0.718
-0.676,0.434
-0.75,-0.928
-0.852,-1.629
-0.859,-0.688
-0.854,0.957
-0.803,-0.517
-0.836,-0.273
-0.897,-2.597
-1.012,-1.105
-0.939,0.422
-1.032,-0.484
-1.138,0.737
-1.145,0.448
-1.16,-0.969
-1.208,-1.601
-1.234,-0.773
-1.228,0.181
-1.319,-1.889
-1.286,-1.766
-1.313,-0.83
-1.306,-2.605
-1.37,-2.382
-1.402,-0.727
-1.469,0.676
-1.557,-2.038
-1.67,-3.072
-1.681,-2.952
-1.657,-1.946
-1.666,0.459
-1.668,-2.146
-1.78,-2.013
-1.794,-0.285
-1.72,0.76
-1.756,0.518
-1.823,-1.951
-1.888,-0.007
-1.878,-0.581
-1.997,0.809
-2.008,-0.591
-2.094,-1.657
-2.034,-2.795
-2.04,-0.903
-2.068,-1.681
-2.192,0.633
-2.118,-1.97
-2.12,-1.019
-2.211,-1.559
-2.228,-1.187
-2.238,-0.151
-2.235,-1.931
-2.275,-0.46
-2.363,-0.928
-2.308,-0.673
-2.407,-1.503
-2.418,-1.431
-2.527,-0.774
-2.529,-1.032
-2.475,-1.925
-2.488,-2.938
-2.544,0.785
-2.634,-2.135
-2.974,-2.362
-3.059,-2.422
-3.094,-1.923
3.107,-0.087
-3.136,-0.555
3.126,-2.054
3.121,0.545
2.868,-1.852
2.381,-3.156
2.191,-3.171
1.723,-3.337
0.65,-3.3
-0.107,-3.424
-0.991,-3.273
-1.155,-3.186
-1.418,-3.433
-1.745,-3.151
2.513,0.947
2.221,1.235
1.919,1.14
1.851,1.175
1.495,1.289
1.472,1.105
1.149,1.071
1.098,0.896
-0.047,1.094
-0.231,1.361
-0.185,1.469
-0.707,1.16
-1.933,1.273
-2.261,1.369
-2.278,1.005
-2.489,0.992
-2.691,0.903
-2.632,1.394
-1.676,-2.763
-1.834,0.014
2.269,-3.316
1.935,-3.13
1.248,-3.39
0.602,-3.384
-1.721,-3.134
-0.452,1.241
2.642,-1.646
2.728,-2.872
2.582,-1.604
2.582,-2.461
2.552,-1.554
2.542,-2.043
2.581,-0.356
2.276,0.606
2.233,-0.495
2.172,-2.627
2.156,0.908
2.152,-2.657
2.277,-0.689
2.085,-0.253
2.084,-2.148
1.931,-0.191
2.024,-1.496
1.86,-0.191
1.955,-0.425
1.947,-2.903
1.82,-1.92
1.882,-0.368
1.7,-0.221
1.562,-0.641
1.543,-2.919
1.644,0.767
1.598,-3.058
1.482,-0.595
1.473,-0.998
1.341,0.439
1.334,-0.434
1.436,-0.826
1.268,0.437
1.25,0.758
1.113,0.75
1.106,-3.044
0.956,-1.146
0.953,-0.463
0.956,-1.779
0.707,-2.504
0.508,-0.353
0.465,-2.045
0.375,-0.816
0.247,0.047
0.202,-2.937
0.149,-1.229
0.021,-0.451
-0.012,-1.047
-0.063,-0.804
-0.103,-0.521
0.006,-2.925
-0.171,0.519
-0.181,0.237
-0.338,-0.268
-0.378,-2.86
-0.432,-1.833
-0.348,-0.37
-0.496,0.404
-0.438,0.405
-0.768,-2.888
-0.714,-0.822
-0.792,-3.127
-0.87,-1.607
-1.013,-0.374
-1.02,-0.108
-1.211,-1.252
-1.341,-1.944
-1.391,-1.356
-1.599,-1.015
-1.594,-1.796
-1.708,-1.525
-1.965,-2.057
-1.918,-1.28
-1.936,-1.026
-2.06,-1.642
-2.141,-2.588
-2.289,0.629
-2.345,-0.85
-2.252,-1.916
-2.314,-2.645
-2.615,-1.176
-2.485,-1.634
-2.785,-2.576
-2.993,-2.673
-3.021,-1.012
-3.084,0.412
3.075,-1.612
2.977,-0.532
2.944,-1.647
2.834,-1.095
2.769,-0.505
2.567,-3.388
1.91,-2.987
1.613,-3.151
1.465,-3.361
1.48,-3.3
0.925,-3.148
1.002,-3.337
0.636,-3.404
0.106,-3.221
-0.001,-3.446
-0.742,-3.307
-1.4,-3.102
-2.109,-3.091
-2.237,-3.193
3.123,-3.132
2.946,-3.353
2.258,1.314
1.766,1.13
1.494,1.354
0.778,1.077
0.006,1.288
-0.415,1.317
-0.305,1.073
-1.291,1.158
-2.565,1.31
-2.914,1.258
-2.899,1.048
0.594,-2.502
-1.806,-1.783
2.004,-2.027
-0.457,0.254
-1.728,-1.065
-1.893,-0.423
-2.699,-0.303
2.328,-0.091
1.019,-0.155
-1.663,-1.524
-2.024,-1.524
2.614,1.0
-3.009,0.853
-2.82,-2.911
-0.063,-2.225
-0.2,-2.118
-0.13,-1.649
-0.199,-0.093
-0.196,0.537
-0.327,-0.993
-0.321,0.183
-0.347,-0.573
-0.372,1.519
-0.387,1.022
-0.369,0.386
-0.407,-1.827
-0.482,0.629
-0.593,-2.31
-0.543,-0.191
-0.57,-0.032
-0.653,1.12
-0.727,-0.242
-0.829,-0.943
-0.836,-0.002
-0.831,1.643
-0.78,0.169
-0.813,0.413
-0.874,-1.911
-0.989,-0.419
-0.916,1.108
-1.009,0.202
-1.115,1.423
-1.122,1.134
-1.137,-0.283
-1.185,-0.915
-1.211,-0.087
-1.205,0.867
-1.296,-1.203
-1.263,-1.08
-1.29,-0.144
-1.283,-1.919
-1.347,-1.696
-1.379,-0.041
-1.446,1.362
-1.534,-1.352
-1.647,-2.386
-1.658,-2.266
-1.634,-1.26
-1.643,1.145
-1.645,-1.46
-1.757,-1.327
-1.771,0.401
-1.697,1.446
-1.733,1.204
-1.8,-1.265
-1.865,0.679
-1.855,0.105
-1.974,1.495
-1.985,0.095
-2.071,-0.971
-2.011,-2.109
-2.017,-0.217
-2.045,-0.995
-2.169,1.319
-2.095,-1.284
-2.097,-0.333
-2.188,-0.873
-2.205,-0.501
-2.215,0.535
-2.212,-1.245
-2.252,0.226
-2.34,-0.242
-2.285,0.013
-2.384,-0.817
-2.395,-0.745
-2.504,-0.088
-2.506,-0.346
-2.452,-1.239
-2.465,-2.252
-2.521,1.471
-2.611,-1.449
-2.951,-1.676
-3.036,-1.736
-3.071,-1.237
3.13,0.599
-3.113,0.131
-3.134,-1.368
-3.139,1.231
2.891,-1.166
2.404,-2.47
2.214,-2.485
1.746,-2.651
0.673,-2.614
-0.084,-2.738
-0.968,-2.587
-1.132,-2.5
-1.395,-2.747
-1.722,-2.465
2.536,1.633
2.244,1.921
1.942,1.826
1.874,1.861
1.518,1.975
1.495,1.791
1.172,1.757
1.121,1.582
-0.024,1.78
-0.208,2.047
-0.162,2.155
-0.684,1.846
-1.91,1.959
-2.238,2.055
-2.255,1.691
-2.466,1.678
-2.668,1.589
-2.609,2.08
-1.653,-2.077
-1.811,0.7
2.292,-2.63
1.958,-2.444
1.271,-2.704
0.625,-2.698
-1.698,-2.448
-0.429,1.927
2.665,-0.96
2.751,-2.186
2.605,-0.918
2.605,-1.775
2.575,-0.868
2.565,-1.357
2.604,0.33
2.299,1.292
2.256,0.191
2.195,-1.941
2.179,1.594
2.175,-1.971
2.3,-0.003
2.108,0.433
2.107,-1.462
1.954,0.495
2.047,-0.81
1.883,0.495
1.978,0.261
1.97,-2.217
1.843,-1.234
1.905,0.318
1.723,0.465
1.585,0.045
1.566,-2.233
1.667,1.453
1.621,-2.372
1.505,0.091
1.496,-0.312
1.364,1.125
1.357,0.252
1.459,-0.14
1.291,1.123
1.273,1.444
1.136,1.436
1.129,-2.358
0.979,-0.46
0.976,0.223
0.979,-1.093
0.73,-1.818
0.531,0.333
0.488,-1.359
0.398,-0.13
0.27,0.733
0.225,-2.251
0.172,-0.543
0.044,0.235
0.011,-0.361
-0.04,-0.118
-0.08,0.165
0.029,-2.239
-0.148,1.205
-0.158,0.923
-0.315,0.418
-0.355,-2.174
-0.409,-1.147
-0.325,0.316
-0.473,1.09
-0.415,1.091
-0.745,-2.202
-0.691,-0.136
-0.769,-2.441
-0.847,-0.921
-0.99,0.312
-0.997,0.578
-1.188,-0.566
-1.318,-1.258
-1.368,-0.67
-1.576,-0.329
-1.571,-1.11
-1.685,-0.839
-1.942,-1.371
-1.895,-0.594
-1.913,-0.34
-2.037,-0.956
-2.118,-1.902
-2.266,1.315
-2.322,-0.164
-2.229,-1.23
-2.291,-1.959
-2.592,-0.49
-2.462,-0.948
-2.762,-1.89
-2.97,-1.987
-2.998,-0.326
-3.061,1.098
3.098,-0.926
3.0,0.154
2.967,-0.961
2.857,-0.409
2.792,0.181
2.59,-2.702
1.933,-2.301
1.636,-2.465
1.488,-2.675
1.503,-2.614
0.948,-2.462
1.025,-2.651
0.659,-2.718
0.129,-2.535
0.022,-2.76
-0.719,-2.621
-1.377,-2.416
-2.086,-2.405
-2.214,-2.507
-3.137,-2.446
2.969,-2.667
2.281,2.0
1.789,1.816
1.517,2.04
0.801,1.763
0.029,1.974
-0.392,2.003
-0.282,1.759
-1.268,1.844
-2.542,1.996
-2.891,1.944
-2.876,1.734
0.617,-1.816
-1.783,-1.097
2.027,-1.341
-0.434,0.94
-1.705,-0.379
-1.87,0.263
-2.676,0.383
2.351,0.595
1.042,0.531
-1.64,-0.838
-2.001,-0.838
2.637,1.686
-2.986,1.539
-2.797,-2.225
-0.137,0.107
-0.067,0.576
-0.136,2.132
-0.133,2.762
-0.264,1.232
-0.258,2.408
-0.284,1.652
-0.309,3.744
-0.324,3.247
-0.306,2.611
-0.344,0.398
-0.419,2.854
-0.53,-0.085
-0.48,2.034
-0.507,2.193
-0.59,3.345
-0.664,1.983
-0.766,1.282
-0.773,2.223
-0.768,3.868
-0.717,2.394
-0.75,2.638
-0.811,0.314
-0.926,1.806
-0.853,3.333
-0.946,2.427
-1.052,3.648
-1.059,3.359
-1.074,1.942
-1.122,1.31
-1.148,2.138
-1.142,3.092
-1.233,1.022
-1.2,1.145
-1.227,2.081
-1.22,0.306
-1.284,0.529
-1.316,2.184
-1.383,3.587
-1.471,0.873
-1.584,-0.161
-1.595,-0.041
-1.571,0.965
-1.58,3.37
-1.582,0.765
-1.694,0.898
-1.708,2.626
-1.634,3.671
-1.67,3.429
-1.737,0.96
-1.802,2.904
-1.792,2.33
-1.911,3.72
-1.922,2.32
-2.008,1.254
-1.948,0.116
-1.954,2.008
-1.982,1.23
-2.106,3.544
-2.032,0.941
-2.034,1.892
-2.125,1.352
-2.142,1.724
-2.152,2.76
-2.149,0.98
-2.189,2.451
-2.277,1.983
-2.222,2.238
-2.321,1.408
-2.332,1.48
-2.441,2.137
-2.443,1.879
-2.389,0.986
-2.402,-0.027
-2.458,3.696
-2.548,0.776
-2.888,0.549
-2.973,0.489
-3.008,0.988
-3.09,2.824
-3.05,2.356
-3.071,0.857
-3.076,3.456
2.954,1.059
2.467,-0.245
2.277,-0.26
1.809,-0.426
0.736,-0.389
-0.021,-0.513
-0.905,-0.362
-1.069,-0.275
-1.332,-0.522
-1.659,-0.24
2.599,3.858
2.307,4.146
2.005,4.051
1.937,4.086
1.581,4.2
1.558,4.016
1.235,3.982
1.184,3.807
0.039,4.005
-0.145,4.272
-0.099,4.38
-0.621,4.071
-1.847,4.184
-2.175,4.28
-2.192,3.916
-2.403,3.903
-2.605,3.814
-2.546,4.305
-1.59,0.148
-1.748,2.925
2.355,-0.405
2.021,-0.219
1.334,-0.479
0.688,-0.473
-1.635,-0.223
-0.366,4.152
2.728,1.265
2.814,0.039
2.668,1.307
2.668,0.45
2.638,1.357
2.628,0.868
2.667,2.555
2.362,3.517
2.319,2.416
2.258,0.284
2.242,3.819
2.238,0.254
2.363,2.222
2.171,2.658
2.17,0.763
2.017,2.72
2.11,1.415
1.946,2.72
2.041,2.486
2.033,0.008
1.906,0.991
1.968,2.543
1.786,2.69
1.648,2.27
1.629,-0.008
1.73,3.678
1.684,-0.147
1.568,2.316
1.559,1.913
1.427,3.35
1.42,2.477
1.522,2.085
1.354,3.348
1.336,3.669
1.199,3.661
1.192,-0.133
1.042,1.765
1.039,2.448
1.042,1.132
0.793,0.407
0.594,2.558
0.551,0.866
0.461,2.095
0.333,2.958
0.288,-0.026
0.235,1.682
0.107,2.46
0.074,1.864
0.023,2.107
-0.017,2.39
0.092,-0.014
-0.085,3.43
-0.095,3.148
-0.252,2.643
-0.292,0.051
-0.346,1.078
-0.262,2.541
-0.41,3.315
-0.352,3.316
-0.682,0.023
-0.628,2.089
-0.706,-0.216
-0.784,1.304
-0.927,2.537
-0.934,2.803
-1.125,1.659
-1.255,0.967
-1.305,1.555
-1.513,1.896
-1.508,1.115
-1.622,1.386
-1.879,0.854
-1.832,1.631
-1.85,1.885
-1.974,1.269
-2.055,0.323
-2.203,3.54
-2.259,2.061
-2.166,0.995
-2.228,0.266
-2.529,1.735
-2.399,1.277
-2.699,0.335
-2.907,0.238
-2.935,1.899
-2.998,3.323
-3.122,1.299
3.063,2.379
3.03,1.264
2.92,1.816
2.855,2.406
2.653,-0.477
1.996,-0.076
1.699,-0.24
1.551,-0.45
1.566,-0.389
1.011,-0.237
1.088,-0.426
0.722,-0.493
0.192,-0.31
0.085,-0.535
-0.656,-0.396
-1.314,-0.191
-2.023,-0.18
-2.151,-0.282
-3.074,-0.221
3.032,-0.442
2.344,4.225
1.852,4.041
1.58,4.265
0.864,3.988
0.092,4.199
-0.329,4.228
-0.219,3.984
-1.205,4.069
-2.479,4.221
-2.828,4.169
-2.813,3.959
0.68,0.409
-1.72,1.128
2.09,0.884
-0.371,3.165
-1.642,1.846
-1.807,2.488
-2.613,2.608
2.414,2.82
1.105,2.756
-1.577,1.387
-1.938,1.387
2.7,3.911
-2.923,3.764
-2.734,0.0
0.07,0.469
0.001,2.025
0.004,2.655
-0.127,1.125
-0.121,2.301
-0.147,1.545
-0.172,3.637
-0.187,3.14
-0.169,2.504
-0.207,0.291
-0.282,2.747
-0.393,-0.192
-0.343,1.927
-0.37,2.086
-0.453,3.238
-0.527,1.876
-0.629,1.175
-0.636,2.116
-0.631,3.761
-0.58,2.287
-0.613,2.531
-0.674,0.207
-0.789,1.699
-0.716,3.226
-0.809,2.32
-0.915,3.541
-0.922,3.252
-0.937,1.835
-0.985,1.203
-1.011,2.031
-1.005,2.985
-1.096,0.915
-1.063,1.038
-1.09,1.974
-1.083,0.199
-1.147,0.422
-1.179,2.077
-1.246,3.48
-1.334,0.766
-1.447,-0.268
-1.458,-0.148
-1.434,0.858
-1.443,3.263
-1.445,0.658
-1.557,0.791
-1.571,2.519
-1.497,3.564
-1.533,3.322
-1.6,0.853
-1.665,2.797
-1.655,2.223
-1.774,3.613
-1.785,2.213
-1.871,1.147
-1.811,0.009
-1.817,1.901
-1.845,1.123
-1.969,3.437
-1.895,0.834
-1.897,1.785
-1.988,1.245
-2.005,1.617
-2.015,2.653
-2.012,0.873
-2.052,2.344
-2.14,1.876
-2.085,2.131
-2.184,1.301
-2.195,1.373
-2.304,2.03
-2.306,1.772
-2.252,0.879
-2.265,-0.134
-2.321,3.589
-2.411,0.669
-2.751,0.442
-2.836,0.382
-2.871,0.881
-2.953,2.717
-2.913,2.249
-2.934,0.75
-2.939,3.349
3.091,0.952
2.604,-0.352
2.414,-0.367
1.946,-0.533
0.873,-0.496
0.116,-0.62
-0.768,-0.469
-0.932,-0.382
-1.195,-0.629
-1.522,-0.347
2.736,3.751
2.444,4.039
2.142,3.944
2.074,3.979
1.718,4.093
1.695,3.909
1.372,3.875
1.321,3.7
0.176,3.898
-0.008,4.165
0.038,4.273
-0.484,3.964
-1.71,4.077
-2.038,4.173
-2.055,3.809
-2.266,3.796
-2.468,3.707
-2.409,4.198
-1.453,0.041
-1.611,2.818
2.492,-0.512
2.158,-0.326
1.471,-0.586
0.825,-0.58
-1.498,-0.33
-0.229,4.045
2.865,1.158
2.951,-0.068
2.805,1.2
2.805,0.343
2.775,1.25
2.765,0.761
2.804,2.448
2.499,3.41
2.456,2.309
2.395,0.177
2.379,3.712
2.375,0.147
2.5,2.115
2.308,2.551
2.307,0.656
2.154,2.613
2.247,1.308
2.083,2.613
2.178,2.379
2.17,-0.099
2.043,0.884
2.105,2.436
1.923,2.583
1.785,2.163
1.766,-0.115
1.867,3.571
1.821,-0.254
1.705,2.209
1.696,1.806
1.564,3.243
1.557,2.37
1.659,1.978
1.491,3.241
1.473,3.562
1.336,3.554
1.329,-0.24
1.179,1.658
1.176,2.341
1.179,1.025
0.93,0.3
0.731,2.451
0.688,0.759
0.598,1.988
0.47,2.851
0.425,-0.133
0.372,1.575
0.244,2.353
0.211,1.757
0.16,2.0
0.12,2.283
0.229,-0.121
0.052,3.323
0.042,3.041
-0.115,2.536
-0.155,-0.056
-0.209,0.971
-0.125,2.434
-0.273,3.208
-0.215,3.209
-0.545,-0.084
-0.491,1.982
-0.569,-0.323
-0.647,1.197
-0.79,2.43
-0.797,2.696
-0.988,1.552
-1.118,0.86
-1.168,1.448
-1.376,1.789
-1.371,1.008
-1.485,1.279
-1.742,0.747
-1.695,1.524
-1.713,1.778
-1.837,1.162
-1.918,0.216
-2.066,3.433
-2.122,1.954
-2.029,0.888
-2.091,0.159
-2.392,1.628
-2.262,1.17
-2.562,0.228
-2.77,0.131
-2.798,1.792
-2.861,3.216
-2.985,1.192
-3.083,2.272
-3.116,1.157
3.057,1.709
2.992,2.299
2.79,-0.584
2.133,-0.183
1.836,-0.347
1.688,-0.557
1.703,-0.496
1.148,-0.344
1.225,-0.533
0.859,-0.6
0.329,-0.417
0.222,-0.642
-0.519,-0.503
-1.177,-0.298
-1.886,-0.287
-2.014,-0.389
-2.937,-0.328
-3.114,-0.549
2.481,4.118
1.989,3.934
1.717,4.158
1.001,3.881
0.229,4.092
-0.192,4.121
-0.082,3.877
-1.068,3.962
-2.342,4.114
-2.691,4.062
-2.676,3.852
0.817,0.302
-1.583,1.021
2.227,0.777
-0.234,3.058
-1.505,1.739
-1.67,2.381
-2.476,2.501
2.551,2.713
1.242,2.649
-1.44,1.28
-1.801,1.28
2.837,3.804
-2.786,3.657
-2.597,-0.107
-0.069,1.556
-0.066,2.186
-0.197,0.656
-0.191,1.832
-0.217,1.076
-0.242,3.168
-0.257,2.671
-0.239,2.035
-0.277,-0.178
-0.352,2.278
-0.463,-0.661
-0.413,1.458
-0.44,1.617
-0.523,2.769
-0.597,1.407
-0.699,0.706
-0.706,1.647
-0.701,3.292
-0.65,1.818
-0.683,2.062
-0.744,-0.262
-0.859,1.23
-0.786,2.757
-0.879,1.851
-0.985,3.072
-0.992,2.783
-1.007,1.366
-1.055,0.734
-1.081,1.562
-1.075,2.516
-1.166,0.446
-1.133,0.569
-1.16,1.505
-1.153,-0.27
-1.217,-0.047
-1.249,1.608
-1.316,3.011
-1.404,0.297
-1.517,-0.737
-1.528,-0.617
-1.504,0.389
-1.513,2.794
-1.515,0.189
-1.627,0.322
-1.641,2.05
-1.567,3.095
-1.603,2.853
-1.67,0.384
-1.735,2.328
-1.725,1.754
-1.844,3.144
-1.855,1.744
-1.941,0.678
-1.881,-0.46
-1.887,1.432
-1.915,0.654
-2.039,2.968
-1.965,0.365
-1.967,1.316
-2.058,0.776
-2.075,1.148
-2.085,2.184
-2.082,0.404
-2.122,1.875
-2.21,1.407
-2.155,1.662
-2.254,0.832
-2.265,0.904
-2.374,1.561
-2.376,1.303
-2.322,0.41
-2.335,-0.603
-2.391,3.12
-2.481,0.2
-2.821,-0.027
-2.906,-0.087
-2.941,0.412
-3.023,2.248
-2.983,1.78
-3.004,0.281
-3.009,2.88
3.021,0.483
2.534,-0.821
2.344,-0.836
1.876,-1.002
0.803,-0.965
0.046,-1.089
-0.838,-0.938
-1.002,-0.851
-1.265,-1.098
-1.592,-0.816
2.666,3.282
2.374,3.57
2.072,3.475
2.004,3.51
1.648,3.624
1.625,3.44
1.302,3.406
1.251,3.231
0.106,3.429
-0.078,3.696
-0.032,3.804
-0.554,3.495
-1.78,3.608
-2.108,3.704
-2.125,3.34
-2.336,3.327
-2.538,3.238
-2.479,3.729
-1.523,-0.428
-1.681,2.349
2.422,-0.981
2.088,-0.795
1.401,-1.055
0.755,-1.049
-1.568,-0.799
-0.299,3.576
2.795,0.689
2.881,-0.537
2.735,0.731
2.735,-0.126
2.705,0.781
2.695,0.292
2.734,1.979
2.429,2.941
2.386,1.84
2.325,-0.292
2.309,3.243
2.305,-0.322
2.43,1.646
2.238,2.082
2.237,0.187
2.084,2.144
2.177,0.839
2.013,2.144
2.108,1.91
2.1,-0.568
1.973,0.415
2.035,1.967
1.853,2.114
1.715,1.694
1.696,-0.584
1.797,3.102
1.751,-0.723
1.635,1.74
1.626,1.337
1.494,2.774
1.487,1.901
1.589,1.509
1.421,2.772
1.403,3.093
1.266,3.085
1.259,-0.709
1.109,1.189
1.106,1.872
1.109,0.556
0.86,-0.169
0.661,1.982
0.618,0.29
0.528,1.519
0.4,2.382
0.355,-0.602
0.302,1.106
0.174,1.884
0.141,1.288
0.09,1.531
0.05,1.814
0.159,-0.59
-0.018,2.854
-0.028,2.572
-0.185,2.067
-0.225,-0.525
-0.279,0.502
-0.195,1.965
-0.343,2.739
-0.285,2.74
-0.615,-0.553
-0.561,1.513
-0.639,-0.792
-0.717,0.728
-0.86,1.961
-0.867,2.227
-1.058,1.083
-1.188,0.391
-1.238,0.979
-1.446,1.32
-1.441,0.539
-1.555,0.81
-1.812,0.278
-1.765,1.055
-1.783,1.309
-1.907,0.693
-1.988,-0.253
-2.136,2.964
-2.192,1.485
-2.099,0.419
-2.161,-0.31
-2.462,1.159
-2.332,0.701
-2.632,-0.241
-2.84,-0.338
-2.868,1.323
-2.931,2.747
-3.055,0.723
3.13,1.803
3.097,0.688
2.987,1.24
2.922,1.83
2.72,-1.053
2.063,-0.652
1.766,-0.816
1.618,-1.026
1.633,-0.965
1.078,-0.813
1.155,-1.002
0.789,-1.069
0.259,-0.886
0.152,-1.111
-0.589,-0.972
-1.247,-0.767
-1.956,-0.756
-2.084,-0.858
-3.007,-0.797
3.099,-1.018
2.411,3.649
1.919,3.465
1.647,3.689
0.931,3.412
0.159,3.623
-0.262,3.652
-0.152,3.408
-1.138,3.493
-2.412,3.645
-2.761,3.593
-2.746,3.383
0.747,-0.167
-1.653,0.552
2.157,0.308
-0.304,2.589
-1.575,1.27
-1.74,1.912
-2.546,2.032
2.481,2.244
1.172,2.18
-1.51,0.811
-1.871,0.811
2.767,3.335
-2.856,3.188
-2.667,-0.576
0.003,0.63
-0.128,-0.9
-0.122,0.276
-0.148,-0.48
-0.173,1.612
-0.188,1.115
-0.17,0.479
-0.208,-1.734
-0.283,0.722
-0.394,-2.217
-0.344,-0.098
-0.371,0.061
-0.454,1.213
-0.528,-0.149
-0.63,-0.85
-0.637,0.091
-0.632,1.736
-0.581,0.262
-0.614,0.506
-0.675,-1.818
-0.79,-0.326
-0.717,1.201
-0.81,0.295
-0.916,1.516
-0.923,1.227
-0.938,-0.19
-0.986,-0.822
-1.012,0.006
-1.006,0.96
-1.097,-1.11
-1.064,-0.987
-1.091,-0.051
-1.084,-1.826
-1.148,-1.603
-1.18,0.052
-1.247,1.455
-1.335,-1.259
-1.448,-2.293
-1.459,-2.173
-1.435,-1.167
-1.444,1.238
-1.446,-1.367
-1.558,-1.234
-1.572,0.494
-1.498,1.539
-1.534,1.297
-1.601,-1.172
-1.666,0.772
-1.656,0.198
-1.775,1.588
-1.786,0.188
-1.872,-0.878
-1.812,-2.016
-1.818,-0.124
-1.846,-0.902
-1.97,1.412
-1.896,-1.191
-1.898,-0.24
-1.989,-0.78
-2.006,-0.408
-2.016,0.628
-2.013,-1.152
-2.053,0.319
-2.141,-0.149
-2.086,0.106
-2.185,-0.724
-2.196,-0.652
-2.305,0.005
-2.307,-0.253
-2.253,-1.146
-2.266,-2.159
-2.322,1.564
-2.412,-1.356
-2.752,-1.583
-2.837,-1.643
-2.872,-1.144
-2.954,0.692
-2.914,0.224
-2.935,-1.275
-2.94,1.324
3.09,-1.073
2.603,-2.377
2.413,-2.392
1.945,-2.558
0.872,-2.521
0.115,-2.645
-0.769,-2.494
-0.933,-2.407
-1.196,-2.654
-1.523,-2.372
2.735,1.726
2.443,2.014
2.141,1.919
2.073,1.954
1.717,2.068
1.694,1.884
1.371,1.85
1.32,1.675
0.175,1.873
-0.009,2.14
0.037,2.248
-0.485,1.939
-1.711,2.052
-2.039,2.148
-2.056,1.784
-2.267,1.771
-2.469,1.682
-2.41,2.173
-1.454,-1.984
-1.612,0.793
2.491,-2.537
2.157,-2.351
1.47,-2.611
0.824,-2.605
-1.499,-2.355
-0.23,2.02
2.864,-0.867
2.95,-2.093
2.804,-0.825
2.804,-1.682
2.774,-0.775
2.764,-1.264
2.803,0.423
2.498,1.385
2.455,0.284
2.394,-1.848
2.378,1.687
2.374,-1.878
2.499,0.09
2.307,0.526
2.306,-1.369
2.153,0.588
2.246,-0.717
2.082,0.588
2.177,0.354
2.169,-2.124
2.042,-1.141
2.104,0.411
1.922,0.558
1.784,0.138
1.765,-2.14
1.866,1.546
1.82,-2.279
1.704,0.184
1.695,-0.219
1.563,1.218
1.556,0.345
1.658,-0.047
1.49,1.216
1.472,1.537
1.335,1.529
1.328,-2.265
1.178,-0.367
1.175,0.316
1.178,-1.0
0.929,-1.725
0.73,0.426
0.687,-1.266
0.597,-0.037
0.469,0.826
0.424,-2.158
0.371,-0.45
0.243,0.328
0.21,-0.268
0.159,-0.025
0.119,0.258
0.228,-2.146
0.051,1.298
0.041,1.016
-0.116,0.511
-0.156,-2.081
-0.21,-1.054
-0.126,0.409
-0.274,1.183
-0.216,1.184
-0.546,-2.109
-0.492,-0.043
-0.57,-2.348
-0.648,-0.828
-0.791,0.405
-0.798,0.671
-0.989,-0.473
-1.119,-1.165
-1.169,-0.577
-1.377,-0.236
-1.372,-1.017
-1.486,-0.746
-1.743,-1.278
-1.696,-0.501
-1.714,-0.247
-1.838,-0.863
-1.919,-1.809
-2.067,1.408
-2.123,-0.071
-2.03,-1.137
-2.092,-1.866
-2.393,-0.397
-2.263,-0.855
-2.563,-1.797
-2.771,-1.894
-2.799,-0.233
-2.862,1.191
-2.986,-0.833
-3.084,0.247
-3.117,-0.868
3.056,-0.316
2.991,0.274
2.789,-2.609
2.132,-2.208
1.835,-2.372
1.687,-2.582
1.702,-2.521
1.147,-2.369
1.224,-2.558
0.858,-2.625
0.328,-2.442
0.221,-2.667
-0.52,-2.528
-1.178,-2.323
-1.887,-2.312
-2.015,-2.414
-2.938,-2.353
-3.115,-2.574
2.48,2.093
1.988,1.909
1.716,2.133
1.0,1.856
0.228,2.067
-0.193,2.096
-0.083,1.852
-1.069,1.937
-2.343,2.089
-2.692,2.037
-2.677,1.827
0.816,-1.723
-1.584,-1.004
2.226,-1.248
-0.235,1.033
-1.506,-0.286
-1.671,0.356
-2.477,0.476
2.55,0.688
1.241,0.624
-1.441,-0.745
-1.802,-0.745
2.836,1.779
-2.787,1.632
-2.598,-2.132
-0.131,-1.53
-0.125,-0.354
-0.151,-1.11
-0.176,0.982
-0.191,0.485
-0.173,-0.151
-0.211,-2.364
-0.286,0.092
-0.397,-2.847
-0.347,-0.728
-0.374,-0.569
-0.457,0.583
-0.531,-0.779
-0.633,-1.48
-0.64,-0.539
-0.635,1.106
-0.584,-0.368
-0.617,-0.124
-0.678,-2.448
-0.793,-0.956
-0.72,0.571
-0.813,-0.335
-0.919,0.886
-0.926,0.597
-0.941,-0.82
-0.989,-1.452
-1.015,-0.624
-1.009,0.33
-1.1,-1.74
-1.067,-1.617
-1.094,-0.681
-1.087,-2.456
-1.151,-2.233
-1.183,-0.578
-1.25,0.825
-1.338,-1.889
-1.451,-2.923
-1.462,-2.803
-1.438,-1.797
-1.447,0.608
-1.449,-1.997
-1.561,-1.864
-1.575,-0.136
-1.501,0.909
-1.537,0.667
-1.604,-1.802
-1.669,0.142
-1.659,-0.432
-1.778,0.958
-1.789,-0.442
-1.875,-1.508
-1.815,-2.646
-1.821,-0.754
-1.849,-1.532
-1.973,0.782
-1.899,-1.821
-1.901,-0.87
-1.992,-1.41
-2.009,-1.038
-2.019,-0.002
-2.016,-1.782
-2.056,-0.311
-2.144,-0.779
-2.089,-0.524
-2.188,-1.354
-2.199,-1.282
-2.308,-0.625
-2.31,-0.883
-2.256,-1.776
-2.269,-2.789
-2.325,0.934
-2.415,-1.986
-2.755,-2.213
-2.84,-2.273
-2.875,-1.774
-2.957,0.062
-2.917,-0.406
-2.938,-1.905
-2.943,0.694
3.087,-1.703
2.6,-3.007
2.41,-3.022
1.942,-3.188
0.869,-3.151
0.112,-3.275
-0.772,-3.124
-0.936,-3.037
-1.199,-3.284
-1.526,-3.002
2.732,1.096
2.44,1.384
2.138,1.289
2.07,1.324
1.714,1.438
1.691,1.254
1.368,1.22
1.317,1.045
0.172,1.243
-0.012,1.51
0.034,1.618
-0.488,1.309
-1.714,1.422
-2.042,1.518
-2.059,1.154
-2.27,1.141
-2.472,1.052
-2.413,1.543
-1.457,-2.614
-1.615,0.163
2.488,-3.167
2.154,-2.981
1.467,-3.241
0.821,-3.235
-1.502,-2.985
-0.233,1.39
2.861,-1.497
2.947,-2.723
2.801,-1.455
2.801,-2.312
2.771,-1.405
2.761,-1.894
2.8,-0.207
2.495,0.755
2.452,-0.346
2.391,-2.478
2.375,1.057
2.371,-2.508
2.496,-0.54
2.304,-0.104
2.303,-1.999
2.15,-0.042
2.243,-1.347
2.079,-0.042
2.174,-0.276
2.166,-2.754
2.039,-1.771
2.101,-0.219
1.919,-0.072
1.781,-0.492
1.762,-2.77
1.863,0.916
1.817,-2.909
1.701,-0.446
1.692,-0.849
1.56,0.588
1.553,-0.285
1.655,-0.677
1.487,0.586
1.469,0.907
1.332,0.899
1.325,-2.895
1.175,-0.997
1.172,-0.314
1.175,-1.63
0.926,-2.355
0.727,-0.204
0.684,-1.896
0.594,-0.667
0.466,0.196
0.421,-2.788
0.368,-1.08
0.24,-0.302
0.207,-0.898
0.156,-0.655
0.116,-0.372
0.225,-2.776
0.048,0.668
0.038,0.386
-0.119,-0.119
-0.159,-2.711
-0.213,-1.684
-0.129,-0.221
-0.277,0.553
-0.219,0.554
-0.549,-2.739
-0.495,-0.673
-0.573,-2.978
-0.651,-1.458
-0.794,-0.225
-0.801,0.041
-0.992,-1.103
-1.122,-1.795
-1.172,-1.207
-1.38,-0.866
-1.375,-1.647
-1.489,-1.376
-1.746,-1.908
-1.699,-1.131
-1.717,-0.877
-1.841,-1.493
-1.922,-2.439
-2.07,0.778
-2.126,-0.701
-2.033,-1.767
-2.095,-2.496
-2.396,-1.027
-2.266,-1.485
-2.566,-2.427
-2.774,-2.524
-2.802,-0.863
-2.865,0.561
-2.989,-1.463
-3.087,-0.383
-3.12,-1.498
3.053,-0.946
2.988,-0.356
2.786,-3.239
2.129,-2.838
1.832,-3.002
1.684,-3.212
1.699,-3.151
1.144,-2.999
1.221,-3.188
0.855,-3.255
0.325,-3.072
0.218,-3.297
-0.523,-3.158
-1.181,-2.953
-1.89,-2.942
-2.018,-3.044
-2.941,-2.983
-3.118,-3.204
2.477,1.463
1.985,1.279
1.713,1.503
0.997,1.226
0.225,1.437
-0.196,1.466
-0.086,1.222
-1.072,1.307
-2.346,1.459
-2.695,1.407
-2.68,1.197
0.813,-2.353
-1.587,-1.634
2.223,-1.878
-0.238,0.403
-1.509,-0.916
-1.674,-0.274
-2.48,-0.154
2.547,0.058
1.238,-0.006
-1.444,-1.375
-1.805,-1.375
2.833,1.149
-2.79,1.002
-2.601,-2.762
0.006,1.176
-0.02,0.42
-0.045,2.512
-0.06,2.015
-0.042,1.379
-0.08,-0.834
-0.155,1.622
-0.266,-1.317
-0.216,0.802
-0.243,0.961
-0.326,2.113
-0.4,0.751
-0.502,0.05
-0.509,0.991
-0.504,2.636
-0.453,1.162
-0.486,1.406
-0.547,-0.918
-0.662,0.574
-0.589,2.101
-0.682,1.195
-0.788,2.416
-0.795,2.127
-0.81,0.71
-0.858,0.078
-0.884,0.906
-0.878,1.86
-0.969,-0.21
-0.936,-0.087
-0.963,0.849
-0.956,-0.926
-1.02,-0.703
-1.052,0.952
-1.119,2.355
-1.207,-0.359
-1.32,-1.393
-1.331,-1.273
-1.307,-0.267
-1.316,2.138
-1.318,-0.467
-1.43,-0.334
-1.444,1.394
-1.37,2.439
-1.406,2.197
-1.473,-0.272
-1.538,1.672
-1.528,1.098
-1.647,2.488
-1.658,1.088
-1.744,0.022
-1.684,-1.116
-1.69,0.776
-1.718,-0.002
-1.842,2.312
-1.768,-0.291
-1.77,0.66
-1.861,0.12
-1.878,0.492
-1.888,1.528
-1.885,-0.252
-1.925,1.219
-2.013,0.751
-1.958,1.006
-2.057,0.176
-2.068,0.248
-2.177,0.905
-2.179,0.647
-2.125,-0.246
-2.138,-1.259
-2.194,2.464
-2.284,-0.456
-2.624,-0.683
-2.709,-0.743
-2.744,-0.244
-2.826,1.592
-2.786,1.124
-2.807,-0.375
-2.812,2.224
-3.065,-0.173
2.731,-1.477
2.541,-1.492
2.073,-1.658
1.0,-1.621
0.243,-1.745
-0.641,-1.594
-0.805,-1.507
-1.068,-1.754
-1.395,-1.472
2.863,2.626
2.571,2.914
2.269,2.819
2.201,2.854
1.845,2.968
1.822,2.784
1.499,2.75
1.448,2.575
0.303,2.773
0.119,3.04
0.165,3.148
-0.357,2.839
-1.583,2.952
-1.911,3.048
-1.928,2.684
-2.139,2.671
-2.341,2.582
-2.282,3.073
-1.326,-1.084
-1.484,1.693
2.619,-1.637
2.285,-1.451
1.598,-1.711
0.952,-1.705
-1.371,-1.455
-0.102,2.92
2.992,0.033
3.078,-1.193
2.932,0.075
2.932,-0.782
2.902,0.125
2.892,-0.364
2.931,1.323
2.626,2.285
2.583,1.184
2.522,-0.948
2.506,2.587
2.502,-0.978
2.627,0.99
2.435,1.426
2.434,-0.469
2.281,1.488
2.374,0.183
2.21,1.488
2.305,1.254
2.297,-1.224
2.17,-0.241
2.232,1.311
2.05,1.458
1.912,1.038
1.893,-1.24
1.994,2.446
1.948,-1.379
1.832,1.084
1.823,0.681
1.691,2.118
1.684,1.245
1.786,0.853
1.618,2.116
1.6,2.437
1.463,2.429
1.456,-1.365
1.306,0.533
1.303,1.216
1.306,-0.1
1.057,-0.825
0.858,1.326
0.815,-0.366
0.725,0.863
0.597,1.726
0.552,-1.258
0.499,0.45
0.371,1.228
0.338,0.632
0.287,0.875
0.247,1.158
0.356,-1.246
0.179,2.198
0.169,1.916
0.012,1.411
-0.028,-1.181
-0.082,-0.154
0.002,1.309
-0.146,2.083
-0.088,2.084
-0.418,-1.209
-0.364,0.857
-0.442,-1.448
-0.52,0.072
-0.663,1.305
-0.67,1.571
-0.861,0.427
-0.991,-0.265
-1.041,0.323
-1.249,0.664
-1.244,-0.117
-1.358,0.154
-1.615,-0.378
-1.568,0.399
-1.586,0.653
-1.71,0.037
-1.791,-0.909
-1.939,2.308
-1.995,0.829
-1.902,-0.237
-1.964,-0.966
-2.265,0.503
-2.135,0.045
-2.435,-0.897
-2.643,-0.994
-2.671,0.667
-2.734,2.091
-2.858,0.067
-2.956,1.147
-2.989,0.032
-3.099,0.584
3.119,1.174
2.917,-1.709
2.26,-1.308
1.963,-1.472
1.815,-1.682
1.83,-1.621
1.275,-1.469
1.352,-1.658
0.986,-1.725
0.456,-1.542
0.349,-1.767
-0.392,-1.628
-1.05,-1.423
-1.759,-1.412
-1.887,-1.514
-2.81,-1.453
-2.987,-1.674
2.608,2.993
2.116,2.809
1.844,3.033
1.128,2.756
0.356,2.967
-0.065,2.996
0.045,2.752
-0.941,2.837
-2.215,2.989
-2.564,2.937
-2.549,2.727
0.944,-0.823
-1.456,-0.104
2.354,-0.348
-0.107,1.933
-1.378,0.614
-1.543,1.256
-2.349,1.376
2.678,1.588
1.369,1.524
-1.313,0.155
-1.674,0.155
2.964,2.679
-2.659,2.532
-2.47,-1.232
-0.026,-0.756
-0.051,1.336
-0.066,0.839
-0.048,0.203
-0.086,-2.01
-0.161,0.446
-0.272,-2.493
-0.222,-0.374
-0.249,-0.215
-0.332,0.937
-0.406,-0.425
-0.508,-1.126
-0.515,-0.185
-0.51,1.46
-0.459,-0.014
-0.492,0.23
-0.553,-2.094
-0.668,-0.602
-0.595,0.925
-0.688,0.019
-0.794,1.24
-0.801,0.951
-0.816,-0.466
-0.864,-1.098
-0.89,-0.27
-0.884,0.684
-0.975,-1.386
-0.942,-1.263
-0.969,-0.327
-0.962,-2.102
-1.026,-1.879
-1.058,-0.224
-1.125,1.179
-1.213,-1.535
-1.326,-2.569
-1.337,-2.449
-1.313,-1.443
-1.322,0.962
-1.324,-1.643
-1.436,-1.51
-1.45,0.218
-1.376,1.263
-1.412,1.021
-1.479,-1.448
-1.544,0.496
-1.534,-0.078
-1.653,1.312
-1.664,-0.088
-1.75,-1.154
-1.69,-2.292
-1.696,-0.4
-1.724,-1.178
-1.848,1.136
-1.774,-1.467
-1.776,-0.516
-1.867,-1.056
-1.884,-0.684
-1.894,0.352
-1.891,-1.428
-1.931,0.043
-2.019,-0.425
-1.964,-0.17
-2.063,-1.0
-2.074,-0.928
-2.183,-0.271
-2.185,-0.529
-2.131,-1.422
-2.144,-2.435
-2.2,1.288
-2.29,-1.632
-2.63,-1.859
-2.715,-1.919
-2.75,-1.42
-2.832,0.416
-2.792,-0.052
-2.813,-1.551
-2.818,1.048
-3.071,-1.349
2.725,-2.653
2.535,-2.668
2.067,-2.834
0.994,-2.797
0.237,-2.921
-0.647,-2.77
-0.811,-2.683
-1.074,-2.93
-1.401,-2.648
2.857,1.45
2.565,1.738
2.263,1.643
2.195,1.678
1.839,1.792
1.816,1.608
1.493,1.574
1.442,1.399
0.297,1.597
0.113,1.864
0.159,1.972
-0.363,1.663
-1.589,1.776
-1.917,1.872
-1.934,1.508
-2.145,1.495
-2.347,1.406
-2.288,1.897
-1.332,-2.26
-1.49,0.517
2.613,-2.813
2.279,-2.627
1.592,-2.887
0.946,-2.881
-1.377,-2.631
-0.108,1.744
2.986,-1.143
3.072,-2.369
2.926,-1.101
2.926,-1.958
2.896,-1.051
2.886,-1.54
2.925,0.147
2.62,1.109
2.577,0.008
2.516,-2.124
2.5,1.411
2.496,-2.154
2.621,-0.186
2.429,0.25
2.428,-1.645
2.275,0.312
2.368,-0.993
2.204,0.312
2.299,0.078
2.291,-2.4
2.164,-1.417
2.226,0.135
2.044,0.282
1.906,-0.138
1.887,-2.416
1.988,1.27
1.942,-2.555
1.826,-0.092
1.817,-0.495
1.685,0.942
1.678,0.069
1.78,-0.323
1.612,0.94
1.594,1.261
1.457,1.253
1.45,-2.541
1.3,-0.643
1.297,0.04
1.3,-1.276
1.051,-2.001
0.852,0.15
0.809,-1.542
0.719,-0.313
0.591,0.55
0.546,-2.434
0.493,-0.726
0.365,0.052
0.332,-0.544
0.281,-0.301
0.241,-0.018
0.35,-2.422
0.173,1.022
0.163,0.74
0.006,0.235
-0.034,-2.357
-0.088,-1.33
-0.004,0.133
-0.152,0.907
-0.094,0.908
-0.424,-2.385
-0.37,-0.319
-0.448,-2.624
-0.526,-1.104
-0.669,0.129
-0.676,0.395
-0.867,-0.749
-0.997,-1.441
-1.047,-0.853
-1.255,-0.512
-1.25,-1.293
-1.364,-1.022
-1.621,-1.554
-1.574,-0.777
-1.592,-0.523
-1.716,-1.139
-1.797,-2.085
-1.945,1.132
-2.001,-0.347
-1.908,-1.413
-1.97,-2.142
-2.271,-0.673
-2.141,-1.131
-2.441,-2.073
-2.649,-2.17
-2.677,-0.509
-2.74,0.915
-2.864,-1.109
-2.962,-0.029
-2.995,-1.144
-3.105,-0.592
3.113,-0.002
2.911,-2.885
2.254,-2.484
1.957,-2.648
1.809,-2.858
1.824,-2.797
1.269,-2.645
1.346,-2.834
0.98,-2.901
0.45,-2.718
0.343,-2.943
-0.398,-2.804
-1.056,-2.599
-1.765,-2.588
-1.893,-2.69
-2.816,-2.629
-2.993,-2.85
2.602,1.817
2.11,1.633
1.838,1.857
1.122,1.58
0.35,1.791
-0.071,1.82
0.039,1.576
-0.947,1.661
-2.221,1.813
-2.57,1.761
-2.555,1.551
0.938,-1.999
-1.462,-1.28
2.348,-1.524
-0.113,0.757
-1.384,-0.562
-1.549,0.08
-2.355,0.2
2.672,0.412
1.363,0.348
-1.319,-1.021
-1.68,-1.021
2.958,1.503
-2.665,1.356
-2.476,-2.408
-0.025,2.092
-0.04,1.595
-0.022,0.959
-0.06,-1.254
-0.135,1.202
-0.246,-1.737
-0.196,0.382
-0.223,0.541
-0.306,1.693
-0.38,0.331
-0.482,-0.37
-0.489,0.571
-0.484,2.216
-0.433,0.742
-0.466,0.986
-0.527,-1.338
-0.642,0.154
-0.569,1.681
-0.662,0.775
-0.768,1.996
-0.775,1.707
-0.79,0.29
-0.838,-0.342
-0.864,0.486
-0.858,1.44
-0.949,-0.63
-0.916,-0.507
-0.943,0.429
-0.936,-1.346
-1.0,-1.123
-1.032,0.532
-1.099,1.935
-1.187,-0.779
-1.3,-1.813
-1.311,-1.693
-1.287,-0.687
-1.296,1.718
-1.298,-0.887
-1.41,-0.754
-1.424,0.974
-1.35,2.019
-1.386,1.777
-1.453,-0.692
-1.518,1.252
-1.508,0.678
-1.627,2.068
-1.638,0.668
-1.724,-0.398
-1.664,-1.536
-1.67,0.356
-1.698,-0.422
-1.822,1.892
-1.748,-0.711
-1.75,0.24
-1.841,-0.3
-1.858,0.072
-1.868,1.108
-1.865,-0.672
-1.905,0.799
-1.993,0.331
-1.938,0.586
-2.037,-0.244
-2.048,-0.172
-2.157,0.485
-2.159,0.227
-2.105,-0.666
-2.118,-1.679
-2.174,2.044
-2.264,-0.876
-2.604,-1.103
-2.689,-1.163
-2.724,-0.664
-2.806,1.172
-2.766,0.704
-2.787,-0.795
-2.792,1.804
-3.045,-0.593
2.751,-1.897
2.561,-1.912
2.093,-2.078
1.02,-2.041
0.263,-2.165
-0.621,-2.014
-0.785,-1.927
-1.048,-2.174
-1.375,-1.892
2.883,2.206
2.591,2.494
2.289,2.399
2.221,2.434
1.865,2.548
1.842,2.364
1.519,2.33
1.468,2.155
0.323,2.353
0.139,2.62
0.185,2.728
-0.337,2.419
-1.563,2.532
-1.891,2.628
-1.908,2.264
-2.119,2.251
-2.321,2.162
-2.262,2.653
-1.306,-1.504
-1.464,1.273
2.639,-2.057
2.305,-1.871
1.618,-2.131
0.972,-2.125
-1.351,-1.875
-0.082,2.5
3.012,-0.387
3.098,-1.613
2.952,-0.345
2.952,-1.202
2.922,-0.295
2.912,-0.784
2.951,0.903
2.646,1.865
2.603,0.764
2.542,-1.368
2.526,2.167
2.522,-1.398
2.647,0.57
2.455,1.006
2.454,-0.889
2.301,1.068
2.394,-0.237
2.23,1.068
2.325,0.834
2.317,-1.644
2.19,-0.661
2.252,0.891
2.07,1.038
1.932,0.618
1.913,-1.66
2.014,2.026
1.968,-1.799
1.852,0.664
1.843,0.261
1.711,1.698
1.704,0.825
1.806,0.433
1.638,1.696
1.62,2.017
1.483,2.009
1.476,-1.785
1.326,0.113
1.323,0.796
1.326,-0.52
1.077,-1.245
0.878,0.906
0.835,-0.786
0.745,0.443
0.617,1.306
0.572,-1.678
0.519,0.03
0.391,0.808
0.358,0.212
0.307,0.455
0.267,0.738
0.376,-1.666
0.199,1.778
0.189,1.496
0.032,0.991
-0.008,-1.601
-0.062,-0.574
0.022,0.889
-0.126,1.663
-0.068,1.664
-0.398,-1.629
-0.344,0.437
-0.422,-1.868
-0.5,-0.348
-0.643,0.885
-0.65,1.151
-0.841,0.007
-0.971,-0.685
-1.021,-0.097
-1.229,0.244
-1.224,-0.537
-1.338,-0.266
-1.595,-0.798
-1.548,-0.021
-1.566,0.233
-1.69,-0.383
-1.771,-1.329
-1.919,1.888
-1.975,0.409
-1.882,-0.657
-1.944,-1.386
-2.245,0.083
-2.115,-0.375
-2.415,-1.317
-2.623,-1.414
-2.651,0.247
-2.714,1.671
-2.838,-0.353
-2.936,0.727
-2.969,-0.388
-3.079,0.164
3.139,0.754
2.937,-2.129
2.28,-1.728
1.983,-1.892
1.835,-2.102
1.85,-2.041
1.295,-1.889
1.372,-2.078
1.006,-2.145
0.476,-1.962
0.369,-2.187
-0.372,-2.048
-1.03,-1.843
-1.739,-1.832
-1.867,-1.934
-2.79,-1.873
-2.967,-2.094
2.628,2.573
2.136,2.389
1.864,2.613
1.148,2.336
0.376,2.547
-0.045,2.576
0.065,2.332
-0.921,2.417
-2.195,2.569
-2.544,2.517
-2.529,2.307
0.964,-1.243
-1.436,-0.524
2.374,-0.768
-0.087,1.513
-1.358,0.194
-1.523,0.836
-2.329,0.956
2.698,1.168
1.389,1.104
-1.293,-0.265
-1.654,-0.265
2.984,2.259
-2.639,2.112
-2.45,-1.652
-0.015,-0.497
0.003,-1.133
-0.035,-3.346
-0.11,-0.89
-0.221,-3.829
-0.171,-1.71
-0.198,-1.551
-0.281,-0.399
-0.355,-1.761
-0.457,-2.462
-0.464,-1.521
-0.459,0.124
-0.408,-1.35
-0.441,-1.106
-0.502,-3.43
-0.617,-1.938
-0.544,-0.411
-0.637,-1.317
-0.743,-0.096
-0.75,-0.385
-0.765,-1.802
-0.813,-2.434
-0.839,-1.606
-0.833,-0.652
-0.924,-2.722
-0.891,-2.599
-0.918,-1.663
-0.911,-3.438
-0.975,-3.215
-1.007,-1.56
-1.074,-0.157
-1.162,-2.871
-1.275,-3.905
-1.286,-3.785
-1.262,-2.779
-1.271,-0.374
-1.273,-2.979
-1.385,-2.846
-1.399,-1.118
-1.325,-0.073
-1.361,-0.315
-1.428,-2.784
-1.493,-0.84
-1.483,-1.414
-1.602,-0.024
-1.613,-1.424
-1.699,-2.49
-1.639,-3.628
-1.645,-1.736
-1.673,-2.514
-1.797,-0.2
-1.723,-2.803
-1.725,-1.852
-1.816,-2.392
-1.833,-2.02
-1.843,-0.984
-1.84,-2.764
-1.88,-1.293
-1.968,-1.761
-1.913,-1.506
-2.012,-2.336
-2.023,-2.264
-2.132,-1.607
-2.134,-1.865
-2.08,-2.758
-2.093,-3.771
-2.149,-0.048
-2.239,-2.968
-2.579,-3.195
-2.664,-3.255
-2.699,-2.756
-2.781,-0.92
-2.741,-1.388
-2.762,-2.887
-2.767,-0.288
-3.02,-2.685
2.776,-3.989
2.586,-4.004
2.118,-4.17
1.045,-4.133
0.288,-4.257
-0.596,-4.106
-0.76,-4.019
-1.023,-4.266
-1.35,-3.984
2.908,0.114
2.616,0.402
2.314,0.307
2.246,0.342
1.89,0.456
1.867,0.272
1.544,0.238
1.493,0.063
0.348,0.261
0.164,0.528
0.21,0.636
-0.312,0.327
-1.538,0.44
-1.866,0.536
-1.883,0.172
-2.094,0.159
-2.296,0.07
-2.237,0.561
-1.281,-3.596
-1.439,-0.819
2.664,-4.149
2.33,-3.963
1.643,-4.223
0.997,-4.217
-1.326,-3.967
-0.057,0.408
3.037,-2.479
3.123,-3.705
2.977,-2.437
2.977,-3.294
2.947,-2.387
2.937,-2.876
2.976,-1.189
2.671,-0.227
2.628,-1.328
2.567,-3.46
2.551,0.075
2.547,-3.49
2.672,-1.522
2.48,-1.086
2.479,-2.981
2.326,-1.024
2.419,-2.329
2.255,-1.024
2.35,-1.258
2.342,-3.736
2.215,-2.753
2.277,-1.201
2.095,-1.054
1.957,-1.474
1.938,-3.752
2.039,-0.066
1.993,-3.891
1.877,-1.428
1.868,-1.831
1.736,-0.394
1.729,-1.267
1.831,-1.659
1.663,-0.396
1.645,-0.075
1.508,-0.083
1.501,-3.877
1.351,-1.979
1.348,-1.296
1.351,-2.612
1.102,-3.337
0.903,-1.186
0.86,-2.878
0.77,-1.649
0.642,-0.786
0.597,-3.77
0.544,-2.062
0.416,-1.284
0.383,-1.88
0.332,-1.637
0.292,-1.354
0.401,-3.758
0.224,-0.314
0.214,-0.596
0.057,-1.101
0.017,-3.693
-0.037,-2.666
0.047,-1.203
-0.101,-0.429
-0.043,-0.428
-0.373,-3.721
-0.319,-1.655
-0.397,-3.96
-0.475,-2.44
-0.618,-1.207
-0.625,-0.941
-0.816,-2.085
-0.946,-2.777
-0.996,-2.189
-1.204,-1.848
-1.199,-2.629
-1.313,-2.358
-1.57,-2.89
-1.523,-2.113
-1.541,-1.859
-1.665,-2.475
-1.746,-3.421
-1.894,-0.204
-1.95,-1.683
-1.857,-2.749
-1.919,-3.478
-2.22,-2.009
-2.09,-2.467
-2.39,-3.409
-2.598,-3.506
-2.626,-1.845
-2.689,-0.421
-2.813,-2.445
-2.911,-1.365
-2.944,-2.48
-3.054,-1.928
-3.119,-1.338
2.962,-4.221
2.305,-3.82
2.008,-3.984
1.86,-4.194
1.875,-4.133
1.32,-3.981
1.397,-4.17
1.031,-4.237
0.501,-4.054
0.394,-4.279
-0.347,-4.14
-1.005,-3.935
-1.714,-3.924
-1.842,-4.026
-2.765,-3.965
-2.942,-4.186
2.653,0.481
2.161,0.297
1.889,0.521
1.173,0.244
0.401,0.455
-0.02,0.484
0.09,0.24
-0.896,0.325
-2.17,0.477
-2.519,0.425
-2.504,0.215
0.989,-3.335
-1.411,-2.616
2.399,-2.86
-0.062,-0.579
-1.333,-1.898
-1.498,-1.256
-2.304,-1.136
2.723,-0.924
1.414,-0.988
-1.268,-2.357
-1.629,-2.357
3.009,0.167
-2.614,0.02
-2.425,-3.744
0.018,-0.636
-0.02,-2.849
-0.095,-0.393
-0.206,-3.332
-0.156,-1.213
-0.183,-1.054
-0.266,0.098
-0.34,-1.264
-0.442,-1.965
-0.449,-1.024
-0.444,0.621
-0.393,-0.853
-0.426,-0.609
-0.487,-2.933
-0.602,-1.441
-0.529,0.086
-0.622,-0.82
-0.728,0.401
-0.735,0.112
-0.75,-1.305
-0.798,-1.937
-0.824,-1.109
-0.818,-0.155
-0.909,-2.225
-0.876,-2.102
-0.903,-1.166
-0.896,-2.941
-0.96,-2.718
-0.992,-1.063
-1.059,0.34
-1.147,-2.374
-1.26,-3.408
-1.271,-3.288
-1.247,-2.282
-1.256,0.123
-1.258,-2.482
-1.37,-2.349
-1.384,-0.621
-1.31,0.424
-1.346,0.182
-1.413,-2.287
-1.478,-0.343
-1.468,-0.917
-1.587,0.473
-1.598,-0.927
-1.684,-1.993
-1.624,-3.131
-1.63,-1.239
-1.658,-2.017
-1.782,0.297
-1.708,-2.306
-1.71,-1.355
-1.801,-1.895
-1.818,-1.523
-1.828,-0.487
-1.825,-2.267
-1.865,-0.796
-1.953,-1.264
-1.898,-1.009
-1.997,-1.839
-2.008,-1.767
-2.117,-1.11
-2.119,-1.368
-2.065,-2.261
-2.078,-3.274
-2.134,0.449
-2.224,-2.471
-2.564,-2.698
-2.649,-2.758
-2.684,-2.259
-2.766,-0.423
-2.726,-0.891
-2.747,-2.39
-2.752,0.209
-3.005,-2.188
2.791,-3.492
2.601,-3.507
2.133,-3.673
1.06,-3.636
0.303,-3.76
-0.581,-3.609
-0.745,-3.522
-1.008,-3.769
-1.335,-3.487
2.923,0.611
2.631,0.899
2.329,0.804
2.261,0.839
1.905,0.953
1.882,0.769
1.559,0.735
1.508,0.56
0.363,0.758
0.179,1.025
0.225,1.133
-0.297,0.824
-1.523,0.937
-1.851,1.033
-1.868,0.669
-2.079,0.656
-2.281,0.567
-2.222,1.058
-1.266,-3.099
-1.424,-0.322
2.679,-3.652
2.345,-3.466
1.658,-3.726
1.012,-3.72
-1.311,-3.47
-0.042,0.905
3.052,-1.982
3.138,-3.208
2.992,-1.94
2.992,-2.797
2.962,-1.89
2.952,-2.379
2.991,-0.692
2.686,0.27
2.643,-0.831
2.582,-2.963
2.566,0.572
2.562,-2.993
2.687,-1.025
2.495,-0.589
2.494,-2.484
2.341,-0.527
2.434,-1.832
2.27,-0.527
2.365,-0.761
2.357,-3.239
2.23,-2.256
2.292,-0.704
2.11,-0.557
1.972,-0.977
1.953,-3.255
2.054,0.431
2.008,-3.394
1.892,-0.931
1.883,-1.334
1.751,0.103
1.744,-0.77
1.846,-1.162
1.678,0.101
1.66,0.422
1.523,0.414
1.516,-3.38
1.366,-1.482
1.363,-0.799
1.366,-2.115
1.117,-2.84
0.918,-0.689
0.875,-2.381
0.785,-1.152
0.657,-0.289
0.612,-3.273
0.559,-1.565
0.431,-0.787
0.398,-1.383
0.347,-1.14
0.307,-0.857
0.416,-3.261
0.239,0.183
0.229,-0.099
0.072,-0.604
0.032,-3.196
-0.022,-2.169
0.062,-0.706
-0.086,0.068
-0.028,0.069
-0.358,-3.224
-0.304,-1.158
-0.382,-3.463
-0.46,-1.943
-0.603,-0.71
-0.61,-0.444
-0.801,-1.588
-0.931,-2.28
-0.981,-1.692
-1.189,-1.351
-1.184,-2.132
-1.298,-1.861
-1.555,-2.393
-1.508,-1.616
-1.526,-1.362
-1.65,-1.978
-1.731,-2.924
-1.879,0.293
-1.935,-1.186
-1.842,-2.252
-1.904,-2.981
-2.205,-1.512
-2.075,-1.97
-2.375,-2.912
-2.583,-3.009
-2.611,-1.348
-2.674,0.076
-2.798,-1.948
-2.896,-0.868
-2.929,-1.983
-3.039,-1.431
-3.104,-0.841
2.977,-3.724
2.32,-3.323
2.023,-3.487
1.875,-3.697
1.89,-3.636
1.335,-3.484
1.412,-3.673
1.046,-3.74
0.516,-3.557
0.409,-3.782
-0.332,-3.643
-0.99,-3.438
-1.699,-3.427
-1.827,-3.529
-2.75,-3.468
-2.927,-3.689
2.668,0.978
2.176,0.794
1.904,1.018
1.188,0.741
0.416,0.952
-0.005,0.981
0.105,0.737
-0.881,0.822
-2.155,0.974
-2.504,0.922
-2.489,0.712
1.004,-2.838
-1.396,-2.119
2.414,-2.363
-0.047,-0.082
-1.318,-1.401
-1.483,-0.759
-2.289,-0.639
2.738,-0.427
1.429,-0.491
-1.253,-1.86
-1.614,-1.86
3.024,0.664
-2.599,0.517
-2.41,-3.247
-0.038,-2.213
-0.113,0.243
-0.224,-2.696
-0.174,-0.577
-0.201,-0.418
-0.284,0.734
-0.358,-0.628
-0.46,-1.329
-0.467,-0.388
-0.462,1.257
-0.411,-0.217
-0.444,0.027
-0.505,-2.297
-0.62,-0.805
-0.547,0.722
-0.64,-0.184
-0.746,1.037
-0.753,0.748
-0.768,-0.669
-0.816,-1.301
-0.842,-0.473
-0.836,0.481
-0.927,-1.589
-0.894,-1.466
-0.921,-0.53
-0.914,-2.305
-0.978,-2.082
-1.01,-0.427
-1.077,0.976
-1.165,-1.738
-1.278,-2.772
-1.289,-2.652
-1.265,-1.646
-1.274,0.759
-1.276,-1.846
-1.388,-1.713
-1.402,0.015
-1.328,1.06
-1.364,0.818
-1.431,-1.651
-1.496,0.293
-1.486,-0.281
-1.605,1.109
-1.616,-0.291
-1.702,-1.357
-1.642,-2.495
-1.648,-0.603
-1.676,-1.381
-1.8,0.933
-1.726,-1.67
-1.728,-0.719
-1.819,-1.259
-1.836,-0.887
-1.846,0.149
-1.843,-1.631
-1.883,-0.16
-1.971,-0.628
-1.916,-0.373
-2.015,-1.203
-2.026,-1.131
-2.135,-0.474
-2.137,-0.732
-2.083,-1.625
-2.096,-2.638
-2.152,1.085
-2.242,-1.835
-2.582,-2.062
-2.667,-2.122
-2.702,-1.623
-2.784,0.213
-2.744,-0.255
-2.765,-1.754
-2.77,0.845
-3.023,-1.552
2.773,-2.856
2.583,-2.871
2.115,-3.037
1.042,-3.0
0.285,-3.124
-0.599,-2.973
-0.763,-2.886
-1.026,-3.133
-1.353,-2.851
2.905,1.247
2.613,1.535
2.311,1.44
2.243,1.475
1.887,1.589
1.864,1.405
1.541,1.371
1.49,1.196
0.345,1.394
0.161,1.661
0.207,1.769
-0.315,1.46
-1.541,1.573
-1.869,1.669
-1.886,1.305
-2.097,1.292
-2.299,1.203
-2.24,1.694
-1.284,-2.463
-1.442,0.314
2.661,-3.016
2.327,-2.83
1.64,-3.09
0.994,-3.084
-1.329,-2.834
-0.06,1.541
3.034,-1.346
3.12,-2.572
2.974,-1.304
2.974,-2.161
2.944,-1.254
2.934,-1.743
2.973,-0.056
2.668,0.906
2.625,-0.195
2.564,-2.327
2.548,1.208
2.544,-2.357
2.669,-0.389
2.477,0.047
2.476,-1.848
2.323,0.109
2.416,-1.196
2.252,0.109
2.347,-0.125
2.339,-2.603
2.212,-1.62
2.274,-0.068
2.092,0.079
1.954,-0.341
1.935,-2.619
2.036,1.067
1.99,-2.758
1.874,-0.295
1.865,-0.698
1.733,0.739
1.726,-0.134
1.828,-0.526
1.66,0.737
1.642,1.058
1.505,1.05
1.498,-2.744
1.348,-0.846
1.345,-0.163
1.348,-1.479
1.099,-2.204
0.9,-0.053
0.857,-1.745
0.767,-0.516
0.639,0.347
0.594,-2.637
0.541,-0.929
0.413,-0.151
0.38,-0.747
0.329,-0.504
0.289,-0.221
0.398,-2.625
0.221,0.819
0.211,0.537
0.054,0.032
0.014,-2.56
-0.04,-1.533
0.044,-0.07
-0.104,0.704
-0.046,0.705
-0.376,-2.588
-0.322,-0.522
-0.4,-2.827
-0.478,-1.307
-0.621,-0.074
-0.628,0.192
-0.819,-0.952
-0.949,-1.644
-0.999,-1.056
-1.207,-0.715
-1.202,-1.496
-1.316,-1.225
-1.573,-1.757
-1.526,-0.98
-1.544,-0.726
-1.668,-1.342
-1.749,-2.288
-1.897,0.929
-1.953,-0.55
-1.86,-1.616
-1.922,-2.345
-2.223,-0.876
-2.093,-1.334
-2.393,-2.276
-2.601,-2.373
-2.629,-0.712
-2.692,0.712
-2.816,-1.312
-2.914,-0.232
-2.947,-1.347
-3.057,-0.795
-3.122,-0.205
2.959,-3.088
2.302,-2.687
2.005,-2.851
1.857,-3.061
1.872,-3.0
1.317,-2.848
1.394,-3.037
1.028,-3.104
0.498,-2.921
0.391,-3.146
-0.35,-3.007
-1.008,-2.802
-1.717,-2.791
-1.845,-2.893
-2.768,-2.832
-2.945,-3.053
2.65,1.614
2.158,1.43
1.886,1.654
1.17,1.377
0.398,1.588
-0.023,1.617
0.087,1.373
-0.899,1.458
-2.173,1.61
-2.522,1.558
-2.507,1.348
0.986,-2.202
-1.414,-1.483
2.396,-1.727
-0.065,0.554
-1.336,-0.765
-1.501,-0.123
-2.307,-0.003
2.72,0.209
1.411,0.145
-1.271,-1.224
-1.632,-1.224
3.006,1.3
-2.617,1.153
-2.428,-2.611
-0.075,2.456
-0.186,-0.483
-0.136,1.636
-0.163,1.795
-0.246,2.947
-0.32,1.585
-0.422,0.884
-0.429,1.825
-0.424,3.47
-0.373,1.996
-0.406,2.24
-0.467,-0.084
-0.582,1.408
-0.509,2.935
-0.602,2.029
-0.708,3.25
-0.715,2.961
-0.73,1.544
-0.778,0.912
-0.804,1.74
-0.798,2.694
-0.889,0.624
-0.856,0.747
-0.883,1.683
-0.876,-0.092
-0.94,0.131
-0.972,1.786
-1.039,3.189
-1.127,0.475
-1.24,-0.559
-1.251,-0.439
-1.227,0.567
-1.236,2.972
-1.238,0.367
-1.35,0.5
-1.364,2.228
-1.29,3.273
-1.326,3.031
-1.393,0.562
-1.458,2.506
-1.448,1.932
-1.567,3.322
-1.578,1.922
-1.664,0.856
-1.604,-0.282
-1.61,1.61
-1.638,0.832
-1.762,3.146
-1.688,0.543
-1.69,1.494
-1.781,0.954
-1.798,1.326
-1.808,2.362
-1.805,0.582
-1.845,2.053
-1.933,1.585
-1.878,1.84
-1.977,1.01
-1.988,1.082
-2.097,1.739
-2.099,1.481
-2.045,0.588
-2.058,-0.425
-2.114,3.298
-2.204,0.378
-2.544,0.151
-2.629,0.091
-2.664,0.59
-2.746,2.426
-2.706,1.958
-2.727,0.459
-2.732,3.058
-2.985,0.661
2.811,-0.643
2.621,-0.658
2.153,-0.824
1.08,-0.787
0.323,-0.911
-0.561,-0.76
-0.725,-0.673
-0.988,-0.92
-1.315,-0.638
2.943,3.46
2.651,3.748
2.349,3.653
2.281,3.688
1.925,3.802
1.902,3.618
1.579,3.584
1.528,3.409
0.383,3.607
0.199,3.874
0.245,3.982
-0.277,3.673
-1.503,3.786
-1.831,3.882
-1.848,3.518
-2.059,3.505
-2.261,3.416
-2.202,3.907
-1.246,-0.25
-1.404,2.527
2.699,-0.803
2.365,-0.617
1.678,-0.877
1.032,-0.871
-1.291,-0.621
-0.022,3.754
3.072,0.867
-3.125,-0.359
3.012,0.909
3.012,0.052
2.982,0.959
2.972,0.47
3.011,2.157
2.706,3.119
2.663,2.018
2.602,-0.114
2.586,3.421
2.582,-0.144
2.707,1.824
2.515,2.26
2.514,0.365
2.361,2.322
2.454,1.017
2.29,2.322
2.385,2.088
2.377,-0.39
2.25,0.593
2.312,2.145
2.13,2.292
1.992,1.872
1.973,-0.406
2.074,3.28
2.028,-0.545
1.912,1.918
1.903,1.515
1.771,2.952
1.764,2.079
1.866,1.687
1.698,2.95
1.68,3.271
1.543,3.263
1.536,-0.531
1.386,1.367
1.383,2.05
1.386,0.734
1.137,0.009
0.938,2.16
0.895,0.468
0.805,1.697
0.677,2.56
0.632,-0.424
0.579,1.284
0.451,2.062
0.418,1.466
0.367,1.709
0.327,1.992
0.436,-0.412
0.259,3.032
0.249,2.75
0.092,2.245
0.052,-0.347
-0.002,0.68
0.082,2.143
-0.066,2.917
-0.008,2.918
-0.338,-0.375
-0.284,1.691
-0.362,-0.614
-0.44,0.906
-0.583,2.139
-0.59,2.405
-0.781,1.261
-0.911,0.569
-0.961,1.157
-1.169,1.498
-1.164,0.717
-1.278,0.988
-1.535,0.456
-1.488,1.233
-1.506,1.487
-1.63,0.871
-1.711,-0.075
-1.859,3.142
-1.915,1.663
-1.822,0.597
-1.884,-0.132
-2.185,1.337
-2.055,0.879
-2.355,-0.063
-2.563,-0.16
-2.591,1.501
-2.654,2.925
-2.778,0.901
-2.876,1.981
-2.909,0.866
-3.019,1.418
-3.084,2.008
2.997,-0.875
2.34,-0.474
2.043,-0.638
1.895,-0.848
1.91,-0.787
1.355,-0.635
1.432,-0.824
1.066,-0.891
0.536,-0.708
0.429,-0.933
-0.312,-0.794
-0.97,-0.589
-1.679,-0.578
-1.807,-0.68
-2.73,-0.619
-2.907,-0.84
2.688,3.827
2.196,3.643
1.924,3.867
1.208,3.59
0.436,3.801
0.015,3.83
0.125,3.586
-0.861,3.671
-2.135,3.823
-2.484,3.771
-2.469,3.561
1.024,0.011
-1.376,0.73
2.434,0.486
-0.027,2.767
-1.298,1.448
-1.463,2.09
-2.269,2.21
2.758,2.422
1.449,2.358
-1.233,0.989
-1.594,0.989
3.044,3.513
-2.579,3.366
-2.39,-0.398
-0.111,-2.939
-0.061,-0.82
-0.088,-0.661
-0.171,0.491
-0.245,-0.871
-0.347,-1.572
-0.354,-0.631
-0.349,1.014
-0.298,-0.46
-0.331,-0.216
-0.392,-2.54
-0.507,-1.048
-0.434,0.479
-0.527,-0.427
-0.633,0.794
-0.64,0.505
-0.655,-0.912
-0.703,-1.544
-0.729,-0.716
-0.723,0.238
-0.814,-1.832
-0.781,-1.709
-0.808,-0.773
-0.801,-2.548
-0.865,-2.325
-0.897,-0.67
-0.964,0.733
-1.052,-1.981
-1.165,-3.015
-1.176,-2.895
-1.152,-1.889
-1.161,0.516
-1.163,-2.089
-1.275,-1.956
-1.289,-0.228
-1.215,0.817
-1.251,0.575
-1.318,-1.894
-1.383,0.05
-1.373,-0.524
-1.492,0.866
-1.503,-0.534
-1.589,-1.6
-1.529,-2.738
-1.535,-0.846
-1.563,-1.624
-1.687,0.69
-1.613,-1.913
-1.615,-0.962
-1.706,-1.502
-1.723,-1.13
-1.733,-0.094
-1.73,-1.874
-1.77,-0.403
-1.858,-0.871
-1.803,-0.616
-1.902,-1.446
-1.913,-1.374
-2.022,-0.717
-2.024,-0.975
-1.97,-1.868
-1.983,-2.881
-2.039,0.842
-2.129,-2.078
-2.469,-2.305
-2.554,-2.365
-2.589,-1.866
-2.671,-0.03
-2.631,-0.498
-2.652,-1.997
-2.657,0.602
-2.91,-1.795
2.886,-3.099
2.696,-3.114
2.228,-3.28
1.155,-3.243
0.398,-3.367
-0.486,-3.216
-0.65,-3.129
-0.913,-3.376
-1.24,-3.094
3.018,1.004
2.726,1.292
2.424,1.197
2.356,1.232
2.0,1.346
1.977,1.162
1.654,1.128
1.603,0.953
0.458,1.151
0.274,1.418
0.32,1.526
-0.202,1.217
-1.428,1.33
-1.756,1.426
-1.773,1.062
-1.984,1.049
-2.186,0.96
-2.127,1.451
-1.171,-2.706
-1.329,0.071
2.774,-3.259
2.44,-3.073
1.753,-3.333
1.107,-3.327
-1.216,-3.077
0.053,1.298
-3.136,-1.589
-3.05,-2.815
3.087,-1.547
3.087,-2.404
3.057,-1.497
3.047,-1.986
3.086,-0.299
2.781,0.663
2.738,-0.438
2.677,-2.57
2.661,0.965
2.657,-2.6
2.782,-0.632
2.59,-0.196
2.589,-2.091
2.436,-0.134
2.529,-1.439
2.365,-0.134
2.46,-0.368
2.452,-2.846
2.325,-1.863
2.387,-0.311
2.205,-0.164
2.067,-0.584
2.048,-2.862
2.149,0.824
2.103,-3.001
1.987,-0.538
1.978,-0.941
1.846,0.496
1.839,-0.377
1.941,-0.769
1.773,0.494
1.755,0.815
1.618,0.807
1.611,-2.987
1.461,-1.089
1.458,-0.406
1.461,-1.722
1.212,-2.447
1.013,-0.296
0.97,-1.988
0.88,-0.759
0.752,0.104
0.707,-2.88
0.654,-1.172
0.526,-0.394
0.493,-0.99
0.442,-0.747
0.402,-0.464
0.511,-2.868
0.334,0.576
0.324,0.294
0.167,-0.211
0.127,-2.803
0.073,-1.776
0.157,-0.313
0.009,0.461
0.067,0.462
-0.263,-2.831
-0.209,-0.765
-0.287,-3.07
-0.365,-1.55
-0.508,-0.317
-0.515,-0.051
-0.706,-1.195
-0.836,-1.887
-0.886,-1.299
-1.094,-0.958
-1.089,-1.739
-1.203,-1.468
-1.46,-2.0
-1.413,-1.223
-1.431,-0.969
-1.555,-1.585
-1.636,-2.531
-1.784,0.686
-1.84,-0.793
-1.747,-1.859
-1.809,-2.588
-2.11,-1.119
-1.98,-1.577
-2.28,-2.519
-2.488,-2.616
-2.516,-0.955
-2.579,0.469
-2.703,-1.555
-2.801,-0.475
-2.834,-1.59
-2.944,-1.038
-3.009,-0.448
3.072,-3.331
2.415,-2.93
2.118,-3.094
1.97,-3.304
1.985,-3.243
1.43,-3.091
1.507,-3.28
1.141,-3.347
0.611,-3.164
0.504,-3.389
-0.237,-3.25
-0.895,-3.045
-1.604,-3.034
-1.732,-3.136
-2.655,-3.075
-2.832,-3.296
2.763,1.371
2.271,1.187
1.999,1.411
1.283,1.134
0.511,1.345
0.09,1.374
0.2,1.13
-0.786,1.215
-2.06,1.367
-2.409,1.315
-2.394,1.105
1.099,-2.445
-1.301,-1.726
2.509,-1.97
0.048,0.311
-1.223,-1.008
-1.388,-0.366
-2.194,-0.246
2.833,-0.034
1.524,-0.098
-1.158,-1.467
-1.519,-1.467
3.119,1.057
-2.504,0.91
-2.315,-2.854
0.05,2.119
0.023,2.278
-0.06,3.43
-0.134,2.068
-0.236,1.367
-0.243,2.308
-0.238,3.953
-0.187,2.479
-0.22,2.723
-0.281,0.399
-0.396,1.891
-0.323,3.418
-0.416,2.512
-0.522,3.733
-0.529,3.444
-0.544,2.027
-0.592,1.395
-0.618,2.223
-0.612,3.177
-0.703,1.107
-0.67,1.23
-0.697,2.166
-0.69,0.391
-0.754,0.614
-0.786,2.269
-0.853,3.672
-0.941,0.958
-1.054,-0.076
-1.065,0.044
-1.041,1.05
-1.05,3.455
-1.052,0.85
-1.164,0.983
-1.178,2.711
-1.104,3.756
-1.14,3.514
-1.207,1.045
-1.272,2.989
-1.262,2.415
-1.381,3.805
-1.392,2.405
-1.478,1.339
-1.418,0.201
-1.424,2.093
-1.452,1.315
-1.576,3.629
-1.502,1.026
-1.504,1.977
-1.595,1.437
-1.612,1.809
-1.622,2.845
-1.619,1.065
-1.659,2.536
-1.747,2.068
-1.692,2.323
-1.791,1.493
-1.802,1.565
-1.911,2.222
-1.913,1.964
-1.859,1.071
-1.872,0.058
-1.928,3.781
-2.018,0.861
-2.358,0.634
-2.443,0.574
-2.478,1.073
-2.56,2.909
-2.52,2.441
-2.541,0.942
-2.546,3.541
-2.799,1.144
2.997,-0.16
2.807,-0.175
2.339,-0.341
1.266,-0.304
0.509,-0.428
-0.375,-0.277
-0.539,-0.19
-0.802,-0.437
-1.129,-0.155
3.129,3.943
2.837,4.231
2.535,4.136
2.467,4.171
2.111,4.285
2.088,4.101
1.765,4.067
1.714,3.892
0.569,4.09
0.385,4.357
0.431,4.465
-0.091,4.156
-1.317,4.269
-1.645,4.365
-1.662,4.001
-1.873,3.988
-2.075,3.899
-2.016,4.39
-1.06,0.233
-1.218,3.01
2.885,-0.32
2.551,-0.134
1.864,-0.394
1.218,-0.388
-1.105,-0.138
0.164,4.237
-3.025,1.35
-2.939,0.124
-3.085,1.392
-3.085,0.535
-3.115,1.442
-3.125,0.953
-3.086,2.64
2.892,3.602
2.849,2.501
2.788,0.369
2.772,3.904
2.768,0.339
2.893,2.307
2.701,2.743
2.7,0.848
2.547,2.805
2.64,1.5
2.476,2.805
2.571,2.571
2.563,0.093
2.436,1.076
2.498,2.628
2.316,2.775
2.178,2.355
2.159,0.077
2.26,3.763
2.214,-0.062
2.098,2.401
2.089,1.998
1.957,3.435
1.95,2.562
2.052,2.17
1.884,3.433
1.866,3.754
1.729,3.746
1.722,-0.048
1.572,1.85
1.569,2.533
1.572,1.217
1.323,0.492
1.124,2.643
1.081,0.951
0.991,2.18
0.863,3.043
0.818,0.059
0.765,1.767
0.637,2.545
0.604,1.949
0.553,2.192
0.513,2.475
0.622,0.071
0.445,3.515
0.435,3.233
0.278,2.728
0.238,0.136
0.184,1.163
0.268,2.626
0.12,3.4
0.178,3.401
-0.152,0.108
-0.098,2.174
-0.176,-0.131
-0.254,1.389
-0.397,2.622
-0.404,2.888
-0.595,1.744
-0.725,1.052
-0.775,1.64
-0.983,1.981
-0.978,1.2
-1.092,1.471
-1.349,0.939
-1.302,1.716
-1.32,1.97
-1.444,1.354
-1.525,0.408
-1.673,3.625
-1.729,2.146
-1.636,1.08
-1.698,0.351
-1.999,1.82
-1.869,1.362
-2.169,0.42
-2.377,0.323
-2.405,1.984
-2.468,3.408
-2.592,1.384
-2.69,2.464
-2.723,1.349
-2.833,1.901
-2.898,2.491
-3.1,-0.392
2.526,0.009
2.229,-0.155
2.081,-0.365
2.096,-0.304
1.541,-0.152
1.618,-0.341
1.252,-0.408
0.722,-0.225
0.615,-0.45
-0.126,-0.311
-0.784,-0.106
-1.493,-0.095
-1.621,-0.197
-2.544,-0.136
-2.721,-0.357
2.874,4.31
2.382,4.126
2.11,4.35
1.394,4.073
0.622,4.284
0.201,4.313
0.311,4.069
-0.675,4.154
-1.949,4.306
-2.298,4.254
-2.283,4.044
1.21,0.494
-1.19,1.213
2.62,0.969
0.159,3.25
-1.112,1.931
-1.277,2.573
-2.083,2.693
2.944,2.905
1.635,2.841
-1.047,1.472
-1.408,1.472
-3.053,3.996
-2.393,3.849
-2.204,0.085
-0.027,0.159
-0.11,1.311
-0.184,-0.051
-0.286,-0.752
-0.293,0.189
-0.288,1.834
-0.237,0.36
-0.27,0.604
-0.331,-1.72
-0.446,-0.228
-0.373,1.299
-0.466,0.393
-0.572,1.614
-0.579,1.325
-0.594,-0.092
-0.642,-0.724
-0.668,0.104
-0.662,1.058
-0.753,-1.012
-0.72,-0.889
-0.747,0.047
-0.74,-1.728
-0.804,-1.505
-0.836,0.15
-0.903,1.553
-0.991,-1.161
-1.104,-2.195
-1.115,-2.075
-1.091,-1.069
-1.1,1.336
-1.102,-1.269
-1.214,-1.136
-1.228,0.592
-1.154,1.637
-1.19,1.395
-1.257,-1.074
-1.322,0.87
-1.312,0.296
-1.431,1.686
-1.442,0.286
-1.528,-0.78
-1.468,-1.918
-1.474,-0.026
-1.502,-0.804
-1.626,1.51
-1.552,-1.093
-1.554,-0.142
-1.645,-0.682
-1.662,-0.31
-1.672,0.726
-1.669,-1.054
-1.709,0.417
-1.797,-0.051
-1.742,0.204
-1.841,-0.626
-1.852,-0.554
-1.961,0.103
-1.963,-0.155
-1.909,-1.048
-1.922,-2.061
-1.978,1.662
-2.068,-1.258
-2.408,-1.485
-2.493,-1.545
-2.528,-1.046
-2.61,0.79
-2.57,0.322
-2.591,-1.177
-2.596,1.422
-2.849,-0.975
2.947,-2.279
2.757,-2.294
2.289,-2.46
1.216,-2.423
0.459,-2.547
-0.425,-2.396
-0.589,-2.309
-0.852,-2.556
-1.179,-2.274
3.079,1.824
2.787,2.112
2.485,2.017
2.417,2.052
2.061,2.166
2.038,1.982
1.715,1.948
1.664,1.773
0.519,1.971
0.335,2.238
0.381,2.346
-0.141,2.037
-1.367,2.15
-1.695,2.246
-1.712,1.882
-1.923,1.869
-2.125,1.78
-2.066,2.271
-1.11,-1.886
-1.268,0.891
2.835,-2.439
2.501,-2.253
1.814,-2.513
1.168,-2.507
-1.155,-2.257
0.114,2.118
-3.075,-0.769
-2.989,-1.995
-3.135,-0.727
-3.135,-1.584
3.118,-0.677
3.108,-1.166
-3.136,0.521
2.842,1.483
2.799,0.382
2.738,-1.75
2.722,1.785
2.718,-1.78
2.843,0.188
2.651,0.624
2.65,-1.271
2.497,0.686
2.59,-0.619
2.426,0.686
2.521,0.452
2.513,-2.026
2.386,-1.043
2.448,0.509
2.266,0.656
2.128,0.236
2.109,-2.042
2.21,1.644
2.164,-2.181
2.048,0.282
2.039,-0.121
1.907,1.316
1.9,0.443
2.002,0.051
1.834,1.314
1.816,1.635
1.679,1.627
1.672,-2.167
1.522,-0.269
1.519,0.414
1.522,-0.902
1.273,-1.627
1.074,0.524
1.031,-1.168
0.941,0.061
0.813,0.924
0.768,-2.06
0.715,-0.352
0.587,0.426
0.554,-0.17
0.503,0.073
0.463,0.356
0.572,-2.048
0.395,1.396
0.385,1.114
0.228,0.609
0.188,-1.983
0.134,-0.956
0.218,0.507
0.07,1.281
0.128,1.282
-0.202,-2.011
-0.148,0.055
-0.226,-2.25
-0.304,-0.73
-0.447,0.503
-0.454,0.769
-0.645,-0.375
-0.775,-1.067
-0.825,-0.479
-1.033,-0.138
-1.028,-0.919
-1.142,-0.648
-1.399,-1.18
-1.352,-0.403
-1.37,-0.149
-1.494,-0.765
-1.575,-1.711
-1.723,1.506
-1.779,0.027
-1.686,-1.039
-1.748,-1.768
-2.049,-0.299
-1.919,-0.757
-2.219,-1.699
-2.427,-1.796
-2.455,-0.135
-2.518,1.289
-2.642,-0.735
-2.74,0.345
-2.773,-0.77
-2.883,-0.218
-2.948,0.372
3.133,-2.511
2.476,-2.11
2.179,-2.274
2.031,-2.484
2.046,-2.423
1.491,-2.271
1.568,-2.46
1.202,-2.527
0.672,-2.344
0.565,-2.569
-0.176,-2.43
-0.834,-2.225
-1.543,-2.214
-1.671,-2.316
-2.594,-2.255
-2.771,-2.476
2.824,2.191
2.332,2.007
2.06,2.231
1.344,1.954
0.572,2.165
0.151,2.194
0.261,1.95
-0.725,2.035
-1.999,2.187
-2.348,2.135
-2.333,1.925
1.16,-1.625
-1.24,-0.906
2.57,-1.15
0.109,1.131
-1.162,-0.188
-1.327,0.454
-2.133,0.574
2.894,0.786
1.585,0.722
-1.097,-0.647
-1.458,-0.647
-3.103,1.877
-2.443,1.73
-2.254,-2.034
-0.083,1.152
-0.157,-0.21
-0.259,-0.911
-0.266,0.03
-0.261,1.675
-0.21,0.201
-0.243,0.445
-0.304,-1.879
-0.419,-0.387
-0.346,1.14
-0.439,0.234
-0.545,1.455
-0.552,1.166
-0.567,-0.251
-0.615,-0.883
-0.641,-0.055
-0.635,0.899
-0.726,-1.171
-0.693,-1.048
-0.72,-0.112
-0.713,-1.887
-0.777,-1.664
-0.809,-0.009
-0.876,1.394
-0.964,-1.32
-1.077,-2.354
-1.088,-2.234
-1.064,-1.228
-1.073,1.177
-1.075,-1.428
-1.187,-1.295
-1.201,0.433
-1.127,1.478
-1.163,1.236
-1.23,-1.233
-1.295,0.711
-1.285,0.137
-1.404,1.527
-1.415,0.127
-1.501,-0.939
-1.441,-2.077
-1.447,-0.185
-1.475,-0.963
-1.599,1.351
-1.525,-1.252
-1.527,-0.301
-1.618,-0.841
-1.635,-0.469
-1.645,0.567
-1.642,-1.213
-1.682,0.258
-1.77,-0.21
-1.715,0.045
-1.814,-0.785
-1.825,-0.713
-1.934,-0.056
-1.936,-0.314
-1.882,-1.207
-1.895,-2.22
-1.951,1.503
-2.041,-1.417
-2.381,-1.644
-2.466,-1.704
-2.501,-1.205
-2.583,0.631
-2.543,0.163
-2.564,-1.336
-2.569,1.263
-2.822,-1.134
2.974,-2.438
2.784,-2.453
2.316,-2.619
1.243,-2.582
0.486,-2.706
-0.398,-2.555
-0.562,-2.468
-0.825,-2.715
-1.152,-2.433
3.106,1.665
2.814,1.953
2.512,1.858
2.444,1.893
2.088,2.007
2.065,1.823
1.742,1.789
1.691,1.614
0.546,1.812
0.362,2.079
0.408,2.187
-0.114,1.878
-1.34,1.991
-1.668,2.087
-1.685,1.723
-1.896,1.71
-2.098,1.621
-2.039,2.112
-1.083,-2.045
-1.241,0.732
2.862,-2.598
2.528,-2.412
1.841,-2.672
1.195,-2.666
-1.128,-2.416
0.141,1.959
-3.048,-0.928
-2.962,-2.154
-3.108,-0.886
-3.108,-1.743
-3.138,-0.836
3.135,-1.325
-3.109,0.362
2.869,1.324
2.826,0.223
2.765,-1.909
2.749,1.626
2.745,-1.939
2.87,0.029
2.678,0.465
2.677,-1.43
2.524,0.527
2.617,-0.778
2.453,0.527
2.548,0.293
2.54,-2.185
2.413,-1.202
2.475,0.35
2.293,0.497
2.155,0.077
2.136,-2.201
2.237,1.485
2.191,-2.34
2.075,0.123
2.066,-0.28
1.934,1.157
1.927,0.284
2.029,-0.108
1.861,1.155
1.843,1.476
1.706,1.468
1.699,-2.326
1.549,-0.428
1.546,0.255
1.549,-1.061
1.3,-1.786
1.101,0.365
1.058,-1.327
0.968,-0.098
0.84,0.765
0.795,-2.219
0.742,-0.511
0.614,0.267
0.581,-0.329
0.53,-0.086
0.49,0.197
0.599,-2.207
0.422,1.237
0.412,0.955
0.255,0.45
0.215,-2.142
0.161,-1.115
0.245,0.348
0.097,1.122
0.155,1.123
-0.175,-2.17
-0.121,-0.104
-0.199,-2.409
-0.277,-0.889
-0.42,0.344
-0.427,0.61
-0.618,-0.534
-0.748,-1.226
-0.798,-0.638
-1.006,-0.297
-1.001,-1.078
-1.115,-0.807
-1.372,-1.339
-1.325,-0.562
-1.343,-0.308
-1.467,-0.924
-1.548,-1.87
-1.696,1.347
-1.752,-0.132
-1.659,-1.198
-1.721,-1.927
-2.022,-0.458
-1.892,-0.916
-2.192,-1.858
-2.4,-1.955
-2.428,-0.294
-2.491,1.13
-2.615,-0.894
-2.713,0.186
-2.746,-0.929
-2.856,-0.377
-2.921,0.213
-3.123,-2.67
2.503,-2.269
2.206,-2.433
2.058,-2.643
2.073,-2.582
1.518,-2.43
1.595,-2.619
1.229,-2.686
0.699,-2.503
0.592,-2.728
-0.149,-2.589
-0.807,-2.384
-1.516,-2.373
-1.644,-2.475
-2.567,-2.414
-2.744,-2.635
2.851,2.032
2.359,1.848
2.087,2.072
1.371,1.795
0.599,2.006
0.178,2.035
0.288,1.791
-0.698,1.876
-1.972,2.028
-2.321,1.976
-2.306,1.766
1.187,-1.784
-1.213,-1.065
2.597,-1.309
0.136,0.972
-1.135,-0.347
-1.3,0.295
-2.106,0.415
2.921,0.627
1.612,0.563
-1.07,-0.806
-1.431,-0.806
-3.076,1.718
-2.416,1.571
-2.227,-2.193
-0.074,-1.362
-0.176,-2.063
-0.183,-1.122
-0.178,0.523
-0.127,-0.951
-0.16,-0.707
-0.221,-3.031
-0.336,-1.539
-0.263,-0.012
-0.356,-0.918
-0.462,0.303
-0.469,0.014
-0.484,-1.403
-0.532,-2.035
-0.558,-1.207
-0.552,-0.253
-0.643,-2.323
-0.61,-2.2
-0.637,-1.264
-0.63,-3.039
-0.694,-2.816
-0.726,-1.161
-0.793,0.242
-0.881,-2.472
-0.994,-3.506
-1.005,-3.386
-0.981,-2.38
-0.99,0.025
-0.992,-2.58
-1.104,-2.447
-1.118,-0.719
-1.044,0.326
-1.08,0.084
-1.147,-2.385
-1.212,-0.441
-1.202,-1.015
-1.321,0.375
-1.332,-1.025
-1.418,-2.091
-1.358,-3.229
-1.364,-1.337
-1.392,-2.115
-1.516,0.199
-1.442,-2.404
-1.444,-1.453
-1.535,-1.993
-1.552,-1.621
-1.562,-0.585
-1.559,-2.365
-1.599,-0.894
-1.687,-1.362
-1.632,-1.107
-1.731,-1.937
-1.742,-1.865
-1.851,-1.208
-1.853,-1.466
-1.799,-2.359
-1.812,-3.372
-1.868,0.351
-1.958,-2.569
-2.298,-2.796
-2.383,-2.856
-2.418,-2.357
-2.5,-0.521
-2.46,-0.989
-2.481,-2.488
-2.486,0.111
-2.739,-2.286
3.057,-3.59
2.867,-3.605
2.399,-3.771
1.326,-3.734
0.569,-3.858
-0.315,-3.707
-0.479,-3.62
-0.742,-3.867
-1.069,-3.585
-3.094,0.513
2.897,0.801
2.595,0.706
2.527,0.741
2.171,0.855
2.148,0.671
1.825,0.637
1.774,0.462
0.629,0.66
0.445,0.927
0.491,1.035
-0.031,0.726
-1.257,0.839
-1.585,0.935
-1.602,0.571
-1.813,0.558
-2.015,0.469
-1.956,0.96
-1.0,-3.197
-1.158,-0.42
2.945,-3.75
2.611,-3.564
1.924,-3.824
1.278,-3.818
-1.045,-3.568
0.224,0.807
-2.965,-2.08
-2.879,-3.306
-3.025,-2.038
-3.025,-2.895
-3.055,-1.988
-3.065,-2.477
-3.026,-0.79
2.952,0.172
2.909,-0.929
2.848,-3.061
2.832,0.474
2.828,-3.091
2.953,-1.123
2.761,-0.687
2.76,-2.582
2.607,-0.625
2.7,-1.93
2.536,-0.625
2.631,-0.859
2.623,-3.337
2.496,-2.354
2.558,-0.802
2.376,-0.655
2.238,-1.075
2.219,-3.353
2.32,0.333
2.274,-3.492
2.158,-1.029
2.149,-1.432
2.017,0.005
2.01,-0.868
2.112,-1.26
1.944,0.003
1.926,0.324
1.789,0.316
1.782,-3.478
1.632,-1.58
1.629,-0.897
1.632,-2.213
1.383,-2.938
1.184,-0.787
1.141,-2.479
1.051,-1.25
0.923,-0.387
0.878,-3.371
0.825,-1.663
0.697,-0.885
0.664,-1.481
0.613,-1.238
0.573,-0.955
0.682,-3.359
0.505,0.085
0.495,-0.197
0.338,-0.702
0.298,-3.294
0.244,-2.267
0.328,-0.804
0.18,-0.03
0.238,-0.029
-0.092,-3.322
-0.038,-1.256
-0.116,-3.561
-0.194,-2.041
-0.337,-0.808
-0.344,-0.542
-0.535,-1.686
-0.665,-2.378
-0.715,-1.79
-0.923,-1.449
-0.918,-2.23
-1.032,-1.959
-1.289,-2.491
-1.242,-1.714
-1.26,-1.46
-1.384,-2.076
-1.465,-3.022
-1.613,0.195
-1.669,-1.284
-1.576,-2.35
-1.638,-3.079
-1.939,-1.61
-1.809,-2.068
-2.109,-3.01
-2.317,-3.107
-2.345,-1.446
-2.408,-0.022
-2.532,-2.046
-2.63,-0.966
-2.663,-2.081
-2.773,-1.529
-2.838,-0.939
-3.04,-3.822
2.586,-3.421
2.289,-3.585
2.141,-3.795
2.156,-3.734
1.601,-3.582
1.678,-3.771
1.312,-3.838
0.782,-3.655
0.675,-3.88
-0.066,-3.741
-0.724,-3.536
-1.433,-3.525
-1.561,-3.627
-2.484,-3.566
-2.661,-3.787
2.934,0.88
2.442,0.696
2.17,0.92
1.454,0.643
0.682,0.854
0.261,0.883
0.371,0.639
-0.615,0.724
-1.889,0.876
-2.238,0.824
-2.223,0.614
1.27,-2.936
-1.13,-2.217
2.68,-2.461
0.219,-0.18
-1.052,-1.499
-1.217,-0.857
-2.023,-0.737
3.004,-0.525
1.695,-0.589
-0.987,-1.958
-1.348,-1.958
-2.993,0.566
-2.333,0.419
-2.144,-3.345
-0.102,-0.701
-0.109,0.24
-0.104,1.885
-0.053,0.411
-0.086,0.655
-0.147,-1.669
-0.262,-0.177
-0.189,1.35
-0.282,0.444
-0.388,1.665
-0.395,1.376
-0.41,-0.041
-0.458,-0.673
-0.484,0.155
-0.478,1.109
-0.569,-0.961
-0.536,-0.838
-0.563,0.098
-0.556,-1.677
-0.62,-1.454
-0.652,0.201
-0.719,1.604
-0.807,-1.11
-0.92,-2.144
-0.931,-2.024
-0.907,-1.018
-0.916,1.387
-0.918,-1.218
-1.03,-1.085
-1.044,0.643
-0.97,1.688
-1.006,1.446
-1.073,-1.023
-1.138,0.921
-1.128,0.347
-1.247,1.737
-1.258,0.337
-1.344,-0.729
-1.284,-1.867
-1.29,0.025
-1.318,-0.753
-1.442,1.561
-1.368,-1.042
-1.37,-0.091
-1.461,-0.631
-1.478,-0.259
-1.488,0.777
-1.485,-1.003
-1.525,0.468
-1.613,0.0
-1.558,0.255
-1.657,-0.575
-1.668,-0.503
-1.777,0.154
-1.779,-0.104
-1.725,-0.997
-1.738,-2.01
-1.794,1.713
-1.884,-1.207
-2.224,-1.434
-2.309,-1.494
-2.344,-0.995
-2.426,0.841
-2.386,0.373
-2.407,-1.126
-2.412,1.473
-2.665,-0.924
3.131,-2.228
2.941,-2.243
2.473,-2.409
1.4,-2.372
0.643,-2.496
-0.241,-2.345
-0.405,-2.258
-0.668,-2.505
-0.995,-2.223
-3.02,1.875
2.971,2.163
2.669,2.068
2.601,2.103
2.245,2.217
2.222,2.033
1.899,1.999
1.848,1.824
0.703,2.022
0.519,2.289
0.565,2.397
0.043,2.088
-1.183,2.201
-1.511,2.297
-1.528,1.933
-1.739,1.92
-1.941,1.831
-1.882,2.322
-0.926,-1.835
-1.084,0.942
3.019,-2.388
2.685,-2.202
1.998,-2.462
1.352,-2.456
-0.971,-2.206
0.298,2.169
-2.891,-0.718
-2.805,-1.944
-2.951,-0.676
-2.951,-1.533
-2.981,-0.626
-2.991,-1.115
-2.952,0.572
3.026,1.534
2.983,0.433
2.922,-1.699
2.906,1.836
2.902,-1.729
3.027,0.239
2.835,0.675
2.834,-1.22
2.681,0.737
2.774,-0.568
2.61,0.737
2.705,0.503
2.697,-1.975
2.57,-0.992
2.632,0.56
2.45,0.707
2.312,0.287
2.293,-1.991
2.394,1.695
2.348,-2.13
2.232,0.333
2.223,-0.07
2.091,1.367
2.084,0.494
2.186,0.102
2.018,1.365
2.0,1.686
1.863,1.678
1.856,-2.116
1.706,-0.218
1.703,0.465
1.706,-0.851
1.457,-1.576
1.258,0.575
1.215,-1.117
1.125,0.112
0.997,0.975
0.952,-2.009
0.899,-0.301
0.771,0.477
0.738,-0.119
0.687,0.124
0.647,0.407
0.756,-1.997
0.579,1.447
0.569,1.165
0.412,0.66
0.372,-1.932
0.318,-0.905
0.402,0.558
0.254,1.332
0.312,1.333
-0.018,-1.96
0.036,0.106
-0.042,-2.199
-0.12,-0.679
-0.263,0.554
-0.27,0.82
-0.461,-0.324
-0.591,-1.016
-0.641,-0.428
-0.849,-0.087
-0.844,-0.868
-0.958,-0.597
-1.215,-1.129
-1.168,-0.352
-1.186,-0.098
-1.31,-0.714
-1.391,-1.66
-1.539,1.557
-1.595,0.078
-1.502,-0.988
-1.564,-1.717
-1.865,-0.248
-1.735,-0.706
-2.035,-1.648
-2.243,-1.745
-2.271,-0.084
-2.334,1.34
-2.458,-0.684
-2.556,0.396
-2.589,-0.719
-2.699,-0.167
-2.764,0.423
-2.966,-2.46
2.66,-2.059
2.363,-2.223
2.215,-2.433
2.23,-2.372
1.675,-2.22
1.752,-2.409
1.386,-2.476
0.856,-2.293
0.749,-2.518
0.008,-2.379
-0.65,-2.174
-1.359,-2.163
-1.487,-2.265
-2.41,-2.204
-2.587,-2.425
3.008,2.242
2.516,2.058
2.244,2.282
1.528,2.005
0.756,2.216
0.335,2.245
0.445,2.001
-0.541,2.086
-1.815,2.238
-2.164,2.186
-2.149,1.976
1.344,-1.574
-1.056,-0.855
2.754,-1.099
0.293,1.182
-0.978,-0.137
-1.143,0.505
-1.949,0.625
3.078,0.837
1.769,0.773
-0.913,-0.596
-1.274,-0.596
-2.919,1.928
-2.259,1.781
-2.07,-1.983
-0.007,0.941
-0.002,2.586
0.049,1.112
0.016,1.356
-0.045,-0.968
-0.16,0.524
-0.087,2.051
-0.18,1.145
-0.286,2.366
-0.293,2.077
-0.308,0.66
-0.356,0.028
-0.382,0.856
-0.376,1.81
-0.467,-0.26
-0.434,-0.137
-0.461,0.799
-0.454,-0.976
-0.518,-0.753
-0.55,0.902
-0.617,2.305
-0.705,-0.409
-0.818,-1.443
-0.829,-1.323
-0.805,-0.317
-0.814,2.088
-0.816,-0.517
-0.928,-0.384
-0.942,1.344
-0.868,2.389
-0.904,2.147
-0.971,-0.322
-1.036,1.622
-1.026,1.048
-1.145,2.438
-1.156,1.038
-1.242,-0.028
-1.182,-1.166
-1.188,0.726
-1.216,-0.052
-1.34,2.262
-1.266,-0.341
-1.268,0.61
-1.359,0.07
-1.376,0.442
-1.386,1.478
-1.383,-0.302
-1.423,1.169
-1.511,0.701
-1.456,0.956
-1.555,0.126
-1.566,0.198
-1.675,0.855
-1.677,0.597
-1.623,-0.296
-1.636,-1.309
-1.692,2.414
-1.782,-0.506
-2.122,-0.733
-2.207,-0.793
-2.242,-0.294
-2.324,1.542
-2.284,1.074
-2.305,-0.425
-2.31,2.174
-2.563,-0.223
-3.05,-1.527
3.043,-1.542
2.575,-1.708
1.502,-1.671
0.745,-1.795
-0.139,-1.644
-0.303,-1.557
-0.566,-1.804
-0.893,-1.522
-2.918,2.576
3.073,2.864
2.771,2.769
2.703,2.804
2.347,2.918
2.324,2.734
2.001,2.7
1.95,2.525
0.805,2.723
0.621,2.99
0.667,3.098
0.145,2.789
-1.081,2.902
-1.409,2.998
-1.426,2.634
-1.637,2.621
-1.839,2.532
-1.78,3.023
-0.824,-1.134
-0.982,1.643
3.121,-1.687
2.787,-1.501
2.1,-1.761
1.454,-1.755
-0.869,-1.505
0.4,2.87
-2.789,-0.017
-2.703,-1.243
-2.849,0.025
-2.849,-0.832
-2.879,0.075
-2.889,-0.414
-2.85,1.273
3.128,2.235
3.085,1.134
3.024,-0.998
3.008,2.537
3.004,-1.028
3.129,0.94
2.937,1.376
2.936,-0.519
2.783,1.438
2.876,0.133
2.712,1.438
2.807,1.204
2.799,-1.274
2.672,-0.291
2.734,1.261
2.552,1.408
2.414,0.988
2.395,-1.29
2.496,2.396
2.45,-1.429
2.334,1.034
2.325,0.631
2.193,2.068
2.186,1.195
2.288,0.803
2.12,2.066
2.102,2.387
1.965,2.379
1.958,-1.415
1.808,0.483
1.805,1.166
1.808,-0.15
1.559,-0.875
1.36,1.276
1.317,-0.416
1.227,0.813
1.099,1.676
1.054,-1.308
1.001,0.4
0.873,1.178
0.84,0.582
0.789,0.825
0.749,1.108
0.858,-1.296
0.681,2.148
0.671,1.866
0.514,1.361
0.474,-1.231
0.42,-0.204
0.504,1.259
0.356,2.033
0.414,2.034
0.084,-1.259
0.138,0.807
0.06,-1.498
-0.018,0.022
-0.161,1.255
-0.168,1.521
-0.359,0.377
-0.489,-0.315
-0.539,0.273
-0.747,0.614
-0.742,-0.167
-0.856,0.104
-1.113,-0.428
-1.066,0.349
-1.084,0.603
-1.208,-0.013
-1.289,-0.959
-1.437,2.258
-1.493,0.779
-1.4,-0.287
-1.462,-1.016
-1.763,0.453
-1.633,-0.005
-1.933,-0.947
-2.141,-1.044
-2.169,0.617
-2.232,2.041
-2.356,0.017
-2.454,1.097
-2.487,-0.018
-2.597,0.534
-2.662,1.124
-2.864,-1.759
2.762,-1.358
2.465,-1.522
2.317,-1.732
2.332,-1.671
1.777,-1.519
1.854,-1.708
1.488,-1.775
0.958,-1.592
0.851,-1.817
0.11,-1.678
-0.548,-1.473
-1.257,-1.462
-1.385,-1.564
-2.308,-1.503
-2.485,-1.724
3.11,2.943
2.618,2.759
2.346,2.983
1.63,2.706
0.858,2.917
0.437,2.946
0.547,2.702
-0.439,2.787
-1.713,2.939
-2.062,2.887
-2.047,2.677
1.446,-0.873
-0.954,-0.154
2.856,-0.398
0.395,1.883
-0.876,0.564
-1.041,1.206
-1.847,1.326
-3.103,1.538
1.871,1.474
-0.811,0.105
-1.172,0.105
-2.817,2.629
-2.157,2.482
-1.968,-1.282
0.005,1.645
0.056,0.171
0.023,0.415
-0.038,-1.909
-0.153,-0.417
-0.08,1.11
-0.173,0.204
-0.279,1.425
-0.286,1.136
-0.301,-0.281
-0.349,-0.913
-0.375,-0.085
-0.369,0.869
-0.46,-1.201
-0.427,-1.078
-0.454,-0.142
-0.447,-1.917
-0.511,-1.694
-0.543,-0.039
-0.61,1.364
-0.698,-1.35
-0.811,-2.384
-0.822,-2.264
-0.798,-1.258
-0.807,1.147
-0.809,-1.458
-0.921,-1.325
-0.935,0.403
-0.861,1.448
-0.897,1.206
-0.964,-1.263
-1.029,0.681
-1.019,0.107
-1.138,1.497
-1.149,0.097
-1.235,-0.969
-1.175,-2.107
-1.181,-0.215
-1.209,-0.993
-1.333,1.321
-1.259,-1.282
-1.261,-0.331
-1.352,-0.871
-1.369,-0.499
-1.379,0.537
-1.376,-1.243
-1.416,0.228
-1.504,-0.24
-1.449,0.015
-1.548,-0.815
-1.559,-0.743
-1.668,-0.086
-1.67,-0.344
-1.616,-1.237
-1.629,-2.25
-1.685,1.473
-1.775,-1.447
-2.115,-1.674
-2.2,-1.734
-2.235,-1.235
-2.317,0.601
-2.277,0.133
-2.298,-1.366
-2.303,1.233
-2.556,-1.164
-3.043,-2.468
3.05,-2.483
2.582,-2.649
1.509,-2.612
0.752,-2.736
-0.132,-2.585
-0.296,-2.498
-0.559,-2.745
-0.886,-2.463
-2.911,1.635
3.08,1.923
2.778,1.828
2.71,1.863
2.354,1.977
2.331,1.793
2.008,1.759
1.957,1.584
0.812,1.782
0.628,2.049
0.674,2.157
0.152,1.848
-1.074,1.961
-1.402,2.057
-1.419,1.693
-1.63,1.68
-1.832,1.591
-1.773,2.082
-0.817,-2.075
-0.975,0.702
3.128,-2.628
2.794,-2.442
2.107,-2.702
1.461,-2.696
-0.862,-2.446
0.407,1.929
-2.782,-0.958
-2.696,-2.184
-2.842,-0.916
-2.842,-1.773
-2.872,-0.866
-2.882,-1.355
-2.843,0.332
3.135,1.294
3.092,0.193
3.031,-1.939
3.015,1.596
3.011,-1.969
3.136,-0.001
2.944,0.435
2.943,-1.46
2.79,0.497
2.883,-0.808
2.719,0.497
2.814,0.263
2.806,-2.215
2.679,-1.232
2.741,0.32
2.559,0.467
2.421,0.047
2.402,-2.231
2.503,1.455
2.457,-2.37
2.341,0.093
2.332,-0.31
2.2,1.127
2.193,0.254
2.295,-0.138
2.127,1.125
2.109,1.446
1.972,1.438
1.965,-2.356
1.815,-0.458
1.812,0.225
1.815,-1.091
1.566,-1.816
1.367,0.335
1.324,-1.357
1.234,-0.128
1.106,0.735
1.061,-2.249
1.008,-0.541
0.88,0.237
0.847,-0.359
0.796,-0.116
0.756,0.167
0.865,-2.237
0.688,1.207
0.678,0.925
0.521,0.42
0.481,-2.172
0.427,-1.145
0.511,0.318
0.363,1.092
0.421,1.093
0.091,-2.2
0.145,-0.134
0.067,-2.439
-0.011,-0.919
-0.154,0.314
-0.161,0.58
-0.352,-0.564
-0.482,-1.256
-0.532,-0.668
-0.74,-0.327
-0.735,-1.108
-0.849,-0.837
-1.106,-1.369
-1.059,-0.592
-1.077,-0.338
-1.201,-0.954
-1.282,-1.9
-1.43,1.317
-1.486,-0.162
-1.393,-1.228
-1.455,-1.957
-1.756,-0.488
-1.626,-0.946
-1.926,-1.888
-2.134,-1.985
-2.162,-0.324
-2.225,1.1
-2.349,-0.924
-2.447,0.156
-2.48,-0.959
-2.59,-0.407
-2.655,0.183
-2.857,-2.7
2.769,-2.299
2.472,-2.463
2.324,-2.673
2.339,-2.612
1.784,-2.46
1.861,-2.649
1.495,-2.716
0.965,-2.533
0.858,-2.758
0.117,-2.619
-0.541,-2.414
-1.25,-2.403
-1.378,-2.505
-2.301,-2.444
-2.478,-2.665
3.117,2.002
2.625,1.818
2.353,2.042
1.637,1.765
0.865,1.976
0.444,2.005
0.554,1.761
-0.432,1.846
-1.706,1.998
-2.055,1.946
-2.04,1.736
1.453,-1.814
-0.947,-1.095
2.863,-1.339
0.402,0.942
-0.869,-0.377
-1.034,0.265
-1.84,0.385
-3.096,0.597
1.878,0.533
-0.804,-0.836
-1.165,-0.836
-2.81,1.688
-2.15,1.541
-1.961,-2.223
0.051,-1.474
0.018,-1.23
-0.043,-3.554
-0.158,-2.062
-0.085,-0.535
-0.178,-1.441
-0.284,-0.22
-0.291,-0.509
-0.306,-1.926
-0.354,-2.558
-0.38,-1.73
-0.374,-0.776
-0.465,-2.846
-0.432,-2.723
-0.459,-1.787
-0.452,-3.562
-0.516,-3.339
-0.548,-1.684
-0.615,-0.281
-0.703,-2.995
-0.816,-4.029
-0.827,-3.909
-0.803,-2.903
-0.812,-0.498
-0.814,-3.103
-0.926,-2.97
-0.94,-1.242
-0.866,-0.197
-0.902,-0.439
-0.969,-2.908
-1.034,-0.964
-1.024,-1.538
-1.143,-0.148
-1.154,-1.548
-1.24,-2.614
-1.18,-3.752
-1.186,-1.86
-1.214,-2.638
-1.338,-0.324
-1.264,-2.927
-1.266,-1.976
-1.357,-2.516
-1.374,-2.144
-1.384,-1.108
-1.381,-2.888
-1.421,-1.417
-1.509,-1.885
-1.454,-1.63
-1.553,-2.46
-1.564,-2.388
-1.673,-1.731
-1.675,-1.989
-1.621,-2.882
-1.634,-3.895
-1.69,-0.172
-1.78,-3.092
-2.12,-3.319
-2.205,-3.379
-2.24,-2.88
-2.322,-1.044
-2.282,-1.512
-2.303,-3.011
-2.308,-0.412
-2.561,-2.809
-3.048,-4.113
3.045,-4.128
2.577,-4.294
1.504,-4.257
0.747,-4.381
-0.137,-4.23
-0.301,-4.143
-0.564,-4.39
-0.891,-4.108
-2.916,-0.01
3.075,0.278
2.773,0.183
2.705,0.218
2.349,0.332
2.326,0.148
2.003,0.114
1.952,-0.061
0.807,0.137
0.623,0.404
0.669,0.512
0.147,0.203
-1.079,0.316
-1.407,0.412
-1.424,0.048
-1.635,0.035
-1.837,-0.054
-1.778,0.437
-0.822,-3.72
-0.98,-0.943
3.123,-4.273
2.789,-4.087
2.102,-4.347
1.456,-4.341
-0.867,-4.091
0.402,0.284
-2.787,-2.603
-2.701,-3.829
-2.847,-2.561
-2.847,-3.418
-2.877,-2.511
-2.887,-3.0
-2.848,-1.313
3.13,-0.351
3.087,-1.452
3.026,-3.584
3.01,-0.049
3.006,-3.614
3.131,-1.646
2.939,-1.21
2.938,-3.105
2.785,-1.148
2.878,-2.453
2.714,-1.148
2.809,-1.382
2.801,-3.86
2.674,-2.877
2.736,-1.325
2.554,-1.178
2.416,-1.598
2.397,-3.876
2.498,-0.19
2.452,-4.015
2.336,-1.552
2.327,-1.955
2.195,-0.518
2.188,-1.391
2.29,-1.783
2.122,-0.52
2.104,-0.199
1.967,-0.207
1.96,-4.001
1.81,-2.103
1.807,-1.42
1.81,-2.736
1.561,-3.461
1.362,-1.31
1.319,-3.002
1.229,-1.773
1.101,-0.91
1.056,-3.894
1.003,-2.186
0.875,-1.408
0.842,-2.004
0.791,-1.761
0.751,-1.478
0.86,-3.882
0.683,-0.438
0.673,-0.72
0.516,-1.225
0.476,-3.817
0.422,-2.79
0.506,-1.327
0.358,-0.553
0.416,-0.552
0.086,-3.845
0.14,-1.779
0.062,-4.084
-0.016,-2.564
-0.159,-1.331
-0.166,-1.065
-0.357,-2.209
-0.487,-2.901
-0.537,-2.313
-0.745,-1.972
-0.74,-2.753
-0.854,-2.482
-1.111,-3.014
-1.064,-2.237
-1.082,-1.983
-1.206,-2.599
-1.287,-3.545
-1.435,-0.328
-1.491,-1.807
-1.398,-2.873
-1.46,-3.602
-1.761,-2.133
-1.631,-2.591
-1.931,-3.533
-2.139,-3.63
-2.167,-1.969
-2.23,-0.545
-2.354,-2.569
-2.452,-1.489
-2.485,-2.604
-2.595,-2.052
-2.66,-1.462
-2.862,-4.345
2.764,-3.944
2.467,-4.108
2.319,-4.318
2.334,-4.257
1.779,-4.105
1.856,-4.294
1.49,-4.361
0.96,-4.178
0.853,-4.403
0.112,-4.264
-0.546,-4.059
-1.255,-4.048
-1.383,-4.15
-2.306,-4.089
-2.483,-4.31
3.112,0.357
2.62,0.173
2.348,0.397
1.632,0.12
0.86,0.331
0.439,0.36
0.549,0.116
-0.437,0.201
-1.711,0.353
-2.06,0.301
-2.045,0.091
1.448,-3.459
-0.952,-2.74
2.858,-2.984
0.397,-0.703
-0.874,-2.022
-1.039,-1.38
-1.845,-1.26
-3.101,-1.048
1.873,-1.112
-0.809,-2.481
-1.17,-2.481
-2.815,0.043
-2.155,-0.104
-1.966,-3.868
-0.033,0.244
-0.094,-2.08
-0.209,-0.588
-0.136,0.939
-0.229,0.033
-0.335,1.254
-0.342,0.965
-0.357,-0.452
-0.405,-1.084
-0.431,-0.256
-0.425,0.698
-0.516,-1.372
-0.483,-1.249
-0.51,-0.313
-0.503,-2.088
-0.567,-1.865
-0.599,-0.21
-0.666,1.193
-0.754,-1.521
-0.867,-2.555
-0.878,-2.435
-0.854,-1.429
-0.863,0.976
-0.865,-1.629
-0.977,-1.496
-0.991,0.232
-0.917,1.277
-0.953,1.035
-1.02,-1.434
-1.085,0.51
-1.075,-0.064
-1.194,1.326
-1.205,-0.074
-1.291,-1.14
-1.231,-2.278
-1.237,-0.386
-1.265,-1.164
-1.389,1.15
-1.315,-1.453
-1.317,-0.502
-1.408,-1.042
-1.425,-0.67
-1.435,0.366
-1.432,-1.414
-1.472,0.057
-1.56,-0.411
-1.505,-0.156
-1.604,-0.986
-1.615,-0.914
-1.724,-0.257
-1.726,-0.515
-1.672,-1.408
-1.685,-2.421
-1.741,1.302
-1.831,-1.618
-2.171,-1.845
-2.256,-1.905
-2.291,-1.406
-2.373,0.43
-2.333,-0.038
-2.354,-1.537
-2.359,1.062
-2.612,-1.335
-3.099,-2.639
2.994,-2.654
2.526,-2.82
1.453,-2.783
0.696,-2.907
-0.188,-2.756
-0.352,-2.669
-0.615,-2.916
-0.942,-2.634
-2.967,1.464
3.024,1.752
2.722,1.657
2.654,1.692
2.298,1.806
2.275,1.622
1.952,1.588
1.901,1.413
0.756,1.611
0.572,1.878
0.618,1.986
0.096,1.677
-1.13,1.79
-1.458,1.886
-1.475,1.522
-1.686,1.509
-1.888,1.42
-1.829,1.911
-0.873,-2.246
-1.031,0.531
3.072,-2.799
2.738,-2.613
2.051,-2.873
1.405,-2.867
-0.918,-2.617
0.351,1.758
-2.838,-1.129
-2.752,-2.355
-2.898,-1.087
-2.898,-1.944
-2.928,-1.037
-2.938,-1.526
-2.899,0.161
3.079,1.123
3.036,0.022
2.975,-2.11
2.959,1.425
2.955,-2.14
3.08,-0.172
2.888,0.264
2.887,-1.631
2.734,0.326
2.827,-0.979
2.663,0.326
2.758,0.092
2.75,-2.386
2.623,-1.403
2.685,0.149
2.503,0.296
2.365,-0.124
2.346,-2.402
2.447,1.284
2.401,-2.541
2.285,-0.078
2.276,-0.481
2.144,0.956
2.137,0.083
2.239,-0.309
2.071,0.954
2.053,1.275
1.916,1.267
1.909,-2.527
1.759,-0.629
1.756,0.054
1.759,-1.262
1.51,-1.987
1.311,0.164
1.268,-1.528
1.178,-0.299
1.05,0.564
1.005,-2.42
0.952,-0.712
0.824,0.066
0.791,-0.53
0.74,-0.287
0.7,-0.004
0.809,-2.408
0.632,1.036
0.622,0.754
0.465,0.249
0.425,-2.343
0.371,-1.316
0.455,0.147
0.307,0.921
0.365,0.922
0.035,-2.371
0.089,-0.305
0.011,-2.61
-0.067,-1.09
-0.21,0.143
-0.217,0.409
-0.408,-0.735
-0.538,-1.427
-0.588,-0.839
-0.796,-0.498
-0.791,-1.279
-0.905,-1.008
-1.162,-1.54
-1.115,-0.763
-1.133,-0.509
-1.257,-1.125
-1.338,-2.071
-1.486,1.146
-1.542,-0.333
-1.449,-1.399
-1.511,-2.128
-1.812,-0.659
-1.682,-1.117
-1.982,-2.059
-2.19,-2.156
-2.218,-0.495
-2.281,0.929
-2.405,-1.095
-2.503,-0.015
-2.536,-1.13
-2.646,-0.578
-2.711,0.012
-2.913,-2.871
2.713,-2.47
2.416,-2.634
2.268,-2.844
2.283,-2.783
1.728,-2.631
1.805,-2.82
1.439,-2.887
0.909,-2.704
0.802,-2.929
0.061,-2.79
-0.597,-2.585
-1.306,-2.574
-1.434,-2.676
-2.357,-2.615
-2.534,-2.836
3.061,1.831
2.569,1.647
2.297,1.871
1.581,1.594
0.809,1.805
0.388,1.834
0.498,1.59
-0.488,1.675
-1.762,1.827
-2.111,1.775
-2.096,1.565
1.397,-1.985
-1.003,-1.266
2.807,-1.51
0.346,0.771
-0.925,-0.548
-1.09,0.094
-1.896,0.214
3.131,0.426
1.822,0.362
-0.86,-1.007
-1.221,-1.007
-2.866,1.517
-2.206,1.37
-2.017,-2.394
-0.061,-2.324
-0.176,-0.832
-0.103,0.695
-0.196,-0.211
-0.302,1.01
-0.309,0.721
-0.324,-0.696
-0.372,-1.328
-0.398,-0.5
-0.392,0.454
-0.483,-1.616
-0.45,-1.493
-0.477,-0.557
-0.47,-2.332
-0.534,-2.109
-0.566,-0.454
-0.633,0.949
-0.721,-1.765
-0.834,-2.799
-0.845,-2.679
-0.821,-1.673
-0.83,0.732
-0.832,-1.873
-0.944,-1.74
-0.958,-0.012
-0.884,1.033
-0.92,0.791
-0.987,-1.678
-1.052,0.266
-1.042,-0.308
-1.161,1.082
-1.172,-0.318
-1.258,-1.384
-1.198,-2.522
-1.204,-0.63
-1.232,-1.408
-1.356,0.906
-1.282,-1.697
-1.284,-0.746
-1.375,-1.286
-1.392,-0.914
-1.402,0.122
-1.399,-1.658
-1.439,-0.187
-1.527,-0.655
-1.472,-0.4
-1.571,-1.23
-1.582,-1.158
-1.691,-0.501
-1.693,-0.759
-1.639,-1.652
-1.652,-2.665
-1.708,1.058
-1.798,-1.862
-2.138,-2.089
-2.223,-2.149
-2.258,-1.65
-2.34,0.186
-2.3,-0.282
-2.321,-1.781
-2.326,0.818
-2.579,-1.579
-3.066,-2.883
3.027,-2.898
2.559,-3.064
1.486,-3.027
0.729,-3.151
-0.155,-3.0
-0.319,-2.913
-0.582,-3.16
-0.909,-2.878
-2.934,1.22
3.057,1.508
2.755,1.413
2.687,1.448
2.331,1.562
2.308,1.378
1.985,1.344
1.934,1.169
0.789,1.367
0.605,1.634
0.651,1.742
0.129,1.433
-1.097,1.546
-1.425,1.642
-1.442,1.278
-1.653,1.265
-1.855,1.176
-1.796,1.667
-0.84,-2.49
-0.998,0.287
3.105,-3.043
2.771,-2.857
2.084,-3.117
1.438,-3.111
-0.885,-2.861
0.384,1.514
-2.805,-1.373
-2.719,-2.599
-2.865,-1.331
-2.865,-2.188
-2.895,-1.281
-2.905,-1.77
-2.866,-0.083
3.112,0.879
3.069,-0.222
3.008,-2.354
2.992,1.181
2.988,-2.384
3.113,-0.416
2.921,0.02
2.92,-1.875
2.767,0.082
2.86,-1.223
2.696,0.082
2.791,-0.152
2.783,-2.63
2.656,-1.647
2.718,-0.095
2.536,0.052
2.398,-0.368
2.379,-2.646
2.48,1.04
2.434,-2.785
2.318,-0.322
2.309,-0.725
2.177,0.712
2.17,-0.161
2.272,-0.553
2.104,0.71
2.086,1.031
1.949,1.023
1.942,-2.771
1.792,-0.873
1.789,-0.19
1.792,-1.506
1.543,-2.231
1.344,-0.08
1.301,-1.772
1.211,-0.543
1.083,0.32
1.038,-2.664
0.985,-0.956
0.857,-0.178
0.824,-0.774
0.773,-0.531
0.733,-0.248
0.842,-2.652
0.665,0.792
0.655,0.51
0.498,0.005
0.458,-2.587
0.404,-1.56
0.488,-0.097
0.34,0.677
0.398,0.678
0.068,-2.615
0.122,-0.549
0.044,-2.854
-0.034,-1.334
-0.177,-0.101
-0.184,0.165
-0.375,-0.979
-0.505,-1.671
-0.555,-1.083
-0.763,-0.742
-0.758,-1.523
-0.872,-1.252
-1.129,-1.784
-1.082,-1.007
-1.1,-0.753
-1.224,-1.369
-1.305,-2.315
-1.453,0.902
-1.509,-0.577
-1.416,-1.643
-1.478,-2.372
-1.779,-0.903
-1.649,-1.361
-1.949,-2.303
-2.157,-2.4
-2.185,-0.739
-2.248,0.685
-2.372,-1.339
-2.47,-0.259
-2.503,-1.374
-2.613,-0.822
-2.678,-0.232
-2.88,-3.115
2.746,-2.714
2.449,-2.878
2.301,-3.088
2.316,-3.027
1.761,-2.875
1.838,-3.064
1.472,-3.131
0.942,-2.948
0.835,-3.173
0.094,-3.034
-0.564,-2.829
-1.273,-2.818
-1.401,-2.92
-2.324,-2.859
-2.501,-3.08
3.094,1.587
2.602,1.403
2.33,1.627
1.614,1.35
0.842,1.561
0.421,1.59
0.531,1.346
-0.455,1.431
-1.729,1.583
-2.078,1.531
-2.063,1.321
1.43,-2.229
-0.97,-1.51
2.84,-1.754
0.379,0.527
-0.892,-0.792
-1.057,-0.15
-1.863,-0.03
-3.119,0.182
1.855,0.118
-0.827,-1.251
-1.188,-1.251
-2.833,1.273
-2.173,1.126
-1.984,-2.638
-0.115,1.492
-0.042,3.019
-0.135,2.113
-0.241,3.334
-0.248,3.045
-0.263,1.628
-0.311,0.996
-0.337,1.824
-0.331,2.778
-0.422,0.708
-0.389,0.831
-0.416,1.767
-0.409,-0.008
-0.473,0.215
-0.505,1.87
-0.572,3.273
-0.66,0.559
-0.773,-0.475
-0.784,-0.355
-0.76,0.651
-0.769,3.056
-0.771,0.451
-0.883,0.584
-0.897,2.312
-0.823,3.357
-0.859,3.115
-0.926,0.646
-0.991,2.59
-0.981,2.016
-1.1,3.406
-1.111,2.006
-1.197,0.94
-1.137,-0.198
-1.143,1.694
-1.171,0.916
-1.295,3.23
-1.221,0.627
-1.223,1.578
-1.314,1.038
-1.331,1.41
-1.341,2.446
-1.338,0.666
-1.378,2.137
-1.466,1.669
-1.411,1.924
-1.51,1.094
-1.521,1.166
-1.63,1.823
-1.632,1.565
-1.578,0.672
-1.591,-0.341
-1.647,3.382
-1.737,0.462
-2.077,0.235
-2.162,0.175
-2.197,0.674
-2.279,2.51
-2.239,2.042
-2.26,0.543
-2.265,3.142
-2.518,0.745
-3.005,-0.559
3.088,-0.574
2.62,-0.74
1.547,-0.703
0.79,-0.827
-0.094,-0.676
-0.258,-0.589
-0.521,-0.836
-0.848,-0.554
-2.873,3.544
3.118,3.832
2.816,3.737
2.748,3.772
2.392,3.886
2.369,3.702
2.046,3.668
1.995,3.493
0.85,3.691
0.666,3.958
0.712,4.066
0.19,3.757
-1.036,3.87
-1.364,3.966
-1.381,3.602
-1.592,3.589
-1.794,3.5
-1.735,3.991
-0.779,-0.166
-0.937,2.611
-3.117,-0.719
2.832,-0.533
2.145,-0.793
1.499,-0.787
-0.824,-0.537
0.445,3.838
-2.744,0.951
-2.658,-0.275
-2.804,0.993
-2.804,0.136
-2.834,1.043
-2.844,0.554
-2.805,2.241
-3.11,3.203
3.13,2.102
3.069,-0.03
3.053,3.505
3.049,-0.06
-3.109,1.908
2.982,2.344
2.981,0.449
2.828,2.406
2.921,1.101
2.757,2.406
2.852,2.172
2.844,-0.306
2.717,0.677
2.779,2.229
2.597,2.376
2.459,1.956
2.44,-0.322
2.541,3.364
2.495,-0.461
2.379,2.002
2.37,1.599
2.238,3.036
2.231,2.163
2.333,1.771
2.165,3.034
2.147,3.355
2.01,3.347
2.003,-0.447
1.853,1.451
1.85,2.134
1.853,0.818
1.604,0.093
1.405,2.244
1.362,0.552
1.272,1.781
1.144,2.644
1.099,-0.34
1.046,1.368
0.918,2.146
0.885,1.55
0.834,1.793
0.794,2.076
0.903,-0.328
0.726,3.116
0.716,2.834
0.559,2.329
0.519,-0.263
0.465,0.764
0.549,2.227
0.401,3.001
0.459,3.002
0.129,-0.291
0.183,1.775
0.105,-0.53
0.027,0.99
-0.116,2.223
-0.123,2.489
-0.314,1.345
-0.444,0.653
-0.494,1.241
-0.702,1.582
-0.697,0.801
-0.811,1.072
-1.068,0.54
-1.021,1.317
-1.039,1.571
-1.163,0.955
-1.244,0.009
-1.392,3.226
-1.448,1.747
-1.355,0.681
-1.417,-0.048
-1.718,1.421
-1.588,0.963
-1.888,0.021
-2.096,-0.076
-2.124,1.585
-2.187,3.009
-2.311,0.985
-2.409,2.065
-2.442,0.95
-2.552,1.502
-2.617,2.092
-2.819,-0.791
2.807,-0.39
2.51,-0.554
2.362,-0.764
2.377,-0.703
1.822,-0.551
1.899,-0.74
1.533,-0.807
1.003,-0.624
0.896,-0.849
0.155,-0.71
-0.503,-0.505
-1.212,-0.494
-1.34,-0.596
-2.263,-0.535
-2.44,-0.756
-3.128,3.911
2.663,3.727
2.391,3.951
1.675,3.674
0.903,3.885
0.482,3.914
0.592,3.67
-0.394,3.755
-1.668,3.907
-2.017,3.855
-2.002,3.645
1.491,0.095
-0.909,0.814
2.901,0.57
0.44,2.851
-0.831,1.532
-0.996,2.174
-1.802,2.294
-3.058,2.506
1.916,2.442
-0.766,1.073
-1.127,1.073
-2.772,3.597
-2.112,3.45
-1.923,-0.314
0.073,1.527
-0.02,0.621
-0.126,1.842
-0.133,1.553
-0.148,0.136
-0.196,-0.496
-0.222,0.332
-0.216,1.286
-0.307,-0.784
-0.274,-0.661
-0.301,0.275
-0.294,-1.5
-0.358,-1.277
-0.39,0.378
-0.457,1.781
-0.545,-0.933
-0.658,-1.967
-0.669,-1.847
-0.645,-0.841
-0.654,1.564
-0.656,-1.041
-0.768,-0.908
-0.782,0.82
-0.708,1.865
-0.744,1.623
-0.811,-0.846
-0.876,1.098
-0.866,0.524
-0.985,1.914
-0.996,0.514
-1.082,-0.552
-1.022,-1.69
-1.028,0.202
-1.056,-0.576
-1.18,1.738
-1.106,-0.865
-1.108,0.086
-1.199,-0.454
-1.216,-0.082
-1.226,0.954
-1.223,-0.826
-1.263,0.645
-1.351,0.177
-1.296,0.432
-1.395,-0.398
-1.406,-0.326
-1.515,0.331
-1.517,0.073
-1.463,-0.82
-1.476,-1.833
-1.532,1.89
-1.622,-1.03
-1.962,-1.257
-2.047,-1.317
-2.082,-0.818
-2.164,1.018
-2.124,0.55
-2.145,-0.949
-2.15,1.65
-2.403,-0.747
-2.89,-2.051
-3.08,-2.066
2.735,-2.232
1.662,-2.195
0.905,-2.319
0.021,-2.168
-0.143,-2.081
-0.406,-2.328
-0.733,-2.046
-2.758,2.052
-3.05,2.34
2.931,2.245
2.863,2.28
2.507,2.394
2.484,2.21
2.161,2.176
2.11,2.001
0.965,2.199
0.781,2.466
0.827,2.574
0.305,2.265
-0.921,2.378
-1.249,2.474
-1.266,2.11
-1.477,2.097
-1.679,2.008
-1.62,2.499
-0.664,-1.658
-0.822,1.119
-3.002,-2.211
2.947,-2.025
2.26,-2.285
1.614,-2.279
-0.709,-2.029
0.56,2.346
-2.629,-0.541
-2.543,-1.767
-2.689,-0.499
-2.689,-1.356
-2.719,-0.449
-2.729,-0.938
-2.69,0.749
-2.995,1.711
-3.038,0.61
-3.099,-1.522
-3.115,2.013
-3.119,-1.552
-2.994,0.416
3.097,0.852
3.096,-1.043
2.943,0.914
3.036,-0.391
2.872,0.914
2.967,0.68
2.959,-1.798
2.832,-0.815
2.894,0.737
2.712,0.884
2.574,0.464
2.555,-1.814
2.656,1.872
2.61,-1.953
2.494,0.51
2.485,0.107
2.353,1.544
2.346,0.671
2.448,0.279
2.28,1.542
2.262,1.863
2.125,1.855
2.118,-1.939
1.968,-0.041
1.965,0.642
1.968,-0.674
1.719,-1.399
1.52,0.752
1.477,-0.94
1.387,0.289
1.259,1.152
1.214,-1.832
1.161,-0.124
1.033,0.654
1.0,0.058
0.949,0.301
0.909,0.584
1.018,-1.82
0.841,1.624
0.831,1.342
0.674,0.837
0.634,-1.755
0.58,-0.728
0.664,0.735
0.516,1.509
0.574,1.51
0.244,-1.783
0.298,0.283
0.22,-2.022
0.142,-0.502
-0.001,0.731
-0.008,0.997
-0.199,-0.147
-0.329,-0.839
-0.379,-0.251
-0.587,0.09
-0.582,-0.691
-0.696,-0.42
-0.953,-0.952
-0.906,-0.175
-0.924,0.079
-1.048,-0.537
-1.129,-1.483
-1.277,1.734
-1.333,0.255
-1.24,-0.811
-1.302,-1.54
-1.603,-0.071
-1.473,-0.529
-1.773,-1.471
-1.981,-1.568
-2.009,0.093
-2.072,1.517
-2.196,-0.507
-2.294,0.573
-2.327,-0.542
-2.437,0.01
-2.502,0.6
-2.704,-2.283
2.922,-1.882
2.625,-2.046
2.477,-2.256
2.492,-2.195
1.937,-2.043
2.014,-2.232
1.648,-2.299
1.118,-2.116
1.011,-2.341
0.27,-2.202
-0.388,-1.997
-1.097,-1.986
-1.225,-2.088
-2.148,-2.027
-2.325,-2.248
-3.013,2.419
2.778,2.235
2.506,2.459
1.79,2.182
1.018,2.393
0.597,2.422
0.707,2.178
-0.279,2.263
-1.553,2.415
-1.902,2.363
-1.887,2.153
1.606,-1.397
-0.794,-0.678
3.016,-0.922
0.555,1.359
-0.716,0.04
-0.881,0.682
-1.687,0.802
-2.943,1.014
2.031,0.95
-0.651,-0.419
-1.012,-0.419
-2.657,2.105
-1.997,1.958
-1.808,-1.806
-0.093,-0.906
-0.199,0.315
-0.206,0.026
-0.221,-1.391
-0.269,-2.023
-0.295,-1.195
-0.289,-0.241
-0.38,-2.311
-0.347,-2.188
-0.374,-1.252
-0.367,-3.027
-0.431,-2.804
-0.463,-1.149
-0.53,0.254
-0.618,-2.46
-0.731,-3.494
-0.742,-3.374
-0.718,-2.368
-0.727,0.037
-0.729,-2.568
-0.841,-2.435
-0.855,-0.707
-0.781,0.338
-0.817,0.096
-0.884,-2.373
-0.949,-0.429
-0.939,-1.003
-1.058,0.387
-1.069,-1.013
-1.155,-2.079
-1.095,-3.217
-1.101,-1.325
-1.129,-2.103
-1.253,0.211
-1.179,-2.392
-1.181,-1.441
-1.272,-1.981
-1.289,-1.609
-1.299,-0.573
-1.296,-2.353
-1.336,-0.882
-1.424,-1.35
-1.369,-1.095
-1.468,-1.925
-1.479,-1.853
-1.588,-1.196
-1.59,-1.454
-1.536,-2.347
-1.549,-3.36
-1.605,0.363
-1.695,-2.557
-2.035,-2.784
-2.12,-2.844
-2.155,-2.345
-2.237,-0.509
-2.197,-0.977
-2.218,-2.476
-2.223,0.123
-2.476,-2.274
-2.963,-3.578
3.13,-3.593
2.662,-3.759
1.589,-3.722
0.832,-3.846
-0.052,-3.695
-0.216,-3.608
-0.479,-3.855
-0.806,-3.573
-2.831,0.525
-3.123,0.813
2.858,0.718
2.79,0.753
2.434,0.867
2.411,0.683
2.088,0.649
2.037,0.474
0.892,0.672
0.708,0.939
0.754,1.047
0.232,0.738
-0.994,0.851
-1.322,0.947
-1.339,0.583
-1.55,0.57
-1.752,0.481
-1.693,0.972
-0.737,-3.185
-0.895,-0.408
-3.075,-3.738
2.874,-3.552
2.187,-3.812
1.541,-3.806
-0.782,-3.556
0.487,0.819
-2.702,-2.068
-2.616,-3.294
-2.762,-2.026
-2.762,-2.883
-2.792,-1.976
-2.802,-2.465
-2.763,-0.778
-3.068,0.184
-3.111,-0.917
3.111,-3.049
3.095,0.486
3.091,-3.079
-3.067,-1.111
3.024,-0.675
3.023,-2.57
2.87,-0.613
2.963,-1.918
2.799,-0.613
2.894,-0.847
2.886,-3.325
2.759,-2.342
2.821,-0.79
2.639,-0.643
2.501,-1.063
2.482,-3.341
2.583,0.345
2.537,-3.48
2.421,-1.017
2.412,-1.42
2.28,0.017
2.273,-0.856
2.375,-1.248
2.207,0.015
2.189,0.336
2.052,0.328
2.045,-3.466
1.895,-1.568
1.892,-0.885
1.895,-2.201
1.646,-2.926
1.447,-0.775
1.404,-2.467
1.314,-1.238
1.186,-0.375
1.141,-3.359
1.088,-1.651
0.96,-0.873
0.927,-1.469
0.876,-1.226
0.836,-0.943
0.945,-3.347
0.768,0.097
0.758,-0.185
0.601,-0.69
0.561,-3.282
0.507,-2.255
0.591,-0.792
0.443,-0.018
0.501,-0.017
0.171,-3.31
0.225,-1.244
0.147,-3.549
0.069,-2.029
-0.074,-0.796
-0.081,-0.53
-0.272,-1.674
-0.402,-2.366
-0.452,-1.778
-0.66,-1.437
-0.655,-2.218
-0.769,-1.947
-1.026,-2.479
-0.979,-1.702
-0.997,-1.448
-1.121,-2.064
-1.202,-3.01
-1.35,0.207
-1.406,-1.272
-1.313,-2.338
-1.375,-3.067
-1.676,-1.598
-1.546,-2.056
-1.846,-2.998
-2.054,-3.095
-2.082,-1.434
-2.145,-0.01
-2.269,-2.034
-2.367,-0.954
-2.4,-2.069
-2.51,-1.517
-2.575,-0.927
-2.777,-3.81
2.849,-3.409
2.552,-3.573
2.404,-3.783
2.419,-3.722
1.864,-3.57
1.941,-3.759
1.575,-3.826
1.045,-3.643
0.938,-3.868
0.197,-3.729
-0.461,-3.524
-1.17,-3.513
-1.298,-3.615
-2.221,-3.554
-2.398,-3.775
-3.086,0.892
2.705,0.708
2.433,0.932
1.717,0.655
0.945,0.866
0.524,0.895
0.634,0.651
-0.352,0.736
-1.626,0.888
-1.975,0.836
-1.96,0.626
1.533,-2.924
-0.867,-2.205
2.943,-2.449
0.482,-0.168
-0.789,-1.487
-0.954,-0.845
-1.76,-0.725
-3.016,-0.513
1.958,-0.577
-0.724,-1.946
-1.085,-1.946
-2.73,0.578
-2.07,0.431
-1.881,-3.333
-0.106,1.221
-0.113,0.932
-0.128,-0.485
-0.176,-1.117
-0.202,-0.289
-0.196,0.665
-0.287,-1.405
-0.254,-1.282
-0.281,-0.346
-0.274,-2.121
-0.338,-1.898
-0.37,-0.243
-0.437,1.16
-0.525,-1.554
-0.638,-2.588
-0.649,-2.468
-0.625,-1.462
-0.634,0.943
-0.636,-1.662
-0.748,-1.529
-0.762,0.199
-0.688,1.244
-0.724,1.002
-0.791,-1.467
-0.856,0.477
-0.846,-0.097
-0.965,1.293
-0.976,-0.107
-1.062,-1.173
-1.002,-2.311
-1.008,-0.419
-1.036,-1.197
-1.16,1.117
-1.086,-1.486
-1.088,-0.535
-1.179,-1.075
-1.196,-0.703
-1.206,0.333
-1.203,-1.447
-1.243,0.024
-1.331,-0.444
-1.276,-0.189
-1.375,-1.019
-1.386,-0.947
-1.495,-0.29
-1.497,-0.548
-1.443,-1.441
-1.456,-2.454
-1.512,1.269
-1.602,-1.651
-1.942,-1.878
-2.027,-1.938
-2.062,-1.439
-2.144,0.397
-2.104,-0.071
-2.125,-1.57
-2.13,1.029
-2.383,-1.368
-2.87,-2.672
-3.06,-2.687
2.755,-2.853
1.682,-2.816
0.925,-2.94
0.041,-2.789
-0.123,-2.702
-0.386,-2.949
-0.713,-2.667
-2.738,1.431
-3.03,1.719
2.951,1.624
2.883,1.659
2.527,1.773
2.504,1.589
2.181,1.555
2.13,1.38
0.985,1.578
0.801,1.845
0.847,1.953
0.325,1.644
-0.901,1.757
-1.229,1.853
-1.246,1.489
-1.457,1.476
-1.659,1.387
-1.6,1.878
-0.644,-2.279
-0.802,0.498
-2.982,-2.832
2.967,-2.646
2.28,-2.906
1.634,-2.9
-0.689,-2.65
0.58,1.725
-2.609,-1.162
-2.523,-2.388
-2.669,-1.12
-2.669,-1.977
-2.699,-1.07
-2.709,-1.559
-2.67,0.128
-2.975,1.09
-3.018,-0.011
-3.079,-2.143
-3.095,1.392
-3.099,-2.173
-2.974,-0.205
3.117,0.231
3.116,-1.664
2.963,0.293
3.056,-1.012
2.892,0.293
2.987,0.059
2.979,-2.419
2.852,-1.436
2.914,0.116
2.732,0.263
2.594,-0.157
2.575,-2.435
2.676,1.251
2.63,-2.574
2.514,-0.111
2.505,-0.514
2.373,0.923
2.366,0.05
2.468,-0.342
2.3,0.921
2.282,1.242
2.145,1.234
2.138,-2.56
1.988,-0.662
1.985,0.021
1.988,-1.295
1.739,-2.02
1.54,0.131
1.497,-1.561
1.407,-0.332
1.279,0.531
1.234,-2.453
1.181,-0.745
1.053,0.033
1.02,-0.563
0.969,-0.32
0.929,-0.037
1.038,-2.441
0.861,1.003
0.851,0.721
0.694,0.216
0.654,-2.376
0.6,-1.349
0.684,0.114
0.536,0.888
0.594,0.889
0.264,-2.404
0.318,-0.338
0.24,-2.643
0.162,-1.123
0.019,0.11
0.012,0.376
-0.179,-0.768
-0.309,-1.46
-0.359,-0.872
-0.567,-0.531
-0.562,-1.312
-0.676,-1.041
-0.933,-1.573
-0.886,-0.796
-0.904,-0.542
-1.028,-1.158
-1.109,-2.104
-1.257,1.113
-1.313,-0.366
-1.22,-1.432
-1.282,-2.161
-1.583,-0.692
-1.453,-1.15
-1.753,-2.092
-1.961,-2.189
-1.989,-0.528
-2.052,0.896
-2.176,-1.128
-2.274,-0.048
-2.307,-1.163
-2.417,-0.611
-2.482,-0.021
-2.684,-2.904
2.942,-2.503
2.645,-2.667
2.497,-2.877
2.512,-2.816
1.957,-2.664
2.034,-2.853
1.668,-2.92
1.138,-2.737
1.031,-2.962
0.29,-2.823
-0.368,-2.618
-1.077,-2.607
-1.205,-2.709
-2.128,-2.648
-2.305,-2.869
-2.993,1.798
2.798,1.614
2.526,1.838
1.81,1.561
1.038,1.772
0.617,1.801
0.727,1.557
-0.259,1.642
-1.533,1.794
-1.882,1.742
-1.867,1.532
1.626,-2.018
-0.774,-1.299
3.036,-1.543
0.575,0.738
-0.696,-0.581
-0.861,0.061
-1.667,0.181
-2.923,0.393
2.051,0.329
-0.631,-1.04
-0.992,-1.04
-2.637,1.484
-1.977,1.337
-1.788,-2.427
-0.007,-0.289
-0.022,-1.706
-0.07,-2.338
-0.096,-1.51
-0.09,-0.556
-0.181,-2.626
-0.148,-2.503
-0.175,-1.567
-0.168,-3.342
-0.232,-3.119
-0.264,-1.464
-0.331,-0.061
-0.419,-2.775
-0.532,-3.809
-0.543,-3.689
-0.519,-2.683
-0.528,-0.278
-0.53,-2.883
-0.642,-2.75
-0.656,-1.022
-0.582,0.023
-0.618,-0.219
-0.685,-2.688
-0.75,-0.744
-0.74,-1.318
-0.859,0.072
-0.87,-1.328
-0.956,-2.394
-0.896,-3.532
-0.902,-1.64
-0.93,-2.418
-1.054,-0.104
-0.98,-2.707
-0.982,-1.756
-1.073,-2.296
-1.09,-1.924
-1.1,-0.888
-1.097,-2.668
-1.137,-1.197
-1.225,-1.665
-1.17,-1.41
-1.269,-2.24
-1.28,-2.168
-1.389,-1.511
-1.391,-1.769
-1.337,-2.662
-1.35,-3.675
-1.406,0.048
-1.496,-2.872
-1.836,-3.099
-1.921,-3.159
-1.956,-2.66
-2.038,-0.824
-1.998,-1.292
-2.019,-2.791
-2.024,-0.192
-2.277,-2.589
-2.764,-3.893
-2.954,-3.908
2.861,-4.074
1.788,-4.037
1.031,-4.161
0.147,-4.01
-0.017,-3.923
-0.28,-4.17
-0.607,-3.888
-2.632,0.21
-2.924,0.498
3.057,0.403
2.989,0.438
2.633,0.552
2.61,0.368
2.287,0.334
2.236,0.159
1.091,0.357
0.907,0.624
0.953,0.732
0.431,0.423
-0.795,0.536
-1.123,0.632
-1.14,0.268
-1.351,0.255
-1.553,0.166
-1.494,0.657
-0.538,-3.5
-0.696,-0.723
-2.876,-4.053
3.073,-3.867
2.386,-4.127
1.74,-4.121
-0.583,-3.871
0.686,0.504
-2.503,-2.383
-2.417,-3.609
-2.563,-2.341
-2.563,-3.198
-2.593,-2.291
-2.603,-2.78
-2.564,-1.093
-2.869,-0.131
-2.912,-1.232
-2.973,-3.364
-2.989,0.171
-2.993,-3.394
-2.868,-1.426
-3.06,-0.99
-3.061,-2.885
3.069,-0.928
-3.121,-2.233
2.998,-0.928
3.093,-1.162
3.085,-3.64
2.958,-2.657
3.02,-1.105
2.838,-0.958
2.7,-1.378
2.681,-3.656
2.782,0.03
2.736,-3.795
2.62,-1.332
2.611,-1.735
2.479,-0.298
2.472,-1.171
2.574,-1.563
2.406,-0.3
2.388,0.021
2.251,0.013
2.244,-3.781
2.094,-1.883
2.091,-1.2
2.094,-2.516
1.845,-3.241
1.646,-1.09
1.603,-2.782
1.513,-1.553
1.385,-0.69
1.34,-3.674
1.287,-1.966
1.159,-1.188
1.126,-1.784
1.075,-1.541
1.035,-1.258
1.144,-3.662
0.967,-0.218
0.957,-0.5
0.8,-1.005
0.76,-3.597
0.706,-2.57
0.79,-1.107
0.642,-0.333
0.7,-0.332
0.37,-3.625
0.424,-1.559
0.346,-3.864
0.268,-2.344
0.125,-1.111
0.118,-0.845
-0.073,-1.989
-0.203,-2.681
-0.253,-2.093
-0.461,-1.752
-0.456,-2.533
-0.57,-2.262
-0.827,-2.794
-0.78,-2.017
-0.798,-1.763
-0.922,-2.379
-1.003,-3.325
-1.151,-0.108
-1.207,-1.587
-1.114,-2.653
-1.176,-3.382
-1.477,-1.913
-1.347,-2.371
-1.647,-3.313
-1.855,-3.41
-1.883,-1.749
-1.946,-0.325
-2.07,-2.349
-2.168,-1.269
-2.201,-2.384
-2.311,-1.832
-2.376,-1.242
-2.578,-4.125
3.048,-3.724
2.751,-3.888
2.603,-4.098
2.618,-4.037
2.063,-3.885
2.14,-4.074
1.774,-4.141
1.244,-3.958
1.137,-4.183
0.396,-4.044
-0.262,-3.839
-0.971,-3.828
-1.099,-3.93
-2.022,-3.869
-2.199,-4.09
-2.887,0.577
2.904,0.393
2.632,0.617
1.916,0.34
1.144,0.551
0.723,0.58
0.833,0.336
-0.153,0.421
-1.427,0.573
-1.776,0.521
-1.761,0.311
1.732,-3.239
-0.668,-2.52
-3.141,-2.764
0.681,-0.483
-0.59,-1.802
-0.755,-1.16
-1.561,-1.04
-2.817,-0.828
2.157,-0.892
-0.525,-2.261
-0.886,-2.261
-2.531,0.263
-1.871,0.116
-1.682,-3.648
-0.015,-1.417
-0.063,-2.049
-0.089,-1.221
-0.083,-0.267
-0.174,-2.337
-0.141,-2.214
-0.168,-1.278
-0.161,-3.053
-0.225,-2.83
-0.257,-1.175
-0.324,0.228
-0.412,-2.486
-0.525,-3.52
-0.536,-3.4
-0.512,-2.394
-0.521,0.011
-0.523,-2.594
-0.635,-2.461
-0.649,-0.733
-0.575,0.312
-0.611,0.07
-0.678,-2.399
-0.743,-0.455
-0.733,-1.029
-0.852,0.361
-0.863,-1.039
-0.949,-2.105
-0.889,-3.243
-0.895,-1.351
-0.923,-2.129
-1.047,0.185
-0.973,-2.418
-0.975,-1.467
-1.066,-2.007
-1.083,-1.635
-1.093,-0.599
-1.09,-2.379
-1.13,-0.908
-1.218,-1.376
-1.163,-1.121
-1.262,-1.951
-1.273,-1.879
-1.382,-1.222
-1.384,-1.48
-1.33,-2.373
-1.343,-3.386
-1.399,0.337
-1.489,-2.583
-1.829,-2.81
-1.914,-2.87
-1.949,-2.371
-2.031,-0.535
-1.991,-1.003
-2.012,-2.502
-2.017,0.097
-2.27,-2.3
-2.757,-3.604
-2.947,-3.619
2.868,-3.785
1.795,-3.748
1.038,-3.872
0.154,-3.721
-0.01,-3.634
-0.273,-3.881
-0.6,-3.599
-2.625,0.499
-2.917,0.787
3.064,0.692
2.996,0.727
2.64,0.841
2.617,0.657
2.294,0.623
2.243,0.448
1.098,0.646
0.914,0.913
0.96,1.021
0.438,0.712
-0.788,0.825
-1.116,0.921
-1.133,0.557
-1.344,0.544
-1.546,0.455
-1.487,0.946
-0.531,-3.211
-0.689,-0.434
-2.869,-3.764
3.08,-3.578
2.393,-3.838
1.747,-3.832
-0.576,-3.582
0.693,0.793
-2.496,-2.094
-2.41,-3.32
-2.556,-2.052
-2.556,-2.909
-2.586,-2.002
-2.596,-2.491
-2.557,-0.804
-2.862,0.158
-2.905,-0.943
-2.966,-3.075
-2.982,0.46
-2.986,-3.105
-2.861,-1.137
-3.053,-0.701
-3.054,-2.596
3.076,-0.639
-3.114,-1.944
3.005,-0.639
3.1,-0.873
3.092,-3.351
2.965,-2.368
3.027,-0.816
2.845,-0.669
2.707,-1.089
2.688,-3.367
2.789,0.319
2.743,-3.506
2.627,-1.043
2.618,-1.446
2.486,-0.009
2.479,-0.882
2.581,-1.274
2.413,-0.011
2.395,0.31
2.258,0.302
2.251,-3.492
2.101,-1.594
2.098,-0.911
2.101,-2.227
1.852,-2.952
1.653,-0.801
1.61,-2.493
1.52,-1.264
1.392,-0.401
1.347,-3.385
1.294,-1.677
1.166,-0.899
1.133,-1.495
1.082,-1.252
1.042,-0.969
1.151,-3.373
0.974,0.071
0.964,-0.211
0.807,-0.716
0.767,-3.308
0.713,-2.281
0.797,-0.818
0.649,-0.044
0.707,-0.043
0.377,-3.336
0.431,-1.27
0.353,-3.575
0.275,-2.055
0.132,-0.822
0.125,-0.556
-0.066,-1.7
-0.196,-2.392
-0.246,-1.804
-0.454,-1.463
-0.449,-2.244
-0.563,-1.973
-0.82,-2.505
-0.773,-1.728
-0.791,-1.474
-0.915,-2.09
-0.996,-3.036
-1.144,0.181
-1.2,-1.298
-1.107,-2.364
-1.169,-3.093
-1.47,-1.624
-1.34,-2.082
-1.64,-3.024
-1.848,-3.121
-1.876,-1.46
-1.939,-0.036
-2.063,-2.06
-2.161,-0.98
-2.194,-2.095
-2.304,-1.543
-2.369,-0.953
-2.571,-3.836
3.055,-3.435
2.758,-3.599
2.61,-3.809
2.625,-3.748
2.07,-3.596
2.147,-3.785
1.781,-3.852
1.251,-3.669
1.144,-3.894
0.403,-3.755
-0.255,-3.55
-0.964,-3.539
-1.092,-3.641
-2.015,-3.58
-2.192,-3.801
-2.88,0.866
2.911,0.682
2.639,0.906
1.923,0.629
1.151,0.84
0.73,0.869
0.84,0.625
-0.146,0.71
-1.42,0.862
-1.769,0.81
-1.754,0.6
1.739,-2.95
-0.661,-2.231
-3.134,-2.475
0.688,-0.194
-0.583,-1.513
-0.748,-0.871
-1.554,-0.751
-2.81,-0.539
2.164,-0.603
-0.518,-1.972
-0.879,-1.972
-2.524,0.552
-1.864,0.405
-1.675,-3.359
-0.048,-0.632
-0.074,0.196
-0.068,1.15
-0.159,-0.92
-0.126,-0.797
-0.153,0.139
-0.146,-1.636
-0.21,-1.413
-0.242,0.242
-0.309,1.645
-0.397,-1.069
-0.51,-2.103
-0.521,-1.983
-0.497,-0.977
-0.506,1.428
-0.508,-1.177
-0.62,-1.044
-0.634,0.684
-0.56,1.729
-0.596,1.487
-0.663,-0.982
-0.728,0.962
-0.718,0.388
-0.837,1.778
-0.848,0.378
-0.934,-0.688
-0.874,-1.826
-0.88,0.066
-0.908,-0.712
-1.032,1.602
-0.958,-1.001
-0.96,-0.05
-1.051,-0.59
-1.068,-0.218
-1.078,0.818
-1.075,-0.962
-1.115,0.509
-1.203,0.041
-1.148,0.296
-1.247,-0.534
-1.258,-0.462
-1.367,0.195
-1.369,-0.063
-1.315,-0.956
-1.328,-1.969
-1.384,1.754
-1.474,-1.166
-1.814,-1.393
-1.899,-1.453
-1.934,-0.954
-2.016,0.882
-1.976,0.414
-1.997,-1.085
-2.002,1.514
-2.255,-0.883
-2.742,-2.187
-2.932,-2.202
2.883,-2.368
1.81,-2.331
1.053,-2.455
0.169,-2.304
0.005,-2.217
-0.258,-2.464
-0.585,-2.182
-2.61,1.916
-2.902,2.204
3.079,2.109
3.011,2.144
2.655,2.258
2.632,2.074
2.309,2.04
2.258,1.865
1.113,2.063
0.929,2.33
0.975,2.438
0.453,2.129
-0.773,2.242
-1.101,2.338
-1.118,1.974
-1.329,1.961
-1.531,1.872
-1.472,2.363
-0.516,-1.794
-0.674,0.983
-2.854,-2.347
3.095,-2.161
2.408,-2.421
1.762,-2.415
-0.561,-2.165
0.708,2.21
-2.481,-0.677
-2.395,-1.903
-2.541,-0.635
-2.541,-1.492
-2.571,-0.585
-2.581,-1.074
-2.542,0.613
-2.847,1.575
-2.89,0.474
-2.951,-1.658
-2.967,1.877
-2.971,-1.688
-2.846,0.28
-3.038,0.716
-3.039,-1.179
3.091,0.778
-3.099,-0.527
3.02,0.778
3.115,0.544
3.107,-1.934
2.98,-0.951
3.042,0.601
2.86,0.748
2.722,0.328
2.703,-1.95
2.804,1.736
2.758,-2.089
2.642,0.374
2.633,-0.029
2.501,1.408
2.494,0.535
2.596,0.143
2.428,1.406
2.41,1.727
2.273,1.719
2.266,-2.075
2.116,-0.177
2.113,0.506
2.116,-0.81
1.867,-1.535
1.668,0.616
1.625,-1.076
1.535,0.153
1.407,1.016
1.362,-1.968
1.309,-0.26
1.181,0.518
1.148,-0.078
1.097,0.165
1.057,0.448
1.166,-1.956
0.989,1.488
0.979,1.206
0.822,0.701
0.782,-1.891
0.728,-0.864
0.812,0.599
0.664,1.373
0.722,1.374
0.392,-1.919
0.446,0.147
0.368,-2.158
0.29,-0.638
0.147,0.595
0.14,0.861
-0.051,-0.283
-0.181,-0.975
-0.231,-0.387
-0.439,-0.046
-0.434,-0.827
-0.548,-0.556
-0.805,-1.088
-0.758,-0.311
-0.776,-0.057
-0.9,-0.673
-0.981,-1.619
-1.129,1.598
-1.185,0.119
-1.092,-0.947
-1.154,-1.676
-1.455,-0.207
-1.325,-0.665
-1.625,-1.607
-1.833,-1.704
-1.861,-0.043
-1.924,1.381
-2.048,-0.643
-2.146,0.437
-2.179,-0.678
-2.289,-0.126
-2.354,0.464
-2.556,-2.419
3.07,-2.018
2.773,-2.182
2.625,-2.392
2.64,-2.331
2.085,-2.179
2.162,-2.368
1.796,-2.435
1.266,-2.252
1.159,-2.477
0.418,-2.338
-0.24,-2.133
-0.949,-2.122
-1.077,-2.224
-2.0,-2.163
-2.177,-2.384
-2.865,2.283
2.926,2.099
2.654,2.323
1.938,2.046
1.166,2.257
0.745,2.286
0.855,2.042
-0.131,2.127
-1.405,2.279
-1.754,2.227
-1.739,2.017
1.754,-1.533
-0.646,-0.814
-3.119,-1.058
0.703,1.223
-0.568,-0.096
-0.733,0.546
-1.539,0.666
-2.795,0.878
2.179,0.814
-0.503,-0.555
-0.864,-0.555
-2.509,1.969
-1.849,1.822
-1.66,-1.942
-0.026,0.828
-0.02,1.782
-0.111,-0.288
-0.078,-0.165
-0.105,0.771
-0.098,-1.004
-0.162,-0.781
-0.194,0.874
-0.261,2.277
-0.349,-0.437
-0.462,-1.471
-0.473,-1.351
-0.449,-0.345
-0.458,2.06
-0.46,-0.545
-0.572,-0.412
-0.586,1.316
-0.512,2.361
-0.548,2.119
-0.615,-0.35
-0.68,1.594
-0.67,1.02
-0.789,2.41
-0.8,1.01
-0.886,-0.056
-0.826,-1.194
-0.832,0.698
-0.86,-0.08
-0.984,2.234
-0.91,-0.369
-0.912,0.582
-1.003,0.042
-1.02,0.414
-1.03,1.45
-1.027,-0.33
-1.067,1.141
-1.155,0.673
-1.1,0.928
-1.199,0.098
-1.21,0.17
-1.319,0.827
-1.321,0.569
-1.267,-0.324
-1.28,-1.337
-1.336,2.386
-1.426,-0.534
-1.766,-0.761
-1.851,-0.821
-1.886,-0.322
-1.968,1.514
-1.928,1.046
-1.949,-0.453
-1.954,2.146
-2.207,-0.251
-2.694,-1.555
-2.884,-1.57
2.931,-1.736
1.858,-1.699
1.101,-1.823
0.217,-1.672
0.053,-1.585
-0.21,-1.832
-0.537,-1.55
-2.562,2.548
-2.854,2.836
3.127,2.741
3.059,2.776
2.703,2.89
2.68,2.706
2.357,2.672
2.306,2.497
1.161,2.695
0.977,2.962
1.023,3.07
0.501,2.761
-0.725,2.874
-1.053,2.97
-1.07,2.606
-1.281,2.593
-1.483,2.504
-1.424,2.995
-0.468,-1.162
-0.626,1.615
-2.806,-1.715
-3.14,-1.529
2.456,-1.789
1.81,-1.783
-0.513,-1.533
0.756,2.842
-2.433,-0.045
-2.347,-1.271
-2.493,-0.003
-2.493,-0.86
-2.523,0.047
-2.533,-0.442
-2.494,1.245
-2.799,2.207
-2.842,1.106
-2.903,-1.026
-2.919,2.509
-2.923,-1.056
-2.798,0.912
-2.99,1.348
-2.991,-0.547
3.139,1.41
-3.051,0.105
3.068,1.41
-3.12,1.176
-3.128,-1.302
3.028,-0.319
3.09,1.233
2.908,1.38
2.77,0.96
2.751,-1.318
2.852,2.368
2.806,-1.457
2.69,1.006
2.681,0.603
2.549,2.04
2.542,1.167
2.644,0.775
2.476,2.038
2.458,2.359
2.321,2.351
2.314,-1.443
2.164,0.455
2.161,1.138
2.164,-0.178
1.915,-0.903
1.716,1.248
1.673,-0.444
1.583,0.785
1.455,1.648
1.41,-1.336
1.357,0.372
1.229,1.15
1.196,0.554
1.145,0.797
1.105,1.08
1.214,-1.324
1.037,2.12
1.027,1.838
0.87,1.333
0.83,-1.259
0.776,-0.232
0.86,1.231
0.712,2.005
0.77,2.006
0.44,-1.287
0.494,0.779
0.416,-1.526
0.338,-0.006
0.195,1.227
0.188,1.493
-0.003,0.349
-0.133,-0.343
-0.183,0.245
-0.391,0.586
-0.386,-0.195
-0.5,0.076
-0.757,-0.456
-0.71,0.321
-0.728,0.575
-0.852,-0.041
-0.933,-0.987
-1.081,2.23
-1.137,0.751
-1.044,-0.315
-1.106,-1.044
-1.407,0.425
-1.277,-0.033
-1.577,-0.975
-1.785,-1.072
-1.813,0.589
-1.876,2.013
-2.0,-0.011
-2.098,1.069
-2.131,-0.046
-2.241,0.506
-2.306,1.096
-2.508,-1.787
3.118,-1.386
2.821,-1.55
2.673,-1.76
2.688,-1.699
2.133,-1.547
2.21,-1.736
1.844,-1.803
1.314,-1.62
1.207,-1.845
0.466,-1.706
-0.192,-1.501
-0.901,-1.49
-1.029,-1.592
-1.952,-1.531
-2.129,-1.752
-2.817,2.915
2.974,2.731
2.702,2.955
1.986,2.678
1.214,2.889
0.793,2.918
0.903,2.674
-0.083,2.759
-1.357,2.911
-1.706,2.859
-1.691,2.649
1.802,-0.901
-0.598,-0.182
-3.071,-0.426
0.751,1.855
-0.52,0.536
-0.685,1.178
-1.491,1.298
-2.747,1.51
2.227,1.446
-0.455,0.077
-0.816,0.077
-2.461,2.601
-1.801,2.454
-1.612,-1.31
0.006,0.954
-0.085,-1.116
-0.052,-0.993
-0.079,-0.057
-0.072,-1.832
-0.136,-1.609
-0.168,0.046
-0.235,1.449
-0.323,-1.265
-0.436,-2.299
-0.447,-2.179
-0.423,-1.173
-0.432,1.232
-0.434,-1.373
-0.546,-1.24
-0.56,0.488
-0.486,1.533
-0.522,1.291
-0.589,-1.178
-0.654,0.766
-0.644,0.192
-0.763,1.582
-0.774,0.182
-0.86,-0.884
-0.8,-2.022
-0.806,-0.13
-0.834,-0.908
-0.958,1.406
-0.884,-1.197
-0.886,-0.246
-0.977,-0.786
-0.994,-0.414
-1.004,0.622
-1.001,-1.158
-1.041,0.313
-1.129,-0.155
-1.074,0.1
-1.173,-0.73
-1.184,-0.658
-1.293,-0.001
-1.295,-0.259
-1.241,-1.152
-1.254,-2.165
-1.31,1.558
-1.4,-1.362
-1.74,-1.589
-1.825,-1.649
-1.86,-1.15
-1.942,0.686
-1.902,0.218
-1.923,-1.281
-1.928,1.318
-2.181,-1.079
-2.668,-2.383
-2.858,-2.398
2.957,-2.564
1.884,-2.527
1.127,-2.651
0.243,-2.5
0.079,-2.413
-0.184,-2.66
-0.511,-2.378
-2.536,1.72
-2.828,2.008
-3.13,1.913
3.085,1.948
2.729,2.062
2.706,1.878
2.383,1.844
2.332,1.669
1.187,1.867
1.003,2.134
1.049,2.242
0.527,1.933
-0.699,2.046
-1.027,2.142
-1.044,1.778
-1.255,1.765
-1.457,1.676
-1.398,2.167
-0.442,-1.99
-0.6,0.787
-2.78,-2.543
-3.114,-2.357
2.482,-2.617
1.836,-2.611
-0.487,-2.361
0.782,2.014
-2.407,-0.873
-2.321,-2.099
-2.467,-0.831
-2.467,-1.688
-2.497,-0.781
-2.507,-1.27
-2.468,0.417
-2.773,1.379
-2.816,0.278
-2.877,-1.854
-2.893,1.681
-2.897,-1.884
-2.772,0.084
-2.964,0.52
-2.965,-1.375
-3.118,0.582
-3.025,-0.723
3.094,0.582
-3.094,0.348
-3.102,-2.13
3.054,-1.147
3.116,0.405
2.934,0.552
2.796,0.132
2.777,-2.146
2.878,1.54
2.832,-2.285
2.716,0.178
2.707,-0.225
2.575,1.212
2.568,0.339
2.67,-0.053
2.502,1.21
2.484,1.531
2.347,1.523
2.34,-2.271
2.19,-0.373
2.187,0.31
2.19,-1.006
1.941,-1.731
1.742,0.42
1.699,-1.272
1.609,-0.043
1.481,0.82
1.436,-2.164
1.383,-0.456
1.255,0.322
1.222,-0.274
1.171,-0.031
1.131,0.252
1.24,-2.152
1.063,1.292
1.053,1.01
0.896,0.505
0.856,-2.087
0.802,-1.06
0.886,0.403
0.738,1.177
0.796,1.178
0.466,-2.115
0.52,-0.049
0.442,-2.354
0.364,-0.834
0.221,0.399
0.214,0.665
0.023,-0.479
-0.107,-1.171
-0.157,-0.583
-0.365,-0.242
-0.36,-1.023
-0.474,-0.752
-0.731,-1.284
-0.684,-0.507
-0.702,-0.253
-0.826,-0.869
-0.907,-1.815
-1.055,1.402
-1.111,-0.077
-1.018,-1.143
-1.08,-1.872
-1.381,-0.403
-1.251,-0.861
-1.551,-1.803
-1.759,-1.9
-1.787,-0.239
-1.85,1.185
-1.974,-0.839
-2.072,0.241
-2.105,-0.874
-2.215,-0.322
-2.28,0.268
-2.482,-2.615
-3.139,-2.214
2.847,-2.378
2.699,-2.588
2.714,-2.527
2.159,-2.375
2.236,-2.564
1.87,-2.631
1.34,-2.448
1.233,-2.673
0.492,-2.534
-0.166,-2.329
-0.875,-2.318
-1.003,-2.42
-1.926,-2.359
-2.103,-2.58
-2.791,2.087
3.0,1.903
2.728,2.127
2.012,1.85
1.24,2.061
0.819,2.09
0.929,1.846
-0.057,1.931
-1.331,2.083
-1.68,2.031
-1.665,1.821
1.828,-1.729
-0.572,-1.01
-3.045,-1.254
0.777,1.027
-0.494,-0.292
-0.659,0.35
-1.465,0.47
-2.721,0.682
2.253,0.618
-0.429,-0.751
-0.79,-0.751
-2.435,1.773
-1.775,1.626
-1.586,-2.138
-0.091,-2.07
-0.058,-1.947
-0.085,-1.011
-0.078,-2.786
-0.142,-2.563
-0.174,-0.908
-0.241,0.495
-0.329,-2.219
-0.442,-3.253
-0.453,-3.133
-0.429,-2.127
-0.438,0.278
-0.44,-2.327
-0.552,-2.194
-0.566,-0.466
-0.492,0.579
-0.528,0.337
-0.595,-2.132
-0.66,-0.188
-0.65,-0.762
-0.769,0.628
-0.78,-0.772
-0.866,-1.838
-0.806,-2.976
-0.812,-1.084
-0.84,-1.862
-0.964,0.452
-0.89,-2.151
-0.892,-1.2
-0.983,-1.74
-1.0,-1.368
-1.01,-0.332
-1.007,-2.112
-1.047,-0.641
-1.135,-1.109
-1.08,-0.854
-1.179,-1.684
-1.19,-1.612
-1.299,-0.955
-1.301,-1.213
-1.247,-2.106
-1.26,-3.119
-1.316,0.604
-1.406,-2.316
-1.746,-2.543
-1.831,-2.603
-1.866,-2.104
-1.948,-0.268
-1.908,-0.736
-1.929,-2.235
-1.934,0.364
-2.187,-2.033
-2.674,-3.337
-2.864,-3.352
2.951,-3.518
1.878,-3.481
1.121,-3.605
0.237,-3.454
0.073,-3.367
-0.19,-3.614
-0.517,-3.332
-2.542,0.766
-2.834,1.054
-3.136,0.959
3.079,0.994
2.723,1.108
2.7,0.924
2.377,0.89
2.326,0.715
1.181,0.913
0.997,1.18
1.043,1.288
0.521,0.979
-0.705,1.092
-1.033,1.188
-1.05,0.824
-1.261,0.811
-1.463,0.722
-1.404,1.213
-0.448,-2.944
-0.606,-0.167
-2.786,-3.497
-3.12,-3.311
2.476,-3.571
1.83,-3.565
-0.493,-3.315
0.776,1.06
-2.413,-1.827
-2.327,-3.053
-2.473,-1.785
-2.473,-2.642
-2.503,-1.735
-2.513,-2.224
-2.474,-0.537
-2.779,0.425
-2.822,-0.676
-2.883,-2.808
-2.899,0.727
-2.903,-2.838
-2.778,-0.87
-2.97,-0.434
-2.971,-2.329
-3.124,-0.372
-3.031,-1.677
3.088,-0.372
-3.1,-0.606
-3.108,-3.084
3.048,-2.101
3.11,-0.549
2.928,-0.402
2.79,-0.822
2.771,-3.1
2.872,0.586
2.826,-3.239
2.71,-0.776
2.701,-1.179
2.569,0.258
2.562,-0.615
2.664,-1.007
2.496,0.256
2.478,0.577
2.341,0.569
2.334,-3.225
2.184,-1.327
2.181,-0.644
2.184,-1.96
1.935,-2.685
1.736,-0.534
1.693,-2.226
1.603,-0.997
1.475,-0.134
1.43,-3.118
1.377,-1.41
1.249,-0.632
1.216,-1.228
1.165,-0.985
1.125,-0.702
1.234,-3.106
1.057,0.338
1.047,0.056
0.89,-0.449
0.85,-3.041
0.796,-2.014
0.88,-0.551
0.732,0.223
0.79,0.224
0.46,-3.069
0.514,-1.003
0.436,-3.308
0.358,-1.788
0.215,-0.555
0.208,-0.289
0.017,-1.433
-0.113,-2.125
-0.163,-1.537
-0.371,-1.196
-0.366,-1.977
-0.48,-1.706
-0.737,-2.238
-0.69,-1.461
-0.708,-1.207
-0.832,-1.823
-0.913,-2.769
-1.061,0.448
-1.117,-1.031
-1.024,-2.097
-1.086,-2.826
-1.387,-1.357
-1.257,-1.815
-1.557,-2.757
-1.765,-2.854
-1.793,-1.193
-1.856,0.231
-1.98,-1.793
-2.078,-0.713
-2.111,-1.828
-2.221,-1.276
-2.286,-0.686
-2.488,-3.569
3.138,-3.168
2.841,-3.332
2.693,-3.542
2.708,-3.481
2.153,-3.329
2.23,-3.518
1.864,-3.585
1.334,-3.402
1.227,-3.627
0.486,-3.488
-0.172,-3.283
-0.881,-3.272
-1.009,-3.374
-1.932,-3.313
-2.109,-3.534
-2.797,1.133
2.994,0.949
2.722,1.173
2.006,0.896
1.234,1.107
0.813,1.136
0.923,0.892
-0.063,0.977
-1.337,1.129
-1.686,1.077
-1.671,0.867
1.822,-2.683
-0.578,-1.964
-3.051,-2.208
0.771,0.073
-0.5,-1.246
-0.665,-0.604
-1.471,-0.484
-2.727,-0.272
2.247,-0.336
-0.435,-1.705
-0.796,-1.705
-2.441,0.819
-1.781,0.672
-1.592,-3.092
0.033,0.123
0.006,1.059
0.013,-0.716
-0.051,-0.493
-0.083,1.162
-0.15,2.565
-0.238,-0.149
-0.351,-1.183
-0.362,-1.063
-0.338,-0.057
-0.347,2.348
-0.349,-0.257
-0.461,-0.124
-0.475,1.604
-0.401,2.649
-0.437,2.407
-0.504,-0.062
-0.569,1.882
-0.559,1.308
-0.678,2.698
-0.689,1.298
-0.775,0.232
-0.715,-0.906
-0.721,0.986
-0.749,0.208
-0.873,2.522
-0.799,-0.081
-0.801,0.87
-0.892,0.33
-0.909,0.702
-0.919,1.738
-0.916,-0.042
-0.956,1.429
-1.044,0.961
-0.989,1.216
-1.088,0.386
-1.099,0.458
-1.208,1.115
-1.21,0.857
-1.156,-0.036
-1.169,-1.049
-1.225,2.674
-1.315,-0.246
-1.655,-0.473
-1.74,-0.533
-1.775,-0.034
-1.857,1.802
-1.817,1.334
-1.838,-0.165
-1.843,2.434
-2.096,0.037
-2.583,-1.267
-2.773,-1.282
3.042,-1.448
1.969,-1.411
1.212,-1.535
0.328,-1.384
0.164,-1.297
-0.099,-1.544
-0.426,-1.262
-2.451,2.836
-2.743,3.124
-3.045,3.029
-3.113,3.064
2.814,3.178
2.791,2.994
2.468,2.96
2.417,2.785
1.272,2.983
1.088,3.25
1.134,3.358
0.612,3.049
-0.614,3.162
-0.942,3.258
-0.959,2.894
-1.17,2.881
-1.372,2.792
-1.313,3.283
-0.357,-0.874
-0.515,1.903
-2.695,-1.427
-3.029,-1.241
2.567,-1.501
1.921,-1.495
-0.402,-1.245
0.867,3.13
-2.322,0.243
-2.236,-0.983
-2.382,0.285
-2.382,-0.572
-2.412,0.335
-2.422,-0.154
-2.383,1.533
-2.688,2.495
-2.731,1.394
-2.792,-0.738
-2.808,2.797
-2.812,-0.768
-2.687,1.2
-2.879,1.636
-2.88,-0.259
-3.033,1.698
-2.94,0.393
-3.104,1.698
-3.009,1.464
-3.017,-1.014
3.139,-0.031
-3.082,1.521
3.019,1.668
2.881,1.248
2.862,-1.03
2.963,2.656
2.917,-1.169
2.801,1.294
2.792,0.891
2.66,2.328
2.653,1.455
2.755,1.063
2.587,2.326
2.569,2.647
2.432,2.639
2.425,-1.155
2.275,0.743
2.272,1.426
2.275,0.11
2.026,-0.615
1.827,1.536
1.784,-0.156
1.694,1.073
1.566,1.936
1.521,-1.048
1.468,0.66
1.34,1.438
1.307,0.842
1.256,1.085
1.216,1.368
1.325,-1.036
1.148,2.408
1.138,2.126
0.981,1.621
0.941,-0.971
0.887,0.056
0.971,1.519
0.823,2.293
0.881,2.294
0.551,-0.999
0.605,1.067
0.527,-1.238
0.449,0.282
0.306,1.515
0.299,1.781
0.108,0.637
-0.022,-0.055
-0.072,0.533
-0.28,0.874
-0.275,0.093
-0.389,0.364
-0.646,-0.168
-0.599,0.609
-0.617,0.863
-0.741,0.247
-0.822,-0.699
-0.97,2.518
-1.026,1.039
-0.933,-0.027
-0.995,-0.756
-1.296,0.713
-1.166,0.255
-1.466,-0.687
-1.674,-0.784
-1.702,0.877
-1.765,2.301
-1.889,0.277
-1.987,1.357
-2.02,0.242
-2.13,0.794
-2.195,1.384
-2.397,-1.499
-3.054,-1.098
2.932,-1.262
2.784,-1.472
2.799,-1.411
2.244,-1.259
2.321,-1.448
1.955,-1.515
1.425,-1.332
1.318,-1.557
0.577,-1.418
-0.081,-1.213
-0.79,-1.202
-0.918,-1.304
-1.841,-1.243
-2.018,-1.464
-2.706,3.203
3.085,3.019
2.813,3.243
2.097,2.966
1.325,3.177
0.904,3.206
1.014,2.962
0.028,3.047
-1.246,3.199
-1.595,3.147
-1.58,2.937
1.913,-0.613
-0.487,0.106
-2.96,-0.138
0.862,2.143
-0.409,0.824
-0.574,1.466
-1.38,1.586
-2.636,1.798
2.338,1.734
-0.344,0.365
-0.705,0.365
-2.35,2.889
-1.69,2.742
-1.501,-1.022
-0.027,0.936
-0.02,-0.839
-0.084,-0.616
-0.116,1.039
-0.183,2.442
-0.271,-0.272
-0.384,-1.306
-0.395,-1.186
-0.371,-0.18
-0.38,2.225
-0.382,-0.38
-0.494,-0.247
-0.508,1.481
-0.434,2.526
-0.47,2.284
-0.537,-0.185
-0.602,1.759
-0.592,1.185
-0.711,2.575
-0.722,1.175
-0.808,0.109
-0.748,-1.029
-0.754,0.863
-0.782,0.085
-0.906,2.399
-0.832,-0.204
-0.834,0.747
-0.925,0.207
-0.942,0.579
-0.952,1.615
-0.949,-0.165
-0.989,1.306
-1.077,0.838
-1.022,1.093
-1.121,0.263
-1.132,0.335
-1.241,0.992
-1.243,0.734
-1.189,-0.159
-1.202,-1.172
-1.258,2.551
-1.348,-0.369
-1.688,-0.596
-1.773,-0.656
-1.808,-0.157
-1.89,1.679
-1.85,1.211
-1.871,-0.288
-1.876,2.311
-2.129,-0.086
-2.616,-1.39
-2.806,-1.405
3.009,-1.571
1.936,-1.534
1.179,-1.658
0.295,-1.507
0.131,-1.42
-0.132,-1.667
-0.459,-1.385
-2.484,2.713
-2.776,3.001
-3.078,2.906
3.137,2.941
2.781,3.055
2.758,2.871
2.435,2.837
2.384,2.662
1.239,2.86
1.055,3.127
1.101,3.235
0.579,2.926
-0.647,3.039
-0.975,3.135
-0.992,2.771
-1.203,2.758
-1.405,2.669
-1.346,3.16
-0.39,-0.997
-0.548,1.78
-2.728,-1.55
-3.062,-1.364
2.534,-1.624
1.888,-1.618
-0.435,-1.368
0.834,3.007
-2.355,0.12
-2.269,-1.106
-2.415,0.162
-2.415,-0.695
-2.445,0.212
-2.455,-0.277
-2.416,1.41
-2.721,2.372
-2.764,1.271
-2.825,-0.861
-2.841,2.674
-2.845,-0.891
-2.72,1.077
-2.912,1.513
-2.913,-0.382
-3.066,1.575
-2.973,0.27
-3.137,1.575
-3.042,1.341
-3.05,-1.137
3.106,-0.154
-3.115,1.398
2.986,1.545
2.848,1.125
2.829,-1.153
2.93,2.533
2.884,-1.292
2.768,1.171
2.759,0.768
2.627,2.205
2.62,1.332
2.722,0.94
2.554,2.203
2.536,2.524
2.399,2.516
2.392,-1.278
2.242,0.62
2.239,1.303
2.242,-0.013
1.993,-0.738
1.794,1.413
1.751,-0.279
1.661,0.95
1.533,1.813
1.488,-1.171
1.435,0.537
1.307,1.315
1.274,0.719
1.223,0.962
1.183,1.245
1.292,-1.159
1.115,2.285
1.105,2.003
0.948,1.498
0.908,-1.094
0.854,-0.067
0.938,1.396
0.79,2.17
0.848,2.171
0.518,-1.122
0.572,0.944
0.494,-1.361
0.416,0.159
0.273,1.392
0.266,1.658
0.075,0.514
-0.055,-0.178
-0.105,0.41
-0.313,0.751
-0.308,-0.03
-0.422,0.241
-0.679,-0.291
-0.632,0.486
-0.65,0.74
-0.774,0.124
-0.855,-0.822
-1.003,2.395
-1.059,0.916
-0.966,-0.15
-1.028,-0.879
-1.329,0.59
-1.199,0.132
-1.499,-0.81
-1.707,-0.907
-1.735,0.754
-1.798,2.178
-1.922,0.154
-2.02,1.234
-2.053,0.119
-2.163,0.671
-2.228,1.261
-2.43,-1.622
-3.087,-1.221
2.899,-1.385
2.751,-1.595
2.766,-1.534
2.211,-1.382
2.288,-1.571
1.922,-1.638
1.392,-1.455
1.285,-1.68
0.544,-1.541
-0.114,-1.336
-0.823,-1.325
-0.951,-1.427
-1.874,-1.366
-2.051,-1.587
-2.739,3.08
3.052,2.896
2.78,3.12
2.064,2.843
1.292,3.054
0.871,3.083
0.981,2.839
-0.005,2.924
-1.279,3.076
-1.628,3.024
-1.613,2.814
1.88,-0.736
-0.52,-0.017
-2.993,-0.261
0.829,2.02
-0.442,0.701
-0.607,1.343
-1.413,1.463
-2.669,1.675
2.305,1.611
-0.377,0.242
-0.738,0.242
-2.383,2.766
-1.723,2.619
-1.534,-1.145
0.007,-1.775
-0.057,-1.552
-0.089,0.103
-0.156,1.506
-0.244,-1.208
-0.357,-2.242
-0.368,-2.122
-0.344,-1.116
-0.353,1.289
-0.355,-1.316
-0.467,-1.183
-0.481,0.545
-0.407,1.59
-0.443,1.348
-0.51,-1.121
-0.575,0.823
-0.565,0.249
-0.684,1.639
-0.695,0.239
-0.781,-0.827
-0.721,-1.965
-0.727,-0.073
-0.755,-0.851
-0.879,1.463
-0.805,-1.14
-0.807,-0.189
-0.898,-0.729
-0.915,-0.357
-0.925,0.679
-0.922,-1.101
-0.962,0.37
-1.05,-0.098
-0.995,0.157
-1.094,-0.673
-1.105,-0.601
-1.214,0.056
-1.216,-0.202
-1.162,-1.095
-1.175,-2.108
-1.231,1.615
-1.321,-1.305
-1.661,-1.532
-1.746,-1.592
-1.781,-1.093
-1.863,0.743
-1.823,0.275
-1.844,-1.224
-1.849,1.375
-2.102,-1.022
-2.589,-2.326
-2.779,-2.341
3.036,-2.507
1.963,-2.47
1.206,-2.594
0.322,-2.443
0.158,-2.356
-0.105,-2.603
-0.432,-2.321
-2.457,1.777
-2.749,2.065
-3.051,1.97
-3.119,2.005
2.808,2.119
2.785,1.935
2.462,1.901
2.411,1.726
1.266,1.924
1.082,2.191
1.128,2.299
0.606,1.99
-0.62,2.103
-0.948,2.199
-0.965,1.835
-1.176,1.822
-1.378,1.733
-1.319,2.224
-0.363,-1.933
-0.521,0.844
-2.701,-2.486
-3.035,-2.3
2.561,-2.56
1.915,-2.554
-0.408,-2.304
0.861,2.071
-2.328,-0.816
-2.242,-2.042
-2.388,-0.774
-2.388,-1.631
-2.418,-0.724
-2.428,-1.213
-2.389,0.474
-2.694,1.436
-2.737,0.335
-2.798,-1.797
-2.814,1.738
-2.818,-1.827
-2.693,0.141
-2.885,0.577
-2.886,-1.318
-3.039,0.639
-2.946,-0.666
-3.11,0.639
-3.015,0.405
-3.023,-2.073
3.133,-1.09
-3.088,0.462
3.013,0.609
2.875,0.189
2.856,-2.089
2.957,1.597
2.911,-2.228
2.795,0.235
2.786,-0.168
2.654,1.269
2.647,0.396
2.749,0.004
2.581,1.267
2.563,1.588
2.426,1.58
2.419,-2.214
2.269,-0.316
2.266,0.367
2.269,-0.949
2.02,-1.674
1.821,0.477
1.778,-1.215
1.688,0.014
1.56,0.877
1.515,-2.107
1.462,-0.399
1.334,0.379
1.301,-0.217
1.25,0.026
1.21,0.309
1.319,-2.095
1.142,1.349
1.132,1.067
0.975,0.562
0.935,-2.03
0.881,-1.003
0.965,0.46
0.817,1.234
0.875,1.235
0.545,-2.058
0.599,0.008
0.521,-2.297
0.443,-0.777
0.3,0.456
0.293,0.722
0.102,-0.422
-0.028,-1.114
-0.078,-0.526
-0.286,-0.185
-0.281,-0.966
-0.395,-0.695
-0.652,-1.227
-0.605,-0.45
-0.623,-0.196
-0.747,-0.812
-0.828,-1.758
-0.976,1.459
-1.032,-0.02
-0.939,-1.086
-1.001,-1.815
-1.302,-0.346
-1.172,-0.804
-1.472,-1.746
-1.68,-1.843
-1.708,-0.182
-1.771,1.242
-1.895,-0.782
-1.993,0.298
-2.026,-0.817
-2.136,-0.265
-2.201,0.325
-2.403,-2.558
-3.06,-2.157
2.926,-2.321
2.778,-2.531
2.793,-2.47
2.238,-2.318
2.315,-2.507
1.949,-2.574
1.419,-2.391
1.312,-2.616
0.571,-2.477
-0.087,-2.272
-0.796,-2.261
-0.924,-2.363
-1.847,-2.302
-2.024,-2.523
-2.712,2.144
3.079,1.96
2.807,2.184
2.091,1.907
1.319,2.118
0.898,2.147
1.008,1.903
0.022,1.988
-1.252,2.14
-1.601,2.088
-1.586,1.878
1.907,-1.672
-0.493,-0.953
-2.966,-1.197
0.856,1.084
-0.415,-0.235
-0.58,0.407
-1.386,0.527
-2.642,0.739
2.332,0.675
-0.35,-0.694
-0.711,-0.694
-2.356,1.83
-1.696,1.683
-1.507,-2.081
-0.064,0.223
-0.096,1.878
-0.163,3.281
-0.251,0.567
-0.364,-0.467
-0.375,-0.347
-0.351,0.659
-0.36,3.064
-0.362,0.459
-0.474,0.592
-0.488,2.32
-0.414,3.365
-0.45,3.123
-0.517,0.654
-0.582,2.598
-0.572,2.024
-0.691,3.414
-0.702,2.014
-0.788,0.948
-0.728,-0.19
-0.734,1.702
-0.762,0.924
-0.886,3.238
-0.812,0.635
-0.814,1.586
-0.905,1.046
-0.922,1.418
-0.932,2.454
-0.929,0.674
-0.969,2.145
-1.057,1.677
-1.002,1.932
-1.101,1.102
-1.112,1.174
-1.221,1.831
-1.223,1.573
-1.169,0.68
-1.182,-0.333
-1.238,3.39
-1.328,0.47
-1.668,0.243
-1.753,0.183
-1.788,0.682
-1.87,2.518
-1.83,2.05
-1.851,0.551
-1.856,3.15
-2.109,0.753
-2.596,-0.551
-2.786,-0.566
3.029,-0.732
1.956,-0.695
1.199,-0.819
0.315,-0.668
0.151,-0.581
-0.112,-0.828
-0.439,-0.546
-2.464,3.552
-2.756,3.84
-3.058,3.745
-3.126,3.78
2.801,3.894
2.778,3.71
2.455,3.676
2.404,3.501
1.259,3.699
1.075,3.966
1.121,4.074
0.599,3.765
-0.627,3.878
-0.955,3.974
-0.972,3.61
-1.183,3.597
-1.385,3.508
-1.326,3.999
-0.37,-0.158
-0.528,2.619
-2.708,-0.711
-3.042,-0.525
2.554,-0.785
1.908,-0.779
-0.415,-0.529
0.854,3.846
-2.335,0.959
-2.249,-0.267
-2.395,1.001
-2.395,0.144
-2.425,1.051
-2.435,0.562
-2.396,2.249
-2.701,3.211
-2.744,2.11
-2.805,-0.022
-2.821,3.513
-2.825,-0.052
-2.7,1.916
-2.892,2.352
-2.893,0.457
-3.046,2.414
-2.953,1.109
-3.117,2.414
-3.022,2.18
-3.03,-0.298
3.126,0.685
-3.095,2.237
3.006,2.384
2.868,1.964
2.849,-0.314
2.95,3.372
2.904,-0.453
2.788,2.01
2.779,1.607
2.647,3.044
2.64,2.171
2.742,1.779
2.574,3.042
2.556,3.363
2.419,3.355
2.412,-0.439
2.262,1.459
2.259,2.142
2.262,0.826
2.013,0.101
1.814,2.252
1.771,0.56
1.681,1.789
1.553,2.652
1.508,-0.332
1.455,1.376
1.327,2.154
1.294,1.558
1.243,1.801
1.203,2.084
1.312,-0.32
1.135,3.124
1.125,2.842
0.968,2.337
0.928,-0.255
0.874,0.772
0.958,2.235
0.81,3.009
0.868,3.01
0.538,-0.283
0.592,1.783
0.514,-0.522
0.436,0.998
0.293,2.231
0.286,2.497
0.095,1.353
-0.035,0.661
-0.085,1.249
-0.293,1.59
-0.288,0.809
-0.402,1.08
-0.659,0.548
-0.612,1.325
-0.63,1.579
-0.754,0.963
-0.835,0.017
-0.983,3.234
-1.039,1.755
-0.946,0.689
-1.008,-0.04
-1.309,1.429
-1.179,0.971
-1.479,0.029
-1.687,-0.068
-1.715,1.593
-1.778,3.017
-1.902,0.993
-2.0,2.073
-2.033,0.958
-2.143,1.51
-2.208,2.1
-2.41,-0.783
-3.067,-0.382
2.919,-0.546
2.771,-0.756
2.786,-0.695
2.231,-0.543
2.308,-0.732
1.942,-0.799
1.412,-0.616
1.305,-0.841
0.564,-0.702
-0.094,-0.497
-0.803,-0.486
-0.931,-0.588
-1.854,-0.527
-2.031,-0.748
-2.719,3.919
3.072,3.735
2.8,3.959
2.084,3.682
1.312,3.893
0.891,3.922
1.001,3.678
0.015,3.763
-1.259,3.915
-1.608,3.863
-1.593,3.653
1.9,0.103
-0.5,0.822
-2.973,0.578
0.849,2.859
-0.422,1.54
-0.587,2.182
-1.393,2.302
-2.649,2.514
2.325,2.45
-0.357,1.081
-0.718,1.081
-2.363,3.605
-1.703,3.458
-1.514,-0.306
-0.032,1.655
-0.099,3.058
-0.187,0.344
-0.3,-0.69
-0.311,-0.57
-0.287,0.436
-0.296,2.841
-0.298,0.236
-0.41,0.369
-0.424,2.097
-0.35,3.142
-0.386,2.9
-0.453,0.431
-0.518,2.375
-0.508,1.801
-0.627,3.191
-0.638,1.791
-0.724,0.725
-0.664,-0.413
-0.67,1.479
-0.698,0.701
-0.822,3.015
-0.748,0.412
-0.75,1.363
-0.841,0.823
-0.858,1.195
-0.868,2.231
-0.865,0.451
-0.905,1.922
-0.993,1.454
-0.938,1.709
-1.037,0.879
-1.048,0.951
-1.157,1.608
-1.159,1.35
-1.105,0.457
-1.118,-0.556
-1.174,3.167
-1.264,0.247
-1.604,0.02
-1.689,-0.04
-1.724,0.459
-1.806,2.295
-1.766,1.827
-1.787,0.328
-1.792,2.927
-2.045,0.53
-2.532,-0.774
-2.722,-0.789
3.093,-0.955
2.02,-0.918
1.263,-1.042
0.379,-0.891
0.215,-0.804
-0.048,-1.051
-0.375,-0.769
-2.4,3.329
-2.692,3.617
-2.994,3.522
-3.062,3.557
2.865,3.671
2.842,3.487
2.519,3.453
2.468,3.278
1.323,3.476
1.139,3.743
1.185,3.851
0.663,3.542
-0.563,3.655
-0.891,3.751
-0.908,3.387
-1.119,3.374
-1.321,3.285
-1.262,3.776
-0.306,-0.381
-0.464,2.396
-2.644,-0.934
-2.978,-0.748
2.618,-1.008
1.972,-1.002
-0.351,-0.752
0.918,3.623
-2.271,0.736
-2.185,-0.49
-2.331,0.778
-2.331,-0.079
-2.361,0.828
-2.371,0.339
-2.332,2.026
-2.637,2.988
-2.68,1.887
-2.741,-0.245
-2.757,3.29
-2.761,-0.275
-2.636,1.693
-2.828,2.129
-2.829,0.234
-2.982,2.191
-2.889,0.886
-3.053,2.191
-2.958,1.957
-2.966,-0.521
-3.093,0.462
-3.031,2.014
3.07,2.161
2.932,1.741
2.913,-0.537
3.014,3.149
2.968,-0.676
2.852,1.787
2.843,1.384
2.711,2.821
2.704,1.948
2.806,1.556
2.638,2.819
2.62,3.14
2.483,3.132
2.476,-0.662
2.326,1.236
2.323,1.919
2.326,0.603
2.077,-0.122
1.878,2.029
1.835,0.337
1.745,1.566
1.617,2.429
1.572,-0.555
1.519,1.153
1.391,1.931
1.358,1.335
1.307,1.578
1.267,1.861
1.376,-0.543
1.199,2.901
1.189,2.619
1.032,2.114
0.992,-0.478
0.938,0.549
1.022,2.012
0.874,2.786
0.932,2.787
0.602,-0.506
0.656,1.56
0.578,-0.745
0.5,0.775
0.357,2.008
0.35,2.274
0.159,1.13
0.029,0.438
-0.021,1.026
-0.229,1.367
-0.224,0.586
-0.338,0.857
-0.595,0.325
-0.548,1.102
-0.566,1.356
-0.69,0.74
-0.771,-0.206
-0.919,3.011
-0.975,1.532
-0.882,0.466
-0.944,-0.263
-1.245,1.206
-1.115,0.748
-1.415,-0.194
-1.623,-0.291
-1.651,1.37
-1.714,2.794
-1.838,0.77
-1.936,1.85
-1.969,0.735
-2.079,1.287
-2.144,1.877
-2.346,-1.006
-3.003,-0.605
2.983,-0.769
2.835,-0.979
2.85,-0.918
2.295,-0.766
2.372,-0.955
2.006,-1.022
1.476,-0.839
1.369,-1.064
0.628,-0.925
-0.03,-0.72
-0.739,-0.709
-0.867,-0.811
-1.79,-0.75
-1.967,-0.971
-2.655,3.696
3.136,3.512
2.864,3.736
2.148,3.459
1.376,3.67
0.955,3.699
1.065,3.455
0.079,3.54
-1.195,3.692
-1.544,3.64
-1.529,3.43
1.964,-0.12
-0.436,0.599
-2.909,0.355
0.913,2.636
-0.358,1.317
-0.523,1.959
-1.329,2.079
-2.585,2.291
2.389,2.227
-0.293,0.858
-0.654,0.858
-2.299,3.382
-1.639,3.235
-1.45,-0.529
-0.067,1.403
-0.155,-1.311
-0.268,-2.345
-0.279,-2.225
-0.255,-1.219
-0.264,1.186
-0.266,-1.419
-0.378,-1.286
-0.392,0.442
-0.318,1.487
-0.354,1.245
-0.421,-1.224
-0.486,0.72
-0.476,0.146
-0.595,1.536
-0.606,0.136
-0.692,-0.93
-0.632,-2.068
-0.638,-0.176
-0.666,-0.954
-0.79,1.36
-0.716,-1.243
-0.718,-0.292
-0.809,-0.832
-0.826,-0.46
-0.836,0.576
-0.833,-1.204
-0.873,0.267
-0.961,-0.201
-0.906,0.054
-1.005,-0.776
-1.016,-0.704
-1.125,-0.047
-1.127,-0.305
-1.073,-1.198
-1.086,-2.211
-1.142,1.512
-1.232,-1.408
-1.572,-1.635
-1.657,-1.695
-1.692,-1.196
-1.774,0.64
-1.734,0.172
-1.755,-1.327
-1.76,1.272
-2.013,-1.125
-2.5,-2.429
-2.69,-2.444
3.125,-2.61
2.052,-2.573
1.295,-2.697
0.411,-2.546
0.247,-2.459
-0.016,-2.706
-0.343,-2.424
-2.368,1.674
-2.66,1.962
-2.962,1.867
-3.03,1.902
2.897,2.016
2.874,1.832
2.551,1.798
2.5,1.623
1.355,1.821
1.171,2.088
1.217,2.196
0.695,1.887
-0.531,2.0
-0.859,2.096
-0.876,1.732
-1.087,1.719
-1.289,1.63
-1.23,2.121
-0.274,-2.036
-0.432,0.741
-2.612,-2.589
-2.946,-2.403
2.65,-2.663
2.004,-2.657
-0.319,-2.407
0.95,1.968
-2.239,-0.919
-2.153,-2.145
-2.299,-0.877
-2.299,-1.734
-2.329,-0.827
-2.339,-1.316
-2.3,0.371
-2.605,1.333
-2.648,0.232
-2.709,-1.9
-2.725,1.635
-2.729,-1.93
-2.604,0.038
-2.796,0.474
-2.797,-1.421
-2.95,0.536
-2.857,-0.769
-3.021,0.536
-2.926,0.302
-2.934,-2.176
-3.061,-1.193
-2.999,0.359
3.102,0.506
2.964,0.086
2.945,-2.192
3.046,1.494
3.0,-2.331
2.884,0.132
2.875,-0.271
2.743,1.166
2.736,0.293
2.838,-0.099
2.67,1.164
2.652,1.485
2.515,1.477
2.508,-2.317
2.358,-0.419
2.355,0.264
2.358,-1.052
2.109,-1.777
1.91,0.374
1.867,-1.318
1.777,-0.089
1.649,0.774
1.604,-2.21
1.551,-0.502
1.423,0.276
1.39,-0.32
1.339,-0.077
1.299,0.206
1.408,-2.198
1.231,1.246
1.221,0.964
1.064,0.459
1.024,-2.133
0.97,-1.106
1.054,0.357
0.906,1.131
0.964,1.132
0.634,-2.161
0.688,-0.095
0.61,-2.4
0.532,-0.88
0.389,0.353
0.382,0.619
0.191,-0.525
0.061,-1.217
0.011,-0.629
-0.197,-0.288
-0.192,-1.069
-0.306,-0.798
-0.563,-1.33
-0.516,-0.553
-0.534,-0.299
-0.658,-0.915
-0.739,-1.861
-0.887,1.356
-0.943,-0.123
-0.85,-1.189
-0.912,-1.918
-1.213,-0.449
-1.083,-0.907
-1.383,-1.849
-1.591,-1.946
-1.619,-0.285
-1.682,1.139
-1.806,-0.885
-1.904,0.195
-1.937,-0.92
-2.047,-0.368
-2.112,0.222
-2.314,-2.661
-2.971,-2.26
3.015,-2.424
2.867,-2.634
2.882,-2.573
2.327,-2.421
2.404,-2.61
2.038,-2.677
1.508,-2.494
1.401,-2.719
0.66,-2.58
0.002,-2.375
-0.707,-2.364
-0.835,-2.466
-1.758,-2.405
-1.935,-2.626
-2.623,2.041
-3.115,1.857
2.896,2.081
2.18,1.804
1.408,2.015
0.987,2.044
1.097,1.8
0.111,1.885
-1.163,2.037
-1.512,1.985
-1.497,1.775
1.996,-1.775
-0.404,-1.056
-2.877,-1.3
0.945,0.981
-0.326,-0.338
-0.491,0.304
-1.297,0.424
-2.553,0.636
2.421,0.572
-0.261,-0.797
-0.622,-0.797
-2.267,1.727
-1.607,1.58
-1.418,-2.184
-0.088,-2.714
-0.201,-3.748
-0.212,-3.628
-0.188,-2.622
-0.197,-0.217
-0.199,-2.822
-0.311,-2.689
-0.325,-0.961
-0.251,0.084
-0.287,-0.158
-0.354,-2.627
-0.419,-0.683
-0.409,-1.257
-0.528,0.133
-0.539,-1.267
-0.625,-2.333
-0.565,-3.471
-0.571,-1.579
-0.599,-2.357
-0.723,-0.043
-0.649,-2.646
-0.651,-1.695
-0.742,-2.235
-0.759,-1.863
-0.769,-0.827
-0.766,-2.607
-0.806,-1.136
-0.894,-1.604
-0.839,-1.349
-0.938,-2.179
-0.949,-2.107
-1.058,-1.45
-1.06,-1.708
-1.006,-2.601
-1.019,-3.614
-1.075,0.109
-1.165,-2.811
-1.505,-3.038
-1.59,-3.098
-1.625,-2.599
-1.707,-0.763
-1.667,-1.231
-1.688,-2.73
-1.693,-0.131
-1.946,-2.528
-2.433,-3.832
-2.623,-3.847
-3.091,-4.013
2.119,-3.976
1.362,-4.1
0.478,-3.949
0.314,-3.862
0.051,-4.109
-0.276,-3.827
-2.301,0.271
-2.593,0.559
-2.895,0.464
-2.963,0.499
2.964,0.613
2.941,0.429
2.618,0.395
2.567,0.22
1.422,0.418
1.238,0.685
1.284,0.793
0.762,0.484
-0.464,0.597
-0.792,0.693
-0.809,0.329
-1.02,0.316
-1.222,0.227
-1.163,0.718
-0.207,-3.439
-0.365,-0.662
-2.545,-3.992
-2.879,-3.806
2.717,-4.066
2.071,-4.06
-0.252,-3.81
1.017,0.565
-2.172,-2.322
-2.086,-3.548
-2.232,-2.28
-2.232,-3.137
-2.262,-2.23
-2.272,-2.719
-2.233,-1.032
-2.538,-0.07
-2.581,-1.171
-2.642,-3.303
-2.658,0.232
-2.662,-3.333
-2.537,-1.365
-2.729,-0.929
-2.73,-2.824
-2.883,-0.867
-2.79,-2.172
-2.954,-0.867
-2.859,-1.101
-2.867,-3.579
-2.994,-2.596
-2.932,-1.044
-3.114,-0.897
3.031,-1.317
3.012,-3.595
3.113,0.091
3.067,-3.734
2.951,-1.271
2.942,-1.674
2.81,-0.237
2.803,-1.11
2.905,-1.502
2.737,-0.239
2.719,0.082
2.582,0.074
2.575,-3.72
2.425,-1.822
2.422,-1.139
2.425,-2.455
2.176,-3.18
1.977,-1.029
1.934,-2.721
1.844,-1.492
1.716,-0.629
1.671,-3.613
1.618,-1.905
1.49,-1.127
1.457,-1.723
1.406,-1.48
1.366,-1.197
1.475,-3.601
1.298,-0.157
1.288,-0.439
1.131,-0.944
1.091,-3.536
1.037,-2.509
1.121,-1.046
0.973,-0.272
1.031,-0.271
0.701,-3.564
0.755,-1.498
0.677,-3.803
0.599,-2.283
0.456,-1.05
0.449,-0.784
0.258,-1.928
0.128,-2.62
0.078,-2.032
-0.13,-1.691
-0.125,-2.472
-0.239,-2.201
-0.496,-2.733
-0.449,-1.956
-0.467,-1.702
-0.591,-2.318
-0.672,-3.264
-0.82,-0.047
-0.876,-1.526
-0.783,-2.592
-0.845,-3.321
-1.146,-1.852
-1.016,-2.31
-1.316,-3.252
-1.524,-3.349
-1.552,-1.688
-1.615,-0.264
-1.739,-2.288
-1.837,-1.208
-1.87,-2.323
-1.98,-1.771
-2.045,-1.181
-2.247,-4.064
-2.904,-3.663
3.082,-3.827
2.934,-4.037
2.949,-3.976
2.394,-3.824
2.471,-4.013
2.105,-4.08
1.575,-3.897
1.468,-4.122
0.727,-3.983
0.069,-3.778
-0.64,-3.767
-0.768,-3.869
-1.691,-3.808
-1.868,-4.029
-2.556,0.638
-3.048,0.454
2.963,0.678
2.247,0.401
1.475,0.612
1.054,0.641
1.164,0.397
0.178,0.482
-1.096,0.634
-1.445,0.582
-1.43,0.372
2.063,-3.178
-0.337,-2.459
-2.81,-2.703
1.012,-0.422
-0.259,-1.741
-0.424,-1.099
-1.23,-0.979
-2.486,-0.767
2.488,-0.831
-0.194,-2.2
-0.555,-2.2
-2.2,0.324
-1.54,0.177
-1.351,-3.587
-0.113,-1.034
-0.124,-0.914
-0.1,0.092
-0.109,2.497
-0.111,-0.108
-0.223,0.025
-0.237,1.753
-0.163,2.798
-0.199,2.556
-0.266,0.087
-0.331,2.031
-0.321,1.457
-0.44,2.847
-0.451,1.447
-0.537,0.381
-0.477,-0.757
-0.483,1.135
-0.511,0.357
-0.635,2.671
-0.561,0.068
-0.563,1.019
-0.654,0.479
-0.671,0.851
-0.681,1.887
-0.678,0.107
-0.718,1.578
-0.806,1.11
-0.751,1.365
-0.85,0.535
-0.861,0.607
-0.97,1.264
-0.972,1.006
-0.918,0.113
-0.931,-0.9
-0.987,2.823
-1.077,-0.097
-1.417,-0.324
-1.502,-0.384
-1.537,0.115
-1.619,1.951
-1.579,1.483
-1.6,-0.016
-1.605,2.583
-1.858,0.186
-2.345,-1.118
-2.535,-1.133
-3.003,-1.299
2.207,-1.262
1.45,-1.386
0.566,-1.235
0.402,-1.148
0.139,-1.395
-0.188,-1.113
-2.213,2.985
-2.505,3.273
-2.807,3.178
-2.875,3.213
3.052,3.327
3.029,3.143
2.706,3.109
2.655,2.934
1.51,3.132
1.326,3.399
1.372,3.507
0.85,3.198
-0.376,3.311
-0.704,3.407
-0.721,3.043
-0.932,3.03
-1.134,2.941
-1.075,3.432
-0.119,-0.725
-0.277,2.052
-2.457,-1.278
-2.791,-1.092
2.805,-1.352
2.159,-1.346
-0.164,-1.096
1.105,3.279
-2.084,0.392
-1.998,-0.834
-2.144,0.434
-2.144,-0.423
-2.174,0.484
-2.184,-0.005
-2.145,1.682
-2.45,2.644
-2.493,1.543
-2.554,-0.589
-2.57,2.946
-2.574,-0.619
-2.449,1.349
-2.641,1.785
-2.642,-0.11
-2.795,1.847
-2.702,0.542
-2.866,1.847
-2.771,1.613
-2.779,-0.865
-2.906,0.118
-2.844,1.67
-3.026,1.817
3.119,1.397
3.1,-0.881
-3.082,2.805
-3.128,-1.02
3.039,1.443
3.03,1.04
2.898,2.477
2.891,1.604
2.993,1.212
2.825,2.475
2.807,2.796
2.67,2.788
2.663,-1.006
2.513,0.892
2.51,1.575
2.513,0.259
2.264,-0.466
2.065,1.685
2.022,-0.007
1.932,1.222
1.804,2.085
1.759,-0.899
1.706,0.809
1.578,1.587
1.545,0.991
1.494,1.234
1.454,1.517
1.563,-0.887
1.386,2.557
1.376,2.275
1.219,1.77
1.179,-0.822
1.125,0.205
1.209,1.668
1.061,2.442
1.119,2.443
0.789,-0.85
0.843,1.216
0.765,-1.089
0.687,0.431
0.544,1.664
0.537,1.93
0.346,0.786
0.216,0.094
0.166,0.682
-0.042,1.023
-0.037,0.242
-0.151,0.513
-0.408,-0.019
-0.361,0.758
-0.379,1.012
-0.503,0.396
-0.584,-0.55
-0.732,2.667
-0.788,1.188
-0.695,0.122
-0.757,-0.607
-1.058,0.862
-0.928,0.404
-1.228,-0.538
-1.436,-0.635
-1.464,1.026
-1.527,2.45
-1.651,0.426
-1.749,1.506
-1.782,0.391
-1.892,0.943
-1.957,1.533
-2.159,-1.35
-2.816,-0.949
-3.113,-1.113
3.022,-1.323
3.037,-1.262
2.482,-1.11
2.559,-1.299
2.193,-1.366
1.663,-1.183
1.556,-1.408
0.815,-1.269
0.157,-1.064
-0.552,-1.053
-0.68,-1.155
-1.603,-1.094
-1.78,-1.315
-2.468,3.352
-2.96,3.168
3.051,3.392
2.335,3.115
1.563,3.326
1.142,3.355
1.252,3.111
0.266,3.196
-1.008,3.348
-1.357,3.296
-1.342,3.086
2.151,-0.464
-0.249,0.255
-2.722,0.011
1.1,2.292
-0.171,0.973
-0.336,1.615
-1.142,1.735
-2.398,1.947
2.576,1.883
-0.106,0.514
-0.467,0.514
-2.112,3.038
-1.452,2.891
-1.263,-0.873
-0.011,0.12
0.013,1.126
0.004,3.531
0.002,0.926
-0.11,1.059
-0.124,2.787
-0.05,3.832
-0.086,3.59
-0.153,1.121
-0.218,3.065
-0.208,2.491
-0.327,3.881
-0.338,2.481
-0.424,1.415
-0.364,0.277
-0.37,2.169
-0.398,1.391
-0.522,3.705
-0.448,1.102
-0.45,2.053
-0.541,1.513
-0.558,1.885
-0.568,2.921
-0.565,1.141
-0.605,2.612
-0.693,2.144
-0.638,2.399
-0.737,1.569
-0.748,1.641
-0.857,2.298
-0.859,2.04
-0.805,1.147
-0.818,0.134
-0.874,3.857
-0.964,0.937
-1.304,0.71
-1.389,0.65
-1.424,1.149
-1.506,2.985
-1.466,2.517
-1.487,1.018
-1.492,3.617
-1.745,1.22
-2.232,-0.084
-2.422,-0.099
-2.89,-0.265
2.32,-0.228
1.563,-0.352
0.679,-0.201
0.515,-0.114
0.252,-0.361
-0.075,-0.079
-2.1,4.019
-2.392,4.307
-2.694,4.212
-2.762,4.247
-3.118,4.361
-3.141,4.177
2.819,4.143
2.768,3.968
1.623,4.166
1.439,4.433
1.485,4.541
0.963,4.232
-0.263,4.345
-0.591,4.441
-0.608,4.077
-0.819,4.064
-1.021,3.975
-0.962,4.466
-0.006,0.309
-0.164,3.086
-2.344,-0.244
-2.678,-0.058
2.918,-0.318
2.272,-0.312
-0.051,-0.062
1.218,4.313
-1.971,1.426
-1.885,0.2
-2.031,1.468
-2.031,0.611
-2.061,1.518
-2.071,1.029
-2.032,2.716
-2.337,3.678
-2.38,2.577
-2.441,0.445
-2.457,3.98
-2.461,0.415
-2.336,2.383
-2.528,2.819
-2.529,0.924
-2.682,2.881
-2.589,1.576
-2.753,2.881
-2.658,2.647
-2.666,0.169
-2.793,1.152
-2.731,2.704
-2.913,2.851
-3.051,2.431
-3.07,0.153
-2.969,3.839
-3.015,0.014
-3.131,2.477
-3.14,2.074
3.011,3.511
3.004,2.638
3.106,2.246
2.938,3.509
2.92,3.83
2.783,3.822
2.776,0.028
2.626,1.926
2.623,2.609
2.626,1.293
2.377,0.568
2.178,2.719
2.135,1.027
2.045,2.256
1.917,3.119
1.872,0.135
1.819,1.843
1.691,2.621
1.658,2.025
1.607,2.268
1.567,2.551
1.676,0.147
1.499,3.591
1.489,3.309
1.332,2.804
1.292,0.212
1.238,1.239
1.322,2.702
1.174,3.476
1.232,3.477
0.902,0.184
0.956,2.25
0.878,-0.055
0.8,1.465
0.657,2.698
0.65,2.964
0.459,1.82
0.329,1.128
0.279,1.716
0.071,2.057
0.076,1.276
-0.038,1.547
-0.295,1.015
-0.248,1.792
-0.266,2.046
-0.39,1.43
-0.471,0.484
-0.619,3.701
-0.675,2.222
-0.582,1.156
-0.644,0.427
-0.945,1.896
-0.815,1.438
-1.115,0.496
-1.323,0.399
-1.351,2.06
-1.414,3.484
-1.538,1.46
-1.636,2.54
-1.669,1.425
-1.779,1.977
-1.844,2.567
-2.046,-0.316
-2.703,0.085
-3.0,-0.079
3.135,-0.289
-3.133,-0.228
2.595,-0.076
2.672,-0.265
2.306,-0.332
1.776,-0.149
1.669,-0.374
0.928,-0.235
0.27,-0.03
-0.439,-0.019
-0.567,-0.121
-1.49,-0.06
-1.667,-0.281
-2.355,4.386
-2.847,4.202
-3.119,4.426
2.448,4.149
1.676,4.36
1.255,4.389
1.365,4.145
0.379,4.23
-0.895,4.382
-1.244,4.33
-1.229,4.12
2.264,0.57
-0.136,1.289
-2.609,1.045
1.213,3.326
-0.058,2.007
-0.223,2.649
-1.029,2.769
-2.285,2.981
2.689,2.917
0.007,1.548
-0.354,1.548
-1.999,4.072
-1.339,3.925
-1.15,0.161
0.024,1.006
0.015,3.411
0.013,0.806
-0.099,0.939
-0.113,2.667
-0.039,3.712
-0.075,3.47
-0.142,1.001
-0.207,2.945
-0.197,2.371
-0.316,3.761
-0.327,2.361
-0.413,1.295
-0.353,0.157
-0.359,2.049
-0.387,1.271
-0.511,3.585
-0.437,0.982
-0.439,1.933
-0.53,1.393
-0.547,1.765
-0.557,2.801
-0.554,1.021
-0.594,2.492
-0.682,2.024
-0.627,2.279
-0.726,1.449
-0.737,1.521
-0.846,2.178
-0.848,1.92
-0.794,1.027
-0.807,0.014
-0.863,3.737
-0.953,0.817
-1.293,0.59
-1.378,0.53
-1.413,1.029
-1.495,2.865
-1.455,2.397
-1.476,0.898
-1.481,3.497
-1.734,1.1
-2.221,-0.204
-2.411,-0.219
-2.879,-0.385
2.331,-0.348
1.574,-0.472
0.69,-0.321
0.526,-0.234
0.263,-0.481
-0.064,-0.199
-2.089,3.899
-2.381,4.187
-2.683,4.092
-2.751,4.127
-3.107,4.241
-3.13,4.057
2.83,4.023
2.779,3.848
1.634,4.046
1.45,4.313
1.496,4.421
0.974,4.112
-0.252,4.225
-0.58,4.321
-0.597,3.957
-0.808,3.944
-1.01,3.855
-0.951,4.346
0.005,0.189
-0.153,2.966
-2.333,-0.364
-2.667,-0.178
2.929,-0.438
2.283,-0.432
-0.04,-0.182
1.229,4.193
-1.96,1.306
-1.874,0.08
-2.02,1.348
-2.02,0.491
-2.05,1.398
-2.06,0.909
-2.021,2.596
-2.326,3.558
-2.369,2.457
-2.43,0.325
-2.446,3.86
-2.45,0.295
-2.325,2.263
-2.517,2.699
-2.518,0.804
-2.671,2.761
-2.578,1.456
-2.742,2.761
-2.647,2.527
-2.655,0.049
-2.782,1.032
-2.72,2.584
-2.902,2.731
-3.04,2.311
-3.059,0.033
-2.958,3.719
-3.004,-0.106
-3.12,2.357
-3.129,1.954
3.022,3.391
3.015,2.518
3.117,2.126
2.949,3.389
2.931,3.71
2.794,3.702
2.787,-0.092
2.637,1.806
2.634,2.489
2.637,1.173
2.388,0.448
2.189,2.599
2.146,0.907
2.056,2.136
1.928,2.999
1.883,0.015
1.83,1.723
1.702,2.501
1.669,1.905
1.618,2.148
1.578,2.431
1.687,0.027
1.51,3.471
1.5,3.189
1.343,2.684
1.303,0.092
1.249,1.119
1.333,2.582
1.185,3.356
1.243,3.357
0.913,0.064
0.967,2.13
0.889,-0.175
0.811,1.345
0.668,2.578
0.661,2.844
0.47,1.7
0.34,1.008
0.29,1.596
0.082,1.937
0.087,1.156
-0.027,1.427
-0.284,0.895
-0.237,1.672
-0.255,1.926
-0.379,1.31
-0.46,0.364
-0.608,3.581
-0.664,2.102
-0.571,1.036
-0.633,0.307
-0.934,1.776
-0.804,1.318
-1.104,0.376
-1.312,0.279
-1.34,1.94
-1.403,3.364
-1.527,1.34
-1.625,2.42
-1.658,1.305
-1.768,1.857
-1.833,2.447
-2.035,-0.436
-2.692,-0.035
-2.989,-0.199
-3.137,-0.409
-3.122,-0.348
2.606,-0.196
2.683,-0.385
2.317,-0.452
1.787,-0.269
1.68,-0.494
0.939,-0.355
0.281,-0.15
-0.428,-0.139
-0.556,-0.241
-1.479,-0.18
-1.656,-0.401
-2.344,4.266
-2.836,4.082
-3.108,4.306
2.459,4.029
1.687,4.24
1.266,4.269
1.376,4.025
0.39,4.11
-0.884,4.262
-1.233,4.21
-1.218,4.0
2.275,0.45
-0.125,1.169
-2.598,0.925
1.224,3.206
-0.047,1.887
-0.212,2.529
-1.018,2.649
-2.274,2.861
2.7,2.797
0.018,1.428
-0.343,1.428
-1.988,3.952
-1.328,3.805
-1.139,0.041
-0.009,2.405
-0.011,-0.2
-0.123,-0.067
-0.137,1.661
-0.063,2.706
-0.099,2.464
-0.166,-0.005
-0.231,1.939
-0.221,1.365
-0.34,2.755
-0.351,1.355
-0.437,0.289
-0.377,-0.849
-0.383,1.043
-0.411,0.265
-0.535,2.579
-0.461,-0.024
-0.463,0.927
-0.554,0.387
-0.571,0.759
-0.581,1.795
-0.578,0.015
-0.618,1.486
-0.706,1.018
-0.651,1.273
-0.75,0.443
-0.761,0.515
-0.87,1.172
-0.872,0.914
-0.818,0.021
-0.831,-0.992
-0.887,2.731
-0.977,-0.189
-1.317,-0.416
-1.402,-0.476
-1.437,0.023
-1.519,1.859
-1.479,1.391
-1.5,-0.108
-1.505,2.491
-1.758,0.094
-2.245,-1.21
-2.435,-1.225
-2.903,-1.391
2.307,-1.354
1.55,-1.478
0.666,-1.327
0.502,-1.24
0.239,-1.487
-0.088,-1.205
-2.113,2.893
-2.405,3.181
-2.707,3.086
-2.775,3.121
-3.131,3.235
3.129,3.051
2.806,3.017
2.755,2.842
1.61,3.04
1.426,3.307
1.472,3.415
0.95,3.106
-0.276,3.219
-0.604,3.315
-0.621,2.951
-0.832,2.938
-1.034,2.849
-0.975,3.34
-0.019,-0.817
-0.177,1.96
-2.357,-1.37
-2.691,-1.184
2.905,-1.444
2.259,-1.438
-0.064,-1.188
1.205,3.187
-1.984,0.3
-1.898,-0.926
-2.044,0.342
-2.044,-0.515
-2.074,0.392
-2.084,-0.097
-2.045,1.59
-2.35,2.552
-2.393,1.451
-2.454,-0.681
-2.47,2.854
-2.474,-0.711
-2.349,1.257
-2.541,1.693
-2.542,-0.202
-2.695,1.755
-2.602,0.45
-2.766,1.755
-2.671,1.521
-2.679,-0.957
-2.806,0.026
-2.744,1.578
-2.926,1.725
-3.064,1.305
-3.083,-0.973
-2.982,2.713
-3.028,-1.112
3.139,1.351
3.13,0.948
2.998,2.385
2.991,1.512
3.093,1.12
2.925,2.383
2.907,2.704
2.77,2.696
2.763,-1.098
2.613,0.8
2.61,1.483
2.613,0.167
2.364,-0.558
2.165,1.593
2.122,-0.099
2.032,1.13
1.904,1.993
1.859,-0.991
1.806,0.717
1.678,1.495
1.645,0.899
1.594,1.142
1.554,1.425
1.663,-0.979
1.486,2.465
1.476,2.183
1.319,1.678
1.279,-0.914
1.225,0.113
1.309,1.576
1.161,2.35
1.219,2.351
0.889,-0.942
0.943,1.124
0.865,-1.181
0.787,0.339
0.644,1.572
0.637,1.838
0.446,0.694
0.316,0.002
0.266,0.59
0.058,0.931
0.063,0.15
-0.051,0.421
-0.308,-0.111
-0.261,0.666
-0.279,0.92
-0.403,0.304
-0.484,-0.642
-0.632,2.575
-0.688,1.096
-0.595,0.03
-0.657,-0.699
-0.958,0.77
-0.828,0.312
-1.128,-0.63
-1.336,-0.727
-1.364,0.934
-1.427,2.358
-1.551,0.334
-1.649,1.414
-1.682,0.299
-1.792,0.851
-1.857,1.441
-2.059,-1.442
-2.716,-1.041
-3.013,-1.205
3.122,-1.415
3.137,-1.354
2.582,-1.202
2.659,-1.391
2.293,-1.458
1.763,-1.275
1.656,-1.5
0.915,-1.361
0.257,-1.156
-0.452,-1.145
-0.58,-1.247
-1.503,-1.186
-1.68,-1.407
-2.368,3.26
-2.86,3.076
-3.132,3.3
2.435,3.023
1.663,3.234
1.242,3.263
1.352,3.019
0.366,3.104
-0.908,3.256
-1.257,3.204
-1.242,2.994
2.251,-0.556
-0.149,0.163
-2.622,-0.081
1.2,2.2
-0.071,0.881
-0.236,1.523
-1.042,1.643
-2.298,1.855
2.676,1.791
-0.006,0.422
-0.367,0.422
-2.012,2.946
-1.352,2.799
-1.163,-0.965
-0.002,-2.605
-0.114,-2.472
-0.128,-0.744
-0.054,0.301
-0.09,0.059
-0.157,-2.41
-0.222,-0.466
-0.212,-1.04
-0.331,0.35
-0.342,-1.05
-0.428,-2.116
-0.368,-3.254
-0.374,-1.362
-0.402,-2.14
-0.526,0.174
-0.452,-2.429
-0.454,-1.478
-0.545,-2.018
-0.562,-1.646
-0.572,-0.61
-0.569,-2.39
-0.609,-0.919
-0.697,-1.387
-0.642,-1.132
-0.741,-1.962
-0.752,-1.89
-0.861,-1.233
-0.863,-1.491
-0.809,-2.384
-0.822,-3.397
-0.878,0.326
-0.968,-2.594
-1.308,-2.821
-1.393,-2.881
-1.428,-2.382
-1.51,-0.546
-1.47,-1.014
-1.491,-2.513
-1.496,0.086
-1.749,-2.311
-2.236,-3.615
-2.426,-3.63
-2.894,-3.796
2.316,-3.759
1.559,-3.883
0.675,-3.732
0.511,-3.645
0.248,-3.892
-0.079,-3.61
-2.104,0.488
-2.396,0.776
-2.698,0.681
-2.766,0.716
-3.122,0.83
3.138,0.646
2.815,0.612
2.764,0.437
1.619,0.635
1.435,0.902
1.481,1.01
0.959,0.701
-0.267,0.814
-0.595,0.91
-0.612,0.546
-0.823,0.533
-1.025,0.444
-0.966,0.935
-0.01,-3.222
-0.168,-0.445
-2.348,-3.775
-2.682,-3.589
2.914,-3.849
2.268,-3.843
-0.055,-3.593
1.214,0.782
-1.975,-2.105
-1.889,-3.331
-2.035,-2.063
-2.035,-2.92
-2.065,-2.013
-2.075,-2.502
-2.036,-0.815
-2.341,0.147
-2.384,-0.954
-2.445,-3.086
-2.461,0.449
-2.465,-3.116
-2.34,-1.148
-2.532,-0.712
-2.533,-2.607
-2.686,-0.65
-2.593,-1.955
-2.757,-0.65
-2.662,-0.884
-2.67,-3.362
-2.797,-2.379
-2.735,-0.827
-2.917,-0.68
-3.055,-1.1
-3.074,-3.378
-2.973,0.308
-3.019,-3.517
-3.135,-1.054
3.139,-1.457
3.007,-0.02
3.0,-0.893
3.102,-1.285
2.934,-0.022
2.916,0.299
2.779,0.291
2.772,-3.503
2.622,-1.605
2.619,-0.922
2.622,-2.238
2.373,-2.963
2.174,-0.812
2.131,-2.504
2.041,-1.275
1.913,-0.412
1.868,-3.396
1.815,-1.688
1.687,-0.91
1.654,-1.506
1.603,-1.263
1.563,-0.98
1.672,-3.384
1.495,0.06
1.485,-0.222
1.328,-0.727
1.288,-3.319
1.234,-2.292
1.318,-0.829
1.17,-0.055
1.228,-0.054
0.898,-3.347
0.952,-1.281
0.874,-3.586
0.796,-2.066
0.653,-0.833
0.646,-0.567
0.455,-1.711
0.325,-2.403
0.275,-1.815
0.067,-1.474
0.072,-2.255
-0.042,-1.984
-0.299,-2.516
-0.252,-1.739
-0.27,-1.485
-0.394,-2.101
-0.475,-3.047
-0.623,0.17
-0.679,-1.309
-0.586,-2.375
-0.648,-3.104
-0.949,-1.635
-0.819,-2.093
-1.119,-3.035
-1.327,-3.132
-1.355,-1.471
-1.418,-0.047
-1.542,-2.071
-1.64,-0.991
-1.673,-2.106
-1.783,-1.554
-1.848,-0.964
-2.05,-3.847
-2.707,-3.446
-3.004,-3.61
3.131,-3.82
-3.137,-3.759
2.591,-3.607
2.668,-3.796
2.302,-3.863
1.772,-3.68
1.665,-3.905
0.924,-3.766
0.266,-3.561
-0.443,-3.55
-0.571,-3.652
-1.494,-3.591
-1.671,-3.812
-2.359,0.855
-2.851,0.671
-3.123,0.895
2.444,0.618
1.672,0.829
1.251,0.858
1.361,0.614
0.375,0.699
-0.899,0.851
-1.248,0.799
-1.233,0.589
2.26,-2.961
-0.14,-2.242
-2.613,-2.486
1.209,-0.205
-0.062,-1.524
-0.227,-0.882
-1.033,-0.762
-2.289,-0.55
2.685,-0.614
0.003,-1.983
-0.358,-1.983
-2.003,0.541
-1.343,0.394
-1.154,-3.37
-0.112,0.133
-0.126,1.861
-0.052,2.906
-0.088,2.664
-0.155,0.195
-0.22,2.139
-0.21,1.565
-0.329,2.955
-0.34,1.555
-0.426,0.489
-0.366,-0.649
-0.372,1.243
-0.4,0.465
-0.524,2.779
-0.45,0.176
-0.452,1.127
-0.543,0.587
-0.56,0.959
-0.57,1.995
-0.567,0.215
-0.607,1.686
-0.695,1.218
-0.64,1.473
-0.739,0.643
-0.75,0.715
-0.859,1.372
-0.861,1.114
-0.807,0.221
-0.82,-0.792
-0.876,2.931
-0.966,0.011
-1.306,-0.216
-1.391,-0.276
-1.426,0.223
-1.508,2.059
-1.468,1.591
-1.489,0.092
-1.494,2.691
-1.747,0.294
-2.234,-1.01
-2.424,-1.025
-2.892,-1.191
2.318,-1.154
1.561,-1.278
0.677,-1.127
0.513,-1.04
0.25,-1.287
-0.077,-1.005
-2.102,3.093
-2.394,3.381
-2.696,3.286
-2.764,3.321
-3.12,3.435
3.14,3.251
2.817,3.217
2.766,3.042
1.621,3.24
1.437,3.507
1.483,3.615
0.961,3.306
-0.265,3.419
-0.593,3.515
-0.61,3.151
-0.821,3.138
-1.023,3.049
-0.964,3.54
-0.008,-0.617
-0.166,2.16
-2.346,-1.17
-2.68,-0.984
2.916,-1.244
2.27,-1.238
-0.053,-0.988
1.216,3.387
-1.973,0.5
-1.887,-0.726
-2.033,0.542
-2.033,-0.315
-2.063,0.592
-2.073,0.103
-2.034,1.79
-2.339,2.752
-2.382,1.651
-2.443,-0.481
-2.459,3.054
-2.463,-0.511
-2.338,1.457
-2.53,1.893
-2.531,-0.002
-2.684,1.955
-2.591,0.65
-2.755,1.955
-2.66,1.721
-2.668,-0.757
-2.795,0.226
-2.733,1.778
-2.915,1.925
-3.053,1.505
-3.072,-0.773
-2.971,2.913
-3.017,-0.912
-3.133,1.551
3.141,1.148
3.009,2.585
3.002,1.712
3.104,1.32
2.936,2.583
2.918,2.904
2.781,2.896
2.774,-0.898
2.624,1.0
2.621,1.683
2.624,0.367
2.375,-0.358
2.176,1.793
2.133,0.101
2.043,1.33
1.915,2.193
1.87,-0.791
1.817,0.917
1.689,1.695
1.656,1.099
1.605,1.342
1.565,1.625
1.674,-0.779
1.497,2.665
1.487,2.383
1.33,1.878
1.29,-0.714
1.236,0.313
1.32,1.776
1.172,2.55
1.23,2.551
0.9,-0.742
0.954,1.324
0.876,-0.981
0.798,0.539
0.655,1.772
0.648,2.038
0.457,0.894
0.327,0.202
0.277,0.79
0.069,1.131
0.074,0.35
-0.04,0.621
-0.297,0.089
-0.25,0.866
-0.268,1.12
-0.392,0.504
-0.473,-0.442
-0.621,2.775
-0.677,1.296
-0.584,0.23
-0.646,-0.499
-0.947,0.97
-0.817,0.512
-1.117,-0.43
-1.325,-0.527
-1.353,1.134
-1.416,2.558
-1.54,0.534
-1.638,1.614
-1.671,0.499
-1.781,1.051
-1.846,1.641
-2.048,-1.242
-2.705,-0.841
-3.002,-1.005
3.133,-1.215
-3.135,-1.154
2.593,-1.002
2.67,-1.191
2.304,-1.258
1.774,-1.075
1.667,-1.3
0.926,-1.161
0.268,-0.956
-0.441,-0.945
-0.569,-1.047
-1.492,-0.986
-1.669,-1.207
-2.357,3.46
-2.849,3.276
-3.121,3.5
2.446,3.223
1.674,3.434
1.253,3.463
1.363,3.219
0.377,3.304
-0.897,3.456
-1.246,3.404
-1.231,3.194
2.262,-0.356
-0.138,0.363
-2.611,0.119
1.211,2.4
-0.06,1.081
-0.225,1.723
-1.031,1.843
-2.287,2.055
2.687,1.991
0.005,0.622
-0.356,0.622
-2.001,3.146
-1.341,2.999
-1.152,-0.765
-0.014,1.728
0.06,2.773
0.024,2.531
-0.043,0.062
-0.108,2.006
-0.098,1.432
-0.217,2.822
-0.228,1.422
-0.314,0.356
-0.254,-0.782
-0.26,1.11
-0.288,0.332
-0.412,2.646
-0.338,0.043
-0.34,0.994
-0.431,0.454
-0.448,0.826
-0.458,1.862
-0.455,0.082
-0.495,1.553
-0.583,1.085
-0.528,1.34
-0.627,0.51
-0.638,0.582
-0.747,1.239
-0.749,0.981
-0.695,0.088
-0.708,-0.925
-0.764,2.798
-0.854,-0.122
-1.194,-0.349
-1.279,-0.409
-1.314,0.09
-1.396,1.926
-1.356,1.458
-1.377,-0.041
-1.382,2.558
-1.635,0.161
-2.122,-1.143
-2.312,-1.158
-2.78,-1.324
2.43,-1.287
1.673,-1.411
0.789,-1.26
0.625,-1.173
0.362,-1.42
0.035,-1.138
-1.99,2.96
-2.282,3.248
-2.584,3.153
-2.652,3.188
-3.008,3.302
-3.031,3.118
2.929,3.084
2.878,2.909
1.733,3.107
1.549,3.374
1.595,3.482
1.073,3.173
-0.153,3.286
-0.481,3.382
-0.498,3.018
-0.709,3.005
-0.911,2.916
-0.852,3.407
0.104,-0.75
-0.054,2.027
-2.234,-1.303
-2.568,-1.117
3.028,-1.377
2.382,-1.371
0.059,-1.121
1.328,3.254
-1.861,0.367
-1.775,-0.859
-1.921,0.409
-1.921,-0.448
-1.951,0.459
-1.961,-0.03
-1.922,1.657
-2.227,2.619
-2.27,1.518
-2.331,-0.614
-2.347,2.921
-2.351,-0.644
-2.226,1.324
-2.418,1.76
-2.419,-0.135
-2.572,1.822
-2.479,0.517
-2.643,1.822
-2.548,1.588
-2.556,-0.89
-2.683,0.093
-2.621,1.645
-2.803,1.792
-2.941,1.372
-2.96,-0.906
-2.859,2.78
-2.905,-1.045
-3.021,1.418
-3.03,1.015
3.121,2.452
3.114,1.579
-3.067,1.187
3.048,2.45
3.03,2.771
2.893,2.763
2.886,-1.031
2.736,0.867
2.733,1.55
2.736,0.234
2.487,-0.491
2.288,1.66
2.245,-0.032
2.155,1.197
2.027,2.06
1.982,-0.924
1.929,0.784
1.801,1.562
1.768,0.966
1.717,1.209
1.677,1.492
1.786,-0.912
1.609,2.532
1.599,2.25
1.442,1.745
1.402,-0.847
1.348,0.18
1.432,1.643
1.284,2.417
1.342,2.418
1.012,-0.875
1.066,1.191
0.988,-1.114
0.91,0.406
0.767,1.639
0.76,1.905
0.569,0.761
0.439,0.069
0.389,0.657
0.181,0.998
0.186,0.217
0.072,0.488
-0.185,-0.044
-0.138,0.733
-0.156,0.987
-0.28,0.371
-0.361,-0.575
-0.509,2.642
-0.565,1.163
-0.472,0.097
-0.534,-0.632
-0.835,0.837
-0.705,0.379
-1.005,-0.563
-1.213,-0.66
-1.241,1.001
-1.304,2.425
-1.428,0.401
-1.526,1.481
-1.559,0.366
-1.669,0.918
-1.734,1.508
-1.936,-1.375
-2.593,-0.974
-2.89,-1.138
-3.038,-1.348
-3.023,-1.287
2.705,-1.135
2.782,-1.324
2.416,-1.391
1.886,-1.208
1.779,-1.433
1.038,-1.294
0.38,-1.089
-0.329,-1.078
-0.457,-1.18
-1.38,-1.119
-1.557,-1.34
-2.245,3.327
-2.737,3.143
-3.009,3.367
2.558,3.09
1.786,3.301
1.365,3.33
1.475,3.086
0.489,3.171
-0.785,3.323
-1.134,3.271
-1.119,3.061
2.374,-0.489
-0.026,0.23
-2.499,-0.014
1.323,2.267
0.052,0.948
-0.113,1.59
-0.919,1.71
-2.175,1.922
2.799,1.858
0.117,0.489
-0.244,0.489
-1.889,3.013
-1.229,2.866
-1.04,-0.898
0.074,1.045
0.038,0.803
-0.029,-1.666
-0.094,0.278
-0.084,-0.296
-0.203,1.094
-0.214,-0.306
-0.3,-1.372
-0.24,-2.51
-0.246,-0.618
-0.274,-1.396
-0.398,0.918
-0.324,-1.685
-0.326,-0.734
-0.417,-1.274
-0.434,-0.902
-0.444,0.134
-0.441,-1.646
-0.481,-0.175
-0.569,-0.643
-0.514,-0.388
-0.613,-1.218
-0.624,-1.146
-0.733,-0.489
-0.735,-0.747
-0.681,-1.64
-0.694,-2.653
-0.75,1.07
-0.84,-1.85
-1.18,-2.077
-1.265,-2.137
-1.3,-1.638
-1.382,0.198
-1.342,-0.27
-1.363,-1.769
-1.368,0.83
-1.621,-1.567
-2.108,-2.871
-2.298,-2.886
-2.766,-3.052
2.444,-3.015
1.687,-3.139
0.803,-2.988
0.639,-2.901
0.376,-3.148
0.049,-2.866
-1.976,1.232
-2.268,1.52
-2.57,1.425
-2.638,1.46
-2.994,1.574
-3.017,1.39
2.943,1.356
2.892,1.181
1.747,1.379
1.563,1.646
1.609,1.754
1.087,1.445
-0.139,1.558
-0.467,1.654
-0.484,1.29
-0.695,1.277
-0.897,1.188
-0.838,1.679
0.118,-2.478
-0.04,0.299
-2.22,-3.031
-2.554,-2.845
3.042,-3.105
2.396,-3.099
0.073,-2.849
1.342,1.526
-1.847,-1.361
-1.761,-2.587
-1.907,-1.319
-1.907,-2.176
-1.937,-1.269
-1.947,-1.758
-1.908,-0.071
-2.213,0.891
-2.256,-0.21
-2.317,-2.342
-2.333,1.193
-2.337,-2.372
-2.212,-0.404
-2.404,0.032
-2.405,-1.863
-2.558,0.094
-2.465,-1.211
-2.629,0.094
-2.534,-0.14
-2.542,-2.618
-2.669,-1.635
-2.607,-0.083
-2.789,0.064
-2.927,-0.356
-2.946,-2.634
-2.845,1.052
-2.891,-2.773
-3.007,-0.31
-3.016,-0.713
3.135,0.724
3.128,-0.149
-3.053,-0.541
3.062,0.722
3.044,1.043
2.907,1.035
2.9,-2.759
2.75,-0.861
2.747,-0.178
2.75,-1.494
2.501,-2.219
2.302,-0.068
2.259,-1.76
2.169,-0.531
2.041,0.332
1.996,-2.652
1.943,-0.944
1.815,-0.166
1.782,-0.762
1.731,-0.519
1.691,-0.236
1.8,-2.64
1.623,0.804
1.613,0.522
1.456,0.017
1.416,-2.575
1.362,-1.548
1.446,-0.085
1.298,0.689
1.356,0.69
1.026,-2.603
1.08,-0.537
1.002,-2.842
0.924,-1.322
0.781,-0.089
0.774,0.177
0.583,-0.967
0.453,-1.659
0.403,-1.071
0.195,-0.73
0.2,-1.511
0.086,-1.24
-0.171,-1.772
-0.124,-0.995
-0.142,-0.741
-0.266,-1.357
-0.347,-2.303
-0.495,0.914
-0.551,-0.565
-0.458,-1.631
-0.52,-2.36
-0.821,-0.891
-0.691,-1.349
-0.991,-2.291
-1.199,-2.388
-1.227,-0.727
-1.29,0.697
-1.414,-1.327
-1.512,-0.247
-1.545,-1.362
-1.655,-0.81
-1.72,-0.22
-1.922,-3.103
-2.579,-2.702
-2.876,-2.866
-3.024,-3.076
-3.009,-3.015
2.719,-2.863
2.796,-3.052
2.43,-3.119
1.9,-2.936
1.793,-3.161
1.052,-3.022
0.394,-2.817
-0.315,-2.806
-0.443,-2.908
-1.366,-2.847
-1.543,-3.068
-2.231,1.599
-2.723,1.415
-2.995,1.639
2.572,1.362
1.8,1.573
1.379,1.602
1.489,1.358
0.503,1.443
-0.771,1.595
-1.12,1.543
-1.105,1.333
2.388,-2.217
-0.012,-1.498
-2.485,-1.742
1.337,0.539
0.066,-0.78
-0.099,-0.138
-0.905,-0.018
-2.161,0.194
2.813,0.13
0.131,-1.239
-0.23,-1.239
-1.875,1.285
-1.215,1.138
-1.026,-2.626
-0.036,-0.242
-0.103,-2.711
-0.168,-0.767
-0.158,-1.341
-0.277,0.049
-0.288,-1.351
-0.374,-2.417
-0.314,-3.555
-0.32,-1.663
-0.348,-2.441
-0.472,-0.127
-0.398,-2.73
-0.4,-1.779
-0.491,-2.319
-0.508,-1.947
-0.518,-0.911
-0.515,-2.691
-0.555,-1.22
-0.643,-1.688
-0.588,-1.433
-0.687,-2.263
-0.698,-2.191
-0.807,-1.534
-0.809,-1.792
-0.755,-2.685
-0.768,-3.698
-0.824,0.025
-0.914,-2.895
-1.254,-3.122
-1.339,-3.182
-1.374,-2.683
-1.456,-0.847
-1.416,-1.315
-1.437,-2.814
-1.442,-0.215
-1.695,-2.612
-2.182,-3.916
-2.372,-3.931
-2.84,-4.097
2.37,-4.06
1.613,-4.184
0.729,-4.033
0.565,-3.946
0.302,-4.193
-0.025,-3.911
-2.05,0.187
-2.342,0.475
-2.644,0.38
-2.712,0.415
-3.068,0.529
-3.091,0.345
2.869,0.311
2.818,0.136
1.673,0.334
1.489,0.601
1.535,0.709
1.013,0.4
-0.213,0.513
-0.541,0.609
-0.558,0.245
-0.769,0.232
-0.971,0.143
-0.912,0.634
0.044,-3.523
-0.114,-0.746
-2.294,-4.076
-2.628,-3.89
2.968,-4.15
2.322,-4.144
-0.001,-3.894
1.268,0.481
-1.921,-2.406
-1.835,-3.632
-1.981,-2.364
-1.981,-3.221
-2.011,-2.314
-2.021,-2.803
-1.982,-1.116
-2.287,-0.154
-2.33,-1.255
-2.391,-3.387
-2.407,0.148
-2.411,-3.417
-2.286,-1.449
-2.478,-1.013
-2.479,-2.908
-2.632,-0.951
-2.539,-2.256
-2.703,-0.951
-2.608,-1.185
-2.616,-3.663
-2.743,-2.68
-2.681,-1.128
-2.863,-0.981
-3.001,-1.401
-3.02,-3.679
-2.919,0.007
-2.965,-3.818
-3.081,-1.355
-3.09,-1.758
3.061,-0.321
3.054,-1.194
-3.127,-1.586
2.988,-0.323
2.97,-0.002
2.833,-0.01
2.826,-3.804
2.676,-1.906
2.673,-1.223
2.676,-2.539
2.427,-3.264
2.228,-1.113
2.185,-2.805
2.095,-1.576
1.967,-0.713
1.922,-3.697
1.869,-1.989
1.741,-1.211
1.708,-1.807
1.657,-1.564
1.617,-1.281
1.726,-3.685
1.549,-0.241
1.539,-0.523
1.382,-1.028
1.342,-3.62
1.288,-2.593
1.372,-1.13
1.224,-0.356
1.282,-0.355
0.952,-3.648
1.006,-1.582
0.928,-3.887
0.85,-2.367
0.707,-1.134
0.7,-0.868
0.509,-2.012
0.379,-2.704
0.329,-2.116
0.121,-1.775
0.126,-2.556
0.012,-2.285
-0.245,-2.817
-0.198,-2.04
-0.216,-1.786
-0.34,-2.402
-0.421,-3.348
-0.569,-0.131
-0.625,-1.61
-0.532,-2.676
-0.594,-3.405
-0.895,-1.936
-0.765,-2.394
-1.065,-3.336
-1.273,-3.433
-1.301,-1.772
-1.364,-0.348
-1.488,-2.372
-1.586,-1.292
-1.619,-2.407
-1.729,-1.855
-1.794,-1.265
-1.996,-4.148
-2.653,-3.747
-2.95,-3.911
-3.098,-4.121
-3.083,-4.06
2.645,-3.908
2.722,-4.097
2.356,-4.164
1.826,-3.981
1.719,-4.206
0.978,-4.067
0.32,-3.862
-0.389,-3.851
-0.517,-3.953
-1.44,-3.892
-1.617,-4.113
-2.305,0.554
-2.797,0.37
-3.069,0.594
2.498,0.317
1.726,0.528
1.305,0.557
1.415,0.313
0.429,0.398
-0.845,0.55
-1.194,0.498
-1.179,0.288
2.314,-3.262
-0.086,-2.543
-2.559,-2.787
1.263,-0.506
-0.008,-1.825
-0.173,-1.183
-0.979,-1.063
-2.235,-0.851
2.739,-0.915
0.057,-2.284
-0.304,-2.284
-1.949,0.24
-1.289,0.093
-1.1,-3.671
-0.067,-2.469
-0.132,-0.525
-0.122,-1.099
-0.241,0.291
-0.252,-1.109
-0.338,-2.175
-0.278,-3.313
-0.284,-1.421
-0.312,-2.199
-0.436,0.115
-0.362,-2.488
-0.364,-1.537
-0.455,-2.077
-0.472,-1.705
-0.482,-0.669
-0.479,-2.449
-0.519,-0.978
-0.607,-1.446
-0.552,-1.191
-0.651,-2.021
-0.662,-1.949
-0.771,-1.292
-0.773,-1.55
-0.719,-2.443
-0.732,-3.456
-0.788,0.267
-0.878,-2.653
-1.218,-2.88
-1.303,-2.94
-1.338,-2.441
-1.42,-0.605
-1.38,-1.073
-1.401,-2.572
-1.406,0.027
-1.659,-2.37
-2.146,-3.674
-2.336,-3.689
-2.804,-3.855
2.406,-3.818
1.649,-3.942
0.765,-3.791
0.601,-3.704
0.338,-3.951
0.011,-3.669
-2.014,0.429
-2.306,0.717
-2.608,0.622
-2.676,0.657
-3.032,0.771
-3.055,0.587
2.905,0.553
2.854,0.378
1.709,0.576
1.525,0.843
1.571,0.951
1.049,0.642
-0.177,0.755
-0.505,0.851
-0.522,0.487
-0.733,0.474
-0.935,0.385
-0.876,0.876
0.08,-3.281
-0.078,-0.504
-2.258,-3.834
-2.592,-3.648
3.004,-3.908
2.358,-3.902
0.035,-3.652
1.304,0.723
-1.885,-2.164
-1.799,-3.39
-1.945,-2.122
-1.945,-2.979
-1.975,-2.072
-1.985,-2.561
-1.946,-0.874
-2.251,0.088
-2.294,-1.013
-2.355,-3.145
-2.371,0.39
-2.375,-3.175
-2.25,-1.207
-2.442,-0.771
-2.443,-2.666
-2.596,-0.709
-2.503,-2.014
-2.667,-0.709
-2.572,-0.943
-2.58,-3.421
-2.707,-2.438
-2.645,-0.886
-2.827,-0.739
-2.965,-1.159
-2.984,-3.437
-2.883,0.249
-2.929,-3.576
-3.045,-1.113
-3.054,-1.516
3.097,-0.079
3.09,-0.952
-3.091,-1.344
3.024,-0.081
3.006,0.24
2.869,0.232
2.862,-3.562
2.712,-1.664
2.709,-0.981
2.712,-2.297
2.463,-3.022
2.264,-0.871
2.221,-2.563
2.131,-1.334
2.003,-0.471
1.958,-3.455
1.905,-1.747
1.777,-0.969
1.744,-1.565
1.693,-1.322
1.653,-1.039
1.762,-3.443
1.585,0.001
1.575,-0.281
1.418,-0.786
1.378,-3.378
1.324,-2.351
1.408,-0.888
1.26,-0.114
1.318,-0.113
0.988,-3.406
1.042,-1.34
0.964,-3.645
0.886,-2.125
0.743,-0.892
0.736,-0.626
0.545,-1.77
0.415,-2.462
0.365,-1.874
0.157,-1.533
0.162,-2.314
0.048,-2.043
-0.209,-2.575
-0.162,-1.798
-0.18,-1.544
-0.304,-2.16
-0.385,-3.106
-0.533,0.111
-0.589,-1.368
-0.496,-2.434
-0.558,-3.163
-0.859,-1.694
-0.729,-2.152
-1.029,-3.094
-1.237,-3.191
-1.265,-1.53
-1.328,-0.106
-1.452,-2.13
-1.55,-1.05
-1.583,-2.165
-1.693,-1.613
-1.758,-1.023
-1.96,-3.906
-2.617,-3.505
-2.914,-3.669
-3.062,-3.879
-3.047,-3.818
2.681,-3.666
2.758,-3.855
2.392,-3.922
1.862,-3.739
1.755,-3.964
1.014,-3.825
0.356,-3.62
-0.353,-3.609
-0.481,-3.711
-1.404,-3.65
-1.581,-3.871
-2.269,0.796
-2.761,0.612
-3.033,0.836
2.534,0.559
1.762,0.77
1.341,0.799
1.451,0.555
0.465,0.64
-0.809,0.792
-1.158,0.74
-1.143,0.53
2.35,-3.02
-0.05,-2.301
-2.523,-2.545
1.299,-0.264
0.028,-1.583
-0.137,-0.941
-0.943,-0.821
-2.199,-0.609
2.775,-0.673
0.093,-2.042
-0.268,-2.042
-1.913,0.482
-1.253,0.335
-1.064,-3.429
-0.065,1.944
-0.055,1.37
-0.174,2.76
-0.185,1.36
-0.271,0.294
-0.211,-0.844
-0.217,1.048
-0.245,0.27
-0.369,2.584
-0.295,-0.019
-0.297,0.932
-0.388,0.392
-0.405,0.764
-0.415,1.8
-0.412,0.02
-0.452,1.491
-0.54,1.023
-0.485,1.278
-0.584,0.448
-0.595,0.52
-0.704,1.177
-0.706,0.919
-0.652,0.026
-0.665,-0.987
-0.721,2.736
-0.811,-0.184
-1.151,-0.411
-1.236,-0.471
-1.271,0.028
-1.353,1.864
-1.313,1.396
-1.334,-0.103
-1.339,2.496
-1.592,0.099
-2.079,-1.205
-2.269,-1.22
-2.737,-1.386
2.473,-1.349
1.716,-1.473
0.832,-1.322
0.668,-1.235
0.405,-1.482
0.078,-1.2
-1.947,2.898
-2.239,3.186
-2.541,3.091
-2.609,3.126
-2.965,3.24
-2.988,3.056
2.972,3.022
2.921,2.847
1.776,3.045
1.592,3.312
1.638,3.42
1.116,3.111
-0.11,3.224
-0.438,3.32
-0.455,2.956
-0.666,2.943
-0.868,2.854
-0.809,3.345
0.147,-0.812
-0.011,1.965
-2.191,-1.365
-2.525,-1.179
3.071,-1.439
2.425,-1.433
0.102,-1.183
1.371,3.192
-1.818,0.305
-1.732,-0.921
-1.878,0.347
-1.878,-0.51
-1.908,0.397
-1.918,-0.092
-1.879,1.595
-2.184,2.557
-2.227,1.456
-2.288,-0.676
-2.304,2.859
-2.308,-0.706
-2.183,1.262
-2.375,1.698
-2.376,-0.197
-2.529,1.76
-2.436,0.455
-2.6,1.76
-2.505,1.526
-2.513,-0.952
-2.64,0.031
-2.578,1.583
-2.76,1.73
-2.898,1.31
-2.917,-0.968
-2.816,2.718
-2.862,-1.107
-2.978,1.356
-2.987,0.953
-3.119,2.39
-3.126,1.517
-3.024,1.125
3.091,2.388
3.073,2.709
2.936,2.701
2.929,-1.093
2.779,0.805
2.776,1.488
2.779,0.172
2.53,-0.553
2.331,1.598
2.288,-0.094
2.198,1.135
2.07,1.998
2.025,-0.986
1.972,0.722
1.844,1.5
1.811,0.904
1.76,1.147
1.72,1.43
1.829,-0.974
1.652,2.47
1.642,2.188
1.485,1.683
1.445,-0.909
1.391,0.118
1.475,1.581
1.327,2.355
1.385,2.356
1.055,-0.937
1.109,1.129
1.031,-1.176
0.953,0.344
0.81,1.577
0.803,1.843
0.612,0.699
0.482,0.007
0.432,0.595
0.224,0.936
0.229,0.155
0.115,0.426
-0.142,-0.106
-0.095,0.671
-0.113,0.925
-0.237,0.309
-0.318,-0.637
-0.466,2.58
-0.522,1.101
-0.429,0.035
-0.491,-0.694
-0.792,0.775
-0.662,0.317
-0.962,-0.625
-1.17,-0.722
-1.198,0.939
-1.261,2.363
-1.385,0.339
-1.483,1.419
-1.516,0.304
-1.626,0.856
-1.691,1.446
-1.893,-1.437
-2.55,-1.036
-2.847,-1.2
-2.995,-1.41
-2.98,-1.349
2.748,-1.197
2.825,-1.386
2.459,-1.453
1.929,-1.27
1.822,-1.495
1.081,-1.356
0.423,-1.151
-0.286,-1.14
-0.414,-1.242
-1.337,-1.181
-1.514,-1.402
-2.202,3.265
-2.694,3.081
-2.966,3.305
2.601,3.028
1.829,3.239
1.408,3.268
1.518,3.024
0.532,3.109
-0.742,3.261
-1.091,3.209
-1.076,2.999
2.417,-0.551
0.017,0.168
-2.456,-0.076
1.366,2.205
0.095,0.886
-0.07,1.528
-0.876,1.648
-2.132,1.86
2.842,1.796
0.16,0.427
-0.201,0.427
-1.846,2.951
-1.186,2.804
-0.997,-0.96
0.01,-0.574
-0.109,0.816
-0.12,-0.584
-0.206,-1.65
-0.146,-2.788
-0.152,-0.896
-0.18,-1.674
-0.304,0.64
-0.23,-1.963
-0.232,-1.012
-0.323,-1.552
-0.34,-1.18
-0.35,-0.144
-0.347,-1.924
-0.387,-0.453
-0.475,-0.921
-0.42,-0.666
-0.519,-1.496
-0.53,-1.424
-0.639,-0.767
-0.641,-1.025
-0.587,-1.918
-0.6,-2.931
-0.656,0.792
-0.746,-2.128
-1.086,-2.355
-1.171,-2.415
-1.206,-1.916
-1.288,-0.08
-1.248,-0.548
-1.269,-2.047
-1.274,0.552
-1.527,-1.845
-2.014,-3.149
-2.204,-3.164
-2.672,-3.33
2.538,-3.293
1.781,-3.417
0.897,-3.266
0.733,-3.179
0.47,-3.426
0.143,-3.144
-1.882,0.954
-2.174,1.242
-2.476,1.147
-2.544,1.182
-2.9,1.296
-2.923,1.112
3.037,1.078
2.986,0.903
1.841,1.101
1.657,1.368
1.703,1.476
1.181,1.167
-0.045,1.28
-0.373,1.376
-0.39,1.012
-0.601,0.999
-0.803,0.91
-0.744,1.401
0.212,-2.756
0.054,0.021
-2.126,-3.309
-2.46,-3.123
3.136,-3.383
2.49,-3.377
0.167,-3.127
1.436,1.248
-1.753,-1.639
-1.667,-2.865
-1.813,-1.597
-1.813,-2.454
-1.843,-1.547
-1.853,-2.036
-1.814,-0.349
-2.119,0.613
-2.162,-0.488
-2.223,-2.62
-2.239,0.915
-2.243,-2.65
-2.118,-0.682
-2.31,-0.246
-2.311,-2.141
-2.464,-0.184
-2.371,-1.489
-2.535,-0.184
-2.44,-0.418
-2.448,-2.896
-2.575,-1.913
-2.513,-0.361
-2.695,-0.214
-2.833,-0.634
-2.852,-2.912
-2.751,0.774
-2.797,-3.051
-2.913,-0.588
-2.922,-0.991
-3.054,0.446
-3.061,-0.427
-2.959,-0.819
-3.127,0.444
3.138,0.765
3.001,0.757
2.994,-3.037
2.844,-1.139
2.841,-0.456
2.844,-1.772
2.595,-2.497
2.396,-0.346
2.353,-2.038
2.263,-0.809
2.135,0.054
2.09,-2.93
2.037,-1.222
1.909,-0.444
1.876,-1.04
1.825,-0.797
1.785,-0.514
1.894,-2.918
1.717,0.526
1.707,0.244
1.55,-0.261
1.51,-2.853
1.456,-1.826
1.54,-0.363
1.392,0.411
1.45,0.412
1.12,-2.881
1.174,-0.815
1.096,-3.12
1.018,-1.6
0.875,-0.367
0.868,-0.101
0.677,-1.245
0.547,-1.937
0.497,-1.349
0.289,-1.008
0.294,-1.789
0.18,-1.518
-0.077,-2.05
-0.03,-1.273
-0.048,-1.019
-0.172,-1.635
-0.253,-2.581
-0.401,0.636
-0.457,-0.843
-0.364,-1.909
-0.426,-2.638
-0.727,-1.169
-0.597,-1.627
-0.897,-2.569
-1.105,-2.666
-1.133,-1.005
-1.196,0.419
-1.32,-1.605
-1.418,-0.525
-1.451,-1.64
-1.561,-1.088
-1.626,-0.498
-1.828,-3.381
-2.485,-2.98
-2.782,-3.144
-2.93,-3.354
-2.915,-3.293
2.813,-3.141
2.89,-3.33
2.524,-3.397
1.994,-3.214
1.887,-3.439
1.146,-3.3
0.488,-3.095
-0.221,-3.084
-0.349,-3.186
-1.272,-3.125
-1.449,-3.346
-2.137,1.321
-2.629,1.137
-2.901,1.361
2.666,1.084
1.894,1.295
1.473,1.324
1.583,1.08
0.597,1.165
-0.677,1.317
-1.026,1.265
-1.011,1.055
2.482,-2.495
0.082,-1.776
-2.391,-2.02
1.431,0.261
0.16,-1.058
-0.005,-0.416
-0.811,-0.296
-2.067,-0.084
2.907,-0.148
0.225,-1.517
-0.136,-1.517
-1.781,1.007
-1.121,0.86
-0.932,-2.904
-0.119,1.39
-0.13,-0.01
-0.216,-1.076
-0.156,-2.214
-0.162,-0.322
-0.19,-1.1
-0.314,1.214
-0.24,-1.389
-0.242,-0.438
-0.333,-0.978
-0.35,-0.606
-0.36,0.43
-0.357,-1.35
-0.397,0.121
-0.485,-0.347
-0.43,-0.092
-0.529,-0.922
-0.54,-0.85
-0.649,-0.193
-0.651,-0.451
-0.597,-1.344
-0.61,-2.357
-0.666,1.366
-0.756,-1.554
-1.096,-1.781
-1.181,-1.841
-1.216,-1.342
-1.298,0.494
-1.258,0.026
-1.279,-1.473
-1.284,1.126
-1.537,-1.271
-2.024,-2.575
-2.214,-2.59
-2.682,-2.756
2.528,-2.719
1.771,-2.843
0.887,-2.692
0.723,-2.605
0.46,-2.852
0.133,-2.57
-1.892,1.528
-2.184,1.816
-2.486,1.721
-2.554,1.756
-2.91,1.87
-2.933,1.686
3.027,1.652
2.976,1.477
1.831,1.675
1.647,1.942
1.693,2.05
1.171,1.741
-0.055,1.854
-0.383,1.95
-0.4,1.586
-0.611,1.573
-0.813,1.484
-0.754,1.975
0.202,-2.182
0.044,0.595
-2.136,-2.735
-2.47,-2.549
3.126,-2.809
2.48,-2.803
0.157,-2.553
1.426,1.822
-1.763,-1.065
-1.677,-2.291
-1.823,-1.023
-1.823,-1.88
-1.853,-0.973
-1.863,-1.462
-1.824,0.225
-2.129,1.187
-2.172,0.086
-2.233,-2.046
-2.249,1.489
-2.253,-2.076
-2.128,-0.108
-2.32,0.328
-2.321,-1.567
-2.474,0.39
-2.381,-0.915
-2.545,0.39
-2.45,0.156
-2.458,-2.322
-2.585,-1.339
-2.523,0.213
-2.705,0.36
-2.843,-0.06
-2.862,-2.338
-2.761,1.348
-2.807,-2.477
-2.923,-0.014
-2.932,-0.417
-3.064,1.02
-3.071,0.147
-2.969,-0.245
-3.137,1.018
3.128,1.339
2.991,1.331
2.984,-2.463
2.834,-0.565
2.831,0.118
2.834,-1.198
2.585,-1.923
2.386,0.228
2.343,-1.464
2.253,-0.235
2.125,0.628
2.08,-2.356
2.027,-0.648
1.899,0.13
1.866,-0.466
1.815,-0.223
1.775,0.06
1.884,-2.344
1.707,1.1
1.697,0.818
1.54,0.313
1.5,-2.279
1.446,-1.252
1.53,0.211
1.382,0.985
1.44,0.986
1.11,-2.307
1.164,-0.241
1.086,-2.546
1.008,-1.026
0.865,0.207
0.858,0.473
0.667,-0.671
0.537,-1.363
0.487,-0.775
0.279,-0.434
0.284,-1.215
0.17,-0.944
-0.087,-1.476
-0.04,-0.699
-0.058,-0.445
-0.182,-1.061
-0.263,-2.007
-0.411,1.21
-0.467,-0.269
-0.374,-1.335
-0.436,-2.064
-0.737,-0.595
-0.607,-1.053
-0.907,-1.995
-1.115,-2.092
-1.143,-0.431
-1.206,0.993
-1.33,-1.031
-1.428,0.049
-1.461,-1.066
-1.571,-0.514
-1.636,0.076
-1.838,-2.807
-2.495,-2.406
-2.792,-2.57
-2.94,-2.78
-2.925,-2.719
2.803,-2.567
2.88,-2.756
2.514,-2.823
1.984,-2.64
1.877,-2.865
1.136,-2.726
0.478,-2.521
-0.231,-2.51
-0.359,-2.612
-1.282,-2.551
-1.459,-2.772
-2.147,1.895
-2.639,1.711
-2.911,1.935
2.656,1.658
1.884,1.869
1.463,1.898
1.573,1.654
0.587,1.739
-0.687,1.891
-1.036,1.839
-1.021,1.629
2.472,-1.921
0.072,-1.202
-2.401,-1.446
1.421,0.835
0.15,-0.484
-0.015,0.158
-0.821,0.278
-2.077,0.49
2.897,0.426
0.215,-0.943
-0.146,-0.943
-1.791,1.581
-1.131,1.434
-0.942,-2.33
-0.011,-1.4
-0.097,-2.466
-0.037,-3.604
-0.043,-1.712
-0.071,-2.49
-0.195,-0.176
-0.121,-2.779
-0.123,-1.828
-0.214,-2.368
-0.231,-1.996
-0.241,-0.96
-0.238,-2.74
-0.278,-1.269
-0.366,-1.737
-0.311,-1.482
-0.41,-2.312
-0.421,-2.24
-0.53,-1.583
-0.532,-1.841
-0.478,-2.734
-0.491,-3.747
-0.547,-0.024
-0.637,-2.944
-0.977,-3.171
-1.062,-3.231
-1.097,-2.732
-1.179,-0.896
-1.139,-1.364
-1.16,-2.863
-1.165,-0.264
-1.418,-2.661
-1.905,-3.965
-2.095,-3.98
-2.563,-4.146
2.647,-4.109
1.89,-4.233
1.006,-4.082
0.842,-3.995
0.579,-4.242
0.252,-3.96
-1.773,0.138
-2.065,0.426
-2.367,0.331
-2.435,0.366
-2.791,0.48
-2.814,0.296
-3.137,0.262
3.095,0.087
1.95,0.285
1.766,0.552
1.812,0.66
1.29,0.351
0.064,0.464
-0.264,0.56
-0.281,0.196
-0.492,0.183
-0.694,0.094
-0.635,0.585
0.321,-3.572
0.163,-0.795
-2.017,-4.125
-2.351,-3.939
-3.038,-4.199
2.599,-4.193
0.276,-3.943
1.545,0.432
-1.644,-2.455
-1.558,-3.681
-1.704,-2.413
-1.704,-3.27
-1.734,-2.363
-1.744,-2.852
-1.705,-1.165
-2.01,-0.203
-2.053,-1.304
-2.114,-3.436
-2.13,0.099
-2.134,-3.466
-2.009,-1.498
-2.201,-1.062
-2.202,-2.957
-2.355,-1.0
-2.262,-2.305
-2.426,-1.0
-2.331,-1.234
-2.339,-3.712
-2.466,-2.729
-2.404,-1.177
-2.586,-1.03
-2.724,-1.45
-2.743,-3.728
-2.642,-0.042
-2.688,-3.867
-2.804,-1.404
-2.813,-1.807
-2.945,-0.37
-2.952,-1.243
-2.85,-1.635
-3.018,-0.372
-3.036,-0.051
3.11,-0.059
3.103,-3.853
2.953,-1.955
2.95,-1.272
2.953,-2.588
2.704,-3.313
2.505,-1.162
2.462,-2.854
2.372,-1.625
2.244,-0.762
2.199,-3.746
2.146,-2.038
2.018,-1.26
1.985,-1.856
1.934,-1.613
1.894,-1.33
2.003,-3.734
1.826,-0.29
1.816,-0.572
1.659,-1.077
1.619,-3.669
1.565,-2.642
1.649,-1.179
1.501,-0.405
1.559,-0.404
1.229,-3.697
1.283,-1.631
1.205,-3.936
1.127,-2.416
0.984,-1.183
0.977,-0.917
0.786,-2.061
0.656,-2.753
0.606,-2.165
0.398,-1.824
0.403,-2.605
0.289,-2.334
0.032,-2.866
0.079,-2.089
0.061,-1.835
-0.063,-2.451
-0.144,-3.397
-0.292,-0.18
-0.348,-1.659
-0.255,-2.725
-0.317,-3.454
-0.618,-1.985
-0.488,-2.443
-0.788,-3.385
-0.996,-3.482
-1.024,-1.821
-1.087,-0.397
-1.211,-2.421
-1.309,-1.341
-1.342,-2.456
-1.452,-1.904
-1.517,-1.314
-1.719,-4.197
-2.376,-3.796
-2.673,-3.96
-2.821,-4.17
-2.806,-4.109
2.922,-3.957
2.999,-4.146
2.633,-4.213
2.103,-4.03
1.996,-4.255
1.255,-4.116
0.597,-3.911
-0.112,-3.9
-0.24,-4.002
-1.163,-3.941
-1.34,-4.162
-2.028,0.505
-2.52,0.321
-2.792,0.545
2.775,0.268
2.003,0.479
1.582,0.508
1.692,0.264
0.706,0.349
-0.568,0.501
-0.917,0.449
-0.902,0.239
2.591,-3.311
0.191,-2.592
-2.282,-2.836
1.54,-0.555
0.269,-1.874
0.104,-1.232
-0.702,-1.112
-1.958,-0.9
3.016,-0.964
0.334,-2.333
-0.027,-2.333
-1.672,0.191
-1.012,0.044
-0.823,-3.72
-0.086,-1.066
-0.026,-2.204
-0.032,-0.312
-0.06,-1.09
-0.184,1.224
-0.11,-1.379
-0.112,-0.428
-0.203,-0.968
-0.22,-0.596
-0.23,0.44
-0.227,-1.34
-0.267,0.131
-0.355,-0.337
-0.3,-0.082
-0.399,-0.912
-0.41,-0.84
-0.519,-0.183
-0.521,-0.441
-0.467,-1.334
-0.48,-2.347
-0.536,1.376
-0.626,-1.544
-0.966,-1.771
-1.051,-1.831
-1.086,-1.332
-1.168,0.504
-1.128,0.036
-1.149,-1.463
-1.154,1.136
-1.407,-1.261
-1.894,-2.565
-2.084,-2.58
-2.552,-2.746
2.658,-2.709
1.901,-2.833
1.017,-2.682
0.853,-2.595
0.59,-2.842
0.263,-2.56
-1.762,1.538
-2.054,1.826
-2.356,1.731
-2.424,1.766
-2.78,1.88
-2.803,1.696
-3.126,1.662
3.106,1.487
1.961,1.685
1.777,1.952
1.823,2.06
1.301,1.751
0.075,1.864
-0.253,1.96
-0.27,1.596
-0.481,1.583
-0.683,1.494
-0.624,1.985
0.332,-2.172
0.174,0.605
-2.006,-2.725
-2.34,-2.539
-3.027,-2.799
2.61,-2.793
0.287,-2.543
1.556,1.832
-1.633,-1.055
-1.547,-2.281
-1.693,-1.013
-1.693,-1.87
-1.723,-0.963
-1.733,-1.452
-1.694,0.235
-1.999,1.197
-2.042,0.096
-2.103,-2.036
-2.119,1.499
-2.123,-2.066
-1.998,-0.098
-2.19,0.338
-2.191,-1.557
-2.344,0.4
-2.251,-0.905
-2.415,0.4
-2.32,0.166
-2.328,-2.312
-2.455,-1.329
-2.393,0.223
-2.575,0.37
-2.713,-0.05
-2.732,-2.328
-2.631,1.358
-2.677,-2.467
-2.793,-0.004
-2.802,-0.407
-2.934,1.03
-2.941,0.157
-2.839,-0.235
-3.007,1.028
-3.025,1.349
3.121,1.341
3.114,-2.453
2.964,-0.555
2.961,0.128
2.964,-1.188
2.715,-1.913
2.516,0.238
2.473,-1.454
2.383,-0.225
2.255,0.638
2.21,-2.346
2.157,-0.638
2.029,0.14
1.996,-0.456
1.945,-0.213
1.905,0.07
2.014,-2.334
1.837,1.11
1.827,0.828
1.67,0.323
1.63,-2.269
1.576,-1.242
1.66,0.221
1.512,0.995
1.57,0.996
1.24,-2.297
1.294,-0.231
1.216,-2.536
1.138,-1.016
0.995,0.217
0.988,0.483
0.797,-0.661
0.667,-1.353
0.617,-0.765
0.409,-0.424
0.414,-1.205
0.3,-0.934
0.043,-1.466
0.09,-0.689
0.072,-0.435
-0.052,-1.051
-0.133,-1.997
-0.281,1.22
-0.337,-0.259
-0.244,-1.325
-0.306,-2.054
-0.607,-0.585
-0.477,-1.043
-0.777,-1.985
-0.985,-2.082
-1.013,-0.421
-1.076,1.003
-1.2,-1.021
-1.298,0.059
-1.331,-1.056
-1.441,-0.504
-1.506,0.086
-1.708,-2.797
-2.365,-2.396
-2.662,-2.56
-2.81,-2.77
-2.795,-2.709
2.933,-2.557
3.01,-2.746
2.644,-2.813
2.114,-2.63
2.007,-2.855
1.266,-2.716
0.608,-2.511
-0.101,-2.5
-0.229,-2.602
-1.152,-2.541
-1.329,-2.762
-2.017,1.905
-2.509,1.721
-2.781,1.945
2.786,1.668
2.014,1.879
1.593,1.908
1.703,1.664
0.717,1.749
-0.557,1.901
-0.906,1.849
-0.891,1.639
2.602,-1.911
0.202,-1.192
-2.271,-1.436
1.551,0.845
0.28,-0.474
0.115,0.168
-0.691,0.288
-1.947,0.5
3.027,0.436
0.345,-0.933
-0.016,-0.933
-1.661,1.591
-1.001,1.444
-0.812,-2.32
0.06,-1.138
0.054,0.754
0.026,-0.024
-0.098,2.29
-0.024,-0.313
-0.026,0.638
-0.117,0.098
-0.134,0.47
-0.144,1.506
-0.141,-0.274
-0.181,1.197
-0.269,0.729
-0.214,0.984
-0.313,0.154
-0.324,0.226
-0.433,0.883
-0.435,0.625
-0.381,-0.268
-0.394,-1.281
-0.45,2.442
-0.54,-0.478
-0.88,-0.705
-0.965,-0.765
-1.0,-0.266
-1.082,1.57
-1.042,1.102
-1.063,-0.397
-1.068,2.202
-1.321,-0.195
-1.808,-1.499
-1.998,-1.514
-2.466,-1.68
2.744,-1.643
1.987,-1.767
1.103,-1.616
0.939,-1.529
0.676,-1.776
0.349,-1.494
-1.676,2.604
-1.968,2.892
-2.27,2.797
-2.338,2.832
-2.694,2.946
-2.717,2.762
-3.04,2.728
-3.091,2.553
2.047,2.751
1.863,3.018
1.909,3.126
1.387,2.817
0.161,2.93
-0.167,3.026
-0.184,2.662
-0.395,2.649
-0.597,2.56
-0.538,3.051
0.418,-1.106
0.26,1.671
-1.92,-1.659
-2.254,-1.473
-2.941,-1.733
2.696,-1.727
0.373,-1.477
1.642,2.898
-1.547,0.011
-1.461,-1.215
-1.607,0.053
-1.607,-0.804
-1.637,0.103
-1.647,-0.386
-1.608,1.301
-1.913,2.263
-1.956,1.162
-2.017,-0.97
-2.033,2.565
-2.037,-1.0
-1.912,0.968
-2.104,1.404
-2.105,-0.491
-2.258,1.466
-2.165,0.161
-2.329,1.466
-2.234,1.232
-2.242,-1.246
-2.369,-0.263
-2.307,1.289
-2.489,1.436
-2.627,1.016
-2.646,-1.262
-2.545,2.424
-2.591,-1.401
-2.707,1.062
-2.716,0.659
-2.848,2.096
-2.855,1.223
-2.753,0.831
-2.921,2.094
-2.939,2.415
-3.076,2.407
-3.083,-1.387
3.05,0.511
3.047,1.194
3.05,-0.122
2.801,-0.847
2.602,1.304
2.559,-0.388
2.469,0.841
2.341,1.704
2.296,-1.28
2.243,0.428
2.115,1.206
2.082,0.61
2.031,0.853
1.991,1.136
2.1,-1.268
1.923,2.176
1.913,1.894
1.756,1.389
1.716,-1.203
1.662,-0.176
1.746,1.287
1.598,2.061
1.656,2.062
1.326,-1.231
1.38,0.835
1.302,-1.47
1.224,0.05
1.081,1.283
1.074,1.549
0.883,0.405
0.753,-0.287
0.703,0.301
0.495,0.642
0.5,-0.139
0.386,0.132
0.129,-0.4
0.176,0.377
0.158,0.631
0.034,0.015
-0.047,-0.931
-0.195,2.286
-0.251,0.807
-0.158,-0.259
-0.22,-0.988
-0.521,0.481
-0.391,0.023
-0.691,-0.919
-0.899,-1.016
-0.927,0.645
-0.99,2.069
-1.114,0.045
-1.212,1.125
-1.245,0.01
-1.355,0.562
-1.42,1.152
-1.622,-1.731
-2.279,-1.33
-2.576,-1.494
-2.724,-1.704
-2.709,-1.643
3.019,-1.491
3.096,-1.68
2.73,-1.747
2.2,-1.564
2.093,-1.789
1.352,-1.65
0.694,-1.445
-0.015,-1.434
-0.143,-1.536
-1.066,-1.475
-1.243,-1.696
-1.931,2.971
-2.423,2.787
-2.695,3.011
2.872,2.734
2.1,2.945
1.679,2.974
1.789,2.73
0.803,2.815
-0.471,2.967
-0.82,2.915
-0.805,2.705
2.688,-0.845
0.288,-0.126
-2.185,-0.37
1.637,1.911
0.366,0.592
0.201,1.234
-0.605,1.354
-1.861,1.566
3.113,1.502
0.431,0.133
0.07,0.133
-1.575,2.657
-0.915,2.51
-0.726,-1.254
-0.006,1.892
-0.034,1.114
-0.158,3.428
-0.084,0.825
-0.086,1.776
-0.177,1.236
-0.194,1.608
-0.204,2.644
-0.201,0.864
-0.241,2.335
-0.329,1.867
-0.274,2.122
-0.373,1.292
-0.384,1.364
-0.493,2.021
-0.495,1.763
-0.441,0.87
-0.454,-0.143
-0.51,3.58
-0.6,0.66
-0.94,0.433
-1.025,0.373
-1.06,0.872
-1.142,2.708
-1.102,2.24
-1.123,0.741
-1.128,3.34
-1.381,0.943
-1.868,-0.361
-2.058,-0.376
-2.526,-0.542
2.684,-0.505
1.927,-0.629
1.043,-0.478
0.879,-0.391
0.616,-0.638
0.289,-0.356
-1.736,3.742
-2.028,4.03
-2.33,3.935
-2.398,3.97
-2.754,4.084
-2.777,3.9
-3.1,3.866
3.132,3.691
1.987,3.889
1.803,4.156
1.849,4.264
1.327,3.955
0.101,4.068
-0.227,4.164
-0.244,3.8
-0.455,3.787
-0.657,3.698
-0.598,4.189
0.358,0.032
0.2,2.809
-1.98,-0.521
-2.314,-0.335
-3.001,-0.595
2.636,-0.589
0.313,-0.339
1.582,4.036
-1.607,1.149
-1.521,-0.077
-1.667,1.191
-1.667,0.334
-1.697,1.241
-1.707,0.752
-1.668,2.439
-1.973,3.401
-2.016,2.3
-2.077,0.168
-2.093,3.703
-2.097,0.138
-1.972,2.106
-2.164,2.542
-2.165,0.647
-2.318,2.604
-2.225,1.299
-2.389,2.604
-2.294,2.37
-2.302,-0.108
-2.429,0.875
-2.367,2.427
-2.549,2.574
-2.687,2.154
-2.706,-0.124
-2.605,3.562
-2.651,-0.263
-2.767,2.2
-2.776,1.797
-2.908,3.234
-2.915,2.361
-2.813,1.969
-2.981,3.232
-2.999,3.553
-3.136,3.545
3.14,-0.249
2.99,1.649
2.987,2.332
2.99,1.016
2.741,0.291
2.542,2.442
2.499,0.75
2.409,1.979
2.281,2.842
2.236,-0.142
2.183,1.566
2.055,2.344
2.022,1.748
1.971,1.991
1.931,2.274
2.04,-0.13
1.863,3.314
1.853,3.032
1.696,2.527
1.656,-0.065
1.602,0.962
1.686,2.425
1.538,3.199
1.596,3.2
1.266,-0.093
1.32,1.973
1.242,-0.332
1.164,1.188
1.021,2.421
1.014,2.687
0.823,1.543
0.693,0.851
0.643,1.439
0.435,1.78
0.44,0.999
0.326,1.27
0.069,0.738
0.116,1.515
0.098,1.769
-0.026,1.153
-0.107,0.207
-0.255,3.424
-0.311,1.945
-0.218,0.879
-0.28,0.15
-0.581,1.619
-0.451,1.161
-0.751,0.219
-0.959,0.122
-0.987,1.783
-1.05,3.207
-1.174,1.183
-1.272,2.263
-1.305,1.148
-1.415,1.7
-1.48,2.29
-1.682,-0.593
-2.339,-0.192
-2.636,-0.356
-2.784,-0.566
-2.769,-0.505
2.959,-0.353
3.036,-0.542
2.67,-0.609
2.14,-0.426
2.033,-0.651
1.292,-0.512
0.634,-0.307
-0.075,-0.296
-0.203,-0.398
-1.126,-0.337
-1.303,-0.558
-1.991,4.109
-2.483,3.925
-2.755,4.149
2.812,3.872
2.04,4.083
1.619,4.112
1.729,3.868
0.743,3.953
-0.531,4.105
-0.88,4.053
-0.865,3.843
2.628,0.293
0.228,1.012
-2.245,0.768
1.577,3.049
0.306,1.73
0.141,2.372
-0.665,2.492
-1.921,2.704
3.053,2.64
0.371,1.271
0.01,1.271
-1.635,3.795
-0.975,3.648
-0.786,-0.116
-0.028,-0.778
-0.152,1.536
-0.078,-1.067
-0.08,-0.116
-0.171,-0.656
-0.188,-0.284
-0.198,0.752
-0.195,-1.028
-0.235,0.443
-0.323,-0.025
-0.268,0.23
-0.367,-0.6
-0.378,-0.528
-0.487,0.129
-0.489,-0.129
-0.435,-1.022
-0.448,-2.035
-0.504,1.688
-0.594,-1.232
-0.934,-1.459
-1.019,-1.519
-1.054,-1.02
-1.136,0.816
-1.096,0.348
-1.117,-1.151
-1.122,1.448
-1.375,-0.949
-1.862,-2.253
-2.052,-2.268
-2.52,-2.434
2.69,-2.397
1.933,-2.521
1.049,-2.37
0.885,-2.283
0.622,-2.53
0.295,-2.248
-1.73,1.85
-2.022,2.138
-2.324,2.043
-2.392,2.078
-2.748,2.192
-2.771,2.008
-3.094,1.974
3.138,1.799
1.993,1.997
1.809,2.264
1.855,2.372
1.333,2.063
0.107,2.176
-0.221,2.272
-0.238,1.908
-0.449,1.895
-0.651,1.806
-0.592,2.297
0.364,-1.86
0.206,0.917
-1.974,-2.413
-2.308,-2.227
-2.995,-2.487
2.642,-2.481
0.319,-2.231
1.588,2.144
-1.601,-0.743
-1.515,-1.969
-1.661,-0.701
-1.661,-1.558
-1.691,-0.651
-1.701,-1.14
-1.662,0.547
-1.967,1.509
-2.01,0.408
-2.071,-1.724
-2.087,1.811
-2.091,-1.754
-1.966,0.214
-2.158,0.65
-2.159,-1.245
-2.312,0.712
-2.219,-0.593
-2.383,0.712
-2.288,0.478
-2.296,-2.0
-2.423,-1.017
-2.361,0.535
-2.543,0.682
-2.681,0.262
-2.7,-2.016
-2.599,1.67
-2.645,-2.155
-2.761,0.308
-2.77,-0.095
-2.902,1.342
-2.909,0.469
-2.807,0.077
-2.975,1.34
-2.993,1.661
-3.13,1.653
-3.137,-2.141
2.996,-0.243
2.993,0.44
2.996,-0.876
2.747,-1.601
2.548,0.55
2.505,-1.142
2.415,0.087
2.287,0.95
2.242,-2.034
2.189,-0.326
2.061,0.452
2.028,-0.144
1.977,0.099
1.937,0.382
2.046,-2.022
1.869,1.422
1.859,1.14
1.702,0.635
1.662,-1.957
1.608,-0.93
1.692,0.533
1.544,1.307
1.602,1.308
1.272,-1.985
1.326,0.081
1.248,-2.224
1.17,-0.704
1.027,0.529
1.02,0.795
0.829,-0.349
0.699,-1.041
0.649,-0.453
0.441,-0.112
0.446,-0.893
0.332,-0.622
0.075,-1.154
0.122,-0.377
0.104,-0.123
-0.02,-0.739
-0.101,-1.685
-0.249,1.532
-0.305,0.053
-0.212,-1.013
-0.274,-1.742
-0.575,-0.273
-0.445,-0.731
-0.745,-1.673
-0.953,-1.77
-0.981,-0.109
-1.044,1.315
-1.168,-0.709
-1.266,0.371
-1.299,-0.744
-1.409,-0.192
-1.474,0.398
-1.676,-2.485
-2.333,-2.084
-2.63,-2.248
-2.778,-2.458
-2.763,-2.397
2.965,-2.245
3.042,-2.434
2.676,-2.501
2.146,-2.318
2.039,-2.543
1.298,-2.404
0.64,-2.199
-0.069,-2.188
-0.197,-2.29
-1.12,-2.229
-1.297,-2.45
-1.985,2.217
-2.477,2.033
-2.749,2.257
2.818,1.98
2.046,2.191
1.625,2.22
1.735,1.976
0.749,2.061
-0.525,2.213
-0.874,2.161
-0.859,1.951
2.634,-1.599
0.234,-0.88
-2.239,-1.124
1.583,1.157
0.312,-0.162
0.147,0.48
-0.659,0.6
-1.915,0.812
3.059,0.748
0.377,-0.621
0.016,-0.621
-1.629,1.903
-0.969,1.756
-0.78,-2.008
-0.124,2.314
-0.05,-0.289
-0.052,0.662
-0.143,0.122
-0.16,0.494
-0.17,1.53
-0.167,-0.25
-0.207,1.221
-0.295,0.753
-0.24,1.008
-0.339,0.178
-0.35,0.25
-0.459,0.907
-0.461,0.649
-0.407,-0.244
-0.42,-1.257
-0.476,2.466
-0.566,-0.454
-0.906,-0.681
-0.991,-0.741
-1.026,-0.242
-1.108,1.594
-1.068,1.126
-1.089,-0.373
-1.094,2.226
-1.347,-0.171
-1.834,-1.475
-2.024,-1.49
-2.492,-1.656
2.718,-1.619
1.961,-1.743
1.077,-1.592
0.913,-1.505
0.65,-1.752
0.323,-1.47
-1.702,2.628
-1.994,2.916
-2.296,2.821
-2.364,2.856
-2.72,2.97
-2.743,2.786
-3.066,2.752
-3.117,2.577
2.021,2.775
1.837,3.042
1.883,3.15
1.361,2.841
0.135,2.954
-0.193,3.05
-0.21,2.686
-0.421,2.673
-0.623,2.584
-0.564,3.075
0.392,-1.082
0.234,1.695
-1.946,-1.635
-2.28,-1.449
-2.967,-1.709
2.67,-1.703
0.347,-1.453
1.616,2.922
-1.573,0.035
-1.487,-1.191
-1.633,0.077
-1.633,-0.78
-1.663,0.127
-1.673,-0.362
-1.634,1.325
-1.939,2.287
-1.982,1.186
-2.043,-0.946
-2.059,2.589
-2.063,-0.976
-1.938,0.992
-2.13,1.428
-2.131,-0.467
-2.284,1.49
-2.191,0.185
-2.355,1.49
-2.26,1.256
-2.268,-1.222
-2.395,-0.239
-2.333,1.313
-2.515,1.46
-2.653,1.04
-2.672,-1.238
-2.571,2.448
-2.617,-1.377
-2.733,1.086
-2.742,0.683
-2.874,2.12
-2.881,1.247
-2.779,0.855
-2.947,2.118
-2.965,2.439
-3.102,2.431
-3.109,-1.363
3.024,0.535
3.021,1.218
3.024,-0.098
2.775,-0.823
2.576,1.328
2.533,-0.364
2.443,0.865
2.315,1.728
2.27,-1.256
2.217,0.452
2.089,1.23
2.056,0.634
2.005,0.877
1.965,1.16
2.074,-1.244
1.897,2.2
1.887,1.918
1.73,1.413
1.69,-1.179
1.636,-0.152
1.72,1.311
1.572,2.085
1.63,2.086
1.3,-1.207
1.354,0.859
1.276,-1.446
1.198,0.074
1.055,1.307
1.048,1.573
0.857,0.429
0.727,-0.263
0.677,0.325
0.469,0.666
0.474,-0.115
0.36,0.156
0.103,-0.376
0.15,0.401
0.132,0.655
0.008,0.039
-0.073,-0.907
-0.221,2.31
-0.277,0.831
-0.184,-0.235
-0.246,-0.964
-0.547,0.505
-0.417,0.047
-0.717,-0.895
-0.925,-0.992
-0.953,0.669
-1.016,2.093
-1.14,0.069
-1.238,1.149
-1.271,0.034
-1.381,0.586
-1.446,1.176
-1.648,-1.707
-2.305,-1.306
-2.602,-1.47
-2.75,-1.68
-2.735,-1.619
2.993,-1.467
3.07,-1.656
2.704,-1.723
2.174,-1.54
2.067,-1.765
1.326,-1.626
0.668,-1.421
-0.041,-1.41
-0.169,-1.512
-1.092,-1.451
-1.269,-1.672
-1.957,2.995
-2.449,2.811
-2.721,3.035
2.846,2.758
2.074,2.969
1.653,2.998
1.763,2.754
0.777,2.839
-0.497,2.991
-0.846,2.939
-0.831,2.729
2.662,-0.821
0.262,-0.102
-2.211,-0.346
1.611,1.935
0.34,0.616
0.175,1.258
-0.631,1.378
-1.887,1.59
3.087,1.526
0.405,0.157
0.044,0.157
-1.601,2.681
-0.941,2.534
-0.752,-1.23
0.074,-2.603
0.072,-1.652
-0.019,-2.192
-0.036,-1.82
-0.046,-0.784
-0.043,-2.564
-0.083,-1.093
-0.171,-1.561
-0.116,-1.306
-0.215,-2.136
-0.226,-2.064
-0.335,-1.407
-0.337,-1.665
-0.283,-2.558
-0.296,-3.571
-0.352,0.152
-0.442,-2.768
-0.782,-2.995
-0.867,-3.055
-0.902,-2.556
-0.984,-0.72
-0.944,-1.188
-0.965,-2.687
-0.97,-0.088
-1.223,-2.485
-1.71,-3.789
-1.9,-3.804
-2.368,-3.97
2.842,-3.933
2.085,-4.057
1.201,-3.906
1.037,-3.819
0.774,-4.066
0.447,-3.784
-1.578,0.314
-1.87,0.602
-2.172,0.507
-2.24,0.542
-2.596,0.656
-2.619,0.472
-2.942,0.438
-2.993,0.263
2.145,0.461
1.961,0.728
2.007,0.836
1.485,0.527
0.259,0.64
-0.069,0.736
-0.086,0.372
-0.297,0.359
-0.499,0.27
-0.44,0.761
0.516,-3.396
0.358,-0.619
-1.822,-3.949
-2.156,-3.763
-2.843,-4.023
2.794,-4.017
0.471,-3.767
1.74,0.608
-1.449,-2.279
-1.363,-3.505
-1.509,-2.237
-1.509,-3.094
-1.539,-2.187
-1.549,-2.676
-1.51,-0.989
-1.815,-0.027
-1.858,-1.128
-1.919,-3.26
-1.935,0.275
-1.939,-3.29
-1.814,-1.322
-2.006,-0.886
-2.007,-2.781
-2.16,-0.824
-2.067,-2.129
-2.231,-0.824
-2.136,-1.058
-2.144,-3.536
-2.271,-2.553
-2.209,-1.001
-2.391,-0.854
-2.529,-1.274
-2.548,-3.552
-2.447,0.134
-2.493,-3.691
-2.609,-1.228
-2.618,-1.631
-2.75,-0.194
-2.757,-1.067
-2.655,-1.459
-2.823,-0.196
-2.841,0.125
-2.978,0.117
-2.985,-3.677
-3.135,-1.779
-3.138,-1.096
-3.135,-2.412
2.899,-3.137
2.7,-0.986
2.657,-2.678
2.567,-1.449
2.439,-0.586
2.394,-3.57
2.341,-1.862
2.213,-1.084
2.18,-1.68
2.129,-1.437
2.089,-1.154
2.198,-3.558
2.021,-0.114
2.011,-0.396
1.854,-0.901
1.814,-3.493
1.76,-2.466
1.844,-1.003
1.696,-0.229
1.754,-0.228
1.424,-3.521
1.478,-1.455
1.4,-3.76
1.322,-2.24
1.179,-1.007
1.172,-0.741
0.981,-1.885
0.851,-2.577
0.801,-1.989
0.593,-1.648
0.598,-2.429
0.484,-2.158
0.227,-2.69
0.274,-1.913
0.256,-1.659
0.132,-2.275
0.051,-3.221
-0.097,-0.004
-0.153,-1.483
-0.06,-2.549
-0.122,-3.278
-0.423,-1.809
-0.293,-2.267
-0.593,-3.209
-0.801,-3.306
-0.829,-1.645
-0.892,-0.221
-1.016,-2.245
-1.114,-1.165
-1.147,-2.28
-1.257,-1.728
-1.322,-1.138
-1.524,-4.021
-2.181,-3.62
-2.478,-3.784
-2.626,-3.994
-2.611,-3.933
3.117,-3.781
-3.089,-3.97
2.828,-4.037
2.298,-3.854
2.191,-4.079
1.45,-3.94
0.792,-3.735
0.083,-3.724
-0.045,-3.826
-0.968,-3.765
-1.145,-3.986
-1.833,0.681
-2.325,0.497
-2.597,0.721
2.97,0.444
2.198,0.655
1.777,0.684
1.887,0.44
0.901,0.525
-0.373,0.677
-0.722,0.625
-0.707,0.415
2.786,-3.135
0.386,-2.416
-2.087,-2.66
1.735,-0.379
0.464,-1.698
0.299,-1.056
-0.507,-0.936
-1.763,-0.724
-3.072,-0.788
0.529,-2.157
0.168,-2.157
-1.477,0.367
-0.817,0.22
-0.628,-3.544
-0.002,0.951
-0.093,0.411
-0.11,0.783
-0.12,1.819
-0.117,0.039
-0.157,1.51
-0.245,1.042
-0.19,1.297
-0.289,0.467
-0.3,0.539
-0.409,1.196
-0.411,0.938
-0.357,0.045
-0.37,-0.968
-0.426,2.755
-0.516,-0.165
-0.856,-0.392
-0.941,-0.452
-0.976,0.047
-1.058,1.883
-1.018,1.415
-1.039,-0.084
-1.044,2.515
-1.297,0.118
-1.784,-1.186
-1.974,-1.201
-2.442,-1.367
2.768,-1.33
2.011,-1.454
1.127,-1.303
0.963,-1.216
0.7,-1.463
0.373,-1.181
-1.652,2.917
-1.944,3.205
-2.246,3.11
-2.314,3.145
-2.67,3.259
-2.693,3.075
-3.016,3.041
-3.067,2.866
2.071,3.064
1.887,3.331
1.933,3.439
1.411,3.13
0.185,3.243
-0.143,3.339
-0.16,2.975
-0.371,2.962
-0.573,2.873
-0.514,3.364
0.442,-0.793
0.284,1.984
-1.896,-1.346
-2.23,-1.16
-2.917,-1.42
2.72,-1.414
0.397,-1.164
1.666,3.211
-1.523,0.324
-1.437,-0.902
-1.583,0.366
-1.583,-0.491
-1.613,0.416
-1.623,-0.073
-1.584,1.614
-1.889,2.576
-1.932,1.475
-1.993,-0.657
-2.009,2.878
-2.013,-0.687
-1.888,1.281
-2.08,1.717
-2.081,-0.178
-2.234,1.779
-2.141,0.474
-2.305,1.779
-2.21,1.545
-2.218,-0.933
-2.345,0.05
-2.283,1.602
-2.465,1.749
-2.603,1.329
-2.622,-0.949
-2.521,2.737
-2.567,-1.088
-2.683,1.375
-2.692,0.972
-2.824,2.409
-2.831,1.536
-2.729,1.144
-2.897,2.407
-2.915,2.728
-3.052,2.72
-3.059,-1.074
3.074,0.824
3.071,1.507
3.074,0.191
2.825,-0.534
2.626,1.617
2.583,-0.075
2.493,1.154
2.365,2.017
2.32,-0.967
2.267,0.741
2.139,1.519
2.106,0.923
2.055,1.166
2.015,1.449
2.124,-0.955
1.947,2.489
1.937,2.207
1.78,1.702
1.74,-0.89
1.686,0.137
1.77,1.6
1.622,2.374
1.68,2.375
1.35,-0.918
1.404,1.148
1.326,-1.157
1.248,0.363
1.105,1.596
1.098,1.862
0.907,0.718
0.777,0.026
0.727,0.614
0.519,0.955
0.524,0.174
0.41,0.445
0.153,-0.087
0.2,0.69
0.182,0.944
0.058,0.328
-0.023,-0.618
-0.171,2.599
-0.227,1.12
-0.134,0.054
-0.196,-0.675
-0.497,0.794
-0.367,0.336
-0.667,-0.606
-0.875,-0.703
-0.903,0.958
-0.966,2.382
-1.09,0.358
-1.188,1.438
-1.221,0.323
-1.331,0.875
-1.396,1.465
-1.598,-1.418
-2.255,-1.017
-2.552,-1.181
-2.7,-1.391
-2.685,-1.33
3.043,-1.178
3.12,-1.367
2.754,-1.434
2.224,-1.251
2.117,-1.476
1.376,-1.337
0.718,-1.132
0.009,-1.121
-0.119,-1.223
-1.042,-1.162
-1.219,-1.383
-1.907,3.284
-2.399,3.1
-2.671,3.324
2.896,3.047
2.124,3.258
1.703,3.287
1.813,3.043
0.827,3.128
-0.447,3.28
-0.796,3.228
-0.781,3.018
2.712,-0.532
0.312,0.187
-2.161,-0.057
1.661,2.224
0.39,0.905
0.225,1.547
-0.581,1.667
-1.837,1.879
3.137,1.815
0.455,0.446
0.094,0.446
-1.551,2.97
-0.891,2.823
-0.702,-0.941
-0.091,-0.54
-0.108,-0.168
-0.118,0.868
-0.115,-0.912
-0.155,0.559
-0.243,0.091
-0.188,0.346
-0.287,-0.484
-0.298,-0.412
-0.407,0.245
-0.409,-0.013
-0.355,-0.906
-0.368,-1.919
-0.424,1.804
-0.514,-1.116
-0.854,-1.343
-0.939,-1.403
-0.974,-0.904
-1.056,0.932
-1.016,0.464
-1.037,-1.035
-1.042,1.564
-1.295,-0.833
-1.782,-2.137
-1.972,-2.152
-2.44,-2.318
2.77,-2.281
2.013,-2.405
1.129,-2.254
0.965,-2.167
0.702,-2.414
0.375,-2.132
-1.65,1.966
-1.942,2.254
-2.244,2.159
-2.312,2.194
-2.668,2.308
-2.691,2.124
-3.014,2.09
-3.065,1.915
2.073,2.113
1.889,2.38
1.935,2.488
1.413,2.179
0.187,2.292
-0.141,2.388
-0.158,2.024
-0.369,2.011
-0.571,1.922
-0.512,2.413
0.444,-1.744
0.286,1.033
-1.894,-2.297
-2.228,-2.111
-2.915,-2.371
2.722,-2.365
0.399,-2.115
1.668,2.26
-1.521,-0.627
-1.435,-1.853
-1.581,-0.585
-1.581,-1.442
-1.611,-0.535
-1.621,-1.024
-1.582,0.663
-1.887,1.625
-1.93,0.524
-1.991,-1.608
-2.007,1.927
-2.011,-1.638
-1.886,0.33
-2.078,0.766
-2.079,-1.129
-2.232,0.828
-2.139,-0.477
-2.303,0.828
-2.208,0.594
-2.216,-1.884
-2.343,-0.901
-2.281,0.651
-2.463,0.798
-2.601,0.378
-2.62,-1.9
-2.519,1.786
-2.565,-2.039
-2.681,0.424
-2.69,0.021
-2.822,1.458
-2.829,0.585
-2.727,0.193
-2.895,1.456
-2.913,1.777
-3.05,1.769
-3.057,-2.025
3.076,-0.127
3.073,0.556
3.076,-0.76
2.827,-1.485
2.628,0.666
2.585,-1.026
2.495,0.203
2.367,1.066
2.322,-1.918
2.269,-0.21
2.141,0.568
2.108,-0.028
2.057,0.215
2.017,0.498
2.126,-1.906
1.949,1.538
1.939,1.256
1.782,0.751
1.742,-1.841
1.688,-0.814
1.772,0.649
1.624,1.423
1.682,1.424
1.352,-1.869
1.406,0.197
1.328,-2.108
1.25,-0.588
1.107,0.645
1.1,0.911
0.909,-0.233
0.779,-0.925
0.729,-0.337
0.521,0.004
0.526,-0.777
0.412,-0.506
0.155,-1.038
0.202,-0.261
0.184,-0.007
0.06,-0.623
-0.021,-1.569
-0.169,1.648
-0.225,0.169
-0.132,-0.897
-0.194,-1.626
-0.495,-0.157
-0.365,-0.615
-0.665,-1.557
-0.873,-1.654
-0.901,0.007
-0.964,1.431
-1.088,-0.593
-1.186,0.487
-1.219,-0.628
-1.329,-0.076
-1.394,0.514
-1.596,-2.369
-2.253,-1.968
-2.55,-2.132
-2.698,-2.342
-2.683,-2.281
3.045,-2.129
3.122,-2.318
2.756,-2.385
2.226,-2.202
2.119,-2.427
1.378,-2.288
0.72,-2.083
0.011,-2.072
-0.117,-2.174
-1.04,-2.113
-1.217,-2.334
-1.905,2.333
-2.397,2.149
-2.669,2.373
2.898,2.096
2.126,2.307
1.705,2.336
1.815,2.092
0.829,2.177
-0.445,2.329
-0.794,2.277
-0.779,2.067
2.714,-1.483
0.314,-0.764
-2.159,-1.008
1.663,1.273
0.392,-0.046
0.227,0.596
-0.579,0.716
-1.835,0.928
3.139,0.864
0.457,-0.505
0.096,-0.505
-1.549,2.019
-0.889,1.872
-0.7,-1.892
-0.017,0.372
-0.027,1.408
-0.024,-0.372
-0.064,1.099
-0.152,0.631
-0.097,0.886
-0.196,0.056
-0.207,0.128
-0.316,0.785
-0.318,0.527
-0.264,-0.366
-0.277,-1.379
-0.333,2.344
-0.423,-0.576
-0.763,-0.803
-0.848,-0.863
-0.883,-0.364
-0.965,1.472
-0.925,1.004
-0.946,-0.495
-0.951,2.104
-1.204,-0.293
-1.691,-1.597
-1.881,-1.612
-2.349,-1.778
2.861,-1.741
2.104,-1.865
1.22,-1.714
1.056,-1.627
0.793,-1.874
0.466,-1.592
-1.559,2.506
-1.851,2.794
-2.153,2.699
-2.221,2.734
-2.577,2.848
-2.6,2.664
-2.923,2.63
-2.974,2.455
2.164,2.653
1.98,2.92
2.026,3.028
1.504,2.719
0.278,2.832
-0.05,2.928
-0.067,2.564
-0.278,2.551
-0.48,2.462
-0.421,2.953
0.535,-1.204
0.377,1.573
-1.803,-1.757
-2.137,-1.571
-2.824,-1.831
2.813,-1.825
0.49,-1.575
1.759,2.8
-1.43,-0.087
-1.344,-1.313
-1.49,-0.045
-1.49,-0.902
-1.52,0.005
-1.53,-0.484
-1.491,1.203
-1.796,2.165
-1.839,1.064
-1.9,-1.068
-1.916,2.467
-1.92,-1.098
-1.795,0.87
-1.987,1.306
-1.988,-0.589
-2.141,1.368
-2.048,0.063
-2.212,1.368
-2.117,1.134
-2.125,-1.344
-2.252,-0.361
-2.19,1.191
-2.372,1.338
-2.51,0.918
-2.529,-1.36
-2.428,2.326
-2.474,-1.499
-2.59,0.964
-2.599,0.561
-2.731,1.998
-2.738,1.125
-2.636,0.733
-2.804,1.996
-2.822,2.317
-2.959,2.309
-2.966,-1.485
-3.116,0.413
-3.119,1.096
-3.116,-0.22
2.918,-0.945
2.719,1.206
2.676,-0.486
2.586,0.743
2.458,1.606
2.413,-1.378
2.36,0.33
2.232,1.108
2.199,0.512
2.148,0.755
2.108,1.038
2.217,-1.366
2.04,2.078
2.03,1.796
1.873,1.291
1.833,-1.301
1.779,-0.274
1.863,1.189
1.715,1.963
1.773,1.964
1.443,-1.329
1.497,0.737
1.419,-1.568
1.341,-0.048
1.198,1.185
1.191,1.451
1.0,0.307
0.87,-0.385
0.82,0.203
0.612,0.544
0.617,-0.237
0.503,0.034
0.246,-0.498
0.293,0.279
0.275,0.533
0.151,-0.083
0.07,-1.029
-0.078,2.188
-0.134,0.709
-0.041,-0.357
-0.103,-1.086
-0.404,0.383
-0.274,-0.075
-0.574,-1.017
-0.782,-1.114
-0.81,0.547
-0.873,1.971
-0.997,-0.053
-1.095,1.027
-1.128,-0.088
-1.238,0.464
-1.303,1.054
-1.505,-1.829
-2.162,-1.428
-2.459,-1.592
-2.607,-1.802
-2.592,-1.741
3.136,-1.589
-3.07,-1.778
2.847,-1.845
2.317,-1.662
2.21,-1.887
1.469,-1.748
0.811,-1.543
0.102,-1.532
-0.026,-1.634
-0.949,-1.573
-1.126,-1.794
-1.814,2.873
-2.306,2.689
-2.578,2.913
2.989,2.636
2.217,2.847
1.796,2.876
1.906,2.632
0.92,2.717
-0.354,2.869
-0.703,2.817
-0.688,2.607
2.805,-0.943
0.405,-0.224
-2.068,-0.468
1.754,1.813
0.483,0.494
0.318,1.136
-0.488,1.256
-1.744,1.468
-3.053,1.404
0.548,0.035
0.187,0.035
-1.458,2.559
-0.798,2.412
-0.609,-1.352
-0.01,1.036
-0.007,-0.744
-0.047,0.727
-0.135,0.259
-0.08,0.514
-0.179,-0.316
-0.19,-0.244
-0.299,0.413
-0.301,0.155
-0.247,-0.738
-0.26,-1.751
-0.316,1.972
-0.406,-0.948
-0.746,-1.175
-0.831,-1.235
-0.866,-0.736
-0.948,1.1
-0.908,0.632
-0.929,-0.867
-0.934,1.732
-1.187,-0.665
-1.674,-1.969
-1.864,-1.984
-2.332,-2.15
2.878,-2.113
2.121,-2.237
1.237,-2.086
1.073,-1.999
0.81,-2.246
0.483,-1.964
-1.542,2.134
-1.834,2.422
-2.136,2.327
-2.204,2.362
-2.56,2.476
-2.583,2.292
-2.906,2.258
-2.957,2.083
2.181,2.281
1.997,2.548
2.043,2.656
1.521,2.347
0.295,2.46
-0.033,2.556
-0.05,2.192
-0.261,2.179
-0.463,2.09
-0.404,2.581
0.552,-1.576
0.394,1.201
-1.786,-2.129
-2.12,-1.943
-2.807,-2.203
2.83,-2.197
0.507,-1.947
1.776,2.428
-1.413,-0.459
-1.327,-1.685
-1.473,-0.417
-1.473,-1.274
-1.503,-0.367
-1.513,-0.856
-1.474,0.831
-1.779,1.793
-1.822,0.692
-1.883,-1.44
-1.899,2.095
-1.903,-1.47
-1.778,0.498
-1.97,0.934
-1.971,-0.961
-2.124,0.996
-2.031,-0.309
-2.195,0.996
-2.1,0.762
-2.108,-1.716
-2.235,-0.733
-2.173,0.819
-2.355,0.966
-2.493,0.546
-2.512,-1.732
-2.411,1.954
-2.457,-1.871
-2.573,0.592
-2.582,0.189
-2.714,1.626
-2.721,0.753
-2.619,0.361
-2.787,1.624
-2.805,1.945
-2.942,1.937
-2.949,-1.857
-3.099,0.041
-3.102,0.724
-3.099,-0.592
2.935,-1.317
2.736,0.834
2.693,-0.858
2.603,0.371
2.475,1.234
2.43,-1.75
2.377,-0.042
2.249,0.736
2.216,0.14
2.165,0.383
2.125,0.666
2.234,-1.738
2.057,1.706
2.047,1.424
1.89,0.919
1.85,-1.673
1.796,-0.646
1.88,0.817
1.732,1.591
1.79,1.592
1.46,-1.701
1.514,0.365
1.436,-1.94
1.358,-0.42
1.215,0.813
1.208,1.079
1.017,-0.065
0.887,-0.757
0.837,-0.169
0.629,0.172
0.634,-0.609
0.52,-0.338
0.263,-0.87
0.31,-0.093
0.292,0.161
0.168,-0.455
0.087,-1.401
-0.061,1.816
-0.117,0.337
-0.024,-0.729
-0.086,-1.458
-0.387,0.011
-0.257,-0.447
-0.557,-1.389
-0.765,-1.486
-0.793,0.175
-0.856,1.599
-0.98,-0.425
-1.078,0.655
-1.111,-0.46
-1.221,0.092
-1.286,0.682
-1.488,-2.201
-2.145,-1.8
-2.442,-1.964
-2.59,-2.174
-2.575,-2.113
-3.13,-1.961
-3.053,-2.15
2.864,-2.217
2.334,-2.034
2.227,-2.259
1.486,-2.12
0.828,-1.915
0.119,-1.904
-0.009,-2.006
-0.932,-1.945
-1.109,-2.166
-1.797,2.501
-2.289,2.317
-2.561,2.541
3.006,2.264
2.234,2.475
1.813,2.504
1.923,2.26
0.937,2.345
-0.337,2.497
-0.686,2.445
-0.671,2.235
2.822,-1.315
0.422,-0.596
-2.051,-0.84
1.771,1.441
0.5,0.122
0.335,0.764
-0.471,0.884
-1.727,1.096
-3.036,1.032
0.565,-0.337
0.204,-0.337
-1.441,2.187
-0.781,2.04
-0.592,-1.724
0.003,-1.78
-0.037,-0.309
-0.125,-0.777
-0.07,-0.522
-0.169,-1.352
-0.18,-1.28
-0.289,-0.623
-0.291,-0.881
-0.237,-1.774
-0.25,-2.787
-0.306,0.936
-0.396,-1.984
-0.736,-2.211
-0.821,-2.271
-0.856,-1.772
-0.938,0.064
-0.898,-0.404
-0.919,-1.903
-0.924,0.696
-1.177,-1.701
-1.664,-3.005
-1.854,-3.02
-2.322,-3.186
2.888,-3.149
2.131,-3.273
1.247,-3.122
1.083,-3.035
0.82,-3.282
0.493,-3.0
-1.532,1.098
-1.824,1.386
-2.126,1.291
-2.194,1.326
-2.55,1.44
-2.573,1.256
-2.896,1.222
-2.947,1.047
2.191,1.245
2.007,1.512
2.053,1.62
1.531,1.311
0.305,1.424
-0.023,1.52
-0.04,1.156
-0.251,1.143
-0.453,1.054
-0.394,1.545
0.562,-2.612
0.404,0.165
-1.776,-3.165
-2.11,-2.979
-2.797,-3.239
2.84,-3.233
0.517,-2.983
1.786,1.392
-1.403,-1.495
-1.317,-2.721
-1.463,-1.453
-1.463,-2.31
-1.493,-1.403
-1.503,-1.892
-1.464,-0.205
-1.769,0.757
-1.812,-0.344
-1.873,-2.476
-1.889,1.059
-1.893,-2.506
-1.768,-0.538
-1.96,-0.102
-1.961,-1.997
-2.114,-0.04
-2.021,-1.345
-2.185,-0.04
-2.09,-0.274
-2.098,-2.752
-2.225,-1.769
-2.163,-0.217
-2.345,-0.07
-2.483,-0.49
-2.502,-2.768
-2.401,0.918
-2.447,-2.907
-2.563,-0.444
-2.572,-0.847
-2.704,0.59
-2.711,-0.283
-2.609,-0.675
-2.777,0.588
-2.795,0.909
-2.932,0.901
-2.939,-2.893
-3.089,-0.995
-3.092,-0.312
-3.089,-1.628
2.945,-2.353
2.746,-0.202
2.703,-1.894
2.613,-0.665
2.485,0.198
2.44,-2.786
2.387,-1.078
2.259,-0.3
2.226,-0.896
2.175,-0.653
2.135,-0.37
2.244,-2.774
2.067,0.67
2.057,0.388
1.9,-0.117
1.86,-2.709
1.806,-1.682
1.89,-0.219
1.742,0.555
1.8,0.556
1.47,-2.737
1.524,-0.671
1.446,-2.976
1.368,-1.456
1.225,-0.223
1.218,0.043
1.027,-1.101
0.897,-1.793
0.847,-1.205
0.639,-0.864
0.644,-1.645
0.53,-1.374
0.273,-1.906
0.32,-1.129
0.302,-0.875
0.178,-1.491
0.097,-2.437
-0.051,0.78
-0.107,-0.699
-0.014,-1.765
-0.076,-2.494
-0.377,-1.025
-0.247,-1.483
-0.547,-2.425
-0.755,-2.522
-0.783,-0.861
-0.846,0.563
-0.97,-1.461
-1.068,-0.381
-1.101,-1.496
-1.211,-0.944
-1.276,-0.354
-1.478,-3.237
-2.135,-2.836
-2.432,-3.0
-2.58,-3.21
-2.565,-3.149
-3.12,-2.997
-3.043,-3.186
2.874,-3.253
2.344,-3.07
2.237,-3.295
1.496,-3.156
0.838,-2.951
0.129,-2.94
0.001,-3.042
-0.922,-2.981
-1.099,-3.202
-1.787,1.465
-2.279,1.281
-2.551,1.505
3.016,1.228
2.244,1.439
1.823,1.468
1.933,1.224
0.947,1.309
-0.327,1.461
-0.676,1.409
-0.661,1.199
2.832,-2.351
0.432,-1.632
-2.041,-1.876
1.781,0.405
0.51,-0.914
0.345,-0.272
-0.461,-0.152
-1.717,0.06
-3.026,-0.004
0.575,-1.373
0.214,-1.373
-1.431,1.151
-0.771,1.004
-0.582,-2.76
-0.04,1.471
-0.128,1.003
-0.073,1.258
-0.172,0.428
-0.183,0.5
-0.292,1.157
-0.294,0.899
-0.24,0.006
-0.253,-1.007
-0.309,2.716
-0.399,-0.204
-0.739,-0.431
-0.824,-0.491
-0.859,0.008
-0.941,1.844
-0.901,1.376
-0.922,-0.123
-0.927,2.476
-1.18,0.079
-1.667,-1.225
-1.857,-1.24
-2.325,-1.406
2.885,-1.369
2.128,-1.493
1.244,-1.342
1.08,-1.255
0.817,-1.502
0.49,-1.22
-1.535,2.878
-1.827,3.166
-2.129,3.071
-2.197,3.106
-2.553,3.22
-2.576,3.036
-2.899,3.002
-2.95,2.827
2.188,3.025
2.004,3.292
2.05,3.4
1.528,3.091
0.302,3.204
-0.026,3.3
-0.043,2.936
-0.254,2.923
-0.456,2.834
-0.397,3.325
0.559,-0.832
0.401,1.945
-1.779,-1.385
-2.113,-1.199
-2.8,-1.459
2.837,-1.453
0.514,-1.203
1.783,3.172
-1.406,0.285
-1.32,-0.941
-1.466,0.327
-1.466,-0.53
-1.496,0.377
-1.506,-0.112
-1.467,1.575
-1.772,2.537
-1.815,1.436
-1.876,-0.696
-1.892,2.839
-1.896,-0.726
-1.771,1.242
-1.963,1.678
-1.964,-0.217
-2.117,1.74
-2.024,0.435
-2.188,1.74
-2.093,1.506
-2.101,-0.972
-2.228,0.011
-2.166,1.563
-2.348,1.71
-2.486,1.29
-2.505,-0.988
-2.404,2.698
-2.45,-1.127
-2.566,1.336
-2.575,0.933
-2.707,2.37
-2.714,1.497
-2.612,1.105
-2.78,2.368
-2.798,2.689
-2.935,2.681
-2.942,-1.113
-3.092,0.785
-3.095,1.468
-3.092,0.152
2.942,-0.573
2.743,1.578
2.7,-0.114
2.61,1.115
2.482,1.978
2.437,-1.006
2.384,0.702
2.256,1.48
2.223,0.884
2.172,1.127
2.132,1.41
2.241,-0.994
2.064,2.45
2.054,2.168
1.897,1.663
1.857,-0.929
1.803,0.098
1.887,1.561
1.739,2.335
1.797,2.336
1.467,-0.957
1.521,1.109
1.443,-1.196
1.365,0.324
1.222,1.557
1.215,1.823
1.024,0.679
0.894,-0.013
0.844,0.575
0.636,0.916
0.641,0.135
0.527,0.406
0.27,-0.126
0.317,0.651
0.299,0.905
0.175,0.289
0.094,-0.657
-0.054,2.56
-0.11,1.081
-0.017,0.015
-0.079,-0.714
-0.38,0.755
-0.25,0.297
-0.55,-0.645
-0.758,-0.742
-0.786,0.919
-0.849,2.343
-0.973,0.319
-1.071,1.399
-1.104,0.284
-1.214,0.836
-1.279,1.426
-1.481,-1.457
-2.138,-1.056
-2.435,-1.22
-2.583,-1.43
-2.568,-1.369
-3.123,-1.217
-3.046,-1.406
2.871,-1.473
2.341,-1.29
2.234,-1.515
1.493,-1.376
0.835,-1.171
0.126,-1.16
-0.002,-1.262
-0.925,-1.201
-1.102,-1.422
-1.79,3.245
-2.282,3.061
-2.554,3.285
3.013,3.008
2.241,3.219
1.82,3.248
1.93,3.004
0.944,3.089
-0.33,3.241
-0.679,3.189
-0.664,2.979
2.829,-0.571
0.429,0.148
-2.044,-0.096
1.778,2.185
0.507,0.866
0.342,1.508
-0.464,1.628
-1.72,1.84
-3.029,1.776
0.572,0.407
0.211,0.407
-1.434,2.931
-0.774,2.784
-0.585,-0.98
-0.088,-0.468
-0.033,-0.213
-0.132,-1.043
-0.143,-0.971
-0.252,-0.314
-0.254,-0.572
-0.2,-1.465
-0.213,-2.478
-0.269,1.245
-0.359,-1.675
-0.699,-1.902
-0.784,-1.962
-0.819,-1.463
-0.901,0.373
-0.861,-0.095
-0.882,-1.594
-0.887,1.005
-1.14,-1.392
-1.627,-2.696
-1.817,-2.711
-2.285,-2.877
2.925,-2.84
2.168,-2.964
1.284,-2.813
1.12,-2.726
0.857,-2.973
0.53,-2.691
-1.495,1.407
-1.787,1.695
-2.089,1.6
-2.157,1.635
-2.513,1.749
-2.536,1.565
-2.859,1.531
-2.91,1.356
2.228,1.554
2.044,1.821
2.09,1.929
1.568,1.62
0.342,1.733
0.014,1.829
-0.003,1.465
-0.214,1.452
-0.416,1.363
-0.357,1.854
0.599,-2.303
0.441,0.474
-1.739,-2.856
-2.073,-2.67
-2.76,-2.93
2.877,-2.924
0.554,-2.674
1.823,1.701
-1.366,-1.186
-1.28,-2.412
-1.426,-1.144
-1.426,-2.001
-1.456,-1.094
-1.466,-1.583
-1.427,0.104
-1.732,1.066
-1.775,-0.035
-1.836,-2.167
-1.852,1.368
-1.856,-2.197
-1.731,-0.229
-1.923,0.207
-1.924,-1.688
-2.077,0.269
-1.984,-1.036
-2.148,0.269
-2.053,0.035
-2.061,-2.443
-2.188,-1.46
-2.126,0.092
-2.308,0.239
-2.446,-0.181
-2.465,-2.459
-2.364,1.227
-2.41,-2.598
-2.526,-0.135
-2.535,-0.538
-2.667,0.899
-2.674,0.026
-2.572,-0.366
-2.74,0.897
-2.758,1.218
-2.895,1.21
-2.902,-2.584
-3.052,-0.686
-3.055,-0.003
-3.052,-1.319
2.982,-2.044
2.783,0.107
2.74,-1.585
2.65,-0.356
2.522,0.507
2.477,-2.477
2.424,-0.769
2.296,0.009
2.263,-0.587
2.212,-0.344
2.172,-0.061
2.281,-2.465
2.104,0.979
2.094,0.697
1.937,0.192
1.897,-2.4
1.843,-1.373
1.927,0.09
1.779,0.864
1.837,0.865
1.507,-2.428
1.561,-0.362
1.483,-2.667
1.405,-1.147
1.262,0.086
1.255,0.352
1.064,-0.792
0.934,-1.484
0.884,-0.896
0.676,-0.555
0.681,-1.336
0.567,-1.065
0.31,-1.597
0.357,-0.82
0.339,-0.566
0.215,-1.182
0.134,-2.128
-0.014,1.089
-0.07,-0.39
0.023,-1.456
-0.039,-2.185
-0.34,-0.716
-0.21,-1.174
-0.51,-2.116
-0.718,-2.213
-0.746,-0.552
-0.809,0.872
-0.933,-1.152
-1.031,-0.072
-1.064,-1.187
-1.174,-0.635
-1.239,-0.045
-1.441,-2.928
-2.098,-2.527
-2.395,-2.691
-2.543,-2.901
-2.528,-2.84
-3.083,-2.688
-3.006,-2.877
2.911,-2.944
2.381,-2.761
2.274,-2.986
1.533,-2.847
0.875,-2.642
0.166,-2.631
0.038,-2.733
-0.885,-2.672
-1.062,-2.893
-1.75,1.774
-2.242,1.59
-2.514,1.814
3.053,1.537
2.281,1.748
1.86,1.777
1.97,1.533
0.984,1.618
-0.29,1.77
-0.639,1.718
-0.624,1.508
2.869,-2.042
0.469,-1.323
-2.004,-1.567
1.818,0.714
0.547,-0.605
0.382,0.037
-0.424,0.157
-1.68,0.369
-2.989,0.305
0.612,-1.064
0.251,-1.064
-1.394,1.46
-0.734,1.313
-0.545,-2.451
0.055,0.255
-0.044,-0.575
-0.055,-0.503
-0.164,0.154
-0.166,-0.104
-0.112,-0.997
-0.125,-2.01
-0.181,1.713
-0.271,-1.207
-0.611,-1.434
-0.696,-1.494
-0.731,-0.995
-0.813,0.841
-0.773,0.373
-0.794,-1.126
-0.799,1.473
-1.052,-0.924
-1.539,-2.228
-1.729,-2.243
-2.197,-2.409
3.013,-2.372
2.256,-2.496
1.372,-2.345
1.208,-2.258
0.945,-2.505
0.618,-2.223
-1.407,1.875
-1.699,2.163
-2.001,2.068
-2.069,2.103
-2.425,2.217
-2.448,2.033
-2.771,1.999
-2.822,1.824
2.316,2.022
2.132,2.289
2.178,2.397
1.656,2.088
0.43,2.201
0.102,2.297
0.085,1.933
-0.126,1.92
-0.328,1.831
-0.269,2.322
0.687,-1.835
0.529,0.942
-1.651,-2.388
-1.985,-2.202
-2.672,-2.462
2.965,-2.456
0.642,-2.206
1.911,2.169
-1.278,-0.718
-1.192,-1.944
-1.338,-0.676
-1.338,-1.533
-1.368,-0.626
-1.378,-1.115
-1.339,0.572
-1.644,1.534
-1.687,0.433
-1.748,-1.699
-1.764,1.836
-1.768,-1.729
-1.643,0.239
-1.835,0.675
-1.836,-1.22
-1.989,0.737
-1.896,-0.568
-2.06,0.737
-1.965,0.503
-1.973,-1.975
-2.1,-0.992
-2.038,0.56
-2.22,0.707
-2.358,0.287
-2.377,-1.991
-2.276,1.695
-2.322,-2.13
-2.438,0.333
-2.447,-0.07
-2.579,1.367
-2.586,0.494
-2.484,0.102
-2.652,1.365
-2.67,1.686
-2.807,1.678
-2.814,-2.116
-2.964,-0.218
-2.967,0.465
-2.964,-0.851
3.07,-1.576
2.871,0.575
2.828,-1.117
2.738,0.112
2.61,0.975
2.565,-2.009
2.512,-0.301
2.384,0.477
2.351,-0.119
2.3,0.124
2.26,0.407
2.369,-1.997
2.192,1.447
2.182,1.165
2.025,0.66
1.985,-1.932
1.931,-0.905
2.015,0.558
1.867,1.332
1.925,1.333
1.595,-1.96
1.649,0.106
1.571,-2.199
1.493,-0.679
1.35,0.554
1.343,0.82
1.152,-0.324
1.022,-1.016
0.972,-0.428
0.764,-0.087
0.769,-0.868
0.655,-0.597
0.398,-1.129
0.445,-0.352
0.427,-0.098
0.303,-0.714
0.222,-1.66
0.074,1.557
0.018,0.078
0.111,-0.988
0.049,-1.717
-0.252,-0.248
-0.122,-0.706
-0.422,-1.648
-0.63,-1.745
-0.658,-0.084
-0.721,1.34
-0.845,-0.684
-0.943,0.396
-0.976,-0.719
-1.086,-0.167
-1.151,0.423
-1.353,-2.46
-2.01,-2.059
-2.307,-2.223
-2.455,-2.433
-2.44,-2.372
-2.995,-2.22
-2.918,-2.409
2.999,-2.476
2.469,-2.293
2.362,-2.518
1.621,-2.379
0.963,-2.174
0.254,-2.163
0.126,-2.265
-0.797,-2.204
-0.974,-2.425
-1.662,2.242
-2.154,2.058
-2.426,2.282
3.141,2.005
2.369,2.216
1.948,2.245
2.058,2.001
1.072,2.086
-0.202,2.238
-0.551,2.186
-0.536,1.976
2.957,-1.574
0.557,-0.855
-1.916,-1.099
1.906,1.182
0.635,-0.137
0.47,0.505
-0.336,0.625
-1.592,0.837
-2.901,0.773
0.7,-0.596
0.339,-0.596
-1.306,1.928
-0.646,1.781
-0.457,-1.983
-0.099,-0.83
-0.11,-0.758
-0.219,-0.101
-0.221,-0.359
-0.167,-1.252
-0.18,-2.265
-0.236,1.458
-0.326,-1.462
-0.666,-1.689
-0.751,-1.749
-0.786,-1.25
-0.868,0.586
-0.828,0.118
-0.849,-1.381
-0.854,1.218
-1.107,-1.179
-1.594,-2.483
-1.784,-2.498
-2.252,-2.664
2.958,-2.627
2.201,-2.751
1.317,-2.6
1.153,-2.513
0.89,-2.76
0.563,-2.478
-1.462,1.62
-1.754,1.908
-2.056,1.813
-2.124,1.848
-2.48,1.962
-2.503,1.778
-2.826,1.744
-2.877,1.569
2.261,1.767
2.077,2.034
2.123,2.142
1.601,1.833
0.375,1.946
0.047,2.042
0.03,1.678
-0.181,1.665
-0.383,1.576
-0.324,2.067
0.632,-2.09
0.474,0.687
-1.706,-2.643
-2.04,-2.457
-2.727,-2.717
2.91,-2.711
0.587,-2.461
1.856,1.914
-1.333,-0.973
-1.247,-2.199
-1.393,-0.931
-1.393,-1.788
-1.423,-0.881
-1.433,-1.37
-1.394,0.317
-1.699,1.279
-1.742,0.178
-1.803,-1.954
-1.819,1.581
-1.823,-1.984
-1.698,-0.016
-1.89,0.42
-1.891,-1.475
-2.044,0.482
-1.951,-0.823
-2.115,0.482
-2.02,0.248
-2.028,-2.23
-2.155,-1.247
-2.093,0.305
-2.275,0.452
-2.413,0.032
-2.432,-2.246
-2.331,1.44
-2.377,-2.385
-2.493,0.078
-2.502,-0.325
-2.634,1.112
-2.641,0.239
-2.539,-0.153
-2.707,1.11
-2.725,1.431
-2.862,1.423
-2.869,-2.371
-3.019,-0.473
-3.022,0.21
-3.019,-1.106
3.015,-1.831
2.816,0.32
2.773,-1.372
2.683,-0.143
2.555,0.72
2.51,-2.264
2.457,-0.556
2.329,0.222
2.296,-0.374
2.245,-0.131
2.205,0.152
2.314,-2.252
2.137,1.192
2.127,0.91
1.97,0.405
1.93,-2.187
1.876,-1.16
1.96,0.303
1.812,1.077
1.87,1.078
1.54,-2.215
1.594,-0.149
1.516,-2.454
1.438,-0.934
1.295,0.299
1.288,0.565
1.097,-0.579
0.967,-1.271
0.917,-0.683
0.709,-0.342
0.714,-1.123
0.6,-0.852
0.343,-1.384
0.39,-0.607
0.372,-0.353
0.248,-0.969
0.167,-1.915
0.019,1.302
-0.037,-0.177
0.056,-1.243
-0.006,-1.972
-0.307,-0.503
-0.177,-0.961
-0.477,-1.903
-0.685,-2.0
-0.713,-0.339
-0.776,1.085
-0.9,-0.939
-0.998,0.141
-1.031,-0.974
-1.141,-0.422
-1.206,0.168
-1.408,-2.715
-2.065,-2.314
-2.362,-2.478
-2.51,-2.688
-2.495,-2.627
-3.05,-2.475
-2.973,-2.664
2.944,-2.731
2.414,-2.548
2.307,-2.773
1.566,-2.634
0.908,-2.429
0.199,-2.418
0.071,-2.52
-0.852,-2.459
-1.029,-2.68
-1.717,1.987
-2.209,1.803
-2.481,2.027
3.086,1.75
2.314,1.961
1.893,1.99
2.003,1.746
1.017,1.831
-0.257,1.983
-0.606,1.931
-0.591,1.721
2.902,-1.829
0.502,-1.11
-1.971,-1.354
1.851,0.927
0.58,-0.392
0.415,0.25
-0.391,0.37
-1.647,0.582
-2.956,0.518
0.645,-0.851
0.284,-0.851
-1.361,1.673
-0.701,1.526
-0.512,-2.238
-0.011,0.072
-0.12,0.729
-0.122,0.471
-0.068,-0.422
-0.081,-1.435
-0.137,2.288
-0.227,-0.632
-0.567,-0.859
-0.652,-0.919
-0.687,-0.42
-0.769,1.416
-0.729,0.948
-0.75,-0.551
-0.755,2.048
-1.008,-0.349
-1.495,-1.653
-1.685,-1.668
-2.153,-1.834
3.057,-1.797
2.3,-1.921
1.416,-1.77
1.252,-1.683
0.989,-1.93
0.662,-1.648
-1.363,2.45
-1.655,2.738
-1.957,2.643
-2.025,2.678
-2.381,2.792
-2.404,2.608
-2.727,2.574
-2.778,2.399
2.36,2.597
2.176,2.864
2.222,2.972
1.7,2.663
0.474,2.776
0.146,2.872
0.129,2.508
-0.082,2.495
-0.284,2.406
-0.225,2.897
0.731,-1.26
0.573,1.517
-1.607,-1.813
-1.941,-1.627
-2.628,-1.887
3.009,-1.881
0.686,-1.631
1.955,2.744
-1.234,-0.143
-1.148,-1.369
-1.294,-0.101
-1.294,-0.958
-1.324,-0.051
-1.334,-0.54
-1.295,1.147
-1.6,2.109
-1.643,1.008
-1.704,-1.124
-1.72,2.411
-1.724,-1.154
-1.599,0.814
-1.791,1.25
-1.792,-0.645
-1.945,1.312
-1.852,0.007
-2.016,1.312
-1.921,1.078
-1.929,-1.4
-2.056,-0.417
-1.994,1.135
-2.176,1.282
-2.314,0.862
-2.333,-1.416
-2.232,2.27
-2.278,-1.555
-2.394,0.908
-2.403,0.505
-2.535,1.942
-2.542,1.069
-2.44,0.677
-2.608,1.94
-2.626,2.261
-2.763,2.253
-2.77,-1.541
-2.92,0.357
-2.923,1.04
-2.92,-0.276
3.114,-1.001
2.915,1.15
2.872,-0.542
2.782,0.687
2.654,1.55
2.609,-1.434
2.556,0.274
2.428,1.052
2.395,0.456
2.344,0.699
2.304,0.982
2.413,-1.422
2.236,2.022
2.226,1.74
2.069,1.235
2.029,-1.357
1.975,-0.33
2.059,1.133
1.911,1.907
1.969,1.908
1.639,-1.385
1.693,0.681
1.615,-1.624
1.537,-0.104
1.394,1.129
1.387,1.395
1.196,0.251
1.066,-0.441
1.016,0.147
0.808,0.488
0.813,-0.293
0.699,-0.022
0.442,-0.554
0.489,0.223
0.471,0.477
0.347,-0.139
0.266,-1.085
0.118,2.132
0.062,0.653
0.155,-0.413
0.093,-1.142
-0.208,0.327
-0.078,-0.131
-0.378,-1.073
-0.586,-1.17
-0.614,0.491
-0.677,1.915
-0.801,-0.109
-0.899,0.971
-0.932,-0.144
-1.042,0.408
-1.107,0.998
-1.309,-1.885
-1.966,-1.484
-2.263,-1.648
-2.411,-1.858
-2.396,-1.797
-2.951,-1.645
-2.874,-1.834
3.043,-1.901
2.513,-1.718
2.406,-1.943
1.665,-1.804
1.007,-1.599
0.298,-1.588
0.17,-1.69
-0.753,-1.629
-0.93,-1.85
-1.618,2.817
-2.11,2.633
-2.382,2.857
-3.098,2.58
2.413,2.791
1.992,2.82
2.102,2.576
1.116,2.661
-0.158,2.813
-0.507,2.761
-0.492,2.551
3.001,-0.999
0.601,-0.28
-1.872,-0.524
1.95,1.757
0.679,0.438
0.514,1.08
-0.292,1.2
-1.548,1.412
-2.857,1.348
0.744,-0.021
0.383,-0.021
-1.262,2.503
-0.602,2.356
-0.413,-1.408
-0.109,0.657
-0.111,0.399
-0.057,-0.494
-0.07,-1.507
-0.126,2.216
-0.216,-0.704
-0.556,-0.931
-0.641,-0.991
-0.676,-0.492
-0.758,1.344
-0.718,0.876
-0.739,-0.623
-0.744,1.976
-0.997,-0.421
-1.484,-1.725
-1.674,-1.74
-2.142,-1.906
3.068,-1.869
2.311,-1.993
1.427,-1.842
1.263,-1.755
1.0,-2.002
0.673,-1.72
-1.352,2.378
-1.644,2.666
-1.946,2.571
-2.014,2.606
-2.37,2.72
-2.393,2.536
-2.716,2.502
-2.767,2.327
2.371,2.525
2.187,2.792
2.233,2.9
1.711,2.591
0.485,2.704
0.157,2.8
0.14,2.436
-0.071,2.423
-0.273,2.334
-0.214,2.825
0.742,-1.332
0.584,1.445
-1.596,-1.885
-1.93,-1.699
-2.617,-1.959
3.02,-1.953
0.697,-1.703
1.966,2.672
-1.223,-0.215
-1.137,-1.441
-1.283,-0.173
-1.283,-1.03
-1.313,-0.123
-1.323,-0.612
-1.284,1.075
-1.589,2.037
-1.632,0.936
-1.693,-1.196
-1.709,2.339
-1.713,-1.226
-1.588,0.742
-1.78,1.178
-1.781,-0.717
-1.934,1.24
-1.841,-0.065
-2.005,1.24
-1.91,1.006
-1.918,-1.472
-2.045,-0.489
-1.983,1.063
-2.165,1.21
-2.303,0.79
-2.322,-1.488
-2.221,2.198
-2.267,-1.627
-2.383,0.836
-2.392,0.433
-2.524,1.87
-2.531,0.997
-2.429,0.605
-2.597,1.868
-2.615,2.189
-2.752,2.181
-2.759,-1.613
-2.909,0.285
-2.912,0.968
-2.909,-0.348
3.125,-1.073
2.926,1.078
2.883,-0.614
2.793,0.615
2.665,1.478
2.62,-1.506
2.567,0.202
2.439,0.98
2.406,0.384
2.355,0.627
2.315,0.91
2.424,-1.494
2.247,1.95
2.237,1.668
2.08,1.163
2.04,-1.429
1.986,-0.402
2.07,1.061
1.922,1.835
1.98,1.836
1.65,-1.457
1.704,0.609
1.626,-1.696
1.548,-0.176
1.405,1.057
1.398,1.323
1.207,0.179
1.077,-0.513
1.027,0.075
0.819,0.416
0.824,-0.365
0.71,-0.094
0.453,-0.626
0.5,0.151
0.482,0.405
0.358,-0.211
0.277,-1.157
0.129,2.06
0.073,0.581
0.166,-0.485
0.104,-1.214
-0.197,0.255
-0.067,-0.203
-0.367,-1.145
-0.575,-1.242
-0.603,0.419
-0.666,1.843
-0.79,-0.181
-0.888,0.899
-0.921,-0.216
-1.031,0.336
-1.096,0.926
-1.298,-1.957
-1.955,-1.556
-2.252,-1.72
-2.4,-1.93
-2.385,-1.869
-2.94,-1.717
-2.863,-1.906
3.054,-1.973
2.524,-1.79
2.417,-2.015
1.676,-1.876
1.018,-1.671
0.309,-1.66
0.181,-1.762
-0.742,-1.701
-0.919,-1.922
-1.607,2.745
-2.099,2.561
-2.371,2.785
-3.087,2.508
2.424,2.719
2.003,2.748
2.113,2.504
1.127,2.589
-0.147,2.741
-0.496,2.689
-0.481,2.479
3.012,-1.071
0.612,-0.352
-1.861,-0.596
1.961,1.685
0.69,0.366
0.525,1.008
-0.281,1.128
-1.537,1.34
-2.846,1.276
0.755,-0.093
0.394,-0.093
-1.251,2.431
-0.591,2.284
-0.402,-1.48
-0.002,-0.258
0.052,-1.151
0.039,-2.164
-0.017,1.559
-0.107,-1.361
-0.447,-1.588
-0.532,-1.648
-0.567,-1.149
-0.649,0.687
-0.609,0.219
-0.63,-1.28
-0.635,1.319
-0.888,-1.078
-1.375,-2.382
-1.565,-2.397
-2.033,-2.563
-3.106,-2.526
2.42,-2.65
1.536,-2.499
1.372,-2.412
1.109,-2.659
0.782,-2.377
-1.243,1.721
-1.535,2.009
-1.837,1.914
-1.905,1.949
-2.261,2.063
-2.284,1.879
-2.607,1.845
-2.658,1.67
2.48,1.868
2.296,2.135
2.342,2.243
1.82,1.934
0.594,2.047
0.266,2.143
0.249,1.779
0.038,1.766
-0.164,1.677
-0.105,2.168
0.851,-1.989
0.693,0.788
-1.487,-2.542
-1.821,-2.356
-2.508,-2.616
3.129,-2.61
0.806,-2.36
2.075,2.015
-1.114,-0.872
-1.028,-2.098
-1.174,-0.83
-1.174,-1.687
-1.204,-0.78
-1.214,-1.269
-1.175,0.418
-1.48,1.38
-1.523,0.279
-1.584,-1.853
-1.6,1.682
-1.604,-1.883
-1.479,0.085
-1.671,0.521
-1.672,-1.374
-1.825,0.583
-1.732,-0.722
-1.896,0.583
-1.801,0.349
-1.809,-2.129
-1.936,-1.146
-1.874,0.406
-2.056,0.553
-2.194,0.133
-2.213,-2.145
-2.112,1.541
-2.158,-2.284
-2.274,0.179
-2.283,-0.224
-2.415,1.213
-2.422,0.34
-2.32,-0.052
-2.488,1.211
-2.506,1.532
-2.643,1.524
-2.65,-2.27
-2.8,-0.372
-2.803,0.311
-2.8,-1.005
-3.049,-1.73
3.035,0.421
2.992,-1.271
2.902,-0.042
2.774,0.821
2.729,-2.163
2.676,-0.455
2.548,0.323
2.515,-0.273
2.464,-0.03
2.424,0.253
2.533,-2.151
2.356,1.293
2.346,1.011
2.189,0.506
2.149,-2.086
2.095,-1.059
2.179,0.404
2.031,1.178
2.089,1.179
1.759,-2.114
1.813,-0.048
1.735,-2.353
1.657,-0.833
1.514,0.4
1.507,0.666
1.316,-0.478
1.186,-1.17
1.136,-0.582
0.928,-0.241
0.933,-1.022
0.819,-0.751
0.562,-1.283
0.609,-0.506
0.591,-0.252
0.467,-0.868
0.386,-1.814
0.238,1.403
0.182,-0.076
0.275,-1.142
0.213,-1.871
-0.088,-0.402
0.042,-0.86
-0.258,-1.802
-0.466,-1.899
-0.494,-0.238
-0.557,1.186
-0.681,-0.838
-0.779,0.242
-0.812,-0.873
-0.922,-0.321
-0.987,0.269
-1.189,-2.614
-1.846,-2.213
-2.143,-2.377
-2.291,-2.587
-2.276,-2.526
-2.831,-2.374
-2.754,-2.563
-3.12,-2.63
2.633,-2.447
2.526,-2.672
1.785,-2.533
1.127,-2.328
0.418,-2.317
0.29,-2.419
-0.633,-2.358
-0.81,-2.579
-1.498,2.088
-1.99,1.904
-2.262,2.128
-2.978,1.851
2.533,2.062
2.112,2.091
2.222,1.847
1.236,1.932
-0.038,2.084
-0.387,2.032
-0.372,1.822
3.121,-1.728
0.721,-1.009
-1.752,-1.253
2.07,1.028
0.799,-0.291
0.634,0.351
-0.172,0.471
-1.428,0.683
-2.737,0.619
0.864,-0.75
0.503,-0.75
-1.142,1.774
-0.482,1.627
-0.293,-2.137
0.054,-0.893
0.041,-1.906
-0.015,1.817
-0.105,-1.103
-0.445,-1.33
-0.53,-1.39
-0.565,-0.891
-0.647,0.945
-0.607,0.477
-0.628,-1.022
-0.633,1.577
-0.886,-0.82
-1.373,-2.124
-1.563,-2.139
-2.031,-2.305
-3.104,-2.268
2.422,-2.392
1.538,-2.241
1.374,-2.154
1.111,-2.401
0.784,-2.119
-1.241,1.979
-1.533,2.267
-1.835,2.172
-1.903,2.207
-2.259,2.321
-2.282,2.137
-2.605,2.103
-2.656,1.928
2.482,2.126
2.298,2.393
2.344,2.501
1.822,2.192
0.596,2.305
0.268,2.401
0.251,2.037
0.04,2.024
-0.162,1.935
-0.103,2.426
0.853,-1.731
0.695,1.046
-1.485,-2.284
-1.819,-2.098
-2.506,-2.358
3.131,-2.352
0.808,-2.102
2.077,2.273
-1.112,-0.614
-1.026,-1.84
-1.172,-0.572
-1.172,-1.429
-1.202,-0.522
-1.212,-1.011
-1.173,0.676
-1.478,1.638
-1.521,0.537
-1.582,-1.595
-1.598,1.94
-1.602,-1.625
-1.477,0.343
-1.669,0.779
-1.67,-1.116
-1.823,0.841
-1.73,-0.464
-1.894,0.841
-1.799,0.607
-1.807,-1.871
-1.934,-0.888
-1.872,0.664
-2.054,0.811
-2.192,0.391
-2.211,-1.887
-2.11,1.799
-2.156,-2.026
-2.272,0.437
-2.281,0.034
-2.413,1.471
-2.42,0.598
-2.318,0.206
-2.486,1.469
-2.504,1.79
-2.641,1.782
-2.648,-2.012
-2.798,-0.114
-2.801,0.569
-2.798,-0.747
-3.047,-1.472
3.037,0.679
2.994,-1.013
2.904,0.216
2.776,1.079
2.731,-1.905
2.678,-0.197
2.55,0.581
2.517,-0.015
2.466,0.228
2.426,0.511
2.535,-1.893
2.358,1.551
2.348,1.269
2.191,0.764
2.151,-1.828
2.097,-0.801
2.181,0.662
2.033,1.436
2.091,1.437
1.761,-1.856
1.815,0.21
1.737,-2.095
1.659,-0.575
1.516,0.658
1.509,0.924
1.318,-0.22
1.188,-0.912
1.138,-0.324
0.93,0.017
0.935,-0.764
0.821,-0.493
0.564,-1.025
0.611,-0.248
0.593,0.006
0.469,-0.61
0.388,-1.556
0.24,1.661
0.184,0.182
0.277,-0.884
0.215,-1.613
-0.086,-0.144
0.044,-0.602
-0.256,-1.544
-0.464,-1.641
-0.492,0.02
-0.555,1.444
-0.679,-0.58
-0.777,0.5
-0.81,-0.615
-0.92,-0.063
-0.985,0.527
-1.187,-2.356
-1.844,-1.955
-2.141,-2.119
-2.289,-2.329
-2.274,-2.268
-2.829,-2.116
-2.752,-2.305
-3.118,-2.372
2.635,-2.189
2.528,-2.414
1.787,-2.275
1.129,-2.07
0.42,-2.059
0.292,-2.161
-0.631,-2.1
-0.808,-2.321
-1.496,2.346
-1.988,2.162
-2.26,2.386
-2.976,2.109
2.535,2.32
2.114,2.349
2.224,2.105
1.238,2.19
-0.036,2.342
-0.385,2.29
-0.37,2.08
3.123,-1.47
0.723,-0.751
-1.75,-0.995
2.072,1.286
0.801,-0.033
0.636,0.609
-0.17,0.729
-1.426,0.941
-2.735,0.877
0.866,-0.492
0.505,-0.492
-1.14,2.032
-0.48,1.885
-0.291,-1.879
-0.013,-1.013
-0.069,2.71
-0.159,-0.21
-0.499,-0.437
-0.584,-0.497
-0.619,0.002
-0.701,1.838
-0.661,1.37
-0.682,-0.129
-0.687,2.47
-0.94,0.073
-1.427,-1.231
-1.617,-1.246
-2.085,-1.412
3.125,-1.375
2.368,-1.499
1.484,-1.348
1.32,-1.261
1.057,-1.508
0.73,-1.226
-1.295,2.872
-1.587,3.16
-1.889,3.065
-1.957,3.1
-2.313,3.214
-2.336,3.03
-2.659,2.996
-2.71,2.821
2.428,3.019
2.244,3.286
2.29,3.394
1.768,3.085
0.542,3.198
0.214,3.294
0.197,2.93
-0.014,2.917
-0.216,2.828
-0.157,3.319
0.799,-0.838
0.641,1.939
-1.539,-1.391
-1.873,-1.205
-2.56,-1.465
3.077,-1.459
0.754,-1.209
2.023,3.166
-1.166,0.279
-1.08,-0.947
-1.226,0.321
-1.226,-0.536
-1.256,0.371
-1.266,-0.118
-1.227,1.569
-1.532,2.531
-1.575,1.43
-1.636,-0.702
-1.652,2.833
-1.656,-0.732
-1.531,1.236
-1.723,1.672
-1.724,-0.223
-1.877,1.734
-1.784,0.429
-1.948,1.734
-1.853,1.5
-1.861,-0.978
-1.988,0.005
-1.926,1.557
-2.108,1.704
-2.246,1.284
-2.265,-0.994
-2.164,2.692
-2.21,-1.133
-2.326,1.33
-2.335,0.927
-2.467,2.364
-2.474,1.491
-2.372,1.099
-2.54,2.362
-2.558,2.683
-2.695,2.675
-2.702,-1.119
-2.852,0.779
-2.855,1.462
-2.852,0.146
-3.101,-0.579
2.983,1.572
2.94,-0.12
2.85,1.109
2.722,1.972
2.677,-1.012
2.624,0.696
2.496,1.474
2.463,0.878
2.412,1.121
2.372,1.404
2.481,-1.0
2.304,2.444
2.294,2.162
2.137,1.657
2.097,-0.935
2.043,0.092
2.127,1.555
1.979,2.329
2.037,2.33
1.707,-0.963
1.761,1.103
1.683,-1.202
1.605,0.318
1.462,1.551
1.455,1.817
1.264,0.673
1.134,-0.019
1.084,0.569
0.876,0.91
0.881,0.129
0.767,0.4
0.51,-0.132
0.557,0.645
0.539,0.899
0.415,0.283
0.334,-0.663
0.186,2.554
0.13,1.075
0.223,0.009
0.161,-0.72
-0.14,0.749
-0.01,0.291
-0.31,-0.651
-0.518,-0.748
-0.546,0.913
-0.609,2.337
-0.733,0.313
-0.831,1.393
-0.864,0.278
-0.974,0.83
-1.039,1.42
-1.241,-1.463
-1.898,-1.062
-2.195,-1.226
-2.343,-1.436
-2.328,-1.375
-2.883,-1.223
-2.806,-1.412
3.111,-1.479
2.581,-1.296
2.474,-1.521
1.733,-1.382
1.075,-1.177
0.366,-1.166
0.238,-1.268
-0.685,-1.207
-0.862,-1.428
-1.55,3.239
-2.042,3.055
-2.314,3.279
-3.03,3.002
2.481,3.213
2.06,3.242
2.17,2.998
1.184,3.083
-0.09,3.235
-0.439,3.183
-0.424,2.973
3.069,-0.577
0.669,0.142
-1.804,-0.102
2.018,2.179
0.747,0.86
0.582,1.502
-0.224,1.622
-1.48,1.834
-2.789,1.77
0.812,0.401
0.451,0.401
-1.194,2.925
-0.534,2.778
-0.345,-0.986
-0.056,3.723
-0.146,0.803
-0.486,0.576
-0.571,0.516
-0.606,1.015
-0.688,2.851
-0.648,2.383
-0.669,0.884
-0.674,3.483
-0.927,1.086
-1.414,-0.218
-1.604,-0.233
-2.072,-0.399
3.138,-0.362
2.381,-0.486
1.497,-0.335
1.333,-0.248
1.07,-0.495
0.743,-0.213
-1.282,3.885
-1.574,4.173
-1.876,4.078
-1.944,4.113
-2.3,4.227
-2.323,4.043
-2.646,4.009
-2.697,3.834
2.441,4.032
2.257,4.299
2.303,4.407
1.781,4.098
0.555,4.211
0.227,4.307
0.21,3.943
-0.001,3.93
-0.203,3.841
-0.144,4.332
0.812,0.175
0.654,2.952
-1.526,-0.378
-1.86,-0.192
-2.547,-0.452
3.09,-0.446
0.767,-0.196
2.036,4.179
-1.153,1.292
-1.067,0.066
-1.213,1.334
-1.213,0.477
-1.243,1.384
-1.253,0.895
-1.214,2.582
-1.519,3.544
-1.562,2.443
-1.623,0.311
-1.639,3.846
-1.643,0.281
-1.518,2.249
-1.71,2.685
-1.711,0.79
-1.864,2.747
-1.771,1.442
-1.935,2.747
-1.84,2.513
-1.848,0.035
-1.975,1.018
-1.913,2.57
-2.095,2.717
-2.233,2.297
-2.252,0.019
-2.151,3.705
-2.197,-0.12
-2.313,2.343
-2.322,1.94
-2.454,3.377
-2.461,2.504
-2.359,2.112
-2.527,3.375
-2.545,3.696
-2.682,3.688
-2.689,-0.106
-2.839,1.792
-2.842,2.475
-2.839,1.159
-3.088,0.434
2.996,2.585
2.953,0.893
2.863,2.122
2.735,2.985
2.69,0.001
2.637,1.709
2.509,2.487
2.476,1.891
2.425,2.134
2.385,2.417
2.494,0.013
2.317,3.457
2.307,3.175
2.15,2.67
2.11,0.078
2.056,1.105
2.14,2.568
1.992,3.342
2.05,3.343
1.72,0.05
1.774,2.116
1.696,-0.189
1.618,1.331
1.475,2.564
1.468,2.83
1.277,1.686
1.147,0.994
1.097,1.582
0.889,1.923
0.894,1.142
0.78,1.413
0.523,0.881
0.57,1.658
0.552,1.912
0.428,1.296
0.347,0.35
0.199,3.567
0.143,2.088
0.236,1.022
0.174,0.293
-0.127,1.762
0.003,1.304
-0.297,0.362
-0.505,0.265
-0.533,1.926
-0.596,3.35
-0.72,1.326
-0.818,2.406
-0.851,1.291
-0.961,1.843
-1.026,2.433
-1.228,-0.45
-1.885,-0.049
-2.182,-0.213
-2.33,-0.423
-2.315,-0.362
-2.87,-0.21
-2.793,-0.399
3.124,-0.466
2.594,-0.283
2.487,-0.508
1.746,-0.369
1.088,-0.164
0.379,-0.153
0.251,-0.255
-0.672,-0.194
-0.849,-0.415
-1.537,4.252
-2.029,4.068
-2.301,4.292
-3.017,4.015
2.494,4.226
2.073,4.255
2.183,4.011
1.197,4.096
-0.077,4.248
-0.426,4.196
-0.411,3.986
3.082,0.436
0.682,1.155
-1.791,0.911
2.031,3.192
0.76,1.873
0.595,2.515
-0.211,2.635
-1.467,2.847
-2.776,2.783
0.825,1.414
0.464,1.414
-1.181,3.938
-0.521,3.791
-0.332,0.027
-0.09,-2.92
-0.43,-3.147
-0.515,-3.207
-0.55,-2.708
-0.632,-0.872
-0.592,-1.34
-0.613,-2.839
-0.618,-0.24
-0.871,-2.637
-1.358,-3.941
-1.548,-3.956
-2.016,-4.122
-3.089,-4.085
2.437,-4.209
1.553,-4.058
1.389,-3.971
1.126,-4.218
0.799,-3.936
-1.226,0.162
-1.518,0.45
-1.82,0.355
-1.888,0.39
-2.244,0.504
-2.267,0.32
-2.59,0.286
-2.641,0.111
2.497,0.309
2.313,0.576
2.359,0.684
1.837,0.375
0.611,0.488
0.283,0.584
0.266,0.22
0.055,0.207
-0.147,0.118
-0.088,0.609
0.868,-3.548
0.71,-0.771
-1.47,-4.101
-1.804,-3.915
-2.491,-4.175
-3.137,-4.169
0.823,-3.919
2.092,0.456
-1.097,-2.431
-1.011,-3.657
-1.157,-2.389
-1.157,-3.246
-1.187,-2.339
-1.197,-2.828
-1.158,-1.141
-1.463,-0.179
-1.506,-1.28
-1.567,-3.412
-1.583,0.123
-1.587,-3.442
-1.462,-1.474
-1.654,-1.038
-1.655,-2.933
-1.808,-0.976
-1.715,-2.281
-1.879,-0.976
-1.784,-1.21
-1.792,-3.688
-1.919,-2.705
-1.857,-1.153
-2.039,-1.006
-2.177,-1.426
-2.196,-3.704
-2.095,-0.018
-2.141,-3.843
-2.257,-1.38
-2.266,-1.783
-2.398,-0.346
-2.405,-1.219
-2.303,-1.611
-2.471,-0.348
-2.489,-0.027
-2.626,-0.035
-2.633,-3.829
-2.783,-1.931
-2.786,-1.248
-2.783,-2.564
-3.032,-3.289
3.052,-1.138
3.009,-2.83
2.919,-1.601
2.791,-0.738
2.746,-3.722
2.693,-2.014
2.565,-1.236
2.532,-1.832
2.481,-1.589
2.441,-1.306
2.55,-3.71
2.373,-0.266
2.363,-0.548
2.206,-1.053
2.166,-3.645
2.112,-2.618
2.196,-1.155
2.048,-0.381
2.106,-0.38
1.776,-3.673
1.83,-1.607
1.752,-3.912
1.674,-2.392
1.531,-1.159
1.524,-0.893
1.333,-2.037
1.203,-2.729
1.153,-2.141
0.945,-1.8
0.95,-2.581
0.836,-2.31
0.579,-2.842
0.626,-2.065
0.608,-1.811
0.484,-2.427
0.403,-3.373
0.255,-0.156
0.199,-1.635
0.292,-2.701
0.23,-3.43
-0.071,-1.961
0.059,-2.419
-0.241,-3.361
-0.449,-3.458
-0.477,-1.797
-0.54,-0.373
-0.664,-2.397
-0.762,-1.317
-0.795,-2.432
-0.905,-1.88
-0.97,-1.29
-1.172,-4.173
-1.829,-3.772
-2.126,-3.936
-2.274,-4.146
-2.259,-4.085
-2.814,-3.933
-2.737,-4.122
-3.103,-4.189
2.65,-4.006
2.543,-4.231
1.802,-4.092
1.144,-3.887
0.435,-3.876
0.307,-3.978
-0.616,-3.917
-0.793,-4.138
-1.481,0.529
-1.973,0.345
-2.245,0.569
-2.961,0.292
2.55,0.503
2.129,0.532
2.239,0.288
1.253,0.373
-0.021,0.525
-0.37,0.473
-0.355,0.263
3.138,-3.287
0.738,-2.568
-1.735,-2.812
2.087,-0.531
0.816,-1.85
0.651,-1.208
-0.155,-1.088
-1.411,-0.876
-2.72,-0.94
0.881,-2.309
0.52,-2.309
-1.125,0.215
-0.465,0.068
-0.276,-3.696
-0.34,-0.227
-0.425,-0.287
-0.46,0.212
-0.542,2.048
-0.502,1.58
-0.523,0.081
-0.528,2.68
-0.781,0.283
-1.268,-1.021
-1.458,-1.036
-1.926,-1.202
-2.999,-1.165
2.527,-1.289
1.643,-1.138
1.479,-1.051
1.216,-1.298
0.889,-1.016
-1.136,3.082
-1.428,3.37
-1.73,3.275
-1.798,3.31
-2.154,3.424
-2.177,3.24
-2.5,3.206
-2.551,3.031
2.587,3.229
2.403,3.496
2.449,3.604
1.927,3.295
0.701,3.408
0.373,3.504
0.356,3.14
0.145,3.127
-0.057,3.038
0.002,3.529
0.958,-0.628
0.8,2.149
-1.38,-1.181
-1.714,-0.995
-2.401,-1.255
-3.047,-1.249
0.913,-0.999
2.182,3.376
-1.007,0.489
-0.921,-0.737
-1.067,0.531
-1.067,-0.326
-1.097,0.581
-1.107,0.092
-1.068,1.779
-1.373,2.741
-1.416,1.64
-1.477,-0.492
-1.493,3.043
-1.497,-0.522
-1.372,1.446
-1.564,1.882
-1.565,-0.013
-1.718,1.944
-1.625,0.639
-1.789,1.944
-1.694,1.71
-1.702,-0.768
-1.829,0.215
-1.767,1.767
-1.949,1.914
-2.087,1.494
-2.106,-0.784
-2.005,2.902
-2.051,-0.923
-2.167,1.54
-2.176,1.137
-2.308,2.574
-2.315,1.701
-2.213,1.309
-2.381,2.572
-2.399,2.893
-2.536,2.885
-2.543,-0.909
-2.693,0.989
-2.696,1.672
-2.693,0.356
-2.942,-0.369
-3.141,1.782
3.099,0.09
3.009,1.319
2.881,2.182
2.836,-0.802
2.783,0.906
2.655,1.684
2.622,1.088
2.571,1.331
2.531,1.614
2.64,-0.79
2.463,2.654
2.453,2.372
2.296,1.867
2.256,-0.725
2.202,0.302
2.286,1.765
2.138,2.539
2.196,2.54
1.866,-0.753
1.92,1.313
1.842,-0.992
1.764,0.528
1.621,1.761
1.614,2.027
1.423,0.883
1.293,0.191
1.243,0.779
1.035,1.12
1.04,0.339
0.926,0.61
0.669,0.078
0.716,0.855
0.698,1.109
0.574,0.493
0.493,-0.453
0.345,2.764
0.289,1.285
0.382,0.219
0.32,-0.51
0.019,0.959
0.149,0.501
-0.151,-0.441
-0.359,-0.538
-0.387,1.123
-0.45,2.547
-0.574,0.523
-0.672,1.603
-0.705,0.488
-0.815,1.04
-0.88,1.63
-1.082,-1.253
-1.739,-0.852
-2.036,-1.016
-2.184,-1.226
-2.169,-1.165
-2.724,-1.013
-2.647,-1.202
-3.013,-1.269
2.74,-1.086
2.633,-1.311
1.892,-1.172
1.234,-0.967
0.525,-0.956
0.397,-1.058
-0.526,-0.997
-0.703,-1.218
-1.391,3.449
-1.883,3.265
-2.155,3.489
-2.871,3.212
2.64,3.423
2.219,3.452
2.329,3.208
1.343,3.293
0.069,3.445
-0.28,3.393
-0.265,3.183
-3.055,-0.367
0.828,0.352
-1.645,0.108
2.177,2.389
0.906,1.07
0.741,1.712
-0.065,1.832
-1.321,2.044
-2.63,1.98
0.971,0.611
0.61,0.611
-1.035,3.135
-0.375,2.988
-0.186,-0.776
-0.085,-0.06
-0.12,0.439
-0.202,2.275
-0.162,1.807
-0.183,0.308
-0.188,2.907
-0.441,0.51
-0.928,-0.794
-1.118,-0.809
-1.586,-0.975
-2.659,-0.938
2.867,-1.062
1.983,-0.911
1.819,-0.824
1.556,-1.071
1.229,-0.789
-0.796,3.309
-1.088,3.597
-1.39,3.502
-1.458,3.537
-1.814,3.651
-1.837,3.467
-2.16,3.433
-2.211,3.258
2.927,3.456
2.743,3.723
2.789,3.831
2.267,3.522
1.041,3.635
0.713,3.731
0.696,3.367
0.485,3.354
0.283,3.265
0.342,3.756
1.298,-0.401
1.14,2.376
-1.04,-0.954
-1.374,-0.768
-2.061,-1.028
-2.707,-1.022
1.253,-0.772
2.522,3.603
-0.667,0.716
-0.581,-0.51
-0.727,0.758
-0.727,-0.099
-0.757,0.808
-0.767,0.319
-0.728,2.006
-1.033,2.968
-1.076,1.867
-1.137,-0.265
-1.153,3.27
-1.157,-0.295
-1.032,1.673
-1.224,2.109
-1.225,0.214
-1.378,2.171
-1.285,0.866
-1.449,2.171
-1.354,1.937
-1.362,-0.541
-1.489,0.442
-1.427,1.994
-1.609,2.141
-1.747,1.721
-1.766,-0.557
-1.665,3.129
-1.711,-0.696
-1.827,1.767
-1.836,1.364
-1.968,2.801
-1.975,1.928
-1.873,1.536
-2.041,2.799
-2.059,3.12
-2.196,3.112
-2.203,-0.682
-2.353,1.216
-2.356,1.899
-2.353,0.583
-2.602,-0.142
-2.801,2.009
-2.844,0.317
-2.934,1.546
-3.062,2.409
-3.107,-0.575
3.123,1.133
2.995,1.911
2.962,1.315
2.911,1.558
2.871,1.841
2.98,-0.563
2.803,2.881
2.793,2.599
2.636,2.094
2.596,-0.498
2.542,0.529
2.626,1.992
2.478,2.766
2.536,2.767
2.206,-0.526
2.26,1.54
2.182,-0.765
2.104,0.755
1.961,1.988
1.954,2.254
1.763,1.11
1.633,0.418
1.583,1.006
1.375,1.347
1.38,0.566
1.266,0.837
1.009,0.305
1.056,1.082
1.038,1.336
0.914,0.72
0.833,-0.226
0.685,2.991
0.629,1.512
0.722,0.446
0.66,-0.283
0.359,1.186
0.489,0.728
0.189,-0.214
-0.019,-0.311
-0.047,1.35
-0.11,2.774
-0.234,0.75
-0.332,1.83
-0.365,0.715
-0.475,1.267
-0.54,1.857
-0.742,-1.026
-1.399,-0.625
-1.696,-0.789
-1.844,-0.999
-1.829,-0.938
-2.384,-0.786
-2.307,-0.975
-2.673,-1.042
3.08,-0.859
2.973,-1.084
2.232,-0.945
1.574,-0.74
0.865,-0.729
0.737,-0.831
-0.186,-0.77
-0.363,-0.991
-1.051,3.676
-1.543,3.492
-1.815,3.716
-2.531,3.439
2.98,3.65
2.559,3.679
2.669,3.435
1.683,3.52
0.409,3.672
0.06,3.62
0.075,3.41
-2.715,-0.14
1.168,0.579
-1.305,0.335
2.517,2.616
1.246,1.297
1.081,1.939
0.275,2.059
-0.981,2.271
-2.29,2.207
1.311,0.838
0.95,0.838
-0.695,3.362
-0.035,3.215
0.154,-0.549
-0.035,0.499
-0.117,2.335
-0.077,1.867
-0.098,0.368
-0.103,2.967
-0.356,0.57
-0.843,-0.734
-1.033,-0.749
-1.501,-0.915
-2.574,-0.878
2.952,-1.002
2.068,-0.851
1.904,-0.764
1.641,-1.011
1.314,-0.729
-0.711,3.369
-1.003,3.657
-1.305,3.562
-1.373,3.597
-1.729,3.711
-1.752,3.527
-2.075,3.493
-2.126,3.318
3.012,3.516
2.828,3.783
2.874,3.891
2.352,3.582
1.126,3.695
0.798,3.791
0.781,3.427
0.57,3.414
0.368,3.325
0.427,3.816
1.383,-0.341
1.225,2.436
-0.955,-0.894
-1.289,-0.708
-1.976,-0.968
-2.622,-0.962
1.338,-0.712
2.607,3.663
-0.582,0.776
-0.496,-0.45
-0.642,0.818
-0.642,-0.039
-0.672,0.868
-0.682,0.379
-0.643,2.066
-0.948,3.028
-0.991,1.927
-1.052,-0.205
-1.068,3.33
-1.072,-0.235
-0.947,1.733
-1.139,2.169
-1.14,0.274
-1.293,2.231
-1.2,0.926
-1.364,2.231
-1.269,1.997
-1.277,-0.481
-1.404,0.502
-1.342,2.054
-1.524,2.201
-1.662,1.781
-1.681,-0.497
-1.58,3.189
-1.626,-0.636
-1.742,1.827
-1.751,1.424
-1.883,2.861
-1.89,1.988
-1.788,1.596
-1.956,2.859
-1.974,3.18
-2.111,3.172
-2.118,-0.622
-2.268,1.276
-2.271,1.959
-2.268,0.643
-2.517,-0.082
-2.716,2.069
-2.759,0.377
-2.849,1.606
-2.977,2.469
-3.022,-0.515
-3.075,1.193
3.08,1.971
3.047,1.375
2.996,1.618
2.956,1.901
3.065,-0.503
2.888,2.941
2.878,2.659
2.721,2.154
2.681,-0.438
2.627,0.589
2.711,2.052
2.563,2.826
2.621,2.827
2.291,-0.466
2.345,1.6
2.267,-0.705
2.189,0.815
2.046,2.048
2.039,2.314
1.848,1.17
1.718,0.478
1.668,1.066
1.46,1.407
1.465,0.626
1.351,0.897
1.094,0.365
1.141,1.142
1.123,1.396
0.999,0.78
0.918,-0.166
0.77,3.051
0.714,1.572
0.807,0.506
0.745,-0.223
0.444,1.246
0.574,0.788
0.274,-0.154
0.066,-0.251
0.038,1.41
-0.025,2.834
-0.149,0.81
-0.247,1.89
-0.28,0.775
-0.39,1.327
-0.455,1.917
-0.657,-0.966
-1.314,-0.565
-1.611,-0.729
-1.759,-0.939
-1.744,-0.878
-2.299,-0.726
-2.222,-0.915
-2.588,-0.982
-3.118,-0.799
3.058,-1.024
2.317,-0.885
1.659,-0.68
0.95,-0.669
0.822,-0.771
-0.101,-0.71
-0.278,-0.931
-0.966,3.736
-1.458,3.552
-1.73,3.776
-2.446,3.499
3.065,3.71
2.644,3.739
2.754,3.495
1.768,3.58
0.494,3.732
0.145,3.68
0.16,3.47
-2.63,-0.08
1.253,0.639
-1.22,0.395
2.602,2.676
1.331,1.357
1.166,1.999
0.36,2.119
-0.896,2.331
-2.205,2.267
1.396,0.898
1.035,0.898
-0.61,3.422
0.05,3.275
0.239,-0.489
-0.082,1.836
-0.042,1.368
-0.063,-0.131
-0.068,2.468
-0.321,0.071
-0.808,-1.233
-0.998,-1.248
-1.466,-1.414
-2.539,-1.377
2.987,-1.501
2.103,-1.35
1.939,-1.263
1.676,-1.51
1.349,-1.228
-0.676,2.87
-0.968,3.158
-1.27,3.063
-1.338,3.098
-1.694,3.212
-1.717,3.028
-2.04,2.994
-2.091,2.819
3.047,3.017
2.863,3.284
2.909,3.392
2.387,3.083
1.161,3.196
0.833,3.292
0.816,2.928
0.605,2.915
0.403,2.826
0.462,3.317
1.418,-0.84
1.26,1.937
-0.92,-1.393
-1.254,-1.207
-1.941,-1.467
-2.587,-1.461
1.373,-1.211
2.642,3.164
-0.547,0.277
-0.461,-0.949
-0.607,0.319
-0.607,-0.538
-0.637,0.369
-0.647,-0.12
-0.608,1.567
-0.913,2.529
-0.956,1.428
-1.017,-0.704
-1.033,2.831
-1.037,-0.734
-0.912,1.234
-1.104,1.67
-1.105,-0.225
-1.258,1.732
-1.165,0.427
-1.329,1.732
-1.234,1.498
-1.242,-0.98
-1.369,0.003
-1.307,1.555
-1.489,1.702
-1.627,1.282
-1.646,-0.996
-1.545,2.69
-1.591,-1.135
-1.707,1.328
-1.716,0.925
-1.848,2.362
-1.855,1.489
-1.753,1.097
-1.921,2.36
-1.939,2.681
-2.076,2.673
-2.083,-1.121
-2.233,0.777
-2.236,1.46
-2.233,0.144
-2.482,-0.581
-2.681,1.57
-2.724,-0.122
-2.814,1.107
-2.942,1.97
-2.987,-1.014
-3.04,0.694
3.115,1.472
3.082,0.876
3.031,1.119
2.991,1.402
3.1,-1.002
2.923,2.442
2.913,2.16
2.756,1.655
2.716,-0.937
2.662,0.09
2.746,1.553
2.598,2.327
2.656,2.328
2.326,-0.965
2.38,1.101
2.302,-1.204
2.224,0.316
2.081,1.549
2.074,1.815
1.883,0.671
1.753,-0.021
1.703,0.567
1.495,0.908
1.5,0.127
1.386,0.398
1.129,-0.134
1.176,0.643
1.158,0.897
1.034,0.281
0.953,-0.665
0.805,2.552
0.749,1.073
0.842,0.007
0.78,-0.722
0.479,0.747
0.609,0.289
0.309,-0.653
0.101,-0.75
0.073,0.911
0.01,2.335
-0.114,0.311
-0.212,1.391
-0.245,0.276
-0.355,0.828
-0.42,1.418
-0.622,-1.465
-1.279,-1.064
-1.576,-1.228
-1.724,-1.438
-1.709,-1.377
-2.264,-1.225
-2.187,-1.414
-2.553,-1.481
-3.083,-1.298
3.093,-1.523
2.352,-1.384
1.694,-1.179
0.985,-1.168
0.857,-1.27
-0.066,-1.209
-0.243,-1.43
-0.931,3.237
-1.423,3.053
-1.695,3.277
-2.411,3.0
3.1,3.211
2.679,3.24
2.789,2.996
1.803,3.081
0.529,3.233
0.18,3.181
0.195,2.971
-2.595,-0.579
1.288,0.14
-1.185,-0.104
2.637,2.177
1.366,0.858
1.201,1.5
0.395,1.62
-0.861,1.832
-2.17,1.768
1.431,0.399
1.07,0.399
-0.575,2.923
0.085,2.776
0.274,-0.988
0.04,-0.468
0.019,-1.967
0.014,0.632
-0.239,-1.765
-0.726,-3.069
-0.916,-3.084
-1.384,-3.25
-2.457,-3.213
3.069,-3.337
2.185,-3.186
2.021,-3.099
1.758,-3.346
1.431,-3.064
-0.594,1.034
-0.886,1.322
-1.188,1.227
-1.256,1.262
-1.612,1.376
-1.635,1.192
-1.958,1.158
-2.009,0.983
3.129,1.181
2.945,1.448
2.991,1.556
2.469,1.247
1.243,1.36
0.915,1.456
0.898,1.092
0.687,1.079
0.485,0.99
0.544,1.481
1.5,-2.676
1.342,0.101
-0.838,-3.229
-1.172,-3.043
-1.859,-3.303
-2.505,-3.297
1.455,-3.047
2.724,1.328
-0.465,-1.559
-0.379,-2.785
-0.525,-1.517
-0.525,-2.374
-0.555,-1.467
-0.565,-1.956
-0.526,-0.269
-0.831,0.693
-0.874,-0.408
-0.935,-2.54
-0.951,0.995
-0.955,-2.57
-0.83,-0.602
-1.022,-0.166
-1.023,-2.061
-1.176,-0.104
-1.083,-1.409
-1.247,-0.104
-1.152,-0.338
-1.16,-2.816
-1.287,-1.833
-1.225,-0.281
-1.407,-0.134
-1.545,-0.554
-1.564,-2.832
-1.463,0.854
-1.509,-2.971
-1.625,-0.508
-1.634,-0.911
-1.766,0.526
-1.773,-0.347
-1.671,-0.739
-1.839,0.524
-1.857,0.845
-1.994,0.837
-2.001,-2.957
-2.151,-1.059
-2.154,-0.376
-2.151,-1.692
-2.4,-2.417
-2.599,-0.266
-2.642,-1.958
-2.732,-0.729
-2.86,0.134
-2.905,-2.85
-2.958,-1.142
-3.086,-0.364
-3.119,-0.96
3.113,-0.717
3.073,-0.434
-3.101,-2.838
3.005,0.606
2.995,0.324
2.838,-0.181
2.798,-2.773
2.744,-1.746
2.828,-0.283
2.68,0.491
2.738,0.492
2.408,-2.801
2.462,-0.735
2.384,-3.04
2.306,-1.52
2.163,-0.287
2.156,-0.021
1.965,-1.165
1.835,-1.857
1.785,-1.269
1.577,-0.928
1.582,-1.709
1.468,-1.438
1.211,-1.97
1.258,-1.193
1.24,-0.939
1.116,-1.555
1.035,-2.501
0.887,0.716
0.831,-0.763
0.924,-1.829
0.862,-2.558
0.561,-1.089
0.691,-1.547
0.391,-2.489
0.183,-2.586
0.155,-0.925
0.092,0.499
-0.032,-1.525
-0.13,-0.445
-0.163,-1.56
-0.273,-1.008
-0.338,-0.418
-0.54,-3.301
-1.197,-2.9
-1.494,-3.064
-1.642,-3.274
-1.627,-3.213
-2.182,-3.061
-2.105,-3.25
-2.471,-3.317
-3.001,-3.134
-3.108,-3.359
2.434,-3.22
1.776,-3.015
1.067,-3.004
0.939,-3.106
0.016,-3.045
-0.161,-3.266
-0.849,1.401
-1.341,1.217
-1.613,1.441
-2.329,1.164
-3.101,1.375
2.761,1.404
2.871,1.16
1.885,1.245
0.611,1.397
0.262,1.345
0.277,1.135
-2.513,-2.415
1.37,-1.696
-1.103,-1.94
2.719,0.341
1.448,-0.978
1.283,-0.336
0.477,-0.216
-0.779,-0.004
-2.088,-0.068
1.513,-1.437
1.152,-1.437
-0.493,1.087
0.167,0.94
0.356,-2.824
-0.021,-1.499
-0.026,1.1
-0.279,-1.297
-0.766,-2.601
-0.956,-2.616
-1.424,-2.782
-2.497,-2.745
3.029,-2.869
2.145,-2.718
1.981,-2.631
1.718,-2.878
1.391,-2.596
-0.634,1.502
-0.926,1.79
-1.228,1.695
-1.296,1.73
-1.652,1.844
-1.675,1.66
-1.998,1.626
-2.049,1.451
3.089,1.649
2.905,1.916
2.951,2.024
2.429,1.715
1.203,1.828
0.875,1.924
0.858,1.56
0.647,1.547
0.445,1.458
0.504,1.949
1.46,-2.208
1.302,0.569
-0.878,-2.761
-1.212,-2.575
-1.899,-2.835
-2.545,-2.829
1.415,-2.579
2.684,1.796
-0.505,-1.091
-0.419,-2.317
-0.565,-1.049
-0.565,-1.906
-0.595,-0.999
-0.605,-1.488
-0.566,0.199
-0.871,1.161
-0.914,0.06
-0.975,-2.072
-0.991,1.463
-0.995,-2.102
-0.87,-0.134
-1.062,0.302
-1.063,-1.593
-1.216,0.364
-1.123,-0.941
-1.287,0.364
-1.192,0.13
-1.2,-2.348
-1.327,-1.365
-1.265,0.187
-1.447,0.334
-1.585,-0.086
-1.604,-2.364
-1.503,1.322
-1.549,-2.503
-1.665,-0.04
-1.674,-0.443
-1.806,0.994
-1.813,0.121
-1.711,-0.271
-1.879,0.992
-1.897,1.313
-2.034,1.305
-2.041,-2.489
-2.191,-0.591
-2.194,0.092
-2.191,-1.224
-2.44,-1.949
-2.639,0.202
-2.682,-1.49
-2.772,-0.261
-2.9,0.602
-2.945,-2.382
-2.998,-0.674
-3.126,0.104
3.124,-0.492
3.073,-0.249
3.033,0.034
-3.141,-2.37
2.965,1.074
2.955,0.792
2.798,0.287
2.758,-2.305
2.704,-1.278
2.788,0.185
2.64,0.959
2.698,0.96
2.368,-2.333
2.422,-0.267
2.344,-2.572
2.266,-1.052
2.123,0.181
2.116,0.447
1.925,-0.697
1.795,-1.389
1.745,-0.801
1.537,-0.46
1.542,-1.241
1.428,-0.97
1.171,-1.502
1.218,-0.725
1.2,-0.471
1.076,-1.087
0.995,-2.033
0.847,1.184
0.791,-0.295
0.884,-1.361
0.822,-2.09
0.521,-0.621
0.651,-1.079
0.351,-2.021
0.143,-2.118
0.115,-0.457
0.052,0.967
-0.072,-1.057
-0.17,0.023
-0.203,-1.092
-0.313,-0.54
-0.378,0.05
-0.58,-2.833
-1.237,-2.432
-1.534,-2.596
-1.682,-2.806
-1.667,-2.745
-2.222,-2.593
-2.145,-2.782
-2.511,-2.849
-3.041,-2.666
3.135,-2.891
2.394,-2.752
1.736,-2.547
1.027,-2.536
0.899,-2.638
-0.024,-2.577
-0.201,-2.798
-0.889,1.869
-1.381,1.685
-1.653,1.909
-2.369,1.632
-3.141,1.843
2.721,1.872
2.831,1.628
1.845,1.713
0.571,1.865
0.222,1.813
0.237,1.603
-2.553,-1.947
1.33,-1.228
-1.143,-1.472
2.679,0.809
1.408,-0.51
1.243,0.132
0.437,0.252
-0.819,0.464
-2.128,0.4
1.473,-0.969
1.112,-0.969
-0.533,1.555
0.127,1.408
0.316,-2.356
-0.005,2.599
-0.258,0.202
-0.745,-1.102
-0.935,-1.117
-1.403,-1.283
-2.476,-1.246
3.05,-1.37
2.166,-1.219
2.002,-1.132
1.739,-1.379
1.412,-1.097
-0.613,3.001
-0.905,3.289
-1.207,3.194
-1.275,3.229
-1.631,3.343
-1.654,3.159
-1.977,3.125
-2.028,2.95
3.11,3.148
2.926,3.415
2.972,3.523
2.45,3.214
1.224,3.327
0.896,3.423
0.879,3.059
0.668,3.046
0.466,2.957
0.525,3.448
1.481,-0.709
1.323,2.068
-0.857,-1.262
-1.191,-1.076
-1.878,-1.336
-2.524,-1.33
1.436,-1.08
2.705,3.295
-0.484,0.408
-0.398,-0.818
-0.544,0.45
-0.544,-0.407
-0.574,0.5
-0.584,0.011
-0.545,1.698
-0.85,2.66
-0.893,1.559
-0.954,-0.573
-0.97,2.962
-0.974,-0.603
-0.849,1.365
-1.041,1.801
-1.042,-0.094
-1.195,1.863
-1.102,0.558
-1.266,1.863
-1.171,1.629
-1.179,-0.849
-1.306,0.134
-1.244,1.686
-1.426,1.833
-1.564,1.413
-1.583,-0.865
-1.482,2.821
-1.528,-1.004
-1.644,1.459
-1.653,1.056
-1.785,2.493
-1.792,1.62
-1.69,1.228
-1.858,2.491
-1.876,2.812
-2.013,2.804
-2.02,-0.99
-2.17,0.908
-2.173,1.591
-2.17,0.275
-2.419,-0.45
-2.618,1.701
-2.661,0.009
-2.751,1.238
-2.879,2.101
-2.924,-0.883
-2.977,0.825
-3.105,1.603
-3.138,1.007
3.094,1.25
3.054,1.533
-3.12,-0.871
2.986,2.573
2.976,2.291
2.819,1.786
2.779,-0.806
2.725,0.221
2.809,1.684
2.661,2.458
2.719,2.459
2.389,-0.834
2.443,1.232
2.365,-1.073
2.287,0.447
2.144,1.68
2.137,1.946
1.946,0.802
1.816,0.11
1.766,0.698
1.558,1.039
1.563,0.258
1.449,0.529
1.192,-0.003
1.239,0.774
1.221,1.028
1.097,0.412
1.016,-0.534
0.868,2.683
0.812,1.204
0.905,0.138
0.843,-0.591
0.542,0.878
0.672,0.42
0.372,-0.522
0.164,-0.619
0.136,1.042
0.073,2.466
-0.051,0.442
-0.149,1.522
-0.182,0.407
-0.292,0.959
-0.357,1.549
-0.559,-1.334
-1.216,-0.933
-1.513,-1.097
-1.661,-1.307
-1.646,-1.246
-2.201,-1.094
-2.124,-1.283
-2.49,-1.35
-3.02,-1.167
-3.127,-1.392
2.415,-1.253
1.757,-1.048
1.048,-1.037
0.92,-1.139
-0.003,-1.078
-0.18,-1.299
-0.868,3.368
-1.36,3.184
-1.632,3.408
-2.348,3.131
-3.12,3.342
2.742,3.371
2.852,3.127
1.866,3.212
0.592,3.364
0.243,3.312
0.258,3.102
-2.532,-0.448
1.351,0.271
-1.122,0.027
2.7,2.308
1.429,0.989
1.264,1.631
0.458,1.751
-0.798,1.963
-2.107,1.899
1.494,0.53
1.133,0.53
-0.512,3.054
0.148,2.907
0.337,-0.857
-0.253,-2.397
-0.74,-3.701
-0.93,-3.716
-1.398,-3.882
-2.471,-3.845
3.055,-3.969
2.171,-3.818
2.007,-3.731
1.744,-3.978
1.417,-3.696
-0.608,0.402
-0.9,0.69
-1.202,0.595
-1.27,0.63
-1.626,0.744
-1.649,0.56
-1.972,0.526
-2.023,0.351
3.115,0.549
2.931,0.816
2.977,0.924
2.455,0.615
1.229,0.728
0.901,0.824
0.884,0.46
0.673,0.447
0.471,0.358
0.53,0.849
1.486,-3.308
1.328,-0.531
-0.852,-3.861
-1.186,-3.675
-1.873,-3.935
-2.519,-3.929
1.441,-3.679
2.71,0.696
-0.479,-2.191
-0.393,-3.417
-0.539,-2.149
-0.539,-3.006
-0.569,-2.099
-0.579,-2.588
-0.54,-0.901
-0.845,0.061
-0.888,-1.04
-0.949,-3.172
-0.965,0.363
-0.969,-3.202
-0.844,-1.234
-1.036,-0.798
-1.037,-2.693
-1.19,-0.736
-1.097,-2.041
-1.261,-0.736
-1.166,-0.97
-1.174,-3.448
-1.301,-2.465
-1.239,-0.913
-1.421,-0.766
-1.559,-1.186
-1.578,-3.464
-1.477,0.222
-1.523,-3.603
-1.639,-1.14
-1.648,-1.543
-1.78,-0.106
-1.787,-0.979
-1.685,-1.371
-1.853,-0.108
-1.871,0.213
-2.008,0.205
-2.015,-3.589
-2.165,-1.691
-2.168,-1.008
-2.165,-2.324
-2.414,-3.049
-2.613,-0.898
-2.656,-2.59
-2.746,-1.361
-2.874,-0.498
-2.919,-3.482
-2.972,-1.774
-3.1,-0.996
-3.133,-1.592
3.099,-1.349
3.059,-1.066
-3.115,-3.47
2.991,-0.026
2.981,-0.308
2.824,-0.813
2.784,-3.405
2.73,-2.378
2.814,-0.915
2.666,-0.141
2.724,-0.14
2.394,-3.433
2.448,-1.367
2.37,-3.672
2.292,-2.152
2.149,-0.919
2.142,-0.653
1.951,-1.797
1.821,-2.489
1.771,-1.901
1.563,-1.56
1.568,-2.341
1.454,-2.07
1.197,-2.602
1.244,-1.825
1.226,-1.571
1.102,-2.187
1.021,-3.133
0.873,0.084
0.817,-1.395
0.91,-2.461
0.848,-3.19
0.547,-1.721
0.677,-2.179
0.377,-3.121
0.169,-3.218
0.141,-1.557
0.078,-0.133
-0.046,-2.157
-0.144,-1.077
-0.177,-2.192
-0.287,-1.64
-0.352,-1.05
-0.554,-3.933
-1.211,-3.532
-1.508,-3.696
-1.656,-3.906
-1.641,-3.845
-2.196,-3.693
-2.119,-3.882
-2.485,-3.949
-3.015,-3.766
-3.122,-3.991
2.42,-3.852
1.762,-3.647
1.053,-3.636
0.925,-3.738
0.002,-3.677
-0.175,-3.898
-0.863,0.769
-1.355,0.585
-1.627,0.809
-2.343,0.532
-3.115,0.743
2.747,0.772
2.857,0.528
1.871,0.613
0.597,0.765
0.248,0.713
0.263,0.503
-2.527,-3.047
1.356,-2.328
-1.117,-2.572
2.705,-0.291
1.434,-1.61
1.269,-0.968
0.463,-0.848
-0.793,-0.636
-2.102,-0.7
1.499,-2.069
1.138,-2.069
-0.507,0.455
0.153,0.308
0.342,-3.456
-0.487,-1.304
-0.677,-1.319
-1.145,-1.485
-2.218,-1.448
-2.975,-1.572
2.424,-1.421
2.26,-1.334
1.997,-1.581
1.67,-1.299
-0.355,2.799
-0.647,3.087
-0.949,2.992
-1.017,3.027
-1.373,3.141
-1.396,2.957
-1.719,2.923
-1.77,2.748
-2.915,2.946
-3.099,3.213
-3.053,3.321
2.708,3.012
1.482,3.125
1.154,3.221
1.137,2.857
0.926,2.844
0.724,2.755
0.783,3.246
1.739,-0.911
1.581,1.866
-0.599,-1.464
-0.933,-1.278
-1.62,-1.538
-2.266,-1.532
1.694,-1.282
2.963,3.093
-0.226,0.206
-0.14,-1.02
-0.286,0.248
-0.286,-0.609
-0.316,0.298
-0.326,-0.191
-0.287,1.496
-0.592,2.458
-0.635,1.357
-0.696,-0.775
-0.712,2.76
-0.716,-0.805
-0.591,1.163
-0.783,1.599
-0.784,-0.296
-0.937,1.661
-0.844,0.356
-1.008,1.661
-0.913,1.427
-0.921,-1.051
-1.048,-0.068
-0.986,1.484
-1.168,1.631
-1.306,1.211
-1.325,-1.067
-1.224,2.619
-1.27,-1.206
-1.386,1.257
-1.395,0.854
-1.527,2.291
-1.534,1.418
-1.432,1.026
-1.6,2.289
-1.618,2.61
-1.755,2.602
-1.762,-1.192
-1.912,0.706
-1.915,1.389
-1.912,0.073
-2.161,-0.652
-2.36,1.499
-2.403,-0.193
-2.493,1.036
-2.621,1.899
-2.666,-1.085
-2.719,0.623
-2.847,1.401
-2.88,0.805
-2.931,1.048
-2.971,1.331
-2.862,-1.073
-3.039,2.371
-3.049,2.089
3.077,1.584
3.037,-1.008
2.983,0.019
3.067,1.482
2.919,2.256
2.977,2.257
2.647,-1.036
2.701,1.03
2.623,-1.275
2.545,0.245
2.402,1.478
2.395,1.744
2.204,0.6
2.074,-0.092
2.024,0.496
1.816,0.837
1.821,0.056
1.707,0.327
1.45,-0.205
1.497,0.572
1.479,0.826
1.355,0.21
1.274,-0.736
1.126,2.481
1.07,1.002
1.163,-0.064
1.101,-0.793
0.8,0.676
0.93,0.218
0.63,-0.724
0.422,-0.821
0.394,0.84
0.331,2.264
0.207,0.24
0.109,1.32
0.076,0.205
-0.034,0.757
-0.099,1.347
-0.301,-1.536
-0.958,-1.135
-1.255,-1.299
-1.403,-1.509
-1.388,-1.448
-1.943,-1.296
-1.866,-1.485
-2.232,-1.552
-2.762,-1.369
-2.869,-1.594
2.673,-1.455
2.015,-1.25
1.306,-1.239
1.178,-1.341
0.255,-1.28
0.078,-1.501
-0.61,3.166
-1.102,2.982
-1.374,3.206
-2.09,2.929
-2.862,3.14
3.0,3.169
3.11,2.925
2.124,3.01
0.85,3.162
0.501,3.11
0.516,2.9
-2.274,-0.65
1.609,0.069
-0.864,-0.175
2.958,2.106
1.687,0.787
1.522,1.429
0.716,1.549
-0.54,1.761
-1.849,1.697
1.752,0.328
1.391,0.328
-0.254,2.852
0.406,2.705
0.595,-1.059
-0.19,-0.015
-0.658,-0.181
-1.731,-0.144
-2.488,-0.268
2.911,-0.117
2.747,-0.03
2.484,-0.277
2.157,0.005
0.132,4.103
-0.16,4.391
-0.462,4.296
-0.53,4.331
-0.886,4.445
-0.909,4.261
-1.232,4.227
-1.283,4.052
-2.428,4.25
-2.612,4.517
-2.566,4.625
-3.088,4.316
1.969,4.429
1.641,4.525
1.624,4.161
1.413,4.148
1.211,4.059
1.27,4.55
2.226,0.393
2.068,3.17
-0.112,-0.16
-0.446,0.026
-1.133,-0.234
-1.779,-0.228
2.181,0.022
-2.833,4.397
0.261,1.51
0.347,0.284
0.201,1.552
0.201,0.695
0.171,1.602
0.161,1.113
0.2,2.8
-0.105,3.762
-0.148,2.661
-0.209,0.529
-0.225,4.064
-0.229,0.499
-0.104,2.467
-0.296,2.903
-0.297,1.008
-0.45,2.965
-0.357,1.66
-0.521,2.965
-0.426,2.731
-0.434,0.253
-0.561,1.236
-0.499,2.788
-0.681,2.935
-0.819,2.515
-0.838,0.237
-0.737,3.923
-0.783,0.098
-0.899,2.561
-0.908,2.158
-1.04,3.595
-1.047,2.722
-0.945,2.33
-1.113,3.593
-1.131,3.914
-1.268,3.906
-1.275,0.112
-1.425,2.01
-1.428,2.693
-1.425,1.377
-1.674,0.652
-1.873,2.803
-1.916,1.111
-2.006,2.34
-2.134,3.203
-2.179,0.219
-2.232,1.927
-2.36,2.705
-2.393,2.109
-2.444,2.352
-2.484,2.635
-2.375,0.231
-2.552,3.675
-2.562,3.393
-2.719,2.888
-2.759,0.296
-2.813,1.323
-2.729,2.786
-2.877,3.56
-2.819,3.561
3.134,0.268
-3.095,2.334
3.11,0.029
3.032,1.549
2.889,2.782
2.882,3.048
2.691,1.904
2.561,1.212
2.511,1.8
2.303,2.141
2.308,1.36
2.194,1.631
1.937,1.099
1.984,1.876
1.966,2.13
1.842,1.514
1.761,0.568
1.613,3.785
1.557,2.306
1.65,1.24
1.588,0.511
1.287,1.98
1.417,1.522
1.117,0.58
0.909,0.483
0.881,2.144
0.818,3.568
0.694,1.544
0.596,2.624
0.563,1.509
0.453,2.061
0.388,2.651
0.186,-0.232
-0.471,0.169
-0.768,0.005
-0.916,-0.205
-0.901,-0.144
-1.456,0.008
-1.379,-0.181
-1.745,-0.248
-2.275,-0.065
-2.382,-0.29
-3.123,-0.151
2.502,0.054
1.793,0.065
1.665,-0.037
0.742,0.024
0.565,-0.197
-0.123,4.47
-0.615,4.286
-0.887,4.51
-1.603,4.233
-2.375,4.444
-2.796,4.473
-2.686,4.229
2.611,4.314
1.337,4.466
0.988,4.414
1.003,4.204
-1.787,0.654
2.096,1.373
-0.377,1.129
-2.838,3.41
2.174,2.091
2.009,2.733
1.203,2.853
-0.053,3.065
-1.362,3.001
2.239,1.632
1.878,1.632
0.233,4.156
0.893,4.009
1.082,0.245
-0.468,-0.166
-1.541,-0.129
-2.298,-0.253
3.101,-0.102
2.937,-0.015
2.674,-0.262
2.347,0.02
0.322,4.118
0.03,4.406
-0.272,4.311
-0.34,4.346
-0.696,4.46
-0.719,4.276
-1.042,4.242
-1.093,4.067
-2.238,4.265
-2.422,4.532
-2.376,4.64
-2.898,4.331
2.159,4.444
1.831,4.54
1.814,4.176
1.603,4.163
1.401,4.074
1.46,4.565
2.416,0.408
2.258,3.185
0.078,-0.145
-0.256,0.041
-0.943,-0.219
-1.589,-0.213
2.371,0.037
-2.643,4.412
0.451,1.525
0.537,0.299
0.391,1.567
0.391,0.71
0.361,1.617
0.351,1.128
0.39,2.815
0.085,3.777
0.042,2.676
-0.019,0.544
-0.035,4.079
-0.039,0.514
0.086,2.482
-0.106,2.918
-0.107,1.023
-0.26,2.98
-0.167,1.675
-0.331,2.98
-0.236,2.746
-0.244,0.268
-0.371,1.251
-0.309,2.803
-0.491,2.95
-0.629,2.53
-0.648,0.252
-0.547,3.938
-0.593,0.113
-0.709,2.576
-0.718,2.173
-0.85,3.61
-0.857,2.737
-0.755,2.345
-0.923,3.608
-0.941,3.929
-1.078,3.921
-1.085,0.127
-1.235,2.025
-1.238,2.708
-1.235,1.392
-1.484,0.667
-1.683,2.818
-1.726,1.126
-1.816,2.355
-1.944,3.218
-1.989,0.234
-2.042,1.942
-2.17,2.72
-2.203,2.124
-2.254,2.367
-2.294,2.65
-2.185,0.246
-2.362,3.69
-2.372,3.408
-2.529,2.903
-2.569,0.311
-2.623,1.338
-2.539,2.801
-2.687,3.575
-2.629,3.576
-2.959,0.283
-2.905,2.349
-2.983,0.044
-3.061,1.564
3.079,2.797
3.072,3.063
2.881,1.919
2.751,1.227
2.701,1.815
2.493,2.156
2.498,1.375
2.384,1.646
2.127,1.114
2.174,1.891
2.156,2.145
2.032,1.529
1.951,0.583
1.803,3.8
1.747,2.321
1.84,1.255
1.778,0.526
1.477,1.995
1.607,1.537
1.307,0.595
1.099,0.498
1.071,2.159
1.008,3.583
0.884,1.559
0.786,2.639
0.753,1.524
0.643,2.076
0.578,2.666
0.376,-0.217
-0.281,0.184
-0.578,0.02
-0.726,-0.19
-0.711,-0.129
-1.266,0.023
-1.189,-0.166
-1.555,-0.233
-2.085,-0.05
-2.192,-0.275
-2.933,-0.136
2.692,0.069
1.983,0.08
1.855,-0.022
0.932,0.039
0.755,-0.182
0.067,4.485
-0.425,4.301
-0.697,4.525
-1.413,4.248
-2.185,4.459
-2.606,4.488
-2.496,4.244
2.801,4.329
1.527,4.481
1.178,4.429
1.193,4.219
-1.597,0.669
2.286,1.388
-0.187,1.144
-2.648,3.425
2.364,2.106
2.199,2.748
1.393,2.868
0.137,3.08
-1.172,3.016
2.429,1.647
2.068,1.647
0.423,4.171
1.083,4.024
1.272,0.26
-1.073,0.037
-1.83,-0.087
-2.714,0.064
-2.878,0.151
-3.141,-0.096
2.815,0.186
0.79,4.284
0.498,4.572
0.196,4.477
0.128,4.512
-0.228,4.626
-0.251,4.442
-0.574,4.408
-0.625,4.233
-1.77,4.431
-1.954,4.698
-1.908,4.806
-2.43,4.497
2.627,4.61
2.299,4.706
2.282,4.342
2.071,4.329
1.869,4.24
1.928,4.731
2.884,0.574
2.726,3.351
0.546,0.021
0.212,0.207
-0.475,-0.053
-1.121,-0.047
2.839,0.203
-2.175,4.578
0.919,1.691
1.005,0.465
0.859,1.733
0.859,0.876
0.829,1.783
0.819,1.294
0.858,2.981
0.553,3.943
0.51,2.842
0.449,0.71
0.433,4.245
0.429,0.68
0.554,2.648
0.362,3.084
0.361,1.189
0.208,3.146
0.301,1.841
0.137,3.146
0.232,2.912
0.224,0.434
0.097,1.417
0.159,2.969
-0.023,3.116
-0.161,2.696
-0.18,0.418
-0.079,4.104
-0.125,0.279
-0.241,2.742
-0.25,2.339
-0.382,3.776
-0.389,2.903
-0.287,2.511
-0.455,3.774
-0.473,4.095
-0.61,4.087
-0.617,0.293
-0.767,2.191
-0.77,2.874
-0.767,1.558
-1.016,0.833
-1.215,2.984
-1.258,1.292
-1.348,2.521
-1.476,3.384
-1.521,0.4
-1.574,2.108
-1.702,2.886
-1.735,2.29
-1.786,2.533
-1.826,2.816
-1.717,0.412
-1.894,3.856
-1.904,3.574
-2.061,3.069
-2.101,0.477
-2.155,1.504
-2.071,2.967
-2.219,3.741
-2.161,3.742
-2.491,0.449
-2.437,2.515
-2.515,0.21
-2.593,1.73
-2.736,2.963
-2.743,3.229
-2.934,2.085
-3.064,1.393
-3.114,1.981
2.961,2.322
2.966,1.541
2.852,1.812
2.595,1.28
2.642,2.057
2.624,2.311
2.5,1.695
2.419,0.749
2.271,3.966
2.215,2.487
2.308,1.421
2.246,0.692
1.945,2.161
2.075,1.703
1.775,0.761
1.567,0.664
1.539,2.325
1.476,3.749
1.352,1.725
1.254,2.805
1.221,1.69
1.111,2.242
1.046,2.832
0.844,-0.051
0.187,0.35
-0.11,0.186
-0.258,-0.024
-0.243,0.037
-0.798,0.189
-0.721,0.0
-1.087,-0.067
-1.617,0.116
-1.724,-0.109
-2.465,0.03
-3.123,0.235
2.451,0.246
2.323,0.144
1.4,0.205
1.223,-0.016
0.535,4.651
0.043,4.467
-0.229,4.691
-0.945,4.414
-1.717,4.625
-2.138,4.654
-2.028,4.41
-3.014,4.495
1.995,4.647
1.646,4.595
1.661,4.385
-1.129,0.835
2.754,1.554
0.281,1.31
-2.18,3.591
2.832,2.272
2.667,2.914
1.861,3.034
0.605,3.246
-0.704,3.182
2.897,1.813
2.536,1.813
0.891,4.337
1.551,4.19
1.74,0.426
-0.757,-0.124
-1.641,0.027
-1.805,0.114
-2.068,-0.133
-2.395,0.149
1.863,4.247
1.571,4.535
1.269,4.44
1.201,4.475
0.845,4.589
0.822,4.405
0.499,4.371
0.448,4.196
-0.697,4.394
-0.881,4.661
-0.835,4.769
-1.357,4.46
-2.583,4.573
-2.911,4.669
-2.928,4.305
-3.139,4.292
2.942,4.203
3.001,4.694
-2.326,0.537
-2.484,3.314
1.619,-0.016
1.285,0.17
0.598,-0.09
-0.048,-0.084
-2.371,0.166
-1.102,4.541
1.992,1.654
2.078,0.428
1.932,1.696
1.932,0.839
1.902,1.746
1.892,1.257
1.931,2.944
1.626,3.906
1.583,2.805
1.522,0.673
1.506,4.208
1.502,0.643
1.627,2.611
1.435,3.047
1.434,1.152
1.281,3.109
1.374,1.804
1.21,3.109
1.305,2.875
1.297,0.397
1.17,1.38
1.232,2.932
1.05,3.079
0.912,2.659
0.893,0.381
0.994,4.067
0.948,0.242
0.832,2.705
0.823,2.302
0.691,3.739
0.684,2.866
0.786,2.474
0.618,3.737
0.6,4.058
0.463,4.05
0.456,0.256
0.306,2.154
0.303,2.837
0.306,1.521
0.057,0.796
-0.142,2.947
-0.185,1.255
-0.275,2.484
-0.403,3.347
-0.448,0.363
-0.501,2.071
-0.629,2.849
-0.662,2.253
-0.713,2.496
-0.753,2.779
-0.644,0.375
-0.821,3.819
-0.831,3.537
-0.988,3.032
-1.028,0.44
-1.082,1.467
-0.998,2.93
-1.146,3.704
-1.088,3.705
-1.418,0.412
-1.364,2.478
-1.442,0.173
-1.52,1.693
-1.663,2.926
-1.67,3.192
-1.861,2.048
-1.991,1.356
-2.041,1.944
-2.249,2.285
-2.244,1.504
-2.358,1.775
-2.615,1.243
-2.568,2.02
-2.586,2.274
-2.71,1.658
-2.791,0.712
-2.939,3.929
-2.995,2.45
-2.902,1.384
-2.964,0.655
3.018,2.124
-3.135,1.666
2.848,0.724
2.64,0.627
2.612,2.288
2.549,3.712
2.425,1.688
2.327,2.768
2.294,1.653
2.184,2.205
2.119,2.795
1.917,-0.088
1.26,0.313
0.963,0.149
0.815,-0.061
0.83,0.0
0.275,0.152
0.352,-0.037
-0.014,-0.104
-0.544,0.079
-0.651,-0.146
-1.392,-0.007
-2.05,0.198
-2.759,0.209
-2.887,0.107
2.473,0.168
2.296,-0.053
1.608,4.614
1.116,4.43
0.844,4.654
0.128,4.377
-0.644,4.588
-1.065,4.617
-0.955,4.373
-1.941,4.458
3.068,4.61
2.719,4.558
2.734,4.348
-0.056,0.798
-2.456,1.517
1.354,1.273
-1.107,3.554
-2.378,2.235
-2.543,2.877
2.934,2.997
1.678,3.209
0.369,3.145
-2.313,1.776
-2.674,1.776
1.964,4.3
2.624,4.153
2.813,0.389
-0.884,0.151
-1.048,0.238
-1.311,-0.009
-1.638,0.273
2.62,4.371
2.328,4.659
2.026,4.564
1.958,4.599
1.602,4.713
1.579,4.529
1.256,4.495
1.205,4.32
0.06,4.518
-0.124,4.785
-0.078,4.893
-0.6,4.584
-1.826,4.697
-2.154,4.793
-2.171,4.429
-2.382,4.416
-2.584,4.327
-2.525,4.818
-1.569,0.661
-1.727,3.438
2.376,0.108
2.042,0.294
1.355,0.034
0.709,0.04
-1.614,0.29
-0.345,4.665
2.749,1.778
2.835,0.552
2.689,1.82
2.689,0.963
2.659,1.87
2.649,1.381
2.688,3.068
2.383,4.03
2.34,2.929
2.279,0.797
2.263,4.332
2.259,0.767
2.384,2.735
2.192,3.171
2.191,1.276
2.038,3.233
2.131,1.928
1.967,3.233
2.062,2.999
2.054,0.521
1.927,1.504
1.989,3.056
1.807,3.203
1.669,2.783
1.65,0.505
1.751,4.191
1.705,0.366
1.589,2.829
1.58,2.426
1.448,3.863
1.441,2.99
1.543,2.598
1.375,3.861
1.357,4.182
1.22,4.174
1.213,0.38
1.063,2.278
1.06,2.961
1.063,1.645
0.814,0.92
0.615,3.071
0.572,1.379
0.482,2.608
0.354,3.471
0.309,0.487
0.256,2.195
0.128,2.973
0.095,2.377
0.044,2.62
0.004,2.903
0.113,0.499
-0.064,3.943
-0.074,3.661
-0.231,3.156
-0.271,0.564
-0.325,1.591
-0.241,3.054
-0.389,3.828
-0.331,3.829
-0.661,0.536
-0.607,2.602
-0.685,0.297
-0.763,1.817
-0.906,3.05
-0.913,3.316
-1.104,2.172
-1.234,1.48
-1.284,2.068
-1.492,2.409
-1.487,1.628
-1.601,1.899
-1.858,1.367
-1.811,2.144
-1.829,2.398
-1.953,1.782
-2.034,0.836
-2.182,4.053
-2.238,2.574
-2.145,1.508
-2.207,0.779
-2.508,2.248
-2.378,1.79
-2.678,0.848
-2.886,0.751
-2.914,2.412
-2.977,3.836
-3.101,1.812
3.084,2.892
3.051,1.777
2.941,2.329
2.876,2.919
2.674,0.036
2.017,0.437
1.72,0.273
1.572,0.063
1.587,0.124
1.032,0.276
1.109,0.087
0.743,0.02
0.213,0.203
0.106,-0.022
-0.635,0.117
-1.293,0.322
-2.002,0.333
-2.13,0.231
-3.053,0.292
3.053,0.071
2.365,4.738
1.873,4.554
1.601,4.778
0.885,4.501
0.113,4.712
-0.308,4.741
-0.198,4.497
-1.184,4.582
-2.458,4.734
-2.807,4.682
-2.792,4.472
0.701,0.922
-1.699,1.641
2.111,1.397
-0.35,3.678
-1.621,2.359
-1.786,3.001
-2.592,3.121
2.435,3.333
1.126,3.269
-1.556,1.9
-1.917,1.9
2.721,4.424
-2.902,4.277
-2.713,0.513
-0.164,0.087
-0.427,-0.16
-0.754,0.122
-2.779,4.22
-3.071,4.508
2.91,4.413
2.842,4.448
2.486,4.562
2.463,4.378
2.14,4.344
2.089,4.169
0.944,4.367
0.76,4.634
0.806,4.742
0.284,4.433
-0.942,4.546
-1.27,4.642
-1.287,4.278
-1.498,4.265
-1.7,4.176
-1.641,4.667
-0.685,0.51
-0.843,3.287
-3.023,-0.043
2.926,0.143
2.239,-0.117
1.593,-0.111
-0.73,0.139
0.539,4.514
-2.65,1.627
-2.564,0.401
-2.71,1.669
-2.71,0.812
-2.74,1.719
-2.75,1.23
-2.711,2.917
-3.016,3.879
-3.059,2.778
-3.12,0.646
-3.136,4.181
-3.14,0.616
-3.015,2.584
3.076,3.02
3.075,1.125
2.922,3.082
3.015,1.777
2.851,3.082
2.946,2.848
2.938,0.37
2.811,1.353
2.873,2.905
2.691,3.052
2.553,2.632
2.534,0.354
2.635,4.04
2.589,0.215
2.473,2.678
2.464,2.275
2.332,3.712
2.325,2.839
2.427,2.447
2.259,3.71
2.241,4.031
2.104,4.023
2.097,0.229
1.947,2.127
1.944,2.81
1.947,1.494
1.698,0.769
1.499,2.92
1.456,1.228
1.366,2.457
1.238,3.32
1.193,0.336
1.14,2.044
1.012,2.822
0.979,2.226
0.928,2.469
0.888,2.752
0.997,0.348
0.82,3.792
0.81,3.51
0.653,3.005
0.613,0.413
0.559,1.44
0.643,2.903
0.495,3.677
0.553,3.678
0.223,0.385
0.277,2.451
0.199,0.146
0.121,1.666
-0.022,2.899
-0.029,3.165
-0.22,2.021
-0.35,1.329
-0.4,1.917
-0.608,2.258
-0.603,1.477
-0.717,1.748
-0.974,1.216
-0.927,1.993
-0.945,2.247
-1.069,1.631
-1.15,0.685
-1.298,3.902
-1.354,2.423
-1.261,1.357
-1.323,0.628
-1.624,2.097
-1.494,1.639
-1.794,0.697
-2.002,0.6
-2.03,2.261
-2.093,3.685
-2.217,1.661
-2.315,2.741
-2.348,1.626
-2.458,2.178
-2.523,2.768
-2.725,-0.115
2.901,0.286
2.604,0.122
2.456,-0.088
2.471,-0.027
1.916,0.125
1.993,-0.064
1.627,-0.131
1.097,0.052
0.99,-0.173
0.249,-0.034
-0.409,0.171
-1.118,0.182
-1.246,0.08
-2.169,0.141
-2.346,-0.08
-3.034,4.587
2.757,4.403
2.485,4.627
1.769,4.35
0.997,4.561
0.576,4.59
0.686,4.346
-0.3,4.431
-1.574,4.583
-1.923,4.531
-1.908,4.321
1.585,0.771
-0.815,1.49
2.995,1.246
0.534,3.527
-0.737,2.208
-0.902,2.85
-1.708,2.97
-2.964,3.182
2.01,3.118
-0.672,1.749
-1.033,1.749
-2.678,4.273
-2.018,4.126
-1.829,0.362
-0.263,-0.247
-0.59,0.035
-2.615,4.133
-2.907,4.421
3.074,4.326
3.006,4.361
2.65,4.475
2.627,4.291
2.304,4.257
2.253,4.082
1.108,4.28
0.924,4.547
0.97,4.655
0.448,4.346
-0.778,4.459
-1.106,4.555
-1.123,4.191
-1.334,4.178
-1.536,4.089
-1.477,4.58
-0.521,0.423
-0.679,3.2
-2.859,-0.13
3.09,0.056
2.403,-0.204
1.757,-0.198
-0.566,0.052
0.703,4.427
-2.486,1.54
-2.4,0.314
-2.546,1.582
-2.546,0.725
-2.576,1.632
-2.586,1.143
-2.547,2.83
-2.852,3.792
-2.895,2.691
-2.956,0.559
-2.972,4.094
-2.976,0.529
-2.851,2.497
-3.043,2.933
-3.044,1.038
3.086,2.995
-3.104,1.69
3.015,2.995
3.11,2.761
3.102,0.283
2.975,1.266
3.037,2.818
2.855,2.965
2.717,2.545
2.698,0.267
2.799,3.953
2.753,0.128
2.637,2.591
2.628,2.188
2.496,3.625
2.489,2.752
2.591,2.36
2.423,3.623
2.405,3.944
2.268,3.936
2.261,0.142
2.111,2.04
2.108,2.723
2.111,1.407
1.862,0.682
1.663,2.833
1.62,1.141
1.53,2.37
1.402,3.233
1.357,0.249
1.304,1.957
1.176,2.735
1.143,2.139
1.092,2.382
1.052,2.665
1.161,0.261
0.984,3.705
0.974,3.423
0.817,2.918
0.777,0.326
0.723,1.353
0.807,2.816
0.659,3.59
0.717,3.591
0.387,0.298
0.441,2.364
0.363,0.059
0.285,1.579
0.142,2.812
0.135,3.078
-0.056,1.934
-0.186,1.242
-0.236,1.83
-0.444,2.171
-0.439,1.39
-0.553,1.661
-0.81,1.129
-0.763,1.906
-0.781,2.16
-0.905,1.544
-0.986,0.598
-1.134,3.815
-1.19,2.336
-1.097,1.27
-1.159,0.541
-1.46,2.01
-1.33,1.552
-1.63,0.61
-1.838,0.513
-1.866,2.174
-1.929,3.598
-2.053,1.574
-2.151,2.654
-2.184,1.539
-2.294,2.091
-2.359,2.681
-2.561,-0.202
3.065,0.199
2.768,0.035
2.62,-0.175
2.635,-0.114
2.08,0.038
2.157,-0.151
1.791,-0.218
1.261,-0.035
1.154,-0.26
0.413,-0.121
-0.245,0.084
-0.954,0.095
-1.082,-0.007
-2.005,0.054
-2.182,-0.167
-2.87,4.5
2.921,4.316
2.649,4.54
1.933,4.263
1.161,4.474
0.74,4.503
0.85,4.259
-0.136,4.344
-1.41,4.496
-1.759,4.444
-1.744,4.234
1.749,0.684
-0.651,1.403
-3.124,1.159
0.698,3.44
-0.573,2.121
-0.738,2.763
-1.544,2.883
-2.8,3.095
2.174,3.031
-0.508,1.662
-0.869,1.662
-2.514,4.186
-1.854,4.039
-1.665,0.275
-0.327,0.282
-2.352,4.38
-2.644,4.668
-2.946,4.573
-3.014,4.608
2.913,4.722
2.89,4.538
2.567,4.504
2.516,4.329
1.371,4.527
1.187,4.794
1.233,4.902
0.711,4.593
-0.515,4.706
-0.843,4.802
-0.86,4.438
-1.071,4.425
-1.273,4.336
-1.214,4.827
-0.258,0.67
-0.416,3.447
-2.596,0.117
-2.93,0.303
2.666,0.043
2.02,0.049
-0.303,0.299
0.966,4.674
-2.223,1.787
-2.137,0.561
-2.283,1.829
-2.283,0.972
-2.313,1.879
-2.323,1.39
-2.284,3.077
-2.589,4.039
-2.632,2.938
-2.693,0.806
-2.709,4.341
-2.713,0.776
-2.588,2.744
-2.78,3.18
-2.781,1.285
-2.934,3.242
-2.841,1.937
-3.005,3.242
-2.91,3.008
-2.918,0.53
-3.045,1.513
-2.983,3.065
3.118,3.212
2.98,2.792
2.961,0.514
3.062,4.2
3.016,0.375
2.9,2.838
2.891,2.435
2.759,3.872
2.752,2.999
2.854,2.607
2.686,3.87
2.668,4.191
2.531,4.183
2.524,0.389
2.374,2.287
2.371,2.97
2.374,1.654
2.125,0.929
1.926,3.08
1.883,1.388
1.793,2.617
1.665,3.48
1.62,0.496
1.567,2.204
1.439,2.982
1.406,2.386
1.355,2.629
1.315,2.912
1.424,0.508
1.247,3.952
1.237,3.67
1.08,3.165
1.04,0.573
0.986,1.6
1.07,3.063
0.922,3.837
0.98,3.838
0.65,0.545
0.704,2.611
0.626,0.306
0.548,1.826
0.405,3.059
0.398,3.325
0.207,2.181
0.077,1.489
0.027,2.077
-0.181,2.418
-0.176,1.637
-0.29,1.908
-0.547,1.376
-0.5,2.153
-0.518,2.407
-0.642,1.791
-0.723,0.845
-0.871,4.062
-0.927,2.583
-0.834,1.517
-0.896,0.788
-1.197,2.257
-1.067,1.799
-1.367,0.857
-1.575,0.76
-1.603,2.421
-1.666,3.845
-1.79,1.821
-1.888,2.901
-1.921,1.786
-2.031,2.338
-2.096,2.928
-2.298,0.045
-2.955,0.446
3.031,0.282
2.883,0.072
2.898,0.133
2.343,0.285
2.42,0.096
2.054,0.029
1.524,0.212
1.417,-0.013
0.676,0.126
0.018,0.331
-0.691,0.342
-0.819,0.24
-1.742,0.301
-1.919,0.08
-2.607,4.747
-3.099,4.563
2.912,4.787
2.196,4.51
1.424,4.721
1.003,4.75
1.113,4.506
0.127,4.591
-1.147,4.743
-1.496,4.691
-1.481,4.481
2.012,0.931
-0.388,1.65
-2.861,1.406
0.961,3.687
-0.31,2.368
-0.475,3.01
-1.281,3.13
-2.537,3.342
2.437,3.278
-0.245,1.909
-0.606,1.909
-2.251,4.433
-1.591,4.286
-1.402,0.522
-2.025,4.098
-2.317,4.386
-2.619,4.291
-2.687,4.326
-3.043,4.44
-3.066,4.256
2.894,4.222
2.843,4.047
1.698,4.245
1.514,4.512
1.56,4.62
1.038,4.311
-0.188,4.424
-0.516,4.52
-0.533,4.156
-0.744,4.143
-0.946,4.054
-0.887,4.545
0.069,0.388
-0.089,3.165
-2.269,-0.165
-2.603,0.021
2.993,-0.239
2.347,-0.233
0.024,0.017
1.293,4.392
-1.896,1.505
-1.81,0.279
-1.956,1.547
-1.956,0.69
-1.986,1.597
-1.996,1.108
-1.957,2.795
-2.262,3.757
-2.305,2.656
-2.366,0.524
-2.382,4.059
-2.386,0.494
-2.261,2.462
-2.453,2.898
-2.454,1.003
-2.607,2.96
-2.514,1.655
-2.678,2.96
-2.583,2.726
-2.591,0.248
-2.718,1.231
-2.656,2.783
-2.838,2.93
-2.976,2.51
-2.995,0.232
-2.894,3.918
-2.94,0.093
-3.056,2.556
-3.065,2.153
3.086,3.59
3.079,2.717
-3.102,2.325
3.013,3.588
2.995,3.909
2.858,3.901
2.851,0.107
2.701,2.005
2.698,2.688
2.701,1.372
2.452,0.647
2.253,2.798
2.21,1.106
2.12,2.335
1.992,3.198
1.947,0.214
1.894,1.922
1.766,2.7
1.733,2.104
1.682,2.347
1.642,2.63
1.751,0.226
1.574,3.67
1.564,3.388
1.407,2.883
1.367,0.291
1.313,1.318
1.397,2.781
1.249,3.555
1.307,3.556
0.977,0.263
1.031,2.329
0.953,0.024
0.875,1.544
0.732,2.777
0.725,3.043
0.534,1.899
0.404,1.207
0.354,1.795
0.146,2.136
0.151,1.355
0.037,1.626
-0.22,1.094
-0.173,1.871
-0.191,2.125
-0.315,1.509
-0.396,0.563
-0.544,3.78
-0.6,2.301
-0.507,1.235
-0.569,0.506
-0.87,1.975
-0.74,1.517
-1.04,0.575
-1.248,0.478
-1.276,2.139
-1.339,3.563
-1.463,1.539
-1.561,2.619
-1.594,1.504
-1.704,2.056
-1.769,2.646
-1.971,-0.237
-2.628,0.164
-2.925,0.0
-3.073,-0.21
-3.058,-0.149
2.67,0.003
2.747,-0.186
2.381,-0.253
1.851,-0.07
1.744,-0.295
1.003,-0.156
0.345,0.049
-0.364,0.06
-0.492,-0.042
-1.415,0.019
-1.592,-0.202
-2.28,4.465
-2.772,4.281
-3.044,4.505
2.523,4.228
1.751,4.439
1.33,4.468
1.44,4.224
0.454,4.309
-0.82,4.461
-1.169,4.409
-1.154,4.199
2.339,0.649
-0.061,1.368
-2.534,1.124
1.288,3.405
0.017,2.086
-0.148,2.728
-0.954,2.848
-2.21,3.06
2.764,2.996
0.082,1.627
-0.279,1.627
-1.924,4.151
-1.264,4.004
-1.075,0.24
-0.292,0.288
-0.594,0.193
-0.662,0.228
-1.018,0.342
-1.041,0.158
-1.364,0.124
-1.415,-0.051
-2.56,0.147
-2.744,0.414
-2.698,0.522
3.063,0.213
1.837,0.326
1.509,0.422
1.492,0.058
1.281,0.045
1.079,-0.044
1.138,0.447
2.094,-3.71
1.936,-0.933
-0.244,-4.263
-0.578,-4.077
-1.265,-4.337
-1.911,-4.331
2.049,-4.081
-2.965,0.294
0.129,-2.593
0.215,-3.819
0.069,-2.551
0.069,-3.408
0.039,-2.501
0.029,-2.99
0.068,-1.303
-0.237,-0.341
-0.28,-1.442
-0.341,-3.574
-0.357,-0.039
-0.361,-3.604
-0.236,-1.636
-0.428,-1.2
-0.429,-3.095
-0.582,-1.138
-0.489,-2.443
-0.653,-1.138
-0.558,-1.372
-0.566,-3.85
-0.693,-2.867
-0.631,-1.315
-0.813,-1.168
-0.951,-1.588
-0.97,-3.866
-0.869,-0.18
-0.915,-4.005
-1.031,-1.542
-1.04,-1.945
-1.172,-0.508
-1.179,-1.381
-1.077,-1.773
-1.245,-0.51
-1.263,-0.189
-1.4,-0.197
-1.407,-3.991
-1.557,-2.093
-1.56,-1.41
-1.557,-2.726
-1.806,-3.451
-2.005,-1.3
-2.048,-2.992
-2.138,-1.763
-2.266,-0.9
-2.311,-3.884
-2.364,-2.176
-2.492,-1.398
-2.525,-1.994
-2.576,-1.751
-2.616,-1.468
-2.507,-3.872
-2.684,-0.428
-2.694,-0.71
-2.851,-1.215
-2.891,-3.807
-2.945,-2.78
-2.861,-1.317
-3.009,-0.543
-2.951,-0.542
3.002,-3.835
3.056,-1.769
2.978,-4.074
2.9,-2.554
2.757,-1.321
2.75,-1.055
2.559,-2.199
2.429,-2.891
2.379,-2.303
2.171,-1.962
2.176,-2.743
2.062,-2.472
1.805,-3.004
1.852,-2.227
1.834,-1.973
1.71,-2.589
1.629,-3.535
1.481,-0.318
1.425,-1.797
1.518,-2.863
1.456,-3.592
1.155,-2.123
1.285,-2.581
0.985,-3.523
0.777,-3.62
0.749,-1.959
0.686,-0.535
0.562,-2.559
0.464,-1.479
0.431,-2.594
0.321,-2.042
0.256,-1.452
0.054,-4.335
-0.603,-3.934
-0.9,-4.098
-1.048,-4.308
-1.033,-4.247
-1.588,-4.095
-1.511,-4.284
-1.877,-4.351
-2.407,-4.168
-2.514,-4.393
3.028,-4.254
2.37,-4.049
1.661,-4.038
1.533,-4.14
0.61,-4.079
0.433,-4.3
-0.255,0.367
-0.747,0.183
-1.019,0.407
-1.735,0.13
-2.507,0.341
-2.928,0.37
-2.818,0.126
2.479,0.211
1.205,0.363
0.856,0.311
0.871,0.101
-1.919,-3.449
1.964,-2.73
-0.509,-2.974
-2.97,-0.693
2.042,-2.012
1.877,-1.37
1.071,-1.25
-0.185,-1.038
-1.494,-1.102
2.107,-2.471
1.746,-2.471
0.101,0.053
0.761,-0.094
0.95,-3.858
-0.302,-0.095
-0.37,-0.06
-0.726,0.054
-0.749,-0.13
-1.072,-0.164
-1.123,-0.339
-2.268,-0.141
-2.452,0.126
-2.406,0.234
-2.928,-0.075
2.129,0.038
1.801,0.134
1.784,-0.23
1.573,-0.243
1.371,-0.332
1.43,0.159
2.386,-3.998
2.228,-1.221
0.048,-4.551
-0.286,-4.365
-0.973,-4.625
-1.619,-4.619
2.341,-4.369
-2.673,0.006
0.421,-2.881
0.507,-4.107
0.361,-2.839
0.361,-3.696
0.331,-2.789
0.321,-3.278
0.36,-1.591
0.055,-0.629
0.012,-1.73
-0.049,-3.862
-0.065,-0.327
-0.069,-3.892
0.056,-1.924
-0.136,-1.488
-0.137,-3.383
-0.29,-1.426
-0.197,-2.731
-0.361,-1.426
-0.266,-1.66
-0.274,-4.138
-0.401,-3.155
-0.339,-1.603
-0.521,-1.456
-0.659,-1.876
-0.678,-4.154
-0.577,-0.468
-0.623,-4.293
-0.739,-1.83
-0.748,-2.233
-0.88,-0.796
-0.887,-1.669
-0.785,-2.061
-0.953,-0.798
-0.971,-0.477
-1.108,-0.485
-1.115,-4.279
-1.265,-2.381
-1.268,-1.698
-1.265,-3.014
-1.514,-3.739
-1.713,-1.588
-1.756,-3.28
-1.846,-2.051
-1.974,-1.188
-2.019,-4.172
-2.072,-2.464
-2.2,-1.686
-2.233,-2.282
-2.284,-2.039
-2.324,-1.756
-2.215,-4.16
-2.392,-0.716
-2.402,-0.998
-2.559,-1.503
-2.599,-4.095
-2.653,-3.068
-2.569,-1.605
-2.717,-0.831
-2.659,-0.83
-2.989,-4.123
-2.935,-2.057
-3.013,-4.362
-3.091,-2.842
3.049,-1.609
3.042,-1.343
2.851,-2.487
2.721,-3.179
2.671,-2.591
2.463,-2.25
2.468,-3.031
2.354,-2.76
2.097,-3.292
2.144,-2.515
2.126,-2.261
2.002,-2.877
1.921,-3.823
1.773,-0.606
1.717,-2.085
1.81,-3.151
1.748,-3.88
1.447,-2.411
1.577,-2.869
1.277,-3.811
1.069,-3.908
1.041,-2.247
0.978,-0.823
0.854,-2.847
0.756,-1.767
0.723,-2.882
0.613,-2.33
0.548,-1.74
0.346,-4.623
-0.311,-4.222
-0.608,-4.386
-0.756,-4.596
-0.741,-4.535
-1.296,-4.383
-1.219,-4.572
-1.585,-4.639
-2.115,-4.456
-2.222,-4.681
-2.963,-4.542
2.662,-4.337
1.953,-4.326
1.825,-4.428
0.902,-4.367
0.725,-4.588
0.037,0.079
-0.455,-0.105
-0.727,0.119
-1.443,-0.158
-2.215,0.053
-2.636,0.082
-2.526,-0.162
2.771,-0.077
1.497,0.075
1.148,0.023
1.163,-0.187
-1.627,-3.737
2.256,-3.018
-0.217,-3.262
-2.678,-0.981
2.334,-2.3
2.169,-1.658
1.363,-1.538
0.107,-1.326
-1.202,-1.39
2.399,-2.759
2.038,-2.759
0.393,-0.235
1.053,-0.382
1.242,-4.146
-0.068,0.035
-0.424,0.149
-0.447,-0.035
-0.77,-0.069
-0.821,-0.244
-1.966,-0.046
-2.15,0.221
-2.104,0.329
-2.626,0.02
2.431,0.133
2.103,0.229
2.086,-0.135
1.875,-0.148
1.673,-0.237
1.732,0.254
2.688,-3.903
2.53,-1.126
0.35,-4.456
0.016,-4.27
-0.671,-4.53
-1.317,-4.524
2.643,-4.274
-2.371,0.101
0.723,-2.786
0.809,-4.012
0.663,-2.744
0.663,-3.601
0.633,-2.694
0.623,-3.183
0.662,-1.496
0.357,-0.534
0.314,-1.635
0.253,-3.767
0.237,-0.232
0.233,-3.797
0.358,-1.829
0.166,-1.393
0.165,-3.288
0.012,-1.331
0.105,-2.636
-0.059,-1.331
0.036,-1.565
0.028,-4.043
-0.099,-3.06
-0.037,-1.508
-0.219,-1.361
-0.357,-1.781
-0.376,-4.059
-0.275,-0.373
-0.321,-4.198
-0.437,-1.735
-0.446,-2.138
-0.578,-0.701
-0.585,-1.574
-0.483,-1.966
-0.651,-0.703
-0.669,-0.382
-0.806,-0.39
-0.813,-4.184
-0.963,-2.286
-0.966,-1.603
-0.963,-2.919
-1.212,-3.644
-1.411,-1.493
-1.454,-3.185
-1.544,-1.956
-1.672,-1.093
-1.717,-4.077
-1.77,-2.369
-1.898,-1.591
-1.931,-2.187
-1.982,-1.944
-2.022,-1.661
-1.913,-4.065
-2.09,-0.621
-2.1,-0.903
-2.257,-1.408
-2.297,-4.0
-2.351,-2.973
-2.267,-1.51
-2.415,-0.736
-2.357,-0.735
-2.687,-4.028
-2.633,-1.962
-2.711,-4.267
-2.789,-2.747
-2.932,-1.514
-2.939,-1.248
-3.13,-2.392
3.023,-3.084
2.973,-2.496
2.765,-2.155
2.77,-2.936
2.656,-2.665
2.399,-3.197
2.446,-2.42
2.428,-2.166
2.304,-2.782
2.223,-3.728
2.075,-0.511
2.019,-1.99
2.112,-3.056
2.05,-3.785
1.749,-2.316
1.879,-2.774
1.579,-3.716
1.371,-3.813
1.343,-2.152
1.28,-0.728
1.156,-2.752
1.058,-1.672
1.025,-2.787
0.915,-2.235
0.85,-1.645
0.648,-4.528
-0.009,-4.127
-0.306,-4.291
-0.454,-4.501
-0.439,-4.44
-0.994,-4.288
-0.917,-4.477
-1.283,-4.544
-1.813,-4.361
-1.92,-4.586
-2.661,-4.447
2.964,-4.242
2.255,-4.231
2.127,-4.333
1.204,-4.272
1.027,-4.493
0.339,0.174
-0.153,-0.01
-0.425,0.214
-1.141,-0.063
-1.913,0.148
-2.334,0.177
-2.224,-0.067
3.073,0.018
1.799,0.17
1.45,0.118
1.465,-0.092
-1.325,-3.642
2.558,-2.923
0.085,-3.167
-2.376,-0.886
2.636,-2.205
2.471,-1.563
1.665,-1.443
0.409,-1.231
-0.9,-1.295
2.701,-2.664
2.34,-2.664
0.695,-0.14
1.355,-0.287
1.544,-4.051
-0.356,0.114
-0.379,-0.07
-0.702,-0.104
-0.753,-0.279
-1.898,-0.081
-2.082,0.186
-2.036,0.294
-2.558,-0.015
2.499,0.098
2.171,0.194
2.154,-0.17
1.943,-0.183
1.741,-0.272
1.8,0.219
2.756,-3.938
2.598,-1.161
0.418,-4.491
0.084,-4.305
-0.603,-4.565
-1.249,-4.559
2.711,-4.309
-2.303,0.066
0.791,-2.821
0.877,-4.047
0.731,-2.779
0.731,-3.636
0.701,-2.729
0.691,-3.218
0.73,-1.531
0.425,-0.569
0.382,-1.67
0.321,-3.802
0.305,-0.267
0.301,-3.832
0.426,-1.864
0.234,-1.428
0.233,-3.323
0.08,-1.366
0.173,-2.671
0.009,-1.366
0.104,-1.6
0.096,-4.078
-0.031,-3.095
0.031,-1.543
-0.151,-1.396
-0.289,-1.816
-0.308,-4.094
-0.207,-0.408
-0.253,-4.233
-0.369,-1.77
-0.378,-2.173
-0.51,-0.736
-0.517,-1.609
-0.415,-2.001
-0.583,-0.738
-0.601,-0.417
-0.738,-0.425
-0.745,-4.219
-0.895,-2.321
-0.898,-1.638
-0.895,-2.954
-1.144,-3.679
-1.343,-1.528
-1.386,-3.22
-1.476,-1.991
-1.604,-1.128
-1.649,-4.112
-1.702,-2.404
-1.83,-1.626
-1.863,-2.222
-1.914,-1.979
-1.954,-1.696
-1.845,-4.1
-2.022,-0.656
-2.032,-0.938
-2.189,-1.443
-2.229,-4.035
-2.283,-3.008
-2.199,-1.545
-2.347,-0.771
-2.289,-0.77
-2.619,-4.063
-2.565,-1.997
-2.643,-4.302
-2.721,-2.782
-2.864,-1.549
-2.871,-1.283
-3.062,-2.427
3.091,-3.119
3.041,-2.531
2.833,-2.19
2.838,-2.971
2.724,-2.7
2.467,-3.232
2.514,-2.455
2.496,-2.201
2.372,-2.817
2.291,-3.763
2.143,-0.546
2.087,-2.025
2.18,-3.091
2.118,-3.82
1.817,-2.351
1.947,-2.809
1.647,-3.751
1.439,-3.848
1.411,-2.187
1.348,-0.763
1.224,-2.787
1.126,-1.707
1.093,-2.822
0.983,-2.27
0.918,-1.68
0.716,-4.563
0.059,-4.162
-0.238,-4.326
-0.386,-4.536
-0.371,-4.475
-0.926,-4.323
-0.849,-4.512
-1.215,-4.579
-1.745,-4.396
-1.852,-4.621
-2.593,-4.482
3.032,-4.277
2.323,-4.266
2.195,-4.368
1.272,-4.307
1.095,-4.528
0.407,0.139
-0.085,-0.045
-0.357,0.179
-1.073,-0.098
-1.845,0.113
-2.266,0.142
-2.156,-0.102
3.141,-0.017
1.867,0.135
1.518,0.083
1.533,-0.127
-1.257,-3.677
2.626,-2.958
0.153,-3.202
-2.308,-0.921
2.704,-2.24
2.539,-1.598
1.733,-1.478
0.477,-1.266
-0.832,-1.33
2.769,-2.699
2.408,-2.699
0.763,-0.175
1.423,-0.322
1.612,-4.086
-0.023,-0.184
-0.346,-0.218
-0.397,-0.393
-1.542,-0.195
-1.726,0.072
-1.68,0.18
-2.202,-0.129
2.855,-0.016
2.527,0.08
2.51,-0.284
2.299,-0.297
2.097,-0.386
2.156,0.105
3.112,-4.052
2.954,-1.275
0.774,-4.605
0.44,-4.419
-0.247,-4.679
-0.893,-4.673
3.067,-4.423
-1.947,-0.048
1.147,-2.935
1.233,-4.161
1.087,-2.893
1.087,-3.75
1.057,-2.843
1.047,-3.332
1.086,-1.645
0.781,-0.683
0.738,-1.784
0.677,-3.916
0.661,-0.381
0.657,-3.946
0.782,-1.978
0.59,-1.542
0.589,-3.437
0.436,-1.48
0.529,-2.785
0.365,-1.48
0.46,-1.714
0.452,-4.192
0.325,-3.209
0.387,-1.657
0.205,-1.51
0.067,-1.93
0.048,-4.208
0.149,-0.522
0.103,-4.347
-0.013,-1.884
-0.022,-2.287
-0.154,-0.85
-0.161,-1.723
-0.059,-2.115
-0.227,-0.852
-0.245,-0.531
-0.382,-0.539
-0.389,-4.333
-0.539,-2.435
-0.542,-1.752
-0.539,-3.068
-0.788,-3.793
-0.987,-1.642
-1.03,-3.334
-1.12,-2.105
-1.248,-1.242
-1.293,-4.226
-1.346,-2.518
-1.474,-1.74
-1.507,-2.336
-1.558,-2.093
-1.598,-1.81
-1.489,-4.214
-1.666,-0.77
-1.676,-1.052
-1.833,-1.557
-1.873,-4.149
-1.927,-3.122
-1.843,-1.659
-1.991,-0.885
-1.933,-0.884
-2.263,-4.177
-2.209,-2.111
-2.287,-4.416
-2.365,-2.896
-2.508,-1.663
-2.515,-1.397
-2.706,-2.541
-2.836,-3.233
-2.886,-2.645
-3.094,-2.304
-3.089,-3.085
3.08,-2.814
2.823,-3.346
2.87,-2.569
2.852,-2.315
2.728,-2.931
2.647,-3.877
2.499,-0.66
2.443,-2.139
2.536,-3.205
2.474,-3.934
2.173,-2.465
2.303,-2.923
2.003,-3.865
1.795,-3.962
1.767,-2.301
1.704,-0.877
1.58,-2.901
1.482,-1.821
1.449,-2.936
1.339,-2.384
1.274,-1.794
1.072,-4.677
0.415,-4.276
0.118,-4.44
-0.03,-4.65
-0.015,-4.589
-0.57,-4.437
-0.493,-4.626
-0.859,-4.693
-1.389,-4.51
-1.496,-4.735
-2.237,-4.596
-2.895,-4.391
2.679,-4.38
2.551,-4.482
1.628,-4.421
1.451,-4.642
0.763,0.025
0.271,-0.159
-0.001,0.065
-0.717,-0.212
-1.489,-0.001
-1.91,0.028
-1.8,-0.216
-2.786,-0.131
2.223,0.021
1.874,-0.031
1.889,-0.241
-0.901,-3.791
2.982,-3.072
0.509,-3.316
-1.952,-1.035
3.06,-2.354
2.895,-1.712
2.089,-1.592
0.833,-1.38
-0.476,-1.444
3.125,-2.813
2.764,-2.813
1.119,-0.289
1.779,-0.436
1.968,-4.2
-0.323,-0.034
-0.374,-0.209
-1.519,-0.011
-1.703,0.256
-1.657,0.364
-2.179,0.055
2.878,0.168
2.55,0.264
2.533,-0.1
2.322,-0.113
2.12,-0.202
2.179,0.289
3.135,-3.868
2.977,-1.091
0.797,-4.421
0.463,-4.235
-0.224,-4.495
-0.87,-4.489
3.09,-4.239
-1.924,0.136
1.17,-2.751
1.256,-3.977
1.11,-2.709
1.11,-3.566
1.08,-2.659
1.07,-3.148
1.109,-1.461
0.804,-0.499
0.761,-1.6
0.7,-3.732
0.684,-0.197
0.68,-3.762
0.805,-1.794
0.613,-1.358
0.612,-3.253
0.459,-1.296
0.552,-2.601
0.388,-1.296
0.483,-1.53
0.475,-4.008
0.348,-3.025
0.41,-1.473
0.228,-1.326
0.09,-1.746
0.071,-4.024
0.172,-0.338
0.126,-4.163
0.01,-1.7
0.001,-2.103
-0.131,-0.666
-0.138,-1.539
-0.036,-1.931
-0.204,-0.668
-0.222,-0.347
-0.359,-0.355
-0.366,-4.149
-0.516,-2.251
-0.519,-1.568
-0.516,-2.884
-0.765,-3.609
-0.964,-1.458
-1.007,-3.15
-1.097,-1.921
-1.225,-1.058
-1.27,-4.042
-1.323,-2.334
-1.451,-1.556
-1.484,-2.152
-1.535,-1.909
-1.575,-1.626
-1.466,-4.03
-1.643,-0.586
-1.653,-0.868
-1.81,-1.373
-1.85,-3.965
-1.904,-2.938
-1.82,-1.475
-1.968,-0.701
-1.91,-0.7
-2.24,-3.993
-2.186,-1.927
-2.264,-4.232
-2.342,-2.712
-2.485,-1.479
-2.492,-1.213
-2.683,-2.357
-2.813,-3.049
-2.863,-2.461
-3.071,-2.12
-3.066,-2.901
3.103,-2.63
2.846,-3.162
2.893,-2.385
2.875,-2.131
2.751,-2.747
2.67,-3.693
2.522,-0.476
2.466,-1.955
2.559,-3.021
2.497,-3.75
2.196,-2.281
2.326,-2.739
2.026,-3.681
1.818,-3.778
1.79,-2.117
1.727,-0.693
1.603,-2.717
1.505,-1.637
1.472,-2.752
1.362,-2.2
1.297,-1.61
1.095,-4.493
0.438,-4.092
0.141,-4.256
-0.007,-4.466
0.008,-4.405
-0.547,-4.253
-0.47,-4.442
-0.836,-4.509
-1.366,-4.326
-1.473,-4.551
-2.214,-4.412
-2.872,-4.207
2.702,-4.196
2.574,-4.298
1.651,-4.237
1.474,-4.458
0.786,0.209
0.294,0.025
0.022,0.249
-0.694,-0.028
-1.466,0.183
-1.887,0.212
-1.777,-0.032
-2.763,0.053
2.246,0.205
1.897,0.153
1.912,-0.057
-0.878,-3.607
3.005,-2.888
0.532,-3.132
-1.929,-0.851
3.083,-2.17
2.918,-1.528
2.112,-1.408
0.856,-1.196
-0.453,-1.26
-3.135,-2.629
2.787,-2.629
1.142,-0.105
1.802,-0.252
1.991,-4.016
-0.051,-0.175
-1.196,0.023
-1.38,0.29
-1.334,0.398
-1.856,0.089
-3.082,0.202
2.873,0.298
2.856,-0.066
2.645,-0.079
2.443,-0.168
2.502,0.323
-2.825,-3.834
-2.983,-1.057
1.12,-4.387
0.786,-4.201
0.099,-4.461
-0.547,-4.455
-2.87,-4.205
-1.601,0.17
1.493,-2.717
1.579,-3.943
1.433,-2.675
1.433,-3.532
1.403,-2.625
1.393,-3.114
1.432,-1.427
1.127,-0.465
1.084,-1.566
1.023,-3.698
1.007,-0.163
1.003,-3.728
1.128,-1.76
0.936,-1.324
0.935,-3.219
0.782,-1.262
0.875,-2.567
0.711,-1.262
0.806,-1.496
0.798,-3.974
0.671,-2.991
0.733,-1.439
0.551,-1.292
0.413,-1.712
0.394,-3.99
0.495,-0.304
0.449,-4.129
0.333,-1.666
0.324,-2.069
0.192,-0.632
0.185,-1.505
0.287,-1.897
0.119,-0.634
0.101,-0.313
-0.036,-0.321
-0.043,-4.115
-0.193,-2.217
-0.196,-1.534
-0.193,-2.85
-0.442,-3.575
-0.641,-1.424
-0.684,-3.116
-0.774,-1.887
-0.902,-1.024
-0.947,-4.008
-1.0,-2.3
-1.128,-1.522
-1.161,-2.118
-1.212,-1.875
-1.252,-1.592
-1.143,-3.996
-1.32,-0.552
-1.33,-0.834
-1.487,-1.339
-1.527,-3.931
-1.581,-2.904
-1.497,-1.441
-1.645,-0.667
-1.587,-0.666
-1.917,-3.959
-1.863,-1.893
-1.941,-4.198
-2.019,-2.678
-2.162,-1.445
-2.169,-1.179
-2.36,-2.323
-2.49,-3.015
-2.54,-2.427
-2.748,-2.086
-2.743,-2.867
-2.857,-2.596
-3.114,-3.128
-3.067,-2.351
-3.085,-2.097
3.074,-2.713
2.993,-3.659
2.845,-0.442
2.789,-1.921
2.882,-2.987
2.82,-3.716
2.519,-2.247
2.649,-2.705
2.349,-3.647
2.141,-3.744
2.113,-2.083
2.05,-0.659
1.926,-2.683
1.828,-1.603
1.795,-2.718
1.685,-2.166
1.62,-1.576
1.418,-4.459
0.761,-4.058
0.464,-4.222
0.316,-4.432
0.331,-4.371
-0.224,-4.219
-0.147,-4.408
-0.513,-4.475
-1.043,-4.292
-1.15,-4.517
-1.891,-4.378
-2.549,-4.173
3.025,-4.162
2.897,-4.264
1.974,-4.203
1.797,-4.424
1.109,0.243
0.617,0.059
0.345,0.283
-0.371,0.006
-1.143,0.217
-1.564,0.246
-1.454,0.002
-2.44,0.087
2.569,0.239
2.22,0.187
2.235,-0.023
-0.555,-3.573
-2.955,-2.854
0.855,-3.098
-1.606,-0.817
-2.877,-2.136
-3.042,-1.494
2.435,-1.374
1.179,-1.162
-0.13,-1.226
-2.812,-2.595
3.11,-2.595
1.465,-0.071
2.125,-0.218
2.314,-3.982
-1.145,0.198
-1.329,0.465
-1.283,0.573
-1.805,0.264
-3.031,0.377
2.924,0.473
2.907,0.109
2.696,0.096
2.494,0.007
2.553,0.498
-2.774,-3.659
-2.932,-0.882
1.171,-4.212
0.837,-4.026
0.15,-4.286
-0.496,-4.28
-2.819,-4.03
-1.55,0.345
1.544,-2.542
1.63,-3.768
1.484,-2.5
1.484,-3.357
1.454,-2.45
1.444,-2.939
1.483,-1.252
1.178,-0.29
1.135,-1.391
1.074,-3.523
1.058,0.012
1.054,-3.553
1.179,-1.585
0.987,-1.149
0.986,-3.044
0.833,-1.087
0.926,-2.392
0.762,-1.087
0.857,-1.321
0.849,-3.799
0.722,-2.816
0.784,-1.264
0.602,-1.117
0.464,-1.537
0.445,-3.815
0.546,-0.129
0.5,-3.954
0.384,-1.491
0.375,-1.894
0.243,-0.457
0.236,-1.33
0.338,-1.722
0.17,-0.459
0.152,-0.138
0.015,-0.146
0.008,-3.94
-0.142,-2.042
-0.145,-1.359
-0.142,-2.675
-0.391,-3.4
-0.59,-1.249
-0.633,-2.941
-0.723,-1.712
-0.851,-0.849
-0.896,-3.833
-0.949,-2.125
-1.077,-1.347
-1.11,-1.943
-1.161,-1.7
-1.201,-1.417
-1.092,-3.821
-1.269,-0.377
-1.279,-0.659
-1.436,-1.164
-1.476,-3.756
-1.53,-2.729
-1.446,-1.266
-1.594,-0.492
-1.536,-0.491
-1.866,-3.784
-1.812,-1.718
-1.89,-4.023
-1.968,-2.503
-2.111,-1.27
-2.118,-1.004
-2.309,-2.148
-2.439,-2.84
-2.489,-2.252
-2.697,-1.911
-2.692,-2.692
-2.806,-2.421
-3.063,-2.953
-3.016,-2.176
-3.034,-1.922
3.125,-2.538
3.044,-3.484
2.896,-0.267
2.84,-1.746
2.933,-2.812
2.871,-3.541
2.57,-2.072
2.7,-2.53
2.4,-3.472
2.192,-3.569
2.164,-1.908
2.101,-0.484
1.977,-2.508
1.879,-1.428
1.846,-2.543
1.736,-1.991
1.671,-1.401
1.469,-4.284
0.812,-3.883
0.515,-4.047
0.367,-4.257
0.382,-4.196
-0.173,-4.044
-0.096,-4.233
-0.462,-4.3
-0.992,-4.117
-1.099,-4.342
-1.84,-4.203
-2.498,-3.998
3.076,-3.987
2.948,-4.089
2.025,-4.028
1.848,-4.249
1.16,0.418
0.668,0.234
0.396,0.458
-0.32,0.181
-1.092,0.392
-1.513,0.421
-1.403,0.177
-2.389,0.262
2.62,0.414
2.271,0.362
2.286,0.152
-0.504,-3.398
-2.904,-2.679
0.906,-2.923
-1.555,-0.642
-2.826,-1.961
-2.991,-1.319
2.486,-1.199
1.23,-0.987
-0.079,-1.051
-2.761,-2.42
-3.122,-2.42
1.516,0.104
2.176,-0.043
2.365,-3.807
-0.184,0.267
-0.138,0.375
-0.66,0.066
-1.886,0.179
-2.214,0.275
-2.231,-0.089
-2.442,-0.102
-2.644,-0.191
-2.585,0.3
-1.629,-3.857
-1.787,-1.08
2.316,-4.41
1.982,-4.224
1.295,-4.484
0.649,-4.478
-1.674,-4.228
-0.405,0.147
2.689,-2.74
2.775,-3.966
2.629,-2.698
2.629,-3.555
2.599,-2.648
2.589,-3.137
2.628,-1.45
2.323,-0.488
2.28,-1.589
2.219,-3.721
2.203,-0.186
2.199,-3.751
2.324,-1.783
2.132,-1.347
2.131,-3.242
1.978,-1.285
2.071,-2.59
1.907,-1.285
2.002,-1.519
1.994,-3.997
1.867,-3.014
1.929,-1.462
1.747,-1.315
1.609,-1.735
1.59,-4.013
1.691,-0.327
1.645,-4.152
1.529,-1.689
1.52,-2.092
1.388,-0.655
1.381,-1.528
1.483,-1.92
1.315,-0.657
1.297,-0.336
1.16,-0.344
1.153,-4.138
1.003,-2.24
1.0,-1.557
1.003,-2.873
0.754,-3.598
0.555,-1.447
0.512,-3.139
0.422,-1.91
0.294,-1.047
0.249,-4.031
0.196,-2.323
0.068,-1.545
0.035,-2.141
-0.016,-1.898
-0.056,-1.615
0.053,-4.019
-0.124,-0.575
-0.134,-0.857
-0.291,-1.362
-0.331,-3.954
-0.385,-2.927
-0.301,-1.464
-0.449,-0.69
-0.391,-0.689
-0.721,-3.982
-0.667,-1.916
-0.745,-4.221
-0.823,-2.701
-0.966,-1.468
-0.973,-1.202
-1.164,-2.346
-1.294,-3.038
-1.344,-2.45
-1.552,-2.109
-1.547,-2.89
-1.661,-2.619
-1.918,-3.151
-1.871,-2.374
-1.889,-2.12
-2.013,-2.736
-2.094,-3.682
-2.242,-0.465
-2.298,-1.944
-2.205,-3.01
-2.267,-3.739
-2.568,-2.27
-2.438,-2.728
-2.738,-3.67
-2.946,-3.767
-2.974,-2.106
-3.037,-0.682
3.122,-2.706
3.024,-1.626
2.991,-2.741
2.881,-2.189
2.816,-1.599
2.614,-4.482
1.957,-4.081
1.66,-4.245
1.512,-4.455
1.527,-4.394
0.972,-4.242
1.049,-4.431
0.683,-4.498
0.153,-4.315
0.046,-4.54
-0.695,-4.401
-1.353,-4.196
-2.062,-4.185
-2.19,-4.287
-3.113,-4.226
2.993,-4.447
2.305,0.22
1.813,0.036
1.541,0.26
0.825,-0.017
0.053,0.194
-0.368,0.223
-0.258,-0.021
-1.244,0.064
-2.518,0.216
-2.867,0.164
-2.852,-0.046
0.641,-3.596
-1.759,-2.877
2.051,-3.121
-0.41,-0.84
-1.681,-2.159
-1.846,-1.517
-2.652,-1.397
2.375,-1.185
1.066,-1.249
-1.616,-2.618
-1.977,-2.618
2.661,-0.094
-2.962,-0.241
-2.773,-4.005
0.046,0.108
-0.476,-0.201
-1.702,-0.088
-2.03,0.008
-2.047,-0.356
-2.258,-0.369
-2.46,-0.458
-2.401,0.033
-1.445,-4.124
-1.603,-1.347
2.5,-4.677
2.166,-4.491
1.479,-4.751
0.833,-4.745
-1.49,-4.495
-0.221,-0.12
2.873,-3.007
2.959,-4.233
2.813,-2.965
2.813,-3.822
2.783,-2.915
2.773,-3.404
2.812,-1.717
2.507,-0.755
2.464,-1.856
2.403,-3.988
2.387,-0.453
2.383,-4.018
2.508,-2.05
2.316,-1.614
2.315,-3.509
2.162,-1.552
2.255,-2.857
2.091,-1.552
2.186,-1.786
2.178,-4.264
2.051,-3.281
2.113,-1.729
1.931,-1.582
1.793,-2.002
1.774,-4.28
1.875,-0.594
1.829,-4.419
1.713,-1.956
1.704,-2.359
1.572,-0.922
1.565,-1.795
1.667,-2.187
1.499,-0.924
1.481,-0.603
1.344,-0.611
1.337,-4.405
1.187,-2.507
1.184,-1.824
1.187,-3.14
0.938,-3.865
0.739,-1.714
0.696,-3.406
0.606,-2.177
0.478,-1.314
0.433,-4.298
0.38,-2.59
0.252,-1.812
0.219,-2.408
0.168,-2.165
0.128,-1.882
0.237,-4.286
0.06,-0.842
0.05,-1.124
-0.107,-1.629
-0.147,-4.221
-0.201,-3.194
-0.117,-1.731
-0.265,-0.957
-0.207,-0.956
-0.537,-4.249
-0.483,-2.183
-0.561,-4.488
-0.639,-2.968
-0.782,-1.735
-0.789,-1.469
-0.98,-2.613
-1.11,-3.305
-1.16,-2.717
-1.368,-2.376
-1.363,-3.157
-1.477,-2.886
-1.734,-3.418
-1.687,-2.641
-1.705,-2.387
-1.829,-3.003
-1.91,-3.949
-2.058,-0.732
-2.114,-2.211
-2.021,-3.277
-2.083,-4.006
-2.384,-2.537
-2.254,-2.995
-2.554,-3.937
-2.762,-4.034
-2.79,-2.373
-2.853,-0.949
-2.977,-2.973
-3.075,-1.893
-3.108,-3.008
3.065,-2.456
3.0,-1.866
2.798,-4.749
2.141,-4.348
1.844,-4.512
1.696,-4.722
1.711,-4.661
1.156,-4.509
1.233,-4.698
0.867,-4.765
0.337,-4.582
0.23,-4.807
-0.511,-4.668
-1.169,-4.463
-1.878,-4.452
-2.006,-4.554
-2.929,-4.493
-3.106,-4.714
2.489,-0.047
1.997,-0.231
1.725,-0.007
1.009,-0.284
0.237,-0.073
-0.184,-0.044
-0.074,-0.288
-1.06,-0.203
-2.334,-0.051
-2.683,-0.103
-2.668,-0.313
0.825,-3.863
-1.575,-3.144
2.235,-3.388
-0.226,-1.107
-1.497,-2.426
-1.662,-1.784
-2.468,-1.664
2.559,-1.452
1.25,-1.516
-1.432,-2.885
-1.793,-2.885
2.845,-0.361
-2.778,-0.508
-2.589,-4.272
-0.522,-0.309
-1.748,-0.196
-2.076,-0.1
-2.093,-0.464
-2.304,-0.477
-2.506,-0.566
-2.447,-0.075
-1.491,-4.232
-1.649,-1.455
2.454,-4.785
2.12,-4.599
1.433,-4.859
0.787,-4.853
-1.536,-4.603
-0.267,-0.228
2.827,-3.115
2.913,-4.341
2.767,-3.073
2.767,-3.93
2.737,-3.023
2.727,-3.512
2.766,-1.825
2.461,-0.863
2.418,-1.964
2.357,-4.096
2.341,-0.561
2.337,-4.126
2.462,-2.158
2.27,-1.722
2.269,-3.617
2.116,-1.66
2.209,-2.965
2.045,-1.66
2.14,-1.894
2.132,-4.372
2.005,-3.389
2.067,-1.837
1.885,-1.69
1.747,-2.11
1.728,-4.388
1.829,-0.702
1.783,-4.527
1.667,-2.064
1.658,-2.467
1.526,-1.03
1.519,-1.903
1.621,-2.295
1.453,-1.032
1.435,-0.711
1.298,-0.719
1.291,-4.513
1.141,-2.615
1.138,-1.932
1.141,-3.248
0.892,-3.973
0.693,-1.822
0.65,-3.514
0.56,-2.285
0.432,-1.422
0.387,-4.406
0.334,-2.698
0.206,-1.92
0.173,-2.516
0.122,-2.273
0.082,-1.99
0.191,-4.394
0.014,-0.95
0.004,-1.232
-0.153,-1.737
-0.193,-4.329
-0.247,-3.302
-0.163,-1.839
-0.311,-1.065
-0.253,-1.064
-0.583,-4.357
-0.529,-2.291
-0.607,-4.596
-0.685,-3.076
-0.828,-1.843
-0.835,-1.577
-1.026,-2.721
-1.156,-3.413
-1.206,-2.825
-1.414,-2.484
-1.409,-3.265
-1.523,-2.994
-1.78,-3.526
-1.733,-2.749
-1.751,-2.495
-1.875,-3.111
-1.956,-4.057
-2.104,-0.84
-2.16,-2.319
-2.067,-3.385
-2.129,-4.114
-2.43,-2.645
-2.3,-3.103
-2.6,-4.045
-2.808,-4.142
-2.836,-2.481
-2.899,-1.057
-3.023,-3.081
-3.121,-2.001
3.129,-3.116
3.019,-2.564
2.954,-1.974
2.752,-4.857
2.095,-4.456
1.798,-4.62
1.65,-4.83
1.665,-4.769
1.11,-4.617
1.187,-4.806
0.821,-4.873
0.291,-4.69
0.184,-4.915
-0.557,-4.776
-1.215,-4.571
-1.924,-4.56
-2.052,-4.662
-2.975,-4.601
3.131,-4.822
2.443,-0.155
1.951,-0.339
1.679,-0.115
0.963,-0.392
0.191,-0.181
-0.23,-0.152
-0.12,-0.396
-1.106,-0.311
-2.38,-0.159
-2.729,-0.211
-2.714,-0.421
0.779,-3.971
-1.621,-3.252
2.189,-3.496
-0.272,-1.215
-1.543,-2.534
-1.708,-1.892
-2.514,-1.772
2.513,-1.56
1.204,-1.624
-1.478,-2.993
-1.839,-2.993
2.799,-0.469
-2.824,-0.616
-2.635,-4.38
-1.226,0.113
-1.554,0.209
-1.571,-0.155
-1.782,-0.168
-1.984,-0.257
-1.925,0.234
-0.969,-3.923
-1.127,-1.146
2.976,-4.476
2.642,-4.29
1.955,-4.55
1.309,-4.544
-1.014,-4.294
0.255,0.081
-2.934,-2.806
-2.848,-4.032
-2.994,-2.764
-2.994,-3.621
-3.024,-2.714
-3.034,-3.203
-2.995,-1.516
2.983,-0.554
2.94,-1.655
2.879,-3.787
2.863,-0.252
2.859,-3.817
2.984,-1.849
2.792,-1.413
2.791,-3.308
2.638,-1.351
2.731,-2.656
2.567,-1.351
2.662,-1.585
2.654,-4.063
2.527,-3.08
2.589,-1.528
2.407,-1.381
2.269,-1.801
2.25,-4.079
2.351,-0.393
2.305,-4.218
2.189,-1.755
2.18,-2.158
2.048,-0.721
2.041,-1.594
2.143,-1.986
1.975,-0.723
1.957,-0.402
1.82,-0.41
1.813,-4.204
1.663,-2.306
1.66,-1.623
1.663,-2.939
1.414,-3.664
1.215,-1.513
1.172,-3.205
1.082,-1.976
0.954,-1.113
0.909,-4.097
0.856,-2.389
0.728,-1.611
0.695,-2.207
0.644,-1.964
0.604,-1.681
0.713,-4.085
0.536,-0.641
0.526,-0.923
0.369,-1.428
0.329,-4.02
0.275,-2.993
0.359,-1.53
0.211,-0.756
0.269,-0.755
-0.061,-4.048
-0.007,-1.982
-0.085,-4.287
-0.163,-2.767
-0.306,-1.534
-0.313,-1.268
-0.504,-2.412
-0.634,-3.104
-0.684,-2.516
-0.892,-2.175
-0.887,-2.956
-1.001,-2.685
-1.258,-3.217
-1.211,-2.44
-1.229,-2.186
-1.353,-2.802
-1.434,-3.748
-1.582,-0.531
-1.638,-2.01
-1.545,-3.076
-1.607,-3.805
-1.908,-2.336
-1.778,-2.794
-2.078,-3.736
-2.286,-3.833
-2.314,-2.172
-2.377,-0.748
-2.501,-2.772
-2.599,-1.692
-2.632,-2.807
-2.742,-2.255
-2.807,-1.665
-3.009,-4.548
2.617,-4.147
2.32,-4.311
2.172,-4.521
2.187,-4.46
1.632,-4.308
1.709,-4.497
1.343,-4.564
0.813,-4.381
0.706,-4.606
-0.035,-4.467
-0.693,-4.262
-1.402,-4.251
-1.53,-4.353
-2.453,-4.292
-2.63,-4.513
2.965,0.154
2.473,-0.03
2.201,0.194
1.485,-0.083
0.713,0.128
0.292,0.157
0.402,-0.087
-0.584,-0.002
-1.858,0.15
-2.207,0.098
-2.192,-0.112
1.301,-3.662
-1.099,-2.943
2.711,-3.187
0.25,-0.906
-1.021,-2.225
-1.186,-1.583
-1.992,-1.463
3.035,-1.251
1.726,-1.315
-0.956,-2.684
-1.317,-2.684
-2.962,-0.16
-2.302,-0.307
-2.113,-4.071
-0.328,0.096
-0.345,-0.268
-0.556,-0.281
-0.758,-0.37
-0.699,0.121
0.257,-4.036
0.099,-1.259
-2.081,-4.589
-2.415,-4.403
-3.102,-4.663
2.535,-4.657
0.212,-4.407
1.481,-0.032
-1.708,-2.919
-1.622,-4.145
-1.768,-2.877
-1.768,-3.734
-1.798,-2.827
-1.808,-3.316
-1.769,-1.629
-2.074,-0.667
-2.117,-1.768
-2.178,-3.9
-2.194,-0.365
-2.198,-3.93
-2.073,-1.962
-2.265,-1.526
-2.266,-3.421
-2.419,-1.464
-2.326,-2.769
-2.49,-1.464
-2.395,-1.698
-2.403,-4.176
-2.53,-3.193
-2.468,-1.641
-2.65,-1.494
-2.788,-1.914
-2.807,-4.192
-2.706,-0.506
-2.752,-4.331
-2.868,-1.868
-2.877,-2.271
-3.009,-0.834
-3.016,-1.707
-2.914,-2.099
-3.082,-0.836
-3.1,-0.515
3.046,-0.523
3.039,-4.317
2.889,-2.419
2.886,-1.736
2.889,-3.052
2.64,-3.777
2.441,-1.626
2.398,-3.318
2.308,-2.089
2.18,-1.226
2.135,-4.21
2.082,-2.502
1.954,-1.724
1.921,-2.32
1.87,-2.077
1.83,-1.794
1.939,-4.198
1.762,-0.754
1.752,-1.036
1.595,-1.541
1.555,-4.133
1.501,-3.106
1.585,-1.643
1.437,-0.869
1.495,-0.868
1.165,-4.161
1.219,-2.095
1.141,-4.4
1.063,-2.88
0.92,-1.647
0.913,-1.381
0.722,-2.525
0.592,-3.217
0.542,-2.629
0.334,-2.288
0.339,-3.069
0.225,-2.798
-0.032,-3.33
0.015,-2.553
-0.003,-2.299
-0.127,-2.915
-0.208,-3.861
-0.356,-0.644
-0.412,-2.123
-0.319,-3.189
-0.381,-3.918
-0.682,-2.449
-0.552,-2.907
-0.852,-3.849
-1.06,-3.946
-1.088,-2.285
-1.151,-0.861
-1.275,-2.885
-1.373,-1.805
-1.406,-2.92
-1.516,-2.368
-1.581,-1.778
-1.783,-4.661
-2.44,-4.26
-2.737,-4.424
-2.885,-4.634
-2.87,-4.573
2.858,-4.421
2.935,-4.61
2.569,-4.677
2.039,-4.494
1.932,-4.719
1.191,-4.58
0.533,-4.375
-0.176,-4.364
-0.304,-4.466
-1.227,-4.405
-1.404,-4.626
-2.092,0.041
-2.584,-0.143
-2.856,0.081
2.711,-0.196
1.939,0.015
1.518,0.044
1.628,-0.2
0.642,-0.115
-0.632,0.037
-0.981,-0.015
-0.966,-0.225
2.527,-3.775
0.127,-3.056
-2.346,-3.3
1.476,-1.019
0.205,-2.338
0.04,-1.696
-0.766,-1.576
-2.022,-1.364
2.952,-1.428
0.27,-2.797
-0.091,-2.797
-1.736,-0.273
-1.076,-0.42
-0.887,-4.184
-0.017,-0.364
-0.228,-0.377
-0.43,-0.466
-0.371,0.025
0.585,-4.132
0.427,-1.355
-1.753,-4.685
-2.087,-4.499
-2.774,-4.759
2.863,-4.753
0.54,-4.503
1.809,-0.128
-1.38,-3.015
-1.294,-4.241
-1.44,-2.973
-1.44,-3.83
-1.47,-2.923
-1.48,-3.412
-1.441,-1.725
-1.746,-0.763
-1.789,-1.864
-1.85,-3.996
-1.866,-0.461
-1.87,-4.026
-1.745,-2.058
-1.937,-1.622
-1.938,-3.517
-2.091,-1.56
-1.998,-2.865
-2.162,-1.56
-2.067,-1.794
-2.075,-4.272
-2.202,-3.289
-2.14,-1.737
-2.322,-1.59
-2.46,-2.01
-2.479,-4.288
-2.378,-0.602
-2.424,-4.427
-2.54,-1.964
-2.549,-2.367
-2.681,-0.93
-2.688,-1.803
-2.586,-2.195
-2.754,-0.932
-2.772,-0.611
-2.909,-0.619
-2.916,-4.413
-3.066,-2.515
-3.069,-1.832
-3.066,-3.148
2.968,-3.873
2.769,-1.722
2.726,-3.414
2.636,-2.185
2.508,-1.322
2.463,-4.306
2.41,-2.598
2.282,-1.82
2.249,-2.416
2.198,-2.173
2.158,-1.89
2.267,-4.294
2.09,-0.85
2.08,-1.132
1.923,-1.637
1.883,-4.229
1.829,-3.202
1.913,-1.739
1.765,-0.965
1.823,-0.964
1.493,-4.257
1.547,-2.191
1.469,-4.496
1.391,-2.976
1.248,-1.743
1.241,-1.477
1.05,-2.621
0.92,-3.313
0.87,-2.725
0.662,-2.384
0.667,-3.165
0.553,-2.894
0.296,-3.426
0.343,-2.649
0.325,-2.395
0.201,-3.011
0.12,-3.957
-0.028,-0.74
-0.084,-2.219
0.009,-3.285
-0.053,-4.014
-0.354,-2.545
-0.224,-3.003
-0.524,-3.945
-0.732,-4.042
-0.76,-2.381
-0.823,-0.957
-0.947,-2.981
-1.045,-1.901
-1.078,-3.016
-1.188,-2.464
-1.253,-1.874
-1.455,-4.757
-2.112,-4.356
-2.409,-4.52
-2.557,-4.73
-2.542,-4.669
-3.097,-4.517
-3.02,-4.706
2.897,-4.773
2.367,-4.59
2.26,-4.815
1.519,-4.676
0.861,-4.471
0.152,-4.46
0.024,-4.562
-0.899,-4.501
-1.076,-4.722
-1.764,-0.055
-2.256,-0.239
-2.528,-0.015
3.039,-0.292
2.267,-0.081
1.846,-0.052
1.956,-0.296
0.97,-0.211
-0.304,-0.059
-0.653,-0.111
-0.638,-0.321
2.855,-3.871
0.455,-3.152
-2.018,-3.396
1.804,-1.115
0.533,-2.434
0.368,-1.792
-0.438,-1.672
-1.694,-1.46
-3.003,-1.524
0.598,-2.893
0.237,-2.893
-1.408,-0.369
-0.748,-0.516
-0.559,-4.28
-0.211,-0.013
-0.413,-0.102
-0.354,0.389
0.602,-3.768
0.444,-0.991
-1.736,-4.321
-2.07,-4.135
-2.757,-4.395
2.88,-4.389
0.557,-4.139
1.826,0.236
-1.363,-2.651
-1.277,-3.877
-1.423,-2.609
-1.423,-3.466
-1.453,-2.559
-1.463,-3.048
-1.424,-1.361
-1.729,-0.399
-1.772,-1.5
-1.833,-3.632
-1.849,-0.097
-1.853,-3.662
-1.728,-1.694
-1.92,-1.258
-1.921,-3.153
-2.074,-1.196
-1.981,-2.501
-2.145,-1.196
-2.05,-1.43
-2.058,-3.908
-2.185,-2.925
-2.123,-1.373
-2.305,-1.226
-2.443,-1.646
-2.462,-3.924
-2.361,-0.238
-2.407,-4.063
-2.523,-1.6
-2.532,-2.003
-2.664,-0.566
-2.671,-1.439
-2.569,-1.831
-2.737,-0.568
-2.755,-0.247
-2.892,-0.255
-2.899,-4.049
-3.049,-2.151
-3.052,-1.468
-3.049,-2.784
2.985,-3.509
2.786,-1.358
2.743,-3.05
2.653,-1.821
2.525,-0.958
2.48,-3.942
2.427,-2.234
2.299,-1.456
2.266,-2.052
2.215,-1.809
2.175,-1.526
2.284,-3.93
2.107,-0.486
2.097,-0.768
1.94,-1.273
1.9,-3.865
1.846,-2.838
1.93,-1.375
1.782,-0.601
1.84,-0.6
1.51,-3.893
1.564,-1.827
1.486,-4.132
1.408,-2.612
1.265,-1.379
1.258,-1.113
1.067,-2.257
0.937,-2.949
0.887,-2.361
0.679,-2.02
0.684,-2.801
0.57,-2.53
0.313,-3.062
0.36,-2.285
0.342,-2.031
0.218,-2.647
0.137,-3.593
-0.011,-0.376
-0.067,-1.855
0.026,-2.921
-0.036,-3.65
-0.337,-2.181
-0.207,-2.639
-0.507,-3.581
-0.715,-3.678
-0.743,-2.017
-0.806,-0.593
-0.93,-2.617
-1.028,-1.537
-1.061,-2.652
-1.171,-2.1
-1.236,-1.51
-1.438,-4.393
-2.095,-3.992
-2.392,-4.156
-2.54,-4.366
-2.525,-4.305
-3.08,-4.153
-3.003,-4.342
2.914,-4.409
2.384,-4.226
2.277,-4.451
1.536,-4.312
0.878,-4.107
0.169,-4.096
0.041,-4.198
-0.882,-4.137
-1.059,-4.358
-1.747,0.309
-2.239,0.125
-2.511,0.349
3.056,0.072
2.284,0.283
1.863,0.312
1.973,0.068
0.987,0.153
-0.287,0.305
-0.636,0.253
-0.621,0.043
2.872,-3.507
0.472,-2.788
-2.001,-3.032
1.821,-0.751
0.55,-2.07
0.385,-1.428
-0.421,-1.308
-1.677,-1.096
-2.986,-1.16
0.615,-2.529
0.254,-2.529
-1.391,-0.005
-0.731,-0.152
-0.542,-3.916
-0.202,-0.089
-0.143,0.402
0.813,-3.755
0.655,-0.978
-1.525,-4.308
-1.859,-4.122
-2.546,-4.382
3.091,-4.376
0.768,-4.126
2.037,0.249
-1.152,-2.638
-1.066,-3.864
-1.212,-2.596
-1.212,-3.453
-1.242,-2.546
-1.252,-3.035
-1.213,-1.348
-1.518,-0.386
-1.561,-1.487
-1.622,-3.619
-1.638,-0.084
-1.642,-3.649
-1.517,-1.681
-1.709,-1.245
-1.71,-3.14
-1.863,-1.183
-1.77,-2.488
-1.934,-1.183
-1.839,-1.417
-1.847,-3.895
-1.974,-2.912
-1.912,-1.36
-2.094,-1.213
-2.232,-1.633
-2.251,-3.911
-2.15,-0.225
-2.196,-4.05
-2.312,-1.587
-2.321,-1.99
-2.453,-0.553
-2.46,-1.426
-2.358,-1.818
-2.526,-0.555
-2.544,-0.234
-2.681,-0.242
-2.688,-4.036
-2.838,-2.138
-2.841,-1.455
-2.838,-2.771
-3.087,-3.496
2.997,-1.345
2.954,-3.037
2.864,-1.808
2.736,-0.945
2.691,-3.929
2.638,-2.221
2.51,-1.443
2.477,-2.039
2.426,-1.796
2.386,-1.513
2.495,-3.917
2.318,-0.473
2.308,-0.755
2.151,-1.26
2.111,-3.852
2.057,-2.825
2.141,-1.362
1.993,-0.588
2.051,-0.587
1.721,-3.88
1.775,-1.814
1.697,-4.119
1.619,-2.599
1.476,-1.366
1.469,-1.1
1.278,-2.244
1.148,-2.936
1.098,-2.348
0.89,-2.007
0.895,-2.788
0.781,-2.517
0.524,-3.049
0.571,-2.272
0.553,-2.018
0.429,-2.634
0.348,-3.58
0.2,-0.363
0.144,-1.842
0.237,-2.908
0.175,-3.637
-0.126,-2.168
0.004,-2.626
-0.296,-3.568
-0.504,-3.665
-0.532,-2.004
-0.595,-0.58
-0.719,-2.604
-0.817,-1.524
-0.85,-2.639
-0.96,-2.087
-1.025,-1.497
-1.227,-4.38
-1.884,-3.979
-2.181,-4.143
-2.329,-4.353
-2.314,-4.292
-2.869,-4.14
-2.792,-4.329
3.125,-4.396
2.595,-4.213
2.488,-4.438
1.747,-4.299
1.089,-4.094
0.38,-4.083
0.252,-4.185
-0.671,-4.124
-0.848,-4.345
-1.536,0.322
-2.028,0.138
-2.3,0.362
-3.016,0.085
2.495,0.296
2.074,0.325
2.184,0.081
1.198,0.166
-0.076,0.318
-0.425,0.266
-0.41,0.056
3.083,-3.494
0.683,-2.775
-1.79,-3.019
2.032,-0.738
0.761,-2.057
0.596,-1.415
-0.21,-1.295
-1.466,-1.083
-2.775,-1.147
0.826,-2.516
0.465,-2.516
-1.18,0.008
-0.52,-0.139
-0.331,-3.903
0.059,0.491
1.015,-3.666
0.857,-0.889
-1.323,-4.219
-1.657,-4.033
-2.344,-4.293
-2.99,-4.287
0.97,-4.037
2.239,0.338
-0.95,-2.549
-0.864,-3.775
-1.01,-2.507
-1.01,-3.364
-1.04,-2.457
-1.05,-2.946
-1.011,-1.259
-1.316,-0.297
-1.359,-1.398
-1.42,-3.53
-1.436,0.005
-1.44,-3.56
-1.315,-1.592
-1.507,-1.156
-1.508,-3.051
-1.661,-1.094
-1.568,-2.399
-1.732,-1.094
-1.637,-1.328
-1.645,-3.806
-1.772,-2.823
-1.71,-1.271
-1.892,-1.124
-2.03,-1.544
-2.049,-3.822
-1.948,-0.136
-1.994,-3.961
-2.11,-1.498
-2.119,-1.901
-2.251,-0.464
-2.258,-1.337
-2.156,-1.729
-2.324,-0.466
-2.342,-0.145
-2.479,-0.153
-2.486,-3.947
-2.636,-2.049
-2.639,-1.366
-2.636,-2.682
-2.885,-3.407
-3.084,-1.256
-3.127,-2.948
3.066,-1.719
2.938,-0.856
2.893,-3.84
2.84,-2.132
2.712,-1.354
2.679,-1.95
2.628,-1.707
2.588,-1.424
2.697,-3.828
2.52,-0.384
2.51,-0.666
2.353,-1.171
2.313,-3.763
2.259,-2.736
2.343,-1.273
2.195,-0.499
2.253,-0.498
1.923,-3.791
1.977,-1.725
1.899,-4.03
1.821,-2.51
1.678,-1.277
1.671,-1.011
1.48,-2.155
1.35,-2.847
1.3,-2.259
1.092,-1.918
1.097,-2.699
0.983,-2.428
0.726,-2.96
0.773,-2.183
0.755,-1.929
0.631,-2.545
0.55,-3.491
0.402,-0.274
0.346,-1.753
0.439,-2.819
0.377,-3.548
0.076,-2.079
0.206,-2.537
-0.094,-3.479
-0.302,-3.576
-0.33,-1.915
-0.393,-0.491
-0.517,-2.515
-0.615,-1.435
-0.648,-2.55
-0.758,-1.998
-0.823,-1.408
-1.025,-4.291
-1.682,-3.89
-1.979,-4.054
-2.127,-4.264
-2.112,-4.203
-2.667,-4.051
-2.59,-4.24
-2.956,-4.307
2.797,-4.124
2.69,-4.349
1.949,-4.21
1.291,-4.005
0.582,-3.994
0.454,-4.096
-0.469,-4.035
-0.646,-4.256
-1.334,0.411
-1.826,0.227
-2.098,0.451
-2.814,0.174
2.697,0.385
2.276,0.414
2.386,0.17
1.4,0.255
0.126,0.407
-0.223,0.355
-0.208,0.145
-2.998,-3.405
0.885,-2.686
-1.588,-2.93
2.234,-0.649
0.963,-1.968
0.798,-1.326
-0.008,-1.206
-1.264,-0.994
-2.573,-1.058
1.028,-2.427
0.667,-2.427
-0.978,0.097
-0.318,-0.05
-0.129,-3.814
0.956,-4.157
0.798,-1.38
-1.382,-4.71
-1.716,-4.524
-2.403,-4.784
-3.049,-4.778
0.911,-4.528
2.18,-0.153
-1.009,-3.04
-0.923,-4.266
-1.069,-2.998
-1.069,-3.855
-1.099,-2.948
-1.109,-3.437
-1.07,-1.75
-1.375,-0.788
-1.418,-1.889
-1.479,-4.021
-1.495,-0.486
-1.499,-4.051
-1.374,-2.083
-1.566,-1.647
-1.567,-3.542
-1.72,-1.585
-1.627,-2.89
-1.791,-1.585
-1.696,-1.819
-1.704,-4.297
-1.831,-3.314
-1.769,-1.762
-1.951,-1.615
-2.089,-2.035
-2.108,-4.313
-2.007,-0.627
-2.053,-4.452
-2.169,-1.989
-2.178,-2.392
-2.31,-0.955
-2.317,-1.828
-2.215,-2.22
-2.383,-0.957
-2.401,-0.636
-2.538,-0.644
-2.545,-4.438
-2.695,-2.54
-2.698,-1.857
-2.695,-3.173
-2.944,-3.898
3.14,-1.747
3.097,-3.439
3.007,-2.21
2.879,-1.347
2.834,-4.331
2.781,-2.623
2.653,-1.845
2.62,-2.441
2.569,-2.198
2.529,-1.915
2.638,-4.319
2.461,-0.875
2.451,-1.157
2.294,-1.662
2.254,-4.254
2.2,-3.227
2.284,-1.764
2.136,-0.99
2.194,-0.989
1.864,-4.282
1.918,-2.216
1.84,-4.521
1.762,-3.001
1.619,-1.768
1.612,-1.502
1.421,-2.646
1.291,-3.338
1.241,-2.75
1.033,-2.409
1.038,-3.19
0.924,-2.919
0.667,-3.451
0.714,-2.674
0.696,-2.42
0.572,-3.036
0.491,-3.982
0.343,-0.765
0.287,-2.244
0.38,-3.31
0.318,-4.039
0.017,-2.57
0.147,-3.028
-0.153,-3.97
-0.361,-4.067
-0.389,-2.406
-0.452,-0.982
-0.576,-3.006
-0.674,-1.926
-0.707,-3.041
-0.817,-2.489
-0.882,-1.899
-1.084,-4.782
-1.741,-4.381
-2.038,-4.545
-2.186,-4.755
-2.171,-4.694
-2.726,-4.542
-2.649,-4.731
-3.015,-4.798
2.738,-4.615
2.631,-4.84
1.89,-4.701
1.232,-4.496
0.523,-4.485
0.395,-4.587
-0.528,-4.526
-0.705,-4.747
-1.393,-0.08
-1.885,-0.264
-2.157,-0.04
-2.873,-0.317
2.638,-0.106
2.217,-0.077
2.327,-0.321
1.341,-0.236
0.067,-0.084
-0.282,-0.136
-0.267,-0.346
-3.057,-3.896
0.826,-3.177
-1.647,-3.421
2.175,-1.14
0.904,-2.459
0.739,-1.817
-0.067,-1.697
-1.323,-1.485
-2.632,-1.549
0.969,-2.918
0.608,-2.918
-1.037,-0.394
-0.377,-0.541
-0.188,-4.305
-0.158,2.777
-2.338,-0.553
-2.672,-0.367
2.924,-0.627
2.278,-0.621
-0.045,-0.371
1.224,4.004
-1.965,1.117
-1.879,-0.109
-2.025,1.159
-2.025,0.302
-2.055,1.209
-2.065,0.72
-2.026,2.407
-2.331,3.369
-2.374,2.268
-2.435,0.136
-2.451,3.671
-2.455,0.106
-2.33,2.074
-2.522,2.51
-2.523,0.615
-2.676,2.572
-2.583,1.267
-2.747,2.572
-2.652,2.338
-2.66,-0.14
-2.787,0.843
-2.725,2.395
-2.907,2.542
-3.045,2.122
-3.064,-0.156
-2.963,3.53
-3.009,-0.295
-3.125,2.168
-3.134,1.765
3.017,3.202
3.01,2.329
3.112,1.937
2.944,3.2
2.926,3.521
2.789,3.513
2.782,-0.281
2.632,1.617
2.629,2.3
2.632,0.984
2.383,0.259
2.184,2.41
2.141,0.718
2.051,1.947
1.923,2.81
1.878,-0.174
1.825,1.534
1.697,2.312
1.664,1.716
1.613,1.959
1.573,2.242
1.682,-0.162
1.505,3.282
1.495,3.0
1.338,2.495
1.298,-0.097
1.244,0.93
1.328,2.393
1.18,3.167
1.238,3.168
0.908,-0.125
0.962,1.941
0.884,-0.364
0.806,1.156
0.663,2.389
0.656,2.655
0.465,1.511
0.335,0.819
0.285,1.407
0.077,1.748
0.082,0.967
-0.032,1.238
-0.289,0.706
-0.242,1.483
-0.26,1.737
-0.384,1.121
-0.465,0.175
-0.613,3.392
-0.669,1.913
-0.576,0.847
-0.638,0.118
-0.939,1.587
-0.809,1.129
-1.109,0.187
-1.317,0.09
-1.345,1.751
-1.408,3.175
-1.532,1.151
-1.63,2.231
-1.663,1.116
-1.773,1.668
-1.838,2.258
-2.04,-0.625
-2.697,-0.224
-2.994,-0.388
3.141,-0.598
-3.127,-0.537
2.601,-0.385
2.678,-0.574
2.312,-0.641
1.782,-0.458
1.675,-0.683
0.934,-0.544
0.276,-0.339
-0.433,-0.328
-0.561,-0.43
-1.484,-0.369
-1.661,-0.59
-2.349,4.077
-2.841,3.893
-3.113,4.117
2.454,3.84
1.682,4.051
1.261,4.08
1.371,3.836
0.385,3.921
-0.889,4.073
-1.238,4.021
-1.223,3.811
2.27,0.261
-0.13,0.98
-2.603,0.736
1.219,3.017
-0.052,1.698
-0.217,2.34
-1.023,2.46
-2.279,2.672
2.695,2.608
0.013,1.239
-0.348,1.239
-1.993,3.763
-1.333,3.616
-1.144,-0.148
-2.18,-3.33
-2.514,-3.144
3.082,-3.404
2.436,-3.398
0.113,-3.148
1.382,1.227
-1.807,-1.66
-1.721,-2.886
-1.867,-1.618
-1.867,-2.475
-1.897,-1.568
-1.907,-2.057
-1.868,-0.37
-2.173,0.592
-2.216,-0.509
-2.277,-2.641
-2.293,0.894
-2.297,-2.671
-2.172,-0.703
-2.364,-0.267
-2.365,-2.162
-2.518,-0.205
-2.425,-1.51
-2.589,-0.205
-2.494,-0.439
-2.502,-2.917
-2.629,-1.934
-2.567,-0.382
-2.749,-0.235
-2.887,-0.655
-2.906,-2.933
-2.805,0.753
-2.851,-3.072
-2.967,-0.609
-2.976,-1.012
-3.108,0.425
-3.115,-0.448
-3.013,-0.84
3.102,0.423
3.084,0.744
2.947,0.736
2.94,-3.058
2.79,-1.16
2.787,-0.477
2.79,-1.793
2.541,-2.518
2.342,-0.367
2.299,-2.059
2.209,-0.83
2.081,0.033
2.036,-2.951
1.983,-1.243
1.855,-0.465
1.822,-1.061
1.771,-0.818
1.731,-0.535
1.84,-2.939
1.663,0.505
1.653,0.223
1.496,-0.282
1.456,-2.874
1.402,-1.847
1.486,-0.384
1.338,0.39
1.396,0.391
1.066,-2.902
1.12,-0.836
1.042,-3.141
0.964,-1.621
0.821,-0.388
0.814,-0.122
0.623,-1.266
0.493,-1.958
0.443,-1.37
0.235,-1.029
0.24,-1.81
0.126,-1.539
-0.131,-2.071
-0.084,-1.294
-0.102,-1.04
-0.226,-1.656
-0.307,-2.602
-0.455,0.615
-0.511,-0.864
-0.418,-1.93
-0.48,-2.659
-0.781,-1.19
-0.651,-1.648
-0.951,-2.59
-1.159,-2.687
-1.187,-1.026
-1.25,0.398
-1.374,-1.626
-1.472,-0.546
-1.505,-1.661
-1.615,-1.109
-1.68,-0.519
-1.882,-3.402
-2.539,-3.001
-2.836,-3.165
-2.984,-3.375
-2.969,-3.314
2.759,-3.162
2.836,-3.351
2.47,-3.418
1.94,-3.235
1.833,-3.46
1.092,-3.321
0.434,-3.116
-0.275,-3.105
-0.403,-3.207
-1.326,-3.146
-1.503,-3.367
-2.191,1.3
-2.683,1.116
-2.955,1.34
2.612,1.063
1.84,1.274
1.419,1.303
1.529,1.059
0.543,1.144
-0.731,1.296
-1.08,1.244
-1.065,1.034
2.428,-2.516
0.028,-1.797
-2.445,-2.041
1.377,0.24
0.106,-1.079
-0.059,-0.437
-0.865,-0.317
-2.121,-0.105
2.853,-0.169
0.171,-1.538
-0.19,-1.538
-1.835,0.986
-1.175,0.839
-0.986,-2.925
-0.334,0.186
-1.021,-0.074
-1.667,-0.068
2.293,0.182
-2.721,4.557
0.373,1.67
0.459,0.444
0.313,1.712
0.313,0.855
0.283,1.762
0.273,1.273
0.312,2.96
0.007,3.922
-0.036,2.821
-0.097,0.689
-0.113,4.224
-0.117,0.659
0.008,2.627
-0.184,3.063
-0.185,1.168
-0.338,3.125
-0.245,1.82
-0.409,3.125
-0.314,2.891
-0.322,0.413
-0.449,1.396
-0.387,2.948
-0.569,3.095
-0.707,2.675
-0.726,0.397
-0.625,4.083
-0.671,0.258
-0.787,2.721
-0.796,2.318
-0.928,3.755
-0.935,2.882
-0.833,2.49
-1.001,3.753
-1.019,4.074
-1.156,4.066
-1.163,0.272
-1.313,2.17
-1.316,2.853
-1.313,1.537
-1.562,0.812
-1.761,2.963
-1.804,1.271
-1.894,2.5
-2.022,3.363
-2.067,0.379
-2.12,2.087
-2.248,2.865
-2.281,2.269
-2.332,2.512
-2.372,2.795
-2.263,0.391
-2.44,3.835
-2.45,3.553
-2.607,3.048
-2.647,0.456
-2.701,1.483
-2.617,2.946
-2.765,3.72
-2.707,3.721
-3.037,0.428
-2.983,2.494
-3.061,0.189
-3.139,1.709
3.001,2.942
2.994,3.208
2.803,2.064
2.673,1.372
2.623,1.96
2.415,2.301
2.42,1.52
2.306,1.791
2.049,1.259
2.096,2.036
2.078,2.29
1.954,1.674
1.873,0.728
1.725,3.945
1.669,2.466
1.762,1.4
1.7,0.671
1.399,2.14
1.529,1.682
1.229,0.74
1.021,0.643
0.993,2.304
0.93,3.728
0.806,1.704
0.708,2.784
0.675,1.669
0.565,2.221
0.5,2.811
0.298,-0.072
-0.359,0.329
-0.656,0.165
-0.804,-0.045
-0.789,0.016
-1.344,0.168
-1.267,-0.021
-1.633,-0.088
-2.163,0.095
-2.27,-0.13
-3.011,0.009
2.614,0.214
1.905,0.225
1.777,0.123
0.854,0.184
0.677,-0.037
-0.011,4.63
-0.503,4.446
-0.775,4.67
-1.491,4.393
-2.263,4.604
-2.684,4.633
-2.574,4.389
2.723,4.474
1.449,4.626
1.1,4.574
1.115,4.364
-1.675,0.814
2.208,1.533
-0.265,1.289
-2.726,3.57
2.286,2.251
2.121,2.893
1.315,3.013
0.059,3.225
-1.25,3.161
2.351,1.792
1.99,1.792
0.345,4.316
1.005,4.169
1.194,0.405
-0.687,-0.26
-1.333,-0.254
2.627,-0.004
-2.387,4.371
0.707,1.484
0.793,0.258
0.647,1.526
0.647,0.669
0.617,1.576
0.607,1.087
0.646,2.774
0.341,3.736
0.298,2.635
0.237,0.503
0.221,4.038
0.217,0.473
0.342,2.441
0.15,2.877
0.149,0.982
-0.004,2.939
0.089,1.634
-0.075,2.939
0.02,2.705
0.012,0.227
-0.115,1.21
-0.053,2.762
-0.235,2.909
-0.373,2.489
-0.392,0.211
-0.291,3.897
-0.337,0.072
-0.453,2.535
-0.462,2.132
-0.594,3.569
-0.601,2.696
-0.499,2.304
-0.667,3.567
-0.685,3.888
-0.822,3.88
-0.829,0.086
-0.979,1.984
-0.982,2.667
-0.979,1.351
-1.228,0.626
-1.427,2.777
-1.47,1.085
-1.56,2.314
-1.688,3.177
-1.733,0.193
-1.786,1.901
-1.914,2.679
-1.947,2.083
-1.998,2.326
-2.038,2.609
-1.929,0.205
-2.106,3.649
-2.116,3.367
-2.273,2.862
-2.313,0.27
-2.367,1.297
-2.283,2.76
-2.431,3.534
-2.373,3.535
-2.703,0.242
-2.649,2.308
-2.727,0.003
-2.805,1.523
-2.948,2.756
-2.955,3.022
3.137,1.878
3.007,1.186
2.957,1.774
2.749,2.115
2.754,1.334
2.64,1.605
2.383,1.073
2.43,1.85
2.412,2.104
2.288,1.488
2.207,0.542
2.059,3.759
2.003,2.28
2.096,1.214
2.034,0.485
1.733,1.954
1.863,1.496
1.563,0.554
1.355,0.457
1.327,2.118
1.264,3.542
1.14,1.518
1.042,2.598
1.009,1.483
0.899,2.035
0.834,2.625
0.632,-0.258
-0.025,0.143
-0.322,-0.021
-0.47,-0.231
-0.455,-0.17
-1.01,-0.018
-0.933,-0.207
-1.299,-0.274
-1.829,-0.091
-1.936,-0.316
-2.677,-0.177
2.948,0.028
2.239,0.039
2.111,-0.063
1.188,-0.002
1.011,-0.223
0.323,4.444
-0.169,4.26
-0.441,4.484
-1.157,4.207
-1.929,4.418
-2.35,4.447
-2.24,4.203
3.057,4.288
1.783,4.44
1.434,4.388
1.449,4.178
-1.341,0.628
2.542,1.347
0.069,1.103
-2.392,3.384
2.62,2.065
2.455,2.707
1.649,2.827
0.393,3.039
-0.916,2.975
2.685,1.606
2.324,1.606
0.679,4.13
1.339,3.983
1.528,0.219
-0.646,0.006
-2.969,0.256
-1.7,4.631
1.394,1.744
1.48,0.518
1.334,1.786
1.334,0.929
1.304,1.836
1.294,1.347
1.333,3.034
1.028,3.996
0.985,2.895
0.924,0.763
0.908,4.298
0.904,0.733
1.029,2.701
0.837,3.137
0.836,1.242
0.683,3.199
0.776,1.894
0.612,3.199
0.707,2.965
0.699,0.487
0.572,1.47
0.634,3.022
0.452,3.169
0.314,2.749
0.295,0.471
0.396,4.157
0.35,0.332
0.234,2.795
0.225,2.392
0.093,3.829
0.086,2.956
0.188,2.564
0.02,3.827
0.002,4.148
-0.135,4.14
-0.142,0.346
-0.292,2.244
-0.295,2.927
-0.292,1.611
-0.541,0.886
-0.74,3.037
-0.783,1.345
-0.873,2.574
-1.001,3.437
-1.046,0.453
-1.099,2.161
-1.227,2.939
-1.26,2.343
-1.311,2.586
-1.351,2.869
-1.242,0.465
-1.419,3.909
-1.429,3.627
-1.586,3.122
-1.626,0.53
-1.68,1.557
-1.596,3.02
-1.744,3.794
-1.686,3.795
-2.016,0.502
-1.962,2.568
-2.04,0.263
-2.118,1.783
-2.261,3.016
-2.268,3.282
-2.459,2.138
-2.589,1.446
-2.639,2.034
-2.847,2.375
-2.842,1.594
-2.956,1.865
3.07,1.333
3.117,2.11
3.099,2.364
2.975,1.748
2.894,0.802
2.746,4.019
2.69,2.54
2.783,1.474
2.721,0.745
2.42,2.214
2.55,1.756
2.25,0.814
2.042,0.717
2.014,2.378
1.951,3.802
1.827,1.778
1.729,2.858
1.696,1.743
1.586,2.295
1.521,2.885
1.319,0.002
0.662,0.403
0.365,0.239
0.217,0.029
0.232,0.09
-0.323,0.242
-0.246,0.053
-0.612,-0.014
-1.142,0.169
-1.249,-0.056
-1.99,0.083
-2.648,0.288
2.926,0.299
2.798,0.197
1.875,0.258
1.698,0.037
1.01,4.704
0.518,4.52
0.246,4.744
-0.47,4.467
-1.242,4.678
-1.663,4.707
-1.553,4.463
-2.539,4.548
2.47,4.7
2.121,4.648
2.136,4.438
-0.654,0.888
-3.054,1.607
0.756,1.363
-1.705,3.644
-2.976,2.325
-3.141,2.967
2.336,3.087
1.08,3.299
-0.229,3.235
-2.911,1.866
3.011,1.866
1.366,4.39
2.026,4.243
2.215,0.479
-2.323,0.25
-1.054,4.625
2.04,1.738
2.126,0.512
1.98,1.78
1.98,0.923
1.95,1.83
1.94,1.341
1.979,3.028
1.674,3.99
1.631,2.889
1.57,0.757
1.554,4.292
1.55,0.727
1.675,2.695
1.483,3.131
1.482,1.236
1.329,3.193
1.422,1.888
1.258,3.193
1.353,2.959
1.345,0.481
1.218,1.464
1.28,3.016
1.098,3.163
0.96,2.743
0.941,0.465
1.042,4.151
0.996,0.326
0.88,2.789
0.871,2.386
0.739,3.823
0.732,2.95
0.834,2.558
0.666,3.821
0.648,4.142
0.511,4.134
0.504,0.34
0.354,2.238
0.351,2.921
0.354,1.605
0.105,0.88
-0.094,3.031
-0.137,1.339
-0.227,2.568
-0.355,3.431
-0.4,0.447
-0.453,2.155
-0.581,2.933
-0.614,2.337
-0.665,2.58
-0.705,2.863
-0.596,0.459
-0.773,3.903
-0.783,3.621
-0.94,3.116
-0.98,0.524
-1.034,1.551
-0.95,3.014
-1.098,3.788
-1.04,3.789
-1.37,0.496
-1.316,2.562
-1.394,0.257
-1.472,1.777
-1.615,3.01
-1.622,3.276
-1.813,2.132
-1.943,1.44
-1.993,2.028
-2.201,2.369
-2.196,1.588
-2.31,1.859
-2.567,1.327
-2.52,2.104
-2.538,2.358
-2.662,1.742
-2.743,0.796
-2.891,4.013
-2.947,2.534
-2.854,1.468
-2.916,0.739
3.066,2.208
-3.087,1.75
2.896,0.808
2.688,0.711
2.66,2.372
2.597,3.796
2.473,1.772
2.375,2.852
2.342,1.737
2.232,2.289
2.167,2.879
1.965,-0.004
1.308,0.397
1.011,0.233
0.863,0.023
0.878,0.084
0.323,0.236
0.4,0.047
0.034,-0.02
-0.496,0.163
-0.603,-0.062
-1.344,0.077
-2.002,0.282
-2.711,0.293
-2.839,0.191
2.521,0.252
2.344,0.031
1.656,4.698
1.164,4.514
0.892,4.738
0.176,4.461
-0.596,4.672
-1.017,4.701
-0.907,4.457
-1.893,4.542
3.116,4.694
2.767,4.642
2.782,4.432
-0.008,0.882
-2.408,1.601
1.402,1.357
-1.059,3.638
-2.33,2.319
-2.495,2.961
2.982,3.081
1.726,3.293
0.417,3.229
-2.265,1.86
-2.626,1.86
2.012,4.384
2.672,4.237
2.861,0.473
1.269,4.375
-1.92,1.488
-1.834,0.262
-1.98,1.53
-1.98,0.673
-2.01,1.58
-2.02,1.091
-1.981,2.778
-2.286,3.74
-2.329,2.639
-2.39,0.507
-2.406,4.042
-2.41,0.477
-2.285,2.445
-2.477,2.881
-2.478,0.986
-2.631,2.943
-2.538,1.638
-2.702,2.943
-2.607,2.709
-2.615,0.231
-2.742,1.214
-2.68,2.766
-2.862,2.913
-3.0,2.493
-3.019,0.215
-2.918,3.901
-2.964,0.076
-3.08,2.539
-3.089,2.136
3.062,3.573
3.055,2.7
-3.126,2.308
2.989,3.571
2.971,3.892
2.834,3.884
2.827,0.09
2.677,1.988
2.674,2.671
2.677,1.355
2.428,0.63
2.229,2.781
2.186,1.089
2.096,2.318
1.968,3.181
1.923,0.197
1.87,1.905
1.742,2.683
1.709,2.087
1.658,2.33
1.618,2.613
1.727,0.209
1.55,3.653
1.54,3.371
1.383,2.866
1.343,0.274
1.289,1.301
1.373,2.764
1.225,3.538
1.283,3.539
0.953,0.246
1.007,2.312
0.929,0.007
0.851,1.527
0.708,2.76
0.701,3.026
0.51,1.882
0.38,1.19
0.33,1.778
0.122,2.119
0.127,1.338
0.013,1.609
-0.244,1.077
-0.197,1.854
-0.215,2.108
-0.339,1.492
-0.42,0.546
-0.568,3.763
-0.624,2.284
-0.531,1.218
-0.593,0.489
-0.894,1.958
-0.764,1.5
-1.064,0.558
-1.272,0.461
-1.3,2.122
-1.363,3.546
-1.487,1.522
-1.585,2.602
-1.618,1.487
-1.728,2.039
-1.793,2.629
-1.995,-0.254
-2.652,0.147
-2.949,-0.017
-3.097,-0.227
-3.082,-0.166
2.646,-0.014
2.723,-0.203
2.357,-0.27
1.827,-0.087
1.72,-0.312
0.979,-0.173
0.321,0.032
-0.388,0.043
-0.516,-0.059
-1.439,0.002
-1.616,-0.219
-2.304,4.448
-2.796,4.264
-3.068,4.488
2.499,4.211
1.727,4.422
1.306,4.451
1.416,4.207
0.43,4.292
-0.844,4.444
-1.193,4.392
-1.178,4.182
2.315,0.632
-0.085,1.351
-2.558,1.107
1.264,3.388
-0.007,2.069
-0.172,2.711
-0.978,2.831
-2.234,3.043
2.74,2.979
0.058,1.61
-0.303,1.61
-1.948,4.134
-1.288,3.987
-1.099,0.223
3.094,-2.887
-3.103,-4.113
3.034,-2.845
3.034,-3.702
3.004,-2.795
2.994,-3.284
3.033,-1.597
2.728,-0.635
2.685,-1.736
2.624,-3.868
2.608,-0.333
2.604,-3.898
2.729,-1.93
2.537,-1.494
2.536,-3.389
2.383,-1.432
2.476,-2.737
2.312,-1.432
2.407,-1.666
2.399,-4.144
2.272,-3.161
2.334,-1.609
2.152,-1.462
2.014,-1.882
1.995,-4.16
2.096,-0.474
2.05,-4.299
1.934,-1.836
1.925,-2.239
1.793,-0.802
1.786,-1.675
1.888,-2.067
1.72,-0.804
1.702,-0.483
1.565,-0.491
1.558,-4.285
1.408,-2.387
1.405,-1.704
1.408,-3.02
1.159,-3.745
0.96,-1.594
0.917,-3.286
0.827,-2.057
0.699,-1.194
0.654,-4.178
0.601,-2.47
0.473,-1.692
0.44,-2.288
0.389,-2.045
0.349,-1.762
0.458,-4.166
0.281,-0.722
0.271,-1.004
0.114,-1.509
0.074,-4.101
0.02,-3.074
0.104,-1.611
-0.044,-0.837
0.014,-0.836
-0.316,-4.129
-0.262,-2.063
-0.34,-4.368
-0.418,-2.848
-0.561,-1.615
-0.568,-1.349
-0.759,-2.493
-0.889,-3.185
-0.939,-2.597
-1.147,-2.256
-1.142,-3.037
-1.256,-2.766
-1.513,-3.298
-1.466,-2.521
-1.484,-2.267
-1.608,-2.883
-1.689,-3.829
-1.837,-0.612
-1.893,-2.091
-1.8,-3.157
-1.862,-3.886
-2.163,-2.417
-2.033,-2.875
-2.333,-3.817
-2.541,-3.914
-2.569,-2.253
-2.632,-0.829
-2.756,-2.853
-2.854,-1.773
-2.887,-2.888
-2.997,-2.336
-3.062,-1.746
3.019,-4.629
2.362,-4.228
2.065,-4.392
1.917,-4.602
1.932,-4.541
1.377,-4.389
1.454,-4.578
1.088,-4.645
0.558,-4.462
0.451,-4.687
-0.29,-4.548
-0.948,-4.343
-1.657,-4.332
-1.785,-4.434
-2.708,-4.373
-2.885,-4.594
2.71,0.073
2.218,-0.111
1.946,0.113
1.23,-0.164
0.458,0.047
0.037,0.076
0.147,-0.168
-0.839,-0.083
-2.113,0.069
-2.462,0.017
-2.447,-0.193
1.046,-3.743
-1.354,-3.024
2.456,-3.268
-0.005,-0.987
-1.276,-2.306
-1.441,-1.664
-2.247,-1.544
2.78,-1.332
1.471,-1.396
-1.211,-2.765
-1.572,-2.765
3.066,-0.241
-2.557,-0.388
-2.368,-4.152
0.086,-1.226
-0.06,0.042
-0.06,-0.815
-0.09,0.092
-0.1,-0.397
-0.061,1.29
-0.366,2.252
-0.409,1.151
-0.47,-0.981
-0.486,2.554
-0.49,-1.011
-0.365,0.957
-0.557,1.393
-0.558,-0.502
-0.711,1.455
-0.618,0.15
-0.782,1.455
-0.687,1.221
-0.695,-1.257
-0.822,-0.274
-0.76,1.278
-0.942,1.425
-1.08,1.005
-1.099,-1.273
-0.998,2.413
-1.044,-1.412
-1.16,1.051
-1.169,0.648
-1.301,2.085
-1.308,1.212
-1.206,0.82
-1.374,2.083
-1.392,2.404
-1.529,2.396
-1.536,-1.398
-1.686,0.5
-1.689,1.183
-1.686,-0.133
-1.935,-0.858
-2.134,1.293
-2.177,-0.399
-2.267,0.83
-2.395,1.693
-2.44,-1.291
-2.493,0.417
-2.621,1.195
-2.654,0.599
-2.705,0.842
-2.745,1.125
-2.636,-1.279
-2.813,2.165
-2.823,1.883
-2.98,1.378
-3.02,-1.214
-3.074,-0.187
-2.99,1.276
-3.138,2.05
-3.08,2.051
2.873,-1.242
2.927,0.824
2.849,-1.481
2.771,0.039
2.628,1.272
2.621,1.538
2.43,0.394
2.3,-0.298
2.25,0.29
2.042,0.631
2.047,-0.15
1.933,0.121
1.676,-0.411
1.723,0.366
1.705,0.62
1.581,0.004
1.5,-0.942
1.352,2.275
1.296,0.796
1.389,-0.27
1.327,-0.999
1.026,0.47
1.156,0.012
0.856,-0.93
0.648,-1.027
0.62,0.634
0.557,2.058
0.433,0.034
0.335,1.114
0.302,-0.001
0.192,0.551
0.127,1.141
-0.075,-1.742
-0.732,-1.341
-1.029,-1.505
-1.177,-1.715
-1.162,-1.654
-1.717,-1.502
-1.64,-1.691
-2.006,-1.758
-2.536,-1.575
-2.643,-1.8
2.899,-1.661
2.241,-1.456
1.532,-1.445
1.404,-1.547
0.481,-1.486
0.304,-1.707
-0.384,2.96
-0.876,2.776
-1.148,3.0
-1.864,2.723
-2.636,2.934
-3.057,2.963
-2.947,2.719
2.35,2.804
1.076,2.956
0.727,2.904
0.742,2.694
-2.048,-0.856
1.835,-0.137
-0.638,-0.381
-3.099,1.9
1.913,0.581
1.748,1.223
0.942,1.343
-0.314,1.555
-1.623,1.491
1.978,0.122
1.617,0.122
-0.028,2.646
0.632,2.499
0.821,-1.265
-0.146,1.268
-0.146,0.411
-0.176,1.318
-0.186,0.829
-0.147,2.516
-0.452,3.478
-0.495,2.377
-0.556,0.245
-0.572,3.78
-0.576,0.215
-0.451,2.183
-0.643,2.619
-0.644,0.724
-0.797,2.681
-0.704,1.376
-0.868,2.681
-0.773,2.447
-0.781,-0.031
-0.908,0.952
-0.846,2.504
-1.028,2.651
-1.166,2.231
-1.185,-0.047
-1.084,3.639
-1.13,-0.186
-1.246,2.277
-1.255,1.874
-1.387,3.311
-1.394,2.438
-1.292,2.046
-1.46,3.309
-1.478,3.63
-1.615,3.622
-1.622,-0.172
-1.772,1.726
-1.775,2.409
-1.772,1.093
-2.021,0.368
-2.22,2.519
-2.263,0.827
-2.353,2.056
-2.481,2.919
-2.526,-0.065
-2.579,1.643
-2.707,2.421
-2.74,1.825
-2.791,2.068
-2.831,2.351
-2.722,-0.053
-2.899,3.391
-2.909,3.109
-3.066,2.604
-3.106,0.012
3.123,1.039
-3.076,2.502
3.059,3.276
3.117,3.277
2.787,-0.016
2.841,2.05
2.763,-0.255
2.685,1.265
2.542,2.498
2.535,2.764
2.344,1.62
2.214,0.928
2.164,1.516
1.956,1.857
1.961,1.076
1.847,1.347
1.59,0.815
1.637,1.592
1.619,1.846
1.495,1.23
1.414,0.284
1.266,3.501
1.21,2.022
1.303,0.956
1.241,0.227
0.94,1.696
1.07,1.238
0.77,0.296
0.562,0.199
0.534,1.86
0.471,3.284
0.347,1.26
0.249,2.34
0.216,1.225
0.106,1.777
0.041,2.367
-0.161,-0.516
-0.818,-0.115
-1.115,-0.279
-1.263,-0.489
-1.248,-0.428
-1.803,-0.276
-1.726,-0.465
-2.092,-0.532
-2.622,-0.349
-2.729,-0.574
2.813,-0.435
2.155,-0.23
1.446,-0.219
1.318,-0.321
0.395,-0.26
0.218,-0.481
-0.47,4.186
-0.962,4.002
-1.234,4.226
-1.95,3.949
-2.722,4.16
3.14,4.189
-3.033,3.945
2.264,4.03
0.99,4.182
0.641,4.13
0.656,3.92
-2.134,0.37
1.749,1.089
-0.724,0.845
3.098,3.126
1.827,1.807
1.662,2.449
0.856,2.569
-0.4,2.781
-1.709,2.717
1.892,1.348
1.531,1.348
-0.114,3.872
0.546,3.725
0.735,-0.039
0.0,-0.857
-0.03,0.05
-0.04,-0.439
-0.001,1.248
-0.306,2.21
-0.349,1.109
-0.41,-1.023
-0.426,2.512
-0.43,-1.053
-0.305,0.915
-0.497,1.351
-0.498,-0.544
-0.651,1.413
-0.558,0.108
-0.722,1.413
-0.627,1.179
-0.635,-1.299
-0.762,-0.316
-0.7,1.236
-0.882,1.383
-1.02,0.963
-1.039,-1.315
-0.938,2.371
-0.984,-1.454
-1.1,1.009
-1.109,0.606
-1.241,2.043
-1.248,1.17
-1.146,0.778
-1.314,2.041
-1.332,2.362
-1.469,2.354
-1.476,-1.44
-1.626,0.458
-1.629,1.141
-1.626,-0.175
-1.875,-0.9
-2.074,1.251
-2.117,-0.441
-2.207,0.788
-2.335,1.651
-2.38,-1.333
-2.433,0.375
-2.561,1.153
-2.594,0.557
-2.645,0.8
-2.685,1.083
-2.576,-1.321
-2.753,2.123
-2.763,1.841
-2.92,1.336
-2.96,-1.256
-3.014,-0.229
-2.93,1.234
-3.078,2.008
-3.02,2.009
2.933,-1.284
2.987,0.782
2.909,-1.523
2.831,-0.003
2.688,1.23
2.681,1.496
2.49,0.352
2.36,-0.34
2.31,0.248
2.102,0.589
2.107,-0.192
1.993,0.079
1.736,-0.453
1.783,0.324
1.765,0.578
1.641,-0.038
1.56,-0.984
1.412,2.233
1.356,0.754
1.449,-0.312
1.387,-1.041
1.086,0.428
1.216,-0.03
0.916,-0.972
0.708,-1.069
0.68,0.592
0.617,2.016
0.493,-0.008
0.395,1.072
0.362,-0.043
0.252,0.509
0.187,1.099
-0.015,-1.784
-0.672,-1.383
-0.969,-1.547
-1.117,-1.757
-1.102,-1.696
-1.657,-1.544
-1.58,-1.733
-1.946,-1.8
-2.476,-1.617
-2.583,-1.842
2.959,-1.703
2.301,-1.498
1.592,-1.487
1.464,-1.589
0.541,-1.528
0.364,-1.749
-0.324,2.918
-0.816,2.734
-1.088,2.958
-1.804,2.681
-2.576,2.892
-2.997,2.921
-2.887,2.677
2.41,2.762
1.136,2.914
0.787,2.862
0.802,2.652
-1.988,-0.898
1.895,-0.179
-0.578,-0.423
-3.039,1.858
1.973,0.539
1.808,1.181
1.002,1.301
-0.254,1.513
-1.563,1.449
2.038,0.08
1.677,0.08
0.032,2.604
0.692,2.457
0.881,-1.307
-0.03,0.907
-0.04,0.418
-0.001,2.105
-0.306,3.067
-0.349,1.966
-0.41,-0.166
-0.426,3.369
-0.43,-0.196
-0.305,1.772
-0.497,2.208
-0.498,0.313
-0.651,2.27
-0.558,0.965
-0.722,2.27
-0.627,2.036
-0.635,-0.442
-0.762,0.541
-0.7,2.093
-0.882,2.24
-1.02,1.82
-1.039,-0.458
-0.938,3.228
-0.984,-0.597
-1.1,1.866
-1.109,1.463
-1.241,2.9
-1.248,2.027
-1.146,1.635
-1.314,2.898
-1.332,3.219
-1.469,3.211
-1.476,-0.583
-1.626,1.315
-1.629,1.998
-1.626,0.682
-1.875,-0.043
-2.074,2.108
-2.117,0.416
-2.207,1.645
-2.335,2.508
-2.38,-0.476
-2.433,1.232
-2.561,2.01
-2.594,1.414
-2.645,1.657
-2.685,1.94
-2.576,-0.464
-2.753,2.98
-2.763,2.698
-2.92,2.193
-2.96,-0.399
-3.014,0.628
-2.93,2.091
-3.078,2.865
-3.02,2.866
2.933,-0.427
2.987,1.639
2.909,-0.666
2.831,0.854
2.688,2.087
2.681,2.353
2.49,1.209
2.36,0.517
2.31,1.105
2.102,1.446
2.107,0.665
1.993,0.936
1.736,0.404
1.783,1.181
1.765,1.435
1.641,0.819
1.56,-0.127
1.412,3.09
1.356,1.611
1.449,0.545
1.387,-0.184
1.086,1.285
1.216,0.827
0.916,-0.115
0.708,-0.212
0.68,1.449
0.617,2.873
0.493,0.849
0.395,1.929
0.362,0.814
0.252,1.366
0.187,1.956
-0.015,-0.927
-0.672,-0.526
-0.969,-0.69
-1.117,-0.9
-1.102,-0.839
-1.657,-0.687
-1.58,-0.876
-1.946,-0.943
-2.476,-0.76
-2.583,-0.985
2.959,-0.846
2.301,-0.641
1.592,-0.63
1.464,-0.732
0.541,-0.671
0.364,-0.892
-0.324,3.775
-0.816,3.591
-1.088,3.815
-1.804,3.538
-2.576,3.749
-2.997,3.778
-2.887,3.534
2.41,3.619
1.136,3.771
0.787,3.719
0.802,3.509
-1.988,-0.041
1.895,0.678
-0.578,0.434
-3.039,2.715
1.973,1.396
1.808,2.038
1.002,2.158
-0.254,2.37
-1.563,2.306
2.038,0.937
1.677,0.937
0.032,3.461
0.692,3.314
0.881,-0.45
-0.01,-0.489
0.029,1.198
-0.276,2.16
-0.319,1.059
-0.38,-1.073
-0.396,2.462
-0.4,-1.103
-0.275,0.865
-0.467,1.301
-0.468,-0.594
-0.621,1.363
-0.528,0.058
-0.692,1.363
-0.597,1.129
-0.605,-1.349
-0.732,-0.366
-0.67,1.186
-0.852,1.333
-0.99,0.913
-1.009,-1.365
-0.908,2.321
-0.954,-1.504
-1.07,0.959
-1.079,0.556
-1.211,1.993
-1.218,1.12
-1.116,0.728
-1.284,1.991
-1.302,2.312
-1.439,2.304
-1.446,-1.49
-1.596,0.408
-1.599,1.091
-1.596,-0.225
-1.845,-0.95
-2.044,1.201
-2.087,-0.491
-2.177,0.738
-2.305,1.601
-2.35,-1.383
-2.403,0.325
-2.531,1.103
-2.564,0.507
-2.615,0.75
-2.655,1.033
-2.546,-1.371
-2.723,2.073
-2.733,1.791
-2.89,1.286
-2.93,-1.306
-2.984,-0.279
-2.9,1.184
-3.048,1.958
-2.99,1.959
2.963,-1.334
3.017,0.732
2.939,-1.573
2.861,-0.053
2.718,1.18
2.711,1.446
2.52,0.302
2.39,-0.39
2.34,0.198
2.132,0.539
2.137,-0.242
2.023,0.029
1.766,-0.503
1.813,0.274
1.795,0.528
1.671,-0.088
1.59,-1.034
1.442,2.183
1.386,0.704
1.479,-0.362
1.417,-1.091
1.116,0.378
1.246,-0.08
0.946,-1.022
0.738,-1.119
0.71,0.542
0.647,1.966
0.523,-0.058
0.425,1.022
0.392,-0.093
0.282,0.459
0.217,1.049
0.015,-1.834
-0.642,-1.433
-0.939,-1.597
-1.087,-1.807
-1.072,-1.746
-1.627,-1.594
-1.55,-1.783
-1.916,-1.85
-2.446,-1.667
-2.553,-1.892
2.989,-1.753
2.331,-1.548
1.622,-1.537
1.494,-1.639
0.571,-1.578
0.394,-1.799
-0.294,2.868
-0.786,2.684
-1.058,2.908
-1.774,2.631
-2.546,2.842
-2.967,2.871
-2.857,2.627
2.44,2.712
1.166,2.864
0.817,2.812
0.832,2.602
-1.958,-0.948
1.925,-0.229
-0.548,-0.473
-3.009,1.808
2.003,0.489
1.838,1.131
1.032,1.251
-0.224,1.463
-1.533,1.399
2.068,0.03
1.707,0.03
0.062,2.554
0.722,2.407
0.911,-1.357
0.039,1.687
-0.266,2.649
-0.309,1.548
-0.37,-0.584
-0.386,2.951
-0.39,-0.614
-0.265,1.354
-0.457,1.79
-0.458,-0.105
-0.611,1.852
-0.518,0.547
-0.682,1.852
-0.587,1.618
-0.595,-0.86
-0.722,0.123
-0.66,1.675
-0.842,1.822
-0.98,1.402
-0.999,-0.876
-0.898,2.81
-0.944,-1.015
-1.06,1.448
-1.069,1.045
-1.201,2.482
-1.208,1.609
-1.106,1.217
-1.274,2.48
-1.292,2.801
-1.429,2.793
-1.436,-1.001
-1.586,0.897
-1.589,1.58
-1.586,0.264
-1.835,-0.461
-2.034,1.69
-2.077,-0.002
-2.167,1.227
-2.295,2.09
-2.34,-0.894
-2.393,0.814
-2.521,1.592
-2.554,0.996
-2.605,1.239
-2.645,1.522
-2.536,-0.882
-2.713,2.562
-2.723,2.28
-2.88,1.775
-2.92,-0.817
-2.974,0.21
-2.89,1.673
-3.038,2.447
-2.98,2.448
2.973,-0.845
3.027,1.221
2.949,-1.084
2.871,0.436
2.728,1.669
2.721,1.935
2.53,0.791
2.4,0.099
2.35,0.687
2.142,1.028
2.147,0.247
2.033,0.518
1.776,-0.014
1.823,0.763
1.805,1.017
1.681,0.401
1.6,-0.545
1.452,2.672
1.396,1.193
1.489,0.127
1.427,-0.602
1.126,0.867
1.256,0.409
0.956,-0.533
0.748,-0.63
0.72,1.031
0.657,2.455
0.533,0.431
0.435,1.511
0.402,0.396
0.292,0.948
0.227,1.538
0.025,-1.345
-0.632,-0.944
-0.929,-1.108
-1.077,-1.318
-1.062,-1.257
-1.617,-1.105
-1.54,-1.294
-1.906,-1.361
-2.436,-1.178
-2.543,-1.403
2.999,-1.264
2.341,-1.059
1.632,-1.048
1.504,-1.15
0.581,-1.089
0.404,-1.31
-0.284,3.357
-0.776,3.173
-1.048,3.397
-1.764,3.12
-2.536,3.331
-2.957,3.36
-2.847,3.116
2.45,3.201
1.176,3.353
0.827,3.301
0.842,3.091
-1.948,-0.459
1.935,0.26
-0.538,0.016
-2.999,2.297
2.013,0.978
1.848,1.62
1.042,1.74
-0.214,1.952
-1.523,1.888
2.078,0.519
1.717,0.519
0.072,3.043
0.732,2.896
0.921,-0.868
-0.305,0.962
-0.348,-0.139
-0.409,-2.271
-0.425,1.264
-0.429,-2.301
-0.304,-0.333
-0.496,0.103
-0.497,-1.792
-0.65,0.165
-0.557,-1.14
-0.721,0.165
-0.626,-0.069
-0.634,-2.547
-0.761,-1.564
-0.699,-0.012
-0.881,0.135
-1.019,-0.285
-1.038,-2.563
-0.937,1.123
-0.983,-2.702
-1.099,-0.239
-1.108,-0.642
-1.24,0.795
-1.247,-0.078
-1.145,-0.47
-1.313,0.793
-1.331,1.114
-1.468,1.106
-1.475,-2.688
-1.625,-0.79
-1.628,-0.107
-1.625,-1.423
-1.874,-2.148
-2.073,0.003
-2.116,-1.689
-2.206,-0.46
-2.334,0.403
-2.379,-2.581
-2.432,-0.873
-2.56,-0.095
-2.593,-0.691
-2.644,-0.448
-2.684,-0.165
-2.575,-2.569
-2.752,0.875
-2.762,0.593
-2.919,0.088
-2.959,-2.504
-3.013,-1.477
-2.929,-0.014
-3.077,0.76
-3.019,0.761
2.934,-2.532
2.988,-0.466
2.91,-2.771
2.832,-1.251
2.689,-0.018
2.682,0.248
2.491,-0.896
2.361,-1.588
2.311,-1.0
2.103,-0.659
2.108,-1.44
1.994,-1.169
1.737,-1.701
1.784,-0.924
1.766,-0.67
1.642,-1.286
1.561,-2.232
1.413,0.985
1.357,-0.494
1.45,-1.56
1.388,-2.289
1.087,-0.82
1.217,-1.278
0.917,-2.22
0.709,-2.317
0.681,-0.656
0.618,0.768
0.494,-1.256
0.396,-0.176
0.363,-1.291
0.253,-0.739
0.188,-0.149
-0.014,-3.032
-0.671,-2.631
-0.968,-2.795
-1.116,-3.005
-1.101,-2.944
-1.656,-2.792
-1.579,-2.981
-1.945,-3.048
-2.475,-2.865
-2.582,-3.09
2.96,-2.951
2.302,-2.746
1.593,-2.735
1.465,-2.837
0.542,-2.776
0.365,-2.997
-0.323,1.67
-0.815,1.486
-1.087,1.71
-1.803,1.433
-2.575,1.644
-2.996,1.673
-2.886,1.429
2.411,1.514
1.137,1.666
0.788,1.614
0.803,1.404
-1.987,-2.146
1.896,-1.427
-0.577,-1.671
-3.038,0.61
1.974,-0.709
1.809,-0.067
1.003,0.053
-0.253,0.265
-1.562,0.201
2.039,-1.168
1.678,-1.168
0.033,1.356
0.693,1.209
0.882,-2.555
-0.043,-1.101
-0.104,-3.233
-0.12,0.302
-0.124,-3.263
0.001,-1.295
-0.191,-0.859
-0.192,-2.754
-0.345,-0.797
-0.252,-2.102
-0.416,-0.797
-0.321,-1.031
-0.329,-3.509
-0.456,-2.526
-0.394,-0.974
-0.576,-0.827
-0.714,-1.247
-0.733,-3.525
-0.632,0.161
-0.678,-3.664
-0.794,-1.201
-0.803,-1.604
-0.935,-0.167
-0.942,-1.04
-0.84,-1.432
-1.008,-0.169
-1.026,0.152
-1.163,0.144
-1.17,-3.65
-1.32,-1.752
-1.323,-1.069
-1.32,-2.385
-1.569,-3.11
-1.768,-0.959
-1.811,-2.651
-1.901,-1.422
-2.029,-0.559
-2.074,-3.543
-2.127,-1.835
-2.255,-1.057
-2.288,-1.653
-2.339,-1.41
-2.379,-1.127
-2.27,-3.531
-2.447,-0.087
-2.457,-0.369
-2.614,-0.874
-2.654,-3.466
-2.708,-2.439
-2.624,-0.976
-2.772,-0.202
-2.714,-0.201
-3.044,-3.494
-2.99,-1.428
-3.068,-3.733
3.137,-2.213
2.994,-0.98
2.987,-0.714
2.796,-1.858
2.666,-2.55
2.616,-1.962
2.408,-1.621
2.413,-2.402
2.299,-2.131
2.042,-2.663
2.089,-1.886
2.071,-1.632
1.947,-2.248
1.866,-3.194
1.718,0.023
1.662,-1.456
1.755,-2.522
1.693,-3.251
1.392,-1.782
1.522,-2.24
1.222,-3.182
1.014,-3.279
0.986,-1.618
0.923,-0.194
0.799,-2.218
0.701,-1.138
0.668,-2.253
0.558,-1.701
0.493,-1.111
0.291,-3.994
-0.366,-3.593
-0.663,-3.757
-0.811,-3.967
-0.796,-3.906
-1.351,-3.754
-1.274,-3.943
-1.64,-4.01
-2.17,-3.827
-2.277,-4.052
-3.018,-3.913
2.607,-3.708
1.898,-3.697
1.77,-3.799
0.847,-3.738
0.67,-3.959
-0.018,0.708
-0.51,0.524
-0.782,0.748
-1.498,0.471
-2.27,0.682
-2.691,0.711
-2.581,0.467
2.716,0.552
1.442,0.704
1.093,0.652
1.108,0.442
-1.682,-3.108
2.201,-2.389
-0.272,-2.633
-2.733,-0.352
2.279,-1.671
2.114,-1.029
1.308,-0.909
0.052,-0.697
-1.257,-0.761
2.344,-2.13
1.983,-2.13
0.338,0.394
0.998,0.247
1.187,-3.517
-0.061,-2.132
-0.077,1.403
-0.081,-2.162
0.044,-0.194
-0.148,0.242
-0.149,-1.653
-0.302,0.304
-0.209,-1.001
-0.373,0.304
-0.278,0.07
-0.286,-2.408
-0.413,-1.425
-0.351,0.127
-0.533,0.274
-0.671,-0.146
-0.69,-2.424
-0.589,1.262
-0.635,-2.563
-0.751,-0.1
-0.76,-0.503
-0.892,0.934
-0.899,0.061
-0.797,-0.331
-0.965,0.932
-0.983,1.253
-1.12,1.245
-1.127,-2.549
-1.277,-0.651
-1.28,0.032
-1.277,-1.284
-1.526,-2.009
-1.725,0.142
-1.768,-1.55
-1.858,-0.321
-1.986,0.542
-2.031,-2.442
-2.084,-0.734
-2.212,0.044
-2.245,-0.552
-2.296,-0.309
-2.336,-0.026
-2.227,-2.43
-2.404,1.014
-2.414,0.732
-2.571,0.227
-2.611,-2.365
-2.665,-1.338
-2.581,0.125
-2.729,0.899
-2.671,0.9
-3.001,-2.393
-2.947,-0.327
-3.025,-2.632
-3.103,-1.112
3.037,0.121
3.03,0.387
2.839,-0.757
2.709,-1.449
2.659,-0.861
2.451,-0.52
2.456,-1.301
2.342,-1.03
2.085,-1.562
2.132,-0.785
2.114,-0.531
1.99,-1.147
1.909,-2.093
1.761,1.124
1.705,-0.355
1.798,-1.421
1.736,-2.15
1.435,-0.681
1.565,-1.139
1.265,-2.081
1.057,-2.178
1.029,-0.517
0.966,0.907
0.842,-1.117
0.744,-0.037
0.711,-1.152
0.601,-0.6
0.536,-0.01
0.334,-2.893
-0.323,-2.492
-0.62,-2.656
-0.768,-2.866
-0.753,-2.805
-1.308,-2.653
-1.231,-2.842
-1.597,-2.909
-2.127,-2.726
-2.234,-2.951
-2.975,-2.812
2.65,-2.607
1.941,-2.596
1.813,-2.698
0.89,-2.637
0.713,-2.858
0.025,1.809
-0.467,1.625
-0.739,1.849
-1.455,1.572
-2.227,1.783
-2.648,1.812
-2.538,1.568
2.759,1.653
1.485,1.805
1.136,1.753
1.151,1.543
-1.639,-2.007
2.244,-1.288
-0.229,-1.532
-2.69,0.749
2.322,-0.57
2.157,0.072
1.351,0.192
0.095,0.404
-1.214,0.34
2.387,-1.029
2.026,-1.029
0.381,1.495
1.041,1.348
1.23,-2.416
-0.016,3.535
-0.02,-0.03
0.105,1.938
-0.087,2.374
-0.088,0.479
-0.241,2.436
-0.148,1.131
-0.312,2.436
-0.217,2.202
-0.225,-0.276
-0.352,0.707
-0.29,2.259
-0.472,2.406
-0.61,1.986
-0.629,-0.292
-0.528,3.394
-0.574,-0.431
-0.69,2.032
-0.699,1.629
-0.831,3.066
-0.838,2.193
-0.736,1.801
-0.904,3.064
-0.922,3.385
-1.059,3.377
-1.066,-0.417
-1.216,1.481
-1.219,2.164
-1.216,0.848
-1.465,0.123
-1.664,2.274
-1.707,0.582
-1.797,1.811
-1.925,2.674
-1.97,-0.31
-2.023,1.398
-2.151,2.176
-2.184,1.58
-2.235,1.823
-2.275,2.106
-2.166,-0.298
-2.343,3.146
-2.353,2.864
-2.51,2.359
-2.55,-0.233
-2.604,0.794
-2.52,2.257
-2.668,3.031
-2.61,3.032
-2.94,-0.261
-2.886,1.805
-2.964,-0.5
-3.042,1.02
3.098,2.253
3.091,2.519
2.9,1.375
2.77,0.683
2.72,1.271
2.512,1.612
2.517,0.831
2.403,1.102
2.146,0.57
2.193,1.347
2.175,1.601
2.051,0.985
1.97,0.039
1.822,3.256
1.766,1.777
1.859,0.711
1.797,-0.018
1.496,1.451
1.626,0.993
1.326,0.051
1.118,-0.046
1.09,1.615
1.027,3.039
0.903,1.015
0.805,2.095
0.772,0.98
0.662,1.532
0.597,2.122
0.395,-0.761
-0.262,-0.36
-0.559,-0.524
-0.707,-0.734
-0.692,-0.673
-1.247,-0.521
-1.17,-0.71
-1.536,-0.777
-2.066,-0.594
-2.173,-0.819
-2.914,-0.68
2.711,-0.475
2.002,-0.464
1.874,-0.566
0.951,-0.505
0.774,-0.726
0.086,3.941
-0.406,3.757
-0.678,3.981
-1.394,3.704
-2.166,3.915
-2.587,3.944
-2.477,3.7
2.82,3.785
1.546,3.937
1.197,3.885
1.212,3.675
-1.578,0.125
2.305,0.844
-0.168,0.6
-2.629,2.881
2.383,1.562
2.218,2.204
1.412,2.324
0.156,2.536
-1.153,2.472
2.448,1.103
2.087,1.103
0.442,3.627
1.102,3.48
1.291,-0.284
-0.004,-3.565
0.121,-1.597
-0.071,-1.161
-0.072,-3.056
-0.225,-1.099
-0.132,-2.404
-0.296,-1.099
-0.201,-1.333
-0.209,-3.811
-0.336,-2.828
-0.274,-1.276
-0.456,-1.129
-0.594,-1.549
-0.613,-3.827
-0.512,-0.141
-0.558,-3.966
-0.674,-1.503
-0.683,-1.906
-0.815,-0.469
-0.822,-1.342
-0.72,-1.734
-0.888,-0.471
-0.906,-0.15
-1.043,-0.158
-1.05,-3.952
-1.2,-2.054
-1.203,-1.371
-1.2,-2.687
-1.449,-3.412
-1.648,-1.261
-1.691,-2.953
-1.781,-1.724
-1.909,-0.861
-1.954,-3.845
-2.007,-2.137
-2.135,-1.359
-2.168,-1.955
-2.219,-1.712
-2.259,-1.429
-2.15,-3.833
-2.327,-0.389
-2.337,-0.671
-2.494,-1.176
-2.534,-3.768
-2.588,-2.741
-2.504,-1.278
-2.652,-0.504
-2.594,-0.503
-2.924,-3.796
-2.87,-1.73
-2.948,-4.035
-3.026,-2.515
3.114,-1.282
3.107,-1.016
2.916,-2.16
2.786,-2.852
2.736,-2.264
2.528,-1.923
2.533,-2.704
2.419,-2.433
2.162,-2.965
2.209,-2.188
2.191,-1.934
2.067,-2.55
1.986,-3.496
1.838,-0.279
1.782,-1.758
1.875,-2.824
1.813,-3.553
1.512,-2.084
1.642,-2.542
1.342,-3.484
1.134,-3.581
1.106,-1.92
1.043,-0.496
0.919,-2.52
0.821,-1.44
0.788,-2.555
0.678,-2.003
0.613,-1.413
0.411,-4.296
-0.246,-3.895
-0.543,-4.059
-0.691,-4.269
-0.676,-4.208
-1.231,-4.056
-1.154,-4.245
-1.52,-4.312
-2.05,-4.129
-2.157,-4.354
-2.898,-4.215
2.727,-4.01
2.018,-3.999
1.89,-4.101
0.967,-4.04
0.79,-4.261
0.102,0.406
-0.39,0.222
-0.662,0.446
-1.378,0.169
-2.15,0.38
-2.571,0.409
-2.461,0.165
2.836,0.25
1.562,0.402
1.213,0.35
1.228,0.14
-1.562,-3.41
2.321,-2.691
-0.152,-2.935
-2.613,-0.654
2.399,-1.973
2.234,-1.331
1.428,-1.211
0.172,-0.999
-1.137,-1.063
2.464,-2.432
2.103,-2.432
0.458,0.092
1.118,-0.055
1.307,-3.819
0.125,1.968
-0.067,2.404
-0.068,0.509
-0.221,2.466
-0.128,1.161
-0.292,2.466
-0.197,2.232
-0.205,-0.246
-0.332,0.737
-0.27,2.289
-0.452,2.436
-0.59,2.016
-0.609,-0.262
-0.508,3.424
-0.554,-0.401
-0.67,2.062
-0.679,1.659
-0.811,3.096
-0.818,2.223
-0.716,1.831
-0.884,3.094
-0.902,3.415
-1.039,3.407
-1.046,-0.387
-1.196,1.511
-1.199,2.194
-1.196,0.878
-1.445,0.153
-1.644,2.304
-1.687,0.612
-1.777,1.841
-1.905,2.704
-1.95,-0.28
-2.003,1.428
-2.131,2.206
-2.164,1.61
-2.215,1.853
-2.255,2.136
-2.146,-0.268
-2.323,3.176
-2.333,2.894
-2.49,2.389
-2.53,-0.203
-2.584,0.824
-2.5,2.287
-2.648,3.061
-2.59,3.062
-2.92,-0.231
-2.866,1.835
-2.944,-0.47
-3.022,1.05
3.118,2.283
3.111,2.549
2.92,1.405
2.79,0.713
2.74,1.301
2.532,1.642
2.537,0.861
2.423,1.132
2.166,0.6
2.213,1.377
2.195,1.631
2.071,1.015
1.99,0.069
1.842,3.286
1.786,1.807
1.879,0.741
1.817,0.012
1.516,1.481
1.646,1.023
1.346,0.081
1.138,-0.016
1.11,1.645
1.047,3.069
0.923,1.045
0.825,2.125
0.792,1.01
0.682,1.562
0.617,2.152
0.415,-0.731
-0.242,-0.33
-0.539,-0.494
-0.687,-0.704
-0.672,-0.643
-1.227,-0.491
-1.15,-0.68
-1.516,-0.747
-2.046,-0.564
-2.153,-0.789
-2.894,-0.65
2.731,-0.445
2.022,-0.434
1.894,-0.536
0.971,-0.475
0.794,-0.696
0.106,3.971
-0.386,3.787
-0.658,4.011
-1.374,3.734
-2.146,3.945
-2.567,3.974
-2.457,3.73
2.84,3.815
1.566,3.967
1.217,3.915
1.232,3.705
-1.558,0.155
2.325,0.874
-0.148,0.63
-2.609,2.911
2.403,1.592
2.238,2.234
1.432,2.354
0.176,2.566
-1.133,2.502
2.468,1.133
2.107,1.133
0.462,3.657
1.122,3.51
1.311,-0.254
-0.192,0.436
-0.193,-1.459
-0.346,0.498
-0.253,-0.807
-0.417,0.498
-0.322,0.264
-0.33,-2.214
-0.457,-1.231
-0.395,0.321
-0.577,0.468
-0.715,0.048
-0.734,-2.23
-0.633,1.456
-0.679,-2.369
-0.795,0.094
-0.804,-0.309
-0.936,1.128
-0.943,0.255
-0.841,-0.137
-1.009,1.126
-1.027,1.447
-1.164,1.439
-1.171,-2.355
-1.321,-0.457
-1.324,0.226
-1.321,-1.09
-1.57,-1.815
-1.769,0.336
-1.812,-1.356
-1.902,-0.127
-2.03,0.736
-2.075,-2.248
-2.128,-0.54
-2.256,0.238
-2.289,-0.358
-2.34,-0.115
-2.38,0.168
-2.271,-2.236
-2.448,1.208
-2.458,0.926
-2.615,0.421
-2.655,-2.171
-2.709,-1.144
-2.625,0.319
-2.773,1.093
-2.715,1.094
-3.045,-2.199
-2.991,-0.133
-3.069,-2.438
3.136,-0.918
2.993,0.315
2.986,0.581
2.795,-0.563
2.665,-1.255
2.615,-0.667
2.407,-0.326
2.412,-1.107
2.298,-0.836
2.041,-1.368
2.088,-0.591
2.07,-0.337
1.946,-0.953
1.865,-1.899
1.717,1.318
1.661,-0.161
1.754,-1.227
1.692,-1.956
1.391,-0.487
1.521,-0.945
1.221,-1.887
1.013,-1.984
0.985,-0.323
0.922,1.101
0.798,-0.923
0.7,0.157
0.667,-0.958
0.557,-0.406
0.492,0.184
0.29,-2.699
-0.367,-2.298
-0.664,-2.462
-0.812,-2.672
-0.797,-2.611
-1.352,-2.459
-1.275,-2.648
-1.641,-2.715
-2.171,-2.532
-2.278,-2.757
-3.019,-2.618
2.606,-2.413
1.897,-2.402
1.769,-2.504
0.846,-2.443
0.669,-2.664
-0.019,2.003
-0.511,1.819
-0.783,2.043
-1.499,1.766
-2.271,1.977
-2.692,2.006
-2.582,1.762
2.715,1.847
1.441,1.999
1.092,1.947
1.107,1.737
-1.683,-1.813
2.2,-1.094
-0.273,-1.338
-2.734,0.943
2.278,-0.376
2.113,0.266
1.307,0.386
0.051,0.598
-1.258,0.534
2.343,-0.835
1.982,-0.835
0.337,1.689
0.997,1.542
1.186,-2.222
-0.001,-1.895
-0.154,0.062
-0.061,-1.243
-0.225,0.062
-0.13,-0.172
-0.138,-2.65
-0.265,-1.667
-0.203,-0.115
-0.385,0.032
-0.523,-0.388
-0.542,-2.666
-0.441,1.02
-0.487,-2.805
-0.603,-0.342
-0.612,-0.745
-0.744,0.692
-0.751,-0.181
-0.649,-0.573
-0.817,0.69
-0.835,1.011
-0.972,1.003
-0.979,-2.791
-1.129,-0.893
-1.132,-0.21
-1.129,-1.526
-1.378,-2.251
-1.577,-0.1
-1.62,-1.792
-1.71,-0.563
-1.838,0.3
-1.883,-2.684
-1.936,-0.976
-2.064,-0.198
-2.097,-0.794
-2.148,-0.551
-2.188,-0.268
-2.079,-2.672
-2.256,0.772
-2.266,0.49
-2.423,-0.015
-2.463,-2.607
-2.517,-1.58
-2.433,-0.117
-2.581,0.657
-2.523,0.658
-2.853,-2.635
-2.799,-0.569
-2.877,-2.874
-2.955,-1.354
-3.098,-0.121
-3.105,0.145
2.987,-0.999
2.857,-1.691
2.807,-1.103
2.599,-0.762
2.604,-1.543
2.49,-1.272
2.233,-1.804
2.28,-1.027
2.262,-0.773
2.138,-1.389
2.057,-2.335
1.909,0.882
1.853,-0.597
1.946,-1.663
1.884,-2.392
1.583,-0.923
1.713,-1.381
1.413,-2.323
1.205,-2.42
1.177,-0.759
1.114,0.665
0.99,-1.359
0.892,-0.279
0.859,-1.394
0.749,-0.842
0.684,-0.252
0.482,-3.135
-0.175,-2.734
-0.472,-2.898
-0.62,-3.108
-0.605,-3.047
-1.16,-2.895
-1.083,-3.084
-1.449,-3.151
-1.979,-2.968
-2.086,-3.193
-2.827,-3.054
2.798,-2.849
2.089,-2.838
1.961,-2.94
1.038,-2.879
0.861,-3.1
0.173,1.567
-0.319,1.383
-0.591,1.607
-1.307,1.33
-2.079,1.541
-2.5,1.57
-2.39,1.326
2.907,1.411
1.633,1.563
1.284,1.511
1.299,1.301
-1.491,-2.249
2.392,-1.53
-0.081,-1.774
-2.542,0.507
2.47,-0.812
2.305,-0.17
1.499,-0.05
0.243,0.162
-1.066,0.098
2.535,-1.271
2.174,-1.271
0.529,1.253
1.189,1.106
1.378,-2.658
-0.153,1.957
-0.06,0.652
-0.224,1.957
-0.129,1.723
-0.137,-0.755
-0.264,0.228
-0.202,1.78
-0.384,1.927
-0.522,1.507
-0.541,-0.771
-0.44,2.915
-0.486,-0.91
-0.602,1.553
-0.611,1.15
-0.743,2.587
-0.75,1.714
-0.648,1.322
-0.816,2.585
-0.834,2.906
-0.971,2.898
-0.978,-0.896
-1.128,1.002
-1.131,1.685
-1.128,0.369
-1.377,-0.356
-1.576,1.795
-1.619,0.103
-1.709,1.332
-1.837,2.195
-1.882,-0.789
-1.935,0.919
-2.063,1.697
-2.096,1.101
-2.147,1.344
-2.187,1.627
-2.078,-0.777
-2.255,2.667
-2.265,2.385
-2.422,1.88
-2.462,-0.712
-2.516,0.315
-2.432,1.778
-2.58,2.552
-2.522,2.553
-2.852,-0.74
-2.798,1.326
-2.876,-0.979
-2.954,0.541
-3.097,1.774
-3.104,2.04
2.988,0.896
2.858,0.204
2.808,0.792
2.6,1.133
2.605,0.352
2.491,0.623
2.234,0.091
2.281,0.868
2.263,1.122
2.139,0.506
2.058,-0.44
1.91,2.777
1.854,1.298
1.947,0.232
1.885,-0.497
1.584,0.972
1.714,0.514
1.414,-0.428
1.206,-0.525
1.178,1.136
1.115,2.56
0.991,0.536
0.893,1.616
0.86,0.501
0.75,1.053
0.685,1.643
0.483,-1.24
-0.174,-0.839
-0.471,-1.003
-0.619,-1.213
-0.604,-1.152
-1.159,-1.0
-1.082,-1.189
-1.448,-1.256
-1.978,-1.073
-2.085,-1.298
-2.826,-1.159
2.799,-0.954
2.09,-0.943
1.962,-1.045
1.039,-0.984
0.862,-1.205
0.174,3.462
-0.318,3.278
-0.59,3.502
-1.306,3.225
-2.078,3.436
-2.499,3.465
-2.389,3.221
2.908,3.306
1.634,3.458
1.285,3.406
1.3,3.196
-1.49,-0.354
2.393,0.365
-0.08,0.121
-2.541,2.402
2.471,1.083
2.306,1.725
1.5,1.845
0.244,2.057
-1.065,1.993
2.536,0.624
2.175,0.624
0.53,3.148
1.19,3.001
1.379,-0.763
0.093,-1.305
-0.071,0.0
0.024,-0.234
0.016,-2.712
-0.111,-1.729
-0.049,-0.177
-0.231,-0.03
-0.369,-0.45
-0.388,-2.728
-0.287,0.958
-0.333,-2.867
-0.449,-0.404
-0.458,-0.807
-0.59,0.63
-0.597,-0.243
-0.495,-0.635
-0.663,0.628
-0.681,0.949
-0.818,0.941
-0.825,-2.853
-0.975,-0.955
-0.978,-0.272
-0.975,-1.588
-1.224,-2.313
-1.423,-0.162
-1.466,-1.854
-1.556,-0.625
-1.684,0.238
-1.729,-2.746
-1.782,-1.038
-1.91,-0.26
-1.943,-0.856
-1.994,-0.613
-2.034,-0.33
-1.925,-2.734
-2.102,0.71
-2.112,0.428
-2.269,-0.077
-2.309,-2.669
-2.363,-1.642
-2.279,-0.179
-2.427,0.595
-2.369,0.596
-2.699,-2.697
-2.645,-0.631
-2.723,-2.936
-2.801,-1.416
-2.944,-0.183
-2.951,0.083
3.141,-1.061
3.011,-1.753
2.961,-1.165
2.753,-0.824
2.758,-1.605
2.644,-1.334
2.387,-1.866
2.434,-1.089
2.416,-0.835
2.292,-1.451
2.211,-2.397
2.063,0.82
2.007,-0.659
2.1,-1.725
2.038,-2.454
1.737,-0.985
1.867,-1.443
1.567,-2.385
1.359,-2.482
1.331,-0.821
1.268,0.603
1.144,-1.421
1.046,-0.341
1.013,-1.456
0.903,-0.904
0.838,-0.314
0.636,-3.197
-0.021,-2.796
-0.318,-2.96
-0.466,-3.17
-0.451,-3.109
-1.006,-2.957
-0.929,-3.146
-1.295,-3.213
-1.825,-3.03
-1.932,-3.255
-2.673,-3.116
2.952,-2.911
2.243,-2.9
2.115,-3.002
1.192,-2.941
1.015,-3.162
0.327,1.505
-0.165,1.321
-0.437,1.545
-1.153,1.268
-1.925,1.479
-2.346,1.508
-2.236,1.264
3.061,1.349
1.787,1.501
1.438,1.449
1.453,1.239
-1.337,-2.311
2.546,-1.592
0.073,-1.836
-2.388,0.445
2.624,-0.874
2.459,-0.232
1.653,-0.112
0.397,0.1
-0.912,0.036
2.689,-1.333
2.328,-1.333
0.683,1.191
1.343,1.044
1.532,-2.72
-0.164,1.305
-0.069,1.071
-0.077,-1.407
-0.204,-0.424
-0.142,1.128
-0.324,1.275
-0.462,0.855
-0.481,-1.423
-0.38,2.263
-0.426,-1.562
-0.542,0.901
-0.551,0.498
-0.683,1.935
-0.69,1.062
-0.588,0.67
-0.756,1.933
-0.774,2.254
-0.911,2.246
-0.918,-1.548
-1.068,0.35
-1.071,1.033
-1.068,-0.283
-1.317,-1.008
-1.516,1.143
-1.559,-0.549
-1.649,0.68
-1.777,1.543
-1.822,-1.441
-1.875,0.267
-2.003,1.045
-2.036,0.449
-2.087,0.692
-2.127,0.975
-2.018,-1.429
-2.195,2.015
-2.205,1.733
-2.362,1.228
-2.402,-1.364
-2.456,-0.337
-2.372,1.126
-2.52,1.9
-2.462,1.901
-2.792,-1.392
-2.738,0.674
-2.816,-1.631
-2.894,-0.111
-3.037,1.122
-3.044,1.388
3.048,0.244
2.918,-0.448
2.868,0.14
2.66,0.481
2.665,-0.3
2.551,-0.029
2.294,-0.561
2.341,0.216
2.323,0.47
2.199,-0.146
2.118,-1.092
1.97,2.125
1.914,0.646
2.007,-0.42
1.945,-1.149
1.644,0.32
1.774,-0.138
1.474,-1.08
1.266,-1.177
1.238,0.484
1.175,1.908
1.051,-0.116
0.953,0.964
0.92,-0.151
0.81,0.401
0.745,0.991
0.543,-1.892
-0.114,-1.491
-0.411,-1.655
-0.559,-1.865
-0.544,-1.804
-1.099,-1.652
-1.022,-1.841
-1.388,-1.908
-1.918,-1.725
-2.025,-1.95
-2.766,-1.811
2.859,-1.606
2.15,-1.595
2.022,-1.697
1.099,-1.636
0.922,-1.857
0.234,2.81
-0.258,2.626
-0.53,2.85
-1.246,2.573
-2.018,2.784
-2.439,2.813
-2.329,2.569
2.968,2.654
1.694,2.806
1.345,2.754
1.36,2.544
-1.43,-1.006
2.453,-0.287
-0.02,-0.531
-2.481,1.75
2.531,0.431
2.366,1.073
1.56,1.193
0.304,1.405
-1.005,1.341
2.596,-0.028
2.235,-0.028
0.59,2.496
1.25,2.349
1.439,-1.415
0.095,-0.234
0.087,-2.712
-0.04,-1.729
0.022,-0.177
-0.16,-0.03
-0.298,-0.45
-0.317,-2.728
-0.216,0.958
-0.262,-2.867
-0.378,-0.404
-0.387,-0.807
-0.519,0.63
-0.526,-0.243
-0.424,-0.635
-0.592,0.628
-0.61,0.949
-0.747,0.941
-0.754,-2.853
-0.904,-0.955
-0.907,-0.272
-0.904,-1.588
-1.153,-2.313
-1.352,-0.162
-1.395,-1.854
-1.485,-0.625
-1.613,0.238
-1.658,-2.746
-1.711,-1.038
-1.839,-0.26
-1.872,-0.856
-1.923,-0.613
-1.963,-0.33
-1.854,-2.734
-2.031,0.71
-2.041,0.428
-2.198,-0.077
-2.238,-2.669
-2.292,-1.642
-2.208,-0.179
-2.356,0.595
-2.298,0.596
-2.628,-2.697
-2.574,-0.631
-2.652,-2.936
-2.73,-1.416
-2.873,-0.183
-2.88,0.083
-3.071,-1.061
3.082,-1.753
3.032,-1.165
2.824,-0.824
2.829,-1.605
2.715,-1.334
2.458,-1.866
2.505,-1.089
2.487,-0.835
2.363,-1.451
2.282,-2.397
2.134,0.82
2.078,-0.659
2.171,-1.725
2.109,-2.454
1.808,-0.985
1.938,-1.443
1.638,-2.385
1.43,-2.482
1.402,-0.821
1.339,0.603
1.215,-1.421
1.117,-0.341
1.084,-1.456
0.974,-0.904
0.909,-0.314
0.707,-3.197
0.05,-2.796
-0.247,-2.96
-0.395,-3.17
-0.38,-3.109
-0.935,-2.957
-0.858,-3.146
-1.224,-3.213
-1.754,-3.03
-1.861,-3.255
-2.602,-3.116
3.023,-2.911
2.314,-2.9
2.186,-3.002
1.263,-2.941
1.086,-3.162
0.398,1.505
-0.094,1.321
-0.366,1.545
-1.082,1.268
-1.854,1.479
-2.275,1.508
-2.165,1.264
3.132,1.349
1.858,1.501
1.509,1.449
1.524,1.239
-1.266,-2.311
2.617,-1.592
0.144,-1.836
-2.317,0.445
2.695,-0.874
2.53,-0.232
1.724,-0.112
0.468,0.1
-0.841,0.036
2.76,-1.333
2.399,-1.333
0.754,1.191
1.414,1.044
1.603,-2.72
-0.008,-2.478
-0.135,-1.495
-0.073,0.057
-0.255,0.204
-0.393,-0.216
-0.412,-2.494
-0.311,1.192
-0.357,-2.633
-0.473,-0.17
-0.482,-0.573
-0.614,0.864
-0.621,-0.009
-0.519,-0.401
-0.687,0.862
-0.705,1.183
-0.842,1.175
-0.849,-2.619
-0.999,-0.721
-1.002,-0.038
-0.999,-1.354
-1.248,-2.079
-1.447,0.072
-1.49,-1.62
-1.58,-0.391
-1.708,0.472
-1.753,-2.512
-1.806,-0.804
-1.934,-0.026
-1.967,-0.622
-2.018,-0.379
-2.058,-0.096
-1.949,-2.5
-2.126,0.944
-2.136,0.662
-2.293,0.157
-2.333,-2.435
-2.387,-1.408
-2.303,0.055
-2.451,0.829
-2.393,0.83
-2.723,-2.463
-2.669,-0.397
-2.747,-2.702
-2.825,-1.182
-2.968,0.051
-2.975,0.317
3.117,-0.827
2.987,-1.519
2.937,-0.931
2.729,-0.59
2.734,-1.371
2.62,-1.1
2.363,-1.632
2.41,-0.855
2.392,-0.601
2.268,-1.217
2.187,-2.163
2.039,1.054
1.983,-0.425
2.076,-1.491
2.014,-2.22
1.713,-0.751
1.843,-1.209
1.543,-2.151
1.335,-2.248
1.307,-0.587
1.244,0.837
1.12,-1.187
1.022,-0.107
0.989,-1.222
0.879,-0.67
0.814,-0.08
0.612,-2.963
-0.045,-2.562
-0.342,-2.726
-0.49,-2.936
-0.475,-2.875
-1.03,-2.723
-0.953,-2.912
-1.319,-2.979
-1.849,-2.796
-1.956,-3.021
-2.697,-2.882
2.928,-2.677
2.219,-2.666
2.091,-2.768
1.168,-2.707
0.991,-2.928
0.303,1.739
-0.189,1.555
-0.461,1.779
-1.177,1.502
-1.949,1.713
-2.37,1.742
-2.26,1.498
3.037,1.583
1.763,1.735
1.414,1.683
1.429,1.473
-1.361,-2.077
2.522,-1.358
0.049,-1.602
-2.412,0.679
2.6,-0.64
2.435,0.002
1.629,0.122
0.373,0.334
-0.936,0.27
2.665,-1.099
2.304,-1.099
0.659,1.425
1.319,1.278
1.508,-2.486
-0.127,0.983
-0.065,2.535
-0.247,2.682
-0.385,2.262
-0.404,-0.016
-0.303,3.67
-0.349,-0.155
-0.465,2.308
-0.474,1.905
-0.606,3.342
-0.613,2.469
-0.511,2.077
-0.679,3.34
-0.697,3.661
-0.834,3.653
-0.841,-0.141
-0.991,1.757
-0.994,2.44
-0.991,1.124
-1.24,0.399
-1.439,2.55
-1.482,0.858
-1.572,2.087
-1.7,2.95
-1.745,-0.034
-1.798,1.674
-1.926,2.452
-1.959,1.856
-2.01,2.099
-2.05,2.382
-1.941,-0.022
-2.118,3.422
-2.128,3.14
-2.285,2.635
-2.325,0.043
-2.379,1.07
-2.295,2.533
-2.443,3.307
-2.385,3.308
-2.715,0.015
-2.661,2.081
-2.739,-0.224
-2.817,1.296
-2.96,2.529
-2.967,2.795
3.125,1.651
2.995,0.959
2.945,1.547
2.737,1.888
2.742,1.107
2.628,1.378
2.371,0.846
2.418,1.623
2.4,1.877
2.276,1.261
2.195,0.315
2.047,3.532
1.991,2.053
2.084,0.987
2.022,0.258
1.721,1.727
1.851,1.269
1.551,0.327
1.343,0.23
1.315,1.891
1.252,3.315
1.128,1.291
1.03,2.371
0.997,1.256
0.887,1.808
0.822,2.398
0.62,-0.485
-0.037,-0.084
-0.334,-0.248
-0.482,-0.458
-0.467,-0.397
-1.022,-0.245
-0.945,-0.434
-1.311,-0.501
-1.841,-0.318
-1.948,-0.543
-2.689,-0.404
2.936,-0.199
2.227,-0.188
2.099,-0.29
1.176,-0.229
0.999,-0.45
0.311,4.217
-0.181,4.033
-0.453,4.257
-1.169,3.98
-1.941,4.191
-2.362,4.22
-2.252,3.976
3.045,4.061
1.771,4.213
1.422,4.161
1.437,3.951
-1.353,0.401
2.53,1.12
0.057,0.876
-2.404,3.157
2.608,1.838
2.443,2.48
1.637,2.6
0.381,2.812
-0.928,2.748
2.673,1.379
2.312,1.379
0.667,3.903
1.327,3.756
1.516,-0.008
0.062,1.552
-0.12,1.699
-0.258,1.279
-0.277,-0.999
-0.176,2.687
-0.222,-1.138
-0.338,1.325
-0.347,0.922
-0.479,2.359
-0.486,1.486
-0.384,1.094
-0.552,2.357
-0.57,2.678
-0.707,2.67
-0.714,-1.124
-0.864,0.774
-0.867,1.457
-0.864,0.141
-1.113,-0.584
-1.312,1.567
-1.355,-0.125
-1.445,1.104
-1.573,1.967
-1.618,-1.017
-1.671,0.691
-1.799,1.469
-1.832,0.873
-1.883,1.116
-1.923,1.399
-1.814,-1.005
-1.991,2.439
-2.001,2.157
-2.158,1.652
-2.198,-0.94
-2.252,0.087
-2.168,1.55
-2.316,2.324
-2.258,2.325
-2.588,-0.968
-2.534,1.098
-2.612,-1.207
-2.69,0.313
-2.833,1.546
-2.84,1.812
-3.031,0.668
3.122,-0.024
3.072,0.564
2.864,0.905
2.869,0.124
2.755,0.395
2.498,-0.137
2.545,0.64
2.527,0.894
2.403,0.278
2.322,-0.668
2.174,2.549
2.118,1.07
2.211,0.004
2.149,-0.725
1.848,0.744
1.978,0.286
1.678,-0.656
1.47,-0.753
1.442,0.908
1.379,2.332
1.255,0.308
1.157,1.388
1.124,0.273
1.014,0.825
0.949,1.415
0.747,-1.468
0.09,-1.067
-0.207,-1.231
-0.355,-1.441
-0.34,-1.38
-0.895,-1.228
-0.818,-1.417
-1.184,-1.484
-1.714,-1.301
-1.821,-1.526
-2.562,-1.387
3.063,-1.182
2.354,-1.171
2.226,-1.273
1.303,-1.212
1.126,-1.433
0.438,3.234
-0.054,3.05
-0.326,3.274
-1.042,2.997
-1.814,3.208
-2.235,3.237
-2.125,2.993
-3.111,3.078
1.898,3.23
1.549,3.178
1.564,2.968
-1.226,-0.582
2.657,0.137
0.184,-0.107
-2.277,2.174
2.735,0.855
2.57,1.497
1.764,1.617
0.508,1.829
-0.801,1.765
2.8,0.396
2.439,0.396
0.794,2.92
1.454,2.773
1.643,-0.991
-0.182,0.147
-0.32,-0.273
-0.339,-2.551
-0.238,1.135
-0.284,-2.69
-0.4,-0.227
-0.409,-0.63
-0.541,0.807
-0.548,-0.066
-0.446,-0.458
-0.614,0.805
-0.632,1.126
-0.769,1.118
-0.776,-2.676
-0.926,-0.778
-0.929,-0.095
-0.926,-1.411
-1.175,-2.136
-1.374,0.015
-1.417,-1.677
-1.507,-0.448
-1.635,0.415
-1.68,-2.569
-1.733,-0.861
-1.861,-0.083
-1.894,-0.679
-1.945,-0.436
-1.985,-0.153
-1.876,-2.557
-2.053,0.887
-2.063,0.605
-2.22,0.1
-2.26,-2.492
-2.314,-1.465
-2.23,-0.002
-2.378,0.772
-2.32,0.773
-2.65,-2.52
-2.596,-0.454
-2.674,-2.759
-2.752,-1.239
-2.895,-0.006
-2.902,0.26
-3.093,-0.884
3.06,-1.576
3.01,-0.988
2.802,-0.647
2.807,-1.428
2.693,-1.157
2.436,-1.689
2.483,-0.912
2.465,-0.658
2.341,-1.274
2.26,-2.22
2.112,0.997
2.056,-0.482
2.149,-1.548
2.087,-2.277
1.786,-0.808
1.916,-1.266
1.616,-2.208
1.408,-2.305
1.38,-0.644
1.317,0.78
1.193,-1.244
1.095,-0.164
1.062,-1.279
0.952,-0.727
0.887,-0.137
0.685,-3.02
0.028,-2.619
-0.269,-2.783
-0.417,-2.993
-0.402,-2.932
-0.957,-2.78
-0.88,-2.969
-1.246,-3.036
-1.776,-2.853
-1.883,-3.078
-2.624,-2.939
3.001,-2.734
2.292,-2.723
2.164,-2.825
1.241,-2.764
1.064,-2.985
0.376,1.682
-0.116,1.498
-0.388,1.722
-1.104,1.445
-1.876,1.656
-2.297,1.685
-2.187,1.441
3.11,1.526
1.836,1.678
1.487,1.626
1.502,1.416
-1.288,-2.134
2.595,-1.415
0.122,-1.659
-2.339,0.622
2.673,-0.697
2.508,-0.055
1.702,0.065
0.446,0.277
-0.863,0.213
2.738,-1.156
2.377,-1.156
0.732,1.368
1.392,1.221
1.581,-2.543
-0.138,-0.42
-0.157,-2.698
-0.056,0.988
-0.102,-2.837
-0.218,-0.374
-0.227,-0.777
-0.359,0.66
-0.366,-0.213
-0.264,-0.605
-0.432,0.658
-0.45,0.979
-0.587,0.971
-0.594,-2.823
-0.744,-0.925
-0.747,-0.242
-0.744,-1.558
-0.993,-2.283
-1.192,-0.132
-1.235,-1.824
-1.325,-0.595
-1.453,0.268
-1.498,-2.716
-1.551,-1.008
-1.679,-0.23
-1.712,-0.826
-1.763,-0.583
-1.803,-0.3
-1.694,-2.704
-1.871,0.74
-1.881,0.458
-2.038,-0.047
-2.078,-2.639
-2.132,-1.612
-2.048,-0.149
-2.196,0.625
-2.138,0.626
-2.468,-2.667
-2.414,-0.601
-2.492,-2.906
-2.57,-1.386
-2.713,-0.153
-2.72,0.113
-2.911,-1.031
-3.041,-1.723
-3.091,-1.135
2.984,-0.794
2.989,-1.575
2.875,-1.304
2.618,-1.836
2.665,-1.059
2.647,-0.805
2.523,-1.421
2.442,-2.367
2.294,0.85
2.238,-0.629
2.331,-1.695
2.269,-2.424
1.968,-0.955
2.098,-1.413
1.798,-2.355
1.59,-2.452
1.562,-0.791
1.499,0.633
1.375,-1.391
1.277,-0.311
1.244,-1.426
1.134,-0.874
1.069,-0.284
0.867,-3.167
0.21,-2.766
-0.087,-2.93
-0.235,-3.14
-0.22,-3.079
-0.775,-2.927
-0.698,-3.116
-1.064,-3.183
-1.594,-3.0
-1.701,-3.225
-2.442,-3.086
-3.1,-2.881
2.474,-2.87
2.346,-2.972
1.423,-2.911
1.246,-3.132
0.558,1.535
0.066,1.351
-0.206,1.575
-0.922,1.298
-1.694,1.509
-2.115,1.538
-2.005,1.294
-2.991,1.379
2.018,1.531
1.669,1.479
1.684,1.269
-1.106,-2.281
2.777,-1.562
0.304,-1.806
-2.157,0.475
2.855,-0.844
2.69,-0.202
1.884,-0.082
0.628,0.13
-0.681,0.066
2.92,-1.303
2.559,-1.303
0.914,1.221
1.574,1.074
1.763,-2.69
-0.019,-2.278
0.082,1.408
0.036,-2.417
-0.08,0.046
-0.089,-0.357
-0.221,1.08
-0.228,0.207
-0.126,-0.185
-0.294,1.078
-0.312,1.399
-0.449,1.391
-0.456,-2.403
-0.606,-0.505
-0.609,0.178
-0.606,-1.138
-0.855,-1.863
-1.054,0.288
-1.097,-1.404
-1.187,-0.175
-1.315,0.688
-1.36,-2.296
-1.413,-0.588
-1.541,0.19
-1.574,-0.406
-1.625,-0.163
-1.665,0.12
-1.556,-2.284
-1.733,1.16
-1.743,0.878
-1.9,0.373
-1.94,-2.219
-1.994,-1.192
-1.91,0.271
-2.058,1.045
-2.0,1.046
-2.33,-2.247
-2.276,-0.181
-2.354,-2.486
-2.432,-0.966
-2.575,0.267
-2.582,0.533
-2.773,-0.611
-2.903,-1.303
-2.953,-0.715
3.122,-0.374
3.127,-1.155
3.013,-0.884
2.756,-1.416
2.803,-0.639
2.785,-0.385
2.661,-1.001
2.58,-1.947
2.432,1.27
2.376,-0.209
2.469,-1.275
2.407,-2.004
2.106,-0.535
2.236,-0.993
1.936,-1.935
1.728,-2.032
1.7,-0.371
1.637,1.053
1.513,-0.971
1.415,0.109
1.382,-1.006
1.272,-0.454
1.207,0.136
1.005,-2.747
0.348,-2.346
0.051,-2.51
-0.097,-2.72
-0.082,-2.659
-0.637,-2.507
-0.56,-2.696
-0.926,-2.763
-1.456,-2.58
-1.563,-2.805
-2.304,-2.666
-2.962,-2.461
2.612,-2.45
2.484,-2.552
1.561,-2.491
1.384,-2.712
0.696,1.955
0.204,1.771
-0.068,1.995
-0.784,1.718
-1.556,1.929
-1.977,1.958
-1.867,1.714
-2.853,1.799
2.156,1.951
1.807,1.899
1.822,1.689
-0.968,-1.861
2.915,-1.142
0.442,-1.386
-2.019,0.895
2.993,-0.424
2.828,0.218
2.022,0.338
0.766,0.55
-0.543,0.486
3.058,-0.883
2.697,-0.883
1.052,1.641
1.712,1.494
1.901,-2.27
0.101,3.686
0.055,-0.139
-0.061,2.324
-0.07,1.921
-0.202,3.358
-0.209,2.485
-0.107,2.093
-0.275,3.356
-0.293,3.677
-0.43,3.669
-0.437,-0.125
-0.587,1.773
-0.59,2.456
-0.587,1.14
-0.836,0.415
-1.035,2.566
-1.078,0.874
-1.168,2.103
-1.296,2.966
-1.341,-0.018
-1.394,1.69
-1.522,2.468
-1.555,1.872
-1.606,2.115
-1.646,2.398
-1.537,-0.006
-1.714,3.438
-1.724,3.156
-1.881,2.651
-1.921,0.059
-1.975,1.086
-1.891,2.549
-2.039,3.323
-1.981,3.324
-2.311,0.031
-2.257,2.097
-2.335,-0.208
-2.413,1.312
-2.556,2.545
-2.563,2.811
-2.754,1.667
-2.884,0.975
-2.934,1.563
3.141,1.904
-3.137,1.123
3.032,1.394
2.775,0.862
2.822,1.639
2.804,1.893
2.68,1.277
2.599,0.331
2.451,3.548
2.395,2.069
2.488,1.003
2.426,0.274
2.125,1.743
2.255,1.285
1.955,0.343
1.747,0.246
1.719,1.907
1.656,3.331
1.532,1.307
1.434,2.387
1.401,1.272
1.291,1.824
1.226,2.414
1.024,-0.469
0.367,-0.068
0.07,-0.232
-0.078,-0.442
-0.063,-0.381
-0.618,-0.229
-0.541,-0.418
-0.907,-0.485
-1.437,-0.302
-1.544,-0.527
-2.285,-0.388
-2.943,-0.183
2.631,-0.172
2.503,-0.274
1.58,-0.213
1.403,-0.434
0.715,4.233
0.223,4.049
-0.049,4.273
-0.765,3.996
-1.537,4.207
-1.958,4.236
-1.848,3.992
-2.834,4.077
2.175,4.229
1.826,4.177
1.841,3.967
-0.949,0.417
2.934,1.136
0.461,0.892
-2.0,3.173
3.012,1.854
2.847,2.496
2.041,2.616
0.785,2.828
-0.524,2.764
3.077,1.395
2.716,1.395
1.071,3.919
1.731,3.772
1.92,0.008
-0.046,-3.825
-0.162,-1.362
-0.171,-1.765
-0.303,-0.328
-0.31,-1.201
-0.208,-1.593
-0.376,-0.33
-0.394,-0.009
-0.531,-0.017
-0.538,-3.811
-0.688,-1.913
-0.691,-1.23
-0.688,-2.546
-0.937,-3.271
-1.136,-1.12
-1.179,-2.812
-1.269,-1.583
-1.397,-0.72
-1.442,-3.704
-1.495,-1.996
-1.623,-1.218
-1.656,-1.814
-1.707,-1.571
-1.747,-1.288
-1.638,-3.692
-1.815,-0.248
-1.825,-0.53
-1.982,-1.035
-2.022,-3.627
-2.076,-2.6
-1.992,-1.137
-2.14,-0.363
-2.082,-0.362
-2.412,-3.655
-2.358,-1.589
-2.436,-3.894
-2.514,-2.374
-2.657,-1.141
-2.664,-0.875
-2.855,-2.019
-2.985,-2.711
-3.035,-2.123
3.04,-1.782
3.045,-2.563
2.931,-2.292
2.674,-2.824
2.721,-2.047
2.703,-1.793
2.579,-2.409
2.498,-3.355
2.35,-0.138
2.294,-1.617
2.387,-2.683
2.325,-3.412
2.024,-1.943
2.154,-2.401
1.854,-3.343
1.646,-3.44
1.618,-1.779
1.555,-0.355
1.431,-2.379
1.333,-1.299
1.3,-2.414
1.19,-1.862
1.125,-1.272
0.923,-4.155
0.266,-3.754
-0.031,-3.918
-0.179,-4.128
-0.164,-4.067
-0.719,-3.915
-0.642,-4.104
-1.008,-4.171
-1.538,-3.988
-1.645,-4.213
-2.386,-4.074
-3.044,-3.869
2.53,-3.858
2.402,-3.96
1.479,-3.899
1.302,-4.12
0.614,0.547
0.122,0.363
-0.15,0.587
-0.866,0.31
-1.638,0.521
-2.059,0.55
-1.949,0.306
-2.935,0.391
2.074,0.543
1.725,0.491
1.74,0.281
-1.05,-3.269
2.833,-2.55
0.36,-2.794
-2.101,-0.513
2.911,-1.832
2.746,-1.19
1.94,-1.07
0.684,-0.858
-0.625,-0.922
2.976,-2.291
2.615,-2.291
0.97,0.233
1.63,0.086
1.819,-3.678
-0.116,2.463
-0.125,2.06
-0.257,3.497
-0.264,2.624
-0.162,2.232
-0.33,3.495
-0.348,3.816
-0.485,3.808
-0.492,0.014
-0.642,1.912
-0.645,2.595
-0.642,1.279
-0.891,0.554
-1.09,2.705
-1.133,1.013
-1.223,2.242
-1.351,3.105
-1.396,0.121
-1.449,1.829
-1.577,2.607
-1.61,2.011
-1.661,2.254
-1.701,2.537
-1.592,0.133
-1.769,3.577
-1.779,3.295
-1.936,2.79
-1.976,0.198
-2.03,1.225
-1.946,2.688
-2.094,3.462
-2.036,3.463
-2.366,0.17
-2.312,2.236
-2.39,-0.069
-2.468,1.451
-2.611,2.684
-2.618,2.95
-2.809,1.806
-2.939,1.114
-2.989,1.702
3.086,2.043
3.091,1.262
2.977,1.533
2.72,1.001
2.767,1.778
2.749,2.032
2.625,1.416
2.544,0.47
2.396,3.687
2.34,2.208
2.433,1.142
2.371,0.413
2.07,1.882
2.2,1.424
1.9,0.482
1.692,0.385
1.664,2.046
1.601,3.47
1.477,1.446
1.379,2.526
1.346,1.411
1.236,1.963
1.171,2.553
0.969,-0.33
0.312,0.071
0.015,-0.093
-0.133,-0.303
-0.118,-0.242
-0.673,-0.09
-0.596,-0.279
-0.962,-0.346
-1.492,-0.163
-1.599,-0.388
-2.34,-0.249
-2.998,-0.044
2.576,-0.033
2.448,-0.135
1.525,-0.074
1.348,-0.295
0.66,4.372
0.168,4.188
-0.104,4.412
-0.82,4.135
-1.592,4.346
-2.013,4.375
-1.903,4.131
-2.889,4.216
2.12,4.368
1.771,4.316
1.786,4.106
-1.004,0.556
2.879,1.275
0.406,1.031
-2.055,3.312
2.957,1.993
2.792,2.635
1.986,2.755
0.73,2.967
-0.579,2.903
3.022,1.534
2.661,1.534
1.016,4.058
1.676,3.911
1.865,0.147
-0.009,-0.403
-0.141,1.034
-0.148,0.161
-0.046,-0.231
-0.214,1.032
-0.232,1.353
-0.369,1.345
-0.376,-2.449
-0.526,-0.551
-0.529,0.132
-0.526,-1.184
-0.775,-1.909
-0.974,0.242
-1.017,-1.45
-1.107,-0.221
-1.235,0.642
-1.28,-2.342
-1.333,-0.634
-1.461,0.144
-1.494,-0.452
-1.545,-0.209
-1.585,0.074
-1.476,-2.33
-1.653,1.114
-1.663,0.832
-1.82,0.327
-1.86,-2.265
-1.914,-1.238
-1.83,0.225
-1.978,0.999
-1.92,1.0
-2.25,-2.293
-2.196,-0.227
-2.274,-2.532
-2.352,-1.012
-2.495,0.221
-2.502,0.487
-2.693,-0.657
-2.823,-1.349
-2.873,-0.761
-3.081,-0.42
-3.076,-1.201
3.093,-0.93
2.836,-1.462
2.883,-0.685
2.865,-0.431
2.741,-1.047
2.66,-1.993
2.512,1.224
2.456,-0.255
2.549,-1.321
2.487,-2.05
2.186,-0.581
2.316,-1.039
2.016,-1.981
1.808,-2.078
1.78,-0.417
1.717,1.007
1.593,-1.017
1.495,0.063
1.462,-1.052
1.352,-0.5
1.287,0.09
1.085,-2.793
0.428,-2.392
0.131,-2.556
-0.017,-2.766
-0.002,-2.705
-0.557,-2.553
-0.48,-2.742
-0.846,-2.809
-1.376,-2.626
-1.483,-2.851
-2.224,-2.712
-2.882,-2.507
2.692,-2.496
2.564,-2.598
1.641,-2.537
1.464,-2.758
0.776,1.909
0.284,1.725
0.012,1.949
-0.704,1.672
-1.476,1.883
-1.897,1.912
-1.787,1.668
-2.773,1.753
2.236,1.905
1.887,1.853
1.902,1.643
-0.888,-1.907
2.995,-1.188
0.522,-1.432
-1.939,0.849
3.073,-0.47
2.908,0.172
2.102,0.292
0.846,0.504
-0.463,0.44
3.138,-0.929
2.777,-0.929
1.132,1.595
1.792,1.448
1.981,-2.316
-0.132,1.437
-0.139,0.564
-0.037,0.172
-0.205,1.435
-0.223,1.756
-0.36,1.748
-0.367,-2.046
-0.517,-0.148
-0.52,0.535
-0.517,-0.781
-0.766,-1.506
-0.965,0.645
-1.008,-1.047
-1.098,0.182
-1.226,1.045
-1.271,-1.939
-1.324,-0.231
-1.452,0.547
-1.485,-0.049
-1.536,0.194
-1.576,0.477
-1.467,-1.927
-1.644,1.517
-1.654,1.235
-1.811,0.73
-1.851,-1.862
-1.905,-0.835
-1.821,0.628
-1.969,1.402
-1.911,1.403
-2.241,-1.89
-2.187,0.176
-2.265,-2.129
-2.343,-0.609
-2.486,0.624
-2.493,0.89
-2.684,-0.254
-2.814,-0.946
-2.864,-0.358
-3.072,-0.017
-3.067,-0.798
3.102,-0.527
2.845,-1.059
2.892,-0.282
2.874,-0.028
2.75,-0.644
2.669,-1.59
2.521,1.627
2.465,0.148
2.558,-0.918
2.496,-1.647
2.195,-0.178
2.325,-0.636
2.025,-1.578
1.817,-1.675
1.789,-0.014
1.726,1.41
1.602,-0.614
1.504,0.466
1.471,-0.649
1.361,-0.097
1.296,0.493
1.094,-2.39
0.437,-1.989
0.14,-2.153
-0.008,-2.363
0.007,-2.302
-0.548,-2.15
-0.471,-2.339
-0.837,-2.406
-1.367,-2.223
-1.474,-2.448
-2.215,-2.309
-2.873,-2.104
2.701,-2.093
2.573,-2.195
1.65,-2.134
1.473,-2.355
0.785,2.312
0.293,2.128
0.021,2.352
-0.695,2.075
-1.467,2.286
-1.888,2.315
-1.778,2.071
-2.764,2.156
2.245,2.308
1.896,2.256
1.911,2.046
-0.879,-1.504
3.004,-0.785
0.531,-1.029
-1.93,1.252
3.082,-0.067
2.917,0.575
2.111,0.695
0.855,0.907
-0.454,0.843
-3.136,-0.526
2.786,-0.526
1.141,1.998
1.801,1.851
1.99,-1.913
-0.007,-0.873
0.095,-1.265
-0.073,-0.002
-0.091,0.319
-0.228,0.311
-0.235,-3.483
-0.385,-1.585
-0.388,-0.902
-0.385,-2.218
-0.634,-2.943
-0.833,-0.792
-0.876,-2.484
-0.966,-1.255
-1.094,-0.392
-1.139,-3.376
-1.192,-1.668
-1.32,-0.89
-1.353,-1.486
-1.404,-1.243
-1.444,-0.96
-1.335,-3.364
-1.512,0.08
-1.522,-0.202
-1.679,-0.707
-1.719,-3.299
-1.773,-2.272
-1.689,-0.809
-1.837,-0.035
-1.779,-0.034
-2.109,-3.327
-2.055,-1.261
-2.133,-3.566
-2.211,-2.046
-2.354,-0.813
-2.361,-0.547
-2.552,-1.691
-2.682,-2.383
-2.732,-1.795
-2.94,-1.454
-2.935,-2.235
-3.049,-1.964
2.977,-2.496
3.024,-1.719
3.006,-1.465
2.882,-2.081
2.801,-3.027
2.653,0.19
2.597,-1.289
2.69,-2.355
2.628,-3.084
2.327,-1.615
2.457,-2.073
2.157,-3.015
1.949,-3.112
1.921,-1.451
1.858,-0.027
1.734,-2.051
1.636,-0.971
1.603,-2.086
1.493,-1.534
1.428,-0.944
1.226,-3.827
0.569,-3.426
0.272,-3.59
0.124,-3.8
0.139,-3.739
-0.416,-3.587
-0.339,-3.776
-0.705,-3.843
-1.235,-3.66
-1.342,-3.885
-2.083,-3.746
-2.741,-3.541
2.833,-3.53
2.705,-3.632
1.782,-3.571
1.605,-3.792
0.917,0.875
0.425,0.691
0.153,0.915
-0.563,0.638
-1.335,0.849
-1.756,0.878
-1.646,0.634
-2.632,0.719
2.377,0.871
2.028,0.819
2.043,0.609
-0.747,-2.941
3.136,-2.222
0.663,-2.466
-1.798,-0.185
-3.069,-1.504
3.049,-0.862
2.243,-0.742
0.987,-0.53
-0.322,-0.594
-3.004,-1.963
2.918,-1.963
1.273,0.561
1.933,0.414
2.122,-3.35
0.102,-0.392
-0.066,0.871
-0.084,1.192
-0.221,1.184
-0.228,-2.61
-0.378,-0.712
-0.381,-0.029
-0.378,-1.345
-0.627,-2.07
-0.826,0.081
-0.869,-1.611
-0.959,-0.382
-1.087,0.481
-1.132,-2.503
-1.185,-0.795
-1.313,-0.017
-1.346,-0.613
-1.397,-0.37
-1.437,-0.087
-1.328,-2.491
-1.505,0.953
-1.515,0.671
-1.672,0.166
-1.712,-2.426
-1.766,-1.399
-1.682,0.064
-1.83,0.838
-1.772,0.839
-2.102,-2.454
-2.048,-0.388
-2.126,-2.693
-2.204,-1.173
-2.347,0.06
-2.354,0.326
-2.545,-0.818
-2.675,-1.51
-2.725,-0.922
-2.933,-0.581
-2.928,-1.362
-3.042,-1.091
2.984,-1.623
3.031,-0.846
3.013,-0.592
2.889,-1.208
2.808,-2.154
2.66,1.063
2.604,-0.416
2.697,-1.482
2.635,-2.211
2.334,-0.742
2.464,-1.2
2.164,-2.142
1.956,-2.239
1.928,-0.578
1.865,0.846
1.741,-1.178
1.643,-0.098
1.61,-1.213
1.5,-0.661
1.435,-0.071
1.233,-2.954
0.576,-2.553
0.279,-2.717
0.131,-2.927
0.146,-2.866
-0.409,-2.714
-0.332,-2.903
-0.698,-2.97
-1.228,-2.787
-1.335,-3.012
-2.076,-2.873
-2.734,-2.668
2.84,-2.657
2.712,-2.759
1.789,-2.698
1.612,-2.919
0.924,1.748
0.432,1.564
0.16,1.788
-0.556,1.511
-1.328,1.722
-1.749,1.751
-1.639,1.507
-2.625,1.592
2.384,1.744
2.035,1.692
2.05,1.482
-0.74,-2.068
-3.14,-1.349
0.67,-1.593
-1.791,0.688
-3.062,-0.631
3.056,0.011
2.25,0.131
0.994,0.343
-0.315,0.279
-2.997,-1.09
2.925,-1.09
1.28,1.434
1.94,1.287
2.129,-2.477
-0.168,1.263
-0.186,1.584
-0.323,1.576
-0.33,-2.218
-0.48,-0.32
-0.483,0.363
-0.48,-0.953
-0.729,-1.678
-0.928,0.473
-0.971,-1.219
-1.061,0.01
-1.189,0.873
-1.234,-2.111
-1.287,-0.403
-1.415,0.375
-1.448,-0.221
-1.499,0.022
-1.539,0.305
-1.43,-2.099
-1.607,1.345
-1.617,1.063
-1.774,0.558
-1.814,-2.034
-1.868,-1.007
-1.784,0.456
-1.932,1.23
-1.874,1.231
-2.204,-2.062
-2.15,0.004
-2.228,-2.301
-2.306,-0.781
-2.449,0.452
-2.456,0.718
-2.647,-0.426
-2.777,-1.118
-2.827,-0.53
-3.035,-0.189
-3.03,-0.97
3.139,-0.699
2.882,-1.231
2.929,-0.454
2.911,-0.2
2.787,-0.816
2.706,-1.762
2.558,1.455
2.502,-0.024
2.595,-1.09
2.533,-1.819
2.232,-0.35
2.362,-0.808
2.062,-1.75
1.854,-1.847
1.826,-0.186
1.763,1.238
1.639,-0.786
1.541,0.294
1.508,-0.821
1.398,-0.269
1.333,0.321
1.131,-2.562
0.474,-2.161
0.177,-2.325
0.029,-2.535
0.044,-2.474
-0.511,-2.322
-0.434,-2.511
-0.8,-2.578
-1.33,-2.395
-1.437,-2.62
-2.178,-2.481
-2.836,-2.276
2.738,-2.265
2.61,-2.367
1.687,-2.306
1.51,-2.527
0.822,2.14
0.33,1.956
0.058,2.18
-0.658,1.903
-1.43,2.114
-1.851,2.143
-1.741,1.899
-2.727,1.984
2.282,2.136
1.933,2.084
1.948,1.874
-0.842,-1.676
3.041,-0.957
0.568,-1.201
-1.893,1.08
3.119,-0.239
2.954,0.403
2.148,0.523
0.892,0.735
-0.417,0.671
-3.099,-0.698
2.823,-0.698
1.178,1.826
1.838,1.679
2.027,-2.085
-0.018,0.321
-0.155,0.313
-0.162,-3.481
-0.312,-1.583
-0.315,-0.9
-0.312,-2.216
-0.561,-2.941
-0.76,-0.79
-0.803,-2.482
-0.893,-1.253
-1.021,-0.39
-1.066,-3.374
-1.119,-1.666
-1.247,-0.888
-1.28,-1.484
-1.331,-1.241
-1.371,-0.958
-1.262,-3.362
-1.439,0.082
-1.449,-0.2
-1.606,-0.705
-1.646,-3.297
-1.7,-2.27
-1.616,-0.807
-1.764,-0.033
-1.706,-0.032
-2.036,-3.325
-1.982,-1.259
-2.06,-3.564
-2.138,-2.044
-2.281,-0.811
-2.288,-0.545
-2.479,-1.689
-2.609,-2.381
-2.659,-1.793
-2.867,-1.452
-2.862,-2.233
-2.976,-1.962
3.05,-2.494
3.097,-1.717
3.079,-1.463
2.955,-2.079
2.874,-3.025
2.726,0.192
2.67,-1.287
2.763,-2.353
2.701,-3.082
2.4,-1.613
2.53,-2.071
2.23,-3.013
2.022,-3.11
1.994,-1.449
1.931,-0.025
1.807,-2.049
1.709,-0.969
1.676,-2.084
1.566,-1.532
1.501,-0.942
1.299,-3.825
0.642,-3.424
0.345,-3.588
0.197,-3.798
0.212,-3.737
-0.343,-3.585
-0.266,-3.774
-0.632,-3.841
-1.162,-3.658
-1.269,-3.883
-2.01,-3.744
-2.668,-3.539
2.906,-3.528
2.778,-3.63
1.855,-3.569
1.678,-3.79
0.99,0.877
0.498,0.693
0.226,0.917
-0.49,0.64
-1.262,0.851
-1.683,0.88
-1.573,0.636
-2.559,0.721
2.45,0.873
2.101,0.821
2.116,0.611
-0.674,-2.939
-3.074,-2.22
0.736,-2.464
-1.725,-0.183
-2.996,-1.502
3.122,-0.86
2.316,-0.74
1.06,-0.528
-0.249,-0.592
-2.931,-1.961
2.991,-1.961
1.346,0.563
2.006,0.416
2.195,-3.348
-0.137,-0.008
-0.144,-3.802
-0.294,-1.904
-0.297,-1.221
-0.294,-2.537
-0.543,-3.262
-0.742,-1.111
-0.785,-2.803
-0.875,-1.574
-1.003,-0.711
-1.048,-3.695
-1.101,-1.987
-1.229,-1.209
-1.262,-1.805
-1.313,-1.562
-1.353,-1.279
-1.244,-3.683
-1.421,-0.239
-1.431,-0.521
-1.588,-1.026
-1.628,-3.618
-1.682,-2.591
-1.598,-1.128
-1.746,-0.354
-1.688,-0.353
-2.018,-3.646
-1.964,-1.58
-2.042,-3.885
-2.12,-2.365
-2.263,-1.132
-2.27,-0.866
-2.461,-2.01
-2.591,-2.702
-2.641,-2.114
-2.849,-1.773
-2.844,-2.554
-2.958,-2.283
3.068,-2.815
3.115,-2.038
3.097,-1.784
2.973,-2.4
2.892,-3.346
2.744,-0.129
2.688,-1.608
2.781,-2.674
2.719,-3.403
2.418,-1.934
2.548,-2.392
2.248,-3.334
2.04,-3.431
2.012,-1.77
1.949,-0.346
1.825,-2.37
1.727,-1.29
1.694,-2.405
1.584,-1.853
1.519,-1.263
1.317,-4.146
0.66,-3.745
0.363,-3.909
0.215,-4.119
0.23,-4.058
-0.325,-3.906
-0.248,-4.095
-0.614,-4.162
-1.144,-3.979
-1.251,-4.204
-1.992,-4.065
-2.65,-3.86
2.924,-3.849
2.796,-3.951
1.873,-3.89
1.696,-4.111
1.008,0.556
0.516,0.372
0.244,0.596
-0.472,0.319
-1.244,0.53
-1.665,0.559
-1.555,0.315
-2.541,0.4
2.468,0.552
2.119,0.5
2.134,0.29
-0.656,-3.26
-3.056,-2.541
0.754,-2.785
-1.707,-0.504
-2.978,-1.823
3.14,-1.181
2.334,-1.061
1.078,-0.849
-0.231,-0.913
-2.913,-2.282
3.009,-2.282
1.364,0.242
2.024,0.095
2.213,-3.669
-0.007,-3.794
-0.157,-1.896
-0.16,-1.213
-0.157,-2.529
-0.406,-3.254
-0.605,-1.103
-0.648,-2.795
-0.738,-1.566
-0.866,-0.703
-0.911,-3.687
-0.964,-1.979
-1.092,-1.201
-1.125,-1.797
-1.176,-1.554
-1.216,-1.271
-1.107,-3.675
-1.284,-0.231
-1.294,-0.513
-1.451,-1.018
-1.491,-3.61
-1.545,-2.583
-1.461,-1.12
-1.609,-0.346
-1.551,-0.345
-1.881,-3.638
-1.827,-1.572
-1.905,-3.877
-1.983,-2.357
-2.126,-1.124
-2.133,-0.858
-2.324,-2.002
-2.454,-2.694
-2.504,-2.106
-2.712,-1.765
-2.707,-2.546
-2.821,-2.275
-3.078,-2.807
-3.031,-2.03
-3.049,-1.776
3.11,-2.392
3.029,-3.338
2.881,-0.121
2.825,-1.6
2.918,-2.666
2.856,-3.395
2.555,-1.926
2.685,-2.384
2.385,-3.326
2.177,-3.423
2.149,-1.762
2.086,-0.338
1.962,-2.362
1.864,-1.282
1.831,-2.397
1.721,-1.845
1.656,-1.255
1.454,-4.138
0.797,-3.737
0.5,-3.901
0.352,-4.111
0.367,-4.05
-0.188,-3.898
-0.111,-4.087
-0.477,-4.154
-1.007,-3.971
-1.114,-4.196
-1.855,-4.057
-2.513,-3.852
3.061,-3.841
2.933,-3.943
2.01,-3.882
1.833,-4.103
1.145,0.564
0.653,0.38
0.381,0.604
-0.335,0.327
-1.107,0.538
-1.528,0.567
-1.418,0.323
-2.404,0.408
2.605,0.56
2.256,0.508
2.271,0.298
-0.519,-3.252
-2.919,-2.533
0.891,-2.777
-1.57,-0.496
-2.841,-1.815
-3.006,-1.173
2.471,-1.053
1.215,-0.841
-0.094,-0.905
-2.776,-2.274
-3.137,-2.274
1.501,0.25
2.161,0.103
2.35,-3.661
-0.15,1.898
-0.153,2.581
-0.15,1.265
-0.399,0.54
-0.598,2.691
-0.641,0.999
-0.731,2.228
-0.859,3.091
-0.904,0.107
-0.957,1.815
-1.085,2.593
-1.118,1.997
-1.169,2.24
-1.209,2.523
-1.1,0.119
-1.277,3.563
-1.287,3.281
-1.444,2.776
-1.484,0.184
-1.538,1.211
-1.454,2.674
-1.602,3.448
-1.544,3.449
-1.874,0.156
-1.82,2.222
-1.898,-0.083
-1.976,1.437
-2.119,2.67
-2.126,2.936
-2.317,1.792
-2.447,1.1
-2.497,1.688
-2.705,2.029
-2.7,1.248
-2.814,1.519
-3.071,0.987
-3.024,1.764
-3.042,2.018
3.117,1.402
3.036,0.456
2.888,3.673
2.832,2.194
2.925,1.128
2.863,0.399
2.562,1.868
2.692,1.41
2.392,0.468
2.184,0.371
2.156,2.032
2.093,3.456
1.969,1.432
1.871,2.512
1.838,1.397
1.728,1.949
1.663,2.539
1.461,-0.344
0.804,0.057
0.507,-0.107
0.359,-0.317
0.374,-0.256
-0.181,-0.104
-0.104,-0.293
-0.47,-0.36
-1.0,-0.177
-1.107,-0.402
-1.848,-0.263
-2.506,-0.058
3.068,-0.047
2.94,-0.149
2.017,-0.088
1.84,-0.309
1.152,4.358
0.66,4.174
0.388,4.398
-0.328,4.121
-1.1,4.332
-1.521,4.361
-1.411,4.117
-2.397,4.202
2.612,4.354
2.263,4.302
2.278,4.092
-0.512,0.542
-2.912,1.261
0.898,1.017
-1.563,3.298
-2.834,1.979
-2.999,2.621
2.478,2.741
1.222,2.953
-0.087,2.889
-2.769,1.52
-3.13,1.52
1.508,4.044
2.168,3.897
2.357,0.133
-0.003,0.683
0.0,-0.633
-0.249,-1.358
-0.448,0.793
-0.491,-0.899
-0.581,0.33
-0.709,1.193
-0.754,-1.791
-0.807,-0.083
-0.935,0.695
-0.968,0.099
-1.019,0.342
-1.059,0.625
-0.95,-1.779
-1.127,1.665
-1.137,1.383
-1.294,0.878
-1.334,-1.714
-1.388,-0.687
-1.304,0.776
-1.452,1.55
-1.394,1.551
-1.724,-1.742
-1.67,0.324
-1.748,-1.981
-1.826,-0.461
-1.969,0.772
-1.976,1.038
-2.167,-0.106
-2.297,-0.798
-2.347,-0.21
-2.555,0.131
-2.55,-0.65
-2.664,-0.379
-2.921,-0.911
-2.874,-0.134
-2.892,0.12
-3.016,-0.496
-3.097,-1.442
3.038,1.775
2.982,0.296
3.075,-0.77
3.013,-1.499
2.712,-0.03
2.842,-0.488
2.542,-1.43
2.334,-1.527
2.306,0.134
2.243,1.558
2.119,-0.466
2.021,0.614
1.988,-0.501
1.878,0.051
1.813,0.641
1.611,-2.242
0.954,-1.841
0.657,-2.005
0.509,-2.215
0.524,-2.154
-0.031,-2.002
0.046,-2.191
-0.32,-2.258
-0.85,-2.075
-0.957,-2.3
-1.698,-2.161
-2.356,-1.956
-3.065,-1.945
3.09,-2.047
2.167,-1.986
1.99,-2.207
1.302,2.46
0.81,2.276
0.538,2.5
-0.178,2.223
-0.95,2.434
-1.371,2.463
-1.261,2.219
-2.247,2.304
2.762,2.456
2.413,2.404
2.428,2.194
-0.362,-1.356
-2.762,-0.637
1.048,-0.881
-1.413,1.4
-2.684,0.081
-2.849,0.723
2.628,0.843
1.372,1.055
0.063,0.991
-2.619,-0.378
-2.98,-0.378
1.658,2.146
2.318,1.999
2.507,-1.765
0.003,-1.316
-0.246,-2.041
-0.445,0.11
-0.488,-1.582
-0.578,-0.353
-0.706,0.51
-0.751,-2.474
-0.804,-0.766
-0.932,0.012
-0.965,-0.584
-1.016,-0.341
-1.056,-0.058
-0.947,-2.462
-1.124,0.982
-1.134,0.7
-1.291,0.195
-1.331,-2.397
-1.385,-1.37
-1.301,0.093
-1.449,0.867
-1.391,0.868
-1.721,-2.425
-1.667,-0.359
-1.745,-2.664
-1.823,-1.144
-1.966,0.089
-1.973,0.355
-2.164,-0.789
-2.294,-1.481
-2.344,-0.893
-2.552,-0.552
-2.547,-1.333
-2.661,-1.062
-2.918,-1.594
-2.871,-0.817
-2.889,-0.563
-3.013,-1.179
-3.094,-2.125
3.041,1.092
2.985,-0.387
3.078,-1.453
3.016,-2.182
2.715,-0.713
2.845,-1.171
2.545,-2.113
2.337,-2.21
2.309,-0.549
2.246,0.875
2.122,-1.149
2.024,-0.069
1.991,-1.184
1.881,-0.632
1.816,-0.042
1.614,-2.925
0.957,-2.524
0.66,-2.688
0.512,-2.898
0.527,-2.837
-0.028,-2.685
0.049,-2.874
-0.317,-2.941
-0.847,-2.758
-0.954,-2.983
-1.695,-2.844
-2.353,-2.639
-3.062,-2.628
3.093,-2.73
2.17,-2.669
1.993,-2.89
1.305,1.777
0.813,1.593
0.541,1.817
-0.175,1.54
-0.947,1.751
-1.368,1.78
-1.258,1.536
-2.244,1.621
2.765,1.773
2.416,1.721
2.431,1.511
-0.359,-2.039
-2.759,-1.32
1.051,-1.564
-1.41,0.717
-2.681,-0.602
-2.846,0.04
2.631,0.16
1.375,0.372
0.066,0.308
-2.616,-1.061
-2.977,-1.061
1.661,1.463
2.321,1.316
2.51,-2.448
-0.249,-0.725
-0.448,1.426
-0.491,-0.266
-0.581,0.963
-0.709,1.826
-0.754,-1.158
-0.807,0.55
-0.935,1.328
-0.968,0.732
-1.019,0.975
-1.059,1.258
-0.95,-1.146
-1.127,2.298
-1.137,2.016
-1.294,1.511
-1.334,-1.081
-1.388,-0.054
-1.304,1.409
-1.452,2.183
-1.394,2.184
-1.724,-1.109
-1.67,0.957
-1.748,-1.348
-1.826,0.172
-1.969,1.405
-1.976,1.671
-2.167,0.527
-2.297,-0.165
-2.347,0.423
-2.555,0.764
-2.55,-0.017
-2.664,0.254
-2.921,-0.278
-2.874,0.499
-2.892,0.753
-3.016,0.137
-3.097,-0.809
3.038,2.408
2.982,0.929
3.075,-0.137
3.013,-0.866
2.712,0.603
2.842,0.145
2.542,-0.797
2.334,-0.894
2.306,0.767
2.243,2.191
2.119,0.167
2.021,1.247
1.988,0.132
1.878,0.684
1.813,1.274
1.611,-1.609
0.954,-1.208
0.657,-1.372
0.509,-1.582
0.524,-1.521
-0.031,-1.369
0.046,-1.558
-0.32,-1.625
-0.85,-1.442
-0.957,-1.667
-1.698,-1.528
-2.356,-1.323
-3.065,-1.312
3.09,-1.414
2.167,-1.353
1.99,-1.574
1.302,3.093
0.81,2.909
0.538,3.133
-0.178,2.856
-0.95,3.067
-1.371,3.096
-1.261,2.852
-2.247,2.937
2.762,3.089
2.413,3.037
2.428,2.827
-0.362,-0.723
-2.762,-0.004
1.048,-0.248
-1.413,2.033
-2.684,0.714
-2.849,1.356
2.628,1.476
1.372,1.688
0.063,1.624
-2.619,0.255
-2.98,0.255
1.658,2.779
2.318,2.632
2.507,-1.132
-0.199,2.151
-0.242,0.459
-0.332,1.688
-0.46,2.551
-0.505,-0.433
-0.558,1.275
-0.686,2.053
-0.719,1.457
-0.77,1.7
-0.81,1.983
-0.701,-0.421
-0.878,3.023
-0.888,2.741
-1.045,2.236
-1.085,-0.356
-1.139,0.671
-1.055,2.134
-1.203,2.908
-1.145,2.909
-1.475,-0.384
-1.421,1.682
-1.499,-0.623
-1.577,0.897
-1.72,2.13
-1.727,2.396
-1.918,1.252
-2.048,0.56
-2.098,1.148
-2.306,1.489
-2.301,0.708
-2.415,0.979
-2.672,0.447
-2.625,1.224
-2.643,1.478
-2.767,0.862
-2.848,-0.084
-2.996,3.133
-3.052,1.654
-2.959,0.588
-3.021,-0.141
2.961,1.328
3.091,0.87
2.791,-0.072
2.583,-0.169
2.555,1.492
2.492,2.916
2.368,0.892
2.27,1.972
2.237,0.857
2.127,1.409
2.062,1.999
1.86,-0.884
1.203,-0.483
0.906,-0.647
0.758,-0.857
0.773,-0.796
0.218,-0.644
0.295,-0.833
-0.071,-0.9
-0.601,-0.717
-0.708,-0.942
-1.449,-0.803
-2.107,-0.598
-2.816,-0.587
-2.944,-0.689
2.416,-0.628
2.239,-0.849
1.551,3.818
1.059,3.634
0.787,3.858
0.071,3.581
-0.701,3.792
-1.122,3.821
-1.012,3.577
-1.998,3.662
3.011,3.814
2.662,3.762
2.677,3.552
-0.113,0.002
-2.513,0.721
1.297,0.477
-1.164,2.758
-2.435,1.439
-2.6,2.081
2.877,2.201
1.621,2.413
0.312,2.349
-2.37,0.98
-2.731,0.98
1.907,3.504
2.567,3.357
2.756,-0.407
-0.043,-1.692
-0.133,-0.463
-0.261,0.4
-0.306,-2.584
-0.359,-0.876
-0.487,-0.098
-0.52,-0.694
-0.571,-0.451
-0.611,-0.168
-0.502,-2.572
-0.679,0.872
-0.689,0.59
-0.846,0.085
-0.886,-2.507
-0.94,-1.48
-0.856,-0.017
-1.004,0.757
-0.946,0.758
-1.276,-2.535
-1.222,-0.469
-1.3,-2.774
-1.378,-1.254
-1.521,-0.021
-1.528,0.245
-1.719,-0.899
-1.849,-1.591
-1.899,-1.003
-2.107,-0.662
-2.102,-1.443
-2.216,-1.172
-2.473,-1.704
-2.426,-0.927
-2.444,-0.673
-2.568,-1.289
-2.649,-2.235
-2.797,0.982
-2.853,-0.497
-2.76,-1.563
-2.822,-2.292
-3.123,-0.823
-2.993,-1.281
2.99,-2.223
2.782,-2.32
2.754,-0.659
2.691,0.765
2.567,-1.259
2.469,-0.179
2.436,-1.294
2.326,-0.742
2.261,-0.152
2.059,-3.035
1.402,-2.634
1.105,-2.798
0.957,-3.008
0.972,-2.947
0.417,-2.795
0.494,-2.984
0.128,-3.051
-0.402,-2.868
-0.509,-3.093
-1.25,-2.954
-1.908,-2.749
-2.617,-2.738
-2.745,-2.84
2.615,-2.779
2.438,-3.0
1.75,1.667
1.258,1.483
0.986,1.707
0.27,1.43
-0.502,1.641
-0.923,1.67
-0.813,1.426
-1.799,1.511
-3.073,1.663
2.861,1.611
2.876,1.401
0.086,-2.149
-2.314,-1.43
1.496,-1.674
-0.965,0.607
-2.236,-0.712
-2.401,-0.07
3.076,0.05
1.82,0.262
0.511,0.198
-2.171,-1.171
-2.532,-1.171
2.106,1.353
2.766,1.206
2.955,-2.558
-0.09,1.229
-0.218,2.092
-0.263,-0.892
-0.316,0.816
-0.444,1.594
-0.477,0.998
-0.528,1.241
-0.568,1.524
-0.459,-0.88
-0.636,2.564
-0.646,2.282
-0.803,1.777
-0.843,-0.815
-0.897,0.212
-0.813,1.675
-0.961,2.449
-0.903,2.45
-1.233,-0.843
-1.179,1.223
-1.257,-1.082
-1.335,0.438
-1.478,1.671
-1.485,1.937
-1.676,0.793
-1.806,0.101
-1.856,0.689
-2.064,1.03
-2.059,0.249
-2.173,0.52
-2.43,-0.012
-2.383,0.765
-2.401,1.019
-2.525,0.403
-2.606,-0.543
-2.754,2.674
-2.81,1.195
-2.717,0.129
-2.779,-0.6
-3.08,0.869
-2.95,0.411
3.033,-0.531
2.825,-0.628
2.797,1.033
2.734,2.457
2.61,0.433
2.512,1.513
2.479,0.398
2.369,0.95
2.304,1.54
2.102,-1.343
1.445,-0.942
1.148,-1.106
1.0,-1.316
1.015,-1.255
0.46,-1.103
0.537,-1.292
0.171,-1.359
-0.359,-1.176
-0.466,-1.401
-1.207,-1.262
-1.865,-1.057
-2.574,-1.046
-2.702,-1.148
2.658,-1.087
2.481,-1.308
1.793,3.359
1.301,3.175
1.029,3.399
0.313,3.122
-0.459,3.333
-0.88,3.362
-0.77,3.118
-1.756,3.203
-3.03,3.355
2.904,3.303
2.919,3.093
0.129,-0.457
-2.271,0.262
1.539,0.018
-0.922,2.299
-2.193,0.98
-2.358,1.622
3.119,1.742
1.863,1.954
0.554,1.89
-2.128,0.521
-2.489,0.521
2.149,3.045
2.809,2.898
2.998,-0.866
-0.128,0.863
-0.173,-2.121
-0.226,-0.413
-0.354,0.365
-0.387,-0.231
-0.438,0.012
-0.478,0.295
-0.369,-2.109
-0.546,1.335
-0.556,1.053
-0.713,0.548
-0.753,-2.044
-0.807,-1.017
-0.723,0.446
-0.871,1.22
-0.813,1.221
-1.143,-2.072
-1.089,-0.006
-1.167,-2.311
-1.245,-0.791
-1.388,0.442
-1.395,0.708
-1.586,-0.436
-1.716,-1.128
-1.766,-0.54
-1.974,-0.199
-1.969,-0.98
-2.083,-0.709
-2.34,-1.241
-2.293,-0.464
-2.311,-0.21
-2.435,-0.826
-2.516,-1.772
-2.664,1.445
-2.72,-0.034
-2.627,-1.1
-2.689,-1.829
-2.99,-0.36
-2.86,-0.818
3.123,-1.76
2.915,-1.857
2.887,-0.196
2.824,1.228
2.7,-0.796
2.602,0.284
2.569,-0.831
2.459,-0.279
2.394,0.311
2.192,-2.572
1.535,-2.171
1.238,-2.335
1.09,-2.545
1.105,-2.484
0.55,-2.332
0.627,-2.521
0.261,-2.588
-0.269,-2.405
-0.376,-2.63
-1.117,-2.491
-1.775,-2.286
-2.484,-2.275
-2.612,-2.377
2.748,-2.316
2.571,-2.537
1.883,2.13
1.391,1.946
1.119,2.17
0.403,1.893
-0.369,2.104
-0.79,2.133
-0.68,1.889
-1.666,1.974
-2.94,2.126
2.994,2.074
3.009,1.864
0.219,-1.686
-2.181,-0.967
1.629,-1.211
-0.832,1.07
-2.103,-0.249
-2.268,0.393
-3.074,0.513
1.953,0.725
0.644,0.661
-2.038,-0.708
-2.399,-0.708
2.239,1.816
2.899,1.669
3.088,-2.095
-0.045,-2.984
-0.098,-1.276
-0.226,-0.498
-0.259,-1.094
-0.31,-0.851
-0.35,-0.568
-0.241,-2.972
-0.418,0.472
-0.428,0.19
-0.585,-0.315
-0.625,-2.907
-0.679,-1.88
-0.595,-0.417
-0.743,0.357
-0.685,0.358
-1.015,-2.935
-0.961,-0.869
-1.039,-3.174
-1.117,-1.654
-1.26,-0.421
-1.267,-0.155
-1.458,-1.299
-1.588,-1.991
-1.638,-1.403
-1.846,-1.062
-1.841,-1.843
-1.955,-1.572
-2.212,-2.104
-2.165,-1.327
-2.183,-1.073
-2.307,-1.689
-2.388,-2.635
-2.536,0.582
-2.592,-0.897
-2.499,-1.963
-2.561,-2.692
-2.862,-1.223
-2.732,-1.681
-3.032,-2.623
3.043,-2.72
3.015,-1.059
2.952,0.365
2.828,-1.659
2.73,-0.579
2.697,-1.694
2.587,-1.142
2.522,-0.552
2.32,-3.435
1.663,-3.034
1.366,-3.198
1.218,-3.408
1.233,-3.347
0.678,-3.195
0.755,-3.384
0.389,-3.451
-0.141,-3.268
-0.248,-3.493
-0.989,-3.354
-1.647,-3.149
-2.356,-3.138
-2.484,-3.24
2.876,-3.179
2.699,-3.4
2.011,1.267
1.519,1.083
1.247,1.307
0.531,1.03
-0.241,1.241
-0.662,1.27
-0.552,1.026
-1.538,1.111
-2.812,1.263
3.122,1.211
3.137,1.001
0.347,-2.549
-2.053,-1.83
1.757,-2.074
-0.704,0.207
-1.975,-1.112
-2.14,-0.47
-2.946,-0.35
2.081,-0.138
0.772,-0.202
-1.91,-1.571
-2.271,-1.571
2.367,0.953
3.027,0.806
-3.067,-2.958
-0.053,1.708
-0.181,2.486
-0.214,1.89
-0.265,2.133
-0.305,2.416
-0.196,0.012
-0.373,3.456
-0.383,3.174
-0.54,2.669
-0.58,0.077
-0.634,1.104
-0.55,2.567
-0.698,3.341
-0.64,3.342
-0.97,0.049
-0.916,2.115
-0.994,-0.19
-1.072,1.33
-1.215,2.563
-1.222,2.829
-1.413,1.685
-1.543,0.993
-1.593,1.581
-1.801,1.922
-1.796,1.141
-1.91,1.412
-2.167,0.88
-2.12,1.657
-2.138,1.911
-2.262,1.295
-2.343,0.349
-2.491,3.566
-2.547,2.087
-2.454,1.021
-2.516,0.292
-2.817,1.761
-2.687,1.303
-2.987,0.361
3.088,0.264
3.06,1.925
2.997,3.349
2.873,1.325
2.775,2.405
2.742,1.29
2.632,1.842
2.567,2.432
2.365,-0.451
1.708,-0.05
1.411,-0.214
1.263,-0.424
1.278,-0.363
0.723,-0.211
0.8,-0.4
0.434,-0.467
-0.096,-0.284
-0.203,-0.509
-0.944,-0.37
-1.602,-0.165
-2.311,-0.154
-2.439,-0.256
2.921,-0.195
2.744,-0.416
2.056,4.251
1.564,4.067
1.292,4.291
0.576,4.014
-0.196,4.225
-0.617,4.254
-0.507,4.01
-1.493,4.095
-2.767,4.247
-3.116,4.195
-3.101,3.985
0.392,0.435
-2.008,1.154
1.802,0.91
-0.659,3.191
-1.93,1.872
-2.095,2.514
-2.901,2.634
2.126,2.846
0.817,2.782
-1.865,1.413
-2.226,1.413
2.412,3.937
3.072,3.79
-3.022,0.026
-0.128,0.778
-0.161,0.182
-0.212,0.425
-0.252,0.708
-0.143,-1.696
-0.32,1.748
-0.33,1.466
-0.487,0.961
-0.527,-1.631
-0.581,-0.604
-0.497,0.859
-0.645,1.633
-0.587,1.634
-0.917,-1.659
-0.863,0.407
-0.941,-1.898
-1.019,-0.378
-1.162,0.855
-1.169,1.121
-1.36,-0.023
-1.49,-0.715
-1.54,-0.127
-1.748,0.214
-1.743,-0.567
-1.857,-0.296
-2.114,-0.828
-2.067,-0.051
-2.085,0.203
-2.209,-0.413
-2.29,-1.359
-2.438,1.858
-2.494,0.379
-2.401,-0.687
-2.463,-1.416
-2.764,0.053
-2.634,-0.405
-2.934,-1.347
3.141,-1.444
3.113,0.217
3.05,1.641
2.926,-0.383
2.828,0.697
2.795,-0.418
2.685,0.134
2.62,0.724
2.418,-2.159
1.761,-1.758
1.464,-1.922
1.316,-2.132
1.331,-2.071
0.776,-1.919
0.853,-2.108
0.487,-2.175
-0.043,-1.992
-0.15,-2.217
-0.891,-2.078
-1.549,-1.873
-2.258,-1.862
-2.386,-1.964
2.974,-1.903
2.797,-2.124
2.109,2.543
1.617,2.359
1.345,2.583
0.629,2.306
-0.143,2.517
-0.564,2.546
-0.454,2.302
-1.44,2.387
-2.714,2.539
-3.063,2.487
-3.048,2.277
0.445,-1.273
-1.955,-0.554
1.855,-0.798
-0.606,1.483
-1.877,0.164
-2.042,0.806
-2.848,0.926
2.179,1.138
0.87,1.074
-1.812,-0.295
-2.173,-0.295
2.465,2.229
3.125,2.082
-2.969,-1.682
-0.033,-0.596
-0.084,-0.353
-0.124,-0.07
-0.015,-2.474
-0.192,0.97
-0.202,0.688
-0.359,0.183
-0.399,-2.409
-0.453,-1.382
-0.369,0.081
-0.517,0.855
-0.459,0.856
-0.789,-2.437
-0.735,-0.371
-0.813,-2.676
-0.891,-1.156
-1.034,0.077
-1.041,0.343
-1.232,-0.801
-1.362,-1.493
-1.412,-0.905
-1.62,-0.564
-1.615,-1.345
-1.729,-1.074
-1.986,-1.606
-1.939,-0.829
-1.957,-0.575
-2.081,-1.191
-2.162,-2.137
-2.31,1.08
-2.366,-0.399
-2.273,-1.465
-2.335,-2.194
-2.636,-0.725
-2.506,-1.183
-2.806,-2.125
-3.014,-2.222
-3.042,-0.561
-3.105,0.863
3.054,-1.161
2.956,-0.081
2.923,-1.196
2.813,-0.644
2.748,-0.054
2.546,-2.937
1.889,-2.536
1.592,-2.7
1.444,-2.91
1.459,-2.849
0.904,-2.697
0.981,-2.886
0.615,-2.953
0.085,-2.77
-0.022,-2.995
-0.763,-2.856
-1.421,-2.651
-2.13,-2.64
-2.258,-2.742
3.102,-2.681
2.925,-2.902
2.237,1.765
1.745,1.581
1.473,1.805
0.757,1.528
-0.015,1.739
-0.436,1.768
-0.326,1.524
-1.312,1.609
-2.586,1.761
-2.935,1.709
-2.92,1.499
0.573,-2.051
-1.827,-1.332
1.983,-1.576
-0.478,0.705
-1.749,-0.614
-1.914,0.028
-2.72,0.148
2.307,0.36
0.998,0.296
-1.684,-1.073
-2.045,-1.073
2.593,1.451
-3.03,1.304
-2.841,-2.46
-0.051,0.243
-0.091,0.526
0.018,-1.878
-0.159,1.566
-0.169,1.284
-0.326,0.779
-0.366,-1.813
-0.42,-0.786
-0.336,0.677
-0.484,1.451
-0.426,1.452
-0.756,-1.841
-0.702,0.225
-0.78,-2.08
-0.858,-0.56
-1.001,0.673
-1.008,0.939
-1.199,-0.205
-1.329,-0.897
-1.379,-0.309
-1.587,0.032
-1.582,-0.749
-1.696,-0.478
-1.953,-1.01
-1.906,-0.233
-1.924,0.021
-2.048,-0.595
-2.129,-1.541
-2.277,1.676
-2.333,0.197
-2.24,-0.869
-2.302,-1.598
-2.603,-0.129
-2.473,-0.587
-2.773,-1.529
-2.981,-1.626
-3.009,0.035
-3.072,1.459
3.087,-0.565
2.989,0.515
2.956,-0.6
2.846,-0.048
2.781,0.542
2.579,-2.341
1.922,-1.94
1.625,-2.104
1.477,-2.314
1.492,-2.253
0.937,-2.101
1.014,-2.29
0.648,-2.357
0.118,-2.174
0.011,-2.399
-0.73,-2.26
-1.388,-2.055
-2.097,-2.044
-2.225,-2.146
3.135,-2.085
2.958,-2.306
2.27,2.361
1.778,2.177
1.506,2.401
0.79,2.124
0.018,2.335
-0.403,2.364
-0.293,2.12
-1.279,2.205
-2.553,2.357
-2.902,2.305
-2.887,2.095
0.606,-1.455
-1.794,-0.736
2.016,-0.98
-0.445,1.301
-1.716,-0.018
-1.881,0.624
-2.687,0.744
2.34,0.956
1.031,0.892
-1.651,-0.477
-2.012,-0.477
2.626,2.047
-2.997,1.9
-2.808,-1.864
-0.04,0.283
0.069,-2.121
-0.108,1.323
-0.118,1.041
-0.275,0.536
-0.315,-2.056
-0.369,-1.029
-0.285,0.434
-0.433,1.208
-0.375,1.209
-0.705,-2.084
-0.651,-0.018
-0.729,-2.323
-0.807,-0.803
-0.95,0.43
-0.957,0.696
-1.148,-0.448
-1.278,-1.14
-1.328,-0.552
-1.536,-0.211
-1.531,-0.992
-1.645,-0.721
-1.902,-1.253
-1.855,-0.476
-1.873,-0.222
-1.997,-0.838
-2.078,-1.784
-2.226,1.433
-2.282,-0.046
-2.189,-1.112
-2.251,-1.841
-2.552,-0.372
-2.422,-0.83
-2.722,-1.772
-2.93,-1.869
-2.958,-0.208
-3.021,1.216
3.138,-0.808
3.04,0.272
3.007,-0.843
2.897,-0.291
2.832,0.299
2.63,-2.584
1.973,-2.183
1.676,-2.347
1.528,-2.557
1.543,-2.496
0.988,-2.344
1.065,-2.533
0.699,-2.6
0.169,-2.417
0.062,-2.642
-0.679,-2.503
-1.337,-2.298
-2.046,-2.287
-2.174,-2.389
-3.097,-2.328
3.009,-2.549
2.321,2.118
1.829,1.934
1.557,2.158
0.841,1.881
0.069,2.092
-0.352,2.121
-0.242,1.877
-1.228,1.962
-2.502,2.114
-2.851,2.062
-2.836,1.852
0.657,-1.698
-1.743,-0.979
2.067,-1.223
-0.394,1.058
-1.665,-0.261
-1.83,0.381
-2.636,0.501
2.391,0.713
1.082,0.649
-1.6,-0.72
-1.961,-0.72
2.677,1.804
-2.946,1.657
-2.757,-2.107
0.109,-2.404
-0.068,1.04
-0.078,0.758
-0.235,0.253
-0.275,-2.339
-0.329,-1.312
-0.245,0.151
-0.393,0.925
-0.335,0.926
-0.665,-2.367
-0.611,-0.301
-0.689,-2.606
-0.767,-1.086
-0.91,0.147
-0.917,0.413
-1.108,-0.731
-1.238,-1.423
-1.288,-0.835
-1.496,-0.494
-1.491,-1.275
-1.605,-1.004
-1.862,-1.536
-1.815,-0.759
-1.833,-0.505
-1.957,-1.121
-2.038,-2.067
-2.186,1.15
-2.242,-0.329
-2.149,-1.395
-2.211,-2.124
-2.512,-0.655
-2.382,-1.113
-2.682,-2.055
-2.89,-2.152
-2.918,-0.491
-2.981,0.933
-3.105,-1.091
3.08,-0.011
3.047,-1.126
2.937,-0.574
2.872,0.016
2.67,-2.867
2.013,-2.466
1.716,-2.63
1.568,-2.84
1.583,-2.779
1.028,-2.627
1.105,-2.816
0.739,-2.883
0.209,-2.7
0.102,-2.925
-0.639,-2.786
-1.297,-2.581
-2.006,-2.57
-2.134,-2.672
-3.057,-2.611
3.049,-2.832
2.361,1.835
1.869,1.651
1.597,1.875
0.881,1.598
0.109,1.809
-0.312,1.838
-0.202,1.594
-1.188,1.679
-2.462,1.831
-2.811,1.779
-2.796,1.569
0.697,-1.981
-1.703,-1.262
2.107,-1.506
-0.354,0.775
-1.625,-0.544
-1.79,0.098
-2.596,0.218
2.431,0.43
1.122,0.366
-1.56,-1.003
-1.921,-1.003
2.717,1.521
-2.906,1.374
-2.717,-2.39
-0.177,3.444
-0.187,3.162
-0.344,2.657
-0.384,0.065
-0.438,1.092
-0.354,2.555
-0.502,3.329
-0.444,3.33
-0.774,0.037
-0.72,2.103
-0.798,-0.202
-0.876,1.318
-1.019,2.551
-1.026,2.817
-1.217,1.673
-1.347,0.981
-1.397,1.569
-1.605,1.91
-1.6,1.129
-1.714,1.4
-1.971,0.868
-1.924,1.645
-1.942,1.899
-2.066,1.283
-2.147,0.337
-2.295,3.554
-2.351,2.075
-2.258,1.009
-2.32,0.28
-2.621,1.749
-2.491,1.291
-2.791,0.349
-2.999,0.252
-3.027,1.913
-3.09,3.337
3.069,1.313
2.971,2.393
2.938,1.278
2.828,1.83
2.763,2.42
2.561,-0.463
1.904,-0.062
1.607,-0.226
1.459,-0.436
1.474,-0.375
0.919,-0.223
0.996,-0.412
0.63,-0.479
0.1,-0.296
-0.007,-0.521
-0.748,-0.382
-1.406,-0.177
-2.115,-0.166
-2.243,-0.268
3.117,-0.207
2.94,-0.428
2.252,4.239
1.76,4.055
1.488,4.279
0.772,4.002
0.0,4.213
-0.421,4.242
-0.311,3.998
-1.297,4.083
-2.571,4.235
-2.92,4.183
-2.905,3.973
0.588,0.423
-1.812,1.142
1.998,0.898
-0.463,3.179
-1.734,1.86
-1.899,2.502
-2.705,2.622
2.322,2.834
1.013,2.77
-1.669,1.401
-2.03,1.401
2.608,3.925
-3.015,3.778
-2.826,0.014
-0.01,-0.282
-0.167,-0.787
-0.207,-3.379
-0.261,-2.352
-0.177,-0.889
-0.325,-0.115
-0.267,-0.114
-0.597,-3.407
-0.543,-1.341
-0.621,-3.646
-0.699,-2.126
-0.842,-0.893
-0.849,-0.627
-1.04,-1.771
-1.17,-2.463
-1.22,-1.875
-1.428,-1.534
-1.423,-2.315
-1.537,-2.044
-1.794,-2.576
-1.747,-1.799
-1.765,-1.545
-1.889,-2.161
-1.97,-3.107
-2.118,0.11
-2.174,-1.369
-2.081,-2.435
-2.143,-3.164
-2.444,-1.695
-2.314,-2.153
-2.614,-3.095
-2.822,-3.192
-2.85,-1.531
-2.913,-0.107
-3.037,-2.131
-3.135,-1.051
3.115,-2.166
3.005,-1.614
2.94,-1.024
2.738,-3.907
2.081,-3.506
1.784,-3.67
1.636,-3.88
1.651,-3.819
1.096,-3.667
1.173,-3.856
0.807,-3.923
0.277,-3.74
0.17,-3.965
-0.571,-3.826
-1.229,-3.621
-1.938,-3.61
-2.066,-3.712
-2.989,-3.651
3.117,-3.872
2.429,0.795
1.937,0.611
1.665,0.835
0.949,0.558
0.177,0.769
-0.244,0.798
-0.134,0.554
-1.12,0.639
-2.394,0.791
-2.743,0.739
-2.728,0.529
0.765,-3.021
-1.635,-2.302
2.175,-2.546
-0.286,-0.265
-1.557,-1.584
-1.722,-0.942
-2.528,-0.822
2.499,-0.61
1.19,-0.674
-1.492,-2.043
-1.853,-2.043
2.785,0.481
-2.838,0.334
-2.649,-3.43
-0.157,-0.505
-0.197,-3.097
-0.251,-2.07
-0.167,-0.607
-0.315,0.167
-0.257,0.168
-0.587,-3.125
-0.533,-1.059
-0.611,-3.364
-0.689,-1.844
-0.832,-0.611
-0.839,-0.345
-1.03,-1.489
-1.16,-2.181
-1.21,-1.593
-1.418,-1.252
-1.413,-2.033
-1.527,-1.762
-1.784,-2.294
-1.737,-1.517
-1.755,-1.263
-1.879,-1.879
-1.96,-2.825
-2.108,0.392
-2.164,-1.087
-2.071,-2.153
-2.133,-2.882
-2.434,-1.413
-2.304,-1.871
-2.604,-2.813
-2.812,-2.91
-2.84,-1.249
-2.903,0.175
-3.027,-1.849
-3.125,-0.769
3.125,-1.884
3.015,-1.332
2.95,-0.742
2.748,-3.625
2.091,-3.224
1.794,-3.388
1.646,-3.598
1.661,-3.537
1.106,-3.385
1.183,-3.574
0.817,-3.641
0.287,-3.458
0.18,-3.683
-0.561,-3.544
-1.219,-3.339
-1.928,-3.328
-2.056,-3.43
-2.979,-3.369
3.127,-3.59
2.439,1.077
1.947,0.893
1.675,1.117
0.959,0.84
0.187,1.051
-0.234,1.08
-0.124,0.836
-1.11,0.921
-2.384,1.073
-2.733,1.021
-2.718,0.811
0.775,-2.739
-1.625,-2.02
2.185,-2.264
-0.276,0.017
-1.547,-1.302
-1.712,-0.66
-2.518,-0.54
2.509,-0.328
1.2,-0.392
-1.482,-1.761
-1.843,-1.761
2.795,0.763
-2.828,0.616
-2.639,-3.148
-0.04,-2.592
-0.094,-1.565
-0.01,-0.102
-0.158,0.672
-0.1,0.673
-0.43,-2.62
-0.376,-0.554
-0.454,-2.859
-0.532,-1.339
-0.675,-0.106
-0.682,0.16
-0.873,-0.984
-1.003,-1.676
-1.053,-1.088
-1.261,-0.747
-1.256,-1.528
-1.37,-1.257
-1.627,-1.789
-1.58,-1.012
-1.598,-0.758
-1.722,-1.374
-1.803,-2.32
-1.951,0.897
-2.007,-0.582
-1.914,-1.648
-1.976,-2.377
-2.277,-0.908
-2.147,-1.366
-2.447,-2.308
-2.655,-2.405
-2.683,-0.744
-2.746,0.68
-2.87,-1.344
-2.968,-0.264
-3.001,-1.379
-3.111,-0.827
3.107,-0.237
2.905,-3.12
2.248,-2.719
1.951,-2.883
1.803,-3.093
1.818,-3.032
1.263,-2.88
1.34,-3.069
0.974,-3.136
0.444,-2.953
0.337,-3.178
-0.404,-3.039
-1.062,-2.834
-1.771,-2.823
-1.899,-2.925
-2.822,-2.864
-2.999,-3.085
2.596,1.582
2.104,1.398
1.832,1.622
1.116,1.345
0.344,1.556
-0.077,1.585
0.033,1.341
-0.953,1.426
-2.227,1.578
-2.576,1.526
-2.561,1.316
0.932,-2.234
-1.468,-1.515
2.342,-1.759
-0.119,0.522
-1.39,-0.797
-1.555,-0.155
-2.361,-0.035
2.666,0.177
1.357,0.113
-1.325,-1.256
-1.686,-1.256
2.952,1.268
-2.671,1.121
-2.482,-2.643
-0.054,1.027
0.03,2.49
-0.118,3.264
-0.06,3.265
-0.39,-0.028
-0.336,2.038
-0.414,-0.267
-0.492,1.253
-0.635,2.486
-0.642,2.752
-0.833,1.608
-0.963,0.916
-1.013,1.504
-1.221,1.845
-1.216,1.064
-1.33,1.335
-1.587,0.803
-1.54,1.58
-1.558,1.834
-1.682,1.218
-1.763,0.272
-1.911,3.489
-1.967,2.01
-1.874,0.944
-1.936,0.215
-2.237,1.684
-2.107,1.226
-2.407,0.284
-2.615,0.187
-2.643,1.848
-2.706,3.272
-2.83,1.248
-2.928,2.328
-2.961,1.213
-3.071,1.765
-3.136,2.355
2.945,-0.528
2.288,-0.127
1.991,-0.291
1.843,-0.501
1.858,-0.44
1.303,-0.288
1.38,-0.477
1.014,-0.544
0.484,-0.361
0.377,-0.586
-0.364,-0.447
-1.022,-0.242
-1.731,-0.231
-1.859,-0.333
-2.782,-0.272
-2.959,-0.493
2.636,4.174
2.144,3.99
1.872,4.214
1.156,3.937
0.384,4.148
-0.037,4.177
0.073,3.933
-0.913,4.018
-2.187,4.17
-2.536,4.118
-2.521,3.908
0.972,0.358
-1.428,1.077
2.382,0.833
-0.079,3.114
-1.35,1.795
-1.515,2.437
-2.321,2.557
2.706,2.769
1.397,2.705
-1.285,1.336
-1.646,1.336
2.992,3.86
-2.631,3.713
-2.442,-0.051
0.084,1.463
-0.064,2.237
-0.006,2.238
-0.336,-1.055
-0.282,1.011
-0.36,-1.294
-0.438,0.226
-0.581,1.459
-0.588,1.725
-0.779,0.581
-0.909,-0.111
-0.959,0.477
-1.167,0.818
-1.162,0.037
-1.276,0.308
-1.533,-0.224
-1.486,0.553
-1.504,0.807
-1.628,0.191
-1.709,-0.755
-1.857,2.462
-1.913,0.983
-1.82,-0.083
-1.882,-0.812
-2.183,0.657
-2.053,0.199
-2.353,-0.743
-2.561,-0.84
-2.589,0.821
-2.652,2.245
-2.776,0.221
-2.874,1.301
-2.907,0.186
-3.017,0.738
-3.082,1.328
2.999,-1.555
2.342,-1.154
2.045,-1.318
1.897,-1.528
1.912,-1.467
1.357,-1.315
1.434,-1.504
1.068,-1.571
0.538,-1.388
0.431,-1.613
-0.31,-1.474
-0.968,-1.269
-1.677,-1.258
-1.805,-1.36
-2.728,-1.299
-2.905,-1.52
2.69,3.147
2.198,2.963
1.926,3.187
1.21,2.91
0.438,3.121
0.017,3.15
0.127,2.906
-0.859,2.991
-2.133,3.143
-2.482,3.091
-2.467,2.881
1.026,-0.669
-1.374,0.05
2.436,-0.194
-0.025,2.087
-1.296,0.768
-1.461,1.41
-2.267,1.53
2.76,1.742
1.451,1.678
-1.231,0.309
-1.592,0.309
3.046,2.833
-2.577,2.686
-2.388,-1.078
-0.148,0.774
-0.09,0.775
-0.42,-2.518
-0.366,-0.452
-0.444,-2.757
-0.522,-1.237
-0.665,-0.004
-0.672,0.262
-0.863,-0.882
-0.993,-1.574
-1.043,-0.986
-1.251,-0.645
-1.246,-1.426
-1.36,-1.155
-1.617,-1.687
-1.57,-0.91
-1.588,-0.656
-1.712,-1.272
-1.793,-2.218
-1.941,0.999
-1.997,-0.48
-1.904,-1.546
-1.966,-2.275
-2.267,-0.806
-2.137,-1.264
-2.437,-2.206
-2.645,-2.303
-2.673,-0.642
-2.736,0.782
-2.86,-1.242
-2.958,-0.162
-2.991,-1.277
-3.101,-0.725
3.117,-0.135
2.915,-3.018
2.258,-2.617
1.961,-2.781
1.813,-2.991
1.828,-2.93
1.273,-2.778
1.35,-2.967
0.984,-3.034
0.454,-2.851
0.347,-3.076
-0.394,-2.937
-1.052,-2.732
-1.761,-2.721
-1.889,-2.823
-2.812,-2.762
-2.989,-2.983
2.606,1.684
2.114,1.5
1.842,1.724
1.126,1.447
0.354,1.658
-0.067,1.687
0.043,1.443
-0.943,1.528
-2.217,1.68
-2.566,1.628
-2.551,1.418
0.942,-2.132
-1.458,-1.413
2.352,-1.657
-0.109,0.624
-1.38,-0.695
-1.545,-0.053
-2.351,0.067
2.676,0.279
1.367,0.215
-1.315,-1.154
-1.676,-1.154
2.962,1.37
-2.661,1.223
-2.472,-2.541
0.058,0.001
-0.272,-3.292
-0.218,-1.226
-0.296,-3.531
-0.374,-2.011
-0.517,-0.778
-0.524,-0.512
-0.715,-1.656
-0.845,-2.348
-0.895,-1.76
-1.103,-1.419
-1.098,-2.2
-1.212,-1.929
-1.469,-2.461
-1.422,-1.684
-1.44,-1.43
-1.564,-2.046
-1.645,-2.992
-1.793,0.225
-1.849,-1.254
-1.756,-2.32
-1.818,-3.049
-2.119,-1.58
-1.989,-2.038
-2.289,-2.98
-2.497,-3.077
-2.525,-1.416
-2.588,0.008
-2.712,-2.016
-2.81,-0.936
-2.843,-2.051
-2.953,-1.499
-3.018,-0.909
3.063,-3.792
2.406,-3.391
2.109,-3.555
1.961,-3.765
1.976,-3.704
1.421,-3.552
1.498,-3.741
1.132,-3.808
0.602,-3.625
0.495,-3.85
-0.246,-3.711
-0.904,-3.506
-1.613,-3.495
-1.741,-3.597
-2.664,-3.536
-2.841,-3.757
2.754,0.91
2.262,0.726
1.99,0.95
1.274,0.673
0.502,0.884
0.081,0.913
0.191,0.669
-0.795,0.754
-2.069,0.906
-2.418,0.854
-2.403,0.644
1.09,-2.906
-1.31,-2.187
2.5,-2.431
0.039,-0.15
-1.232,-1.469
-1.397,-0.827
-2.203,-0.707
2.824,-0.495
1.515,-0.559
-1.167,-1.928
-1.528,-1.928
3.11,0.596
-2.513,0.449
-2.324,-3.315
-0.33,-3.293
-0.276,-1.227
-0.354,-3.532
-0.432,-2.012
-0.575,-0.779
-0.582,-0.513
-0.773,-1.657
-0.903,-2.349
-0.953,-1.761
-1.161,-1.42
-1.156,-2.201
-1.27,-1.93
-1.527,-2.462
-1.48,-1.685
-1.498,-1.431
-1.622,-2.047
-1.703,-2.993
-1.851,0.224
-1.907,-1.255
-1.814,-2.321
-1.876,-3.05
-2.177,-1.581
-2.047,-2.039
-2.347,-2.981
-2.555,-3.078
-2.583,-1.417
-2.646,0.007
-2.77,-2.017
-2.868,-0.937
-2.901,-2.052
-3.011,-1.5
-3.076,-0.91
3.005,-3.793
2.348,-3.392
2.051,-3.556
1.903,-3.766
1.918,-3.705
1.363,-3.553
1.44,-3.742
1.074,-3.809
0.544,-3.626
0.437,-3.851
-0.304,-3.712
-0.962,-3.507
-1.671,-3.496
-1.799,-3.598
-2.722,-3.537
-2.899,-3.758
2.696,0.909
2.204,0.725
1.932,0.949
1.216,0.672
0.444,0.883
0.023,0.912
0.133,0.668
-0.853,0.753
-2.127,0.905
-2.476,0.853
-2.461,0.643
1.032,-2.907
-1.368,-2.188
2.442,-2.432
-0.019,-0.151
-1.29,-1.47
-1.455,-0.828
-2.261,-0.708
2.766,-0.496
1.457,-0.56
-1.225,-1.929
-1.586,-1.929
3.052,0.595
-2.571,0.448
-2.382,-3.316
0.054,2.066
-0.024,-0.239
-0.102,1.281
-0.245,2.514
-0.252,2.78
-0.443,1.636
-0.573,0.944
-0.623,1.532
-0.831,1.873
-0.826,1.092
-0.94,1.363
-1.197,0.831
-1.15,1.608
-1.168,1.862
-1.292,1.246
-1.373,0.3
-1.521,3.517
-1.577,2.038
-1.484,0.972
-1.546,0.243
-1.847,1.712
-1.717,1.254
-2.017,0.312
-2.225,0.215
-2.253,1.876
-2.316,3.3
-2.44,1.276
-2.538,2.356
-2.571,1.241
-2.681,1.793
-2.746,2.383
-2.948,-0.5
2.678,-0.099
2.381,-0.263
2.233,-0.473
2.248,-0.412
1.693,-0.26
1.77,-0.449
1.404,-0.516
0.874,-0.333
0.767,-0.558
0.026,-0.419
-0.632,-0.214
-1.341,-0.203
-1.469,-0.305
-2.392,-0.244
-2.569,-0.465
3.026,4.202
2.534,4.018
2.262,4.242
1.546,3.965
0.774,4.176
0.353,4.205
0.463,3.961
-0.523,4.046
-1.797,4.198
-2.146,4.146
-2.131,3.936
1.362,0.386
-1.038,1.105
2.772,0.861
0.311,3.142
-0.96,1.823
-1.125,2.465
-1.931,2.585
3.096,2.797
1.787,2.733
-0.895,1.364
-1.256,1.364
-2.901,3.888
-2.241,3.741
-2.052,-0.023
-0.078,-2.305
-0.156,-0.785
-0.299,0.448
-0.306,0.714
-0.497,-0.43
-0.627,-1.122
-0.677,-0.534
-0.885,-0.193
-0.88,-0.974
-0.994,-0.703
-1.251,-1.235
-1.204,-0.458
-1.222,-0.204
-1.346,-0.82
-1.427,-1.766
-1.575,1.451
-1.631,-0.028
-1.538,-1.094
-1.6,-1.823
-1.901,-0.354
-1.771,-0.812
-2.071,-1.754
-2.279,-1.851
-2.307,-0.19
-2.37,1.234
-2.494,-0.79
-2.592,0.29
-2.625,-0.825
-2.735,-0.273
-2.8,0.317
-3.002,-2.566
2.624,-2.165
2.327,-2.329
2.179,-2.539
2.194,-2.478
1.639,-2.326
1.716,-2.515
1.35,-2.582
0.82,-2.399
0.713,-2.624
-0.028,-2.485
-0.686,-2.28
-1.395,-2.269
-1.523,-2.371
-2.446,-2.31
-2.623,-2.531
2.972,2.136
2.48,1.952
2.208,2.176
1.492,1.899
0.72,2.11
0.299,2.139
0.409,1.895
-0.577,1.98
-1.851,2.132
-2.2,2.08
-2.185,1.87
1.308,-1.68
-1.092,-0.961
2.718,-1.205
0.257,1.076
-1.014,-0.243
-1.179,0.399
-1.985,0.519
3.042,0.731
1.733,0.667
-0.949,-0.702
-1.31,-0.702
-2.955,1.822
-2.295,1.675
-2.106,-2.089
-0.078,1.52
-0.221,2.753
-0.228,3.019
-0.419,1.875
-0.549,1.183
-0.599,1.771
-0.807,2.112
-0.802,1.331
-0.916,1.602
-1.173,1.07
-1.126,1.847
-1.144,2.101
-1.268,1.485
-1.349,0.539
-1.497,3.756
-1.553,2.277
-1.46,1.211
-1.522,0.482
-1.823,1.951
-1.693,1.493
-1.993,0.551
-2.201,0.454
-2.229,2.115
-2.292,3.539
-2.416,1.515
-2.514,2.595
-2.547,1.48
-2.657,2.032
-2.722,2.622
-2.924,-0.261
2.702,0.14
2.405,-0.024
2.257,-0.234
2.272,-0.173
1.717,-0.021
1.794,-0.21
1.428,-0.277
0.898,-0.094
0.791,-0.319
0.05,-0.18
-0.608,0.025
-1.317,0.036
-1.445,-0.066
-2.368,-0.005
-2.545,-0.226
3.05,4.441
2.558,4.257
2.286,4.481
1.57,4.204
0.798,4.415
0.377,4.444
0.487,4.2
-0.499,4.285
-1.773,4.437
-2.122,4.385
-2.107,4.175
1.386,0.625
-1.014,1.344
2.796,1.1
0.335,3.381
-0.936,2.062
-1.101,2.704
-1.907,2.824
3.12,3.036
1.811,2.972
-0.871,1.603
-1.232,1.603
-2.877,4.127
-2.217,3.98
-2.028,0.216
-0.143,1.233
-0.15,1.499
-0.341,0.355
-0.471,-0.337
-0.521,0.251
-0.729,0.592
-0.724,-0.189
-0.838,0.082
-1.095,-0.45
-1.048,0.327
-1.066,0.581
-1.19,-0.035
-1.271,-0.981
-1.419,2.236
-1.475,0.757
-1.382,-0.309
-1.444,-1.038
-1.745,0.431
-1.615,-0.027
-1.915,-0.969
-2.123,-1.066
-2.151,0.595
-2.214,2.019
-2.338,-0.005
-2.436,1.075
-2.469,-0.04
-2.579,0.512
-2.644,1.102
-2.846,-1.781
2.78,-1.38
2.483,-1.544
2.335,-1.754
2.35,-1.693
1.795,-1.541
1.872,-1.73
1.506,-1.797
0.976,-1.614
0.869,-1.839
0.128,-1.7
-0.53,-1.495
-1.239,-1.484
-1.367,-1.586
-2.29,-1.525
-2.467,-1.746
3.128,2.921
2.636,2.737
2.364,2.961
1.648,2.684
0.876,2.895
0.455,2.924
0.565,2.68
-0.421,2.765
-1.695,2.917
-2.044,2.865
-2.029,2.655
1.464,-0.895
-0.936,-0.176
2.874,-0.42
0.413,1.861
-0.858,0.542
-1.023,1.184
-1.829,1.304
-3.085,1.516
1.889,1.452
-0.793,0.083
-1.154,0.083
-2.799,2.607
-2.139,2.46
-1.95,-1.304
-0.007,0.266
-0.198,-0.878
-0.328,-1.57
-0.378,-0.982
-0.586,-0.641
-0.581,-1.422
-0.695,-1.151
-0.952,-1.683
-0.905,-0.906
-0.923,-0.652
-1.047,-1.268
-1.128,-2.214
-1.276,1.003
-1.332,-0.476
-1.239,-1.542
-1.301,-2.271
-1.602,-0.802
-1.472,-1.26
-1.772,-2.202
-1.98,-2.299
-2.008,-0.638
-2.071,0.786
-2.195,-1.238
-2.293,-0.158
-2.326,-1.273
-2.436,-0.721
-2.501,-0.131
-2.703,-3.014
2.923,-2.613
2.626,-2.777
2.478,-2.987
2.493,-2.926
1.938,-2.774
2.015,-2.963
1.649,-3.03
1.119,-2.847
1.012,-3.072
0.271,-2.933
-0.387,-2.728
-1.096,-2.717
-1.224,-2.819
-2.147,-2.758
-2.324,-2.979
-3.012,1.688
2.779,1.504
2.507,1.728
1.791,1.451
1.019,1.662
0.598,1.691
0.708,1.447
-0.278,1.532
-1.552,1.684
-1.901,1.632
-1.886,1.422
1.607,-2.128
-0.793,-1.409
3.017,-1.653
0.556,0.628
-0.715,-0.691
-0.88,-0.049
-1.686,0.071
-2.942,0.283
2.032,0.219
-0.65,-1.15
-1.011,-1.15
-2.656,1.374
-1.996,1.227
-1.807,-2.537
-0.191,-1.144
-0.321,-1.836
-0.371,-1.248
-0.579,-0.907
-0.574,-1.688
-0.688,-1.417
-0.945,-1.949
-0.898,-1.172
-0.916,-0.918
-1.04,-1.534
-1.121,-2.48
-1.269,0.737
-1.325,-0.742
-1.232,-1.808
-1.294,-2.537
-1.595,-1.068
-1.465,-1.526
-1.765,-2.468
-1.973,-2.565
-2.001,-0.904
-2.064,0.52
-2.188,-1.504
-2.286,-0.424
-2.319,-1.539
-2.429,-0.987
-2.494,-0.397
-2.696,-3.28
2.93,-2.879
2.633,-3.043
2.485,-3.253
2.5,-3.192
1.945,-3.04
2.022,-3.229
1.656,-3.296
1.126,-3.113
1.019,-3.338
0.278,-3.199
-0.38,-2.994
-1.089,-2.983
-1.217,-3.085
-2.14,-3.024
-2.317,-3.245
-3.005,1.422
2.786,1.238
2.514,1.462
1.798,1.185
1.026,1.396
0.605,1.425
0.715,1.181
-0.271,1.266
-1.545,1.418
-1.894,1.366
-1.879,1.156
1.614,-2.394
-0.786,-1.675
3.024,-1.919
0.563,0.362
-0.708,-0.957
-0.873,-0.315
-1.679,-0.195
-2.935,0.017
2.039,-0.047
-0.643,-1.416
-1.004,-1.416
-2.649,1.108
-1.989,0.961
-1.8,-2.803
-0.13,-0.692
-0.18,-0.104
-0.388,0.237
-0.383,-0.544
-0.497,-0.273
-0.754,-0.805
-0.707,-0.028
-0.725,0.226
-0.849,-0.39
-0.93,-1.336
-1.078,1.881
-1.134,0.402
-1.041,-0.664
-1.103,-1.393
-1.404,0.076
-1.274,-0.382
-1.574,-1.324
-1.782,-1.421
-1.81,0.24
-1.873,1.664
-1.997,-0.36
-2.095,0.72
-2.128,-0.395
-2.238,0.157
-2.303,0.747
-2.505,-2.136
3.121,-1.735
2.824,-1.899
2.676,-2.109
2.691,-2.048
2.136,-1.896
2.213,-2.085
1.847,-2.152
1.317,-1.969
1.21,-2.194
0.469,-2.055
-0.189,-1.85
-0.898,-1.839
-1.026,-1.941
-1.949,-1.88
-2.126,-2.101
-2.814,2.566
2.977,2.382
2.705,2.606
1.989,2.329
1.217,2.54
0.796,2.569
0.906,2.325
-0.08,2.41
-1.354,2.562
-1.703,2.51
-1.688,2.3
1.805,-1.25
-0.595,-0.531
-3.068,-0.775
0.754,1.506
-0.517,0.187
-0.682,0.829
-1.488,0.949
-2.744,1.161
2.23,1.097
-0.452,-0.272
-0.813,-0.272
-2.458,2.252
-1.798,2.105
-1.609,-1.659
-0.05,0.588
-0.258,0.929
-0.253,0.148
-0.367,0.419
-0.624,-0.113
-0.577,0.664
-0.595,0.918
-0.719,0.302
-0.8,-0.644
-0.948,2.573
-1.004,1.094
-0.911,0.028
-0.973,-0.701
-1.274,0.768
-1.144,0.31
-1.444,-0.632
-1.652,-0.729
-1.68,0.932
-1.743,2.356
-1.867,0.332
-1.965,1.412
-1.998,0.297
-2.108,0.849
-2.173,1.439
-2.375,-1.444
-3.032,-1.043
2.954,-1.207
2.806,-1.417
2.821,-1.356
2.266,-1.204
2.343,-1.393
1.977,-1.46
1.447,-1.277
1.34,-1.502
0.599,-1.363
-0.059,-1.158
-0.768,-1.147
-0.896,-1.249
-1.819,-1.188
-1.996,-1.409
-2.684,3.258
3.107,3.074
2.835,3.298
2.119,3.021
1.347,3.232
0.926,3.261
1.036,3.017
0.05,3.102
-1.224,3.254
-1.573,3.202
-1.558,2.992
1.935,-0.558
-0.465,0.161
-2.938,-0.083
0.884,2.198
-0.387,0.879
-0.552,1.521
-1.358,1.641
-2.614,1.853
2.36,1.789
-0.322,0.42
-0.683,0.42
-2.328,2.944
-1.668,2.797
-1.479,-0.967
-0.208,0.341
-0.203,-0.44
-0.317,-0.169
-0.574,-0.701
-0.527,0.076
-0.545,0.33
-0.669,-0.286
-0.75,-1.232
-0.898,1.985
-0.954,0.506
-0.861,-0.56
-0.923,-1.289
-1.224,0.18
-1.094,-0.278
-1.394,-1.22
-1.602,-1.317
-1.63,0.344
-1.693,1.768
-1.817,-0.256
-1.915,0.824
-1.948,-0.291
-2.058,0.261
-2.123,0.851
-2.325,-2.032
-2.982,-1.631
3.004,-1.795
2.856,-2.005
2.871,-1.944
2.316,-1.792
2.393,-1.981
2.027,-2.048
1.497,-1.865
1.39,-2.09
0.649,-1.951
-0.009,-1.746
-0.718,-1.735
-0.846,-1.837
-1.769,-1.776
-1.946,-1.997
-2.634,2.67
-3.126,2.486
2.885,2.71
2.169,2.433
1.397,2.644
0.976,2.673
1.086,2.429
0.1,2.514
-1.174,2.666
-1.523,2.614
-1.508,2.404
1.985,-1.146
-0.415,-0.427
-2.888,-0.671
0.934,1.61
-0.337,0.291
-0.502,0.933
-1.308,1.053
-2.564,1.265
2.41,1.201
-0.272,-0.168
-0.633,-0.168
-2.278,2.356
-1.618,2.209
-1.429,-1.555
0.005,-0.781
-0.109,-0.51
-0.366,-1.042
-0.319,-0.265
-0.337,-0.011
-0.461,-0.627
-0.542,-1.573
-0.69,1.644
-0.746,0.165
-0.653,-0.901
-0.715,-1.63
-1.016,-0.161
-0.886,-0.619
-1.186,-1.561
-1.394,-1.658
-1.422,0.003
-1.485,1.427
-1.609,-0.597
-1.707,0.483
-1.74,-0.632
-1.85,-0.08
-1.915,0.51
-2.117,-2.373
-2.774,-1.972
-3.071,-2.136
3.064,-2.346
3.079,-2.285
2.524,-2.133
2.601,-2.322
2.235,-2.389
1.705,-2.206
1.598,-2.431
0.857,-2.292
0.199,-2.087
-0.51,-2.076
-0.638,-2.178
-1.561,-2.117
-1.738,-2.338
-2.426,2.329
-2.918,2.145
3.093,2.369
2.377,2.092
1.605,2.303
1.184,2.332
1.294,2.088
0.308,2.173
-0.966,2.325
-1.315,2.273
-1.3,2.063
2.193,-1.487
-0.207,-0.768
-2.68,-1.012
1.142,1.269
-0.129,-0.05
-0.294,0.592
-1.1,0.712
-2.356,0.924
2.618,0.86
-0.064,-0.509
-0.425,-0.509
-2.07,2.015
-1.41,1.868
-1.221,-1.896
-0.114,0.271
-0.371,-0.261
-0.324,0.516
-0.342,0.77
-0.466,0.154
-0.547,-0.792
-0.695,2.425
-0.751,0.946
-0.658,-0.12
-0.72,-0.849
-1.021,0.62
-0.891,0.162
-1.191,-0.78
-1.399,-0.877
-1.427,0.784
-1.49,2.208
-1.614,0.184
-1.712,1.264
-1.745,0.149
-1.855,0.701
-1.92,1.291
-2.122,-1.592
-2.779,-1.191
-3.076,-1.355
3.059,-1.565
3.074,-1.504
2.519,-1.352
2.596,-1.541
2.23,-1.608
1.7,-1.425
1.593,-1.65
0.852,-1.511
0.194,-1.306
-0.515,-1.295
-0.643,-1.397
-1.566,-1.336
-1.743,-1.557
-2.431,3.11
-2.923,2.926
3.088,3.15
2.372,2.873
1.6,3.084
1.179,3.113
1.289,2.869
0.303,2.954
-0.971,3.106
-1.32,3.054
-1.305,2.844
2.188,-0.706
-0.212,0.013
-2.685,-0.231
1.137,2.05
-0.134,0.731
-0.299,1.373
-1.105,1.493
-2.361,1.705
2.613,1.641
-0.069,0.272
-0.43,0.272
-2.075,2.796
-1.415,2.649
-1.226,-1.115
-0.257,-0.532
-0.21,0.245
-0.228,0.499
-0.352,-0.117
-0.433,-1.063
-0.581,2.154
-0.637,0.675
-0.544,-0.391
-0.606,-1.12
-0.907,0.349
-0.777,-0.109
-1.077,-1.051
-1.285,-1.148
-1.313,0.513
-1.376,1.937
-1.5,-0.087
-1.598,0.993
-1.631,-0.122
-1.741,0.43
-1.806,1.02
-2.008,-1.863
-2.665,-1.462
-2.962,-1.626
-3.11,-1.836
-3.095,-1.775
2.633,-1.623
2.71,-1.812
2.344,-1.879
1.814,-1.696
1.707,-1.921
0.966,-1.782
0.308,-1.577
-0.401,-1.566
-0.529,-1.668
-1.452,-1.607
-1.629,-1.828
-2.317,2.839
-2.809,2.655
-3.081,2.879
2.486,2.602
1.714,2.813
1.293,2.842
1.403,2.598
0.417,2.683
-0.857,2.835
-1.206,2.783
-1.191,2.573
2.302,-0.977
-0.098,-0.258
-2.571,-0.502
1.251,1.779
-0.02,0.46
-0.185,1.102
-0.991,1.222
-2.247,1.434
2.727,1.37
0.045,0.001
-0.316,0.001
-1.961,2.525
-1.301,2.378
-1.112,-1.386
0.047,0.777
0.029,1.031
-0.095,0.415
-0.176,-0.531
-0.324,2.686
-0.38,1.207
-0.287,0.141
-0.349,-0.588
-0.65,0.881
-0.52,0.423
-0.82,-0.519
-1.028,-0.616
-1.056,1.045
-1.119,2.469
-1.243,0.445
-1.341,1.525
-1.374,0.41
-1.484,0.962
-1.549,1.552
-1.751,-1.331
-2.408,-0.93
-2.705,-1.094
-2.853,-1.304
-2.838,-1.243
2.89,-1.091
2.967,-1.28
2.601,-1.347
2.071,-1.164
1.964,-1.389
1.223,-1.25
0.565,-1.045
-0.144,-1.034
-0.272,-1.136
-1.195,-1.075
-1.372,-1.296
-2.06,3.371
-2.552,3.187
-2.824,3.411
2.743,3.134
1.971,3.345
1.55,3.374
1.66,3.13
0.674,3.215
-0.6,3.367
-0.949,3.315
-0.934,3.105
2.559,-0.445
0.159,0.274
-2.314,0.03
1.508,2.311
0.237,0.992
0.072,1.634
-0.734,1.754
-1.99,1.966
2.984,1.902
0.302,0.533
-0.059,0.533
-1.704,3.057
-1.044,2.91
-0.855,-0.854
-0.018,0.254
-0.142,-0.362
-0.223,-1.308
-0.371,1.909
-0.427,0.43
-0.334,-0.636
-0.396,-1.365
-0.697,0.104
-0.567,-0.354
-0.867,-1.296
-1.075,-1.393
-1.103,0.268
-1.166,1.692
-1.29,-0.332
-1.388,0.748
-1.421,-0.367
-1.531,0.185
-1.596,0.775
-1.798,-2.108
-2.455,-1.707
-2.752,-1.871
-2.9,-2.081
-2.885,-2.02
2.843,-1.868
2.92,-2.057
2.554,-2.124
2.024,-1.941
1.917,-2.166
1.176,-2.027
0.518,-1.822
-0.191,-1.811
-0.319,-1.913
-1.242,-1.852
-1.419,-2.073
-2.107,2.594
-2.599,2.41
-2.871,2.634
2.696,2.357
1.924,2.568
1.503,2.597
1.613,2.353
0.627,2.438
-0.647,2.59
-0.996,2.538
-0.981,2.328
2.512,-1.222
0.112,-0.503
-2.361,-0.747
1.461,1.534
0.19,0.215
0.025,0.857
-0.781,0.977
-2.037,1.189
2.937,1.125
0.255,-0.244
-0.106,-0.244
-1.751,2.28
-1.091,2.133
-0.902,-1.631
-0.124,-0.616
-0.205,-1.562
-0.353,1.655
-0.409,0.176
-0.316,-0.89
-0.378,-1.619
-0.679,-0.15
-0.549,-0.608
-0.849,-1.55
-1.057,-1.647
-1.085,0.014
-1.148,1.438
-1.272,-0.586
-1.37,0.494
-1.403,-0.621
-1.513,-0.069
-1.578,0.521
-1.78,-2.362
-2.437,-1.961
-2.734,-2.125
-2.882,-2.335
-2.867,-2.274
2.861,-2.122
2.938,-2.311
2.572,-2.378
2.042,-2.195
1.935,-2.42
1.194,-2.281
0.536,-2.076
-0.173,-2.065
-0.301,-2.167
-1.224,-2.106
-1.401,-2.327
-2.089,2.34
-2.581,2.156
-2.853,2.38
2.714,2.103
1.942,2.314
1.521,2.343
1.631,2.099
0.645,2.184
-0.629,2.336
-0.978,2.284
-0.963,2.074
2.53,-1.476
0.13,-0.757
-2.343,-1.001
1.479,1.28
0.208,-0.039
0.043,0.603
-0.763,0.723
-2.019,0.935
2.955,0.871
0.273,-0.498
-0.088,-0.498
-1.733,2.026
-1.073,1.879
-0.884,-1.885
-0.081,-0.946
-0.229,2.271
-0.285,0.792
-0.192,-0.274
-0.254,-1.003
-0.555,0.466
-0.425,0.008
-0.725,-0.934
-0.933,-1.031
-0.961,0.63
-1.024,2.054
-1.148,0.03
-1.246,1.11
-1.279,-0.005
-1.389,0.547
-1.454,1.137
-1.656,-1.746
-2.313,-1.345
-2.61,-1.509
-2.758,-1.719
-2.743,-1.658
2.985,-1.506
3.062,-1.695
2.696,-1.762
2.166,-1.579
2.059,-1.804
1.318,-1.665
0.66,-1.46
-0.049,-1.449
-0.177,-1.551
-1.1,-1.49
-1.277,-1.711
-1.965,2.956
-2.457,2.772
-2.729,2.996
2.838,2.719
2.066,2.93
1.645,2.959
1.755,2.715
0.769,2.8
-0.505,2.952
-0.854,2.9
-0.839,2.69
2.654,-0.86
0.254,-0.141
-2.219,-0.385
1.603,1.896
0.332,0.577
0.167,1.219
-0.639,1.339
-1.895,1.551
3.079,1.487
0.397,0.118
0.036,0.118
-1.609,2.642
-0.949,2.495
-0.76,-1.269
-0.148,3.217
-0.204,1.738
-0.111,0.672
-0.173,-0.057
-0.474,1.412
-0.344,0.954
-0.644,0.012
-0.852,-0.085
-0.88,1.576
-0.943,3.0
-1.067,0.976
-1.165,2.056
-1.198,0.941
-1.308,1.493
-1.373,2.083
-1.575,-0.8
-2.232,-0.399
-2.529,-0.563
-2.677,-0.773
-2.662,-0.712
3.066,-0.56
-3.14,-0.749
2.777,-0.816
2.247,-0.633
2.14,-0.858
1.399,-0.719
0.741,-0.514
0.032,-0.503
-0.096,-0.605
-1.019,-0.544
-1.196,-0.765
-1.884,3.902
-2.376,3.718
-2.648,3.942
2.919,3.665
2.147,3.876
1.726,3.905
1.836,3.661
0.85,3.746
-0.424,3.898
-0.773,3.846
-0.758,3.636
2.735,0.086
0.335,0.805
-2.138,0.561
1.684,2.842
0.413,1.523
0.248,2.165
-0.558,2.285
-1.814,2.497
-3.123,2.433
0.478,1.064
0.117,1.064
-1.528,3.588
-0.868,3.441
-0.679,-0.323
-0.056,-1.479
0.037,-2.545
-0.025,-3.274
-0.326,-1.805
-0.196,-2.263
-0.496,-3.205
-0.704,-3.302
-0.732,-1.641
-0.795,-0.217
-0.919,-2.241
-1.017,-1.161
-1.05,-2.276
-1.16,-1.724
-1.225,-1.134
-1.427,-4.017
-2.084,-3.616
-2.381,-3.78
-2.529,-3.99
-2.514,-3.929
-3.069,-3.777
-2.992,-3.966
2.925,-4.033
2.395,-3.85
2.288,-4.075
1.547,-3.936
0.889,-3.731
0.18,-3.72
0.052,-3.822
-0.871,-3.761
-1.048,-3.982
-1.736,0.685
-2.228,0.501
-2.5,0.725
3.067,0.448
2.295,0.659
1.874,0.688
1.984,0.444
0.998,0.529
-0.276,0.681
-0.625,0.629
-0.61,0.419
2.883,-3.131
0.483,-2.412
-1.99,-2.656
1.832,-0.375
0.561,-1.694
0.396,-1.052
-0.41,-0.932
-1.666,-0.72
-2.975,-0.784
0.626,-2.153
0.265,-2.153
-1.38,0.371
-0.72,0.224
-0.531,-3.54
0.093,-1.066
0.031,-1.795
-0.27,-0.326
-0.14,-0.784
-0.44,-1.726
-0.648,-1.823
-0.676,-0.162
-0.739,1.262
-0.863,-0.762
-0.961,0.318
-0.994,-0.797
-1.104,-0.245
-1.169,0.345
-1.371,-2.538
-2.028,-2.137
-2.325,-2.301
-2.473,-2.511
-2.458,-2.45
-3.013,-2.298
-2.936,-2.487
2.981,-2.554
2.451,-2.371
2.344,-2.596
1.603,-2.457
0.945,-2.252
0.236,-2.241
0.108,-2.343
-0.815,-2.282
-0.992,-2.503
-1.68,2.164
-2.172,1.98
-2.444,2.204
3.123,1.927
2.351,2.138
1.93,2.167
2.04,1.923
1.054,2.008
-0.22,2.16
-0.569,2.108
-0.554,1.898
2.939,-1.652
0.539,-0.933
-1.934,-1.177
1.888,1.104
0.617,-0.215
0.452,0.427
-0.354,0.547
-1.61,0.759
-2.919,0.695
0.682,-0.674
0.321,-0.674
-1.324,1.85
-0.664,1.703
-0.475,-2.061
-0.062,-0.729
-0.363,0.74
-0.233,0.282
-0.533,-0.66
-0.741,-0.757
-0.769,0.904
-0.832,2.328
-0.956,0.304
-1.054,1.384
-1.087,0.269
-1.197,0.821
-1.262,1.411
-1.464,-1.472
-2.121,-1.071
-2.418,-1.235
-2.566,-1.445
-2.551,-1.384
-3.106,-1.232
-3.029,-1.421
2.888,-1.488
2.358,-1.305
2.251,-1.53
1.51,-1.391
0.852,-1.186
0.143,-1.175
0.015,-1.277
-0.908,-1.216
-1.085,-1.437
-1.773,3.23
-2.265,3.046
-2.537,3.27
3.03,2.993
2.258,3.204
1.837,3.233
1.947,2.989
0.961,3.074
-0.313,3.226
-0.662,3.174
-0.647,2.964
2.846,-0.586
0.446,0.133
-2.027,-0.111
1.795,2.17
0.524,0.851
0.359,1.493
-0.447,1.613
-1.703,1.825
-3.012,1.761
0.589,0.392
0.228,0.392
-1.417,2.916
-0.757,2.769
-0.568,-0.995
-0.301,1.469
-0.171,1.011
-0.471,0.069
-0.679,-0.028
-0.707,1.633
-0.77,3.057
-0.894,1.033
-0.992,2.113
-1.025,0.998
-1.135,1.55
-1.2,2.14
-1.402,-0.743
-2.059,-0.342
-2.356,-0.506
-2.504,-0.716
-2.489,-0.655
-3.044,-0.503
-2.967,-0.692
2.95,-0.759
2.42,-0.576
2.313,-0.801
1.572,-0.662
0.914,-0.457
0.205,-0.446
0.077,-0.548
-0.846,-0.487
-1.023,-0.708
-1.711,3.959
-2.203,3.775
-2.475,3.999
3.092,3.722
2.32,3.933
1.899,3.962
2.009,3.718
1.023,3.803
-0.251,3.955
-0.6,3.903
-0.585,3.693
2.908,0.143
0.508,0.862
-1.965,0.618
1.857,2.899
0.586,1.58
0.421,2.222
-0.385,2.342
-1.641,2.554
-2.95,2.49
0.651,1.121
0.29,1.121
-1.355,3.645
-0.695,3.498
-0.506,-0.266
0.13,-0.458
-0.17,-1.4
-0.378,-1.497
-0.406,0.164
-0.469,1.588
-0.593,-0.436
-0.691,0.644
-0.724,-0.471
-0.834,0.081
-0.899,0.671
-1.101,-2.212
-1.758,-1.811
-2.055,-1.975
-2.203,-2.185
-2.188,-2.124
-2.743,-1.972
-2.666,-2.161
-3.032,-2.228
2.721,-2.045
2.614,-2.27
1.873,-2.131
1.215,-1.926
0.506,-1.915
0.378,-2.017
-0.545,-1.956
-0.722,-2.177
-1.41,2.49
-1.902,2.306
-2.174,2.53
-2.89,2.253
2.621,2.464
2.2,2.493
2.31,2.249
1.324,2.334
0.05,2.486
-0.299,2.434
-0.284,2.224
-3.074,-1.326
0.809,-0.607
-1.664,-0.851
2.158,1.43
0.887,0.111
0.722,0.753
-0.084,0.873
-1.34,1.085
-2.649,1.021
0.952,-0.348
0.591,-0.348
-1.054,2.176
-0.394,2.029
-0.205,-1.735
-0.3,-0.942
-0.508,-1.039
-0.536,0.622
-0.599,2.046
-0.723,0.022
-0.821,1.102
-0.854,-0.013
-0.964,0.539
-1.029,1.129
-1.231,-1.754
-1.888,-1.353
-2.185,-1.517
-2.333,-1.727
-2.318,-1.666
-2.873,-1.514
-2.796,-1.703
3.121,-1.77
2.591,-1.587
2.484,-1.812
1.743,-1.673
1.085,-1.468
0.376,-1.457
0.248,-1.559
-0.675,-1.498
-0.852,-1.719
-1.54,2.948
-2.032,2.764
-2.304,2.988
-3.02,2.711
2.491,2.922
2.07,2.951
2.18,2.707
1.194,2.792
-0.08,2.944
-0.429,2.892
-0.414,2.682
3.079,-0.868
0.679,-0.149
-1.794,-0.393
2.028,1.888
0.757,0.569
0.592,1.211
-0.214,1.331
-1.47,1.543
-2.779,1.479
0.822,0.11
0.461,0.11
-1.184,2.634
-0.524,2.487
-0.335,-1.277
-0.208,-0.097
-0.236,1.564
-0.299,2.988
-0.423,0.964
-0.521,2.044
-0.554,0.929
-0.664,1.481
-0.729,2.071
-0.931,-0.812
-1.588,-0.411
-1.885,-0.575
-2.033,-0.785
-2.018,-0.724
-2.573,-0.572
-2.496,-0.761
-2.862,-0.828
2.891,-0.645
2.784,-0.87
2.043,-0.731
1.385,-0.526
0.676,-0.515
0.548,-0.617
-0.375,-0.556
-0.552,-0.777
-1.24,3.89
-1.732,3.706
-2.004,3.93
-2.72,3.653
2.791,3.864
2.37,3.893
2.48,3.649
1.494,3.734
0.22,3.886
-0.129,3.834
-0.114,3.624
-2.904,0.074
0.979,0.793
-1.494,0.549
2.328,2.83
1.057,1.511
0.892,2.153
0.086,2.273
-1.17,2.485
-2.479,2.421
1.122,1.052
0.761,1.052
-0.884,3.576
-0.224,3.429
-0.035,-0.335
-0.028,1.661
-0.091,3.085
-0.215,1.061
-0.313,2.141
-0.346,1.026
-0.456,1.578
-0.521,2.168
-0.723,-0.715
-1.38,-0.314
-1.677,-0.478
-1.825,-0.688
-1.81,-0.627
-2.365,-0.475
-2.288,-0.664
-2.654,-0.731
3.099,-0.548
2.992,-0.773
2.251,-0.634
1.593,-0.429
0.884,-0.418
0.756,-0.52
-0.167,-0.459
-0.344,-0.68
-1.032,3.987
-1.524,3.803
-1.796,4.027
-2.512,3.75
2.999,3.961
2.578,3.99
2.688,3.746
1.702,3.831
0.428,3.983
0.079,3.931
0.094,3.721
-2.696,0.171
1.187,0.89
-1.286,0.646
2.536,2.927
1.265,1.608
1.1,2.25
0.294,2.37
-0.962,2.582
-2.271,2.518
1.33,1.149
0.969,1.149
-0.676,3.673
-0.016,3.526
0.173,-0.238
-0.063,1.424
-0.187,-0.6
-0.285,0.48
-0.318,-0.635
-0.428,-0.083
-0.493,0.507
-0.695,-2.376
-1.352,-1.975
-1.649,-2.139
-1.797,-2.349
-1.782,-2.288
-2.337,-2.136
-2.26,-2.325
-2.626,-2.392
3.127,-2.209
3.02,-2.434
2.279,-2.295
1.621,-2.09
0.912,-2.079
0.784,-2.181
-0.139,-2.12
-0.316,-2.341
-1.004,2.326
-1.496,2.142
-1.768,2.366
-2.484,2.089
3.027,2.3
2.606,2.329
2.716,2.085
1.73,2.17
0.456,2.322
0.107,2.27
0.122,2.06
-2.668,-1.49
1.215,-0.771
-1.258,-1.015
2.564,1.266
1.293,-0.053
1.128,0.589
0.322,0.709
-0.934,0.921
-2.243,0.857
1.358,-0.512
0.997,-0.512
-0.648,2.012
0.012,1.865
0.201,-1.899
-0.124,-2.024
-0.222,-0.944
-0.255,-2.059
-0.365,-1.507
-0.43,-0.917
-0.632,-3.8
-1.289,-3.399
-1.586,-3.563
-1.734,-3.773
-1.719,-3.712
-2.274,-3.56
-2.197,-3.749
-2.563,-3.816
-3.093,-3.633
3.083,-3.858
2.342,-3.719
1.684,-3.514
0.975,-3.503
0.847,-3.605
-0.076,-3.544
-0.253,-3.765
-0.941,0.902
-1.433,0.718
-1.705,0.942
-2.421,0.665
3.09,0.876
2.669,0.905
2.779,0.661
1.793,0.746
0.519,0.898
0.17,0.846
0.185,0.636
-2.605,-2.914
1.278,-2.195
-1.195,-2.439
2.627,-0.158
1.356,-1.477
1.191,-0.835
0.385,-0.715
-0.871,-0.503
-2.18,-0.567
1.421,-1.936
1.06,-1.936
-0.585,0.588
0.075,0.441
0.264,-3.323
-0.098,1.08
-0.131,-0.035
-0.241,0.517
-0.306,1.107
-0.508,-1.776
-1.165,-1.375
-1.462,-1.539
-1.61,-1.749
-1.595,-1.688
-2.15,-1.536
-2.073,-1.725
-2.439,-1.792
-2.969,-1.609
-3.076,-1.834
2.466,-1.695
1.808,-1.49
1.099,-1.479
0.971,-1.581
0.048,-1.52
-0.129,-1.741
-0.817,2.926
-1.309,2.742
-1.581,2.966
-2.297,2.689
-3.069,2.9
2.793,2.929
2.903,2.685
1.917,2.77
0.643,2.922
0.294,2.87
0.309,2.66
-2.481,-0.89
1.402,-0.171
-1.071,-0.415
2.751,1.866
1.48,0.547
1.315,1.189
0.509,1.309
-0.747,1.521
-2.056,1.457
1.545,0.088
1.184,0.088
-0.461,2.612
0.199,2.465
0.388,-1.299
-0.033,-1.115
-0.143,-0.563
-0.208,0.027
-0.41,-2.856
-1.067,-2.455
-1.364,-2.619
-1.512,-2.829
-1.497,-2.768
-2.052,-2.616
-1.975,-2.805
-2.341,-2.872
-2.871,-2.689
-2.978,-2.914
2.564,-2.775
1.906,-2.57
1.197,-2.559
1.069,-2.661
0.146,-2.6
-0.031,-2.821
-0.719,1.846
-1.211,1.662
-1.483,1.886
-2.199,1.609
-2.971,1.82
2.891,1.849
3.001,1.605
2.015,1.69
0.741,1.842
0.392,1.79
0.407,1.58
-2.383,-1.97
1.5,-1.251
-0.973,-1.495
2.849,0.786
1.578,-0.533
1.413,0.109
0.607,0.229
-0.649,0.441
-1.958,0.377
1.643,-0.992
1.282,-0.992
-0.363,1.532
0.297,1.385
0.486,-2.379
-0.11,0.552
-0.175,1.142
-0.377,-1.741
-1.034,-1.34
-1.331,-1.504
-1.479,-1.714
-1.464,-1.653
-2.019,-1.501
-1.942,-1.69
-2.308,-1.757
-2.838,-1.574
-2.945,-1.799
2.597,-1.66
1.939,-1.455
1.23,-1.444
1.102,-1.546
0.179,-1.485
0.002,-1.706
-0.686,2.961
-1.178,2.777
-1.45,3.001
-2.166,2.724
-2.938,2.935
2.924,2.964
3.034,2.72
2.048,2.805
0.774,2.957
0.425,2.905
0.44,2.695
-2.35,-0.855
1.533,-0.136
-0.94,-0.38
2.882,1.901
1.611,0.582
1.446,1.224
0.64,1.344
-0.616,1.556
-1.925,1.492
1.676,0.123
1.315,0.123
-0.33,2.647
0.33,2.5
0.519,-1.264
-0.065,0.59
-0.267,-2.293
-0.924,-1.892
-1.221,-2.056
-1.369,-2.266
-1.354,-2.205
-1.909,-2.053
-1.832,-2.242
-2.198,-2.309
-2.728,-2.126
-2.835,-2.351
2.707,-2.212
2.049,-2.007
1.34,-1.996
1.212,-2.098
0.289,-2.037
0.112,-2.258
-0.576,2.409
-1.068,2.225
-1.34,2.449
-2.056,2.172
-2.828,2.383
3.034,2.412
-3.139,2.168
2.158,2.253
0.884,2.405
0.535,2.353
0.55,2.143
-2.24,-1.407
1.643,-0.688
-0.83,-0.932
2.992,1.349
1.721,0.03
1.556,0.672
0.75,0.792
-0.506,1.004
-1.815,0.94
1.786,-0.429
1.425,-0.429
-0.22,2.095
0.44,1.948
0.629,-1.816
-0.202,-2.883
-0.859,-2.482
-1.156,-2.646
-1.304,-2.856
-1.289,-2.795
-1.844,-2.643
-1.767,-2.832
-2.133,-2.899
-2.663,-2.716
-2.77,-2.941
2.772,-2.802
2.114,-2.597
1.405,-2.586
1.277,-2.688
0.354,-2.627
0.177,-2.848
-0.511,1.819
-1.003,1.635
-1.275,1.859
-1.991,1.582
-2.763,1.793
3.099,1.822
-3.074,1.578
2.223,1.663
0.949,1.815
0.6,1.763
0.615,1.553
-2.175,-1.997
1.708,-1.278
-0.765,-1.522
3.057,0.759
1.786,-0.56
1.621,0.082
0.815,0.202
-0.441,0.414
-1.75,0.35
1.851,-1.019
1.49,-1.019
-0.155,1.505
0.505,1.358
0.694,-2.406
-0.657,0.401
-0.954,0.237
-1.102,0.027
-1.087,0.088
-1.642,0.24
-1.565,0.051
-1.931,-0.016
-2.461,0.167
-2.568,-0.058
2.974,0.081
2.316,0.286
1.607,0.297
1.479,0.195
0.556,0.256
0.379,0.035
-0.309,4.702
-0.801,4.518
-1.073,4.742
-1.789,4.465
-2.561,4.676
-2.982,4.705
-2.872,4.461
2.425,4.546
1.151,4.698
0.802,4.646
0.817,4.436
-1.973,0.886
1.91,1.605
-0.563,1.361
-3.024,3.642
1.988,2.323
1.823,2.965
1.017,3.085
-0.239,3.297
-1.548,3.233
2.053,1.864
1.692,1.864
0.047,4.388
0.707,4.241
0.896,0.477
-0.297,-0.164
-0.445,-0.374
-0.43,-0.313
-0.985,-0.161
-0.908,-0.35
-1.274,-0.417
-1.804,-0.234
-1.911,-0.459
-2.652,-0.32
2.973,-0.115
2.264,-0.104
2.136,-0.206
1.213,-0.145
1.036,-0.366
0.348,4.301
-0.144,4.117
-0.416,4.341
-1.132,4.064
-1.904,4.275
-2.325,4.304
-2.215,4.06
3.082,4.145
1.808,4.297
1.459,4.245
1.474,4.035
-1.316,0.485
2.567,1.204
0.094,0.96
-2.367,3.241
2.645,1.922
2.48,2.564
1.674,2.684
0.418,2.896
-0.891,2.832
2.71,1.463
2.349,1.463
0.704,3.987
1.364,3.84
1.553,0.076
-0.148,-0.21
-0.133,-0.149
-0.688,0.003
-0.611,-0.186
-0.977,-0.253
-1.507,-0.07
-1.614,-0.295
-2.355,-0.156
-3.013,0.049
2.561,0.06
2.433,-0.042
1.51,0.019
1.333,-0.202
0.645,4.465
0.153,4.281
-0.119,4.505
-0.835,4.228
-1.607,4.439
-2.028,4.468
-1.918,4.224
-2.904,4.309
2.105,4.461
1.756,4.409
1.771,4.199
-1.019,0.649
2.864,1.368
0.391,1.124
-2.07,3.405
2.942,2.086
2.777,2.728
1.971,2.848
0.715,3.06
-0.594,2.996
3.007,1.627
2.646,1.627
1.001,4.151
1.661,4.004
1.85,0.24
0.015,0.061
-0.54,0.213
-0.463,0.024
-0.829,-0.043
-1.359,0.14
-1.466,-0.085
-2.207,0.054
-2.865,0.259
2.709,0.27
2.581,0.168
1.658,0.229
1.481,0.008
0.793,4.675
0.301,4.491
0.029,4.715
-0.687,4.438
-1.459,4.649
-1.88,4.678
-1.77,4.434
-2.756,4.519
2.253,4.671
1.904,4.619
1.919,4.409
-0.871,0.859
3.012,1.578
0.539,1.334
-1.922,3.615
3.09,2.296
2.925,2.938
2.119,3.058
0.863,3.27
-0.446,3.206
-3.128,1.837
2.794,1.837
1.149,4.361
1.809,4.214
1.998,0.45
-0.555,0.152
-0.478,-0.037
-0.844,-0.104
-1.374,0.079
-1.481,-0.146
-2.222,-0.007
-2.88,0.198
2.694,0.209
2.566,0.107
1.643,0.168
1.466,-0.053
0.778,4.614
0.286,4.43
0.014,4.654
-0.702,4.377
-1.474,4.588
-1.895,4.617
-1.785,4.373
-2.771,4.458
2.238,4.61
1.889,4.558
1.904,4.348
-0.886,0.798
2.997,1.517
0.524,1.273
-1.937,3.554
3.075,2.235
2.91,2.877
2.104,2.997
0.848,3.209
-0.461,3.145
3.14,1.776
2.779,1.776
1.134,4.3
1.794,4.153
1.983,0.389
0.077,-0.189
-0.289,-0.256
-0.819,-0.073
-0.926,-0.298
-1.667,-0.159
-2.325,0.046
-3.034,0.057
3.121,-0.045
2.198,0.016
2.021,-0.205
1.333,4.462
0.841,4.278
0.569,4.502
-0.147,4.225
-0.919,4.436
-1.34,4.465
-1.23,4.221
-2.216,4.306
2.793,4.458
2.444,4.406
2.459,4.196
-0.331,0.646
-2.731,1.365
1.079,1.121
-1.382,3.402
-2.653,2.083
-2.818,2.725
2.659,2.845
1.403,3.057
0.094,2.993
-2.588,1.624
-2.949,1.624
1.689,4.148
2.349,4.001
2.538,0.237
-0.366,-0.067
-0.896,0.116
-1.003,-0.109
-1.744,0.03
-2.402,0.235
-3.111,0.246
3.044,0.144
2.121,0.205
1.944,-0.016
1.256,4.651
0.764,4.467
0.492,4.691
-0.224,4.414
-0.996,4.625
-1.417,4.654
-1.307,4.41
-2.293,4.495
2.716,4.647
2.367,4.595
2.382,4.385
-0.408,0.835
-2.808,1.554
1.002,1.31
-1.459,3.591
-2.73,2.272
-2.895,2.914
2.582,3.034
1.326,3.246
0.017,3.182
-2.665,1.813
-3.026,1.813
1.612,4.337
2.272,4.19
2.461,0.426
-0.53,0.183
-0.637,-0.042
-1.378,0.097
-2.036,0.302
-2.745,0.313
-2.873,0.211
2.487,0.272
2.31,0.051
1.622,4.718
1.13,4.534
0.858,4.758
0.142,4.481
-0.63,4.692
-1.051,4.721
-0.941,4.477
-1.927,4.562
3.082,4.714
2.733,4.662
2.748,4.452
-0.042,0.902
-2.442,1.621
1.368,1.377
-1.093,3.658
-2.364,2.339
-2.529,2.981
2.948,3.101
1.692,3.313
0.383,3.249
-2.299,1.88
-2.66,1.88
1.978,4.404
2.638,4.257
2.827,0.493
-0.107,-0.225
-0.848,-0.086
-1.506,0.119
-2.215,0.13
-2.343,0.028
3.017,0.089
2.84,-0.132
2.152,4.535
1.66,4.351
1.388,4.575
0.672,4.298
-0.1,4.509
-0.521,4.538
-0.411,4.294
-1.397,4.379
-2.671,4.531
-3.02,4.479
-3.005,4.269
0.488,0.719
-1.912,1.438
1.898,1.194
-0.563,3.475
-1.834,2.156
-1.999,2.798
-2.805,2.918
2.222,3.13
0.913,3.066
-1.769,1.697
-2.13,1.697
2.508,4.221
-3.115,4.074
-2.926,0.31
-0.741,0.139
-1.399,0.344
-2.108,0.355
-2.236,0.253
3.124,0.314
2.947,0.093
2.259,4.76
1.767,4.576
1.495,4.8
0.779,4.523
0.007,4.734
-0.414,4.763
-0.304,4.519
-1.29,4.604
-2.564,4.756
-2.913,4.704
-2.898,4.494
0.595,0.944
-1.805,1.663
2.005,1.419
-0.456,3.7
-1.727,2.381
-1.892,3.023
-2.698,3.143
2.329,3.355
1.02,3.291
-1.662,1.922
-2.023,1.922
2.615,4.446
-3.008,4.299
-2.819,0.535
-0.658,0.205
-1.367,0.216
-1.495,0.114
-2.418,0.175
-2.595,-0.046
3.0,4.621
2.508,4.437
2.236,4.661
1.52,4.384
0.748,4.595
0.327,4.624
0.437,4.38
-0.549,4.465
-1.823,4.617
-2.172,4.565
-2.157,4.355
1.336,0.805
-1.064,1.524
2.746,1.28
0.285,3.561
-0.986,2.242
-1.151,2.884
-1.957,3.004
3.07,3.216
1.761,3.152
-0.921,1.783
-1.282,1.783
-2.927,4.307
-2.267,4.16
-2.078,0.396
-0.709,0.011
-0.837,-0.091
-1.76,-0.03
-1.937,-0.251
-2.625,4.416
-3.117,4.232
2.894,4.456
2.178,4.179
1.406,4.39
0.985,4.419
1.095,4.175
0.109,4.26
-1.165,4.412
-1.514,4.36
-1.499,4.15
1.994,0.6
-0.406,1.319
-2.879,1.075
0.943,3.356
-0.328,2.037
-0.493,2.679
-1.299,2.799
-2.555,3.011
2.419,2.947
-0.263,1.578
-0.624,1.578
-2.269,4.102
-1.609,3.955
-1.42,0.191
-0.128,-0.102
-1.051,-0.041
-1.228,-0.262
-1.916,4.405
-2.408,4.221
-2.68,4.445
2.887,4.168
2.115,4.379
1.694,4.408
1.804,4.164
0.818,4.249
-0.456,4.401
-0.805,4.349
-0.79,4.139
2.703,0.589
0.303,1.308
-2.17,1.064
1.652,3.345
0.381,2.026
0.216,2.668
-0.59,2.788
-1.846,3.0
3.128,2.936
0.446,1.567
0.085,1.567
-1.56,4.091
-0.9,3.944
-0.711,0.18
-0.923,0.061
-1.1,-0.16
-1.788,4.507
-2.28,4.323
-2.552,4.547
3.015,4.27
2.243,4.481
1.822,4.51
1.932,4.266
0.946,4.351
-0.328,4.503
-0.677,4.451
-0.662,4.241
2.831,0.691
0.431,1.41
-2.042,1.166
1.78,3.447
0.509,2.128
0.344,2.77
-0.462,2.89
-1.718,3.102
-3.027,3.038
0.574,1.669
0.213,1.669
-1.432,4.193
-0.772,4.046
-0.583,0.282
-0.177,-0.221
-0.865,4.446
-1.357,4.262
-1.629,4.486
-2.345,4.209
-3.117,4.42
2.745,4.449
2.855,4.205
1.869,4.29
0.595,4.442
0.246,4.39
0.261,4.18
-2.529,0.63
1.354,1.349
-1.119,1.105
2.703,3.386
1.432,2.067
1.267,2.709
0.461,2.829
-0.795,3.041
-2.104,2.977
1.497,1.608
1.136,1.608
-0.509,4.132
0.151,3.985
0.34,0.221
-0.688,4.667
-1.18,4.483
-1.452,4.707
-2.168,4.43
-2.94,4.641
2.922,4.67
3.032,4.426
2.046,4.511
0.772,4.663
0.423,4.611
0.438,4.401
-2.352,0.851
1.531,1.57
-0.942,1.326
2.88,3.607
1.609,2.288
1.444,2.93
0.638,3.05
-0.618,3.262
-1.927,3.198
1.674,1.829
1.313,1.829
-0.332,4.353
0.328,4.206
0.517,0.442
-0.492,-0.184
-0.764,0.04
-1.48,-0.237
-2.252,-0.026
-2.673,0.003
-2.563,-0.241
2.734,-0.156
1.46,-0.004
1.111,-0.056
1.126,-0.266
-1.664,-3.816
2.219,-3.097
-0.254,-3.341
-2.715,-1.06
2.297,-2.379
2.132,-1.737
1.326,-1.617
0.07,-1.405
-1.239,-1.469
2.362,-2.838
2.001,-2.838
0.356,-0.314
1.016,-0.461
1.205,-4.225
-0.272,0.224
-0.988,-0.053
-1.76,0.158
-2.181,0.187
-2.071,-0.057
-3.057,0.028
1.952,0.18
1.603,0.128
1.618,-0.082
-1.172,-3.632
2.711,-2.913
0.238,-3.157
-2.223,-0.876
2.789,-2.195
2.624,-1.553
1.818,-1.433
0.562,-1.221
-0.747,-1.285
2.854,-2.654
2.493,-2.654
0.848,-0.13
1.508,-0.277
1.697,-4.041
-0.716,-0.277
-1.488,-0.066
-1.909,-0.037
-1.799,-0.281
-2.785,-0.196
2.224,-0.044
1.875,-0.096
1.89,-0.306
-0.9,-3.856
2.983,-3.137
0.51,-3.381
-1.951,-1.1
3.061,-2.419
2.896,-1.777
2.09,-1.657
0.834,-1.445
-0.475,-1.509
3.126,-2.878
2.765,-2.878
1.12,-0.354
1.78,-0.501
1.969,-4.265
-0.772,0.211
-1.193,0.24
-1.083,-0.004
-2.069,0.081
2.94,0.233
2.591,0.181
2.606,-0.029
-0.184,-3.579
-2.584,-2.86
1.226,-3.104
-1.235,-0.823
-2.506,-2.142
-2.671,-1.5
2.806,-1.38
1.55,-1.168
0.241,-1.232
-2.441,-2.601
-2.802,-2.601
1.836,-0.077
2.496,-0.224
2.685,-3.988
-0.421,0.029
-0.311,-0.215
-1.297,-0.13
-2.571,0.022
-2.92,-0.03
-2.905,-0.24
0.588,-3.79
-1.812,-3.071
1.998,-3.315
-0.463,-1.034
-1.734,-2.353
-1.899,-1.711
-2.705,-1.591
2.322,-1.379
1.013,-1.443
-1.669,-2.812
-2.03,-2.812
2.608,-0.288
-3.015,-0.435
-2.826,-4.199
0.11,-0.244
-0.876,-0.159
-2.15,-0.007
-2.499,-0.059
-2.484,-0.269
1.009,-3.819
-1.391,-3.1
2.419,-3.344
-0.042,-1.063
-1.313,-2.382
-1.478,-1.74
-2.284,-1.62
2.743,-1.408
1.434,-1.472
-1.248,-2.841
-1.609,-2.841
3.029,-0.317
-2.594,-0.464
-2.405,-4.228
-0.986,0.085
-2.26,0.237
-2.609,0.185
-2.594,-0.025
0.899,-3.575
-1.501,-2.856
2.309,-3.1
-0.152,-0.819
-1.423,-2.138
-1.588,-1.496
-2.394,-1.376
2.633,-1.164
1.324,-1.228
-1.358,-2.597
-1.719,-2.597
2.919,-0.073
-2.704,-0.22
-2.515,-3.984
-1.274,0.152
-1.623,0.1
-1.608,-0.11
1.885,-3.66
-0.515,-2.941
-2.988,-3.185
0.834,-0.904
-0.437,-2.223
-0.602,-1.581
-1.408,-1.461
-2.664,-1.249
2.31,-1.313
-0.372,-2.682
-0.733,-2.682
-2.378,-0.158
-1.718,-0.305
-1.529,-4.069
-0.349,-0.052
-0.334,-0.262
-3.124,-3.812
0.759,-3.093
-1.714,-3.337
2.108,-1.056
0.837,-2.375
0.672,-1.733
-0.134,-1.613
-1.39,-1.401
-2.699,-1.465
0.902,-2.834
0.541,-2.834
-1.104,-0.31
-0.444,-0.457
-0.255,-4.221
0.015,-0.21
-2.775,-3.76
1.108,-3.041
-1.365,-3.285
2.457,-1.004
1.186,-2.323
1.021,-1.681
0.215,-1.561
-1.041,-1.349
-2.35,-1.413
1.251,-2.782
0.89,-2.782
-0.755,-0.258
-0.095,-0.405
0.094,-4.169
-2.79,-3.55
1.093,-2.831
-1.38,-3.075
2.442,-0.794
1.171,-2.113
1.006,-1.471
0.2,-1.351
-1.056,-1.139
-2.365,-1.203
1.236,-2.572
0.875,-2.572
-0.77,-0.048
-0.11,-0.195
0.079,-3.959
-2.4,0.719
1.41,0.475
-1.051,2.756
-2.322,1.437
-2.487,2.079
2.99,2.199
1.734,2.411
0.425,2.347
-2.257,0.978
-2.618,0.978
2.02,3.502
2.68,3.355
2.869,-0.409
-2.473,-0.244
1.349,2.037
0.078,0.718
-0.087,1.36
-0.893,1.48
-2.149,1.692
2.825,1.628
0.143,0.259
-0.218,0.259
-1.863,2.783
-1.203,2.636
-1.014,-1.128
-2.461,2.281
2.551,0.962
2.386,1.604
1.58,1.724
0.324,1.936
-0.985,1.872
2.616,0.503
2.255,0.503
0.61,3.027
1.27,2.88
1.459,-0.884
-1.271,-1.319
-1.436,-0.677
-2.242,-0.557
2.785,-0.345
1.476,-0.409
-1.206,-1.778
-1.567,-1.778
3.071,0.746
-2.552,0.599
-2.363,-3.165
-0.165,0.642
-0.971,0.762
-2.227,0.974
2.747,0.91
0.065,-0.459
-0.296,-0.459
-1.941,2.065
-1.281,1.918
-1.092,-1.846
-0.806,0.12
-2.062,0.332
2.912,0.268
0.23,-1.101
-0.131,-1.101
-1.776,1.423
-1.116,1.276
-0.927,-2.488
-1.256,0.212
-2.565,0.148
1.036,-1.221
0.675,-1.221
-0.97,1.303
-0.31,1.156
-0.121,-2.608
-1.309,-0.064
2.292,-1.433
1.931,-1.433
0.286,1.091
0.946,0.944
1.135,-2.82
-2.682,-1.369
-3.043,-1.369
1.595,1.155
2.255,1.008
2.444,-2.756
-0.361,0.0
-2.006,2.524
-1.346,2.377
-1.157,-1.387
-1.645,2.524
-0.985,2.377
-0.796,-1.387
0.66,-0.147
0.849,-3.911
0.189,-3.764
